23.0856
-0.68606
-0.67668
-0.67668
-0.67668
-0.67668
-0.68243
-0.68243
-0.66902
-0.68431
-0.66149
-0.75398
-0.75241
-0.75241
-0.53304
-0.65063
-0.63956
-0.6107
-0.81532
0
0
0
0
0
0
0
0
0
0
-10.8051
-0.68606
10.7567
-0.59772
-0.59772
-0.59772
-0.59772
-0.5871
-0.5871
-0.5692
-0.58871
-0.58939
-0.64721
-0.64002
-0.64002
-0.49146
-0.55437
-0.55537
-0.5216
0
0
-0.7082
0
0
0
0
0
0
0
0
0
-0.67668
-0.59772
10.6591
-0.56228
-0.56228
-0.56228
-0.58813
-0.58813
-0.57557
-0.59298
-0.59477
-0.65203
-0.6429
-0.6429
-0.49218
-0.55754
-0.55892
-0.52388
-0.6879
0
0
0
0
0
0
0
0
0
0
0
-0.67668
-0.59772
-0.56228
10.6591
-0.56228
-0.56228
-0.58813
-0.58813
-0.57557
-0.59298
-0.59477
-0.65203
-0.6429
-0.6429
-0.49218
-0.55754
-0.55892
-0.52388
-0.6879
0
0
0
0
0
0
0
0
0
0
0
-0.67668
-0.59772
-0.56228
-0.56228
10.6591
-0.56228
-0.58813
-0.58813
-0.57557
-0.59298
-0.59477
-0.65203
-0.6429
-0.6429
-0.49218
-0.55754
-0.55892
-0.52388
-0.6879
0
0
0
0
0
0
0
0
0
0
0
-0.67668
-0.59772
-0.56228
-0.56228
-0.56228
10.6591
-0.58813
-0.58813
-0.57557
-0.59298
-0.59477
-0.65203
-0.6429
-0.6429
-0.49218
-0.55754
-0.55892
-0.52388
-0.6879
0
0
0
0
0
0
0
0
0
0
0
-0.68243
-0.5871
-0.58813
-0.58813
-0.58813
-0.58813
9.5235
-0.57204
-0.57319
-0.59237
-0.59854
-0.65167
-0.63889
-0.63889
0
-0.5593
-0.55508
-0.52147
0
0
0
0
0
0
0
0
0
0
0
0
-0.68243
-0.5871
-0.58813
-0.58813
-0.58813
-0.58813
-0.57204
9.5235
-0.57319
-0.59237
-0.59854
-0.65167
-0.63889
-0.63889
0
-0.5593
-0.55508
-0.52147
0
0
0
0
0
0
0
0
0
0
0
0
-0.66902
-0.5692
-0.57557
-0.57557
-0.57557
-0.57557
-0.57319
-0.57319
8.9303
-0.5727
-0.57882
-0.6286
-0.6202
-0.6202
0
-0.55329
0
0
0
0
-0.66962
0
0
0
0
0
0
0
0
0
-0.68431
-0.58871
-0.59298
-0.59298
-0.59298
-0.59298
-0.59237
-0.59237
-0.5727
15.8136
-0.5539
-0.63515
-0.64503
-0.64503
0
0
0
0
0
0
0
0
0
0
0
0
0
0
-7.9321
0
-0.66149
-0.58939
-0.59477
-0.59477
-0.59477
-0.59477
-0.59854
-0.59854
-0.57882
-0.5539
24.5465
0
0
0
0
0
0
0
0
0
0
0
0
-9.2934
0
0
0
-9.2934
0
0
-0.75398
-0.64721
-0.65203
-0.65203
-0.65203
-0.65203
-0.65167
-0.65167
-0.6286
-0.63515
0
11.8582
0
0
0
0
0
0
0
0
0
0
0
0
-5.2819
0
0
0
0
0
-0.75241
-0.64002
-0.6429
-0.6429
-0.6429
-0.6429
-0.63889
-0.63889
-0.6202
-0.64503
0
0
6.507
0
0
0
0
0
0
0
0
0
0
0
0
0
0
0
0
0
-0.75241
-0.64002
-0.6429
-0.6429
-0.6429
-0.6429
-0.63889
-0.63889
-0.6202
-0.64503
0
0
0
6.507
0
0
0
0
0
0
0
0
0
0
0
0
0
0
0
0
-0.53304
-0.49146
-0.49218
-0.49218
-0.49218
-0.49218
0
0
0
0
0
0
0
0
17.0808
0
0
0
0
-0.1045
0
-6.9916
0
0
0
-6.9916
0
0
0
0
-0.65063
-0.55437
-0.55754
-0.55754
-0.55754
-0.55754
-0.5593
-0.5593
-0.55329
0
0
0
0
0
0
5.107
0
0
0
0
0
0
0
0
0
0
0
0
0
0
-0.63956
-0.55537
-0.55892
-0.55892
-0.55892
-0.55892
-0.55508
-0.55508
0
0
0
0
0
0
0
0
6.7795
0
0
0
0
0
0
0
0
0
-2.2387
0
0
0
-0.6107
-0.5216
-0.52388
-0.52388
-0.52388
-0.52388
-0.52147
-0.52147
0
0
0
0
0
0
0
0
0
4.2708
0
0
0
0
0
0
0
0
0
0
0
0
-0.81532
0
-0.6879
-0.6879
-0.6879
-0.6879
0
0
0
0
0
0
0
0
0
0
0
0
3.5669
0
0
0
0
0
0
0
0
0
0
0
0
0
0
0
0
0
0
0
0
0
0
0
0
0
-0.1045
0
0
0
0
0.70282
-0.4066
0
-0.19172
0
0
0
0
0
0
0
0
-0.7082
0
0
0
0
0
0
-0.66962
0
0
0
0
0
0
0
0
0
0
-0.4066
1.7844
0
0
0
0
0
0
0
0
0
0
0
0
0
0
0
0
0
0
0
0
0
0
0
-6.9916
0
0
0
0
0
0
6.9916
0
0
0
0
0
0
0
0
0
0
0
0
0
0
0
0
0
0
0
0
0
0
0
0
0
0
0
-0.19172
0
0
0.19172
0
0
0
0
0
0
0
0
0
0
0
0
0
0
0
0
0
-9.2934
0
0
0
0
0
0
0
0
0
0
0
0
9.2934
0
0
0
0
0
0
0
0
0
0
0
0
0
0
0
0
0
-5.2819
0
0
0
0
0
0
0
0
0
0
0
0
5.2819
0
0
0
0
0
0
0
0
0
0
0
0
0
0
0
0
0
0
0
-6.9916
0
0
0
0
0
0
0
0
0
0
6.9916
0
0
0
0
0
0
0
0
0
0
0
0
0
0
0
0
0
0
0
0
-2.2387
0
0
0
0
0
0
0
0
0
2.2387
0
0
0
0
0
0
0
0
0
0
0
0
0
-9.2934
0
0
0
0
0
0
0
0
0
0
0
0
0
0
0
0
9.2934
0
0
0
0
0
0
0
0
0
0
0
-7.9321
0
0
0
0
0
0
0
0
0
0
0
0
0
0
0
0
0
0
7.9321
0
-10.8051
0
0
0
0
0
0
0
0
0
0
0
0
0
0
0
0
0
0
0
0
0
0
0
0
0
0
0
0
10.8051
