25.2982
-0.76377
-0.76463
-0.76246
-0.85216
-0.79701
-0.79701
-0.79701
-0.79701
-0.81783
-0.69596
-0.73742
-0.70686
-0.69596
-0.6851
-0.75758
-0.74413
-0.77302
-1.3789
-0.23268
0
0
0
0
0
0
-10.7417
0
0
0
-0.76377
14.2283
-0.73312
-0.72545
-0.81221
-0.7606
-0.7606
-0.7606
-0.7606
-0.781
-0.66511
-0.70677
-0.67757
-0.66511
-0.6548
-0.7223
-0.72122
-0.69737
-1.3171
0
-0.54306
0
0
0
0
0
0
0
0
0
-0.76463
-0.73312
14.4371
-0.72632
-0.8129
-0.76126
-0.76126
-0.76126
-0.76126
-0.78218
-0.66661
-0.70891
-0.67957
-0.66661
-0.65683
-0.72348
-0.71366
-0.69809
-1.3221
0
0
-0.73699
0
0
0
0
0
0
0
0
-0.76246
-0.72545
-0.72632
13.6069
-0.80519
-0.75553
-0.75553
-0.75553
-0.75553
-0.77502
-0.65929
-0.70299
-0.67599
-0.65929
-0.64891
-0.71499
-0.71313
-0.7154
-1.3003
0
0
0
0
0
0
0
0
0
0
0
-0.85216
-0.81221
-0.8129
-0.80519
23.1502
-0.85954
-0.85954
-0.85954
-0.85954
-0.88507
-0.74056
-0.79793
-0.76565
-0.74056
-0.72834
-0.81049
-0.8078
0
0
0
0
0
0
0
0
0
0
0
-10.1532
0
-0.79701
-0.7606
-0.76126
-0.75553
-0.85954
12.0882
-0.76386
-0.76386
-0.76386
-0.84719
-0.68362
-0.74748
-0.71869
-0.68362
-0.67503
-0.75154
-0.75549
0
0
0
0
0
0
0
0
0
0
0
0
0
-0.79701
-0.7606
-0.76126
-0.75553
-0.85954
-0.76386
12.0882
-0.76386
-0.76386
-0.84719
-0.68362
-0.74748
-0.71869
-0.68362
-0.67503
-0.75154
-0.75549
0
0
0
0
0
0
0
0
0
0
0
0
0
-0.79701
-0.7606
-0.76126
-0.75553
-0.85954
-0.76386
-0.76386
12.0882
-0.76386
-0.84719
-0.68362
-0.74748
-0.71869
-0.68362
-0.67503
-0.75154
-0.75549
0
0
0
0
0
0
0
0
0
0
0
0
0
-0.79701
-0.7606
-0.76126
-0.75553
-0.85954
-0.76386
-0.76386
-0.76386
12.0882
-0.84719
-0.68362
-0.74748
-0.71869
-0.68362
-0.67503
-0.75154
-0.75549
0
0
0
0
0
0
0
0
0
0
0
0
0
-0.81783
-0.781
-0.78218
-0.77502
-0.88507
-0.84719
-0.84719
-0.84719
-0.84719
21.6019
-0.69306
-0.74802
-0.71957
-0.69306
-0.68258
-0.76051
0
0
0
0
0
0
0
-9.8752
0
0
0
0
0
0
-0.69596
-0.66511
-0.66661
-0.65929
-0.74056
-0.68362
-0.68362
-0.68362
-0.68362
-0.69306
9.8715
-0.62661
-0.60504
-0.57316
-0.57556
-0.63599
0
0
0
0
0
0
0
0
0
0
0
0
0
0
-0.73742
-0.70677
-0.70891
-0.70299
-0.79793
-0.74748
-0.74748
-0.74748
-0.74748
-0.74802
-0.62661
19.325
-0.60917
-0.62661
-0.58735
0
0
0
0
0
0
0
0
0
-9.4833
0
0
0
0
0
-0.70686
-0.67757
-0.67957
-0.67599
-0.76565
-0.71869
-0.71869
-0.71869
-0.71869
-0.71957
-0.60504
-0.60917
10.1823
-0.60504
-0.56765
0
0
0
0
0
0
-0.69538
0
0
0
0
0
0
0
0
-0.69596
-0.66511
-0.66661
-0.65929
-0.74056
-0.68362
-0.68362
-0.68362
-0.68362
-0.69306
-0.57316
-0.62661
-0.60504
9.8715
-0.57556
-0.63599
0
0
0
0
0
0
0
0
0
0
0
0
0
0
-0.6851
-0.6548
-0.65683
-0.64891
-0.72834
-0.67503
-0.67503
-0.67503
-0.67503
-0.68258
-0.57556
-0.58735
-0.56765
-0.57556
9.0628
0
0
0
0
0
0
0
0
0
0
0
0
0
0
0
-0.75758
-0.7223
-0.72348
-0.71499
-0.81049
-0.75154
-0.75154
-0.75154
-0.75154
-0.76051
-0.63599
0
0
-0.63599
0
8.7675
0
0
0
0
0
0
0
0
0
0
0
0
0
0
-0.74413
-0.72122
-0.71366
-0.71313
-0.8078
-0.75549
-0.75549
-0.75549
-0.75549
0
0
0
0
0
0
0
7.2857
0
0
0
-0.56379
0
0
0
0
0
0
0
0
0
-0.77302
-0.69737
-0.69809
-0.7154
0
0
0
0
0
0
0
0
0
0
0
0
0
6.022
0
-0.39573
0
0
0
0
0
0
0
-2.7423
0
0
-1.3789
-1.3171
-1.3221
-1.3003
0
0
0
0
0
0
0
0
0
0
0
0
0
0
5.3184
0
0
0
0
0
0
0
0
0
0
0
-0.23268
0
0
0
0
0
0
0
0
0
0
0
0
0
0
0
0
-0.39573
0
0.73291
0
0
0
0
0
0
0
0
0
-0.1045
0
-0.54306
0
0
0
0
0
0
0
0
0
0
0
0
0
0
-0.56379
0
0
0
1.6774
0
0
0
0
-0.57059
0
0
0
0
0
0
-0.73699
0
0
0
0
0
0
0
0
0
-0.69538
0
0
0
0
0
0
0
0
2.4847
-1.0523
0
0
0
0
0
0
0
0
0
0
0
0
0
0
0
0
0
0
0
0
0
0
0
0
0
0
0
0
-1.0523
1.0523
0
0
0
0
0
0
0
0
0
0
0
0
0
0
0
0
-9.8752
0
0
0
0
0
0
0
0
0
0
0
0
0
9.8752
0
0
0
0
0
0
0
0
0
0
0
0
0
0
0
0
0
-9.4833
0
0
0
0
0
0
0
0
0
0
0
0
9.4833
0
0
0
0
0
0
0
0
0
0
0
0
0
0
0
0
0
0
0
0
0
0
0
0
0
-0.57059
0
0
0
0
0.57059
0
0
0
0
-10.7417
0
0
0
0
0
0
0
0
0
0
0
0
0
0
0
0
0
0
0
0
0
0
0
0
0
10.7417
0
0
0
0
0
0
0
0
0
0
0
0
0
0
0
0
0
0
0
0
-2.7423
0
0
0
0
0
0
0
0
0
2.7423
0
0
0
0
0
0
-10.1532
0
0
0
0
0
0
0
0
0
0
0
0
0
0
0
0
0
0
0
0
0
0
0
10.1532
0
0
0
0
0
0
0
0
0
0
0
0
0
0
0
0
0
0
0
0
-0.1045
0
0
0
0
0
0
0
0
0
0.1045
