15.9915
-0.76757
-0.75106
-0.75106
-0.75106
-0.65951
-0.68289
-0.76111
-0.68538
-0.71676
-0.70655
-0.71321
-0.75391
-0.95332
0
-0.865
0
0
0
0
0
-1.6898
0
0
-3.7833
0
0
0
0
0
-0.76757
11.4201
-0.75329
-0.75329
-0.75329
-0.70025
-0.68972
-0.75972
-0.68111
-0.71136
-0.72584
-0.70716
-0.7503
-0.9346
-0.90227
-0.83027
0
0
0
0
0
0
0
0
0
0
0
0
0
0
-0.75106
-0.75329
10.1641
-0.67437
-0.67437
-0.70063
-0.6769
-0.745
-0.65615
-0.68667
-0.71998
-0.68351
-0.73261
-0.90551
0
-0.80404
0
0
0
0
0
0
0
0
0
0
0
0
0
0
-0.75106
-0.75329
-0.67437
10.1641
-0.67437
-0.70063
-0.6769
-0.745
-0.65615
-0.68667
-0.71998
-0.68351
-0.73261
-0.90551
0
-0.80404
0
0
0
0
0
0
0
0
0
0
0
0
0
0
-0.75106
-0.75329
-0.67437
-0.67437
10.1641
-0.70063
-0.6769
-0.745
-0.65615
-0.68667
-0.71998
-0.68351
-0.73261
-0.90551
0
-0.80404
0
0
0
0
0
0
0
0
0
0
0
0
0
0
-0.65951
-0.70025
-0.70063
-0.70063
-0.70063
12.4324
-0.58518
-0.63431
-0.60075
-0.63763
0
-0.62958
0
-0.82112
0
0
0
0
0
0
0
-1.5268
0
0
-3.5355
0
0
0
0
0
-0.68289
-0.68972
-0.6769
-0.6769
-0.6769
-0.58518
10.059
-0.64223
-0.59347
-0.61072
-0.59821
-0.60726
0
0
0
0
-1.0861
0
0
0
0
0
-1.9325
0
0
0
0
0
0
0
-0.76111
-0.75972
-0.745
-0.745
-0.745
-0.63431
-0.64223
15.1848
-0.64787
-0.72162
0
-0.68709
0
0
0
0
0
0
0
0
0
0
0
0
0
-1.488
0
-6.6079
0
0
-0.68538
-0.68111
-0.65615
-0.65615
-0.65615
-0.60075
-0.59347
-0.64787
7.0099
-0.59605
-0.64145
-0.59532
0
0
0
0
0
0
0
0
0
0
0
0
0
0
0
0
0
0
-0.71676
-0.71136
-0.68667
-0.68667
-0.68667
-0.63763
-0.61072
-0.72162
-0.59605
7.3985
0
-0.6443
-0.70009
0
0
0
0
0
0
0
0
0
0
0
0
0
0
0
0
0
-0.70655
-0.72584
-0.71998
-0.71998
-0.71998
0
-0.59821
0
-0.64145
0
9.4177
0
-0.61537
0
0
0
0
-1.1184
-1.3884
0
-1.4636
0
0
0
0
0
0
0
0
0
-0.71321
-0.70716
-0.68351
-0.68351
-0.68351
-0.62958
-0.60726
-0.68709
-0.59532
-0.6443
0
6.6345
0
0
0
0
0
0
0
0
0
0
0
0
0
0
0
0
0
0
-0.75391
-0.7503
-0.73261
-0.73261
-0.73261
0
0
0
0
-0.70009
-0.61537
0
8.2564
0
0
0
-1.2282
0
0
0
0
0
0
-2.0107
0
0
0
0
0
0
-0.95332
-0.9346
-0.90551
-0.90551
-0.90551
-0.82112
0
0
0
0
0
0
0
5.4256
0
0
0
0
0
0
0
0
0
0
0
0
0
0
0
0
0
-0.90227
0
0
0
0
0
0
0
0
0
0
0
0
6.4076
0
-1.1789
-1.3348
0
-0.46344
-1.1542
0
0
0
0
-1.3739
0
0
0
0
-0.865
-0.83027
-0.80404
-0.80404
-0.80404
0
0
0
0
0
0
0
0
0
0
4.1074
0
0
0
0
0
0
0
0
0
0
0
0
0
0
0
0
0
0
0
0
-1.0861
0
0
0
0
0
-1.2282
0
-1.1789
0
8.5178
0
0
0
0
0
-1.3937
0
0
0
0
0
0
-3.6309
0
0
0
0
0
0
0
0
0
0
-1.1184
0
0
0
-1.3348
0
0
7.1116
-1.7526
0
0
0
0
0
0
0
-2.9057
0
0
0
0
0
0
0
0
0
0
0
0
0
-1.3884
0
0
0
0
0
0
-1.7526
5.2227
-1.0391
0
-1.0426
0
0
0
0
0
0
0
0
0
0
0
0
0
0
0
0
0
0
0
0
0
0
-0.46344
0
0
0
-1.0391
2.955
0
0
0
0
0
0
0
0
-1.4525
0
0
0
0
0
0
0
0
0
0
0
-1.4636
0
0
0
-1.1542
0
0
0
0
0
4.0997
0
0
-1.4819
0
0
0
0
0
0
-1.6898
0
0
0
0
-1.5268
0
0
0
0
0
0
0
0
0
0
0
0
-1.0426
0
0
4.2592
0
0
0
0
0
0
0
0
0
0
0
0
0
0
-1.9325
0
0
0
0
0
0
0
0
0
-1.3937
0
0
0
0
0
3.3262
0
0
0
0
0
0
0
0
0
0
0
0
0
0
0
0
0
0
0
-2.0107
0
0
0
0
0
0
0
-1.4819
0
0
3.4926
0
0
0
0
0
0
-3.7833
0
0
0
0
-3.5355
0
0
0
0
0
0
0
0
0
0
0
0
0
0
0
0
0
0
7.3187
0
0
0
0
0
0
0
0
0
0
0
0
-1.488
0
0
0
0
0
0
-1.3739
0
0
0
0
0
0
0
0
0
0
2.8619
0
0
0
0
0
0
0
0
0
0
0
0
0
0
0
0
0
0
0
0
0
-2.9057
0
0
0
0
0
0
0
0
2.9057
0
0
0
0
0
0
0
0
0
0
-6.6079
0
0
0
0
0
0
0
0
0
0
0
0
0
0
0
0
0
0
0
6.6079
0
0
0
0
0
0
0
0
0
0
0
0
0
0
0
0
0
0
0
0
0
-1.4525
0
0
0
0
0
0
0
0
1.4525
0
0
0
0
0
0
0
0
0
0
0
0
0
0
0
0
0
-3.6309
0
0
0
0
0
0
0
0
0
0
0
0
3.6309
