41.9017
-0.57883
-0.57257
-0.57257
-0.57257
-0.57257
-0.57257
-0.52381
-0.54105
-0.49506
-0.56207
-0.54594
-0.55018
-0.59609
-0.53797
-0.56761
-0.56761
0
0
0
0
-10.9909
0
0
0
0
0
-10.9909
0
-10.9909
-0.57883
16.6955
-0.58906
-0.58906
-0.58906
-0.58906
-0.58906
-0.53823
-0.59619
-0.5492
-0.577
-0.58053
-0.56532
-0.60463
-0.57611
-0.56742
-0.56742
-0.60477
-0.14934
0
0
0
0
0
0
-6.6952
0
0
0
0
-0.57257
-0.58906
9.6433
-0.56011
-0.56011
-0.56011
-0.56011
-0.52376
-0.58288
-0.56315
-0.56752
-0.57936
-0.55611
-0.59217
-0.57855
-0.55681
-0.55681
-0.58409
0
0
0
0
0
0
0
0
0
0
0
0
-0.57257
-0.58906
-0.56011
9.6433
-0.56011
-0.56011
-0.56011
-0.52376
-0.58288
-0.56315
-0.56752
-0.57936
-0.55611
-0.59217
-0.57855
-0.55681
-0.55681
-0.58409
0
0
0
0
0
0
0
0
0
0
0
0
-0.57257
-0.58906
-0.56011
-0.56011
9.6433
-0.56011
-0.56011
-0.52376
-0.58288
-0.56315
-0.56752
-0.57936
-0.55611
-0.59217
-0.57855
-0.55681
-0.55681
-0.58409
0
0
0
0
0
0
0
0
0
0
0
0
-0.57257
-0.58906
-0.56011
-0.56011
-0.56011
9.6433
-0.56011
-0.52376
-0.58288
-0.56315
-0.56752
-0.57936
-0.55611
-0.59217
-0.57855
-0.55681
-0.55681
-0.58409
0
0
0
0
0
0
0
0
0
0
0
0
-0.57257
-0.58906
-0.56011
-0.56011
-0.56011
-0.56011
9.6433
-0.52376
-0.58288
-0.56315
-0.56752
-0.57936
-0.55611
-0.59217
-0.57855
-0.55681
-0.55681
-0.58409
0
0
0
0
0
0
0
0
0
0
0
0
-0.52381
-0.53823
-0.52376
-0.52376
-0.52376
-0.52376
-0.52376
8.2827
-0.51236
-0.49972
-0.51344
-0.5199
-0.50261
-0.53274
-0.51739
-0.50186
-0.50186
0
0
0
0
0
0
0
0
0
0
0
0
0
-0.54105
-0.59619
-0.58288
-0.58288
-0.58288
-0.58288
-0.58288
-0.51236
11.9368
-0.51614
-0.55546
-0.55656
-0.54023
-0.57846
0
0
0
0
0
0
-0.14655
0
0
0
0
0
-4.4794
0
0
0
-0.49506
-0.5492
-0.56315
-0.56315
-0.56315
-0.56315
-0.56315
-0.49972
-0.51614
21.0702
-0.55271
-0.54571
-0.52522
0
0
0
0
0
0
0
0
0
0
0
-7.2854
0
0
0
-7.2854
0
-0.56207
-0.577
-0.56752
-0.56752
-0.56752
-0.56752
-0.56752
-0.51344
-0.55546
-0.55271
7.2353
-0.55107
-0.5211
-0.56484
0
0
0
0
0
0
0
0
0
0
0
0
0
0
0
0
-0.54594
-0.58053
-0.57936
-0.57936
-0.57936
-0.57936
-0.57936
-0.5199
-0.55656
-0.54571
-0.55107
9.6706
-0.51916
0
0
0
0
0
0
0
0
0
-2.9549
0
0
0
0
0
0
0
-0.55018
-0.56532
-0.55611
-0.55611
-0.55611
-0.55611
-0.55611
-0.50261
-0.54023
-0.52522
-0.5211
-0.51916
6.5044
0
0
0
0
0
0
0
0
0
0
0
0
0
0
0
0
0
-0.59609
-0.60463
-0.59217
-0.59217
-0.59217
-0.59217
-0.59217
-0.53274
-0.57846
0
-0.56484
0
0
5.8376
0
0
0
0
0
0
0
0
0
0
0
0
0
0
0
0
-0.53797
-0.57611
-0.57855
-0.57855
-0.57855
-0.57855
-0.57855
-0.51739
0
0
0
0
0
0
4.6287
0
0
0
0
0
0
0
0
-0.1045
0
0
0
0
0
0
-0.56761
-0.56742
-0.55681
-0.55681
-0.55681
-0.55681
-0.55681
-0.50186
0
0
0
0
0
0
0
4.421
0
0
0
0
0
0
0
0
0
0
0
0
0
0
-0.56761
-0.56742
-0.55681
-0.55681
-0.55681
-0.55681
-0.55681
-0.50186
0
0
0
0
0
0
0
0
4.421
0
0
0
0
0
0
0
0
0
0
0
0
0
0
-0.60477
-0.58409
-0.58409
-0.58409
-0.58409
-0.58409
0
0
0
0
0
0
0
0
0
0
3.5252
0
0
0
0
0
0
0
0
0
0
0
0
0
-0.14934
0
0
0
0
0
0
0
0
0
0
0
0
0
0
0
0
1.5214
-1.3721
0
0
0
0
0
0
0
0
0
0
0
0
0
0
0
0
0
0
0
0
0
0
0
0
0
0
0
0
-1.3721
2.7898
-1.4178
0
0
0
0
0
0
0
0
0
0
0
0
0
0
0
0
0
-0.14655
0
0
0
0
0
0
0
0
0
0
-1.4178
1.5643
0
0
0
0
0
0
0
0
0
-10.9909
0
0
0
0
0
0
0
0
0
0
0
0
0
0
0
0
0
0
0
0
10.9909
0
0
0
0
0
0
0
0
0
0
0
0
0
0
0
0
0
0
0
-2.9549
0
0
0
0
0
0
0
0
0
0
2.9549
0
0
0
0
0
0
0
0
0
0
0
0
0
0
0
0
0
0
0
0
0
-0.1045
0
0
0
0
0
0
0
0
0.1045
0
0
0
0
0
0
0
0
0
0
0
0
0
0
0
-7.2854
0
0
0
0
0
0
0
0
0
0
0
0
0
0
7.2854
0
0
0
0
0
0
-6.6952
0
0
0
0
0
0
0
0
0
0
0
0
0
0
0
0
0
0
0
0
0
0
0
6.6952
0
0
0
0
0
0
0
0
0
0
0
0
-4.4794
0
0
0
0
0
0
0
0
0
0
0
0
0
0
0
0
0
4.4794
0
0
0
-10.9909
0
0
0
0
0
0
0
0
0
0
0
0
0
0
0
0
0
0
0
0
0
0
0
0
0
0
10.9909
0
0
0
0
0
0
0
0
0
0
0
-7.2854
0
0
0
0
0
0
0
0
0
0
0
0
0
0
0
0
0
0
7.2854
0
-10.9909
0
0
0
0
0
0
0
0
0
0
0
0
0
0
0
0
0
0
0
0
0
0
0
0
0
0
0
0
10.9909
