10.0669
-0.60944
-0.58964
-0.63153
-0.60161
-0.52279
-0.50791
-0.55522
-0.52854
-0.53218
-0.55118
-0.69838
-0.55419
-0.97435
0
0
0
-0.57989
0
0
-1.6301
0
0
0
0
0
0
0
0
0
-0.60944
10.0669
-0.58964
-0.63153
-0.60161
-0.52279
-0.50791
-0.55522
-0.52854
-0.53218
-0.55118
-0.69838
-0.55419
-0.97435
0
0
0
-0.57989
0
0
-1.6301
0
0
0
0
0
0
0
0
0
-0.58964
-0.58964
7.8719
-0.61202
-0.54519
-0.47846
-0.46707
-0.50783
-0.49242
-0.49549
-0.50462
-0.63866
-0.50336
-0.90025
0
0
0
-0.54727
0
0
0
0
0
0
0
0
0
0
0
0
-0.63153
-0.63153
-0.61202
18.6246
-0.61833
-0.50729
-0.49325
-0.54041
-0.51389
-0.51224
-0.52994
-0.67722
-0.52674
0
0
0
0
0
0
-0.7001
0
0
0
0
0
-11.1301
0
0
0
0
-0.60161
-0.60161
-0.54519
-0.61833
7.9485
-0.48636
-0.46983
-0.5109
-0.48877
-0.49981
-0.51133
-0.64192
-0.51194
-0.87005
0
-0.59086
0
0
0
0
0
0
0
0
0
0
0
0
0
0
-0.52279
-0.52279
-0.47846
-0.50729
-0.48636
7.6585
-0.39757
-0.42008
-0.41031
-0.42455
-0.43104
-0.54369
-0.42451
0
0
0
0
0
0
0
0
-2.0891
0
0
0
0
0
0
0
0
-0.50791
-0.50791
-0.46707
-0.49325
-0.46983
-0.39757
6.0431
-0.42285
-0.39136
-0.4051
-0.41788
-0.52172
-0.41244
0
-0.62825
0
0
0
0
0
0
0
0
0
0
0
0
0
0
0
-0.55522
-0.55522
-0.50783
-0.54041
-0.5109
-0.42008
-0.42285
16.6161
-0.43407
-0.44685
-0.45599
-0.5807
-0.44965
0
0
0
0
0
0
0
0
0
0
0
0
0
0
0
0
-10.7364
-0.52854
-0.52854
-0.49242
-0.51389
-0.48877
-0.41031
-0.39136
-0.43407
5.7632
-0.42587
-0.43629
0
0
0
-0.63575
0
-0.4774
0
0
0
0
0
0
0
0
0
0
0
0
0
-0.53218
-0.53218
-0.49549
-0.51224
-0.49981
-0.42455
-0.4051
-0.44685
-0.42587
5.3136
-0.43754
0
0
0
0
0
0
0
0
-0.60179
0
0
0
0
0
0
0
0
0
0
-0.55118
-0.55118
-0.50462
-0.52994
-0.51133
-0.43104
-0.41788
-0.45599
-0.43629
-0.43754
4.827
0
0
0
0
0
0
0
0
0
0
0
0
0
0
0
0
0
0
0
-0.69838
-0.69838
-0.63866
-0.67722
-0.64192
-0.54369
-0.52172
-0.5807
0
0
0
14.2666
0
0
0
0
0
0
0
0
0
0
0
0
0
0
0
0
-9.2659
0
-0.55419
-0.55419
-0.50336
-0.52674
-0.51194
-0.42451
-0.41244
-0.44965
0
0
0
0
3.937
0
0
0
0
0
0
0
0
0
0
0
0
0
0
0
0
0
-0.97435
-0.97435
-0.90025
0
-0.87005
0
0
0
0
0
0
0
0
11.8854
0
0
0
0
0
0
0
0
-2.6559
0
0
0
-5.5104
0
0
0
0
0
0
0
0
0
-0.62825
0
-0.63575
0
0
0
0
0
4.2135
0
-0.60081
0
-0.18463
0
0
0
-2.164
0
0
0
0
0
0
0
0
0
0
0
-0.59086
0
0
0
0
0
0
0
0
0
0
7.0109
0
0
0
0
-1.491
-2.6594
0
-2.2697
0
0
0
0
0
0
0
0
0
0
0
0
0
0
-0.4774
0
0
0
0
0
-0.60081
0
2.719
0
0
-0.5435
0
0
0
0
-1.0973
0
0
0
0
0
-0.57989
-0.57989
-0.54727
0
0
0
0
0
0
0
0
0
0
0
0
0
0
1.814
-0.10701
0
0
0
0
0
0
0
0
0
0
0
0
0
0
0
0
0
0
0
0
0
0
0
0
0
-0.18463
0
0
-0.10701
0.73501
0
0
0
0
0
0
0
0
-0.44337
0
0
0
0
0
-0.7001
0
0
0
0
0
-0.60179
0
0
0
0
0
0
-0.5435
0
0
1.8454
0
0
0
0
0
0
0
0
0
0
-1.6301
-1.6301
0
0
0
0
0
0
0
0
0
0
0
0
0
-1.491
0
0
0
0
4.7511
0
0
0
0
0
0
0
0
0
0
0
0
0
0
-2.0891
0
0
0
0
0
0
0
0
0
-2.6594
0
0
0
0
0
4.7484
0
0
0
0
0
0
0
0
0
0
0
0
0
0
0
0
0
0
0
0
0
-2.6559
-2.164
0
0
0
0
0
0
0
4.82
0
0
0
0
0
0
0
0
0
0
0
0
0
0
0
0
0
0
0
0
0
0
-2.2697
0
0
0
0
0
0
0
2.2697
0
0
0
0
0
0
0
0
0
0
0
0
0
0
0
0
0
0
0
0
0
0
-1.0973
0
0
0
0
0
0
0
1.0973
0
0
0
0
0
0
0
0
-11.1301
0
0
0
0
0
0
0
0
0
0
0
0
0
0
0
0
0
0
0
0
0
11.1301
0
0
0
0
0
0
0
0
0
0
0
0
0
0
0
0
0
-5.5104
0
0
0
0
0
0
0
0
0
0
0
0
5.5104
0
0
0
0
0
0
0
0
0
0
0
0
0
0
0
0
0
0
0
0
0
-0.44337
0
0
0
0
0
0
0
0
0.44337
0
0
0
0
0
0
0
0
0
0
0
0
0
-9.2659
0
0
0
0
0
0
0
0
0
0
0
0
0
0
0
0
9.2659
0
0
0
0
0
0
0
0
-10.7364
0
0
0
0
0
0
0
0
0
0
0
0
0
0
0
0
0
0
0
0
0
10.7364
