28.0565
-1.1714
-1.1615
-1.0044
-0.99405
-1.0142
-0.99405
-0.99405
-1.0142
-0.99405
-0.87686
-0.97054
-0.97054
-0.97054
-0.97054
-0.97054
-1.0391
-0.98475
-0.98475
-1.0092
-1.0092
-1.0422
0
0
0
0
0
0
-6.9158
0
-1.1714
28.0565
-1.1615
-1.0044
-0.99405
-1.0142
-0.99405
-0.99405
-1.0142
-0.99405
-0.87686
-0.97054
-0.97054
-0.97054
-0.97054
-0.97054
-1.0391
-0.98475
-0.98475
-1.0092
-1.0092
-1.0422
0
0
0
0
-6.9158
0
0
0
-1.1615
-1.1615
21.278
-1.008
-0.97896
-1.005
-0.97896
-0.97896
-1.005
-0.97896
-0.86413
-0.95626
-0.95626
-0.95626
-0.95626
-0.95626
-1.0329
-0.9697
-0.9697
-0.99353
-0.99353
-1.0207
0
-0.39559
0
0
0
0
0
0
-1.0044
-1.0044
-1.008
17.1618
-0.84874
-0.85094
-0.84874
-0.84874
-0.85094
-0.84874
-0.71403
-0.78799
-0.78799
-0.78799
-0.78799
-0.78799
-0.84028
-0.79653
-0.79653
-0.81658
-0.81658
0
-0.32769
0
0
0
0
0
0
0
-0.99405
-0.99405
-0.97896
-0.84874
17.6209
-0.86162
-0.80531
-0.80531
-0.86162
-0.80531
-0.72047
-0.79551
-0.79551
-0.79551
-0.79551
-0.79551
-0.85974
-0.8047
-0.8047
-0.82427
-0.82427
-0.85025
0
0
0
0
0
0
0
0
-1.0142
-1.0142
-1.005
-0.85094
-0.86162
23.4892
-0.86162
-0.86162
-0.85836
-0.86162
-0.72441
-0.79947
-0.79947
-0.79947
-0.79947
-0.79947
-0.84505
-0.80857
-0.80857
-0.8292
-0.8292
0
0
0
0
0
0
-6.4576
0
0
-0.99405
-0.99405
-0.97896
-0.84874
-0.80531
-0.86162
17.6209
-0.80531
-0.86162
-0.80531
-0.72047
-0.79551
-0.79551
-0.79551
-0.79551
-0.79551
-0.85974
-0.8047
-0.8047
-0.82427
-0.82427
-0.85025
0
0
0
0
0
0
0
0
-0.99405
-0.99405
-0.97896
-0.84874
-0.80531
-0.86162
-0.80531
17.6209
-0.86162
-0.80531
-0.72047
-0.79551
-0.79551
-0.79551
-0.79551
-0.79551
-0.85974
-0.8047
-0.8047
-0.82427
-0.82427
-0.85025
0
0
0
0
0
0
0
0
-1.0142
-1.0142
-1.005
-0.85094
-0.86162
-0.85836
-0.86162
-0.86162
23.4892
-0.86162
-0.72441
-0.79947
-0.79947
-0.79947
-0.79947
-0.79947
-0.84505
-0.80857
-0.80857
-0.8292
-0.8292
0
0
0
0
-6.4576
0
0
0
0
-0.99405
-0.99405
-0.97896
-0.84874
-0.80531
-0.86162
-0.80531
-0.80531
-0.86162
17.6209
-0.72047
-0.79551
-0.79551
-0.79551
-0.79551
-0.79551
-0.85974
-0.8047
-0.8047
-0.82427
-0.82427
-0.85025
0
0
0
0
0
0
0
0
-0.87686
-0.87686
-0.86413
-0.71403
-0.72047
-0.72441
-0.72047
-0.72047
-0.72441
-0.72047
14.8027
-0.70302
-0.70302
-0.70302
-0.70302
-0.70302
-0.75337
-0.70874
-0.70874
-0.72709
-0.72709
0
0
0
0
0
0
0
0
0
-0.97054
-0.97054
-0.95626
-0.78799
-0.79551
-0.79947
-0.79551
-0.79551
-0.79947
-0.79551
-0.70302
14.7635
-0.76627
-0.76627
-0.76627
-0.76627
-0.88791
-0.82058
-0.82058
0
0
0
0
0
0
0
0
0
0
0
-0.97054
-0.97054
-0.95626
-0.78799
-0.79551
-0.79947
-0.79551
-0.79551
-0.79947
-0.79551
-0.70302
-0.76627
14.7635
-0.76627
-0.76627
-0.76627
-0.88791
-0.82058
-0.82058
0
0
0
0
0
0
0
0
0
0
0
-0.97054
-0.97054
-0.95626
-0.78799
-0.79551
-0.79947
-0.79551
-0.79551
-0.79947
-0.79551
-0.70302
-0.76627
-0.76627
14.7635
-0.76627
-0.76627
-0.88791
-0.82058
-0.82058
0
0
0
0
0
0
0
0
0
0
0
-0.97054
-0.97054
-0.95626
-0.78799
-0.79551
-0.79947
-0.79551
-0.79551
-0.79947
-0.79551
-0.70302
-0.76627
-0.76627
-0.76627
14.7635
-0.76627
-0.88791
-0.82058
-0.82058
0
0
0
0
0
0
0
0
0
0
0
-0.97054
-0.97054
-0.95626
-0.78799
-0.79551
-0.79947
-0.79551
-0.79551
-0.79947
-0.79551
-0.70302
-0.76627
-0.76627
-0.76627
-0.76627
14.7635
-0.88791
-0.82058
-0.82058
0
0
0
0
0
0
0
0
0
0
0
-1.0391
-1.0391
-1.0329
-0.84028
-0.85974
-0.84505
-0.85974
-0.85974
-0.84505
-0.85974
-0.75337
-0.88791
-0.88791
-0.88791
-0.88791
-0.88791
19.3445
0
0
0
0
0
0
0
0
0
0
0
0
-5.071
-0.98475
-0.98475
-0.9697
-0.79653
-0.8047
-0.80857
-0.8047
-0.8047
-0.80857
-0.8047
-0.70874
-0.82058
-0.82058
-0.82058
-0.82058
-0.82058
0
13.3833
0
0
0
0
0
0
0
0
0
0
0
0
-0.98475
-0.98475
-0.9697
-0.79653
-0.8047
-0.80857
-0.8047
-0.8047
-0.80857
-0.8047
-0.70874
-0.82058
-0.82058
-0.82058
-0.82058
-0.82058
0
0
13.3833
0
0
0
0
0
0
0
0
0
0
0
-1.0092
-1.0092
-0.99353
-0.81658
-0.82427
-0.8292
-0.82427
-0.82427
-0.8292
-0.82427
-0.72709
0
0
0
0
0
0
0
0
9.5112
0
0
0
0
0
0
0
0
0
0
-1.0092
-1.0092
-0.99353
-0.81658
-0.82427
-0.8292
-0.82427
-0.82427
-0.8292
-0.82427
-0.72709
0
0
0
0
0
0
0
0
0
9.5112
0
0
0
0
0
0
0
0
0
-1.0422
-1.0422
-1.0207
0
-0.85025
0
-0.85025
-0.85025
0
-0.85025
0
0
0
0
0
0
0
0
0
0
0
6.5061
0
0
0
0
0
0
0
0
0
0
0
-0.32769
0
0
0
0
0
0
0
0
0
0
0
0
0
0
0
0
0
0
2.1258
0
-1.7981
0
0
0
0
0
0
0
-0.39559
0
0
0
0
0
0
0
0
0
0
0
0
0
0
0
0
0
0
0
0
2.1897
-1.7941
0
0
0
0
0
0
0
0
0
0
0
0
0
0
0
0
0
0
0
0
0
0
0
0
0
0
0
-1.7981
-1.7941
3.5922
0
0
0
0
0
0
0
0
0
0
0
0
0
-6.4576
0
0
0
0
0
0
0
0
0
0
0
0
0
0
0
0
6.4576
0
0
0
0
0
-6.9158
0
0
0
0
0
0
0
0
0
0
0
0
0
0
0
0
0
0
0
0
0
0
0
0
6.9158
0
0
0
0
0
0
0
0
-6.4576
0
0
0
0
0
0
0
0
0
0
0
0
0
0
0
0
0
0
0
0
0
6.4576
0
0
-6.9158
0
0
0
0
0
0
0
0
0
0
0
0
0
0
0
0
0
0
0
0
0
0
0
0
0
0
0
6.9158
0
0
0
0
0
0
0
0
0
0
0
0
0
0
0
0
0
-5.071
0
0
0
0
0
0
0
0
0
0
0
0
5.071
