26.1243
-0.86026
-0.86026
-0.86026
-0.86026
-0.86026
-0.82569
-0.79574
-0.8297
-0.82569
-0.76912
-0.76912
-0.79776
-0.76912
-0.72924
-0.72924
-0.72924
-0.8227
-0.71057
-0.71057
0
0
-11.0095
0
0
0
0
0
0
0
-0.86026
14.2434
-0.79093
-0.79093
-0.79093
-0.79093
-0.77662
-0.75302
-0.78925
-0.77662
-0.72355
-0.72355
-0.75136
-0.72355
-0.68798
-0.68798
-0.68798
-0.77525
-0.68137
-0.68137
0
0
0
0
0
0
0
0
0
0
-0.86026
-0.79093
14.2434
-0.79093
-0.79093
-0.79093
-0.77662
-0.75302
-0.78925
-0.77662
-0.72355
-0.72355
-0.75136
-0.72355
-0.68798
-0.68798
-0.68798
-0.77525
-0.68137
-0.68137
0
0
0
0
0
0
0
0
0
0
-0.86026
-0.79093
-0.79093
14.2434
-0.79093
-0.79093
-0.77662
-0.75302
-0.78925
-0.77662
-0.72355
-0.72355
-0.75136
-0.72355
-0.68798
-0.68798
-0.68798
-0.77525
-0.68137
-0.68137
0
0
0
0
0
0
0
0
0
0
-0.86026
-0.79093
-0.79093
-0.79093
14.2434
-0.79093
-0.77662
-0.75302
-0.78925
-0.77662
-0.72355
-0.72355
-0.75136
-0.72355
-0.68798
-0.68798
-0.68798
-0.77525
-0.68137
-0.68137
0
0
0
0
0
0
0
0
0
0
-0.86026
-0.79093
-0.79093
-0.79093
-0.79093
14.2434
-0.77662
-0.75302
-0.78925
-0.77662
-0.72355
-0.72355
-0.75136
-0.72355
-0.68798
-0.68798
-0.68798
-0.77525
-0.68137
-0.68137
0
0
0
0
0
0
0
0
0
0
-0.82569
-0.77662
-0.77662
-0.77662
-0.77662
-0.77662
22.0951
-0.71203
-0.74382
-0.73913
-0.69167
-0.69167
-0.71774
-0.69167
-0.65665
-0.65665
-0.65665
-0.73842
0
0
0
0
0
0
0
0
-9.6902
0
0
0
-0.79574
-0.75302
-0.75302
-0.75302
-0.75302
-0.75302
-0.71203
12.2776
-0.72234
-0.71203
-0.67038
-0.67038
-0.69103
-0.67038
-0.63738
-0.63738
-0.63738
-0.71011
0
0
-0.2459
0
0
0
0
0
0
0
0
0
-0.8297
-0.78925
-0.78925
-0.78925
-0.78925
-0.78925
-0.74382
-0.72234
21.6624
-0.74382
-0.69686
-0.69686
-0.71577
-0.69686
-0.65115
-0.65115
-0.65115
0
0
0
-0.24866
0
0
0
0
-9.668
0
0
0
0
-0.82569
-0.77662
-0.77662
-0.77662
-0.77662
-0.77662
-0.73913
-0.71203
-0.74382
22.0951
-0.69167
-0.69167
-0.71774
-0.69167
-0.65665
-0.65665
-0.65665
-0.73842
0
0
0
0
0
0
0
0
0
-9.6902
0
0
-0.76912
-0.72355
-0.72355
-0.72355
-0.72355
-0.72355
-0.69167
-0.67038
-0.69686
-0.69167
11.6362
-0.64358
-0.67719
-0.64358
-0.61488
-0.61488
-0.61488
-0.68975
0
0
0
0
0
0
0
0
0
0
0
0
-0.76912
-0.72355
-0.72355
-0.72355
-0.72355
-0.72355
-0.69167
-0.67038
-0.69686
-0.69167
-0.64358
11.6362
-0.67719
-0.64358
-0.61488
-0.61488
-0.61488
-0.68975
0
0
0
0
0
0
0
0
0
0
0
0
-0.79776
-0.75136
-0.75136
-0.75136
-0.75136
-0.75136
-0.71774
-0.69103
-0.71577
-0.71774
-0.67719
-0.67719
20.3085
-0.67719
-0.6203
-0.6203
-0.6203
0
0
0
0
0
0
0
0
0
0
0
0
-9.0192
-0.76912
-0.72355
-0.72355
-0.72355
-0.72355
-0.72355
-0.69167
-0.67038
-0.69686
-0.69167
-0.64358
-0.64358
-0.67719
11.6362
-0.61488
-0.61488
-0.61488
-0.68975
0
0
0
0
0
0
0
0
0
0
0
0
-0.72924
-0.68798
-0.68798
-0.68798
-0.68798
-0.68798
-0.65665
-0.63738
-0.65115
-0.65665
-0.61488
-0.61488
-0.6203
-0.61488
10.3791
-0.57157
-0.57157
0
0
0
0
0
0
0
0
0
0
0
0
0
-0.72924
-0.68798
-0.68798
-0.68798
-0.68798
-0.68798
-0.65665
-0.63738
-0.65115
-0.65665
-0.61488
-0.61488
-0.6203
-0.61488
-0.57157
10.3791
-0.57157
0
0
0
0
0
0
0
0
0
0
0
0
0
-0.72924
-0.68798
-0.68798
-0.68798
-0.68798
-0.68798
-0.65665
-0.63738
-0.65115
-0.65665
-0.61488
-0.61488
-0.6203
-0.61488
-0.57157
-0.57157
10.3791
0
0
0
0
0
0
0
0
0
0
0
0
0
-0.8227
-0.77525
-0.77525
-0.77525
-0.77525
-0.77525
-0.73842
-0.71011
0
-0.73842
-0.68975
-0.68975
0
-0.68975
0
0
0
15.3272
0
0
0
0
0
0
0
0
0
0
-6.3721
0
-0.71057
-0.68137
-0.68137
-0.68137
-0.68137
-0.68137
0
0
0
0
0
0
0
0
0
0
0
0
4.2219
0
0
0
0
0
-0.1045
0
0
0
0
0
-0.71057
-0.68137
-0.68137
-0.68137
-0.68137
-0.68137
0
0
0
0
0
0
0
0
0
0
0
0
0
4.2219
0
-0.1045
0
0
0
0
0
0
0
0
0
0
0
0
0
0
0
-0.2459
-0.24866
0
0
0
0
0
0
0
0
0
0
0
0.61964
0
0
-0.12509
0
0
0
0
0
0
0
0
0
0
0
0
0
0
0
0
0
0
0
0
0
0
0
0
0
-0.1045
0
0.1045
0
0
0
0
0
0
0
0
-11.0095
0
0
0
0
0
0
0
0
0
0
0
0
0
0
0
0
0
0
0
0
0
11.0095
0
0
0
0
0
0
0
0
0
0
0
0
0
0
0
0
0
0
0
0
0
0
0
0
0
0
0
-0.12509
0
0
0.12509
0
0
0
0
0
0
0
0
0
0
0
0
0
0
0
0
0
0
0
0
0
0
0
0
-0.1045
0
0
0
0
0
0.1045
0
0
0
0
0
0
0
0
0
0
0
0
0
-9.668
0
0
0
0
0
0
0
0
0
0
0
0
0
0
0
0
9.668
0
0
0
0
0
0
0
0
0
0
-9.6902
0
0
0
0
0
0
0
0
0
0
0
0
0
0
0
0
0
0
0
9.6902
0
0
0
0
0
0
0
0
0
0
0
0
-9.6902
0
0
0
0
0
0
0
0
0
0
0
0
0
0
0
0
0
9.6902
0
0
0
0
0
0
0
0
0
0
0
0
0
0
0
0
0
0
0
-6.3721
0
0
0
0
0
0
0
0
0
0
6.3721
0
0
0
0
0
0
0
0
0
0
0
0
0
-9.0192
0
0
0
0
0
0
0
0
0
0
0
0
0
0
0
0
9.0192
