26.3344
-1.0038
-1.0038
-0.91729
-0.91729
-0.92962
-0.91729
-0.82461
-0.82461
-0.82461
-0.83755
-0.80153
-0.87115
-0.86598
-0.88003
-0.85569
-0.88126
-0.84369
-0.88546
-0.88546
-0.87488
-0.93163
-7.7571
0
0
0
0
0
0
0
-1.0038
26.3344
-1.0038
-0.91729
-0.91729
-0.92962
-0.91729
-0.82461
-0.82461
-0.82461
-0.83755
-0.80153
-0.87115
-0.86598
-0.88003
-0.85569
-0.88126
-0.84369
-0.88546
-0.88546
-0.87488
-0.93163
0
0
0
-7.7571
0
0
0
0
-1.0038
-1.0038
26.3344
-0.91729
-0.91729
-0.92962
-0.91729
-0.82461
-0.82461
-0.82461
-0.83755
-0.80153
-0.87115
-0.86598
-0.88003
-0.85569
-0.88126
-0.84369
-0.88546
-0.88546
-0.87488
-0.93163
0
0
0
0
0
0
-7.7571
0
-0.91729
-0.91729
-0.91729
17.0404
-0.83042
-0.86111
-0.83042
-0.75128
-0.75128
-0.75128
-0.77213
-0.7309
-0.80339
-0.78986
-0.81261
-0.77969
-0.80189
-0.78103
-0.80436
-0.80436
-0.79339
-0.83916
0
0
0
0
0
0
0
0
-0.91729
-0.91729
-0.91729
-0.83042
17.0404
-0.86111
-0.83042
-0.75128
-0.75128
-0.75128
-0.77213
-0.7309
-0.80339
-0.78986
-0.81261
-0.77969
-0.80189
-0.78103
-0.80436
-0.80436
-0.79339
-0.83916
0
0
0
0
0
0
0
0
-0.92962
-0.92962
-0.92962
-0.86111
-0.86111
23.5754
-0.86111
-0.76098
-0.76098
-0.76098
-0.77267
-0.73998
-0.80166
-0.79952
-0.80982
-0.78994
-0.81334
-0.77693
-0.8173
-0.8173
-0.80778
0
0
0
-7.174
0
0
0
0
0
-0.91729
-0.91729
-0.91729
-0.83042
-0.83042
-0.86111
17.0404
-0.75128
-0.75128
-0.75128
-0.77213
-0.7309
-0.80339
-0.78986
-0.81261
-0.77969
-0.80189
-0.78103
-0.80436
-0.80436
-0.79339
-0.83916
0
0
0
0
0
0
0
0
-0.82461
-0.82461
-0.82461
-0.75128
-0.75128
-0.76098
-0.75128
14.5336
-0.66296
-0.66296
-0.69416
-0.65136
-0.71134
-0.70363
-0.72026
-0.69404
-0.71339
-0.69303
-0.71554
-0.71554
-0.70672
0
0
0
0
0
0
0
0
0
-0.82461
-0.82461
-0.82461
-0.75128
-0.75128
-0.76098
-0.75128
-0.66296
14.5336
-0.66296
-0.69416
-0.65136
-0.71134
-0.70363
-0.72026
-0.69404
-0.71339
-0.69303
-0.71554
-0.71554
-0.70672
0
0
0
0
0
0
0
0
0
-0.82461
-0.82461
-0.82461
-0.75128
-0.75128
-0.76098
-0.75128
-0.66296
-0.66296
14.5336
-0.69416
-0.65136
-0.71134
-0.70363
-0.72026
-0.69404
-0.71339
-0.69303
-0.71554
-0.71554
-0.70672
0
0
0
0
0
0
0
0
0
-0.83755
-0.83755
-0.83755
-0.77213
-0.77213
-0.77267
-0.77213
-0.69416
-0.69416
-0.69416
20.496
-0.65619
-0.70236
-0.7079
-0.71106
-0.69836
-0.71836
-0.6833
-0.72189
-0.72189
0
0
0
0
0
0
-6.4905
0
0
0
-0.80153
-0.80153
-0.80153
-0.7309
-0.7309
-0.73998
-0.7309
-0.65136
-0.65136
-0.65136
-0.65619
13.4193
-0.68329
-0.68148
-0.6943
-0.67105
-0.68954
-0.66886
-0.69163
-0.69163
0
0
0
0
0
0
0
0
0
0
-0.87115
-0.87115
-0.87115
-0.80339
-0.80339
-0.80166
-0.80339
-0.71134
-0.71134
-0.71134
-0.70236
-0.68329
18.2818
-0.75044
-0.75832
-0.74015
-0.76411
-0.72961
0
0
0
0
0
-5.1942
0
0
0
0
0
0
-0.86598
-0.86598
-0.86598
-0.78986
-0.78986
-0.79952
-0.78986
-0.70363
-0.70363
-0.70363
-0.7079
-0.68148
-0.75044
12.9839
-0.75846
-0.72557
-0.75018
-0.7319
0
0
0
0
0
0
0
0
0
0
0
0
-0.88003
-0.88003
-0.88003
-0.81261
-0.81261
-0.80982
-0.81261
-0.72026
-0.72026
-0.72026
-0.71106
-0.6943
-0.75832
-0.75846
15.0392
-0.72857
0
0
0
0
0
0
0
0
0
0
0
-3.3399
0
0
-0.85569
-0.85569
-0.85569
-0.77969
-0.77969
-0.78994
-0.77969
-0.69404
-0.69404
-0.69404
-0.69836
-0.67105
-0.74015
-0.72557
-0.72857
12.0946
-0.75269
0
0
0
0
0
0
0
0
0
0
0
0
0
-0.88126
-0.88126
-0.88126
-0.80189
-0.80189
-0.81334
-0.80189
-0.71339
-0.71339
-0.71339
-0.71836
-0.68954
-0.76411
-0.75018
0
-0.75269
11.6779
0
0
0
0
0
0
0
0
0
0
0
0
0
-0.84369
-0.84369
-0.84369
-0.78103
-0.78103
-0.77693
-0.78103
-0.69303
-0.69303
-0.69303
-0.6833
-0.66886
-0.72961
-0.7319
0
0
0
12.8208
0
0
0
0
0
0
0
0
0
0
0
-2.277
-0.88546
-0.88546
-0.88546
-0.80436
-0.80436
-0.8173
-0.80436
-0.71554
-0.71554
-0.71554
-0.72189
-0.69163
0
0
0
0
0
0
9.4469
0
0
0
0
0
0
0
0
0
0
0
-0.88546
-0.88546
-0.88546
-0.80436
-0.80436
-0.8173
-0.80436
-0.71554
-0.71554
-0.71554
-0.72189
-0.69163
0
0
0
0
0
0
0
9.4469
0
0
0
0
0
0
0
0
0
0
-0.87488
-0.87488
-0.87488
-0.79339
-0.79339
-0.80778
-0.79339
-0.70672
-0.70672
-0.70672
0
0
0
0
0
0
0
0
0
0
7.9328
0
0
0
0
0
0
0
0
0
-0.93163
-0.93163
-0.93163
-0.83916
-0.83916
0
-0.83916
0
0
0
0
0
0
0
0
0
0
0
0
0
0
5.3124
0
0
0
0
0
0
0
0
-7.7571
0
0
0
0
0
0
0
0
0
0
0
0
0
0
0
0
0
0
0
0
0
7.7571
0
0
0
0
0
0
0
0
0
0
0
0
0
0
0
0
0
0
0
-5.1942
0
0
0
0
0
0
0
0
0
0
5.1942
0
0
0
0
0
0
0
0
0
0
0
-7.174
0
0
0
0
0
0
0
0
0
0
0
0
0
0
0
0
0
0
7.174
0
0
0
0
0
0
-7.7571
0
0
0
0
0
0
0
0
0
0
0
0
0
0
0
0
0
0
0
0
0
0
0
7.7571
0
0
0
0
0
0
0
0
0
0
0
0
0
0
-6.4905
0
0
0
0
0
0
0
0
0
0
0
0
0
0
0
6.4905
0
0
0
0
0
0
0
0
0
0
0
0
0
0
0
0
0
-3.3399
0
0
0
0
0
0
0
0
0
0
0
0
3.3399
0
0
0
0
-7.7571
0
0
0
0
0
0
0
0
0
0
0
0
0
0
0
0
0
0
0
0
0
0
0
0
0
7.7571
0
0
0
0
0
0
0
0
0
0
0
0
0
0
0
0
0
0
-2.277
0
0
0
0
0
0
0
0
0
0
0
2.277
