19.8813
-1.0863
-1.0753
-1.0633
-1.0554
-1.0753
-0.96959
-0.9457
-0.95947
-0.9457
-0.95068
-0.80805
-0.80805
-0.80805
-0.97499
-0.90724
-0.90724
-0.90724
-0.97777
0
-1.2508
-1.405
0
0
0
0
0
0
0
0
-1.0863
20.5665
-1.0751
-1.0547
-1.057
-1.0751
-0.96844
-0.94557
-0.94993
-0.94557
-0.95049
-0.80758
-0.80758
-0.80758
-0.97967
-0.90984
-0.90984
-0.90984
-0.9801
0
-1.2731
0
0
0
-2.0732
0
0
0
0
0
-1.0753
-1.0751
23.1597
-1.0526
-1.0501
-1.0484
-0.93313
-0.92407
-0.93783
-0.92407
-0.93371
-0.78803
-0.78803
-0.78803
-0.96151
-0.8885
-0.8885
-0.8885
-0.95775
0
0
0
0
0
0
0
0
0
-6.2566
0
-1.0633
-1.0547
-1.0526
18.2422
-1.0344
-1.0526
-0.9358
-0.91065
-0.90707
-0.91065
-0.91797
-0.77806
-0.77806
-0.77806
-0.95659
-0.87652
-0.87652
-0.87652
-0.94172
0
0
0
-1.5404
0
0
0
0
0
0
0
-1.0554
-1.057
-1.0501
-1.0344
17.9485
-1.0501
-0.93686
-0.91209
-0.92236
-0.91209
-0.92142
-0.77827
-0.77827
-0.77827
-0.94698
-0.87736
-0.87736
-0.87736
-0.9441
0
-1.2388
0
0
0
0
0
0
0
0
0
-1.0753
-1.0751
-1.0484
-1.0526
-1.0501
23.1597
-0.93313
-0.92407
-0.93783
-0.92407
-0.93371
-0.78803
-0.78803
-0.78803
-0.96151
-0.8885
-0.8885
-0.8885
-0.95775
0
0
0
0
0
0
0
0
0
0
-6.2566
-0.96959
-0.96844
-0.93313
-0.9358
-0.93686
-0.93313
20.1845
-0.84081
-0.84114
-0.84081
-0.83894
-0.68947
-0.68947
-0.68947
-0.83264
-0.77695
-0.77695
-0.77695
0
0
0
0
0
0
0
0
-5.9139
0
0
0
-0.9457
-0.94557
-0.92407
-0.91065
-0.91209
-0.92407
-0.84081
14.8983
-0.83122
-0.79157
-0.82956
-0.68625
-0.68625
-0.68625
-0.83083
-0.77316
-0.77316
-0.77316
-0.83389
0
0
0
0
0
0
0
0
0
0
0
-0.95947
-0.94993
-0.93783
-0.90707
-0.92236
-0.93783
-0.84114
-0.83122
15.5339
-0.83122
-0.82592
-0.6815
-0.6815
-0.6815
-0.82962
-0.76737
-0.76737
-0.76737
0
0
0
0
-1.4137
0
0
0
0
0
0
0
-0.9457
-0.94557
-0.92407
-0.91065
-0.91209
-0.92407
-0.84081
-0.79157
-0.83122
14.8983
-0.82956
-0.68625
-0.68625
-0.68625
-0.83083
-0.77316
-0.77316
-0.77316
-0.83389
0
0
0
0
0
0
0
0
0
0
0
-0.95068
-0.95049
-0.93371
-0.91797
-0.92142
-0.93371
-0.83894
-0.82956
-0.82592
-0.82956
15.359
-0.68055
-0.68055
-0.68055
-0.81873
-0.76705
-0.76705
-0.76705
0
0
0
0
0
-1.2655
0
0
0
0
0
0
-0.80805
-0.80758
-0.78803
-0.77806
-0.77827
-0.78803
-0.68947
-0.68625
-0.6815
-0.68625
-0.68055
11.961
-0.57036
-0.57036
-0.69266
-0.65185
-0.65185
-0.65185
0
0
0
0
0
0
0
0
0
0
0
0
-0.80805
-0.80758
-0.78803
-0.77806
-0.77827
-0.78803
-0.68947
-0.68625
-0.6815
-0.68625
-0.68055
-0.57036
11.961
-0.57036
-0.69266
-0.65185
-0.65185
-0.65185
0
0
0
0
0
0
0
0
0
0
0
0
-0.80805
-0.80758
-0.78803
-0.77806
-0.77827
-0.78803
-0.68947
-0.68625
-0.6815
-0.68625
-0.68055
-0.57036
-0.57036
11.961
-0.69266
-0.65185
-0.65185
-0.65185
0
0
0
0
0
0
0
0
0
0
0
0
-0.97499
-0.97967
-0.96151
-0.95659
-0.94698
-0.96151
-0.83264
-0.83083
-0.82962
-0.83083
-0.81873
-0.69266
-0.69266
-0.69266
13.2948
0
0
0
0
0
0
-1.2929
0
0
0
0
0
0
0
0
-0.90724
-0.90984
-0.8885
-0.87652
-0.87736
-0.8885
-0.77695
-0.77316
-0.76737
-0.77316
-0.76705
-0.65185
-0.65185
-0.65185
0
11.1612
0
0
0
0
0
0
0
0
0
0
0
0
0
0
-0.90724
-0.90984
-0.8885
-0.87652
-0.87736
-0.8885
-0.77695
-0.77316
-0.76737
-0.77316
-0.76705
-0.65185
-0.65185
-0.65185
0
0
11.1612
0
0
0
0
0
0
0
0
0
0
0
0
0
-0.90724
-0.90984
-0.8885
-0.87652
-0.87736
-0.8885
-0.77695
-0.77316
-0.76737
-0.77316
-0.76705
-0.65185
-0.65185
-0.65185
0
0
0
11.1612
0
0
0
0
0
0
0
0
0
0
0
0
-0.97777
-0.9801
-0.95775
-0.94172
-0.9441
-0.95775
0
-0.83389
0
-0.83389
0
0
0
0
0
0
0
0
7.427
0
0
0
0
0
0
0
0
0
0
0
0
0
0
0
0
0
0
0
0
0
0
0
0
0
0
0
0
0
0
7.4469
0
-1.8589
-1.872
0
-1.3201
-2.3959
0
0
0
0
-1.2508
-1.2731
0
0
-1.2388
0
0
0
0
0
0
0
0
0
0
0
0
0
0
0
4.5653
0
0
-0.80254
0
0
0
0
0
0
-1.405
0
0
0
0
0
0
0
0
0
0
0
0
0
-1.2929
0
0
0
0
-1.8589
0
4.5568
0
0
0
0
0
0
0
0
0
0
0
-1.5404
0
0
0
0
-1.4137
0
0
0
0
0
0
0
0
0
0
-1.872
0
0
4.8262
0
0
0
0
0
0
0
0
0
0
0
0
0
0
0
0
0
-1.2655
0
0
0
0
0
0
0
0
0
-0.80254
0
0
4.2682
0
0
0
-2.2001
0
0
0
-2.0732
0
0
0
0
0
0
0
0
0
0
0
0
0
0
0
0
0
-1.3201
0
0
0
0
3.3933
0
0
0
0
0
0
0
0
0
0
0
0
0
0
0
0
0
0
0
0
0
0
0
0
-2.3959
0
0
0
0
0
2.3959
0
0
0
0
0
0
0
0
0
0
-5.9139
0
0
0
0
0
0
0
0
0
0
0
0
0
0
0
0
0
0
0
5.9139
0
0
0
0
0
0
0
0
0
0
0
0
0
0
0
0
0
0
0
0
0
0
0
0
0
0
-2.2001
0
0
0
2.2001
0
0
0
0
-6.2566
0
0
0
0
0
0
0
0
0
0
0
0
0
0
0
0
0
0
0
0
0
0
0
0
0
6.2566
0
0
0
0
0
0
-6.2566
0
0
0
0
0
0
0
0
0
0
0
0
0
0
0
0
0
0
0
0
0
0
0
6.2566
