20.1246
-0.57409
-0.57409
-0.55725
-0.56529
-0.54396
-0.54028
-0.54172
-0.52614
-0.5859
-0.57926
-0.57926
-0.53053
-0.51232
-0.55933
-0.66965
-0.81436
0
-0.20002
0
0
0
0
0
0
0
0
0
0
-10.6711
-0.57409
19.0263
-0.56432
-0.54546
-0.55366
-0.53164
-0.52833
-0.53074
-0.51514
-0.57544
-0.56877
-0.56877
-0.51753
-0.4928
-0.54591
-0.65264
-0.79645
0
0
0
-9.9646
0
0
0
0
0
0
0
0
0
-0.57409
-0.56432
19.0263
-0.54546
-0.55366
-0.53164
-0.52833
-0.53074
-0.51514
-0.57544
-0.56877
-0.56877
-0.51753
-0.4928
-0.54591
-0.65264
-0.79645
0
0
0
0
0
0
0
0
0
0
0
-9.9646
0
-0.55725
-0.54546
-0.54546
8.8385
-0.53981
-0.51726
-0.51726
-0.51842
-0.5023
-0.56291
-0.55755
-0.55755
-0.50402
-0.48326
-0.53095
-0.63184
-0.76722
0
0
0
0
0
0
0
0
0
0
0
0
0
-0.56529
-0.55366
-0.55366
-0.53981
16.2837
-0.52275
-0.51603
-0.51578
-0.50325
-0.55926
-0.55257
-0.55257
-0.50494
-0.48252
-0.53195
0
0
0
0
0
0
0
0
0
-8.8297
0
0
0
0
0
-0.54396
-0.53164
-0.53164
-0.51726
-0.52275
7.8409
-0.50146
-0.50126
-0.48745
-0.5444
-0.53878
-0.53878
-0.48843
-0.46953
-0.51376
-0.60984
0
0
0
0
0
0
0
0
0
0
0
0
0
0
-0.54028
-0.52833
-0.52833
-0.51726
-0.51603
-0.50146
7.3231
-0.49484
-0.48653
-0.54181
-0.53111
-0.53111
-0.48539
-0.46565
-0.51041
0
0
0
0
-0.14454
0
0
0
0
0
0
0
0
0
0
-0.54172
-0.53074
-0.53074
-0.51842
-0.51578
-0.50126
-0.49484
14.6433
-0.47681
-0.52494
-0.52244
-0.52244
-0.47985
-0.45901
0
0
0
0
0
0
0
0
0
0
0
0
-8.0243
0
0
0
-0.52614
-0.51514
-0.51514
-0.5023
-0.50325
-0.48745
-0.48653
-0.47681
6.5925
-0.51002
-0.51142
-0.51142
-0.47854
0
0
0
0
-0.56832
0
0
0
0
0
0
0
0
0
0
0
0
-0.5859
-0.57544
-0.57544
-0.56291
-0.55926
-0.5444
-0.54181
-0.52494
-0.51002
9.4777
0
0
0
0
0
0
0
-0.65082
0
0
0
0
-3.8467
0
0
0
0
0
0
0
-0.57926
-0.56877
-0.56877
-0.55755
-0.55257
-0.53878
-0.53111
-0.52244
-0.51142
0
7.8633
0
0
0
0
0
0
0
0
0
0
0
0
-2.9326
0
0
0
0
0
0
-0.57926
-0.56877
-0.56877
-0.55755
-0.55257
-0.53878
-0.53111
-0.52244
-0.51142
0
0
7.8633
0
0
0
0
0
0
0
0
0
0
0
0
0
-2.9326
0
0
0
0
-0.53053
-0.51753
-0.51753
-0.50402
-0.50494
-0.48843
-0.48539
-0.47985
-0.47854
0
0
0
4.5068
0
0
0
0
0
0
0
0
0
0
0
0
0
0
0
0
0
-0.51232
-0.4928
-0.4928
-0.48326
-0.48252
-0.46953
-0.46565
-0.45901
0
0
0
0
0
4.0602
0
0
0
0
-0.20225
0
0
0
0
0
0
0
0
0
0
0
-0.55933
-0.54591
-0.54591
-0.53095
-0.53195
-0.51376
-0.51041
0
0
0
0
0
0
0
3.7382
0
0
0
0
0
0
0
0
0
0
0
0
0
0
0
-0.66965
-0.65264
-0.65264
-0.63184
0
-0.60984
0
0
0
0
0
0
0
0
0
3.2166
0
0
0
0
0
0
0
0
0
0
0
0
0
0
-0.81436
-0.79645
-0.79645
-0.76722
0
0
0
0
0
0
0
0
0
0
0
0
3.1745
0
0
0
0
0
0
0
0
0
0
0
0
0
0
0
0
0
0
0
0
0
-0.56832
-0.65082
0
0
0
0
0
0
0
1.6141
0
-0.39499
0
0
0
0
0
0
0
0
0
0
-0.20002
0
0
0
0
0
0
0
0
0
0
0
0
-0.20225
0
0
0
0
0.50677
0
0
-0.1045
0
0
0
0
0
0
0
0
0
0
0
0
0
0
-0.14454
0
0
0
0
0
0
0
0
0
0
-0.39499
0
0.77409
0
0
0
0
0
0
0
-0.23456
0
0
0
-9.9646
0
0
0
0
0
0
0
0
0
0
0
0
0
0
0
0
0
0
9.9646
0
0
0
0
0
0
0
0
0
0
0
0
0
0
0
0
0
0
0
0
0
0
0
0
0
0
0
-0.1045
0
0
0.1045
0
0
0
0
0
0
0
0
0
0
0
0
0
0
0
0
0
-3.8467
0
0
0
0
0
0
0
0
0
0
0
0
3.8467
0
0
0
0
0
0
0
0
0
0
0
0
0
0
0
0
0
-2.9326
0
0
0
0
0
0
0
0
0
0
0
0
2.9326
0
0
0
0
0
0
0
0
0
0
-8.8297
0
0
0
0
0
0
0
0
0
0
0
0
0
0
0
0
0
0
0
8.8297
0
0
0
0
0
0
0
0
0
0
0
0
0
0
0
0
-2.9326
0
0
0
0
0
0
0
0
0
0
0
0
0
2.9326
0
0
0
0
0
0
0
0
0
0
0
-8.0243
0
0
0
0
0
0
0
0
0
0
0
0
0
0
0
0
0
0
8.0243
0
0
0
0
0
0
0
0
0
0
0
0
0
0
0
0
0
0
0
0
0
0
-0.23456
0
0
0
0
0
0
0
0.23456
0
0
0
0
-9.9646
0
0
0
0
0
0
0
0
0
0
0
0
0
0
0
0
0
0
0
0
0
0
0
0
0
9.9646
0
-10.6711
0
0
0
0
0
0
0
0
0
0
0
0
0
0
0
0
0
0
0
0
0
0
0
0
0
0
0
0
10.6711
