14.9025
-0.47142
-0.47066
-0.46314
-0.49046
-0.48146
-0.49046
-0.48146
-0.4964
-0.37451
-0.37451
-0.4243
-0.37451
-0.41822
-0.76494
-0.12679
-0.92651
0
0
0
0
0
0
0
0
-7.2727
0
0
0
0
-0.47142
12.9396
-0.47154
-0.44479
-0.47701
-0.46992
-0.47701
-0.46992
-0.48029
-0.36354
-0.36354
-0.41331
-0.36354
-0.40645
-0.74103
0
0
-0.1045
0
0
0
0
0
0
0
0
0
0
0
-6.4218
-0.47066
-0.47154
13.7323
-0.45024
-0.48263
-0.47251
-0.48263
-0.47251
-0.48603
-0.3662
-0.3662
-0.41818
-0.3662
-0.40921
-0.73536
0
-0.92161
0
0
0
0
0
0
0
0
0
-6.3606
0
0
0
-0.46314
-0.44479
-0.45024
23.7884
-0.48783
-0.49126
-0.48783
-0.49126
-0.50399
-0.37268
-0.37268
-0.41578
-0.37268
-0.42074
0
0
0
0
0
0
0
0
0
-9.0067
0
0
0
0
-9.0067
0
-0.49046
-0.47701
-0.48263
-0.48783
10.8668
-0.51711
-0.5207
-0.51711
-0.52262
-0.36626
-0.36626
-0.42044
-0.36626
-0.41286
0
0
0
0
0
0
0
0
0
0
0
0
0
-4.9192
0
0
-0.48146
-0.46992
-0.47251
-0.49126
-0.51711
6.5816
-0.51711
-0.44821
-0.51656
-0.36241
-0.36241
-0.42313
-0.36241
-0.40939
-0.74769
0
0
0
0
0
0
0
0
0
0
0
0
0
0
0
-0.49046
-0.47701
-0.48263
-0.48783
-0.5207
-0.51711
10.8668
-0.51711
-0.52262
-0.36626
-0.36626
-0.42044
-0.36626
-0.41286
0
0
0
0
0
0
0
0
0
0
-4.9192
0
0
0
0
0
-0.48146
-0.46992
-0.47251
-0.49126
-0.51711
-0.44821
-0.51711
6.5816
-0.51656
-0.36241
-0.36241
-0.42313
-0.36241
-0.40939
-0.74769
0
0
0
0
0
0
0
0
0
0
0
0
0
0
0
-0.4964
-0.48029
-0.48603
-0.50399
-0.52262
-0.51656
-0.52262
-0.51656
9.8046
-0.36616
-0.36616
-0.42285
-0.36616
-0.41269
0
0
0
0
-3.8255
0
0
0
0
0
0
0
0
0
0
0
-0.37451
-0.36354
-0.3662
-0.37268
-0.36626
-0.36241
-0.36626
-0.36241
-0.36616
4.4438
-0.26116
-0.31266
-0.26116
-0.30841
0
0
0
0
0
0
0
0
0
0
0
0
0
0
0
0
-0.37451
-0.36354
-0.3662
-0.37268
-0.36626
-0.36241
-0.36626
-0.36241
-0.36616
-0.26116
4.4438
-0.31266
-0.26116
-0.30841
0
0
0
0
0
0
0
0
0
0
0
0
0
0
0
0
-0.4243
-0.41331
-0.41818
-0.41578
-0.42044
-0.42313
-0.42044
-0.42313
-0.42285
-0.31266
-0.31266
8.5381
-0.31266
0
0
0
0
0
0
0
0
-3.8185
0
0
0
0
0
0
0
0
-0.37451
-0.36354
-0.3662
-0.37268
-0.36626
-0.36241
-0.36626
-0.36241
-0.36616
-0.26116
-0.26116
-0.31266
4.4438
-0.30841
0
0
0
0
0
0
0
0
0
0
0
0
0
0
0
0
-0.41822
-0.40645
-0.40921
-0.42074
-0.41286
-0.40939
-0.41286
-0.40939
-0.41269
-0.30841
-0.30841
0
-0.30841
4.6371
0
0
0
0
0
0
0
0
0
0
0
0
0
0
0
0
-0.76494
-0.74103
-0.73536
0
0
-0.74769
0
-0.74769
0
0
0
0
0
0
3.7367
0
0
0
0
0
0
0
0
0
0
0
0
0
0
0
-0.12679
0
0
0
0
0
0
0
0
0
0
0
0
0
0
12.6431
0
0
-2.8267
-4.4782
-5.2114
0
0
0
0
0
0
0
0
0
-0.92651
0
-0.92161
0
0
0
0
0
0
0
0
0
0
0
0
0
4.0432
-0.30879
0
-1.8863
0
0
0
0
0
0
0
0
0
0
0
-0.1045
0
0
0
0
0
0
0
0
0
0
0
0
0
0
-0.30879
0.73304
0
0
0
0
-0.31975
0
0
0
0
0
0
0
0
0
0
0
0
0
0
0
-3.8255
0
0
0
0
0
0
-2.8267
0
0
6.6522
0
0
0
0
0
0
0
0
0
0
0
0
0
0
0
0
0
0
0
0
0
0
0
0
0
0
-4.4782
-1.8863
0
0
6.3645
0
0
0
0
0
0
0
0
0
0
0
0
0
0
0
0
0
0
0
0
0
0
0
0
0
-5.2114
0
0
0
0
5.2114
0
0
0
0
0
0
0
0
0
0
0
0
0
0
0
0
0
0
0
0
-3.8185
0
0
0
0
0
0
0
0
0
3.8185
0
0
0
0
0
0
0
0
0
0
0
0
0
0
0
0
0
0
0
0
0
0
0
0
0
-0.31975
0
0
0
0
0.31975
0
0
0
0
0
0
0
0
0
0
-9.0067
0
0
0
0
0
0
0
0
0
0
0
0
0
0
0
0
0
0
0
9.0067
0
0
0
0
0
0
0
0
0
0
0
0
-4.9192
0
0
0
0
0
0
0
0
0
0
0
0
0
0
0
0
0
4.9192
0
0
0
0
0
-7.2727
0
0
0
0
0
0
0
0
0
0
0
0
0
0
0
0
0
0
0
0
0
0
0
0
7.2727
0
0
0
0
0
0
-6.3606
0
0
0
0
0
0
0
0
0
0
0
0
0
0
0
0
0
0
0
0
0
0
0
6.3606
0
0
0
0
0
0
0
-4.9192
0
0
0
0
0
0
0
0
0
0
0
0
0
0
0
0
0
0
0
0
0
0
4.9192
0
0
0
0
0
-9.0067
0
0
0
0
0
0
0
0
0
0
0
0
0
0
0
0
0
0
0
0
0
0
0
0
9.0067
0
0
-6.4218
0
0
0
0
0
0
0
0
0
0
0
0
0
0
0
0
0
0
0
0
0
0
0
0
0
0
0
6.4218
