14.9509
-0.71543
-0.71543
-0.68662
-0.74917
-0.69999
-0.69999
-0.7159
-0.70039
-0.73091
-0.75476
-0.72375
-0.71062
-0.72472
-0.76906
-0.73016
-0.72506
-0.70342
-0.53833
-0.53833
-0.77582
-0.84307
0
0
0
0
0
0
0
0
-0.71543
14.9509
-0.71543
-0.68662
-0.74917
-0.69999
-0.69999
-0.7159
-0.70039
-0.73091
-0.75476
-0.72375
-0.71062
-0.72472
-0.76906
-0.73016
-0.72506
-0.70342
-0.53833
-0.53833
-0.77582
-0.84307
0
0
0
0
0
0
0
0
-0.71543
-0.71543
14.9509
-0.68662
-0.74917
-0.69999
-0.69999
-0.7159
-0.70039
-0.73091
-0.75476
-0.72375
-0.71062
-0.72472
-0.76906
-0.73016
-0.72506
-0.70342
-0.53833
-0.53833
-0.77582
-0.84307
0
0
0
0
0
0
0
0
-0.68662
-0.68662
-0.68662
13.4449
-0.70776
-0.66609
-0.66609
-0.68057
-0.66641
-0.69453
-0.71336
-0.68332
-0.67591
-0.689
-0.7257
-0.694
-0.68579
-0.66974
-0.51457
-0.51457
-0.73761
0
0
0
0
0
0
0
0
0
-0.74917
-0.74917
-0.74917
-0.70776
23.9735
-0.73014
-0.73014
-0.74873
-0.73162
-0.76578
-0.79572
-0.75401
-0.74353
-0.75853
-0.8102
-0.76437
-0.7615
-0.73528
0
0
0
0
0
0
0
0
0
0
0
-11.1887
-0.69999
-0.69999
-0.69999
-0.66609
-0.73014
11.9451
-0.67343
-0.69659
-0.68105
-0.70988
-0.73276
-0.71286
-0.69028
-0.70351
-0.74868
-0.70864
-0.70834
-0.68287
0
0
0
0
0
0
0
0
0
0
0
0
-0.69999
-0.69999
-0.69999
-0.66609
-0.73014
-0.67343
11.9451
-0.69659
-0.68105
-0.70988
-0.73276
-0.71286
-0.69028
-0.70351
-0.74868
-0.70864
-0.70834
-0.68287
0
0
0
0
0
0
0
0
0
0
0
0
-0.7159
-0.7159
-0.7159
-0.68057
-0.74873
-0.69659
-0.69659
10.813
-0.69642
-0.72988
-0.75316
-0.73519
-0.70847
-0.7226
-0.76926
-0.72789
0
0
0
0
0
0
0
0
0
0
0
0
0
0
-0.70039
-0.70039
-0.70039
-0.66641
-0.73162
-0.68105
-0.68105
-0.69642
9.8054
-0.70913
-0.72798
-0.71326
-0.68742
-0.70006
0
-0.70987
0
0
0
0
0
0
0
0
0
0
0
0
0
0
-0.73091
-0.73091
-0.73091
-0.69453
-0.76578
-0.70988
-0.70988
-0.72988
-0.70913
8.7456
-0.79747
0
-0.70347
-0.73284
0
0
0
0
0
0
0
0
0
0
0
0
0
0
0
0
-0.75476
-0.75476
-0.75476
-0.71336
-0.79572
-0.73276
-0.73276
-0.75316
-0.72798
-0.79747
16.3503
0
-0.71707
0
0
0
0
0
0
0
0
0
0
0
0
0
0
-8.1158
0
0
-0.72375
-0.72375
-0.72375
-0.68332
-0.75401
-0.71286
-0.71286
-0.73519
-0.71326
0
0
23.5758
0
0
0
0
0
0
0
0
0
0
0
-8.5465
0
0
-8.5465
0
0
0
-0.71062
-0.71062
-0.71062
-0.67591
-0.74353
-0.69028
-0.69028
-0.70847
-0.68742
-0.70347
-0.71707
0
7.7483
0
0
0
0
0
0
0
0
0
0
0
0
0
0
0
0
0
-0.72472
-0.72472
-0.72472
-0.689
-0.75853
-0.70351
-0.70351
-0.7226
-0.70006
-0.73284
0
0
0
7.1842
0
0
0
0
0
0
0
0
0
0
0
0
0
0
0
0
-0.76906
-0.76906
-0.76906
-0.7257
-0.8102
-0.74868
-0.74868
-0.76926
0
0
0
0
0
0
11.511
0
0
0
0
0
0
0
0
0
-5.4014
0
0
0
0
0
-0.73016
-0.73016
-0.73016
-0.694
-0.76437
-0.70864
-0.70864
-0.72789
-0.70987
0
0
0
0
0
0
6.5039
0
0
0
0
0
0
0
0
0
0
0
0
0
0
-0.72506
-0.72506
-0.72506
-0.68579
-0.7615
-0.70834
-0.70834
0
0
0
0
0
0
0
0
0
8.8446
0
0
0
0
0
0
0
0
-3.8054
0
0
0
0
-0.70342
-0.70342
-0.70342
-0.66974
-0.73528
-0.68287
-0.68287
0
0
0
0
0
0
0
0
0
0
4.881
0
0
0
0
0
0
0
0
0
0
0
0
-0.53833
-0.53833
-0.53833
-0.51457
0
0
0
0
0
0
0
0
0
0
0
0
0
0
2.2341
0
0
0
-0.1045
0
0
0
0
0
0
0
-0.53833
-0.53833
-0.53833
-0.51457
0
0
0
0
0
0
0
0
0
0
0
0
0
0
0
2.2341
0
0
0
0
0
0
0
0
-0.1045
0
-0.77582
-0.77582
-0.77582
-0.73761
0
0
0
0
0
0
0
0
0
0
0
0
0
0
0
0
3.0651
0
0
0
0
0
0
0
0
0
-0.84307
-0.84307
-0.84307
0
0
0
0
0
0
0
0
0
0
0
0
0
0
0
0
0
0
2.5292
0
0
0
0
0
0
0
0
0
0
0
0
0
0
0
0
0
0
0
0
0
0
0
0
0
0
-0.1045
0
0
0
0.1045
0
0
0
0
0
0
0
0
0
0
0
0
0
0
0
0
0
0
-8.5465
0
0
0
0
0
0
0
0
0
0
0
8.5465
0
0
0
0
0
0
0
0
0
0
0
0
0
0
0
0
0
0
0
0
-5.4014
0
0
0
0
0
0
0
0
0
5.4014
0
0
0
0
0
0
0
0
0
0
0
0
0
0
0
0
0
0
0
0
0
-3.8054
0
0
0
0
0
0
0
0
3.8054
0
0
0
0
0
0
0
0
0
0
0
0
0
0
0
-8.5465
0
0
0
0
0
0
0
0
0
0
0
0
0
0
8.5465
0
0
0
0
0
0
0
0
0
0
0
0
0
-8.1158
0
0
0
0
0
0
0
0
0
0
0
0
0
0
0
0
8.1158
0
0
0
0
0
0
0
0
0
0
0
0
0
0
0
0
0
0
0
0
0
-0.1045
0
0
0
0
0
0
0
0
0.1045
0
0
0
0
0
-11.1887
0
0
0
0
0
0
0
0
0
0
0
0
0
0
0
0
0
0
0
0
0
0
0
0
11.1887
