42.3217
-0.73119
-0.72569
-0.72239
-0.71914
-0.71833
-0.72239
-0.71914
-0.65205
-0.65085
-0.65085
-0.65085
-0.65085
-0.64805
-0.68286
-0.68286
-0.6816
-0.67509
0
0
0
-10.2125
-10.2125
0
0
0
0
0
-10.2125
0
-0.73119
19.6279
-0.77869
-0.77558
-0.76346
-0.75899
-0.77558
-0.76346
-0.69705
-0.67964
-0.67964
-0.67964
-0.67964
-0.69318
-0.71491
-0.71491
-0.71236
-0.704
-0.48487
0
0
0
0
0
-6.8411
0
0
0
0
0
-0.72569
-0.77869
12.8516
-0.75622
-0.74684
-0.749
-0.75622
-0.74684
-0.68193
-0.66651
-0.66651
-0.66651
-0.66651
-0.6785
-0.70044
-0.70044
-0.69805
-0.6901
-0.48212
-0.29445
0
0
0
0
0
0
0
0
0
0
-0.72239
-0.77558
-0.75622
18.2588
-0.7479
-0.74487
-0.76327
-0.7479
-0.67792
-0.65864
-0.65864
-0.65864
-0.65864
-0.67291
-0.69193
-0.69193
-0.68943
-0.68161
0
0
0
0
0
0
0
0
0
-6.2603
0
0
-0.71914
-0.76346
-0.74684
-0.7479
12.2991
-0.73485
-0.7479
-0.71968
-0.66728
-0.6493
-0.6493
-0.6493
-0.6493
-0.66271
-0.6818
-0.6818
-0.67948
-0.67199
-0.47703
0
0
0
0
0
0
0
0
0
0
0
-0.71833
-0.75899
-0.749
-0.74487
-0.73485
12.0939
-0.74487
-0.73485
-0.6639
-0.64697
-0.64697
-0.64697
-0.64697
-0.65938
-0.67906
-0.67906
-0.67674
-0.66931
0
-0.29279
0
0
0
0
0
0
0
0
0
0
-0.72239
-0.77558
-0.75622
-0.76327
-0.7479
-0.74487
18.2588
-0.7479
-0.67792
-0.65864
-0.65864
-0.65864
-0.65864
-0.67291
-0.69193
-0.69193
-0.68943
-0.68161
0
0
-6.2603
0
0
0
0
0
0
0
0
0
-0.71914
-0.76346
-0.74684
-0.7479
-0.71968
-0.73485
-0.7479
12.2991
-0.66728
-0.6493
-0.6493
-0.6493
-0.6493
-0.66271
-0.6818
-0.6818
-0.67948
-0.67199
-0.47703
0
0
0
0
0
0
0
0
0
0
0
-0.65205
-0.69705
-0.68193
-0.67792
-0.66728
-0.6639
-0.67792
-0.66728
15.9192
-0.60559
-0.60559
-0.60559
-0.60559
-0.57738
-0.60732
-0.60732
-0.60282
0
0
0
0
0
0
-5.7167
0
0
0
0
0
0
-0.65085
-0.67964
-0.66651
-0.65864
-0.6493
-0.64697
-0.65864
-0.6493
-0.60559
10.6159
-0.57695
-0.57695
-0.57695
-0.59159
-0.60956
-0.60956
-0.60691
-0.60204
0
0
0
0
0
0
0
0
0
0
0
0
-0.65085
-0.67964
-0.66651
-0.65864
-0.6493
-0.64697
-0.65864
-0.6493
-0.60559
-0.57695
10.6159
-0.57695
-0.57695
-0.59159
-0.60956
-0.60956
-0.60691
-0.60204
0
0
0
0
0
0
0
0
0
0
0
0
-0.65085
-0.67964
-0.66651
-0.65864
-0.6493
-0.64697
-0.65864
-0.6493
-0.60559
-0.57695
-0.57695
10.6159
-0.57695
-0.59159
-0.60956
-0.60956
-0.60691
-0.60204
0
0
0
0
0
0
0
0
0
0
0
0
-0.65085
-0.67964
-0.66651
-0.65864
-0.6493
-0.64697
-0.65864
-0.6493
-0.60559
-0.57695
-0.57695
-0.57695
10.6159
-0.59159
-0.60956
-0.60956
-0.60691
-0.60204
0
0
0
0
0
0
0
0
0
0
0
0
-0.64805
-0.69318
-0.6785
-0.67291
-0.66271
-0.65938
-0.67291
-0.66271
-0.57738
-0.59159
-0.59159
-0.59159
-0.59159
14.7757
-0.61654
-0.61654
0
0
0
0
0
0
0
0
0
-5.2486
0
0
0
0
-0.68286
-0.71491
-0.70044
-0.69193
-0.6818
-0.67906
-0.69193
-0.6818
-0.60732
-0.60956
-0.60956
-0.60956
-0.60956
-0.61654
9.1868
0
0
0
0
0
0
0
0
0
0
0
0
0
0
0
-0.68286
-0.71491
-0.70044
-0.69193
-0.6818
-0.67906
-0.69193
-0.6818
-0.60732
-0.60956
-0.60956
-0.60956
-0.60956
-0.61654
0
9.1868
0
0
0
0
0
0
0
0
0
0
0
0
0
0
-0.6816
-0.71236
-0.69805
-0.68943
-0.67948
-0.67674
-0.68943
-0.67948
-0.60282
-0.60691
-0.60691
-0.60691
-0.60691
0
0
0
8.537
0
0
0
0
0
0
0
0
0
0
0
0
0
-0.67509
-0.704
-0.6901
-0.68161
-0.67199
-0.66931
-0.68161
-0.67199
0
-0.60204
-0.60204
-0.60204
-0.60204
0
0
0
0
7.8539
0
0
0
0
0
0
0
0
0
0
0
0
0
-0.48487
-0.48212
0
-0.47703
0
0
-0.47703
0
0
0
0
0
0
0
0
0
0
2.0256
0
0
0
0
0
0
0
0
0
0
-0.1045
0
0
-0.29445
0
0
-0.29279
0
0
0
0
0
0
0
0
0
0
0
0
0
0.77945
0
0
0
0
0
0
-0.19221
0
0
0
0
0
0
0
0
0
-6.2603
0
0
0
0
0
0
0
0
0
0
0
0
0
6.2603
0
0
0
0
0
0
0
0
0
-10.2125
0
0
0
0
0
0
0
0
0
0
0
0
0
0
0
0
0
0
0
0
10.2125
0
0
0
0
0
0
0
0
-10.2125
0
0
0
0
0
0
0
0
0
0
0
0
0
0
0
0
0
0
0
0
0
10.2125
0
0
0
0
0
0
0
0
0
0
0
0
0
0
0
-5.7167
0
0
0
0
0
0
0
0
0
0
0
0
0
0
5.7167
0
0
0
0
0
0
0
-6.8411
0
0
0
0
0
0
0
0
0
0
0
0
0
0
0
0
0
0
0
0
0
0
6.8411
0
0
0
0
0
0
0
0
0
0
0
0
0
0
0
0
0
0
-5.2486
0
0
0
0
0
0
0
0
0
0
0
5.2486
0
0
0
0
0
0
0
0
0
0
0
0
0
0
0
0
0
0
0
0
0
0
0
-0.19221
0
0
0
0
0
0
0.19221
0
0
0
0
0
0
-6.2603
0
0
0
0
0
0
0
0
0
0
0
0
0
0
0
0
0
0
0
0
0
0
0
6.2603
0
0
-10.2125
0
0
0
0
0
0
0
0
0
0
0
0
0
0
0
0
0
0
0
0
0
0
0
0
0
0
0
10.2125
0
0
0
0
0
0
0
0
0
0
0
0
0
0
0
0
0
0
0
-0.1045
0
0
0
0
0
0
0
0
0
0
0.1045
