9.4679
-0.60605
-0.59987
-0.62139
-0.63166
-0.63166
-0.69004
-0.64077
-0.65045
-0.61336
-0.65938
-0.6341
-0.63069
-0.63069
-0.63069
-0.5971
0
0
0
0
0
0
0
0
0
0
0
0
0
0
-0.60605
9.4679
-0.59987
-0.62139
-0.63166
-0.63166
-0.69004
-0.64077
-0.65045
-0.61336
-0.65938
-0.6341
-0.63069
-0.63069
-0.63069
-0.5971
0
0
0
0
0
0
0
0
0
0
0
0
0
0
-0.59987
-0.59987
8.7026
-0.60641
-0.61618
-0.61618
-0.66887
-0.62604
-0.63455
-0.60868
-0.65429
-0.6269
-0.61492
-0.61492
-0.61492
0
0
0
0
0
0
0
0
0
0
0
0
0
0
0
-0.62139
-0.62139
-0.60641
12.7037
-0.63377
-0.63377
-0.71149
-0.64505
-0.65018
0
0
0
-0.63247
-0.63247
-0.63247
0
0
0
0
0
0
0
0
0
0
0
0
0
0
-5.6828
-0.63166
-0.63166
-0.61618
-0.63377
5.0743
-0.59049
-0.67842
-0.64224
-0.6499
0
0
0
0
0
0
0
0
0
0
0
0
0
0
0
0
0
0
0
0
0
-0.63166
-0.63166
-0.61618
-0.63377
-0.59049
5.0743
-0.67842
-0.64224
-0.6499
0
0
0
0
0
0
0
0
0
0
0
0
0
0
0
0
0
0
0
0
0
-0.69004
-0.69004
-0.66887
-0.71149
-0.67842
-0.67842
8.9886
0
0
0
0
0
0
0
0
0
0
0
0
0
0
0
0
0
-4.8713
0
0
0
0
0
-0.64077
-0.64077
-0.62604
-0.64505
-0.64224
-0.64224
0
4.3894
0
0
0
0
0
0
0
0
-0.55225
0
0
0
0
0
0
0
0
0
0
0
0
0
-0.65045
-0.65045
-0.63455
-0.65018
-0.6499
-0.6499
0
0
4.6901
0
0
0
0
0
0
0
0
-0.80465
0
0
0
0
0
0
0
0
0
0
0
0
-0.61336
-0.61336
-0.60868
0
0
0
0
0
0
11.0343
0
0
0
0
0
0
0
-0.65625
0
0
0
0
0
-4.2713
0
0
0
0
-4.2713
0
-0.65938
-0.65938
-0.65429
0
0
0
0
0
0
0
8.125
0
0
0
0
0
-0.59822
0
0
0
0
-1.6297
0
0
0
0
-3.9241
0
0
0
-0.6341
-0.6341
-0.6269
0
0
0
0
0
0
0
0
6.165
0
0
0
0
0
0
0
0
-0.99433
0
-3.2756
0
0
0
0
0
0
0
-0.63069
-0.63069
-0.61492
-0.63247
0
0
0
0
0
0
0
0
2.5088
0
0
0
0
0
0
0
0
0
0
0
0
0
0
0
0
0
-0.63069
-0.63069
-0.61492
-0.63247
0
0
0
0
0
0
0
0
0
2.5088
0
0
0
0
0
0
0
0
0
0
0
0
0
0
0
0
-0.63069
-0.63069
-0.61492
-0.63247
0
0
0
0
0
0
0
0
0
0
2.5088
0
0
0
0
0
0
0
0
0
0
0
0
0
0
0
-0.5971
-0.5971
0
0
0
0
0
0
0
0
0
0
0
0
0
1.8778
0
0
0
0
0
0
0
0
0
-0.68364
0
0
0
0
0
0
0
0
0
0
0
-0.55225
0
0
-0.59822
0
0
0
0
0
1.7042
0
0
0
0
0
0
0
0
0
0
-0.55374
0
0
0
0
0
0
0
0
0
0
-0.80465
-0.65625
0
0
0
0
0
0
0
2.3842
-0.92327
0
0
0
0
0
0
0
0
0
0
0
0
0
0
0
0
0
0
0
0
0
0
0
0
0
0
0
0
-0.92327
4.9598
-2.5897
0
-1.4468
0
0
0
0
0
0
0
0
0
0
0
0
0
0
0
0
0
0
0
0
0
0
0
0
0
0
-2.5897
3.3248
-0.73514
0
0
0
0
0
0
0
0
0
0
0
0
0
0
0
0
0
0
0
0
-0.99433
0
0
0
0
0
0
0
-0.73514
1.7295
0
0
0
0
0
0
0
0
0
0
0
0
0
0
0
0
0
0
0
-1.6297
0
0
0
0
0
0
0
-1.4468
0
0
3.0764
0
0
0
0
0
0
0
0
0
0
0
0
0
0
0
0
0
0
0
-3.2756
0
0
0
0
0
0
0
0
0
0
3.2756
0
0
0
0
0
0
0
0
0
0
0
0
0
0
0
0
-4.2713
0
0
0
0
0
0
0
0
0
0
0
0
0
4.2713
0
0
0
0
0
0
0
0
0
0
0
0
-4.8713
0
0
0
0
0
0
0
0
0
0
0
0
0
0
0
0
0
4.8713
0
0
0
0
0
0
0
0
0
0
0
0
0
0
0
0
0
0
0
0
-0.68364
0
0
0
0
0
0
0
0
0
0.68364
0
0
0
0
0
0
0
0
0
0
0
0
0
0
-3.9241
0
0
0
0
0
0
0
0
0
0
0
0
0
0
0
3.9241
0
0
0
0
0
0
0
0
0
0
0
0
0
0
0
0
0
0
0
-0.55374
0
0
0
0
0
0
0
0
0
0
0.55374
0
0
0
0
0
0
0
0
0
0
0
-4.2713
0
0
0
0
0
0
0
0
0
0
0
0
0
0
0
0
0
0
4.2713
0
0
0
0
-5.6828
0
0
0
0
0
0
0
0
0
0
0
0
0
0
0
0
0
0
0
0
0
0
0
0
0
5.6828
