23.8056
-0.73799
-0.71422
-0.71422
-0.71967
-0.71422
-0.71336
-0.71375
-0.69863
-0.7309
-0.70225
-0.71484
-0.72912
-0.73503
0
-0.56579
0
0
-0.6133
0
0
0
0
-6.6442
0
-6.6442
0
0
0
0
-0.73799
15.8309
-0.73487
-0.73487
-0.73787
-0.73487
-0.73748
-0.73866
-0.71921
-0.75417
-0.72435
-0.73208
-0.74769
-0.75247
-0.72205
0
0
0
0
0
0
0
0
0
0
0
0
0
0
-5.5223
-0.71422
-0.73487
9.9328
-0.69532
-0.71187
-0.69532
-0.70757
-0.70888
-0.69483
-0.72523
-0.69951
-0.70519
-0.71854
-0.72287
-0.6986
0
0
0
0
0
0
0
0
0
0
0
0
0
0
0
-0.71422
-0.73487
-0.69532
9.9328
-0.71187
-0.69532
-0.70757
-0.70888
-0.69483
-0.72523
-0.69951
-0.70519
-0.71854
-0.72287
-0.6986
0
0
0
0
0
0
0
0
0
0
0
0
0
0
0
-0.71967
-0.73787
-0.71187
-0.71187
10.1156
-0.71187
-0.7075
-0.70869
-0.69397
-0.72309
-0.6989
-0.70044
-0.71798
-0.7225
0
0
0
-0.84938
0
0
0
0
0
0
0
0
0
0
0
0
-0.71422
-0.73487
-0.69532
-0.69532
-0.71187
9.9328
-0.70757
-0.70888
-0.69483
-0.72523
-0.69951
-0.70519
-0.71854
-0.72287
-0.6986
0
0
0
0
0
0
0
0
0
0
0
0
0
0
0
-0.71336
-0.73748
-0.70757
-0.70757
-0.7075
-0.70757
13.313
-0.70551
-0.68881
-0.71487
-0.69267
-0.69874
-0.71261
0
0
0
0
0
0
0
0
0
0
0
-4.8187
0
0
0
0
0
-0.71375
-0.73866
-0.70888
-0.70888
-0.70869
-0.70888
-0.70551
12.3215
-0.68175
-0.71625
-0.69451
-0.70078
0
0
0
0
0
0
0
0
0
0
0
0
0
0
-4.535
0
0
0
-0.69863
-0.71921
-0.69483
-0.69483
-0.69397
-0.69483
-0.68881
-0.68175
8.2174
-0.69763
-0.68578
-0.68691
0
0
0
0
-0.58027
0
0
0
0
0
0
0
0
0
0
0
0
0
-0.7309
-0.75417
-0.72523
-0.72523
-0.72309
-0.72523
-0.71487
-0.71625
-0.69763
11.3459
0
0
0
0
0
0
0
0
0
0
-0.61703
0
-4.2163
0
0
0
0
0
0
0
-0.70225
-0.72435
-0.69951
-0.69951
-0.6989
-0.69951
-0.69267
-0.69451
-0.68578
0
6.8834
0
0
0
0
0
-0.58646
0
0
0
0
0
0
0
0
0
0
0
0
0
-0.71484
-0.73208
-0.70519
-0.70519
-0.70044
-0.70519
-0.69874
-0.70078
-0.68691
0
0
7.1609
0
0
0
0
0
-0.81153
0
0
0
0
0
0
0
0
0
0
0
0
-0.72912
-0.74769
-0.71854
-0.71854
-0.71798
-0.71854
-0.71261
0
0
0
0
0
5.063
0
0
0
0
0
0
0
0
0
0
0
0
0
0
0
0
0
-0.73503
-0.75247
-0.72287
-0.72287
-0.7225
-0.72287
0
0
0
0
0
0
0
4.3786
0
0
0
0
0
0
0
0
0
0
0
0
0
0
0
0
0
-0.72205
-0.6986
-0.6986
0
-0.6986
0
0
0
0
0
0
0
0
3.4973
0
0
0
0
0
0
0
0
0
0
0
0
-0.67945
0
0
-0.56579
0
0
0
0
0
0
0
0
0
0
0
0
0
0
2.0162
0
-0.80106
0
0
0
-0.64938
0
0
0
0
0
0
0
0
0
0
0
0
0
0
0
0
-0.58027
0
-0.58646
0
0
0
0
0
1.719
0
0
0
0
0
0
0
0
0
0
0
-0.55225
0
0
0
0
0
-0.84938
0
0
0
0
0
0
-0.81153
0
0
0
-0.80106
0
2.462
0
0
0
0
0
0
0
0
0
0
0
0
-0.6133
0
0
0
0
0
0
0
0
0
0
0
0
0
0
0
0
0
1.7244
-1.1111
0
0
0
0
0
0
0
0
0
0
0
0
0
0
0
0
0
0
0
0
0
0
0
0
0
0
0
0
-1.1111
2.2896
-1.1785
0
0
0
0
0
0
0
0
0
0
0
0
0
0
0
0
0
0
-0.61703
0
0
0
0
0
0
0
0
0
-1.1785
1.7955
0
0
0
0
0
0
0
0
0
0
0
0
0
0
0
0
0
0
0
0
0
0
0
0
-0.64938
0
0
0
0
0
0.64938
0
0
0
0
0
0
0
0
0
0
0
0
0
0
0
0
0
-4.2163
0
0
0
0
0
0
0
0
0
0
0
0
4.2163
0
0
0
0
0
0
0
-6.6442
0
0
0
0
0
0
0
0
0
0
0
0
0
0
0
0
0
0
0
0
0
0
6.6442
0
0
0
0
0
0
0
0
0
0
0
0
-4.8187
0
0
0
0
0
0
0
0
0
0
0
0
0
0
0
0
0
4.8187
0
0
0
0
0
-6.6442
0
0
0
0
0
0
0
0
0
0
0
0
0
0
0
0
0
0
0
0
0
0
0
0
6.6442
0
0
0
0
0
0
0
0
0
0
0
-4.535
0
0
0
0
0
0
0
0
0
0
0
0
0
0
0
0
0
0
4.535
0
0
0
0
0
0
0
0
0
0
0
0
0
0
0
0
0
-0.67945
0
0
0
0
0
0
0
0
0
0
0
0
0.67945
0
0
0
0
0
0
0
0
0
0
0
0
0
0
0
0
0
0
-0.55225
0
0
0
0
0
0
0
0
0
0
0
0.55225
0
0
-5.5223
0
0
0
0
0
0
0
0
0
0
0
0
0
0
0
0
0
0
0
0
0
0
0
0
0
0
0
5.5223
