22.0015
-1.0445
-1.0974
-1.0358
-1.0358
-1.0136
-1.0153
-0.86296
-0.86296
-0.86296
-0.86296
-0.86296
-0.86296
-0.92729
-0.92729
-0.96182
-0.93694
-0.93694
-0.93045
-0.93045
-0.93045
-0.88199
0
-2.2176
0
0
0
0
0
0
-1.0445
22.0015
-1.0974
-1.0358
-1.0358
-1.0136
-1.0153
-0.86296
-0.86296
-0.86296
-0.86296
-0.86296
-0.86296
-0.92729
-0.92729
-0.96182
-0.93694
-0.93694
-0.93045
-0.93045
-0.93045
-0.88199
0
-2.2176
0
0
0
0
0
0
-1.0974
-1.0974
36.3343
-1.0357
-1.0357
-1.0369
-1.0427
-0.88735
-0.88735
-0.88735
-0.88735
-0.88735
-0.88735
-0.95414
-0.95414
-0.98248
-0.96461
-0.96461
-0.95792
-0.95792
-0.95792
0
0
0
-8.4854
0
0
0
-8.4854
0
-1.0358
-1.0358
-1.0357
26.2331
-1.0037
-0.99409
-0.99736
-0.84124
-0.84124
-0.84124
-0.84124
-0.84124
-0.84124
-0.90458
-0.90458
-0.93412
-0.91419
-0.91419
-0.90789
-0.90789
-0.90789
0
0
0
0
-7.7879
0
0
0
0
-1.0358
-1.0358
-1.0357
-1.0037
26.2331
-0.99409
-0.99736
-0.84124
-0.84124
-0.84124
-0.84124
-0.84124
-0.84124
-0.90458
-0.90458
-0.93412
-0.91419
-0.91419
-0.90789
-0.90789
-0.90789
0
0
0
0
0
-7.7879
0
0
0
-1.0136
-1.0136
-1.0369
-0.99409
-0.99409
18.4524
-0.97952
-0.82592
-0.82592
-0.82592
-0.82592
-0.82592
-0.82592
-0.88625
-0.88625
-0.9245
-0.89429
-0.89429
-0.88834
-0.88834
-0.88834
0
-0.31443
0
0
0
0
0
0
0
-1.0153
-1.0153
-1.0427
-0.99736
-0.99736
-0.97952
19.0416
-0.82834
-0.82834
-0.82834
-0.82834
-0.82834
-0.82834
-0.89034
-0.89034
-0.92229
-0.89956
-0.89956
-0.89336
-0.89336
-0.89336
-0.84176
0
0
0
0
0
0
0
0
-0.86296
-0.86296
-0.88735
-0.84124
-0.84124
-0.82592
-0.82834
15.4656
-0.69456
-0.69456
-0.69456
-0.69456
-0.69456
-0.75013
-0.75013
-0.77327
-0.75674
-0.75674
-0.75191
-0.75191
-0.75191
0
0
0
0
0
0
0
0
0
-0.86296
-0.86296
-0.88735
-0.84124
-0.84124
-0.82592
-0.82834
-0.69456
15.4656
-0.69456
-0.69456
-0.69456
-0.69456
-0.75013
-0.75013
-0.77327
-0.75674
-0.75674
-0.75191
-0.75191
-0.75191
0
0
0
0
0
0
0
0
0
-0.86296
-0.86296
-0.88735
-0.84124
-0.84124
-0.82592
-0.82834
-0.69456
-0.69456
15.4656
-0.69456
-0.69456
-0.69456
-0.75013
-0.75013
-0.77327
-0.75674
-0.75674
-0.75191
-0.75191
-0.75191
0
0
0
0
0
0
0
0
0
-0.86296
-0.86296
-0.88735
-0.84124
-0.84124
-0.82592
-0.82834
-0.69456
-0.69456
-0.69456
15.4656
-0.69456
-0.69456
-0.75013
-0.75013
-0.77327
-0.75674
-0.75674
-0.75191
-0.75191
-0.75191
0
0
0
0
0
0
0
0
0
-0.86296
-0.86296
-0.88735
-0.84124
-0.84124
-0.82592
-0.82834
-0.69456
-0.69456
-0.69456
-0.69456
15.4656
-0.69456
-0.75013
-0.75013
-0.77327
-0.75674
-0.75674
-0.75191
-0.75191
-0.75191
0
0
0
0
0
0
0
0
0
-0.86296
-0.86296
-0.88735
-0.84124
-0.84124
-0.82592
-0.82834
-0.69456
-0.69456
-0.69456
-0.69456
-0.69456
15.4656
-0.75013
-0.75013
-0.77327
-0.75674
-0.75674
-0.75191
-0.75191
-0.75191
0
0
0
0
0
0
0
0
0
-0.92729
-0.92729
-0.95414
-0.90458
-0.90458
-0.88625
-0.89034
-0.75013
-0.75013
-0.75013
-0.75013
-0.75013
-0.75013
14.1602
-0.78044
-0.83932
-0.82261
-0.82261
0
0
0
0
0
0
0
0
0
0
0
0
-0.92729
-0.92729
-0.95414
-0.90458
-0.90458
-0.88625
-0.89034
-0.75013
-0.75013
-0.75013
-0.75013
-0.75013
-0.75013
-0.78044
14.1602
-0.83932
-0.82261
-0.82261
0
0
0
0
0
0
0
0
0
0
0
0
-0.96182
-0.96182
-0.98248
-0.93412
-0.93412
-0.9245
-0.92229
-0.77327
-0.77327
-0.77327
-0.77327
-0.77327
-0.77327
-0.83932
-0.83932
13.2492
0
0
0
0
0
0
-0.30984
0
0
0
0
0
0
0
-0.93694
-0.93694
-0.96461
-0.91419
-0.91419
-0.89429
-0.89956
-0.75674
-0.75674
-0.75674
-0.75674
-0.75674
-0.75674
-0.82261
-0.82261
0
12.6464
0
0
0
0
0
0
0
0
0
0
0
0
0
-0.93694
-0.93694
-0.96461
-0.91419
-0.91419
-0.89429
-0.89956
-0.75674
-0.75674
-0.75674
-0.75674
-0.75674
-0.75674
-0.82261
-0.82261
0
0
12.6464
0
0
0
0
0
0
0
0
0
0
0
0
-0.93045
-0.93045
-0.95792
-0.90789
-0.90789
-0.88834
-0.89336
-0.75191
-0.75191
-0.75191
-0.75191
-0.75191
-0.75191
0
0
0
0
0
10.9278
0
0
0
0
0
0
0
0
0
0
0
-0.93045
-0.93045
-0.95792
-0.90789
-0.90789
-0.88834
-0.89336
-0.75191
-0.75191
-0.75191
-0.75191
-0.75191
-0.75191
0
0
0
0
0
0
10.9278
0
0
0
0
0
0
0
0
0
0
-0.93045
-0.93045
-0.95792
-0.90789
-0.90789
-0.88834
-0.89336
-0.75191
-0.75191
-0.75191
-0.75191
-0.75191
-0.75191
0
0
0
0
0
0
0
10.9278
0
0
0
0
0
0
0
0
0
-0.88199
-0.88199
0
0
0
0
-0.84176
0
0
0
0
0
0
0
0
0
0
0
0
0
0
3.0269
0
0
0
0
0
0
0
-0.42118
0
0
0
0
0
-0.31443
0
0
0
0
0
0
0
0
0
-0.30984
0
0
0
0
0
0
0.72877
0
0
0
0
-0.1045
0
0
-2.2176
-2.2176
0
0
0
0
0
0
0
0
0
0
0
0
0
0
0
0
0
0
0
0
0
4.4352
0
0
0
0
0
0
0
0
-8.4854
0
0
0
0
0
0
0
0
0
0
0
0
0
0
0
0
0
0
0
0
0
8.4854
0
0
0
0
0
0
0
0
-7.7879
0
0
0
0
0
0
0
0
0
0
0
0
0
0
0
0
0
0
0
0
0
7.7879
0
0
0
0
0
0
0
0
-7.7879
0
0
0
0
0
0
0
0
0
0
0
0
0
0
0
0
0
0
0
0
0
7.7879
0
0
0
0
0
0
0
0
0
0
0
0
0
0
0
0
0
0
0
0
0
0
0
0
0
-0.1045
0
0
0
0
0.1045
0
0
0
0
-8.4854
0
0
0
0
0
0
0
0
0
0
0
0
0
0
0
0
0
0
0
0
0
0
0
0
0
8.4854
0
0
0
0
0
0
0
0
0
0
0
0
0
0
0
0
0
0
0
0
0
0
-0.42118
0
0
0
0
0
0
0
0.42118
