26.1353
-0.88696
-0.88591
-0.87928
-0.87585
-0.85652
-0.85652
-0.8662
-0.8662
-0.86495
-0.83268
-0.83268
-0.83268
-0.79053
-0.79053
-0.81626
-0.81626
-0.84719
-0.89754
-0.74452
0
-1.5511
-1.5339
-7.0111
0
0
0
0
0
0
-0.88696
31.8938
-0.89037
-0.90765
-0.90145
-0.87525
-0.87525
-0.88811
-0.88811
-0.86719
-0.85311
-0.85311
-0.85311
-0.80926
-0.80926
-0.83592
-0.83592
-0.86992
-0.92306
-0.72628
0
0
0
0
0
-7.7723
-7.7723
0
0
0
-0.88591
-0.89037
22.5363
-0.89554
-0.89208
-0.85801
-0.85801
-0.86886
-0.86886
-0.86422
-0.83484
-0.83484
-0.83484
-0.7923
-0.7923
-0.81812
-0.81812
-0.84939
-0.90009
-0.74214
0
0
0
0
0
0
0
0
0
-6.4374
-0.87928
-0.90765
-0.89554
17.4397
-0.87961
-0.84731
-0.84731
-0.85579
-0.85579
-0.86821
-0.82266
-0.82266
-0.82266
-0.78111
-0.78111
-0.80638
-0.80638
-0.83549
-0.88433
-0.76468
0
0
-1.4757
0
0
0
0
0
0
0
-0.87585
-0.90145
-0.89208
-0.87961
17.5326
-0.84817
-0.84817
-0.85714
-0.85714
-0.86513
-0.82388
-0.82388
-0.82388
-0.78221
-0.78221
-0.80754
-0.80754
-0.83714
-0.88634
-0.75914
0
-1.5741
0
0
0
0
0
0
0
0
-0.85652
-0.87525
-0.85801
-0.84731
-0.84817
15.5177
-0.82299
-0.83359
-0.83359
-0.83836
-0.80068
-0.80068
-0.80068
-0.76033
-0.76033
-0.78461
-0.78461
-0.81255
-0.8597
-0.73975
0
0
0
0
0
0
0
0
0
0
-0.85652
-0.87525
-0.85801
-0.84731
-0.84817
-0.82299
15.5177
-0.83359
-0.83359
-0.83836
-0.80068
-0.80068
-0.80068
-0.76033
-0.76033
-0.78461
-0.78461
-0.81255
-0.8597
-0.73975
0
0
0
0
0
0
0
0
0
0
-0.8662
-0.88811
-0.86886
-0.85579
-0.85714
-0.83359
-0.83359
14.9377
-0.83868
-0.86523
-0.80728
-0.80728
-0.80728
-0.76707
-0.76707
-0.79167
-0.79167
-0.82194
-0.8692
0
0
0
0
0
0
0
0
0
0
0
-0.8662
-0.88811
-0.86886
-0.85579
-0.85714
-0.83359
-0.83359
-0.83868
14.9377
-0.86523
-0.80728
-0.80728
-0.80728
-0.76707
-0.76707
-0.79167
-0.79167
-0.82194
-0.8692
0
0
0
0
0
0
0
0
0
0
0
-0.86495
-0.86719
-0.86422
-0.86821
-0.86513
-0.83836
-0.83836
-0.86523
-0.86523
19.385
-0.8245
-0.8245
-0.8245
-0.76994
-0.76994
-0.79468
-0.79468
0
0
0
-0.50561
0
0
0
0
0
0
0
-5.5398
0
-0.83268
-0.85311
-0.83484
-0.82266
-0.82388
-0.80068
-0.80068
-0.80728
-0.80728
-0.8245
13.5054
-0.77536
-0.77536
-0.72992
-0.72992
-0.75277
-0.75277
-0.7817
0
0
0
0
0
0
0
0
0
0
0
0
-0.83268
-0.85311
-0.83484
-0.82266
-0.82388
-0.80068
-0.80068
-0.80728
-0.80728
-0.8245
-0.77536
13.5054
-0.77536
-0.72992
-0.72992
-0.75277
-0.75277
-0.7817
0
0
0
0
0
0
0
0
0
0
0
0
-0.83268
-0.85311
-0.83484
-0.82266
-0.82388
-0.80068
-0.80068
-0.80728
-0.80728
-0.8245
-0.77536
-0.77536
13.5054
-0.72992
-0.72992
-0.75277
-0.75277
-0.7817
0
0
0
0
0
0
0
0
0
0
0
0
-0.79053
-0.80926
-0.7923
-0.78111
-0.78221
-0.76033
-0.76033
-0.76707
-0.76707
-0.76994
-0.72992
-0.72992
-0.72992
12.051
-0.67995
-0.70057
-0.70057
0
0
0
0
0
0
0
0
0
0
0
0
0
-0.79053
-0.80926
-0.7923
-0.78111
-0.78221
-0.76033
-0.76033
-0.76707
-0.76707
-0.76994
-0.72992
-0.72992
-0.72992
-0.67995
12.051
-0.70057
-0.70057
0
0
0
0
0
0
0
0
0
0
0
0
0
-0.81626
-0.83592
-0.81812
-0.80638
-0.80754
-0.78461
-0.78461
-0.79167
-0.79167
-0.79468
-0.75277
-0.75277
-0.75277
-0.70057
-0.70057
11.6909
0
0
0
0
0
0
0
0
0
0
0
0
0
0
-0.81626
-0.83592
-0.81812
-0.80638
-0.80754
-0.78461
-0.78461
-0.79167
-0.79167
-0.79468
-0.75277
-0.75277
-0.75277
-0.70057
-0.70057
0
11.6909
0
0
0
0
0
0
0
0
0
0
0
0
0
-0.84719
-0.86992
-0.84939
-0.83549
-0.83714
-0.81255
-0.81255
-0.82194
-0.82194
0
-0.7817
-0.7817
-0.7817
0
0
0
0
9.8532
0
0
0
0
0
0
0
0
0
0
0
0
-0.89754
-0.92306
-0.90009
-0.88433
-0.88634
-0.8597
-0.8597
-0.8692
-0.8692
0
0
0
0
0
0
0
0
0
7.9491
0
0
0
0
0
0
0
0
0
0
0
-0.74452
-0.72628
-0.74214
-0.76468
-0.75914
-0.73975
-0.73975
0
0
0
0
0
0
0
0
0
0
0
0
5.3208
0
0
0
0
-0.1045
0
0
0
0
0
0
0
0
0
0
0
0
0
0
-0.50561
0
0
0
0
0
0
0
0
0
0
2.3886
-0.79647
0
0
0
0
0
-1.0865
0
0
-1.5511
0
0
0
-1.5741
0
0
0
0
0
0
0
0
0
0
0
0
0
0
0
-0.79647
3.9216
0
0
0
0
0
0
0
0
-1.5339
0
0
-1.4757
0
0
0
0
0
0
0
0
0
0
0
0
0
0
0
0
0
0
3.0096
0
0
0
0
0
0
0
-7.0111
0
0
0
0
0
0
0
0
0
0
0
0
0
0
0
0
0
0
0
0
0
0
7.0111
0
0
0
0
0
0
0
0
0
0
0
0
0
0
0
0
0
0
0
0
0
0
0
0
0
-0.1045
0
0
0
0
0.1045
0
0
0
0
0
0
-7.7723
0
0
0
0
0
0
0
0
0
0
0
0
0
0
0
0
0
0
0
0
0
0
0
7.7723
0
0
0
0
0
-7.7723
0
0
0
0
0
0
0
0
0
0
0
0
0
0
0
0
0
0
0
0
0
0
0
0
7.7723
0
0
0
0
0
0
0
0
0
0
0
0
0
0
0
0
0
0
0
0
0
0
0
-1.0865
0
0
0
0
0
0
1.0865
0
0
0
0
0
0
0
0
0
0
0
-5.5398
0
0
0
0
0
0
0
0
0
0
0
0
0
0
0
0
0
0
5.5398
0
0
0
-6.4374
0
0
0
0
0
0
0
0
0
0
0
0
0
0
0
0
0
0
0
0
0
0
0
0
0
0
6.4374
