38.0894
-0.99467
-0.96873
-0.96873
-0.99467
-0.87895
-0.87895
-0.87895
-0.87895
-0.8006
-0.8006
-0.8006
-0.91642
-0.90947
-0.90947
-0.94362
-0.94362
-0.96006
-0.94362
-0.77364
-0.77364
-0.90554
0
0
-9.633
0
0
-9.633
0
0
-0.99467
21.3861
-0.98434
-0.98434
-0.94137
-0.85193
-0.85193
-0.85193
-0.85193
-0.77696
-0.77696
-0.77696
-0.8801
-0.87348
-0.87348
-0.97384
-0.97384
-0.92169
-0.97384
-0.74366
-0.74366
-0.86599
-2.9192
0
0
0
0
0
0
0
-0.96873
-0.98434
26.3166
-0.97833
-0.98434
-0.86081
-0.86081
-0.86081
-0.86081
-0.78465
-0.78465
-0.78465
-0.89363
-0.88689
-0.88689
-0.95456
-0.95456
-0.93598
-0.95456
-0.75484
-0.75484
-0.88106
0
-7.7458
0
0
0
0
0
0
-0.96873
-0.98434
-0.97833
26.3166
-0.98434
-0.86081
-0.86081
-0.86081
-0.86081
-0.78465
-0.78465
-0.78465
-0.89363
-0.88689
-0.88689
-0.95456
-0.95456
-0.93598
-0.95456
-0.75484
-0.75484
-0.88106
0
0
0
0
0
0
-7.7458
0
-0.99467
-0.94137
-0.98434
-0.98434
21.3861
-0.85193
-0.85193
-0.85193
-0.85193
-0.77696
-0.77696
-0.77696
-0.8801
-0.87348
-0.87348
-0.97384
-0.97384
-0.92169
-0.97384
-0.74366
-0.74366
-0.86599
-2.9192
0
0
0
0
0
0
0
-0.87895
-0.85193
-0.86081
-0.86081
-0.85193
16.4565
-0.75399
-0.75399
-0.75399
-0.69066
-0.69066
-0.69066
-0.7826
-0.7768
-0.7768
-0.85581
-0.85581
-0.81892
-0.85581
-0.66252
-0.66252
-0.77052
0
0
0
0
0
0
0
0
-0.87895
-0.85193
-0.86081
-0.86081
-0.85193
-0.75399
16.4565
-0.75399
-0.75399
-0.69066
-0.69066
-0.69066
-0.7826
-0.7768
-0.7768
-0.85581
-0.85581
-0.81892
-0.85581
-0.66252
-0.66252
-0.77052
0
0
0
0
0
0
0
0
-0.87895
-0.85193
-0.86081
-0.86081
-0.85193
-0.75399
-0.75399
16.4565
-0.75399
-0.69066
-0.69066
-0.69066
-0.7826
-0.7768
-0.7768
-0.85581
-0.85581
-0.81892
-0.85581
-0.66252
-0.66252
-0.77052
0
0
0
0
0
0
0
0
-0.87895
-0.85193
-0.86081
-0.86081
-0.85193
-0.75399
-0.75399
-0.75399
16.4565
-0.69066
-0.69066
-0.69066
-0.7826
-0.7768
-0.7768
-0.85581
-0.85581
-0.81892
-0.85581
-0.66252
-0.66252
-0.77052
0
0
0
0
0
0
0
0
-0.8006
-0.77696
-0.78465
-0.78465
-0.77696
-0.69066
-0.69066
-0.69066
-0.69066
14.2469
-0.61727
-0.61727
-0.70316
-0.69799
-0.69799
-0.76665
-0.76665
-0.73546
-0.76665
-0.59569
-0.59569
0
0
0
0
0
0
0
0
0
-0.8006
-0.77696
-0.78465
-0.78465
-0.77696
-0.69066
-0.69066
-0.69066
-0.69066
-0.61727
14.2469
-0.61727
-0.70316
-0.69799
-0.69799
-0.76665
-0.76665
-0.73546
-0.76665
-0.59569
-0.59569
0
0
0
0
0
0
0
0
0
-0.8006
-0.77696
-0.78465
-0.78465
-0.77696
-0.69066
-0.69066
-0.69066
-0.69066
-0.61727
-0.61727
14.2469
-0.70316
-0.69799
-0.69799
-0.76665
-0.76665
-0.73546
-0.76665
-0.59569
-0.59569
0
0
0
0
0
0
0
0
0
-0.91642
-0.8801
-0.89363
-0.89363
-0.8801
-0.7826
-0.7826
-0.7826
-0.7826
-0.70316
-0.70316
-0.70316
12.3198
-0.85631
-0.85631
0
0
-0.90341
0
0
0
0
0
0
0
0
0
0
0
0
-0.90947
-0.87348
-0.88689
-0.88689
-0.87348
-0.7768
-0.7768
-0.7768
-0.7768
-0.69799
-0.69799
-0.69799
-0.85631
11.2877
-0.79998
0
0
0
0
0
0
0
0
0
0
0
0
0
0
0
-0.90947
-0.87348
-0.88689
-0.88689
-0.87348
-0.7768
-0.7768
-0.7768
-0.7768
-0.69799
-0.69799
-0.69799
-0.85631
-0.79998
11.2877
0
0
0
0
0
0
0
0
0
0
0
0
0
0
0
-0.94362
-0.97384
-0.95456
-0.95456
-0.97384
-0.85581
-0.85581
-0.85581
-0.85581
-0.76665
-0.76665
-0.76665
0
0
0
11.8433
0
0
0
0
0
0
0
0
0
-1.3197
0
0
0
0
-0.94362
-0.97384
-0.95456
-0.95456
-0.97384
-0.85581
-0.85581
-0.85581
-0.85581
-0.76665
-0.76665
-0.76665
0
0
0
0
11.8433
0
0
0
0
0
0
0
0
0
0
0
0
-1.3197
-0.96006
-0.92169
-0.93598
-0.93598
-0.92169
-0.81892
-0.81892
-0.81892
-0.81892
-0.73546
-0.73546
-0.73546
-0.90341
0
0
0
0
11.0608
0
0
0
0
0
0
0
0
0
0
0
0
-0.94362
-0.97384
-0.95456
-0.95456
-0.97384
-0.85581
-0.85581
-0.85581
-0.85581
-0.76665
-0.76665
-0.76665
0
0
0
0
0
0
11.8433
0
0
0
0
0
0
0
-1.3197
0
0
0
-0.77364
-0.74366
-0.75484
-0.75484
-0.74366
-0.66252
-0.66252
-0.66252
-0.66252
-0.59569
-0.59569
-0.59569
0
0
0
0
0
0
0
8.2078
0
0
0
0
0
0
0
0
0
0
-0.77364
-0.74366
-0.75484
-0.75484
-0.74366
-0.66252
-0.66252
-0.66252
-0.66252
-0.59569
-0.59569
-0.59569
0
0
0
0
0
0
0
0
8.2078
0
0
0
0
0
0
0
0
0
-0.90554
-0.86599
-0.88106
-0.88106
-0.86599
-0.77052
-0.77052
-0.77052
-0.77052
0
0
0
0
0
0
0
0
0
0
0
0
7.4817
0
0
0
0
0
0
0
0
0
-2.9192
0
0
-2.9192
0
0
0
0
0
0
0
0
0
0
0
0
0
0
0
0
0
5.8385
0
0
0
0
0
0
0
0
0
-7.7458
0
0
0
0
0
0
0
0
0
0
0
0
0
0
0
0
0
0
0
0
7.7458
0
0
0
0
0
0
-9.633
0
0
0
0
0
0
0
0
0
0
0
0
0
0
0
0
0
0
0
0
0
0
0
9.633
0
0
0
0
0
0
0
0
0
0
0
0
0
0
0
0
0
0
0
0
-1.3197
0
0
0
0
0
0
0
0
0
1.3197
0
0
0
0
0
0
0
0
0
0
0
0
0
0
0
0
0
0
0
0
0
0
-1.3197
0
0
0
0
0
0
0
1.3197
0
0
0
-9.633
0
0
0
0
0
0
0
0
0
0
0
0
0
0
0
0
0
0
0
0
0
0
0
0
0
0
9.633
0
0
0
0
0
-7.7458
0
0
0
0
0
0
0
0
0
0
0
0
0
0
0
0
0
0
0
0
0
0
0
0
7.7458
0
0
0
0
0
0
0
0
0
0
0
0
0
0
0
0
0
-1.3197
0
0
0
0
0
0
0
0
0
0
0
0
1.3197
