12.4294
-0.6282
-0.72809
-0.58106
-0.71937
-0.61532
-0.61532
-0.61532
-0.61532
-0.64559
-0.62077
-0.59945
-0.59945
-0.59945
-0.67114
-0.67143
-0.56812
0
-1.0924
-0.41457
-0.41457
-0.41457
0
0
0
0
0
0
0
0
-0.6282
12.4294
-0.72809
-0.58106
-0.71937
-0.61532
-0.61532
-0.61532
-0.61532
-0.64559
-0.62077
-0.59945
-0.59945
-0.59945
-0.67114
-0.67143
-0.56812
0
-1.0924
-0.41457
-0.41457
-0.41457
0
0
0
0
0
0
0
0
-0.72809
-0.72809
47.0445
-0.65662
-0.69276
-0.65452
-0.65452
-0.65452
-0.65452
-0.62082
-0.66748
-0.64396
-0.64396
-0.64396
-0.72926
-0.60369
-0.6186
-0.76458
0
0
0
0
-11.8949
0
0
-11.8949
0
0
-11.8949
0
-0.58106
-0.58106
-0.65662
10.4403
-0.66292
-0.56531
-0.56531
-0.56531
-0.56531
-0.59931
-0.56913
-0.5496
-0.5496
-0.5496
-0.61396
-0.62354
-0.51931
0
0
-0.37447
-0.37447
-0.37447
0
0
0
0
0
0
0
0
-0.71937
-0.71937
-0.69276
-0.66292
20.224
-0.69505
-0.69505
-0.69505
-0.69505
-0.72981
-0.70373
-0.68021
-0.68021
-0.68021
-0.76488
-0.7171
-0.64665
0
0
0
0
0
0
0
0
0
0
-9.0466
0
0
-0.61532
-0.61532
-0.65452
-0.56531
-0.69505
9.6393
-0.56013
-0.56013
-0.56013
-0.64922
-0.59675
-0.57775
-0.57775
-0.57775
-0.64679
-0.641
-0.54642
0
0
0
0
0
0
0
0
0
0
0
0
0
-0.61532
-0.61532
-0.65452
-0.56531
-0.69505
-0.56013
9.6393
-0.56013
-0.56013
-0.64922
-0.59675
-0.57775
-0.57775
-0.57775
-0.64679
-0.641
-0.54642
0
0
0
0
0
0
0
0
0
0
0
0
0
-0.61532
-0.61532
-0.65452
-0.56531
-0.69505
-0.56013
-0.56013
9.6393
-0.56013
-0.64922
-0.59675
-0.57775
-0.57775
-0.57775
-0.64679
-0.641
-0.54642
0
0
0
0
0
0
0
0
0
0
0
0
0
-0.61532
-0.61532
-0.65452
-0.56531
-0.69505
-0.56013
-0.56013
-0.56013
9.6393
-0.64922
-0.59675
-0.57775
-0.57775
-0.57775
-0.64679
-0.641
-0.54642
0
0
0
0
0
0
0
0
0
0
0
0
0
-0.64559
-0.64559
-0.62082
-0.59931
-0.72981
-0.64922
-0.64922
-0.64922
-0.64922
16.4923
-0.62027
-0.59854
-0.59854
-0.59854
0
0
0
-0.82301
0
0
0
0
0
0
0
0
-7.4155
0
0
0
-0.62077
-0.62077
-0.66748
-0.56913
-0.70373
-0.59675
-0.59675
-0.59675
-0.59675
-0.62027
8.5906
-0.58086
-0.58086
-0.58086
-0.65885
0
0
0
0
0
0
0
0
0
0
0
0
0
0
0
-0.59945
-0.59945
-0.64396
-0.5496
-0.68021
-0.57775
-0.57775
-0.57775
-0.57775
-0.59854
-0.58086
7.61
-0.52345
-0.52345
0
0
0
0
0
0
0
0
0
0
0
0
0
0
0
0
-0.59945
-0.59945
-0.64396
-0.5496
-0.68021
-0.57775
-0.57775
-0.57775
-0.57775
-0.59854
-0.58086
-0.52345
7.61
-0.52345
0
0
0
0
0
0
0
0
0
0
0
0
0
0
0
0
-0.59945
-0.59945
-0.64396
-0.5496
-0.68021
-0.57775
-0.57775
-0.57775
-0.57775
-0.59854
-0.58086
-0.52345
-0.52345
7.61
0
0
0
0
0
0
0
0
0
0
0
0
0
0
0
0
-0.67114
-0.67114
-0.72926
-0.61396
-0.76488
-0.64679
-0.64679
-0.64679
-0.64679
0
-0.65885
0
0
0
6.6964
0
0
0
0
0
0
0
0
0
0
0
0
0
0
0
-0.67143
-0.67143
-0.60369
-0.62354
-0.7171
-0.641
-0.641
-0.641
-0.641
0
0
0
0
0
0
9.6088
0
0
0
0
0
0
0
0
0
0
0
0
0
-3.7576
-0.56812
-0.56812
-0.6186
-0.51931
-0.64665
-0.54642
-0.54642
-0.54642
-0.54642
0
0
0
0
0
0
0
5.1065
0
0
0
0
0
0
0
0
0
0
0
0
0
0
0
-0.76458
0
0
0
0
0
0
-0.82301
0
0
0
0
0
0
0
2.3992
0
0
0
0
0
0
-0.81164
0
0
0
0
0
-1.0924
-1.0924
0
0
0
0
0
0
0
0
0
0
0
0
0
0
0
0
4.5045
0
0
0
0
-2.3198
0
0
0
0
0
0
-0.41457
-0.41457
0
-0.37447
0
0
0
0
0
0
0
0
0
0
0
0
0
0
0
1.2036
0
0
0
0
0
0
0
0
0
0
-0.41457
-0.41457
0
-0.37447
0
0
0
0
0
0
0
0
0
0
0
0
0
0
0
0
1.2036
0
0
0
0
0
0
0
0
0
-0.41457
-0.41457
0
-0.37447
0
0
0
0
0
0
0
0
0
0
0
0
0
0
0
0
0
1.2036
0
0
0
0
0
0
0
0
0
0
-11.8949
0
0
0
0
0
0
0
0
0
0
0
0
0
0
0
0
0
0
0
11.8949
0
0
0
0
0
0
0
0
0
0
0
0
0
0
0
0
0
0
0
0
0
0
0
0
0
-2.3198
0
0
0
0
2.3198
0
0
0
0
0
0
0
0
0
0
0
0
0
0
0
0
0
0
0
0
0
0
0
-0.81164
0
0
0
0
0
0
0.81164
0
0
0
0
0
0
0
-11.8949
0
0
0
0
0
0
0
0
0
0
0
0
0
0
0
0
0
0
0
0
0
0
11.8949
0
0
0
0
0
0
0
0
0
0
0
0
0
-7.4155
0
0
0
0
0
0
0
0
0
0
0
0
0
0
0
0
7.4155
0
0
0
0
0
0
0
-9.0466
0
0
0
0
0
0
0
0
0
0
0
0
0
0
0
0
0
0
0
0
0
0
9.0466
0
0
0
0
-11.8949
0
0
0
0
0
0
0
0
0
0
0
0
0
0
0
0
0
0
0
0
0
0
0
0
0
11.8949
0
0
0
0
0
0
0
0
0
0
0
0
0
0
0
0
-3.7576
0
0
0
0
0
0
0
0
0
0
0
0
0
3.7576
