31.2625
-0.59307
-0.57928
-0.59307
-0.57959
-0.57959
-0.57959
-0.59872
-0.59872
-0.48947
-0.5968
-0.62669
-0.62669
-0.57166
-0.57463
-0.57463
-0.57463
-0.57463
-0.87724
-0.87724
0
-9.7983
0
0
0
0
-9.7983
0
0
0
-0.59307
11.5262
-0.61004
-0.58171
-0.57742
-0.57742
-0.57742
-0.60883
-0.60883
-0.52155
-0.6097
-0.61957
-0.61957
-0.58506
-0.56365
-0.56365
-0.56365
-0.56365
-0.79071
-0.79071
0
0
0
0
0
0
0
0
0
0
-0.57928
-0.61004
28.3623
-0.61004
-0.57706
-0.57706
-0.57706
-0.59142
-0.59142
-0.48316
-0.58892
-0.62367
-0.62367
-0.5643
-0.57399
-0.57399
-0.57399
-0.57399
0
0
0
0
0
0
0
0
0
0
-9.2346
-9.2346
-0.59307
-0.58171
-0.61004
11.5262
-0.57742
-0.57742
-0.57742
-0.60883
-0.60883
-0.52155
-0.6097
-0.61957
-0.61957
-0.58506
-0.56365
-0.56365
-0.56365
-0.56365
-0.79071
-0.79071
0
0
0
0
0
0
0
0
0
0
-0.57959
-0.57742
-0.57706
-0.57742
9.6932
-0.55446
-0.55446
-0.59142
-0.59142
-0.50862
-0.59175
-0.60478
-0.60478
-0.56843
-0.5529
-0.5529
-0.5529
-0.5529
0
0
0
0
0
0
0
0
0
0
0
0
-0.57959
-0.57742
-0.57706
-0.57742
-0.55446
9.6932
-0.55446
-0.59142
-0.59142
-0.50862
-0.59175
-0.60478
-0.60478
-0.56843
-0.5529
-0.5529
-0.5529
-0.5529
0
0
0
0
0
0
0
0
0
0
0
0
-0.57959
-0.57742
-0.57706
-0.57742
-0.55446
-0.55446
9.6932
-0.59142
-0.59142
-0.50862
-0.59175
-0.60478
-0.60478
-0.56843
-0.5529
-0.5529
-0.5529
-0.5529
0
0
0
0
0
0
0
0
0
0
0
0
-0.59872
-0.60883
-0.59142
-0.60883
-0.59142
-0.59142
-0.59142
10.8038
-0.59906
-0.5036
-0.59717
-0.60943
-0.60943
0
0
0
0
0
0
0
-3.7031
0
0
0
0
0
0
0
0
0
-0.59872
-0.60883
-0.59142
-0.60883
-0.59142
-0.59142
-0.59142
-0.59906
10.8038
-0.5036
-0.59717
-0.60943
-0.60943
0
0
0
0
0
0
0
0
0
0
0
0
-3.7031
0
0
0
0
-0.48947
-0.52155
-0.48316
-0.52155
-0.50862
-0.50862
-0.50862
-0.5036
-0.5036
14.7767
0
0
0
0
0
0
0
0
0
0
0
0
-5.114
0
-5.114
0
0
0
0
0
-0.5968
-0.6097
-0.58892
-0.6097
-0.59175
-0.59175
-0.59175
-0.59717
-0.59717
0
5.806
0
0
0
0
0
0
0
0
0
0
0
0
0
0
0
0
-0.43124
0
0
-0.62669
-0.61957
-0.62367
-0.61957
-0.60478
-0.60478
-0.60478
-0.60943
-0.60943
0
0
5.5227
0
0
0
0
0
0
0
0
0
0
0
0
0
0
0
0
0
0
-0.62669
-0.61957
-0.62367
-0.61957
-0.60478
-0.60478
-0.60478
-0.60943
-0.60943
0
0
0
5.5227
0
0
0
0
0
0
0
0
0
0
0
0
0
0
0
0
0
-0.57166
-0.58506
-0.5643
-0.58506
-0.56843
-0.56843
-0.56843
0
0
0
0
0
0
4.1159
0
0
0
0
0
0
0
0
0
-0.1045
0
0
0
0
0
0
-0.57463
-0.56365
-0.57399
-0.56365
-0.5529
-0.5529
-0.5529
0
0
0
0
0
0
0
3.9346
0
0
0
0
0
0
0
0
0
0
0
0
0
0
0
-0.57463
-0.56365
-0.57399
-0.56365
-0.5529
-0.5529
-0.5529
0
0
0
0
0
0
0
0
3.9346
0
0
0
0
0
0
0
0
0
0
0
0
0
0
-0.57463
-0.56365
-0.57399
-0.56365
-0.5529
-0.5529
-0.5529
0
0
0
0
0
0
0
0
0
3.9346
0
0
0
0
0
0
0
0
0
0
0
0
0
-0.57463
-0.56365
-0.57399
-0.56365
-0.5529
-0.5529
-0.5529
0
0
0
0
0
0
0
0
0
0
3.9346
0
0
0
0
0
0
0
0
0
0
0
0
-0.87724
-0.79071
0
-0.79071
0
0
0
0
0
0
0
0
0
0
0
0
0
0
2.4587
0
0
0
0
0
0
0
0
0
0
0
-0.87724
-0.79071
0
-0.79071
0
0
0
0
0
0
0
0
0
0
0
0
0
0
0
2.4587
0
0
0
0
0
0
0
0
0
0
0
0
0
0
0
0
0
-3.7031
0
0
0
0
0
0
0
0
0
0
0
0
3.7031
0
0
0
0
0
0
0
0
0
-9.7983
0
0
0
0
0
0
0
0
0
0
0
0
0
0
0
0
0
0
0
0
9.7983
0
0
0
0
0
0
0
0
0
0
0
0
0
0
0
0
0
-5.114
0
0
0
0
0
0
0
0
0
0
0
0
5.114
0
0
0
0
0
0
0
0
0
0
0
0
0
0
0
0
0
0
0
0
-0.1045
0
0
0
0
0
0
0
0
0
0.1045
0
0
0
0
0
0
0
0
0
0
0
0
0
0
0
-5.114
0
0
0
0
0
0
0
0
0
0
0
0
0
0
5.114
0
0
0
0
0
0
0
0
0
0
0
0
0
-3.7031
0
0
0
0
0
0
0
0
0
0
0
0
0
0
0
0
3.7031
0
0
0
0
-9.7983
0
0
0
0
0
0
0
0
0
0
0
0
0
0
0
0
0
0
0
0
0
0
0
0
0
9.7983
0
0
0
0
0
0
0
0
0
0
0
0
0
-0.43124
0
0
0
0
0
0
0
0
0
0
0
0
0
0
0
0
0.43124
0
0
0
0
-9.2346
0
0
0
0
0
0
0
0
0
0
0
0
0
0
0
0
0
0
0
0
0
0
0
0
0
9.2346
0
0
0
-9.2346
0
0
0
0
0
0
0
0
0
0
0
0
0
0
0
0
0
0
0
0
0
0
0
0
0
0
9.2346
