17.3958
-0.97717
-0.97717
-0.95244
-0.96135
-0.95865
-0.96834
-0.95244
-0.7422
-0.7422
-0.86635
-0.7422
-0.7422
-0.7422
-0.7422
-0.7422
-0.76707
-0.80955
-0.80955
0
-0.54466
-0.34427
-1.3114
0
0
0
0
0
0
0
-0.97717
25.6941
-1.0749
-1.0495
-1.0526
-1.046
-1.0571
-1.0495
-0.81088
-0.81088
-0.93231
-0.81088
-0.81088
-0.81088
-0.81088
-0.81088
-0.83749
-0.88833
-0.88833
-1.1259
0
0
0
0
0
0
-8.0387
0
0
0
-0.97717
-1.0749
25.6941
-1.0495
-1.0526
-1.046
-1.0571
-1.0495
-0.81088
-0.81088
-0.93231
-0.81088
-0.81088
-0.81088
-0.81088
-0.81088
-0.83749
-0.88833
-0.88833
-1.1259
0
0
0
0
-8.0387
0
0
0
0
0
-0.95244
-1.0495
-1.0495
17.008
-1.0189
-1.0167
-1.04
-0.9812
-0.77155
-0.77155
-0.94408
-0.77155
-0.77155
-0.77155
-0.77155
-0.77155
-0.79866
-0.84847
-0.84847
-1.0594
0
0
0
0
0
0
0
0
0
0
-0.96135
-1.0526
-1.0526
-1.0189
17.3124
-1.0192
-1.0407
-1.0189
-0.77291
-0.77291
-0.94327
-0.77291
-0.77291
-0.77291
-0.77291
-0.77291
-0.79957
-0.84978
-0.84978
0
0
0
-1.2954
0
0
0
0
0
0
0
-0.95865
-1.046
-1.046
-1.0167
-1.0192
16.5511
-1.0329
-1.0167
-0.77048
-0.77048
-0.93327
-0.77048
-0.77048
-0.77048
-0.77048
-0.77048
-0.79699
-0.84744
-0.84744
0
-0.59665
0
0
0
0
0
0
0
0
0
-0.96834
-1.0571
-1.0571
-1.04
-1.0407
-1.0329
23.873
-1.04
-0.78619
-0.78619
-0.91845
-0.78619
-0.78619
-0.78619
-0.78619
-0.78619
-0.81302
-0.86712
-0.86712
0
0
0
0
0
0
-7.668
0
0
0
0
-0.95244
-1.0495
-1.0495
-0.9812
-1.0189
-1.0167
-1.04
17.008
-0.77155
-0.77155
-0.94408
-0.77155
-0.77155
-0.77155
-0.77155
-0.77155
-0.79866
-0.84847
-0.84847
-1.0594
0
0
0
0
0
0
0
0
0
0
-0.7422
-0.81088
-0.81088
-0.77155
-0.77291
-0.77048
-0.78619
-0.77155
12.2984
-0.57305
-0.71613
-0.57305
-0.57305
-0.57305
-0.57305
-0.57305
-0.60929
-0.64902
-0.64902
0
0
0
0
0
0
0
0
0
0
0
-0.7422
-0.81088
-0.81088
-0.77155
-0.77291
-0.77048
-0.78619
-0.77155
-0.57305
12.2984
-0.71613
-0.57305
-0.57305
-0.57305
-0.57305
-0.57305
-0.60929
-0.64902
-0.64902
0
0
0
0
0
0
0
0
0
0
0
-0.86635
-0.93231
-0.93231
-0.94408
-0.94327
-0.93327
-0.91845
-0.94408
-0.71613
-0.71613
30.001
-0.71613
-0.71613
-0.71613
-0.71613
-0.71613
-0.60102
0
0
0
0
0
0
-8.4865
0
0
0
-8.4865
0
0
-0.7422
-0.81088
-0.81088
-0.77155
-0.77291
-0.77048
-0.78619
-0.77155
-0.57305
-0.57305
-0.71613
12.2984
-0.57305
-0.57305
-0.57305
-0.57305
-0.60929
-0.64902
-0.64902
0
0
0
0
0
0
0
0
0
0
0
-0.7422
-0.81088
-0.81088
-0.77155
-0.77291
-0.77048
-0.78619
-0.77155
-0.57305
-0.57305
-0.71613
-0.57305
12.2984
-0.57305
-0.57305
-0.57305
-0.60929
-0.64902
-0.64902
0
0
0
0
0
0
0
0
0
0
0
-0.7422
-0.81088
-0.81088
-0.77155
-0.77291
-0.77048
-0.78619
-0.77155
-0.57305
-0.57305
-0.71613
-0.57305
-0.57305
12.2984
-0.57305
-0.57305
-0.60929
-0.64902
-0.64902
0
0
0
0
0
0
0
0
0
0
0
-0.7422
-0.81088
-0.81088
-0.77155
-0.77291
-0.77048
-0.78619
-0.77155
-0.57305
-0.57305
-0.71613
-0.57305
-0.57305
-0.57305
12.2984
-0.57305
-0.60929
-0.64902
-0.64902
0
0
0
0
0
0
0
0
0
0
0
-0.7422
-0.81088
-0.81088
-0.77155
-0.77291
-0.77048
-0.78619
-0.77155
-0.57305
-0.57305
-0.71613
-0.57305
-0.57305
-0.57305
-0.57305
12.2984
-0.60929
-0.64902
-0.64902
0
0
0
0
0
0
0
0
0
0
0
-0.76707
-0.83749
-0.83749
-0.79866
-0.79957
-0.79699
-0.81302
-0.79866
-0.60929
-0.60929
-0.60102
-0.60929
-0.60929
-0.60929
-0.60929
-0.60929
11.315
0
0
0
0
0
0
0
0
0
0
0
0
0
-0.80955
-0.88833
-0.88833
-0.84847
-0.84978
-0.84744
-0.86712
-0.84847
-0.64902
-0.64902
0
-0.64902
-0.64902
-0.64902
-0.64902
-0.64902
0
11.3906
0
0
0
0
0
0
0
0
0
0
0
0
-0.80955
-0.88833
-0.88833
-0.84847
-0.84978
-0.84744
-0.86712
-0.84847
-0.64902
-0.64902
0
-0.64902
-0.64902
-0.64902
-0.64902
-0.64902
0
0
11.3906
0
0
0
0
0
0
0
0
0
0
0
0
-1.1259
-1.1259
-1.0594
0
0
0
-1.0594
0
0
0
0
0
0
0
0
0
0
0
4.3706
0
0
0
0
0
0
0
0
0
0
-0.54466
0
0
0
0
-0.59665
0
0
0
0
0
0
0
0
0
0
0
0
0
0
1.6031
0
0
0
0
0
0
0
-0.46184
0
-0.34427
0
0
0
0
0
0
0
0
0
0
0
0
0
0
0
0
0
0
0
0
2.9303
-1.7256
0
0
0
0
0
0
-0.8604
-1.3114
0
0
0
-1.2954
0
0
0
0
0
0
0
0
0
0
0
0
0
0
0
0
-1.7256
4.3324
0
0
0
0
0
0
0
0
0
0
0
0
0
0
0
0
0
-8.4865
0
0
0
0
0
0
0
0
0
0
0
0
8.4865
0
0
0
0
0
0
0
0
-8.0387
0
0
0
0
0
0
0
0
0
0
0
0
0
0
0
0
0
0
0
0
0
8.0387
0
0
0
0
0
0
0
0
0
0
0
-7.668
0
0
0
0
0
0
0
0
0
0
0
0
0
0
0
0
0
0
7.668
0
0
0
0
0
-8.0387
0
0
0
0
0
0
0
0
0
0
0
0
0
0
0
0
0
0
0
0
0
0
0
0
8.0387
0
0
0
0
0
0
0
0
0
0
0
0
0
-8.4865
0
0
0
0
0
0
0
0
0
0
0
0
0
0
0
0
8.4865
0
0
0
0
0
0
0
0
0
0
0
0
0
0
0
0
0
0
0
0
0
0
-0.46184
0
0
0
0
0
0
0
0.46184
0
0
0
0
0
0
0
0
0
0
0
0
0
0
0
0
0
0
0
0
0
0
-0.8604
0
0
0
0
0
0
0
0.8604
