15.2991
-0.78543
-0.80795
-0.79028
-0.76952
-0.77047
-0.77078
-0.73995
-0.68548
-0.68548
-0.68548
-0.68548
-0.79429
-0.74114
-0.72742
0
-1.9712
-1.7612
0
-1.1275
0
0
0
0
0
0
0
0
0
0
-0.78543
14.0744
-0.81462
-0.78893
-0.76629
-0.7727
-0.77705
-0.73881
-0.68348
-0.68348
-0.68348
-0.68348
-0.79761
-0.73858
-0.73963
-0.82068
0
-1.7159
0
-1.0842
0
0
0
0
0
0
0
0
0
0
-0.80795
-0.81462
13.0995
-0.81779
-0.79931
-0.79098
-0.79901
-0.7633
-0.70003
-0.70003
-0.70003
-0.70003
-0.79928
-0.75962
-0.7772
0
0
0
-0.5776
0
0
-1.7927
0
0
0
0
0
0
0
0
-0.79028
-0.78893
-0.81779
16.7922
-0.78436
-0.78052
-0.78202
-0.71525
-0.67046
-0.67046
-0.67046
-0.67046
-0.77118
-0.72316
-0.7251
0
0
0
0
0
0
0
0
0
0
0
0
0
-6.4318
0
-0.76952
-0.76629
-0.79931
-0.78436
11.2645
-0.76136
-0.7718
-0.71202
-0.65697
-0.65697
-0.65697
-0.65697
-0.75828
-0.70754
-0.71303
0
0
0
0
-1.0931
0
0
0
0
0
0
0
0
0
0
-0.77047
-0.7727
-0.79098
-0.78052
-0.76136
10.6991
-0.76696
-0.70869
-0.65414
-0.65414
-0.65414
-0.65414
-0.75036
-0.70499
-0.71998
0
0
0
-0.55558
0
0
0
0
0
0
0
0
0
0
0
-0.77078
-0.77705
-0.79901
-0.78202
-0.7718
-0.76696
12.1549
-0.70721
-0.66069
-0.66069
-0.66069
-0.66069
-0.75623
-0.71296
-0.70814
0
0
0
0
0
0
0
-1.96
0
0
0
0
0
0
0
-0.73995
-0.73881
-0.7633
-0.71525
-0.71202
-0.70869
-0.70721
15.144
-0.61199
-0.61199
-0.61199
-0.61199
-0.74866
0
-0.67108
0
0
0
0
0
0
0
0
0
0
0
0
-6.191
0
0
-0.68548
-0.68348
-0.70003
-0.67046
-0.65697
-0.65414
-0.66069
-0.61199
8.3145
-0.55077
-0.55077
-0.55077
-0.70335
-0.63564
0
0
0
0
0
0
0
0
0
0
0
0
0
0
0
0
-0.68548
-0.68348
-0.70003
-0.67046
-0.65697
-0.65414
-0.66069
-0.61199
-0.55077
8.3145
-0.55077
-0.55077
-0.70335
-0.63564
0
0
0
0
0
0
0
0
0
0
0
0
0
0
0
0
-0.68548
-0.68348
-0.70003
-0.67046
-0.65697
-0.65414
-0.66069
-0.61199
-0.55077
-0.55077
8.3145
-0.55077
-0.70335
-0.63564
0
0
0
0
0
0
0
0
0
0
0
0
0
0
0
0
-0.68548
-0.68348
-0.70003
-0.67046
-0.65697
-0.65414
-0.66069
-0.61199
-0.55077
-0.55077
-0.55077
8.3145
-0.70335
-0.63564
0
0
0
0
0
0
0
0
0
0
0
0
0
0
0
0
-0.79429
-0.79761
-0.79928
-0.77118
-0.75828
-0.75036
-0.75623
-0.74866
-0.70335
-0.70335
-0.70335
-0.70335
10.7262
0
0
0
0
0
0
0
0
-1.7369
0
0
0
0
0
0
0
0
-0.74114
-0.73858
-0.75962
-0.72316
-0.70754
-0.70499
-0.71296
0
-0.63564
-0.63564
-0.63564
-0.63564
0
7.6305
0
0
0
0
0
0
0
0
0
0
0
0
0
0
0
0
-0.72742
-0.73963
-0.7772
-0.7251
-0.71303
-0.71998
-0.70814
-0.67108
0
0
0
0
0
0
8.3662
-0.82632
-1.7583
0
0
0
0
0
0
0
0
0
0
0
0
0
0
-0.82068
0
0
0
0
0
0
0
0
0
0
0
0
-0.82632
5.4493
0
-1.4158
0
0
-0.43753
0
0
0
-1.949
0
0
0
0
0
-1.9712
0
0
0
0
0
0
0
0
0
0
0
0
0
-1.7583
0
9.8442
0
0
0
0
-2.3117
0
-3.803
0
0
0
0
0
0
-1.7612
-1.7159
0
0
0
0
0
0
0
0
0
0
0
0
0
-1.4158
0
9.3581
0
0
0
0
0
0
0
0
0
0
0
-4.4653
0
0
-0.5776
0
0
-0.55558
0
0
0
0
0
0
0
0
0
0
0
0
2.1632
0
-1.03
0
0
0
0
0
0
0
0
0
-1.1275
-1.0842
0
0
-1.0931
0
0
0
0
0
0
0
0
0
0
0
0
0
0
3.3049
0
0
0
0
0
0
0
0
0
0
0
0
0
0
0
0
0
0
0
0
0
0
0
0
0
-0.43753
0
0
-1.03
0
1.572
0
0
0
0
0
-0.1045
0
0
0
0
0
-1.7927
0
0
0
0
0
0
0
0
0
-1.7369
0
0
0
-2.3117
0
0
0
0
5.8413
0
0
0
0
0
0
0
0
0
0
0
0
0
0
-1.96
0
0
0
0
0
0
0
0
0
0
0
0
0
0
0
8.2962
-3.0111
0
-3.3251
0
0
0
0
0
0
0
0
0
0
0
0
0
0
0
0
0
0
0
0
-3.803
0
0
0
0
0
-3.0111
6.8141
0
0
0
0
0
0
0
0
0
0
0
0
0
0
0
0
0
0
0
0
0
-1.949
0
0
0
0
0
0
0
0
4.1396
-2.1906
0
0
0
0
0
0
0
0
0
0
0
0
0
0
0
0
0
0
0
0
0
0
0
0
0
0
-3.3251
0
-2.1906
5.5157
0
0
0
0
0
0
0
0
0
0
0
0
0
0
0
0
0
0
0
0
0
0
0
0
-0.1045
0
0
0
0
0
0.1045
0
0
0
0
0
0
0
0
0
0
-6.191
0
0
0
0
0
0
0
0
0
0
0
0
0
0
0
0
0
0
0
6.191
0
0
0
0
0
-6.4318
0
0
0
0
0
0
0
0
0
0
0
0
0
0
0
0
0
0
0
0
0
0
0
0
6.4318
0
0
0
0
0
0
0
0
0
0
0
0
0
0
0
0
0
0
-4.4653
0
0
0
0
0
0
0
0
0
0
0
4.4653
