19.1286
-0.85918
-0.8111
-0.80893
-0.8111
-0.77132
-0.7661
-0.7874
-0.74945
-0.74945
-0.74945
-0.79702
-0.79702
-0.79702
-0.79702
-0.79963
-1.1964
0
-0.76232
-1.6382
-2.9287
0
0
0
-0.75171
0
0
0
0
0
-0.85918
18.2668
-0.88053
-0.8963
-0.88053
-0.85348
-0.83762
-0.85408
-0.81601
-0.81601
-0.81601
-0.86837
-0.86837
-0.86837
-0.86837
-0.83485
-1.2849
0
-0.82931
0
0
0
0
0
0
-3.3346
0
0
0
0
-0.8111
-0.88053
14.0841
-0.84781
-0.79993
-0.79944
-0.78821
-0.79994
-0.76176
-0.76176
-0.76176
-0.8102
-0.8102
-0.8102
-0.8102
-0.82692
-1.233
0
-0.77115
0
0
0
0
0
0
0
0
0
0
0
-0.80893
-0.8963
-0.84781
15.8451
-0.84781
-0.8021
-0.78987
-0.80323
-0.7645
-0.7645
-0.7645
-0.81313
-0.81313
-0.81313
-0.81313
-0.8286
0
0
-0.7746
0
-2.8998
0
0
0
0
0
0
0
0
0
-0.8111
-0.88053
-0.79993
-0.84781
14.0841
-0.79944
-0.78821
-0.79994
-0.76176
-0.76176
-0.76176
-0.8102
-0.8102
-0.8102
-0.8102
-0.82692
-1.233
0
-0.77115
0
0
0
0
0
0
0
0
0
0
0
-0.77132
-0.85348
-0.79944
-0.8021
-0.79944
12.4632
-0.74589
-0.74725
-0.7142
-0.7142
-0.7142
-0.75933
-0.75933
-0.75933
-0.75933
0
0
0
0
0
0
-1.0646
0
0
-0.69977
0
0
0
0
0
-0.7661
-0.83762
-0.78821
-0.78987
-0.78821
-0.74589
12.4605
-0.74989
-0.71457
-0.71457
-0.71457
-0.75972
-0.75972
-0.75972
-0.75972
-0.76706
0
-1.0451
0
0
0
0
0
0
0
0
0
0
0
0
-0.7874
-0.85408
-0.79994
-0.80323
-0.79994
-0.74725
-0.74989
11.6795
-0.73545
-0.73545
-0.73545
-0.78204
-0.78204
-0.78204
-0.78204
-0.80325
0
0
0
0
0
0
0
0
0
0
0
0
0
0
-0.74945
-0.81601
-0.76176
-0.7645
-0.76176
-0.7142
-0.71457
-0.73545
10.3084
-0.68629
-0.68629
-0.72953
-0.72953
-0.72953
-0.72953
0
0
0
0
0
0
0
0
0
0
0
0
0
0
0
-0.74945
-0.81601
-0.76176
-0.7645
-0.76176
-0.7142
-0.71457
-0.73545
-0.68629
10.3084
-0.68629
-0.72953
-0.72953
-0.72953
-0.72953
0
0
0
0
0
0
0
0
0
0
0
0
0
0
0
-0.74945
-0.81601
-0.76176
-0.7645
-0.76176
-0.7142
-0.71457
-0.73545
-0.68629
-0.68629
10.3084
-0.72953
-0.72953
-0.72953
-0.72953
0
0
0
0
0
0
0
0
0
0
0
0
0
0
0
-0.79702
-0.86837
-0.8102
-0.81313
-0.8102
-0.75933
-0.75972
-0.78204
-0.72953
-0.72953
-0.72953
8.5886
0
0
0
0
0
0
0
0
0
0
0
0
0
0
0
0
0
0
-0.79702
-0.86837
-0.8102
-0.81313
-0.8102
-0.75933
-0.75972
-0.78204
-0.72953
-0.72953
-0.72953
0
8.5886
0
0
0
0
0
0
0
0
0
0
0
0
0
0
0
0
0
-0.79702
-0.86837
-0.8102
-0.81313
-0.8102
-0.75933
-0.75972
-0.78204
-0.72953
-0.72953
-0.72953
0
0
8.5886
0
0
0
0
0
0
0
0
0
0
0
0
0
0
0
0
-0.79702
-0.86837
-0.8102
-0.81313
-0.8102
-0.75933
-0.75972
-0.78204
-0.72953
-0.72953
-0.72953
0
0
0
8.5886
0
0
0
0
0
0
0
0
0
0
0
0
0
0
0
-0.79963
-0.83485
-0.82692
-0.8286
-0.82692
0
-0.76706
-0.80325
0
0
0
0
0
0
0
9.7439
0
-0.94212
0
0
0
0
0
-3.1146
0
0
0
0
0
0
-1.1964
-1.2849
-1.233
0
-1.233
0
0
0
0
0
0
0
0
0
0
0
11.1777
0
0
-1.8309
0
0
0
0
0
0
0
0
0
-4.3995
0
0
0
0
0
0
-1.0451
0
0
0
0
0
0
0
0
-0.94212
0
8.6074
0
0
0
-1.4784
-1.3171
0
0
0
0
-3.8248
0
0
-0.76232
-0.82931
-0.77115
-0.7746
-0.77115
0
0
0
0
0
0
0
0
0
0
0
0
0
3.9085
0
0
0
0
0
0
0
0
0
0
0
-1.6382
0
0
0
0
0
0
0
0
0
0
0
0
0
0
0
-1.8309
0
0
6.6271
0
0
0
0
0
0
0
0
-3.1579
0
-2.9287
0
0
-2.8998
0
0
0
0
0
0
0
0
0
0
0
0
0
0
0
0
9.749
0
0
0
0
0
0
-3.9204
0
0
0
0
0
0
0
-1.0646
0
0
0
0
0
0
0
0
0
0
0
-1.4784
0
0
0
5.3218
0
0
0
0
-2.7788
0
0
0
0
0
0
0
0
0
0
0
0
0
0
0
0
0
0
0
0
-1.3171
0
0
0
0
3.2582
0
0
0
-1.9411
0
0
0
0
0
0
0
0
0
0
0
0
0
0
0
0
0
0
-3.1146
0
0
0
0
0
0
0
3.3104
0
-0.19584
0
0
0
0
-0.75171
0
0
0
0
-0.69977
0
0
0
0
0
0
0
0
0
0
0
0
0
0
0
0
0
0
1.4515
0
0
0
0
0
0
-3.3346
0
0
0
0
0
0
0
0
0
0
0
0
0
0
0
0
0
0
0
0
0
-0.19584
0
3.5305
0
0
0
0
0
0
0
0
0
0
0
0
0
0
0
0
0
0
0
0
0
0
0
0
0
-2.7788
-1.9411
0
0
0
4.7199
0
0
0
0
0
0
0
0
0
0
0
0
0
0
0
0
0
0
0
0
-3.8248
0
0
-3.9204
0
0
0
0
0
0
7.7452
0
0
0
0
0
0
0
0
0
0
0
0
0
0
0
0
0
0
0
0
0
-3.1579
0
0
0
0
0
0
0
0
3.1579
0
0
0
0
0
0
0
0
0
0
0
0
0
0
0
0
0
-4.3995
0
0
0
0
0
0
0
0
0
0
0
0
4.3995
