23.1527
-0.72694
-0.68499
-0.68499
-0.74109
-0.74109
-0.67636
-0.67636
-0.69841
-0.73875
-0.7462
-0.77809
-0.71819
-0.71819
-0.68474
-0.68474
-0.61313
-0.52134
-0.99135
0
0
0
0
-10.3278
0
0
0
0
0
0
-0.72694
13.5044
-0.6691
-0.6691
-0.72238
-0.72238
-0.65962
-0.65962
-0.68061
-0.71823
-0.71774
-0.76284
-0.69955
-0.69955
-0.66769
-0.66769
-0.61692
-0.52284
-0.92276
0
-0.99886
0
0
0
0
0
0
0
0
0
-0.68499
-0.6691
11.8541
-0.63031
-0.68171
-0.68171
-0.62539
-0.62539
-0.64464
-0.68228
-0.67771
-0.71944
-0.6614
-0.6614
-0.63226
-0.63226
-0.58485
-0.5005
-0.85873
0
0
0
0
0
0
0
0
0
0
0
-0.68499
-0.6691
-0.63031
11.8541
-0.68171
-0.68171
-0.62539
-0.62539
-0.64464
-0.68228
-0.67771
-0.71944
-0.6614
-0.6614
-0.63226
-0.63226
-0.58485
-0.5005
-0.85873
0
0
0
0
0
0
0
0
0
0
0
-0.74109
-0.72238
-0.68171
-0.68171
19.8167
-0.75532
-0.6757
-0.6757
-0.7007
-0.74631
-0.75529
-0.78749
-0.7206
-0.7206
-0.68648
-0.68648
0
0
0
0
0
0
0
0
0
0
-9.0792
0
0
0
-0.74109
-0.72238
-0.68171
-0.68171
-0.75532
19.8167
-0.6757
-0.6757
-0.7007
-0.74631
-0.75529
-0.78749
-0.7206
-0.7206
-0.68648
-0.68648
0
0
0
0
0
0
0
0
0
0
0
0
-9.0792
0
-0.67636
-0.65962
-0.62539
-0.62539
-0.6757
-0.6757
9.7762
-0.60498
-0.63543
-0.67252
-0.66876
-0.71133
-0.65056
-0.65056
-0.62196
-0.62196
0
0
0
0
0
0
0
0
0
0
0
0
0
0
-0.67636
-0.65962
-0.62539
-0.62539
-0.6757
-0.6757
-0.60498
9.7762
-0.63543
-0.67252
-0.66876
-0.71133
-0.65056
-0.65056
-0.62196
-0.62196
0
0
0
0
0
0
0
0
0
0
0
0
0
0
-0.69841
-0.68061
-0.64464
-0.64464
-0.7007
-0.7007
-0.63543
-0.63543
8.8051
-0.69379
-0.68771
-0.73553
-0.67373
-0.67373
0
0
0
0
0
0
0
0
0
0
0
0
0
0
0
0
-0.73875
-0.71823
-0.68228
-0.68228
-0.74631
-0.74631
-0.67252
-0.67252
-0.69379
14.7041
-0.71207
0
0
0
0
0
0
0
0
0
-0.94163
0
0
0
0
0
0
-6.6975
0
0
-0.7462
-0.71774
-0.67771
-0.67771
-0.75529
-0.75529
-0.66876
-0.66876
-0.68771
-0.71207
9.7095
0
0
0
0
0
0
0
0
0
0
-2.6422
0
0
0
0
0
0
0
0
-0.77809
-0.76284
-0.71944
-0.71944
-0.78749
-0.78749
-0.71133
-0.71133
-0.73553
0
0
12.0167
0
0
0
0
0
0
0
0
0
0
0
0
0
0
0
0
0
-5.3038
-0.71819
-0.69955
-0.6614
-0.6614
-0.7206
-0.7206
-0.65056
-0.65056
-0.67373
0
0
0
6.1566
0
0
0
0
0
0
0
0
0
0
0
0
0
0
0
0
0
-0.71819
-0.69955
-0.6614
-0.6614
-0.7206
-0.7206
-0.65056
-0.65056
-0.67373
0
0
0
0
6.1566
0
0
0
0
0
0
0
0
0
0
0
0
0
0
0
0
-0.68474
-0.66769
-0.63226
-0.63226
-0.68648
-0.68648
-0.62196
-0.62196
0
0
0
0
0
0
5.2338
0
0
0
0
0
0
0
0
0
0
0
0
0
0
0
-0.68474
-0.66769
-0.63226
-0.63226
-0.68648
-0.68648
-0.62196
-0.62196
0
0
0
0
0
0
0
5.2338
0
0
0
0
0
0
0
0
0
0
0
0
0
0
-0.61313
-0.61692
-0.58485
-0.58485
0
0
0
0
0
0
0
0
0
0
0
0
2.9763
0
0
-0.37667
0
0
0
0
0
-0.19987
0
0
0
0
-0.52134
-0.52284
-0.5005
-0.5005
0
0
0
0
0
0
0
0
0
0
0
0
0
2.1497
0
0
0
0
-0.1045
0
0
0
0
0
0
0
-0.99135
-0.92276
-0.85873
-0.85873
0
0
0
0
0
0
0
0
0
0
0
0
0
0
5.5623
0
0
-1.9307
0
0
0
0
0
0
0
0
0
0
0
0
0
0
0
0
0
0
0
0
0
0
0
0
-0.37667
0
0
1.4079
-0.50644
0
0
0
-0.52482
0
0
0
0
0
0
-0.99886
0
0
0
0
0
0
0
-0.94163
0
0
0
0
0
0
0
0
0
-0.50644
2.4469
0
0
0
0
0
0
0
0
0
0
0
0
0
0
0
0
0
0
0
-2.6422
0
0
0
0
0
0
0
-1.9307
0
0
4.5729
0
0
0
0
0
0
0
0
0
0
0
0
0
0
0
0
0
0
0
0
0
0
0
0
0
-0.1045
0
0
0
0
0.1045
0
0
0
0
0
0
0
-10.3278
0
0
0
0
0
0
0
0
0
0
0
0
0
0
0
0
0
0
0
0
0
0
10.3278
0
0
0
0
0
0
0
0
0
0
0
0
0
0
0
0
0
0
0
0
0
0
0
0
0
-0.52482
0
0
0
0
0.52482
0
0
0
0
0
0
0
0
0
0
0
0
0
0
0
0
0
0
0
0
0
-0.19987
0
0
0
0
0
0
0
0
0.19987
0
0
0
0
0
0
0
0
-9.0792
0
0
0
0
0
0
0
0
0
0
0
0
0
0
0
0
0
0
0
0
0
9.0792
0
0
0
0
0
0
0
0
0
0
0
0
-6.6975
0
0
0
0
0
0
0
0
0
0
0
0
0
0
0
0
0
6.6975
0
0
0
0
0
0
0
-9.0792
0
0
0
0
0
0
0
0
0
0
0
0
0
0
0
0
0
0
0
0
0
0
9.0792
0
0
0
0
0
0
0
0
0
0
0
0
-5.3038
0
0
0
0
0
0
0
0
0
0
0
0
0
0
0
0
0
5.3038
