29.9136
-0.98943
-0.98943
-0.98943
-0.98943
-0.98943
-1.0114
-1.0721
-1.0048
-1.0041
-1.0041
-1.0048
-1.0048
-1.0048
-0.90946
-0.94181
-0.99053
-0.99053
-0.99053
-0.9425
-0.995
-0.9394
-1.0936
-0.9786
-0.9786
-6.1049
0
0
0
0
-0.98943
22.0332
-0.90808
-0.90808
-0.90808
-0.90808
-0.9318
-0.9955
-0.92492
-0.93276
-0.93276
-0.92492
-0.92492
-0.92492
-0.84101
-0.86948
-0.91218
-0.91218
-0.91218
-0.87009
-0.91429
-0.89184
-1.0034
-0.89614
-0.89614
0
0
0
0
0
-0.98943
-0.90808
22.0332
-0.90808
-0.90808
-0.90808
-0.9318
-0.9955
-0.92492
-0.93276
-0.93276
-0.92492
-0.92492
-0.92492
-0.84101
-0.86948
-0.91218
-0.91218
-0.91218
-0.87009
-0.91429
-0.89184
-1.0034
-0.89614
-0.89614
0
0
0
0
0
-0.98943
-0.90808
-0.90808
22.0332
-0.90808
-0.90808
-0.9318
-0.9955
-0.92492
-0.93276
-0.93276
-0.92492
-0.92492
-0.92492
-0.84101
-0.86948
-0.91218
-0.91218
-0.91218
-0.87009
-0.91429
-0.89184
-1.0034
-0.89614
-0.89614
0
0
0
0
0
-0.98943
-0.90808
-0.90808
-0.90808
22.0332
-0.90808
-0.9318
-0.9955
-0.92492
-0.93276
-0.93276
-0.92492
-0.92492
-0.92492
-0.84101
-0.86948
-0.91218
-0.91218
-0.91218
-0.87009
-0.91429
-0.89184
-1.0034
-0.89614
-0.89614
0
0
0
0
0
-0.98943
-0.90808
-0.90808
-0.90808
-0.90808
22.0332
-0.9318
-0.9955
-0.92492
-0.93276
-0.93276
-0.92492
-0.92492
-0.92492
-0.84101
-0.86948
-0.91218
-0.91218
-0.91218
-0.87009
-0.91429
-0.89184
-1.0034
-0.89614
-0.89614
0
0
0
0
0
-1.0114
-0.9318
-0.9318
-0.9318
-0.9318
-0.9318
20.6815
-1.0144
-0.94696
-0.95396
-0.95396
-0.94696
-0.94696
-0.94696
-0.85816
-0.88759
-0.93175
-0.93175
-0.93175
-0.88821
-0.93446
-0.91006
-1.0272
0
0
0
0
0
0
0
-1.0721
-0.9955
-0.9955
-0.9955
-0.9955
-0.9955
-1.0144
25.3518
-1.0236
-1.0283
-1.0283
-1.0236
-1.0236
-1.0236
-0.92059
-0.9536
-1.0033
-1.0033
-1.0033
-0.95431
-1.0106
0
0
0
0
0
0
0
-5.288
0
-1.0048
-0.92492
-0.92492
-0.92492
-0.92492
-0.92492
-0.94696
-1.0236
18.5914
-0.97936
-0.97936
-0.92458
-0.92458
-0.92458
-0.84344
-0.87205
-0.91495
-0.91495
-0.91495
-0.87266
-0.92599
0
0
0
0
0
0
0
0
0
-1.0041
-0.93276
-0.93276
-0.93276
-0.93276
-0.93276
-0.95396
-1.0283
-0.97936
22.7895
-0.96633
-0.97936
-0.97936
-0.97936
-0.83581
-0.864
-0.90625
-0.90625
-0.90625
-0.8646
0
0
0
0
0
0
0
-4.9724
0
0
-1.0041
-0.93276
-0.93276
-0.93276
-0.93276
-0.93276
-0.95396
-1.0283
-0.97936
-0.96633
22.7895
-0.97936
-0.97936
-0.97936
-0.83581
-0.864
-0.90625
-0.90625
-0.90625
-0.8646
0
0
0
0
0
0
-4.9724
0
0
0
-1.0048
-0.92492
-0.92492
-0.92492
-0.92492
-0.92492
-0.94696
-1.0236
-0.92458
-0.97936
-0.97936
18.5914
-0.92458
-0.92458
-0.84344
-0.87205
-0.91495
-0.91495
-0.91495
-0.87266
-0.92599
0
0
0
0
0
0
0
0
0
-1.0048
-0.92492
-0.92492
-0.92492
-0.92492
-0.92492
-0.94696
-1.0236
-0.92458
-0.97936
-0.97936
-0.92458
18.5914
-0.92458
-0.84344
-0.87205
-0.91495
-0.91495
-0.91495
-0.87266
-0.92599
0
0
0
0
0
0
0
0
0
-1.0048
-0.92492
-0.92492
-0.92492
-0.92492
-0.92492
-0.94696
-1.0236
-0.92458
-0.97936
-0.97936
-0.92458
-0.92458
18.5914
-0.84344
-0.87205
-0.91495
-0.91495
-0.91495
-0.87266
-0.92599
0
0
0
0
0
0
0
0
0
-0.90946
-0.84101
-0.84101
-0.84101
-0.84101
-0.84101
-0.85816
-0.92059
-0.84344
-0.83581
-0.83581
-0.84344
-0.84344
-0.84344
15.9888
-0.78809
-0.82449
-0.82449
-0.82449
-0.78861
0
0
0
0
0
0
0
0
0
0
-0.94181
-0.86948
-0.86948
-0.86948
-0.86948
-0.86948
-0.88759
-0.9536
-0.87205
-0.864
-0.864
-0.87205
-0.87205
-0.87205
-0.78809
15.7336
-0.86631
-0.86631
-0.86631
0
0
0
0
0
0
0
0
0
0
0
-0.99053
-0.91218
-0.91218
-0.91218
-0.91218
-0.91218
-0.93175
-1.0033
-0.91495
-0.90625
-0.90625
-0.91495
-0.91495
-0.91495
-0.82449
-0.86631
14.6496
0
0
0
0
0
0
0
0
0
0
0
0
0
-0.99053
-0.91218
-0.91218
-0.91218
-0.91218
-0.91218
-0.93175
-1.0033
-0.91495
-0.90625
-0.90625
-0.91495
-0.91495
-0.91495
-0.82449
-0.86631
0
14.6496
0
0
0
0
0
0
0
0
0
0
0
0
-0.99053
-0.91218
-0.91218
-0.91218
-0.91218
-0.91218
-0.93175
-1.0033
-0.91495
-0.90625
-0.90625
-0.91495
-0.91495
-0.91495
-0.82449
-0.86631
0
0
14.6496
0
0
0
0
0
0
0
0
0
0
0
-0.9425
-0.87009
-0.87009
-0.87009
-0.87009
-0.87009
-0.88821
-0.95431
-0.87266
-0.8646
-0.8646
-0.87266
-0.87266
-0.87266
-0.78861
0
0
0
0
13.1439
0
0
0
0
0
0
0
0
0
0
-0.995
-0.91429
-0.91429
-0.91429
-0.91429
-0.91429
-0.93446
-1.0106
-0.92599
0
0
-0.92599
-0.92599
-0.92599
0
0
0
0
0
0
11.2154
0
0
0
0
0
0
0
0
0
-0.9394
-0.89184
-0.89184
-0.89184
-0.89184
-0.89184
-0.91006
0
0
0
0
0
0
0
0
0
0
0
0
0
0
6.4132
0
0
0
0
0
0
0
-0.1045
-1.0936
-1.0034
-1.0034
-1.0034
-1.0034
-1.0034
-1.0272
0
0
0
0
0
0
0
0
0
0
0
0
0
0
0
7.1379
0
0
0
0
0
0
0
-0.9786
-0.89614
-0.89614
-0.89614
-0.89614
-0.89614
0
0
0
0
0
0
0
0
0
0
0
0
0
0
0
0
0
5.4593
0
0
0
0
0
0
-0.9786
-0.89614
-0.89614
-0.89614
-0.89614
-0.89614
0
0
0
0
0
0
0
0
0
0
0
0
0
0
0
0
0
0
5.4593
0
0
0
0
0
-6.1049
0
0
0
0
0
0
0
0
0
0
0
0
0
0
0
0
0
0
0
0
0
0
0
0
6.1049
0
0
0
0
0
0
0
0
0
0
0
0
0
0
-4.9724
0
0
0
0
0
0
0
0
0
0
0
0
0
0
0
4.9724
0
0
0
0
0
0
0
0
0
0
0
0
-4.9724
0
0
0
0
0
0
0
0
0
0
0
0
0
0
0
0
0
4.9724
0
0
0
0
0
0
0
0
0
-5.288
0
0
0
0
0
0
0
0
0
0
0
0
0
0
0
0
0
0
0
0
5.288
0
0
0
0
0
0
0
0
0
0
0
0
0
0
0
0
0
0
0
0
0
0
-0.1045
0
0
0
0
0
0
0
0.1045
