28.7357
-0.93109
-0.93117
-0.90672
-0.9243
-0.9243
-0.9243
-0.9243
-0.93542
-0.94696
-0.92133
-0.92133
-0.87883
-0.93367
-0.93367
-0.95217
-0.95217
-0.8706
-0.94873
-0.9531
-0.9531
-0.9531
-1.501
-0.55863
-0.65792
-6.4977
0
0
0
0
-0.93109
27.3638
-0.90383
-0.87587
-0.89171
-0.89171
-0.89171
-0.89171
-0.90353
-0.91344
-0.88888
-0.88888
-0.84812
-0.90071
-0.90071
-0.91843
-0.91843
-0.84022
-0.91513
-0.91905
-0.91905
-0.91905
-1.4642
-0.53914
0
0
0
0
0
-6.4892
-0.93117
-0.90383
21.366
-0.87697
-0.88322
-0.88322
-0.88322
-0.88322
-0.90766
-0.90496
-0.88068
-0.88068
-0.84035
-0.89238
-0.89238
-0.9099
-0.9099
-0.83253
-0.90665
-0.90868
-0.90868
-0.90868
-1.4502
-0.5271
-0.65971
0
0
0
0
0
-0.90672
-0.87587
-0.87697
26.0362
-0.86995
-0.86995
-0.86995
-0.86995
-0.87951
-0.89098
-0.86713
-0.86713
-0.82751
-0.87862
-0.87862
-0.89583
-0.89583
-0.81983
-0.89263
-0.8966
-0.8966
-0.8966
-1.4397
0
0
0
0
0
-6.1737
0
-0.9243
-0.89171
-0.88322
-0.86995
18.5678
-0.87211
-0.87211
-0.87211
-0.90166
-0.89751
-0.87346
-0.87346
-0.83351
-0.88504
-0.88504
-0.9024
-0.9024
-0.82576
-0.89917
-0.90093
-0.90093
-0.90093
0
0
0
0
0
0
0
0
-0.9243
-0.89171
-0.88322
-0.86995
-0.87211
18.5678
-0.87211
-0.87211
-0.90166
-0.89751
-0.87346
-0.87346
-0.83351
-0.88504
-0.88504
-0.9024
-0.9024
-0.82576
-0.89917
-0.90093
-0.90093
-0.90093
0
0
0
0
0
0
0
0
-0.9243
-0.89171
-0.88322
-0.86995
-0.87211
-0.87211
18.5678
-0.87211
-0.90166
-0.89751
-0.87346
-0.87346
-0.83351
-0.88504
-0.88504
-0.9024
-0.9024
-0.82576
-0.89917
-0.90093
-0.90093
-0.90093
0
0
0
0
0
0
0
0
-0.9243
-0.89171
-0.88322
-0.86995
-0.87211
-0.87211
-0.87211
18.5678
-0.90166
-0.89751
-0.87346
-0.87346
-0.83351
-0.88504
-0.88504
-0.9024
-0.9024
-0.82576
-0.89917
-0.90093
-0.90093
-0.90093
0
0
0
0
0
0
0
0
-0.93542
-0.90353
-0.90766
-0.87951
-0.90166
-0.90166
-0.90166
-0.90166
21.3395
-0.92341
-0.89854
-0.89854
-0.85726
-0.91052
-0.91052
-0.92847
-0.92847
-0.84927
-0.92513
0
0
0
0
0
0
0
0
-5.0766
0
0
-0.94696
-0.91344
-0.90496
-0.89098
-0.89751
-0.89751
-0.89751
-0.89751
-0.92341
16.2503
-0.89564
-0.89564
-0.85452
-0.90757
-0.90757
-0.92546
-0.92546
-0.84655
-0.92213
0
0
0
0
0
0
0
0
0
0
0
-0.92133
-0.88888
-0.88068
-0.86713
-0.87346
-0.87346
-0.87346
-0.87346
-0.89854
-0.89564
14.8936
-0.86487
-0.82537
-0.87633
-0.87633
-0.89349
-0.89349
-0.81772
0
0
0
0
0
0
0
0
0
0
0
0
-0.92133
-0.88888
-0.88068
-0.86713
-0.87346
-0.87346
-0.87346
-0.87346
-0.89854
-0.89564
-0.86487
14.8936
-0.82537
-0.87633
-0.87633
-0.89349
-0.89349
-0.81772
0
0
0
0
0
0
0
0
0
0
0
0
-0.87883
-0.84812
-0.84035
-0.82751
-0.83351
-0.83351
-0.83351
-0.83351
-0.85726
-0.85452
-0.82537
-0.82537
13.4094
-0.82154
-0.82154
-0.83747
-0.83747
0
0
0
0
0
0
0
0
0
0
0
0
0
-0.93367
-0.90071
-0.89238
-0.87862
-0.88504
-0.88504
-0.88504
-0.88504
-0.91052
-0.90757
-0.87633
-0.87633
-0.82154
12.4226
-0.8848
0
0
0
0
0
0
0
0
0
0
0
0
0
0
0
-0.93367
-0.90071
-0.89238
-0.87862
-0.88504
-0.88504
-0.88504
-0.88504
-0.91052
-0.90757
-0.87633
-0.87633
-0.82154
-0.8848
12.4226
0
0
0
0
0
0
0
0
0
0
0
0
0
0
0
-0.95217
-0.91843
-0.9099
-0.89583
-0.9024
-0.9024
-0.9024
-0.9024
-0.92847
-0.92546
-0.89349
-0.89349
-0.83747
0
0
11.7643
0
0
0
0
0
0
0
0
0
0
0
0
0
0
-0.95217
-0.91843
-0.9099
-0.89583
-0.9024
-0.9024
-0.9024
-0.9024
-0.92847
-0.92546
-0.89349
-0.89349
-0.83747
0
0
0
11.7643
0
0
0
0
0
0
0
0
0
0
0
0
0
-0.8706
-0.84022
-0.83253
-0.81983
-0.82576
-0.82576
-0.82576
-0.82576
-0.84927
-0.84655
-0.81772
-0.81772
0
0
0
0
0
9.9975
0
0
0
0
0
0
0
0
0
0
0
0
-0.94873
-0.91513
-0.90665
-0.89263
-0.89917
-0.89917
-0.89917
-0.89917
-0.92513
-0.92213
0
0
0
0
0
0
0
0
9.1071
0
0
0
0
0
0
0
0
0
0
0
-0.9531
-0.91905
-0.90868
-0.8966
-0.90093
-0.90093
-0.90093
-0.90093
0
0
0
0
0
0
0
0
0
0
0
7.2812
0
0
0
0
0
0
0
0
0
0
-0.9531
-0.91905
-0.90868
-0.8966
-0.90093
-0.90093
-0.90093
-0.90093
0
0
0
0
0
0
0
0
0
0
0
0
7.2812
0
0
0
0
0
0
0
0
0
-0.9531
-0.91905
-0.90868
-0.8966
-0.90093
-0.90093
-0.90093
-0.90093
0
0
0
0
0
0
0
0
0
0
0
0
0
7.2812
0
0
0
0
0
0
0
0
-1.501
-1.4642
-1.4502
-1.4397
0
0
0
0
0
0
0
0
0
0
0
0
0
0
0
0
0
0
5.8551
0
0
0
0
0
0
0
-0.55863
-0.53914
-0.5271
0
0
0
0
0
0
0
0
0
0
0
0
0
0
0
0
0
0
0
0
1.6249
0
0
0
0
0
0
-0.65792
0
-0.65971
0
0
0
0
0
0
0
0
0
0
0
0
0
0
0
0
0
0
0
0
0
1.8597
0
-0.54202
0
0
0
-6.4977
0
0
0
0
0
0
0
0
0
0
0
0
0
0
0
0
0
0
0
0
0
0
0
0
6.4977
0
0
0
0
0
0
0
0
0
0
0
0
0
0
0
0
0
0
0
0
0
0
0
0
0
0
0
0
-0.54202
0
0.54202
0
0
0
0
0
0
0
0
0
0
0
-5.0766
0
0
0
0
0
0
0
0
0
0
0
0
0
0
0
0
0
0
5.0766
0
0
0
0
0
-6.1737
0
0
0
0
0
0
0
0
0
0
0
0
0
0
0
0
0
0
0
0
0
0
0
0
6.1737
0
0
-6.4892
0
0
0
0
0
0
0
0
0
0
0
0
0
0
0
0
0
0
0
0
0
0
0
0
0
0
0
6.4892
