23.0207
-0.8807
-0.88918
-0.85904
-0.85904
-0.85904
-0.85904
-0.89419
-0.89696
-0.89388
-0.87856
-0.87856
-0.87856
-0.89257
-0.95763
-0.95763
-0.95763
-0.95763
-0.95763
-0.66406
0
0
-0.75397
0
0
-5.3952
0
0
0
0
-0.8807
22.2002
-0.88694
-0.85741
-0.85741
-0.85741
-0.85741
-0.89243
-0.89723
-0.892
-0.87678
-0.87678
-0.87678
-0.8907
-0.95535
-0.95535
-0.95535
-0.95535
-0.95535
-0.65712
0
0
0
0
0
0
-5.3663
0
0
0
-0.88918
-0.88694
16.9196
-0.85986
-0.85986
-0.85986
-0.85986
-0.90517
-0.90793
-0.89593
-0.88051
-0.88051
-0.88051
-0.89461
-0.9578
-0.9578
-0.9578
-0.9578
-0.9578
-0.66994
0
0
0
0
0
0
0
0
0
0
-0.85904
-0.85741
-0.85986
15.7044
-0.82839
-0.82839
-0.82839
-0.87555
-0.87932
-0.86696
-0.85303
-0.85303
-0.85303
-0.86577
-0.91925
-0.91925
-0.91925
-0.91925
-0.91925
0
0
0
0
0
0
0
0
0
0
0
-0.85904
-0.85741
-0.85986
-0.82839
15.7044
-0.82839
-0.82839
-0.87555
-0.87932
-0.86696
-0.85303
-0.85303
-0.85303
-0.86577
-0.91925
-0.91925
-0.91925
-0.91925
-0.91925
0
0
0
0
0
0
0
0
0
0
0
-0.85904
-0.85741
-0.85986
-0.82839
-0.82839
15.7044
-0.82839
-0.87555
-0.87932
-0.86696
-0.85303
-0.85303
-0.85303
-0.86577
-0.91925
-0.91925
-0.91925
-0.91925
-0.91925
0
0
0
0
0
0
0
0
0
0
0
-0.85904
-0.85741
-0.85986
-0.82839
-0.82839
-0.82839
15.7044
-0.87555
-0.87932
-0.86696
-0.85303
-0.85303
-0.85303
-0.86577
-0.91925
-0.91925
-0.91925
-0.91925
-0.91925
0
0
0
0
0
0
0
0
0
0
0
-0.89419
-0.89243
-0.90517
-0.87555
-0.87555
-0.87555
-0.87555
16.7738
-0.88926
-0.88405
-0.86925
-0.86925
-0.86925
-0.88279
0
0
0
0
0
0
-0.66748
0
0
0
-4.6485
0
0
0
0
0
-0.89696
-0.89723
-0.90793
-0.87932
-0.87932
-0.87932
-0.87932
-0.88926
16.043
-0.88108
-0.86643
-0.86643
-0.86643
-0.87983
0
0
0
0
0
0
0
0
0
0
0
0
0
-4.5741
0
0
-0.89388
-0.892
-0.89593
-0.86696
-0.86696
-0.86696
-0.86696
-0.88405
-0.88108
11.3309
-0.85088
-0.85088
-0.85088
-0.86352
0
0
0
0
0
0
0
0
0
0
0
0
0
0
0
0
-0.87856
-0.87678
-0.88051
-0.85303
-0.85303
-0.85303
-0.85303
-0.86925
-0.86643
-0.85088
10.2857
-0.8256
-0.8256
0
0
0
0
0
0
0
0
0
0
0
0
0
0
0
0
0
-0.87856
-0.87678
-0.88051
-0.85303
-0.85303
-0.85303
-0.85303
-0.86925
-0.86643
-0.85088
-0.8256
10.2857
-0.8256
0
0
0
0
0
0
0
0
0
0
0
0
0
0
0
0
0
-0.87856
-0.87678
-0.88051
-0.85303
-0.85303
-0.85303
-0.85303
-0.86925
-0.86643
-0.85088
-0.8256
-0.8256
10.2857
0
0
0
0
0
0
0
0
0
0
0
0
0
0
0
0
0
-0.89257
-0.8907
-0.89461
-0.86577
-0.86577
-0.86577
-0.86577
-0.88279
-0.87983
-0.86352
0
0
0
8.7671
0
0
0
0
0
0
0
0
0
0
0
0
0
0
0
0
-0.95763
-0.95535
-0.9578
-0.91925
-0.91925
-0.91925
-0.91925
0
0
0
0
0
0
0
6.5478
0
0
0
0
0
0
0
0
0
0
0
0
0
0
0
-0.95763
-0.95535
-0.9578
-0.91925
-0.91925
-0.91925
-0.91925
0
0
0
0
0
0
0
0
6.5478
0
0
0
0
0
0
0
0
0
0
0
0
0
0
-0.95763
-0.95535
-0.9578
-0.91925
-0.91925
-0.91925
-0.91925
0
0
0
0
0
0
0
0
0
6.5478
0
0
0
0
0
0
0
0
0
0
0
0
0
-0.95763
-0.95535
-0.9578
-0.91925
-0.91925
-0.91925
-0.91925
0
0
0
0
0
0
0
0
0
0
6.5478
0
0
0
0
0
0
0
0
0
0
0
0
-0.95763
-0.95535
-0.9578
-0.91925
-0.91925
-0.91925
-0.91925
0
0
0
0
0
0
0
0
0
0
0
6.5478
0
0
0
0
0
0
0
0
0
0
0
-0.66406
-0.65712
-0.66994
0
0
0
0
0
0
0
0
0
0
0
0
0
0
0
0
3.7172
-0.57824
-0.59563
0
0
0
0
0
0
0
-0.55225
0
0
0
0
0
0
0
-0.66748
0
0
0
0
0
0
0
0
0
0
0
-0.57824
1.8496
0
0
0
0
0
0
0
-0.60384
0
0
0
0
0
0
0
0
0
0
0
0
0
0
0
0
0
0
0
0
-0.59563
0
2.2993
0
-1.7037
0
0
0
0
0
0
-0.75397
0
0
0
0
0
0
0
0
0
0
0
0
0
0
0
0
0
0
0
0
0
2.2876
-1.5336
0
0
0
0
0
0
0
0
0
0
0
0
0
0
0
0
0
0
0
0
0
0
0
0
0
0
0
-1.7037
-1.5336
3.2373
0
0
0
0
0
0
0
0
0
0
0
0
0
-4.6485
0
0
0
0
0
0
0
0
0
0
0
0
0
0
0
0
4.6485
0
0
0
0
0
-5.3952
0
0
0
0
0
0
0
0
0
0
0
0
0
0
0
0
0
0
0
0
0
0
0
0
5.3952
0
0
0
0
0
-5.3663
0
0
0
0
0
0
0
0
0
0
0
0
0
0
0
0
0
0
0
0
0
0
0
0
5.3663
0
0
0
0
0
0
0
0
0
0
0
-4.5741
0
0
0
0
0
0
0
0
0
0
0
0
0
0
0
0
0
0
4.5741
0
0
0
0
0
0
0
0
0
0
0
0
0
0
0
0
0
0
0
0
0
0
-0.60384
0
0
0
0
0
0
0
0.60384
0
0
0
0
0
0
0
0
0
0
0
0
0
0
0
0
0
0
0
0
-0.55225
0
0
0
0
0
0
0
0
0
0.55225
