15.7416
-0.81714
-0.81714
-0.87136
-0.81714
-0.81714
-0.81714
-0.78629
-0.78629
-0.74982
-0.74982
-0.74982
-0.74982
-0.79384
-0.83206
-0.83206
-0.76522
-0.76522
-0.76522
-0.66523
-0.79386
0
0
0
0
0
0
0
0
0
-0.81714
15.7416
-0.81714
-0.87136
-0.81714
-0.81714
-0.81714
-0.78629
-0.78629
-0.74982
-0.74982
-0.74982
-0.74982
-0.79384
-0.83206
-0.83206
-0.76522
-0.76522
-0.76522
-0.66523
-0.79386
0
0
0
0
0
0
0
0
0
-0.81714
-0.81714
15.7416
-0.87136
-0.81714
-0.81714
-0.81714
-0.78629
-0.78629
-0.74982
-0.74982
-0.74982
-0.74982
-0.79384
-0.83206
-0.83206
-0.76522
-0.76522
-0.76522
-0.66523
-0.79386
0
0
0
0
0
0
0
0
0
-0.87136
-0.87136
-0.87136
31.078
-0.87136
-0.87136
-0.87136
-0.7694
-0.7694
-0.74888
-0.74888
-0.74888
-0.74888
-0.74668
-0.81305
-0.81305
-0.76505
-0.76505
-0.76505
0
0
-8.3238
0
0
0
0
0
0
-8.3238
0
-0.81714
-0.81714
-0.81714
-0.87136
15.7416
-0.81714
-0.81714
-0.78629
-0.78629
-0.74982
-0.74982
-0.74982
-0.74982
-0.79384
-0.83206
-0.83206
-0.76522
-0.76522
-0.76522
-0.66523
-0.79386
0
0
0
0
0
0
0
0
0
-0.81714
-0.81714
-0.81714
-0.87136
-0.81714
15.7416
-0.81714
-0.78629
-0.78629
-0.74982
-0.74982
-0.74982
-0.74982
-0.79384
-0.83206
-0.83206
-0.76522
-0.76522
-0.76522
-0.66523
-0.79386
0
0
0
0
0
0
0
0
0
-0.81714
-0.81714
-0.81714
-0.87136
-0.81714
-0.81714
15.7416
-0.78629
-0.78629
-0.74982
-0.74982
-0.74982
-0.74982
-0.79384
-0.83206
-0.83206
-0.76522
-0.76522
-0.76522
-0.66523
-0.79386
0
0
0
0
0
0
0
0
0
-0.78629
-0.78629
-0.78629
-0.7694
-0.78629
-0.78629
-0.78629
19.8494
-0.73063
-0.70719
-0.70719
-0.70719
-0.70719
-0.72753
-0.77353
-0.77353
-0.7188
-0.7188
-0.7188
0
0
0
0
0
0
0
0
-6.3719
0
0
-0.78629
-0.78629
-0.78629
-0.7694
-0.78629
-0.78629
-0.78629
-0.73063
19.8494
-0.70719
-0.70719
-0.70719
-0.70719
-0.72753
-0.77353
-0.77353
-0.7188
-0.7188
-0.7188
0
0
0
0
0
0
0
-6.3719
0
0
0
-0.74982
-0.74982
-0.74982
-0.74888
-0.74982
-0.74982
-0.74982
-0.70719
-0.70719
12.9497
-0.6674
-0.6674
-0.6674
-0.71519
-0.74648
-0.74648
-0.69238
-0.69238
-0.69238
0
0
0
0
0
0
0
0
0
0
0
-0.74982
-0.74982
-0.74982
-0.74888
-0.74982
-0.74982
-0.74982
-0.70719
-0.70719
-0.6674
12.9497
-0.6674
-0.6674
-0.71519
-0.74648
-0.74648
-0.69238
-0.69238
-0.69238
0
0
0
0
0
0
0
0
0
0
0
-0.74982
-0.74982
-0.74982
-0.74888
-0.74982
-0.74982
-0.74982
-0.70719
-0.70719
-0.6674
-0.6674
12.9497
-0.6674
-0.71519
-0.74648
-0.74648
-0.69238
-0.69238
-0.69238
0
0
0
0
0
0
0
0
0
0
0
-0.74982
-0.74982
-0.74982
-0.74888
-0.74982
-0.74982
-0.74982
-0.70719
-0.70719
-0.6674
-0.6674
-0.6674
12.9497
-0.71519
-0.74648
-0.74648
-0.69238
-0.69238
-0.69238
0
0
0
0
0
0
0
0
0
0
0
-0.79384
-0.79384
-0.79384
-0.74668
-0.79384
-0.79384
-0.79384
-0.72753
-0.72753
-0.71519
-0.71519
-0.71519
-0.71519
22.5746
0
0
0
0
0
0
0
0
0
0
-6.3745
-6.3745
0
0
0
0
-0.83206
-0.83206
-0.83206
-0.81305
-0.83206
-0.83206
-0.83206
-0.77353
-0.77353
-0.74648
-0.74648
-0.74648
-0.74648
0
13.8206
0
0
0
0
0
0
0
0
0
0
0
0
0
0
-3.4822
-0.83206
-0.83206
-0.83206
-0.81305
-0.83206
-0.83206
-0.83206
-0.77353
-0.77353
-0.74648
-0.74648
-0.74648
-0.74648
0
0
13.8206
0
0
0
0
0
0
0
-3.4822
0
0
0
0
0
0
-0.76522
-0.76522
-0.76522
-0.76505
-0.76522
-0.76522
-0.76522
-0.7188
-0.7188
-0.69238
-0.69238
-0.69238
-0.69238
0
0
0
9.5635
0
0
0
0
0
0
0
0
0
0
0
0
0
-0.76522
-0.76522
-0.76522
-0.76505
-0.76522
-0.76522
-0.76522
-0.7188
-0.7188
-0.69238
-0.69238
-0.69238
-0.69238
0
0
0
0
9.5635
0
0
0
0
0
0
0
0
0
0
0
0
-0.76522
-0.76522
-0.76522
-0.76505
-0.76522
-0.76522
-0.76522
-0.7188
-0.7188
-0.69238
-0.69238
-0.69238
-0.69238
0
0
0
0
0
9.5635
0
0
0
0
0
0
0
0
0
0
0
-0.66523
-0.66523
-0.66523
0
-0.66523
-0.66523
-0.66523
0
0
0
0
0
0
0
0
0
0
0
0
4.0959
0
0
-0.1045
0
0
0
0
0
0
0
-0.79386
-0.79386
-0.79386
0
-0.79386
-0.79386
-0.79386
0
0
0
0
0
0
0
0
0
0
0
0
0
4.7631
0
0
0
0
0
0
0
0
0
0
0
0
-8.3238
0
0
0
0
0
0
0
0
0
0
0
0
0
0
0
0
0
8.3238
0
0
0
0
0
0
0
0
0
0
0
0
0
0
0
0
0
0
0
0
0
0
0
0
0
0
0
-0.1045
0
0
0.1045
0
0
0
0
0
0
0
0
0
0
0
0
0
0
0
0
0
0
0
0
0
0
-3.4822
0
0
0
0
0
0
0
3.4822
0
0
0
0
0
0
0
0
0
0
0
0
0
0
0
0
0
0
0
-6.3745
0
0
0
0
0
0
0
0
0
0
6.3745
0
0
0
0
0
0
0
0
0
0
0
0
0
0
0
0
0
0
-6.3745
0
0
0
0
0
0
0
0
0
0
0
6.3745
0
0
0
0
0
0
0
0
0
0
0
0
-6.3719
0
0
0
0
0
0
0
0
0
0
0
0
0
0
0
0
0
6.3719
0
0
0
0
0
0
0
0
0
0
-6.3719
0
0
0
0
0
0
0
0
0
0
0
0
0
0
0
0
0
0
0
6.3719
0
0
0
0
0
-8.3238
0
0
0
0
0
0
0
0
0
0
0
0
0
0
0
0
0
0
0
0
0
0
0
0
8.3238
0
0
0
0
0
0
0
0
0
0
0
0
0
0
0
-3.4822
0
0
0
0
0
0
0
0
0
0
0
0
0
0
3.4822
