23.4441
-0.61229
-0.59475
-0.59882
-0.59882
-0.59882
-0.60041
-0.61344
-0.58952
-0.58084
-0.65121
-0.65121
-0.58892
-0.58892
-0.59581
-0.60357
-0.56632
-0.59459
-0.34657
-0.21745
0
0
0
-12.6518
0
0
0
0
0
0
-0.61229
22.4997
-0.57901
-0.58542
-0.58542
-0.58542
-0.58803
-0.60047
-0.57582
-0.56752
-0.63758
-0.63758
-0.57478
-0.57478
-0.58129
-0.59238
-0.5564
-0.57896
-0.34243
0
-12.1441
0
0
0
0
0
0
0
0
0
-0.59475
-0.57901
10.2469
-0.5666
-0.5666
-0.5666
-0.5651
-0.57633
-0.55762
-0.54977
-0.61081
-0.61081
-0.55727
-0.55727
-0.56348
-0.57101
-0.53827
-0.56313
-0.33832
-0.21416
0
0
0
0
0
0
0
0
0
0
-0.59882
-0.58542
-0.5666
9.8608
-0.5688
-0.5688
-0.5805
-0.59101
-0.56712
-0.55903
-0.62845
-0.62845
-0.56624
-0.56624
-0.57245
-0.58841
-0.55425
-0.5702
0
0
0
0
0
0
0
0
0
0
0
0
-0.59882
-0.58542
-0.5666
-0.5688
9.8608
-0.5688
-0.5805
-0.59101
-0.56712
-0.55903
-0.62845
-0.62845
-0.56624
-0.56624
-0.57245
-0.58841
-0.55425
-0.5702
0
0
0
0
0
0
0
0
0
0
0
0
-0.59882
-0.58542
-0.5666
-0.5688
-0.5688
9.8608
-0.5805
-0.59101
-0.56712
-0.55903
-0.62845
-0.62845
-0.56624
-0.56624
-0.57245
-0.58841
-0.55425
-0.5702
0
0
0
0
0
0
0
0
0
0
0
0
-0.60041
-0.58803
-0.5651
-0.5805
-0.5805
-0.5805
19.2499
-0.58951
-0.56502
-0.55672
-0.62824
-0.62824
-0.56324
-0.56324
-0.56926
-0.58547
0
0
0
0
0
-10.5059
0
0
0
0
0
0
0
0
-0.61344
-0.60047
-0.57633
-0.59101
-0.59101
-0.59101
-0.58951
18.0628
-0.57838
-0.56963
-0.64827
-0.64827
-0.57709
-0.57709
-0.58307
0
0
0
0
0
0
0
-9.7282
0
0
0
0
0
0
0
-0.58952
-0.57582
-0.55762
-0.56712
-0.56712
-0.56712
-0.56502
-0.57838
8.0136
-0.54633
-0.61506
-0.61506
-0.55468
-0.55468
-0.56004
0
0
0
0
0
0
0
0
0
0
0
0
0
0
0
-0.58084
-0.56752
-0.54977
-0.55903
-0.55903
-0.55903
-0.55672
-0.56963
-0.54633
7.3344
-0.59897
-0.59897
-0.54426
-0.54426
0
0
0
0
0
0
0
0
0
0
0
0
0
0
0
0
-0.65121
-0.63758
-0.61081
-0.62845
-0.62845
-0.62845
-0.62824
-0.64827
-0.61506
-0.59897
12.8151
0
0
0
0
0
0
0
0
0
0
0
0
0
0
0
0
-6.5396
0
0
-0.65121
-0.63758
-0.61081
-0.62845
-0.62845
-0.62845
-0.62824
-0.64827
-0.61506
-0.59897
0
12.8151
0
0
0
0
0
0
0
0
0
0
0
0
-6.5396
0
0
0
0
0
-0.58892
-0.57478
-0.55727
-0.56624
-0.56624
-0.56624
-0.56324
-0.57709
-0.55468
-0.54426
0
0
5.6589
0
0
0
0
0
0
0
0
0
0
0
0
0
0
0
0
0
-0.58892
-0.57478
-0.55727
-0.56624
-0.56624
-0.56624
-0.56324
-0.57709
-0.55468
-0.54426
0
0
0
5.6589
0
0
0
0
0
0
0
0
0
0
0
0
0
0
0
0
-0.59581
-0.58129
-0.56348
-0.57245
-0.57245
-0.57245
-0.56926
-0.58307
-0.56004
0
0
0
0
0
5.1703
0
0
0
0
0
0
0
0
0
0
0
0
0
0
0
-0.60357
-0.59238
-0.57101
-0.58841
-0.58841
-0.58841
-0.58547
0
0
0
0
0
0
0
0
6.0175
0
0
0
0
0
0
0
0
0
-1.8999
0
0
0
0
-0.56632
-0.5564
-0.53827
-0.55425
-0.55425
-0.55425
0
0
0
0
0
0
0
0
0
0
3.6849
0
0
0
0
0
0
0
0
0
-0.36115
0
0
0
-0.59459
-0.57896
-0.56313
-0.5702
-0.5702
-0.5702
0
0
0
0
0
0
0
0
0
0
0
3.4473
0
0
0
0
0
0
0
0
0
0
0
0
-0.34657
-0.34243
-0.33832
0
0
0
0
0
0
0
0
0
0
0
0
0
0
0
1.1318
0
0
0
0
0
0
0
0
0
0
-0.1045
-0.21745
0
-0.21416
0
0
0
0
0
0
0
0
0
0
0
0
0
0
0
0
0.56173
0
0
0
0
0
0
0
0
-0.13011
0
0
-12.1441
0
0
0
0
0
0
0
0
0
0
0
0
0
0
0
0
0
0
12.1441
0
0
0
0
0
0
0
0
0
0
0
0
0
0
0
-10.5059
0
0
0
0
0
0
0
0
0
0
0
0
0
0
10.5059
0
0
0
0
0
0
0
0
0
0
0
0
0
0
0
-9.7282
0
0
0
0
0
0
0
0
0
0
0
0
0
0
9.7282
0
0
0
0
0
0
0
-12.6518
0
0
0
0
0
0
0
0
0
0
0
0
0
0
0
0
0
0
0
0
0
0
12.6518
0
0
0
0
0
0
0
0
0
0
0
0
0
0
0
0
0
-6.5396
0
0
0
0
0
0
0
0
0
0
0
0
6.5396
0
0
0
0
0
0
0
0
0
0
0
0
0
0
0
0
0
0
0
0
-1.8999
0
0
0
0
0
0
0
0
0
1.8999
0
0
0
0
0
0
0
0
0
0
0
0
0
0
0
0
0
0
0
0
-0.36115
0
0
0
0
0
0
0
0
0
0.36115
0
0
0
0
0
0
0
0
0
0
0
0
0
-6.5396
0
0
0
0
0
0
0
0
0
0
0
0
0
0
0
0
6.5396
0
0
0
0
0
0
0
0
0
0
0
0
0
0
0
0
0
0
0
0
0
-0.13011
0
0
0
0
0
0
0
0
0.13011
0
0
0
0
0
0
0
0
0
0
0
0
0
0
0
0
0
0
0
-0.1045
0
0
0
0
0
0
0
0
0
0
0.1045
