20.0546
-0.58212
-0.53913
-0.53913
-0.53859
-0.54855
-0.48207
-0.48207
-0.56681
-0.56681
-0.50525
-0.50525
-0.50525
-0.46186
-0.57667
-0.57667
-0.40473
-0.13695
-0.18887
0
0
0
0
0
0
0
-11.3478
0
0
0
-0.58212
19.5061
-0.5891
-0.5891
-0.58959
-0.61065
-0.52508
-0.52508
-0.63248
-0.63248
-0.553
-0.553
-0.553
-0.51191
-0.63218
-0.63218
-0.42819
0
0
0
0
0
-10.3669
0
0
0
0
0
0
0
-0.53913
-0.5891
8.3978
-0.51715
-0.5491
-0.56369
-0.47809
-0.47809
-0.57048
-0.57048
-0.50297
-0.50297
-0.50297
-0.4848
-0.5721
-0.5721
-0.40454
0
0
0
0
0
0
0
0
0
0
0
0
0
-0.53913
-0.5891
-0.51715
8.3978
-0.5491
-0.56369
-0.47809
-0.47809
-0.57048
-0.57048
-0.50297
-0.50297
-0.50297
-0.4848
-0.5721
-0.5721
-0.40454
0
0
0
0
0
0
0
0
0
0
0
0
0
-0.53859
-0.58959
-0.5491
-0.5491
8.6006
-0.56392
-0.47636
-0.47636
-0.56762
-0.56762
-0.50031
-0.50031
-0.50031
-0.48396
-0.56974
-0.56974
0
0
0
-0.59801
0
0
0
0
0
0
0
0
0
0
-0.54855
-0.61065
-0.56369
-0.56369
-0.56392
17.8081
-0.49151
-0.49151
-0.59101
-0.59101
-0.51792
-0.51792
-0.51792
-0.48202
-0.59007
-0.59007
0
0
0
0
0
0
0
-9.5767
0
0
0
0
0
0
-0.48207
-0.52508
-0.47809
-0.47809
-0.47636
-0.49151
7.1493
-0.42333
-0.50305
-0.50305
-0.44761
-0.44761
-0.44761
-0.4334
-0.50622
-0.50622
0
0
0
0
0
0
0
0
0
0
0
0
0
0
-0.48207
-0.52508
-0.47809
-0.47809
-0.47636
-0.49151
-0.42333
7.1493
-0.50305
-0.50305
-0.44761
-0.44761
-0.44761
-0.4334
-0.50622
-0.50622
0
0
0
0
0
0
0
0
0
0
0
0
0
0
-0.56681
-0.63248
-0.57048
-0.57048
-0.56762
-0.59101
-0.50305
-0.50305
14.3132
-0.64852
-0.53437
-0.53437
-0.53437
0
0
0
0
0
0
0
-7.5565
0
0
0
0
0
0
0
0
0
-0.56681
-0.63248
-0.57048
-0.57048
-0.56762
-0.59101
-0.50305
-0.50305
-0.64852
14.3132
-0.53437
-0.53437
-0.53437
0
0
0
0
0
0
0
0
0
0
0
0
-7.5565
0
0
0
0
-0.50525
-0.553
-0.50297
-0.50297
-0.50031
-0.51792
-0.44761
-0.44761
-0.53437
-0.53437
5.9201
-0.43687
-0.43687
0
0
0
0
0
0
0
0
0
0
0
0
0
0
0
0
0
-0.50525
-0.553
-0.50297
-0.50297
-0.50031
-0.51792
-0.44761
-0.44761
-0.53437
-0.53437
-0.43687
5.9201
-0.43687
0
0
0
0
0
0
0
0
0
0
0
0
0
0
0
0
0
-0.50525
-0.553
-0.50297
-0.50297
-0.50031
-0.51792
-0.44761
-0.44761
-0.53437
-0.53437
-0.43687
-0.43687
5.9201
0
0
0
0
0
0
0
0
0
0
0
0
0
0
0
0
0
-0.46186
-0.51191
-0.4848
-0.4848
-0.48396
-0.48202
-0.4334
-0.4334
0
0
0
0
0
21.6155
0
0
0
0
0
0
0
0
0
0
-8.9197
0
0
-8.9197
0
0
-0.57667
-0.63218
-0.5721
-0.5721
-0.56974
-0.59007
-0.50622
-0.50622
0
0
0
0
0
0
4.5253
0
0
0
0
0
0
0
0
0
0
0
0
0
0
0
-0.57667
-0.63218
-0.5721
-0.5721
-0.56974
-0.59007
-0.50622
-0.50622
0
0
0
0
0
0
0
4.5253
0
0
0
0
0
0
0
0
0
0
0
0
0
0
-0.40473
-0.42819
-0.40454
-0.40454
0
0
0
0
0
0
0
0
0
0
0
0
2.3753
0
-0.18076
-0.44804
0
-0.1045
0
0
0
0
0
0
0
0
-0.13695
0
0
0
0
0
0
0
0
0
0
0
0
0
0
0
0
0.83212
0
-0.47143
0
0
0
0
0
0
0
0
-0.22375
0
-0.18887
0
0
0
0
0
0
0
0
0
0
0
0
0
0
0
-0.18076
0
0.47811
0
0
0
0
0
0
0
0
0
0
-0.10849
0
0
0
0
-0.59801
0
0
0
0
0
0
0
0
0
0
0
-0.44804
-0.47143
0
1.5175
0
0
0
0
0
0
0
0
0
0
0
0
0
0
0
0
0
0
-7.5565
0
0
0
0
0
0
0
0
0
0
0
7.5565
0
0
0
0
0
0
0
0
0
0
0
0
0
0
0
0
0
0
0
0
0
0
0
0
0
-0.1045
0
0
0
0
0.1045
0
0
0
0
0
0
0
0
0
-10.3669
0
0
0
0
0
0
0
0
0
0
0
0
0
0
0
0
0
0
0
0
10.3669
0
0
0
0
0
0
0
0
0
0
0
0
-9.5767
0
0
0
0
0
0
0
0
0
0
0
0
0
0
0
0
0
9.5767
0
0
0
0
0
0
0
0
0
0
0
0
0
0
0
0
0
0
0
-8.9197
0
0
0
0
0
0
0
0
0
0
8.9197
0
0
0
0
0
0
0
0
0
0
0
0
0
0
-7.5565
0
0
0
0
0
0
0
0
0
0
0
0
0
0
0
7.5565
0
0
0
0
-11.3478
0
0
0
0
0
0
0
0
0
0
0
0
0
0
0
0
0
0
0
0
0
0
0
0
0
11.3478
0
0
0
0
0
0
0
0
0
0
0
0
0
0
0
0
-8.9197
0
0
0
0
0
0
0
0
0
0
0
0
0
8.9197
0
0
0
0
0
0
0
0
0
0
0
0
0
0
0
0
0
0
0
-0.22375
0
0
0
0
0
0
0
0
0
0
0.22375
0
0
0
0
0
0
0
0
0
0
0
0
0
0
0
0
0
0
0
-0.10849
0
0
0
0
0
0
0
0
0
0
0.10849
