30.1487
-0.80576
-0.78257
-0.79989
-0.79342
-0.76357
-0.79342
-0.79342
-0.74094
-0.71247
-0.73197
-0.76857
-0.74285
-0.74285
-0.74285
-0.78972
-0.73734
-0.81768
-0.81768
0
-1.3086
0
0
0
0
-7.4815
0
0
-7.4815
0
-0.80576
18.1056
-0.78911
-0.80606
-0.77318
-0.77952
-0.77318
-0.77318
-0.72508
-0.72463
-0.71328
-0.74887
-0.72386
-0.72386
-0.72386
-0.76942
-0.7185
-0.78381
-0.78381
0
-1.2133
-3.2534
0
0
0
0
0
0
0
0
-0.78257
-0.78911
20.2564
-0.79648
-0.77556
-0.76379
-0.77556
-0.77556
-0.72404
-0.7136
-0.71495
-0.75063
-0.72555
-0.72555
-0.72555
-0.77123
-0.72018
-0.79163
-0.79163
0
-1.2484
0
0
0
0
0
0
0
0
-5.3949
-0.79989
-0.80606
-0.79648
18.9577
-0.80096
-0.7892
-0.80096
-0.80096
-0.74681
-0.7351
-0.73516
-0.77193
-0.74609
-0.74609
-0.74609
-0.79318
-0.74055
-0.81574
-0.81574
0
0
0
0
0
0
0
0
-4.9707
0
0
-0.79342
-0.77318
-0.77556
-0.80096
13.4289
-0.81099
-0.74655
-0.74655
-0.70875
-0.71062
-0.69845
-0.73325
-0.7088
-0.7088
-0.7088
-0.75333
-0.70355
-0.77368
-0.77368
0
0
0
0
0
0
0
0
0
0
0
-0.76357
-0.77952
-0.76379
-0.7892
-0.81099
16.5714
-0.81099
-0.81099
-0.70114
-0.68422
-0.69243
-0.7269
-0.70267
-0.70267
-0.70267
-0.7468
-0.69748
0
0
-0.30288
0
0
0
-4.3825
0
0
0
0
0
0
-0.79342
-0.77318
-0.77556
-0.80096
-0.74655
-0.81099
13.4289
-0.74655
-0.70875
-0.71062
-0.69845
-0.73325
-0.7088
-0.7088
-0.7088
-0.75333
-0.70355
-0.77368
-0.77368
0
0
0
0
0
0
0
0
0
0
0
-0.79342
-0.77318
-0.77556
-0.80096
-0.74655
-0.81099
-0.74655
13.4289
-0.70875
-0.71062
-0.69845
-0.73325
-0.7088
-0.7088
-0.7088
-0.75333
-0.70355
-0.77368
-0.77368
0
0
0
0
0
0
0
0
0
0
0
-0.74094
-0.72508
-0.72404
-0.74681
-0.70875
-0.70114
-0.70875
-0.70875
14.0889
-0.65663
-0.64129
-0.67312
-0.65076
-0.65076
-0.65076
-0.69146
-0.64596
0
0
0
0
0
-3.0639
0
0
0
0
0
0
0
-0.71247
-0.72463
-0.7136
-0.7351
-0.71062
-0.68422
-0.71062
-0.71062
-0.65663
14.8573
-0.64252
-0.67441
-0.65201
-0.65201
-0.65201
-0.69278
-0.6472
0
0
0
0
0
0
0
0
0
-3.8859
0
0
0
-0.73197
-0.71328
-0.71495
-0.73516
-0.69845
-0.69243
-0.69845
-0.69845
-0.64129
-0.64252
10.9272
-0.67269
-0.65034
-0.65034
-0.65034
-0.69101
-0.64554
0
0
0
0
0
0
0
0
0
0
0
0
0
-0.76857
-0.74887
-0.75063
-0.77193
-0.73325
-0.7269
-0.73325
-0.73325
-0.67312
-0.67441
-0.67269
10.8263
-0.69888
-0.69888
-0.69888
-0.74275
0
0
0
0
0
0
0
0
0
0
0
0
0
0
-0.74285
-0.72386
-0.72555
-0.74609
-0.7088
-0.70267
-0.7088
-0.7088
-0.65076
-0.65201
-0.65034
-0.69888
9.7142
-0.64738
-0.64738
0
0
0
0
0
0
0
0
0
0
0
0
0
0
0
-0.74285
-0.72386
-0.72555
-0.74609
-0.7088
-0.70267
-0.7088
-0.7088
-0.65076
-0.65201
-0.65034
-0.69888
-0.64738
9.7142
-0.64738
0
0
0
0
0
0
0
0
0
0
0
0
0
0
0
-0.74285
-0.72386
-0.72555
-0.74609
-0.7088
-0.70267
-0.7088
-0.7088
-0.65076
-0.65201
-0.65034
-0.69888
-0.64738
-0.64738
9.7142
0
0
0
0
0
0
0
0
0
0
0
0
0
0
0
-0.78972
-0.76942
-0.77123
-0.79318
-0.75333
-0.7468
-0.75333
-0.75333
-0.69146
-0.69278
-0.69101
-0.74275
0
0
0
8.9483
0
0
0
0
0
0
0
0
0
0
0
0
0
0
-0.73734
-0.7185
-0.72018
-0.74055
-0.70355
-0.69748
-0.70355
-0.70355
-0.64596
-0.6472
-0.64554
0
0
0
0
0
7.6634
0
0
0
0
0
0
0
0
0
0
0
0
0
-0.81768
-0.78381
-0.79163
-0.81574
-0.77368
0
-0.77368
-0.77368
0
0
0
0
0
0
0
0
0
5.5299
0
0
0
0
0
0
0
0
0
0
0
0
-0.81768
-0.78381
-0.79163
-0.81574
-0.77368
0
-0.77368
-0.77368
0
0
0
0
0
0
0
0
0
0
5.5299
0
0
0
0
0
0
0
0
0
0
0
0
0
0
0
0
-0.30288
0
0
0
0
0
0
0
0
0
0
0
0
0
9.389
0
-3.0759
-3.0778
0
-2.9325
0
0
0
0
0
-1.3086
-1.2133
-1.2484
0
0
0
0
0
0
0
0
0
0
0
0
0
0
0
0
0
3.7703
0
0
0
0
0
0
0
0
0
0
-3.2534
0
0
0
0
0
0
0
0
0
0
0
0
0
0
0
0
0
-3.0759
0
6.3293
0
0
0
0
0
0
0
0
0
0
0
0
0
0
0
0
-3.0639
0
0
0
0
0
0
0
0
0
0
-3.0778
0
0
6.1417
0
0
0
0
0
0
0
0
0
0
0
0
-4.3825
0
0
0
0
0
0
0
0
0
0
0
0
0
0
0
0
0
4.3825
0
0
0
0
0
0
0
0
0
0
0
0
0
0
0
0
0
0
0
0
0
0
0
0
0
-2.9325
0
0
0
0
2.9325
0
0
0
0
0
-7.4815
0
0
0
0
0
0
0
0
0
0
0
0
0
0
0
0
0
0
0
0
0
0
0
0
7.4815
0
0
0
0
0
0
0
0
0
0
0
0
0
-3.8859
0
0
0
0
0
0
0
0
0
0
0
0
0
0
0
0
3.8859
0
0
0
0
0
0
-4.9707
0
0
0
0
0
0
0
0
0
0
0
0
0
0
0
0
0
0
0
0
0
0
0
4.9707
0
0
-7.4815
0
0
0
0
0
0
0
0
0
0
0
0
0
0
0
0
0
0
0
0
0
0
0
0
0
0
0
7.4815
0
0
0
-5.3949
0
0
0
0
0
0
0
0
0
0
0
0
0
0
0
0
0
0
0
0
0
0
0
0
0
0
5.3949
