27.3024
-0.53967
-0.56718
-0.53398
-0.54298
-0.54298
-0.55281
-0.54726
-0.49502
-0.52382
-0.49502
-0.49502
-0.48749
-0.52197
-0.50671
-0.46906
0
0
0
0
-9.7407
0
-9.7407
0
0
0
0
0
0
0
-0.53967
27.3024
-0.56718
-0.53398
-0.54298
-0.54298
-0.55281
-0.54726
-0.49502
-0.52382
-0.49502
-0.49502
-0.48749
-0.52197
-0.50671
-0.46906
0
0
0
0
0
0
0
0
0
0
0
0
-9.7407
-9.7407
-0.56718
-0.56718
15.1151
-0.5595
-0.56655
-0.56655
-0.58408
-0.57557
-0.51202
-0.55708
-0.51202
-0.51202
-0.50405
-0.54161
-0.52807
-0.50409
0
0
0
0
0
0
0
-6.9575
0
0
0
0
0
0
-0.53398
-0.53398
-0.5595
7.5287
-0.53663
-0.53663
-0.54543
-0.54738
-0.47915
-0.52429
-0.47915
-0.47915
-0.47419
-0.50631
-0.49813
0
-0.29485
0
0
0
0
0
0
0
0
0
0
0
0
0
-0.54298
-0.54298
-0.56655
-0.53663
7.7588
-0.50859
-0.54748
-0.54346
-0.48197
-0.53827
-0.48197
-0.48197
-0.47749
-0.51599
-0.50568
-0.48684
0
0
0
0
0
0
0
0
0
0
0
0
0
0
-0.54298
-0.54298
-0.56655
-0.53663
-0.50859
7.7588
-0.54748
-0.54346
-0.48197
-0.53827
-0.48197
-0.48197
-0.47749
-0.51599
-0.50568
-0.48684
0
0
0
0
0
0
0
0
0
0
0
0
0
0
-0.55281
-0.55281
-0.58408
-0.54543
-0.54748
-0.54748
13.4996
-0.55245
-0.49084
-0.55101
-0.49084
-0.49084
-0.48608
-0.52627
-0.51264
0
0
0
0
0
0
0
0
0
0
0
0
-6.0685
0
0
-0.54726
-0.54726
-0.57557
-0.54738
-0.54346
-0.54346
-0.55245
10.8
-0.48689
-0.55204
-0.48689
-0.48689
-0.48224
-0.5214
-0.50904
0
0
0
-3.4178
0
0
0
0
0
0
0
0
0
0
0
-0.49502
-0.49502
-0.51202
-0.47915
-0.48197
-0.48197
-0.49084
-0.48689
6.6243
-0.47867
-0.43671
-0.43671
-0.43145
-0.4646
-0.45327
0
0
0
0
0
0
0
0
0
0
0
0
0
0
0
-0.52382
-0.52382
-0.55708
-0.52429
-0.53827
-0.53827
-0.55101
-0.55204
-0.47867
12.0713
-0.47867
-0.47867
-0.43726
0
0
0
-0.28395
0
0
0
0
-5.6054
0
0
0
0
0
0
0
0
-0.49502
-0.49502
-0.51202
-0.47915
-0.48197
-0.48197
-0.49084
-0.48689
-0.43671
-0.47867
6.6243
-0.43671
-0.43145
-0.4646
-0.45327
0
0
0
0
0
0
0
0
0
0
0
0
0
0
0
-0.49502
-0.49502
-0.51202
-0.47915
-0.48197
-0.48197
-0.49084
-0.48689
-0.43671
-0.47867
-0.43671
6.6243
-0.43145
-0.4646
-0.45327
0
0
0
0
0
0
0
0
0
0
0
0
0
0
0
-0.48749
-0.48749
-0.50405
-0.47419
-0.47749
-0.47749
-0.48608
-0.48224
-0.43145
-0.43726
-0.43145
-0.43145
6.065
-0.45683
0
0
0
0
0
0
0
0
0
0
0
0
0
0
0
0
-0.52197
-0.52197
-0.54161
-0.50631
-0.51599
-0.51599
-0.52627
-0.5214
-0.4646
0
-0.4646
-0.4646
-0.45683
6.0221
0
0
0
0
0
0
0
0
0
0
0
0
0
0
0
0
-0.50671
-0.50671
-0.52807
-0.49813
-0.50568
-0.50568
-0.51264
-0.50904
-0.45327
0
-0.45327
-0.45327
0
0
5.6662
0
0
-0.23375
0
0
0
0
0
0
0
0
0
0
0
0
-0.46906
-0.46906
-0.50409
0
-0.48684
-0.48684
0
0
0
0
0
0
0
0
0
2.5204
0
0
0
0
0
0
0
0
0
0
-0.1045
0
0
0
0
0
0
-0.29485
0
0
0
0
0
-0.28395
0
0
0
0
0
0
7.1684
-0.19409
0
-4.4311
0
0
0
0
-1.9645
0
0
0
0
0
0
0
0
0
0
0
0
0
0
0
0
0
0
0
-0.23375
0
-0.19409
0.58938
0
0
0
0
0
0
0
-0.16154
0
0
0
0
0
0
0
0
0
0
0
-3.4178
0
0
0
0
0
0
0
0
0
0
4.0603
-0.64248
0
0
0
0
0
0
0
0
0
0
0
0
0
0
0
0
0
0
0
0
0
0
0
0
0
0
-4.4311
0
-0.64248
5.0735
0
0
0
0
0
0
0
0
0
0
-9.7407
0
0
0
0
0
0
0
0
0
0
0
0
0
0
0
0
0
0
0
9.7407
0
0
0
0
0
0
0
0
0
0
0
0
0
0
0
0
0
0
-5.6054
0
0
0
0
0
0
0
0
0
0
0
5.6054
0
0
0
0
0
0
0
0
-9.7407
0
0
0
0
0
0
0
0
0
0
0
0
0
0
0
0
0
0
0
0
0
9.7407
0
0
0
0
0
0
0
0
0
-6.9575
0
0
0
0
0
0
0
0
0
0
0
0
0
0
0
0
0
0
0
0
6.9575
0
0
0
0
0
0
0
0
0
0
0
0
0
0
0
0
0
0
0
0
0
0
-1.9645
0
0
0
0
0
0
0
1.9645
0
0
0
0
0
0
0
0
0
0
0
0
0
0
0
0
0
0
0
0
0
0
-0.16154
0
0
0
0
0
0
0
0.16154
0
0
0
0
0
0
0
0
0
0
0
0
0
0
0
0
0
0
0
-0.1045
0
0
0
0
0
0
0
0
0
0
0.1045
0
0
0
0
0
0
0
0
0
-6.0685
0
0
0
0
0
0
0
0
0
0
0
0
0
0
0
0
0
0
0
0
6.0685
0
0
0
-9.7407
0
0
0
0
0
0
0
0
0
0
0
0
0
0
0
0
0
0
0
0
0
0
0
0
0
0
9.7407
0
0
-9.7407
0
0
0
0
0
0
0
0
0
0
0
0
0
0
0
0
0
0
0
0
0
0
0
0
0
0
0
9.7407
