19.0998
-0.46382
-0.46382
-0.43698
-0.4715
-0.44959
-0.44959
-0.46349
-0.46349
-0.46257
-0.48008
-0.48877
-0.45835
-0.45835
-0.90397
-0.90397
0
-0.4286
-0.40723
-0.29877
-0.4286
0
0
0
0
0
0
0
0
-9.7182
-0.46382
8.6229
-0.45316
-0.43793
-0.47764
-0.45321
-0.45321
-0.50729
-0.50729
-0.51014
-0.48278
-0.4891
-0.44829
-0.44829
-0.83005
-0.83005
0
-0.41532
0
0
-0.41532
0
0
0
0
0
0
0
0
0
-0.46382
-0.45316
8.6229
-0.43793
-0.47764
-0.45321
-0.45321
-0.50729
-0.50729
-0.51014
-0.48278
-0.4891
-0.44829
-0.44829
-0.83005
-0.83005
0
-0.41532
0
0
-0.41532
0
0
0
0
0
0
0
0
0
-0.43698
-0.43793
-0.43793
7.6915
-0.44565
-0.41975
-0.41975
-0.45826
-0.45826
-0.46071
-0.44524
-0.4597
-0.4153
-0.4153
-0.79452
-0.79452
0
0
-0.39174
0
0
0
0
0
0
0
0
0
0
0
-0.4715
-0.47764
-0.47764
-0.44565
6.2009
-0.44708
-0.44708
-0.48211
-0.48211
-0.48285
-0.47943
-0.49781
-0.45277
-0.45277
0
0
-0.1045
0
0
0
0
0
0
0
0
0
0
0
0
0
-0.44959
-0.45321
-0.45321
-0.41975
-0.44708
5.7352
-0.38948
-0.45906
-0.45906
-0.46057
-0.44539
-0.46666
-0.41606
-0.41606
0
0
0
0
0
0
0
0
0
0
0
0
0
0
0
0
-0.44959
-0.45321
-0.45321
-0.41975
-0.44708
-0.38948
5.7352
-0.45906
-0.45906
-0.46057
-0.44539
-0.46666
-0.41606
-0.41606
0
0
0
0
0
0
0
0
0
0
0
0
0
0
0
0
-0.46349
-0.50729
-0.50729
-0.45826
-0.48211
-0.45906
-0.45906
20.1887
-0.41894
0
-0.47041
0
0
0
0
0
0
0
0
0
0
0
0
0
-7.9814
0
-7.9814
0
0
0
-0.46349
-0.50729
-0.50729
-0.45826
-0.48211
-0.45906
-0.45906
-0.41894
20.1887
0
-0.47041
0
0
0
0
0
0
0
0
0
0
0
0
0
0
-7.9814
0
0
-7.9814
0
-0.46257
-0.51014
-0.51014
-0.46071
-0.48285
-0.46057
-0.46057
0
0
18.0921
0
0
0
0
0
0
0
0
0
0
0
0
-7.3723
-7.3723
0
0
0
0
0
0
-0.48008
-0.48278
-0.48278
-0.44524
-0.47943
-0.44539
-0.44539
-0.47041
-0.47041
0
4.2019
0
0
0
0
0
0
0
0
0
0
0
0
0
0
0
0
0
0
0
-0.48877
-0.4891
-0.4891
-0.4597
-0.49781
-0.46666
-0.46666
0
0
0
0
3.7551
0
0
0
0
0
0
0
-0.39734
0
0
0
0
0
0
0
0
0
0
-0.45835
-0.44829
-0.44829
-0.4153
-0.45277
-0.41606
-0.41606
0
0
0
0
0
3.0551
0
0
0
0
0
0
0
0
0
0
0
0
0
0
0
0
0
-0.45835
-0.44829
-0.44829
-0.4153
-0.45277
-0.41606
-0.41606
0
0
0
0
0
0
3.0551
0
0
0
0
0
0
0
0
0
0
0
0
0
0
0
0
-0.90397
-0.83005
-0.83005
-0.79452
0
0
0
0
0
0
0
0
0
0
3.3586
0
0
0
0
0
0
0
0
0
0
0
0
0
0
0
-0.90397
-0.83005
-0.83005
-0.79452
0
0
0
0
0
0
0
0
0
0
0
3.3586
0
0
0
0
0
0
0
0
0
0
0
0
0
0
0
0
0
0
-0.1045
0
0
0
0
0
0
0
0
0
0
0
0.92884
0
-0.64864
0
0
-0.1757
0
0
0
0
0
0
0
0
-0.4286
-0.41532
-0.41532
0
0
0
0
0
0
0
0
0
0
0
0
0
0
1.2592
0
0
0
0
0
0
0
0
0
0
0
0
-0.40723
0
0
-0.39174
0
0
0
0
0
0
0
0
0
0
0
0
-0.64864
0
1.4476
0
0
0
0
0
0
0
0
0
0
0
-0.29877
0
0
0
0
0
0
0
0
0
0
-0.39734
0
0
0
0
0
0
0
1.1374
0
0
0
0
0
0
0
-0.44129
0
0
-0.4286
-0.41532
-0.41532
0
0
0
0
0
0
0
0
0
0
0
0
0
0
0
0
0
1.2592
0
0
0
0
0
0
0
0
0
0
0
0
0
0
0
0
0
0
0
0
0
0
0
0
0
-0.1757
0
0
0
0
0.1757
0
0
0
0
0
0
0
0
0
0
0
0
0
0
0
0
0
-7.3723
0
0
0
0
0
0
0
0
0
0
0
0
7.3723
0
0
0
0
0
0
0
0
0
0
0
0
0
0
0
0
-7.3723
0
0
0
0
0
0
0
0
0
0
0
0
0
7.3723
0
0
0
0
0
0
0
0
0
0
0
0
0
-7.9814
0
0
0
0
0
0
0
0
0
0
0
0
0
0
0
0
7.9814
0
0
0
0
0
0
0
0
0
0
0
0
0
-7.9814
0
0
0
0
0
0
0
0
0
0
0
0
0
0
0
0
7.9814
0
0
0
0
0
0
0
0
0
0
0
-7.9814
0
0
0
0
0
0
0
0
0
0
0
0
0
0
0
0
0
0
7.9814
0
0
0
0
0
0
0
0
0
0
0
0
0
0
0
0
0
0
0
0
0
0
-0.44129
0
0
0
0
0
0
0
0.44129
0
0
0
0
0
0
0
0
0
0
-7.9814
0
0
0
0
0
0
0
0
0
0
0
0
0
0
0
0
0
0
0
7.9814
0
-9.7182
0
0
0
0
0
0
0
0
0
0
0
0
0
0
0
0
0
0
0
0
0
0
0
0
0
0
0
0
9.7182
