16.7663
-0.76607
-0.79561
-0.79561
-0.79561
-0.78502
-0.7715
-0.76758
-0.72111
-0.86649
-0.85345
-0.74855
-0.74855
-0.86524
-0.72402
-1.2424
-1.2424
0
-0.88267
-1.1725
0
0
0
0
0
0
0
-1.2219
0
0
-0.76607
16.9612
-0.79542
-0.79542
-0.79542
-0.78765
-0.76883
-0.76919
-0.71852
-0.86494
-0.85183
-0.74556
-0.74556
-0.87942
-0.7526
-1.2427
-1.2427
0
-0.86995
0
0
0
-1.3531
0
0
0
0
-1.2163
0
0
-0.79561
-0.79542
13.2468
-0.78288
-0.78288
-0.84533
-0.8092
-0.81367
-0.74241
-0.90727
-0.89482
-0.77259
-0.77259
-0.90367
0
-1.3142
-1.3142
0
0
0
0
0
0
0
0
0
0
0
0
0
-0.79561
-0.79542
-0.78288
13.2468
-0.78288
-0.84533
-0.8092
-0.81367
-0.74241
-0.90727
-0.89482
-0.77259
-0.77259
-0.90367
0
-1.3142
-1.3142
0
0
0
0
0
0
0
0
0
0
0
0
0
-0.79561
-0.79542
-0.78288
-0.78288
13.2468
-0.84533
-0.8092
-0.81367
-0.74241
-0.90727
-0.89482
-0.77259
-0.77259
-0.90367
0
-1.3142
-1.3142
0
0
0
0
0
0
0
0
0
0
0
0
0
-0.78502
-0.78765
-0.84533
-0.84533
-0.84533
13.0538
-0.76476
-0.76252
-0.70079
-0.84115
-0.83868
-0.72961
-0.72961
0
0
0
0
0
0
0
0
0
0
-2.102
-1.4759
0
0
0
0
0
-0.7715
-0.76883
-0.8092
-0.8092
-0.8092
-0.76476
10.1673
-0.77797
-0.67244
-0.82213
-0.81203
-0.70433
-0.70433
0
0
0
0
0
-0.94139
0
0
0
0
0
0
0
0
0
0
0
-0.76758
-0.76919
-0.81367
-0.81367
-0.81367
-0.76252
-0.77797
10.4962
-0.67575
-0.82071
-0.82065
-0.70806
-0.70806
0
0
0
0
0
0
-1.2447
0
0
0
0
0
0
0
0
0
0
-0.72111
-0.71852
-0.74241
-0.74241
-0.74241
-0.70079
-0.67244
-0.67575
8.4617
-0.74039
-0.73462
-0.63546
-0.63546
0
0
0
0
0
0
0
0
0
0
0
0
0
0
0
0
0
-0.86649
-0.86494
-0.90727
-0.90727
-0.90727
-0.84115
-0.82213
-0.82071
-0.74039
9.6879
0
0
0
0
0
0
0
0
0
0
0
0
0
-2.0103
0
0
0
0
0
0
-0.85345
-0.85183
-0.89482
-0.89482
-0.89482
-0.83868
-0.81203
-0.82065
-0.73462
0
9.2626
0
0
0
0
0
0
0
0
0
-1.6669
0
0
0
0
0
0
0
0
0
-0.74855
-0.74556
-0.77259
-0.77259
-0.77259
-0.72961
-0.70433
-0.70806
-0.63546
0
0
6.5893
0
0
0
0
0
0
0
0
0
0
0
0
0
0
0
0
0
0
-0.74855
-0.74556
-0.77259
-0.77259
-0.77259
-0.72961
-0.70433
-0.70806
-0.63546
0
0
0
6.5893
0
0
0
0
0
0
0
0
0
0
0
0
0
0
0
0
0
-0.86524
-0.87942
-0.90367
-0.90367
-0.90367
0
0
0
0
0
0
0
0
5.7022
-1.2466
0
0
0
0
0
0
0
0
0
0
0
0
0
0
0
-0.72402
-0.7526
0
0
0
0
0
0
0
0
0
0
0
-1.2466
5.4294
0
0
0
0
0
0
-1.4818
0
0
-1.2244
0
0
0
0
0
-1.2424
-1.2427
-1.3142
-1.3142
-1.3142
0
0
0
0
0
0
0
0
0
0
6.4278
0
0
0
0
0
0
0
0
0
0
0
0
0
0
-1.2424
-1.2427
-1.3142
-1.3142
-1.3142
0
0
0
0
0
0
0
0
0
0
0
6.4278
0
0
0
0
0
0
0
0
0
0
0
0
0
0
0
0
0
0
0
0
0
0
0
0
0
0
0
0
0
0
10.9354
0
0
-1.4843
-1.6268
0
-2.4238
-2.2465
0
0
0
0
-3.154
-0.88267
-0.86995
0
0
0
0
-0.94139
0
0
0
0
0
0
0
0
0
0
0
3.3439
0
0
0
0
0
0
0
-0.64994
0
0
0
-1.1725
0
0
0
0
0
0
-1.2447
0
0
0
0
0
0
0
0
0
0
0
5.9124
0
0
0
0
0
-1.801
-1.6943
0
0
0
0
0
0
0
0
0
0
0
0
0
-1.6669
0
0
0
0
0
0
-1.4843
0
0
4.9078
0
0
0
0
-1.7566
0
0
0
0
0
0
0
0
0
0
0
0
0
0
0
0
0
0
-1.4818
0
0
-1.6268
0
0
0
4.3229
-1.2142
0
0
0
0
0
0
0
0
-1.3531
0
0
0
0
0
0
0
0
0
0
0
0
0
0
0
0
0
0
0
-1.2142
3.4551
0
0
-0.88781
0
0
0
0
0
0
0
0
0
-2.102
0
0
0
-2.0103
0
0
0
0
0
0
0
-2.4238
0
0
0
0
0
6.5361
0
0
0
0
0
0
0
0
0
0
0
-1.4759
0
0
0
0
0
0
0
0
-1.2244
0
0
-2.2465
0
0
0
0
0
0
4.9468
0
0
0
0
0
0
0
0
0
0
0
0
0
0
0
0
0
0
0
0
0
0
0
0
-1.801
-1.7566
0
-0.88781
0
0
4.4454
0
0
0
0
0
0
0
0
0
0
0
0
0
0
0
0
0
0
0
0
0
0
-0.64994
-1.6943
0
0
0
0
0
0
4.0915
0
-1.7473
0
-1.2219
-1.2163
0
0
0
0
0
0
0
0
0
0
0
0
0
0
0
0
0
0
0
0
0
0
0
0
0
2.4382
0
0
0
0
0
0
0
0
0
0
0
0
0
0
0
0
0
0
0
0
0
0
0
0
0
0
0
0
-1.7473
0
1.7473
0
0
0
0
0
0
0
0
0
0
0
0
0
0
0
0
0
0
-3.154
0
0
0
0
0
0
0
0
0
0
0
3.154
