22.2698
-0.70662
-0.70662
-0.68127
-0.67043
-0.67043
-0.65569
-0.67556
-0.69731
-0.69731
-0.66201
-0.66944
-0.66944
-0.68879
-0.60547
-0.71925
-0.72987
-0.67564
-0.44715
-0.30712
0
0
0
0
0
-9.9344
0
0
0
0
-0.70662
12.2448
-0.71538
-0.69117
-0.67983
-0.67983
-0.66383
-0.68508
-0.71287
-0.71287
-0.66946
-0.67704
-0.67704
-0.69679
-0.64171
-0.72606
-0.73594
-0.71145
-0.46186
0
0
0
0
0
0
0
0
0
0
0
-0.70662
-0.71538
12.2448
-0.69117
-0.67983
-0.67983
-0.66383
-0.68508
-0.71287
-0.71287
-0.66946
-0.67704
-0.67704
-0.69679
-0.64171
-0.72606
-0.73594
-0.71145
-0.46186
0
0
0
0
0
0
0
0
0
0
0
-0.68127
-0.69117
-0.69117
14.6118
-0.65968
-0.65968
-0.63378
-0.65375
-0.67868
-0.67868
-0.63825
-0.64522
-0.64522
-0.66333
-0.61497
-0.68922
-0.69821
0
0
0
-3.9895
0
0
0
0
0
0
0
0
0
-0.67043
-0.67983
-0.67983
-0.65968
11.1967
-0.63742
-0.62903
-0.64884
-0.67499
-0.67499
-0.63363
-0.6405
-0.6405
-0.65838
-0.61518
-0.68376
-0.69256
-0.67716
0
0
0
0
0
0
0
0
0
0
0
0
-0.67043
-0.67983
-0.67983
-0.65968
-0.63742
11.1967
-0.62903
-0.64884
-0.67499
-0.67499
-0.63363
-0.6405
-0.6405
-0.65838
-0.61518
-0.68376
-0.69256
-0.67716
0
0
0
0
0
0
0
0
0
0
0
0
-0.65569
-0.66383
-0.66383
-0.63378
-0.62903
-0.62903
10.2523
-0.63193
-0.65523
-0.65523
-0.6153
-0.62182
-0.62182
-0.63879
-0.60484
-0.66196
-0.67017
0
0
0
0
0
0
0
0
0
0
0
0
0
-0.67556
-0.68508
-0.68508
-0.65375
-0.64884
-0.64884
-0.63193
9.8764
-0.67908
-0.67908
-0.63491
-0.64181
-0.64181
-0.65976
-0.62572
-0.6852
0
0
0
0
0
0
0
0
0
0
0
0
0
0
-0.69731
-0.71287
-0.71287
-0.67868
-0.67499
-0.67499
-0.65523
-0.67908
16.3778
-0.7403
-0.66091
-0.66831
-0.66831
-0.68761
0
0
0
0
0
0
0
0
0
-7.4663
0
0
0
0
0
0
-0.69731
-0.71287
-0.71287
-0.67868
-0.67499
-0.67499
-0.65523
-0.67908
-0.7403
16.3778
-0.66091
-0.66831
-0.66831
-0.68761
0
0
0
0
0
0
0
0
0
0
0
0
0
-7.4663
0
0
-0.66201
-0.66946
-0.66946
-0.63825
-0.63363
-0.63363
-0.6153
-0.63491
-0.66091
-0.66091
8.3478
-0.61752
-0.61752
-0.63428
0
0
0
0
0
0
0
0
0
0
0
0
0
0
0
0
-0.66944
-0.67704
-0.67704
-0.64522
-0.6405
-0.6405
-0.62182
-0.64181
-0.66831
-0.66831
-0.61752
7.7817
-0.61419
0
0
0
0
0
0
0
0
0
0
0
0
0
0
0
0
0
-0.66944
-0.67704
-0.67704
-0.64522
-0.6405
-0.6405
-0.62182
-0.64181
-0.66831
-0.66831
-0.61752
-0.61419
7.7817
0
0
0
0
0
0
0
0
0
0
0
0
0
0
0
0
0
-0.68879
-0.69679
-0.69679
-0.66333
-0.65838
-0.65838
-0.63879
-0.65976
-0.68761
-0.68761
-0.63428
0
0
7.3705
0
0
0
0
0
0
0
0
0
0
0
0
0
0
0
0
-0.60547
-0.64171
-0.64171
-0.61497
-0.61518
-0.61518
-0.60484
-0.62572
0
0
0
0
0
0
20.0061
0
0
0
0
0
0
0
0
0
0
0
0
0
-7.5207
-7.5207
-0.71925
-0.72606
-0.72606
-0.68922
-0.68376
-0.68376
-0.66196
-0.6852
0
0
0
0
0
0
0
5.5753
0
0
0
0
0
0
0
0
0
0
0
0
0
0
-0.72987
-0.73594
-0.73594
-0.69821
-0.69256
-0.69256
-0.67017
0
0
0
0
0
0
0
0
0
4.9552
0
0
0
0
0
0
0
0
0
0
0
0
0
-0.67564
-0.71145
-0.71145
0
-0.67716
-0.67716
0
0
0
0
0
0
0
0
0
0
0
3.7855
0
0
0
0
-0.33267
0
0
0
0
0
0
0
-0.44715
-0.46186
-0.46186
0
0
0
0
0
0
0
0
0
0
0
0
0
0
0
1.7439
-0.2685
0
0
0
0
-0.1045
0
0
0
0
0
-0.30712
0
0
0
0
0
0
0
0
0
0
0
0
0
0
0
0
0
-0.2685
8.1573
0
-4.7205
0
0
0
0
-2.8612
0
0
0
0
0
0
-3.9895
0
0
0
0
0
0
0
0
0
0
0
0
0
0
0
0
4.9542
-0.96468
0
0
0
0
0
0
0
0
0
0
0
0
0
0
0
0
0
0
0
0
0
0
0
0
0
0
0
-4.7205
-0.96468
5.6852
0
0
0
0
0
0
0
0
0
0
0
0
0
0
0
0
0
0
0
0
0
0
0
0
0
-0.33267
0
0
0
0
0.33267
0
0
0
0
0
0
0
0
0
0
0
0
0
0
0
-7.4663
0
0
0
0
0
0
0
0
0
0
0
0
0
0
7.4663
0
0
0
0
0
0
0
0
0
0
0
0
0
0
0
0
0
0
0
0
0
0
0
0
-0.1045
0
0
0
0
0
0.1045
0
0
0
0
0
-9.9344
0
0
0
0
0
0
0
0
0
0
0
0
0
0
0
0
0
0
0
0
0
0
0
0
9.9344
0
0
0
0
0
0
0
0
0
0
0
0
0
0
0
0
0
0
0
0
0
0
0
-2.8612
0
0
0
0
0
0
2.8612
0
0
0
0
0
0
0
0
0
0
0
0
-7.4663
0
0
0
0
0
0
0
0
0
0
0
0
0
0
0
0
0
7.4663
0
0
0
0
0
0
0
0
0
0
0
0
0
0
0
0
-7.5207
0
0
0
0
0
0
0
0
0
0
0
0
0
7.5207
0
0
0
0
0
0
0
0
0
0
0
0
0
0
0
-7.5207
0
0
0
0
0
0
0
0
0
0
0
0
0
0
7.5207
