27.7775
-0.92783
-0.92749
-0.89602
-0.89602
-0.9199
-0.90642
-0.91029
-0.91029
-0.83482
-0.83482
-0.95882
-0.94099
-0.86694
-0.86694
-0.86694
-1.0048
-0.87474
-0.87474
-0.87474
-0.91345
-1.0298
-1.0298
-0.32411
0
0
0
-7.3868
0
0
-0.92783
27.0303
-0.91227
-0.88022
-0.88022
-0.90566
-0.89267
-0.89464
-0.89464
-0.82059
-0.82059
-0.94219
-0.92693
-0.85218
-0.85218
-0.85218
-0.98685
-0.85958
-0.85958
-0.85958
-0.89707
-1.0104
-1.0104
0
0
0
0
0
-7.2918
0
-0.92749
-0.91227
19.8333
-0.86738
-0.86738
-0.9025
-0.89039
-0.88224
-0.88224
-0.80954
-0.80954
-0.92936
-0.92868
-0.8409
-0.8409
-0.8409
-0.97195
-0.84688
-0.84688
-0.84688
-0.88175
-0.98726
-0.98726
-0.33272
0
0
0
0
0
0
-0.89602
-0.88022
-0.86738
18.854
-0.83617
-0.8718
-0.86155
-0.85199
-0.85199
-0.78192
-0.78192
-0.89707
-0.89956
-0.81217
-0.81217
-0.81217
-0.93737
-0.81755
-0.81755
-0.81755
-0.85037
-0.94975
-0.94975
0
0
0
0
0
0
0
-0.89602
-0.88022
-0.86738
-0.83617
18.854
-0.8718
-0.86155
-0.85199
-0.85199
-0.78192
-0.78192
-0.89707
-0.89956
-0.81217
-0.81217
-0.81217
-0.93737
-0.81755
-0.81755
-0.81755
-0.85037
-0.94975
-0.94975
0
0
0
0
0
0
0
-0.9199
-0.90566
-0.9025
-0.8718
-0.8718
24.27
-0.8842
-0.88814
-0.88814
-0.81359
-0.81359
-0.9347
-0.91635
-0.84528
-0.84528
-0.84528
-0.97893
-0.85287
-0.85287
-0.85287
-0.89032
0
0
0
0
0
-6.6959
0
0
0
-0.90642
-0.89267
-0.89039
-0.86155
-0.86155
-0.8842
22.8026
-0.89298
-0.89298
-0.79767
-0.79767
-0.91711
-0.89588
-0.82935
-0.82935
-0.82935
-0.95993
-0.83678
-0.83678
-0.83678
0
0
0
0
0
0
0
0
0
-6.3532
-0.91029
-0.89464
-0.88224
-0.85199
-0.85199
-0.88814
-0.89298
17.2045
-0.86053
-0.79143
-0.79143
-0.90977
-0.90998
-0.82308
-0.82308
-0.82308
-0.95047
-0.82864
-0.82864
-0.82864
-0.8635
0
0
0
0
0
0
0
0
0
-0.91029
-0.89464
-0.88224
-0.85199
-0.85199
-0.88814
-0.89298
-0.86053
17.2045
-0.79143
-0.79143
-0.90977
-0.90998
-0.82308
-0.82308
-0.82308
-0.95047
-0.82864
-0.82864
-0.82864
-0.8635
0
0
0
0
0
0
0
0
0
-0.83482
-0.82059
-0.80954
-0.78192
-0.78192
-0.81359
-0.79767
-0.79143
-0.79143
14.9381
-0.7167
-0.82472
-0.81935
-0.7468
-0.7468
-0.7468
-0.85971
-0.75142
-0.75142
-0.75142
0
0
0
0
0
0
0
0
0
0
-0.83482
-0.82059
-0.80954
-0.78192
-0.78192
-0.81359
-0.79767
-0.79143
-0.79143
-0.7167
14.9381
-0.82472
-0.81935
-0.7468
-0.7468
-0.7468
-0.85971
-0.75142
-0.75142
-0.75142
0
0
0
0
0
0
0
0
0
0
-0.95882
-0.94219
-0.92936
-0.89707
-0.89707
-0.9347
-0.91711
-0.90977
-0.90977
-0.82472
-0.82472
14.6315
-1.0208
-0.87849
-0.87849
-0.87849
-1.03
0
0
0
0
0
0
0
0
0
0
0
0
0
-0.94099
-0.92693
-0.92868
-0.89956
-0.89956
-0.91635
-0.89588
-0.90998
-0.90998
-0.81935
-0.81935
-1.0208
18.2199
-0.87002
-0.87002
-0.87002
0
0
0
0
0
0
0
0
-4.7225
0
0
0
0
0
-0.86694
-0.85218
-0.8409
-0.81217
-0.81217
-0.84528
-0.82935
-0.82308
-0.82308
-0.7468
-0.7468
-0.87849
-0.87002
12.2118
-0.73227
-0.73227
0
0
0
0
0
0
0
0
0
0
0
0
0
0
-0.86694
-0.85218
-0.8409
-0.81217
-0.81217
-0.84528
-0.82935
-0.82308
-0.82308
-0.7468
-0.7468
-0.87849
-0.87002
-0.73227
12.2118
-0.73227
0
0
0
0
0
0
0
0
0
0
0
0
0
0
-0.86694
-0.85218
-0.8409
-0.81217
-0.81217
-0.84528
-0.82935
-0.82308
-0.82308
-0.7468
-0.7468
-0.87849
-0.87002
-0.73227
-0.73227
12.2118
0
0
0
0
0
0
0
0
0
0
0
0
0
0
-1.0048
-0.98685
-0.97195
-0.93737
-0.93737
-0.97893
-0.95993
-0.95047
-0.95047
-0.85971
-0.85971
-1.03
0
0
0
0
11.4275
0
0
0
0
0
0
0
0
0
0
0
0
0
-0.87474
-0.85958
-0.84688
-0.81755
-0.81755
-0.85287
-0.83678
-0.82864
-0.82864
-0.75142
-0.75142
0
0
0
0
0
0
9.0661
0
0
0
0
0
0
0
0
0
0
0
0
-0.87474
-0.85958
-0.84688
-0.81755
-0.81755
-0.85287
-0.83678
-0.82864
-0.82864
-0.75142
-0.75142
0
0
0
0
0
0
0
9.0661
0
0
0
0
0
0
0
0
0
0
0
-0.87474
-0.85958
-0.84688
-0.81755
-0.81755
-0.85287
-0.83678
-0.82864
-0.82864
-0.75142
-0.75142
0
0
0
0
0
0
0
0
9.0661
0
0
0
0
0
0
0
0
0
0
-0.91345
-0.89707
-0.88175
-0.85037
-0.85037
-0.89032
0
-0.8635
-0.8635
0
0
0
0
0
0
0
0
0
0
0
7.0103
0
0
0
0
0
0
0
0
0
-1.0298
-1.0104
-0.98726
-0.94975
-0.94975
0
0
0
0
0
0
0
0
0
0
0
0
0
0
0
0
4.927
0
0
0
0
0
0
0
0
-1.0298
-1.0104
-0.98726
-0.94975
-0.94975
0
0
0
0
0
0
0
0
0
0
0
0
0
0
0
0
0
4.927
0
0
0
0
0
0
0
-0.32411
0
-0.33272
0
0
0
0
0
0
0
0
0
0
0
0
0
0
0
0
0
0
0
0
0.76133
0
-0.1045
0
0
0
0
0
0
0
0
0
0
0
0
0
0
0
0
-4.7225
0
0
0
0
0
0
0
0
0
0
0
4.7225
0
0
0
0
0
0
0
0
0
0
0
0
0
0
0
0
0
0
0
0
0
0
0
0
0
0
0
0
-0.1045
0
0.1045
0
0
0
0
0
0
0
0
0
-6.6959
0
0
0
0
0
0
0
0
0
0
0
0
0
0
0
0
0
0
0
0
6.6959
0
0
0
-7.3868
0
0
0
0
0
0
0
0
0
0
0
0
0
0
0
0
0
0
0
0
0
0
0
0
0
0
7.3868
0
0
0
-7.2918
0
0
0
0
0
0
0
0
0
0
0
0
0
0
0
0
0
0
0
0
0
0
0
0
0
0
7.2918
0
0
0
0
0
0
0
-6.3532
0
0
0
0
0
0
0
0
0
0
0
0
0
0
0
0
0
0
0
0
0
0
6.3532
