13.3923
-0.8083
-0.8083
-0.8083
-0.64858
-0.69791
-0.64858
-0.64858
-0.65027
-0.64858
-0.57595
-0.62631
-0.7889
-0.66793
-0.69694
-0.65589
-0.77734
-1.6158
0
0
0
-0.6199
0
0
0
0
0
0
0
0
-0.8083
13.2634
-0.82479
-0.82479
-0.68833
-0.73242
-0.68833
-0.68833
-0.66601
-0.68833
-0.59493
-0.66827
-0.83859
-0.71486
-0.73081
-0.68227
-0.77623
-1.6478
0
0
0
0
0
0
0
0
0
0
0
0
-0.8083
-0.82479
13.2634
-0.82479
-0.68833
-0.73242
-0.68833
-0.68833
-0.66601
-0.68833
-0.59493
-0.66827
-0.83859
-0.71486
-0.73081
-0.68227
-0.77623
-1.6478
0
0
0
0
0
0
0
0
0
0
0
0
-0.8083
-0.82479
-0.82479
13.2634
-0.68833
-0.73242
-0.68833
-0.68833
-0.66601
-0.68833
-0.59493
-0.66827
-0.83859
-0.71486
-0.73081
-0.68227
-0.77623
-1.6478
0
0
0
0
0
0
0
0
0
0
0
0
-0.64858
-0.68833
-0.68833
-0.68833
9.2181
-0.56161
-0.52841
-0.47341
-0.53578
-0.52841
-0.46079
-0.51626
-0.64926
-0.55321
-0.56206
-0.54049
0
0
-0.59482
0
0
0
0
0
0
0
0
0
0
0
-0.69791
-0.73242
-0.73242
-0.73242
-0.56161
22.7995
-0.56161
-0.56161
-0.56491
-0.56161
-0.4906
-0.55056
-0.67576
-0.58986
-0.60059
-0.56881
0
0
0
0
0
0
0
0
0
0
0
0
-13.6168
0
-0.64858
-0.68833
-0.68833
-0.68833
-0.52841
-0.56161
9.2181
-0.52841
-0.53578
-0.47341
-0.46079
-0.51626
-0.64926
-0.55321
-0.56206
-0.54049
0
0
0
-0.59482
0
0
0
0
0
0
0
0
0
0
-0.64858
-0.68833
-0.68833
-0.68833
-0.47341
-0.56161
-0.52841
9.2181
-0.53578
-0.52841
-0.46079
-0.51626
-0.64926
-0.55321
-0.56206
-0.54049
0
0
-0.59482
0
0
0
0
0
0
0
0
0
0
0
-0.65027
-0.66601
-0.66601
-0.66601
-0.53578
-0.56491
-0.53578
-0.53578
9.3139
-0.53578
-0.46431
-0.52464
-0.65382
-0.56153
-0.57286
-0.53596
-0.64444
0
0
0
0
0
0
0
0
0
0
0
0
0
-0.64858
-0.68833
-0.68833
-0.68833
-0.52841
-0.56161
-0.47341
-0.52841
-0.53578
9.2181
-0.46079
-0.51626
-0.64926
-0.55321
-0.56206
-0.54049
0
0
0
-0.59482
0
0
0
0
0
0
0
0
0
0
-0.57595
-0.59493
-0.59493
-0.59493
-0.46079
-0.4906
-0.46079
-0.46079
-0.46431
-0.46079
7.5977
-0.452
-0.55157
-0.48108
-0.49085
-0.46339
0
0
0
0
0
0
0
0
0
0
0
0
0
0
-0.62631
-0.66827
-0.66827
-0.66827
-0.51626
-0.55056
-0.51626
-0.51626
-0.52464
-0.51626
-0.452
7.6404
-0.56395
-0.52218
0
0
0
0
0
0
-0.33093
0
0
0
0
0
0
0
0
0
-0.7889
-0.83859
-0.83859
-0.83859
-0.64926
-0.67576
-0.64926
-0.64926
-0.65382
-0.64926
-0.55157
-0.56395
35.6984
0
0
0
0
0
0
0
0
0
0
0
0
0
0
-13.6758
0
-13.6758
-0.66793
-0.71486
-0.71486
-0.71486
-0.55321
-0.58986
-0.55321
-0.55321
-0.56153
-0.55321
-0.48108
-0.52218
0
7.5451
0
0
0
0
0
0
-0.36516
0
0
0
0
0
0
0
0
0
-0.69694
-0.73081
-0.73081
-0.73081
-0.56206
-0.60059
-0.56206
-0.56206
-0.57286
-0.56206
-0.49085
0
0
0
7.3514
0
0
0
0
0
0
-0.54943
0
0
0
0
0
0
0
0
-0.65589
-0.68227
-0.68227
-0.68227
-0.54049
-0.56881
-0.54049
-0.54049
-0.53596
-0.54049
-0.46339
0
0
0
0
6.4328
0
0
0
0
0
0
0
0
0
0
0
0
0
0
-0.77734
-0.77623
-0.77623
-0.77623
0
0
0
0
-0.64444
0
0
0
0
0
0
0
3.7505
0
0
0
0
0
0
0
0
0
0
0
0
0
-1.6158
-1.6478
-1.6478
-1.6478
0
0
0
0
0
0
0
0
0
0
0
0
0
15.7037
0
0
0
0
0
0
0
0
-9.1445
0
0
0
0
0
0
0
-0.59482
0
0
-0.59482
0
0
0
0
0
0
0
0
0
0
2.1685
0
0
0
-0.97886
0
0
0
0
0
0
0
0
0
0
0
0
0
-0.59482
0
0
-0.59482
0
0
0
0
0
0
0
0
0
2.1685
0
0
0
0
-0.97886
0
0
0
0
0
0
0
0
0
0
0
0
0
0
0
0
-0.33093
0
-0.36516
0
0
0
0
0
0
0.97613
0
0
-0.28003
0
0
0
0
0
0
-0.6199
0
0
0
0
0
0
0
0
0
0
0
0
0
-0.54943
0
0
0
0
0
0
1.8087
0
0
0
-0.63942
0
0
0
0
0
0
0
0
0
0
0
0
0
0
0
0
0
0
0
0
0
0
-0.97886
0
0
0
0.97886
0
0
0
0
0
0
0
0
0
0
0
0
0
0
0
0
0
0
0
0
0
0
0
0
0
0
0
-0.28003
0
0
0.28003
0
0
0
0
0
0
0
0
0
0
0
0
0
0
0
0
0
0
0
0
0
0
0
0
0
-0.97886
0
0
0
0
0.97886
0
0
0
0
0
0
0
0
0
0
0
0
0
0
0
0
0
0
0
0
0
0
0
0
0
0
-0.63942
0
0
0
0.63942
0
0
0
0
0
0
0
0
0
0
0
0
0
0
0
0
0
0
0
0
0
-9.1445
0
0
0
0
0
0
0
0
9.1445
0
0
0
0
0
0
0
0
0
0
0
0
0
0
0
-13.6758
0
0
0
0
0
0
0
0
0
0
0
0
0
0
13.6758
0
0
0
0
0
0
0
-13.6168
0
0
0
0
0
0
0
0
0
0
0
0
0
0
0
0
0
0
0
0
0
0
13.6168
0
0
0
0
0
0
0
0
0
0
0
0
0
-13.6758
0
0
0
0
0
0
0
0
0
0
0
0
0
0
0
0
13.6758
