26.2027
-0.68444
-0.71326
-0.71613
-0.71147
-0.70012
-0.68706
-0.68706
-0.68706
-0.66722
-0.69467
-0.63649
-0.67563
-1.039
-0.57298
-1.3919
0
-1.0167
0
-0.84103
0
-0.84103
0
0
0
-6.1197
-6.1197
0
0
0
-0.68444
11.3862
-0.70902
-0.70244
-0.7029
-0.69815
-0.67685
-0.67685
-0.67685
-0.65744
-0.68238
-0.6568
0
-1.0199
0
-1.3165
0
0
0
-0.76282
0
-0.76282
0
0
0
0
0
0
0
0
-0.71326
-0.70902
12.4324
-0.73229
-0.72681
-0.72274
-0.70017
-0.70017
-0.70017
-0.67636
-0.70579
0
0
0
-0.61198
0
0
0
0
0
0
0
0
-4.7337
0
0
0
0
0
0
-0.71613
-0.70244
-0.73229
8.315
-0.7362
-0.71958
-0.69392
-0.69392
-0.69392
-0.66875
-0.6977
0
0
0
0
0
-1.2601
0
0
0
0
0
0
0
0
0
0
0
0
0
-0.71147
-0.7029
-0.72681
-0.7362
7.7478
-0.71485
-0.69183
-0.69183
-0.69183
-0.66707
-0.696
0
-0.71696
0
0
0
0
0
0
0
0
0
0
0
0
0
0
0
0
0
-0.70012
-0.69815
-0.72274
-0.71958
-0.71485
10.4585
-0.69507
-0.69507
-0.69507
-0.62997
0
0
0
0
0
0
0
0
0
0
0
0
0
0
-4.1879
0
0
0
0
0
-0.68706
-0.67685
-0.70017
-0.69392
-0.69183
-0.69507
6.7482
-0.65029
-0.65029
-0.63669
-0.66599
0
0
0
0
0
0
0
0
0
0
0
0
0
0
0
0
0
0
0
-0.68706
-0.67685
-0.70017
-0.69392
-0.69183
-0.69507
-0.65029
6.7482
-0.65029
-0.63669
-0.66599
0
0
0
0
0
0
0
0
0
0
0
0
0
0
0
0
0
0
0
-0.68706
-0.67685
-0.70017
-0.69392
-0.69183
-0.69507
-0.65029
-0.65029
6.7482
-0.63669
-0.66599
0
0
0
0
0
0
0
0
0
0
0
0
0
0
0
0
0
0
0
-0.66722
-0.65744
-0.67636
-0.66875
-0.66707
-0.62997
-0.63669
-0.63669
-0.63669
5.8769
0
0
0
0
0
0
0
0
0
0
0
0
0
0
0
0
0
0
0
0
-0.69467
-0.68238
-0.70579
-0.6977
-0.696
0
-0.66599
-0.66599
-0.66599
0
5.4745
0
0
0
0
0
0
0
0
0
0
0
0
0
0
0
0
0
0
0
-0.63649
-0.6568
0
0
0
0
0
0
0
0
0
4.5173
0
-0.93077
0
0
0
0
0
0
-0.99328
0
0
0
0
0
0
0
0
-1.3
-0.67563
0
0
0
-0.71696
0
0
0
0
0
0
0
3.0592
0
0
0
0
-0.87359
0
0
0
0
0
0
0
0
0
0
-0.793
0
-1.039
-1.0199
0
0
0
0
0
0
0
0
0
-0.93077
0
2.9897
0
0
0
0
0
0
0
0
0
0
0
0
0
0
0
0
-0.57298
0
-0.61198
0
0
0
0
0
0
0
0
0
0
0
1.7372
0
0
0
0
0
0
0
0
0
0
0
0
-0.55225
0
0
-1.3919
-1.3165
0
0
0
0
0
0
0
0
0
0
0
0
0
3.9921
-1.2837
0
0
0
0
0
0
0
0
0
0
0
0
0
0
0
0
-1.2601
0
0
0
0
0
0
0
0
0
0
0
-1.2837
3.5653
0
-1.0215
0
0
0
0
0
0
0
0
0
0
0
-1.0167
0
0
0
0
0
0
0
0
0
0
0
-0.87359
0
0
0
0
2.9909
-1.1006
0
0
0
0
0
0
0
0
0
0
0
0
0
0
0
0
0
0
0
0
0
0
0
0
0
0
0
-1.0215
-1.1006
3.6895
0
0
0
-1.5674
0
0
0
0
0
0
0
-0.84103
-0.76282
0
0
0
0
0
0
0
0
0
0
0
0
0
0
0
0
0
1.6039
0
0
0
0
0
0
0
0
0
0
0
0
0
0
0
0
0
0
0
0
0
-0.99328
0
0
0
0
0
0
0
0
2.8662
0
-1.8729
0
0
0
0
0
0
0
-0.84103
-0.76282
0
0
0
0
0
0
0
0
0
0
0
0
0
0
0
0
0
0
0
1.6039
0
0
0
0
0
0
0
0
0
0
0
0
0
0
0
0
0
0
0
0
0
0
0
0
0
0
-1.5674
0
-1.8729
0
3.4403
0
0
0
0
0
0
0
0
0
-4.7337
0
0
0
0
0
0
0
0
0
0
0
0
0
0
0
0
0
0
0
0
4.7337
0
0
0
0
0
0
0
0
0
0
0
-4.1879
0
0
0
0
0
0
0
0
0
0
0
0
0
0
0
0
0
0
4.1879
0
0
0
0
0
-6.1197
0
0
0
0
0
0
0
0
0
0
0
0
0
0
0
0
0
0
0
0
0
0
0
0
6.1197
0
0
0
0
-6.1197
0
0
0
0
0
0
0
0
0
0
0
0
0
0
0
0
0
0
0
0
0
0
0
0
0
6.1197
0
0
0
0
0
0
0
0
0
0
0
0
0
0
0
0
0
-0.55225
0
0
0
0
0
0
0
0
0
0
0
0
0.55225
0
0
0
0
0
0
0
0
0
0
0
0
0
0
-0.793
0
0
0
0
0
0
0
0
0
0
0
0
0
0
0
0.793
0
0
0
0
0
0
0
0
0
0
0
0
-1.3
0
0
0
0
0
0
0
0
0
0
0
0
0
0
0
0
0
1.3
