12.5704
-0.65771
-0.61886
-0.65704
-0.58121
-0.58501
-0.60266
-0.57814
-0.58438
-0.58438
-0.63845
-0.53694
-0.65254
-0.60284
-0.80832
0
0
-0.44315
-0.9195
0
-2.5193
0
0
0
0
0
0
0
0
0
-0.65771
20.3894
-0.63154
-0.6708
-0.57019
-0.58028
-0.59505
-0.56958
-0.5769
-0.5769
-0.62221
-0.52778
-0.63673
-0.59352
-0.79632
0
0
-0.47669
0
0
0
0
0
0
0
0
0
0
0
-11.3072
-0.61886
-0.63154
11.2508
-0.65559
-0.55401
-0.55791
-0.57895
-0.55886
-0.55836
-0.55836
-0.61262
-0.51134
-0.6247
-0.57156
-0.76118
0
0
-0.44583
0
0
-2.4511
0
0
0
0
0
0
0
0
0
-0.65704
-0.6708
-0.65559
20.9412
-0.57201
-0.58114
-0.59793
-0.56702
-0.58115
-0.58115
-0.615
-0.53155
-0.63298
-0.60042
-0.80824
0
0
0
0
-0.92777
0
0
0
0
0
0
0
-11.3614
0
0
-0.58121
-0.57019
-0.55401
-0.57201
8.063
-0.51142
-0.53015
-0.51746
-0.51346
-0.51346
-0.55194
-0.46884
-0.55596
-0.52251
-0.6816
-0.41879
0
0
0
0
0
0
0
0
0
0
0
0
0
0
-0.58501
-0.58028
-0.55791
-0.58114
-0.51142
9.2846
-0.53596
-0.51918
-0.51843
-0.51843
-0.55573
-0.47153
-0.56554
-0.52589
-0.69942
0
0
0
0
0
0
-1.5588
0
0
0
0
0
0
0
0
-0.60266
-0.59505
-0.57895
-0.59793
-0.53015
-0.53596
8.1466
-0.53422
-0.54546
-0.54546
-0.57648
-0.488
-0.5875
-0.55216
0
0
0
0
0
-0.87667
0
0
0
0
0
0
0
0
0
0
-0.57814
-0.56958
-0.55886
-0.56702
-0.51746
-0.51918
-0.53422
6.7823
-0.53293
-0.53293
-0.55747
-0.45913
0
0
0
0
-0.1045
0
-0.75084
0
0
0
0
0
0
0
0
0
0
0
-0.58438
-0.5769
-0.55836
-0.58115
-0.51346
-0.51843
-0.54546
-0.53293
6.9788
-0.4578
-0.57246
-0.44685
-0.56985
-0.5208
0
0
0
0
0
0
0
0
0
0
0
0
0
0
0
0
-0.58438
-0.5769
-0.55836
-0.58115
-0.51346
-0.51843
-0.54546
-0.53293
-0.4578
6.9788
-0.57246
-0.44685
-0.56985
-0.5208
0
0
0
0
0
0
0
0
0
0
0
0
0
0
0
0
-0.63845
-0.62221
-0.61262
-0.615
-0.55194
-0.55573
-0.57648
-0.55747
-0.57246
-0.57246
17.1366
-0.49146
0
0
0
-0.43997
0
0
0
0
0
0
0
0
-10.3304
0
0
0
0
0
-0.53694
-0.52778
-0.51134
-0.53155
-0.46884
-0.47153
-0.488
-0.45913
-0.44685
-0.44685
-0.49146
5.8855
-0.50522
0
0
0
0
0
0
0
0
0
0
0
0
0
0
0
0
0
-0.65254
-0.63673
-0.6247
-0.63298
-0.55596
-0.56554
-0.5875
0
-0.56985
-0.56985
0
-0.50522
15.2782
0
0
0
0
0
0
0
0
0
0
0
0
0
-9.3773
0
0
0
-0.60284
-0.59352
-0.57156
-0.60042
-0.52251
-0.52589
-0.55216
0
-0.5208
-0.5208
0
0
0
5.0105
0
0
0
0
0
0
0
0
0
0
0
0
0
0
0
0
-0.80832
-0.79632
-0.76118
-0.80824
-0.6816
-0.69942
0
0
0
0
0
0
0
0
4.5551
0
0
0
0
0
0
0
0
0
0
0
0
0
0
0
0
0
0
0
-0.41879
0
0
0
0
0
-0.43997
0
0
0
0
4.726
-0.38491
0
0
0
0
-1.1008
0
-2.3816
0
0
0
0
0
0
0
0
0
0
0
0
0
-0.1045
0
0
0
0
0
0
0
-0.38491
0.61517
0
0
0
0
0
0
0
0
0
0
0
-0.12576
0
-0.44315
-0.47669
-0.44583
0
0
0
0
0
0
0
0
0
0
0
0
0
0
1.3657
0
0
0
0
0
0
0
0
0
0
0
0
-0.9195
0
0
0
0
0
0
-0.75084
0
0
0
0
0
0
0
0
0
0
3.2947
0
0
0
0
0
0
-1.6243
0
0
0
0
0
0
0
-0.92777
0
0
-0.87667
0
0
0
0
0
0
0
0
0
0
0
0
3.2067
0
0
-1.4023
0
0
0
0
0
0
0
-2.5193
0
-2.4511
0
0
0
0
0
0
0
0
0
0
0
0
0
0
0
0
0
4.9704
0
0
0
0
0
0
0
0
0
0
0
0
0
0
-1.5588
0
0
0
0
0
0
0
0
0
-1.1008
0
0
0
0
0
2.6595
0
0
0
0
0
0
0
0
0
0
0
0
0
0
0
0
0
0
0
0
0
0
0
0
0
0
0
-1.4023
0
0
1.4023
0
0
0
0
0
0
0
0
0
0
0
0
0
0
0
0
0
0
0
0
0
0
-2.3816
0
0
0
0
0
0
0
2.3816
0
0
0
0
0
0
0
0
0
0
0
0
0
0
0
0
-10.3304
0
0
0
0
0
0
0
0
0
0
0
0
0
10.3304
0
0
0
0
0
0
0
0
0
0
0
0
0
0
0
0
0
0
0
0
0
0
0
-1.6243
0
0
0
0
0
0
1.6243
0
0
0
0
0
0
0
0
0
0
0
0
0
0
0
0
-9.3773
0
0
0
0
0
0
0
0
0
0
0
0
0
9.3773
0
0
0
0
0
0
-11.3614
0
0
0
0
0
0
0
0
0
0
0
0
0
0
0
0
0
0
0
0
0
0
0
11.3614
0
0
0
0
0
0
0
0
0
0
0
0
0
0
0
0
0
0
-0.12576
0
0
0
0
0
0
0
0
0
0
0
0.12576
0
0
-11.3072
0
0
0
0
0
0
0
0
0
0
0
0
0
0
0
0
0
0
0
0
0
0
0
0
0
0
0
11.3072
