3.3064
-0.21924
-0.21313
-0.21313
-0.20425
-0.21599
-0.21647
-0.20974
-0.21074
-0.21024
-0.21024
-0.20676
-0.21614
-0.17306
-0.17306
-0.15466
-0.25956
0
0
0
0
0
0
0
0
0
0
0
0
0
-0.21924
20.0039
-0.21555
-0.21555
-0.19899
-0.21459
-0.21683
-0.20686
-0.20943
-0.21058
-0.21058
-0.20684
-0.21799
-0.17474
-0.17474
0
0
-8.5557
0
0
0
0
0
0
0
0
0
0
-8.5557
0
-0.21313
-0.21555
3.1022
-0.20873
-0.20177
-0.21132
-0.2126
-0.20682
-0.20633
-0.20621
-0.20621
-0.20277
-0.21118
-0.17405
-0.17405
0
-0.25149
0
0
0
0
0
0
0
0
0
0
0
0
0
-0.21313
-0.21555
-0.20873
3.1022
-0.20177
-0.21132
-0.2126
-0.20682
-0.20633
-0.20621
-0.20621
-0.20277
-0.21118
-0.17405
-0.17405
0
-0.25149
0
0
0
0
0
0
0
0
0
0
0
0
0
-0.20425
-0.19899
-0.20177
-0.20177
31.6634
-0.2028
-0.20419
-0.19461
-0.2002
-0.20107
-0.20107
-0.19675
0
0
0
0
0
0
0
0
-9.8186
-9.8186
0
0
0
0
0
0
0
-9.8186
-0.21599
-0.21459
-0.21132
-0.21132
-0.2028
7.3421
-0.21614
-0.20874
-0.21092
-0.20926
-0.20926
-0.20548
-0.21442
0
0
-0.15717
0
0
-4.6547
0
0
0
0
0
0
0
0
0
0
0
-0.21647
-0.21683
-0.2126
-0.2126
-0.20419
-0.21614
6.3559
-0.211
-0.21138
-0.20973
-0.20973
-0.20532
-0.21418
0
0
0
0
0
0
0
0
0
-3.8157
0
0
0
0
0
0
0
-0.20974
-0.20686
-0.20682
-0.20682
-0.19461
-0.20874
-0.211
16.8467
-0.20548
-0.206
-0.206
-0.2001
0
0
0
0
0
0
0
-7.2923
0
0
0
0
0
0
-7.2923
0
0
0
-0.21074
-0.20943
-0.20633
-0.20633
-0.2002
-0.21092
-0.21138
-0.20548
2.4211
-0.20332
-0.20332
-0.197
0
0
0
-0.15669
0
0
0
0
0
0
0
0
0
0
0
0
0
0
-0.21024
-0.21058
-0.20621
-0.20621
-0.20107
-0.20926
-0.20973
-0.206
-0.20332
2.4648
-0.19892
-0.19734
-0.20587
0
0
0
0
0
0
0
0
0
0
0
0
0
0
0
0
0
-0.21024
-0.21058
-0.20621
-0.20621
-0.20107
-0.20926
-0.20973
-0.206
-0.20332
-0.19892
2.4648
-0.19734
-0.20587
0
0
0
0
0
0
0
0
0
0
0
0
0
0
0
0
0
-0.20676
-0.20684
-0.20277
-0.20277
-0.19675
-0.20548
-0.20532
-0.2001
-0.197
-0.19734
-0.19734
2.2185
0
0
0
0
0
0
0
0
0
0
0
0
0
0
0
0
0
0
-0.21614
-0.21799
-0.21118
-0.21118
0
-0.21442
-0.21418
0
0
-0.20587
-0.20587
0
1.6968
0
0
0
0
0
0
0
0
0
0
0
0
0
0
0
0
0
-0.17306
-0.17474
-0.17405
-0.17405
0
0
0
0
0
0
0
0
0
0.80041
0
0
0
0
0
0
0
0
0
0
-0.1045
0
0
0
0
0
-0.17306
-0.17474
-0.17405
-0.17405
0
0
0
0
0
0
0
0
0
0
0.80041
0
0
0
0
0
0
0
0
0
0
0
0
-0.1045
0
0
-0.15466
0
0
0
0
-0.15717
0
0
-0.15669
0
0
0
0
0
0
13.6426
0
0
0
0
0
0
0
-6.587
0
-6.587
0
0
0
0
-0.25956
0
-0.25149
-0.25149
0
0
0
0
0
0
0
0
0
0
0
0
0.76253
0
0
0
0
0
0
0
0
0
0
0
0
0
0
-8.5557
0
0
0
0
0
0
0
0
0
0
0
0
0
0
0
8.5557
0
0
0
0
0
0
0
0
0
0
0
0
0
0
0
0
0
-4.6547
0
0
0
0
0
0
0
0
0
0
0
0
4.6547
0
0
0
0
0
0
0
0
0
0
0
0
0
0
0
0
0
0
-7.2923
0
0
0
0
0
0
0
0
0
0
0
7.2923
0
0
0
0
0
0
0
0
0
0
0
0
0
0
-9.8186
0
0
0
0
0
0
0
0
0
0
0
0
0
0
0
9.8186
0
0
0
0
0
0
0
0
0
0
0
0
0
-9.8186
0
0
0
0
0
0
0
0
0
0
0
0
0
0
0
0
9.8186
0
0
0
0
0
0
0
0
0
0
0
0
0
0
-3.8157
0
0
0
0
0
0
0
0
0
0
0
0
0
0
0
3.8157
0
0
0
0
0
0
0
0
0
0
0
0
0
0
0
0
0
0
0
0
0
0
-6.587
0
0
0
0
0
0
0
6.587
0
0
0
0
0
0
0
0
0
0
0
0
0
0
0
0
0
0
0
-0.1045
0
0
0
0
0
0
0
0
0
0
0.1045
0
0
0
0
0
0
0
0
0
0
0
0
0
0
0
0
0
0
0
0
-6.587
0
0
0
0
0
0
0
0
0
6.587
0
0
0
0
0
0
0
0
0
0
0
-7.2923
0
0
0
0
0
0
0
0
0
0
0
0
0
0
0
0
0
0
7.2923
0
0
0
0
0
0
0
0
0
0
0
0
0
0
0
0
0
-0.1045
0
0
0
0
0
0
0
0
0
0
0
0
0.1045
0
0
0
-8.5557
0
0
0
0
0
0
0
0
0
0
0
0
0
0
0
0
0
0
0
0
0
0
0
0
0
0
8.5557
0
0
0
0
0
-9.8186
0
0
0
0
0
0
0
0
0
0
0
0
0
0
0
0
0
0
0
0
0
0
0
0
9.8186
