22.4224
-0.9245
-0.9245
-1.0701
-1.059
-1.0663
-0.97032
-0.97032
-0.96877
-0.97384
-0.97032
-0.83548
-0.81942
-0.81942
-0.81942
-0.81942
-0.80477
-0.89133
-0.93782
-1.2954
0
-1.0944
-1.0944
0
-2.293
0
0
0
0
0
-0.9245
19.3204
-0.88034
-1.0176
-1.0106
-1.0233
-0.92823
-0.92823
-0.92467
-0.93663
-0.92823
-0.80928
-0.78387
-0.78387
-0.78387
-0.78387
-0.76786
-0.85168
-0.89395
-1.2585
0
-1.0506
-1.0506
0
0
0
0
0
0
0
-0.9245
-0.88034
19.3204
-1.0176
-1.0106
-1.0233
-0.92823
-0.92823
-0.92467
-0.93663
-0.92823
-0.80928
-0.78387
-0.78387
-0.78387
-0.78387
-0.76786
-0.85168
-0.89395
-1.2585
0
-1.0506
-1.0506
0
0
0
0
0
0
0
-1.0701
-1.0176
-1.0176
19.9048
-1.1746
-1.1752
-1.0687
-1.0687
-1.0803
-1.0895
-1.0687
-0.95091
-0.89838
-0.89838
-0.89838
-0.89838
-0.88223
-0.98707
-1.0306
0
0
0
0
-1.6295
0
0
0
0
0
0
-1.059
-1.0106
-1.0106
-1.1746
19.25
-1.1727
-1.0643
-1.0643
-1.0649
-1.0883
-1.0643
-0.9422
-0.89586
-0.89586
-0.89586
-0.89586
-0.87945
-0.98966
-1.0271
0
0
0
0
0
0
0
-1.0546
0
0
0
-1.0663
-1.0233
-1.0233
-1.1752
-1.1727
19.6823
-1.069
-1.069
-1.0786
-1.0878
-1.069
-0.94348
-0.89879
-0.89879
-0.89879
-0.89879
-0.88235
-0.9882
-1.0324
-1.4066
0
0
0
0
0
0
0
0
0
0
-0.97032
-0.92823
-0.92823
-1.0687
-1.0643
-1.069
16.5528
-0.93387
-0.98624
-0.99513
-0.93387
-0.85296
-0.80357
-0.80357
-0.80357
-0.80357
-0.79189
-0.889
-0.92685
0
0
0
0
0
0
0
0
0
0
0
-0.97032
-0.92823
-0.92823
-1.0687
-1.0643
-1.069
-0.93387
16.5528
-0.98624
-0.99513
-0.93387
-0.85296
-0.80357
-0.80357
-0.80357
-0.80357
-0.79189
-0.889
-0.92685
0
0
0
0
0
0
0
0
0
0
0
-0.96877
-0.92467
-0.92467
-1.0803
-1.0649
-1.0786
-0.98624
-0.98624
16.6329
-0.99121
-0.98624
-0.84172
-0.79629
-0.79629
-0.79629
-0.79629
-0.78303
-0.8781
0
0
0
0
0
0
0
0
-0.95299
0
0
0
-0.97384
-0.93663
-0.93663
-1.0895
-1.0883
-1.0878
-0.99513
-0.99513
-0.99121
19.5911
-0.99513
-0.84279
-0.80376
-0.80376
-0.80376
-0.80376
-0.79097
-0.88158
0
0
0
0
0
0
0
-3.7714
0
0
0
0
-0.97032
-0.92823
-0.92823
-1.0687
-1.0643
-1.069
-0.93387
-0.93387
-0.98624
-0.99513
16.5528
-0.85296
-0.80357
-0.80357
-0.80357
-0.80357
-0.79189
-0.889
-0.92685
0
0
0
0
0
0
0
0
0
0
0
-0.83548
-0.80928
-0.80928
-0.95091
-0.9422
-0.94348
-0.85296
-0.85296
-0.84172
-0.84279
-0.85296
15.0177
-0.70223
-0.70223
-0.70223
-0.70223
-0.57181
0
0
0
0
0
0
0
-2.1029
0
0
0
0
0
-0.81942
-0.78387
-0.78387
-0.89838
-0.89586
-0.89879
-0.80357
-0.80357
-0.79629
-0.80376
-0.80357
-0.70223
13.1223
-0.65242
-0.65242
-0.65242
-0.64914
-0.72277
0
0
0
0
0
0
0
0
0
0
0
0
-0.81942
-0.78387
-0.78387
-0.89838
-0.89586
-0.89879
-0.80357
-0.80357
-0.79629
-0.80376
-0.80357
-0.70223
-0.65242
13.1223
-0.65242
-0.65242
-0.64914
-0.72277
0
0
0
0
0
0
0
0
0
0
0
0
-0.81942
-0.78387
-0.78387
-0.89838
-0.89586
-0.89879
-0.80357
-0.80357
-0.79629
-0.80376
-0.80357
-0.70223
-0.65242
-0.65242
13.1223
-0.65242
-0.64914
-0.72277
0
0
0
0
0
0
0
0
0
0
0
0
-0.81942
-0.78387
-0.78387
-0.89838
-0.89586
-0.89879
-0.80357
-0.80357
-0.79629
-0.80376
-0.80357
-0.70223
-0.65242
-0.65242
-0.65242
13.1223
-0.64914
-0.72277
0
0
0
0
0
0
0
0
0
0
0
0
-0.80477
-0.76786
-0.76786
-0.88223
-0.87945
-0.88235
-0.79189
-0.79189
-0.78303
-0.79097
-0.79189
-0.57181
-0.64914
-0.64914
-0.64914
-0.64914
12.1026
0
0
0
0
0
0
0
0
0
0
0
0
0
-0.89133
-0.85168
-0.85168
-0.98707
-0.98966
-0.9882
-0.889
-0.889
-0.8781
-0.88158
-0.889
0
-0.72277
-0.72277
-0.72277
-0.72277
0
17.4777
0
0
0
0
0
0
0
0
0
0
-4.6003
0
-0.93782
-0.89395
-0.89395
-1.0306
-1.0271
-1.0324
-0.92685
-0.92685
0
0
-0.92685
0
0
0
0
0
0
0
8.5964
0
0
0
0
0
0
0
0
0
0
0
-1.2954
-1.2585
-1.2585
0
0
-1.4066
0
0
0
0
0
0
0
0
0
0
0
0
0
6.8359
0
0
0
0
0
0
0
-1.6169
0
0
0
0
0
0
0
0
0
0
0
0
0
0
0
0
0
0
0
0
0
0
6.5585
0
0
-2.7583
-2.4382
-1.3621
0
0
0
0
-1.0944
-1.0506
-1.0506
0
0
0
0
0
0
0
0
0
0
0
0
0
0
0
0
0
0
3.1957
0
0
0
0
0
0
0
0
-1.0944
-1.0506
-1.0506
0
0
0
0
0
0
0
0
0
0
0
0
0
0
0
0
0
0
0
3.1957
0
0
0
0
0
0
0
0
0
0
-1.6295
0
0
0
0
0
0
0
0
0
0
0
0
0
0
0
0
-2.7583
0
0
8.4716
0
0
0
0
0
-4.0838
-2.293
0
0
0
0
0
0
0
0
0
0
-2.1029
0
0
0
0
0
0
0
0
-2.4382
0
0
0
6.8342
0
0
0
0
0
0
0
0
0
0
0
0
0
0
-3.7714
0
0
0
0
0
0
0
0
0
0
-1.3621
0
0
0
0
5.1335
0
0
0
0
0
0
0
0
-1.0546
0
0
0
-0.95299
0
0
0
0
0
0
0
0
0
0
0
0
0
0
0
0
0
2.0076
0
0
0
0
0
0
0
0
0
0
0
0
0
0
0
0
0
0
0
0
0
0
-1.6169
0
0
0
0
0
0
0
1.6169
0
0
0
0
0
0
0
0
0
0
0
0
0
0
0
0
0
0
0
-4.6003
0
0
0
0
0
0
0
0
0
0
4.6003
0
0
0
0
0
0
0
0
0
0
0
0
0
0
0
0
0
0
0
0
0
0
0
0
-4.0838
0
0
0
0
0
4.0838
