23.4009
-1.1318
-1.1175
-1.1224
-1.1224
-0.9098
-0.9098
-0.9098
-0.9098
-0.9098
-0.97858
-0.9796
-1.2507
-1.018
-1.018
-1.018
-1.018
-1.0196
-1.018
-1.018
-0.94933
-0.94933
-0.94933
-1.1734
0
0
0
0
0
0
-1.1318
29.5174
-1.132
-1.1349
-1.1349
-0.9199
-0.9199
-0.9199
-0.9199
-0.9199
-0.98178
-0.99214
-1.2706
-1.0303
-1.0303
-1.0303
-1.0303
-1.0324
-1.0303
-1.0303
-0.96178
-0.96178
-0.96178
0
0
0
0
-7.0404
0
0
-1.1175
-1.132
23.5094
-1.1227
-1.1227
-0.91005
-0.91005
-0.91005
-0.91005
-0.91005
-0.97888
-0.98078
-1.2614
-1.0176
-1.0176
-1.0176
-1.0176
-1.0119
-1.0176
-1.0176
-0.94949
-0.94949
-0.94949
0
-1.2775
0
0
0
0
0
-1.1224
-1.1349
-1.1227
24.0322
-1.0955
-0.9105
-0.9105
-0.9105
-0.9105
-0.9105
-0.98372
-0.98195
-1.2625
-1.0198
-1.0198
-1.0198
-1.0198
-1.0244
-1.0198
-1.0198
-0.95058
-0.95058
-0.95058
0
0
-1.7813
0
0
0
0
-1.1224
-1.1349
-1.1227
-1.0955
24.0322
-0.9105
-0.9105
-0.9105
-0.9105
-0.9105
-0.98372
-0.98195
-1.2625
-1.0198
-1.0198
-1.0198
-1.0198
-1.0244
-1.0198
-1.0198
-0.95058
-0.95058
-0.95058
0
0
-1.7813
0
0
0
0
-0.9098
-0.9199
-0.91005
-0.9105
-0.9105
18.2874
-0.73873
-0.73873
-0.73873
-0.73873
-0.79508
-0.79922
-1.0513
-0.82876
-0.82876
-0.82876
-0.82876
-0.83131
-0.82876
-0.82876
-0.7741
-0.7741
-0.7741
0
0
0
0
0
0
0
-0.9098
-0.9199
-0.91005
-0.9105
-0.9105
-0.73873
18.2874
-0.73873
-0.73873
-0.73873
-0.79508
-0.79922
-1.0513
-0.82876
-0.82876
-0.82876
-0.82876
-0.83131
-0.82876
-0.82876
-0.7741
-0.7741
-0.7741
0
0
0
0
0
0
0
-0.9098
-0.9199
-0.91005
-0.9105
-0.9105
-0.73873
-0.73873
18.2874
-0.73873
-0.73873
-0.79508
-0.79922
-1.0513
-0.82876
-0.82876
-0.82876
-0.82876
-0.83131
-0.82876
-0.82876
-0.7741
-0.7741
-0.7741
0
0
0
0
0
0
0
-0.9098
-0.9199
-0.91005
-0.9105
-0.9105
-0.73873
-0.73873
-0.73873
18.2874
-0.73873
-0.79508
-0.79922
-1.0513
-0.82876
-0.82876
-0.82876
-0.82876
-0.83131
-0.82876
-0.82876
-0.7741
-0.7741
-0.7741
0
0
0
0
0
0
0
-0.9098
-0.9199
-0.91005
-0.9105
-0.9105
-0.73873
-0.73873
-0.73873
-0.73873
18.2874
-0.79508
-0.79922
-1.0513
-0.82876
-0.82876
-0.82876
-0.82876
-0.83131
-0.82876
-0.82876
-0.7741
-0.7741
-0.7741
0
0
0
0
0
0
0
-0.97858
-0.98178
-0.97888
-0.98372
-0.98372
-0.79508
-0.79508
-0.79508
-0.79508
-0.79508
23.5399
-0.8554
-1.1135
-0.88841
-0.88841
-0.88841
-0.88841
-0.888
-0.88841
-0.88841
0
0
0
0
0
0
0
0
0
-6.4704
-0.9796
-0.99214
-0.98078
-0.98195
-0.98195
-0.79922
-0.79922
-0.79922
-0.79922
-0.79922
-0.8554
16.2544
-1.1116
-0.89582
-0.89582
-0.89582
-0.89582
0
-0.89582
-0.89582
0
0
0
0
0
0
0
0
0
0
-1.2507
-1.2706
-1.2614
-1.2625
-1.2625
-1.0513
-1.0513
-1.0513
-1.0513
-1.0513
-1.1135
-1.1116
15.2496
0
0
0
0
0
0
0
0
0
0
0
-1.4605
0
0
0
0
0
-1.018
-1.0303
-1.0176
-1.0198
-1.0198
-0.82876
-0.82876
-0.82876
-0.82876
-0.82876
-0.88841
-0.89582
0
11.0334
0
0
0
0
0
0
0
0
0
0
0
0
0
0
0
0
-1.018
-1.0303
-1.0176
-1.0198
-1.0198
-0.82876
-0.82876
-0.82876
-0.82876
-0.82876
-0.88841
-0.89582
0
0
11.0334
0
0
0
0
0
0
0
0
0
0
0
0
0
0
0
-1.018
-1.0303
-1.0176
-1.0198
-1.0198
-0.82876
-0.82876
-0.82876
-0.82876
-0.82876
-0.88841
-0.89582
0
0
0
11.0334
0
0
0
0
0
0
0
0
0
0
0
0
0
0
-1.018
-1.0303
-1.0176
-1.0198
-1.0198
-0.82876
-0.82876
-0.82876
-0.82876
-0.82876
-0.88841
-0.89582
0
0
0
0
11.0334
0
0
0
0
0
0
0
0
0
0
0
0
0
-1.0196
-1.0324
-1.0119
-1.0244
-1.0244
-0.83131
-0.83131
-0.83131
-0.83131
-0.83131
-0.888
0
0
0
0
0
0
11.2291
0
0
0
0
0
-1.0718
0
0
0
0
0
0
-1.018
-1.0303
-1.0176
-1.0198
-1.0198
-0.82876
-0.82876
-0.82876
-0.82876
-0.82876
-0.88841
-0.89582
0
0
0
0
0
0
11.0334
0
0
0
0
0
0
0
0
0
0
0
-1.018
-1.0303
-1.0176
-1.0198
-1.0198
-0.82876
-0.82876
-0.82876
-0.82876
-0.82876
-0.88841
-0.89582
0
0
0
0
0
0
0
11.0334
0
0
0
0
0
0
0
0
0
0
-0.94933
-0.96178
-0.94949
-0.95058
-0.95058
-0.7741
-0.7741
-0.7741
-0.7741
-0.7741
0
0
0
0
0
0
0
0
0
0
8.6322
0
0
0
0
0
0
0
0
0
-0.94933
-0.96178
-0.94949
-0.95058
-0.95058
-0.7741
-0.7741
-0.7741
-0.7741
-0.7741
0
0
0
0
0
0
0
0
0
0
0
8.6322
0
0
0
0
0
0
0
0
-0.94933
-0.96178
-0.94949
-0.95058
-0.95058
-0.7741
-0.7741
-0.7741
-0.7741
-0.7741
0
0
0
0
0
0
0
0
0
0
0
0
8.6322
0
0
0
0
0
0
0
-1.1734
0
0
0
0
0
0
0
0
0
0
0
0
0
0
0
0
-1.0718
0
0
0
0
0
3.5496
0
0
-1.3044
0
0
0
0
0
-1.2775
0
0
0
0
0
0
0
0
0
-1.4605
0
0
0
0
0
0
0
0
0
0
0
4.2556
0
0
0
-1.5176
0
0
0
0
-1.7813
-1.7813
0
0
0
0
0
0
0
0
0
0
0
0
0
0
0
0
0
0
0
0
3.5626
0
0
0
0
0
0
0
0
0
0
0
0
0
0
0
0
0
0
0
0
0
0
0
0
0
0
0
-1.3044
0
0
1.3044
0
0
0
0
-7.0404
0
0
0
0
0
0
0
0
0
0
0
0
0
0
0
0
0
0
0
0
0
0
0
0
0
7.0404
0
0
0
0
0
0
0
0
0
0
0
0
0
0
0
0
0
0
0
0
0
0
0
0
0
0
-1.5176
0
0
0
1.5176
0
0
0
0
0
0
0
0
0
0
0
-6.4704
0
0
0
0
0
0
0
0
0
0
0
0
0
0
0
0
0
0
6.4704
