27.4455
-0.84518
-0.81677
-0.82377
-0.82162
-0.78448
-0.78792
-0.81404
-0.77969
-0.83314
-0.83314
-0.78809
-0.78809
-0.82351
-0.88371
-0.88371
-0.75219
-0.89284
-1.4605
-0.66916
0
0
0
0
0
0
0
0
0
-11.364
-0.84518
16.6149
-0.79396
-0.80238
-0.80118
-0.76757
-0.76688
-0.80115
-0.75897
-0.81083
-0.81083
-0.76712
-0.76712
-0.80149
-0.85984
-0.85984
-0.73144
-0.86685
-1.4502
-0.62996
0
0
-0.92216
0
0
0
0
0
0
0
-0.81677
-0.79396
15.3108
-0.78066
-0.77709
-0.74398
-0.74471
-0.77681
-0.73679
-0.78698
-0.78698
-0.74468
-0.74468
-0.77794
-0.83435
-0.83435
-0.71524
-0.84034
-1.4376
-0.63694
0
0
0
0
0
0
0
0
0
0
-0.82377
-0.80238
-0.78066
14.8191
-0.79602
-0.75206
-0.75148
-0.78364
-0.74303
-0.79369
-0.79369
-0.75099
-0.75099
-0.78456
-0.84151
-0.84151
-0.7291
-0.85155
-1.4484
0
0
0
0
0
0
0
0
0
0
0
-0.82162
-0.80118
-0.77709
-0.79602
14.3087
-0.74661
-0.74738
-0.78085
-0.74056
-0.79103
-0.79103
-0.7485
-0.7485
-0.78194
-0.83868
-0.83868
-0.70296
-0.85064
0
0
0
0
0
-1.0054
0
0
0
0
0
0
-0.78448
-0.76757
-0.74398
-0.75206
-0.74661
12.3061
-0.71862
-0.72952
-0.69682
-0.74407
-0.74407
-0.70426
-0.70426
-0.73557
-0.78856
-0.78856
-0.66748
0
0
0
0
-0.48964
0
0
0
0
0
0
0
0
-0.78792
-0.76688
-0.74471
-0.75148
-0.74738
-0.71862
12.6677
-0.73676
-0.7
-0.74747
-0.74747
-0.70747
-0.70747
-0.73893
-0.79219
-0.79219
-0.67967
-0.8011
0
0
0
0
0
0
0
0
0
0
0
0
-0.81404
-0.80115
-0.77681
-0.78364
-0.78085
-0.72952
-0.73676
22.3476
-0.72912
-0.77874
-0.77874
-0.73692
-0.73692
-0.7698
-0.82555
-0.82555
0
0
0
0
0
0
0
0
0
-10.7435
0
0
0
0
-0.77969
-0.75897
-0.73679
-0.74303
-0.74056
-0.69682
-0.7
-0.72912
11.0514
-0.73794
-0.73794
-0.69848
-0.69848
-0.72951
-0.78203
-0.78203
0
0
0
0
0
0
0
0
0
0
0
0
0
0
-0.83314
-0.81083
-0.78698
-0.79369
-0.79103
-0.74407
-0.74747
-0.77874
-0.73794
10.1208
-0.798
-0.75505
-0.75505
-0.78882
0
0
0
0
0
0
0
0
0
0
0
0
0
0
0
0
-0.83314
-0.81083
-0.78698
-0.79369
-0.79103
-0.74407
-0.74747
-0.77874
-0.73794
-0.798
10.1208
-0.75505
-0.75505
-0.78882
0
0
0
0
0
0
0
0
0
0
0
0
0
0
0
0
-0.78809
-0.76712
-0.74468
-0.75099
-0.7485
-0.70426
-0.70747
-0.73692
-0.69848
-0.75505
-0.75505
8.8044
-0.64778
0
0
0
0
0
0
0
0
0
0
0
0
0
0
0
0
0
-0.78809
-0.76712
-0.74468
-0.75099
-0.7485
-0.70426
-0.70747
-0.73692
-0.69848
-0.75505
-0.75505
-0.64778
8.8044
0
0
0
0
0
0
0
0
0
0
0
0
0
0
0
0
0
-0.82351
-0.80149
-0.77794
-0.78456
-0.78194
-0.73557
-0.73893
-0.7698
-0.72951
-0.78882
-0.78882
0
0
8.5209
0
0
0
0
0
0
0
0
0
0
0
0
0
0
0
0
-0.88371
-0.85984
-0.83435
-0.84151
-0.83868
-0.78856
-0.79219
-0.82555
-0.78203
0
0
0
0
0
7.4464
0
0
0
0
0
0
0
0
0
0
0
0
0
0
0
-0.88371
-0.85984
-0.83435
-0.84151
-0.83868
-0.78856
-0.79219
-0.82555
-0.78203
0
0
0
0
0
0
7.4464
0
0
0
0
0
0
0
0
0
0
0
0
0
0
-0.75219
-0.73144
-0.71524
-0.7291
-0.70296
-0.66748
-0.67967
0
0
0
0
0
0
0
0
0
5.7722
0
0
0
-0.79412
0
0
0
0
0
0
0
0
0
-0.89284
-0.86685
-0.84034
-0.85155
-0.85064
0
-0.8011
0
0
0
0
0
0
0
0
0
0
5.1033
0
0
0
0
0
0
0
0
0
0
0
0
-1.4605
-1.4502
-1.4376
-1.4484
0
0
0
0
0
0
0
0
0
0
0
0
0
0
14.2664
0
-1.9477
0
0
0
0
0
0
-6.5221
0
0
-0.66916
-0.62996
-0.63694
0
0
0
0
0
0
0
0
0
0
0
0
0
0
0
0
2.8767
0
0
-0.40414
-0.5365
0
0
0
0
0
0
0
0
0
0
0
0
0
0
0
0
0
0
0
0
0
0
-0.79412
0
-1.9477
0
4.6901
0
0
0
-1.9483
0
0
0
0
0
0
0
0
0
0
-0.48964
0
0
0
0
0
0
0
0
0
0
0
0
0
0
0
2.6513
-1.1662
0
0
0
0
0
-0.99543
0
0
-0.92216
0
0
0
0
0
0
0
0
0
0
0
0
0
0
0
0
0
-0.40414
0
-1.1662
2.4925
0
0
0
0
0
0
0
0
0
0
0
-1.0054
0
0
0
0
0
0
0
0
0
0
0
0
0
0
-0.5365
0
0
0
2.9899
0
0
-1.448
0
0
0
0
0
0
0
0
0
0
0
0
0
0
0
0
0
0
0
0
0
0
0
-1.9483
0
0
0
1.9483
0
0
0
0
0
0
0
0
0
0
0
0
-10.7435
0
0
0
0
0
0
0
0
0
0
0
0
0
0
0
0
0
10.7435
0
0
0
0
0
0
0
0
0
0
0
0
0
0
0
0
0
0
0
0
0
0
0
0
0
0
0
-1.448
0
0
1.448
0
0
0
0
0
0
0
0
0
0
0
0
0
0
0
0
0
0
0
0
0
-6.5221
0
0
0
0
0
0
0
0
6.5221
0
0
0
0
0
0
0
0
0
0
0
0
0
0
0
0
0
0
0
0
0
0
0
-0.99543
0
0
0
0
0
0
0.99543
0
-11.364
0
0
0
0
0
0
0
0
0
0
0
0
0
0
0
0
0
0
0
0
0
0
0
0
0
0
0
0
11.364
