15.5073
-0.73004
-0.81249
-0.75603
-0.76255
-0.75603
-0.74276
-0.76344
-0.76344
-0.77841
-0.686
-0.686
-0.68811
-0.68811
-0.71763
-0.76492
-1.0807
-0.65091
-0.9701
0
-0.61237
-1.0972
0
0
0
0
0
0
0
0
-0.73004
15.5073
-0.81249
-0.75603
-0.76255
-0.75603
-0.74276
-0.76344
-0.76344
-0.77841
-0.686
-0.686
-0.68811
-0.68811
-0.71763
-0.76492
-1.0807
-0.65091
-0.9701
0
-0.61237
-1.0972
0
0
0
0
0
0
0
0
-0.81249
-0.81249
24.7421
-0.83646
-0.84564
-0.83646
-0.82289
-0.84687
-0.84687
-0.86903
-0.75962
-0.75962
-0.76197
-0.76197
-0.79494
-0.84778
-1.1601
-0.72022
0
0
0
0
0
0
0
0
0
0
0
-10.6468
-0.75603
-0.75603
-0.83646
13.0316
-0.79745
-0.75418
-0.75064
-0.7729
-0.7729
-0.79291
-0.69321
-0.69321
-0.69534
-0.69534
-0.72519
-0.77223
-1.1107
-0.65684
0
0
0
0
0
0
0
0
0
0
0
0
-0.76255
-0.76255
-0.84564
-0.79745
14.3915
-0.79745
-0.7468
-0.76891
-0.76891
-0.78663
-0.68929
-0.68929
-0.69141
-0.69141
-0.72108
-0.76746
0
-0.65384
0
0
0
0
-2.4508
0
0
0
0
0
0
0
-0.75603
-0.75603
-0.83646
-0.75418
-0.79745
13.0316
-0.75064
-0.7729
-0.7729
-0.79291
-0.69321
-0.69321
-0.69534
-0.69534
-0.72519
-0.77223
-1.1107
-0.65684
0
0
0
0
0
0
0
0
0
0
0
0
-0.74276
-0.74276
-0.82289
-0.75064
-0.7468
-0.75064
11.6564
-0.75704
-0.75704
-0.77459
-0.67629
-0.67629
-0.67836
-0.67836
-0.70745
-0.75264
0
-0.64185
0
0
0
0
0
0
0
0
0
0
0
0
-0.76344
-0.76344
-0.84687
-0.7729
-0.76891
-0.7729
-0.75704
11.3636
-0.77345
-0.8501
-0.69532
-0.69532
-0.69746
-0.69746
-0.72741
-0.7816
0
0
0
0
0
0
0
0
0
0
0
0
0
0
-0.76344
-0.76344
-0.84687
-0.7729
-0.76891
-0.7729
-0.75704
-0.77345
11.3636
-0.8501
-0.69532
-0.69532
-0.69746
-0.69746
-0.72741
-0.7816
0
0
0
0
0
0
0
0
0
0
0
0
0
0
-0.77841
-0.77841
-0.86903
-0.79291
-0.78663
-0.79291
-0.77459
-0.8501
-0.8501
20.9499
-0.70628
-0.70628
-0.70845
-0.70845
-0.73891
0
0
0
0
0
0
0
0
0
0
0
0
-10.1084
0
0
-0.686
-0.686
-0.75962
-0.69321
-0.68929
-0.69321
-0.67629
-0.69532
-0.69532
-0.70628
9.4369
-0.6062
-0.60806
-0.60806
-0.63407
0
0
0
0
0
0
0
0
0
0
0
0
0
0
0
-0.686
-0.686
-0.75962
-0.69321
-0.68929
-0.69321
-0.67629
-0.69532
-0.69532
-0.70628
-0.6062
9.4369
-0.60806
-0.60806
-0.63407
0
0
0
0
0
0
0
0
0
0
0
0
0
0
0
-0.68811
-0.68811
-0.76197
-0.69534
-0.69141
-0.69534
-0.67836
-0.69746
-0.69746
-0.70845
-0.60806
-0.60806
8.8048
-0.58668
0
0
0
0
0
0
0
0
0
0
0
0
0
0
0
0
-0.68811
-0.68811
-0.76197
-0.69534
-0.69141
-0.69534
-0.67836
-0.69746
-0.69746
-0.70845
-0.60806
-0.60806
-0.58668
8.8048
0
0
0
0
0
0
0
0
0
0
0
0
0
0
0
0
-0.71763
-0.71763
-0.79494
-0.72519
-0.72108
-0.72519
-0.70745
-0.72741
-0.72741
-0.73891
-0.63407
-0.63407
0
0
8.571
0
0
0
0
0
0
0
0
0
0
0
0
0
0
0
-0.76492
-0.76492
-0.84778
-0.77223
-0.76746
-0.77223
-0.75264
-0.7816
-0.7816
0
0
0
0
0
0
7.0054
0
0
0
0
0
0
0
0
0
0
0
0
0
0
-1.0807
-1.0807
-1.1601
-1.1107
0
-1.1107
0
0
0
0
0
0
0
0
0
0
12.8877
0
0
-0.44068
0
0
0
0
0
0
0
0
-6.904
0
-0.65091
-0.65091
-0.72022
-0.65684
-0.65384
-0.65684
-0.64185
0
0
0
0
0
0
0
0
0
0
4.6314
0
0
0
0
0
0
0
0
0
0
0
0
-0.9701
-0.9701
0
0
0
0
0
0
0
0
0
0
0
0
0
0
0
0
8.03
0
0
-0.99082
0
-1.6946
-3.4044
0
0
0
0
0
0
0
0
0
0
0
0
0
0
0
0
0
0
0
0
0
-0.44068
0
0
7.1584
0
0
-2.4919
-2.693
0
-1.5327
0
0
0
0
-0.61237
-0.61237
0
0
0
0
0
0
0
0
0
0
0
0
0
0
0
0
0
0
1.9004
0
0
0
0
0
-0.67565
0
0
0
-1.0972
-1.0972
0
0
0
0
0
0
0
0
0
0
0
0
0
0
0
0
-0.99082
0
0
3.1852
0
0
0
0
0
0
0
0
0
0
0
0
-2.4508
0
0
0
0
0
0
0
0
0
0
0
0
0
0
-2.4919
0
0
4.9427
0
0
0
0
0
0
0
0
0
0
0
0
0
0
0
0
0
0
0
0
0
0
0
0
0
-1.6946
-2.693
0
0
0
4.3877
0
0
0
0
0
0
0
0
0
0
0
0
0
0
0
0
0
0
0
0
0
0
0
0
-3.4044
0
0
0
0
0
3.4044
0
0
0
0
0
0
0
0
0
0
0
0
0
0
0
0
0
0
0
0
0
0
0
0
-1.5327
0
0
0
0
0
1.5327
0
0
0
0
0
0
0
0
0
0
0
0
0
0
0
0
0
0
0
0
0
0
0
0
-0.67565
0
0
0
0
0
0.67565
0
0
0
0
0
0
0
0
0
0
0
0
-10.1084
0
0
0
0
0
0
0
0
0
0
0
0
0
0
0
0
0
10.1084
0
0
0
0
0
0
0
0
0
0
0
0
0
0
0
0
0
0
-6.904
0
0
0
0
0
0
0
0
0
0
0
6.904
0
0
0
-10.6468
0
0
0
0
0
0
0
0
0
0
0
0
0
0
0
0
0
0
0
0
0
0
0
0
0
0
10.6468
