10.59
-0.63428
-0.63428
-0.55895
-0.62725
-0.55895
-0.60401
-0.61167
-0.7376
-0.75618
-0.71952
-0.7376
-0.58999
-0.6502
-0.63088
-0.62598
0
-0.91262
0
0
0
0
0
0
0
0
0
0
0
0
-0.63428
10.59
-0.63428
-0.55895
-0.62725
-0.55895
-0.60401
-0.61167
-0.7376
-0.75618
-0.71952
-0.7376
-0.58999
-0.6502
-0.63088
-0.62598
0
-0.91262
0
0
0
0
0
0
0
0
0
0
0
0
-0.63428
-0.63428
10.59
-0.55895
-0.62725
-0.55895
-0.60401
-0.61167
-0.7376
-0.75618
-0.71952
-0.7376
-0.58999
-0.6502
-0.63088
-0.62598
0
-0.91262
0
0
0
0
0
0
0
0
0
0
0
0
-0.55895
-0.55895
-0.55895
8.1844
-0.53394
-0.44727
-0.50733
-0.50645
-0.60715
-0.62113
-0.60337
-0.60715
-0.49158
-0.5356
-0.5196
-0.52694
0
0
0
0
0
0
0
0
0
0
0
0
0
0
-0.62725
-0.62725
-0.62725
-0.53394
22.064
-0.53394
-0.53299
-0.50733
-0.63376
-0.6298
-0.63312
-0.63376
-0.50986
-0.5592
0
0
0
0
0
0
0
0
-2.7328
0
-11.7417
0
0
0
0
0
-0.55895
-0.55895
-0.55895
-0.44727
-0.53394
8.1844
-0.50733
-0.50645
-0.60715
-0.62113
-0.60337
-0.60715
-0.49158
-0.5356
-0.5196
-0.52694
0
0
0
0
0
0
0
0
0
0
0
0
0
0
-0.60401
-0.60401
-0.60401
-0.50733
-0.53299
-0.50733
7.6454
-0.54536
-0.65689
-0.66796
-0.64717
-0.65689
-0.52845
-0.58303
0
0
0
0
0
0
0
0
0
0
0
0
0
0
0
0
-0.61167
-0.61167
-0.61167
-0.50645
-0.50733
-0.50645
-0.54536
8.894
-0.64821
0
-0.60585
-0.64821
-0.52677
0
0
0
0
0
0
0
0
0
-2.5644
0
0
0
0
0
0
0
-0.7376
-0.7376
-0.7376
-0.60715
-0.63376
-0.60715
-0.65689
-0.64821
12.6256
0
0
0
0
0
0
0
0
0
0
0
0
0
0
0
0
-7.2597
0
0
0
0
-0.75618
-0.75618
-0.75618
-0.62113
-0.6298
-0.62113
-0.66796
0
0
6.2098
0
0
0
0
0
0
-0.89074
0
0
0
0
0
0
-0.51044
0
0
0
0
0
0
-0.71952
-0.71952
-0.71952
-0.60337
-0.63312
-0.60337
-0.64717
-0.60585
0
0
6.3922
0
0
0
0
0
0
0
0
-1.1407
0
0
0
0
0
0
0
0
0
0
-0.7376
-0.7376
-0.7376
-0.60715
-0.63376
-0.60715
-0.65689
-0.64821
0
0
0
12.6256
0
0
0
0
0
0
0
0
0
0
0
0
0
0
0
-7.2597
0
0
-0.58999
-0.58999
-0.58999
-0.49158
-0.50986
-0.49158
-0.52845
-0.52677
0
0
0
0
4.3182
0
0
0
0
0
0
0
0
0
0
0
0
0
0
0
0
0
-0.6502
-0.6502
-0.6502
-0.5356
-0.5592
-0.5356
-0.58303
0
0
0
0
0
0
9.6656
0
0
0
0
0
0
0
0
0
0
0
0
0
0
0
-5.5016
-0.63088
-0.63088
-0.63088
-0.5196
0
-0.5196
0
0
0
0
0
0
0
0
6.1636
0
0
0
-0.31696
0
0
0
0
0
0
0
-2.9148
0
0
0
-0.62598
-0.62598
-0.62598
-0.52694
0
-0.52694
0
0
0
0
0
0
0
0
0
3.337
-0.40518
0
0
0
0
0
0
0
0
0
0
0
0
0
0
0
0
0
0
0
0
0
0
-0.89074
0
0
0
0
0
-0.40518
3.5605
0
-0.59694
-1.0842
-0.58349
0
0
0
0
0
0
0
0
0
-0.91262
-0.91262
-0.91262
0
0
0
0
0
0
0
0
0
0
0
0
0
0
3.585
0
-0.84714
0
0
0
0
0
0
0
0
0
0
0
0
0
0
0
0
0
0
0
0
0
0
0
0
-0.31696
0
-0.59694
0
1.7439
0
0
0
0
0
0
0
0
0
-0.83001
0
0
0
0
0
0
0
0
0
0
0
-1.1407
0
0
0
0
0
-1.0842
-0.84714
0
3.072
0
0
0
0
0
0
0
0
0
0
0
0
0
0
0
0
0
0
0
0
0
0
0
0
0
0
-0.58349
0
0
0
3.1483
-2.5648
0
0
0
0
0
0
0
0
0
0
0
0
0
0
0
0
0
0
0
0
0
0
0
0
0
0
0
0
-2.5648
5.0301
0
-2.4653
0
0
0
0
0
0
0
0
0
0
-2.7328
0
0
-2.5644
0
0
0
0
0
0
0
0
0
0
0
0
0
0
5.2972
0
0
0
0
0
0
0
0
0
0
0
0
0
0
0
0
-0.51044
0
0
0
0
0
0
0
0
0
0
0
-2.4653
0
2.9757
0
0
0
0
0
0
0
0
0
0
-11.7417
0
0
0
0
0
0
0
0
0
0
0
0
0
0
0
0
0
0
0
11.7417
0
0
0
0
0
0
0
0
0
0
0
0
0
-7.2597
0
0
0
0
0
0
0
0
0
0
0
0
0
0
0
0
7.2597
0
0
0
0
0
0
0
0
0
0
0
0
0
0
0
0
0
0
-2.9148
0
0
0
0
0
0
0
0
0
0
0
2.9148
0
0
0
0
0
0
0
0
0
0
0
0
0
0
-7.2597
0
0
0
0
0
0
0
0
0
0
0
0
0
0
0
7.2597
0
0
0
0
0
0
0
0
0
0
0
0
0
0
0
0
0
0
0
0
-0.83001
0
0
0
0
0
0
0
0
0
0.83001
0
0
0
0
0
0
0
0
0
0
0
0
0
0
-5.5016
0
0
0
0
0
0
0
0
0
0
0
0
0
0
0
5.5016
