18.9946
-0.88271
-0.84163
-0.86198
-0.86198
-0.83931
-0.75177
-0.75177
-0.80977
-0.82701
-0.78742
-0.78803
-0.78335
-0.81947
-0.81551
-0.81083
0
0
0
0
0
0
0
0
-6.762
0
0
0
0
0
-0.88271
12.7383
-0.87939
-0.88271
-0.88271
-0.87276
-0.75751
-0.75751
-0.796
-0.7998
-0.7738
-0.77162
-0.77026
-0.80271
-0.79933
0
-0.72313
0
-0.5863
0
0
0
0
0
0
0
0
0
0
0
-0.84163
-0.87939
12.9514
-0.84163
-0.84163
-0.82916
-0.74115
-0.74115
-0.7973
-0.80902
-0.77751
-0.77933
-0.77185
-0.8067
-0.8029
-0.79793
0
-0.8931
0
0
0
0
0
0
0
0
0
0
0
0
-0.86198
-0.88271
-0.84163
18.9946
-0.86198
-0.83931
-0.75177
-0.75177
-0.80977
-0.82701
-0.78742
-0.78803
-0.78335
-0.81947
-0.81551
-0.81083
0
0
0
0
0
0
0
0
0
-6.762
0
0
0
0
-0.86198
-0.88271
-0.84163
-0.86198
18.9946
-0.83931
-0.75177
-0.75177
-0.80977
-0.82701
-0.78742
-0.78803
-0.78335
-0.81947
-0.81551
-0.81083
0
0
0
0
0
0
0
0
0
0
0
0
0
-6.762
-0.83931
-0.87276
-0.82916
-0.83931
-0.83931
13.4874
-0.74044
-0.74044
-0.79604
-0.80605
-0.77393
-0.77837
-0.77073
-0.80574
-0.80199
-0.79659
0
0
0
0
-1.4573
0
0
0
0
0
0
0
0
0
-0.75177
-0.75751
-0.74115
-0.75177
-0.75177
-0.74044
10.956
-0.68278
-0.72779
-0.73705
-0.71001
-0.71053
-0.70683
-0.73291
-0.73009
-0.72365
0
0
0
0
0
0
0
0
0
0
0
0
0
0
-0.75177
-0.75751
-0.74115
-0.75177
-0.75177
-0.74044
-0.68278
10.956
-0.72779
-0.73705
-0.71001
-0.71053
-0.70683
-0.73291
-0.73009
-0.72365
0
0
0
0
0
0
0
0
0
0
0
0
0
0
-0.80977
-0.796
-0.7973
-0.80977
-0.80977
-0.79604
-0.72779
-0.72779
10.1622
-0.80203
-0.77043
-0.77119
-0.75122
-0.7931
0
0
0
0
0
0
0
0
0
0
0
0
0
0
0
0
-0.82701
-0.7998
-0.80902
-0.82701
-0.82701
-0.80605
-0.73705
-0.73705
-0.80203
15.5623
-0.78004
-0.77999
-0.76075
0
0
0
0
0
0
0
0
0
0
0
0
0
0
0
-6.0695
0
-0.78742
-0.7738
-0.77751
-0.78742
-0.78742
-0.77393
-0.71001
-0.71001
-0.77043
-0.78004
8.9996
0
-0.73291
0
0
0
0
0
0
-0.60868
0
0
0
0
0
0
0
0
0
0
-0.78803
-0.77162
-0.77933
-0.78803
-0.78803
-0.77837
-0.71053
-0.71053
-0.77119
-0.77999
0
9.0817
-0.73342
0
0
0
-0.68262
0
0
0
0
0
0
0
0
0
0
0
0
0
-0.78335
-0.77026
-0.77185
-0.78335
-0.78335
-0.77073
-0.70683
-0.70683
-0.75122
-0.76075
-0.73291
-0.73342
9.0548
0
0
0
0
0
0
0
0
0
0
0
0
0
0
0
0
0
-0.81947
-0.80271
-0.8067
-0.81947
-0.81947
-0.80574
-0.73291
-0.73291
-0.7931
0
0
0
0
7.1325
0
0
0
0
0
0
0
0
0
0
0
0
0
0
0
0
-0.81551
-0.79933
-0.8029
-0.81551
-0.81551
-0.80199
-0.73009
-0.73009
0
0
0
0
0
0
6.3109
0
0
0
0
0
0
0
0
0
0
0
0
0
0
0
-0.81083
0
-0.79793
-0.81083
-0.81083
-0.79659
-0.72365
-0.72365
0
0
0
0
0
0
0
5.4743
0
0
0
0
0
0
0
0
0
0
0
0
0
0
0
-0.72313
0
0
0
0
0
0
0
0
0
-0.68262
0
0
0
0
3.3937
-0.75015
0
0
0
0
-0.62694
0
0
0
-0.61088
0
0
0
0
0
-0.8931
0
0
0
0
0
0
0
0
0
0
0
0
0
-0.75015
3.5732
-0.70356
0
0
-1.2264
0
0
0
0
0
0
0
0
0
-0.5863
0
0
0
0
0
0
0
0
0
0
0
0
0
0
0
-0.70356
1.8595
0
0
0
0
0
0
0
0
-0.56965
0
0
0
0
0
0
0
0
0
0
0
0
-0.60868
0
0
0
0
0
0
0
0
2.4978
0
0
0
-1.8891
0
0
0
0
0
0
0
0
0
0
0
-1.4573
0
0
0
0
0
0
0
0
0
0
0
0
0
0
2.6024
-1.1451
0
0
0
0
0
0
0
0
0
0
0
0
0
0
0
0
0
0
0
0
0
0
0
0
0
-1.2264
0
0
-1.1451
2.3715
0
0
0
0
0
0
0
0
0
0
0
0
0
0
0
0
0
0
0
0
0
0
0
0
-0.62694
0
0
0
0
0
2.5262
-1.8993
0
0
0
0
0
0
0
0
0
0
0
0
0
0
0
0
0
0
0
0
0
0
0
0
0
-1.8891
0
0
-1.8993
3.7884
0
0
0
0
0
0
-6.762
0
0
0
0
0
0
0
0
0
0
0
0
0
0
0
0
0
0
0
0
0
0
0
6.762
0
0
0
0
0
0
0
0
-6.762
0
0
0
0
0
0
0
0
0
0
0
0
0
0
0
0
0
0
0
0
0
6.762
0
0
0
0
0
0
0
0
0
0
0
0
0
0
0
0
0
0
0
0
-0.61088
0
0
0
0
0
0
0
0
0
0.61088
0
0
0
0
0
0
0
0
0
0
0
0
0
0
0
0
0
0
0
0
0
-0.56965
0
0
0
0
0
0
0
0
0.56965
0
0
0
0
0
0
0
0
0
0
0
-6.0695
0
0
0
0
0
0
0
0
0
0
0
0
0
0
0
0
0
0
6.0695
0
0
0
0
0
-6.762
0
0
0
0
0
0
0
0
0
0
0
0
0
0
0
0
0
0
0
0
0
0
0
0
6.762
