18.2541
-1.0142
-1.0142
-1.0039
-1.0142
-0.84101
-0.84101
-0.84101
-0.87013
-0.94527
-0.95258
-0.87955
-0.87955
-0.87955
-0.88192
-0.80259
-0.80259
-0.8842
-0.95822
-0.9108
-0.84828
0
0
0
-0.18937
0
0
0
0
0
-1.0142
27.3754
-1.0357
-1.023
-1.0357
-0.86015
-0.86015
-0.86015
-0.88993
-0.96701
-0.97191
-0.8994
-0.8994
-0.8994
-0.88759
-0.82039
-0.82039
-0.9052
-0.98218
-0.93357
-0.86947
0
0
0
0
0
-8.9405
0
0
0
-1.0142
-1.0357
27.3754
-1.023
-1.0357
-0.86015
-0.86015
-0.86015
-0.88993
-0.96701
-0.97191
-0.8994
-0.8994
-0.8994
-0.88759
-0.82039
-0.82039
-0.9052
-0.98218
-0.93357
-0.86947
0
0
0
0
0
0
0
-8.9405
0
-1.0039
-1.023
-1.023
18.5924
-1.023
-0.84349
-0.84349
-0.84349
-0.87275
-0.94822
-0.96217
-0.88227
-0.88227
-0.88227
-0.87925
-0.80492
-0.80492
-0.88728
-0.96115
-0.91353
-0.85074
-0.45733
0
0
0
0
0
0
0
0
-1.0142
-1.0357
-1.0357
-1.023
27.3754
-0.86015
-0.86015
-0.86015
-0.88993
-0.96701
-0.97191
-0.8994
-0.8994
-0.8994
-0.88759
-0.82039
-0.82039
-0.9052
-0.98218
-0.93357
-0.86947
0
0
0
0
0
0
0
0
-8.9405
-0.84101
-0.86015
-0.86015
-0.84349
-0.86015
15.5773
-0.72163
-0.72163
-0.74834
-0.81157
-0.82157
-0.75593
-0.75593
-0.75593
-0.74979
-0.69025
-0.69025
-0.75945
-0.82062
-0.78102
-0.72841
0
0
0
0
0
0
0
0
0
-0.84101
-0.86015
-0.86015
-0.84349
-0.86015
-0.72163
15.5773
-0.72163
-0.74834
-0.81157
-0.82157
-0.75593
-0.75593
-0.75593
-0.74979
-0.69025
-0.69025
-0.75945
-0.82062
-0.78102
-0.72841
0
0
0
0
0
0
0
0
0
-0.84101
-0.86015
-0.86015
-0.84349
-0.86015
-0.72163
-0.72163
15.5773
-0.74834
-0.81157
-0.82157
-0.75593
-0.75593
-0.75593
-0.74979
-0.69025
-0.69025
-0.75945
-0.82062
-0.78102
-0.72841
0
0
0
0
0
0
0
0
0
-0.87013
-0.88993
-0.88993
-0.87275
-0.88993
-0.74834
-0.74834
-0.74834
15.3651
-0.84448
-0.84916
-0.78492
-0.78492
-0.78492
-0.7789
-0.71516
-0.71516
-0.78753
-0.85166
-0.81059
0
0
0
0
0
0
0
0
0
0
-0.94527
-0.96701
-0.96701
-0.94822
-0.96701
-0.81157
-0.81157
-0.81157
-0.84448
15.8417
-0.95254
-0.86128
-0.86128
-0.86128
-0.86611
-0.78134
-0.78134
-0.86439
-0.93846
0
0
0
0
0
0
0
0
0
0
0
-0.95258
-0.97191
-0.97191
-0.96217
-0.97191
-0.82157
-0.82157
-0.82157
-0.84916
-0.95254
23.1876
-0.8789
-0.8789
-0.8789
-0.87875
-0.79552
-0.79552
-0.88205
0
0
0
0
0
0
0
0
0
-8.1022
0
0
-0.87955
-0.8994
-0.8994
-0.88227
-0.8994
-0.75593
-0.75593
-0.75593
-0.78492
-0.86128
-0.8789
13.8255
-0.77282
-0.77282
-0.81789
-0.70847
-0.70847
-0.79216
0
0
0
0
0
0
0
0
0
0
0
0
-0.87955
-0.8994
-0.8994
-0.88227
-0.8994
-0.75593
-0.75593
-0.75593
-0.78492
-0.86128
-0.8789
-0.77282
13.8255
-0.77282
-0.81789
-0.70847
-0.70847
-0.79216
0
0
0
0
0
0
0
0
0
0
0
0
-0.87955
-0.8994
-0.8994
-0.88227
-0.8994
-0.75593
-0.75593
-0.75593
-0.78492
-0.86128
-0.8789
-0.77282
-0.77282
13.8255
-0.81789
-0.70847
-0.70847
-0.79216
0
0
0
0
0
0
0
0
0
0
0
0
-0.88192
-0.88759
-0.88759
-0.87925
-0.88759
-0.74979
-0.74979
-0.74979
-0.7789
-0.86611
-0.87875
-0.81789
-0.81789
-0.81789
13.58
-0.66588
-0.66588
0
0
0
0
0
-0.59754
0
0
0
0
0
0
0
-0.80259
-0.82039
-0.82039
-0.80492
-0.82039
-0.69025
-0.69025
-0.69025
-0.71516
-0.78134
-0.79552
-0.70847
-0.70847
-0.70847
-0.66588
11.8329
-0.61016
0
0
0
0
0
0
0
0
0
0
0
0
0
-0.80259
-0.82039
-0.82039
-0.80492
-0.82039
-0.69025
-0.69025
-0.69025
-0.71516
-0.78134
-0.79552
-0.70847
-0.70847
-0.70847
-0.66588
-0.61016
11.8329
0
0
0
0
0
0
0
0
0
0
0
0
0
-0.8842
-0.9052
-0.9052
-0.88728
-0.9052
-0.75945
-0.75945
-0.75945
-0.78753
-0.86439
-0.88205
-0.79216
-0.79216
-0.79216
0
0
0
11.6759
0
0
0
0
0
0
0
0
0
0
0
0
-0.95822
-0.98218
-0.98218
-0.96115
-0.98218
-0.82062
-0.82062
-0.82062
-0.85166
-0.93846
0
0
0
0
0
0
0
0
9.1179
0
0
0
0
0
0
0
0
0
0
0
-0.9108
-0.93357
-0.93357
-0.91353
-0.93357
-0.78102
-0.78102
-0.78102
-0.81059
0
0
0
0
0
0
0
0
0
0
7.7787
0
0
0
0
0
0
0
0
0
0
-0.84828
-0.86947
-0.86947
-0.85074
-0.86947
-0.72841
-0.72841
-0.72841
0
0
0
0
0
0
0
0
0
0
0
0
6.4927
0
0
0
0
0
0
0
0
0
0
0
0
-0.45733
0
0
0
0
0
0
0
0
0
0
0
0
0
0
0
0
0
1.2176
-0.45624
0
0
-0.30403
0
0
0
0
0
0
0
0
0
0
0
0
0
0
0
0
0
0
-0.59754
0
0
0
0
0
0
-0.45624
1.6058
-0.55198
0
0
0
0
0
0
0
0
0
0
0
0
0
0
0
0
0
0
0
0
0
0
0
0
0
0
0
0
-0.55198
2.2126
-1.6606
0
0
0
0
0
-0.18937
0
0
0
0
0
0
0
0
0
0
0
0
0
0
0
0
0
0
0
0
0
0
-1.6606
1.85
0
0
0
0
0
0
0
0
0
0
0
0
0
0
0
0
0
0
0
0
0
0
0
0
0
0
-0.30403
0
0
0
0.30403
0
0
0
0
0
-8.9405
0
0
0
0
0
0
0
0
0
0
0
0
0
0
0
0
0
0
0
0
0
0
0
0
8.9405
0
0
0
0
0
0
0
0
0
0
0
0
0
-8.1022
0
0
0
0
0
0
0
0
0
0
0
0
0
0
0
0
8.1022
0
0
0
0
-8.9405
0
0
0
0
0
0
0
0
0
0
0
0
0
0
0
0
0
0
0
0
0
0
0
0
0
8.9405
0
0
0
0
0
-8.9405
0
0
0
0
0
0
0
0
0
0
0
0
0
0
0
0
0
0
0
0
0
0
0
0
8.9405
