25.5557
-0.99871
-1.0154
-0.891
-0.891
-0.90871
-0.891
-0.891
-0.891
-0.83604
-0.86175
-0.86175
-0.918
-0.88758
-0.9274
-0.90922
-0.90922
-0.92234
-0.92234
-0.92234
-0.78474
-0.93077
0
0
0
0
-6.5844
0
0
0
-0.99871
34.317
-0.99871
-0.89352
-0.89352
-0.89045
-0.89352
-0.89352
-0.89352
-0.82749
-0.85428
-0.85428
-0.89054
-0.87918
-0.89642
-0.90192
-0.90192
-0.91682
-0.91682
-0.91682
-0.75444
0
0
0
0
-8.2253
0
0
-8.2253
0
-1.0154
-0.99871
25.5557
-0.891
-0.891
-0.90871
-0.891
-0.891
-0.891
-0.83604
-0.86175
-0.86175
-0.918
-0.88758
-0.9274
-0.90922
-0.90922
-0.92234
-0.92234
-0.92234
-0.78474
-0.93077
0
-6.5844
0
0
0
0
0
0
-0.891
-0.89352
-0.891
16.7478
-0.77559
-0.81261
-0.77559
-0.77559
-0.77559
-0.73531
-0.75583
-0.75583
-0.80689
-0.77698
-0.8171
-0.79393
-0.79393
-0.80368
-0.80368
-0.80368
-0.70343
-0.807
0
0
0
0
0
0
0
0
-0.891
-0.89352
-0.891
-0.77559
16.7478
-0.81261
-0.77559
-0.77559
-0.77559
-0.73531
-0.75583
-0.75583
-0.80689
-0.77698
-0.8171
-0.79393
-0.79393
-0.80368
-0.80368
-0.80368
-0.70343
-0.807
0
0
0
0
0
0
0
0
-0.90871
-0.89045
-0.90871
-0.81261
-0.81261
22.2611
-0.81261
-0.81261
-0.81261
-0.74074
-0.76137
-0.76137
-0.8022
-0.78201
-0.81081
-0.79964
-0.79964
-0.81023
-0.81023
-0.81023
-0.69397
0
0
0
0
0
0
-6.1077
0
0
-0.891
-0.89352
-0.891
-0.77559
-0.77559
-0.81261
16.7478
-0.77559
-0.77559
-0.73531
-0.75583
-0.75583
-0.80689
-0.77698
-0.8171
-0.79393
-0.79393
-0.80368
-0.80368
-0.80368
-0.70343
-0.807
0
0
0
0
0
0
0
0
-0.891
-0.89352
-0.891
-0.77559
-0.77559
-0.81261
-0.77559
16.7478
-0.77559
-0.73531
-0.75583
-0.75583
-0.80689
-0.77698
-0.8171
-0.79393
-0.79393
-0.80368
-0.80368
-0.80368
-0.70343
-0.807
0
0
0
0
0
0
0
0
-0.891
-0.89352
-0.891
-0.77559
-0.77559
-0.81261
-0.77559
-0.77559
16.7478
-0.73531
-0.75583
-0.75583
-0.80689
-0.77698
-0.8171
-0.79393
-0.79393
-0.80368
-0.80368
-0.80368
-0.70343
-0.807
0
0
0
0
0
0
0
0
-0.83604
-0.82749
-0.83604
-0.73531
-0.73531
-0.74074
-0.73531
-0.73531
-0.73531
14.9761
-0.7091
-0.7091
-0.75193
-0.72747
-0.76187
-0.7428
-0.7428
-0.75149
-0.75149
-0.75149
-0.65967
0
0
0
0
0
0
0
0
0
-0.86175
-0.85428
-0.86175
-0.75583
-0.75583
-0.76137
-0.75583
-0.75583
-0.75583
-0.7091
14.7374
-0.72655
-0.77793
-0.75084
-0.78882
-0.76738
-0.76738
-0.77702
-0.77702
-0.77702
0
0
0
0
0
0
0
0
0
0
-0.86175
-0.85428
-0.86175
-0.75583
-0.75583
-0.76137
-0.75583
-0.75583
-0.75583
-0.7091
-0.72655
14.7374
-0.77793
-0.75084
-0.78882
-0.76738
-0.76738
-0.77702
-0.77702
-0.77702
0
0
0
0
0
0
0
0
0
0
-0.918
-0.89054
-0.918
-0.80689
-0.80689
-0.8022
-0.80689
-0.80689
-0.80689
-0.75193
-0.77793
-0.77793
17.1415
-0.79793
-0.83836
-0.82465
-0.82465
0
0
0
0
0
-3.9849
0
0
0
0
0
0
0
-0.88758
-0.87918
-0.88758
-0.77698
-0.77698
-0.78201
-0.77698
-0.77698
-0.77698
-0.72747
-0.75084
-0.75084
-0.79793
12.6905
-0.7912
-0.77547
-0.77547
0
0
0
0
0
0
0
0
0
0
0
0
0
-0.9274
-0.89642
-0.9274
-0.8171
-0.8171
-0.81081
-0.8171
-0.8171
-0.8171
-0.76187
-0.78882
-0.78882
-0.83836
-0.7912
14.2358
0
0
0
0
0
0
0
0
0
0
0
0
0
0
-2.6192
-0.90922
-0.90192
-0.90922
-0.79393
-0.79393
-0.79964
-0.79393
-0.79393
-0.79393
-0.7428
-0.76738
-0.76738
-0.82465
-0.77547
0
11.3673
0
0
0
0
0
0
0
0
0
0
0
0
0
0
-0.90922
-0.90192
-0.90922
-0.79393
-0.79393
-0.79964
-0.79393
-0.79393
-0.79393
-0.7428
-0.76738
-0.76738
-0.82465
-0.77547
0
0
11.3673
0
0
0
0
0
0
0
0
0
0
0
0
0
-0.92234
-0.91682
-0.92234
-0.80368
-0.80368
-0.81023
-0.80368
-0.80368
-0.80368
-0.75149
-0.77702
-0.77702
0
0
0
0
0
9.8957
0
0
0
0
0
0
0
0
0
0
0
0
-0.92234
-0.91682
-0.92234
-0.80368
-0.80368
-0.81023
-0.80368
-0.80368
-0.80368
-0.75149
-0.77702
-0.77702
0
0
0
0
0
0
9.8957
0
0
0
0
0
0
0
0
0
0
0
-0.92234
-0.91682
-0.92234
-0.80368
-0.80368
-0.81023
-0.80368
-0.80368
-0.80368
-0.75149
-0.77702
-0.77702
0
0
0
0
0
0
0
9.8957
0
0
0
0
0
0
0
0
0
0
-0.78474
-0.75444
-0.78474
-0.70343
-0.70343
-0.69397
-0.70343
-0.70343
-0.70343
-0.65967
0
0
0
0
0
0
0
0
0
0
7.2992
0
0
0
-0.1045
0
0
0
0
0
-0.93077
0
-0.93077
-0.807
-0.807
0
-0.807
-0.807
-0.807
0
0
0
0
0
0
0
0
0
0
0
0
5.8965
0
0
0
0
0
0
0
0
0
0
0
0
0
0
0
0
0
0
0
0
-3.9849
0
0
0
0
0
0
0
0
0
3.9849
0
0
0
0
0
0
0
0
0
-6.5844
0
0
0
0
0
0
0
0
0
0
0
0
0
0
0
0
0
0
0
0
6.5844
0
0
0
0
0
0
0
0
0
0
0
0
0
0
0
0
0
0
0
0
0
0
0
0
0
0
-0.1045
0
0
0
0.1045
0
0
0
0
0
0
-8.2253
0
0
0
0
0
0
0
0
0
0
0
0
0
0
0
0
0
0
0
0
0
0
0
8.2253
0
0
0
0
-6.5844
0
0
0
0
0
0
0
0
0
0
0
0
0
0
0
0
0
0
0
0
0
0
0
0
0
6.5844
0
0
0
0
0
0
0
0
-6.1077
0
0
0
0
0
0
0
0
0
0
0
0
0
0
0
0
0
0
0
0
0
6.1077
0
0
0
-8.2253
0
0
0
0
0
0
0
0
0
0
0
0
0
0
0
0
0
0
0
0
0
0
0
0
0
0
8.2253
0
0
0
0
0
0
0
0
0
0
0
0
0
0
0
-2.6192
0
0
0
0
0
0
0
0
0
0
0
0
0
0
2.6192
