26.234
-0.10001
-0.10001
-0.10001
-0.10001
-0.49481
-0.50242
-0.35881
-0.50367
-0.601
-0.53859
-0.53247
-0.61766
-1.8534
-0.1
-0.10001
0
0
-1.6824
0
-6.1743
0
0
-5.6001
0
0
-6.1743
0
0
0
-0.10001
7.9256
-0.10003
-0.27757
-0.40831
-0.61318
-0.60545
-0.59169
-0.12997
-0.69623
-0.10106
-0.631
-0.14481
-0.89888
-0.69698
-0.14353
0
0
-1.7869
0
0
0
0
0
0
0
0
0
0
0
-0.10001
-0.10003
7.965
-0.2186
-0.1748
-0.10019
-0.10007
-0.53003
-0.59303
-0.63857
-0.46736
-0.59534
-0.35302
-0.85303
-0.59566
-1.0184
0
0
-1.5269
0
0
0
0
0
0
0
0
0
0
0
-0.10001
-0.27757
-0.2186
14.7477
-0.10022
-0.49001
-0.47239
-1.0416
-0.48692
-1.2687
-0.42188
-1.18
-0.49058
-1.595
-1.6347
0
0
0
0
0
0
0
-4.9695
0
0
0
0
0
0
0
-0.10001
-0.40831
-0.1748
-0.10022
6.9561
-0.35166
-0.30324
-0.44361
-0.10082
-0.52515
-0.57815
-0.59917
-1.0614
-0.95707
-1.2525
0
0
0
0
0
0
0
0
0
0
0
0
0
0
0
-0.49481
-0.61318
-0.10019
-0.49001
-0.35166
5.2977
-0.10003
-0.58814
-0.10004
-0.67526
-0.10012
-0.62873
-0.14599
0
0
0
-0.90951
0
0
0
0
0
0
0
0
0
0
0
0
0
-0.50242
-0.60545
-0.10007
-0.47239
-0.30324
-0.10003
4.9246
-0.57084
-0.10003
-0.65114
-0.10007
-0.60719
-0.10017
0
0
0
-0.71158
0
0
0
0
0
0
0
0
0
0
0
0
0
-0.35881
-0.59169
-0.53003
-1.0416
-0.44361
-0.58814
-0.57084
12.523
-0.58494
-1.1053
-0.50133
-1.2388
-0.59031
0
0
0
0
0
0
0
0
0
0
0
-4.3776
0
0
0
0
0
-0.50367
-0.12997
-0.59303
-0.48692
-0.10082
-0.10004
-0.10003
-0.58494
6.6654
-0.6856
-0.84352
-0.67141
-0.59452
0
0
0
-1.271
0
0
0
0
0
0
0
0
0
0
0
0
0
-0.601
-0.69623
-0.63857
-1.2687
-0.52515
-0.67526
-0.65114
-1.1053
-0.6856
12.4159
-0.59006
0
-0.58938
0
0
0
0
0
0
-4.3894
0
0
0
0
0
0
0
0
0
0
-0.53859
-0.10106
-0.46736
-0.42188
-0.57815
-0.10012
-0.10007
-0.50133
-0.84352
-0.59006
6.3564
-0.68433
-1.4299
0
0
0
0
0
0
0
0
0
0
0
0
0
0
0
0
0
-0.53247
-0.631
-0.59534
-1.18
-0.59917
-0.62873
-0.60719
-1.2388
-0.67141
0
-0.68433
11.4028
0
0
0
0
0
0
0
0
0
0
0
0
0
0
0
0
-4.0344
0
-0.61766
-0.14481
-0.35302
-0.49058
-1.0614
-0.14599
-0.10017
-0.59031
-0.59452
-0.58938
-1.4299
0
6.1178
0
0
0
0
0
0
0
0
0
0
0
0
0
0
0
0
0
-1.8534
-0.89888
-0.85303
-1.595
-0.95707
0
0
0
0
0
0
0
0
9.8202
0
0
0
0
0
0
0
-3.6627
0
0
0
0
0
0
0
0
-0.1
-0.69698
-0.59566
-1.6347
-1.2525
0
0
0
0
0
0
0
0
0
7.4336
0
0
0
0
0
0
0
0
0
0
-3.1538
0
0
0
0
-0.10001
-0.14353
-1.0184
0
0
0
0
0
0
0
0
0
0
0
0
3.9827
0
-0.9513
0
0
0
0
0
0
0
0
0
-1.7695
0
0
0
0
0
0
0
-0.90951
-0.71158
0
-1.271
0
0
0
0
0
0
0
5.6711
-2.7791
0
0
0
0
0
0
0
0
0
0
0
0
0
0
0
0
0
0
0
0
0
0
0
0
0
0
0
-0.9513
-2.7791
6.9945
0
0
0
0
0
0
0
0
0
0
0
-3.2641
-1.6824
-1.7869
-1.5269
0
0
0
0
0
0
0
0
0
0
0
0
0
0
0
4.9961
0
0
0
0
0
0
0
0
0
0
0
0
0
0
0
0
0
0
0
0
-4.3894
0
0
0
0
0
0
0
0
0
4.3894
0
0
0
0
0
0
0
0
0
0
-6.1743
0
0
0
0
0
0
0
0
0
0
0
0
0
0
0
0
0
0
0
6.1743
0
0
0
0
0
0
0
0
0
0
0
0
0
0
0
0
0
0
0
0
0
0
-3.6627
0
0
0
0
0
0
0
3.6627
0
0
0
0
0
0
0
0
0
0
0
-4.9695
0
0
0
0
0
0
0
0
0
0
0
0
0
0
0
0
0
0
4.9695
0
0
0
0
0
0
0
-5.6001
0
0
0
0
0
0
0
0
0
0
0
0
0
0
0
0
0
0
0
0
0
0
5.6001
0
0
0
0
0
0
0
0
0
0
0
0
0
-4.3776
0
0
0
0
0
0
0
0
0
0
0
0
0
0
0
0
4.3776
0
0
0
0
0
0
0
0
0
0
0
0
0
0
0
0
0
0
0
-3.1538
0
0
0
0
0
0
0
0
0
0
3.1538
0
0
0
0
-6.1743
0
0
0
0
0
0
0
0
0
0
0
0
0
0
0
0
0
0
0
0
0
0
0
0
0
6.1743
0
0
0
0
0
0
0
0
0
0
0
0
0
0
0
0
0
0
-1.7695
0
0
0
0
0
0
0
0
0
0
0
1.7695
0
0
0
0
0
0
0
0
0
0
0
0
0
-4.0344
0
0
0
0
0
0
0
0
0
0
0
0
0
0
0
0
4.0344
0
0
0
0
0
0
0
0
0
0
0
0
0
0
0
0
0
0
-3.2641
0
0
0
0
0
0
0
0
0
0
0
3.2641
