13.5404
-0.1
-0.1
-0.2206
-0.10008
-0.28441
-0.53894
-0.85563
-0.85563
-0.75717
-0.81874
0
-0.73091
-0.1
-0.20936
0
-1.0496
0
0
0
0
-3.4097
0
-3.4097
0
0
0
0
0
0
-0.1
7.8933
-0.1
-0.10001
-0.10007
-0.29514
-0.45348
-0.78049
-0.7805
-0.68419
-0.62615
0
-0.65312
-0.32626
-0.24577
0
-0.56031
0
0
0
-2.0878
0
0
0
0
0
0
0
0
0
-0.1
-0.1
6.4525
-0.10001
-0.14903
-0.18067
-0.45735
-0.72932
-0.72932
-0.63174
-0.63546
0
-0.59032
-0.27818
-0.48329
0
-1.2878
0
0
0
0
0
0
0
0
0
0
0
0
0
-0.2206
-0.10001
-0.10001
9.643
-0.10003
-0.61237
-0.65146
-0.96453
-0.96453
-0.84737
-1.0208
-0.1
-0.81128
0
0
0
0
0
0
0
0
0
0
0
0
0
0
-3.15
0
0
-0.10008
-0.10007
-0.14903
-0.10003
5.6318
-0.27036
-0.89936
-1.0257
-1.0257
-0.95731
0
-0.10702
-0.89717
0
0
0
0
0
0
0
0
0
0
0
0
0
0
0
0
0
-0.28441
-0.29514
-0.18067
-0.61237
-0.27036
8.2319
-0.63411
-0.81983
-0.81983
-0.74362
0
0
-0.72042
0
0
0
0
0
0
0
0
0
-2.8511
0
0
0
0
0
0
0
-0.53894
-0.45348
-0.45735
-0.65146
-0.89936
-0.63411
4.9848
0
0
0
0
0
0
0
0
-1.3501
0
0
0
0
0
0
0
0
0
0
0
0
0
0
-0.85563
-0.78049
-0.72932
-0.96453
-1.0257
-0.81983
0
5.1755
0
0
0
0
0
0
0
0
0
0
0
0
0
0
0
0
0
0
0
0
0
0
-0.85563
-0.7805
-0.72932
-0.96453
-1.0257
-0.81983
0
0
5.1755
0
0
0
0
0
0
0
0
0
0
0
0
0
0
0
0
0
0
0
0
0
-0.75717
-0.68419
-0.63174
-0.84737
-0.95731
-0.74362
0
0
0
4.6214
0
0
0
0
0
0
0
0
0
0
0
0
0
0
0
0
0
0
0
0
-0.81874
-0.62615
-0.63546
-1.0208
0
0
0
0
0
0
5.1569
-0.24982
0
0
0
0
0
0
-1.8059
0
0
0
0
0
0
0
0
0
0
0
0
0
0
-0.1
-0.10702
0
0
0
0
0
-0.24982
9.097
0
0
-2.6852
0
0
0
0
-2.6904
0
0
0
0
0
0
0
0
-3.2646
0
-0.73091
-0.65312
-0.59032
-0.81128
-0.89717
-0.72042
0
0
0
0
0
0
4.4032
0
0
0
0
0
0
0
0
0
0
0
0
0
0
0
0
0
-0.1
-0.32626
-0.27818
0
0
0
0
0
0
0
0
0
0
4.8602
0
-1.6097
0
0
0
0
0
0
0
0
0
0
-2.546
0
0
0
-0.20936
-0.24577
-0.48329
0
0
0
0
0
0
0
0
-2.6852
0
0
6.5561
0
0
0
0
0
0
0
0
0
-2.9325
0
0
0
0
0
0
0
0
0
0
0
-1.3501
0
0
0
0
0
0
-1.6097
0
5.4477
0
0
-1.5463
-0.94164
0
0
0
0
0
0
0
0
0
0
-1.0496
-0.56031
-1.2878
0
0
0
0
0
0
0
0
0
0
0
0
0
4.5039
-1.6062
0
0
0
0
0
0
0
0
0
0
0
0
0
0
0
0
0
0
0
0
0
0
0
0
0
0
0
0
-1.6062
7.9512
-1.7998
0
-1.7505
0
0
0
0
0
0
0
0
-2.7947
0
0
0
0
0
0
0
0
0
0
-1.8059
0
0
0
0
-1.5463
0
-1.7998
5.1519
0
0
0
0
0
0
0
0
0
0
0
0
0
0
0
0
0
0
0
0
0
0
-2.6904
0
0
0
-0.94164
0
0
0
6.4787
0
0
0
0
0
-2.8466
0
0
0
0
0
-2.0878
0
0
0
0
0
0
0
0
0
0
0
0
0
0
0
-1.7505
0
0
3.8383
0
0
0
0
0
0
0
0
0
-3.4097
0
0
0
0
0
0
0
0
0
0
0
0
0
0
0
0
0
0
0
0
3.4097
0
0
0
0
0
0
0
0
0
0
0
0
0
-2.8511
0
0
0
0
0
0
0
0
0
0
0
0
0
0
0
0
2.8511
0
0
0
0
0
0
0
-3.4097
0
0
0
0
0
0
0
0
0
0
0
0
0
0
0
0
0
0
0
0
0
0
3.4097
0
0
0
0
0
0
0
0
0
0
0
0
0
0
0
0
0
0
0
0
-2.9325
0
0
0
0
0
0
0
0
0
2.9325
0
0
0
0
0
0
0
0
0
0
0
0
0
0
0
0
0
0
0
0
0
0
0
0
-2.8466
0
0
0
0
0
2.8466
0
0
0
0
0
0
0
0
0
0
0
0
0
0
0
0
0
-2.546
0
0
0
0
0
0
0
0
0
0
0
0
2.546
0
0
0
0
0
0
-3.15
0
0
0
0
0
0
0
0
0
0
0
0
0
0
0
0
0
0
0
0
0
0
0
3.15
0
0
0
0
0
0
0
0
0
0
0
0
0
-3.2646
0
0
0
0
0
0
0
0
0
0
0
0
0
0
0
0
3.2646
0
0
0
0
0
0
0
0
0
0
0
0
0
0
0
0
0
0
-2.7947
0
0
0
0
0
0
0
0
0
0
0
2.7947
