33.7008
-0.82691
-0.82691
-0.81294
-0.85243
-0.86916
-0.82607
-0.80827
-0.80827
-0.80827
-0.77164
-0.81832
-0.8284
-0.84328
-0.83744
-0.83744
-0.77844
-1.0004
-0.73809
0
-1.9176
-1.9176
-1.9176
-1.6966
0
0
-5.6793
0
0
-5.6793
-0.82691
20.3865
-0.81024
-0.84785
-0.84734
-0.86297
-0.86695
-0.80318
-0.80318
-0.80318
-0.76685
-0.8228
-0.82333
-0.83728
-0.83141
-0.83141
-0.77287
-1.0139
-0.72468
0
-1.8301
-1.8301
-1.8301
0
0
0
0
0
0
0
-0.82691
-0.81024
20.3865
-0.84785
-0.84734
-0.86297
-0.86695
-0.80318
-0.80318
-0.80318
-0.76685
-0.8228
-0.82333
-0.83728
-0.83141
-0.83141
-0.77287
-1.0139
-0.72468
0
-1.8301
-1.8301
-1.8301
0
0
0
0
0
0
0
-0.81294
-0.84785
-0.84785
19.1471
-0.86102
-0.8774
-0.85681
-0.8155
-0.8155
-0.8155
-0.7782
-0.83287
-0.83616
-0.85085
-0.84484
-0.84484
-0.78477
-1.0274
-0.73912
0
0
0
0
0
0
-4.0578
0
0
0
0
-0.85243
-0.84734
-0.84734
-0.86102
15.1753
-0.87835
-0.87994
-0.81605
-0.81605
-0.81605
-0.77866
-0.84054
-0.83703
-0.85135
-0.84526
-0.84526
-0.785
-1.0424
-0.73522
0
0
0
0
0
0
0
0
0
0
0
-0.86916
-0.86297
-0.86297
-0.8774
-0.87835
14.3699
-0.90881
-0.82885
-0.82885
-0.82885
-0.79072
-0.85352
-0.8511
-0.86631
-0.86005
-0.86005
-0.79817
0
-0.7438
0
0
0
0
0
0
0
0
0
0
0
-0.82607
-0.86695
-0.86695
-0.85681
-0.87994
-0.90881
17.1065
-0.83574
-0.83574
-0.83574
-0.79709
-0.85352
-0.85829
-0.87445
-0.86817
-0.86817
-0.8054
0
0
0
0
0
0
0
0
0
0
0
-3.4686
0
-0.80827
-0.80318
-0.80318
-0.8155
-0.81605
-0.82885
-0.83574
12.6672
-0.76026
-0.76026
-0.73233
-0.78674
-0.78714
-0.8004
-0.79491
-0.79491
-0.73952
0
0
0
0
0
0
0
0
0
0
0
0
0
-0.80827
-0.80318
-0.80318
-0.8155
-0.81605
-0.82885
-0.83574
-0.76026
12.6672
-0.76026
-0.73233
-0.78674
-0.78714
-0.8004
-0.79491
-0.79491
-0.73952
0
0
0
0
0
0
0
0
0
0
0
0
0
-0.80827
-0.80318
-0.80318
-0.8155
-0.81605
-0.82885
-0.83574
-0.76026
-0.76026
12.6672
-0.73233
-0.78674
-0.78714
-0.8004
-0.79491
-0.79491
-0.73952
0
0
0
0
0
0
0
0
0
0
0
0
0
-0.77164
-0.76685
-0.76685
-0.7782
-0.77866
-0.79072
-0.79709
-0.73233
-0.73233
-0.73233
11.3666
-0.73175
-0.74136
-0.75146
-0.74748
-0.74748
0
0
0
0
0
0
0
0
0
0
0
0
0
0
-0.81832
-0.8228
-0.8228
-0.83287
-0.84054
-0.85352
-0.85352
-0.78674
-0.78674
-0.78674
-0.73175
10.2556
-0.79881
0
0
0
0
0
0
-0.52046
0
0
0
0
0
0
0
0
0
0
-0.8284
-0.82333
-0.82333
-0.83616
-0.83703
-0.8511
-0.85829
-0.78714
-0.78714
-0.78714
-0.74136
-0.79881
10.5743
-0.81507
0
0
0
0
0
0
0
0
0
0
0
0
0
0
0
0
-0.84328
-0.83728
-0.83728
-0.85085
-0.85135
-0.86631
-0.87445
-0.8004
-0.8004
-0.8004
-0.75146
0
-0.81507
9.9285
0
0
0
0
0
0
0
0
0
0
0
0
0
0
0
0
-0.83744
-0.83141
-0.83141
-0.84484
-0.84526
-0.86005
-0.86817
-0.79491
-0.79491
-0.79491
-0.74748
0
0
0
9.0508
0
0
0
0
0
0
0
0
0
0
0
0
0
0
0
-0.83744
-0.83141
-0.83141
-0.84484
-0.84526
-0.86005
-0.86817
-0.79491
-0.79491
-0.79491
-0.74748
0
0
0
0
9.0508
0
0
0
0
0
0
0
0
0
0
0
0
0
0
-0.77844
-0.77287
-0.77287
-0.78477
-0.785
-0.79817
-0.8054
-0.73952
-0.73952
-0.73952
0
0
0
0
0
0
7.7161
0
0
0
0
0
0
0
0
0
0
0
0
0
-1.0004
-1.0139
-1.0139
-1.0274
-1.0424
0
0
0
0
0
0
0
0
0
0
0
0
5.9196
0
-0.82158
0
0
0
0
0
0
0
0
0
0
-0.73809
-0.72468
-0.72468
-0.73912
-0.73522
-0.7438
0
0
0
0
0
0
0
0
0
0
0
0
4.4056
0
0
0
0
0
0
0
0
0
0
0
0
0
0
0
0
0
0
0
0
0
0
-0.52046
0
0
0
0
0
-0.82158
0
5.638
0
0
0
0
-3.1577
0
0
-1.1382
0
0
-1.9176
-1.8301
-1.8301
0
0
0
0
0
0
0
0
0
0
0
0
0
0
0
0
0
5.5778
0
0
0
0
0
0
0
0
0
-1.9176
-1.8301
-1.8301
0
0
0
0
0
0
0
0
0
0
0
0
0
0
0
0
0
0
5.5778
0
0
0
0
0
0
0
0
-1.9176
-1.8301
-1.8301
0
0
0
0
0
0
0
0
0
0
0
0
0
0
0
0
0
0
0
5.5778
0
0
0
0
0
0
0
-1.6966
0
0
0
0
0
0
0
0
0
0
0
0
0
0
0
0
0
0
0
0
0
0
1.8011
-0.1045
0
0
0
0
0
0
0
0
0
0
0
0
0
0
0
0
0
0
0
0
0
0
0
0
-3.1577
0
0
0
-0.1045
3.2622
0
0
0
0
0
0
0
0
-4.0578
0
0
0
0
0
0
0
0
0
0
0
0
0
0
0
0
0
0
0
0
0
4.0578
0
0
0
0
-5.6793
0
0
0
0
0
0
0
0
0
0
0
0
0
0
0
0
0
0
0
0
0
0
0
0
0
5.6793
0
0
0
0
0
0
0
0
0
0
0
0
0
0
0
0
0
0
0
0
0
0
-1.1382
0
0
0
0
0
0
0
1.1382
0
0
0
0
0
0
0
0
-3.4686
0
0
0
0
0
0
0
0
0
0
0
0
0
0
0
0
0
0
0
0
0
3.4686
0
-5.6793
0
0
0
0
0
0
0
0
0
0
0
0
0
0
0
0
0
0
0
0
0
0
0
0
0
0
0
0
5.6793
