16.5361
-0.62186
-0.69722
-0.69722
-0.63634
-0.63799
-0.63109
-0.62044
-0.60217
-0.63948
-0.65613
-0.65613
-0.65613
-0.91442
-0.73297
-1.1103
0
0
0
-2.2187
0
0
0
0
0
-3.8075
0
0
0
0
-0.62186
16.5361
-0.69722
-0.69722
-0.63634
-0.63799
-0.63109
-0.62044
-0.60217
-0.63948
-0.65613
-0.65613
-0.65613
-0.91442
-0.73297
-1.1103
0
0
0
-2.2187
0
0
0
0
0
-3.8075
0
0
0
0
-0.69722
-0.69722
11.1043
-0.71573
-0.68469
-0.66766
-0.69423
-0.65523
-0.63156
-0.69359
-0.68882
-0.68882
-0.68882
-0.95879
-0.76175
-1.1802
0
0
0
0
0
0
0
0
0
0
0
0
0
0
-0.69722
-0.69722
-0.71573
11.1043
-0.68469
-0.66766
-0.69423
-0.65523
-0.63156
-0.69359
-0.68882
-0.68882
-0.68882
-0.95879
-0.76175
-1.1802
0
0
0
0
0
0
0
0
0
0
0
0
0
0
-0.63634
-0.63634
-0.68469
-0.68469
9.7969
-0.61149
-0.64682
-0.57089
-0.5583
-0.59946
-0.6079
-0.6079
-0.6079
-0.87338
0
0
0
0
0
0
0
0
-1.4708
0
0
0
0
0
0
0
-0.63799
-0.63799
-0.66766
-0.66766
-0.61149
8.9862
-0.64513
-0.57549
-0.55885
-0.60696
-0.6082
-0.6082
-0.6082
-0.86346
-0.68896
0
0
0
0
0
0
0
0
0
0
0
0
0
0
0
-0.63109
-0.63109
-0.69423
-0.69423
-0.64682
-0.64513
9.803
-0.55804
-0.55029
-0.59214
-0.59805
-0.59805
-0.59805
0
0
0
0
-0.32937
0
0
0
0
0
0
-2.0364
0
0
0
0
0
-0.62044
-0.62044
-0.65523
-0.65523
-0.57089
-0.57549
-0.55804
11.9757
-0.52997
-0.56986
-0.57902
-0.57902
-0.57902
0
0
0
0
0
0
0
0
0
0
0
0
0
-4.883
0
0
0
-0.60217
-0.60217
-0.63156
-0.63156
-0.5583
-0.55885
-0.55029
-0.52997
6.9114
-0.56051
-0.562
-0.562
-0.562
0
0
0
0
0
0
0
0
0
0
0
0
0
0
0
0
0
-0.63948
-0.63948
-0.69359
-0.69359
-0.59946
-0.60696
-0.59214
-0.56986
-0.56051
8.3771
0
0
0
0
0
0
-0.9268
0
0
0
0
0
0
-1.8552
0
0
0
0
0
0
-0.65613
-0.65613
-0.68882
-0.68882
-0.6079
-0.6082
-0.59805
-0.57902
-0.562
0
5.6451
0
0
0
0
0
0
0
0
0
0
0
0
0
0
0
0
0
0
0
-0.65613
-0.65613
-0.68882
-0.68882
-0.6079
-0.6082
-0.59805
-0.57902
-0.562
0
0
5.6451
0
0
0
0
0
0
0
0
0
0
0
0
0
0
0
0
0
0
-0.65613
-0.65613
-0.68882
-0.68882
-0.6079
-0.6082
-0.59805
-0.57902
-0.562
0
0
0
5.6451
0
0
0
0
0
0
0
0
0
0
0
0
0
0
0
0
0
-0.91442
-0.91442
-0.95879
-0.95879
-0.87338
-0.86346
0
0
0
0
0
0
0
5.4833
0
0
0
0
0
0
0
0
0
0
0
0
0
0
0
0
-0.73297
-0.73297
-0.76175
-0.76175
0
-0.68896
0
0
0
0
0
0
0
0
3.6784
0
0
0
0
0
0
0
0
0
0
0
0
0
0
0
-1.1103
-1.1103
-1.1802
-1.1802
0
0
0
0
0
0
0
0
0
0
0
7.1302
0
0
-2.5492
0
0
0
0
0
0
0
0
0
0
0
0
0
0
0
0
0
0
0
0
-0.9268
0
0
0
0
0
0
11.38
0
-2.5841
0
0
-2.6373
0
0
-2.0997
0
0
0
-3.132
0
0
0
0
0
0
0
-0.32937
0
0
0
0
0
0
0
0
0
0
5.8868
0
0
-2.746
0
-0.56436
0
0
0
0
-2.2471
0
0
0
0
0
0
0
0
0
0
0
0
0
0
0
0
0
-2.5492
-2.5841
0
6.6522
0
-1.5188
0
0
0
0
0
0
0
0
0
-2.2187
-2.2187
0
0
0
0
0
0
0
0
0
0
0
0
0
0
0
0
0
8.866
0
0
0
0
0
0
0
0
0
-4.4285
0
0
0
0
0
0
0
0
0
0
0
0
0
0
0
0
0
-2.746
-1.5188
0
4.2648
0
0
0
0
0
0
0
0
0
0
0
0
0
0
0
0
0
0
0
0
0
0
0
0
0
-2.6373
0
0
0
0
3.4485
0
-0.81126
0
0
0
0
0
0
0
0
0
0
-1.4708
0
0
0
0
0
0
0
0
0
0
0
0
-0.56436
0
0
0
0
2.0352
0
0
0
0
0
0
0
0
0
0
0
0
0
0
0
0
-1.8552
0
0
0
0
0
0
0
0
0
0
0
-0.81126
0
2.6665
0
0
0
0
0
0
0
0
0
0
0
0
-2.0364
0
0
0
0
0
0
0
0
0
-2.0997
0
0
0
0
0
0
0
4.1361
0
0
0
0
0
-3.8075
-3.8075
0
0
0
0
0
0
0
0
0
0
0
0
0
0
0
0
0
0
0
0
0
0
0
7.6149
0
0
0
0
0
0
0
0
0
0
0
-4.883
0
0
0
0
0
0
0
0
0
0
0
0
0
0
0
0
0
0
4.883
0
0
0
0
0
0
0
0
0
0
0
0
0
0
0
0
0
0
0
0
-2.2471
0
0
0
0
0
0
0
0
0
2.2471
0
0
0
0
0
0
0
0
0
0
0
0
0
0
0
0
0
0
-3.132
0
0
0
0
0
0
0
0
0
0
0
3.132
0
0
0
0
0
0
0
0
0
0
0
0
0
0
0
0
0
0
0
0
-4.4285
0
0
0
0
0
0
0
0
0
4.4285
