26.7934
-0.71457
-0.71457
-0.71851
-0.70203
-0.70203
-0.70203
-0.68372
-0.71073
-0.68195
-0.75215
-0.7325
-0.76393
-0.74276
-0.74276
-0.75522
-0.6336
-0.63432
-1.0516
-0.6117
0
0
0
0
0
0
0
-13.0428
0
0
-0.71457
13.0351
-0.67103
-0.68007
-0.66503
-0.66503
-0.66503
-0.64701
-0.67098
-0.6451
-0.71101
-0.6963
-0.72165
-0.70039
-0.70039
-0.71436
-0.60349
-0.6091
-0.98134
-0.57323
0
0
0
0
0
0
0
0
0
0
-0.71457
-0.67103
13.0351
-0.68007
-0.66503
-0.66503
-0.66503
-0.64701
-0.67098
-0.6451
-0.71101
-0.6963
-0.72165
-0.70039
-0.70039
-0.71436
-0.60349
-0.6091
-0.98134
-0.57323
0
0
0
0
0
0
0
0
0
0
-0.71851
-0.68007
-0.68007
12.5423
-0.6698
-0.6698
-0.6698
-0.65057
-0.67352
-0.64902
-0.71319
-0.70147
-0.72365
-0.70615
-0.70615
-0.71659
-0.60519
-0.61482
-0.99388
0
0
0
0
0
0
0
0
0
0
0
-0.70203
-0.66503
-0.66503
-0.6698
11.2366
-0.63448
-0.63448
-0.63218
-0.65596
-0.63214
-0.69354
-0.68291
-0.70374
-0.6892
-0.6892
-0.69744
-0.5901
-0.59931
0
0
0
0
0
0
0
0
0
0
0
0
-0.70203
-0.66503
-0.66503
-0.6698
-0.63448
11.2366
-0.63448
-0.63218
-0.65596
-0.63214
-0.69354
-0.68291
-0.70374
-0.6892
-0.6892
-0.69744
-0.5901
-0.59931
0
0
0
0
0
0
0
0
0
0
0
0
-0.70203
-0.66503
-0.66503
-0.6698
-0.63448
-0.63448
11.2366
-0.63218
-0.65596
-0.63214
-0.69354
-0.68291
-0.70374
-0.6892
-0.6892
-0.69744
-0.5901
-0.59931
0
0
0
0
0
0
0
0
0
0
0
0
-0.68372
-0.64701
-0.64701
-0.65057
-0.63218
-0.63218
-0.63218
10.3669
-0.6354
-0.61446
-0.67115
-0.65815
-0.68051
-0.66909
-0.66909
-0.67551
-0.56875
0
0
0
0
0
0
0
0
0
0
0
0
0
-0.71073
-0.67098
-0.67098
-0.67352
-0.65596
-0.65596
-0.65596
-0.6354
19.1724
-0.63697
-0.68591
-0.66698
-0.69415
-0.69818
-0.69818
0
0
0
0
0
0
0
0
0
0
0
-9.7626
0
0
0
-0.68195
-0.6451
-0.6451
-0.64902
-0.63214
-0.63214
-0.63214
-0.61446
-0.63697
9.7963
-0.66963
-0.65625
-0.67861
-0.6732
-0.6732
-0.6764
0
0
0
0
0
0
0
0
0
0
0
0
0
0
-0.75215
-0.71101
-0.71101
-0.71319
-0.69354
-0.69354
-0.69354
-0.67115
-0.68591
-0.66963
16.5711
-0.6912
-0.70497
0
0
0
0
0
0
0
0
0
0
0
0
0
0
0
0
-8.1802
-0.7325
-0.6963
-0.6963
-0.70147
-0.68291
-0.68291
-0.68291
-0.65815
-0.66698
-0.65625
-0.6912
15.7129
0
0
0
0
0
0
0
0
-0.22607
0
-7.9389
0
0
0
0
0
0
0
-0.76393
-0.72165
-0.72165
-0.72365
-0.70374
-0.70374
-0.70374
-0.68051
-0.69415
-0.67861
-0.70497
0
14.6479
0
0
0
0
0
0
0
0
0
0
0
-6.8475
0
0
0
0
0
-0.74276
-0.70039
-0.70039
-0.70615
-0.6892
-0.6892
-0.6892
-0.66909
-0.69818
-0.6732
0
0
0
6.9578
0
0
0
0
0
0
0
0
0
0
0
0
0
0
0
0
-0.74276
-0.70039
-0.70039
-0.70615
-0.6892
-0.6892
-0.6892
-0.66909
-0.69818
-0.6732
0
0
0
0
6.9578
0
0
0
0
0
0
0
0
0
0
0
0
0
0
0
-0.75522
-0.71436
-0.71436
-0.71659
-0.69744
-0.69744
-0.69744
-0.67551
0
-0.6764
0
0
0
0
0
9.6537
0
0
0
0
0
0
0
-3.3089
0
0
0
0
0
0
-0.6336
-0.60349
-0.60349
-0.60519
-0.5901
-0.5901
-0.5901
-0.56875
0
0
0
0
0
0
0
0
5.9369
0
0
0
0
0
0
0
0
-1.152
0
0
0
0
-0.63432
-0.6091
-0.6091
-0.61482
-0.59931
-0.59931
-0.59931
0
0
0
0
0
0
0
0
0
0
5.4708
0
0
-0.22261
0
0
0
0
0
0
0
-0.9829
0
-1.0516
-0.98134
-0.98134
-0.99388
0
0
0
0
0
0
0
0
0
0
0
0
0
0
4.0082
0
0
0
0
0
0
0
0
0
0
0
-0.6117
-0.57323
-0.57323
0
0
0
0
0
0
0
0
0
0
0
0
0
0
0
0
1.7582
0
0
0
0
0
0
0
0
0
0
0
0
0
0
0
0
0
0
0
0
0
-0.22607
0
0
0
0
0
-0.22261
0
0
0.55318
-0.1045
0
0
0
0
0
0
0
0
0
0
0
0
0
0
0
0
0
0
0
0
0
0
0
0
0
0
0
0
-0.1045
0.1045
0
0
0
0
0
0
0
0
0
0
0
0
0
0
0
0
0
0
0
-7.9389
0
0
0
0
0
0
0
0
0
0
7.9389
0
0
0
0
0
0
0
0
0
0
0
0
0
0
0
0
0
0
0
0
0
0
-3.3089
0
0
0
0
0
0
0
3.3089
0
0
0
0
0
0
0
0
0
0
0
0
0
0
0
0
0
0
-6.8475
0
0
0
0
0
0
0
0
0
0
0
6.8475
0
0
0
0
0
0
0
0
0
0
0
0
0
0
0
0
0
0
0
0
0
-1.152
0
0
0
0
0
0
0
0
1.152
0
0
0
0
0
0
0
0
0
0
0
0
-9.7626
0
0
0
0
0
0
0
0
0
0
0
0
0
0
0
0
0
9.7626
0
0
0
-13.0428
0
0
0
0
0
0
0
0
0
0
0
0
0
0
0
0
0
0
0
0
0
0
0
0
0
0
13.0428
0
0
0
0
0
0
0
0
0
0
0
0
0
0
0
0
0
0
0
-0.9829
0
0
0
0
0
0
0
0
0
0
0.9829
0
0
0
0
0
0
0
0
0
0
0
-8.1802
0
0
0
0
0
0
0
0
0
0
0
0
0
0
0
0
0
0
8.1802
