27.7824
-0.87692
-0.79642
-0.79642
-0.79642
-0.79642
-0.92276
-0.92276
-0.90586
-0.77481
-0.77481
-0.77481
-0.77481
-0.83208
-0.80489
-0.86757
-0.79472
-0.82382
-0.74146
-0.85699
-0.85699
0
0
0
-11.2907
0
0
0
0
0
-0.87692
16.307
-0.77482
-0.77482
-0.77482
-0.77482
-0.89151
-0.89151
-0.87701
-0.75141
-0.75141
-0.75141
-0.75141
-0.80563
-0.78014
-0.84016
-0.77043
-0.83943
-0.7267
-0.82952
-0.82952
-0.24365
0
0
0
0
0
0
0
0
-0.79642
-0.77482
14.6429
-0.69694
-0.69694
-0.69694
-0.80877
-0.80877
-0.79603
-0.68544
-0.68544
-0.68544
-0.68544
-0.73495
-0.71021
-0.76541
-0.70135
-0.74348
-0.66813
-0.75099
-0.75099
0
0
0
0
0
0
0
0
0
-0.79642
-0.77482
-0.69694
14.6429
-0.69694
-0.69694
-0.80877
-0.80877
-0.79603
-0.68544
-0.68544
-0.68544
-0.68544
-0.73495
-0.71021
-0.76541
-0.70135
-0.74348
-0.66813
-0.75099
-0.75099
0
0
0
0
0
0
0
0
0
-0.79642
-0.77482
-0.69694
-0.69694
14.6429
-0.69694
-0.80877
-0.80877
-0.79603
-0.68544
-0.68544
-0.68544
-0.68544
-0.73495
-0.71021
-0.76541
-0.70135
-0.74348
-0.66813
-0.75099
-0.75099
0
0
0
0
0
0
0
0
0
-0.79642
-0.77482
-0.69694
-0.69694
-0.69694
14.6429
-0.80877
-0.80877
-0.79603
-0.68544
-0.68544
-0.68544
-0.68544
-0.73495
-0.71021
-0.76541
-0.70135
-0.74348
-0.66813
-0.75099
-0.75099
0
0
0
0
0
0
0
0
0
-0.92276
-0.89151
-0.80877
-0.80877
-0.80877
-0.80877
23.0615
-0.977
-0.94814
-0.78989
-0.78989
-0.78989
-0.78989
-0.86499
-0.82605
-0.89881
-0.81644
0
0
0
0
0
-9.5211
0
0
0
0
0
0
0
-0.92276
-0.89151
-0.80877
-0.80877
-0.80877
-0.80877
-0.977
23.0615
-0.94814
-0.78989
-0.78989
-0.78989
-0.78989
-0.86499
-0.82605
-0.89881
-0.81644
0
0
0
0
0
0
-9.5211
0
0
0
0
0
0
-0.90586
-0.87701
-0.79603
-0.79603
-0.79603
-0.79603
-0.94814
-0.94814
14.0227
-0.77072
-0.77072
-0.77072
-0.77072
-0.84339
-0.80493
-0.87747
-0.79542
0
-0.75538
0
0
0
0
0
0
0
0
0
0
0
-0.77481
-0.75141
-0.68544
-0.68544
-0.68544
-0.68544
-0.78989
-0.78989
-0.77072
11.3454
-0.63687
-0.63687
-0.63687
-0.71387
-0.6852
-0.7404
-0.67689
0
0
0
0
0
0
0
0
0
0
0
0
0
-0.77481
-0.75141
-0.68544
-0.68544
-0.68544
-0.68544
-0.78989
-0.78989
-0.77072
-0.63687
11.3454
-0.63687
-0.63687
-0.71387
-0.6852
-0.7404
-0.67689
0
0
0
0
0
0
0
0
0
0
0
0
0
-0.77481
-0.75141
-0.68544
-0.68544
-0.68544
-0.68544
-0.78989
-0.78989
-0.77072
-0.63687
-0.63687
11.3454
-0.63687
-0.71387
-0.6852
-0.7404
-0.67689
0
0
0
0
0
0
0
0
0
0
0
0
0
-0.77481
-0.75141
-0.68544
-0.68544
-0.68544
-0.68544
-0.78989
-0.78989
-0.77072
-0.63687
-0.63687
-0.63687
11.3454
-0.71387
-0.6852
-0.7404
-0.67689
0
0
0
0
0
0
0
0
0
0
0
0
0
-0.83208
-0.80563
-0.73495
-0.73495
-0.73495
-0.73495
-0.86499
-0.86499
-0.84339
-0.71387
-0.71387
-0.71387
-0.71387
18.8668
-0.70303
0
0
0
0
0
0
0
0
0
0
-8.1574
0
0
0
0
-0.80489
-0.78014
-0.71021
-0.71021
-0.71021
-0.71021
-0.82605
-0.82605
-0.80493
-0.6852
-0.6852
-0.6852
-0.6852
-0.70303
10.3267
0
0
0
0
0
0
0
0
0
0
0
0
0
0
0
-0.86757
-0.84016
-0.76541
-0.76541
-0.76541
-0.76541
-0.89881
-0.89881
-0.87747
-0.7404
-0.7404
-0.7404
-0.7404
0
0
17.9671
0
0
0
0
0
0
0
0
0
0
0
0
0
-7.561
-0.79472
-0.77043
-0.70135
-0.70135
-0.70135
-0.70135
-0.81644
-0.81644
-0.79542
-0.67689
-0.67689
-0.67689
-0.67689
0
0
0
9.5064
0
0
0
0
0
0
0
0
0
0
0
0
0
-0.82382
-0.83943
-0.74348
-0.74348
-0.74348
-0.74348
0
0
0
0
0
0
0
0
0
0
0
5.212
0
0
0
-0.30887
0
0
0
0
-0.26598
0
0
0
-0.74146
-0.7267
-0.66813
-0.66813
-0.66813
-0.66813
0
0
-0.75538
0
0
0
0
0
0
0
0
0
5.1844
0
0
0
0
0
0
0
0
0
-0.28832
0
-0.85699
-0.82952
-0.75099
-0.75099
-0.75099
-0.75099
0
0
0
0
0
0
0
0
0
0
0
0
0
4.6905
0
0
0
0
0
0
0
0
0
0
-0.85699
-0.82952
-0.75099
-0.75099
-0.75099
-0.75099
0
0
0
0
0
0
0
0
0
0
0
0
0
0
4.6905
0
0
0
0
0
0
0
0
0
0
-0.24365
0
0
0
0
0
0
0
0
0
0
0
0
0
0
0
-0.30887
0
0
0
0.65702
0
0
0
0
0
-0.1045
0
0
0
0
0
0
0
0
-9.5211
0
0
0
0
0
0
0
0
0
0
0
0
0
0
0
9.5211
0
0
0
0
0
0
0
0
0
0
0
0
0
0
-9.5211
0
0
0
0
0
0
0
0
0
0
0
0
0
0
0
9.5211
0
0
0
0
0
0
-11.2907
0
0
0
0
0
0
0
0
0
0
0
0
0
0
0
0
0
0
0
0
0
0
0
11.2907
0
0
0
0
0
0
0
0
0
0
0
0
0
0
0
0
0
0
-8.1574
0
0
0
0
0
0
0
0
0
0
0
8.1574
0
0
0
0
0
0
0
0
0
0
0
0
0
0
0
0
0
0
0
0
0
-0.26598
0
0
0
0
0
0
0
0
0.26598
0
0
0
0
0
0
0
0
0
0
0
0
0
0
0
0
0
0
0
0
0
0
0
0
-0.1045
0
0
0
0
0
0.1045
0
0
0
0
0
0
0
0
0
0
0
0
0
0
0
0
0
0
0
0
-0.28832
0
0
0
0
0
0
0
0
0
0.28832
0
0
0
0
0
0
0
0
0
0
0
0
0
0
0
0
-7.561
0
0
0
0
0
0
0
0
0
0
0
0
0
7.561
