26.2814
-0.62699
-0.65284
-0.67029
-0.60882
-0.62828
-0.64309
-0.7208
-0.64622
-0.64622
-0.64622
-0.73855
-0.73855
-0.66878
-0.66878
-0.66878
-0.59285
-0.59285
-0.5939
-0.23297
-0.56811
-2.1313
0
-11.5962
0
0
0
0
0
0
-0.62699
14.0524
-0.62239
-0.64075
-0.58135
-0.60237
-0.61821
-0.69434
-0.61572
-0.61572
-0.61572
-0.7214
-0.7214
-0.63552
-0.63552
-0.63552
-0.56271
-0.56271
-0.56188
-0.23326
-0.52984
-2.0191
0
0
0
0
0
0
0
0
-0.65284
-0.62239
12.271
-0.67416
-0.60342
-0.62941
-0.64404
-0.72376
-0.64074
-0.64074
-0.64074
-0.75351
-0.75351
-0.66162
-0.66162
-0.66162
-0.58496
-0.58496
-0.58396
0
-0.55297
0
0
0
0
0
0
0
0
0
-0.67029
-0.64075
-0.67416
22.6979
-0.62092
-0.64295
-0.65538
-0.73353
-0.66091
-0.66091
-0.66091
-0.75082
-0.75082
-0.68492
-0.68492
-0.68492
-0.60712
-0.60712
-0.60894
0
0
0
-10.6976
0
0
0
0
0
0
0
-0.60882
-0.58135
-0.60342
-0.62092
10.9036
-0.58633
-0.59361
-0.66567
-0.59459
-0.59459
-0.59459
-0.69201
-0.69201
-0.61413
-0.61413
-0.61413
-0.54441
-0.54441
-0.54444
0
0
0
0
0
0
0
0
0
0
0
-0.62828
-0.60237
-0.62941
-0.64295
-0.58633
20.8631
-0.60503
-0.67607
-0.61358
-0.61358
-0.61358
-0.69114
-0.69114
-0.63594
-0.63594
-0.63594
-0.56499
-0.56499
0
0
0
0
0
0
0
0
0
0
-10.2318
0
-0.64309
-0.61821
-0.64404
-0.65538
-0.59361
-0.60503
18.9863
-0.69211
-0.63211
-0.63211
-0.63211
-0.70619
-0.70619
-0.65726
-0.65726
-0.65726
0
0
0
0
0
0
0
0
-9.2543
0
0
0
0
0
-0.7208
-0.69434
-0.72376
-0.73353
-0.66567
-0.67607
-0.69211
11.5464
-0.71451
-0.71451
-0.71451
0
0
0
0
0
0
0
0
0
0
0
0
0
0
-4.4965
0
0
0
0
-0.64622
-0.61572
-0.64074
-0.66091
-0.59459
-0.61358
-0.63211
-0.71451
6.2641
-0.57285
-0.57285
0
0
0
0
0
0
0
0
0
0
0
0
0
0
0
0
0
0
0
-0.64622
-0.61572
-0.64074
-0.66091
-0.59459
-0.61358
-0.63211
-0.71451
-0.57285
6.2641
-0.57285
0
0
0
0
0
0
0
0
0
0
0
0
0
0
0
0
0
0
0
-0.64622
-0.61572
-0.64074
-0.66091
-0.59459
-0.61358
-0.63211
-0.71451
-0.57285
-0.57285
6.2641
0
0
0
0
0
0
0
0
0
0
0
0
0
0
0
0
0
0
0
-0.73855
-0.7214
-0.75351
-0.75082
-0.69201
-0.69114
-0.70619
0
0
0
0
5.3695
0
0
0
0
0
0
0
0
0
0
0
0
0
0
0
0
0
-0.31593
-0.73855
-0.7214
-0.75351
-0.75082
-0.69201
-0.69114
-0.70619
0
0
0
0
0
5.3695
0
0
0
0
0
0
0
0
0
0
0
0
0
0
-0.31593
0
0
-0.66878
-0.63552
-0.66162
-0.68492
-0.61413
-0.63594
-0.65726
0
0
0
0
0
0
4.5582
0
0
0
0
0
0
0
0
0
0
0
0
0
0
0
0
-0.66878
-0.63552
-0.66162
-0.68492
-0.61413
-0.63594
-0.65726
0
0
0
0
0
0
0
4.5582
0
0
0
0
0
0
0
0
0
0
0
0
0
0
0
-0.66878
-0.63552
-0.66162
-0.68492
-0.61413
-0.63594
-0.65726
0
0
0
0
0
0
0
0
4.5582
0
0
0
0
0
0
0
0
0
0
0
0
0
0
-0.59285
-0.56271
-0.58496
-0.60712
-0.54441
-0.56499
0
0
0
0
0
0
0
0
0
0
3.457
0
0
0
0
0
0
0
0
0
0
0
0
0
-0.59285
-0.56271
-0.58496
-0.60712
-0.54441
-0.56499
0
0
0
0
0
0
0
0
0
0
0
3.457
0
0
0
0
0
0
0
0
0
0
0
0
-0.5939
-0.56188
-0.58396
-0.60894
-0.54444
0
0
0
0
0
0
0
0
0
0
0
0
0
2.8931
0
0
0
0
0
0
0
0
0
0
0
-0.23297
-0.23326
0
0
0
0
0
0
0
0
0
0
0
0
0
0
0
0
0
0.57073
0
0
0
0
0
0
-0.1045
0
0
0
-0.56811
-0.52984
-0.55297
0
0
0
0
0
0
0
0
0
0
0
0
0
0
0
0
0
1.6509
0
0
0
0
0
0
0
0
0
-2.1313
-2.0191
0
0
0
0
0
0
0
0
0
0
0
0
0
0
0
0
0
0
0
4.1504
0
0
0
0
0
0
0
0
0
0
0
-10.6976
0
0
0
0
0
0
0
0
0
0
0
0
0
0
0
0
0
0
10.6976
0
0
0
0
0
0
0
-11.5962
0
0
0
0
0
0
0
0
0
0
0
0
0
0
0
0
0
0
0
0
0
0
11.5962
0
0
0
0
0
0
0
0
0
0
0
0
-9.2543
0
0
0
0
0
0
0
0
0
0
0
0
0
0
0
0
0
9.2543
0
0
0
0
0
0
0
0
0
0
0
0
-4.4965
0
0
0
0
0
0
0
0
0
0
0
0
0
0
0
0
0
4.4965
0
0
0
0
0
0
0
0
0
0
0
0
0
0
0
0
0
0
0
0
0
0
0
-0.1045
0
0
0
0
0
0
0.1045
0
0
0
0
0
0
0
0
0
0
0
0
0
0
0
-0.31593
0
0
0
0
0
0
0
0
0
0
0
0
0
0
0.31593
0
0
0
0
0
0
0
-10.2318
0
0
0
0
0
0
0
0
0
0
0
0
0
0
0
0
0
0
0
0
0
0
10.2318
0
0
0
0
0
0
0
0
0
0
0
0
-0.31593
0
0
0
0
0
0
0
0
0
0
0
0
0
0
0
0
0
0.31593
