27.5721
-0.51328
-0.48064
-0.48064
-0.48574
-0.47677
-0.45248
-0.487
-0.45426
-0.45426
-0.48927
-0.48927
-0.45471
-0.45471
-0.27823
-0.44434
0
-0.51233
0
0
-10.0821
0
0
0
0
0
0
0
0
-10.0821
-0.51328
10.3537
-0.49435
-0.49435
-0.51421
-0.51
-0.47398
-0.50219
-0.46469
-0.46469
-0.51999
-0.51999
-0.46218
-0.46218
-0.32261
-0.44932
0
-0.49627
-2.6895
0
0
0
0
0
0
0
0
0
0
0
-0.48064
-0.49435
7.154
-0.44352
-0.4783
-0.49437
-0.43767
-0.45938
-0.43158
-0.43158
-0.47977
-0.47977
-0.42922
-0.42922
-0.30048
-0.41795
0
-0.46618
0
0
0
0
0
0
0
0
0
0
0
0
-0.48064
-0.49435
-0.44352
7.154
-0.4783
-0.49437
-0.43767
-0.45938
-0.43158
-0.43158
-0.47977
-0.47977
-0.42922
-0.42922
-0.30048
-0.41795
0
-0.46618
0
0
0
0
0
0
0
0
0
0
0
0
-0.48574
-0.51421
-0.4783
-0.4783
13.5344
-0.50905
-0.44801
-0.47359
-0.44442
-0.44442
-0.48885
-0.48885
-0.44267
-0.44267
-0.28959
-0.43107
0
0
0
0
0
0
0
0
0
0
0
0
-6.6747
0
-0.47677
-0.51
-0.49437
-0.49437
-0.50905
13.3899
-0.43756
-0.46672
-0.43557
-0.43557
-0.47858
-0.47858
-0.43331
-0.43331
0
-0.42572
-0.1045
0
0
0
0
0
0
0
-6.7759
0
0
0
0
0
-0.45248
-0.47398
-0.43767
-0.43767
-0.44801
-0.43756
11.889
-0.43744
-0.4132
-0.4132
-0.45706
-0.45706
-0.41067
-0.41067
0
-0.40418
0
0
0
0
0
0
0
0
0
0
-5.7982
0
0
0
-0.487
-0.50219
-0.45938
-0.45938
-0.47359
-0.46672
-0.43744
8.4871
-0.4385
-0.4385
-0.49709
-0.49709
-0.43836
-0.43836
0
0
0
0
0
-2.4535
0
0
0
0
0
0
0
0
0
0
-0.45426
-0.46469
-0.43158
-0.43158
-0.44442
-0.43557
-0.4132
-0.4385
5.6287
-0.38782
-0.45668
-0.45668
-0.40688
-0.40688
0
0
0
0
0
0
0
0
0
0
0
0
0
0
0
0
-0.45426
-0.46469
-0.43158
-0.43158
-0.44442
-0.43557
-0.4132
-0.4385
-0.38782
5.6287
-0.45668
-0.45668
-0.40688
-0.40688
0
0
0
0
0
0
0
0
0
0
0
0
0
0
0
0
-0.48927
-0.51999
-0.47977
-0.47977
-0.48885
-0.47858
-0.45706
-0.49709
-0.45668
-0.45668
6.9478
0
0
0
0
0
0
0
0
0
0
-2.1441
0
0
0
0
0
0
0
0
-0.48927
-0.51999
-0.47977
-0.47977
-0.48885
-0.47858
-0.45706
-0.49709
-0.45668
-0.45668
0
6.9478
0
0
0
0
0
0
0
0
0
0
-2.1441
0
0
0
0
0
0
0
-0.45471
-0.46218
-0.42922
-0.42922
-0.44267
-0.43331
-0.41067
-0.43836
-0.40688
-0.40688
0
0
4.3141
0
0
0
0
0
0
0
0
0
0
0
0
0
0
0
0
0
-0.45471
-0.46218
-0.42922
-0.42922
-0.44267
-0.43331
-0.41067
-0.43836
-0.40688
-0.40688
0
0
0
4.3141
0
0
0
0
0
0
0
0
0
0
0
0
0
0
0
0
-0.27823
-0.32261
-0.30048
-0.30048
-0.28959
0
0
0
0
0
0
0
0
0
14.6698
0
0
0
0
0
0
0
0
0
0
-6.5892
0
-6.5892
0
0
-0.44434
-0.44932
-0.41795
-0.41795
-0.43107
-0.42572
-0.40418
0
0
0
0
0
0
0
0
2.9905
0
0
0
0
0
0
0
0
0
0
0
0
0
0
0
0
0
0
0
-0.1045
0
0
0
0
0
0
0
0
0
0
8.5827
0
-3.0071
-3.021
0
0
0
-2.4501
0
0
0
0
0
0
-0.51233
-0.49627
-0.46618
-0.46618
0
0
0
0
0
0
0
0
0
0
0
0
0
1.941
0
0
0
0
0
0
0
0
0
0
0
0
0
-2.6895
0
0
0
0
0
0
0
0
0
0
0
0
0
0
-3.0071
0
5.6966
0
0
0
0
0
0
0
0
0
0
0
0
0
0
0
0
0
0
-2.4535
0
0
0
0
0
0
0
0
-3.021
0
0
5.4745
0
0
0
0
0
0
0
0
0
0
-10.0821
0
0
0
0
0
0
0
0
0
0
0
0
0
0
0
0
0
0
0
10.0821
0
0
0
0
0
0
0
0
0
0
0
0
0
0
0
0
0
0
0
-2.1441
0
0
0
0
0
0
0
0
0
0
2.1441
0
0
0
0
0
0
0
0
0
0
0
0
0
0
0
0
0
0
0
-2.1441
0
0
0
0
0
0
0
0
0
0
2.1441
0
0
0
0
0
0
0
0
0
0
0
0
0
0
0
0
0
0
0
0
0
0
0
-2.4501
0
0
0
0
0
0
2.4501
0
0
0
0
0
0
0
0
0
0
0
-6.7759
0
0
0
0
0
0
0
0
0
0
0
0
0
0
0
0
0
0
6.7759
0
0
0
0
0
0
0
0
0
0
0
0
0
0
0
0
0
0
0
-6.5892
0
0
0
0
0
0
0
0
0
0
6.5892
0
0
0
0
0
0
0
0
0
0
-5.7982
0
0
0
0
0
0
0
0
0
0
0
0
0
0
0
0
0
0
0
5.7982
0
0
0
0
0
0
0
0
0
0
0
0
0
0
0
0
0
-6.5892
0
0
0
0
0
0
0
0
0
0
0
0
6.5892
0
0
0
0
0
0
-6.6747
0
0
0
0
0
0
0
0
0
0
0
0
0
0
0
0
0
0
0
0
0
0
0
6.6747
0
-10.0821
0
0
0
0
0
0
0
0
0
0
0
0
0
0
0
0
0
0
0
0
0
0
0
0
0
0
0
0
10.0821
