16.9992
-0.77143
-0.77143
-0.76225
-0.76225
-0.76508
-0.77631
-0.78744
-0.8082
-0.78744
-0.79715
-0.77271
-0.78317
-0.81282
-0.81282
-0.8526
-0.6585
-0.75273
-0.79141
-0.79141
-0.81478
-0.44198
-0.92526
0
0
0
0
0
0
0
-0.77143
16.9992
-0.77143
-0.76225
-0.76225
-0.76508
-0.77631
-0.78744
-0.8082
-0.78744
-0.79715
-0.77271
-0.78317
-0.81282
-0.81282
-0.8526
-0.6585
-0.75273
-0.79141
-0.79141
-0.81478
-0.44198
-0.92526
0
0
0
0
0
0
0
-0.77143
-0.77143
16.9992
-0.76225
-0.76225
-0.76508
-0.77631
-0.78744
-0.8082
-0.78744
-0.79715
-0.77271
-0.78317
-0.81282
-0.81282
-0.8526
-0.6585
-0.75273
-0.79141
-0.79141
-0.81478
-0.44198
-0.92526
0
0
0
0
0
0
0
-0.76225
-0.76225
-0.76225
15.3938
-0.74581
-0.75233
-0.76337
-0.77441
-0.79794
-0.77441
-0.78506
-0.75959
-0.76959
-0.7981
-0.7981
-0.84028
-0.65559
-0.7393
-0.77693
-0.77693
-0.79935
0
0
0
0
0
0
0
0
0
-0.76225
-0.76225
-0.76225
-0.74581
15.3938
-0.75233
-0.76337
-0.77441
-0.79794
-0.77441
-0.78506
-0.75959
-0.76959
-0.7981
-0.7981
-0.84028
-0.65559
-0.7393
-0.77693
-0.77693
-0.79935
0
0
0
0
0
0
0
0
0
-0.76508
-0.76508
-0.76508
-0.75233
-0.75233
13.9923
-0.76571
-0.77705
-0.80748
-0.77705
-0.79098
-0.76095
-0.77057
-0.79856
-0.79856
-0.84959
0
-0.7413
-0.77729
-0.77729
0
0
0
0
0
0
0
0
0
0
-0.77631
-0.77631
-0.77631
-0.76337
-0.76337
-0.76571
12.6096
-0.79203
-0.81656
-0.79203
-0.79984
-0.77107
-0.78117
-0.81143
-0.81143
-0.86021
0
-0.75247
0
0
0
0
0
0
0
0
0
0
0
0
-0.78744
-0.78744
-0.78744
-0.77441
-0.77441
-0.77705
-0.79203
11.1711
-0.89336
-0.78006
-0.80325
-0.77447
-0.78372
-0.82801
-0.82801
0
0
0
0
0
0
0
0
0
0
0
0
0
0
0
-0.8082
-0.8082
-0.8082
-0.79794
-0.79794
-0.80748
-0.81656
-0.89336
26.3291
-0.89336
-0.75386
-0.77801
-0.78743
0
0
0
0
0
0
0
0
0
0
0
0
0
-8.2893
-8.2893
0
0
-0.78744
-0.78744
-0.78744
-0.77441
-0.77441
-0.77705
-0.79203
-0.78006
-0.89336
11.1711
-0.80325
-0.77447
-0.78372
-0.82801
-0.82801
0
0
0
0
0
0
0
0
0
0
0
0
0
0
0
-0.79715
-0.79715
-0.79715
-0.78506
-0.78506
-0.79098
-0.79984
-0.80325
-0.75386
-0.80325
15.4611
-0.77711
0
0
0
0
0
0
0
0
0
0
0
0
0
-6.7712
0
0
0
0
-0.77271
-0.77271
-0.77271
-0.75959
-0.75959
-0.76095
-0.77107
-0.77447
-0.77801
-0.77447
-0.77711
9.2244
-0.75099
0
0
0
0
0
0
0
0
0
0
0
0
0
0
0
0
0
-0.78317
-0.78317
-0.78317
-0.76959
-0.76959
-0.77057
-0.78117
-0.78372
-0.78743
-0.78372
0
-0.75099
8.5463
0
0
0
0
0
0
0
0
0
0
0
0
0
0
0
0
0
-0.81282
-0.81282
-0.81282
-0.7981
-0.7981
-0.79856
-0.81143
-0.82801
0
-0.82801
0
0
0
7.3007
0
0
0
0
0
0
0
0
0
0
0
0
0
0
0
0
-0.81282
-0.81282
-0.81282
-0.7981
-0.7981
-0.79856
-0.81143
-0.82801
0
-0.82801
0
0
0
0
7.3007
0
0
0
0
0
0
0
0
0
0
0
0
0
0
0
-0.8526
-0.8526
-0.8526
-0.84028
-0.84028
-0.84959
-0.86021
0
0
0
0
0
0
0
0
9.8341
0
0
0
0
0
0
0
-3.8859
0
0
0
0
0
0
-0.6585
-0.6585
-0.6585
-0.65559
-0.65559
0
0
0
0
0
0
0
0
0
0
0
13.1652
0
0
0
0
0
0
0
-4.9392
0
0
0
-4.9392
0
-0.75273
-0.75273
-0.75273
-0.7393
-0.7393
-0.7413
-0.75247
0
0
0
0
0
0
0
0
0
0
5.2306
0
0
0
0
0
0
0
0
0
0
0
0
-0.79141
-0.79141
-0.79141
-0.77693
-0.77693
-0.77729
0
0
0
0
0
0
0
0
0
0
0
0
4.7054
0
0
0
0
0
0
0
0
0
0
0
-0.79141
-0.79141
-0.79141
-0.77693
-0.77693
-0.77729
0
0
0
0
0
0
0
0
0
0
0
0
0
4.7054
0
0
0
0
0
0
0
0
0
0
-0.81478
-0.81478
-0.81478
-0.79935
-0.79935
0
0
0
0
0
0
0
0
0
0
0
0
0
0
0
4.043
0
0
0
0
0
0
0
0
0
-0.44198
-0.44198
-0.44198
0
0
0
0
0
0
0
0
0
0
0
0
0
0
0
0
0
0
1.4304
0
0
0
0
0
0
0
-0.1045
-0.92526
-0.92526
-0.92526
0
0
0
0
0
0
0
0
0
0
0
0
0
0
0
0
0
0
0
2.7758
0
0
0
0
0
0
0
0
0
0
0
0
0
0
0
0
0
0
0
0
0
0
-3.8859
0
0
0
0
0
0
0
3.8859
0
0
0
0
0
0
0
0
0
0
0
0
0
0
0
0
0
0
0
0
0
0
-4.9392
0
0
0
0
0
0
0
4.9392
0
0
0
0
0
0
0
0
0
0
0
0
0
0
0
-6.7712
0
0
0
0
0
0
0
0
0
0
0
0
0
0
6.7712
0
0
0
0
0
0
0
0
0
0
0
0
-8.2893
0
0
0
0
0
0
0
0
0
0
0
0
0
0
0
0
0
8.2893
0
0
0
0
0
0
0
0
0
0
0
-8.2893
0
0
0
0
0
0
0
0
0
0
0
0
0
0
0
0
0
0
8.2893
0
0
0
0
0
0
0
0
0
0
0
0
0
0
0
0
0
0
-4.9392
0
0
0
0
0
0
0
0
0
0
0
4.9392
0
0
0
0
0
0
0
0
0
0
0
0
0
0
0
0
0
0
0
0
0
0
-0.1045
0
0
0
0
0
0
0
0.1045
