7.9832
-0.49639
-0.49639
-0.49249
-0.47499
-0.47499
-0.46879
-0.49093
-0.46805
-0.4839
-0.46805
-0.47532
-0.4673
-0.50319
-0.47239
-0.43668
-0.53168
-0.28163
0
0
0
0
0
0
0
0
0
0
0
0
-0.49639
7.9832
-0.49639
-0.49249
-0.47499
-0.47499
-0.46879
-0.49093
-0.46805
-0.4839
-0.46805
-0.47532
-0.4673
-0.50319
-0.47239
-0.43668
-0.53168
-0.28163
0
0
0
0
0
0
0
0
0
0
0
0
-0.49639
-0.49639
7.9832
-0.49249
-0.47499
-0.47499
-0.46879
-0.49093
-0.46805
-0.4839
-0.46805
-0.47532
-0.4673
-0.50319
-0.47239
-0.43668
-0.53168
-0.28163
0
0
0
0
0
0
0
0
0
0
0
0
-0.49249
-0.49249
-0.49249
15.6741
-0.46863
-0.46863
-0.44168
-0.47654
-0.45544
-0.47644
-0.45544
-0.46197
-0.45341
-0.48666
-0.45638
0
0
0
-0.19153
-8.9039
0
0
0
0
0
0
0
0
0
0
-0.47499
-0.47499
-0.47499
-0.46863
7.3395
-0.44478
-0.44633
-0.46602
-0.44562
-0.45974
-0.44562
-0.45205
-0.44418
-0.47689
-0.44748
-0.41779
-0.4994
0
0
0
0
0
0
0
0
0
0
0
0
0
-0.47499
-0.47499
-0.47499
-0.46863
-0.44478
7.3395
-0.44633
-0.46602
-0.44562
-0.45974
-0.44562
-0.45205
-0.44418
-0.47689
-0.44748
-0.41779
-0.4994
0
0
0
0
0
0
0
0
0
0
0
0
0
-0.46879
-0.46879
-0.46879
-0.44168
-0.44633
-0.44633
41.3349
-0.44735
-0.44155
-0.44414
-0.44155
-0.432
-0.43461
0
0
0
0
0
0
0
-11.9843
0
-11.9843
0
0
0
0
-11.9843
0
0
-0.49093
-0.49093
-0.49093
-0.47654
-0.46602
-0.46602
-0.44735
14.7752
-0.45783
-0.47433
-0.45783
-0.46542
-0.45435
-0.49334
-0.45786
0
0
0
0
0
0
0
0
0
0
0
0
0
0
-8.1855
-0.46805
-0.46805
-0.46805
-0.45544
-0.44562
-0.44562
-0.44155
-0.45783
6.3006
-0.45222
-0.42797
-0.43725
-0.43238
-0.46445
-0.43613
0
0
0
0
0
0
0
0
0
0
0
0
0
0
0
-0.4839
-0.4839
-0.4839
-0.47644
-0.45974
-0.45974
-0.44414
-0.47433
-0.45222
13.4206
-0.45222
-0.4383
-0.43761
0
0
0
0
0
-0.19317
0
0
0
0
0
0
-7.681
0
0
0
0
-0.46805
-0.46805
-0.46805
-0.45544
-0.44562
-0.44562
-0.44155
-0.45783
-0.42797
-0.45222
6.3006
-0.43725
-0.43238
-0.46445
-0.43613
0
0
0
0
0
0
0
0
0
0
0
0
0
0
0
-0.47532
-0.47532
-0.47532
-0.46197
-0.45205
-0.45205
-0.432
-0.46542
-0.43725
-0.4383
-0.43725
12.2057
-0.43841
0
0
0
0
0
0
0
0
0
0
0
-6.7651
0
0
0
0
0
-0.4673
-0.4673
-0.4673
-0.45341
-0.44418
-0.44418
-0.43461
-0.45435
-0.43238
-0.43761
-0.43238
-0.43841
5.3734
0
0
0
0
0
0
0
0
0
0
0
0
0
0
0
0
0
-0.50319
-0.50319
-0.50319
-0.48666
-0.47689
-0.47689
0
-0.49334
-0.46445
0
-0.46445
0
0
8.0176
0
0
0
0
0
0
0
0
0
-3.6453
0
0
0
0
0
0
-0.47239
-0.47239
-0.47239
-0.45638
-0.44748
-0.44748
0
-0.45786
-0.43613
0
-0.43613
0
0
0
4.0986
0
0
0
0
0
0
0
0
0
0
0
0
0
0
0
-0.43668
-0.43668
-0.43668
0
-0.41779
-0.41779
0
0
0
0
0
0
0
0
0
2.2972
0
0
0
0
0
0
0
0
0
0
0
0
-0.1516
0
-0.53168
-0.53168
-0.53168
0
-0.4994
-0.4994
0
0
0
0
0
0
0
0
0
0
2.5938
0
0
0
0
0
0
0
0
0
0
0
0
0
-0.28163
-0.28163
-0.28163
0
0
0
0
0
0
0
0
0
0
0
0
0
0
0.9494
0
0
0
0
0
0
0
0
-0.1045
0
0
0
0
0
0
-0.19153
0
0
0
0
0
-0.19317
0
0
0
0
0
0
0
0
0.51225
0
0
-0.12755
0
0
0
0
0
0
0
0
0
0
0
-8.9039
0
0
0
0
0
0
0
0
0
0
0
0
0
0
0
8.9039
0
0
0
0
0
0
0
0
0
0
0
0
0
0
0
0
-11.9843
0
0
0
0
0
0
0
0
0
0
0
0
0
11.9843
0
0
0
0
0
0
0
0
0
0
0
0
0
0
0
0
0
0
0
0
0
0
0
0
0
0
0
-0.12755
0
0
0.12755
0
0
0
0
0
0
0
0
0
0
0
0
0
0
-11.9843
0
0
0
0
0
0
0
0
0
0
0
0
0
0
0
11.9843
0
0
0
0
0
0
0
0
0
0
0
0
0
0
0
0
0
0
0
0
-3.6453
0
0
0
0
0
0
0
0
0
3.6453
0
0
0
0
0
0
0
0
0
0
0
0
0
0
0
0
0
-6.7651
0
0
0
0
0
0
0
0
0
0
0
0
6.7651
0
0
0
0
0
0
0
0
0
0
0
0
0
0
-7.681
0
0
0
0
0
0
0
0
0
0
0
0
0
0
0
7.681
0
0
0
0
0
0
0
0
0
0
0
0
0
0
0
0
0
0
0
0
0
-0.1045
0
0
0
0
0
0
0
0
0.1045
0
0
0
0
0
0
0
0
0
-11.9843
0
0
0
0
0
0
0
0
0
0
0
0
0
0
0
0
0
0
0
0
11.9843
0
0
0
0
0
0
0
0
0
0
0
0
0
0
0
0
0
-0.1516
0
0
0
0
0
0
0
0
0
0
0
0
0.1516
0
0
0
0
0
0
0
0
-8.1855
0
0
0
0
0
0
0
0
0
0
0
0
0
0
0
0
0
0
0
0
0
8.1855
