12.5986
-0.15773
-0.29277
-0.3237
-0.14659
-0.58423
-0.13064
-0.3831
-1.2432
-0.45831
-0.54154
-1.1201
-0.45094
-0.44134
-1.0381
-0.47285
-0.28786
-0.49468
-1.7505
-2.2804
0
0
0
0
0
0
0
0
0
0
-0.15773
11.4882
-0.14153
-0.15648
-0.13422
-0.57707
-0.11262
-0.20467
-1.2492
-0.44189
-0.24509
-1.107
-0.43279
-0.39355
-1.0446
-0.39058
-1.7936
-0.6954
-0.20077
-2.0095
0
0
0
0
0
0
0
0
0
0
-0.29277
-0.14153
12.1887
-0.26446
-0.13466
-0.58172
-0.12901
-0.22055
-1.2427
-0.45711
-0.3983
-1.1189
-0.4336
-0.50939
-1.0389
-0.44354
-0.32481
-2.2196
-1.7229
-0.51425
0
0
0
0
0
0
0
0
0
0
-0.3237
-0.15648
-0.26446
12.6261
-0.14613
-0.58397
-0.12946
-0.46344
-1.2425
-0.45576
-0.50997
-1.1222
-0.4727
-0.47435
-1.0378
-0.43516
-0.3338
-0.51751
-1.7031
-2.2535
0
0
0
0
0
0
0
0
0
0
-0.14659
-0.13422
-0.13466
-0.14613
11.3884
-0.577
-0.12353
-0.14515
-1.2387
-0.42382
-0.29709
-1.0999
-0.40175
-0.42277
-1.0475
-0.41995
-0.48008
-1.6225
-1.5424
-0.98465
0
0
0
0
0
0
0
0
0
0
-0.58423
-0.57707
-0.58172
-0.58397
-0.577
16.6754
-0.56407
-0.58519
-0.10604
-0.10344
-0.44369
-0.10312
-0.50255
-0.50322
-0.12357
-0.50121
0
0
0
0
-1.6338
0
-3.7952
0
0
-4.8062
0
0
0
0
-0.13064
-0.11262
-0.12901
-0.12946
-0.12353
-0.56407
10.5961
-0.12135
-1.2357
-0.36904
-0.20089
-1.0689
-0.35066
-0.3176
-1.0461
-0.3392
-1.8526
-1.0822
0
-1.4225
0
0
0
0
0
0
0
0
0
0
-0.3831
-0.20467
-0.22055
-0.46344
-0.14515
-0.58519
-0.12135
12.6537
-1.2494
-0.46164
-0.47916
-1.1222
-0.43893
-0.42275
-1.0351
-0.47862
-1.9883
-2.8541
0
0
0
0
0
0
0
0
0
0
0
0
-1.2432
-1.2492
-1.2427
-1.2425
-1.2387
-0.10604
-1.2357
-1.2494
20.4654
-0.58254
-0.73204
-0.10246
-0.94553
-0.94475
-0.10967
-0.94446
0
0
0
0
0
0
0
0
0
0
-7.2965
0
0
0
-0.45831
-0.44189
-0.45711
-0.45576
-0.42382
-0.10344
-0.36904
-0.46164
-0.58254
10.7759
-0.48995
-0.51454
-0.80947
-0.81581
-0.96866
-0.82195
0
0
0
0
-2.602
0
0
0
0
0
0
0
0
0
-0.54154
-0.24509
-0.3983
-0.50997
-0.29709
-0.44369
-0.20089
-0.47916
-0.73204
-0.48995
9.1161
-0.73608
-0.94891
-0.95238
-1.1262
-1.0148
0
0
0
0
0
0
0
0
0
0
0
0
0
0
-1.1201
-1.107
-1.1189
-1.1222
-1.0999
-0.10312
-1.0689
-1.1222
-0.10246
-0.51454
-0.73608
17.4895
-0.6867
-0.68694
0
-0.68524
0
0
0
0
0
0
0
0
0
0
0
0
0
-6.2152
-0.45094
-0.43279
-0.4336
-0.4727
-0.40175
-0.50255
-0.35066
-0.43893
-0.94553
-0.80947
-0.94891
-0.6867
8.085
-1.2104
0
0
0
0
0
0
0
0
0
0
0
0
0
0
0
0
-0.44134
-0.39355
-0.50939
-0.47435
-0.42277
-0.50322
-0.3176
-0.42275
-0.94475
-0.81581
-0.95238
-0.68694
-1.2104
8.0953
0
0
0
0
0
0
0
0
0
0
0
0
0
0
0
0
-1.0381
-1.0446
-1.0389
-1.0378
-1.0475
-0.12357
-1.0461
-1.0351
-0.10967
-0.96866
-1.1262
0
0
0
15.1549
0
0
0
0
0
0
0
0
0
-5.5387
0
0
0
0
0
-0.47285
-0.39058
-0.44354
-0.43516
-0.41995
-0.50121
-0.3392
-0.47862
-0.94446
-0.82195
-1.0148
-0.68524
0
0
0
6.9476
0
0
0
0
0
0
0
0
0
0
0
0
0
0
-0.28786
-1.7936
-0.32481
-0.3338
-0.48008
0
-1.8526
-1.9883
0
0
0
0
0
0
0
0
10.3725
0
0
0
0
-3.3115
0
0
0
0
0
0
0
0
-0.49468
-0.6954
-2.2196
-0.51751
-1.6225
0
-1.0822
-2.8541
0
0
0
0
0
0
0
0
0
9.486
0
0
0
0
0
0
0
0
0
0
0
0
-1.7505
-0.20077
-1.7229
-1.7031
-1.5424
0
0
0
0
0
0
0
0
0
0
0
0
0
10.1933
0
0
-3.2736
0
0
0
0
0
0
0
0
-2.2804
-2.0095
-0.51425
-2.2535
-0.98465
0
-1.4225
0
0
0
0
0
0
0
0
0
0
0
0
9.4648
0
0
0
0
0
0
0
0
0
0
0
0
0
0
0
-1.6338
0
0
0
-2.602
0
0
0
0
0
0
0
0
0
0
12.7888
0
0
-4.1071
0
0
0
0
-4.4458
0
0
0
0
0
0
0
0
0
0
0
0
0
0
0
0
0
-3.3115
0
-3.2736
0
0
11.754
0
0
0
0
0
-5.1689
0
0
0
0
0
0
0
-3.7952
0
0
0
0
0
0
0
0
0
0
0
0
0
0
0
0
4.9063
-1.1111
0
0
0
0
0
0
0
0
0
0
0
0
0
0
0
0
0
0
0
0
0
0
0
0
0
0
-4.1071
0
-1.1111
5.2182
0
0
0
0
0
0
0
0
0
0
0
0
0
0
0
0
0
0
0
0
-5.5387
0
0
0
0
0
0
0
0
0
5.5387
0
0
0
0
0
0
0
0
0
0
-4.8062
0
0
0
0
0
0
0
0
0
0
0
0
0
0
0
0
0
0
0
4.8062
0
0
0
0
0
0
0
0
0
0
0
0
-7.2965
0
0
0
0
0
0
0
0
0
0
0
0
0
0
0
0
0
7.2965
0
0
0
0
0
0
0
0
0
0
0
0
0
0
0
0
0
0
0
0
0
0
0
0
-5.1689
0
0
0
0
0
5.1689
0
0
0
0
0
0
0
0
0
0
0
0
0
0
0
0
0
0
0
0
0
0
-4.4458
0
0
0
0
0
0
0
4.4458
0
0
0
0
0
0
0
0
0
0
0
0
-6.2152
0
0
0
0
0
0
0
0
0
0
0
0
0
0
0
0
0
6.2152
