24.4503
-0.47881
-0.47265
-0.46451
-0.41404
-0.41404
-0.41404
-0.3659
-0.43149
-0.42155
-0.42155
-0.47523
-0.3947
-0.47523
0
0
0
0
-3.5358
0
0
-5.6002
-0.49909
0
0
0
0
0
0
-9.1715
-0.47881
8.4831
-0.48069
-0.48761
-0.42783
-0.42783
-0.42783
-0.43204
-0.46644
-0.43547
-0.43547
-0.47731
-0.42939
-0.47731
0
-0.55063
0
-2.0485
0
0
0
0
0
0
0
0
0
0
0
0
-0.47265
-0.48069
7.8282
-0.47741
-0.41815
-0.41815
-0.41815
-0.42822
-0.4609
-0.42914
-0.42914
-0.46516
-0.43146
-0.46516
0
0
0
-2.0339
0
0
0
0
0
0
0
0
0
0
0
0
-0.46451
-0.48761
-0.47741
5.9043
-0.41285
-0.41285
-0.41285
-0.41825
-0.44956
-0.42482
-0.42482
-0.46257
-0.42205
-0.46257
-0.17156
0
0
0
0
0
0
0
0
0
0
0
0
0
0
0
-0.41404
-0.42783
-0.41815
-0.41285
5.0064
-0.3294
-0.3294
-0.37007
-0.39434
-0.36844
-0.36844
-0.40146
-0.37049
-0.40146
0
0
0
0
0
0
0
0
0
0
0
0
0
0
0
0
-0.41404
-0.42783
-0.41815
-0.41285
-0.3294
5.0064
-0.3294
-0.37007
-0.39434
-0.36844
-0.36844
-0.40146
-0.37049
-0.40146
0
0
0
0
0
0
0
0
0
0
0
0
0
0
0
0
-0.41404
-0.42783
-0.41815
-0.41285
-0.3294
-0.3294
5.0064
-0.37007
-0.39434
-0.36844
-0.36844
-0.40146
-0.37049
-0.40146
0
0
0
0
0
0
0
0
0
0
0
0
0
0
0
0
-0.3659
-0.43204
-0.42822
-0.41825
-0.37007
-0.37007
-0.37007
17.7678
-0.35877
-0.36831
-0.36831
0
0
0
0
0
0
0
0
0
0
0
0
0
0
0
-6.9589
0
-6.9589
0
-0.43149
-0.46644
-0.4609
-0.44956
-0.39434
-0.39434
-0.39434
-0.35877
6.5382
-0.40638
-0.40638
0
0
0
0
0
0
0
0
0
0
0
0
0
-2.3752
0
0
0
0
0
-0.42155
-0.43547
-0.42914
-0.42482
-0.36844
-0.36844
-0.36844
-0.36831
-0.40638
3.9221
-0.3311
0
0
0
0
0
0
0
0
0
0
0
0
0
0
0
0
0
0
0
-0.42155
-0.43547
-0.42914
-0.42482
-0.36844
-0.36844
-0.36844
-0.36831
-0.40638
-0.3311
3.9221
0
0
0
0
0
0
0
0
0
0
0
0
0
0
0
0
0
0
0
-0.47523
-0.47731
-0.46516
-0.46257
-0.40146
-0.40146
-0.40146
0
0
0
0
3.67
0
0
0
-0.58535
0
0
0
0
0
0
0
0
0
0
0
0
0
0
-0.3947
-0.42939
-0.43146
-0.42205
-0.37049
-0.37049
-0.37049
0
0
0
0
0
2.8936
0
0
0
0
0
0
0
0
0
0
-0.1045
0
0
0
0
0
0
-0.47523
-0.47731
-0.46516
-0.46257
-0.40146
-0.40146
-0.40146
0
0
0
0
0
0
3.67
0
-0.58535
0
0
0
0
0
0
0
0
0
0
0
0
0
0
0
0
0
-0.17156
0
0
0
0
0
0
0
0
0
0
18.0775
-0.29966
-2.7909
0
0
0
0
0
0
0
0
-7.4077
0
-7.4077
0
0
0
-0.55063
0
0
0
0
0
0
0
0
0
-0.58535
0
-0.58535
-0.29966
2.4291
0
0
0
-0.40806
0
0
0
0
0
0
0
0
0
0
0
0
0
0
0
0
0
0
0
0
0
0
0
0
-2.7909
0
6.2949
-1.0725
-2.4315
0
0
0
0
0
0
0
0
0
0
0
0
-2.0485
-2.0339
0
0
0
0
0
0
0
0
0
0
0
0
0
-1.0725
5.1548
0
0
0
0
0
0
0
0
0
0
0
0
-3.5358
0
0
0
0
0
0
0
0
0
0
0
0
0
0
0
-2.4315
0
8.0651
0
0
-2.0978
0
0
0
0
0
0
0
0
0
0
0
0
0
0
0
0
0
0
0
0
0
0
0
-0.40806
0
0
0
2.6446
-2.2365
0
0
0
0
0
0
0
0
0
0
0
0
0
0
0
0
0
0
0
0
0
0
0
0
0
0
0
0
-2.2365
3.4603
0
-1.2237
0
0
0
0
0
0
0
-5.6002
0
0
0
0
0
0
0
0
0
0
0
0
0
0
0
0
0
-2.0978
0
0
7.698
0
0
0
0
0
0
0
0
-0.49909
0
0
0
0
0
0
0
0
0
0
0
0
0
0
0
0
0
0
0
-1.2237
0
1.7228
0
0
0
0
0
0
0
0
0
0
0
0
0
0
0
0
0
0
0
-0.1045
0
0
0
0
0
0
0
0
0
0
0.1045
0
0
0
0
0
0
0
0
0
0
0
0
0
0
-2.3752
0
0
0
0
0
0
0
0
0
0
0
0
0
0
0
2.3752
0
0
0
0
0
0
0
0
0
0
0
0
0
0
0
0
0
0
0
-7.4077
0
0
0
0
0
0
0
0
0
0
7.4077
0
0
0
0
0
0
0
0
0
0
0
-6.9589
0
0
0
0
0
0
0
0
0
0
0
0
0
0
0
0
0
0
6.9589
0
0
0
0
0
0
0
0
0
0
0
0
0
0
0
0
0
-7.4077
0
0
0
0
0
0
0
0
0
0
0
0
7.4077
0
0
0
0
0
0
0
0
0
-6.9589
0
0
0
0
0
0
0
0
0
0
0
0
0
0
0
0
0
0
0
0
6.9589
0
-9.1715
0
0
0
0
0
0
0
0
0
0
0
0
0
0
0
0
0
0
0
0
0
0
0
0
0
0
0
0
9.1715
