39.8106
-0.92279
-0.86269
-0.86269
-0.86269
-0.7909
-0.7909
-0.78761
-0.75632
-0.83873
-0.8502
-0.90263
-0.90263
-0.84533
-0.84533
-0.91707
-0.8538
-0.8538
-0.8538
-0.66408
0
0
0
-11.9233
0
0
-11.9233
0
0
0
-0.92279
27.5972
-0.8413
-0.8413
-0.8413
-0.77404
-0.77404
-0.77297
-0.73997
-0.8346
-0.83189
-0.88849
-0.88849
-0.82651
-0.82651
-0.89456
-0.83274
-0.83274
-0.83274
-0.65389
-0.85656
0
0
0
-11.0898
0
0
0
0
0
-0.86269
-0.8413
15.3016
-0.77053
-0.77053
-0.71079
-0.71079
-0.71476
-0.67966
-0.77734
-0.76439
-0.82108
-0.82108
-0.75864
-0.75864
-0.81889
-0.76272
-0.76272
-0.76272
-0.60652
-0.82577
0
0
0
0
0
0
0
0
0
-0.86269
-0.8413
-0.77053
15.3016
-0.77053
-0.71079
-0.71079
-0.71476
-0.67966
-0.77734
-0.76439
-0.82108
-0.82108
-0.75864
-0.75864
-0.81889
-0.76272
-0.76272
-0.76272
-0.60652
-0.82577
0
0
0
0
0
0
0
0
0
-0.86269
-0.8413
-0.77053
-0.77053
15.3016
-0.71079
-0.71079
-0.71476
-0.67966
-0.77734
-0.76439
-0.82108
-0.82108
-0.75864
-0.75864
-0.81889
-0.76272
-0.76272
-0.76272
-0.60652
-0.82577
0
0
0
0
0
0
0
0
0
-0.7909
-0.77404
-0.71079
-0.71079
-0.71079
13.2444
-0.64033
-0.65696
-0.61715
-0.70634
-0.69405
-0.74402
-0.74402
-0.68814
-0.68814
-0.74183
-0.69148
-0.69148
-0.69148
-0.55167
0
0
0
0
0
0
0
0
0
0
-0.7909
-0.77404
-0.71079
-0.71079
-0.71079
-0.64033
13.2444
-0.65696
-0.61715
-0.70634
-0.69405
-0.74402
-0.74402
-0.68814
-0.68814
-0.74183
-0.69148
-0.69148
-0.69148
-0.55167
0
0
0
0
0
0
0
0
0
0
-0.78761
-0.77297
-0.71476
-0.71476
-0.71476
-0.65696
-0.65696
12.8727
-0.61299
-0.69476
-0.68852
-0.72934
-0.72934
-0.68354
-0.68354
-0.73787
-0.68907
-0.68907
-0.68907
0
0
0
-0.22681
0
0
0
0
0
0
0
-0.75632
-0.73997
-0.67966
-0.67966
-0.67966
-0.61715
-0.61715
-0.61299
12.117
-0.66988
-0.66095
-0.70709
-0.70709
-0.65425
-0.65425
-0.7053
-0.65855
-0.65855
-0.65855
0
0
0
0
0
0
0
0
0
0
0
-0.83873
-0.8346
-0.77734
-0.77734
-0.77734
-0.70634
-0.70634
-0.69476
-0.66988
20.0099
-0.78692
-0.79238
-0.79238
-0.73754
-0.73754
0
0
0
0
0
0
0
0
0
0
-9.3805
0
0
0
0
-0.8502
-0.83189
-0.76439
-0.76439
-0.76439
-0.69405
-0.69405
-0.68852
-0.66095
-0.78692
11.3468
-0.79565
-0.79565
-0.73105
-0.73105
-0.79369
0
0
0
0
0
0
0
0
0
0
0
0
0
0
-0.90263
-0.88849
-0.82108
-0.82108
-0.82108
-0.74402
-0.74402
-0.72934
-0.70709
-0.79238
-0.79565
9.1424
0
0
0
0
0
0
0
0
0
-0.37552
0
0
0
0
0
0
0
0
-0.90263
-0.88849
-0.82108
-0.82108
-0.82108
-0.74402
-0.74402
-0.72934
-0.70709
-0.79238
-0.79565
0
9.1424
0
0
0
0
0
0
0
0
-0.37552
0
0
0
0
0
0
0
0
-0.84533
-0.82651
-0.75864
-0.75864
-0.75864
-0.68814
-0.68814
-0.68354
-0.65425
-0.73754
-0.73105
0
0
8.1304
0
0
0
0
0
0
0
0
0
0
0
0
0
0
0
0
-0.84533
-0.82651
-0.75864
-0.75864
-0.75864
-0.68814
-0.68814
-0.68354
-0.65425
-0.73754
-0.73105
0
0
0
8.1304
0
0
0
0
0
0
0
0
0
0
0
0
0
0
0
-0.91707
-0.89456
-0.81889
-0.81889
-0.81889
-0.74183
-0.74183
-0.73787
-0.7053
0
-0.79369
0
0
0
0
7.9888
0
0
0
0
0
0
0
0
0
0
0
0
0
0
-0.8538
-0.83274
-0.76272
-0.76272
-0.76272
-0.69148
-0.69148
-0.68907
-0.65855
0
0
0
0
0
0
0
6.7052
0
0
0
0
0
0
0
0
0
0
0
0
0
-0.8538
-0.83274
-0.76272
-0.76272
-0.76272
-0.69148
-0.69148
-0.68907
-0.65855
0
0
0
0
0
0
0
0
6.7052
0
0
0
0
0
0
0
0
0
0
0
0
-0.8538
-0.83274
-0.76272
-0.76272
-0.76272
-0.69148
-0.69148
-0.68907
-0.65855
0
0
0
0
0
0
0
0
0
6.7052
0
0
0
0
0
0
0
0
0
0
0
-0.66408
-0.65389
-0.60652
-0.60652
-0.60652
-0.55167
-0.55167
0
0
0
0
0
0
0
0
0
0
0
0
4.458
0
0
-0.21711
0
0
0
0
0
0
0
0
-0.85656
-0.82577
-0.82577
-0.82577
0
0
0
0
0
0
0
0
0
0
0
0
0
0
0
4.9476
0
0
0
0
0
0
0
-1.6138
0
0
0
0
0
0
0
0
0
0
0
0
-0.37552
-0.37552
0
0
0
0
0
0
0
0
0.96922
0
0
0
0
0
0
0
-0.21818
0
0
0
0
0
0
0
-0.22681
0
0
0
0
0
0
0
0
0
0
0
-0.21711
0
0
0.56117
0
0
0
0
-0.11725
0
0
-11.9233
0
0
0
0
0
0
0
0
0
0
0
0
0
0
0
0
0
0
0
0
0
0
11.9233
0
0
0
0
0
0
0
-11.0898
0
0
0
0
0
0
0
0
0
0
0
0
0
0
0
0
0
0
0
0
0
0
11.0898
0
0
0
0
0
0
0
0
0
0
0
0
0
0
-9.3805
0
0
0
0
0
0
0
0
0
0
0
0
0
0
0
9.3805
0
0
0
0
-11.9233
0
0
0
0
0
0
0
0
0
0
0
0
0
0
0
0
0
0
0
0
0
0
0
0
0
11.9233
0
0
0
0
0
0
0
0
0
0
0
0
0
0
0
0
0
0
0
0
0
0
0
0
0
-0.11725
0
0
0
0
0.11725
0
0
0
0
0
0
0
0
0
0
0
0
0
0
0
0
0
0
0
0
0
0
-1.6138
0
0
0
0
0
0
0
1.6138
0
0
0
0
0
0
0
0
0
0
0
0
0
0
0
0
0
0
0
0
0
0
-0.21818
0
0
0
0
0
0
0
0.21818
