28.1176
-0.78223
-0.78223
-0.69587
-0.69587
-0.75659
-0.7303
-0.79224
-0.74256
-0.74256
-0.82563
-0.73616
-0.73616
-0.76291
-0.84704
-0.76097
-0.65996
-1.0473
-1.0473
-0.68205
0
0
0
0
0
0
-13.2916
0
0
0
-0.78223
16.2796
-0.73467
-0.676
-0.676
-0.73269
-0.70778
-0.76956
-0.71745
-0.71745
-0.80346
-0.71078
-0.71078
-0.7504
-0.83166
-0.74219
-0.63637
-1.0431
-1.0431
-0.65639
0
0
-1.8375
0
0
0
0
0
0
0
-0.78223
-0.73467
16.2796
-0.676
-0.676
-0.73269
-0.70778
-0.76956
-0.71745
-0.71745
-0.80346
-0.71078
-0.71078
-0.7504
-0.83166
-0.74219
-0.63637
-1.0431
-1.0431
-0.65639
0
0
-1.8375
0
0
0
0
0
0
0
-0.69587
-0.676
-0.676
13.0272
-0.60815
-0.66129
-0.63893
-0.69108
-0.64753
-0.64753
-0.71552
-0.64205
-0.64205
-0.6726
-0.73814
-0.66729
-0.57655
-0.91786
-0.91786
-0.59493
0
0
0
0
0
0
0
0
0
0
-0.69587
-0.676
-0.676
-0.60815
13.0272
-0.66129
-0.63893
-0.69108
-0.64753
-0.64753
-0.71552
-0.64205
-0.64205
-0.6726
-0.73814
-0.66729
-0.57655
-0.91786
-0.91786
-0.59493
0
0
0
0
0
0
0
0
0
0
-0.75659
-0.73269
-0.73269
-0.66129
-0.66129
11.4563
-0.68612
-0.74871
-0.69791
-0.69791
-0.77778
-0.6915
-0.6915
-0.73538
-0.8104
-0.728
-0.64657
0
0
0
0
0
0
0
0
0
0
0
0
0
-0.7303
-0.70778
-0.70778
-0.63893
-0.63893
-0.68612
10.4044
-0.71322
-0.66925
-0.66925
-0.74219
-0.66285
-0.66285
-0.70247
-0.7742
-0.69826
0
0
0
0
0
0
0
0
0
0
0
0
0
0
-0.79224
-0.76956
-0.76956
-0.69108
-0.69108
-0.74871
-0.71322
9.401
-0.74629
-0.74629
-0.83738
-0.74414
-0.74414
0
0
0
0
0
0
0
0
-0.40731
0
0
0
0
0
0
0
0
-0.74256
-0.71745
-0.71745
-0.64753
-0.64753
-0.69791
-0.66925
-0.74629
8.3533
-0.64558
-0.76473
-0.6785
-0.6785
0
0
0
0
0
0
0
0
0
0
0
0
0
0
0
0
0
-0.74256
-0.71745
-0.71745
-0.64753
-0.64753
-0.69791
-0.66925
-0.74629
-0.64558
8.3533
-0.76473
-0.6785
-0.6785
0
0
0
0
0
0
0
0
0
0
0
0
0
0
0
0
0
-0.82563
-0.80346
-0.80346
-0.71552
-0.71552
-0.77778
-0.74219
-0.83738
-0.76473
-0.76473
17.7704
0
0
0
0
0
0
0
0
0
0
0
0
0
0
0
0
0
-10.02
0
-0.73616
-0.71078
-0.71078
-0.64205
-0.64205
-0.6915
-0.66285
-0.74414
-0.6785
-0.6785
0
7.5337
-0.63643
0
0
0
0
0
0
0
0
0
0
0
0
0
0
0
0
0
-0.73616
-0.71078
-0.71078
-0.64205
-0.64205
-0.6915
-0.66285
-0.74414
-0.6785
-0.6785
0
-0.63643
7.5337
0
0
0
0
0
0
0
0
0
0
0
0
0
0
0
0
0
-0.76291
-0.7504
-0.7504
-0.6726
-0.6726
-0.73538
-0.70247
0
0
0
0
0
0
5.7913
0
0
0
0
0
0
-0.28558
-0.45895
0
0
0
0
0
0
0
0
-0.84704
-0.83166
-0.83166
-0.73814
-0.73814
-0.8104
-0.7742
0
0
0
0
0
0
0
12.9655
0
0
0
0
0
0
0
0
0
0
-7.3943
0
0
0
0
-0.76097
-0.74219
-0.74219
-0.66729
-0.66729
-0.728
-0.69826
0
0
0
0
0
0
0
0
5.2701
0
0
0
0
-0.2639
0
0
0
0
0
0
0
0
0
-0.65996
-0.63637
-0.63637
-0.57655
-0.57655
-0.64657
0
0
0
0
0
0
0
0
0
0
3.7324
0
0
0
0
0
0
0
0
0
0
0
0
0
-1.0473
-1.0431
-1.0431
-0.91786
-0.91786
0
0
0
0
0
0
0
0
0
0
0
0
9.1828
0
0
0
0
0
0
-4.2135
0
0
0
0
0
-1.0473
-1.0431
-1.0431
-0.91786
-0.91786
0
0
0
0
0
0
0
0
0
0
0
0
0
9.1828
0
0
0
0
0
0
0
0
0
0
-4.2135
-0.68205
-0.65639
-0.65639
-0.59493
-0.59493
0
0
0
0
0
0
0
0
0
0
0
0
0
0
3.1847
0
0
0
0
0
0
0
0
0
0
0
0
0
0
0
0
0
0
0
0
0
0
0
-0.28558
0
-0.2639
0
0
0
0
0.65398
0
0
0
0
0
0
-0.1045
0
0
0
0
0
0
0
0
0
-0.40731
0
0
0
0
0
-0.45895
0
0
0
0
0
0
0
1.2266
0
-0.36033
0
0
0
0
0
0
0
-1.8375
-1.8375
0
0
0
0
0
0
0
0
0
0
0
0
0
0
0
0
0
0
0
3.6749
0
0
0
0
0
0
0
0
0
0
0
0
0
0
0
0
0
0
0
0
0
0
0
0
0
0
0
0
-0.36033
0
0.36033
0
0
0
0
0
0
0
0
0
0
0
0
0
0
0
0
0
0
0
0
0
0
0
-4.2135
0
0
0
0
0
0
4.2135
0
0
0
0
0
0
0
0
0
0
0
0
0
0
0
0
0
0
0
-7.3943
0
0
0
0
0
0
0
0
0
0
7.3943
0
0
0
0
-13.2916
0
0
0
0
0
0
0
0
0
0
0
0
0
0
0
0
0
0
0
0
0
0
0
0
0
13.2916
0
0
0
0
0
0
0
0
0
0
0
0
0
0
0
0
0
0
0
0
0
0
0
-0.1045
0
0
0
0
0
0
0.1045
0
0
0
0
0
0
0
0
0
0
0
0
-10.02
0
0
0
0
0
0
0
0
0
0
0
0
0
0
0
0
0
10.02
0
0
0
0
0
0
0
0
0
0
0
0
0
0
0
0
0
0
0
-4.2135
0
0
0
0
0
0
0
0
0
0
4.2135
