34.9289
-0.85678
-0.77761
-0.77761
-0.77761
-0.77761
-0.77761
-0.83797
-0.81152
-0.75049
-0.75049
-0.77913
-0.86567
-0.75467
-0.80843
-0.78694
-0.78694
-0.75841
-0.73761
-0.73761
0
0
0
0
0
0
-10.0091
-10.0091
0
0
-0.85678
24.1866
-0.80727
-0.80727
-0.80727
-0.80727
-0.80727
-0.86835
-0.8401
-0.77654
-0.77654
-0.80521
-0.90232
-0.80465
-0.83701
-0.81312
-0.81312
-0.78251
-0.802
-0.802
0
0
0
-8.67
0
0
0
0
0
0
-0.77761
-0.80727
13.75
-0.69527
-0.69527
-0.69527
-0.69527
-0.75551
-0.73765
-0.68297
-0.68297
-0.70682
-0.79429
-0.719
-0.73042
-0.71322
-0.71322
-0.68696
-0.7305
-0.7305
0
0
0
0
0
0
0
0
0
0
-0.77761
-0.80727
-0.69527
13.75
-0.69527
-0.69527
-0.69527
-0.75551
-0.73765
-0.68297
-0.68297
-0.70682
-0.79429
-0.719
-0.73042
-0.71322
-0.71322
-0.68696
-0.7305
-0.7305
0
0
0
0
0
0
0
0
0
0
-0.77761
-0.80727
-0.69527
-0.69527
13.75
-0.69527
-0.69527
-0.75551
-0.73765
-0.68297
-0.68297
-0.70682
-0.79429
-0.719
-0.73042
-0.71322
-0.71322
-0.68696
-0.7305
-0.7305
0
0
0
0
0
0
0
0
0
0
-0.77761
-0.80727
-0.69527
-0.69527
-0.69527
13.75
-0.69527
-0.75551
-0.73765
-0.68297
-0.68297
-0.70682
-0.79429
-0.719
-0.73042
-0.71322
-0.71322
-0.68696
-0.7305
-0.7305
0
0
0
0
0
0
0
0
0
0
-0.77761
-0.80727
-0.69527
-0.69527
-0.69527
-0.69527
13.75
-0.75551
-0.73765
-0.68297
-0.68297
-0.70682
-0.79429
-0.719
-0.73042
-0.71322
-0.71322
-0.68696
-0.7305
-0.7305
0
0
0
0
0
0
0
0
0
0
-0.83797
-0.86835
-0.75551
-0.75551
-0.75551
-0.75551
-0.75551
18.8307
-0.78724
-0.71136
-0.71136
-0.74037
-0.83286
-0.7733
-0.73558
-0.74788
-0.74788
0
0
0
0
0
-6.559
0
0
0
0
0
0
0
-0.81152
-0.8401
-0.73765
-0.73765
-0.73765
-0.73765
-0.73765
-0.78724
12.7672
-0.69942
-0.69942
-0.72595
-0.81816
-0.74966
-0.75285
-0.73307
-0.73307
-0.72846
0
0
0
0
0
0
0
0
0
0
0
0
-0.75049
-0.77654
-0.68297
-0.68297
-0.68297
-0.68297
-0.68297
-0.71136
-0.69942
11.087
-0.62591
-0.66218
-0.74109
-0.68329
-0.68583
-0.66805
-0.66805
0
0
0
0
0
0
0
0
0
0
0
0
0
-0.75049
-0.77654
-0.68297
-0.68297
-0.68297
-0.68297
-0.68297
-0.71136
-0.69942
-0.62591
11.087
-0.66218
-0.74109
-0.68329
-0.68583
-0.66805
-0.66805
0
0
0
0
0
0
0
0
0
0
0
0
0
-0.77913
-0.80521
-0.70682
-0.70682
-0.70682
-0.70682
-0.70682
-0.74037
-0.72595
-0.66218
-0.66218
10.1322
-0.74642
0
0
-0.7383
-0.7383
0
0
0
0
0
0
0
0
0
0
0
0
0
-0.86567
-0.90232
-0.79429
-0.79429
-0.79429
-0.79429
-0.79429
-0.83286
-0.81816
-0.74109
-0.74109
-0.74642
10.0032
0
0
0
0
0
0
0
0
-0.38416
0
0
0
0
0
0
0
0
-0.75467
-0.80465
-0.719
-0.719
-0.719
-0.719
-0.719
-0.7733
-0.74966
-0.68329
-0.68329
0
0
12.0813
0
0
0
0
0
0
0
0
0
0
0
-4.0375
0
0
0
0
-0.80843
-0.83701
-0.73042
-0.73042
-0.73042
-0.73042
-0.73042
-0.73558
-0.75285
-0.68583
-0.68583
0
0
0
11.1262
0
0
0
0
0
-2.9686
0
0
0
0
0
0
0
0
0
-0.78694
-0.81312
-0.71322
-0.71322
-0.71322
-0.71322
-0.71322
-0.74788
-0.73307
-0.66805
-0.66805
-0.7383
0
0
0
8.7215
0
0
0
0
0
0
0
0
0
0
0
0
0
0
-0.78694
-0.81312
-0.71322
-0.71322
-0.71322
-0.71322
-0.71322
-0.74788
-0.73307
-0.66805
-0.66805
-0.7383
0
0
0
0
8.7215
0
0
0
0
0
0
0
0
0
0
0
0
0
-0.75841
-0.78251
-0.68696
-0.68696
-0.68696
-0.68696
-0.68696
0
-0.72846
0
0
0
0
0
0
0
0
5.7042
0
0
0
0
0
0
0
0
0
0
0
0
-0.73761
-0.802
-0.7305
-0.7305
-0.7305
-0.7305
-0.7305
0
0
0
0
0
0
0
0
0
0
0
5.2966
0
0
0
0
0
-0.1045
0
0
0
0
0
-0.73761
-0.802
-0.7305
-0.7305
-0.7305
-0.7305
-0.7305
0
0
0
0
0
0
0
0
0
0
0
0
5.2966
0
0
0
0
0
0
0
0
-0.1045
0
0
0
0
0
0
0
0
0
0
0
0
0
0
0
-2.9686
0
0
0
0
0
7.6303
-2.7637
-1.8981
0
0
0
0
0
0
0
0
0
0
0
0
0
0
0
0
0
0
0
-0.38416
0
0
0
0
0
0
0
-2.7637
5.7026
0
0
0
0
0
0
0
-2.5548
0
0
0
0
0
0
0
-6.559
0
0
0
0
0
0
0
0
0
0
0
0
-1.8981
0
8.4571
0
0
0
0
0
0
0
0
-8.67
0
0
0
0
0
0
0
0
0
0
0
0
0
0
0
0
0
0
0
0
0
8.67
0
0
0
0
0
0
0
0
0
0
0
0
0
0
0
0
0
0
0
0
0
0
0
0
-0.1045
0
0
0
0
0
0.1045
0
0
0
0
0
0
0
0
0
0
0
0
0
0
0
0
0
0
-4.0375
0
0
0
0
0
0
0
0
0
0
0
4.0375
0
0
0
0
-10.0091
0
0
0
0
0
0
0
0
0
0
0
0
0
0
0
0
0
0
0
0
0
0
0
0
0
10.0091
0
0
0
-10.0091
0
0
0
0
0
0
0
0
0
0
0
0
0
0
0
0
0
0
0
0
0
0
0
0
0
0
10.0091
0
0
0
0
0
0
0
0
0
0
0
0
0
0
0
0
0
0
0
0
0
-0.1045
0
0
0
0
0
0
0
0
0.1045
0
0
0
0
0
0
0
0
0
0
0
0
0
0
0
0
0
0
0
0
0
0
-2.5548
0
0
0
0
0
0
0
2.5548
