20.1807
-0.64966
-0.63593
-0.64428
-0.63384
-0.67079
-0.65123
-0.654
-0.66132
-0.64268
0
-0.77425
-0.77425
0
-0.62479
-0.61791
0
0
0
-0.67956
0
0
0
0
0
0
-5.4331
-5.4331
0
0
-0.64966
10.5072
-0.63703
-0.64219
-0.64773
-0.65303
-0.66077
-0.66629
-0.65634
-0.64588
0
-0.75674
-0.75674
0
0
-0.624
-1.8621
0
0
-0.64876
0
0
0
0
0
0
0
0
0
0
-0.63593
-0.63703
8.4347
-0.63404
-0.63391
-0.65251
-0.64573
-0.65045
-0.6492
-0.63887
0
-0.73565
-0.73565
0
0
-0.61608
0
-0.56963
0
0
0
0
0
0
0
0
0
0
0
0
-0.64428
-0.64219
-0.63404
7.3453
-0.64267
-0.66589
-0.65443
-0.65903
-0.65503
-0.64534
0
-0.75117
-0.75117
0
0
0
0
0
0
0
0
0
0
0
0
0
0
0
0
0
-0.63384
-0.64773
-0.63391
-0.64267
13.8987
-0.66053
-0.64084
-0.64472
-0.65683
0
0
0
0
0
0
0
0
0
0
0
0
0
0
-4.3688
0
-4.3688
0
0
0
0
-0.67079
-0.65303
-0.65251
-0.66589
-0.66053
7.3235
-0.66954
0
0
0
0
0
0
0
-0.66748
0
0
0
0
0
-2.6838
0
0
0
0
0
0
0
0
0
-0.65123
-0.66077
-0.64573
-0.65443
-0.64084
-0.66954
6.6644
-0.67305
0
0
0
0
0
0
0
0
0
0
0
0
0
-2.0688
0
0
0
0
0
0
0
0
-0.654
-0.66629
-0.65045
-0.65903
-0.64472
0
-0.67305
5.3378
0
0
0
0
0
0
0
0
0
0
0
0
0
0
-1.3903
0
0
0
0
0
0
0
-0.66132
-0.65634
-0.6492
-0.65503
-0.65683
0
0
0
4.7004
0
-0.69795
0
0
0
0
0
0
0
-0.72376
0
0
0
0
0
0
0
0
0
0
0
-0.64268
-0.64588
-0.63887
-0.64534
0
0
0
0
0
3.8122
0
0
0
-0.55225
0
0
0
0
-0.68716
0
0
0
0
0
0
0
0
0
0
0
0
0
0
0
0
0
0
0
-0.69795
0
3.574
0
0
-0.72674
0
0
-1.4164
0
0
-0.73296
0
0
0
0
0
0
0
0
0
0
-0.77425
-0.75674
-0.73565
-0.75117
0
0
0
0
0
0
0
3.0178
0
0
0
0
0
0
0
0
0
0
0
0
0
0
0
0
0
0
-0.77425
-0.75674
-0.73565
-0.75117
0
0
0
0
0
0
0
0
3.0178
0
0
0
0
0
0
0
0
0
0
0
0
0
0
0
0
0
0
0
0
0
0
0
0
0
0
-0.55225
-0.72674
0
0
1.8688
0
0
0
0
0
0
0
0
0
0
0
0
0
0
-0.58985
0
-0.62479
0
0
0
0
-0.66748
0
0
0
0
0
0
0
0
1.9391
0
0
0
0
0
0
0
0
0
-0.64685
0
0
0
0
0
-0.61791
-0.624
-0.61608
0
0
0
0
0
0
0
0
0
0
0
0
1.858
0
0
0
0
0
0
0
0
0
0
0
0
0
0
0
-1.8621
0
0
0
0
0
0
0
0
-1.4164
0
0
0
0
0
4.8022
0
0
0
-1.5238
0
0
0
0
0
0
0
0
0
0
0
-0.56963
0
0
0
0
0
0
0
0
0
0
0
0
0
0
2.1537
-0.85775
0
0
0
0
0
0
0
0
0
0
-0.72632
0
0
0
0
0
0
0
0
-0.72376
-0.68716
0
0
0
0
0
0
0
-0.85775
2.2687
0
0
0
0
0
0
0
0
0
0
0
-0.67956
-0.64876
0
0
0
0
0
0
0
0
-0.73296
0
0
0
0
0
0
0
0
2.0613
0
0
0
0
0
0
0
0
0
0
0
0
0
0
0
-2.6838
0
0
0
0
0
0
0
0
0
0
-1.5238
0
0
0
4.2075
0
0
0
0
0
0
0
0
0
0
0
0
0
0
0
-2.0688
0
0
0
0
0
0
0
0
0
0
0
0
0
0
2.0688
0
0
0
0
0
0
0
0
0
0
0
0
0
0
0
-1.3903
0
0
0
0
0
0
0
0
0
0
0
0
0
0
1.3903
0
0
0
0
0
0
0
0
0
0
0
-4.3688
0
0
0
0
0
0
0
0
0
0
0
0
0
0
0
0
0
0
4.3688
0
0
0
0
0
0
0
0
0
0
0
0
0
0
0
0
0
0
0
0
-0.64685
0
0
0
0
0
0
0
0
0
0.64685
0
0
0
0
0
0
0
0
0
-4.3688
0
0
0
0
0
0
0
0
0
0
0
0
0
0
0
0
0
0
0
0
4.3688
0
0
0
0
-5.4331
0
0
0
0
0
0
0
0
0
0
0
0
0
0
0
0
0
0
0
0
0
0
0
0
0
5.4331
0
0
0
-5.4331
0
0
0
0
0
0
0
0
0
0
0
0
0
0
0
0
0
0
0
0
0
0
0
0
0
0
5.4331
0
0
0
0
0
0
0
0
0
0
0
0
0
0
0
-0.58985
0
0
0
0
0
0
0
0
0
0
0
0
0
0
0.58985
0
0
0
0
0
0
0
0
0
0
0
0
0
0
0
0
0
0
-0.72632
0
0
0
0
0
0
0
0
0
0
0
0.72632
