23.3802
-0.81118
-0.82242
-0.82242
-0.82588
-0.7885
-0.84704
-0.84717
-0.78361
-0.78361
-0.84777
-0.85243
-0.88612
-0.75598
-0.89711
-0.89789
-1.0929
-1.1044
0
-0.52243
-1.4428
0
0
-3.8052
0
0
-2.9435
0
0
0
-0.81118
16.0875
-0.83878
-0.83878
-0.84569
-0.767
-0.81152
-0.81171
-0.75085
-0.75085
-0.82912
-0.8257
-0.83962
-0.72071
-0.85544
-0.85582
-1.0452
-1.0503
0
0
0
-1.3367
0
0
0
-0.50256
0
0
0
0
-0.82242
-0.83878
16.0953
-0.77122
-0.81394
-0.77756
-0.81425
-0.81468
-0.75381
-0.75381
-0.8418
-0.82246
-0.85139
-0.72321
-0.85757
-0.85745
-1.0454
-1.0468
0
-0.48564
-1.4031
0
0
0
0
0
0
0
0
0
-0.82242
-0.83878
-0.77122
16.0953
-0.81394
-0.77756
-0.81425
-0.81468
-0.75381
-0.75381
-0.8418
-0.82246
-0.85139
-0.72321
-0.85757
-0.85745
-1.0454
-1.0468
0
-0.48564
-1.4031
0
0
0
0
0
0
0
0
0
-0.82588
-0.84569
-0.81394
-0.81394
17.5081
-0.7788
-0.81753
-0.81803
-0.75692
-0.75692
-0.84281
-0.83181
-0.85226
-0.72561
-0.86022
-0.85962
-1.0464
-1.0521
0
-0.48978
0
0
-2.7197
0
0
0
0
0
0
0
-0.7885
-0.767
-0.77756
-0.77756
-0.7788
16.6582
-0.80733
-0.80743
-0.74654
-0.74654
-0.82289
-0.81507
-0.84093
-0.71648
-0.85097
-0.85093
-1.0384
0
0
0
0
0
0
-3.7252
0
0
0
0
0
0
-0.84704
-0.81152
-0.81425
-0.81425
-0.81753
-0.80733
12.5076
-0.8501
-0.7847
-0.7847
-0.88039
-0.86582
-0.89054
-0.75174
-0.89443
-0.89321
0
0
0
0
0
0
0
0
0
0
0
0
0
0
-0.84717
-0.81171
-0.81468
-0.81468
-0.81803
-0.80743
-0.8501
11.6129
-0.78097
-0.78097
-0.88244
-0.86814
-0.89251
-0.75016
-0.89395
0
0
0
0
0
0
0
0
0
0
0
0
0
0
0
-0.78361
-0.75085
-0.75381
-0.75381
-0.75692
-0.74654
-0.7847
-0.78097
9.8523
-0.6536
-0.80362
-0.7909
-0.8126
-0.68042
0
0
0
0
0
0
0
0
0
0
0
0
0
0
0
0
-0.78361
-0.75085
-0.75381
-0.75381
-0.75692
-0.74654
-0.7847
-0.78097
-0.6536
9.8523
-0.80362
-0.7909
-0.8126
-0.68042
0
0
0
0
0
0
0
0
0
0
0
0
0
0
0
0
-0.84777
-0.82912
-0.8418
-0.8418
-0.84281
-0.82289
-0.88039
-0.88244
-0.80362
-0.80362
11.1875
0
0
0
0
0
0
0
0
0
0
0
0
0
0
0
-2.7912
0
0
0
-0.85243
-0.8257
-0.82246
-0.82246
-0.83181
-0.81507
-0.86582
-0.86814
-0.7909
-0.7909
0
8.9223
0
0
0
0
0
0
-0.63664
0
0
0
0
0
0
0
0
0
0
0
-0.88612
-0.83962
-0.85139
-0.85139
-0.85226
-0.84093
-0.89054
-0.89251
-0.8126
-0.8126
0
0
13.1857
0
0
0
0
0
0
0
0
0
0
0
0
0
0
0
-4.6557
0
-0.75598
-0.72071
-0.72321
-0.72321
-0.72561
-0.71648
-0.75174
-0.75016
-0.68042
-0.68042
0
0
0
7.2279
0
0
0
0
0
0
0
0
0
0
0
0
0
0
0
0
-0.89711
-0.85544
-0.85757
-0.85757
-0.86022
-0.85097
-0.89443
-0.89395
0
0
0
0
0
0
6.9673
0
0
0
0
0
0
0
0
0
0
0
0
0
0
0
-0.89789
-0.85582
-0.85745
-0.85745
-0.85962
-0.85093
-0.89321
0
0
0
0
0
0
0
0
6.0724
0
0
0
0
0
0
0
0
0
0
0
0
0
0
-1.0929
-1.0452
-1.0454
-1.0454
-1.0464
-1.0384
0
0
0
0
0
0
0
0
0
0
6.3136
0
0
0
0
0
0
0
0
0
0
0
0
0
-1.1044
-1.0503
-1.0468
-1.0468
-1.0521
0
0
0
0
0
0
0
0
0
0
0
0
5.3004
0
0
0
0
0
0
0
0
0
0
0
0
0
0
0
0
0
0
0
0
0
0
0
-0.63664
0
0
0
0
0
0
3.4754
0
0
0
0
0
-1.2981
-0.70767
0
0
0
-0.83296
-0.52243
0
-0.48564
-0.48564
-0.48978
0
0
0
0
0
0
0
0
0
0
0
0
0
0
1.9835
0
0
0
0
0
0
0
0
0
0
-1.4428
0
-1.4031
-1.4031
0
0
0
0
0
0
0
0
0
0
0
0
0
0
0
0
5.8878
0
-1.6388
0
0
0
0
0
0
0
0
-1.3367
0
0
0
0
0
0
0
0
0
0
0
0
0
0
0
0
0
0
0
8.7712
-2.7665
0
-2.342
0
0
-2.326
0
0
0
0
0
0
-2.7197
0
0
0
0
0
0
0
0
0
0
0
0
0
0
0
-1.6388
-2.7665
7.1251
0
0
0
0
0
0
0
-3.8052
0
0
0
0
-3.7252
0
0
0
0
0
0
0
0
0
0
0
0
0
0
0
0
0
7.5304
0
0
0
0
0
0
0
0
0
0
0
0
0
0
0
0
0
0
0
0
0
0
0
0
-1.2981
0
0
-2.342
0
0
3.6401
0
0
0
0
0
0
-0.50256
0
0
0
0
0
0
0
0
0
0
0
0
0
0
0
0
-0.70767
0
0
0
0
0
0
1.2102
0
0
0
0
-2.9435
0
0
0
0
0
0
0
0
0
-2.7912
0
0
0
0
0
0
0
0
0
0
0
0
0
0
0
5.7347
0
0
0
0
0
0
0
0
0
0
0
0
0
0
0
0
0
0
0
0
0
0
0
0
-2.326
0
0
0
0
0
2.326
0
0
0
0
0
0
0
0
0
0
0
0
0
0
-4.6557
0
0
0
0
0
0
0
0
0
0
0
0
0
0
0
4.6557
0
0
0
0
0
0
0
0
0
0
0
0
0
0
0
0
0
0
0
-0.83296
0
0
0
0
0
0
0
0
0
0
0.83296
