29.2347
-0.60876
-0.59148
-0.59148
-0.5677
-0.61862
-0.61862
-0.56552
-0.56552
-0.56552
-0.56552
-0.61071
-0.57183
-0.58217
-0.58217
-0.43268
-0.6837
-0.6837
0
-0.26487
0
0
0
0
0
0
-9.4821
0
0
-9.4821
-0.60876
17.6214
-0.60966
-0.60966
-0.60254
-0.65065
-0.65065
-0.58545
-0.58545
-0.58545
-0.58545
-0.6308
-0.60268
-0.60293
-0.60293
-0.45458
-0.67628
-0.67628
0
0
0
0
0
0
0
0
0
0
-7.3012
0
-0.59148
-0.60966
9.951
-0.58014
-0.58498
-0.62373
-0.62373
-0.56387
-0.56387
-0.56387
-0.56387
-0.60551
-0.58089
-0.57995
-0.57995
-0.44838
-0.64355
-0.64355
0
0
0
0
0
0
0
0
0
0
0
0
-0.59148
-0.60966
-0.58014
9.951
-0.58498
-0.62373
-0.62373
-0.56387
-0.56387
-0.56387
-0.56387
-0.60551
-0.58089
-0.57995
-0.57995
-0.44838
-0.64355
-0.64355
0
0
0
0
0
0
0
0
0
0
0
0
-0.5677
-0.60254
-0.58498
-0.58498
24.6906
-0.61161
-0.61161
-0.56678
-0.56678
-0.56678
-0.56678
-0.60899
0
-0.58628
-0.58628
0
0
0
-0.74483
0
0
0
-8.1668
0
0
0
0
-8.1668
0
0
-0.61862
-0.65065
-0.62373
-0.62373
-0.61161
14.5966
-0.68096
-0.6004
-0.6004
-0.6004
-0.6004
-0.65459
-0.61904
-0.61878
-0.61878
0
0
0
0
0
0
0
0
0
-5.8745
0
0
0
0
0
-0.61862
-0.65065
-0.62373
-0.62373
-0.61161
-0.68096
14.5966
-0.6004
-0.6004
-0.6004
-0.6004
-0.65459
-0.61904
-0.61878
-0.61878
0
0
0
0
0
0
0
0
-5.8745
0
0
0
0
0
0
-0.56552
-0.58545
-0.56387
-0.56387
-0.56678
-0.6004
-0.6004
7.8487
-0.52454
-0.52454
-0.52454
-0.57606
-0.55292
-0.54992
-0.54992
0
0
0
0
0
0
0
0
0
0
0
0
0
0
0
-0.56552
-0.58545
-0.56387
-0.56387
-0.56678
-0.6004
-0.6004
-0.52454
7.8487
-0.52454
-0.52454
-0.57606
-0.55292
-0.54992
-0.54992
0
0
0
0
0
0
0
0
0
0
0
0
0
0
0
-0.56552
-0.58545
-0.56387
-0.56387
-0.56678
-0.6004
-0.6004
-0.52454
-0.52454
7.8487
-0.52454
-0.57606
-0.55292
-0.54992
-0.54992
0
0
0
0
0
0
0
0
0
0
0
0
0
0
0
-0.56552
-0.58545
-0.56387
-0.56387
-0.56678
-0.6004
-0.6004
-0.52454
-0.52454
-0.52454
7.8487
-0.57606
-0.55292
-0.54992
-0.54992
0
0
0
0
0
0
0
0
0
0
0
0
0
0
0
-0.61071
-0.6308
-0.60551
-0.60551
-0.60899
-0.65459
-0.65459
-0.57606
-0.57606
-0.57606
-0.57606
7.4293
0
0
0
0
0
0
-0.75434
0
0
0
0
0
0
0
0
0
0
0
-0.57183
-0.60268
-0.58089
-0.58089
0
-0.61904
-0.61904
-0.55292
-0.55292
-0.55292
-0.55292
0
8.3133
0
0
0
0
0
0
0
-2.5272
0
0
0
0
0
0
0
0
0
-0.58217
-0.60293
-0.57995
-0.57995
-0.58628
-0.61878
-0.61878
-0.54992
-0.54992
-0.54992
-0.54992
0
0
6.3685
0
0
0
0
0
0
0
0
0
0
0
0
0
0
0
0
-0.58217
-0.60293
-0.57995
-0.57995
-0.58628
-0.61878
-0.61878
-0.54992
-0.54992
-0.54992
-0.54992
0
0
0
6.3685
0
0
0
0
0
0
0
0
0
0
0
0
0
0
0
-0.43268
-0.45458
-0.44838
-0.44838
0
0
0
0
0
0
0
0
0
0
0
1.8885
0
0
0
0
0
0
0
0
0
-0.1045
0
0
0
0
-0.6837
-0.67628
-0.64355
-0.64355
0
0
0
0
0
0
0
0
0
0
0
0
2.6471
0
0
0
0
0
0
0
0
0
0
0
0
0
-0.6837
-0.67628
-0.64355
-0.64355
0
0
0
0
0
0
0
0
0
0
0
0
0
2.6471
0
0
0
0
0
0
0
0
0
0
0
0
0
0
0
0
-0.74483
0
0
0
0
0
0
-0.75434
0
0
0
0
0
0
1.9725
-0.47331
0
0
0
0
0
0
0
0
0
0
-0.26487
0
0
0
0
0
0
0
0
0
0
0
0
0
0
0
0
0
-0.47331
1.0435
0
-0.30531
0
0
0
0
0
0
0
0
0
0
0
0
0
0
0
0
0
0
0
0
-2.5272
0
0
0
0
0
0
0
2.5272
0
0
0
0
0
0
0
0
0
0
0
0
0
0
0
0
0
0
0
0
0
0
0
0
0
0
0
0
-0.30531
0
0.30531
0
0
0
0
0
0
0
0
0
0
0
0
-8.1668
0
0
0
0
0
0
0
0
0
0
0
0
0
0
0
0
0
8.1668
0
0
0
0
0
0
0
0
0
0
0
0
0
-5.8745
0
0
0
0
0
0
0
0
0
0
0
0
0
0
0
0
5.8745
0
0
0
0
0
0
0
0
0
0
0
-5.8745
0
0
0
0
0
0
0
0
0
0
0
0
0
0
0
0
0
0
5.8745
0
0
0
0
0
0
0
0
0
0
0
0
0
0
0
0
0
0
0
0
-0.1045
0
0
0
0
0
0
0
0
0
0.1045
0
0
0
0
-9.4821
0
0
0
0
0
0
0
0
0
0
0
0
0
0
0
0
0
0
0
0
0
0
0
0
0
9.4821
0
0
0
0
0
0
0
-8.1668
0
0
0
0
0
0
0
0
0
0
0
0
0
0
0
0
0
0
0
0
0
0
8.1668
0
0
0
-7.3012
0
0
0
0
0
0
0
0
0
0
0
0
0
0
0
0
0
0
0
0
0
0
0
0
0
0
7.3012
0
-9.4821
0
0
0
0
0
0
0
0
0
0
0
0
0
0
0
0
0
0
0
0
0
0
0
0
0
0
0
0
9.4821
