29.9983
-0.99748
-0.99748
-1.0399
-1.0367
-0.95362
-0.95362
-0.95362
-0.95362
-0.95362
-0.95362
-0.84959
-0.84959
-0.86455
-0.85892
-0.85637
-0.94067
-0.94067
-0.94067
-0.89838
-0.88964
-0.89212
-1.2194
-1.1842
0
-8.0203
0
0
0
0
-0.99748
21.8157
-0.98591
-1.0432
-1.0284
-0.9464
-0.9464
-0.9464
-0.9464
-0.9464
-0.9464
-0.84177
-0.84177
-0.86817
-0.86311
-0.8478
-0.93113
-0.93113
-0.93113
-0.88856
-0.89954
-0.90658
-1.1888
-1.1428
0
0
0
0
0
0
-0.99748
-0.98591
21.8157
-1.0432
-1.0284
-0.9464
-0.9464
-0.9464
-0.9464
-0.9464
-0.9464
-0.84177
-0.84177
-0.86817
-0.86311
-0.8478
-0.93113
-0.93113
-0.93113
-0.88856
-0.89954
-0.90658
-1.1888
-1.1428
0
0
0
0
0
0
-1.0399
-1.0432
-1.0432
27.8779
-1.0845
-1.001
-1.001
-1.001
-1.001
-1.001
-1.001
-0.89012
-0.89012
-0.90978
-0.90163
-0.89889
-0.98826
-0.98826
-0.98826
-0.94433
-0.93136
-0.93272
0
0
-7.3975
0
0
0
0
0
-1.0367
-1.0284
-1.0284
-1.0845
21.5055
-0.98681
-0.98681
-0.98681
-0.98681
-0.98681
-0.98681
-0.87671
-0.87671
-0.90796
-0.90106
-0.88414
-0.97181
-0.97181
-0.97181
-0.92759
-0.93773
-0.94442
-1.2349
0
0
0
0
0
0
0
-0.95362
-0.9464
-0.9464
-1.001
-0.98681
18.5959
-0.8871
-0.8871
-0.8871
-0.8871
-0.8871
-0.80213
-0.80213
-0.83686
-0.82713
-0.81129
-0.89059
-0.89059
-0.89059
-0.85114
-0.85933
-0.86445
0
0
0
0
0
0
0
0
-0.95362
-0.9464
-0.9464
-1.001
-0.98681
-0.8871
18.5959
-0.8871
-0.8871
-0.8871
-0.8871
-0.80213
-0.80213
-0.83686
-0.82713
-0.81129
-0.89059
-0.89059
-0.89059
-0.85114
-0.85933
-0.86445
0
0
0
0
0
0
0
0
-0.95362
-0.9464
-0.9464
-1.001
-0.98681
-0.8871
-0.8871
18.5959
-0.8871
-0.8871
-0.8871
-0.80213
-0.80213
-0.83686
-0.82713
-0.81129
-0.89059
-0.89059
-0.89059
-0.85114
-0.85933
-0.86445
0
0
0
0
0
0
0
0
-0.95362
-0.9464
-0.9464
-1.001
-0.98681
-0.8871
-0.8871
-0.8871
18.5959
-0.8871
-0.8871
-0.80213
-0.80213
-0.83686
-0.82713
-0.81129
-0.89059
-0.89059
-0.89059
-0.85114
-0.85933
-0.86445
0
0
0
0
0
0
0
0
-0.95362
-0.9464
-0.9464
-1.001
-0.98681
-0.8871
-0.8871
-0.8871
-0.8871
18.5959
-0.8871
-0.80213
-0.80213
-0.83686
-0.82713
-0.81129
-0.89059
-0.89059
-0.89059
-0.85114
-0.85933
-0.86445
0
0
0
0
0
0
0
0
-0.95362
-0.9464
-0.9464
-1.001
-0.98681
-0.8871
-0.8871
-0.8871
-0.8871
-0.8871
18.5959
-0.80213
-0.80213
-0.83686
-0.82713
-0.81129
-0.89059
-0.89059
-0.89059
-0.85114
-0.85933
-0.86445
0
0
0
0
0
0
0
0
-0.84959
-0.84177
-0.84177
-0.89012
-0.87671
-0.80213
-0.80213
-0.80213
-0.80213
-0.80213
-0.80213
15.7548
-0.69894
-0.72081
-0.71193
-0.70699
-0.77346
-0.77346
-0.77346
-0.73853
-0.74449
0
0
0
0
0
0
0
0
0
-0.84959
-0.84177
-0.84177
-0.89012
-0.87671
-0.80213
-0.80213
-0.80213
-0.80213
-0.80213
-0.80213
-0.69894
15.7548
-0.72081
-0.71193
-0.70699
-0.77346
-0.77346
-0.77346
-0.73853
-0.74449
0
0
0
0
0
0
0
0
0
-0.86455
-0.86817
-0.86817
-0.90978
-0.90796
-0.83686
-0.83686
-0.83686
-0.83686
-0.83686
-0.83686
-0.72081
-0.72081
21.5675
-0.70251
-0.71447
-0.78011
-0.78011
-0.78011
-0.74491
0
0
0
0
0
0
0
0
0
-6.1838
-0.85892
-0.86311
-0.86311
-0.90163
-0.90106
-0.82713
-0.82713
-0.82713
-0.82713
-0.82713
-0.82713
-0.71193
-0.71193
-0.70251
20.2497
-0.72301
-0.77451
-0.77451
-0.77451
0
0
0
0
0
0
0
0
0
-5.7261
0
-0.85637
-0.8478
-0.8478
-0.89889
-0.88414
-0.81129
-0.81129
-0.81129
-0.81129
-0.81129
-0.81129
-0.70699
-0.70699
-0.71447
-0.72301
15.1149
-0.77334
-0.77334
-0.77334
-0.7407
0
0
0
0
0
0
0
0
0
0
-0.94067
-0.93113
-0.93113
-0.98826
-0.97181
-0.89059
-0.89059
-0.89059
-0.89059
-0.89059
-0.89059
-0.77346
-0.77346
-0.78011
-0.77451
-0.77334
13.9814
0
0
0
0
0
0
0
0
0
0
0
0
0
-0.94067
-0.93113
-0.93113
-0.98826
-0.97181
-0.89059
-0.89059
-0.89059
-0.89059
-0.89059
-0.89059
-0.77346
-0.77346
-0.78011
-0.77451
-0.77334
0
13.9814
0
0
0
0
0
0
0
0
0
0
0
0
-0.94067
-0.93113
-0.93113
-0.98826
-0.97181
-0.89059
-0.89059
-0.89059
-0.89059
-0.89059
-0.89059
-0.77346
-0.77346
-0.78011
-0.77451
-0.77334
0
0
13.9814
0
0
0
0
0
0
0
0
0
0
0
-0.89838
-0.88856
-0.88856
-0.94433
-0.92759
-0.85114
-0.85114
-0.85114
-0.85114
-0.85114
-0.85114
-0.73853
-0.73853
-0.74491
0
-0.7407
0
0
0
12.617
0
0
0
0
0
0
0
0
0
0
-0.88964
-0.89954
-0.89954
-0.93136
-0.93773
-0.85933
-0.85933
-0.85933
-0.85933
-0.85933
-0.85933
-0.74449
-0.74449
0
0
0
0
0
0
0
13.5974
0
0
0
0
0
0
-2.3946
0
0
-0.89212
-0.90658
-0.90658
-0.93272
-0.94442
-0.86445
-0.86445
-0.86445
-0.86445
-0.86445
-0.86445
0
0
0
0
0
0
0
0
0
0
10.2779
0
0
0
0
-0.50883
0
0
0
-1.2194
-1.1888
-1.1888
0
-1.2349
0
0
0
0
0
0
0
0
0
0
0
0
0
0
0
0
0
4.832
0
0
0
0
0
0
0
-1.1842
-1.1428
-1.1428
0
0
0
0
0
0
0
0
0
0
0
0
0
0
0
0
0
0
0
0
3.4698
0
0
0
0
0
0
0
0
0
-7.3975
0
0
0
0
0
0
0
0
0
0
0
0
0
0
0
0
0
0
0
0
7.3975
0
0
0
0
0
-8.0203
0
0
0
0
0
0
0
0
0
0
0
0
0
0
0
0
0
0
0
0
0
0
0
0
8.0203
0
0
0
0
0
0
0
0
0
0
0
0
0
0
0
0
0
0
0
0
0
0
0
0
0
-0.50883
0
0
0
0
0.50883
0
0
0
0
0
0
0
0
0
0
0
0
0
0
0
0
0
0
0
0
0
0
0
-2.3946
0
0
0
0
0
0
2.3946
0
0
0
0
0
0
0
0
0
0
0
0
0
0
0
0
-5.7261
0
0
0
0
0
0
0
0
0
0
0
0
0
5.7261
0
0
0
0
0
0
0
0
0
0
0
0
0
0
-6.1838
0
0
0
0
0
0
0
0
0
0
0
0
0
0
0
6.1838
