19.1944
-0.72569
-0.72737
-0.71793
-0.70042
-0.65687
-0.65687
-0.68047
-0.65687
-0.60745
-0.66679
-0.69321
-0.69321
-0.65683
-0.65683
-0.70683
-0.66676
-1.1708
0
0
-0.23098
0
0
0
0
-6.9222
0
0
0
0
-0.72569
18.998
-0.75363
-0.73851
-0.72367
-0.6749
-0.6749
-0.70221
-0.6749
-0.62265
-0.68394
-0.71127
-0.71127
-0.67364
-0.67364
-0.72583
-0.68427
-1.1736
0
0
0
0
0
0
0
0
0
0
-6.6694
0
-0.72737
-0.75363
17.3857
-0.73681
-0.74285
-0.66781
-0.66781
-0.70014
-0.66781
-0.61551
-0.67716
-0.70413
-0.70413
-0.667
-0.667
-0.72263
-0.68059
0
0
0
0
0
0
0
0
0
-6.2833
0
0
0
-0.71793
-0.73851
-0.73681
12.1648
-0.75825
-0.65664
-0.65664
-0.70172
-0.65664
-0.60593
-0.66655
-0.69296
-0.69296
-0.6566
-0.6566
-0.70484
-0.66358
-1.2017
0
0
0
0
0
0
0
0
0
0
0
0
-0.70042
-0.72367
-0.74285
-0.75825
26.3775
-0.68508
-0.68508
-0.68623
-0.68508
-0.61945
-0.669
-0.69554
-0.69554
-0.659
-0.659
0
0
0
-0.1045
0
0
0
0
-8.3044
0
0
0
-8.3044
0
0
-0.65687
-0.6749
-0.66781
-0.65664
-0.68508
9.9578
-0.58634
-0.64434
-0.58634
-0.54327
-0.59896
-0.62192
-0.62192
-0.59028
-0.59028
-0.63492
-0.5979
0
0
0
0
0
0
0
0
0
0
0
0
0
-0.65687
-0.6749
-0.66781
-0.65664
-0.68508
-0.58634
9.9578
-0.64434
-0.58634
-0.54327
-0.59896
-0.62192
-0.62192
-0.59028
-0.59028
-0.63492
-0.5979
0
0
0
0
0
0
0
0
0
0
0
0
0
-0.68047
-0.70221
-0.70014
-0.70172
-0.68623
-0.64434
-0.64434
15.5448
-0.64434
-0.56442
-0.61052
-0.63406
-0.63406
-0.60163
-0.60163
0
0
0
0
-0.83331
0
0
0
0
-5.6614
0
0
0
0
0
-0.65687
-0.6749
-0.66781
-0.65664
-0.68508
-0.58634
-0.58634
-0.64434
9.9578
-0.54327
-0.59896
-0.62192
-0.62192
-0.59028
-0.59028
-0.63492
-0.5979
0
0
0
0
0
0
0
0
0
0
0
0
0
-0.60745
-0.62265
-0.61551
-0.60593
-0.61945
-0.54327
-0.54327
-0.56442
-0.54327
8.6442
-0.55395
-0.57476
-0.57476
-0.54607
-0.54607
-0.58337
0
0
0
0
0
0
0
0
0
0
0
0
0
0
-0.66679
-0.68394
-0.67716
-0.66655
-0.669
-0.59896
-0.59896
-0.61052
-0.59896
-0.55395
7.6485
-0.66185
-0.66185
0
0
0
0
0
0
0
0
0
0
0
0
0
0
0
0
0
-0.69321
-0.71127
-0.70413
-0.69296
-0.69554
-0.62192
-0.62192
-0.63406
-0.62192
-0.57476
-0.66185
7.2335
0
0
0
0
0
0
0
0
0
0
0
0
0
0
0
0
0
0
-0.69321
-0.71127
-0.70413
-0.69296
-0.69554
-0.62192
-0.62192
-0.63406
-0.62192
-0.57476
-0.66185
0
7.2335
0
0
0
0
0
0
0
0
0
0
0
0
0
0
0
0
0
-0.65683
-0.67364
-0.667
-0.6566
-0.659
-0.59028
-0.59028
-0.60163
-0.59028
-0.54607
0
0
0
6.2316
0
0
0
0
0
0
0
0
0
0
0
0
0
0
0
0
-0.65683
-0.67364
-0.667
-0.6566
-0.659
-0.59028
-0.59028
-0.60163
-0.59028
-0.54607
0
0
0
0
6.2316
0
0
0
0
0
0
0
0
0
0
0
0
0
0
0
-0.70683
-0.72583
-0.72263
-0.70484
0
-0.63492
-0.63492
0
-0.63492
-0.58337
0
0
0
0
0
5.3482
0
0
0
0
0
0
0
0
0
0
0
0
0
0
-0.66676
-0.68427
-0.68059
-0.66358
0
-0.5979
-0.5979
0
-0.5979
0
0
0
0
0
0
0
4.4889
0
0
0
0
0
0
0
0
0
0
0
0
0
-1.1708
-1.1736
0
-1.2017
0
0
0
0
0
0
0
0
0
0
0
0
0
5.0151
0
0
0
-1.469
0
0
0
0
0
0
0
0
0
0
0
0
-0.1045
0
0
0
0
0
0
0
0
0
0
0
0
0
7.6474
0
0
-3.751
-3.7919
0
0
0
0
0
0
0
0
0
0
0
0
0
0
-0.83331
0
0
0
0
0
0
0
0
0
0
0
1.7369
-0.51354
0
-0.39009
0
0
0
0
0
0
0
-0.23098
0
0
0
0
0
0
0
0
0
0
0
0
0
0
0
0
0
0
-0.51354
1.0997
0
0
0
0
0
0
0
0
-0.35523
0
0
0
0
0
0
0
0
0
0
0
0
0
0
0
0
0
-1.469
-3.751
0
0
5.2199
0
0
0
0
0
0
0
0
0
0
0
0
0
0
0
0
0
0
0
0
0
0
0
0
0
0
-3.7919
-0.39009
0
0
4.182
0
0
0
0
0
0
0
0
0
0
0
-8.3044
0
0
0
0
0
0
0
0
0
0
0
0
0
0
0
0
0
0
8.3044
0
0
0
0
0
0
0
0
0
0
0
0
0
-5.6614
0
0
0
0
0
0
0
0
0
0
0
0
0
0
0
0
5.6614
0
0
0
0
0
-6.9222
0
0
0
0
0
0
0
0
0
0
0
0
0
0
0
0
0
0
0
0
0
0
0
0
6.9222
0
0
0
0
0
0
-6.2833
0
0
0
0
0
0
0
0
0
0
0
0
0
0
0
0
0
0
0
0
0
0
0
6.2833
0
0
0
0
0
0
0
-8.3044
0
0
0
0
0
0
0
0
0
0
0
0
0
0
0
0
0
0
0
0
0
0
8.3044
0
0
0
-6.6694
0
0
0
0
0
0
0
0
0
0
0
0
0
0
0
0
0
0
0
0
0
0
0
0
0
0
6.6694
0
0
0
0
0
0
0
0
0
0
0
0
0
0
0
0
0
0
0
0
0
-0.35523
0
0
0
0
0
0
0
0
0.35523
