24.1834
-0.81161
-0.81161
-0.81161
-0.81161
-0.81161
-0.78698
-0.81161
-0.67737
-0.84609
-0.78546
-0.73843
-0.81261
-0.81261
-0.81261
-0.80706
-0.81761
-0.76294
-0.79293
0
0
0
0
0
0
0
0
-9.861
0
0
-0.81161
11.9913
-0.64337
-0.64337
-0.64337
-0.64337
-0.72149
-0.64337
-0.57235
-0.70138
-0.64801
-0.66654
-0.66958
-0.66958
-0.66958
-0.67905
-0.67254
-0.64115
-0.6516
0
0
0
0
0
0
0
0
0
0
0
-0.81161
-0.64337
11.9913
-0.64337
-0.64337
-0.64337
-0.72149
-0.64337
-0.57235
-0.70138
-0.64801
-0.66654
-0.66958
-0.66958
-0.66958
-0.67905
-0.67254
-0.64115
-0.6516
0
0
0
0
0
0
0
0
0
0
0
-0.81161
-0.64337
-0.64337
11.9913
-0.64337
-0.64337
-0.72149
-0.64337
-0.57235
-0.70138
-0.64801
-0.66654
-0.66958
-0.66958
-0.66958
-0.67905
-0.67254
-0.64115
-0.6516
0
0
0
0
0
0
0
0
0
0
0
-0.81161
-0.64337
-0.64337
-0.64337
11.9913
-0.64337
-0.72149
-0.64337
-0.57235
-0.70138
-0.64801
-0.66654
-0.66958
-0.66958
-0.66958
-0.67905
-0.67254
-0.64115
-0.6516
0
0
0
0
0
0
0
0
0
0
0
-0.81161
-0.64337
-0.64337
-0.64337
-0.64337
11.9913
-0.72149
-0.64337
-0.57235
-0.70138
-0.64801
-0.66654
-0.66958
-0.66958
-0.66958
-0.67905
-0.67254
-0.64115
-0.6516
0
0
0
0
0
0
0
0
0
0
0
-0.78698
-0.72149
-0.72149
-0.72149
-0.72149
-0.72149
11.5967
-0.72149
-0.52865
-0.64563
-0.62681
-0.55713
-0.64759
-0.64759
-0.64759
-0.61626
-0.65296
0
0
-0.57158
0
0
-0.33904
0
0
0
0
0
0
0
-0.81161
-0.64337
-0.64337
-0.64337
-0.64337
-0.64337
-0.72149
11.9913
-0.57235
-0.70138
-0.64801
-0.66654
-0.66958
-0.66958
-0.66958
-0.67905
-0.67254
-0.64115
-0.6516
0
0
0
0
0
0
0
0
0
0
0
-0.67737
-0.57235
-0.57235
-0.57235
-0.57235
-0.57235
-0.52865
-0.57235
9.428
-0.55779
-0.53096
-0.5099
-0.5483
-0.5483
-0.5483
-0.54107
-0.55086
0
0
-0.45241
0
0
0
0
0
0
0
0
0
0
-0.84609
-0.70138
-0.70138
-0.70138
-0.70138
-0.70138
-0.64563
-0.70138
-0.55779
16.5264
-0.69373
0
-0.71709
-0.71709
-0.71709
0
0
0
0
0
0
0
0
0
0
0
0
0
-7.4237
0
-0.78546
-0.64801
-0.64801
-0.64801
-0.64801
-0.64801
-0.62681
-0.64801
-0.53096
-0.69373
8.4258
0
-0.63361
-0.63361
-0.63361
0
0
0
0
0
0
0
0
0
0
0
0
0
0
0
-0.73843
-0.66654
-0.66654
-0.66654
-0.66654
-0.66654
-0.55713
-0.66654
-0.5099
0
0
36.7546
0
0
0
0
0
0
0
0
0
0
0
0
-10.3166
-10.3166
-10.3166
0
0
0
-0.81261
-0.66958
-0.66958
-0.66958
-0.66958
-0.66958
-0.64759
-0.66958
-0.5483
-0.71709
-0.63361
0
7.3767
0
0
0
0
0
0
0
0
0
0
0
0
0
0
0
0
0
-0.81261
-0.66958
-0.66958
-0.66958
-0.66958
-0.66958
-0.64759
-0.66958
-0.5483
-0.71709
-0.63361
0
0
7.3767
0
0
0
0
0
0
0
0
0
0
0
0
0
0
0
0
-0.81261
-0.66958
-0.66958
-0.66958
-0.66958
-0.66958
-0.64759
-0.66958
-0.5483
-0.71709
-0.63361
0
0
0
7.3767
0
0
0
0
0
0
0
0
0
0
0
0
0
0
0
-0.80706
-0.67905
-0.67905
-0.67905
-0.67905
-0.67905
-0.61626
-0.67905
-0.54107
0
0
0
0
0
0
10.5143
0
0
0
0
0
0
0
0
0
0
0
0
0
-4.4756
-0.81761
-0.67254
-0.67254
-0.67254
-0.67254
-0.67254
-0.65296
-0.67254
-0.55086
0
0
0
0
0
0
0
6.0567
0
0
0
0
0
0
0
0
0
0
0
0
0
-0.76294
-0.64115
-0.64115
-0.64115
-0.64115
-0.64115
0
-0.64115
0
0
0
0
0
0
0
0
0
4.8032
0
0
-0.19334
0
0
0
0
0
0
0
0
0
-0.79293
-0.6516
-0.6516
-0.6516
-0.6516
-0.6516
0
-0.6516
0
0
0
0
0
0
0
0
0
0
4.7025
0
0
0
0
0
0
0
0
0
0
0
0
0
0
0
0
0
-0.57158
0
-0.45241
0
0
0
0
0
0
0
0
0
0
1.8337
-0.26067
-0.54905
0
0
0
0
0
0
0
0
0
0
0
0
0
0
0
0
0
0
0
0
0
0
0
0
0
-0.19334
0
-0.26067
0.55851
0
0
-0.1045
0
0
0
0
0
0
0
0
0
0
0
0
0
0
0
0
0
0
0
0
0
0
0
0
0
-0.54905
0
1.9667
-1.4177
0
0
0
0
0
0
0
0
0
0
0
0
0
-0.33904
0
0
0
0
0
0
0
0
0
0
0
0
0
0
-1.4177
1.7567
0
0
0
0
0
0
0
0
0
0
0
0
0
0
0
0
0
0
0
0
0
0
0
0
0
0
0
-0.1045
0
0
0.1045
0
0
0
0
0
0
0
0
0
0
0
0
0
0
0
0
0
-10.3166
0
0
0
0
0
0
0
0
0
0
0
0
10.3166
0
0
0
0
0
0
0
0
0
0
0
0
0
0
0
0
-10.3166
0
0
0
0
0
0
0
0
0
0
0
0
0
10.3166
0
0
0
0
0
0
0
0
0
0
0
0
0
0
0
-10.3166
0
0
0
0
0
0
0
0
0
0
0
0
0
0
10.3166
0
0
0
-9.861
0
0
0
0
0
0
0
0
0
0
0
0
0
0
0
0
0
0
0
0
0
0
0
0
0
0
9.861
0
0
0
0
0
0
0
0
0
0
0
-7.4237
0
0
0
0
0
0
0
0
0
0
0
0
0
0
0
0
0
0
7.4237
0
0
0
0
0
0
0
0
0
0
0
0
0
0
0
0
-4.4756
0
0
0
0
0
0
0
0
0
0
0
0
0
4.4756
