25.8422
-1.0315
-1.0463
-0.941
-0.92605
-0.92605
-0.92605
-0.92605
-0.92605
-0.80865
-0.80865
-0.80865
-0.85285
-0.89119
-0.92559
-0.92559
-0.90163
-0.91499
-0.89774
-0.84499
0
-0.29068
0
-8.322
0
0
0
0
0
0
-1.0315
18.1227
-1.0238
-0.92516
-0.89855
-0.89855
-0.89855
-0.89855
-0.89855
-0.79568
-0.79568
-0.79568
-0.84417
-0.87476
-0.91815
-0.91815
-0.88366
-0.8965
-0.89229
-0.82787
-0.91165
-0.29529
0
0
0
0
0
0
0
0
-1.0463
-1.0238
26.4562
-0.94248
-0.91803
-0.91803
-0.91803
-0.91803
-0.91803
-0.81152
-0.81152
-0.81152
-0.85866
-0.89333
-0.93285
-0.93285
-0.90326
-0.9166
-0.90487
-0.8461
-0.93712
0
-8.2933
0
0
0
0
0
0
0
-0.941
-0.92516
-0.94248
23.4414
-0.84359
-0.84359
-0.84359
-0.84359
-0.84359
-0.72546
-0.72546
-0.72546
-0.76163
-0.7958
-0.82434
-0.82434
-0.80338
-0.81473
-0.80123
-0.75486
0
0
0
0
0
0
-7.8581
0
0
0
-0.92605
-0.89855
-0.91803
-0.84359
16.0751
-0.79652
-0.79652
-0.79652
-0.79652
-0.71577
-0.71577
-0.71577
-0.76108
-0.78561
-0.82465
-0.82465
-0.79251
-0.80344
-0.803
-0.74437
-0.81615
0
0
0
0
0
0
0
0
0
-0.92605
-0.89855
-0.91803
-0.84359
-0.79652
16.0751
-0.79652
-0.79652
-0.79652
-0.71577
-0.71577
-0.71577
-0.76108
-0.78561
-0.82465
-0.82465
-0.79251
-0.80344
-0.803
-0.74437
-0.81615
0
0
0
0
0
0
0
0
0
-0.92605
-0.89855
-0.91803
-0.84359
-0.79652
-0.79652
16.0751
-0.79652
-0.79652
-0.71577
-0.71577
-0.71577
-0.76108
-0.78561
-0.82465
-0.82465
-0.79251
-0.80344
-0.803
-0.74437
-0.81615
0
0
0
0
0
0
0
0
0
-0.92605
-0.89855
-0.91803
-0.84359
-0.79652
-0.79652
-0.79652
16.0751
-0.79652
-0.71577
-0.71577
-0.71577
-0.76108
-0.78561
-0.82465
-0.82465
-0.79251
-0.80344
-0.803
-0.74437
-0.81615
0
0
0
0
0
0
0
0
0
-0.92605
-0.89855
-0.91803
-0.84359
-0.79652
-0.79652
-0.79652
-0.79652
16.0751
-0.71577
-0.71577
-0.71577
-0.76108
-0.78561
-0.82465
-0.82465
-0.79251
-0.80344
-0.803
-0.74437
-0.81615
0
0
0
0
0
0
0
0
0
-0.80865
-0.79568
-0.81152
-0.72546
-0.71577
-0.71577
-0.71577
-0.71577
-0.71577
13.5319
-0.63113
-0.63113
-0.66426
-0.69107
-0.71888
-0.71888
-0.69545
-0.70474
-0.70132
-0.65485
0
0
0
0
0
0
0
0
0
0
-0.80865
-0.79568
-0.81152
-0.72546
-0.71577
-0.71577
-0.71577
-0.71577
-0.71577
-0.63113
13.5319
-0.63113
-0.66426
-0.69107
-0.71888
-0.71888
-0.69545
-0.70474
-0.70132
-0.65485
0
0
0
0
0
0
0
0
0
0
-0.80865
-0.79568
-0.81152
-0.72546
-0.71577
-0.71577
-0.71577
-0.71577
-0.71577
-0.63113
-0.63113
13.5319
-0.66426
-0.69107
-0.71888
-0.71888
-0.69545
-0.70474
-0.70132
-0.65485
0
0
0
0
0
0
0
0
0
0
-0.85285
-0.84417
-0.85866
-0.76163
-0.76108
-0.76108
-0.76108
-0.76108
-0.76108
-0.66426
-0.66426
-0.66426
19.5419
-0.72333
-0.74068
-0.74068
-0.72629
-0.74201
0
0
0
0
0
0
-6.7535
0
0
0
0
0
-0.89119
-0.87476
-0.89333
-0.7958
-0.78561
-0.78561
-0.78561
-0.78561
-0.78561
-0.69107
-0.69107
-0.69107
-0.72333
12.5375
-0.79684
-0.79684
-0.76423
0
0
0
0
0
0
0
0
0
0
0
0
0
-0.92559
-0.91815
-0.93285
-0.82434
-0.82465
-0.82465
-0.82465
-0.82465
-0.82465
-0.71888
-0.71888
-0.71888
-0.74068
-0.79684
16.3979
0
0
0
0
0
0
0
0
0
0
-4.9796
0
0
0
0
-0.92559
-0.91815
-0.93285
-0.82434
-0.82465
-0.82465
-0.82465
-0.82465
-0.82465
-0.71888
-0.71888
-0.71888
-0.74068
-0.79684
0
16.3979
0
0
0
0
0
0
0
0
0
0
0
0
0
-4.9796
-0.90163
-0.88366
-0.90326
-0.80338
-0.79251
-0.79251
-0.79251
-0.79251
-0.79251
-0.69545
-0.69545
-0.69545
-0.72629
-0.76423
0
0
11.0313
0
0
0
0
0
0
0
0
0
0
0
0
0
-0.91499
-0.8965
-0.9166
-0.81473
-0.80344
-0.80344
-0.80344
-0.80344
-0.80344
-0.70474
-0.70474
-0.70474
-0.74201
0
0
0
0
10.4163
0
0
0
0
0
0
0
0
0
0
0
0
-0.89774
-0.89229
-0.90487
-0.80123
-0.803
-0.803
-0.803
-0.803
-0.803
-0.70132
-0.70132
-0.70132
0
0
0
0
0
0
12.7939
0
0
0
0
0
0
0
0
-3.1788
0
0
-0.84499
-0.82787
-0.8461
-0.75486
-0.74437
-0.74437
-0.74437
-0.74437
-0.74437
-0.65485
-0.65485
-0.65485
0
0
0
0
0
0
0
8.9602
0
0
0
0
0
0
0
0
0
0
0
-0.91165
-0.93712
0
-0.81615
-0.81615
-0.81615
-0.81615
-0.81615
0
0
0
0
0
0
0
0
0
0
0
5.9295
0
0
0
0
0
0
0
0
0
-0.29068
-0.29529
0
0
0
0
0
0
0
0
0
0
0
0
0
0
0
0
0
0
0
0.69047
0
0
0
0
0
0
-0.1045
0
0
0
-8.2933
0
0
0
0
0
0
0
0
0
0
0
0
0
0
0
0
0
0
0
8.2933
0
0
0
0
0
0
0
-8.322
0
0
0
0
0
0
0
0
0
0
0
0
0
0
0
0
0
0
0
0
0
0
8.322
0
0
0
0
0
0
0
0
0
0
0
0
0
0
0
0
0
0
-6.7535
0
0
0
0
0
0
0
0
0
0
0
6.7535
0
0
0
0
0
0
0
0
0
0
0
0
0
0
0
0
0
0
0
-4.9796
0
0
0
0
0
0
0
0
0
0
4.9796
0
0
0
0
0
0
0
-7.8581
0
0
0
0
0
0
0
0
0
0
0
0
0
0
0
0
0
0
0
0
0
0
7.8581
0
0
0
0
0
0
0
0
0
0
0
0
0
0
0
0
0
0
0
0
0
-3.1788
0
0
0
0
0
0
0
0
3.1788
0
0
0
0
0
0
0
0
0
0
0
0
0
0
0
0
0
0
0
0
0
0
0
-0.1045
0
0
0
0
0
0
0.1045
0
0
0
0
0
0
0
0
0
0
0
0
0
0
0
0
-4.9796
0
0
0
0
0
0
0
0
0
0
0
0
0
4.9796
