21.3019
-0.57334
-0.57334
-0.60776
-0.59225
-0.60152
-0.60152
-0.58259
-0.59264
-0.57688
-0.57688
-0.57688
-0.5721
-0.69741
-0.58688
-0.57751
-0.41018
-0.94063
-0.49243
0
0
0
0
0
0
0
0
0
-10.5692
0
-0.57334
9.985
-0.5273
-0.56366
-0.55294
-0.55864
-0.55864
-0.54166
-0.54794
-0.53333
-0.53333
-0.53333
-0.5334
-0.63991
-0.53977
-0.5637
-0.40009
-0.83446
-0.44959
0
0
0
0
0
0
0
0
0
0
0
-0.57334
-0.5273
9.985
-0.56366
-0.55294
-0.55864
-0.55864
-0.54166
-0.54794
-0.53333
-0.53333
-0.53333
-0.5334
-0.63991
-0.53977
-0.5637
-0.40009
-0.83446
-0.44959
0
0
0
0
0
0
0
0
0
0
0
-0.60776
-0.56366
-0.56366
9.7028
-0.6022
-0.59942
-0.59942
-0.57553
-0.58204
-0.56544
-0.56544
-0.56544
-0.57379
-0.68043
-0.56934
-0.60176
0
-0.8875
0
0
0
0
0
0
0
0
0
0
0
0
-0.59225
-0.55294
-0.55294
-0.6022
17.1927
-0.61091
-0.61091
-0.54216
-0.56257
-0.54688
-0.54688
-0.54688
-0.54775
-0.65828
0
0
0
0
0
-0.40529
0
0
0
0
0
0
-9.3139
0
0
0
-0.60152
-0.55864
-0.55864
-0.59942
-0.61091
17.418
-0.58976
-0.55369
-0.56746
-0.55142
-0.55142
-0.55142
-0.55362
-0.66275
-0.56467
0
0
0
0
0
0
0
-9.3427
0
0
0
0
0
0
0
-0.60152
-0.55864
-0.55864
-0.59942
-0.61091
-0.58976
17.418
-0.55369
-0.56746
-0.55142
-0.55142
-0.55142
-0.55362
-0.66275
-0.56467
0
0
0
0
0
0
0
0
0
0
-9.3427
0
0
0
0
-0.58259
-0.54166
-0.54166
-0.57553
-0.54216
-0.55369
-0.55369
6.8119
-0.562
-0.54704
-0.54704
-0.54704
-0.55196
0
0
0
0
0
0
0
-0.1658
0
0
0
0
0
0
0
0
0
-0.59264
-0.54794
-0.54794
-0.58204
-0.56257
-0.56746
-0.56746
-0.562
6.7201
-0.54435
-0.54435
-0.54435
-0.55702
0
0
0
0
0
0
0
0
0
0
0
0
0
0
0
0
0
-0.57688
-0.53333
-0.53333
-0.56544
-0.54688
-0.55142
-0.55142
-0.54704
-0.54435
5.9835
-0.51672
-0.51672
0
0
0
0
0
0
0
0
0
0
0
0
0
0
0
0
0
0
-0.57688
-0.53333
-0.53333
-0.56544
-0.54688
-0.55142
-0.55142
-0.54704
-0.54435
-0.51672
5.9835
-0.51672
0
0
0
0
0
0
0
0
0
0
0
0
0
0
0
0
0
0
-0.57688
-0.53333
-0.53333
-0.56544
-0.54688
-0.55142
-0.55142
-0.54704
-0.54435
-0.51672
-0.51672
5.9835
0
0
0
0
0
0
0
0
0
0
0
0
0
0
0
0
0
0
-0.5721
-0.5334
-0.5334
-0.57379
-0.54775
-0.55362
-0.55362
-0.55196
-0.55702
0
0
0
5.385
0
0
0
0
0
0
-0.40831
0
0
0
0
0
0
0
0
0
0
-0.69741
-0.63991
-0.63991
-0.68043
-0.65828
-0.66275
-0.66275
0
0
0
0
0
0
4.6414
0
0
0
0
0
0
0
0
0
0
0
0
0
0
0
0
-0.58688
-0.53977
-0.53977
-0.56934
0
-0.56467
-0.56467
0
0
0
0
0
0
0
3.3651
0
0
0
0
0
0
0
0
0
0
0
0
0
0
0
-0.57751
-0.5637
-0.5637
-0.60176
0
0
0
0
0
0
0
0
0
0
0
18.0067
0
0
0
0
0
0
0
-7.85
-7.85
0
0
0
0
0
-0.41018
-0.40009
-0.40009
0
0
0
0
0
0
0
0
0
0
0
0
0
2.0437
0
0
0
-0.22763
0
0
0
0
0
0
0
0
-0.60567
-0.94063
-0.83446
-0.83446
-0.8875
0
0
0
0
0
0
0
0
0
0
0
0
0
3.497
0
0
0
0
0
0
0
0
0
0
0
0
-0.49243
-0.44959
-0.44959
0
0
0
0
0
0
0
0
0
0
0
0
0
0
0
1.3916
0
0
0
0
0
0
0
0
0
0
0
0
0
0
0
-0.40529
0
0
0
0
0
0
0
-0.40831
0
0
0
0
0
0
1.2602
0
0
0
0
0
0
0
-0.44656
0
0
0
0
0
0
0
0
0
-0.1658
0
0
0
0
0
0
0
0
-0.22763
0
0
0
0.49793
-0.1045
0
0
0
0
0
0
0
0
0
0
0
0
0
0
0
0
0
0
0
0
0
0
0
0
0
0
0
0
-0.1045
0.1045
0
0
0
0
0
0
0
0
0
0
0
0
0
-9.3427
0
0
0
0
0
0
0
0
0
0
0
0
0
0
0
0
9.3427
0
0
0
0
0
0
0
0
0
0
0
0
0
0
0
0
0
0
0
0
0
0
-7.85
0
0
0
0
0
0
0
7.85
0
0
0
0
0
0
0
0
0
0
0
0
0
0
0
0
0
0
0
0
0
-7.85
0
0
0
0
0
0
0
0
7.85
0
0
0
0
0
0
0
0
0
0
0
-9.3427
0
0
0
0
0
0
0
0
0
0
0
0
0
0
0
0
0
0
9.3427
0
0
0
0
0
0
0
0
-9.3139
0
0
0
0
0
0
0
0
0
0
0
0
0
0
0
0
0
0
0
0
0
9.3139
0
0
0
0
0
0
0
0
0
0
0
0
0
0
0
0
0
0
0
0
0
0
-0.44656
0
0
0
0
0
0
0
0.44656
0
0
-10.5692
0
0
0
0
0
0
0
0
0
0
0
0
0
0
0
0
0
0
0
0
0
0
0
0
0
0
0
10.5692
0
0
0
0
0
0
0
0
0
0
0
0
0
0
0
0
0
-0.60567
0
0
0
0
0
0
0
0
0
0
0
0
0.60567
