21.4508
-0.71822
-0.72479
-0.73212
-0.7217
-0.75403
-0.7393
-0.77796
-0.73927
-0.73927
-0.72075
-0.80501
-0.82433
-0.82433
-0.69895
-0.80181
-0.73793
-0.62279
-0.62279
0
-1.112
0
0
0
0
0
0
0
0
-7.0335
-0.71822
14.133
-0.71221
-0.71713
-0.70903
-0.73694
-0.72513
-0.75908
-0.72497
-0.72497
-0.70929
-0.78459
-0.80229
-0.80229
-0.68805
-0.78466
-0.72652
-0.61888
-0.61888
0
-1.0699
0
0
0
0
0
0
0
0
0
-0.72479
-0.71221
11.9671
-0.725
-0.71595
-0.7453
-0.73285
-0.7693
-0.73213
-0.73213
-0.71885
-0.7974
-0.81474
-0.81474
-0.69324
-0.80113
-0.73731
0
0
0
0
0
0
0
0
0
0
0
0
0
-0.73212
-0.71713
-0.725
16.7942
-0.71874
-0.75218
-0.73568
-0.77697
-0.73515
-0.73515
-0.71644
-0.80552
-0.81916
-0.81916
-0.69512
0
0
0
0
0
0
0
0
0
0
-6.3106
0
0
0
0
-0.7217
-0.70903
-0.71595
-0.71874
9.6687
-0.73864
-0.72757
-0.76197
-0.72676
-0.72676
-0.71099
-0.78985
-0.81036
-0.81036
0
0
0
0
0
0
0
0
0
0
0
0
0
0
0
0
-0.75403
-0.73694
-0.7453
-0.75218
-0.73864
12.0223
-0.76696
-0.77656
-0.73768
-0.73768
0
0
0
0
0
0
0
0
0
0
0
0
0
0
0
0
0
0
-5.2764
0
-0.7393
-0.72513
-0.73285
-0.73568
-0.72757
-0.76696
7.3788
-0.76744
-0.72915
-0.72915
-0.72555
0
0
0
0
0
0
0
0
0
0
0
0
0
0
0
0
0
0
0
-0.77796
-0.75908
-0.7693
-0.77697
-0.76197
-0.77656
-0.76744
9.9696
0
0
0
0
0
0
0
0
0
0
0
0
0
0
0
0
-4.5803
0
0
0
0
0
-0.73927
-0.72497
-0.73213
-0.73515
-0.72676
-0.73768
-0.72915
0
5.8555
-0.73041
0
0
0
0
0
0
0
0
0
0
0
0
0
0
0
0
0
0
0
0
-0.73927
-0.72497
-0.73213
-0.73515
-0.72676
-0.73768
-0.72915
0
-0.73041
5.8555
0
0
0
0
0
0
0
0
0
0
0
0
0
0
0
0
0
0
0
0
-0.72075
-0.70929
-0.71885
-0.71644
-0.71099
0
-0.72555
0
0
0
4.8726
0
0
0
0
0
0
0
0
-0.57078
0
0
0
0
0
0
0
0
0
0
-0.80501
-0.78459
-0.7974
-0.80552
-0.78985
0
0
0
0
0
0
7.2108
0
0
0
0
0
0
0
0
0
0
-3.2285
0
0
0
0
0
0
0
-0.82433
-0.80229
-0.81474
-0.81916
-0.81036
0
0
0
0
0
0
0
4.0709
0
0
0
0
0
0
0
0
0
0
0
0
0
0
0
0
0
-0.82433
-0.80229
-0.81474
-0.81916
-0.81036
0
0
0
0
0
0
0
0
4.0709
0
0
0
0
0
0
0
0
0
0
0
0
0
0
0
0
-0.69895
-0.68805
-0.69324
-0.69512
0
0
0
0
0
0
0
0
0
0
2.7754
0
0
0
0
0
0
0
0
0
0
0
0
0
0
0
-0.80181
-0.78466
-0.80113
0
0
0
0
0
0
0
0
0
0
0
0
3.827
0
0
0
0
0
-1.4394
0
0
0
0
0
0
0
0
-0.73793
-0.72652
-0.73731
0
0
0
0
0
0
0
0
0
0
0
0
0
2.8631
0
0
-0.66131
0
0
0
0
0
0
0
0
0
0
-0.62279
-0.61888
0
0
0
0
0
0
0
0
0
0
0
0
0
0
0
1.8275
0
0
0
0
0
-0.58581
0
0
0
0
0
0
-0.62279
-0.61888
0
0
0
0
0
0
0
0
0
0
0
0
0
0
0
0
1.8275
0
0
0
0
0
0
0
-0.58581
0
0
0
0
0
0
0
0
0
0
0
0
0
-0.57078
0
0
0
0
0
-0.66131
0
0
1.7843
0
0
0
0
0
0
0
-0.55225
0
0
-1.112
-1.0699
0
0
0
0
0
0
0
0
0
0
0
0
0
0
0
0
0
0
2.1819
0
0
0
0
0
0
0
0
0
0
0
0
0
0
0
0
0
0
0
0
0
0
0
0
-1.4394
0
0
0
0
0
1.4394
0
0
0
0
0
0
0
0
0
0
0
0
0
0
0
0
0
0
0
-3.2285
0
0
0
0
0
0
0
0
0
0
3.2285
0
0
0
0
0
0
0
0
0
0
0
0
0
0
0
0
0
0
0
0
0
0
0
0
-0.58581
0
0
0
0
0
0.58581
0
0
0
0
0
0
0
0
0
0
0
0
0
-4.5803
0
0
0
0
0
0
0
0
0
0
0
0
0
0
0
0
4.5803
0
0
0
0
0
0
0
0
-6.3106
0
0
0
0
0
0
0
0
0
0
0
0
0
0
0
0
0
0
0
0
0
6.3106
0
0
0
0
0
0
0
0
0
0
0
0
0
0
0
0
0
0
0
0
0
0
-0.58581
0
0
0
0
0
0
0
0.58581
0
0
0
0
0
0
0
0
0
0
0
0
0
0
0
0
0
0
0
0
0
0
-0.55225
0
0
0
0
0
0
0
0.55225
0
0
0
0
0
0
0
-5.2764
0
0
0
0
0
0
0
0
0
0
0
0
0
0
0
0
0
0
0
0
0
0
5.2764
0
-7.0335
0
0
0
0
0
0
0
0
0
0
0
0
0
0
0
0
0
0
0
0
0
0
0
0
0
0
0
0
7.0335
