37.1857
-0.78519
-0.78519
-0.75951
-0.7681
-0.7681
-0.7681
-0.68378
-0.68378
-0.68378
-0.68378
-0.65691
-0.77675
-0.71678
-0.74423
-0.75261
-0.71501
-0.7079
-0.68715
0
0
0
0
-12.0295
-12.0295
0
0
0
0
0
-0.78519
13.2709
-0.78209
-0.74779
-0.75466
-0.75466
-0.75466
-0.67024
-0.67024
-0.67024
-0.67024
-0.6439
-0.76592
-0.73737
-0.7304
-0.73605
-0.69908
-0.70161
-0.70308
-0.29346
0
0
0
0
0
0
0
0
0
0
-0.78519
-0.78209
13.2709
-0.74779
-0.75466
-0.75466
-0.75466
-0.67024
-0.67024
-0.67024
-0.67024
-0.6439
-0.76592
-0.73737
-0.7304
-0.73605
-0.69908
-0.70161
-0.70308
-0.29346
0
0
0
0
0
0
0
0
0
0
-0.75951
-0.74779
-0.74779
12.0807
-0.73353
-0.73353
-0.73353
-0.64207
-0.64207
-0.64207
-0.64207
-0.61795
-0.73401
-0.71025
-0.71416
-0.70503
-0.66994
-0.67402
0
0
-0.23142
0
0
0
0
0
0
0
0
0
-0.7681
-0.75466
-0.75466
-0.73353
12.5911
-0.71649
-0.71649
-0.64658
-0.64658
-0.64658
-0.64658
-0.62251
-0.74512
-0.72224
-0.71296
-0.71238
-0.67667
-0.68346
-0.6855
0
0
0
0
0
0
0
0
0
0
0
-0.7681
-0.75466
-0.75466
-0.73353
-0.71649
12.5911
-0.71649
-0.64658
-0.64658
-0.64658
-0.64658
-0.62251
-0.74512
-0.72224
-0.71296
-0.71238
-0.67667
-0.68346
-0.6855
0
0
0
0
0
0
0
0
0
0
0
-0.7681
-0.75466
-0.75466
-0.73353
-0.71649
-0.71649
12.5911
-0.64658
-0.64658
-0.64658
-0.64658
-0.62251
-0.74512
-0.72224
-0.71296
-0.71238
-0.67667
-0.68346
-0.6855
0
0
0
0
0
0
0
0
0
0
0
-0.68378
-0.67024
-0.67024
-0.64207
-0.64658
-0.64658
-0.64658
10.5874
-0.56141
-0.56141
-0.56141
-0.55042
-0.65433
-0.63656
-0.62696
-0.62804
-0.59728
-0.60356
0
0
0
0
0
0
0
0
0
0
0
0
-0.68378
-0.67024
-0.67024
-0.64207
-0.64658
-0.64658
-0.64658
-0.56141
10.5874
-0.56141
-0.56141
-0.55042
-0.65433
-0.63656
-0.62696
-0.62804
-0.59728
-0.60356
0
0
0
0
0
0
0
0
0
0
0
0
-0.68378
-0.67024
-0.67024
-0.64207
-0.64658
-0.64658
-0.64658
-0.56141
-0.56141
10.5874
-0.56141
-0.55042
-0.65433
-0.63656
-0.62696
-0.62804
-0.59728
-0.60356
0
0
0
0
0
0
0
0
0
0
0
0
-0.68378
-0.67024
-0.67024
-0.64207
-0.64658
-0.64658
-0.64658
-0.56141
-0.56141
-0.56141
10.5874
-0.55042
-0.65433
-0.63656
-0.62696
-0.62804
-0.59728
-0.60356
0
0
0
0
0
0
0
0
0
0
0
0
-0.65691
-0.6439
-0.6439
-0.61795
-0.62251
-0.62251
-0.62251
-0.55042
-0.55042
-0.55042
-0.55042
9.5807
-0.60977
-0.58912
-0.58496
-0.59444
-0.5705
0
0
0
0
0
0
0
0
0
0
0
0
0
-0.77675
-0.76592
-0.76592
-0.73401
-0.74512
-0.74512
-0.74512
-0.65433
-0.65433
-0.65433
-0.65433
-0.60977
16.8959
0
0
-0.73788
0
0
0
0
0
0
0
0
0
0
0
0
-7.653
0
-0.71678
-0.73737
-0.73737
-0.71025
-0.72224
-0.72224
-0.72224
-0.63656
-0.63656
-0.63656
-0.63656
-0.58912
0
28.1949
0
0
0
0
0
0
0
0
0
0
0
0
-9.9955
0
0
-9.9955
-0.74423
-0.7304
-0.7304
-0.71416
-0.71296
-0.71296
-0.71296
-0.62696
-0.62696
-0.62696
-0.62696
-0.58496
0
0
8.3942
0
0
0
0
0
-0.2433
0
0
0
0
0
0
0
0
0
-0.75261
-0.73605
-0.73605
-0.70503
-0.71238
-0.71238
-0.71238
-0.62804
-0.62804
-0.62804
-0.62804
-0.59444
-0.73788
0
0
8.9113
0
0
0
0
0
0
0
0
0
0
0
0
0
0
-0.71501
-0.69908
-0.69908
-0.66994
-0.67667
-0.67667
-0.67667
-0.59728
-0.59728
-0.59728
-0.59728
-0.5705
0
0
0
0
7.7728
0
0
0
0
0
0
0
0
0
0
0
0
0
-0.7079
-0.70161
-0.70161
-0.67402
-0.68346
-0.68346
-0.68346
-0.60356
-0.60356
-0.60356
-0.60356
0
0
0
0
0
0
13.5244
0
0
0
0
0
0
0
0
0
-6.2746
0
0
-0.68715
-0.70308
-0.70308
0
-0.6855
-0.6855
-0.6855
0
0
0
0
0
0
0
0
0
0
0
4.6986
0
0
0
0
0
0
-0.54877
0
0
0
0
0
-0.29346
-0.29346
0
0
0
0
0
0
0
0
0
0
0
0
0
0
0
0
0.73643
0
0
-0.14951
0
0
0
0
0
0
0
0
0
0
-0.23142
0
0
0
0
0
0
0
0
0
0
-0.2433
0
0
0
0
0
0.57921
-0.1045
0
0
0
0
0
0
0
0
0
0
0
0
0
0
0
0
0
0
0
0
0
0
0
0
0
0
0
0
-0.1045
0.1045
0
0
0
0
0
0
0
0
0
0
0
0
0
0
0
0
0
0
0
0
0
0
0
0
0
0
0
-0.14951
0
0
0.14951
0
0
0
0
0
0
0
-12.0295
0
0
0
0
0
0
0
0
0
0
0
0
0
0
0
0
0
0
0
0
0
0
12.0295
0
0
0
0
0
0
-12.0295
0
0
0
0
0
0
0
0
0
0
0
0
0
0
0
0
0
0
0
0
0
0
0
12.0295
0
0
0
0
0
0
0
0
0
0
0
0
0
0
0
0
0
0
0
0
0
0
0
-0.54877
0
0
0
0
0
0
0.54877
0
0
0
0
0
0
0
0
0
0
0
0
0
0
0
0
0
-9.9955
0
0
0
0
0
0
0
0
0
0
0
0
9.9955
0
0
0
0
0
0
0
0
0
0
0
0
0
0
0
0
0
0
0
0
-6.2746
0
0
0
0
0
0
0
0
0
6.2746
0
0
0
0
0
0
0
0
0
0
0
0
0
0
-7.653
0
0
0
0
0
0
0
0
0
0
0
0
0
0
0
7.653
0
0
0
0
0
0
0
0
0
0
0
0
0
0
-9.9955
0
0
0
0
0
0
0
0
0
0
0
0
0
0
0
9.9955
