18.9246
-0.61517
-0.61517
-0.61517
-0.56911
-0.57902
-0.58904
-0.61162
-0.60142
-0.59912
-0.56488
-0.56488
-0.56488
-0.58623
-0.57669
-0.551
-0.63762
-0.60333
-0.19973
0
0
0
0
0
0
0
0
0
-8.6805
0
-0.61517
17.7838
-0.60319
-0.60319
-0.55754
-0.56445
-0.57457
-0.59786
-0.58688
-0.57592
-0.55128
-0.55128
-0.55128
-0.5739
-0.56263
-0.5407
-0.62091
-0.5877
0
0
0
0
0
0
0
-7.9654
0
0
0
0
-0.61517
-0.60319
17.7838
-0.60319
-0.55754
-0.56445
-0.57457
-0.59786
-0.58688
-0.57592
-0.55128
-0.55128
-0.55128
-0.5739
-0.56263
-0.5407
-0.62091
-0.5877
0
0
0
0
0
-7.9654
0
0
0
0
0
0
-0.61517
-0.60319
-0.60319
17.7838
-0.55754
-0.56445
-0.57457
-0.59786
-0.58688
-0.57592
-0.55128
-0.55128
-0.55128
-0.5739
-0.56263
-0.5407
-0.62091
-0.5877
0
0
0
0
0
0
0
0
-7.9654
0
0
0
-0.56911
-0.55754
-0.55754
-0.55754
27.5409
-0.53481
-0.53711
-0.54738
-0.54861
-0.52536
-0.51672
-0.51672
-0.51672
-0.52504
-0.52744
-0.49214
0
0
0
0
-9.7556
0
0
0
0
0
0
0
0
-9.7556
-0.57902
-0.56445
-0.56445
-0.56445
-0.53481
9.2864
-0.54252
-0.56193
-0.55392
-0.54324
-0.52068
-0.52068
-0.52068
-0.54043
-0.52999
-0.51434
-0.58062
-0.55015
0
0
0
0
0
0
0
0
0
0
0
0
-0.58904
-0.57457
-0.57457
-0.57457
-0.53711
-0.54252
8.885
-0.57375
-0.5658
-0.55423
-0.53038
-0.53038
-0.53038
-0.55067
-0.54012
-0.52378
-0.59306
0
0
0
0
0
0
0
0
0
0
0
0
0
-0.61162
-0.59786
-0.59786
-0.59786
-0.54738
-0.56193
-0.57375
13.6922
-0.58489
-0.58466
-0.54805
-0.54805
-0.54805
-0.57858
-0.56415
0
0
0
0
0
0
0
0
0
0
0
0
-5.6475
0
0
-0.60142
-0.58688
-0.58688
-0.58688
-0.54861
-0.55392
-0.5658
-0.58489
8.4565
-0.57248
-0.53862
-0.53862
-0.53862
-0.56529
-0.55318
-0.53434
0
0
0
0
0
0
0
0
0
0
0
0
0
0
-0.59912
-0.57592
-0.57592
-0.57592
-0.52536
-0.54324
-0.55423
-0.58466
-0.57248
11.4989
-0.53452
-0.53452
-0.53452
0
0
0
0
0
-0.2013
0
0
-4.5872
0
0
0
0
0
0
0
0
-0.56488
-0.55128
-0.55128
-0.55128
-0.51672
-0.52068
-0.53038
-0.54805
-0.53862
-0.53452
7.4355
-0.49058
-0.49058
-0.52911
-0.5175
0
0
0
0
0
0
0
0
0
0
0
0
0
0
0
-0.56488
-0.55128
-0.55128
-0.55128
-0.51672
-0.52068
-0.53038
-0.54805
-0.53862
-0.53452
-0.49058
7.4355
-0.49058
-0.52911
-0.5175
0
0
0
0
0
0
0
0
0
0
0
0
0
0
0
-0.56488
-0.55128
-0.55128
-0.55128
-0.51672
-0.52068
-0.53038
-0.54805
-0.53862
-0.53452
-0.49058
-0.49058
7.4355
-0.52911
-0.5175
0
0
0
0
0
0
0
0
0
0
0
0
0
0
0
-0.58623
-0.5739
-0.5739
-0.5739
-0.52504
-0.54043
-0.55067
-0.57858
-0.56529
0
-0.52911
-0.52911
-0.52911
10.1039
0
0
0
0
0
-3.4486
0
0
0
0
0
0
0
0
0
0
-0.57669
-0.56263
-0.56263
-0.56263
-0.52744
-0.52999
-0.54012
-0.56415
-0.55318
0
-0.5175
-0.5175
-0.5175
0
6.5319
0
0
0
0
0
0
0
0
0
0
0
0
0
0
0
-0.551
-0.5407
-0.5407
-0.5407
-0.49214
-0.51434
-0.52378
0
-0.53434
0
0
0
0
0
0
4.3439
0
0
0
0
0
0
0
0
-0.10623
0
0
0
0
0
-0.63762
-0.62091
-0.62091
-0.62091
0
-0.58062
-0.59306
0
0
0
0
0
0
0
0
0
3.674
0
0
0
0
0
0
0
0
0
0
0
0
0
-0.60333
-0.5877
-0.5877
-0.5877
0
-0.55015
0
0
0
0
0
0
0
0
0
0
0
2.9166
0
0
0
0
0
0
0
0
0
0
0
0
-0.19973
0
0
0
0
0
0
0
0
-0.2013
0
0
0
0
0
0
0
0
0.50553
0
0
0
-0.1045
0
0
0
0
0
0
0
0
0
0
0
0
0
0
0
0
0
0
0
0
-3.4486
0
0
0
0
0
3.4486
0
0
0
0
0
0
0
0
0
0
0
0
0
0
-9.7556
0
0
0
0
0
0
0
0
0
0
0
0
0
0
0
9.7556
0
0
0
0
0
0
0
0
0
0
0
0
0
0
0
0
0
0
-4.5872
0
0
0
0
0
0
0
0
0
0
0
4.5872
0
0
0
0
0
0
0
0
0
0
0
0
0
0
0
0
0
0
0
0
0
0
0
0
0
0
-0.1045
0
0
0
0.1045
0
0
0
0
0
0
0
0
0
-7.9654
0
0
0
0
0
0
0
0
0
0
0
0
0
0
0
0
0
0
0
0
7.9654
0
0
0
0
0
0
0
0
0
0
0
0
0
0
0
0
0
0
0
0
0
-0.10623
0
0
0
0
0
0
0
0
0.10623
0
0
0
0
0
0
-7.9654
0
0
0
0
0
0
0
0
0
0
0
0
0
0
0
0
0
0
0
0
0
0
0
7.9654
0
0
0
0
0
0
0
-7.9654
0
0
0
0
0
0
0
0
0
0
0
0
0
0
0
0
0
0
0
0
0
0
7.9654
0
0
0
0
0
0
0
0
0
0
-5.6475
0
0
0
0
0
0
0
0
0
0
0
0
0
0
0
0
0
0
0
5.6475
0
0
-8.6805
0
0
0
0
0
0
0
0
0
0
0
0
0
0
0
0
0
0
0
0
0
0
0
0
0
0
0
8.6805
0
0
0
0
0
-9.7556
0
0
0
0
0
0
0
0
0
0
0
0
0
0
0
0
0
0
0
0
0
0
0
0
9.7556
