26.2418
-0.74756
-0.69422
-0.69098
-0.69422
-0.78724
-0.80857
-0.78724
-0.78724
-0.67266
-0.67266
-0.69887
-0.67266
-0.63047
-0.63047
-0.72694
-0.68905
-0.69035
-0.77537
0
-0.44268
-0.37881
0
0
0
0
0
-12.5635
0
0
-0.74756
25.6145
-0.70482
-0.70161
-0.70482
-0.79876
-0.81447
-0.79876
-0.79876
-0.68045
-0.68045
-0.70441
-0.68045
-0.63777
-0.63777
-0.73197
-0.72214
-0.69145
-0.78525
-0.24612
0
0
0
0
-12.3468
0
0
0
0
0
-0.69422
-0.70482
12.2283
-0.64724
-0.62951
-0.71919
-0.74148
-0.71919
-0.71919
-0.61371
-0.61371
-0.6432
-0.61371
-0.57442
-0.57442
-0.67137
-0.63937
-0.66037
-0.69714
0
0
-0.35209
0
0
0
0
0
0
0
0
-0.69098
-0.70161
-0.64724
12.3336
-0.64724
-0.72176
-0.73595
-0.72176
-0.72176
-0.61574
-0.61574
-0.63865
-0.61574
-0.57673
-0.57673
-0.66551
-0.64102
-0.64897
-0.70573
0
-0.44475
0
0
0
0
0
0
0
0
0
-0.69422
-0.70482
-0.62951
-0.64724
12.2283
-0.71919
-0.74148
-0.71919
-0.71919
-0.61371
-0.61371
-0.6432
-0.61371
-0.57442
-0.57442
-0.67137
-0.63937
-0.66037
-0.69714
0
0
-0.35209
0
0
0
0
0
0
0
0
-0.78724
-0.79876
-0.71919
-0.72176
-0.71919
11.9937
-0.90231
-0.80277
-0.80277
-0.7034
-0.7034
-0.76437
-0.7034
-0.66183
-0.66183
-0.78563
-0.75586
0
0
0
0
0
0
0
0
0
0
0
0
0
-0.80857
-0.81447
-0.74148
-0.73595
-0.74148
-0.90231
22.3867
-0.90231
-0.90231
-0.72161
-0.72161
-0.77204
-0.72161
-0.67631
-0.67631
-0.79132
0
0
0
0
0
0
0
0
0
-10.757
0
0
0
0
-0.78724
-0.79876
-0.71919
-0.72176
-0.71919
-0.80277
-0.90231
11.9937
-0.80277
-0.7034
-0.7034
-0.76437
-0.7034
-0.66183
-0.66183
-0.78563
-0.75586
0
0
0
0
0
0
0
0
0
0
0
0
0
-0.78724
-0.79876
-0.71919
-0.72176
-0.71919
-0.80277
-0.90231
-0.80277
11.9937
-0.7034
-0.7034
-0.76437
-0.7034
-0.66183
-0.66183
-0.78563
-0.75586
0
0
0
0
0
0
0
0
0
0
0
0
0
-0.67266
-0.68045
-0.61371
-0.61574
-0.61371
-0.7034
-0.72161
-0.7034
-0.7034
9.5346
-0.57237
-0.63495
-0.57237
-0.54331
-0.54331
-0.64022
0
0
0
0
0
0
0
0
0
0
0
0
0
0
-0.67266
-0.68045
-0.61371
-0.61574
-0.61371
-0.7034
-0.72161
-0.7034
-0.7034
-0.57237
9.5346
-0.63495
-0.57237
-0.54331
-0.54331
-0.64022
0
0
0
0
0
0
0
0
0
0
0
0
0
0
-0.69887
-0.70441
-0.6432
-0.63865
-0.6432
-0.76437
-0.77204
-0.76437
-0.76437
-0.63495
-0.63495
19.2565
-0.63495
-0.52435
-0.52435
0
0
0
0
0
0
0
0
0
0
0
0
0
-9.9095
0
-0.67266
-0.68045
-0.61371
-0.61574
-0.61371
-0.7034
-0.72161
-0.7034
-0.7034
-0.57237
-0.57237
-0.63495
9.5346
-0.54331
-0.54331
-0.64022
0
0
0
0
0
0
0
0
0
0
0
0
0
0
-0.63047
-0.63777
-0.57442
-0.57673
-0.57442
-0.66183
-0.67631
-0.66183
-0.66183
-0.54331
-0.54331
-0.52435
-0.54331
8.2872
-0.47732
0
0
0
0
0
0
0
0
0
0
0
0
0
0
0
-0.63047
-0.63777
-0.57442
-0.57673
-0.57442
-0.66183
-0.67631
-0.66183
-0.66183
-0.54331
-0.54331
-0.52435
-0.54331
-0.47732
8.2872
0
0
0
0
0
0
0
0
0
0
0
0
0
0
0
-0.72694
-0.73197
-0.67137
-0.66551
-0.67137
-0.78563
-0.79132
-0.78563
-0.78563
-0.64022
-0.64022
0
-0.64022
0
0
17.3061
0
0
0
0
0
0
0
0
0
0
0
0
0
-8.7701
-0.68905
-0.72214
-0.63937
-0.64102
-0.63937
-0.75586
0
-0.75586
-0.75586
0
0
0
0
0
0
0
5.8779
0
0
-0.27937
0
0
0
0
0
0
0
0
0
0
-0.69035
-0.69145
-0.66037
-0.64897
-0.66037
0
0
0
0
0
0
0
0
0
0
0
0
3.63
0
0
0
0
0
-0.27853
0
0
0
0
0
0
-0.77537
-0.78525
-0.69714
-0.70573
-0.69714
0
0
0
0
0
0
0
0
0
0
0
0
0
3.6606
0
0
0
0
0
0
0
0
0
0
0
0
-0.24612
0
0
0
0
0
0
0
0
0
0
0
0
0
0
-0.27937
0
0
0.62999
0
0
-0.1045
0
0
0
0
0
0
0
-0.44268
0
0
-0.44475
0
0
0
0
0
0
0
0
0
0
0
0
0
0
0
0
1.2604
0
0
0
0
0
-0.37293
0
0
0
-0.37881
0
-0.35209
0
-0.35209
0
0
0
0
0
0
0
0
0
0
0
0
0
0
0
0
1.083
0
0
0
0
0
0
0
0
0
0
0
0
0
0
0
0
0
0
0
0
0
0
0
0
0
0
0
-0.1045
0
0
0.1045
0
0
0
0
0
0
0
0
0
0
0
0
0
0
0
0
0
0
0
0
0
0
0
0
-0.27853
0
0
0
0
0
0.27853
0
0
0
0
0
0
0
-12.3468
0
0
0
0
0
0
0
0
0
0
0
0
0
0
0
0
0
0
0
0
0
0
12.3468
0
0
0
0
0
0
0
0
0
0
0
-10.757
0
0
0
0
0
0
0
0
0
0
0
0
0
0
0
0
0
0
10.757
0
0
0
0
0
0
0
0
0
0
0
0
0
0
0
0
0
0
0
0
0
0
0
0
-0.37293
0
0
0
0
0
0.37293
0
0
0
-12.5635
0
0
0
0
0
0
0
0
0
0
0
0
0
0
0
0
0
0
0
0
0
0
0
0
0
0
12.5635
0
0
0
0
0
0
0
0
0
0
0
0
0
-9.9095
0
0
0
0
0
0
0
0
0
0
0
0
0
0
0
0
9.9095
0
0
0
0
0
0
0
0
0
0
0
0
0
0
0
0
-8.7701
0
0
0
0
0
0
0
0
0
0
0
0
0
8.7701
