18.7708
-0.1264
-0.20573
-0.20376
-0.27558
-0.41354
-0.57141
-0.25071
-0.23262
-0.75385
-0.69596
-0.13399
-0.75521
-0.63089
-0.63519
-0.70104
-0.69111
-0.60809
-0.65901
-1.187
-0.12332
-3.0842
-1.3986
0
-4.4336
0
0
0
0
0
-0.1264
20.0664
-0.46861
-0.46592
-0.70093
-0.91892
-0.53549
-0.72702
-0.74109
-0.70111
-0.73113
-0.47003
-0.69149
-0.76776
-0.78704
-0.7243
-0.73868
-0.81463
-0.76513
-0.35881
-1.397
0
-0.97467
0
-5.4603
0
0
0
0
0
-0.20573
-0.46861
17.6427
-0.97307
-0.76133
-0.62548
-0.71429
-0.97527
-1.0539
-0.59774
-0.59984
-0.69712
-0.60607
-0.57894
-0.58607
-0.64064
-0.58573
-0.5789
-0.62759
-0.54933
-1.4108
0
-3.8062
0
0
0
0
0
0
0
-0.20376
-0.46592
-0.97307
17.6646
-0.77998
-0.64793
-0.71267
-1.0248
-0.9586
-0.58149
-0.61116
-0.69672
-0.61691
-0.58639
-0.58637
-0.64295
-0.58287
-0.5807
-0.63073
-0.56692
-1.4133
0
-3.8013
0
0
0
0
0
0
0
-0.27558
-0.70093
-0.76133
-0.77998
13.2809
-0.59566
-0.43879
-0.23058
-0.23818
-0.77103
-0.88876
-0.9204
-0.61539
-0.81297
-0.5139
-0.37848
-0.4924
-0.4894
-0.52703
-0.65701
-2.1931
0
0
0
0
0
0
0
0
0
-0.41354
-0.91892
-0.62548
-0.64793
-0.59566
19.6697
-0.8622
-0.61446
-0.58092
-0.65205
-0.63573
-1.3069
-0.66216
-0.6308
-0.62298
-0.64111
-0.64155
-0.61513
-0.63008
-0.57749
0
0
0
0
0
0
-6.7946
0
0
0
-0.57141
-0.53549
-0.71429
-0.71267
-0.43879
-0.8622
19.8169
-0.52351
-0.52845
-0.69177
-0.64661
-0.12319
-0.68205
-0.68937
-0.70211
-0.68396
-0.68017
-0.74019
-0.69221
0
0
-3.5647
0
-5.0337
0
0
0
0
0
0
-0.25071
-0.72702
-0.97527
-1.0248
-0.23058
-0.61446
-0.52351
15.6411
-1.3815
-0.74353
-0.6155
-0.84024
-0.74714
-0.5178
-0.72877
-0.70096
-0.80125
-0.62825
-0.60513
-0.72498
-2.2597
0
0
0
0
0
0
0
0
0
-0.23262
-0.74109
-1.0539
-0.9586
-0.23818
-0.58092
-0.52845
-1.3815
15.7229
-0.70383
-0.69929
-0.83914
-0.76174
-0.53633
-0.67389
-0.7007
-0.81252
-0.62373
-0.5959
-0.81426
-2.2463
0
0
0
0
0
0
0
0
0
-0.75385
-0.70111
-0.59774
-0.58149
-0.77103
-0.65205
-0.69177
-0.74353
-0.70383
14.8286
-1.1045
-0.98063
-1.4689
-0.42308
-0.3508
-0.80075
-0.7067
-0.27871
-0.97746
-1.5407
0
0
0
0
0
0
0
0
0
0
-0.69596
-0.73113
-0.59984
-0.61116
-0.88876
-0.63573
-0.64661
-0.6155
-0.69929
-1.1045
12.8964
-0.9617
-1.1118
-0.33853
-0.35612
-0.5653
-0.56208
-0.27878
-0.55132
-0.94227
0
0
0
0
0
0
0
0
0
0
-0.13399
-0.47003
-0.69712
-0.69672
-0.9204
-1.3069
-0.12319
-0.84024
-0.83914
-0.98063
-0.9617
18.9464
-1.0067
-0.78649
-0.77439
-0.82625
-0.83904
-0.72785
-0.81303
0
0
0
0
-5.2026
0
0
0
0
0
0
-0.75521
-0.69149
-0.60607
-0.61691
-0.61539
-0.66216
-0.68205
-0.74714
-0.76174
-1.4689
-1.1118
-1.0067
14.863
-0.44126
-0.36762
-0.93581
-0.69774
-0.26388
-0.87885
-1.5524
0
0
0
0
0
0
0
0
0
0
-0.63089
-0.76776
-0.57894
-0.58639
-0.81297
-0.6308
-0.68937
-0.5178
-0.53633
-0.42308
-0.33853
-0.78649
-0.44126
10.1094
-0.31668
-0.47612
-0.59178
-0.39543
-0.58873
0
0
0
0
0
0
0
0
0
0
0
-0.63519
-0.78704
-0.58607
-0.58637
-0.5139
-0.62298
-0.70211
-0.72877
-0.67389
-0.3508
-0.35612
-0.77439
-0.36762
-0.31668
10.4089
-0.79011
-0.55332
-1.0636
0
0
0
0
0
0
0
0
0
0
0
0
-0.70104
-0.7243
-0.64064
-0.64295
-0.37848
-0.64111
-0.68396
-0.70096
-0.7007
-0.80075
-0.5653
-0.82625
-0.93581
-0.47612
-0.79011
11.5927
-0.77564
-0.60856
0
0
0
0
0
0
0
0
0
0
0
0
-0.69111
-0.73868
-0.58573
-0.58287
-0.4924
-0.64155
-0.68017
-0.80125
-0.81252
-0.7067
-0.56208
-0.83904
-0.69774
-0.59178
-0.55332
-0.77564
10.7526
0
0
0
0
0
0
0
0
0
0
0
0
0
-0.60809
-0.81463
-0.5789
-0.5807
-0.4894
-0.61513
-0.74019
-0.62825
-0.62373
-0.27871
-0.27878
-0.72785
-0.26388
-0.39543
-1.0636
-0.60856
0
9.2958
0
0
0
0
0
0
0
0
0
0
0
0
-0.65901
-0.76513
-0.62759
-0.63073
-0.52703
-0.63008
-0.69221
-0.60513
-0.5959
-0.97746
-0.55132
-0.81303
-0.87885
-0.58873
0
0
0
0
9.5422
0
0
0
0
0
0
0
0
0
0
0
-1.187
-0.35881
-0.54933
-0.56692
-0.65701
-0.57749
0
-0.72498
-0.81426
-1.5407
-0.94227
0
-1.5524
0
0
0
0
0
0
9.4711
0
0
0
0
0
0
0
0
0
0
-0.12332
-1.397
-1.4108
-1.4133
-2.1931
0
0
-2.2597
-2.2463
0
0
0
0
0
0
0
0
0
0
0
16.6247
0
0
0
0
-5.5813
0
0
0
0
-3.0842
0
0
0
0
0
-3.5647
0
0
0
0
0
0
0
0
0
0
0
0
0
0
20.5812
0
0
0
-3.6955
0
-5.1184
0
-5.1184
-1.3986
-0.97467
-3.8062
-3.8013
0
0
0
0
0
0
0
0
0
0
0
0
0
0
0
0
0
0
9.9808
0
0
0
0
0
0
0
0
0
0
0
0
0
-5.0337
0
0
0
0
-5.2026
0
0
0
0
0
0
0
0
0
0
0
17.9322
0
0
0
0
-7.6959
0
-4.4336
-5.4603
0
0
0
0
0
0
0
0
0
0
0
0
0
0
0
0
0
0
0
0
0
0
9.8939
0
0
0
0
0
0
0
0
0
0
0
0
0
0
0
0
0
0
0
0
0
0
0
0
0
-5.5813
-3.6955
0
0
0
9.2768
0
0
0
0
0
0
0
0
0
-6.7946
0
0
0
0
0
0
0
0
0
0
0
0
0
0
0
0
0
0
0
0
6.7946
0
0
0
0
0
0
0
0
0
0
0
0
0
0
0
0
0
0
0
0
0
0
0
0
-5.1184
0
0
0
0
0
5.1184
0
0
0
0
0
0
0
0
0
0
0
0
0
0
0
0
0
0
0
0
0
0
0
0
0
-7.6959
0
0
0
0
7.6959
0
0
0
0
0
0
0
0
0
0
0
0
0
0
0
0
0
0
0
0
0
0
-5.1184
0
0
0
0
0
0
0
5.1184
