53.816
-0.61341
-0.61341
-0.61486
-0.61486
-0.56862
-0.64329
-0.60678
-0.67843
-0.5582
-0.63604
-0.6542
-0.56495
-0.76087
-0.63092
-0.63092
-0.63092
0
0
0
0
0
0
-10.9488
0
-10.9488
0
0
-10.9488
-10.9488
-0.61341
11.9576
-0.51987
-0.52942
-0.52942
-0.4964
-0.55516
-0.52546
-0.58505
-0.59684
-0.56324
-0.54974
-0.63783
-0.63404
-0.52511
-0.52511
-0.52511
-0.84598
-0.29754
0
0
-1.9029
0
0
0
0
0
0
0
0
-0.61341
-0.51987
11.9576
-0.52942
-0.52942
-0.4964
-0.55516
-0.52546
-0.58505
-0.59684
-0.56324
-0.54974
-0.63783
-0.63404
-0.52511
-0.52511
-0.52511
-0.84598
-0.29754
0
0
-1.9029
0
0
0
0
0
0
0
0
-0.61486
-0.52942
-0.52942
9.8649
-0.53131
-0.50112
-0.56299
-0.53281
-0.6013
-0.60427
-0.57709
-0.55583
-0.64635
-0.64059
-0.53016
-0.53016
-0.53016
-0.84703
0
0
0
0
0
0
0
0
0
0
0
0
-0.61486
-0.52942
-0.52942
-0.53131
9.8649
-0.50112
-0.56299
-0.53281
-0.6013
-0.60427
-0.57709
-0.55583
-0.64635
-0.64059
-0.53016
-0.53016
-0.53016
-0.84703
0
0
0
0
0
0
0
0
0
0
0
0
-0.56862
-0.4964
-0.4964
-0.50112
-0.50112
8.382
-0.52046
-0.49227
-0.55374
-0.55319
-0.5321
-0.51329
-0.59093
-0.59118
-0.49039
-0.49039
-0.49039
0
0
0
0
0
0
0
0
0
0
0
0
0
-0.64329
-0.55516
-0.55516
-0.56299
-0.56299
-0.52046
6.9969
-0.53295
-0.62135
-0.62585
-0.59899
-0.55708
0
-0.6606
0
0
0
0
0
0
0
0
0
0
0
0
0
0
0
0
-0.60678
-0.52546
-0.52546
-0.53281
-0.53281
-0.49227
-0.53295
5.9216
-0.56317
-0.56658
-0.54343
-0.49989
0
0
0
0
0
0
0
0
0
0
0
0
0
0
0
0
0
0
-0.67843
-0.58505
-0.58505
-0.6013
-0.6013
-0.55374
-0.62135
-0.56317
5.7045
0
0
0
0
0
0
0
0
0
0
-0.91511
0
0
0
0
0
0
0
0
0
0
-0.5582
-0.59684
-0.59684
-0.60427
-0.60427
-0.55319
-0.62585
-0.56658
0
8.5636
0
0
0
0
0
0
0
0
0
0
0
0
0
0
0
0
0
-3.8576
0
0
-0.63604
-0.56324
-0.56324
-0.57709
-0.57709
-0.5321
-0.59899
-0.54343
0
0
4.7221
0
0
0
0
0
0
0
0
0
-0.13086
0
0
0
0
0
0
0
0
0
-0.6542
-0.54974
-0.54974
-0.55583
-0.55583
-0.51329
-0.55708
-0.49989
0
0
0
4.4356
0
0
0
0
0
0
0
0
0
0
0
0
0
0
0
0
0
0
-0.56495
-0.63783
-0.63783
-0.64635
-0.64635
-0.59093
0
0
0
0
0
0
5.2056
0
0
0
0
0
0
0
0
0
0
0
0
0
-1.4813
0
0
0
-0.76087
-0.63404
-0.63404
-0.64059
-0.64059
-0.59118
-0.6606
0
0
0
0
0
0
4.5619
0
0
0
0
0
0
0
0
0
0
0
0
0
0
0
0
-0.63092
-0.52511
-0.52511
-0.53016
-0.53016
-0.49039
0
0
0
0
0
0
0
0
3.2318
0
0
0
0
0
0
0
0
0
0
0
0
0
0
0
-0.63092
-0.52511
-0.52511
-0.53016
-0.53016
-0.49039
0
0
0
0
0
0
0
0
0
3.2318
0
0
0
0
0
0
0
0
0
0
0
0
0
0
-0.63092
-0.52511
-0.52511
-0.53016
-0.53016
-0.49039
0
0
0
0
0
0
0
0
0
0
3.2318
0
0
0
0
0
0
0
0
0
0
0
0
0
0
-0.84598
-0.84598
-0.84703
-0.84703
0
0
0
0
0
0
0
0
0
0
0
0
3.386
0
0
0
0
0
0
0
0
0
0
0
0
0
-0.29754
-0.29754
0
0
0
0
0
0
0
0
0
0
0
0
0
0
0
1.3522
-0.65265
0
0
-0.1045
0
0
0
0
0
0
0
0
0
0
0
0
0
0
0
-0.91511
0
0
0
0
0
0
0
0
0
-0.65265
1.8096
-0.24188
0
0
0
0
0
0
0
0
0
0
0
0
0
0
0
0
0
0
0
-0.13086
0
0
0
0
0
0
0
0
-0.24188
0.56509
0
0
0
-0.19236
0
0
0
0
0
0
-1.9029
-1.9029
0
0
0
0
0
0
0
0
0
0
0
0
0
0
0
0
0
0
3.8057
0
0
0
0
0
0
0
0
0
0
0
0
0
0
0
0
0
0
0
0
0
0
0
0
0
0
-0.1045
0
0
0
0.1045
0
0
0
0
0
0
0
-10.9488
0
0
0
0
0
0
0
0
0
0
0
0
0
0
0
0
0
0
0
0
0
0
10.9488
0
0
0
0
0
0
0
0
0
0
0
0
0
0
0
0
0
0
0
0
0
0
0
0
0
0
-0.19236
0
0
0
0.19236
0
0
0
0
0
-10.9488
0
0
0
0
0
0
0
0
0
0
0
0
0
0
0
0
0
0
0
0
0
0
0
0
10.9488
0
0
0
0
0
0
0
0
0
0
0
0
0
0
0
0
-1.4813
0
0
0
0
0
0
0
0
0
0
0
0
0
1.4813
0
0
0
0
0
0
0
0
0
0
0
0
-3.8576
0
0
0
0
0
0
0
0
0
0
0
0
0
0
0
0
0
3.8576
0
0
-10.9488
0
0
0
0
0
0
0
0
0
0
0
0
0
0
0
0
0
0
0
0
0
0
0
0
0
0
0
10.9488
0
-10.9488
0
0
0
0
0
0
0
0
0
0
0
0
0
0
0
0
0
0
0
0
0
0
0
0
0
0
0
0
10.9488
