16.5529
-0.8139
-0.85164
-0.74101
-0.72251
-0.72251
-0.70399
-0.73957
-0.72311
-0.71949
-0.7017
-0.74543
-0.74543
-0.76489
-0.76489
-0.72139
-0.77507
-0.72318
0
0
-0.53121
0
-3.3419
0
0
0
0
0
0
0
-0.8139
13.5303
-0.82647
-0.73666
-0.70783
-0.70783
-0.69769
-0.73646
-0.71626
-0.71191
-0.69483
-0.7381
-0.7381
-0.75735
-0.75735
-0.72074
-0.77573
-0.71574
0
-0.47561
-0.50174
0
0
0
0
0
0
0
0
0
-0.85164
-0.82647
23.6799
-0.75688
-0.7275
-0.7275
-0.71628
-0.75718
-0.73597
-0.72465
-0.71415
-0.75872
-0.75872
-0.77855
-0.77855
-0.7352
-0.78581
-0.73653
0
-0.50246
0
0
0
0
0
-10.3072
0
0
0
0
-0.74101
-0.73666
-0.75688
21.4741
-0.66139
-0.66139
-0.63796
-0.6673
-0.65495
-0.64074
-0.63494
-0.67433
-0.67433
-0.69181
-0.69181
-0.64895
-0.69254
-0.65461
0
0
0
0
0
0
0
0
0
0
-9.9525
0
-0.72251
-0.70783
-0.7275
-0.66139
11.6082
-0.62182
-0.6176
-0.65147
-0.63315
-0.62459
-0.61321
-0.65123
-0.65123
-0.6681
-0.6681
-0.64213
-0.69177
-0.63062
0
-0.42396
0
0
0
0
0
0
0
0
0
0
-0.72251
-0.70783
-0.7275
-0.66139
-0.62182
11.6082
-0.6176
-0.65147
-0.63315
-0.62459
-0.61321
-0.65123
-0.65123
-0.6681
-0.6681
-0.64213
-0.69177
-0.63062
0
-0.42396
0
0
0
0
0
0
0
0
0
0
-0.70399
-0.69769
-0.71628
-0.63796
-0.6176
-0.6176
11.0167
-0.64024
-0.62588
-0.61557
-0.60541
-0.64295
-0.64295
-0.6596
-0.6596
-0.63118
-0.67942
-0.62277
0
0
0
0
0
0
0
0
0
0
0
0
-0.73957
-0.73646
-0.75718
-0.6673
-0.65147
-0.65147
-0.64024
19.2549
-0.67409
-0.64092
-0.6357
-0.67514
-0.67514
-0.69264
-0.69264
-0.65378
0
0
0
0
0
0
0
0
-9.0712
0
0
0
0
0
-0.72311
-0.71626
-0.73597
-0.65495
-0.63315
-0.63315
-0.62588
-0.67409
10.6006
-0.62942
-0.61829
-0.65663
-0.65663
-0.67364
-0.67364
-0.64977
0
-0.64601
0
0
0
0
0
0
0
0
0
0
0
0
-0.71949
-0.71191
-0.72465
-0.64074
-0.62459
-0.62459
-0.61557
-0.64092
-0.62942
9.4363
-0.61244
-0.65042
-0.65042
-0.66726
-0.66726
0
0
0
-0.25662
0
0
0
0
0
0
0
0
0
0
0
-0.7017
-0.69483
-0.71415
-0.63494
-0.61321
-0.61321
-0.60541
-0.6357
-0.61829
-0.61244
8.9958
-0.62983
-0.62983
-0.64614
-0.64614
0
0
0
0
0
0
0
0
0
0
0
0
0
0
0
-0.74543
-0.7381
-0.75872
-0.67433
-0.65123
-0.65123
-0.64295
-0.67514
-0.65663
-0.65042
-0.62983
8.147
-0.67296
0
0
0
0
0
0
0
0
0
0
0
0
0
0
0
0
0
-0.74543
-0.7381
-0.75872
-0.67433
-0.65123
-0.65123
-0.64295
-0.67514
-0.65663
-0.65042
-0.62983
-0.67296
8.147
0
0
0
0
0
0
0
0
0
0
0
0
0
0
0
0
0
-0.76489
-0.75735
-0.77855
-0.69181
-0.6681
-0.6681
-0.6596
-0.69264
-0.67364
-0.66726
-0.64614
0
0
7.6681
0
0
0
0
0
0
0
0
0
0
0
0
0
0
0
0
-0.76489
-0.75735
-0.77855
-0.69181
-0.6681
-0.6681
-0.6596
-0.69264
-0.67364
-0.66726
-0.64614
0
0
0
7.6681
0
0
0
0
0
0
0
0
0
0
0
0
0
0
0
-0.72139
-0.72074
-0.7352
-0.64895
-0.64213
-0.64213
-0.63118
-0.65378
-0.64977
0
0
0
0
0
0
11.3177
0
0
0
0
0
0
0
-5.2724
0
0
0
0
0
0
-0.77507
-0.77573
-0.78581
-0.69254
-0.69177
-0.69177
-0.67942
0
0
0
0
0
0
0
0
0
7.7448
0
0
0
0
0
0
0
0
0
0
-2.6527
0
0
-0.72318
-0.71574
-0.73653
-0.65461
-0.63062
-0.63062
-0.62277
0
-0.64601
0
0
0
0
0
0
0
0
5.3601
0
0
0
0
0
0
0
0
0
0
0
0
0
0
0
0
0
0
0
0
0
-0.25662
0
0
0
0
0
0
0
0
9.8126
0
0
-3.2505
-3.2967
0
0
0
0
0
0
-3.0087
0
-0.47561
-0.50246
0
-0.42396
-0.42396
0
0
0
0
0
0
0
0
0
0
0
0
0
1.826
0
0
0
0
0
0
0
0
0
0
-0.53121
-0.50174
0
0
0
0
0
0
0
0
0
0
0
0
0
0
0
0
0
0
4.7151
-2.8879
0
0
0
0
-0.79423
0
0
0
0
0
0
0
0
0
0
0
0
0
0
0
0
0
0
0
0
0
-3.2505
0
-2.8879
6.1384
0
0
0
0
0
0
0
0
-3.3419
0
0
0
0
0
0
0
0
0
0
0
0
0
0
0
0
0
-3.2967
0
0
0
6.6386
0
0
0
0
0
0
0
0
0
0
0
0
0
0
0
0
0
0
0
0
0
0
-5.2724
0
0
0
0
0
0
0
5.2724
0
0
0
0
0
0
0
0
0
0
0
0
0
-9.0712
0
0
0
0
0
0
0
0
0
0
0
0
0
0
0
0
9.0712
0
0
0
0
0
0
0
-10.3072
0
0
0
0
0
0
0
0
0
0
0
0
0
0
0
0
0
0
0
0
0
0
10.3072
0
0
0
0
0
0
0
0
0
0
0
0
0
0
0
0
0
0
0
0
0
0
0
0
-0.79423
0
0
0
0
0
0.79423
0
0
0
0
0
0
0
0
0
0
0
0
0
0
0
0
0
0
0
-2.6527
0
0
0
0
0
0
0
0
0
0
2.6527
0
0
0
0
0
-9.9525
0
0
0
0
0
0
0
0
0
0
0
0
0
0
0
0
0
0
0
0
0
0
0
0
9.9525
0
0
0
0
0
0
0
0
0
0
0
0
0
0
0
0
0
0
0
-3.0087
0
0
0
0
0
0
0
0
0
0
3.0087
