21.8876
-0.90699
-0.90699
-0.90699
-0.90699
-0.83091
-0.82505
-0.81946
-0.78072
-0.78072
-0.87911
-0.85268
-0.86557
-0.89036
-0.89064
-0.86996
-0.80816
-0.76373
-1.2322
0
0
0
0
0
0
0
0
0
0
-6.1703
-0.90699
14.8758
-0.83224
-0.83224
-0.83224
-0.79392
-0.78155
-0.76927
-0.73467
-0.73467
-0.846
-0.83215
-0.81459
-0.83744
-0.83629
-0.82328
-0.76042
-0.75237
-1.1555
0
0
0
0
0
0
0
0
0
0
0
-0.90699
-0.83224
14.8758
-0.83224
-0.83224
-0.79392
-0.78155
-0.76927
-0.73467
-0.73467
-0.846
-0.83215
-0.81459
-0.83744
-0.83629
-0.82328
-0.76042
-0.75237
-1.1555
0
0
0
0
0
0
0
0
0
0
0
-0.90699
-0.83224
-0.83224
14.8758
-0.83224
-0.79392
-0.78155
-0.76927
-0.73467
-0.73467
-0.846
-0.83215
-0.81459
-0.83744
-0.83629
-0.82328
-0.76042
-0.75237
-1.1555
0
0
0
0
0
0
0
0
0
0
0
-0.90699
-0.83224
-0.83224
-0.83224
14.8758
-0.79392
-0.78155
-0.76927
-0.73467
-0.73467
-0.846
-0.83215
-0.81459
-0.83744
-0.83629
-0.82328
-0.76042
-0.75237
-1.1555
0
0
0
0
0
0
0
0
0
0
0
-0.83091
-0.79392
-0.79392
-0.79392
-0.79392
17.3189
-0.70928
-0.70804
-0.67234
-0.67234
-0.75041
-0.72963
-0.7442
-0.76379
-0.76299
-0.74516
-0.69591
0
0
0
0
0
0
0
0
-5.3582
0
0
0
0
-0.82505
-0.78155
-0.78155
-0.78155
-0.78155
-0.70928
13.0234
-0.70096
-0.66137
-0.66137
-0.74252
-0.73149
-0.72572
-0.74525
-0.74251
-0.74123
-0.67841
0
0
-1.2321
0
0
0
0
0
0
0
0
0
0
-0.81946
-0.76927
-0.76927
-0.76927
-0.76927
-0.70804
-0.70096
12.4494
-0.66263
-0.66263
-0.7519
-0.74031
-0.73143
-0.75079
-0.74892
-0.73726
-0.68349
-0.67451
0
0
0
0
0
0
0
0
0
0
0
0
-0.78072
-0.73467
-0.73467
-0.73467
-0.73467
-0.67234
-0.66137
-0.66263
11.1886
-0.61737
-0.70714
-0.69895
-0.69226
-0.70959
-0.70648
-0.69528
-0.64579
0
0
0
0
0
0
0
0
0
0
0
0
0
-0.78072
-0.73467
-0.73467
-0.73467
-0.73467
-0.67234
-0.66137
-0.66263
-0.61737
11.1886
-0.70714
-0.69895
-0.69226
-0.70959
-0.70648
-0.69528
-0.64579
0
0
0
0
0
0
0
0
0
0
0
0
0
-0.87911
-0.846
-0.846
-0.846
-0.846
-0.75041
-0.74252
-0.7519
-0.70714
-0.70714
14.9906
0
-0.80703
-0.80388
0
0
0
0
0
-1.259
0
0
0
0
0
0
0
-4.1985
0
0
-0.85268
-0.83215
-0.83215
-0.83215
-0.83215
-0.72963
-0.73149
-0.74031
-0.69895
-0.69895
0
14.6984
0
0
0
0
0
0
0
-1.2501
0
0
-2.6657
0
0
0
0
0
-3.002
0
-0.86557
-0.81459
-0.81459
-0.81459
-0.81459
-0.7442
-0.72572
-0.73143
-0.69226
-0.69226
-0.80703
0
10.1122
-0.78138
-0.81402
0
0
0
0
0
0
0
0
0
0
0
0
0
0
0
-0.89036
-0.83744
-0.83744
-0.83744
-0.83744
-0.76379
-0.74525
-0.75079
-0.70959
-0.70959
-0.80388
0
-0.78138
9.5044
0
0
0
0
0
0
0
0
0
0
0
0
0
0
0
0
-0.89064
-0.83629
-0.83629
-0.83629
-0.83629
-0.76299
-0.74251
-0.74892
-0.70648
-0.70648
0
0
-0.81402
0
8.7172
0
0
0
0
0
0
0
0
0
0
0
0
0
0
0
-0.86996
-0.82328
-0.82328
-0.82328
-0.82328
-0.74516
-0.74123
-0.73726
-0.69528
-0.69528
0
0
0
0
0
11.0346
0
0
0
0
0
0
0
-3.2573
0
0
0
0
0
0
-0.80816
-0.76042
-0.76042
-0.76042
-0.76042
-0.69591
-0.67841
-0.68349
-0.64579
-0.64579
0
0
0
0
0
0
7.1992
0
0
0
0
0
0
0
0
0
0
0
0
0
-0.76373
-0.75237
-0.75237
-0.75237
-0.75237
0
0
-0.67451
0
0
0
0
0
0
0
0
0
4.5522
0
0
0
0
0
0
0
0
-0.1045
0
0
0
-1.2322
-1.1555
-1.1555
-1.1555
-1.1555
0
0
0
0
0
0
0
0
0
0
0
0
0
5.8543
0
0
0
0
0
0
0
0
0
0
0
0
0
0
0
0
0
-1.2321
0
0
0
-1.259
-1.2501
0
0
0
0
0
0
0
5.7666
0
-2.0255
0
0
0
0
0
0
0
0
0
0
0
0
0
0
0
0
0
0
0
0
0
0
0
0
0
0
0
0
10.4317
-3.0583
-1.8457
0
-5.5277
0
0
0
0
0
0
0
0
0
0
0
0
0
0
0
0
0
0
0
0
0
0
0
0
-2.0255
-3.0583
5.0838
0
0
0
0
0
0
0
0
0
0
0
0
0
0
0
0
0
0
0
-2.6657
0
0
0
0
0
0
0
0
-1.8457
0
4.5114
0
0
0
0
0
0
0
0
0
0
0
0
0
0
0
0
0
0
0
0
0
0
-3.2573
0
0
0
0
0
0
0
4.9398
-1.6825
0
0
0
0
0
0
0
0
0
0
0
0
0
0
0
0
0
0
0
0
0
0
0
0
0
-5.5277
0
0
-1.6825
7.2101
0
0
0
0
0
0
0
0
0
0
-5.3582
0
0
0
0
0
0
0
0
0
0
0
0
0
0
0
0
0
0
0
5.3582
0
0
0
0
0
0
0
0
0
0
0
0
0
0
0
0
0
0
0
0
0
-0.1045
0
0
0
0
0
0
0
0
0.1045
0
0
0
0
0
0
0
0
0
0
0
0
0
-4.1985
0
0
0
0
0
0
0
0
0
0
0
0
0
0
0
0
4.1985
0
0
0
0
0
0
0
0
0
0
0
0
0
-3.002
0
0
0
0
0
0
0
0
0
0
0
0
0
0
0
0
3.002
0
-6.1703
0
0
0
0
0
0
0
0
0
0
0
0
0
0
0
0
0
0
0
0
0
0
0
0
0
0
0
0
6.1703
