13.4051
-0.67891
-0.73379
-0.71974
-0.64466
-0.64466
-0.64466
-0.75332
-0.6844
-0.6844
-0.6844
-0.6844
-0.6844
-0.6844
-0.55533
-0.67071
-0.68063
-0.75083
-0.66495
-0.25782
-0.40134
-0.4974
0
0
0
0
0
0
0
0
-0.67891
13.4051
-0.73379
-0.71974
-0.64466
-0.64466
-0.64466
-0.75332
-0.6844
-0.6844
-0.6844
-0.6844
-0.6844
-0.6844
-0.55533
-0.67071
-0.68063
-0.75083
-0.66495
-0.25782
-0.40134
-0.4974
0
0
0
0
0
0
0
0
-0.73379
-0.73379
25.3788
-0.79672
-0.70435
-0.70435
-0.70435
-0.82193
-0.75854
-0.75854
-0.75854
-0.75854
-0.75854
-0.75854
-0.61368
-0.74274
-0.68186
-0.79548
-0.73836
0
0
0
0
-12.0561
0
0
0
0
0
0
-0.71974
-0.71974
-0.79672
13.4977
-0.67964
-0.67964
-0.67964
-0.81205
-0.72326
-0.72326
-0.72326
-0.72326
-0.72326
-0.72326
-0.58554
-0.70637
-0.74105
-0.8214
-0.70006
0
0
-0.51654
0
0
0
0
0
0
0
0
-0.64466
-0.64466
-0.70435
-0.67964
11.6013
-0.5954
-0.5954
-0.71532
-0.64563
-0.64563
-0.64563
-0.64563
-0.64563
-0.64563
-0.52106
-0.62896
-0.64984
-0.72338
-0.62489
0
0
0
0
0
0
0
0
0
0
0
-0.64466
-0.64466
-0.70435
-0.67964
-0.5954
11.6013
-0.5954
-0.71532
-0.64563
-0.64563
-0.64563
-0.64563
-0.64563
-0.64563
-0.52106
-0.62896
-0.64984
-0.72338
-0.62489
0
0
0
0
0
0
0
0
0
0
0
-0.64466
-0.64466
-0.70435
-0.67964
-0.5954
-0.5954
11.6013
-0.71532
-0.64563
-0.64563
-0.64563
-0.64563
-0.64563
-0.64563
-0.52106
-0.62896
-0.64984
-0.72338
-0.62489
0
0
0
0
0
0
0
0
0
0
0
-0.75332
-0.75332
-0.82193
-0.81205
-0.71532
-0.71532
-0.71532
21.5024
-0.87356
-0.87356
-0.87356
-0.87356
-0.87356
-0.87356
-0.46021
0
0
0
0
0
0
0
-10.5143
0
0
0
0
0
0
0
-0.6844
-0.6844
-0.75854
-0.72326
-0.64563
-0.64563
-0.64563
-0.87356
10.2168
-0.66591
-0.66591
-0.66591
-0.66591
-0.66591
-0.54074
-0.68551
0
0
0
0
0
0
0
0
0
0
0
0
0
0
-0.6844
-0.6844
-0.75854
-0.72326
-0.64563
-0.64563
-0.64563
-0.87356
-0.66591
10.2168
-0.66591
-0.66591
-0.66591
-0.66591
-0.54074
-0.68551
0
0
0
0
0
0
0
0
0
0
0
0
0
0
-0.6844
-0.6844
-0.75854
-0.72326
-0.64563
-0.64563
-0.64563
-0.87356
-0.66591
-0.66591
10.2168
-0.66591
-0.66591
-0.66591
-0.54074
-0.68551
0
0
0
0
0
0
0
0
0
0
0
0
0
0
-0.6844
-0.6844
-0.75854
-0.72326
-0.64563
-0.64563
-0.64563
-0.87356
-0.66591
-0.66591
-0.66591
10.2168
-0.66591
-0.66591
-0.54074
-0.68551
0
0
0
0
0
0
0
0
0
0
0
0
0
0
-0.6844
-0.6844
-0.75854
-0.72326
-0.64563
-0.64563
-0.64563
-0.87356
-0.66591
-0.66591
-0.66591
-0.66591
10.2168
-0.66591
-0.54074
-0.68551
0
0
0
0
0
0
0
0
0
0
0
0
0
0
-0.6844
-0.6844
-0.75854
-0.72326
-0.64563
-0.64563
-0.64563
-0.87356
-0.66591
-0.66591
-0.66591
-0.66591
-0.66591
10.2168
-0.54074
-0.68551
0
0
0
0
0
0
0
0
0
0
0
0
0
0
-0.55533
-0.55533
-0.61368
-0.58554
-0.52106
-0.52106
-0.52106
-0.46021
-0.54074
-0.54074
-0.54074
-0.54074
-0.54074
-0.54074
7.5777
0
0
0
0
0
0
0
0
0
0
0
0
0
0
0
-0.67071
-0.67071
-0.74274
-0.70637
-0.62896
-0.62896
-0.62896
0
-0.68551
-0.68551
-0.68551
-0.68551
-0.68551
-0.68551
0
8.7905
0
0
0
0
0
0
0
0
0
0
0
0
0
0
-0.68063
-0.68063
-0.68186
-0.74105
-0.64984
-0.64984
-0.64984
0
0
0
0
0
0
0
0
0
21.5956
0
0
-0.23571
0
0
0
0
0
0
-8.3131
0
0
-8.3131
-0.75083
-0.75083
-0.79548
-0.8214
-0.72338
-0.72338
-0.72338
0
0
0
0
0
0
0
0
0
0
9.5839
0
0
0
0
0
0
0
0
0
-4.2952
0
0
-0.66495
-0.66495
-0.73836
-0.70006
-0.62489
-0.62489
-0.62489
0
0
0
0
0
0
0
0
0
0
0
4.643
0
0
0
0
0
0
0
0
0
0
0
-0.25782
-0.25782
0
0
0
0
0
0
0
0
0
0
0
0
0
0
-0.23571
0
0
14.3366
0
0
0
0
-6.7926
-6.7926
0
0
0
0
-0.40134
-0.40134
0
0
0
0
0
0
0
0
0
0
0
0
0
0
0
0
0
0
1.1965
0
0
0
0
0
0
0
-0.39381
0
-0.4974
-0.4974
0
-0.51654
0
0
0
0
0
0
0
0
0
0
0
0
0
0
0
0
0
1.5113
0
0
0
0
0
0
0
0
0
0
0
0
0
0
0
-10.5143
0
0
0
0
0
0
0
0
0
0
0
0
0
0
10.5143
0
0
0
0
0
0
0
0
0
-12.0561
0
0
0
0
0
0
0
0
0
0
0
0
0
0
0
0
0
0
0
0
12.0561
0
0
0
0
0
0
0
0
0
0
0
0
0
0
0
0
0
0
0
0
0
0
0
0
0
-6.7926
0
0
0
0
6.7926
0
0
0
0
0
0
0
0
0
0
0
0
0
0
0
0
0
0
0
0
0
0
0
0
-6.7926
0
0
0
0
0
6.7926
0
0
0
0
0
0
0
0
0
0
0
0
0
0
0
0
0
0
0
0
-8.3131
0
0
0
0
0
0
0
0
0
8.3131
0
0
0
0
0
0
0
0
0
0
0
0
0
0
0
0
0
0
0
0
-4.2952
0
0
0
0
0
0
0
0
0
4.2952
0
0
0
0
0
0
0
0
0
0
0
0
0
0
0
0
0
0
0
0
0
0
-0.39381
0
0
0
0
0
0
0
0.39381
0
0
0
0
0
0
0
0
0
0
0
0
0
0
0
0
0
-8.3131
0
0
0
0
0
0
0
0
0
0
0
0
8.3131
