19.0848
-0.6638
-0.66168
-0.67181
-0.65482
-0.65482
-0.64834
-0.68917
-0.68278
-0.66933
-0.66933
-0.67357
-0.65886
-0.64142
-0.66933
-0.57622
0
-0.67177
-1.2022
0
0
0
-7.3255
0
0
0
0
0
0
0
-0.6638
11.1688
-0.66139
-0.67106
-0.65413
-0.65413
-0.65211
-0.68683
-0.68481
-0.66916
-0.66916
-0.67062
-0.66091
-0.63991
-0.66916
0
0
-0.67588
-1.1858
0
0
0
0
0
0
0
0
0
0
0
-0.66168
-0.66139
9.9268
-0.66554
-0.65015
-0.65015
-0.64759
-0.68046
-0.67909
-0.66398
-0.66398
-0.66731
-0.65805
-0.63716
-0.66398
0
0
-0.67632
0
0
0
0
0
0
0
0
0
0
0
0
-0.67181
-0.67106
-0.66554
16.3181
-0.65664
-0.65664
-0.65096
-0.69142
-0.6898
-0.6727
-0.6727
-0.67459
-0.66588
-0.6425
-0.6727
0
0
0
0
0
0
-6.9632
0
0
0
0
0
0
0
0
-0.65482
-0.65413
-0.65015
-0.65664
9.1397
-0.64013
-0.63952
-0.6688
-0.66996
-0.65453
-0.65453
-0.65952
-0.65217
-0.6303
-0.65453
0
0
0
0
0
0
0
0
0
0
0
0
0
0
0
-0.65482
-0.65413
-0.65015
-0.65664
-0.64013
9.1397
-0.63952
-0.6688
-0.66996
-0.65453
-0.65453
-0.65952
-0.65217
-0.6303
-0.65453
0
0
0
0
0
0
0
0
0
0
0
0
0
0
0
-0.64834
-0.65211
-0.64759
-0.65096
-0.63952
-0.63952
14.0434
0
0
0
0
0
0
0
0
0
0
0
0
-5.0827
0
0
0
-5.0827
0
0
0
0
0
0
-0.68917
-0.68683
-0.68046
-0.69142
-0.6688
-0.6688
0
7.6246
0
0
0
0
0
-0.73842
0
0
0
0
0
0
0
0
0
0
0
0
0
0
-2.8007
0
-0.68278
-0.68481
-0.67909
-0.6898
-0.66996
-0.66996
0
0
7.7521
0
0
0
0
0
0
0
-0.58689
0
0
0
0
0
0
0
0
-3.0888
0
0
0
0
-0.66933
-0.66916
-0.66398
-0.6727
-0.65453
-0.65453
0
0
0
5.7927
0
0
0
0
0
0
0
0
0
0
0
0
0
0
0
0
0
0
0
-1.8084
-0.66933
-0.66916
-0.66398
-0.6727
-0.65453
-0.65453
0
0
0
0
5.7927
0
0
0
0
0
0
0
0
0
-1.8084
0
0
0
0
0
0
0
0
0
-0.67357
-0.67062
-0.66731
-0.67459
-0.65952
-0.65952
0
0
0
0
0
4.5976
0
0
0
-0.59243
0
0
0
0
0
0
0
0
0
0
0
0
0
0
-0.65886
-0.66091
-0.65805
-0.66588
-0.65217
-0.65217
0
0
0
0
0
0
4.5259
0
0
0
-0.57785
0
0
0
0
0
0
0
0
0
0
0
0
0
-0.64142
-0.63991
-0.63716
-0.6425
-0.6303
-0.6303
0
-0.73842
0
0
0
0
0
4.56
0
0
0
0
0
0
0
0
0
0
0
0
0
0
0
0
-0.66933
-0.66916
-0.66398
-0.6727
-0.65453
-0.65453
0
0
0
0
0
0
0
0
5.7927
0
0
0
0
0
0
0
0
0
-1.8084
0
0
0
0
0
-0.57622
0
0
0
0
0
0
0
0
0
0
-0.59243
0
0
0
1.7293
0
0
0
0
0
0
0
0
0
0
-0.56067
0
0
0
0
0
0
0
0
0
0
0
-0.58689
0
0
0
-0.57785
0
0
0
1.717
0
0
0
0
0
0
0
0
0
0
-0.55225
0
0
-0.67177
-0.67588
-0.67632
0
0
0
0
0
0
0
0
0
0
0
0
0
0
2.024
0
0
0
0
0
0
0
0
0
0
0
0
-1.2022
-1.1858
0
0
0
0
0
0
0
0
0
0
0
0
0
0
0
0
2.388
0
0
0
0
0
0
0
0
0
0
0
0
0
0
0
0
0
-5.0827
0
0
0
0
0
0
0
0
0
0
0
0
5.0827
0
0
0
0
0
0
0
0
0
0
0
0
0
0
0
0
0
0
0
0
-1.8084
0
0
0
0
0
0
0
0
0
1.8084
0
0
0
0
0
0
0
0
0
0
0
0
-6.9632
0
0
0
0
0
0
0
0
0
0
0
0
0
0
0
0
0
6.9632
0
0
0
0
0
0
0
0
-7.3255
0
0
0
0
0
0
0
0
0
0
0
0
0
0
0
0
0
0
0
0
0
7.3255
0
0
0
0
0
0
0
0
0
0
0
0
0
-5.0827
0
0
0
0
0
0
0
0
0
0
0
0
0
0
0
0
5.0827
0
0
0
0
0
0
0
0
0
0
0
0
0
0
0
0
0
0
0
0
-1.8084
0
0
0
0
0
0
0
0
0
1.8084
0
0
0
0
0
0
0
0
0
0
0
0
0
-3.0888
0
0
0
0
0
0
0
0
0
0
0
0
0
0
0
0
3.0888
0
0
0
0
0
0
0
0
0
0
0
0
0
0
0
0
0
0
0
-0.56067
0
0
0
0
0
0
0
0
0
0
0.56067
0
0
0
0
0
0
0
0
0
0
0
0
0
0
0
0
0
0
0
-0.55225
0
0
0
0
0
0
0
0
0
0
0.55225
0
0
0
0
0
0
0
0
0
-2.8007
0
0
0
0
0
0
0
0
0
0
0
0
0
0
0
0
0
0
0
0
2.8007
0
0
0
0
0
0
0
0
0
0
-1.8084
0
0
0
0
0
0
0
0
0
0
0
0
0
0
0
0
0
0
0
1.8084
