10.9487
-0.64363
-0.73877
-0.55917
-0.59815
-0.55917
-0.59107
-0.49829
-0.58756
-0.66128
-0.6237
-0.60137
-0.67542
-0.88416
0
0
0
-2.727
0
0
0
0
0
0
0
0
0
0
0
0
-0.64363
10.9487
-0.73877
-0.55917
-0.59815
-0.55917
-0.59107
-0.49829
-0.58756
-0.66128
-0.6237
-0.60137
-0.67542
-0.88416
0
0
0
-2.727
0
0
0
0
0
0
0
0
0
0
0
0
-0.73877
-0.73877
9.8227
-0.57773
-0.5891
-0.57773
-0.58039
-0.48726
-0.54734
-0.63026
-0.59628
-0.58748
-0.68598
0
-0.41949
0
0
0
-2.0661
0
0
0
0
0
0
0
0
0
0
0
-0.55917
-0.55917
-0.57773
6.5943
-0.50622
-0.39902
-0.45996
-0.38939
-0.4604
-0.5111
-0.4812
-0.47723
-0.54163
-0.67209
0
0
0
0
0
0
0
0
0
0
0
0
0
0
0
0
-0.59815
-0.59815
-0.5891
-0.50622
12.3211
-0.50622
-0.50005
-0.36406
-0.41937
-0.48884
-0.46443
-0.45985
0
0
0
0
0
0
0
0
0
0
-4.4661
0
0
0
0
-2.3605
0
0
-0.55917
-0.55917
-0.57773
-0.39902
-0.50622
6.5943
-0.45996
-0.38939
-0.4604
-0.5111
-0.4812
-0.47723
-0.54163
-0.67209
0
0
0
0
0
0
0
0
0
0
0
0
0
0
0
0
-0.59107
-0.59107
-0.58039
-0.45996
-0.50005
-0.45996
7.6249
-0.38623
-0.45445
-0.51556
-0.48721
-0.47984
-0.53729
0
0
0
0
0
0
0
0
0
0
0
0
0
0
0
0
-1.5818
-0.49829
-0.49829
-0.48726
-0.38939
-0.36406
-0.38939
-0.38623
4.8207
-0.36212
-0.41918
-0.39872
-0.39431
0
0
0
-0.23342
0
0
0
0
0
0
0
0
0
0
0
0
0
0
-0.58756
-0.58756
-0.54734
-0.4604
-0.41937
-0.4604
-0.45445
-0.36212
5.9137
0
0
0
0
0
-0.34184
0
0
0
-1.6927
0
0
0
0
0
0
0
0
0
0
0
-0.66128
-0.66128
-0.63026
-0.5111
-0.48884
-0.5111
-0.51556
-0.41918
0
9.0056
0
-0.60599
0
0
0
0
0
0
0
0
0
0
0
0
-4.0011
0
0
0
0
0
-0.6237
-0.6237
-0.59628
-0.4812
-0.46443
-0.4812
-0.48721
-0.39872
0
0
7.9472
0
0
0
0
0
0
0
0
0
0
0
0
-3.7907
0
0
0
0
0
0
-0.60137
-0.60137
-0.58748
-0.47723
-0.45985
-0.47723
-0.47984
-0.39431
0
-0.60599
0
4.6847
0
0
0
0
0
0
0
0
0
0
0
0
0
0
0
0
0
0
-0.67542
-0.67542
-0.68598
-0.54163
0
-0.54163
-0.53729
0
0
0
0
0
4.6469
0
0
0
0
0
0
0
0
0
0
0
0
-0.9895
0
0
0
0
-0.88416
-0.88416
0
-0.67209
0
-0.67209
0
0
0
0
0
0
0
4.8439
0
0
-1.7314
0
0
0
0
0
0
0
0
0
0
0
0
0
0
0
-0.41949
0
0
0
0
0
-0.34184
0
0
0
0
0
6.1751
0
0
0
0
-2.7633
0
-1.3425
0
0
0
0
0
0
-1.308
0
0
0
0
0
0
0
0
-0.23342
0
0
0
0
0
0
0
10.4527
-2.122
0
0
0
-5.5812
0
0
0
0
0
-2.516
0
0
0
0
0
0
0
0
0
0
0
0
0
0
0
0
-1.7314
0
-2.122
9.2933
0
0
0
0
0
0
-2.7324
-2.7075
0
0
0
0
0
-2.727
-2.727
0
0
0
0
0
0
0
0
0
0
0
0
0
0
0
7.1821
0
0
-1.7282
0
0
0
0
0
0
0
0
0
0
0
-2.0661
0
0
0
0
0
-1.6927
0
0
0
0
0
0
0
0
0
6.0956
-2.3368
0
0
0
0
0
0
0
0
0
0
0
0
0
0
0
0
0
0
0
0
0
0
0
0
-2.7633
0
0
0
-2.3368
7.0364
0
0
-1.9363
0
0
0
0
0
0
0
0
0
0
0
0
0
0
0
0
0
0
0
0
0
0
-5.5812
0
-1.7282
0
0
7.3094
0
0
0
0
0
0
0
0
0
0
0
0
0
0
0
0
0
0
0
0
0
0
0
-1.3425
0
0
0
0
0
0
3.3453
0
0
0
-2.0028
0
0
0
0
0
0
0
0
-4.4661
0
0
0
0
0
0
0
0
0
0
0
0
0
0
-1.9363
0
0
6.4024
0
0
0
0
0
0
0
0
0
0
0
0
0
0
0
0
0
-3.7907
0
0
0
0
0
-2.7324
0
0
0
0
0
0
6.5231
0
0
0
0
0
0
0
0
0
0
0
0
0
0
0
-4.0011
0
0
0
0
0
0
-2.7075
0
0
0
0
0
0
0
6.7086
0
0
0
0
0
0
0
0
0
0
0
0
0
0
0
0
0
-0.9895
0
0
0
0
0
0
0
0
-2.0028
0
0
0
2.9923
0
0
0
0
0
0
0
0
0
0
0
0
0
0
0
0
0
0
0
-2.516
0
0
0
0
0
0
0
0
0
0
2.516
0
0
0
0
0
0
0
-2.3605
0
0
0
0
0
0
0
0
0
0
0
0
0
0
0
0
0
0
0
0
0
0
2.3605
0
0
0
0
0
0
0
0
0
0
0
0
0
0
0
0
-1.308
0
0
0
0
0
0
0
0
0
0
0
0
0
1.308
0
0
0
0
0
0
0
-1.5818
0
0
0
0
0
0
0
0
0
0
0
0
0
0
0
0
0
0
0
0
0
0
1.5818
