32.886
-0.69184
-0.7024
-0.68068
-0.67464
-0.70454
-0.7608
-0.70787
-0.70137
-0.67497
-0.70787
-0.67497
-0.58554
-0.63398
-0.63398
-0.71482
-0.78045
-0.73511
-0.71203
-0.71203
-0.28571
0
0
-9.7052
0
0
0
0
-9.7052
0
-0.69184
20.4018
-0.71771
-0.68611
-0.7044
-0.71324
-0.77132
-0.71834
-0.71774
-0.7112
-0.71834
-0.7112
-0.59382
-0.64293
-0.64293
-0.71758
-0.78096
-0.73346
-0.69784
-0.69784
0
0
0
0
0
-7.033
0
0
0
0
-0.7024
-0.71771
13.5582
-0.6744
-0.69938
-0.70246
-0.7599
-0.70805
-0.71981
-0.71042
-0.70805
-0.71042
-0.5856
-0.63404
-0.63404
-0.70378
-0.76454
-0.71736
-0.6748
-0.6748
-0.35627
0
0
0
0
0
0
0
0
0
-0.68068
-0.68611
-0.6744
12.692
-0.67404
-0.6737
-0.72899
-0.67949
-0.68659
-0.68718
-0.67949
-0.68718
-0.56136
-0.60785
-0.60785
-0.67337
-0.731
-0.68548
-0.64359
-0.64359
0
0
0
0
0
0
0
0
0
0
-0.67464
-0.7044
-0.69938
-0.67404
17.7386
-0.70081
-0.75861
-0.70646
-0.70211
-0.69448
-0.70646
-0.69448
-0.58187
-0.63001
-0.63001
-0.7048
-0.76802
-0.72161
0
0
0
0
0
0
0
0
0
-5.9864
0
0
-0.70454
-0.71324
-0.70246
-0.6737
-0.70081
11.8545
-0.76346
-0.71069
-0.71541
-0.71535
-0.71069
-0.71535
-0.58351
-0.63178
-0.63178
-0.70207
-0.76352
-0.7161
0
0
0
0
0
0
0
0
0
0
0
0
-0.7608
-0.77132
-0.7599
-0.72899
-0.75861
-0.76346
12.0933
-0.77935
-0.79203
-0.79187
-0.77935
-0.79187
-0.63431
-0.68679
-0.68679
-0.76947
-0.83836
0
0
0
0
0
0
0
0
0
0
0
0
0
-0.70787
-0.71834
-0.70805
-0.67949
-0.70646
-0.71069
-0.77935
10.4477
-0.75409
-0.7531
-0.66119
-0.7531
-0.57047
-0.61768
-0.61768
-0.71015
0
0
0
0
0
0
0
0
0
0
0
0
0
0
-0.70137
-0.71774
-0.71981
-0.68659
-0.70211
-0.71541
-0.79203
-0.75409
13.4889
-0.73436
-0.75409
-0.73436
-0.56199
-0.60853
-0.60853
0
0
0
0
0
0
-3.6979
0
0
0
0
0
0
0
0
-0.67497
-0.7112
-0.71042
-0.68718
-0.69448
-0.71535
-0.79187
-0.7531
-0.73436
13.7099
-0.7531
-0.72319
-0.56136
-0.60785
-0.60785
0
0
0
0
0
0
0
0
0
0
0
0
0
0
-3.9836
-0.70787
-0.71834
-0.70805
-0.67949
-0.70646
-0.71069
-0.77935
-0.66119
-0.75409
-0.7531
10.4477
-0.7531
-0.57047
-0.61768
-0.61768
-0.71015
0
0
0
0
0
0
0
0
0
0
0
0
0
0
-0.67497
-0.7112
-0.71042
-0.68718
-0.69448
-0.71535
-0.79187
-0.7531
-0.73436
-0.72319
-0.7531
13.7099
-0.56136
-0.60785
-0.60785
0
0
0
0
0
0
0
0
0
-3.9836
0
0
0
0
0
-0.58554
-0.59382
-0.5856
-0.56136
-0.58187
-0.58351
-0.63431
-0.57047
-0.56199
-0.56136
-0.57047
-0.56136
7.9395
-0.49391
-0.49391
0
0
0
0
0
0
0
0
0
0
0
0
0
0
0
-0.63398
-0.64293
-0.63404
-0.60785
-0.63001
-0.63178
-0.68679
-0.61768
-0.60853
-0.60785
-0.61768
-0.60785
-0.49391
8.0209
0
0
0
0
0
0
0
0
0
0
0
0
0
0
0
0
-0.63398
-0.64293
-0.63404
-0.60785
-0.63001
-0.63178
-0.68679
-0.61768
-0.60853
-0.60785
-0.61768
-0.60785
-0.49391
0
8.0209
0
0
0
0
0
0
0
0
0
0
0
0
0
0
0
-0.71482
-0.71758
-0.70378
-0.67337
-0.7048
-0.70207
-0.76947
-0.71015
0
0
-0.71015
0
0
0
0
6.4062
0
0
0
0
0
0
0
0
0
0
0
0
0
0
-0.78045
-0.78096
-0.76454
-0.731
-0.76802
-0.76352
-0.83836
0
0
0
0
0
0
0
0
0
5.4268
0
0
0
0
0
0
0
0
0
0
0
0
0
-0.73511
-0.73346
-0.71736
-0.68548
-0.72161
-0.7161
0
0
0
0
0
0
0
0
0
0
0
4.3091
0
0
0
0
0
0
0
0
0
0
0
0
-0.71203
-0.69784
-0.6748
-0.64359
0
0
0
0
0
0
0
0
0
0
0
0
0
0
2.7283
0
0
0
0
0
0
0
0
0
0
0
-0.71203
-0.69784
-0.6748
-0.64359
0
0
0
0
0
0
0
0
0
0
0
0
0
0
0
2.7283
0
0
0
0
0
0
0
0
0
0
-0.28571
0
-0.35627
0
0
0
0
0
0
0
0
0
0
0
0
0
0
0
0
0
8.7106
0
-5.3993
0
0
0
-2.6694
0
0
0
0
0
0
0
0
0
0
0
-3.6979
0
0
0
0
0
0
0
0
0
0
0
0
4.9565
-1.2585
0
0
0
0
0
0
0
0
0
0
0
0
0
0
0
0
0
0
0
0
0
0
0
0
0
0
0
-5.3993
-1.2585
6.6578
0
0
0
0
0
0
0
-9.7052
0
0
0
0
0
0
0
0
0
0
0
0
0
0
0
0
0
0
0
0
0
0
9.7052
0
0
0
0
0
0
0
0
0
0
0
0
0
0
0
0
0
-3.9836
0
0
0
0
0
0
0
0
0
0
0
0
3.9836
0
0
0
0
0
0
-7.033
0
0
0
0
0
0
0
0
0
0
0
0
0
0
0
0
0
0
0
0
0
0
0
7.033
0
0
0
0
0
0
0
0
0
0
0
0
0
0
0
0
0
0
0
0
0
0
0
0
-2.6694
0
0
0
0
0
2.6694
0
0
0
0
0
0
0
-5.9864
0
0
0
0
0
0
0
0
0
0
0
0
0
0
0
0
0
0
0
0
0
0
5.9864
0
0
-9.7052
0
0
0
0
0
0
0
0
0
0
0
0
0
0
0
0
0
0
0
0
0
0
0
0
0
0
0
9.7052
0
0
0
0
0
0
0
0
0
0
-3.9836
0
0
0
0
0
0
0
0
0
0
0
0
0
0
0
0
0
0
0
3.9836
