32.1016
-0.95965
-1.0147
-0.95582
-0.95582
-0.95582
-0.95582
-0.8885
-0.95137
-0.95137
-0.93787
-0.97181
-0.93412
-1.0285
-1.0285
-1.0285
-0.97355
-0.97804
-0.86665
-0.8829
-1.0413
-1.0413
-0.85631
0
-1.3592
0
-4.792
0
0
-4.792
-0.95965
27.0473
-1.004
-0.9455
-0.9455
-0.9455
-0.9455
-0.8789
-0.94122
-0.94122
-0.92787
-0.96122
-0.92402
-1.0174
-1.0174
-1.0174
-0.96294
-0.96748
-0.8574
-0.87487
-1.0302
-1.0302
-0.84714
0
-1.3481
0
0
-4.7567
0
0
-1.0147
-1.004
22.9723
-0.97463
-0.97463
-0.97463
-0.97463
-0.90571
-0.97104
-0.97104
-0.95805
-0.99165
-0.95303
-1.049
-1.049
-1.049
-0.99343
-0.99844
-0.88396
-0.9062
-1.0618
-1.0618
-0.87323
0
-1.3788
0
0
0
0
0
-0.95582
-0.9455
-0.97463
20.2777
-0.90739
-0.90739
-0.90739
-0.84813
-0.90957
-0.90957
-0.8964
-0.92813
-0.89245
-0.98199
-0.98199
-0.98199
-0.92978
-0.93436
-0.82846
-0.84922
-0.99457
-0.99457
-0.81836
0
0
0
0
0
0
0
-0.95582
-0.9455
-0.97463
-0.90739
20.2777
-0.90739
-0.90739
-0.84813
-0.90957
-0.90957
-0.8964
-0.92813
-0.89245
-0.98199
-0.98199
-0.98199
-0.92978
-0.93436
-0.82846
-0.84922
-0.99457
-0.99457
-0.81836
0
0
0
0
0
0
0
-0.95582
-0.9455
-0.97463
-0.90739
-0.90739
20.2777
-0.90739
-0.84813
-0.90957
-0.90957
-0.8964
-0.92813
-0.89245
-0.98199
-0.98199
-0.98199
-0.92978
-0.93436
-0.82846
-0.84922
-0.99457
-0.99457
-0.81836
0
0
0
0
0
0
0
-0.95582
-0.9455
-0.97463
-0.90739
-0.90739
-0.90739
20.2777
-0.84813
-0.90957
-0.90957
-0.8964
-0.92813
-0.89245
-0.98199
-0.98199
-0.98199
-0.92978
-0.93436
-0.82846
-0.84922
-0.99457
-0.99457
-0.81836
0
0
0
0
0
0
0
-0.8885
-0.8789
-0.90571
-0.84813
-0.84813
-0.84813
-0.84813
18.0501
-0.83977
-0.83977
-0.82202
-0.85503
-0.82259
-0.90387
-0.90387
-0.90387
-0.85653
-0.85932
-0.76422
-0.78215
-0.91572
-0.91572
0
0
0
0
0
0
0
0
-0.95137
-0.94122
-0.97104
-0.90957
-0.90957
-0.90957
-0.90957
-0.83977
17.3618
-0.88702
-0.9269
-0.91606
-0.88093
-0.96908
-0.96908
-0.96908
-0.91768
-0.92224
-0.81788
-0.84415
0
0
0
0
0
0
0
0
0
0
-0.95137
-0.94122
-0.97104
-0.90957
-0.90957
-0.90957
-0.90957
-0.83977
-0.88702
17.3618
-0.9269
-0.91606
-0.88093
-0.96908
-0.96908
-0.96908
-0.91768
-0.92224
-0.81788
-0.84415
0
0
0
0
0
0
0
0
0
0
-0.93787
-0.92787
-0.95805
-0.8964
-0.8964
-0.8964
-0.8964
-0.82202
-0.9269
-0.9269
17.3816
-0.89673
-0.86246
-0.94841
-0.94841
-0.94841
-0.89831
-0.896
-0.80091
0
0
0
0
-1.0967
0
0
0
0
0
0
-0.97181
-0.96122
-0.99165
-0.92813
-0.92813
-0.92813
-0.92813
-0.85503
-0.91606
-0.91606
-0.89673
15.1424
-0.92071
-1.0137
-1.0137
-1.0137
-0.95945
0
0
0
0
0
0
0
0
0
0
0
0
0
-0.93412
-0.92402
-0.95303
-0.89245
-0.89245
-0.89245
-0.89245
-0.82259
-0.88093
-0.88093
-0.86246
-0.92071
13.5937
-0.94837
-0.94837
-0.94837
0
0
0
0
0
0
0
0
0
0
0
0
0
0
-1.0285
-1.0174
-1.049
-0.98199
-0.98199
-0.98199
-0.98199
-0.90387
-0.96908
-0.96908
-0.94841
-1.0137
-0.94837
12.7753
0
0
0
0
0
0
0
0
0
0
0
0
0
0
0
0
-1.0285
-1.0174
-1.049
-0.98199
-0.98199
-0.98199
-0.98199
-0.90387
-0.96908
-0.96908
-0.94841
-1.0137
-0.94837
0
12.7753
0
0
0
0
0
0
0
0
0
0
0
0
0
0
0
-1.0285
-1.0174
-1.049
-0.98199
-0.98199
-0.98199
-0.98199
-0.90387
-0.96908
-0.96908
-0.94841
-1.0137
-0.94837
0
0
12.7753
0
0
0
0
0
0
0
0
0
0
0
0
0
0
-0.97355
-0.96294
-0.99343
-0.92978
-0.92978
-0.92978
-0.92978
-0.85653
-0.91768
-0.91768
-0.89831
-0.95945
0
0
0
0
11.1987
0
0
0
0
0
0
0
0
0
0
0
0
0
-0.97804
-0.96748
-0.99844
-0.93436
-0.93436
-0.93436
-0.93436
-0.85932
-0.92224
-0.92224
-0.896
0
0
0
0
0
0
11.4053
0
0
0
0
0
-1.1241
0
0
0
0
0
0
-0.86665
-0.8574
-0.88396
-0.82846
-0.82846
-0.82846
-0.82846
-0.76422
-0.81788
-0.81788
-0.80091
0
0
0
0
0
0
0
9.1227
0
0
0
0
0
0
0
0
0
0
0
-0.8829
-0.87487
-0.9062
-0.84922
-0.84922
-0.84922
-0.84922
-0.78215
-0.84415
-0.84415
0
0
0
0
0
0
0
0
0
9.3165
0
0
0
0
0
-0.78524
0
0
0
0
-1.0413
-1.0302
-1.0618
-0.99457
-0.99457
-0.99457
-0.99457
-0.91572
0
0
0
0
0
0
0
0
0
0
0
0
8.0273
0
0
0
0
0
0
0
0
0
-1.0413
-1.0302
-1.0618
-0.99457
-0.99457
-0.99457
-0.99457
-0.91572
0
0
0
0
0
0
0
0
0
0
0
0
0
8.0273
0
0
0
0
0
0
0
0
-0.85631
-0.84714
-0.87323
-0.81836
-0.81836
-0.81836
-0.81836
0
0
0
0
0
0
0
0
0
0
0
0
0
0
0
5.8501
0
0
0
0
0
0
0
0
0
0
0
0
0
0
0
0
0
-1.0967
0
0
0
0
0
0
-1.1241
0
0
0
0
0
3.5685
0
-1.3478
0
0
0
0
-1.3592
-1.3481
-1.3788
0
0
0
0
0
0
0
0
0
0
0
0
0
0
0
0
0
0
0
0
0
4.0862
0
0
0
0
0
0
0
0
0
0
0
0
0
0
0
0
0
0
0
0
0
0
0
0
-0.78524
0
0
0
-1.3478
0
3.3702
0
0
-1.2372
0
-4.792
0
0
0
0
0
0
0
0
0
0
0
0
0
0
0
0
0
0
0
0
0
0
0
0
0
4.792
0
0
0
0
-4.7567
0
0
0
0
0
0
0
0
0
0
0
0
0
0
0
0
0
0
0
0
0
0
0
0
0
4.7567
0
0
0
0
0
0
0
0
0
0
0
0
0
0
0
0
0
0
0
0
0
0
0
0
0
0
0
-1.2372
0
0
1.2372
0
-4.792
0
0
0
0
0
0
0
0
0
0
0
0
0
0
0
0
0
0
0
0
0
0
0
0
0
0
0
0
4.792
