20.1953
-0.61219
-0.57617
-0.61994
-0.61994
-0.61994
-0.55716
-0.55716
-0.6377
-0.58043
-0.58043
-0.58043
-0.58043
-0.60431
-0.60431
-0.55856
-0.55856
-0.26983
-0.87778
-0.87778
0
0
0
0
-8.7223
0
0
0
0
0
-0.61219
20.1953
-0.57617
-0.61994
-0.61994
-0.61994
-0.55716
-0.55716
-0.6377
-0.58043
-0.58043
-0.58043
-0.58043
-0.60431
-0.60431
-0.55856
-0.55856
-0.26983
-0.87778
-0.87778
0
0
-8.7223
0
0
0
0
0
0
0
-0.57617
-0.57617
10.8312
-0.58673
-0.58673
-0.58673
-0.52746
-0.52746
-0.60372
-0.54775
-0.54775
-0.54775
-0.54775
-0.58034
-0.58034
-0.52706
-0.52706
-0.26822
-0.79299
-0.79299
0
0
0
0
0
0
0
0
0
0
-0.61994
-0.61994
-0.58673
16.9616
-0.6431
-0.6431
-0.5633
-0.5633
-0.64649
-0.58932
-0.58932
-0.58932
-0.58932
-0.61284
-0.61284
-0.56675
-0.56675
0
0
0
0
-7.3592
0
0
0
0
0
0
0
0
-0.61994
-0.61994
-0.58673
-0.6431
16.9616
-0.6431
-0.5633
-0.5633
-0.64649
-0.58932
-0.58932
-0.58932
-0.58932
-0.61284
-0.61284
-0.56675
-0.56675
0
0
0
0
0
0
0
0
-7.3592
0
0
0
0
-0.61994
-0.61994
-0.58673
-0.6431
-0.6431
16.9616
-0.5633
-0.5633
-0.64649
-0.58932
-0.58932
-0.58932
-0.58932
-0.61284
-0.61284
-0.56675
-0.56675
0
0
0
0
0
0
0
0
0
0
-7.3592
0
0
-0.55716
-0.55716
-0.52746
-0.5633
-0.5633
-0.5633
8.6078
-0.49951
-0.57205
-0.52291
-0.52291
-0.52291
-0.52291
-0.55342
-0.55342
-0.50306
-0.50306
0
0
0
0
0
0
0
0
0
0
0
0
0
-0.55716
-0.55716
-0.52746
-0.5633
-0.5633
-0.5633
-0.49951
8.6078
-0.57205
-0.52291
-0.52291
-0.52291
-0.52291
-0.55342
-0.55342
-0.50306
-0.50306
0
0
0
0
0
0
0
0
0
0
0
0
0
-0.6377
-0.6377
-0.60372
-0.64649
-0.64649
-0.64649
-0.57205
-0.57205
11.0674
-0.63119
-0.63119
-0.63119
-0.63119
0
0
0
0
0
0
0
0
0
0
0
0
0
-3.5799
0
0
0
-0.58043
-0.58043
-0.54775
-0.58932
-0.58932
-0.58932
-0.52291
-0.52291
-0.63119
6.7614
-0.53593
-0.53593
-0.53593
0
0
0
0
0
0
0
0
0
0
0
0
0
0
0
0
0
-0.58043
-0.58043
-0.54775
-0.58932
-0.58932
-0.58932
-0.52291
-0.52291
-0.63119
-0.53593
6.7614
-0.53593
-0.53593
0
0
0
0
0
0
0
0
0
0
0
0
0
0
0
0
0
-0.58043
-0.58043
-0.54775
-0.58932
-0.58932
-0.58932
-0.52291
-0.52291
-0.63119
-0.53593
-0.53593
6.7614
-0.53593
0
0
0
0
0
0
0
0
0
0
0
0
0
0
0
0
0
-0.58043
-0.58043
-0.54775
-0.58932
-0.58932
-0.58932
-0.52291
-0.52291
-0.63119
-0.53593
-0.53593
-0.53593
6.7614
0
0
0
0
0
0
0
0
0
0
0
0
0
0
0
0
0
-0.60431
-0.60431
-0.58034
-0.61284
-0.61284
-0.61284
-0.55342
-0.55342
0
0
0
0
0
4.8388
0
0
0
0
0
0
0
0
0
-0.1045
0
0
0
0
0
0
-0.60431
-0.60431
-0.58034
-0.61284
-0.61284
-0.61284
-0.55342
-0.55342
0
0
0
0
0
0
4.8388
0
0
0
0
0
0
0
0
0
0
0
0
0
0
-0.1045
-0.55856
-0.55856
-0.52706
-0.56675
-0.56675
-0.56675
-0.50306
-0.50306
0
0
0
0
0
0
0
4.3506
0
0
0
0
0
0
0
0
0
0
0
0
0
0
-0.55856
-0.55856
-0.52706
-0.56675
-0.56675
-0.56675
-0.50306
-0.50306
0
0
0
0
0
0
0
0
4.3506
0
0
0
0
0
0
0
0
0
0
0
0
0
-0.26983
-0.26983
-0.26822
0
0
0
0
0
0
0
0
0
0
0
0
0
0
17.293
0
0
-8.2425
0
0
0
0
0
0
0
-8.2425
0
-0.87778
-0.87778
-0.79299
0
0
0
0
0
0
0
0
0
0
0
0
0
0
0
2.5485
0
0
0
0
0
0
0
0
0
0
0
-0.87778
-0.87778
-0.79299
0
0
0
0
0
0
0
0
0
0
0
0
0
0
0
0
2.5485
0
0
0
0
0
0
0
0
0
0
0
0
0
0
0
0
0
0
0
0
0
0
0
0
0
0
0
-8.2425
0
0
8.2425
0
0
0
0
0
0
0
0
0
0
0
0
-7.3592
0
0
0
0
0
0
0
0
0
0
0
0
0
0
0
0
0
7.3592
0
0
0
0
0
0
0
0
0
-8.7223
0
0
0
0
0
0
0
0
0
0
0
0
0
0
0
0
0
0
0
0
8.7223
0
0
0
0
0
0
0
0
0
0
0
0
0
0
0
0
0
0
0
0
-0.1045
0
0
0
0
0
0
0
0
0
0.1045
0
0
0
0
0
0
-8.7223
0
0
0
0
0
0
0
0
0
0
0
0
0
0
0
0
0
0
0
0
0
0
0
8.7223
0
0
0
0
0
0
0
0
0
-7.3592
0
0
0
0
0
0
0
0
0
0
0
0
0
0
0
0
0
0
0
0
7.3592
0
0
0
0
0
0
0
0
0
0
0
0
-3.5799
0
0
0
0
0
0
0
0
0
0
0
0
0
0
0
0
0
3.5799
0
0
0
0
0
0
0
0
-7.3592
0
0
0
0
0
0
0
0
0
0
0
0
0
0
0
0
0
0
0
0
0
7.3592
0
0
0
0
0
0
0
0
0
0
0
0
0
0
0
0
0
0
0
-8.2425
0
0
0
0
0
0
0
0
0
0
8.2425
0
0
0
0
0
0
0
0
0
0
0
0
0
0
0
-0.1045
0
0
0
0
0
0
0
0
0
0
0
0
0
0
0.1045
