16.9912
-0.73162
-0.73041
-0.72072
-0.70892
-0.72072
-0.71116
-0.70025
-0.70025
-0.69189
-0.71721
-0.71525
-0.70693
-0.69873
0
-0.74106
-0.68482
-0.55528
0
0
0
0
-5.756
0
0
0
0
0
0
0
-0.73162
15.4967
-0.75624
-0.74336
-0.72784
-0.74336
-0.73798
-0.71617
-0.71617
-0.70827
-0.73514
-0.73368
-0.71965
-0.71421
-0.66675
0
0
0
0
0
0
0
0
0
0
0
0
0
0
-5.3462
-0.73041
-0.75624
11.7801
-0.73578
-0.72387
-0.73578
-0.73671
-0.71052
-0.71052
-0.70406
-0.72889
-0.72689
-0.71908
-0.70827
0
-0.7379
0
0
0
-1.6151
0
0
0
0
0
0
0
0
0
0
-0.72072
-0.74336
-0.73578
14.2783
-0.70978
-0.72143
-0.72381
-0.70069
-0.70069
-0.6942
-0.71883
-0.71805
-0.70582
-0.70018
0
0
0
0
0
0
0
0
0
0
0
0
0
-4.985
0
0
-0.70892
-0.72784
-0.72387
-0.70978
9.8126
-0.70978
-0.71523
-0.69135
-0.69135
-0.68437
-0.70785
-0.70658
-0.6959
-0.68952
-0.65028
0
0
0
0
0
0
0
0
0
0
0
0
0
0
0
-0.72072
-0.74336
-0.73578
-0.72143
-0.70978
14.2783
-0.72381
-0.70069
-0.70069
-0.6942
-0.71883
-0.71805
-0.70582
-0.70018
0
0
0
0
0
0
0
0
0
-4.985
0
0
0
0
0
0
-0.71116
-0.73798
-0.73671
-0.72381
-0.71523
-0.72381
19.8042
-0.7042
-0.7042
-0.67568
-0.70057
0
0
0
0
0
-0.68783
0
0
0
-5.9915
0
0
0
0
-5.9915
0
0
0
0
-0.70025
-0.71617
-0.71052
-0.70069
-0.69135
-0.70069
-0.7042
9.0285
-0.67746
-0.67212
-0.69592
-0.69518
-0.6852
-0.67877
0
0
0
0
0
0
0
0
0
0
0
0
0
0
0
0
-0.70025
-0.71617
-0.71052
-0.70069
-0.69135
-0.70069
-0.7042
-0.67746
9.0285
-0.67212
-0.69592
-0.69518
-0.6852
-0.67877
0
0
0
0
0
0
0
0
0
0
0
0
0
0
0
0
-0.69189
-0.70827
-0.70406
-0.6942
-0.68437
-0.6942
-0.67568
-0.67212
-0.67212
8.2158
-0.68751
-0.69258
0
0
-0.63881
0
0
0
0
0
0
0
0
0
0
0
0
0
0
0
-0.71721
-0.73514
-0.72889
-0.71883
-0.70785
-0.71883
-0.70057
-0.69592
-0.69592
-0.68751
7.1067
0
0
0
0
0
0
0
0
0
0
0
0
0
0
0
0
0
0
0
-0.71525
-0.73368
-0.72689
-0.71805
-0.70658
-0.71805
0
-0.69518
-0.69518
-0.69258
0
6.4014
0
0
0
0
0
0
0
0
0
0
0
0
0
0
0
0
0
0
-0.70693
-0.71965
-0.71908
-0.70582
-0.6959
-0.70582
0
-0.6852
-0.6852
0
0
0
6.1759
0
0
0
0
0
-0.55225
0
0
0
0
0
0
0
0
0
0
0
-0.69873
-0.71421
-0.70827
-0.70018
-0.68952
-0.70018
0
-0.67877
-0.67877
0
0
0
0
5.5686
0
0
0
0
0
0
0
0
0
0
0
0
0
0
0
0
0
-0.66675
0
0
-0.65028
0
0
0
0
-0.63881
0
0
0
0
2.5946
0
0
0
0
0
0
0
0
0
0
0
-0.63881
0
0
0
-0.74106
0
-0.7379
0
0
0
0
0
0
0
0
0
0
0
0
2.8769
0
-0.71449
-0.68344
0
0
0
0
0
0
0
0
0
0
0
-0.68482
0
0
0
0
0
-0.68783
0
0
0
0
0
0
0
0
0
3.9148
0
0
-1.5345
0
0
0
0
-1.0076
0
0
0
0
0
-0.55528
0
0
0
0
0
0
0
0
0
0
0
0
0
0
-0.71449
0
1.8433
0
0
0
0
0
0
0
0
0
0
-0.57353
0
0
0
0
0
0
0
0
0
0
0
0
0
-0.55225
0
0
-0.68344
0
0
1.8073
0
0
-0.57157
0
0
0
0
0
0
0
0
0
0
-1.6151
0
0
0
0
0
0
0
0
0
0
0
0
0
-1.5345
0
0
3.1496
0
0
0
0
0
0
0
0
0
0
0
0
0
0
0
0
-5.9915
0
0
0
0
0
0
0
0
0
0
0
0
0
5.9915
0
0
0
0
0
0
0
0
0
0
0
0
0
0
0
0
0
0
0
0
0
0
0
0
0
0
0
-0.57157
0
0
0.57157
0
0
0
0
0
0
0
0
-5.756
0
0
0
0
0
0
0
0
0
0
0
0
0
0
0
0
0
0
0
0
0
5.756
0
0
0
0
0
0
0
0
0
0
0
0
-4.985
0
0
0
0
0
0
0
0
0
0
0
0
0
0
0
0
0
4.985
0
0
0
0
0
0
0
0
0
0
0
0
0
0
0
0
0
0
0
0
0
0
-1.0076
0
0
0
0
0
0
0
1.0076
0
0
0
0
0
0
0
0
0
0
0
-5.9915
0
0
0
0
0
0
0
0
0
0
0
0
0
0
0
0
0
0
5.9915
0
0
0
0
0
0
0
0
0
0
0
0
0
0
0
0
0
0
-0.63881
0
0
0
0
0
0
0
0
0
0
0
0.63881
0
0
0
0
0
0
-4.985
0
0
0
0
0
0
0
0
0
0
0
0
0
0
0
0
0
0
0
0
0
0
0
4.985
0
0
0
0
0
0
0
0
0
0
0
0
0
0
0
0
0
0
0
-0.57353
0
0
0
0
0
0
0
0
0
0
0.57353
0
0
-5.3462
0
0
0
0
0
0
0
0
0
0
0
0
0
0
0
0
0
0
0
0
0
0
0
0
0
0
0
5.3462
