13.5469
-0.66441
-0.67174
-0.69195
-0.69195
-0.69195
-0.68116
-0.68146
-0.65733
-0.65733
-0.59759
-0.59453
-0.62415
-0.59453
-0.57835
-0.66578
-0.63041
-0.61396
0
-0.24864
-2.3097
0
0
0
0
0
0
0
0
0
-0.66441
13.5469
-0.67174
-0.69195
-0.69195
-0.69195
-0.68116
-0.68146
-0.65733
-0.65733
-0.59759
-0.59453
-0.62415
-0.59453
-0.57835
-0.66578
-0.63041
-0.61396
0
-0.24864
-2.3097
0
0
0
0
0
0
0
0
0
-0.67174
-0.67174
11.2529
-0.69661
-0.69661
-0.69661
-0.68004
-0.67708
-0.66112
-0.66112
-0.6061
-0.59725
-0.62384
-0.59725
-0.58166
-0.66232
-0.63502
-0.60534
-0.23148
0
0
0
0
0
0
0
0
0
0
0
-0.69195
-0.69195
-0.69661
11.2931
-0.70079
-0.70079
-0.70382
-0.70876
-0.67579
-0.67579
-0.62138
-0.60973
-0.64344
-0.60973
-0.59367
-0.68603
-0.64956
-0.63328
0
0
0
0
0
0
0
0
0
0
0
0
-0.69195
-0.69195
-0.69661
-0.70079
11.2931
-0.70079
-0.70382
-0.70876
-0.67579
-0.67579
-0.62138
-0.60973
-0.64344
-0.60973
-0.59367
-0.68603
-0.64956
-0.63328
0
0
0
0
0
0
0
0
0
0
0
0
-0.69195
-0.69195
-0.69661
-0.70079
-0.70079
11.2931
-0.70382
-0.70876
-0.67579
-0.67579
-0.62138
-0.60973
-0.64344
-0.60973
-0.59367
-0.68603
-0.64956
-0.63328
0
0
0
0
0
0
0
0
0
0
0
0
-0.68116
-0.68116
-0.68004
-0.70382
-0.70382
-0.70382
18.1769
-0.69153
-0.66521
-0.66521
-0.60068
-0.58685
-0.62267
-0.58685
-0.57399
-0.66495
0
0
0
0
0
0
0
-8.3651
0
0
0
0
0
0
-0.68146
-0.68146
-0.67708
-0.70876
-0.70876
-0.70876
-0.69153
29.524
-0.68463
-0.68463
-0.5902
-0.60193
-0.60339
-0.60193
-0.56356
0
0
0
0
0
0
0
0
0
0
-10.168
-10.168
0
0
0
-0.65733
-0.65733
-0.66112
-0.67579
-0.67579
-0.67579
-0.66521
-0.68463
10.1484
-0.62736
-0.58688
-0.57159
-0.60907
-0.57159
-0.55834
-0.6502
-0.62039
0
0
0
0
0
0
0
0
0
0
0
0
0
-0.65733
-0.65733
-0.66112
-0.67579
-0.67579
-0.67579
-0.66521
-0.68463
-0.62736
10.1484
-0.58688
-0.57159
-0.60907
-0.57159
-0.55834
-0.6502
-0.62039
0
0
0
0
0
0
0
0
0
0
0
0
0
-0.59759
-0.59759
-0.6061
-0.62138
-0.62138
-0.62138
-0.60068
-0.5902
-0.58688
-0.58688
8.3009
-0.52335
-0.52239
-0.52335
-0.48718
0
0
0
-0.21457
0
0
0
0
0
0
0
0
0
0
0
-0.59453
-0.59453
-0.59725
-0.60973
-0.60973
-0.60973
-0.58685
-0.60193
-0.57159
-0.57159
-0.52335
8.5811
-0.54159
-0.49536
-0.49786
-0.57547
0
0
0
0
0
0
0
0
0
0
0
0
0
0
-0.62415
-0.62415
-0.62384
-0.64344
-0.64344
-0.64344
-0.62267
-0.60339
-0.60907
-0.60907
-0.52239
-0.54159
16.0646
-0.54159
-0.50431
0
0
0
0
0
0
0
-7.7081
0
0
0
0
0
0
0
-0.59453
-0.59453
-0.59725
-0.60973
-0.60973
-0.60973
-0.58685
-0.60193
-0.57159
-0.57159
-0.52335
-0.49536
-0.54159
8.5811
-0.49786
-0.57547
0
0
0
0
0
0
0
0
0
0
0
0
0
0
-0.57835
-0.57835
-0.58166
-0.59367
-0.59367
-0.59367
-0.57399
-0.56356
-0.55834
-0.55834
-0.48718
-0.49786
-0.50431
-0.49786
7.7608
0
0
0
0
0
0
0
0
0
0
0
0
0
0
0
-0.66578
-0.66578
-0.66232
-0.68603
-0.68603
-0.68603
-0.66495
0
-0.6502
-0.6502
0
-0.57547
0
-0.57547
0
13.2239
0
0
0
0
0
-6.0556
0
0
0
0
0
0
0
0
-0.63041
-0.63041
-0.63502
-0.64956
-0.64956
-0.64956
0
0
-0.62039
-0.62039
0
0
0
0
0
0
5.0853
0
0
0
0
0
0
0
0
0
0
0
0
0
-0.61396
-0.61396
-0.60534
-0.63328
-0.63328
-0.63328
0
0
0
0
0
0
0
0
0
0
0
18.7146
0
0
0
0
0
0
0
0
0
-7.4908
-7.4908
0
0
0
-0.23148
0
0
0
0
0
0
0
-0.21457
0
0
0
0
0
0
0
0.55055
0
0
0
0
0
0
0
0
0
0
-0.1045
-0.24864
-0.24864
0
0
0
0
0
0
0
0
0
0
0
0
0
0
0
0
0
0.62041
0
0
0
0
-0.12313
0
0
0
0
0
-2.3097
-2.3097
0
0
0
0
0
0
0
0
0
0
0
0
0
0
0
0
0
0
4.6194
0
0
0
0
0
0
0
0
0
0
0
0
0
0
0
0
0
0
0
0
0
0
0
0
-6.0556
0
0
0
0
0
6.0556
0
0
0
0
0
0
0
0
0
0
0
0
0
0
0
0
0
0
0
0
-7.7081
0
0
0
0
0
0
0
0
0
7.7081
0
0
0
0
0
0
0
0
0
0
0
0
0
-8.3651
0
0
0
0
0
0
0
0
0
0
0
0
0
0
0
0
8.3651
0
0
0
0
0
0
0
0
0
0
0
0
0
0
0
0
0
0
0
0
0
0
0
0
0
-0.12313
0
0
0
0
0.12313
0
0
0
0
0
0
0
0
0
0
0
0
-10.168
0
0
0
0
0
0
0
0
0
0
0
0
0
0
0
0
0
10.168
0
0
0
0
0
0
0
0
0
0
0
-10.168
0
0
0
0
0
0
0
0
0
0
0
0
0
0
0
0
0
0
10.168
0
0
0
0
0
0
0
0
0
0
0
0
0
0
0
0
0
0
0
0
-7.4908
0
0
0
0
0
0
0
0
0
7.4908
0
0
0
0
0
0
0
0
0
0
0
0
0
0
0
0
0
0
0
-7.4908
0
0
0
0
0
0
0
0
0
0
7.4908
0
0
0
0
0
0
0
0
0
0
0
0
0
0
0
0
0
0
0
-0.1045
0
0
0
0
0
0
0
0
0
0
0.1045
