22.1167
-0.54879
-0.51111
-0.51002
-0.51979
-0.51979
-0.53052
-0.53052
-0.50499
-0.54431
-0.55782
-0.52868
-0.47064
-0.54259
-0.54956
-0.59322
-0.43321
-0.43321
-0.42332
0
0
0
0
0
0
0
0
0
-12.8646
0
-0.54879
22.1167
-0.51111
-0.51002
-0.51979
-0.51979
-0.53052
-0.53052
-0.50499
-0.54431
-0.55782
-0.52868
-0.47064
-0.54259
-0.54956
-0.59322
-0.43321
-0.43321
-0.42332
0
-12.8646
0
0
0
0
0
0
0
0
0
-0.51111
-0.51111
8.7314
-0.48065
-0.48886
-0.48886
-0.49852
-0.49852
-0.4759
-0.50597
-0.51805
-0.49641
-0.4484
-0.50925
-0.51348
-0.55455
-0.41324
-0.41324
-0.4053
0
0
0
0
0
0
0
0
0
0
0
-0.51002
-0.51002
-0.48065
8.3068
-0.48816
-0.48816
-0.49773
-0.49773
-0.47363
-0.50418
-0.51619
-0.49536
-0.44765
-0.50834
-0.51198
-0.5535
-0.41174
-0.41174
0
0
0
0
0
0
0
0
0
0
0
0
-0.51979
-0.51979
-0.48886
-0.48816
7.6473
-0.48793
-0.50993
-0.50993
-0.48506
-0.51824
-0.53104
-0.50526
-0.4688
-0.51832
-0.53078
-0.56539
0
0
0
0
0
0
0
0
0
0
0
0
0
0
-0.51979
-0.51979
-0.48886
-0.48816
-0.48793
7.6473
-0.50993
-0.50993
-0.48506
-0.51824
-0.53104
-0.50526
-0.4688
-0.51832
-0.53078
-0.56539
0
0
0
0
0
0
0
0
0
0
0
0
0
0
-0.53052
-0.53052
-0.49852
-0.49773
-0.50993
-0.50993
6.6765
-0.49965
-0.49784
-0.53123
-0.54139
-0.51398
-0.48611
-0.52917
0
0
0
0
0
0
0
0
0
0
0
0
0
0
0
0
-0.53052
-0.53052
-0.49852
-0.49773
-0.50993
-0.50993
-0.49965
6.6765
-0.49784
-0.53123
-0.54139
-0.51398
-0.48611
-0.52917
0
0
0
0
0
0
0
0
0
0
0
0
0
0
0
0
-0.50499
-0.50499
-0.4759
-0.47363
-0.48506
-0.48506
-0.49784
-0.49784
5.5633
-0.50483
-0.48703
-0.48383
0
0
0
0
0
0
0
-0.16233
0
0
0
0
0
0
0
0
0
0
-0.54431
-0.54431
-0.50597
-0.50418
-0.51824
-0.51824
-0.53123
-0.53123
-0.50483
14.3246
-0.53163
-0.51317
0
0
0
0
0
0
0
0
0
-8.5773
0
0
0
0
0
0
0
0
-0.55782
-0.55782
-0.51805
-0.51619
-0.53104
-0.53104
-0.54139
-0.54139
-0.48703
-0.53163
13.1684
0
0
0
0
0
0
0
0
0
0
0
0
0
-7.855
0
0
0
0
0
-0.52868
-0.52868
-0.49641
-0.49536
-0.50526
-0.50526
-0.51398
-0.51398
-0.48383
-0.51317
0
5.0846
0
0
0
0
0
0
0
0
0
0
0
0
0
0
0
0
0
0
-0.47064
-0.47064
-0.4484
-0.44765
-0.4688
-0.4688
-0.48611
-0.48611
0
0
0
0
22.4293
0
0
0
0
0
0
0
0
0
0
0
0
-9.3411
0
-9.3411
0
0
-0.54259
-0.54259
-0.50925
-0.50834
-0.51832
-0.51832
-0.52917
-0.52917
0
0
0
0
0
4.1977
0
0
0
0
0
0
0
0
0
0
0
0
0
0
0
0
-0.54956
-0.54956
-0.51348
-0.51198
-0.53078
-0.53078
0
0
0
0
0
0
0
0
5.1845
0
0
0
0
0
0
0
0
0
0
0
-1.9984
0
0
0
-0.59322
-0.59322
-0.55455
-0.5535
-0.56539
-0.56539
0
0
0
0
0
0
0
0
0
3.4253
0
0
0
0
0
0
0
0
0
0
0
0
0
0
-0.43321
-0.43321
-0.41324
-0.41174
0
0
0
0
0
0
0
0
0
0
0
0
1.7959
0
0
0
0
0
0
0
0
0
0
0
0
-0.1045
-0.43321
-0.43321
-0.41324
-0.41174
0
0
0
0
0
0
0
0
0
0
0
0
0
1.7959
0
0
0
0
0
-0.1045
0
0
0
0
0
0
-0.42332
-0.42332
-0.4053
0
0
0
0
0
0
0
0
0
0
0
0
0
0
0
1.438
-0.18603
0
0
0
0
0
0
0
0
0
0
0
0
0
0
0
0
0
0
-0.16233
0
0
0
0
0
0
0
0
0
-0.18603
0.48529
0
0
-0.13693
0
0
0
0
0
0
0
0
-12.8646
0
0
0
0
0
0
0
0
0
0
0
0
0
0
0
0
0
0
12.8646
0
0
0
0
0
0
0
0
0
0
0
0
0
0
0
0
0
0
-8.5773
0
0
0
0
0
0
0
0
0
0
0
8.5773
0
0
0
0
0
0
0
0
0
0
0
0
0
0
0
0
0
0
0
0
0
0
0
0
0
0
0
-0.13693
0
0
0.13693
0
0
0
0
0
0
0
0
0
0
0
0
0
0
0
0
0
0
0
0
0
0
0
0
-0.1045
0
0
0
0
0
0.1045
0
0
0
0
0
0
0
0
0
0
0
0
0
0
0
0
-7.855
0
0
0
0
0
0
0
0
0
0
0
0
0
7.855
0
0
0
0
0
0
0
0
0
0
0
0
0
0
0
0
0
-9.3411
0
0
0
0
0
0
0
0
0
0
0
0
9.3411
0
0
0
0
0
0
0
0
0
0
0
0
0
0
0
0
0
0
-1.9984
0
0
0
0
0
0
0
0
0
0
0
1.9984
0
0
0
0
0
0
0
0
0
0
0
0
0
0
0
-9.3411
0
0
0
0
0
0
0
0
0
0
0
0
0
0
9.3411
0
0
-12.8646
0
0
0
0
0
0
0
0
0
0
0
0
0
0
0
0
0
0
0
0
0
0
0
0
0
0
0
12.8646
0
0
0
0
0
0
0
0
0
0
0
0
0
0
0
0
0
-0.1045
0
0
0
0
0
0
0
0
0
0
0
0
0.1045
