26.9783
-1.0424
-1.0424
-1.0516
-1.0516
-0.87663
-0.87663
-0.87789
-0.87663
-0.87663
-0.95732
-0.9432
-0.9432
-0.9432
-0.92068
-0.86571
-0.93039
-0.94926
-1.0101
-1.0101
-0.86538
-1.8227
0
0
0
0
0
-6.2446
0
0
-1.0424
24.6154
-1.0342
-1.0473
-1.0473
-0.85732
-0.85732
-0.8764
-0.85732
-0.85732
-0.93636
-0.92431
-0.92431
-0.92431
-0.90335
-0.84826
-0.91153
-0.92965
-0.98914
-0.98914
-0.84781
0
0
0
0
0
0
0
-6.0104
0
-1.0424
-1.0342
24.6154
-1.0473
-1.0473
-0.85732
-0.85732
-0.8764
-0.85732
-0.85732
-0.93636
-0.92431
-0.92431
-0.92431
-0.90335
-0.84826
-0.91153
-0.92965
-0.98914
-0.98914
-0.84781
0
0
0
0
0
0
0
0
-6.0104
-1.0516
-1.0473
-1.0473
20.2253
-1.0058
-0.8486
-0.8486
-0.86666
-0.8486
-0.8486
-0.98221
-0.91565
-0.91565
-0.91565
-0.89892
-0.84071
-0.90309
-0.91674
-0.97364
-0.97364
-0.83451
0
0
-1.7419
0
0
0
0
0
0
-1.0516
-1.0473
-1.0473
-1.0058
20.2253
-0.8486
-0.8486
-0.86666
-0.8486
-0.8486
-0.98221
-0.91565
-0.91565
-0.91565
-0.89892
-0.84071
-0.90309
-0.91674
-0.97364
-0.97364
-0.83451
0
0
-1.7419
0
0
0
0
0
0
-0.87663
-0.85732
-0.85732
-0.8486
-0.8486
15.4254
-0.69392
-0.72952
-0.69392
-0.69392
-0.79365
-0.75989
-0.75989
-0.75989
-0.74407
-0.69797
-0.7484
-0.75844
-0.80511
-0.80511
-0.6932
0
0
0
0
0
0
0
0
0
-0.87663
-0.85732
-0.85732
-0.8486
-0.8486
-0.69392
15.4254
-0.72952
-0.69392
-0.69392
-0.79365
-0.75989
-0.75989
-0.75989
-0.74407
-0.69797
-0.7484
-0.75844
-0.80511
-0.80511
-0.6932
0
0
0
0
0
0
0
0
0
-0.87789
-0.8764
-0.8764
-0.86666
-0.86666
-0.72952
-0.72952
16.4725
-0.72952
-0.72952
-0.77521
-0.75768
-0.75768
-0.75768
-0.73644
-0.69475
-0.74494
-0.75365
-0.80175
-0.80175
0
-1.6088
0
0
0
0
0
0
0
0
-0.87663
-0.85732
-0.85732
-0.8486
-0.8486
-0.69392
-0.69392
-0.72952
15.4254
-0.69392
-0.79365
-0.75989
-0.75989
-0.75989
-0.74407
-0.69797
-0.7484
-0.75844
-0.80511
-0.80511
-0.6932
0
0
0
0
0
0
0
0
0
-0.87663
-0.85732
-0.85732
-0.8486
-0.8486
-0.69392
-0.69392
-0.72952
-0.69392
15.4254
-0.79365
-0.75989
-0.75989
-0.75989
-0.74407
-0.69797
-0.7484
-0.75844
-0.80511
-0.80511
-0.6932
0
0
0
0
0
0
0
0
0
-0.95732
-0.93636
-0.93636
-0.98221
-0.98221
-0.79365
-0.79365
-0.77521
-0.79365
-0.79365
25.5843
-0.89244
-0.89244
-0.89244
-0.86837
-0.79482
-0.87032
0
0
0
0
0
0
0
0
-5.8146
-5.8146
0
0
0
-0.9432
-0.92431
-0.92431
-0.91565
-0.91565
-0.75989
-0.75989
-0.75768
-0.75989
-0.75989
-0.89244
14.0844
-0.80077
-0.80077
-0.80783
-0.73754
-0.80616
-0.81854
0
0
0
0
0
0
0
0
0
0
0
0
-0.9432
-0.92431
-0.92431
-0.91565
-0.91565
-0.75989
-0.75989
-0.75768
-0.75989
-0.75989
-0.89244
-0.80077
14.0844
-0.80077
-0.80783
-0.73754
-0.80616
-0.81854
0
0
0
0
0
0
0
0
0
0
0
0
-0.9432
-0.92431
-0.92431
-0.91565
-0.91565
-0.75989
-0.75989
-0.75768
-0.75989
-0.75989
-0.89244
-0.80077
-0.80077
14.0844
-0.80783
-0.73754
-0.80616
-0.81854
0
0
0
0
0
0
0
0
0
0
0
0
-0.92068
-0.90335
-0.90335
-0.89892
-0.89892
-0.74407
-0.74407
-0.73644
-0.74407
-0.74407
-0.86837
-0.80783
-0.80783
-0.80783
12.8035
-0.68307
0
0
0
0
0
0
-0.5906
0
0
0
0
0
0
0
-0.86571
-0.84826
-0.84826
-0.84071
-0.84071
-0.69797
-0.69797
-0.69475
-0.69797
-0.69797
-0.79482
-0.73754
-0.73754
-0.73754
-0.68307
12.129
-0.70818
0
0
0
0
0
0
0
0
0
0
0
0
0
-0.93039
-0.91153
-0.91153
-0.90309
-0.90309
-0.7484
-0.7484
-0.74494
-0.7484
-0.7484
-0.87032
-0.80616
-0.80616
-0.80616
0
-0.70818
12.2952
0
0
0
0
0
0
0
0
0
0
0
0
0
-0.94926
-0.92965
-0.92965
-0.91674
-0.91674
-0.75844
-0.75844
-0.75365
-0.75844
-0.75844
0
-0.81854
-0.81854
-0.81854
0
0
0
10.8851
0
0
0
0
0
0
0
0
0
0
0
0
-1.0101
-0.98914
-0.98914
-0.97364
-0.97364
-0.80511
-0.80511
-0.80175
-0.80511
-0.80511
0
0
0
0
0
0
0
0
8.9578
0
0
0
0
0
0
0
0
0
0
0
-1.0101
-0.98914
-0.98914
-0.97364
-0.97364
-0.80511
-0.80511
-0.80175
-0.80511
-0.80511
0
0
0
0
0
0
0
0
0
8.9578
0
0
0
0
0
0
0
0
0
0
-0.86538
-0.84781
-0.84781
-0.83451
-0.83451
-0.6932
-0.6932
0
-0.6932
-0.6932
0
0
0
0
0
0
0
0
0
0
7.0028
0
0
0
0
0
0
0
0
0
-1.8227
0
0
0
0
0
0
-1.6088
0
0
0
0
0
0
0
0
0
0
0
0
0
4.3354
-0.90379
0
0
0
0
0
0
0
0
0
0
0
0
0
0
0
0
0
0
0
0
0
-0.5906
0
0
0
0
0
0
-0.90379
3.0391
0
-1.5447
0
0
0
0
0
0
0
0
-1.7419
-1.7419
0
0
0
0
0
0
0
0
0
0
0
0
0
0
0
0
0
0
3.4838
0
0
0
0
0
0
0
0
0
0
0
0
0
0
0
0
0
0
0
0
0
0
0
0
0
0
0
0
-1.5447
0
1.5447
0
0
0
0
0
0
0
0
0
0
0
0
0
0
0
-5.8146
0
0
0
0
0
0
0
0
0
0
0
0
0
0
5.8146
0
0
0
0
0
0
0
0
0
0
0
0
0
0
-5.8146
0
0
0
0
0
0
0
0
0
0
0
0
0
0
0
5.8146
0
0
0
-6.2446
0
0
0
0
0
0
0
0
0
0
0
0
0
0
0
0
0
0
0
0
0
0
0
0
0
0
6.2446
0
0
0
-6.0104
0
0
0
0
0
0
0
0
0
0
0
0
0
0
0
0
0
0
0
0
0
0
0
0
0
0
6.0104
0
0
0
-6.0104
0
0
0
0
0
0
0
0
0
0
0
0
0
0
0
0
0
0
0
0
0
0
0
0
0
0
6.0104
