25.804
-1.0636
-0.96787
-0.96787
-0.96787
-0.96787
-0.96787
-0.98726
-0.98726
-0.79339
-0.79339
-0.79339
-0.79339
-0.98138
-0.93822
-0.92975
-0.91903
-0.925
-0.86851
-0.86851
0
-0.29607
0
-8.0264
0
0
0
0
0
0
-1.0636
26.5108
-0.96439
-0.96439
-0.96439
-0.96439
-0.96439
-0.98857
-0.98857
-0.79647
-0.79647
-0.79647
-0.79647
-0.97942
-0.9483
-0.93389
-0.92247
-0.9351
-0.87178
-0.87178
-0.97425
0
0
0
-8.0252
0
0
0
0
0
-0.96787
-0.96439
16.5255
-0.83727
-0.83727
-0.83727
-0.83727
-0.89496
-0.89496
-0.70899
-0.70899
-0.70899
-0.70899
-0.87869
-0.84903
-0.82827
-0.81791
-0.83932
-0.77525
-0.77525
-0.85452
0
0
0
0
0
0
0
0
0
-0.96787
-0.96439
-0.83727
16.5255
-0.83727
-0.83727
-0.83727
-0.89496
-0.89496
-0.70899
-0.70899
-0.70899
-0.70899
-0.87869
-0.84903
-0.82827
-0.81791
-0.83932
-0.77525
-0.77525
-0.85452
0
0
0
0
0
0
0
0
0
-0.96787
-0.96439
-0.83727
-0.83727
16.5255
-0.83727
-0.83727
-0.89496
-0.89496
-0.70899
-0.70899
-0.70899
-0.70899
-0.87869
-0.84903
-0.82827
-0.81791
-0.83932
-0.77525
-0.77525
-0.85452
0
0
0
0
0
0
0
0
0
-0.96787
-0.96439
-0.83727
-0.83727
-0.83727
16.5255
-0.83727
-0.89496
-0.89496
-0.70899
-0.70899
-0.70899
-0.70899
-0.87869
-0.84903
-0.82827
-0.81791
-0.83932
-0.77525
-0.77525
-0.85452
0
0
0
0
0
0
0
0
0
-0.96787
-0.96439
-0.83727
-0.83727
-0.83727
-0.83727
16.5255
-0.89496
-0.89496
-0.70899
-0.70899
-0.70899
-0.70899
-0.87869
-0.84903
-0.82827
-0.81791
-0.83932
-0.77525
-0.77525
-0.85452
0
0
0
0
0
0
0
0
0
-0.98726
-0.98857
-0.89496
-0.89496
-0.89496
-0.89496
-0.89496
23.6354
-0.90127
-0.71942
-0.71942
-0.71942
-0.71942
-0.8716
-0.84851
-0.84053
-0.83035
-0.83758
-0.78686
-0.78686
0
0
0
0
0
0
-7.6035
0
0
0
-0.98726
-0.98857
-0.89496
-0.89496
-0.89496
-0.89496
-0.89496
-0.90127
23.6354
-0.71942
-0.71942
-0.71942
-0.71942
-0.8716
-0.84851
-0.84053
-0.83035
-0.83758
-0.78686
-0.78686
0
0
0
0
0
0
0
-7.6035
0
0
-0.79339
-0.79647
-0.70899
-0.70899
-0.70899
-0.70899
-0.70899
-0.71942
-0.71942
13.0573
-0.58731
-0.58731
-0.58731
-0.71021
-0.69207
-0.68123
-0.67254
-0.68546
-0.6401
-0.6401
0
0
0
0
0
0
0
0
0
0
-0.79339
-0.79647
-0.70899
-0.70899
-0.70899
-0.70899
-0.70899
-0.71942
-0.71942
-0.58731
13.0573
-0.58731
-0.58731
-0.71021
-0.69207
-0.68123
-0.67254
-0.68546
-0.6401
-0.6401
0
0
0
0
0
0
0
0
0
0
-0.79339
-0.79647
-0.70899
-0.70899
-0.70899
-0.70899
-0.70899
-0.71942
-0.71942
-0.58731
-0.58731
13.0573
-0.58731
-0.71021
-0.69207
-0.68123
-0.67254
-0.68546
-0.6401
-0.6401
0
0
0
0
0
0
0
0
0
0
-0.79339
-0.79647
-0.70899
-0.70899
-0.70899
-0.70899
-0.70899
-0.71942
-0.71942
-0.58731
-0.58731
-0.58731
13.0573
-0.71021
-0.69207
-0.68123
-0.67254
-0.68546
-0.6401
-0.6401
0
0
0
0
0
0
0
0
0
0
-0.98138
-0.97942
-0.87869
-0.87869
-0.87869
-0.87869
-0.87869
-0.8716
-0.8716
-0.71021
-0.71021
-0.71021
-0.71021
15.8162
0
0
0
0
0
0
0
-0.28858
0
0
0
0
0
0
0
-4.5893
-0.93822
-0.9483
-0.84903
-0.84903
-0.84903
-0.84903
-0.84903
-0.84851
-0.84851
-0.69207
-0.69207
-0.69207
-0.69207
0
16.1271
-0.82412
0
0
0
0
0
0
0
0
0
0
0
0
-4.7059
0
-0.92975
-0.93389
-0.82827
-0.82827
-0.82827
-0.82827
-0.82827
-0.84053
-0.84053
-0.68123
-0.68123
-0.68123
-0.68123
0
-0.82412
12.046
-0.81087
0
0
0
0
0
0
0
0
0
0
0
0
0
-0.91903
-0.92247
-0.81791
-0.81791
-0.81791
-0.81791
-0.81791
-0.83035
-0.83035
-0.67254
-0.67254
-0.67254
-0.67254
0
0
-0.81087
11.0927
0
0
0
0
0
0
0
0
0
0
0
0
0
-0.925
-0.9351
-0.83932
-0.83932
-0.83932
-0.83932
-0.83932
-0.83758
-0.83758
-0.68546
-0.68546
-0.68546
-0.68546
0
0
0
0
14.4271
0
0
0
0
0
0
0
-3.9534
0
0
0
0
-0.86851
-0.87178
-0.77525
-0.77525
-0.77525
-0.77525
-0.77525
-0.78686
-0.78686
-0.6401
-0.6401
-0.6401
-0.6401
0
0
0
0
0
9.7507
0
0
0
0
0
0
0
0
0
0
0
-0.86851
-0.87178
-0.77525
-0.77525
-0.77525
-0.77525
-0.77525
-0.78686
-0.78686
-0.6401
-0.6401
-0.6401
-0.6401
0
0
0
0
0
0
9.7507
0
0
0
0
0
0
0
0
0
0
0
-0.97425
-0.85452
-0.85452
-0.85452
-0.85452
-0.85452
0
0
0
0
0
0
0
0
0
0
0
0
0
5.2468
0
0
0
0
0
0
0
0
0
-0.29607
0
0
0
0
0
0
0
0
0
0
0
0
-0.28858
0
0
0
0
0
0
0
0.68915
-0.1045
0
0
0
0
0
0
0
0
0
0
0
0
0
0
0
0
0
0
0
0
0
0
0
0
0
0
0
0
-0.1045
0.1045
0
0
0
0
0
0
0
-8.0264
0
0
0
0
0
0
0
0
0
0
0
0
0
0
0
0
0
0
0
0
0
0
8.0264
0
0
0
0
0
0
0
-8.0252
0
0
0
0
0
0
0
0
0
0
0
0
0
0
0
0
0
0
0
0
0
0
8.0252
0
0
0
0
0
0
0
0
0
0
0
0
0
0
0
0
0
0
0
0
0
0
-3.9534
0
0
0
0
0
0
0
3.9534
0
0
0
0
0
0
0
0
0
0
0
-7.6035
0
0
0
0
0
0
0
0
0
0
0
0
0
0
0
0
0
0
7.6035
0
0
0
0
0
0
0
0
0
0
0
-7.6035
0
0
0
0
0
0
0
0
0
0
0
0
0
0
0
0
0
0
7.6035
0
0
0
0
0
0
0
0
0
0
0
0
0
0
0
0
-4.7059
0
0
0
0
0
0
0
0
0
0
0
0
0
4.7059
0
0
0
0
0
0
0
0
0
0
0
0
0
0
-4.5893
0
0
0
0
0
0
0
0
0
0
0
0
0
0
0
4.5893
