18.031
-0.95903
-1.0091
-1.0184
-0.8445
-0.8444
-0.86599
-0.87443
-0.86123
-0.88627
-0.88093
-0.88093
-0.87369
-0.86485
-0.96237
-0.91287
-0.90266
0
0
-1.8273
0
-1.762
0
0
0
0
0
0
0
0
-0.95903
17.0853
-1.003
-1.0125
-0.8445
-0.84226
-0.86372
-0.87253
-0.86109
-0.9007
-0.8805
-0.8805
-0.8733
-0.86038
-0.96268
-0.90924
-0.89709
0
0
-1.8243
0
0
-0.83803
0
0
0
0
0
0
0
-1.0091
-1.003
16.0963
-0.95429
-0.83005
-0.83515
-0.85325
-0.86042
-0.84413
-0.89131
-0.86706
-0.86706
-0.85559
-0.84951
-0.94973
-0.89513
-0.88456
-0.78198
-1.0649
0
0
0
0
0
0
0
0
0
0
0
-1.0184
-1.0125
-0.95429
17.9446
-0.83442
-0.83892
-0.85617
-0.86347
-0.84915
-0.89634
-0.87031
-0.87031
-0.83999
-0.86893
-0.95751
-0.8976
-0.88616
0
-1.076
0
0
0
0
0
-2.5542
0
0
0
0
0
-0.8445
-0.8445
-0.83005
-0.83442
13.1374
-0.72992
-0.75323
-0.75889
-0.73859
-0.78307
-0.76385
-0.76385
-0.75133
-0.74249
-0.82854
-0.78536
-0.7754
0
0
0
0
0
0
0
0
0
0
-0.6094
0
0
-0.8444
-0.84226
-0.83515
-0.83892
-0.72992
13.4197
-0.75183
-0.75637
-0.7413
-0.77933
-0.76224
-0.76224
-0.75004
-0.7497
-0.82886
-0.78257
-0.77265
0
0
0
-0.89189
0
0
0
0
0
0
0
0
0
-0.86599
-0.86372
-0.85325
-0.85617
-0.75323
-0.75183
12.9108
-0.78436
-0.76812
-0.81097
-0.79016
-0.79016
-0.7768
-0.77859
-0.85832
-0.81011
-0.79906
0
0
0
0
0
0
0
0
0
0
0
0
0
-0.87443
-0.87253
-0.86042
-0.86347
-0.75889
-0.75637
-0.78436
12.2148
-0.80413
-0.80488
-0.79851
-0.79851
-0.77589
-0.77755
-0.86626
-0.81864
0
0
0
0
0
0
0
0
0
0
0
0
0
0
-0.86123
-0.86109
-0.84413
-0.84915
-0.73859
-0.7413
-0.76812
-0.80413
12.2864
-0.7772
-0.78443
-0.78443
-0.75756
-0.75468
0
0
0
0
-1.0008
0
-0.95957
0
0
0
0
0
0
0
0
0
-0.88627
-0.9007
-0.89131
-0.89634
-0.78307
-0.77933
-0.81097
-0.80488
-0.7772
11.5804
-0.84163
-0.84163
0
0
0
0
0
-0.72583
0
0
0
-1.6412
0
0
0
0
0
0
0
0
-0.88093
-0.8805
-0.86706
-0.87031
-0.76385
-0.76224
-0.79016
-0.79851
-0.78443
-0.84163
10.5843
-0.74232
-0.8003
-0.80204
0
0
0
0
0
0
0
0
0
0
0
0
0
0
0
0
-0.88093
-0.8805
-0.86706
-0.87031
-0.76385
-0.76224
-0.79016
-0.79851
-0.78443
-0.84163
-0.74232
10.5843
-0.8003
-0.80204
0
0
0
0
0
0
0
0
0
0
0
0
0
0
0
0
-0.87369
-0.8733
-0.85559
-0.83999
-0.75133
-0.75004
-0.7768
-0.77589
-0.75756
0
-0.8003
-0.8003
11.1593
0
0
0
0
0
0
0
0
0
0
0
-2.3046
0
0
0
0
0
-0.86485
-0.86038
-0.84951
-0.86893
-0.74249
-0.7497
-0.77859
-0.77755
-0.75468
0
-0.80204
-0.80204
0
11.5041
0
0
0
0
0
0
0
0
0
0
0
-2.6534
0
0
0
0
-0.96237
-0.96268
-0.94973
-0.95751
-0.82854
-0.82886
-0.85832
-0.86626
0
0
0
0
0
0
8.2483
0
0
0
0
0
-1.0341
0
0
0
0
0
0
0
0
0
-0.91287
-0.90924
-0.89513
-0.8976
-0.78536
-0.78257
-0.81011
-0.81864
0
0
0
0
0
0
0
6.8115
0
0
0
0
0
0
0
0
0
0
0
0
0
0
-0.90266
-0.89709
-0.88456
-0.88616
-0.7754
-0.77265
-0.79906
0
0
0
0
0
0
0
0
0
5.9176
0
0
0
0
0
0
0
0
0
0
0
0
0
0
0
-0.78198
0
0
0
0
0
0
-0.72583
0
0
0
0
0
0
0
6.4769
0
0
0
0
0
0
0
0
-2.4402
0
-2.5289
0
0
0
-1.0649
-1.076
0
0
0
0
-1.0008
0
0
0
0
0
0
0
0
0
4.4838
0
0
0
0
0
0
0
-1.3422
0
0
0
-1.8273
-1.8243
0
0
0
0
0
0
0
0
0
0
0
0
0
0
0
0
0
8.7575
0
0
0
-2.5276
0
-2.5783
0
0
0
0
0
0
0
0
0
-0.89189
0
0
-0.95957
0
0
0
0
0
-1.0341
0
0
0
0
0
4.1061
0
0
0
0
0
0
0
-1.2205
0
-1.762
0
0
0
0
0
0
0
0
-1.6412
0
0
0
0
0
0
0
0
0
0
0
7.3061
-1.9429
-1.96
0
0
0
0
0
0
0
-0.83803
0
0
0
0
0
0
0
0
0
0
0
0
0
0
0
0
0
0
0
-1.9429
4.439
0
0
0
0
-1.6581
0
0
0
0
0
0
0
0
0
0
0
0
0
0
0
0
0
0
0
0
0
-2.5276
0
-1.96
0
7.7562
0
0
0
0
0
-3.2686
0
0
0
-2.5542
0
0
0
0
0
0
0
0
-2.3046
0
0
0
0
0
0
0
0
0
0
0
4.8588
0
0
0
0
0
0
0
0
0
0
0
0
0
0
0
0
0
0
-2.6534
0
0
0
0
0
-2.5783
0
0
0
0
0
5.2317
0
0
0
0
0
0
0
0
0
0
0
0
0
0
0
0
0
0
0
0
0
-2.4402
-1.3422
0
0
0
0
0
0
0
3.7824
0
0
0
0
0
0
0
-0.6094
0
0
0
0
0
0
0
0
0
0
0
0
0
0
0
0
0
-1.6581
0
0
0
0
2.2675
0
0
0
0
0
0
0
0
0
0
0
0
0
0
0
0
0
0
0
-2.5289
0
0
-1.2205
0
0
0
0
0
0
0
3.7494
0
0
0
0
0
0
0
0
0
0
0
0
0
0
0
0
0
0
0
0
0
0
0
0
-3.2686
0
0
0
0
0
3.2686
