32.7891
-0.69204
-0.69204
-0.67053
-0.65544
-0.66149
-0.66149
-0.60123
-0.67506
-0.70612
-0.65345
-0.72883
-0.63774
-0.65544
-0.65067
-0.88366
-0.77046
0
0
-1.0339
0
0
0
0
0
0
-10.3797
0
-10.3797
0
-0.69204
11.695
-0.65351
-0.70815
-0.64746
-0.63973
-0.63973
-0.58212
-0.67403
-0.69584
-0.63317
-0.70565
-0.63884
-0.63178
-0.62666
-0.85564
-0.71702
0
0
-0.95362
0
0
0
0
0
0
0
0
0
0
-0.69204
-0.65351
11.695
-0.70815
-0.64746
-0.63973
-0.63973
-0.58212
-0.67403
-0.69584
-0.63317
-0.70565
-0.63884
-0.63178
-0.62666
-0.85564
-0.71702
0
0
-0.95362
0
0
0
0
0
0
0
0
0
0
-0.67053
-0.70815
-0.70815
19.4524
-0.66981
-0.66736
-0.66736
-0.59669
-0.68587
-0.70801
-0.65197
-0.72807
-0.6406
-0.67745
-0.64654
0
0
0
0
0
0
0
-1.8553
0
0
0
0
0
0
-8.1705
-0.65544
-0.64746
-0.64746
-0.66981
10.6082
-0.61441
-0.61441
-0.53727
-0.62613
-0.64393
-0.58828
-0.65629
-0.58851
-0.6103
-0.58066
0
0
0
0
0
0
0
0
0
-1.9278
0
0
0
0
0
-0.66149
-0.63973
-0.63973
-0.66736
-0.61441
9.3353
-0.56648
-0.53559
-0.62722
-0.65495
-0.58689
-0.65352
-0.61519
-0.60406
-0.57814
0
-0.69059
0
0
0
0
0
0
0
0
0
0
0
0
0
-0.66149
-0.63973
-0.63973
-0.66736
-0.61441
-0.56648
9.3353
-0.53559
-0.62722
-0.65495
-0.58689
-0.65352
-0.61519
-0.60406
-0.57814
0
-0.69059
0
0
0
0
0
0
0
0
0
0
0
0
0
-0.60123
-0.58212
-0.58212
-0.59669
-0.53727
-0.53559
-0.53559
7.7952
-0.55223
-0.57687
-0.52179
-0.58152
-0.53689
-0.54277
-0.51254
0
0
0
0
0
0
0
0
0
0
0
0
0
0
0
-0.67506
-0.67403
-0.67403
-0.68587
-0.62613
-0.62722
-0.62722
-0.55223
7.821
-0.69834
-0.61307
-0.72262
0
0
0
0
0
0
0
0
-0.6452
0
0
0
0
0
0
0
0
0
-0.70612
-0.69584
-0.69584
-0.70801
-0.64393
-0.65495
-0.65495
-0.57687
-0.69834
8.754
-0.60242
0
0
0
0
0
0
0
-2.1167
0
0
0
0
0
0
0
0
0
0
0
-0.65345
-0.63317
-0.63317
-0.65197
-0.58828
-0.58689
-0.58689
-0.52179
-0.61307
-0.60242
6.7241
-0.65304
0
0
0
0
0
0
0
0
0
0
0
0
0
0
0
0
0
0
-0.72883
-0.70565
-0.70565
-0.72807
-0.65629
-0.65352
-0.65352
-0.58152
-0.72262
0
-0.65304
6.7887
0
0
0
0
0
0
0
0
0
0
0
0
0
0
0
0
0
0
-0.63774
-0.63884
-0.63884
-0.6406
-0.58851
-0.61519
-0.61519
-0.53689
0
0
0
0
7.2673
0
0
0
0
-0.45452
-1.901
0
0
0
0
0
0
0
0
0
0
0
-0.65544
-0.63178
-0.63178
-0.67745
-0.6103
-0.60406
-0.60406
-0.54277
0
0
0
0
0
5.7459
0
-0.78825
0
0
0
0
0
0
0
0
0
0
0
0
0
0
-0.65067
-0.62666
-0.62666
-0.64654
-0.58066
-0.57814
-0.57814
-0.51254
0
0
0
0
0
0
4.8
0
0
0
0
0
0
0
0
0
0
0
0
0
0
0
-0.88366
-0.85564
-0.85564
0
0
0
0
0
0
0
0
0
0
-0.78825
0
4.3751
0
-0.99191
0
0
0
0
0
0
0
0
0
0
0
0
-0.77046
-0.71702
-0.71702
0
0
-0.69059
-0.69059
0
0
0
0
0
0
0
0
0
3.5857
0
0
0
0
0
0
0
0
0
0
0
0
0
0
0
0
0
0
0
0
0
0
0
0
0
-0.45452
0
0
-0.99191
0
2.0729
0
0
0
0
0
0
0
-0.62645
0
0
0
0
0
0
0
0
0
0
0
0
0
-2.1167
0
0
-1.901
0
0
0
0
0
8.4987
0
0
0
0
0
0
0
0
-4.481
0
0
-1.0339
-0.95362
-0.95362
0
0
0
0
0
0
0
0
0
0
0
0
0
0
0
0
2.9411
0
0
0
0
0
0
0
0
0
0
0
0
0
0
0
0
0
0
-0.6452
0
0
0
0
0
0
0
0
0
0
0
6.2897
-2.788
0
-2.8565
0
0
0
0
0
0
0
0
0
0
0
0
0
0
0
0
0
0
0
0
0
0
0
0
0
0
-2.788
3.3197
-0.53171
0
0
0
0
0
0
0
0
0
0
-1.8553
0
0
0
0
0
0
0
0
0
0
0
0
0
0
0
0
0
-0.53171
2.387
0
0
0
0
0
0
0
0
0
0
0
0
0
0
0
0
0
0
0
0
0
0
0
0
0
0
0
-2.8565
0
0
3.4073
-0.55087
0
0
0
0
0
0
0
0
0
-1.9278
0
0
0
0
0
0
0
0
0
0
0
0
0
0
0
0
0
0
-0.55087
2.4787
0
0
0
0
0
0
0
0
0
0
0
0
0
0
0
0
0
0
0
0
0
0
-0.62645
0
0
0
0
0
0
0
0.62645
0
0
0
0
-10.3797
0
0
0
0
0
0
0
0
0
0
0
0
0
0
0
0
0
0
0
0
0
0
0
0
0
10.3797
0
0
0
0
0
0
0
0
0
0
0
0
0
0
0
0
0
0
0
0
0
-4.481
0
0
0
0
0
0
0
0
4.481
0
0
-10.3797
0
0
0
0
0
0
0
0
0
0
0
0
0
0
0
0
0
0
0
0
0
0
0
0
0
0
0
10.3797
0
0
0
0
-8.1705
0
0
0
0
0
0
0
0
0
0
0
0
0
0
0
0
0
0
0
0
0
0
0
0
0
8.1705
