18.5529
-0.10001
-0.10001
-0.10001
-0.22172
-0.10003
-0.14222
-0.14222
-1.5957
-1.0403
-0.59324
-1.0742
-0.93036
-0.99628
-0.9846
-0.98735
-1.1558
-0.39896
-0.65666
-1.2003
0
0
0
0
0
0
-6.033
0
0
0
-0.10001
12.0281
-0.10001
-0.10001
-0.21829
-0.10001
-0.10018
-0.10018
-0.76587
-0.67845
-0.79087
-1.0041
-0.783
-0.70016
-0.68465
-0.68387
-0.10002
-0.10005
-0.10002
-1.6322
-3.1862
0
0
0
0
0
0
0
0
0
-0.10001
-0.10001
9.7722
-0.10002
-0.28822
-0.10002
-0.19622
-0.19623
-0.7544
-0.6416
-0.65875
-0.83626
-0.51102
-0.37423
-0.17106
-0.29633
-1.2165
-0.36915
-1.0377
-1.8245
0
0
0
0
0
0
0
0
0
0
-0.10001
-0.10001
-0.10002
10.3154
-0.1279
-0.10004
-0.10004
-0.10004
-0.71321
-0.53763
-0.44922
-0.76727
-0.58519
-0.49478
-0.67152
-0.50706
-0.59096
-1.0665
-1.8537
-1.3504
0
0
0
0
0
0
0
0
0
0
-0.22172
-0.21829
-0.28822
-0.1279
15.8534
-0.10006
-0.21841
-0.2184
-1.441
-1.0584
-0.41868
-0.73872
-1.0204
-1.0564
-1.0436
-1.0419
-1.3234
0
0
0
0
0
0
0
0
0
0
-5.318
0
0
-0.10003
-0.10001
-0.10002
-0.10004
-0.10006
9.1003
-0.10003
-0.10003
-0.68374
-0.72953
-0.60648
-0.87104
-1.3229
-1.2378
-0.34808
-0.90832
-1.6922
0
0
0
0
0
0
0
0
0
0
0
0
0
-0.14222
-0.10018
-0.19622
-0.10004
-0.21841
-0.10003
8.5945
-0.10006
-0.82231
-0.88017
-0.99042
-1.0371
-0.82053
-0.98145
-1.095
-1.0103
0
0
0
0
0
0
0
0
0
0
0
0
0
0
-0.14222
-0.10018
-0.19623
-0.10004
-0.2184
-0.10003
-0.10006
8.5945
-0.82231
-0.88016
-0.99044
-1.0371
-0.82053
-0.98147
-1.095
-1.0103
0
0
0
0
0
0
0
0
0
0
0
0
0
0
-1.5957
-0.76587
-0.7544
-0.71321
-1.441
-0.68374
-0.82231
-0.82231
18.2578
-1.2539
-0.76716
-1.3799
-0.92183
0
0
0
0
0
0
0
0
0
-6.3366
0
0
0
0
0
0
0
-1.0403
-0.67845
-0.6416
-0.53763
-1.0584
-0.72953
-0.88017
-0.88016
-1.2539
12.2
-0.10011
0
0
0
0
0
0
0
0
0
0
0
0
0
0
0
0
0
0
-4.3999
-0.59324
-0.79087
-0.65875
-0.44922
-0.41868
-0.60648
-0.99042
-0.99044
-0.76716
-0.10011
10.333
0
0
0
0
0
0
0
0
0
0
0
0
0
-3.9677
0
0
0
0
0
-1.0742
-1.0041
-0.83626
-0.76727
-0.73872
-0.87104
-1.0371
-1.0371
-1.3799
0
0
13.6386
0
0
0
0
0
0
0
0
0
0
0
0
0
-4.8931
0
0
0
0
-0.93036
-0.783
-0.51102
-0.58519
-1.0204
-1.3229
-0.82053
-0.82053
-0.92183
0
0
0
7.7157
0
0
0
0
0
0
0
0
0
0
0
0
0
0
0
0
0
-0.99628
-0.70016
-0.37423
-0.49478
-1.0564
-1.2378
-0.98145
-0.98147
0
0
0
0
0
6.8226
0
0
0
0
0
0
0
0
0
0
0
0
0
0
0
0
-0.9846
-0.68465
-0.17106
-0.67152
-1.0436
-0.34808
-1.095
-1.095
0
0
0
0
0
0
6.0935
0
0
0
0
0
0
0
0
0
0
0
0
0
0
0
-0.98735
-0.68387
-0.29633
-0.50706
-1.0419
-0.90832
-1.0103
-1.0103
0
0
0
0
0
0
0
6.4455
0
0
0
0
0
0
0
0
0
0
0
0
0
0
-1.1558
-0.10002
-1.2165
-0.59096
-1.3234
-1.6922
0
0
0
0
0
0
0
0
0
0
9.0161
0
0
0
-2.9373
0
0
0
0
0
0
0
0
0
-0.39896
-0.10005
-0.36915
-1.0665
0
0
0
0
0
0
0
0
0
0
0
0
0
4.1114
0
0
0
-2.1767
0
0
0
0
0
0
0
0
-0.65666
-0.10002
-1.0377
-1.8537
0
0
0
0
0
0
0
0
0
0
0
0
0
0
6.9758
0
0
0
0
0
0
0
0
0
-3.3278
0
-1.2003
-1.6322
-1.8245
-1.3504
0
0
0
0
0
0
0
0
0
0
0
0
0
0
0
6.0074
0
0
0
0
0
0
0
0
0
0
0
-3.1862
0
0
0
0
0
0
0
0
0
0
0
0
0
0
-2.9373
0
0
0
10.621
0
0
-4.4975
0
0
0
0
0
0
0
0
0
0
0
0
0
0
0
0
0
0
0
0
0
0
0
-2.1767
0
0
0
2.1767
0
0
0
0
0
0
0
0
0
0
0
0
0
0
0
0
-6.3366
0
0
0
0
0
0
0
0
0
0
0
0
0
6.3366
0
0
0
0
0
0
0
0
0
0
0
0
0
0
0
0
0
0
0
0
0
0
0
0
0
0
0
-4.4975
0
0
4.4975
0
0
0
0
0
0
0
0
0
0
0
0
0
0
0
0
-3.9677
0
0
0
0
0
0
0
0
0
0
0
0
0
3.9677
0
0
0
0
0
0
0
0
0
0
0
0
0
0
0
0
-4.8931
0
0
0
0
0
0
0
0
0
0
0
0
0
4.8931
0
0
0
0
-6.033
0
0
0
0
0
0
0
0
0
0
0
0
0
0
0
0
0
0
0
0
0
0
0
0
0
6.033
0
0
0
0
0
0
0
-5.318
0
0
0
0
0
0
0
0
0
0
0
0
0
0
0
0
0
0
0
0
0
0
5.318
0
0
0
0
0
0
0
0
0
0
0
0
0
0
0
0
0
0
0
0
-3.3278
0
0
0
0
0
0
0
0
0
3.3278
0
0
0
0
0
0
0
0
0
0
-4.3999
0
0
0
0
0
0
0
0
0
0
0
0
0
0
0
0
0
0
0
4.3999
