30.3353
-0.89429
-0.88091
-0.88091
-0.85763
-0.82891
-0.82891
-0.82891
-0.85538
-0.82859
-0.96396
-1.145
-0.87483
-0.87483
-0.89477
-0.87483
-0.87483
-0.87483
-0.87483
-0.82639
-0.82639
-1.3864
0
-0.57123
0
0
0
0
0
-10.7876
-0.89429
27.5514
-0.86633
-0.86633
-0.82443
-0.79196
-0.79196
-0.79196
-0.81675
-0.79189
-0.92022
-1.0829
-0.83605
-0.83605
-0.84155
-0.83605
-0.83605
-0.83605
-0.83605
-0.79051
-0.79051
0
-0.37208
0
0
-10.3014
0
0
0
0
-0.88091
-0.86633
18.3943
-0.81767
-0.80051
-0.77542
-0.77542
-0.77542
-0.80054
-0.77423
-0.9263
-1.1015
-0.81395
-0.81395
-0.86131
-0.81395
-0.81395
-0.81395
-0.81395
-0.76818
-0.76818
-1.2991
0
-0.51949
0
0
0
0
0
0
-0.88091
-0.86633
-0.81767
18.3943
-0.80051
-0.77542
-0.77542
-0.77542
-0.80054
-0.77423
-0.9263
-1.1015
-0.81395
-0.81395
-0.86131
-0.81395
-0.81395
-0.81395
-0.81395
-0.76818
-0.76818
-1.2991
0
-0.51949
0
0
0
0
0
0
-0.85763
-0.82443
-0.80051
-0.80051
17.4796
-0.75844
-0.75844
-0.75844
-0.78325
-0.75763
-0.90504
-1.0745
-0.79681
-0.79681
-0.83922
-0.79681
-0.79681
-0.79681
-0.79681
-0.75207
-0.75207
-1.2765
0
0
0
0
0
0
0
0
-0.82891
-0.79196
-0.77542
-0.77542
-0.75844
15.6022
-0.72155
-0.72155
-0.75335
-0.72851
-0.86683
-1.0308
-0.76631
-0.76631
-0.80489
-0.76631
-0.76631
-0.76631
-0.76631
-0.72337
-0.72337
0
0
0
0
0
0
0
0
0
-0.82891
-0.79196
-0.77542
-0.77542
-0.75844
-0.72155
15.6022
-0.72155
-0.75335
-0.72851
-0.86683
-1.0308
-0.76631
-0.76631
-0.80489
-0.76631
-0.76631
-0.76631
-0.76631
-0.72337
-0.72337
0
0
0
0
0
0
0
0
0
-0.82891
-0.79196
-0.77542
-0.77542
-0.75844
-0.72155
-0.72155
15.6022
-0.75335
-0.72851
-0.86683
-1.0308
-0.76631
-0.76631
-0.80489
-0.76631
-0.76631
-0.76631
-0.76631
-0.72337
-0.72337
0
0
0
0
0
0
0
0
0
-0.85538
-0.81675
-0.80054
-0.80054
-0.78325
-0.75335
-0.75335
-0.75335
14.6228
-0.75192
-0.89345
-1.0601
-0.79479
-0.79479
-0.83212
-0.79479
-0.79479
-0.79479
-0.79479
0
0
0
0
0
0
0
0
0
0
0
-0.82859
-0.79189
-0.77423
-0.77423
-0.75763
-0.72851
-0.72851
-0.72851
-0.75192
13.3108
-0.8543
-1.0107
-0.76364
-0.76364
0
-0.76364
-0.76364
-0.76364
-0.76364
0
0
0
0
0
0
0
0
0
0
0
-0.96396
-0.92022
-0.9263
-0.9263
-0.90504
-0.86683
-0.86683
-0.86683
-0.89345
-0.8543
14.4995
0
0
0
0
0
0
0
0
0
0
0
-0.43625
0
0
0
0
0
-5.0732
0
-1.145
-1.0829
-1.1015
-1.1015
-1.0745
-1.0308
-1.0308
-1.0308
-1.0601
-1.0107
0
15.4362
0
0
0
0
0
0
0
0
0
0
0
0
0
0
-4.7676
0
0
0
-0.87483
-0.83605
-0.81395
-0.81395
-0.79681
-0.76631
-0.76631
-0.76631
-0.79479
-0.76364
0
0
7.993
0
0
0
0
0
0
0
0
0
0
0
0
0
0
0
0
0
-0.87483
-0.83605
-0.81395
-0.81395
-0.79681
-0.76631
-0.76631
-0.76631
-0.79479
-0.76364
0
0
0
7.993
0
0
0
0
0
0
0
0
0
0
0
0
0
0
0
0
-0.89477
-0.84155
-0.86131
-0.86131
-0.83922
-0.80489
-0.80489
-0.80489
-0.83212
0
0
0
0
0
10.8137
0
0
0
0
0
0
0
0
0
0
0
0
-3.2688
0
0
-0.87483
-0.83605
-0.81395
-0.81395
-0.79681
-0.76631
-0.76631
-0.76631
-0.79479
-0.76364
0
0
0
0
0
7.993
0
0
0
0
0
0
0
0
0
0
0
0
0
0
-0.87483
-0.83605
-0.81395
-0.81395
-0.79681
-0.76631
-0.76631
-0.76631
-0.79479
-0.76364
0
0
0
0
0
0
7.993
0
0
0
0
0
0
0
0
0
0
0
0
0
-0.87483
-0.83605
-0.81395
-0.81395
-0.79681
-0.76631
-0.76631
-0.76631
-0.79479
-0.76364
0
0
0
0
0
0
0
7.993
0
0
0
0
0
0
0
0
0
0
0
0
-0.87483
-0.83605
-0.81395
-0.81395
-0.79681
-0.76631
-0.76631
-0.76631
-0.79479
-0.76364
0
0
0
0
0
0
0
0
7.993
0
0
0
0
0
0
0
0
0
0
0
-0.82639
-0.79051
-0.76818
-0.76818
-0.75207
-0.72337
-0.72337
-0.72337
0
0
0
0
0
0
0
0
0
0
0
6.0755
0
0
0
0
0
0
0
0
0
0
-0.82639
-0.79051
-0.76818
-0.76818
-0.75207
-0.72337
-0.72337
-0.72337
0
0
0
0
0
0
0
0
0
0
0
0
6.0755
0
0
0
0
0
0
0
0
0
-1.3864
0
-1.2991
-1.2991
-1.2765
0
0
0
0
0
0
0
0
0
0
0
0
0
0
0
0
5.2612
0
0
0
0
0
0
0
0
0
-0.37208
0
0
0
0
0
0
0
0
-0.43625
0
0
0
0
0
0
0
0
0
0
0
0.99241
0
-0.18407
0
0
0
0
0
-0.57123
0
-0.51949
-0.51949
0
0
0
0
0
0
0
0
0
0
0
0
0
0
0
0
0
0
0
1.6102
0
0
0
0
0
0
0
0
0
0
0
0
0
0
0
0
0
0
0
0
0
0
0
0
0
0
0
0
-0.18407
0
0.18407
0
0
0
0
0
0
-10.3014
0
0
0
0
0
0
0
0
0
0
0
0
0
0
0
0
0
0
0
0
0
0
0
10.3014
0
0
0
0
0
0
0
0
0
0
0
0
0
0
0
-4.7676
0
0
0
0
0
0
0
0
0
0
0
0
0
0
4.7676
0
0
0
0
0
0
0
0
0
0
0
0
0
0
0
0
0
-3.2688
0
0
0
0
0
0
0
0
0
0
0
0
3.2688
0
0
0
0
0
0
0
0
0
0
0
0
-5.0732
0
0
0
0
0
0
0
0
0
0
0
0
0
0
0
0
0
5.0732
0
-10.7876
0
0
0
0
0
0
0
0
0
0
0
0
0
0
0
0
0
0
0
0
0
0
0
0
0
0
0
0
10.7876
