7.1111
-0.29351
-0.33444
-0.27417
-0.32855
-0.30608
-0.27417
-0.31755
-0.29142
0
-0.50795
0
0
0
0
0
0
0
0
-2.4641
-1.593
0
0
0
0
-0.1261
0
0
0
0
-0.29351
3.9765
-0.31258
-0.28163
-0.33224
-0.30811
-0.28163
-0.30951
0
0
0
0
-0.39002
0
-0.68305
-0.78424
0
0
0
0
0
0
0
0
0
0
0
0
0
0
-0.33444
-0.31258
8.8017
-0.29591
-0.38258
-0.2838
-0.29591
-0.33728
0
0
0
0
0
0
0
0
0
0
0
0
0
0
0
0
0
0
0
-6.5592
0
0
-0.27417
-0.28163
-0.29591
2.3701
-0.30675
-0.28173
-0.16653
-0.28556
0
0
-0.47783
0
0
0
0
0
0
0
0
0
0
0
0
0
0
0
0
0
0
0
-0.32855
-0.33224
-0.38258
-0.30675
5.3028
-0.34559
-0.30675
0
-0.46659
0
0
0
0
0
0
0
-2.8338
0
0
0
0
0
0
0
0
0
0
0
0
0
-0.30608
-0.30811
-0.2838
-0.28173
-0.34559
2.5513
-0.28173
-0.30884
0
0
0
-0.43538
0
0
0
0
0
0
0
0
0
0
0
0
0
0
0
0
0
0
-0.27417
-0.28163
-0.29591
-0.16653
-0.30675
-0.28173
2.3701
-0.28556
0
0
-0.47783
0
0
0
0
0
0
0
0
0
0
0
0
0
0
0
0
0
0
0
-0.31755
-0.30951
-0.33728
-0.28556
0
-0.30884
-0.28556
2.2996
-0.45533
0
0
0
0
0
0
0
0
0
0
0
0
0
0
0
0
0
0
0
0
0
-0.29142
0
0
0
-0.46659
0
0
-0.45533
9.5775
0
0
0
0
-0.85413
0
0
0
-2.8948
0
0
0
0
0
0
0
0
0
0
-4.6153
0
0
0
0
0
0
0
0
0
0
7.5077
-0.56594
-0.94271
0
0
0
-1.1884
0
0
0
0
-1.4779
0
0
0
0
0
-3.3327
0
0
0
-0.50795
0
0
-0.47783
0
0
-0.47783
0
0
-0.56594
4.4234
0
0
0
0
0
-2.3938
0
0
0
0
0
0
0
0
0
0
0
0
0
0
0
0
0
0
-0.43538
0
0
0
-0.94271
0
4.3797
-0.42337
0
0
0
0
0
0
0
0
0
0
0
0
0
0
0
0
-2.5783
0
-0.39002
0
0
0
0
0
0
0
0
0
-0.42337
3.2873
0
0
0
0
0
0
0
0
0
-2.1598
-0.31409
0
0
0
0
0
0
0
0
0
0
0
0
0
0
-0.85413
0
0
0
0
4.0065
0
0
0
0
-1.87
0
0
0
-1.2823
0
0
0
0
0
0
0
0
-0.68305
0
0
0
0
0
0
0
0
0
0
0
0
4.485
0
0
0
-1.7615
0
0
-2.0405
0
0
0
0
0
0
0
0
0
-0.78424
0
0
0
0
0
0
0
-1.1884
0
0
0
0
0
3.2762
0
0
0
0
0
-1.3036
0
0
0
0
0
0
0
0
0
0
0
0
-2.8338
0
0
0
0
0
-2.3938
0
0
0
0
0
5.2276
0
0
0
0
0
0
0
0
0
0
0
0
0
0
0
0
0
0
0
0
0
-2.8948
0
0
0
0
0
0
0
0
2.9993
0
-0.1045
0
0
0
0
0
0
0
0
0
0
0
0
0
0
0
0
0
0
0
0
0
0
0
-1.87
-1.7615
0
0
0
3.6315
0
0
0
0
0
0
0
0
0
0
0
-2.4641
0
0
0
0
0
0
0
0
0
0
0
0
0
0
0
0
-0.1045
0
2.5686
0
0
0
0
0
0
0
0
0
0
-1.593
0
0
0
0
0
0
0
0
-1.4779
0
0
0
0
0
0
0
0
0
0
3.0709
0
0
0
0
0
0
0
0
0
0
0
0
0
0
0
0
0
0
0
0
0
0
0
-2.0405
-1.3036
0
0
0
0
0
3.3441
0
0
0
0
0
0
0
0
0
0
0
0
0
0
0
0
0
0
0
0
-2.1598
-1.2823
0
0
0
0
0
0
0
0
3.4421
0
0
0
0
0
0
0
0
0
0
0
0
0
0
0
0
0
0
0
-0.31409
0
0
0
0
0
0
0
0
0
0
2.9779
-2.6638
0
0
0
0
0
0
0
0
0
0
0
0
0
0
0
0
0
0
0
0
0
0
0
0
0
0
0
0
-2.6638
4.2318
-1.568
0
0
0
0
-0.1261
0
0
0
0
0
0
0
0
0
0
0
0
0
0
0
0
0
0
0
0
0
0
0
-1.568
1.6941
0
0
0
0
0
0
0
0
0
0
0
0
0
-3.3327
0
0
0
0
0
0
0
0
0
0
0
0
0
0
0
0
3.3327
0
0
0
0
0
-6.5592
0
0
0
0
0
0
0
0
0
0
0
0
0
0
0
0
0
0
0
0
0
0
0
0
6.5592
0
0
0
0
0
0
0
0
0
0
-4.6153
0
0
0
0
0
0
0
0
0
0
0
0
0
0
0
0
0
0
0
4.6153
0
0
0
0
0
0
0
0
0
0
0
0
-2.5783
0
0
0
0
0
0
0
0
0
0
0
0
0
0
0
0
0
2.5783
