24.7406
-0.42739
-0.46091
-0.42276
-0.39083
-0.42276
-0.42243
-0.41448
-0.41781
-0.41448
-0.41117
-0.42718
-0.41588
-0.41588
-0.44182
-0.56228
0
0
0
0
-9.1363
0
0
0
0
0
0
-9.1363
0
0
-0.42739
24.7406
-0.46091
-0.42276
-0.39083
-0.42276
-0.42243
-0.41448
-0.41781
-0.41448
-0.41117
-0.42718
-0.41588
-0.41588
-0.44182
-0.56228
0
0
0
0
0
0
0
0
0
0
-9.1363
0
0
-9.1363
-0.46091
-0.46091
13.1188
-0.43481
-0.4239
-0.43481
-0.44676
-0.43924
-0.43433
-0.43924
-0.43788
-0.44508
-0.43193
-0.43193
-0.45276
-0.57046
-0.39921
0
0
0
0
0
0
0
-5.9746
0
0
0
0
0
-0.42276
-0.42276
-0.43481
6.608
-0.40003
-0.39972
-0.40821
-0.40401
-0.40064
-0.40401
-0.40374
-0.41
-0.39828
-0.39828
-0.41575
-0.51649
-0.36851
0
0
0
0
0
0
0
0
0
0
0
0
0
-0.39083
-0.39083
-0.4239
-0.40003
22.0857
-0.40003
-0.3845
-0.38131
-0.38676
-0.38131
-0.37701
-0.39371
-0.38392
-0.38392
0
0
0
-0.12038
-8.4436
0
0
0
-8.4436
0
0
0
0
0
0
0
-0.42276
-0.42276
-0.43481
-0.39972
-0.40003
6.608
-0.40821
-0.40401
-0.40064
-0.40401
-0.40374
-0.41
-0.39828
-0.39828
-0.41575
-0.51649
-0.36851
0
0
0
0
0
0
0
0
0
0
0
0
0
-0.42243
-0.42243
-0.44676
-0.40821
-0.3845
-0.40821
10.3738
-0.41459
-0.41047
-0.41459
-0.41069
-0.41806
-0.40632
-0.40632
-0.42468
0
0
0
0
0
0
0
0
-4.5755
0
0
0
0
0
0
-0.41448
-0.41448
-0.43924
-0.40401
-0.38131
-0.40401
-0.41459
8.9015
-0.41107
-0.41561
-0.39152
-0.40289
-0.39126
-0.39126
0
0
0
0
0
-3.6258
0
0
0
0
0
0
0
0
0
0
-0.41781
-0.41781
-0.43433
-0.40064
-0.38676
-0.40064
-0.41047
-0.41107
5.6816
-0.41107
-0.39389
-0.40294
-0.39125
-0.39125
-0.41165
0
0
0
0
0
0
0
0
0
0
0
0
0
0
0
-0.41448
-0.41448
-0.43924
-0.40401
-0.38131
-0.40401
-0.41459
-0.41561
-0.41107
8.9015
-0.39152
-0.40289
-0.39126
-0.39126
0
0
0
0
0
0
0
0
0
0
0
-3.6258
0
0
0
0
-0.41117
-0.41117
-0.43788
-0.40374
-0.37701
-0.40374
-0.41069
-0.39152
-0.39389
-0.39152
5.6542
-0.40765
0
0
0
0
0
0
0
0
0
-1.2142
0
0
0
0
0
0
0
0
-0.42718
-0.42718
-0.44508
-0.41
-0.39371
-0.41
-0.41806
-0.40289
-0.40294
-0.40289
-0.40765
4.5476
0
0
0
0
0
0
0
0
0
0
0
0
0
0
0
0
0
0
-0.41588
-0.41588
-0.43193
-0.39828
-0.38392
-0.39828
-0.40632
-0.39126
-0.39125
-0.39126
0
0
4.0243
0
0
0
0
0
0
0
0
0
0
0
0
0
0
0
0
0
-0.41588
-0.41588
-0.43193
-0.39828
-0.38392
-0.39828
-0.40632
-0.39126
-0.39125
-0.39126
0
0
0
4.0243
0
0
0
0
0
0
0
0
0
0
0
0
0
0
0
0
-0.44182
-0.44182
-0.45276
-0.41575
0
-0.41575
-0.42468
0
-0.41165
0
0
0
0
0
3.0042
0
0
0
0
0
0
0
0
0
0
0
0
0
0
0
-0.56228
-0.56228
-0.57046
-0.51649
0
-0.51649
0
0
0
0
0
0
0
0
0
2.728
0
0
0
0
0
0
0
0
0
0
0
0
0
0
0
0
-0.39921
-0.36851
0
-0.36851
0
0
0
0
0
0
0
0
0
0
1.3079
-0.17169
0
0
0
0
0
0
0
0
0
0
0
0
0
0
0
0
-0.12038
0
0
0
0
0
0
0
0
0
0
0
-0.17169
0.39657
0
0
0
0
0
0
0
0
0
0
-0.1045
0
0
0
0
0
-8.4436
0
0
0
0
0
0
0
0
0
0
0
0
0
8.4436
0
0
0
0
0
0
0
0
0
0
0
0
0
0
0
0
0
0
-3.6258
0
0
0
0
0
0
0
0
0
0
0
3.6258
0
0
0
0
0
0
0
0
0
0
-9.1363
0
0
0
0
0
0
0
0
0
0
0
0
0
0
0
0
0
0
0
9.1363
0
0
0
0
0
0
0
0
0
0
0
0
0
0
0
0
0
0
0
-1.2142
0
0
0
0
0
0
0
0
0
0
1.2142
0
0
0
0
0
0
0
0
0
0
0
0
-8.4436
0
0
0
0
0
0
0
0
0
0
0
0
0
0
0
0
0
8.4436
0
0
0
0
0
0
0
0
0
0
0
0
0
-4.5755
0
0
0
0
0
0
0
0
0
0
0
0
0
0
0
0
4.5755
0
0
0
0
0
0
0
0
-5.9746
0
0
0
0
0
0
0
0
0
0
0
0
0
0
0
0
0
0
0
0
0
5.9746
0
0
0
0
0
0
0
0
0
0
0
0
0
0
-3.6258
0
0
0
0
0
0
0
0
0
0
0
0
0
0
0
3.6258
0
0
0
0
0
-9.1363
0
0
0
0
0
0
0
0
0
0
0
0
0
0
0
0
0
0
0
0
0
0
0
0
9.1363
0
0
0
-9.1363
0
0
0
0
0
0
0
0
0
0
0
0
0
0
0
0
0
0
0
0
0
0
0
0
0
0
9.1363
0
0
0
0
0
0
0
0
0
0
0
0
0
0
0
0
0
0
0
-0.1045
0
0
0
0
0
0
0
0
0
0
0.1045
0
0
-9.1363
0
0
0
0
0
0
0
0
0
0
0
0
0
0
0
0
0
0
0
0
0
0
0
0
0
0
0
9.1363
