17.7151
-0.92026
-0.79662
-0.79662
-0.79662
-0.79662
-0.79662
-0.79662
-0.84109
-0.86827
-0.93547
-0.86827
-0.78026
-0.83999
-0.97567
-0.95084
-0.94137
-0.95084
-0.68009
-0.68009
0
-1.1533
0
0
-0.54963
0
0
0
0
0
-0.92026
18.2702
-0.84491
-0.84491
-0.84491
-0.84491
-0.84491
-0.84491
-0.89691
-0.93614
-0.9995
-0.93614
-0.83124
-0.896
-1.0556
-0.99689
-1.0036
-0.99689
-0.72282
-0.72282
0
-1.286
0
0
0
0
0
0
0
0
-0.79662
-0.84491
14.5779
-0.69651
-0.69651
-0.69651
-0.69651
-0.69651
-0.77087
-0.80762
-0.8618
-0.80762
-0.71499
-0.76915
-0.91108
-0.85533
-0.85786
-0.85533
-0.6211
-0.6211
0
0
0
0
0
0
0
0
0
0
-0.79662
-0.84491
-0.69651
14.5779
-0.69651
-0.69651
-0.69651
-0.69651
-0.77087
-0.80762
-0.8618
-0.80762
-0.71499
-0.76915
-0.91108
-0.85533
-0.85786
-0.85533
-0.6211
-0.6211
0
0
0
0
0
0
0
0
0
0
-0.79662
-0.84491
-0.69651
-0.69651
14.5779
-0.69651
-0.69651
-0.69651
-0.77087
-0.80762
-0.8618
-0.80762
-0.71499
-0.76915
-0.91108
-0.85533
-0.85786
-0.85533
-0.6211
-0.6211
0
0
0
0
0
0
0
0
0
0
-0.79662
-0.84491
-0.69651
-0.69651
-0.69651
14.5779
-0.69651
-0.69651
-0.77087
-0.80762
-0.8618
-0.80762
-0.71499
-0.76915
-0.91108
-0.85533
-0.85786
-0.85533
-0.6211
-0.6211
0
0
0
0
0
0
0
0
0
0
-0.79662
-0.84491
-0.69651
-0.69651
-0.69651
-0.69651
14.5779
-0.69651
-0.77087
-0.80762
-0.8618
-0.80762
-0.71499
-0.76915
-0.91108
-0.85533
-0.85786
-0.85533
-0.6211
-0.6211
0
0
0
0
0
0
0
0
0
0
-0.79662
-0.84491
-0.69651
-0.69651
-0.69651
-0.69651
-0.69651
14.5779
-0.77087
-0.80762
-0.8618
-0.80762
-0.71499
-0.76915
-0.91108
-0.85533
-0.85786
-0.85533
-0.6211
-0.6211
0
0
0
0
0
0
0
0
0
0
-0.84109
-0.89691
-0.77087
-0.77087
-0.77087
-0.77087
-0.77087
-0.77087
11.4553
-0.81851
-0.96493
-0.81851
-0.70292
-0.80493
0
0
-0.9823
0
0
0
0
0
0
0
0
0
0
0
0
0
-0.86827
-0.93614
-0.80762
-0.80762
-0.80762
-0.80762
-0.80762
-0.80762
-0.81851
19.0485
-0.96285
-0.80401
-0.70792
-0.81508
0
0
0
0
0
0
0
0
0
0
0
0
0
0
0
-8.29
-0.93547
-0.9995
-0.8618
-0.8618
-0.8618
-0.8618
-0.8618
-0.8618
-0.96493
-0.96285
20.0753
-0.96285
-0.7864
0
0
0
0
0
0
0
-1.0328
0
0
0
0
0
-8.2597
0
0
0
-0.86827
-0.93614
-0.80762
-0.80762
-0.80762
-0.80762
-0.80762
-0.80762
-0.81851
-0.80401
-0.96285
19.0485
-0.70792
-0.81508
0
0
0
0
0
0
0
0
0
0
0
-8.29
0
0
0
0
-0.78026
-0.83124
-0.71499
-0.71499
-0.71499
-0.71499
-0.71499
-0.71499
-0.70292
-0.70792
-0.7864
-0.70792
9.5067
-0.70004
0
0
0
0
0
0
0
0
0
0
0
0
0
0
0
0
-0.83999
-0.896
-0.76915
-0.76915
-0.76915
-0.76915
-0.76915
-0.76915
-0.80493
-0.81508
0
-0.81508
-0.70004
9.486
0
0
0
0
0
0
0
0
0
0
0
0
0
0
0
0
-0.97567
-1.0556
-0.91108
-0.91108
-0.91108
-0.91108
-0.91108
-0.91108
0
0
0
0
0
0
12.4731
0
0
0
0
0
0
0
0
0
0
0
0
0
-4.9754
0
-0.95084
-0.99689
-0.85533
-0.85533
-0.85533
-0.85533
-0.85533
-0.85533
0
0
0
0
0
0
0
8.2289
0
0
0
0
-1.1492
0
0
0
0
0
0
0
0
0
-0.94137
-1.0036
-0.85786
-0.85786
-0.85786
-0.85786
-0.85786
-0.85786
-0.9823
0
0
0
0
0
0
0
8.0744
0
0
0
0
0
0
0
0
0
0
0
0
0
-0.95084
-0.99689
-0.85533
-0.85533
-0.85533
-0.85533
-0.85533
-0.85533
0
0
0
0
0
0
0
0
0
8.2289
0
0
-1.1492
0
0
0
0
0
0
0
0
0
-0.68009
-0.72282
-0.6211
-0.6211
-0.6211
-0.6211
-0.6211
-0.6211
0
0
0
0
0
0
0
0
0
0
5.1295
0
0
0
0
0
0
0
0
0
0
0
-0.68009
-0.72282
-0.6211
-0.6211
-0.6211
-0.6211
-0.6211
-0.6211
0
0
0
0
0
0
0
0
0
0
0
5.1295
0
0
0
0
0
0
0
0
0
0
0
0
0
0
0
0
0
0
0
0
-1.0328
0
0
0
0
-1.1492
0
-1.1492
0
0
4.0842
0
0
-0.75303
0
0
0
0
0
0
-1.1533
-1.286
0
0
0
0
0
0
0
0
0
0
0
0
0
0
0
0
0
0
0
4.3051
0
0
0
0
0
-1.8658
0
0
0
0
0
0
0
0
0
0
0
0
0
0
0
0
0
0
0
0
0
0
0
0
2.6449
-2.0667
-0.57814
0
0
0
0
0
0
0
0
0
0
0
0
0
0
0
0
0
0
0
0
0
0
0
0
0
-0.75303
0
-2.0667
2.8198
0
0
0
0
0
0
-0.54963
0
0
0
0
0
0
0
0
0
0
0
0
0
0
0
0
0
0
0
0
0
-0.57814
0
1.1278
0
0
0
0
0
0
0
0
0
0
0
0
0
0
0
0
-8.29
0
0
0
0
0
0
0
0
0
0
0
0
0
8.29
0
0
0
0
0
0
0
0
0
0
0
0
0
0
-8.2597
0
0
0
0
0
0
0
0
0
0
0
0
0
0
0
8.2597
0
0
0
0
0
0
0
0
0
0
0
0
0
0
0
0
0
0
0
0
0
0
0
0
-1.8658
0
0
0
0
0
1.8658
0
0
0
0
0
0
0
0
0
0
0
0
0
0
0
0
-4.9754
0
0
0
0
0
0
0
0
0
0
0
0
0
4.9754
0
0
0
0
0
0
0
0
0
0
-8.29
0
0
0
0
0
0
0
0
0
0
0
0
0
0
0
0
0
0
0
8.29
