30.0985
-1.1802
-1.0791
-1.081
-1.0906
-1.081
-1.0791
-1.0791
-1.0791
-0.88587
-0.88587
-0.88587
-0.88587
-0.91397
-1.1694
-1.0551
-1.0551
-1.0551
-1.0551
-1.0551
-0.86887
-0.86887
-1.075
0
0
-7.6341
0
0
0
0
-1.1802
30.0985
-1.0791
-1.081
-1.0906
-1.081
-1.0791
-1.0791
-1.0791
-0.88587
-0.88587
-0.88587
-0.88587
-0.91397
-1.1694
-1.0551
-1.0551
-1.0551
-1.0551
-1.0551
-0.86887
-0.86887
-1.075
0
-7.6341
0
0
0
0
0
-1.0791
-1.0791
20.0677
-0.98148
-0.9982
-0.98148
-0.94214
-0.94214
-0.94214
-0.78102
-0.78102
-0.78102
-0.78102
-0.81713
-1.0636
-0.92872
-0.92872
-0.92872
-0.92872
-0.92872
-0.76537
-0.76537
-0.94272
0
0
0
0
0
0
0
-1.081
-1.081
-0.98148
19.4658
-0.99123
-0.94214
-0.98148
-0.98148
-0.98148
-0.7763
-0.7763
-0.7763
-0.7763
-0.80729
-1.0507
-0.92302
-0.92302
-0.92302
-0.92302
-0.92302
-0.76092
-0.76092
0
-0.34432
0
0
0
0
0
0
-1.0906
-1.0906
-0.9982
-0.99123
26.6521
-0.99123
-0.9982
-0.9982
-0.9982
-0.78837
-0.78837
-0.78837
-0.78837
-0.80942
-1.0477
-0.93827
-0.93827
-0.93827
-0.93827
-0.93827
-0.77389
-0.77389
0
0
0
0
0
0
-7.2459
0
-1.081
-1.081
-0.98148
-0.94214
-0.99123
19.4658
-0.98148
-0.98148
-0.98148
-0.7763
-0.7763
-0.7763
-0.7763
-0.80729
-1.0507
-0.92302
-0.92302
-0.92302
-0.92302
-0.92302
-0.76092
-0.76092
0
-0.34432
0
0
0
0
0
0
-1.0791
-1.0791
-0.94214
-0.98148
-0.9982
-0.98148
20.0677
-0.94214
-0.94214
-0.78102
-0.78102
-0.78102
-0.78102
-0.81713
-1.0636
-0.92872
-0.92872
-0.92872
-0.92872
-0.92872
-0.76537
-0.76537
-0.94272
0
0
0
0
0
0
0
-1.0791
-1.0791
-0.94214
-0.98148
-0.9982
-0.98148
-0.94214
20.0677
-0.94214
-0.78102
-0.78102
-0.78102
-0.78102
-0.81713
-1.0636
-0.92872
-0.92872
-0.92872
-0.92872
-0.92872
-0.76537
-0.76537
-0.94272
0
0
0
0
0
0
0
-1.0791
-1.0791
-0.94214
-0.98148
-0.9982
-0.98148
-0.94214
-0.94214
20.0677
-0.78102
-0.78102
-0.78102
-0.78102
-0.81713
-1.0636
-0.92872
-0.92872
-0.92872
-0.92872
-0.92872
-0.76537
-0.76537
-0.94272
0
0
0
0
0
0
0
-0.88587
-0.88587
-0.78102
-0.7763
-0.78837
-0.7763
-0.78102
-0.78102
-0.78102
15.6547
-0.63268
-0.63268
-0.63268
-0.65759
-0.85603
-0.7525
-0.7525
-0.7525
-0.7525
-0.7525
-0.62184
-0.62184
0
0
0
0
0
0
0
0
-0.88587
-0.88587
-0.78102
-0.7763
-0.78837
-0.7763
-0.78102
-0.78102
-0.78102
-0.63268
15.6547
-0.63268
-0.63268
-0.65759
-0.85603
-0.7525
-0.7525
-0.7525
-0.7525
-0.7525
-0.62184
-0.62184
0
0
0
0
0
0
0
0
-0.88587
-0.88587
-0.78102
-0.7763
-0.78837
-0.7763
-0.78102
-0.78102
-0.78102
-0.63268
-0.63268
15.6547
-0.63268
-0.65759
-0.85603
-0.7525
-0.7525
-0.7525
-0.7525
-0.7525
-0.62184
-0.62184
0
0
0
0
0
0
0
0
-0.88587
-0.88587
-0.78102
-0.7763
-0.78837
-0.7763
-0.78102
-0.78102
-0.78102
-0.63268
-0.63268
-0.63268
15.6547
-0.65759
-0.85603
-0.7525
-0.7525
-0.7525
-0.7525
-0.7525
-0.62184
-0.62184
0
0
0
0
0
0
0
0
-0.91397
-0.91397
-0.81713
-0.80729
-0.80942
-0.80729
-0.81713
-0.81713
-0.81713
-0.65759
-0.65759
-0.65759
-0.65759
21.3396
-0.84881
-0.77964
-0.77964
-0.77964
-0.77964
-0.77964
0
0
0
0
0
0
-6.4418
0
0
0
-1.1694
-1.1694
-1.0636
-1.0507
-1.0477
-1.0507
-1.0636
-1.0636
-1.0636
-0.85603
-0.85603
-0.85603
-0.85603
-0.84881
18.5151
0
0
0
0
0
0
0
0
0
0
0
0
-4.4997
0
0
-1.0551
-1.0551
-0.92872
-0.92302
-0.93827
-0.92302
-0.92872
-0.92872
-0.92872
-0.7525
-0.7525
-0.7525
-0.7525
-0.77964
0
12.3989
0
0
0
0
0
0
0
0
0
0
0
0
0
0
-1.0551
-1.0551
-0.92872
-0.92302
-0.93827
-0.92302
-0.92872
-0.92872
-0.92872
-0.7525
-0.7525
-0.7525
-0.7525
-0.77964
0
0
12.3989
0
0
0
0
0
0
0
0
0
0
0
0
0
-1.0551
-1.0551
-0.92872
-0.92302
-0.93827
-0.92302
-0.92872
-0.92872
-0.92872
-0.7525
-0.7525
-0.7525
-0.7525
-0.77964
0
0
0
12.3989
0
0
0
0
0
0
0
0
0
0
0
0
-1.0551
-1.0551
-0.92872
-0.92302
-0.93827
-0.92302
-0.92872
-0.92872
-0.92872
-0.7525
-0.7525
-0.7525
-0.7525
-0.77964
0
0
0
0
12.3989
0
0
0
0
0
0
0
0
0
0
0
-1.0551
-1.0551
-0.92872
-0.92302
-0.93827
-0.92302
-0.92872
-0.92872
-0.92872
-0.7525
-0.7525
-0.7525
-0.7525
-0.77964
0
0
0
0
0
12.3989
0
0
0
0
0
0
0
0
0
0
-0.86887
-0.86887
-0.76537
-0.76092
-0.77389
-0.76092
-0.76537
-0.76537
-0.76537
-0.62184
-0.62184
-0.62184
-0.62184
0
0
0
0
0
0
0
9.5823
0
0
0
0
0
0
0
0
0
-0.86887
-0.86887
-0.76537
-0.76092
-0.77389
-0.76092
-0.76537
-0.76537
-0.76537
-0.62184
-0.62184
-0.62184
-0.62184
0
0
0
0
0
0
0
0
9.5823
0
0
0
0
0
0
0
0
-1.075
-1.075
-0.94272
0
0
0
-0.94272
-0.94272
-0.94272
0
0
0
0
0
0
0
0
0
0
0
0
0
5.9209
0
0
0
0
0
0
0
0
0
0
-0.34432
0
-0.34432
0
0
0
0
0
0
0
0
0
0
0
0
0
0
0
0
0
0.81405
0
0
0
0
0
-0.12541
0
-7.6341
0
0
0
0
0
0
0
0
0
0
0
0
0
0
0
0
0
0
0
0
0
0
7.6341
0
0
0
0
0
-7.6341
0
0
0
0
0
0
0
0
0
0
0
0
0
0
0
0
0
0
0
0
0
0
0
0
7.6341
0
0
0
0
0
0
0
0
0
0
0
0
0
0
0
0
0
-6.4418
0
0
0
0
0
0
0
0
0
0
0
0
6.4418
0
0
0
0
0
0
0
0
0
0
0
0
0
0
0
0
0
-4.4997
0
0
0
0
0
0
0
0
0
0
0
0
4.4997
0
0
0
0
0
0
-7.2459
0
0
0
0
0
0
0
0
0
0
0
0
0
0
0
0
0
0
0
0
0
0
0
7.2459
0
0
0
0
0
0
0
0
0
0
0
0
0
0
0
0
0
0
0
0
0
0
0
0
-0.12541
0
0
0
0
0
0.12541
