11.3026
-0.62385
-0.67318
-0.67435
-0.67318
-0.65204
-0.61017
-0.59314
-0.62333
-0.62351
-0.62351
-0.61586
-0.6497
-0.726
-0.71101
-1.085
0
0
0
0
0
0
-0.86222
-0.28253
0
0
0
0
0
0
-0.62385
11.3026
-0.67318
-0.67435
-0.67318
-0.65204
-0.61017
-0.59314
-0.62333
-0.62351
-0.62351
-0.61586
-0.6497
-0.726
-0.71101
-1.085
0
0
0
0
0
0
-0.86222
-0.28253
0
0
0
0
0
0
-0.67318
-0.67318
10.6799
-0.70814
-0.66148
-0.68934
-0.66227
-0.61274
-0.66529
-0.65536
-0.65536
-0.64586
-0.68504
-0.76662
-0.75088
0
-1.1752
0
0
0
0
0
0
0
0
0
0
0
0
0
-0.67435
-0.67435
-0.70814
10.6964
-0.70814
-0.68678
-0.65718
-0.61422
-0.66165
-0.6543
-0.6543
-0.6446
-0.68261
-0.76665
-0.75124
-1.1578
0
0
0
0
0
0
0
0
0
0
0
0
0
0
-0.67318
-0.67318
-0.66148
-0.70814
10.6799
-0.68934
-0.66227
-0.61274
-0.66529
-0.65536
-0.65536
-0.64586
-0.68504
-0.76662
-0.75088
0
-1.1752
0
0
0
0
0
0
0
0
0
0
0
0
0
-0.65204
-0.65204
-0.68934
-0.68678
-0.68934
20.1235
-0.60453
-0.59838
-0.54456
-0.58723
-0.58723
-0.57017
-0.60014
0
0
0
0
0
0
0
-0.62693
0
0
0
-12.0348
0
0
0
0
0
-0.61017
-0.61017
-0.66227
-0.65718
-0.66227
-0.60453
10.952
-0.57568
-0.52397
-0.56216
-0.56216
-0.54414
-0.55074
0
0
0
0
-2.2002
0
0
0
-1.6264
0
0
0
0
0
0
0
0
-0.59314
-0.59314
-0.61274
-0.61422
-0.61274
-0.59838
-0.57568
8.3011
-0.55413
-0.56138
-0.56138
-0.5474
-0.58045
-0.65422
-0.64208
0
0
0
0
0
0
0
0
0
0
0
0
0
0
0
-0.62333
-0.62333
-0.66529
-0.66165
-0.66529
-0.54456
-0.52397
-0.55413
8.2842
-0.6384
-0.6384
0
0
0
0
0
0
0
-1.0278
-1.118
0
0
0
0
0
0
0
0
0
0
-0.62351
-0.62351
-0.65536
-0.6543
-0.65536
-0.58723
-0.56216
-0.56138
-0.6384
6.7151
-0.56788
-0.58597
0
0
0
0
0
0
0
0
0
0
0
0
0
0
0
0
0
0
-0.62351
-0.62351
-0.65536
-0.6543
-0.65536
-0.58723
-0.56216
-0.56138
-0.6384
-0.56788
6.7151
-0.58597
0
0
0
0
0
0
0
0
0
0
0
0
0
0
0
0
0
0
-0.61586
-0.61586
-0.64586
-0.6446
-0.64586
-0.57017
-0.54414
-0.5474
0
-0.58597
-0.58597
6.0017
0
0
0
0
0
0
0
0
0
0
0
0
0
0
0
0
0
0
-0.6497
-0.6497
-0.68504
-0.68261
-0.68504
-0.60014
-0.55074
-0.58045
0
0
0
0
7.1872
0
0
0
0
-2.1038
0
0
0
0
0
0
0
0
0
0
0
0
-0.726
-0.726
-0.76662
-0.76665
-0.76662
0
0
-0.65422
0
0
0
0
0
6.0716
0
0
0
0
0
0
0
-1.6655
0
0
0
0
0
0
0
0
-0.71101
-0.71101
-0.75088
-0.75124
-0.75088
0
0
-0.64208
0
0
0
0
0
0
4.3171
0
0
0
0
0
0
0
0
0
0
0
0
0
0
0
-1.085
-1.085
0
-1.1578
0
0
0
0
0
0
0
0
0
0
0
4.9167
0
0
0
-1.5888
0
0
0
0
0
0
0
0
0
0
0
0
-1.1752
0
-1.1752
0
0
0
0
0
0
0
0
0
0
0
6.5968
-2.4737
-1.7728
0
0
0
0
0
0
0
0
0
0
0
0
0
0
0
0
0
-2.2002
0
0
0
0
0
-2.1038
0
0
0
-2.4737
14.8295
0
0
0
0
0
0
0
0
-8.0518
0
0
0
0
0
0
0
0
0
0
0
-1.0278
0
0
0
0
0
0
0
-1.7728
0
5.1753
0
0
0
0
0
0
-2.3747
0
0
0
0
0
0
0
0
0
0
0
0
-1.118
0
0
0
0
0
0
-1.5888
0
0
0
5.4535
0
0
0
0
0
0
0
-2.7466
0
0
0
0
0
0
0
-0.62693
0
0
0
0
0
0
0
0
0
0
0
0
0
0
4.2392
0
-1.9372
0
0
0
0
0
0
-1.6752
0
0
0
0
0
0
-1.6264
0
0
0
0
0
0
-1.6655
0
0
0
0
0
0
0
6.8205
0
0
0
0
0
0
-3.5287
0
-0.86222
-0.86222
0
0
0
0
0
0
0
0
0
0
0
0
0
0
0
0
0
0
-1.9372
0
3.6616
0
0
0
0
0
0
0
-0.28253
-0.28253
0
0
0
0
0
0
0
0
0
0
0
0
0
0
0
0
0
0
0
0
0
0.56507
0
0
0
0
0
0
0
0
0
0
0
-12.0348
0
0
0
0
0
0
0
0
0
0
0
0
0
0
0
0
0
0
12.0348
0
0
0
0
0
0
0
0
0
0
0
0
0
0
0
0
0
0
0
0
0
0
0
-2.3747
0
0
0
0
0
0
2.3747
0
0
0
0
0
0
0
0
0
0
0
0
0
0
0
0
0
0
0
0
0
-8.0518
0
0
0
0
0
0
0
0
8.0518
0
0
0
0
0
0
0
0
0
0
0
0
0
0
0
0
0
0
0
0
0
0
-2.7466
0
0
0
0
0
0
0
2.7466
0
0
0
0
0
0
0
0
0
0
0
0
0
0
0
0
0
0
0
0
0
0
0
-3.5287
0
0
0
0
0
0
3.5287
0
0
0
0
0
0
0
0
0
0
0
0
0
0
0
0
0
0
0
0
0
-1.6752
0
0
0
0
0
0
0
0
1.6752
