40.4438
-0.55433
-0.54898
-0.56535
-0.53443
-0.54672
-0.54672
-0.60794
-0.5769
-0.59278
-0.63336
-0.6188
-0.6188
-0.56996
-0.56996
-0.44331
-0.44331
-0.54488
-0.23188
-0.49179
-0.49179
0
-14.8559
0
0
0
-14.8559
0
0
0
-0.55433
10.4432
-0.53145
-0.54998
-0.5194
-0.52867
-0.52867
-0.59037
-0.55562
-0.57064
-0.60797
-0.60999
-0.60999
-0.54813
-0.54813
-0.44865
-0.44865
-0.52292
-0.24103
-0.46433
-0.46433
0
0
0
0
0
0
0
0
0
-0.54898
-0.53145
10.1029
-0.54593
-0.51369
-0.52219
-0.52219
-0.58696
-0.54784
-0.56255
-0.59826
-0.60833
-0.60833
-0.53973
-0.53973
-0.44904
-0.44904
-0.51419
0
-0.45724
-0.45724
0
0
0
0
0
0
0
0
0
-0.56535
-0.54998
-0.54593
22.5035
-0.5287
-0.53927
-0.53927
-0.60517
-0.56715
-0.58245
-0.62062
-0.6226
-0.6226
-0.55909
-0.55909
-0.45246
-0.45246
-0.53311
0
0
0
0
0
0
0
0
0
-13.0582
0
0
-0.53443
-0.5194
-0.51369
-0.5287
8.936
-0.5083
-0.5083
-0.56554
-0.53344
-0.54731
-0.58225
-0.58548
-0.58548
-0.52619
-0.52619
-0.43458
-0.43458
-0.50218
0
0
0
0
0
0
0
0
0
0
0
0
-0.54672
-0.52867
-0.52219
-0.53927
-0.5083
7.7551
-0.50975
-0.58585
-0.54884
-0.56224
-0.59822
-0.61146
-0.61146
-0.54108
-0.54108
0
0
0
0
0
0
0
0
0
0
0
0
0
0
0
-0.54672
-0.52867
-0.52219
-0.53927
-0.5083
-0.50975
7.7551
-0.58585
-0.54884
-0.56224
-0.59822
-0.61146
-0.61146
-0.54108
-0.54108
0
0
0
0
0
0
0
0
0
0
0
0
0
0
0
-0.60794
-0.59037
-0.58696
-0.60517
-0.56554
-0.58585
-0.58585
11.8471
-0.64605
-0.54708
0
0
0
0
0
0
0
0
0
0
0
0
0
0
0
-6.5263
0
0
0
0
-0.5769
-0.55562
-0.54784
-0.56715
-0.53344
-0.54884
-0.54884
-0.64605
5.7442
-0.55649
-0.663
0
0
0
0
0
0
0
0
0
0
0
0
0
0
0
0
0
0
0
-0.59278
-0.57064
-0.56255
-0.58245
-0.54731
-0.56224
-0.56224
-0.54708
-0.55649
5.0838
0
0
0
0
0
0
0
0
0
0
0
0
0
0
0
0
0
0
0
0
-0.63336
-0.60797
-0.59826
-0.62062
-0.58225
-0.59822
-0.59822
0
-0.663
0
4.9019
0
0
0
0
0
0
0
0
0
0
0
0
0
0
0
0
0
0
0
-0.6188
-0.60999
-0.60833
-0.6226
-0.58548
-0.61146
-0.61146
0
0
0
0
7.7519
0
0
0
0
0
0
0
0
0
0
0
0
0
0
0
0
0
-3.4838
-0.6188
-0.60999
-0.60833
-0.6226
-0.58548
-0.61146
-0.61146
0
0
0
0
0
7.7519
0
0
0
0
0
0
0
0
0
0
0
0
0
0
0
-3.4838
0
-0.56996
-0.54813
-0.53973
-0.55909
-0.52619
-0.54108
-0.54108
0
0
0
0
0
0
3.8253
0
0
0
0
0
0
0
0
0
0
0
0
0
0
0
0
-0.56996
-0.54813
-0.53973
-0.55909
-0.52619
-0.54108
-0.54108
0
0
0
0
0
0
0
3.8253
0
0
0
0
0
0
0
0
0
0
0
0
0
0
0
-0.44331
-0.44865
-0.44904
-0.45246
-0.43458
0
0
0
0
0
0
0
0
0
0
2.3325
0
0
0
0
0
-0.1045
0
0
0
0
0
0
0
0
-0.44331
-0.44865
-0.44904
-0.45246
-0.43458
0
0
0
0
0
0
0
0
0
0
0
2.3325
0
0
0
0
0
0
0
-0.1045
0
0
0
0
0
-0.54488
-0.52292
-0.51419
-0.53311
-0.50218
0
0
0
0
0
0
0
0
0
0
0
0
2.6173
0
0
0
0
0
0
0
0
0
0
0
0
-0.23188
-0.24103
0
0
0
0
0
0
0
0
0
0
0
0
0
0
0
0
0.60987
0
0
0
0
-0.13696
0
0
0
0
0
0
-0.49179
-0.46433
-0.45724
0
0
0
0
0
0
0
0
0
0
0
0
0
0
0
0
1.4134
0
0
0
0
0
0
0
0
0
0
-0.49179
-0.46433
-0.45724
0
0
0
0
0
0
0
0
0
0
0
0
0
0
0
0
0
1.4134
0
0
0
0
0
0
0
0
0
0
0
0
0
0
0
0
0
0
0
0
0
0
0
0
-0.1045
0
0
0
0
0
0.1045
0
0
0
0
0
0
0
0
-14.8559
0
0
0
0
0
0
0
0
0
0
0
0
0
0
0
0
0
0
0
0
0
14.8559
0
0
0
0
0
0
0
0
0
0
0
0
0
0
0
0
0
0
0
0
0
0
0
0
0
-0.13696
0
0
0
0
0.13696
0
0
0
0
0
0
0
0
0
0
0
0
0
0
0
0
0
0
0
0
0
0
-0.1045
0
0
0
0
0
0
0
0.1045
0
0
0
0
0
0
0
0
0
0
0
0
-6.5263
0
0
0
0
0
0
0
0
0
0
0
0
0
0
0
0
0
6.5263
0
0
0
0
-14.8559
0
0
0
0
0
0
0
0
0
0
0
0
0
0
0
0
0
0
0
0
0
0
0
0
0
14.8559
0
0
0
0
0
0
-13.0582
0
0
0
0
0
0
0
0
0
0
0
0
0
0
0
0
0
0
0
0
0
0
0
13.0582
0
0
0
0
0
0
0
0
0
0
0
0
0
0
-3.4838
0
0
0
0
0
0
0
0
0
0
0
0
0
0
0
3.4838
0
0
0
0
0
0
0
0
0
0
0
0
-3.4838
0
0
0
0
0
0
0
0
0
0
0
0
0
0
0
0
0
3.4838
