10.2865
-0.1001
-0.70707
-0.10178
-0.34472
-0.10004
-0.31726
-0.1
-0.47245
-0.47246
-0.47245
-0.8089
-1.07
0
-1.8468
0
0
0
0
0
0
0
0
0
0
0
0
-3.3724
0
0
-0.1001
7.7689
-0.10001
-0.10001
-0.21425
-0.79299
-0.32858
-0.53117
-0.37853
-0.37854
-0.37854
-0.52038
-0.43022
0
0
0
0
0
0
-1.3432
0
0
0
-2.1724
0
0
0
0
0
0
-0.70707
-0.10001
13.6216
-0.1
-0.47688
-0.3229
-0.43601
-1.1273
-0.4208
-0.4208
-0.42081
0
0
-1.3877
0
-0.97289
0
-2.5326
0
0
0
0
0
0
0
-4.1957
0
0
0
0
-0.10178
-0.10001
-0.1
11.1314
-0.48722
-0.31928
-0.463
-0.21301
-0.66118
-0.66118
-0.66118
-0.67771
-1.0729
0
0
0
0
-2.174
0
0
0
0
0
0
0
0
0
0
-3.4389
0
-0.34472
-0.21425
-0.47688
-0.48722
6.4696
-0.40629
-0.28737
-0.74752
-0.5647
-0.56475
-0.56476
-0.68455
-1.1266
0
0
0
0
0
0
0
0
0
0
0
0
0
0
0
0
0
-0.10004
-0.79299
-0.3229
-0.31928
-0.40629
6.4579
-0.52068
-0.40606
-0.52988
-0.52989
-0.52988
0
0
0
-1.4625
0
0
0
0
0
-0.53754
0
0
0
0
0
0
0
0
0
-0.31726
-0.32858
-0.43601
-0.463
-0.28737
-0.52068
6.3986
-0.73349
-0.47819
-0.47814
-0.47813
-0.99005
-0.88768
0
0
0
0
0
0
0
0
0
0
0
0
0
0
0
0
0
-0.1
-0.53117
-1.1273
-0.21301
-0.74752
-0.40606
-0.73349
9.5361
-0.72654
-0.72653
-0.72654
0
0
0
0
0
0
0
0
0
0
0
0
0
0
0
-3.498
0
0
0
-0.47245
-0.37853
-0.4208
-0.66118
-0.5647
-0.52988
-0.47819
-0.72654
5.0769
-0.45792
-0.38671
0
0
0
0
0
0
0
0
0
0
0
0
0
0
0
0
0
0
0
-0.47246
-0.37854
-0.4208
-0.66118
-0.56475
-0.52989
-0.47814
-0.72653
-0.45792
5.3077
-0.61749
0
0
0
0
0
0
0
0
0
0
0
0
0
0
0
0
0
0
0
-0.47245
-0.37854
-0.42081
-0.66118
-0.56476
-0.52988
-0.47813
-0.72654
-0.38671
-0.61749
5.2365
0
0
0
0
0
0
0
0
0
0
0
0
0
0
0
0
0
0
0
-0.8089
-0.52038
0
-0.67771
-0.68455
0
-0.99005
0
0
0
0
5.0374
0
-1.3558
0
0
0
0
0
0
0
0
0
0
0
0
0
0
0
0
-1.07
-0.43022
0
-1.0729
-1.1266
0
-0.88768
0
0
0
0
0
4.5875
0
0
0
0
0
0
0
0
0
0
0
0
0
0
0
0
0
0
0
-1.3877
0
0
0
0
0
0
0
0
-1.3558
0
8.1012
0
-2.2263
0
0
0
0
0
0
0
0
-3.1314
0
0
0
0
0
-1.8468
0
0
0
0
-1.4625
0
0
0
0
0
0
0
0
4.905
0
-1.5957
0
0
0
0
0
0
0
0
0
0
0
0
0
0
0
-0.97289
0
0
0
0
0
0
0
0
0
0
-2.2263
0
5.3128
0
0
-2.1137
0
0
0
0
0
0
0
0
0
0
0
0
0
0
0
0
0
0
0
0
0
0
0
0
0
-1.5957
0
6.8087
0
-2.5816
0
0
-2.6314
0
0
0
0
0
0
0
0
0
0
-2.5326
-2.174
0
0
0
0
0
0
0
0
0
0
0
0
0
8.1976
0
0
0
0
0
0
0
0
0
0
0
-3.491
0
0
0
0
0
0
0
0
0
0
0
0
0
0
0
-2.1137
-2.5816
0
4.6953
0
0
0
0
0
0
0
0
0
0
0
0
-1.3432
0
0
0
0
0
0
0
0
0
0
0
0
0
0
0
0
0
3.9898
0
0
-2.6466
0
0
0
0
0
0
0
0
0
0
0
0
-0.53754
0
0
0
0
0
0
0
0
0
0
0
0
0
0
3.3179
0
-2.7803
0
0
0
0
0
0
0
0
0
0
0
0
0
0
0
0
0
0
0
0
0
0
0
-2.6314
0
0
0
0
4.8298
0
-2.1984
0
0
0
0
0
0
0
0
0
0
0
0
0
0
0
0
0
0
0
0
0
0
0
0
0
-2.6466
-2.7803
0
5.427
0
0
0
0
0
0
0
0
-2.1724
0
0
0
0
0
0
0
0
0
0
0
0
0
0
0
0
0
0
0
-2.1984
0
4.3708
0
0
0
0
0
0
0
0
0
0
0
0
0
0
0
0
0
0
0
-3.1314
0
0
0
0
0
0
0
0
0
0
3.1314
0
0
0
0
0
0
0
-4.1957
0
0
0
0
0
0
0
0
0
0
0
0
0
0
0
0
0
0
0
0
0
0
4.1957
0
0
0
0
0
0
0
0
0
0
0
-3.498
0
0
0
0
0
0
0
0
0
0
0
0
0
0
0
0
0
0
3.498
0
0
0
-3.3724
0
0
0
0
0
0
0
0
0
0
0
0
0
0
0
0
0
0
0
0
0
0
0
0
0
0
3.3724
0
0
0
0
0
-3.4389
0
0
0
0
0
0
0
0
0
0
0
0
0
0
0
0
0
0
0
0
0
0
0
0
3.4389
0
0
0
0
0
0
0
0
0
0
0
0
0
0
0
0
0
0
-3.491
0
0
0
0
0
0
0
0
0
0
0
3.491
