21.2967
-0.84258
-0.84258
-0.9204
-0.84258
-0.84258
-0.83954
-0.85192
-0.84258
-0.69838
-0.69838
-0.69838
-0.77273
-0.78436
-0.76894
-0.78512
-0.78512
-0.79242
-0.76849
0
0
0
-6.9196
0
0
0
0
0
0
0
-0.84258
14.6047
-0.78875
-0.90299
-0.78875
-0.78875
-0.82827
-0.84258
-0.78875
-0.68507
-0.68507
-0.68507
-0.75418
-0.7697
-0.75494
-0.76613
-0.76613
-0.77679
-0.74823
-0.64192
0
0
0
0
0
0
0
0
0
0
-0.84258
-0.78875
14.6047
-0.90299
-0.78875
-0.78875
-0.82827
-0.84258
-0.78875
-0.68507
-0.68507
-0.68507
-0.75418
-0.7697
-0.75494
-0.76613
-0.76613
-0.77679
-0.74823
-0.64192
0
0
0
0
0
0
0
0
0
0
-0.9204
-0.90299
-0.90299
30.4353
-0.90299
-0.90299
-0.89265
-0.9204
-0.90299
-0.73711
-0.73711
-0.73711
-0.7574
-0.73997
-0.74093
-0.76564
-0.76564
0
0
0
-0.41938
-8.3933
0
0
0
0
0
0
-8.3933
0
-0.84258
-0.78875
-0.78875
-0.90299
14.6047
-0.78875
-0.82827
-0.84258
-0.78875
-0.68507
-0.68507
-0.68507
-0.75418
-0.7697
-0.75494
-0.76613
-0.76613
-0.77679
-0.74823
-0.64192
0
0
0
0
0
0
0
0
0
0
-0.84258
-0.78875
-0.78875
-0.90299
-0.78875
14.6047
-0.82827
-0.84258
-0.78875
-0.68507
-0.68507
-0.68507
-0.75418
-0.7697
-0.75494
-0.76613
-0.76613
-0.77679
-0.74823
-0.64192
0
0
0
0
0
0
0
0
0
0
-0.83954
-0.82827
-0.82827
-0.89265
-0.82827
-0.82827
14.5617
-0.83954
-0.82827
-0.68859
-0.68859
-0.68859
-0.75777
-0.77128
-0.75975
-0.76807
-0.76807
-0.77502
-0.74902
0
-0.43383
0
0
0
0
0
0
0
0
0
-0.85192
-0.84258
-0.84258
-0.9204
-0.84258
-0.84258
-0.83954
21.2967
-0.84258
-0.69838
-0.69838
-0.69838
-0.77273
-0.78436
-0.76894
-0.78512
-0.78512
-0.79242
-0.76849
0
0
0
0
0
0
0
0
0
0
-6.9196
-0.84258
-0.78875
-0.78875
-0.90299
-0.78875
-0.78875
-0.82827
-0.84258
14.6047
-0.68507
-0.68507
-0.68507
-0.75418
-0.7697
-0.75494
-0.76613
-0.76613
-0.77679
-0.74823
-0.64192
0
0
0
0
0
0
0
0
0
0
-0.69838
-0.68507
-0.68507
-0.73711
-0.68507
-0.68507
-0.68859
-0.69838
-0.68507
12.0067
-0.59679
-0.59679
-0.64865
-0.658
-0.64488
-0.6555
-0.6555
-0.66273
-0.64003
0
0
0
0
0
0
0
0
0
0
0
-0.69838
-0.68507
-0.68507
-0.73711
-0.68507
-0.68507
-0.68859
-0.69838
-0.68507
-0.59679
12.0067
-0.59679
-0.64865
-0.658
-0.64488
-0.6555
-0.6555
-0.66273
-0.64003
0
0
0
0
0
0
0
0
0
0
0
-0.69838
-0.68507
-0.68507
-0.73711
-0.68507
-0.68507
-0.68859
-0.69838
-0.68507
-0.59679
-0.59679
12.0067
-0.64865
-0.658
-0.64488
-0.6555
-0.6555
-0.66273
-0.64003
0
0
0
0
0
0
0
0
0
0
0
-0.77273
-0.75418
-0.75418
-0.7574
-0.75418
-0.75418
-0.75777
-0.77273
-0.75418
-0.64865
-0.64865
-0.64865
11.6873
-0.73239
-0.71591
-0.73075
-0.73075
0
0
0
0
0
0
0
0
0
0
0
0
0
-0.78436
-0.7697
-0.7697
-0.73997
-0.7697
-0.7697
-0.77128
-0.78436
-0.7697
-0.658
-0.658
-0.658
-0.73239
15.4187
-0.70648
0
0
0
0
0
0
0
0
0
0
0
-5.0773
0
0
0
-0.76894
-0.75494
-0.75494
-0.74093
-0.75494
-0.75494
-0.75975
-0.76894
-0.75494
-0.64488
-0.64488
-0.64488
-0.71591
-0.70648
10.5929
0
0
0
0
0
-0.42264
0
0
0
0
0
0
0
0
0
-0.78512
-0.76613
-0.76613
-0.76564
-0.76613
-0.76613
-0.76807
-0.78512
-0.76613
-0.6555
-0.6555
-0.6555
-0.73075
0
0
9.6318
0
0
0
0
0
0
0
0
0
0
0
0
0
0
-0.78512
-0.76613
-0.76613
-0.76564
-0.76613
-0.76613
-0.76807
-0.78512
-0.76613
-0.6555
-0.6555
-0.6555
-0.73075
0
0
0
9.6318
0
0
0
0
0
0
0
0
0
0
0
0
0
-0.79242
-0.77679
-0.77679
0
-0.77679
-0.77679
-0.77502
-0.79242
-0.77679
-0.66273
-0.66273
-0.66273
0
0
0
0
0
11.2367
0
0
0
0
0
0
0
-3.0047
0
0
0
0
-0.76849
-0.74823
-0.74823
0
-0.74823
-0.74823
-0.74902
-0.76849
-0.74823
-0.64003
-0.64003
-0.64003
0
0
0
0
0
0
7.9472
0
0
0
0
0
0
0
0
0
0
0
0
-0.64192
-0.64192
0
-0.64192
-0.64192
0
0
-0.64192
0
0
0
0
0
0
0
0
0
0
3.3141
0
0
0
0
-0.1045
0
0
0
0
0
0
0
0
-0.41938
0
0
-0.43383
0
0
0
0
0
0
0
-0.42264
0
0
0
0
0
13.1846
0
0
-5.9544
0
0
0
-5.9544
0
0
0
0
0
-8.3933
0
0
0
0
0
0
0
0
0
0
0
0
0
0
0
0
0
8.3933
0
0
0
0
0
0
0
0
-6.9196
0
0
0
0
0
0
0
0
0
0
0
0
0
0
0
0
0
0
0
0
0
6.9196
0
0
0
0
0
0
0
0
0
0
0
0
0
0
0
0
0
0
0
0
0
0
0
0
0
0
0
-5.9544
0
0
5.9544
0
0
0
0
0
0
0
0
0
0
0
0
0
0
0
0
0
0
0
0
0
0
0
0
0
-0.1045
0
0
0
0
0.1045
0
0
0
0
0
0
0
0
0
0
0
0
0
0
0
0
0
0
0
0
0
0
-3.0047
0
0
0
0
0
0
0
3.0047
0
0
0
0
0
0
0
0
0
0
0
0
0
0
0
0
0
-5.0773
0
0
0
0
0
0
0
0
0
0
0
0
5.0773
0
0
0
0
0
0
0
0
0
0
0
0
0
0
0
0
0
0
0
0
0
0
0
-5.9544
0
0
0
0
0
0
5.9544
0
0
0
0
0
-8.3933
0
0
0
0
0
0
0
0
0
0
0
0
0
0
0
0
0
0
0
0
0
0
0
0
8.3933
0
0
0
0
0
0
0
0
-6.9196
0
0
0
0
0
0
0
0
0
0
0
0
0
0
0
0
0
0
0
0
0
6.9196
