26.1275
-0.83455
-0.83455
-0.83496
-0.8166
-0.8166
-0.8388
-0.84386
-0.83938
-0.85657
-0.82615
-0.82615
-0.82615
-0.79734
-0.79734
-0.82221
-0.88384
-0.86558
-0.90348
-0.84526
-0.84526
-0.48932
-0.48932
0
0
0
0
0
-8.3943
0
-0.83455
17.0908
-0.80136
-0.80442
-0.78294
-0.78294
-0.80414
-0.81483
-0.82169
-0.82101
-0.79277
-0.79277
-0.79277
-0.76582
-0.76582
-0.78909
-0.8442
-0.82695
-0.86041
-0.80588
-0.80588
-0.49027
-0.49027
0
0
0
0
0
0
0
-0.83455
-0.80136
17.0908
-0.80442
-0.78294
-0.78294
-0.80414
-0.81483
-0.82169
-0.82101
-0.79277
-0.79277
-0.79277
-0.76582
-0.76582
-0.78909
-0.8442
-0.82695
-0.86041
-0.80588
-0.80588
-0.49027
-0.49027
0
0
0
0
0
0
0
-0.83496
-0.80442
-0.80442
24.2528
-0.79142
-0.79142
-0.81305
-0.82207
-0.82217
-0.82996
-0.80117
-0.80117
-0.80117
-0.77376
-0.77376
-0.79743
-0.85467
-0.83723
-0.87201
-0.81666
-0.81666
0
0
0
0
-7.9932
0
0
0
0
-0.8166
-0.78294
-0.78294
-0.79142
15.7863
-0.76344
-0.78712
-0.80158
-0.81415
-0.8033
-0.77616
-0.77616
-0.77616
-0.75012
-0.75012
-0.77261
-0.82425
-0.80746
-0.83841
-0.78568
-0.78568
0
0
0
0
0
0
0
0
0
-0.8166
-0.78294
-0.78294
-0.79142
-0.76344
15.7863
-0.78712
-0.80158
-0.81415
-0.8033
-0.77616
-0.77616
-0.77616
-0.75012
-0.75012
-0.77261
-0.82425
-0.80746
-0.83841
-0.78568
-0.78568
0
0
0
0
0
0
0
0
0
-0.8388
-0.80414
-0.80414
-0.81305
-0.78712
-0.78712
14.6071
-0.83299
-0.83739
-0.82634
-0.79819
-0.79819
-0.79819
-0.77094
-0.77094
-0.79447
-0.84891
-0.83121
-0.86496
0
0
0
0
0
0
0
0
0
0
0
-0.84386
-0.81483
-0.81483
-0.82207
-0.80158
-0.80158
-0.83299
21.2733
-0.82719
-0.84067
-0.81155
-0.81155
-0.81155
-0.78356
-0.78356
-0.80773
-0.86692
-0.84897
0
0
0
0
0
0
-7.3483
0
0
0
0
0
-0.83938
-0.82169
-0.82169
-0.82217
-0.81415
-0.81415
-0.83739
-0.82719
28.3644
-0.84943
-0.82401
-0.82401
-0.82401
-0.79532
-0.79532
-0.82009
0
0
0
0
0
0
0
-8.0172
0
0
0
-8.0172
0
0
-0.85657
-0.82101
-0.82101
-0.82996
-0.8033
-0.8033
-0.82634
-0.84067
-0.84943
13.1854
-0.82037
-0.82037
-0.82037
-0.79189
-0.79189
-0.81648
-0.87243
0
0
0
0
0
0
0
0
0
0
0
0
0
-0.82615
-0.79277
-0.79277
-0.80117
-0.77616
-0.77616
-0.79819
-0.81155
-0.82401
-0.82037
11.8592
-0.77917
-0.77917
-0.75297
-0.75297
-0.7756
0
0
0
0
0
0
0
0
0
0
0
0
0
0
-0.82615
-0.79277
-0.79277
-0.80117
-0.77616
-0.77616
-0.79819
-0.81155
-0.82401
-0.82037
-0.77917
11.8592
-0.77917
-0.75297
-0.75297
-0.7756
0
0
0
0
0
0
0
0
0
0
0
0
0
0
-0.82615
-0.79277
-0.79277
-0.80117
-0.77616
-0.77616
-0.79819
-0.81155
-0.82401
-0.82037
-0.77917
-0.77917
11.8592
-0.75297
-0.75297
-0.7756
0
0
0
0
0
0
0
0
0
0
0
0
0
0
-0.79734
-0.76582
-0.76582
-0.77376
-0.75012
-0.75012
-0.77094
-0.78356
-0.79532
-0.79189
-0.75297
-0.75297
-0.75297
10.6889
-0.68523
0
0
0
0
0
0
0
0
0
0
0
0
0
0
0
-0.79734
-0.76582
-0.76582
-0.77376
-0.75012
-0.75012
-0.77094
-0.78356
-0.79532
-0.79189
-0.75297
-0.75297
-0.75297
-0.68523
10.6889
0
0
0
0
0
0
0
0
0
0
0
0
0
0
0
-0.82221
-0.78909
-0.78909
-0.79743
-0.77261
-0.77261
-0.79447
-0.80773
-0.82009
-0.81648
-0.7756
-0.7756
-0.7756
0
0
10.3086
0
0
0
0
0
0
0
0
0
0
0
0
0
0
-0.88384
-0.8442
-0.8442
-0.85467
-0.82425
-0.82425
-0.84891
-0.86692
0
-0.87243
0
0
0
0
0
0
7.6637
0
0
0
0
0
0
0
0
0
0
0
0
0
-0.86558
-0.82695
-0.82695
-0.83723
-0.80746
-0.80746
-0.83121
-0.84897
0
0
0
0
0
0
0
0
0
6.6518
0
0
0
0
0
0
0
0
0
0
0
0
-0.90348
-0.86041
-0.86041
-0.87201
-0.83841
-0.83841
-0.86496
0
0
0
0
0
0
0
0
0
0
0
6.0381
0
0
0
0
0
0
0
0
0
0
0
-0.84526
-0.80588
-0.80588
-0.81666
-0.78568
-0.78568
0
0
0
0
0
0
0
0
0
0
0
0
0
4.845
0
0
0
0
0
0
0
0
0
0
-0.84526
-0.80588
-0.80588
-0.81666
-0.78568
-0.78568
0
0
0
0
0
0
0
0
0
0
0
0
0
0
4.845
0
0
0
0
0
0
0
0
0
-0.48932
-0.49027
-0.49027
0
0
0
0
0
0
0
0
0
0
0
0
0
0
0
0
0
0
1.5744
0
0
0
0
-0.1045
0
0
0
-0.48932
-0.49027
-0.49027
0
0
0
0
0
0
0
0
0
0
0
0
0
0
0
0
0
0
0
1.5744
0
0
0
0
0
0
-0.1045
0
0
0
0
0
0
0
0
-8.0172
0
0
0
0
0
0
0
0
0
0
0
0
0
0
8.0172
0
0
0
0
0
0
0
0
0
0
0
0
0
-7.3483
0
0
0
0
0
0
0
0
0
0
0
0
0
0
0
0
7.3483
0
0
0
0
0
0
0
0
-7.9932
0
0
0
0
0
0
0
0
0
0
0
0
0
0
0
0
0
0
0
0
0
7.9932
0
0
0
0
0
0
0
0
0
0
0
0
0
0
0
0
0
0
0
0
0
0
0
0
0
-0.1045
0
0
0
0
0.1045
0
0
0
0
0
0
0
0
0
0
0
-8.0172
0
0
0
0
0
0
0
0
0
0
0
0
0
0
0
0
0
0
8.0172
0
0
-8.3943
0
0
0
0
0
0
0
0
0
0
0
0
0
0
0
0
0
0
0
0
0
0
0
0
0
0
0
8.3943
0
0
0
0
0
0
0
0
0
0
0
0
0
0
0
0
0
0
0
0
0
0
0
-0.1045
0
0
0
0
0
0
0.1045
