27.2857
-1.0148
-1.0148
-1.0148
-0.82832
-0.82832
-0.82832
-0.82832
-0.82832
-0.82832
-0.82832
-0.82832
-0.75786
-0.73215
-0.78004
-0.80213
-0.83632
-0.83632
-0.83357
-0.85538
-0.8012
-0.44003
-0.31438
0
0
0
-9.6254
0
0
0
-1.0148
29.3227
-1.1978
-1.1978
-0.97717
-0.97717
-0.97717
-0.97717
-0.97717
-0.97717
-0.97717
-0.97717
-0.90739
-0.86104
-0.91962
-0.94635
-0.98796
-0.98796
-0.98461
-1.0202
-0.9469
0
0
0
0
0
0
0
-9.5329
0
-1.0148
-1.1978
29.3227
-1.1978
-0.97717
-0.97717
-0.97717
-0.97717
-0.97717
-0.97717
-0.97717
-0.97717
-0.90739
-0.86104
-0.91962
-0.94635
-0.98796
-0.98796
-0.98461
-1.0202
-0.9469
0
0
0
0
0
0
-9.5329
0
0
-1.0148
-1.1978
-1.1978
29.3227
-0.97717
-0.97717
-0.97717
-0.97717
-0.97717
-0.97717
-0.97717
-0.97717
-0.90739
-0.86104
-0.91962
-0.94635
-0.98796
-0.98796
-0.98461
-1.0202
-0.9469
0
0
0
-9.5329
0
0
0
0
0
-0.82832
-0.97717
-0.97717
-0.97717
15.7755
-0.74923
-0.74923
-0.74923
-0.74923
-0.74923
-0.74923
-0.74923
-0.72271
-0.67883
-0.72519
-0.74559
-0.7771
-0.7771
-0.77457
-0.82359
-0.74641
0
0
0
0
0
0
0
0
0
-0.82832
-0.97717
-0.97717
-0.97717
-0.74923
15.7755
-0.74923
-0.74923
-0.74923
-0.74923
-0.74923
-0.74923
-0.72271
-0.67883
-0.72519
-0.74559
-0.7771
-0.7771
-0.77457
-0.82359
-0.74641
0
0
0
0
0
0
0
0
0
-0.82832
-0.97717
-0.97717
-0.97717
-0.74923
-0.74923
15.7755
-0.74923
-0.74923
-0.74923
-0.74923
-0.74923
-0.72271
-0.67883
-0.72519
-0.74559
-0.7771
-0.7771
-0.77457
-0.82359
-0.74641
0
0
0
0
0
0
0
0
0
-0.82832
-0.97717
-0.97717
-0.97717
-0.74923
-0.74923
-0.74923
15.7755
-0.74923
-0.74923
-0.74923
-0.74923
-0.72271
-0.67883
-0.72519
-0.74559
-0.7771
-0.7771
-0.77457
-0.82359
-0.74641
0
0
0
0
0
0
0
0
0
-0.82832
-0.97717
-0.97717
-0.97717
-0.74923
-0.74923
-0.74923
-0.74923
15.7755
-0.74923
-0.74923
-0.74923
-0.72271
-0.67883
-0.72519
-0.74559
-0.7771
-0.7771
-0.77457
-0.82359
-0.74641
0
0
0
0
0
0
0
0
0
-0.82832
-0.97717
-0.97717
-0.97717
-0.74923
-0.74923
-0.74923
-0.74923
-0.74923
15.7755
-0.74923
-0.74923
-0.72271
-0.67883
-0.72519
-0.74559
-0.7771
-0.7771
-0.77457
-0.82359
-0.74641
0
0
0
0
0
0
0
0
0
-0.82832
-0.97717
-0.97717
-0.97717
-0.74923
-0.74923
-0.74923
-0.74923
-0.74923
-0.74923
15.7755
-0.74923
-0.72271
-0.67883
-0.72519
-0.74559
-0.7771
-0.7771
-0.77457
-0.82359
-0.74641
0
0
0
0
0
0
0
0
0
-0.82832
-0.97717
-0.97717
-0.97717
-0.74923
-0.74923
-0.74923
-0.74923
-0.74923
-0.74923
-0.74923
15.7755
-0.72271
-0.67883
-0.72519
-0.74559
-0.7771
-0.7771
-0.77457
-0.82359
-0.74641
0
0
0
0
0
0
0
0
0
-0.75786
-0.90739
-0.90739
-0.90739
-0.72271
-0.72271
-0.72271
-0.72271
-0.72271
-0.72271
-0.72271
-0.72271
13.4958
-0.57523
-0.61871
-0.636
-0.66264
-0.66264
-0.6605
0
0
-0.41842
0
0
0
0
0
0
0
0
-0.73215
-0.86104
-0.86104
-0.86104
-0.67883
-0.67883
-0.67883
-0.67883
-0.67883
-0.67883
-0.67883
-0.67883
-0.57523
13.1354
-0.60931
-0.62634
-0.65257
-0.65257
-0.65047
0
-0.62299
0
0
0
0
0
0
0
0
0
-0.78004
-0.91962
-0.91962
-0.91962
-0.72519
-0.72519
-0.72519
-0.72519
-0.72519
-0.72519
-0.72519
-0.72519
-0.61871
-0.60931
13.3653
-0.67841
-0.70689
-0.70689
-0.7046
0
0
0
0
0
0
0
0
0
0
0
-0.80213
-0.94635
-0.94635
-0.94635
-0.74559
-0.74559
-0.74559
-0.74559
-0.74559
-0.74559
-0.74559
-0.74559
-0.636
-0.62634
-0.67841
13.0085
-0.73096
-0.73096
0
0
0
0
0
0
0
0
0
0
0
0
-0.83632
-0.98796
-0.98796
-0.98796
-0.7771
-0.7771
-0.7771
-0.7771
-0.7771
-0.7771
-0.7771
-0.7771
-0.66264
-0.65257
-0.70689
-0.73096
12.77
0
0
0
0
0
0
0
0
0
0
0
0
0
-0.83632
-0.98796
-0.98796
-0.98796
-0.7771
-0.7771
-0.7771
-0.7771
-0.7771
-0.7771
-0.7771
-0.7771
-0.66264
-0.65257
-0.70689
-0.73096
0
12.77
0
0
0
0
0
0
0
0
0
0
0
0
-0.83357
-0.98461
-0.98461
-0.98461
-0.77457
-0.77457
-0.77457
-0.77457
-0.77457
-0.77457
-0.77457
-0.77457
-0.6605
-0.65047
-0.7046
0
0
0
11.9996
0
0
0
0
0
0
0
0
0
0
0
-0.85538
-1.0202
-1.0202
-1.0202
-0.82359
-0.82359
-0.82359
-0.82359
-0.82359
-0.82359
-0.82359
-0.82359
0
0
0
0
0
0
0
16.9831
0
0
-0.34048
-6.1379
0
0
0
0
0
0
-0.8012
-0.9469
-0.9469
-0.9469
-0.74641
-0.74641
-0.74641
-0.74641
-0.74641
-0.74641
-0.74641
-0.74641
0
-0.62299
0
0
0
0
0
0
10.2362
0
0
0
0
0
0
0
0
0
-0.44003
0
0
0
0
0
0
0
0
0
0
0
-0.41842
0
0
0
0
0
0
0
0
1.1914
0
0
0
0
0
0
0
-0.33291
-0.31438
0
0
0
0
0
0
0
0
0
0
0
0
0
0
0
0
0
0
-0.34048
0
0
0.77328
0
0
-0.11842
0
0
0
0
0
0
0
0
0
0
0
0
0
0
0
0
0
0
0
0
0
0
0
-6.1379
0
0
0
6.1379
0
0
0
0
0
0
0
0
0
-9.5329
0
0
0
0
0
0
0
0
0
0
0
0
0
0
0
0
0
0
0
0
9.5329
0
0
0
0
0
0
0
0
0
0
0
0
0
0
0
0
0
0
0
0
0
0
0
0
0
0
0
-0.11842
0
0
0.11842
0
0
0
0
-9.6254
0
0
0
0
0
0
0
0
0
0
0
0
0
0
0
0
0
0
0
0
0
0
0
0
0
9.6254
0
0
0
0
0
-9.5329
0
0
0
0
0
0
0
0
0
0
0
0
0
0
0
0
0
0
0
0
0
0
0
0
9.5329
0
0
0
-9.5329
0
0
0
0
0
0
0
0
0
0
0
0
0
0
0
0
0
0
0
0
0
0
0
0
0
0
9.5329
0
0
0
0
0
0
0
0
0
0
0
0
0
0
0
0
0
0
0
0
0
0
-0.33291
0
0
0
0
0
0
0
0.33291
