15.2054
-0.6787
-0.6787
-0.6787
-0.7431
-0.7431
-0.76331
-0.74814
-0.73089
-0.73089
-0.73089
-0.65081
-0.67529
-0.66487
-0.72704
-0.69633
-1.115
-1.115
-1.115
-1.115
-0.1045
0
0
0
0
0
0
0
0
0
-0.6787
14.1754
-0.62571
-0.62571
-0.70568
-0.70568
-0.72109
-0.68604
-0.68493
-0.68493
-0.68493
-0.61017
-0.64012
-0.62304
-0.68089
-0.65253
-1.0413
-1.0413
-1.0413
-1.0413
0
0
0
0
0
0
0
0
0
0
-0.6787
-0.62571
14.1754
-0.62571
-0.70568
-0.70568
-0.72109
-0.68604
-0.68493
-0.68493
-0.68493
-0.61017
-0.64012
-0.62304
-0.68089
-0.65253
-1.0413
-1.0413
-1.0413
-1.0413
0
0
0
0
0
0
0
0
0
0
-0.6787
-0.62571
-0.62571
14.1754
-0.70568
-0.70568
-0.72109
-0.68604
-0.68493
-0.68493
-0.68493
-0.61017
-0.64012
-0.62304
-0.68089
-0.65253
-1.0413
-1.0413
-1.0413
-1.0413
0
0
0
0
0
0
0
0
0
0
-0.7431
-0.70568
-0.70568
-0.70568
26.4725
-0.65517
-0.69003
-0.64084
-0.69557
-0.69557
-0.69557
-0.61492
-0.60735
-0.62683
-0.6954
-0.66675
0
0
0
0
0
0
0
0
0
-8.1642
-8.1642
0
0
0
-0.7431
-0.70568
-0.70568
-0.70568
-0.65517
26.4725
-0.69003
-0.64084
-0.69557
-0.69557
-0.69557
-0.61492
-0.60735
-0.62683
-0.6954
-0.66675
0
0
0
0
0
0
0
-8.1642
0
0
0
0
-8.1642
0
-0.76331
-0.72109
-0.72109
-0.72109
-0.69003
-0.69003
15.9906
-0.69113
-0.71852
-0.71852
-0.71852
-0.62949
-0.64748
-0.64231
-0.70933
-0.67895
0
0
0
0
0
0
0
0
0
0
0
0
0
-5.5297
-0.74814
-0.68604
-0.68604
-0.68604
-0.64084
-0.64084
-0.69113
13.2789
-0.71926
-0.71926
-0.71926
-0.59031
-0.56587
-0.58002
0
0
0
0
0
0
0
0
-0.11797
0
0
0
0
-4.4879
0
0
-0.73089
-0.68493
-0.68493
-0.68493
-0.69557
-0.69557
-0.71852
-0.71926
10.0542
-0.65568
-0.65568
-0.58595
-0.6235
-0.60515
-0.67279
-0.64084
0
0
0
0
0
0
0
0
0
0
0
0
0
0
-0.73089
-0.68493
-0.68493
-0.68493
-0.69557
-0.69557
-0.71852
-0.71926
-0.65568
10.0542
-0.65568
-0.58595
-0.6235
-0.60515
-0.67279
-0.64084
0
0
0
0
0
0
0
0
0
0
0
0
0
0
-0.73089
-0.68493
-0.68493
-0.68493
-0.69557
-0.69557
-0.71852
-0.71926
-0.65568
-0.65568
10.0542
-0.58595
-0.6235
-0.60515
-0.67279
-0.64084
0
0
0
0
0
0
0
0
0
0
0
0
0
0
-0.65081
-0.61017
-0.61017
-0.61017
-0.61492
-0.61492
-0.62949
-0.59031
-0.58595
-0.58595
-0.58595
8.341
-0.53626
-0.53122
-0.58472
0
0
0
0
0
0
0
0
0
0
0
0
0
0
0
-0.67529
-0.64012
-0.64012
-0.64012
-0.60735
-0.60735
-0.64748
-0.56587
-0.6235
-0.6235
-0.6235
-0.53626
12.0596
-0.53892
0
0
0
0
0
0
0
0
0
0
-4.0902
0
0
0
0
0
-0.66487
-0.62304
-0.62304
-0.62304
-0.62683
-0.62683
-0.64231
-0.58002
-0.60515
-0.60515
-0.60515
-0.53122
-0.53892
7.8956
0
0
0
0
0
0
0
0
0
0
0
0
0
0
0
0
-0.72704
-0.68089
-0.68089
-0.68089
-0.6954
-0.6954
-0.70933
0
-0.67279
-0.67279
-0.67279
-0.58472
0
0
7.4729
0
0
0
0
0
0
0
0
0
0
0
0
0
0
0
-0.69633
-0.65253
-0.65253
-0.65253
-0.66675
-0.66675
-0.67895
0
-0.64084
-0.64084
-0.64084
0
0
0
0
6.5889
0
0
0
0
0
0
0
0
0
0
0
0
0
0
-1.115
-1.0413
-1.0413
-1.0413
0
0
0
0
0
0
0
0
0
0
0
0
4.239
0
0
0
0
0
0
0
0
0
0
0
0
0
-1.115
-1.0413
-1.0413
-1.0413
0
0
0
0
0
0
0
0
0
0
0
0
0
4.239
0
0
0
0
0
0
0
0
0
0
0
0
-1.115
-1.0413
-1.0413
-1.0413
0
0
0
0
0
0
0
0
0
0
0
0
0
0
4.239
0
0
0
0
0
0
0
0
0
0
0
-1.115
-1.0413
-1.0413
-1.0413
0
0
0
0
0
0
0
0
0
0
0
0
0
0
0
4.239
0
0
0
0
0
0
0
0
0
0
-0.1045
0
0
0
0
0
0
0
0
0
0
0
0
0
0
0
0
0
0
0
0.50589
-0.40139
0
0
0
0
0
0
0
0
0
0
0
0
0
0
0
0
0
0
0
0
0
0
0
0
0
0
0
0
-0.40139
0.79508
-0.39369
0
0
0
0
0
0
0
0
0
0
0
0
0
0
-0.11797
0
0
0
0
0
0
0
0
0
0
0
0
0
-0.39369
0.51166
0
0
0
0
0
0
0
0
0
0
0
0
-8.1642
0
0
0
0
0
0
0
0
0
0
0
0
0
0
0
0
0
8.1642
0
0
0
0
0
0
0
0
0
0
0
0
0
0
0
0
0
0
-4.0902
0
0
0
0
0
0
0
0
0
0
0
4.0902
0
0
0
0
0
0
0
0
0
-8.1642
0
0
0
0
0
0
0
0
0
0
0
0
0
0
0
0
0
0
0
0
8.1642
0
0
0
0
0
0
0
0
-8.1642
0
0
0
0
0
0
0
0
0
0
0
0
0
0
0
0
0
0
0
0
0
8.1642
0
0
0
0
0
0
0
0
0
0
-4.4879
0
0
0
0
0
0
0
0
0
0
0
0
0
0
0
0
0
0
0
4.4879
0
0
0
0
0
0
0
-8.1642
0
0
0
0
0
0
0
0
0
0
0
0
0
0
0
0
0
0
0
0
0
0
8.1642
0
0
0
0
0
0
0
-5.5297
0
0
0
0
0
0
0
0
0
0
0
0
0
0
0
0
0
0
0
0
0
0
5.5297
