20.4825
-0.64963
-0.64963
-0.64963
-0.53675
-0.53675
-0.5384
-0.57703
-0.59871
-0.64515
-0.59555
-0.63678
-0.62395
-0.61593
-0.61593
-0.48026
-0.61701
0
0
0
0
0
0
-10.9155
0
0
0
0
0
0
-0.64963
20.4825
-0.64963
-0.64963
-0.53675
-0.53675
-0.5384
-0.57703
-0.59871
-0.64515
-0.59555
-0.63678
-0.62395
-0.61593
-0.61593
-0.48026
-0.61701
0
0
0
0
0
0
0
0
0
-10.9155
0
0
0
-0.64963
-0.64963
20.4825
-0.64963
-0.53675
-0.53675
-0.5384
-0.57703
-0.59871
-0.64515
-0.59555
-0.63678
-0.62395
-0.61593
-0.61593
-0.48026
-0.61701
0
0
0
0
0
0
0
-10.9155
0
0
0
0
0
-0.64963
-0.64963
-0.64963
20.4825
-0.53675
-0.53675
-0.5384
-0.57703
-0.59871
-0.64515
-0.59555
-0.63678
-0.62395
-0.61593
-0.61593
-0.48026
-0.61701
0
0
0
0
0
-10.9155
0
0
0
0
0
0
0
-0.53675
-0.53675
-0.53675
-0.53675
8.0918
-0.44977
-0.45379
-0.48456
-0.50364
-0.541
-0.49817
-0.54074
-0.52562
-0.51352
-0.51352
-0.4017
-0.5188
0
0
0
0
0
0
0
0
0
0
0
0
0
-0.53675
-0.53675
-0.53675
-0.53675
-0.44977
8.0918
-0.45379
-0.48456
-0.50364
-0.541
-0.49817
-0.54074
-0.52562
-0.51352
-0.51352
-0.4017
-0.5188
0
0
0
0
0
0
0
0
0
0
0
0
0
-0.5384
-0.5384
-0.5384
-0.5384
-0.45379
-0.45379
7.5425
-0.48101
-0.49752
-0.53498
-0.49303
-0.53321
-0.5217
-0.50943
-0.50943
-0.40097
0
0
0
0
0
0
0
0
0
0
0
0
0
0
-0.57703
-0.57703
-0.57703
-0.57703
-0.48456
-0.48456
-0.48101
7.085
-0.537
-0.57875
-0.53063
-0.57169
0
-0.55432
-0.55432
0
0
0
0
0
0
0
0
0
0
0
0
0
0
0
-0.59871
-0.59871
-0.59871
-0.59871
-0.50364
-0.50364
-0.49752
-0.537
5.6802
-0.62514
-0.51389
0
0
0
0
0
0
0
0
-0.1045
0
0
0
0
0
0
0
0
0
0
-0.64515
-0.64515
-0.64515
-0.64515
-0.541
-0.541
-0.53498
-0.57875
-0.62514
12.8228
-0.55142
0
0
0
0
0
0
0
0
0
0
0
0
0
0
-6.8699
0
0
0
0
-0.59555
-0.59555
-0.59555
-0.59555
-0.49817
-0.49817
-0.49303
-0.53063
-0.51389
-0.55142
5.4675
0
0
0
0
0
0
0
0
0
0
0
0
0
0
0
0
0
0
0
-0.63678
-0.63678
-0.63678
-0.63678
-0.54074
-0.54074
-0.53321
-0.57169
0
0
0
10.5417
0
0
0
0
0
0
0
0
-0.11244
0
0
0
0
0
0
0
0
-5.6957
-0.62395
-0.62395
-0.62395
-0.62395
-0.52562
-0.52562
-0.5217
0
0
0
0
0
5.1454
0
0
0
0
-0.46064
-0.61607
0
0
0
0
0
0
0
0
0
0
0
-0.61593
-0.61593
-0.61593
-0.61593
-0.51352
-0.51352
-0.50943
-0.55432
0
0
0
0
0
4.5545
0
0
0
0
0
0
0
0
0
0
0
0
0
0
0
0
-0.61593
-0.61593
-0.61593
-0.61593
-0.51352
-0.51352
-0.50943
-0.55432
0
0
0
0
0
0
4.5545
0
0
0
0
0
0
0
0
0
0
0
0
0
0
0
-0.48026
-0.48026
-0.48026
-0.48026
-0.4017
-0.4017
-0.40097
0
0
0
0
0
0
0
0
3.1254
0
0
0
0
0
0
0
0
0
0
0
0
0
0
-0.61701
-0.61701
-0.61701
-0.61701
-0.5188
-0.5188
0
0
0
0
0
0
0
0
0
0
4.0666
0
-0.5609
0
0
0
0
0
0
0
0
0
0
0
0
0
0
0
0
0
0
0
0
0
0
0
-0.46064
0
0
0
0
1.67
-0.57085
-0.32227
-0.31628
0
0
0
0
0
0
0
0
0
0
0
0
0
0
0
0
0
0
0
0
0
-0.61607
0
0
0
-0.5609
-0.57085
2.9019
0
0
0
0
0
0
0
0
-1.1541
0
0
0
0
0
0
0
0
0
0
-0.1045
0
0
0
0
0
0
0
0
-0.32227
0
0.55459
0
-0.12783
0
0
0
0
0
0
0
0
0
0
0
0
0
0
0
0
0
0
0
-0.11244
0
0
0
0
0
-0.31628
0
0
0.54657
0
0
0
0
0
0
0
-0.11785
0
0
0
0
0
0
0
0
0
0
0
0
0
0
0
0
0
0
0
0
-0.12783
0
0.12783
0
0
0
0
0
0
0
0
0
0
0
-10.9155
0
0
0
0
0
0
0
0
0
0
0
0
0
0
0
0
0
0
10.9155
0
0
0
0
0
0
0
-10.9155
0
0
0
0
0
0
0
0
0
0
0
0
0
0
0
0
0
0
0
0
0
0
10.9155
0
0
0
0
0
0
0
0
-10.9155
0
0
0
0
0
0
0
0
0
0
0
0
0
0
0
0
0
0
0
0
0
10.9155
0
0
0
0
0
0
0
0
0
0
0
0
0
0
-6.8699
0
0
0
0
0
0
0
0
0
0
0
0
0
0
0
6.8699
0
0
0
0
0
-10.9155
0
0
0
0
0
0
0
0
0
0
0
0
0
0
0
0
0
0
0
0
0
0
0
0
10.9155
0
0
0
0
0
0
0
0
0
0
0
0
0
0
0
0
0
0
0
0
0
-1.1541
0
0
0
0
0
0
0
0
1.1541
0
0
0
0
0
0
0
0
0
0
0
0
0
0
0
0
0
0
0
0
0
0
-0.11785
0
0
0
0
0
0
0
0.11785
0
0
0
0
0
0
0
0
0
0
0
0
-5.6957
0
0
0
0
0
0
0
0
0
0
0
0
0
0
0
0
0
5.6957
