18.3524
-0.34647
-0.1
-1.0143
-1.4852
-0.1001
-0.10005
-0.41157
-0.41157
-1.265
-0.59807
-0.50044
-0.51686
-0.5553
-0.78754
-0.85918
-1.9152
-1.6445
0
0
-5.7411
0
0
0
0
0
0
0
0
0
-0.34647
17.2105
-0.10001
-0.85205
-1.0629
-0.11339
-0.10052
-0.45893
-0.45893
-1.0316
-0.45687
-0.38328
-0.57262
-0.46974
-0.8428
-0.8997
-1.9622
-1.6683
0
0
0
-5.4301
0
0
0
0
0
0
0
0
-0.1
-0.10001
9.4684
-0.32564
-0.34712
-0.39898
-0.10002
-0.68779
-0.68779
-0.50979
-0.33804
-0.70205
-0.93979
-0.48342
-0.93217
-0.10005
-2.3363
0
0
-0.37948
0
0
0
0
0
0
0
0
0
0
-1.0143
-0.85205
-0.32564
13.0542
-0.85251
-0.19599
-0.14494
-0.492
-0.49199
-0.4122
-0.77861
-0.30689
-0.65736
-0.22364
-0.9282
-0.8854
0
0
0
0
0
0
0
0
0
0
0
-4.4924
0
0
-1.4852
-1.0629
-0.34712
-0.85251
15.2894
-0.20308
-0.10083
-0.47901
-0.47901
-1.0306
-0.86422
-0.5487
-0.60584
-0.46045
-0.80621
-0.72433
0
0
0
0
0
0
0
0
0
0
-5.2393
0
0
0
-0.1001
-0.11339
-0.39898
-0.19599
-0.20308
7.517
-0.10003
-0.48912
-0.48911
-0.48445
-0.41689
-0.61143
-0.76203
-1.1067
-0.87435
0
0
0
0
-1.1714
0
0
0
0
0
0
0
0
0
0
-0.10005
-0.10052
-0.10002
-0.14494
-0.10083
-0.10003
7.8421
-0.50496
-0.50497
-0.72723
-0.5796
-0.68503
-0.47418
-0.87218
-1.2009
-1.6467
0
0
0
0
0
0
0
0
0
0
0
0
0
0
-0.41157
-0.45893
-0.68779
-0.492
-0.47901
-0.48912
-0.50496
6.8422
-0.64075
-0.69116
-0.52197
-0.90319
-0.56175
0
0
0
0
0
0
0
0
0
0
0
0
0
0
0
0
0
-0.41157
-0.45893
-0.68779
-0.49199
-0.47901
-0.48911
-0.50497
-0.64075
6.8422
-0.69116
-0.52198
-0.9032
-0.56174
0
0
0
0
0
0
0
0
0
0
0
0
0
0
0
0
0
-1.265
-1.0316
-0.50979
-0.4122
-1.0306
-0.48445
-0.72723
-0.69116
-0.69116
11.9406
0
0
-0.79712
0
0
0
0
0
0
0
0
0
0
-4.3002
0
0
0
0
0
0
-0.59807
-0.45687
-0.33804
-0.77861
-0.86422
-0.41689
-0.5796
-0.52197
-0.52198
0
10.5874
0
0
0
0
0
0
0
-1.9882
0
0
0
0
0
0
0
0
0
0
-3.5229
-0.50044
-0.38328
-0.70205
-0.30689
-0.5487
-0.61143
-0.68503
-0.90319
-0.9032
0
0
8.8872
0
0
0
0
0
0
0
0
0
0
0
0
0
0
0
0
-3.343
0
-0.51686
-0.57262
-0.93979
-0.65736
-0.60584
-0.76203
-0.47418
-0.56175
-0.56174
-0.79712
0
0
6.4493
0
0
0
0
0
0
0
0
0
0
0
0
0
0
0
0
0
-0.5553
-0.46974
-0.48342
-0.22364
-0.46045
-1.1067
-0.87218
0
0
0
0
0
0
7.2537
0
0
0
0
0
0
0
0
0
0
0
-3.0823
0
0
0
0
-0.78754
-0.8428
-0.93217
-0.9282
-0.80621
-0.87435
-1.2009
0
0
0
0
0
0
0
6.3721
0
0
0
0
0
0
0
0
0
0
0
0
0
0
0
-0.85918
-0.8997
-0.10005
-0.8854
-0.72433
0
-1.6467
0
0
0
0
0
0
0
0
5.1154
0
0
0
0
0
0
0
0
0
0
0
0
0
0
-1.9152
-1.9622
-2.3363
0
0
0
0
0
0
0
0
0
0
0
0
0
6.2137
0
0
0
0
0
0
0
0
0
0
0
0
0
-1.6445
-1.6683
0
0
0
0
0
0
0
0
0
0
0
0
0
0
0
5.5871
-2.2743
0
0
0
0
0
0
0
0
0
0
0
0
0
0
0
0
0
0
0
0
0
-1.9882
0
0
0
0
0
0
-2.2743
7.4091
0
0
0
0
0
-3.1466
0
0
0
0
0
0
0
-0.37948
0
0
-1.1714
0
0
0
0
0
0
0
0
0
0
0
0
0
4.5095
0
0
-2.9586
0
0
0
0
0
0
0
-5.7411
0
0
0
0
0
0
0
0
0
0
0
0
0
0
0
0
0
0
0
5.7411
0
0
0
0
0
0
0
0
0
0
-5.4301
0
0
0
0
0
0
0
0
0
0
0
0
0
0
0
0
0
0
0
5.4301
0
0
0
0
0
0
0
0
0
0
0
0
0
0
0
0
0
0
0
0
0
0
0
0
0
0
0
-2.9586
0
0
2.9586
0
0
0
0
0
0
0
0
0
0
0
0
0
0
0
0
-4.3002
0
0
0
0
0
0
0
0
0
0
0
0
0
4.3002
0
0
0
0
0
0
0
0
0
0
0
0
0
0
0
0
0
0
0
0
0
0
0
0
-3.1466
0
0
0
0
0
3.1466
0
0
0
0
0
0
0
0
0
0
0
0
0
0
0
0
0
0
-3.0823
0
0
0
0
0
0
0
0
0
0
0
3.0823
0
0
0
0
0
0
0
0
-5.2393
0
0
0
0
0
0
0
0
0
0
0
0
0
0
0
0
0
0
0
0
0
5.2393
0
0
0
0
0
0
-4.4924
0
0
0
0
0
0
0
0
0
0
0
0
0
0
0
0
0
0
0
0
0
0
0
4.4924
0
0
0
0
0
0
0
0
0
0
0
0
0
-3.343
0
0
0
0
0
0
0
0
0
0
0
0
0
0
0
0
3.343
0
0
0
0
0
0
0
0
0
0
0
-3.5229
0
0
0
0
0
0
0
0
0
0
0
0
0
0
0
0
0
0
3.5229
