6.9538
-0.5592
-0.53033
-0.53866
-0.47454
-0.45324
-0.45324
-0.46585
-0.36813
-0.36813
-0.45645
-0.46621
-0.7097
-0.37717
0
0
-0.73292
0
0
0
0
0
0
0
0
0
0
0
0
0
-0.5592
15.8059
-0.6008
-0.54959
-0.49789
-0.4668
-0.4668
-0.48222
-0.37506
-0.37506
-0.48116
-0.47666
-0.76272
0
0
0
0
0
0
0
0
0
0
0
-9.7119
0
0
0
0
0
-0.53033
-0.6008
6.1158
-0.57819
-0.47105
-0.46759
-0.46759
-0.46682
-0.35211
-0.35211
-0.43725
-0.452
0
0
-0.26473
0
-0.67527
0
0
0
0
0
0
0
0
0
0
0
0
0
-0.53866
-0.54959
-0.57819
8.5313
-0.47435
-0.44493
-0.44493
-0.47812
-0.35718
-0.35718
-0.44518
-0.45477
-0.72502
0
0
0
0
-2.6832
0
0
0
0
0
0
0
0
0
0
0
0
-0.47454
-0.49789
-0.47105
-0.47435
6.2708
-0.38903
-0.38903
-0.42408
-0.28456
-0.28456
-0.37372
-0.38399
0
0
0
0
0
0
0
0
0
0
0
-1.824
0
0
0
0
0
0
-0.45324
-0.4668
-0.46759
-0.44493
-0.38903
4.8891
-0.34653
-0.40881
-0.28435
-0.28435
-0.37115
-0.37957
-0.59271
0
0
0
0
0
0
0
0
0
0
0
0
0
0
0
0
0
-0.45324
-0.4668
-0.46759
-0.44493
-0.38903
-0.34653
4.8891
-0.40881
-0.28435
-0.28435
-0.37115
-0.37957
-0.59271
0
0
0
0
0
0
0
0
0
0
0
0
0
0
0
0
0
-0.46585
-0.48222
-0.46682
-0.47812
-0.42408
-0.40881
-0.40881
4.7049
-0.30257
-0.30257
-0.33133
0
0
-0.36837
0
-0.2654
0
0
0
0
0
0
0
0
0
0
0
0
0
0
-0.36813
-0.37506
-0.35211
-0.35718
-0.28456
-0.28435
-0.28435
-0.30257
3.3354
-0.18215
-0.26311
-0.28181
0
0
0
0
0
0
0
0
0
0
0
0
0
0
0
0
0
0
-0.36813
-0.37506
-0.35211
-0.35718
-0.28456
-0.28435
-0.28435
-0.30257
-0.18215
3.3354
-0.26311
-0.28181
0
0
0
0
0
0
0
0
0
0
0
0
0
0
0
0
0
0
-0.45645
-0.48116
-0.43725
-0.44518
-0.37372
-0.37115
-0.37115
-0.33133
-0.26311
-0.26311
12.911
0
0
0
0
0
0
0
0
0
0
0
0
0
0
0
-9.1173
0
0
0
-0.46621
-0.47666
-0.452
-0.45477
-0.38399
-0.37957
-0.37957
0
-0.28181
-0.28181
0
3.5564
0
0
0
0
0
0
0
0
0
0
0
0
0
0
0
0
0
0
-0.7097
-0.76272
0
-0.72502
0
-0.59271
-0.59271
0
0
0
0
0
5.6758
0
0
0
0
0
0
0
0
0
-2.293
0
0
0
0
0
0
0
-0.37717
0
0
0
0
0
0
-0.36837
0
0
0
0
0
10.8406
0
0
0
0
0
0
-2.5785
0
-2.5268
0
0
0
0
0
-4.9898
0
0
0
-0.26473
0
0
0
0
0
0
0
0
0
0
0
5.7286
-1.3809
0
0
0
0
0
0
0
-1.7496
0
-2.3333
0
0
0
0
0
0
0
0
0
0
0
-0.2654
0
0
0
0
0
0
-1.3809
6.9259
0
0
-1.6785
0
0
0
0
0
0
0
0
0
0
-3.6011
-0.73292
0
-0.67527
0
0
0
0
0
0
0
0
0
0
0
0
0
9.3266
0
0
0
0
-4.2607
0
0
0
0
0
-3.6576
0
0
0
0
0
-2.6832
0
0
0
0
0
0
0
0
0
0
0
0
0
6.3116
-1.338
0
0
-2.2903
0
0
0
0
0
0
0
0
0
0
0
0
0
0
0
0
0
0
0
0
0
0
0
-1.6785
0
-1.338
4.704
-1.6874
0
0
0
0
0
0
0
0
0
0
0
0
0
0
0
0
0
0
0
0
0
0
0
0
0
0
0
0
-1.6874
3.9707
-2.2833
0
0
0
0
0
0
0
0
0
0
0
0
0
0
0
0
0
0
0
0
0
0
-2.5785
0
0
0
0
0
-2.2833
4.8618
0
0
0
0
0
0
0
0
0
0
0
0
0
0
0
0
0
0
0
0
0
0
0
0
0
-4.2607
-2.2903
0
0
0
6.5511
0
0
0
0
0
0
0
0
0
0
0
0
0
0
0
0
0
0
0
0
-2.293
-2.5268
0
0
0
0
0
0
0
0
4.8198
0
0
0
0
0
0
0
0
0
0
0
-1.824
0
0
0
0
0
0
0
0
0
-1.7496
0
0
0
0
0
0
0
0
3.5736
0
0
0
0
0
0
0
-9.7119
0
0
0
0
0
0
0
0
0
0
0
0
0
0
0
0
0
0
0
0
0
0
9.7119
0
0
0
0
0
0
0
0
0
0
0
0
0
0
0
0
0
0
0
-2.3333
0
0
0
0
0
0
0
0
0
0
2.3333
0
0
0
0
0
0
0
0
0
0
0
0
0
0
-9.1173
0
0
0
0
0
0
0
0
0
0
0
0
0
0
0
9.1173
0
0
0
0
0
0
0
0
0
0
0
0
0
0
0
0
0
0
0
-3.6576
0
0
0
0
0
0
0
0
0
0
3.6576
0
0
0
0
0
0
0
0
0
0
0
0
0
0
0
-4.9898
0
0
0
0
0
0
0
0
0
0
0
0
0
0
4.9898
0
0
0
0
0
0
0
0
0
0
0
0
0
0
0
0
-3.6011
0
0
0
0
0
0
0
0
0
0
0
0
0
3.6011
