12.4577
-0.59474
-0.595
-0.67912
-0.58155
0
-0.56165
-0.61425
-0.64773
-0.63743
0
-0.62849
-1.1572
0
-0.62849
0
0
0
0
0
-1.3982
0
0
-0.87053
0
-2.8634
0
0
0
0
-0.59474
11.5281
-0.59432
-0.69366
-0.57663
0
0
-0.60977
-0.63864
-0.64646
0
-0.62905
0
0
-0.62905
0
-1.6395
0
0
0
-1.4351
0
0
0
0
0
0
0
-2.8412
0
-0.595
-0.59432
6.0954
-0.675
-0.58041
-0.55225
0
-0.60706
-0.63131
-0.63691
0
-0.61155
0
0
-0.61155
0
0
0
0
0
0
0
0
0
0
0
0
0
0
0
-0.67912
-0.69366
-0.675
5.2715
0
0
0
-0.87287
0
0
0
0
0
0
0
0
0
0
-2.3509
0
0
0
0
0
0
0
0
0
0
0
-0.58155
-0.57663
-0.58041
0
3.1338
0
0
0
0
0
0
0
0
0
0
0
0
-0.78583
0
0
0
0
0
0
-0.60937
0
0
0
0
0
0
0
-0.55225
0
0
6.6856
0
0
0
0
0
0
-1.2144
0
0
0
0
0
0
-1.6714
0
-1.2259
0
0
0
0
0
-2.0216
0
0
-0.56165
0
0
0
0
0
6.1967
0
0
0
0
0
0
-0.94312
0
0
0
0
0
0
0
0
-1.8159
-0.88217
0
0
-1.9938
0
0
0
-0.61425
-0.60977
-0.60706
-0.87287
0
0
0
3.3312
0
0
0
0
0
0
0
0
0
0
0
0
0
0
0
0
0
0
0
0
0
-0.62729
-0.64773
-0.63864
-0.63131
0
0
0
0
0
2.6945
0
0
0
0
0
0
-0.77683
0
0
0
0
0
0
0
0
0
0
0
0
0
0
-0.63743
-0.64646
-0.63691
0
0
0
0
0
0
2.7903
-0.86952
0
0
0
0
0
0
0
0
0
0
0
0
0
0
0
0
0
0
0
0
0
0
0
0
0
0
0
0
-0.86952
3.4358
0
0
0
0
0
-1.2391
0
0
0
0
-1.3273
0
0
0
0
0
0
0
0
-0.62849
-0.62905
-0.61155
0
0
0
0
0
0
0
0
1.8691
0
0
0
0
0
0
0
0
0
0
0
0
0
0
0
0
0
0
-1.1572
0
0
0
0
-1.2144
0
0
0
0
0
0
3.8081
0
0
0
0
0
-1.4365
0
0
0
0
0
0
0
0
0
0
0
0
0
0
0
0
0
-0.94312
0
0
0
0
0
0
3.3921
0
-1.1682
0
-1.2809
0
0
0
0
0
0
0
0
0
0
0
0
-0.62849
-0.62905
-0.61155
0
0
0
0
0
0
0
0
0
0
0
1.8691
0
0
0
0
0
0
0
0
0
0
0
0
0
0
0
0
0
0
0
0
0
0
0
-0.77683
0
0
0
0
-1.1682
0
1.945
0
0
0
0
0
0
0
0
0
0
0
0
0
0
0
-1.6395
0
0
0
0
0
0
0
0
-1.2391
0
0
0
0
0
2.8785
0
0
0
0
0
0
0
0
0
0
0
0
0
0
0
0
0
-0.78583
0
0
0
0
0
0
0
0
-1.2809
0
0
0
2.0667
0
0
0
0
0
0
0
0
0
0
0
0
0
0
0
-2.3509
0
0
0
0
0
0
0
0
-1.4365
0
0
0
0
0
3.7874
0
0
0
0
0
0
0
0
0
0
0
0
0
0
0
0
-1.6714
0
0
0
0
0
0
0
0
0
0
0
0
0
2.2615
0
0
-0.59011
0
0
0
0
0
0
0
-1.3982
-1.4351
0
0
0
0
0
0
0
0
0
0
0
0
0
0
0
0
0
0
2.8333
0
0
0
0
0
0
0
0
0
0
0
0
0
0
-1.2259
0
0
0
0
-1.3273
0
0
0
0
0
0
0
0
0
0
2.5531
0
0
0
0
0
0
0
0
0
0
0
0
0
0
-1.8159
0
0
0
0
0
0
0
0
0
0
0
0
-0.59011
0
0
2.406
0
0
0
0
0
0
0
-0.87053
0
0
0
0
0
-0.88217
0
0
0
0
0
0
0
0
0
0
0
0
0
0
0
0
1.7527
0
0
0
0
0
0
0
0
0
0
-0.60937
0
0
0
0
0
0
0
0
0
0
0
0
0
0
0
0
0
0
0
0.60937
0
0
0
0
0
-2.8634
0
0
0
0
0
0
0
0
0
0
0
0
0
0
0
0
0
0
0
0
0
0
0
0
2.8634
0
0
0
0
0
0
0
0
0
0
-1.9938
0
0
0
0
0
0
0
0
0
0
0
0
0
0
0
0
0
0
0
1.9938
0
0
0
0
0
0
0
0
-2.0216
0
0
0
0
0
0
0
0
0
0
0
0
0
0
0
0
0
0
0
0
0
2.0216
0
0
0
-2.8412
0
0
0
0
0
0
0
0
0
0
0
0
0
0
0
0
0
0
0
0
0
0
0
0
0
0
2.8412
0
0
0
0
0
0
0
0
-0.62729
0
0
0
0
0
0
0
0
0
0
0
0
0
0
0
0
0
0
0
0
0
0.62729
