26.6226
-1.1733
-1.1825
-1.1825
-0.98734
-0.98734
-0.98734
-0.98734
-0.98734
-0.98734
-0.94728
-1.0163
-1.0068
-1.0163
-0.93222
-0.93222
-1.0156
-0.99318
-0.99318
-1.0616
-0.98942
-1.0194
0
0
0
0
0
0
0
-5.2365
-1.1733
26.6226
-1.1825
-1.1825
-0.98734
-0.98734
-0.98734
-0.98734
-0.98734
-0.98734
-0.94728
-1.0163
-1.0068
-1.0163
-0.93222
-0.93222
-1.0156
-0.99318
-0.99318
-1.0616
-0.98942
-1.0194
0
0
0
-5.2365
0
0
0
0
-1.1825
-1.1825
24.372
-1.1816
-0.98309
-0.98309
-0.98309
-0.98309
-0.98309
-0.98309
-0.9434
-1.0121
-1.019
-1.0121
-0.9285
-0.9285
-1.0301
-0.98808
-0.98808
-1.0548
-0.98766
-1.0117
0
-3.0227
0
0
0
0
0
0
-1.1825
-1.1825
-1.1816
24.372
-0.98309
-0.98309
-0.98309
-0.98309
-0.98309
-0.98309
-0.9434
-1.0121
-1.019
-1.0121
-0.9285
-0.9285
-1.0301
-0.98808
-0.98808
-1.0548
-0.98766
-1.0117
0
0
-3.0227
0
0
0
0
0
-0.98734
-0.98734
-0.98309
-0.98309
17.7826
-0.80375
-0.80375
-0.80375
-0.80375
-0.80375
-0.78031
-0.83573
-0.83729
-0.83573
-0.76812
-0.76812
-0.84773
-0.81573
-0.81573
-0.8698
-0.81422
-0.83446
0
0
0
0
0
0
0
0
-0.98734
-0.98734
-0.98309
-0.98309
-0.80375
17.7826
-0.80375
-0.80375
-0.80375
-0.80375
-0.78031
-0.83573
-0.83729
-0.83573
-0.76812
-0.76812
-0.84773
-0.81573
-0.81573
-0.8698
-0.81422
-0.83446
0
0
0
0
0
0
0
0
-0.98734
-0.98734
-0.98309
-0.98309
-0.80375
-0.80375
17.7826
-0.80375
-0.80375
-0.80375
-0.78031
-0.83573
-0.83729
-0.83573
-0.76812
-0.76812
-0.84773
-0.81573
-0.81573
-0.8698
-0.81422
-0.83446
0
0
0
0
0
0
0
0
-0.98734
-0.98734
-0.98309
-0.98309
-0.80375
-0.80375
-0.80375
17.7826
-0.80375
-0.80375
-0.78031
-0.83573
-0.83729
-0.83573
-0.76812
-0.76812
-0.84773
-0.81573
-0.81573
-0.8698
-0.81422
-0.83446
0
0
0
0
0
0
0
0
-0.98734
-0.98734
-0.98309
-0.98309
-0.80375
-0.80375
-0.80375
-0.80375
17.7826
-0.80375
-0.78031
-0.83573
-0.83729
-0.83573
-0.76812
-0.76812
-0.84773
-0.81573
-0.81573
-0.8698
-0.81422
-0.83446
0
0
0
0
0
0
0
0
-0.98734
-0.98734
-0.98309
-0.98309
-0.80375
-0.80375
-0.80375
-0.80375
-0.80375
17.7826
-0.78031
-0.83573
-0.83729
-0.83573
-0.76812
-0.76812
-0.84773
-0.81573
-0.81573
-0.8698
-0.81422
-0.83446
0
0
0
0
0
0
0
0
-0.94728
-0.94728
-0.9434
-0.9434
-0.78031
-0.78031
-0.78031
-0.78031
-0.78031
-0.78031
16.2359
-0.79561
-0.78522
-0.79561
-0.72822
-0.72822
-0.80009
-0.77315
-0.77315
-0.82292
-0.77054
0
0
0
0
0
0
0
0
0
-1.0163
-1.0163
-1.0121
-1.0121
-0.83573
-0.83573
-0.83573
-0.83573
-0.83573
-0.83573
-0.79561
16.5765
-0.8764
-0.84576
-0.78048
-0.78048
-0.86574
-0.83463
-0.83463
-0.89152
0
0
0
0
0
0
0
0
0
0
-1.0068
-1.0068
-1.019
-1.019
-0.83729
-0.83729
-0.83729
-0.83729
-0.83729
-0.83729
-0.78522
-0.8764
19.9834
-0.8764
-0.77263
-0.77263
-0.83839
-0.82923
-0.82923
0
0
0
0
0
0
0
0
-4.3278
0
0
-1.0163
-1.0163
-1.0121
-1.0121
-0.83573
-0.83573
-0.83573
-0.83573
-0.83573
-0.83573
-0.79561
-0.84576
-0.8764
16.5765
-0.78048
-0.78048
-0.86574
-0.83463
-0.83463
-0.89152
0
0
0
0
0
0
0
0
0
0
-0.93222
-0.93222
-0.9285
-0.9285
-0.76812
-0.76812
-0.76812
-0.76812
-0.76812
-0.76812
-0.72822
-0.78048
-0.77263
-0.78048
14.3461
-0.69019
-0.76552
-0.74923
-0.74923
0
0
0
0
0
0
0
0
0
0
0
-0.93222
-0.93222
-0.9285
-0.9285
-0.76812
-0.76812
-0.76812
-0.76812
-0.76812
-0.76812
-0.72822
-0.78048
-0.77263
-0.78048
-0.69019
14.3461
-0.76552
-0.74923
-0.74923
0
0
0
0
0
0
0
0
0
0
0
-1.0156
-1.0156
-1.0301
-1.0301
-0.84773
-0.84773
-0.84773
-0.84773
-0.84773
-0.84773
-0.80009
-0.86574
-0.83839
-0.86574
-0.76552
-0.76552
17.7831
0
0
0
0
0
0
0
0
0
-3.7042
0
0
0
-0.99318
-0.99318
-0.98808
-0.98808
-0.81573
-0.81573
-0.81573
-0.81573
-0.81573
-0.81573
-0.77315
-0.83463
-0.82923
-0.83463
-0.74923
-0.74923
0
13.627
0
0
0
0
0
0
0
0
0
0
0
0
-0.99318
-0.99318
-0.98808
-0.98808
-0.81573
-0.81573
-0.81573
-0.81573
-0.81573
-0.81573
-0.77315
-0.83463
-0.82923
-0.83463
-0.74923
-0.74923
0
0
13.627
0
0
0
0
0
0
0
0
0
0
0
-1.0616
-1.0616
-1.0548
-1.0548
-0.8698
-0.8698
-0.8698
-0.8698
-0.8698
-0.8698
-0.82292
-0.89152
0
-0.89152
0
0
0
0
0
12.0577
0
0
0
0
0
0
0
0
0
0
-0.98942
-0.98942
-0.98766
-0.98766
-0.81422
-0.81422
-0.81422
-0.81422
-0.81422
-0.81422
-0.77054
0
0
0
0
0
0
0
0
0
10.207
0
-0.59701
0
0
0
0
0
0
0
-1.0194
-1.0194
-1.0117
-1.0117
-0.83446
-0.83446
-0.83446
-0.83446
-0.83446
-0.83446
0
0
0
0
0
0
0
0
0
0
0
9.0691
0
0
0
0
0
0
0
0
0
0
0
0
0
0
0
0
0
0
0
0
0
0
0
0
0
0
0
0
-0.59701
0
8.4631
-2.7252
-2.7252
0
0
0
-2.4156
0
0
0
-3.0227
0
0
0
0
0
0
0
0
0
0
0
0
0
0
0
0
0
0
0
-2.7252
5.7479
0
0
0
0
0
0
0
0
0
-3.0227
0
0
0
0
0
0
0
0
0
0
0
0
0
0
0
0
0
0
-2.7252
0
5.7479
0
0
0
0
0
0
-5.2365
0
0
0
0
0
0
0
0
0
0
0
0
0
0
0
0
0
0
0
0
0
0
0
5.2365
0
0
0
0
0
0
0
0
0
0
0
0
0
0
0
0
0
0
0
0
-3.7042
0
0
0
0
0
0
0
0
0
3.7042
0
0
0
0
0
0
0
0
0
0
0
0
0
0
0
-4.3278
0
0
0
0
0
0
0
0
0
0
0
0
0
0
4.3278
0
0
0
0
0
0
0
0
0
0
0
0
0
0
0
0
0
0
0
0
0
0
0
0
-2.4156
0
0
0
0
0
2.4156
0
-5.2365
0
0
0
0
0
0
0
0
0
0
0
0
0
0
0
0
0
0
0
0
0
0
0
0
0
0
0
0
5.2365
