9.5532
-0.6766
-0.55029
-0.55029
-0.55029
-0.55666
-0.52269
-0.61456
-0.61716
-0.58218
-0.50608
-0.50608
-0.56015
-0.56708
-0.63972
-0.58934
-0.83766
-0.12632
0
0
0
0
0
0
0
0
0
0
0
0
-0.6766
23.4029
-0.59086
-0.59086
-0.59086
-0.58635
-0.55058
-0.64461
-0.65829
-0.59179
-0.5317
-0.5317
-0.59005
-0.5976
-0.68082
-0.63485
0
0
-0.1894
0
0
0
0
0
0
0
-14.166
0
0
0
-0.55029
-0.59086
8.2081
-0.44969
-0.44969
-0.48685
-0.44875
-0.53544
-0.53669
-0.49941
-0.43541
-0.43541
-0.48292
-0.48786
-0.56052
-0.51291
-0.74537
0
0
0
0
0
0
0
0
0
0
0
0
0
-0.55029
-0.59086
-0.44969
8.2081
-0.44969
-0.48685
-0.44875
-0.53544
-0.53669
-0.49941
-0.43541
-0.43541
-0.48292
-0.48786
-0.56052
-0.51291
-0.74537
0
0
0
0
0
0
0
0
0
0
0
0
0
-0.55029
-0.59086
-0.44969
-0.44969
8.2081
-0.48685
-0.44875
-0.53544
-0.53669
-0.49941
-0.43541
-0.43541
-0.48292
-0.48786
-0.56052
-0.51291
-0.74537
0
0
0
0
0
0
0
0
0
0
0
0
0
-0.55666
-0.58635
-0.48685
-0.48685
-0.48685
7.5953
-0.44895
-0.52253
-0.52972
-0.49775
-0.43394
-0.43394
-0.4801
-0.48497
-0.55079
-0.5046
0
-0.1045
0
0
0
0
0
0
0
0
0
0
0
0
-0.52269
-0.55058
-0.44875
-0.44875
-0.44875
-0.44895
7.0262
-0.48872
-0.50128
-0.46151
-0.40482
-0.40482
-0.44773
-0.45036
-0.52304
-0.47544
0
0
0
0
0
0
0
0
0
0
0
0
0
0
-0.61456
-0.64461
-0.53544
-0.53544
-0.53544
-0.52253
-0.48872
19.4632
-0.61518
-0.54061
-0.48368
-0.48368
-0.52996
0
0
0
0
0
0
-0.32636
0
0
0
0
0
0
0
0
0
-12.607
-0.61716
-0.65829
-0.53669
-0.53669
-0.53669
-0.52972
-0.50128
-0.61518
19.4147
-0.55811
-0.46783
-0.46783
-0.5362
-0.54474
0
0
0
0
0
0
0
0
0
0
0
0
0
-12.3083
0
0
-0.58218
-0.59179
-0.49941
-0.49941
-0.49941
-0.49775
-0.46151
-0.54061
-0.55811
11.0253
-0.43485
-0.43485
0
0
0
0
0
0
0
-0.28719
-5.1382
0
0
0
0
0
0
0
0
0
-0.50608
-0.5317
-0.43541
-0.43541
-0.43541
-0.43394
-0.40482
-0.48368
-0.46783
-0.43485
5.7787
-0.34844
-0.42757
-0.43358
0
0
0
0
0
0
0
0
0
0
0
0
0
0
0
0
-0.50608
-0.5317
-0.43541
-0.43541
-0.43541
-0.43394
-0.40482
-0.48368
-0.46783
-0.43485
-0.34844
5.7787
-0.42757
-0.43358
0
0
0
0
0
0
0
0
0
0
0
0
0
0
0
0
-0.56015
-0.59005
-0.48292
-0.48292
-0.48292
-0.4801
-0.44773
-0.52996
-0.5362
0
-0.42757
-0.42757
5.4481
0
0
0
0
0
0
0
0
0
0
0
0
0
0
0
0
0
-0.56708
-0.5976
-0.48786
-0.48786
-0.48786
-0.48497
-0.45036
0
-0.54474
0
-0.43358
-0.43358
0
4.9755
0
0
0
0
0
0
0
0
0
0
0
0
0
0
0
0
-0.63972
-0.68082
-0.56052
-0.56052
-0.56052
-0.55079
-0.52304
0
0
0
0
0
0
0
11.1195
0
0
0
0
0
0
0
0
0
0
-7.0436
0
0
0
0
-0.58934
-0.63485
-0.51291
-0.51291
-0.51291
-0.5046
-0.47544
0
0
0
0
0
0
0
0
3.9633
0
0
-0.22034
0
0
0
0
0
0
0
0
0
0
0
-0.83766
0
-0.74537
-0.74537
-0.74537
0
0
0
0
0
0
0
0
0
0
0
5.7214
0
0
0
0
0
0
-2.6476
0
0
0
0
0
0
-0.12632
0
0
0
0
-0.1045
0
0
0
0
0
0
0
0
0
0
0
11.5429
0
0
0
-6.5855
0
0
0
0
0
0
-4.7266
0
0
-0.1894
0
0
0
0
0
0
0
0
0
0
0
0
0
-0.22034
0
0
0.5277
0
0
0
-0.11797
0
0
0
0
0
0
0
0
0
0
0
0
0
0
-0.32636
0
-0.28719
0
0
0
0
0
0
0
0
0
0.93933
0
0
0
0
-0.32579
0
0
0
0
0
0
0
0
0
0
0
0
0
0
-5.1382
0
0
0
0
0
0
0
0
0
0
5.355
-0.21674
0
0
0
0
0
0
0
0
0
0
0
0
0
0
0
0
0
0
0
0
0
0
0
0
0
-6.5855
0
0
-0.21674
6.8022
0
0
0
0
0
0
0
0
0
0
0
0
0
0
0
0
0
0
0
0
0
0
0
0
0
0
-0.11797
0
0
0
0.11797
0
0
0
0
0
0
0
0
0
0
0
0
0
0
0
0
0
0
0
0
0
0
0
-2.6476
0
0
0
0
0
0
2.6476
0
0
0
0
0
0
0
0
0
0
0
0
0
0
0
0
0
0
0
0
0
0
0
0
0
-0.32579
0
0
0
0
0.32579
0
0
0
0
0
0
0
0
0
0
0
0
0
0
0
0
0
0
0
-7.0436
0
0
0
0
0
0
0
0
0
0
7.0436
0
0
0
0
0
-14.166
0
0
0
0
0
0
0
0
0
0
0
0
0
0
0
0
0
0
0
0
0
0
0
0
14.166
0
0
0
0
0
0
0
0
0
0
0
-12.3083
0
0
0
0
0
0
0
0
0
0
0
0
0
0
0
0
0
0
12.3083
0
0
0
0
0
0
0
0
0
0
0
0
0
0
0
0
0
0
0
-4.7266
0
0
0
0
0
0
0
0
0
0
4.7266
0
0
0
0
0
0
0
0
-12.607
0
0
0
0
0
0
0
0
0
0
0
0
0
0
0
0
0
0
0
0
0
12.607
