25.0819
-1.0393
-1.0393
-1.0393
-1.0511
-1.0393
-1.0379
-0.98751
-0.98751
-0.98751
-0.9927
-0.99742
-0.98751
-0.98751
-0.88175
-0.87562
-0.85754
-0.86696
-0.86696
-0.96161
-0.97419
-0.85389
-1.1278
0
-2.6078
0
-1.0339
0
0
0
-1.0393
22.1168
-1.0626
-1.0626
-1.1084
-1.0626
-1.0703
-1.0208
-1.0208
-1.0208
-1.0261
-1.0286
-1.0208
-1.0208
-0.91279
-0.91604
-0.88306
-0.8931
-0.8931
-0.9919
-1.0042
-0.87839
-1.1798
0
0
0
0
0
0
0
-1.0393
-1.0626
22.1168
-1.0626
-1.1084
-1.0626
-1.0703
-1.0208
-1.0208
-1.0208
-1.0261
-1.0286
-1.0208
-1.0208
-0.91279
-0.91604
-0.88306
-0.8931
-0.8931
-0.9919
-1.0042
-0.87839
-1.1798
0
0
0
0
0
0
0
-1.0393
-1.0626
-1.0626
22.1168
-1.1084
-1.0626
-1.0703
-1.0208
-1.0208
-1.0208
-1.0261
-1.0286
-1.0208
-1.0208
-0.91279
-0.91604
-0.88306
-0.8931
-0.8931
-0.9919
-1.0042
-0.87839
-1.1798
0
0
0
0
0
0
0
-1.0511
-1.1084
-1.1084
-1.1084
26.7024
-1.1084
-1.0779
-1.0281
-1.0281
-1.0281
-1.0304
-1.0387
-1.0281
-1.0281
-0.91532
-0.91915
-0.8867
-0.89677
-0.89677
-0.99564
-1.0077
-0.89848
0
0
0
0
0
0
0
-5.5134
-1.0393
-1.0626
-1.0626
-1.0626
-1.1084
22.1168
-1.0703
-1.0208
-1.0208
-1.0208
-1.0261
-1.0286
-1.0208
-1.0208
-0.91279
-0.91604
-0.88306
-0.8931
-0.8931
-0.9919
-1.0042
-0.87839
-1.1798
0
0
0
0
0
0
0
-1.0379
-1.0703
-1.0703
-1.0703
-1.0779
-1.0703
20.8924
-1.0206
-1.0206
-1.0206
-1.0216
-1.0273
-1.0206
-1.0206
-0.90829
-0.91211
-0.87593
-0.88657
-0.88657
-0.98548
-0.99726
-0.8914
0
0
0
0
0
0
0
0
-0.98751
-1.0208
-1.0208
-1.0208
-1.0281
-1.0208
-1.0206
19.0155
-0.93472
-0.93472
-1.0048
-1.0161
-0.93472
-0.93472
-0.86669
-0.87025
-0.82747
-0.84071
-0.84071
-0.93625
-0.95405
0
0
0
0
0
0
0
0
0
-0.98751
-1.0208
-1.0208
-1.0208
-1.0281
-1.0208
-1.0206
-0.93472
19.0155
-0.93472
-1.0048
-1.0161
-0.93472
-0.93472
-0.86669
-0.87025
-0.82747
-0.84071
-0.84071
-0.93625
-0.95405
0
0
0
0
0
0
0
0
0
-0.98751
-1.0208
-1.0208
-1.0208
-1.0281
-1.0208
-1.0206
-0.93472
-0.93472
19.0155
-1.0048
-1.0161
-0.93472
-0.93472
-0.86669
-0.87025
-0.82747
-0.84071
-0.84071
-0.93625
-0.95405
0
0
0
0
0
0
0
0
0
-0.9927
-1.0261
-1.0261
-1.0261
-1.0304
-1.0261
-1.0216
-1.0048
-1.0048
-1.0048
19.2657
-0.9995
-1.0048
-1.0048
-0.83921
-0.8425
-0.81368
-0.8257
-0.8257
-0.91607
0
0
0
0
0
0
-1.0303
0
0
0
-0.99742
-1.0286
-1.0286
-1.0286
-1.0387
-1.0286
-1.0273
-1.0161
-1.0161
-1.0161
-0.9995
19.5116
-1.0161
-1.0161
-0.84562
-0.84853
-0.82096
-0.83264
-0.83264
-0.92333
0
0
-1.1497
0
0
0
0
0
0
0
-0.98751
-1.0208
-1.0208
-1.0208
-1.0281
-1.0208
-1.0206
-0.93472
-0.93472
-0.93472
-1.0048
-1.0161
19.0155
-0.93472
-0.86669
-0.87025
-0.82747
-0.84071
-0.84071
-0.93625
-0.95405
0
0
0
0
0
0
0
0
0
-0.98751
-1.0208
-1.0208
-1.0208
-1.0281
-1.0208
-1.0206
-0.93472
-0.93472
-0.93472
-1.0048
-1.0161
-0.93472
19.0155
-0.86669
-0.87025
-0.82747
-0.84071
-0.84071
-0.93625
-0.95405
0
0
0
0
0
0
0
0
0
-0.88175
-0.91279
-0.91279
-0.91279
-0.91532
-0.91279
-0.90829
-0.86669
-0.86669
-0.86669
-0.83921
-0.84562
-0.86669
-0.86669
16.4729
-0.71189
-0.71909
-0.71827
-0.71827
0
0
0
0
-1.2306
0
0
0
0
0
0
-0.87562
-0.91604
-0.91604
-0.91604
-0.91915
-0.91604
-0.91211
-0.87025
-0.87025
-0.87025
-0.8425
-0.84853
-0.87025
-0.87025
-0.71189
17.7149
-0.72184
-0.721
-0.721
0
0
0
0
0
-2.4259
0
0
0
0
0
-0.85754
-0.88306
-0.88306
-0.88306
-0.8867
-0.88306
-0.87593
-0.82747
-0.82747
-0.82747
-0.81368
-0.82096
-0.82747
-0.82747
-0.71909
-0.72184
15.5838
-0.71497
-0.71497
-0.78851
0
0
0
0
0
0
0
0
0
0
-0.86696
-0.8931
-0.8931
-0.8931
-0.89677
-0.8931
-0.88657
-0.84071
-0.84071
-0.84071
-0.8257
-0.83264
-0.84071
-0.84071
-0.71827
-0.721
-0.71497
14.9387
-0.69983
0
0
0
0
0
0
0
0
0
0
0
-0.86696
-0.8931
-0.8931
-0.8931
-0.89677
-0.8931
-0.88657
-0.84071
-0.84071
-0.84071
-0.8257
-0.83264
-0.84071
-0.84071
-0.71827
-0.721
-0.71497
-0.69983
14.9387
0
0
0
0
0
0
0
0
0
0
0
-0.96161
-0.9919
-0.9919
-0.9919
-0.99564
-0.9919
-0.98548
-0.93625
-0.93625
-0.93625
-0.91607
-0.92333
-0.93625
-0.93625
0
0
-0.78851
0
0
14.2195
0
0
0
0
0
0
0
0
0
0
-0.97419
-1.0042
-1.0042
-1.0042
-1.0077
-1.0042
-0.99726
-0.95405
-0.95405
-0.95405
0
0
-0.95405
-0.95405
0
0
0
0
0
0
11.7663
0
0
0
0
0
0
0
0
0
-0.85389
-0.87839
-0.87839
-0.87839
-0.89848
-0.87839
-0.8914
0
0
0
0
0
0
0
0
0
0
0
0
0
0
6.1573
0
0
0
0
0
0
0
0
-1.1278
-1.1798
-1.1798
-1.1798
0
-1.1798
0
0
0
0
0
-1.1497
0
0
0
0
0
0
0
0
0
0
7.9165
0
0
-0.91973
0
0
0
0
0
0
0
0
0
0
0
0
0
0
0
0
0
0
-1.2306
0
0
0
0
0
0
0
0
3.4121
0
-1.2098
-0.97184
0
0
0
-2.6078
0
0
0
0
0
0
0
0
0
0
0
0
0
0
-2.4259
0
0
0
0
0
0
0
0
9.44
0
0
-4.4063
0
0
0
0
0
0
0
0
0
0
0
0
0
0
0
0
0
0
0
0
0
0
0
0
-0.91973
-1.2098
0
2.8071
0
0
-0.67763
0
-1.0339
0
0
0
0
0
0
0
0
0
-1.0303
0
0
0
0
0
0
0
0
0
0
0
0
-0.97184
0
0
3.0361
0
0
0
0
0
0
0
0
0
0
0
0
0
0
0
0
0
0
0
0
0
0
0
0
0
0
0
-4.4063
0
0
4.4063
0
0
0
0
0
0
0
0
0
0
0
0
0
0
0
0
0
0
0
0
0
0
0
0
0
0
0
-0.67763
0
0
0.67763
0
0
0
0
0
-5.5134
0
0
0
0
0
0
0
0
0
0
0
0
0
0
0
0
0
0
0
0
0
0
0
0
5.5134
