8.1505
-0.10005
-0.16397
-0.10001
-0.28916
-0.10006
-0.10004
-0.10004
-0.57775
-0.31331
-0.10001
-0.45409
-0.10003
-0.73152
-1.3956
0
0
-1.9603
0
-1.5646
0
0
0
0
0
0
0
0
0
0
-0.10005
8.0021
-0.27637
-0.10006
-0.56984
-0.10036
-0.48098
-0.17306
-0.56145
-0.5843
-0.56713
-0.72545
-0.49623
-0.94811
0
0
0
-2.0598
0
0
-0.25882
0
0
0
0
0
0
0
0
0
-0.16397
-0.27637
11.0152
-0.41494
-0.95383
-0.37773
-0.36662
-0.40934
-0.59109
-0.40725
-0.63128
-0.88408
-0.94126
-0.7981
0
0
0
0
0
0
0
0
0
0
0
0
0
-3.7993
0
0
-0.10001
-0.10006
-0.41494
8.9934
-0.69429
-0.34571
-0.45281
-0.22826
-0.71201
-0.10968
-0.59965
-1.3494
-0.10001
-1.0935
0
0
-2.693
0
0
0
0
0
0
0
0
0
0
0
0
0
-0.28916
-0.56984
-0.95383
-0.69429
13.2398
-0.62264
-0.61468
-0.54566
-0.99972
-0.53047
-0.69439
-0.86323
0
0
-1.3226
0
0
0
0
0
0
0
0
0
0
0
0
0
-4.5393
0
-0.10006
-0.10036
-0.37773
-0.34571
-0.62264
5.9636
-0.10008
-0.1458
-0.65555
-0.11388
-0.60341
-0.8634
-1.0478
-0.88719
0
0
0
0
0
0
0
0
0
0
0
0
0
0
0
0
-0.10004
-0.48098
-0.36662
-0.45281
-0.61468
-0.10008
7.1411
-0.82469
-0.66601
-0.10016
-0.62109
-0.84481
-0.77864
-1.1905
0
0
0
0
0
0
0
0
0
0
0
0
0
0
0
0
-0.10004
-0.17306
-0.40934
-0.22826
-0.54566
-0.1458
-0.82469
5.7723
-0.6093
-0.10002
-0.66582
-0.79403
-1.1763
0
0
0
0
0
0
0
0
0
0
0
0
0
0
0
0
0
-0.57775
-0.56145
-0.59109
-0.71201
-0.99972
-0.65555
-0.66601
-0.6093
12.4901
-0.59239
-0.75596
0
0
0
0
0
0
0
-1.6443
0
0
0
0
-4.1246
0
0
0
0
0
0
-0.31331
-0.5843
-0.40725
-0.10968
-0.53047
-0.11388
-0.10016
-0.10002
-0.59239
5.2274
-0.51171
-0.75541
-1.1088
0
0
0
0
0
0
0
0
0
0
0
0
0
0
0
0
0
-0.10001
-0.56713
-0.63128
-0.59965
-0.69439
-0.60341
-0.62109
-0.66582
-0.75596
-0.51171
8.145
0
0
0
0
-2.3946
0
0
0
0
0
0
0
0
0
0
0
0
0
0
-0.45409
-0.72545
-0.88408
-1.3494
-0.86323
-0.8634
-0.84481
-0.79403
0
-0.75541
0
16.1253
0
0
0
0
0
0
0
0
0
-4.2957
-4.2957
0
0
0
0
0
0
0
-0.10003
-0.49623
-0.94126
-0.10001
0
-1.0478
-0.77864
-1.1763
0
-1.1088
0
0
8.2758
0
0
0
-2.5268
0
0
0
0
0
0
0
0
0
0
0
0
0
-0.73152
-0.94811
-0.7981
-1.0935
0
-0.88719
-1.1905
0
0
0
0
0
0
5.6489
0
0
0
0
0
0
0
0
0
0
0
0
0
0
0
0
-1.3956
0
0
0
-1.3226
0
0
0
0
0
0
0
0
0
7.0645
-2.0813
0
0
0
-2.2651
0
0
0
0
0
0
0
0
0
0
0
0
0
0
0
0
0
0
0
0
-2.3946
0
0
0
-2.0813
5.3491
0
0
-0.87324
0
0
0
0
0
0
0
0
0
0
0
0
0
0
-2.693
0
0
0
0
0
0
0
0
-2.5268
0
0
0
9.0559
0
0
0
0
0
0
0
0
0
-3.836
0
0
0
-1.9603
-2.0598
0
0
0
0
0
0
0
0
0
0
0
0
0
0
0
7.3216
0
0
0
0
0
0
0
-3.3015
0
0
0
0
0
0
0
0
0
0
0
0
-1.6443
0
0
0
0
0
0
-0.87324
0
0
4.2873
0
-1.7698
0
0
0
0
0
0
0
0
0
-1.5646
0
0
0
0
0
0
0
0
0
0
0
0
0
-2.2651
0
0
0
0
6.938
0
0
0
0
-3.1082
0
0
0
0
0
0
-0.25882
0
0
0
0
0
0
0
0
0
0
0
0
0
0
0
0
-1.7698
0
4.2607
0
0
0
0
0
0
0
0
-2.2321
0
0
0
0
0
0
0
0
0
0
0
-4.2957
0
0
0
0
0
0
0
0
0
4.2957
0
0
0
0
0
0
0
0
0
0
0
0
0
0
0
0
0
0
0
-4.2957
0
0
0
0
0
0
0
0
0
0
4.2957
0
0
0
0
0
0
0
0
0
0
0
0
0
0
0
-4.1246
0
0
0
0
0
0
0
0
0
0
0
0
0
0
4.1246
0
0
0
0
0
0
0
0
0
0
0
0
0
0
0
0
0
0
0
0
0
0
0
0
0
-3.1082
0
0
0
0
3.1082
0
0
0
0
0
0
0
0
0
0
0
0
0
0
0
0
0
0
0
0
0
0
-3.3015
0
0
0
0
0
0
0
3.3015
0
0
0
0
0
0
0
0
0
0
0
0
0
0
0
0
0
0
0
0
-3.836
0
0
0
0
0
0
0
0
0
3.836
0
0
0
0
0
-3.7993
0
0
0
0
0
0
0
0
0
0
0
0
0
0
0
0
0
0
0
0
0
0
0
0
3.7993
0
0
0
0
0
0
-4.5393
0
0
0
0
0
0
0
0
0
0
0
0
0
0
0
0
0
0
0
0
0
0
0
4.5393
0
0
0
0
0
0
0
0
0
0
0
0
0
0
0
0
0
0
0
0
0
-2.2321
0
0
0
0
0
0
0
0
2.2321
