11.8212
-0.1
-0.32489
-0.56652
-0.23876
-0.80459
-0.41824
-1.0082
0
0
0
-0.1
0
0
-1.506
0
0
0
0
-2.0138
0
0
-2.37
0
0
0
-2.37
0
0
0
-0.1
6.5968
-0.1
-0.1
-0.1
-0.1
-0.10001
-0.55623
0
-0.88317
-0.88317
0
0
0
-1.5765
-0.53477
-1.5629
0
0
0
0
0
0
0
0
0
0
0
0
0
-0.32489
-0.1
4.877
-0.35837
-0.1
-0.1
-0.28741
-0.59234
-0.90648
-0.8464
-0.8464
0
-0.41472
0
0
0
0
0
0
0
0
0
0
0
0
0
0
0
0
0
-0.56652
-0.1
-0.35837
7.859
-0.48486
-0.10001
-0.61096
-1.0043
0
0
0
0
0
-1.0433
0
0
-1.1866
0
0
0
0
0
0
0
-2.404
0
0
0
0
0
-0.23876
-0.1
-0.1
-0.48486
5.9562
-0.1
-0.42598
-0.90249
0
-1.1381
-1.1381
0
0
0
0
0
0
-1.3278
0
0
0
0
0
0
0
0
0
0
0
0
-0.80459
-0.1
-0.1
-0.10001
-0.1
6.0144
-0.48841
-0.63551
0
-0.87596
-0.87596
0
0
0
0
0
0
0
0
0
0
-1.934
0
0
0
0
0
0
0
0
-0.41824
-0.10001
-0.28741
-0.61096
-0.42598
-0.48841
3.857
0
-0.70452
0
0
0
0
0
0
-0.8215
0
0
0
0
0
0
0
0
0
0
0
0
0
0
-1.0082
-0.55623
-0.59234
-1.0043
-0.90249
-0.63551
0
4.6991
0
0
0
0
0
0
0
0
0
0
0
0
0
0
0
0
0
0
0
0
0
0
0
0
-0.90648
0
0
0
-0.70452
0
9.4417
0
0
0
0
-1.0883
0
0
0
-1.5517
0
0
0
0
0
0
0
-2.5953
0
-2.5953
0
0
0
-0.88317
-0.8464
0
-1.1381
-0.87596
0
0
0
3.7437
0
0
0
0
0
0
0
0
0
0
0
0
0
0
0
0
0
0
0
0
0
-0.88317
-0.8464
0
-1.1381
-0.87596
0
0
0
0
3.7437
0
0
0
0
0
0
0
0
0
0
0
0
0
0
0
0
0
0
0
-0.1
0
0
0
0
0
0
0
0
0
0
3.7351
-1.7043
0
0
0
0
0
0
0
0
0
0
-1.9309
0
0
0
0
0
0
0
0
-0.41472
0
0
0
0
0
0
0
0
-1.7043
2.8894
-0.77037
0
0
0
0
0
0
0
0
0
0
0
0
0
0
0
0
0
0
0
-1.0433
0
0
0
0
-1.0883
0
0
0
-0.77037
2.902
0
0
0
0
0
0
0
0
0
0
0
0
0
0
0
0
-1.506
-1.5765
0
0
0
0
0
0
0
0
0
0
0
0
5.4746
0
0
0
0
0
0
0
0
0
0
0
0
0
-2.3921
0
0
-0.53477
0
0
0
0
-0.8215
0
0
0
0
0
0
0
0
3.2036
0
0
0
0
0
0
0
0
0
0
0
0
0
-1.8473
0
-1.5629
0
-1.1866
0
0
0
0
0
0
0
0
0
0
0
0
4.6316
0
-1.8822
0
0
0
0
0
0
0
0
0
0
0
0
0
0
0
-1.3278
0
0
0
-1.5517
0
0
0
0
0
0
0
0
4.9351
0
0
-2.0556
0
0
0
0
0
0
0
0
0
0
0
0
0
0
0
0
0
0
0
0
0
0
0
0
0
-1.8822
0
3.3863
0
0
-1.5041
0
0
0
0
0
0
0
0
-2.0138
0
0
0
0
0
0
0
0
0
0
0
0
0
0
0
0
0
0
4.1238
-2.11
0
0
0
0
0
0
0
0
0
0
0
0
0
0
0
0
0
0
0
0
0
0
0
0
0
0
-2.0556
0
-2.11
4.1655
0
0
0
0
0
0
0
0
0
0
0
0
0
0
-1.934
0
0
0
0
0
0
0
0
0
0
0
0
-1.5041
0
0
3.4381
0
0
0
0
0
0
0
0
-2.37
0
0
0
0
0
0
0
0
0
0
0
0
0
0
0
0
0
0
0
0
0
2.37
0
0
0
0
0
0
0
0
0
0
0
0
0
0
0
0
0
0
-1.9309
0
0
0
0
0
0
0
0
0
0
0
1.9309
0
0
0
0
0
0
0
0
0
-2.404
0
0
0
0
0
0
0
0
0
0
0
0
0
0
0
0
0
0
0
0
2.404
0
0
0
0
0
0
0
0
0
0
0
0
0
-2.5953
0
0
0
0
0
0
0
0
0
0
0
0
0
0
0
0
2.5953
0
0
0
0
-2.37
0
0
0
0
0
0
0
0
0
0
0
0
0
0
0
0
0
0
0
0
0
0
0
0
0
2.37
0
0
0
0
0
0
0
0
0
0
0
-2.5953
0
0
0
0
0
0
0
0
0
0
0
0
0
0
0
0
0
0
2.5953
0
0
0
0
0
0
0
0
0
0
0
0
0
0
0
0
-2.3921
0
0
0
0
0
0
0
0
0
0
0
0
0
2.3921
0
0
0
0
0
0
0
0
0
0
0
0
0
0
0
0
-1.8473
0
0
0
0
0
0
0
0
0
0
0
0
0
1.8473
