34.9386
-0.36314
-0.23538
-0.38841
-0.33453
-0.30812
-0.33453
-0.30674
-0.31077
-0.28328
-0.29409
-0.29409
-0.29409
-0.38608
-0.46388
0
0
-2.4381
0
-2.4381
0
0
-8.4885
-8.4885
-8.4885
0
0
0
0
0
-0.36314
9.6602
-0.36907
-0.4462
-0.39351
-0.40351
-0.39351
-0.41147
-0.36777
-0.37494
-0.35039
-0.35039
-0.35039
-0.42517
-0.47485
0
0
-2.093
0
-2.093
0
0
0
0
0
0
0
0
0
0
-0.23538
-0.36907
24.5881
-0.3992
-0.34687
-0.3168
-0.34687
-0.32043
-0.31839
-0.28289
-0.29912
-0.29912
-0.29912
0
0
0
0
0
0
0
0
0
0
0
0
-6.9183
-6.9183
0
-6.9183
0
-0.38841
-0.4462
-0.3992
14.2535
-0.40519
-0.42781
-0.40519
-0.43907
-0.3826
-0.39522
-0.36533
-0.36533
-0.36533
-0.44253
-0.41054
0
0
0
-8.6156
0
0
0
0
0
0
0
0
0
0
0
-0.33453
-0.39351
-0.34687
-0.40519
4.9998
-0.3649
-0.34214
-0.3872
-0.32855
-0.33264
-0.31615
-0.31615
-0.31615
-0.38901
-0.42681
0
0
0
0
0
0
0
0
0
0
0
0
0
0
0
-0.30812
-0.40351
-0.3168
-0.42781
-0.3649
5.0106
-0.3649
-0.37321
-0.32807
-0.32119
-0.31561
-0.31561
-0.31561
-0.40171
0
0
0
0
0
0
0
-0.45351
0
0
0
0
0
0
0
0
-0.33453
-0.39351
-0.34687
-0.40519
-0.34214
-0.3649
4.9998
-0.3872
-0.32855
-0.33264
-0.31615
-0.31615
-0.31615
-0.38901
-0.42681
0
0
0
0
0
0
0
0
0
0
0
0
0
0
0
-0.30674
-0.41147
-0.32043
-0.43907
-0.3872
-0.37321
-0.3872
4.8066
-0.33763
-0.31594
-0.31735
-0.31735
-0.31735
0
0
0
-0.1045
0
0
0
0
0
0
0
0
0
0
0
0
-0.4712
-0.31077
-0.36777
-0.31839
-0.3826
-0.32855
-0.32807
-0.32855
-0.33763
4.2745
-0.31194
-0.29832
-0.29832
-0.29832
-0.36523
0
0
0
0
0
0
0
0
0
0
0
0
0
0
0
0
-0.28328
-0.37494
-0.28289
-0.39522
-0.33264
-0.32119
-0.33264
-0.31594
-0.31194
4.0189
-0.2968
-0.2968
-0.2968
0
0
0
0
0
0
0
-0.17784
0
0
0
0
0
0
0
0
0
-0.29409
-0.35039
-0.29912
-0.36533
-0.31615
-0.31561
-0.31615
-0.31735
-0.29832
-0.2968
3.6945
-0.2626
-0.2626
0
0
0
0
0
0
0
0
0
0
0
0
0
0
0
0
0
-0.29409
-0.35039
-0.29912
-0.36533
-0.31615
-0.31561
-0.31615
-0.31735
-0.29832
-0.2968
-0.2626
3.6945
-0.2626
0
0
0
0
0
0
0
0
0
0
0
0
0
0
0
0
0
-0.29409
-0.35039
-0.29912
-0.36533
-0.31615
-0.31561
-0.31615
-0.31735
-0.29832
-0.2968
-0.2626
-0.2626
3.6945
0
0
0
0
0
0
0
0
0
0
0
0
0
0
0
0
0
-0.38608
-0.42517
0
-0.44253
-0.38901
-0.40171
-0.38901
0
-0.36523
0
0
0
0
2.7987
0
0
0
0
0
0
0
0
0
0
0
0
0
0
0
0
-0.46388
-0.47485
0
-0.41054
-0.42681
0
-0.42681
0
0
0
0
0
0
0
4.8274
-2.6245
0
0
0
0
0
0
0
0
0
0
0
0
0
0
0
0
0
0
0
0
0
0
0
0
0
0
0
0
-2.6245
8.8138
-3.735
0
-2.4543
0
0
0
0
0
0
0
0
0
0
0
0
0
0
0
0
0
0
-0.1045
0
0
0
0
0
0
0
-3.735
7.6553
0
0
0
0
0
0
0
0
0
0
-3.8158
0
0
-2.4381
-2.093
0
0
0
0
0
0
0
0
0
0
0
0
0
0
0
4.531
0
0
0
0
0
0
0
0
0
0
0
0
0
0
0
-8.6156
0
0
0
0
0
0
0
0
0
0
0
-2.4543
0
0
11.0699
0
0
0
0
0
0
0
0
0
0
0
-2.4381
-2.093
0
0
0
0
0
0
0
0
0
0
0
0
0
0
0
0
0
4.531
0
0
0
0
0
0
0
0
0
0
0
0
0
0
0
0
0
0
0
-0.17784
0
0
0
0
0
0
0
0
0
0
0.17784
0
0
0
0
0
0
0
0
0
0
0
0
0
0
-0.45351
0
0
0
0
0
0
0
0
0
0
0
0
0
0
0
0.45351
0
0
0
0
0
0
0
0
-8.4885
0
0
0
0
0
0
0
0
0
0
0
0
0
0
0
0
0
0
0
0
0
8.4885
0
0
0
0
0
0
0
-8.4885
0
0
0
0
0
0
0
0
0
0
0
0
0
0
0
0
0
0
0
0
0
0
8.4885
0
0
0
0
0
0
-8.4885
0
0
0
0
0
0
0
0
0
0
0
0
0
0
0
0
0
0
0
0
0
0
0
8.4885
0
0
0
0
0
0
0
-6.9183
0
0
0
0
0
0
0
0
0
0
0
0
0
0
0
0
0
0
0
0
0
0
6.9183
0
0
0
0
0
0
-6.9183
0
0
0
0
0
0
0
0
0
0
0
0
0
0
0
0
0
0
0
0
0
0
0
6.9183
0
0
0
0
0
0
0
0
0
0
0
0
0
0
0
0
0
0
0
-3.8158
0
0
0
0
0
0
0
0
0
0
3.8158
0
0
0
0
-6.9183
0
0
0
0
0
0
0
0
0
0
0
0
0
0
0
0
0
0
0
0
0
0
0
0
0
6.9183
0
0
0
0
0
0
0
0
-0.4712
0
0
0
0
0
0
0
0
0
0
0
0
0
0
0
0
0
0
0
0
0
0.4712
