23.6173
-0.5097
-0.54307
-0.55038
-0.52714
-0.52714
-0.48816
-0.51275
-0.4954
-0.51974
-0.51974
-0.54697
-0.51428
-0.49072
-0.40142
-0.55683
-0.49188
-0.26686
0
-1.7331
-1.7331
0
0
0
0
-11.689
0
0
0
0
-0.5097
10.9545
-0.53632
-0.55011
-0.51937
-0.51937
-0.48077
-0.51332
-0.49019
-0.50879
-0.50879
-0.57575
-0.50349
-0.48397
0
-0.53636
-0.51683
0
0
-1.6007
-1.6007
0
0
0
0
0
0
0
0
0
-0.54307
-0.53632
7.6755
-0.56871
-0.54267
-0.54267
-0.50001
-0.53007
-0.51928
-0.53353
-0.53353
-0.58876
-0.52786
-0.50576
0
-0.56655
0
0
-0.1367
0
0
0
0
0
0
0
0
0
0
0
-0.55038
-0.55011
-0.56871
17.0085
-0.5591
-0.5591
-0.50204
-0.53663
-0.51495
-0.53948
-0.53948
-0.58129
-0.53371
-0.51061
0
0
0
0
0
0
0
-9.963
0
0
0
0
0
0
0
0
-0.52714
-0.51937
-0.54267
-0.5591
7.3054
-0.50457
-0.481
-0.51715
-0.49638
-0.51425
-0.51425
-0.58255
-0.50887
-0.49445
0
-0.54366
0
0
0
0
0
0
0
0
0
0
0
0
0
0
-0.52714
-0.51937
-0.54267
-0.5591
-0.50457
7.3054
-0.481
-0.51715
-0.49638
-0.51425
-0.51425
-0.58255
-0.50887
-0.49445
0
-0.54366
0
0
0
0
0
0
0
0
0
0
0
0
0
0
-0.48816
-0.48077
-0.50001
-0.50204
-0.481
-0.481
6.2287
-0.47002
-0.44959
-0.46989
-0.46989
-0.52099
-0.46515
-0.45017
0
0
0
0
0
0
0
0
0
0
0
0
0
0
0
0
-0.51275
-0.51332
-0.53007
-0.53663
-0.51715
-0.51715
-0.47002
15.5443
-0.4651
-0.49368
-0.49368
-0.51864
-0.4886
0
0
0
0
0
0
0
0
0
0
0
-9.4875
0
0
0
0
0
-0.4954
-0.49019
-0.51928
-0.51495
-0.49638
-0.49638
-0.44959
-0.4651
5.7447
-0.4727
-0.4727
0
-0.46791
0
-0.40411
0
0
0
0
0
0
0
0
0
0
0
0
0
0
0
-0.51974
-0.50879
-0.53353
-0.53948
-0.51425
-0.51425
-0.46989
-0.49368
-0.4727
5.081
-0.51467
0
0
0
0
0
0
0
0
0
0
0
0
0
0
0
0
0
0
0
-0.51974
-0.50879
-0.53353
-0.53948
-0.51425
-0.51425
-0.46989
-0.49368
-0.4727
-0.51467
5.081
0
0
0
0
0
0
0
0
0
0
0
0
0
0
0
0
0
0
0
-0.54697
-0.57575
-0.58876
-0.58129
-0.58255
-0.58255
-0.52099
-0.51864
0
0
0
23.7903
0
0
0
0
0
0
0
0
0
0
0
-9.6464
0
0
0
0
0
-9.6464
-0.51428
-0.50349
-0.52786
-0.53371
-0.50887
-0.50887
-0.46515
-0.4886
-0.46791
0
0
0
4.5187
0
0
0
0
0
0
0
0
0
0
0
0
0
0
0
0
0
-0.49072
-0.48397
-0.50576
-0.51061
-0.49445
-0.49445
-0.45017
0
0
0
0
0
0
3.7221
0
0
0
-0.29196
0
0
0
0
0
0
0
0
0
0
0
0
-0.40142
0
0
0
0
0
0
0
-0.40411
0
0
0
0
0
2.9251
0
-0.58364
0
-0.3681
0
0
0
0
0
0
0
0
-1.1679
0
0
-0.55683
-0.53636
-0.56655
0
-0.54366
-0.54366
0
0
0
0
0
0
0
0
0
2.7471
0
0
0
0
0
0
0
0
0
0
0
0
0
0
-0.49188
-0.51683
0
0
0
0
0
0
0
0
0
0
0
0
-0.58364
0
2.1456
0
0
0
0
0
0
0
0
0
0
0
-0.55329
0
-0.26686
0
0
0
0
0
0
0
0
0
0
0
0
-0.29196
0
0
0
0.81449
0
0
0
0
0
0
0
0
-0.25567
0
0
0
0
0
-0.1367
0
0
0
0
0
0
0
0
0
0
0
-0.3681
0
0
0
0.6093
0
0
0
-0.1045
0
0
0
0
0
0
0
-1.7331
-1.6007
0
0
0
0
0
0
0
0
0
0
0
0
0
0
0
0
0
3.3337
0
0
0
0
0
0
0
0
0
0
-1.7331
-1.6007
0
0
0
0
0
0
0
0
0
0
0
0
0
0
0
0
0
0
3.3337
0
0
0
0
0
0
0
0
0
0
0
0
-9.963
0
0
0
0
0
0
0
0
0
0
0
0
0
0
0
0
0
9.963
0
0
0
0
0
0
0
0
0
0
0
0
0
0
0
0
0
0
0
0
0
0
0
0
0
0
-0.1045
0
0
0
0.1045
0
0
0
0
0
0
0
0
0
0
0
0
0
0
0
0
0
0
-9.6464
0
0
0
0
0
0
0
0
0
0
0
9.6464
0
0
0
0
0
0
0
0
0
0
0
0
0
-9.4875
0
0
0
0
0
0
0
0
0
0
0
0
0
0
0
0
9.4875
0
0
0
0
0
-11.689
0
0
0
0
0
0
0
0
0
0
0
0
0
0
0
0
0
0
0
0
0
0
0
0
11.689
0
0
0
0
0
0
0
0
0
0
0
0
0
0
0
0
0
0
0
0
0
-0.25567
0
0
0
0
0
0
0
0
0.25567
0
0
0
0
0
0
0
0
0
0
0
0
0
0
0
0
0
-1.1679
0
0
0
0
0
0
0
0
0
0
0
0
1.1679
0
0
0
0
0
0
0
0
0
0
0
0
0
0
0
0
0
0
-0.55329
0
0
0
0
0
0
0
0
0
0
0
0.55329
0
0
0
0
0
0
0
0
0
0
0
0
-9.6464
0
0
0
0
0
0
0
0
0
0
0
0
0
0
0
0
0
9.6464
