17.1989
-0.73568
-0.73568
-0.71407
-0.73479
-0.71979
-0.74342
-0.7223
-0.72575
-0.73733
-0.72825
-0.72825
-0.76003
-0.77417
-0.75986
-0.70609
-0.67399
0
0
0
0
-5.4994
0
0
0
0
0
0
0
0
-0.73568
17.1989
-0.73568
-0.71407
-0.73479
-0.71979
-0.74342
-0.7223
-0.72575
-0.73733
-0.72825
-0.72825
-0.76003
-0.77417
-0.75986
-0.70609
-0.67399
0
0
0
0
0
0
0
0
-5.4994
0
0
0
0
-0.73568
-0.73568
17.1989
-0.71407
-0.73479
-0.71979
-0.74342
-0.7223
-0.72575
-0.73733
-0.72825
-0.72825
-0.76003
-0.77417
-0.75986
-0.70609
-0.67399
0
0
0
0
0
0
0
0
0
0
0
0
-5.4994
-0.71407
-0.71407
-0.71407
11.3875
-0.71264
-0.70105
-0.72032
-0.7025
-0.7064
-0.71564
-0.70758
-0.70758
-0.73618
-0.74882
-0.73667
-0.6918
-0.65812
0
0
0
0
0
0
0
0
0
0
0
0
0
-0.73479
-0.73479
-0.73479
-0.71264
21.227
-0.72167
-0.73297
-0.71986
-0.71474
-0.73418
-0.72707
-0.72707
0
0
0
0
0
-0.62807
-0.58192
0
0
0
-6.0112
-6.0112
0
0
0
0
0
0
-0.71979
-0.71979
-0.71979
-0.70105
-0.72167
10.0106
-0.7218
-0.7037
-0.70889
-0.71688
-0.70877
-0.70877
-0.74159
-0.75218
0
0
-0.66591
0
0
0
0
0
0
0
0
0
0
0
0
0
-0.74342
-0.74342
-0.74342
-0.72032
-0.73297
-0.7218
12.3143
-0.72555
-0.73186
-0.74139
-0.73334
-0.73334
0
0
0
0
0
0
0
0
0
0
0
0
0
0
-4.2434
0
0
0
-0.7223
-0.7223
-0.7223
-0.7025
-0.71986
-0.7037
-0.72555
7.8636
-0.70856
-0.71705
-0.70974
-0.70974
0
0
0
0
0
0
0
0
0
0
0
0
0
0
0
0
0
0
-0.72575
-0.72575
-0.72575
-0.7064
-0.71474
-0.70889
-0.73186
-0.70856
7.0773
-0.71085
0
0
0
0
0
0
0
0
0
-0.61876
0
0
0
0
0
0
0
0
0
0
-0.73733
-0.73733
-0.73733
-0.71564
-0.73418
-0.71688
-0.74139
-0.71705
-0.71085
6.548
0
0
0
0
0
0
0
0
0
0
0
0
0
0
0
0
0
0
0
0
-0.72825
-0.72825
-0.72825
-0.70758
-0.72707
-0.70877
-0.73334
-0.70974
0
0
5.7713
0
0
0
0
0
0
0
0
0
0
0
0
0
0
0
0
0
0
0
-0.72825
-0.72825
-0.72825
-0.70758
-0.72707
-0.70877
-0.73334
-0.70974
0
0
0
5.7713
0
0
0
0
0
0
0
0
0
0
0
0
0
0
0
0
0
0
-0.76003
-0.76003
-0.76003
-0.73618
0
-0.74159
0
0
0
0
0
0
4.4242
0
0
0
0
0
0
-0.66629
0
0
0
0
0
0
0
0
0
0
-0.77417
-0.77417
-0.77417
-0.74882
0
-0.75218
0
0
0
0
0
0
0
4.5214
0
0
0
-0.69789
0
0
0
0
0
0
0
0
0
0
0
0
-0.75986
-0.75986
-0.75986
-0.73667
0
0
0
0
0
0
0
0
0
0
3.7004
0
0
0
-0.68416
0
0
0
0
0
0
0
0
0
0
0
-0.70609
-0.70609
-0.70609
-0.6918
0
0
0
0
0
0
0
0
0
0
0
3.517
0
0
0
0
-0.70693
0
0
0
0
0
0
0
0
0
-0.67399
-0.67399
-0.67399
-0.65812
0
-0.66591
0
0
0
0
0
0
0
0
0
0
3.346
0
0
0
0
0
0
0
0
0
0
0
0
0
0
0
0
0
-0.62807
0
0
0
0
0
0
0
0
-0.69789
0
0
0
1.9565
0
0
0
0
0
0
0
0
0
-0.63059
0
0
0
0
0
0
-0.58192
0
0
0
0
0
0
0
0
0
-0.68416
0
0
0
1.8183
0
0
0
0
0
0
0
0
0
-0.55225
0
0
0
0
0
0
0
0
0
-0.61876
0
0
0
-0.66629
0
0
0
0
0
0
1.8899
0
0
0
0
-0.60488
0
0
0
0
0
0
0
0
0
0
0
0
0
0
0
0
0
0
0
0
-0.70693
0
0
0
0
0.70693
0
0
0
0
0
0
0
0
0
-5.4994
0
0
0
0
0
0
0
0
0
0
0
0
0
0
0
0
0
0
0
0
5.4994
0
0
0
0
0
0
0
0
0
0
0
0
-6.0112
0
0
0
0
0
0
0
0
0
0
0
0
0
0
0
0
0
6.0112
0
0
0
0
0
0
0
0
0
0
0
-6.0112
0
0
0
0
0
0
0
0
0
0
0
0
0
0
0
0
0
0
6.0112
0
0
0
0
0
0
0
0
0
0
0
0
0
0
0
0
0
0
0
0
0
0
0
0
0
-0.60488
0
0
0
0
0.60488
0
0
0
0
0
0
-5.4994
0
0
0
0
0
0
0
0
0
0
0
0
0
0
0
0
0
0
0
0
0
0
0
5.4994
0
0
0
0
0
0
0
0
0
0
-4.2434
0
0
0
0
0
0
0
0
0
0
0
0
0
0
0
0
0
0
0
4.2434
0
0
0
0
0
0
0
0
0
0
0
0
0
0
0
0
0
0
0
0
-0.63059
0
0
0
0
0
0
0
0
0
0.63059
0
0
0
0
0
0
0
0
0
0
0
0
0
0
0
0
0
0
0
0
-0.55225
0
0
0
0
0
0
0
0
0
0.55225
0
0
0
-5.4994
0
0
0
0
0
0
0
0
0
0
0
0
0
0
0
0
0
0
0
0
0
0
0
0
0
0
5.4994
