18.1691
-0.68374
-0.68374
-0.68374
-0.60461
-0.61191
-0.63676
-0.61191
-0.60461
-0.61191
-0.58512
-0.59141
-0.59141
-0.61086
-0.61086
-0.61086
-0.57999
-0.63275
-0.22361
0
0
0
0
-7.3993
0
0
0
0
0
0
-0.68374
17.4485
-0.69609
-0.69609
-0.61821
-0.61805
-0.64442
-0.61805
-0.61821
-0.61805
-0.58917
-0.5966
-0.5966
-0.61635
-0.61635
-0.61635
-0.59038
-0.64025
0
0
0
0
-6.7756
0
0
0
0
0
0
0
-0.68374
-0.69609
17.4485
-0.69609
-0.61821
-0.61805
-0.64442
-0.61805
-0.61821
-0.61805
-0.58917
-0.5966
-0.5966
-0.61635
-0.61635
-0.61635
-0.59038
-0.64025
0
0
0
0
0
0
0
0
0
0
-6.7756
0
-0.68374
-0.69609
-0.69609
17.4485
-0.61821
-0.61805
-0.64442
-0.61805
-0.61821
-0.61805
-0.58917
-0.5966
-0.5966
-0.61635
-0.61635
-0.61635
-0.59038
-0.64025
0
0
0
0
0
0
-6.7756
0
0
0
0
0
-0.60461
-0.61821
-0.61821
-0.61821
25.5294
-0.56277
-0.56111
-0.56277
-0.53216
-0.56277
-0.52409
-0.53039
-0.53039
-0.54641
-0.54641
-0.54641
0
0
0
0
0
0
0
0
0
-8.5322
0
-8.5322
0
0
-0.61191
-0.61805
-0.61805
-0.61805
-0.56277
9.5934
-0.58035
-0.53647
-0.56277
-0.53647
-0.52573
-0.53457
-0.53457
-0.55081
-0.55081
-0.55081
-0.53237
-0.56881
0
0
0
0
0
0
0
0
0
0
0
0
-0.63676
-0.64442
-0.64442
-0.64442
-0.56111
-0.58035
14.9685
-0.58035
-0.56111
-0.58035
-0.53929
-0.54432
-0.54432
-0.56108
-0.56108
-0.56108
0
0
-0.21802
0
-6.006
0
0
0
0
0
0
0
0
0
-0.61191
-0.61805
-0.61805
-0.61805
-0.56277
-0.53647
-0.58035
9.5934
-0.56277
-0.53647
-0.52573
-0.53457
-0.53457
-0.55081
-0.55081
-0.55081
-0.53237
-0.56881
0
0
0
0
0
0
0
0
0
0
0
0
-0.60461
-0.61821
-0.61821
-0.61821
-0.53216
-0.56277
-0.56111
-0.56277
25.5294
-0.56277
-0.52409
-0.53039
-0.53039
-0.54641
-0.54641
-0.54641
0
0
0
0
0
-8.5322
0
0
0
0
0
0
0
-8.5322
-0.61191
-0.61805
-0.61805
-0.61805
-0.56277
-0.53647
-0.58035
-0.53647
-0.56277
9.5934
-0.52573
-0.53457
-0.53457
-0.55081
-0.55081
-0.55081
-0.53237
-0.56881
0
0
0
0
0
0
0
0
0
0
0
0
-0.58512
-0.58917
-0.58917
-0.58917
-0.52409
-0.52573
-0.53929
-0.52573
-0.52409
-0.52573
8.6558
-0.51682
-0.51682
-0.53212
-0.53212
-0.53212
-0.50852
0
0
0
0
0
0
0
0
0
0
0
0
0
-0.59141
-0.5966
-0.5966
-0.5966
-0.53039
-0.53457
-0.54432
-0.53457
-0.53039
-0.53457
-0.51682
8.2259
-0.51823
-0.5336
-0.5336
-0.5336
0
0
0
0
0
0
0
0
0
0
0
0
0
0
-0.59141
-0.5966
-0.5966
-0.5966
-0.53039
-0.53457
-0.54432
-0.53457
-0.53039
-0.53457
-0.51682
-0.51823
8.2259
-0.5336
-0.5336
-0.5336
0
0
0
0
0
0
0
0
0
0
0
0
0
0
-0.61086
-0.61635
-0.61635
-0.61635
-0.54641
-0.55081
-0.56108
-0.55081
-0.54641
-0.55081
-0.53212
-0.5336
-0.5336
7.3655
0
0
0
0
0
0
0
0
0
0
0
0
0
0
0
0
-0.61086
-0.61635
-0.61635
-0.61635
-0.54641
-0.55081
-0.56108
-0.55081
-0.54641
-0.55081
-0.53212
-0.5336
-0.5336
0
7.3655
0
0
0
0
0
0
0
0
0
0
0
0
0
0
0
-0.61086
-0.61635
-0.61635
-0.61635
-0.54641
-0.55081
-0.56108
-0.55081
-0.54641
-0.55081
-0.53212
-0.5336
-0.5336
0
0
7.3655
0
0
0
0
0
0
0
0
0
0
0
0
0
0
-0.57999
-0.59038
-0.59038
-0.59038
0
-0.53237
0
-0.53237
0
-0.53237
-0.50852
0
0
0
0
0
4.5613
0
0
0
0
0
0
0
0
0
-0.1045
0
0
0
-0.63275
-0.64025
-0.64025
-0.64025
0
-0.56881
0
-0.56881
0
-0.56881
0
0
0
0
0
0
0
4.2599
0
0
0
0
0
0
0
0
0
0
0
0
-0.22361
0
0
0
0
0
-0.21802
0
0
0
0
0
0
0
0
0
0
0
0.56439
-0.12276
0
0
0
0
0
0
0
0
0
0
0
0
0
0
0
0
0
0
0
0
0
0
0
0
0
0
0
0
-0.12276
0.12276
0
0
0
0
0
0
0
0
0
0
0
0
0
0
0
0
-6.006
0
0
0
0
0
0
0
0
0
0
0
0
0
6.006
0
0
0
0
0
0
0
0
0
0
0
0
0
0
0
0
0
-8.5322
0
0
0
0
0
0
0
0
0
0
0
0
8.5322
0
0
0
0
0
0
0
0
0
-6.7756
0
0
0
0
0
0
0
0
0
0
0
0
0
0
0
0
0
0
0
0
6.7756
0
0
0
0
0
0
0
-7.3993
0
0
0
0
0
0
0
0
0
0
0
0
0
0
0
0
0
0
0
0
0
0
7.3993
0
0
0
0
0
0
0
0
0
-6.7756
0
0
0
0
0
0
0
0
0
0
0
0
0
0
0
0
0
0
0
0
6.7756
0
0
0
0
0
0
0
0
0
-8.5322
0
0
0
0
0
0
0
0
0
0
0
0
0
0
0
0
0
0
0
0
8.5322
0
0
0
0
0
0
0
0
0
0
0
0
0
0
0
0
0
0
0
0
-0.1045
0
0
0
0
0
0
0
0
0
0.1045
0
0
0
0
0
0
0
-8.5322
0
0
0
0
0
0
0
0
0
0
0
0
0
0
0
0
0
0
0
0
0
0
8.5322
0
0
0
0
-6.7756
0
0
0
0
0
0
0
0
0
0
0
0
0
0
0
0
0
0
0
0
0
0
0
0
0
6.7756
0
0
0
0
0
0
0
0
0
-8.5322
0
0
0
0
0
0
0
0
0
0
0
0
0
0
0
0
0
0
0
0
8.5322
