12.8078
-0.7419
-0.69587
-0.69587
-0.76954
-0.63499
-0.61999
-0.76528
-0.72837
-0.72837
-0.7171
-0.66051
-0.61993
-0.6753
-0.73809
-0.83851
-0.79633
-0.77283
-0.60906
0
0
0
0
0
0
0
0
0
0
0
-0.7419
12.3754
-0.7419
-0.7419
-0.76268
-0.62837
-0.61856
-0.75781
-0.72661
-0.72661
-0.71037
-0.65435
-0.61817
-0.67356
-0.73702
-0.81978
-0.78611
-0.76291
0
-0.16679
0
0
0
0
0
0
0
0
0
0
-0.69587
-0.7419
12.8078
-0.69587
-0.76954
-0.63499
-0.61999
-0.76528
-0.72837
-0.72837
-0.7171
-0.66051
-0.61993
-0.6753
-0.73809
-0.83851
-0.79633
-0.77283
-0.60906
0
0
0
0
0
0
0
0
0
0
0
-0.69587
-0.7419
-0.69587
12.8078
-0.76954
-0.63499
-0.61999
-0.76528
-0.72837
-0.72837
-0.7171
-0.66051
-0.61993
-0.6753
-0.73809
-0.83851
-0.79633
-0.77283
-0.60906
0
0
0
0
0
0
0
0
0
0
0
-0.76954
-0.76268
-0.76954
-0.76954
26.2454
-0.65752
-0.64539
-0.80146
-0.75908
-0.75908
-0.74379
-0.68518
-0.64475
-0.70292
-0.76863
-0.86687
-0.8255
-0.79622
0
0
0
0
0
0
-13.5177
0
0
0
0
0
-0.63499
-0.62837
-0.63499
-0.63499
-0.65752
10.4351
-0.54181
-0.64148
-0.62176
-0.62176
-0.60145
-0.56098
-0.53074
-0.57584
-0.62752
-0.68802
-0.66732
0
0
0
0
-0.56552
0
0
0
0
0
0
0
0
-0.61999
-0.61856
-0.61999
-0.61999
-0.64539
-0.54181
10.4943
-0.64601
-0.62198
-0.62198
-0.60865
-0.5636
-0.53076
-0.5764
-0.62695
-0.7073
-0.67222
-0.65276
0
0
0
0
0
0
0
0
0
0
0
0
-0.76528
-0.75781
-0.76528
-0.76528
-0.80146
-0.64148
-0.64601
21.1639
-0.81539
-0.81539
-0.78526
-0.66212
-0.61463
-0.68157
0
0
0
0
0
0
0
0
0
0
0
0
0
0
-11.647
0
-0.72837
-0.72661
-0.72837
-0.72837
-0.75908
-0.62176
-0.62198
-0.81539
9.8674
-0.67678
-0.76689
-0.6653
-0.60372
-0.67155
-0.75326
0
0
0
0
0
0
0
0
0
0
0
0
0
0
0
-0.72837
-0.72661
-0.72837
-0.72837
-0.75908
-0.62176
-0.62198
-0.81539
-0.67678
9.8674
-0.76689
-0.6653
-0.60372
-0.67155
-0.75326
0
0
0
0
0
0
0
0
0
0
0
0
0
0
0
-0.7171
-0.71037
-0.7171
-0.7171
-0.74379
-0.60145
-0.60865
-0.78526
-0.76689
-0.76689
9.4401
-0.62274
-0.58107
-0.64461
0
0
0
0
0
0
-0.45704
0
0
0
0
0
0
0
0
0
-0.66051
-0.65435
-0.66051
-0.66051
-0.68518
-0.56098
-0.5636
-0.66212
-0.6653
-0.6653
-0.62274
8.1925
-0.52705
0
0
0
0
0
0
0
0
-0.60439
0
0
0
0
0
0
0
0
-0.61993
-0.61817
-0.61993
-0.61993
-0.64475
-0.53074
-0.53076
-0.61463
-0.60372
-0.60372
-0.58107
-0.52705
7.6643
-0.5499
0
0
0
0
0
0
0
0
0
0
0
0
0
0
0
0
-0.6753
-0.67356
-0.6753
-0.6753
-0.70292
-0.57584
-0.5764
-0.68157
-0.67155
-0.67155
-0.64461
0
-0.5499
7.7738
0
0
0
0
0
0
0
0
0
0
0
0
0
0
0
0
-0.73809
-0.73702
-0.73809
-0.73809
-0.76863
-0.62752
-0.62695
0
-0.75326
-0.75326
0
0
0
0
6.4809
0
0
0
0
0
0
0
0
0
0
0
0
0
0
0
-0.83851
-0.81978
-0.83851
-0.83851
-0.86687
-0.68802
-0.7073
0
0
0
0
0
0
0
0
14.8337
0
0
0
0
-0.53931
0
0
0
0
-8.6969
0
0
0
0
-0.79633
-0.78611
-0.79633
-0.79633
-0.8255
-0.66732
-0.67222
0
0
0
0
0
0
0
0
0
12.8373
0
0
0
0
0
0
0
0
0
-7.4971
0
0
0
-0.77283
-0.76291
-0.77283
-0.77283
-0.79622
0
-0.65276
0
0
0
0
0
0
0
0
0
0
10.5064
0
0
0
0
0
0
0
0
0
0
0
-5.976
-0.60906
0
-0.60906
-0.60906
0
0
0
0
0
0
0
0
0
0
0
0
0
0
2.3349
-0.50774
0
0
0
0
0
0
0
0
0
0
0
-0.16679
0
0
0
0
0
0
0
0
0
0
0
0
0
0
0
0
-0.50774
0.77903
0
0
0
0
0
0
0
-0.1045
0
0
0
0
0
0
0
0
0
0
0
0
-0.45704
0
0
0
0
-0.53931
0
0
0
0
1.4305
0
-0.4342
0
0
0
0
0
0
0
0
0
0
0
0
-0.56552
0
0
0
0
0
-0.60439
0
0
0
0
0
0
0
0
0
2.0753
0
-0.90539
0
0
0
0
0
0
0
0
0
0
0
0
0
0
0
0
0
0
0
0
0
0
0
0
0
0
-0.4342
0
0.4342
0
0
0
0
0
0
0
0
0
0
0
0
0
0
0
0
0
0
0
0
0
0
0
0
0
0
0
0
-0.90539
0
0.90539
0
0
0
0
0
0
0
0
0
0
-13.5177
0
0
0
0
0
0
0
0
0
0
0
0
0
0
0
0
0
0
0
13.5177
0
0
0
0
0
0
0
0
0
0
0
0
0
0
0
0
0
0
0
0
-8.6969
0
0
0
0
0
0
0
0
0
8.6969
0
0
0
0
0
0
0
0
0
0
0
0
0
0
0
0
0
0
0
0
-7.4971
0
0
0
0
0
0
0
0
0
7.4971
0
0
0
0
0
0
0
0
0
0
0
0
0
0
0
0
0
0
0
0
0
0
-0.1045
0
0
0
0
0
0
0
0.1045
0
0
0
0
0
0
0
0
0
-11.647
0
0
0
0
0
0
0
0
0
0
0
0
0
0
0
0
0
0
0
0
11.647
0
0
0
0
0
0
0
0
0
0
0
0
0
0
0
0
0
0
-5.976
0
0
0
0
0
0
0
0
0
0
0
5.976
