21.9897
-0.80601
-0.74806
-0.7477
-0.77149
-0.77149
-0.65875
-0.65875
-0.65875
-0.63826
-0.65875
-0.69692
-0.69734
-0.66411
-0.66411
-0.723
-0.67701
-0.67701
-0.72485
0
-9.3474
0
0
0
0
0
0
0
0
0
-0.80601
21.9897
-0.74806
-0.7477
-0.77149
-0.77149
-0.65875
-0.65875
-0.65875
-0.63826
-0.65875
-0.69692
-0.69734
-0.66411
-0.66411
-0.723
-0.67701
-0.67701
-0.72485
0
0
0
0
0
0
0
0
0
0
-9.3474
-0.74806
-0.74806
11.2142
-0.70013
-0.71267
-0.71267
-0.60902
-0.60902
-0.60902
-0.60309
-0.60902
-0.64107
-0.64428
-0.614
-0.614
-0.66719
-0.62628
-0.62628
0
-0.12035
0
0
0
0
0
0
0
0
0
0
-0.7477
-0.7477
-0.70013
11.8341
-0.71915
-0.71915
-0.61255
-0.61255
-0.61255
-0.60939
-0.61255
-0.64741
-0.64755
-0.61712
-0.61712
-0.67038
-0.6329
-0.6329
-0.67534
0
0
0
0
0
0
0
0
0
0
0
-0.77149
-0.77149
-0.71267
-0.71915
20.1807
-0.73682
-0.62752
-0.62752
-0.62752
-0.61327
-0.62752
-0.66212
-0.66422
-0.63274
-0.63274
-0.68796
-0.64494
-0.64494
0
0
0
0
0
0
0
0
0
0
-8.7761
0
-0.77149
-0.77149
-0.71267
-0.71915
-0.73682
20.1807
-0.62752
-0.62752
-0.62752
-0.61327
-0.62752
-0.66212
-0.66422
-0.63274
-0.63274
-0.68796
-0.64494
-0.64494
0
0
0
0
0
0
-8.7761
0
0
0
0
0
-0.65875
-0.65875
-0.60902
-0.61255
-0.62752
-0.62752
9.8151
-0.5279
-0.5279
-0.54612
-0.5279
-0.55959
-0.56537
-0.53891
-0.53891
-0.5831
-0.55266
-0.55266
0
0
0
0
0
0
0
0
0
0
0
0
-0.65875
-0.65875
-0.60902
-0.61255
-0.62752
-0.62752
-0.5279
9.8151
-0.5279
-0.54612
-0.5279
-0.55959
-0.56537
-0.53891
-0.53891
-0.5831
-0.55266
-0.55266
0
0
0
0
0
0
0
0
0
0
0
0
-0.65875
-0.65875
-0.60902
-0.61255
-0.62752
-0.62752
-0.5279
-0.5279
9.8151
-0.54612
-0.5279
-0.55959
-0.56537
-0.53891
-0.53891
-0.5831
-0.55266
-0.55266
0
0
0
0
0
0
0
0
0
0
0
0
-0.63826
-0.63826
-0.60309
-0.60939
-0.61327
-0.61327
-0.54612
-0.54612
-0.54612
29.2307
-0.54612
-0.50162
-0.5343
-0.50674
-0.50674
-0.54776
0
0
0
0
0
0
-10.3668
0
0
0
0
-10.3668
0
0
-0.65875
-0.65875
-0.60902
-0.61255
-0.62752
-0.62752
-0.5279
-0.5279
-0.5279
-0.54612
9.8151
-0.55959
-0.56537
-0.53891
-0.53891
-0.5831
-0.55266
-0.55266
0
0
0
0
0
0
0
0
0
0
0
0
-0.69692
-0.69692
-0.64107
-0.64741
-0.66212
-0.66212
-0.55959
-0.55959
-0.55959
-0.50162
-0.55959
14.3603
-0.63673
-0.57912
-0.57912
0
0
0
0
0
0
0
0
-5.8188
0
0
0
0
0
0
-0.69734
-0.69734
-0.64428
-0.64755
-0.66422
-0.66422
-0.56537
-0.56537
-0.56537
-0.5343
-0.56537
-0.63673
9.2547
-0.58288
-0.58288
-0.64145
0
0
0
0
0
0
0
0
0
0
0
0
0
0
-0.66411
-0.66411
-0.614
-0.61712
-0.63274
-0.63274
-0.53891
-0.53891
-0.53891
-0.50674
-0.53891
-0.57912
-0.58288
8.1693
-0.52006
0
0
0
0
0
0
0
0
0
0
0
0
0
0
0
-0.66411
-0.66411
-0.614
-0.61712
-0.63274
-0.63274
-0.53891
-0.53891
-0.53891
-0.50674
-0.53891
-0.57912
-0.58288
-0.52006
8.1693
0
0
0
0
0
0
0
0
0
0
0
0
0
0
0
-0.723
-0.723
-0.66719
-0.67038
-0.68796
-0.68796
-0.5831
-0.5831
-0.5831
-0.54776
-0.5831
0
-0.64145
0
0
7.6811
0
0
0
0
0
0
0
0
0
0
0
0
0
0
-0.67701
-0.67701
-0.62628
-0.6329
-0.64494
-0.64494
-0.55266
-0.55266
-0.55266
0
-0.55266
0
0
0
0
0
6.7242
0
0
0
0
0
0
0
0
0
-0.61048
0
0
0
-0.67701
-0.67701
-0.62628
-0.6329
-0.64494
-0.64494
-0.55266
-0.55266
-0.55266
0
-0.55266
0
0
0
0
0
0
6.7242
0
0
0
0
0
0
0
-0.61048
0
0
0
0
-0.72485
-0.72485
0
-0.67534
0
0
0
0
0
0
0
0
0
0
0
0
0
0
2.406
-0.28094
0
0
0
0
0
0
0
0
0
0
0
0
-0.12035
0
0
0
0
0
0
0
0
0
0
0
0
0
0
0
-0.28094
0.50579
0
-0.1045
0
0
0
0
0
0
0
0
-9.3474
0
0
0
0
0
0
0
0
0
0
0
0
0
0
0
0
0
0
0
9.3474
0
0
0
0
0
0
0
0
0
0
0
0
0
0
0
0
0
0
0
0
0
0
0
0
0
0
0
0
-0.1045
0
0.1045
0
0
0
0
0
0
0
0
0
0
0
0
0
0
0
0
0
-10.3668
0
0
0
0
0
0
0
0
0
0
0
0
10.3668
0
0
0
0
0
0
0
0
0
0
0
0
0
0
0
0
0
0
-5.8188
0
0
0
0
0
0
0
0
0
0
0
5.8188
0
0
0
0
0
0
0
0
0
0
0
-8.7761
0
0
0
0
0
0
0
0
0
0
0
0
0
0
0
0
0
0
8.7761
0
0
0
0
0
0
0
0
0
0
0
0
0
0
0
0
0
0
0
0
0
0
-0.61048
0
0
0
0
0
0
0
0.61048
0
0
0
0
0
0
0
0
0
0
0
0
0
0
0
0
0
0
0
0
-0.61048
0
0
0
0
0
0
0
0
0
0.61048
0
0
0
0
0
0
0
0
0
0
0
0
-10.3668
0
0
0
0
0
0
0
0
0
0
0
0
0
0
0
0
0
10.3668
0
0
0
0
0
0
-8.7761
0
0
0
0
0
0
0
0
0
0
0
0
0
0
0
0
0
0
0
0
0
0
0
8.7761
0
0
-9.3474
0
0
0
0
0
0
0
0
0
0
0
0
0
0
0
0
0
0
0
0
0
0
0
0
0
0
0
9.3474
