34.3814
-0.98391
-0.98391
-0.98391
-0.94964
-0.99338
-0.93168
-0.93168
-0.93168
-0.93168
-0.93168
-1.0086
-1.0086
-1.0086
-0.89624
-0.89624
-0.91234
-0.9442
-0.96846
-0.9738
-0.9738
-0.9738
-0.9738
-1.1738
-1.1738
-0.88018
0
-5.0311
0
-5.0311
-0.98391
24.3476
-0.98151
-0.98151
-0.94918
-1.0252
-0.93274
-0.93274
-0.93274
-0.93274
-0.93274
-1.0106
-1.0106
-1.0106
-0.89798
-0.89798
-0.95307
-0.94364
-0.96749
-0.97205
-0.97205
-0.97205
-0.97205
-1.1594
-1.1594
-0.86383
0
0
0
0
-0.98391
-0.98151
24.3476
-0.98151
-0.94918
-1.0252
-0.93274
-0.93274
-0.93274
-0.93274
-0.93274
-1.0106
-1.0106
-1.0106
-0.89798
-0.89798
-0.95307
-0.94364
-0.96749
-0.97205
-0.97205
-0.97205
-0.97205
-1.1594
-1.1594
-0.86383
0
0
0
0
-0.98391
-0.98151
-0.98151
24.3476
-0.94918
-1.0252
-0.93274
-0.93274
-0.93274
-0.93274
-0.93274
-1.0106
-1.0106
-1.0106
-0.89798
-0.89798
-0.95307
-0.94364
-0.96749
-0.97205
-0.97205
-0.97205
-0.97205
-1.1594
-1.1594
-0.86383
0
0
0
0
-0.94964
-0.94918
-0.94918
-0.94918
22.6764
-0.98214
-0.89908
-0.89908
-0.89908
-0.89908
-0.89908
-0.97356
-0.97356
-0.97356
-0.8657
-0.8657
-0.91777
-0.90943
-0.93226
-0.93669
-0.93669
-0.93669
-0.93669
-1.1217
-1.1217
0
0
0
0
0
-0.99338
-1.0252
-1.0252
-1.0252
-0.98214
25.9295
-0.97483
-0.97483
-0.97483
-0.97483
-0.97483
-1.0561
-1.0561
-1.0561
-0.93822
-0.93822
-0.97355
-0.9881
-1.0135
-1.0189
-1.0189
-1.0189
-1.0189
0
0
0
0
0
-3.9087
0
-0.93168
-0.93274
-0.93274
-0.93274
-0.89908
-0.97483
20.008
-0.87481
-0.87481
-0.87481
-0.87481
-0.95161
-0.95161
-0.95161
-0.84611
-0.84611
-0.89631
-0.88873
-0.91094
-0.91547
-0.91547
-0.91547
-0.91547
0
0
0
0
0
0
0
-0.93168
-0.93274
-0.93274
-0.93274
-0.89908
-0.97483
-0.87481
20.008
-0.87481
-0.87481
-0.87481
-0.95161
-0.95161
-0.95161
-0.84611
-0.84611
-0.89631
-0.88873
-0.91094
-0.91547
-0.91547
-0.91547
-0.91547
0
0
0
0
0
0
0
-0.93168
-0.93274
-0.93274
-0.93274
-0.89908
-0.97483
-0.87481
-0.87481
20.008
-0.87481
-0.87481
-0.95161
-0.95161
-0.95161
-0.84611
-0.84611
-0.89631
-0.88873
-0.91094
-0.91547
-0.91547
-0.91547
-0.91547
0
0
0
0
0
0
0
-0.93168
-0.93274
-0.93274
-0.93274
-0.89908
-0.97483
-0.87481
-0.87481
-0.87481
20.008
-0.87481
-0.95161
-0.95161
-0.95161
-0.84611
-0.84611
-0.89631
-0.88873
-0.91094
-0.91547
-0.91547
-0.91547
-0.91547
0
0
0
0
0
0
0
-0.93168
-0.93274
-0.93274
-0.93274
-0.89908
-0.97483
-0.87481
-0.87481
-0.87481
-0.87481
20.008
-0.95161
-0.95161
-0.95161
-0.84611
-0.84611
-0.89631
-0.88873
-0.91094
-0.91547
-0.91547
-0.91547
-0.91547
0
0
0
0
0
0
0
-1.0086
-1.0106
-1.0106
-1.0106
-0.97356
-1.0561
-0.95161
-0.95161
-0.95161
-0.95161
-0.95161
17.7106
-1.0246
-1.0246
-0.91788
-0.91788
-1.0125
-0.98408
-1.0012
0
0
0
0
0
0
0
0
0
0
0
-1.0086
-1.0106
-1.0106
-1.0106
-0.97356
-1.0561
-0.95161
-0.95161
-0.95161
-0.95161
-0.95161
-1.0246
17.7106
-1.0246
-0.91788
-0.91788
-1.0125
-0.98408
-1.0012
0
0
0
0
0
0
0
0
0
0
0
-1.0086
-1.0106
-1.0106
-1.0106
-0.97356
-1.0561
-0.95161
-0.95161
-0.95161
-0.95161
-0.95161
-1.0246
-1.0246
17.7106
-0.91788
-0.91788
-1.0125
-0.98408
-1.0012
0
0
0
0
0
0
0
0
0
0
0
-0.89624
-0.89798
-0.89798
-0.89798
-0.8657
-0.93822
-0.84611
-0.84611
-0.84611
-0.84611
-0.84611
-0.91788
-0.91788
-0.91788
14.7841
-0.75883
-0.8221
-0.8248
0
0
0
0
0
0
0
0
0
0
0
0
-0.89624
-0.89798
-0.89798
-0.89798
-0.8657
-0.93822
-0.84611
-0.84611
-0.84611
-0.84611
-0.84611
-0.91788
-0.91788
-0.91788
-0.75883
14.7841
-0.8221
-0.8248
0
0
0
0
0
0
0
0
0
0
0
0
-0.91234
-0.95307
-0.95307
-0.95307
-0.91777
-0.97355
-0.89631
-0.89631
-0.89631
-0.89631
-0.89631
-1.0125
-1.0125
-1.0125
-0.8221
-0.8221
16.6409
0
0
0
0
0
0
0
0
0
-1.8147
0
0
0
-0.9442
-0.94364
-0.94364
-0.94364
-0.90943
-0.9881
-0.88873
-0.88873
-0.88873
-0.88873
-0.88873
-0.98408
-0.98408
-0.98408
-0.8248
-0.8248
0
14.7181
0
0
0
0
0
0
0
0
0
0
0
0
-0.96846
-0.96749
-0.96749
-0.96749
-0.93226
-1.0135
-0.91094
-0.91094
-0.91094
-0.91094
-0.91094
-1.0012
-1.0012
-1.0012
0
0
0
0
13.3749
0
0
0
0
0
0
0
0
0
0
0
-0.9738
-0.97205
-0.97205
-0.97205
-0.93669
-1.0189
-0.91547
-0.91547
-0.91547
-0.91547
-0.91547
0
0
0
0
0
0
0
0
10.4229
0
0
0
0
0
0
0
0
0
0
-0.9738
-0.97205
-0.97205
-0.97205
-0.93669
-1.0189
-0.91547
-0.91547
-0.91547
-0.91547
-0.91547
0
0
0
0
0
0
0
0
0
10.4229
0
0
0
0
0
0
0
0
0
-0.9738
-0.97205
-0.97205
-0.97205
-0.93669
-1.0189
-0.91547
-0.91547
-0.91547
-0.91547
-0.91547
0
0
0
0
0
0
0
0
0
0
10.4229
0
0
0
0
0
0
0
0
-0.9738
-0.97205
-0.97205
-0.97205
-0.93669
-1.0189
-0.91547
-0.91547
-0.91547
-0.91547
-0.91547
0
0
0
0
0
0
0
0
0
0
0
10.4229
0
0
0
0
0
0
0
-1.1738
-1.1594
-1.1594
-1.1594
-1.1217
0
0
0
0
0
0
0
0
0
0
0
0
0
0
0
0
0
0
5.7736
0
0
0
0
0
0
-1.1738
-1.1594
-1.1594
-1.1594
-1.1217
0
0
0
0
0
0
0
0
0
0
0
0
0
0
0
0
0
0
0
5.7736
0
0
0
0
0
-0.88018
-0.86383
-0.86383
-0.86383
0
0
0
0
0
0
0
0
0
0
0
0
0
0
0
0
0
0
0
0
0
3.4717
0
0
0
0
0
0
0
0
0
0
0
0
0
0
0
0
0
0
0
0
-1.8147
0
0
0
0
0
0
0
0
0
1.8147
0
0
0
-5.0311
0
0
0
0
0
0
0
0
0
0
0
0
0
0
0
0
0
0
0
0
0
0
0
0
0
0
5.0311
0
0
0
0
0
0
0
-3.9087
0
0
0
0
0
0
0
0
0
0
0
0
0
0
0
0
0
0
0
0
0
0
3.9087
0
-5.0311
0
0
0
0
0
0
0
0
0
0
0
0
0
0
0
0
0
0
0
0
0
0
0
0
0
0
0
0
5.0311
