15.4402
-0.60889
-0.59565
-0.60889
-0.59139
-0.56981
-0.5553
-0.59037
-0.60969
-0.59901
-0.60969
-0.60491
-0.62956
-0.59175
-0.59175
-0.59315
-0.50144
0
-0.36072
-3.9307
-1.6975
0
0
0
0
0
0
0
0
0
-0.60889
17.7652
-0.62155
-0.62779
-0.59986
-0.58475
-0.5697
-0.60751
-0.62898
-0.60761
-0.62898
-0.61821
-0.64241
-0.61102
-0.61102
-0.61694
-0.51843
0
0
0
0
0
0
0
0
0
0
-8.0615
0
0
-0.59565
-0.62155
11.2194
-0.62155
-0.61097
-0.57393
-0.55996
-0.59615
-0.61442
-0.60059
-0.61442
-0.62362
-0.65245
-0.59678
-0.59678
-0.59714
-0.50218
0
0
0
-1.6412
0
0
0
0
0
0
0
0
0
-0.60889
-0.62779
-0.62155
17.7652
-0.59986
-0.58475
-0.5697
-0.60751
-0.62898
-0.60761
-0.62898
-0.61821
-0.64241
-0.61102
-0.61102
-0.61694
-0.51843
0
0
0
0
0
0
0
0
0
0
0
0
-8.0615
-0.59139
-0.59986
-0.61097
-0.59986
25.5168
-0.57145
-0.55119
-0.57946
-0.60005
-0.57991
-0.60005
-0.56567
0
-0.59066
-0.59066
0
0
-0.30632
0
0
0
0
-8.7896
0
0
0
0
0
-8.7896
0
-0.56981
-0.58475
-0.57393
-0.58475
-0.57145
9.0887
-0.53179
-0.56524
-0.58231
-0.56818
-0.58231
-0.58355
-0.60861
-0.56642
-0.56642
-0.56824
-0.48093
0
0
0
0
0
0
0
0
0
0
0
0
0
-0.5553
-0.5697
-0.55996
-0.5697
-0.55119
-0.53179
8.3899
-0.55093
-0.56717
-0.55231
-0.56717
-0.56626
-0.58904
-0.55226
-0.55226
-0.55484
0
0
0
0
0
0
0
0
0
0
0
0
0
0
-0.59037
-0.60751
-0.59615
-0.60751
-0.57946
-0.56524
-0.55093
6.4702
-0.5876
-0.58972
-0.5876
-0.60812
0
0
0
0
0
0
0
0
0
0
0
0
0
0
0
0
0
0
-0.60969
-0.62898
-0.61442
-0.62898
-0.60005
-0.58231
-0.56717
-0.5876
5.4724
0
-0.65318
0
0
0
0
0
0
0
0
0
0
0
0
0
0
0
0
0
0
0
-0.59901
-0.60761
-0.60059
-0.60761
-0.57991
-0.56818
-0.55231
-0.58972
0
5.0841
0
0
0
0
0
0
0
0
-0.37912
0
0
0
0
0
0
0
0
0
0
0
-0.60969
-0.62898
-0.61442
-0.62898
-0.60005
-0.58231
-0.56717
-0.5876
-0.65318
0
5.4724
0
0
0
0
0
0
0
0
0
0
0
0
0
0
0
0
0
0
0
-0.60491
-0.61821
-0.62362
-0.61821
-0.56567
-0.58355
-0.56626
-0.60812
0
0
0
7.6213
0
0
0
0
0
0
0
0
0
0
0
0
0
0
-2.8328
0
0
0
-0.62956
-0.64241
-0.65245
-0.64241
0
-0.60861
-0.58904
0
0
0
0
0
4.2737
0
0
0
0
0
0
0
0
0
0
-0.50918
0
0
0
0
0
0
-0.59175
-0.61102
-0.59678
-0.61102
-0.59066
-0.56642
-0.55226
0
0
0
0
0
0
4.1199
0
0
0
0
0
0
0
0
0
0
0
0
0
0
0
0
-0.59175
-0.61102
-0.59678
-0.61102
-0.59066
-0.56642
-0.55226
0
0
0
0
0
0
0
4.1199
0
0
0
0
0
0
0
0
0
0
0
0
0
0
0
-0.59315
-0.61694
-0.59714
-0.61694
0
-0.56824
-0.55484
0
0
0
0
0
0
0
0
3.5472
0
0
0
0
0
0
0
0
0
0
0
0
0
0
-0.50144
-0.51843
-0.50218
-0.51843
0
-0.48093
0
0
0
0
0
0
0
0
0
0
2.5214
0
0
0
0
0
0
0
0
0
0
0
0
0
0
0
0
0
-0.30632
0
0
0
0
0
0
0
0
0
0
0
0
8.2807
-0.30267
0
0
-4.6946
0
0
-2.9771
0
0
0
0
0
-0.36072
0
0
0
0
0
0
0
0
-0.37912
0
0
0
0
0
0
0
-0.30267
1.147
0
0
0
0
0
0
-0.1045
0
0
0
0
-3.9307
0
0
0
0
0
0
0
0
0
0
0
0
0
0
0
0
0
0
5.228
0
-1.2973
0
0
0
0
0
0
0
0
-1.6975
0
-1.6412
0
0
0
0
0
0
0
0
0
0
0
0
0
0
0
0
0
3.3388
0
0
0
0
0
0
0
0
0
0
0
0
0
0
0
0
0
0
0
0
0
0
0
0
0
0
-4.6946
0
-1.2973
0
5.9919
0
0
0
0
0
0
0
0
0
0
0
0
-8.7896
0
0
0
0
0
0
0
0
0
0
0
0
0
0
0
0
0
8.7896
0
0
0
0
0
0
0
0
0
0
0
0
0
0
0
0
0
0
0
-0.50918
0
0
0
0
0
0
0
0
0
0
0.50918
0
0
0
0
0
0
0
0
0
0
0
0
0
0
0
0
0
0
0
0
0
0
0
-2.9771
0
0
0
0
0
0
2.9771
0
0
0
0
0
0
0
0
0
0
0
0
0
0
0
0
0
0
0
0
0
0
0
-0.1045
0
0
0
0
0
0
0.1045
0
0
0
0
0
0
0
0
0
0
0
0
0
0
0
-2.8328
0
0
0
0
0
0
0
0
0
0
0
0
0
0
2.8328
0
0
0
0
-8.0615
0
0
0
0
0
0
0
0
0
0
0
0
0
0
0
0
0
0
0
0
0
0
0
0
0
8.0615
0
0
0
0
0
0
-8.7896
0
0
0
0
0
0
0
0
0
0
0
0
0
0
0
0
0
0
0
0
0
0
0
8.7896
0
0
0
0
-8.0615
0
0
0
0
0
0
0
0
0
0
0
0
0
0
0
0
0
0
0
0
0
0
0
0
0
8.0615
