23.9809
-0.11094
-0.37196
-0.14188
-0.10678
-0.49084
-0.49042
-0.49145
-0.49257
-0.49348
-0.48669
-0.2943
-0.88823
-0.88735
-0.88943
-0.37719
-0.42409
-0.88393
-0.89435
-0.76881
0
0
0
-6.9981
0
0
0
-6.9981
0
0
-0.11094
20.1241
-0.45282
-1.6921
-0.12883
-0.51857
-0.52095
-0.52167
-0.52066
-0.51706
-0.52246
-0.72866
-0.82011
-0.82039
-0.82098
-1.1285
-0.97313
-0.8233
-0.82141
-0.77957
0
0
0
0
0
0
0
0
0
-6.9021
-0.37196
-0.45282
12.1304
-0.3834
-0.13253
-0.84467
-0.26572
-0.22718
-0.25518
-0.99416
-0.15643
-0.61615
-0.89911
-0.90244
-0.90673
-1.0104
-0.88034
-0.94151
-0.4991
-0.46681
-0.92376
0
0
0
0
0
0
0
0
0
-0.14188
-1.6921
-0.3834
21.5624
-0.12265
-0.4503
-0.45412
-0.45544
-0.45211
-0.44906
-0.46633
-1.0526
-0.83535
-0.83585
-0.83603
-1.7319
-1.3956
-0.84351
-0.83342
-0.78433
0
0
0
0
0
0
-7.3465
0
0
0
-0.10678
-0.12883
-0.13253
-0.12265
9.7882
-0.11952
-0.11908
-0.11844
-0.11888
-0.11995
-0.11547
-0.10435
-0.19881
-0.2025
-0.20708
-0.56938
-0.38495
-0.21674
-0.20688
-2.1848
-4.3106
0
0
0
0
0
0
0
0
0
-0.49084
-0.51857
-0.84467
-0.4503
-0.11952
12.892
-0.7252
-0.26677
-0.31223
-1.6566
-0.15578
-0.78756
-0.91239
-0.95848
-0.83341
-1.0894
-0.99999
-0.88823
-0.49874
-0.38328
0
0
0
0
0
0
0
0
0
0
-0.49042
-0.52095
-0.26572
-0.45412
-0.11908
-0.7252
11.1227
-0.24372
-0.3031
-0.67372
-0.15721
-0.79048
-0.72568
-0.73854
-0.656
-1.0838
-1.0013
-0.77954
-0.95563
-0.4386
0
0
0
0
0
0
0
0
0
0
-0.49145
-0.52167
-0.22718
-0.45544
-0.11844
-0.26677
-0.24372
10.1207
-0.22797
-0.31633
-0.14949
-0.7855
-0.72464
-0.7211
-0.68737
-1.0767
-0.99494
-0.76619
-0.91672
-0.42906
0
0
0
0
0
0
0
0
0
0
-0.49257
-0.52066
-0.25518
-0.45211
-0.11888
-0.31223
-0.3031
-0.22797
10.5873
-0.57678
-0.15113
-0.79035
-0.63749
-0.64936
-0.59798
-1.082
-0.99867
-0.77863
-1.2978
-0.34443
0
0
0
0
0
0
0
0
0
0
-0.49348
-0.51706
-0.99416
-0.44906
-0.11995
-1.6566
-0.67372
-0.31633
-0.57678
13.3721
-0.16496
-0.78839
-0.84908
-0.7818
-1.1711
-1.0864
-0.99393
-0.96396
-0.40375
-0.37152
0
0
0
0
0
0
0
0
0
0
-0.48669
-0.52246
-0.15643
-0.46633
-0.11547
-0.15578
-0.15721
-0.14949
-0.15113
-0.16496
8.9349
-0.75119
-0.62658
-0.64091
-0.5304
-1.0336
-0.97244
-0.63742
-0.61508
-0.60131
0
0
0
0
0
0
0
0
0
0
-0.2943
-0.72866
-0.61615
-1.0526
-0.10435
-0.78756
-0.79048
-0.7855
-0.79035
-0.78839
-0.75119
18.828
0
0
0
0
0
0
0
0
0
-5.6693
-5.6693
0
0
0
0
0
0
0
-0.88823
-0.82011
-0.89911
-0.83535
-0.19881
-0.91239
-0.72568
-0.72464
-0.63749
-0.84908
-0.62658
0
12.1289
-1.6862
-2.3252
0
0
0
0
0
0
0
0
0
0
0
0
0
0
0
-0.88735
-0.82039
-0.90244
-0.83585
-0.2025
-0.95848
-0.73854
-0.7211
-0.64936
-0.7818
-0.64091
0
-1.6862
12.4141
-2.5891
0
0
0
0
0
0
0
0
0
0
0
0
0
0
0
-0.88943
-0.82098
-0.90673
-0.83603
-0.20708
-0.83341
-0.656
-0.68737
-0.59798
-1.1711
-0.5304
0
-2.3252
-2.5891
13.0508
0
0
0
0
0
0
0
0
0
0
0
0
0
0
0
-0.37719
-1.1285
-1.0104
-1.7319
-0.56938
-1.0894
-1.0838
-1.0767
-1.082
-1.0864
-1.0336
0
0
0
0
17.474
0
0
0
0
0
0
0
0
0
0
0
0
-6.2048
0
-0.42409
-0.97313
-0.88034
-1.3956
-0.38495
-0.99999
-1.0013
-0.99494
-0.99867
-0.99393
-0.97244
0
0
0
0
0
15.6001
0
0
0
0
0
0
0
-5.5808
0
0
0
0
0
-0.88393
-0.8233
-0.94151
-0.84351
-0.21674
-0.88823
-0.77954
-0.76619
-0.77863
-0.96396
-0.63742
0
0
0
0
0
0
8.523
0
0
0
0
0
0
0
0
0
0
0
0
-0.89435
-0.82141
-0.4991
-0.83342
-0.20688
-0.49874
-0.95563
-0.91672
-1.2978
-0.40375
-0.61508
0
0
0
0
0
0
0
7.9428
0
0
0
0
0
0
0
0
0
0
0
-0.76881
-0.77957
-0.46681
-0.78433
-2.1848
-0.38328
-0.4386
-0.42906
-0.34443
-0.37152
-0.60131
0
0
0
0
0
0
0
0
7.5525
0
0
0
0
0
0
0
0
0
0
0
0
-0.92376
0
-4.3106
0
0
0
0
0
0
0
0
0
0
0
0
0
0
0
10.8678
0
0
0
0
-5.6334
0
0
0
0
0
0
0
0
0
0
0
0
0
0
0
-5.6693
0
0
0
0
0
0
0
0
0
5.6693
0
0
0
0
0
0
0
0
0
0
0
0
0
0
0
0
0
0
0
-5.6693
0
0
0
0
0
0
0
0
0
0
5.6693
0
0
0
0
0
0
0
-6.9981
0
0
0
0
0
0
0
0
0
0
0
0
0
0
0
0
0
0
0
0
0
0
6.9981
0
0
0
0
0
0
0
0
0
0
0
0
0
0
0
0
0
0
0
0
0
0
-5.5808
0
0
0
0
0
0
0
5.5808
0
0
0
0
0
0
0
0
0
0
0
0
0
0
0
0
0
0
0
0
0
0
0
0
0
-5.6334
0
0
0
0
5.6334
0
0
0
0
0
0
0
-7.3465
0
0
0
0
0
0
0
0
0
0
0
0
0
0
0
0
0
0
0
0
0
0
7.3465
0
0
0
-6.9981
0
0
0
0
0
0
0
0
0
0
0
0
0
0
0
0
0
0
0
0
0
0
0
0
0
0
6.9981
0
0
0
0
0
0
0
0
0
0
0
0
0
0
0
0
0
-6.2048
0
0
0
0
0
0
0
0
0
0
0
0
6.2048
0
0
-6.9021
0
0
0
0
0
0
0
0
0
0
0
0
0
0
0
0
0
0
0
0
0
0
0
0
0
0
0
6.9021
