38.9166
-0.89152
-0.87731
-0.91552
-0.9366
-0.9366
-0.84068
-0.86109
-0.86109
-0.86109
-0.86109
-0.75646
-0.75646
-0.75646
-0.77571
-0.72612
-0.72612
-0.81691
-0.84357
-0.79701
0
0
0
0
-11.5596
-11.5596
0
0
0
0
-0.89152
26.2654
-0.86856
-0.89768
-0.91718
-0.91718
-0.82464
-0.8414
-0.8414
-0.8414
-0.8414
-0.73953
-0.73953
-0.73953
-0.7669
-0.70997
-0.70997
-0.79779
-0.8231
-0.81704
-0.29131
0
0
0
0
0
0
0
0
-10.4483
-0.87731
-0.86856
15.6866
-0.89102
-0.90722
-0.90722
-0.82117
-0.82957
-0.82957
-0.82957
-0.82957
-0.72884
-0.72884
-0.72884
-0.76372
-0.69961
-0.69961
-0.78593
-0.80981
-0.84219
-0.30846
0
0
0
0
0
0
0
0
0
-0.91552
-0.89768
-0.89102
15.7561
-0.96619
-0.96619
-0.89297
-0.87629
-0.87629
-0.87629
-0.87629
-0.76808
-0.76808
-0.76808
-0.80971
-0.73704
-0.73704
-0.83008
-0.85367
0
0
0
0
-0.44953
0
0
0
0
0
0
-0.9366
-0.91718
-0.90722
-0.96619
16.2895
-0.95745
-0.88135
-0.87932
-0.87932
-0.87932
-0.87932
-0.77106
-0.77106
-0.77106
-0.8179
-0.73998
-0.73998
-0.83268
-0.85763
-0.90493
0
0
0
0
0
0
0
0
0
0
-0.9366
-0.91718
-0.90722
-0.96619
-0.95745
16.2895
-0.88135
-0.87932
-0.87932
-0.87932
-0.87932
-0.77106
-0.77106
-0.77106
-0.8179
-0.73998
-0.73998
-0.83268
-0.85763
-0.90493
0
0
0
0
0
0
0
0
0
0
-0.84068
-0.82464
-0.82117
-0.89297
-0.88135
-0.88135
13.6558
-0.82528
-0.82528
-0.82528
-0.82528
-0.68305
-0.68305
-0.68305
-0.71397
-0.6537
-0.6537
-0.73594
0
0
0
0
-0.40604
0
0
0
0
0
0
0
-0.86109
-0.8414
-0.82957
-0.87629
-0.87932
-0.87932
-0.82528
14.0575
-0.78513
-0.78513
-0.78513
-0.69773
-0.69773
-0.69773
-0.74547
-0.66959
-0.66959
-0.75375
-0.77827
0
0
0
0
0
0
0
0
0
0
0
-0.86109
-0.8414
-0.82957
-0.87629
-0.87932
-0.87932
-0.82528
-0.78513
14.0575
-0.78513
-0.78513
-0.69773
-0.69773
-0.69773
-0.74547
-0.66959
-0.66959
-0.75375
-0.77827
0
0
0
0
0
0
0
0
0
0
0
-0.86109
-0.8414
-0.82957
-0.87629
-0.87932
-0.87932
-0.82528
-0.78513
-0.78513
14.0575
-0.78513
-0.69773
-0.69773
-0.69773
-0.74547
-0.66959
-0.66959
-0.75375
-0.77827
0
0
0
0
0
0
0
0
0
0
0
-0.86109
-0.8414
-0.82957
-0.87629
-0.87932
-0.87932
-0.82528
-0.78513
-0.78513
-0.78513
14.0575
-0.69773
-0.69773
-0.69773
-0.74547
-0.66959
-0.66959
-0.75375
-0.77827
0
0
0
0
0
0
0
0
0
0
0
-0.75646
-0.73953
-0.72884
-0.76808
-0.77106
-0.77106
-0.68305
-0.69773
-0.69773
-0.69773
-0.69773
11.6225
-0.5937
-0.5937
-0.63975
-0.57074
-0.57074
-0.64484
0
0
0
0
0
0
0
0
0
0
0
0
-0.75646
-0.73953
-0.72884
-0.76808
-0.77106
-0.77106
-0.68305
-0.69773
-0.69773
-0.69773
-0.69773
-0.5937
11.6225
-0.5937
-0.63975
-0.57074
-0.57074
-0.64484
0
0
0
0
0
0
0
0
0
0
0
0
-0.75646
-0.73953
-0.72884
-0.76808
-0.77106
-0.77106
-0.68305
-0.69773
-0.69773
-0.69773
-0.69773
-0.5937
-0.5937
11.6225
-0.63975
-0.57074
-0.57074
-0.64484
0
0
0
0
0
0
0
0
0
0
0
0
-0.77571
-0.7669
-0.76372
-0.80971
-0.8179
-0.8179
-0.71397
-0.74547
-0.74547
-0.74547
-0.74547
-0.63975
-0.63975
-0.63975
20.7441
-0.56493
-0.56493
0
0
0
0
0
0
0
0
0
0
0
-9.2474
0
-0.72612
-0.70997
-0.69961
-0.73704
-0.73998
-0.73998
-0.6537
-0.66959
-0.66959
-0.66959
-0.66959
-0.57074
-0.57074
-0.57074
-0.56493
10.4878
-0.5259
0
0
0
0
0
0
0
0
0
0
0
0
0
-0.72612
-0.70997
-0.69961
-0.73704
-0.73998
-0.73998
-0.6537
-0.66959
-0.66959
-0.66959
-0.66959
-0.57074
-0.57074
-0.57074
-0.56493
-0.5259
10.4878
0
0
0
0
0
0
0
0
0
0
0
0
0
-0.81691
-0.79779
-0.78593
-0.83008
-0.83268
-0.83268
-0.73594
-0.75375
-0.75375
-0.75375
-0.75375
-0.64484
-0.64484
-0.64484
0
0
0
10.5815
0
0
0
0
0
0
0
0
0
0
0
0
-0.84357
-0.8231
-0.80981
-0.85367
-0.85763
-0.85763
0
-0.77827
-0.77827
-0.77827
-0.77827
0
0
0
0
0
0
0
8.1585
0
0
0
0
0
0
0
0
0
0
0
-0.79701
-0.81704
-0.84219
0
-0.90493
-0.90493
0
0
0
0
0
0
0
0
0
0
0
0
0
5.5819
0
0
0
0
0
0
-1.3158
0
0
0
0
-0.29131
-0.30846
0
0
0
0
0
0
0
0
0
0
0
0
0
0
0
0
0
0.70426
0
0
0
0
0
0
-0.1045
0
0
0
0
0
0
0
0
0
0
0
0
0
0
0
0
0
0
0
0
0
0
0
4.1032
-2.0543
-2.0489
0
0
0
0
0
0
0
0
0
0
0
0
-0.40604
0
0
0
0
0
0
0
0
0
0
0
0
0
0
-2.0543
2.4603
0
0
0
0
0
0
0
0
0
0
-0.44953
0
0
0
0
0
0
0
0
0
0
0
0
0
0
0
0
0
-2.0489
0
2.4984
0
0
0
0
0
0
-11.5596
0
0
0
0
0
0
0
0
0
0
0
0
0
0
0
0
0
0
0
0
0
0
0
11.5596
0
0
0
0
0
-11.5596
0
0
0
0
0
0
0
0
0
0
0
0
0
0
0
0
0
0
0
0
0
0
0
0
11.5596
0
0
0
0
0
0
0
0
0
0
0
0
0
0
0
0
0
0
0
0
0
0
0
-1.3158
0
0
0
0
0
0
1.3158
0
0
0
0
0
0
0
0
0
0
0
0
0
0
0
0
0
0
0
0
0
0
0
-0.1045
0
0
0
0
0
0
0.1045
0
0
0
0
0
0
0
0
0
0
0
0
0
0
0
0
-9.2474
0
0
0
0
0
0
0
0
0
0
0
0
0
9.2474
0
0
-10.4483
0
0
0
0
0
0
0
0
0
0
0
0
0
0
0
0
0
0
0
0
0
0
0
0
0
0
0
10.4483
