21.5967
-0.9892
-1.0158
-0.9892
-0.9892
-0.86137
-0.86137
-0.86137
-1.0461
-1.0799
-0.93505
-0.93505
-0.93505
-0.93505
-0.93505
-0.93505
-0.9899
-0.96717
-0.96717
-0.96717
-0.96717
-1.3135
0
-1.1207
0
0
0
0
0
0
-0.9892
19.4344
-0.97279
-0.92476
-0.92476
-0.81304
-0.81304
-0.81304
-0.98602
-1.0238
-0.8851
-0.8851
-0.8851
-0.8851
-0.8851
-0.8851
-0.9407
-0.91532
-0.91532
-0.91532
-0.91532
-1.2613
0
0
0
0
0
0
0
0
-1.0158
-0.97279
28.7174
-0.97279
-0.97279
-0.8286
-0.8286
-0.8286
-0.99115
-1.0396
-0.90175
-0.90175
-0.90175
-0.90175
-0.90175
-0.90175
-0.95571
-0.9346
-0.9346
-0.9346
-0.9346
0
0
0
0
0
0
0
-10.162
0
-0.9892
-0.92476
-0.97279
19.4344
-0.92476
-0.81304
-0.81304
-0.81304
-0.98602
-1.0238
-0.8851
-0.8851
-0.8851
-0.8851
-0.8851
-0.8851
-0.9407
-0.91532
-0.91532
-0.91532
-0.91532
-1.2613
0
0
0
0
0
0
0
0
-0.9892
-0.92476
-0.97279
-0.92476
19.4344
-0.81304
-0.81304
-0.81304
-0.98602
-1.0238
-0.8851
-0.8851
-0.8851
-0.8851
-0.8851
-0.8851
-0.9407
-0.91532
-0.91532
-0.91532
-0.91532
-1.2613
0
0
0
0
0
0
0
0
-0.86137
-0.81304
-0.8286
-0.81304
-0.81304
15.755
-0.69587
-0.69587
-0.83954
-0.87424
-0.76166
-0.76166
-0.76166
-0.76166
-0.76166
-0.76166
-0.80619
-0.78605
-0.78605
-0.78605
-0.78605
0
0
0
0
0
0
0
0
0
-0.86137
-0.81304
-0.8286
-0.81304
-0.81304
-0.69587
15.755
-0.69587
-0.83954
-0.87424
-0.76166
-0.76166
-0.76166
-0.76166
-0.76166
-0.76166
-0.80619
-0.78605
-0.78605
-0.78605
-0.78605
0
0
0
0
0
0
0
0
0
-0.86137
-0.81304
-0.8286
-0.81304
-0.81304
-0.69587
-0.69587
15.755
-0.83954
-0.87424
-0.76166
-0.76166
-0.76166
-0.76166
-0.76166
-0.76166
-0.80619
-0.78605
-0.78605
-0.78605
-0.78605
0
0
0
0
0
0
0
0
0
-1.0461
-0.98602
-0.99115
-0.98602
-0.98602
-0.83954
-0.83954
-0.83954
23.9063
-1.0354
-0.91589
-0.91589
-0.91589
-0.91589
-0.91589
-0.91589
0
0
0
0
0
0
0
0
-0.4249
0
0
0
0
-9.4367
-1.0799
-1.0238
-1.0396
-1.0238
-1.0238
-0.87424
-0.87424
-0.87424
-1.0354
15.6207
-0.97099
-0.97099
-0.97099
-0.97099
-0.97099
-0.97099
0
0
0
0
0
0
-0.94563
0
0
0
0
0
0
0
-0.93505
-0.8851
-0.90175
-0.8851
-0.8851
-0.76166
-0.76166
-0.76166
-0.91589
-0.97099
12.5753
-0.78227
-0.78227
-0.78227
-0.78227
-0.78227
0
0
0
0
0
0
0
0
0
0
0
0
0
0
-0.93505
-0.8851
-0.90175
-0.8851
-0.8851
-0.76166
-0.76166
-0.76166
-0.91589
-0.97099
-0.78227
12.5753
-0.78227
-0.78227
-0.78227
-0.78227
0
0
0
0
0
0
0
0
0
0
0
0
0
0
-0.93505
-0.8851
-0.90175
-0.8851
-0.8851
-0.76166
-0.76166
-0.76166
-0.91589
-0.97099
-0.78227
-0.78227
12.5753
-0.78227
-0.78227
-0.78227
0
0
0
0
0
0
0
0
0
0
0
0
0
0
-0.93505
-0.8851
-0.90175
-0.8851
-0.8851
-0.76166
-0.76166
-0.76166
-0.91589
-0.97099
-0.78227
-0.78227
-0.78227
12.5753
-0.78227
-0.78227
0
0
0
0
0
0
0
0
0
0
0
0
0
0
-0.93505
-0.8851
-0.90175
-0.8851
-0.8851
-0.76166
-0.76166
-0.76166
-0.91589
-0.97099
-0.78227
-0.78227
-0.78227
-0.78227
12.5753
-0.78227
0
0
0
0
0
0
0
0
0
0
0
0
0
0
-0.93505
-0.8851
-0.90175
-0.8851
-0.8851
-0.76166
-0.76166
-0.76166
-0.91589
-0.97099
-0.78227
-0.78227
-0.78227
-0.78227
-0.78227
12.5753
0
0
0
0
0
0
0
0
0
0
0
0
0
0
-0.9899
-0.9407
-0.95571
-0.9407
-0.9407
-0.80619
-0.80619
-0.80619
0
0
0
0
0
0
0
0
9.0177
0
0
0
0
0
-0.83752
-0.99392
0
0
0
0
0
0
-0.96717
-0.91532
-0.9346
-0.91532
-0.91532
-0.78605
-0.78605
-0.78605
0
0
0
0
0
0
0
0
0
7.0059
0
0
0
0
0
0
0
0
0
0
0
0
-0.96717
-0.91532
-0.9346
-0.91532
-0.91532
-0.78605
-0.78605
-0.78605
0
0
0
0
0
0
0
0
0
0
7.0059
0
0
0
0
0
0
0
0
0
0
0
-0.96717
-0.91532
-0.9346
-0.91532
-0.91532
-0.78605
-0.78605
-0.78605
0
0
0
0
0
0
0
0
0
0
0
7.0059
0
0
0
0
0
0
0
0
0
0
-0.96717
-0.91532
-0.9346
-0.91532
-0.91532
-0.78605
-0.78605
-0.78605
0
0
0
0
0
0
0
0
0
0
0
0
7.0059
0
0
0
0
0
0
0
0
0
-1.3135
-1.2613
0
-1.2613
-1.2613
0
0
0
0
0
0
0
0
0
0
0
0
0
0
0
0
9.1839
0
0
0
-4.0866
0
0
0
0
0
0
0
0
0
0
0
0
0
-0.94563
0
0
0
0
0
0
-0.83752
0
0
0
0
0
2.6965
0
0
0
0
-0.91335
0
0
-1.1207
0
0
0
0
0
0
0
0
0
0
0
0
0
0
0
-0.99392
0
0
0
0
0
0
3.142
-1.0274
0
0
0
0
0
0
0
0
0
0
0
0
0
-0.4249
0
0
0
0
0
0
0
0
0
0
0
0
0
0
-1.0274
1.9645
0
-0.51219
0
0
0
0
0
0
0
0
0
0
0
0
0
0
0
0
0
0
0
0
0
0
0
0
-4.0866
0
0
0
4.0866
0
0
0
0
0
0
0
0
0
0
0
0
0
0
0
0
0
0
0
0
0
0
0
0
0
0
0
0
-0.51219
0
0.51219
0
0
0
0
0
0
0
0
0
0
0
0
0
0
0
0
0
0
0
0
0
0
0
0
0
-0.91335
0
0
0
0
0.91335
0
0
0
0
-10.162
0
0
0
0
0
0
0
0
0
0
0
0
0
0
0
0
0
0
0
0
0
0
0
0
0
10.162
0
0
0
0
0
0
0
0
0
-9.4367
0
0
0
0
0
0
0
0
0
0
0
0
0
0
0
0
0
0
0
0
9.4367
