33.1827
-0.75297
-0.75297
-0.73785
-0.70935
-0.7228
-0.83912
-0.86733
-0.70487
-0.70487
-0.70487
-0.70487
-0.76319
-0.74296
-0.74296
-0.99423
-0.84047
-0.84047
-0.84047
-0.6535
-0.65009
0
0
0
0
0
0
-8.9562
-8.9562
0
-0.75297
21.6285
-0.74005
-0.72174
-0.68625
-0.69476
-0.81371
-0.83444
-0.67884
-0.67884
-0.67884
-0.67884
-0.75806
-0.71365
-0.71365
-0.94985
-0.8032
-0.8032
-0.8032
-0.623
-0.60858
0
0
0
0
0
-6.8928
0
0
0
-0.75297
-0.74005
21.6285
-0.72174
-0.68625
-0.69476
-0.81371
-0.83444
-0.67884
-0.67884
-0.67884
-0.67884
-0.75806
-0.71365
-0.71365
-0.94985
-0.8032
-0.8032
-0.8032
-0.623
-0.60858
0
0
0
-6.8928
0
0
0
0
0
-0.73785
-0.72174
-0.72174
20.3194
-0.67663
-0.68417
-0.80048
-0.82161
-0.66843
-0.66843
-0.66843
-0.66843
-0.74455
-0.70274
-0.70274
-0.93493
-0.79097
-0.79097
-0.79097
-0.61337
0
0
0
0
0
-6.4103
0
0
0
0
-0.70935
-0.68625
-0.68625
-0.67663
12.8892
-0.65951
-0.78088
-0.77852
-0.6338
-0.6338
-0.6338
-0.6338
-0.71103
-0.66564
-0.66564
-0.87919
-0.74437
-0.74437
-0.74437
0
0
0
-0.22195
0
0
0
0
0
0
0
-0.7228
-0.69476
-0.69476
-0.68417
-0.65951
13.3204
-0.76877
-0.78195
-0.6366
-0.6366
-0.6366
-0.6366
-0.72412
-0.66791
-0.66791
-0.884
-0.74814
-0.74814
-0.74814
-0.57889
0
0
0
0
0
0
0
0
0
0
-0.83912
-0.81371
-0.81371
-0.80048
-0.78088
-0.76877
11.6394
-0.98103
-0.76613
-0.76613
-0.76613
-0.76613
-0.87596
-0.81206
-0.81206
0
0
0
0
0
0
-0.27713
0
0
0
0
0
0
0
0
-0.86733
-0.83444
-0.83444
-0.82161
-0.77852
-0.78195
-0.98103
12.6451
-0.77694
-0.77694
-0.77694
-0.77694
-0.90195
-0.82204
-0.82204
-1.0919
0
0
0
0
0
0
0
0
0
0
0
0
0
0
-0.70487
-0.67884
-0.67884
-0.66843
-0.6338
-0.6366
-0.76613
-0.77694
9.266
-0.5717
-0.5717
-0.5717
-0.70663
-0.6499
-0.6499
0
0
0
0
0
0
0
0
0
0
0
0
0
0
0
-0.70487
-0.67884
-0.67884
-0.66843
-0.6338
-0.6366
-0.76613
-0.77694
-0.5717
9.266
-0.5717
-0.5717
-0.70663
-0.6499
-0.6499
0
0
0
0
0
0
0
0
0
0
0
0
0
0
0
-0.70487
-0.67884
-0.67884
-0.66843
-0.6338
-0.6366
-0.76613
-0.77694
-0.5717
-0.5717
9.266
-0.5717
-0.70663
-0.6499
-0.6499
0
0
0
0
0
0
0
0
0
0
0
0
0
0
0
-0.70487
-0.67884
-0.67884
-0.66843
-0.6338
-0.6366
-0.76613
-0.77694
-0.5717
-0.5717
-0.5717
9.266
-0.70663
-0.6499
-0.6499
0
0
0
0
0
0
0
0
0
0
0
0
0
0
0
-0.76319
-0.75806
-0.75806
-0.74455
-0.71103
-0.72412
-0.87596
-0.90195
-0.70663
-0.70663
-0.70663
-0.70663
11.3366
0
0
0
0
0
0
0
0
0
0
0
0
0
0
0
0
-2.2732
-0.74296
-0.71365
-0.71365
-0.70274
-0.66564
-0.66791
-0.81206
-0.82204
-0.6499
-0.6499
-0.6499
-0.6499
0
8.4402
0
0
0
0
0
0
0
0
0
0
0
0
0
0
0
0
-0.74296
-0.71365
-0.71365
-0.70274
-0.66564
-0.66791
-0.81206
-0.82204
-0.6499
-0.6499
-0.6499
-0.6499
0
0
8.4402
0
0
0
0
0
0
0
0
0
0
0
0
0
0
0
-0.99423
-0.94985
-0.94985
-0.93493
-0.87919
-0.884
0
-1.0919
0
0
0
0
0
0
0
6.684
0
0
0
0
0
0
0
0
0
0
0
0
0
0
-0.84047
-0.8032
-0.8032
-0.79097
-0.74437
-0.74814
0
0
0
0
0
0
0
0
0
0
4.7303
0
0
0
0
0
0
0
0
0
0
0
0
0
-0.84047
-0.8032
-0.8032
-0.79097
-0.74437
-0.74814
0
0
0
0
0
0
0
0
0
0
0
4.7303
0
0
0
0
0
0
0
0
0
0
0
0
-0.84047
-0.8032
-0.8032
-0.79097
-0.74437
-0.74814
0
0
0
0
0
0
0
0
0
0
0
0
4.7303
0
0
0
0
0
0
0
0
0
0
0
-0.6535
-0.623
-0.623
-0.61337
0
-0.57889
0
0
0
0
0
0
0
0
0
0
0
0
0
3.0917
0
0
0
0
0
0
0
0
0
0
-0.65009
-0.60858
-0.60858
0
0
0
0
0
0
0
0
0
0
0
0
0
0
0
0
0
1.8673
0
0
0
0
0
0
0
0
0
0
0
0
0
0
0
-0.27713
0
0
0
0
0
0
0
0
0
0
0
0
0
0
2.9793
0
-2.7021
0
0
0
0
0
0
0
0
0
0
-0.22195
0
0
0
0
0
0
0
0
0
0
0
0
0
0
0
0
0
2.8954
-2.6735
0
0
0
0
0
0
0
0
0
0
0
0
0
0
0
0
0
0
0
0
0
0
0
0
0
0
0
-2.7021
-2.6735
5.3756
0
0
0
0
0
0
0
0
-6.8928
0
0
0
0
0
0
0
0
0
0
0
0
0
0
0
0
0
0
0
0
0
6.8928
0
0
0
0
0
0
0
0
-6.4103
0
0
0
0
0
0
0
0
0
0
0
0
0
0
0
0
0
0
0
0
0
6.4103
0
0
0
0
0
-6.8928
0
0
0
0
0
0
0
0
0
0
0
0
0
0
0
0
0
0
0
0
0
0
0
0
6.8928
0
0
0
-8.9562
0
0
0
0
0
0
0
0
0
0
0
0
0
0
0
0
0
0
0
0
0
0
0
0
0
0
8.9562
0
0
-8.9562
0
0
0
0
0
0
0
0
0
0
0
0
0
0
0
0
0
0
0
0
0
0
0
0
0
0
0
8.9562
0
0
0
0
0
0
0
0
0
0
0
0
0
-2.2732
0
0
0
0
0
0
0
0
0
0
0
0
0
0
0
0
2.2732
