29.8013
-0.84017
-0.84017
-0.85568
-0.86946
-0.85568
-0.80683
-0.80905
-0.85564
-0.8777
-0.82578
-0.87733
-0.87733
-0.87733
-0.92873
-0.96238
-0.96238
-0.79064
-0.79064
-0.76636
-1.2684
-0.58259
-1.9234
0
0
0
0
0
-9.7576
0
-0.84017
19.0421
-0.7906
-0.80801
-0.82717
-0.80801
-0.76265
-0.76499
-0.80884
-0.83803
-0.77839
-0.82615
-0.82615
-0.82615
-0.87194
-0.93191
-0.93191
-0.74374
-0.74374
-0.72052
-1.1974
-0.55468
-1.841
0
0
0
0
0
0
0
-0.84017
-0.7906
19.0421
-0.80801
-0.82717
-0.80801
-0.76265
-0.76499
-0.80884
-0.83803
-0.77839
-0.82615
-0.82615
-0.82615
-0.87194
-0.93191
-0.93191
-0.74374
-0.74374
-0.72052
-1.1974
-0.55468
-1.841
0
0
0
0
0
0
0
-0.85568
-0.80801
-0.80801
16.8501
-0.85142
-0.8106
-0.7703
-0.77343
-0.81857
-0.84684
-0.78782
-0.83632
-0.83632
-0.83632
-0.88291
-0.94227
-0.94227
-0.75262
-0.75262
-0.72893
-1.2088
0
0
0
0
0
0
0
0
0
-0.86946
-0.82717
-0.82717
-0.85142
24.9411
-0.85142
-0.78371
-0.78656
-0.83153
-0.84946
-0.80379
-0.85357
-0.85357
-0.85357
-0.90335
-0.92925
-0.92925
-0.76984
-0.76984
-0.7461
0
0
0
0
0
0
0
0
0
-9.0511
-0.85568
-0.80801
-0.80801
-0.8106
-0.85142
16.8501
-0.7703
-0.77343
-0.81857
-0.84684
-0.78782
-0.83632
-0.83632
-0.83632
-0.88291
-0.94227
-0.94227
-0.75262
-0.75262
-0.72893
-1.2088
0
0
0
0
0
0
0
0
0
-0.80683
-0.76265
-0.76265
-0.7703
-0.78371
-0.7703
14.6849
-0.72445
-0.76425
-0.78924
-0.73709
-0.78168
-0.78168
-0.78168
-0.82424
-0.87666
-0.87666
-0.70427
-0.70427
-0.68226
0
0
0
0
0
0
0
0
0
0
-0.80905
-0.76499
-0.76499
-0.77343
-0.78656
-0.77343
-0.72445
14.0526
-0.76679
-0.79155
-0.74048
-0.78532
-0.78532
-0.78532
-0.82809
-0.87885
-0.87885
-0.70758
-0.70758
0
0
0
0
0
0
0
0
0
0
0
-0.85564
-0.80884
-0.80884
-0.81857
-0.83153
-0.81857
-0.76425
-0.76679
11.7866
-0.85265
-0.79315
-0.84208
-0.84208
-0.84208
-0.90283
0
0
0
0
0
0
0
0
-0.23868
0
0
0
0
0
0
-0.8777
-0.83803
-0.83803
-0.84684
-0.84946
-0.84684
-0.78924
-0.79155
-0.85265
17.3529
-0.81136
-0.86174
-0.86174
-0.86174
0
0
0
0
0
0
0
0
0
0
0
-6.426
0
0
0
0
-0.82578
-0.77839
-0.77839
-0.78782
-0.80379
-0.78782
-0.73709
-0.74048
-0.79315
-0.81136
10.1684
-0.77479
-0.77479
-0.77479
0
0
0
0
0
0
0
0
0
0
0
0
0
0
0
0
-0.87733
-0.82615
-0.82615
-0.83632
-0.85357
-0.83632
-0.78168
-0.78532
-0.84208
-0.86174
-0.77479
9.1015
0
0
0
0
0
0
0
0
0
0
0
0
0
0
0
0
0
0
-0.87733
-0.82615
-0.82615
-0.83632
-0.85357
-0.83632
-0.78168
-0.78532
-0.84208
-0.86174
-0.77479
0
9.1015
0
0
0
0
0
0
0
0
0
0
0
0
0
0
0
0
0
-0.87733
-0.82615
-0.82615
-0.83632
-0.85357
-0.83632
-0.78168
-0.78532
-0.84208
-0.86174
-0.77479
0
0
9.1015
0
0
0
0
0
0
0
0
0
0
0
0
0
0
0
0
-0.92873
-0.87194
-0.87194
-0.88291
-0.90335
-0.88291
-0.82424
-0.82809
-0.90283
0
0
0
0
0
7.897
0
0
0
0
0
0
0
0
0
0
0
0
0
0
0
-0.96238
-0.93191
-0.93191
-0.94227
-0.92925
-0.94227
-0.87666
-0.87885
0
0
0
0
0
0
0
9.5781
0
0
0
0
0
0
0
0
0
0
-2.1826
0
0
0
-0.96238
-0.93191
-0.93191
-0.94227
-0.92925
-0.94227
-0.87666
-0.87885
0
0
0
0
0
0
0
0
9.5781
0
0
0
0
0
0
0
-2.1826
0
0
0
0
0
-0.79064
-0.74374
-0.74374
-0.75262
-0.76984
-0.75262
-0.70427
-0.70758
0
0
0
0
0
0
0
0
0
5.965
0
0
0
0
0
0
0
0
0
0
0
0
-0.79064
-0.74374
-0.74374
-0.75262
-0.76984
-0.75262
-0.70427
-0.70758
0
0
0
0
0
0
0
0
0
0
5.965
0
0
0
0
0
0
0
0
0
0
0
-0.76636
-0.72052
-0.72052
-0.72893
-0.7461
-0.72893
-0.68226
0
0
0
0
0
0
0
0
0
0
0
0
5.0936
0
0
0
0
0
0
0
0
0
0
-1.2684
-1.1974
-1.1974
-1.2088
0
-1.2088
0
0
0
0
0
0
0
0
0
0
0
0
0
0
6.0808
0
0
0
0
0
0
0
0
0
-0.58259
-0.55468
-0.55468
0
0
0
0
0
0
0
0
0
0
0
0
0
0
0
0
0
0
2.0024
0
-0.31042
0
0
0
0
0
0
-1.9234
-1.841
-1.841
0
0
0
0
0
0
0
0
0
0
0
0
0
0
0
0
0
0
0
5.6054
0
0
0
0
0
0
0
0
0
0
0
0
0
0
0
-0.23868
0
0
0
0
0
0
0
0
0
0
0
0
-0.31042
0
0.65361
0
0
0
-0.1045
0
0
0
0
0
0
0
0
0
0
0
0
0
0
0
0
0
0
-2.1826
0
0
0
0
0
0
0
2.1826
0
0
0
0
0
0
0
0
0
0
0
0
0
0
-6.426
0
0
0
0
0
0
0
0
0
0
0
0
0
0
0
6.426
0
0
0
0
0
0
0
0
0
0
0
0
0
0
0
0
0
0
0
-2.1826
0
0
0
0
0
0
0
0
0
0
2.1826
0
0
0
0
0
0
0
0
0
0
0
0
0
0
0
0
0
0
0
0
0
0
0
0
0
0
-0.1045
0
0
0
0.1045
0
0
-9.7576
0
0
0
0
0
0
0
0
0
0
0
0
0
0
0
0
0
0
0
0
0
0
0
0
0
0
0
9.7576
0
0
0
0
0
-9.0511
0
0
0
0
0
0
0
0
0
0
0
0
0
0
0
0
0
0
0
0
0
0
0
0
9.0511
