19.1404
-1.0395
-0.90752
-0.90752
-0.90752
-0.90752
-0.90752
-0.91133
-0.91133
-0.90093
-0.91133
-0.97137
-0.97137
-0.95195
-0.86032
-0.86032
-0.97812
-0.927
-0.91437
-1.0712
-0.89876
-0.52369
0
0
0
0
0
0
0
0
-1.0395
19.1404
-0.90752
-0.90752
-0.90752
-0.90752
-0.90752
-0.91133
-0.91133
-0.90093
-0.91133
-0.97137
-0.97137
-0.95195
-0.86032
-0.86032
-0.97812
-0.927
-0.91437
-1.0712
-0.89876
-0.52369
0
0
0
0
0
0
0
0
-0.90752
-0.90752
16.2799
-0.77585
-0.77585
-0.77585
-0.77585
-0.7944
-0.7944
-0.78631
-0.7944
-0.84579
-0.84579
-0.82752
-0.74908
-0.74908
-0.84849
-0.81156
-0.79852
-0.93644
-0.77968
0
0
0
0
0
0
0
0
0
-0.90752
-0.90752
-0.77585
16.2799
-0.77585
-0.77585
-0.77585
-0.7944
-0.7944
-0.78631
-0.7944
-0.84579
-0.84579
-0.82752
-0.74908
-0.74908
-0.84849
-0.81156
-0.79852
-0.93644
-0.77968
0
0
0
0
0
0
0
0
0
-0.90752
-0.90752
-0.77585
-0.77585
16.2799
-0.77585
-0.77585
-0.7944
-0.7944
-0.78631
-0.7944
-0.84579
-0.84579
-0.82752
-0.74908
-0.74908
-0.84849
-0.81156
-0.79852
-0.93644
-0.77968
0
0
0
0
0
0
0
0
0
-0.90752
-0.90752
-0.77585
-0.77585
-0.77585
16.2799
-0.77585
-0.7944
-0.7944
-0.78631
-0.7944
-0.84579
-0.84579
-0.82752
-0.74908
-0.74908
-0.84849
-0.81156
-0.79852
-0.93644
-0.77968
0
0
0
0
0
0
0
0
0
-0.90752
-0.90752
-0.77585
-0.77585
-0.77585
-0.77585
16.2799
-0.7944
-0.7944
-0.78631
-0.7944
-0.84579
-0.84579
-0.82752
-0.74908
-0.74908
-0.84849
-0.81156
-0.79852
-0.93644
-0.77968
0
0
0
0
0
0
0
0
0
-0.91133
-0.91133
-0.7944
-0.7944
-0.7944
-0.7944
-0.7944
14.5813
-0.7611
-0.80958
-0.7611
-0.84253
-0.84253
-0.82573
-0.74528
-0.74528
-0.84445
-0.80915
-0.79998
0
0
0
0
0
0
0
0
0
0
0
-0.91133
-0.91133
-0.7944
-0.7944
-0.7944
-0.7944
-0.7944
-0.7611
14.5813
-0.80958
-0.7611
-0.84253
-0.84253
-0.82573
-0.74528
-0.74528
-0.84445
-0.80915
-0.79998
0
0
0
0
0
0
0
0
0
0
0
-0.90093
-0.90093
-0.78631
-0.78631
-0.78631
-0.78631
-0.78631
-0.80958
-0.80958
14.1862
-0.80958
-0.80777
-0.80777
-0.80841
-0.72736
-0.72736
-0.82463
-0.80304
0
0
0
0
-0.51775
0
0
0
0
0
0
0
-0.91133
-0.91133
-0.7944
-0.7944
-0.7944
-0.7944
-0.7944
-0.7611
-0.7611
-0.80958
14.5813
-0.84253
-0.84253
-0.82573
-0.74528
-0.74528
-0.84445
-0.80915
-0.79998
0
0
0
0
0
0
0
0
0
0
0
-0.97137
-0.97137
-0.84579
-0.84579
-0.84579
-0.84579
-0.84579
-0.84253
-0.84253
-0.80777
-0.84253
22.7982
-0.92334
-0.91186
-0.76609
-0.76609
0
0
0
0
0
0
0
0
0
0
-9.9238
0
0
0
-0.97137
-0.97137
-0.84579
-0.84579
-0.84579
-0.84579
-0.84579
-0.84253
-0.84253
-0.80777
-0.84253
-0.92334
22.7982
-0.91186
-0.76609
-0.76609
0
0
0
0
0
0
0
0
0
0
0
0
0
-9.9238
-0.95195
-0.95195
-0.82752
-0.82752
-0.82752
-0.82752
-0.82752
-0.82573
-0.82573
-0.80841
-0.82573
-0.91186
-0.91186
13.5794
-0.76373
-0.76373
-0.90119
0
0
0
0
0
0
0
0
0
0
0
0
0
-0.86032
-0.86032
-0.74908
-0.74908
-0.74908
-0.74908
-0.74908
-0.74528
-0.74528
-0.72736
-0.74528
-0.76609
-0.76609
-0.76373
11.3632
-0.63808
0
0
0
0
0
0
0
0
0
0
0
0
0
0
-0.86032
-0.86032
-0.74908
-0.74908
-0.74908
-0.74908
-0.74908
-0.74528
-0.74528
-0.72736
-0.74528
-0.76609
-0.76609
-0.76373
-0.63808
11.3632
0
0
0
0
0
0
0
0
0
0
0
0
0
0
-0.97812
-0.97812
-0.84849
-0.84849
-0.84849
-0.84849
-0.84849
-0.84445
-0.84445
-0.82463
-0.84445
0
0
-0.90119
0
0
10.4579
0
0
0
0
0
0
0
0
0
0
0
0
0
-0.927
-0.927
-0.81156
-0.81156
-0.81156
-0.81156
-0.81156
-0.80915
-0.80915
-0.80304
-0.80915
0
0
0
0
0
0
9.6635
0
0
0
0
0
0
-0.52114
0
0
0
0
0
-0.91437
-0.91437
-0.79852
-0.79852
-0.79852
-0.79852
-0.79852
-0.79998
-0.79998
0
-0.79998
0
0
0
0
0
0
0
15.8328
0
0
0
0
0
0
0
0
0
-7.6115
0
-1.0712
-1.0712
-0.93644
-0.93644
-0.93644
-0.93644
-0.93644
0
0
0
0
0
0
0
0
0
0
0
0
11.9047
0
0
0
0
0
-5.0801
0
0
0
0
-0.89876
-0.89876
-0.77968
-0.77968
-0.77968
-0.77968
-0.77968
0
0
0
0
0
0
0
0
0
0
0
0
0
5.696
0
0
0
0
0
0
0
0
0
-0.52369
-0.52369
0
0
0
0
0
0
0
0
0
0
0
0
0
0
0
0
0
0
0
1.3885
0
0
0
0
0
-0.34116
0
0
0
0
0
0
0
0
0
0
0
-0.51775
0
0
0
0
0
0
0
0
0
0
0
0
2.389
-1.8712
0
0
0
0
0
0
0
0
0
0
0
0
0
0
0
0
0
0
0
0
0
0
0
0
0
0
0
0
-1.8712
3.8122
-1.9409
0
0
0
0
0
0
0
0
0
0
0
0
0
0
0
0
0
0
0
0
0
0
-0.52114
0
0
0
0
0
-1.9409
2.4621
0
0
0
0
0
0
0
0
0
0
0
0
0
0
0
0
0
0
0
0
0
0
0
0
-5.0801
0
0
0
0
0
5.0801
0
0
0
0
0
0
0
0
0
0
0
0
0
0
0
-9.9238
0
0
0
0
0
0
0
0
0
0
0
0
0
0
9.9238
0
0
0
0
0
0
0
0
0
0
0
0
0
0
0
0
0
0
0
0
0
0
0
0
-0.34116
0
0
0
0
0
0.34116
0
0
0
0
0
0
0
0
0
0
0
0
0
0
0
0
0
0
0
0
-7.6115
0
0
0
0
0
0
0
0
0
7.6115
0
0
0
0
0
0
0
0
0
0
0
0
0
-9.9238
0
0
0
0
0
0
0
0
0
0
0
0
0
0
0
0
9.9238
