19.7608
-0.9432
-0.90127
-0.90127
-0.88162
-0.87399
-0.84344
-0.88559
-0.93198
-0.94033
-1.0032
-1.0032
-1.1204
-1.0837
-1.1908
-0.91288
-0.73301
-0.73301
-0.85792
-0.92595
0
0
-1.2099
0
0
0
-0.88411
0
0
0
-0.9432
19.7608
-0.90127
-0.90127
-0.88162
-0.87399
-0.84344
-0.88559
-0.93198
-0.94033
-1.0032
-1.0032
-1.1204
-1.0837
-1.1908
-0.91288
-0.73301
-0.73301
-0.85792
-0.92595
0
0
-1.2099
0
0
0
-0.88411
0
0
0
-0.90127
-0.90127
17.9663
-0.85148
-0.83293
-0.82875
-0.79945
-0.83906
-0.88042
-0.8905
-0.94938
-0.94938
-1.0626
-1.0281
-1.1355
-0.86643
-0.69534
-0.69534
-0.81523
-0.88255
0
0
-1.1614
0
0
0
0
0
0
0
-0.90127
-0.90127
-0.85148
17.9663
-0.83293
-0.82875
-0.79945
-0.83906
-0.88042
-0.8905
-0.94938
-0.94938
-1.0626
-1.0281
-1.1355
-0.86643
-0.69534
-0.69534
-0.81523
-0.88255
0
0
-1.1614
0
0
0
0
0
0
0
-0.88162
-0.88162
-0.83293
-0.83293
17.6603
-0.80306
-0.76701
-0.80528
-0.84501
-0.85448
-0.91055
-0.91055
-1.0299
-0.98576
-1.0769
-0.82929
-0.66658
-0.66658
-0.79033
0
0
0
0
0
0
-2.2899
0
0
0
0
-0.87399
-0.87399
-0.82875
-0.82875
-0.80306
16.6146
-0.7648
-0.80258
-0.83888
-0.85074
-0.90652
-0.90652
-1.0223
-0.98133
-1.0796
-0.82233
-0.66398
-0.66398
-0.79239
0
-1.3101
0
0
0
0
0
0
0
0
0
-0.84344
-0.84344
-0.79945
-0.79945
-0.76701
-0.7648
14.7705
-0.77357
-0.80851
-0.81944
-0.87284
-0.87284
-0.98411
-0.94433
-1.0423
-0.79518
-0.63957
-0.63957
-0.76072
0
0
0
0
0
0
0
0
0
0
0
-0.88559
-0.88559
-0.83906
-0.83906
-0.80528
-0.80258
-0.77357
13.8803
-0.85442
-0.86691
-0.92393
-0.92393
-1.0271
-1.0005
-1.0845
0
-0.68416
-0.68416
0
0
0
0
0
0
0
0
0
0
0
0
-0.93198
-0.93198
-0.88042
-0.88042
-0.84501
-0.83888
-0.80851
-0.85442
14.739
-0.91134
-0.97187
-0.97187
0
-1.0518
0
0
0
0
0
0
0
0
0
0
0
0
0
-3.8606
0
0
-0.94033
-0.94033
-0.8905
-0.8905
-0.85448
-0.85074
-0.81944
-0.86691
-0.91134
9.8737
-0.95454
-0.95454
0
0
0
0
0
0
0
0
0
0
0
0
0
0
0
0
0
0
-1.0032
-1.0032
-0.94938
-0.94938
-0.91055
-0.90652
-0.87284
-0.92393
-0.97187
-0.95454
9.4454
0
0
0
0
0
0
0
0
0
0
0
0
0
0
0
0
0
0
0
-1.0032
-1.0032
-0.94938
-0.94938
-0.91055
-0.90652
-0.87284
-0.92393
-0.97187
-0.95454
0
9.4454
0
0
0
0
0
0
0
0
0
0
0
0
0
0
0
0
0
0
-1.1204
-1.1204
-1.0626
-1.0626
-1.0299
-1.0223
-0.98411
-1.0271
0
0
0
0
12.4502
0
0
0
0
0
0
0
-1.5462
0
0
0
0
0
0
0
-2.4746
0
-1.0837
-1.0837
-1.0281
-1.0281
-0.98576
-0.98133
-0.94433
-1.0005
-1.0518
0
0
0
0
9.1872
0
0
0
0
0
0
0
0
0
0
0
0
0
0
0
0
-1.1908
-1.1908
-1.1355
-1.1355
-1.0769
-1.0796
-1.0423
-1.0845
0
0
0
0
0
0
10.6953
0
0
0
0
0
0
-1.7595
0
0
0
0
0
0
0
0
-0.91288
-0.91288
-0.86643
-0.86643
-0.82929
-0.82233
-0.79518
0
0
0
0
0
0
0
0
7.0054
0
0
0
-0.99991
0
0
0
0
0
0
0
0
0
0
-0.73301
-0.73301
-0.69534
-0.69534
-0.66658
-0.66398
-0.63957
-0.68416
0
0
0
0
0
0
0
0
5.511
0
0
0
0
0
0
0
0
0
0
0
0
0
-0.73301
-0.73301
-0.69534
-0.69534
-0.66658
-0.66398
-0.63957
-0.68416
0
0
0
0
0
0
0
0
0
5.511
0
0
0
0
0
0
0
0
0
0
0
0
-0.85792
-0.85792
-0.81523
-0.81523
-0.79033
-0.79239
-0.76072
0
0
0
0
0
0
0
0
0
0
0
7.3593
0
0
0
0
0
-1.6696
0
0
0
0
0
-0.92595
-0.92595
-0.88255
-0.88255
0
0
0
0
0
0
0
0
0
0
0
-0.99991
0
0
0
7.5802
-1.2402
0
0
0
-1.7231
0
0
0
0
0
0
0
0
0
0
-1.3101
0
0
0
0
0
0
-1.5462
0
0
0
0
0
0
-1.2402
5.0629
0
0
-0.96645
0
0
0
0
0
0
0
0
0
0
0
0
0
0
0
0
0
0
0
0
-1.7595
0
0
0
0
0
0
7.2652
0
-1.8125
-1.7709
-1.9222
0
0
0
0
-1.2099
-1.2099
-1.1614
-1.1614
0
0
0
0
0
0
0
0
0
0
0
0
0
0
0
0
0
0
4.7426
0
0
0
0
0
0
0
0
0
0
0
0
0
0
0
0
0
0
0
0
0
0
0
0
0
0
0
-0.96645
-1.8125
0
5.523
0
0
0
0
0
-2.7441
0
0
0
0
0
0
0
0
0
0
0
0
0
0
0
0
0
0
-1.6696
-1.7231
0
-1.7709
0
0
5.1636
0
0
0
0
0
0
0
0
0
-2.2899
0
0
0
0
0
0
0
0
0
0
0
0
0
0
0
0
-1.9222
0
0
0
4.2121
0
0
0
0
-0.88411
-0.88411
0
0
0
0
0
0
0
0
0
0
0
0
0
0
0
0
0
0
0
0
0
0
0
0
1.7682
0
0
0
0
0
0
0
0
0
0
0
-3.8606
0
0
0
0
0
0
0
0
0
0
0
0
0
0
0
0
0
0
3.8606
0
0
0
0
0
0
0
0
0
0
0
0
0
0
-2.4746
0
0
0
0
0
0
0
0
0
0
0
0
0
0
0
2.4746
0
0
0
0
0
0
0
0
0
0
0
0
0
0
0
0
0
0
0
0
0
0
0
0
-2.7441
0
0
0
0
0
2.7441
