22.8574
-1.0546
-1.0407
-1.0407
-1.0407
-1.0407
-0.89405
-0.89405
-0.89405
-0.91352
-0.89405
-0.83493
-0.95469
-0.95983
-0.92462
-0.92462
-0.92462
-0.98349
-0.98273
-0.91124
-0.91124
-0.92767
-0.3952
-2.5154
0
0
0
0
0
0
-1.0546
22.8574
-1.0407
-1.0407
-1.0407
-1.0407
-0.89405
-0.89405
-0.89405
-0.91352
-0.89405
-0.83493
-0.95469
-0.95983
-0.92462
-0.92462
-0.92462
-0.98349
-0.98273
-0.91124
-0.91124
-0.92767
-0.3952
-2.5154
0
0
0
0
0
0
-1.0407
-1.0407
25.9368
-1.0109
-1.0109
-1.0109
-0.872
-0.872
-0.872
-0.88101
-0.872
-0.81388
-0.93008
-0.93506
-0.90093
-0.90093
-0.90093
-0.95798
-0.95725
-0.88796
-0.88796
-0.9059
0
0
0
0
0
0
-6.4748
0
-1.0407
-1.0407
-1.0109
25.9368
-1.0109
-1.0109
-0.872
-0.872
-0.872
-0.88101
-0.872
-0.81388
-0.93008
-0.93506
-0.90093
-0.90093
-0.90093
-0.95798
-0.95725
-0.88796
-0.88796
-0.9059
0
0
-6.4748
0
0
0
0
0
-1.0407
-1.0407
-1.0109
-1.0109
25.9368
-1.0109
-0.872
-0.872
-0.872
-0.88101
-0.872
-0.81388
-0.93008
-0.93506
-0.90093
-0.90093
-0.90093
-0.95798
-0.95725
-0.88796
-0.88796
-0.9059
0
0
0
0
0
-6.4748
0
0
-1.0407
-1.0407
-1.0109
-1.0109
-1.0109
25.9368
-0.872
-0.872
-0.872
-0.88101
-0.872
-0.81388
-0.93008
-0.93506
-0.90093
-0.90093
-0.90093
-0.95798
-0.95725
-0.88796
-0.88796
-0.9059
0
0
0
0
0
0
0
-6.4748
-0.89405
-0.89405
-0.872
-0.872
-0.872
-0.872
16.7869
-0.74255
-0.74255
-0.77885
-0.74255
-0.69504
-0.79224
-0.79638
-0.76798
-0.76798
-0.76798
-0.81539
-0.81479
-0.75715
-0.75715
-0.77229
0
0
0
0
0
0
0
0
-0.89405
-0.89405
-0.872
-0.872
-0.872
-0.872
-0.74255
16.7869
-0.74255
-0.77885
-0.74255
-0.69504
-0.79224
-0.79638
-0.76798
-0.76798
-0.76798
-0.81539
-0.81479
-0.75715
-0.75715
-0.77229
0
0
0
0
0
0
0
0
-0.89405
-0.89405
-0.872
-0.872
-0.872
-0.872
-0.74255
-0.74255
16.7869
-0.77885
-0.74255
-0.69504
-0.79224
-0.79638
-0.76798
-0.76798
-0.76798
-0.81539
-0.81479
-0.75715
-0.75715
-0.77229
0
0
0
0
0
0
0
0
-0.91352
-0.91352
-0.88101
-0.88101
-0.88101
-0.88101
-0.77885
-0.77885
-0.77885
22.1954
-0.77885
-0.69307
-0.78998
-0.79411
-0.76579
-0.76579
-0.76579
-0.81306
-0.81245
-0.755
-0.755
0
0
0
0
0
-6.0189
0
0
0
-0.89405
-0.89405
-0.872
-0.872
-0.872
-0.872
-0.74255
-0.74255
-0.74255
-0.77885
16.7869
-0.69504
-0.79224
-0.79638
-0.76798
-0.76798
-0.76798
-0.81539
-0.81479
-0.75715
-0.75715
-0.77229
0
0
0
0
0
0
0
0
-0.83493
-0.83493
-0.81388
-0.81388
-0.81388
-0.81388
-0.69504
-0.69504
-0.69504
-0.69307
-0.69504
14.9243
-0.73462
-0.73843
-0.71227
-0.71227
-0.71227
-0.75592
-0.75536
-0.70229
-0.70229
0
0
0
0
0
0
0
0
0
-0.95469
-0.95469
-0.93008
-0.93008
-0.93008
-0.93008
-0.79224
-0.79224
-0.79224
-0.78998
-0.79224
-0.73462
15.5155
-0.87421
-0.84265
-0.84265
-0.84265
-0.89536
-0.89469
0
0
0
0
0
0
0
0
0
0
0
-0.95983
-0.95983
-0.93506
-0.93506
-0.93506
-0.93506
-0.79638
-0.79638
-0.79638
-0.79411
-0.79638
-0.73843
-0.87421
14.6929
-0.84692
-0.84692
-0.84692
-0.89995
0
0
0
0
0
0
0
0
0
0
0
0
-0.92462
-0.92462
-0.90093
-0.90093
-0.90093
-0.90093
-0.76798
-0.76798
-0.76798
-0.76579
-0.76798
-0.71227
-0.84265
-0.84692
13.2548
-0.78114
-0.78114
0
0
0
0
0
0
0
0
0
0
0
0
0
-0.92462
-0.92462
-0.90093
-0.90093
-0.90093
-0.90093
-0.76798
-0.76798
-0.76798
-0.76579
-0.76798
-0.71227
-0.84265
-0.84692
-0.78114
13.2548
-0.78114
0
0
0
0
0
0
0
0
0
0
0
0
0
-0.92462
-0.92462
-0.90093
-0.90093
-0.90093
-0.90093
-0.76798
-0.76798
-0.76798
-0.76579
-0.76798
-0.71227
-0.84265
-0.84692
-0.78114
-0.78114
13.2548
0
0
0
0
0
0
0
0
0
0
0
0
0
-0.98349
-0.98349
-0.95798
-0.95798
-0.95798
-0.95798
-0.81539
-0.81539
-0.81539
-0.81306
-0.81539
-0.75592
-0.89536
-0.89995
0
0
0
12.4248
0
0
0
0
0
0
0
0
0
0
0
0
-0.98273
-0.98273
-0.95725
-0.95725
-0.95725
-0.95725
-0.81479
-0.81479
-0.81479
-0.81245
-0.81479
-0.75536
-0.89469
0
0
0
0
0
11.5161
0
0
0
0
0
0
0
0
0
0
0
-0.91124
-0.91124
-0.88796
-0.88796
-0.88796
-0.88796
-0.75715
-0.75715
-0.75715
-0.755
-0.75715
-0.70229
0
0
0
0
0
0
0
9.8602
0
0
0
0
0
0
0
0
0
0
-0.91124
-0.91124
-0.88796
-0.88796
-0.88796
-0.88796
-0.75715
-0.75715
-0.75715
-0.755
-0.75715
-0.70229
0
0
0
0
0
0
0
0
9.8602
0
0
0
0
0
0
0
0
0
-0.92767
-0.92767
-0.9059
-0.9059
-0.9059
-0.9059
-0.77229
-0.77229
-0.77229
0
-0.77229
0
0
0
0
0
0
0
0
0
0
8.5681
0
0
0
0
0
0
0
0
-0.3952
-0.3952
0
0
0
0
0
0
0
0
0
0
0
0
0
0
0
0
0
0
0
0
0.95502
0
0
-0.16461
0
0
0
0
-2.5154
-2.5154
0
0
0
0
0
0
0
0
0
0
0
0
0
0
0
0
0
0
0
0
0
5.0308
0
0
0
0
0
0
0
0
0
-6.4748
0
0
0
0
0
0
0
0
0
0
0
0
0
0
0
0
0
0
0
0
6.4748
0
0
0
0
0
0
0
0
0
0
0
0
0
0
0
0
0
0
0
0
0
0
0
0
0
0
0
-0.16461
0
0
0.16461
0
0
0
0
0
0
0
0
0
0
0
0
0
-6.0189
0
0
0
0
0
0
0
0
0
0
0
0
0
0
0
0
6.0189
0
0
0
0
0
0
0
-6.4748
0
0
0
0
0
0
0
0
0
0
0
0
0
0
0
0
0
0
0
0
0
0
6.4748
0
0
0
0
-6.4748
0
0
0
0
0
0
0
0
0
0
0
0
0
0
0
0
0
0
0
0
0
0
0
0
0
6.4748
0
0
0
0
0
0
-6.4748
0
0
0
0
0
0
0
0
0
0
0
0
0
0
0
0
0
0
0
0
0
0
0
6.4748
