21.4557
-0.72557
-0.72896
-0.72896
-0.70908
-0.70908
-0.69063
-0.69063
-0.69727
-0.74118
-0.74118
-0.67876
-0.67876
-0.67876
-0.67876
-0.59293
-0.72057
-0.72057
-0.7345
-0.98875
-0.23054
0
0
0
0
0
0
0
0
-7.5902
-0.72557
21.4557
-0.72896
-0.72896
-0.70908
-0.70908
-0.69063
-0.69063
-0.69727
-0.74118
-0.74118
-0.67876
-0.67876
-0.67876
-0.67876
-0.59293
-0.72057
-0.72057
-0.7345
-0.98875
-0.23054
0
-7.5902
0
0
0
0
0
0
0
-0.72896
-0.72896
13.8163
-0.73405
-0.71764
-0.71764
-0.69958
-0.69958
-0.73026
-0.76053
-0.76053
-0.68722
-0.68722
-0.68722
-0.68722
-0.62821
-0.72418
-0.72418
-0.73469
-0.97845
0
0
0
0
0
0
0
0
0
0
-0.72896
-0.72896
-0.73405
13.8163
-0.71764
-0.71764
-0.69958
-0.69958
-0.73026
-0.76053
-0.76053
-0.68722
-0.68722
-0.68722
-0.68722
-0.62821
-0.72418
-0.72418
-0.73469
-0.97845
0
0
0
0
0
0
0
0
0
0
-0.70908
-0.70908
-0.71764
-0.71764
12.4711
-0.69266
-0.67813
-0.67813
-0.7049
-0.73464
-0.73464
-0.66699
-0.66699
-0.66699
-0.66699
-0.60923
-0.70248
-0.70248
-0.71239
0
0
0
0
0
0
0
0
0
0
0
-0.70908
-0.70908
-0.71764
-0.71764
-0.69266
12.4711
-0.67813
-0.67813
-0.7049
-0.73464
-0.73464
-0.66699
-0.66699
-0.66699
-0.66699
-0.60923
-0.70248
-0.70248
-0.71239
0
0
0
0
0
0
0
0
0
0
0
-0.69063
-0.69063
-0.69958
-0.69958
-0.67813
-0.67813
11.4485
-0.65257
-0.67997
-0.71158
-0.71158
-0.6494
-0.6494
-0.6494
-0.6494
-0.59208
-0.68323
-0.68323
0
0
0
0
0
0
0
0
0
0
0
0
-0.69063
-0.69063
-0.69958
-0.69958
-0.67813
-0.67813
-0.65257
11.4485
-0.67997
-0.71158
-0.71158
-0.6494
-0.6494
-0.6494
-0.6494
-0.59208
-0.68323
-0.68323
0
0
0
0
0
0
0
0
0
0
0
0
-0.69727
-0.69727
-0.73026
-0.73026
-0.7049
-0.7049
-0.67997
-0.67997
25.5746
-0.72209
-0.72209
-0.6789
-0.6789
-0.6789
-0.6789
0
0
0
0
0
0
0
0
0
-7.895
-7.895
0
0
0
0
-0.74118
-0.74118
-0.76053
-0.76053
-0.73464
-0.73464
-0.71158
-0.71158
-0.72209
15.415
-0.78813
-0.70747
-0.70747
-0.70747
-0.70747
0
0
0
0
0
0
0
0
0
0
0
0
0
-5.1791
0
-0.74118
-0.74118
-0.76053
-0.76053
-0.73464
-0.73464
-0.71158
-0.71158
-0.72209
-0.78813
15.415
-0.70747
-0.70747
-0.70747
-0.70747
0
0
0
0
0
0
0
0
-5.1791
0
0
0
0
0
0
-0.67876
-0.67876
-0.68722
-0.68722
-0.66699
-0.66699
-0.6494
-0.6494
-0.6789
-0.70747
-0.70747
9.293
-0.61148
-0.61148
-0.61148
0
0
0
0
0
0
0
0
0
0
0
0
0
0
0
-0.67876
-0.67876
-0.68722
-0.68722
-0.66699
-0.66699
-0.6494
-0.6494
-0.6789
-0.70747
-0.70747
-0.61148
9.293
-0.61148
-0.61148
0
0
0
0
0
0
0
0
0
0
0
0
0
0
0
-0.67876
-0.67876
-0.68722
-0.68722
-0.66699
-0.66699
-0.6494
-0.6494
-0.6789
-0.70747
-0.70747
-0.61148
-0.61148
9.293
-0.61148
0
0
0
0
0
0
0
0
0
0
0
0
0
0
0
-0.67876
-0.67876
-0.68722
-0.68722
-0.66699
-0.66699
-0.6494
-0.6494
-0.6789
-0.70747
-0.70747
-0.61148
-0.61148
-0.61148
9.293
0
0
0
0
0
0
0
0
0
0
0
0
0
0
0
-0.59293
-0.59293
-0.62821
-0.62821
-0.60923
-0.60923
-0.59208
-0.59208
0
0
0
0
0
0
0
15.6335
0
0
0
0
0
0
0
0
0
0
-5.3943
-5.3943
0
0
-0.72057
-0.72057
-0.72418
-0.72418
-0.70248
-0.70248
-0.68323
-0.68323
0
0
0
0
0
0
0
0
5.6609
0
0
0
0
0
0
0
0
0
0
0
0
0
-0.72057
-0.72057
-0.72418
-0.72418
-0.70248
-0.70248
-0.68323
-0.68323
0
0
0
0
0
0
0
0
0
5.6609
0
0
0
0
0
0
0
0
0
0
0
0
-0.7345
-0.7345
-0.73469
-0.73469
-0.71239
-0.71239
0
0
0
0
0
0
0
0
0
0
0
0
4.3632
0
0
0
0
0
0
0
0
0
0
0
-0.98875
-0.98875
-0.97845
-0.97845
0
0
0
0
0
0
0
0
0
0
0
0
0
0
0
3.9344
0
0
0
0
0
0
0
0
0
0
-0.23054
-0.23054
0
0
0
0
0
0
0
0
0
0
0
0
0
0
0
0
0
0
0.56559
-0.1045
0
0
0
0
0
0
0
0
0
0
0
0
0
0
0
0
0
0
0
0
0
0
0
0
0
0
0
0
-0.1045
0.1045
0
0
0
0
0
0
0
0
0
-7.5902
0
0
0
0
0
0
0
0
0
0
0
0
0
0
0
0
0
0
0
0
7.5902
0
0
0
0
0
0
0
0
0
0
0
0
0
0
0
0
0
-5.1791
0
0
0
0
0
0
0
0
0
0
0
0
5.1791
0
0
0
0
0
0
0
0
0
0
0
0
0
0
-7.895
0
0
0
0
0
0
0
0
0
0
0
0
0
0
0
7.895
0
0
0
0
0
0
0
0
0
0
0
0
0
-7.895
0
0
0
0
0
0
0
0
0
0
0
0
0
0
0
0
7.895
0
0
0
0
0
0
0
0
0
0
0
0
0
0
0
0
0
0
0
-5.3943
0
0
0
0
0
0
0
0
0
0
5.3943
0
0
0
0
0
0
0
0
0
0
0
0
0
0
0
0
0
0
-5.3943
0
0
0
0
0
0
0
0
0
0
0
5.3943
0
0
0
0
0
0
0
0
0
0
0
-5.1791
0
0
0
0
0
0
0
0
0
0
0
0
0
0
0
0
0
0
5.1791
0
-7.5902
0
0
0
0
0
0
0
0
0
0
0
0
0
0
0
0
0
0
0
0
0
0
0
0
0
0
0
0
7.5902
