17.9192
-0.68343
-0.68865
-0.68483
-0.68384
-0.68216
-0.68199
-0.68199
-0.69267
-0.70857
-0.67537
0
0
0
0
0
0
-0.9755
0
-1.2015
0
0
0
0
0
0
-4.4394
0
0
-4.4394
-0.68343
13.6095
-0.70409
-0.69487
-0.70109
-0.68989
-0.68951
-0.68951
-0.69185
-0.72033
0
0
0
0
0
0
0
0
-2.4258
0
0
0
-1.3335
0
0
-3.5856
0
0
0
0
-0.68865
-0.70409
9.6418
-0.69948
-0.68428
-0.68742
-0.68553
-0.68553
0
0
-0.69569
0
0
0
0
-0.83062
0
0
0
-1.0799
-2.2006
0
0
0
0
0
0
0
0
0
-0.68483
-0.69487
-0.69948
9.3848
-0.68837
-0.67975
-0.68142
-0.68142
-0.69767
-0.71252
0
0
0
-0.73602
0
0
0
0
0
0
0
0
0
0
0
0
0
0
-2.4285
0
-0.68384
-0.70109
-0.68428
-0.68837
8.413
-0.68151
-0.68074
-0.68074
0
0
0
0
-0.61455
0
0
-0.83592
0
0
0
0
0
-2.162
0
0
0
0
0
0
0
0
-0.68216
-0.68989
-0.68742
-0.67975
-0.68151
6.2405
-0.6799
-0.6799
0
-0.71451
0
0
0
-0.7455
0
0
0
0
0
0
0
0
0
0
0
0
0
0
0
0
-0.68199
-0.68951
-0.68553
-0.68142
-0.68074
-0.6799
5.4704
-0.66315
0
-0.70818
0
0
0
0
0
0
0
0
0
0
0
0
0
0
0
0
0
0
0
0
-0.68199
-0.68951
-0.68553
-0.68142
-0.68074
-0.6799
-0.66315
5.4704
0
-0.70818
0
0
0
0
0
0
0
0
0
0
0
0
0
0
0
0
0
0
0
0
-0.69267
-0.69185
0
-0.69767
0
0
0
0
4.3747
0
0
0
-0.62668
0
0
0
0
-0.74775
0
0
0
0
-0.9181
0
0
0
0
0
0
0
-0.70857
-0.72033
0
-0.71252
0
-0.71451
-0.70818
-0.70818
0
4.2723
0
0
0
0
0
0
0
0
0
0
0
0
0
0
0
0
0
0
0
0
-0.67537
0
-0.69569
0
0
0
0
0
0
0
3.4202
-0.73651
0
-0.70518
0
0
0
0
0
0
0
0
0
0
0
0
0
-0.60744
0
0
0
0
0
0
0
0
0
0
0
0
-0.73651
4.2439
-0.6796
0
-1.3876
-0.77838
-0.66173
0
0
0
0
0
0
0
0
0
0
0
0
0
0
0
0
0
-0.61455
0
0
0
-0.62668
0
0
-0.6796
2.4731
0
0
0
0
0
0
0
0
0
0
-0.55225
0
0
0
0
0
0
0
0
0
-0.73602
0
-0.7455
0
0
0
0
-0.70518
0
0
2.8686
0
0
-0.68192
0
0
0
0
0
0
0
0
0
0
0
0
0
0
0
0
0
0
0
0
0
0
0
0
-1.3876
0
0
3.2158
0
0
-1.0599
0
0
-0.76828
0
0
0
0
0
0
0
0
0
0
0
-0.83062
0
-0.83592
0
0
0
0
0
0
-0.77838
0
0
0
2.4449
0
0
0
0
0
0
0
0
0
0
0
0
0
0
0
0
0
0
0
0
0
0
0
0
0
-0.66173
0
-0.68192
0
0
2.0698
0
0
0
0
0
0
0
-0.72611
0
0
0
0
0
-0.9755
0
0
0
0
0
0
0
-0.74775
0
0
0
0
0
-1.0599
0
0
2.7832
0
0
0
0
0
0
0
0
0
0
0
0
0
-2.4258
0
0
0
0
0
0
0
0
0
0
0
0
0
0
0
0
4.8335
0
0
-2.4077
0
0
0
0
0
0
0
0
-1.2015
0
-1.0799
0
0
0
0
0
0
0
0
0
0
0
0
0
0
0
0
2.2814
0
0
0
0
0
0
0
0
0
0
0
0
-2.2006
0
0
0
0
0
0
0
0
0
0
0
-0.76828
0
0
0
0
0
2.9688
0
0
0
0
0
0
0
0
0
0
0
0
0
-2.162
0
0
0
0
0
0
0
0
0
0
0
0
0
-2.4077
0
0
4.5697
0
0
0
0
0
0
0
0
0
-1.3335
0
0
0
0
0
0
-0.9181
0
0
0
0
0
0
0
0
0
0
0
0
0
2.2516
0
0
0
0
0
0
0
0
0
0
0
0
0
0
0
0
0
0
0
-0.55225
0
0
0
0
0
0
0
0
0
0
0.55225
0
0
0
0
0
0
0
0
0
0
0
0
0
0
0
0
0
0
0
0
0
0
-0.72611
0
0
0
0
0
0
0
0.72611
0
0
0
0
0
0
-3.5856
0
0
0
0
0
0
0
0
0
0
0
0
0
0
0
0
0
0
0
0
0
0
0
3.5856
0
0
0
0
-4.4394
0
0
0
0
0
0
0
0
0
0
0
0
0
0
0
0
0
0
0
0
0
0
0
0
0
4.4394
0
0
0
0
0
0
0
0
0
0
0
0
0
-0.60744
0
0
0
0
0
0
0
0
0
0
0
0
0
0
0
0
0.60744
0
0
0
0
0
-2.4285
0
0
0
0
0
0
0
0
0
0
0
0
0
0
0
0
0
0
0
0
0
0
0
0
2.4285
0
-4.4394
0
0
0
0
0
0
0
0
0
0
0
0
0
0
0
0
0
0
0
0
0
0
0
0
0
0
0
0
4.4394
