16.7519
-0.5263
-0.52326
-0.53708
-0.50186
-0.50186
-0.53685
-0.53685
-0.50938
-0.51492
-0.51492
-0.47676
-0.47969
-0.49117
-0.543
-0.543
-0.1045
0
-0.30689
-2.3358
-6.2678
0
0
0
0
0
0
0
0
0
-0.5263
18.957
-0.52632
-0.52933
-0.50062
-0.50062
-0.53478
-0.53478
-0.50934
-0.50561
-0.50561
-0.47643
-0.45504
-0.49301
-0.54775
-0.54775
0
-2.6538
-0.29399
0
0
0
-8.3159
0
0
0
0
0
0
0
-0.52326
-0.52632
17.5776
-0.53306
-0.49973
-0.49973
-0.53465
-0.53465
-0.50839
-0.51104
-0.51104
-0.47555
-0.46108
-0.49055
-0.54395
-0.54395
0
0
0
-2.3527
0
0
0
0
0
0
0
0
-7.5279
0
-0.53708
-0.52933
-0.53306
14.9525
-0.50669
-0.50669
-0.54316
-0.54316
-0.51648
-0.51566
-0.51566
-0.48275
-0.46458
-0.49899
-0.55462
-0.55462
0
0
0
0
0
0
0
0
0
0
0
-7.15
0
0
-0.50186
-0.50062
-0.49973
-0.50669
7.3335
-0.46429
-0.50868
-0.50868
-0.48062
-0.48483
-0.48483
-0.44938
-0.45617
-0.46267
-0.51223
-0.51223
0
0
0
0
0
0
0
0
0
0
0
0
0
0
-0.50186
-0.50062
-0.49973
-0.50669
-0.46429
7.3335
-0.50868
-0.50868
-0.48062
-0.48483
-0.48483
-0.44938
-0.45617
-0.46267
-0.51223
-0.51223
0
0
0
0
0
0
0
0
0
0
0
0
0
0
-0.53685
-0.53478
-0.53465
-0.54316
-0.50868
-0.50868
6.7269
-0.5203
-0.51366
-0.52762
-0.52762
-0.4793
-0.49473
-0.49684
0
0
0
0
0
0
0
0
0
0
0
0
0
0
0
0
-0.53685
-0.53478
-0.53465
-0.54316
-0.50868
-0.50868
-0.5203
6.7269
-0.51366
-0.52762
-0.52762
-0.4793
-0.49473
-0.49684
0
0
0
0
0
0
0
0
0
0
0
0
0
0
0
0
-0.50938
-0.50934
-0.50839
-0.51648
-0.48062
-0.48062
-0.51366
-0.51366
5.9069
-0.49233
-0.49233
-0.43101
0
-0.45905
0
0
0
0
0
0
0
0
0
0
0
0
0
0
0
0
-0.51492
-0.50561
-0.51104
-0.51566
-0.48483
-0.48483
-0.52762
-0.52762
-0.49233
9.9345
-0.48405
-0.43069
0
0
0
0
0
0
0
0
0
0
0
0
0
0
0
0
0
-4.4552
-0.51492
-0.50561
-0.51104
-0.51566
-0.48483
-0.48483
-0.52762
-0.52762
-0.49233
-0.48405
9.9345
-0.43069
0
0
0
0
0
0
0
0
0
0
0
0
0
0
-4.4552
0
0
0
-0.47676
-0.47643
-0.47555
-0.48275
-0.44938
-0.44938
-0.4793
-0.4793
-0.43101
-0.43069
-0.43069
5.0612
0
0
0
0
0
0
0
0
0
0
0
0
0
0
0
0
0
0
-0.47969
-0.45504
-0.46108
-0.46458
-0.45617
-0.45617
-0.49473
-0.49473
0
0
0
0
16.8635
0
0
0
0
0
0
0
0
-6.5507
0
0
-6.5507
0
0
0
0
0
-0.49117
-0.49301
-0.49055
-0.49899
-0.46267
-0.46267
-0.49684
-0.49684
-0.45905
0
0
0
0
4.3518
0
0
0
0
0
0
0
0
0
0
0
0
0
0
0
0
-0.543
-0.54775
-0.54395
-0.55462
-0.51223
-0.51223
0
0
0
0
0
0
0
0
3.2138
0
0
0
0
0
0
0
0
0
0
0
0
0
0
0
-0.543
-0.54775
-0.54395
-0.55462
-0.51223
-0.51223
0
0
0
0
0
0
0
0
0
3.2138
0
0
0
0
0
0
0
0
0
0
0
0
0
0
-0.1045
0
0
0
0
0
0
0
0
0
0
0
0
0
0
0
4.2108
-2.3164
0
0
0
0
0
0
0
-1.7899
0
0
0
0
0
-2.6538
0
0
0
0
0
0
0
0
0
0
0
0
0
0
-2.3164
6.5446
0
0
-1.5744
0
0
0
0
0
0
0
0
0
-0.30689
-0.29399
0
0
0
0
0
0
0
0
0
0
0
0
0
0
0
0
0.83973
0
0
0
0
-0.23885
0
0
0
0
0
0
-2.3358
0
-2.3527
0
0
0
0
0
0
0
0
0
0
0
0
0
0
0
0
4.6886
0
0
0
0
0
0
0
0
0
0
-6.2678
0
0
0
0
0
0
0
0
0
0
0
0
0
0
0
0
-1.5744
0
0
7.8422
0
0
0
0
0
0
0
0
0
0
0
0
0
0
0
0
0
0
0
0
0
-6.5507
0
0
0
0
0
0
0
0
6.5507
0
0
0
0
0
0
0
0
0
-8.3159
0
0
0
0
0
0
0
0
0
0
0
0
0
0
0
0
0
0
0
0
8.3159
0
0
0
0
0
0
0
0
0
0
0
0
0
0
0
0
0
0
0
0
0
0
0
0
0
-0.23885
0
0
0
0
0.23885
0
0
0
0
0
0
0
0
0
0
0
0
0
0
0
0
0
0
-6.5507
0
0
0
0
0
0
0
0
0
0
0
6.5507
0
0
0
0
0
0
0
0
0
0
0
0
0
0
0
0
0
0
0
0
0
-1.7899
0
0
0
0
0
0
0
0
1.7899
0
0
0
0
0
0
0
0
0
0
0
0
0
0
-4.4552
0
0
0
0
0
0
0
0
0
0
0
0
0
0
0
4.4552
0
0
0
0
0
0
-7.15
0
0
0
0
0
0
0
0
0
0
0
0
0
0
0
0
0
0
0
0
0
0
0
7.15
0
0
0
0
-7.5279
0
0
0
0
0
0
0
0
0
0
0
0
0
0
0
0
0
0
0
0
0
0
0
0
0
7.5279
0
0
0
0
0
0
0
0
0
0
-4.4552
0
0
0
0
0
0
0
0
0
0
0
0
0
0
0
0
0
0
0
4.4552
