21.087
-0.64913
-0.63825
-0.65212
-0.62659
-0.61365
-0.65055
-0.62797
-0.64411
-0.64411
-0.61747
-0.65553
-0.63913
-0.61169
-0.69567
-0.543
-0.66533
-0.66533
0
-0.69569
-2.0237
-7.528
0
0
0
0
0
0
0
0
-0.64913
13.3349
-0.6298
-0.64829
-0.61966
-0.63271
-0.64846
-0.62447
-0.63796
-0.63796
-0.61138
-0.65623
-0.63204
-0.60902
-0.68182
-0.55079
-0.64754
-0.64754
0
-0.66215
-1.9079
0
0
0
0
0
0
0
0
0
-0.63825
-0.6298
11.192
-0.63154
-0.6061
-0.61253
-0.63056
-0.61105
-0.62408
-0.62408
-0.59826
-0.63691
-0.61855
-0.59624
-0.66773
-0.53572
-0.63653
-0.63653
0
-0.65751
0
0
0
0
0
0
0
0
0
0
-0.65212
-0.64829
-0.63154
17.6131
-0.61655
-0.59583
-0.63562
-0.62023
-0.63462
-0.63462
-0.60805
-0.63851
-0.6298
-0.60493
-0.68698
-0.52889
-0.65943
-0.65943
0
0
0
0
0
0
0
0
0
0
0
-6.9277
-0.62659
-0.61966
-0.6061
-0.61655
10.3424
-0.59469
-0.61736
-0.60178
-0.61292
-0.61292
-0.58734
-0.62221
-0.60723
-0.58772
-0.65517
-0.52369
-0.62526
-0.62526
0
0
0
0
0
0
0
0
0
0
0
0
-0.61365
-0.63271
-0.61253
-0.59583
-0.59469
34.6162
-0.60182
-0.60724
-0.61811
-0.61811
-0.59142
-0.59075
-0.61529
-0.58579
0
0
0
0
0
0
0
0
-8.9128
0
0
-8.9128
0
0
-8.9128
0
-0.65055
-0.64846
-0.63056
-0.63562
-0.61736
-0.60182
14.2942
-0.63014
-0.62843
-0.62843
-0.59967
-0.62868
-0.62098
-0.59693
-0.67944
0
0
0
0
0
0
0
0
0
0
0
-5.4971
0
0
0
-0.62797
-0.62447
-0.61105
-0.62023
-0.60178
-0.60724
-0.63014
8.9144
-0.61218
-0.61218
-0.58458
-0.61474
-0.60543
-0.58979
-0.65564
0
0
0
-0.31701
0
0
0
0
0
0
0
0
0
0
0
-0.64411
-0.63796
-0.62408
-0.63462
-0.61292
-0.61811
-0.62843
-0.61218
8.1057
-0.60733
-0.59891
-0.64921
-0.62713
-0.61073
0
0
0
0
0
0
0
0
0
0
0
0
0
0
0
0
-0.64411
-0.63796
-0.62408
-0.63462
-0.61292
-0.61811
-0.62843
-0.61218
-0.60733
8.1057
-0.59891
-0.64921
-0.62713
-0.61073
0
0
0
0
0
0
0
0
0
0
0
0
0
0
0
0
-0.61747
-0.61138
-0.59826
-0.60805
-0.58734
-0.59142
-0.59967
-0.58458
-0.59891
-0.59891
7.1763
-0.5834
-0.59696
0
0
0
0
0
0
0
0
0
0
0
0
0
0
0
0
0
-0.65553
-0.65623
-0.63691
-0.63851
-0.62221
-0.59075
-0.62868
-0.61474
-0.64921
-0.64921
-0.5834
10.5838
0
0
0
0
0
0
0
0
0
0
0
0
0
0
0
-3.6584
0
0
-0.63913
-0.63204
-0.61855
-0.6298
-0.60723
-0.61529
-0.62098
-0.60543
-0.62713
-0.62713
-0.59696
0
6.8197
0
0
0
0
0
0
0
0
0
0
0
0
0
0
0
0
0
-0.61169
-0.60902
-0.59624
-0.60493
-0.58772
-0.58579
-0.59693
-0.58979
-0.61073
-0.61073
0
0
0
6.3225
0
0
0
0
-0.31895
0
0
0
0
0
0
0
0
0
0
0
-0.69567
-0.68182
-0.66773
-0.68698
-0.65517
0
-0.67944
-0.65564
0
0
0
0
0
0
4.7224
0
0
0
0
0
0
0
0
0
0
0
0
0
0
0
-0.543
-0.55079
-0.53572
-0.52889
-0.52369
0
0
0
0
0
0
0
0
0
0
2.7866
0
0
0
0
0
0
0
-0.1045
0
0
0
0
0
0
-0.66533
-0.64754
-0.63653
-0.65943
-0.62526
0
0
0
0
0
0
0
0
0
0
0
3.2341
0
0
0
0
0
0
0
0
0
0
0
0
0
-0.66533
-0.64754
-0.63653
-0.65943
-0.62526
0
0
0
0
0
0
0
0
0
0
0
0
3.2341
0
0
0
0
0
0
0
0
0
0
0
0
0
0
0
0
0
0
0
-0.31701
0
0
0
0
0
-0.31895
0
0
0
0
0.87487
0
0
0
0
0
-0.23891
0
0
0
0
0
-0.69569
-0.66215
-0.65751
0
0
0
0
0
0
0
0
0
0
0
0
0
0
0
0
2.0154
0
0
0
0
0
0
0
0
0
0
-2.0237
-1.9079
0
0
0
0
0
0
0
0
0
0
0
0
0
0
0
0
0
0
3.9317
0
0
0
0
0
0
0
0
0
-7.528
0
0
0
0
0
0
0
0
0
0
0
0
0
0
0
0
0
0
0
0
7.528
0
0
0
0
0
0
0
0
0
0
0
0
0
-8.9128
0
0
0
0
0
0
0
0
0
0
0
0
0
0
0
0
8.9128
0
0
0
0
0
0
0
0
0
0
0
0
0
0
0
0
0
0
0
0
0
0
-0.1045
0
0
0
0
0
0
0
0.1045
0
0
0
0
0
0
0
0
0
0
0
0
0
0
0
0
0
0
0
0
0
0
0
0
-0.23891
0
0
0
0
0
0.23891
0
0
0
0
0
0
0
0
0
0
-8.9128
0
0
0
0
0
0
0
0
0
0
0
0
0
0
0
0
0
0
0
8.9128
0
0
0
0
0
0
0
0
0
0
-5.4971
0
0
0
0
0
0
0
0
0
0
0
0
0
0
0
0
0
0
0
5.4971
0
0
0
0
0
0
0
0
0
0
0
0
0
0
-3.6584
0
0
0
0
0
0
0
0
0
0
0
0
0
0
0
3.6584
0
0
0
0
0
0
0
-8.9128
0
0
0
0
0
0
0
0
0
0
0
0
0
0
0
0
0
0
0
0
0
0
8.9128
0
0
0
0
-6.9277
0
0
0
0
0
0
0
0
0
0
0
0
0
0
0
0
0
0
0
0
0
0
0
0
0
6.9277
