31.4304
-0.71571
-0.71571
-0.6898
-0.69757
-0.6898
-0.6898
-0.66213
-0.66213
-0.68232
-0.68232
-0.67481
-0.6735
-0.65763
-0.65763
-0.68118
-0.68873
-0.68873
-0.4481
0
0
-9.6864
0
0
0
0
-9.6864
0
0
0
-0.71571
19.7184
-0.74491
-0.69817
-0.71464
-0.69817
-0.69817
-0.66895
-0.66895
-0.69783
-0.69783
-0.69065
-0.68129
-0.66506
-0.66506
-0.68852
-0.69428
-0.69428
0
-0.29118
0
0
0
-7.6448
0
0
0
0
0
0
-0.71571
-0.74491
19.7184
-0.69817
-0.71464
-0.69817
-0.69817
-0.66895
-0.66895
-0.69783
-0.69783
-0.69065
-0.68129
-0.66506
-0.66506
-0.68852
-0.69428
-0.69428
0
-0.29118
0
0
-7.6448
0
0
0
0
0
0
0
-0.6898
-0.69817
-0.69817
11.6331
-0.681
-0.65662
-0.65662
-0.63285
-0.63285
-0.65928
-0.65928
-0.65334
-0.64429
-0.62967
-0.62967
-0.65054
-0.65531
-0.65531
-0.4503
0
0
0
0
0
0
0
0
0
0
0
-0.69757
-0.71464
-0.71464
-0.681
18.4937
-0.681
-0.681
-0.64391
-0.64391
-0.67124
-0.67124
-0.6651
-0.65543
-0.64027
-0.64027
-0.66169
-0.66622
-0.66622
0
0
0
0
0
0
0
-7.0984
0
0
0
0
-0.6898
-0.69817
-0.69817
-0.65662
-0.681
11.6331
-0.65662
-0.63285
-0.63285
-0.65928
-0.65928
-0.65334
-0.64429
-0.62967
-0.62967
-0.65054
-0.65531
-0.65531
-0.4503
0
0
0
0
0
0
0
0
0
0
0
-0.6898
-0.69817
-0.69817
-0.65662
-0.681
-0.65662
11.6331
-0.63285
-0.63285
-0.65928
-0.65928
-0.65334
-0.64429
-0.62967
-0.62967
-0.65054
-0.65531
-0.65531
-0.4503
0
0
0
0
0
0
0
0
0
0
0
-0.66213
-0.66895
-0.66895
-0.63285
-0.64391
-0.63285
-0.63285
10.7461
-0.60712
-0.63176
-0.63176
-0.62722
-0.61833
-0.60463
-0.60463
-0.62359
-0.62727
-0.62727
0
0
0
0
0
0
0
0
0
0
0
0
-0.66213
-0.66895
-0.66895
-0.63285
-0.64391
-0.63285
-0.63285
-0.60712
10.7461
-0.63176
-0.63176
-0.62722
-0.61833
-0.60463
-0.60463
-0.62359
-0.62727
-0.62727
0
0
0
0
0
0
0
0
0
0
0
0
-0.68232
-0.69783
-0.69783
-0.65928
-0.67124
-0.65928
-0.65928
-0.63176
-0.63176
15.9977
-0.66419
-0.65068
-0.64213
-0.62651
-0.62651
-0.64732
0
0
0
0
0
0
0
0
0
0
0
0
0
-6.1498
-0.68232
-0.69783
-0.69783
-0.65928
-0.67124
-0.65928
-0.65928
-0.63176
-0.63176
-0.66419
15.9977
-0.65068
-0.64213
-0.62651
-0.62651
-0.64732
0
0
0
0
-6.1498
0
0
0
0
0
0
0
0
0
-0.67481
-0.69065
-0.69065
-0.65334
-0.6651
-0.65334
-0.65334
-0.62722
-0.62722
-0.65068
-0.65068
14.6747
-0.64066
-0.61644
-0.61644
0
0
0
0
0
0
0
0
0
0
0
0
-5.5641
0
0
-0.6735
-0.68129
-0.68129
-0.64429
-0.65543
-0.64429
-0.64429
-0.61833
-0.61833
-0.64213
-0.64213
-0.64066
9.6397
-0.61086
-0.61086
-0.63199
0
0
0
0
0
0
0
0
0
0
0
0
0
0
-0.65763
-0.66506
-0.66506
-0.62967
-0.64027
-0.62967
-0.62967
-0.60463
-0.60463
-0.62651
-0.62651
-0.61644
-0.61086
8.7865
-0.57992
0
0
0
0
0
0
0
0
0
0
0
0
0
0
0
-0.65763
-0.66506
-0.66506
-0.62967
-0.64027
-0.62967
-0.62967
-0.60463
-0.60463
-0.62651
-0.62651
-0.61644
-0.61086
-0.57992
8.7865
0
0
0
0
0
0
0
0
0
0
0
0
0
0
0
-0.68118
-0.68852
-0.68852
-0.65054
-0.66169
-0.65054
-0.65054
-0.62359
-0.62359
-0.64732
-0.64732
0
-0.63199
0
0
7.8453
0
0
0
0
0
0
0
0
0
0
0
0
0
0
-0.68873
-0.69428
-0.69428
-0.65531
-0.66622
-0.65531
-0.65531
-0.62727
-0.62727
0
0
0
0
0
0
0
5.964
0
0
0
0
0
0
0
0
0
0
0
0
0
-0.68873
-0.69428
-0.69428
-0.65531
-0.66622
-0.65531
-0.65531
-0.62727
-0.62727
0
0
0
0
0
0
0
0
5.964
0
0
0
0
0
0
0
0
0
0
0
0
-0.4481
0
0
-0.4503
0
-0.4503
-0.4503
0
0
0
0
0
0
0
0
0
0
0
1.9035
0
0
0
0
0
0
0
0
0
-0.1045
0
0
-0.29118
-0.29118
0
0
0
0
0
0
0
0
0
0
0
0
0
0
0
0
0.77069
0
0
0
0
-0.18834
0
0
0
0
0
0
0
0
0
0
0
0
0
0
0
-6.1498
0
0
0
0
0
0
0
0
0
6.1498
0
0
0
0
0
0
0
0
0
-9.6864
0
0
0
0
0
0
0
0
0
0
0
0
0
0
0
0
0
0
0
0
9.6864
0
0
0
0
0
0
0
0
0
0
-7.6448
0
0
0
0
0
0
0
0
0
0
0
0
0
0
0
0
0
0
0
7.6448
0
0
0
0
0
0
0
0
-7.6448
0
0
0
0
0
0
0
0
0
0
0
0
0
0
0
0
0
0
0
0
0
7.6448
0
0
0
0
0
0
0
0
0
0
0
0
0
0
0
0
0
0
0
0
0
0
0
0
0
-0.18834
0
0
0
0
0.18834
0
0
0
0
0
0
0
0
0
-7.0984
0
0
0
0
0
0
0
0
0
0
0
0
0
0
0
0
0
0
0
0
7.0984
0
0
0
0
-9.6864
0
0
0
0
0
0
0
0
0
0
0
0
0
0
0
0
0
0
0
0
0
0
0
0
0
9.6864
0
0
0
0
0
0
0
0
0
0
0
0
0
0
-5.5641
0
0
0
0
0
0
0
0
0
0
0
0
0
0
0
5.5641
0
0
0
0
0
0
0
0
0
0
0
0
0
0
0
0
0
0
0
0
-0.1045
0
0
0
0
0
0
0
0
0
0.1045
0
0
0
0
0
0
0
0
0
0
-6.1498
0
0
0
0
0
0
0
0
0
0
0
0
0
0
0
0
0
0
0
6.1498
