24.604
-0.88239
-0.91362
-0.74245
-0.74245
-0.74245
-0.74245
-0.74245
-0.78469
-0.78469
-0.79811
-0.81991
-0.79811
-0.8354
-0.67295
-0.8395
-0.8395
-0.7585
-0.75255
-0.75255
0
0
0
0
-9.6592
0
0
0
0
0
-0.88239
14.6934
-0.88239
-0.72204
-0.72204
-0.72204
-0.72204
-0.72204
-0.7594
-0.7594
-0.77568
-0.83346
-0.77568
-0.80869
-0.67134
-0.81197
-0.81197
-0.73555
-0.72812
-0.72812
-0.11904
0
0
0
0
0
0
0
0
0
-0.91362
-0.88239
24.604
-0.74245
-0.74245
-0.74245
-0.74245
-0.74245
-0.78469
-0.78469
-0.79811
-0.81991
-0.79811
-0.8354
-0.67295
-0.8395
-0.8395
-0.7585
-0.75255
-0.75255
0
0
0
0
0
0
0
0
0
-9.6592
-0.74245
-0.72204
-0.74245
12.3019
-0.59394
-0.59394
-0.59394
-0.59394
-0.64157
-0.64157
-0.64904
-0.67366
-0.64904
-0.67744
-0.57672
-0.6806
-0.6806
-0.62897
-0.60997
-0.60997
0
0
0
0
0
0
0
0
0
0
-0.74245
-0.72204
-0.74245
-0.59394
12.3019
-0.59394
-0.59394
-0.59394
-0.64157
-0.64157
-0.64904
-0.67366
-0.64904
-0.67744
-0.57672
-0.6806
-0.6806
-0.62897
-0.60997
-0.60997
0
0
0
0
0
0
0
0
0
0
-0.74245
-0.72204
-0.74245
-0.59394
-0.59394
12.3019
-0.59394
-0.59394
-0.64157
-0.64157
-0.64904
-0.67366
-0.64904
-0.67744
-0.57672
-0.6806
-0.6806
-0.62897
-0.60997
-0.60997
0
0
0
0
0
0
0
0
0
0
-0.74245
-0.72204
-0.74245
-0.59394
-0.59394
-0.59394
12.3019
-0.59394
-0.64157
-0.64157
-0.64904
-0.67366
-0.64904
-0.67744
-0.57672
-0.6806
-0.6806
-0.62897
-0.60997
-0.60997
0
0
0
0
0
0
0
0
0
0
-0.74245
-0.72204
-0.74245
-0.59394
-0.59394
-0.59394
-0.59394
12.3019
-0.64157
-0.64157
-0.64904
-0.67366
-0.64904
-0.67744
-0.57672
-0.6806
-0.6806
-0.62897
-0.60997
-0.60997
0
0
0
0
0
0
0
0
0
0
-0.78469
-0.7594
-0.78469
-0.64157
-0.64157
-0.64157
-0.64157
-0.64157
18.9252
-0.67641
-0.67463
-0.68646
-0.67463
-0.70369
-0.56764
-0.70857
-0.70857
0
0
0
0
0
0
0
0
-7.988
0
0
0
0
-0.78469
-0.7594
-0.78469
-0.64157
-0.64157
-0.64157
-0.64157
-0.64157
-0.67641
18.9252
-0.67463
-0.68646
-0.67463
-0.70369
-0.56764
-0.70857
-0.70857
0
0
0
0
0
0
0
0
0
-7.988
0
0
0
-0.79811
-0.77568
-0.79811
-0.64904
-0.64904
-0.64904
-0.64904
-0.64904
-0.67463
-0.67463
9.0715
-0.73606
-0.63116
-0.7379
0
0
0
0
0
0
0
0
0
0
0
0
0
0
0
0
-0.81991
-0.83346
-0.81991
-0.67366
-0.67366
-0.67366
-0.67366
-0.67366
-0.68646
-0.68646
-0.73606
8.7911
-0.73606
0
0
0
0
0
0
0
0
-0.1045
0
0
0
0
0
0
0
0
-0.79811
-0.77568
-0.79811
-0.64904
-0.64904
-0.64904
-0.64904
-0.64904
-0.67463
-0.67463
-0.63116
-0.73606
9.0715
-0.7379
0
0
0
0
0
0
0
0
0
0
0
0
0
0
0
0
-0.8354
-0.80869
-0.8354
-0.67744
-0.67744
-0.67744
-0.67744
-0.67744
-0.70369
-0.70369
-0.7379
0
-0.7379
8.7499
0
0
0
0
0
0
0
0
0
0
0
0
0
0
0
0
-0.67295
-0.67134
-0.67295
-0.57672
-0.57672
-0.57672
-0.57672
-0.57672
-0.56764
-0.56764
0
0
0
0
21.6291
0
0
0
0
0
0
0
0
0
0
0
0
-7.7965
-7.7965
0
-0.8395
-0.81197
-0.8395
-0.6806
-0.6806
-0.6806
-0.6806
-0.6806
-0.70857
-0.70857
0
0
0
0
0
7.3111
0
0
0
0
0
0
0
0
0
0
0
0
0
0
-0.8395
-0.81197
-0.8395
-0.6806
-0.6806
-0.6806
-0.6806
-0.6806
-0.70857
-0.70857
0
0
0
0
0
0
7.3111
0
0
0
0
0
0
0
0
0
0
0
0
0
-0.7585
-0.73555
-0.7585
-0.62897
-0.62897
-0.62897
-0.62897
-0.62897
0
0
0
0
0
0
0
0
0
5.7813
0
0
0
0
0
-0.38395
0
0
0
0
0
0
-0.75255
-0.72812
-0.75255
-0.60997
-0.60997
-0.60997
-0.60997
-0.60997
0
0
0
0
0
0
0
0
0
0
5.2831
0
0
0
0
0
0
0
0
0
0
0
-0.75255
-0.72812
-0.75255
-0.60997
-0.60997
-0.60997
-0.60997
-0.60997
0
0
0
0
0
0
0
0
0
0
0
5.2831
0
0
0
0
0
0
0
0
0
0
0
-0.11904
0
0
0
0
0
0
0
0
0
0
0
0
0
0
0
0
0
0
1.7973
0
-1.6783
0
0
0
0
0
0
0
0
0
0
0
0
0
0
0
0
0
0
-0.1045
0
0
0
0
0
0
0
0
0
1.9068
-1.8023
0
0
0
0
0
0
0
0
0
0
0
0
0
0
0
0
0
0
0
0
0
0
0
0
0
0
0
-1.6783
-1.8023
3.4806
0
0
0
0
0
0
0
0
0
0
0
0
0
0
0
0
0
0
0
0
0
0
0
0
-0.38395
0
0
0
0
0
0.38395
0
0
0
0
0
0
-9.6592
0
0
0
0
0
0
0
0
0
0
0
0
0
0
0
0
0
0
0
0
0
0
0
9.6592
0
0
0
0
0
0
0
0
0
0
0
0
0
-7.988
0
0
0
0
0
0
0
0
0
0
0
0
0
0
0
0
7.988
0
0
0
0
0
0
0
0
0
0
0
0
0
-7.988
0
0
0
0
0
0
0
0
0
0
0
0
0
0
0
0
7.988
0
0
0
0
0
0
0
0
0
0
0
0
0
0
0
0
0
-7.7965
0
0
0
0
0
0
0
0
0
0
0
0
7.7965
0
0
0
0
0
0
0
0
0
0
0
0
0
0
0
0
-7.7965
0
0
0
0
0
0
0
0
0
0
0
0
0
7.7965
0
0
0
-9.6592
0
0
0
0
0
0
0
0
0
0
0
0
0
0
0
0
0
0
0
0
0
0
0
0
0
0
9.6592
