22.0712
-0.55212
-0.55074
-0.55212
-0.48392
-0.61035
-0.59512
-0.6653
-0.74994
-0.80987
-0.80987
-0.57569
-0.546
-0.63289
-0.63289
-0.63289
-0.63289
-0.63289
-0.63289
0
0
0
0
0
0
-10.7728
0
0
0
0
-0.55212
11.1698
-0.53624
-0.51731
-0.46872
-0.61453
-0.58396
-0.65742
-0.72935
-0.78488
-0.78488
-0.57405
-0.53565
-0.60504
-0.60504
-0.60504
-0.60504
-0.60504
-0.60504
0
-0.20038
0
0
0
0
0
0
0
0
0
-0.55074
-0.53624
11.0599
-0.53624
-0.46803
-0.60843
-0.59163
-0.65219
-0.72754
-0.78426
-0.78426
-0.56496
-0.57384
-0.59618
-0.59618
-0.59618
-0.59618
-0.59618
-0.59618
-0.1045
0
0
0
0
0
0
0
0
0
0
-0.55212
-0.51731
-0.53624
11.1698
-0.46872
-0.61453
-0.58396
-0.65742
-0.72935
-0.78488
-0.78488
-0.57405
-0.53565
-0.60504
-0.60504
-0.60504
-0.60504
-0.60504
-0.60504
0
-0.20038
0
0
0
0
0
0
0
0
0
-0.48392
-0.46872
-0.46803
-0.46872
9.7701
-0.55028
-0.52027
-0.58755
-0.6438
-0.6903
-0.6903
-0.51528
-0.47525
-0.53461
-0.53461
-0.53461
-0.53461
-0.53461
-0.53461
0
0
0
0
0
0
0
0
0
0
0
-0.61035
-0.61453
-0.60843
-0.61453
-0.55028
26.2555
-0.55715
-0.59233
-0.6872
-0.74877
-0.74877
0
0
0
0
0
0
0
0
0
0
0
0
-9.9616
0
0
0
-9.9616
0
0
-0.59512
-0.58396
-0.59163
-0.58396
-0.52027
-0.55715
9.8755
-0.56414
-0.60742
-0.65191
-0.65191
0
0
0
0
0
0
0
0
0
0
0
-3.968
0
0
0
0
0
0
0
-0.6653
-0.65742
-0.65219
-0.65742
-0.58755
-0.59233
-0.56414
10.4797
-0.59309
0
0
0
0
0
0
0
0
0
0
0
0
0
0
0
0
0
-5.5102
0
0
0
-0.74994
-0.72935
-0.72754
-0.72935
-0.6438
-0.6872
-0.60742
-0.59309
5.4677
0
0
0
0
0
0
0
0
0
0
0
0
0
0
0
0
0
0
0
0
0
-0.80987
-0.78488
-0.78426
-0.78488
-0.6903
-0.74877
-0.65191
0
0
5.2549
0
0
0
0
0
0
0
0
0
0
0
0
0
0
0
0
0
0
0
0
-0.80987
-0.78488
-0.78426
-0.78488
-0.6903
-0.74877
-0.65191
0
0
0
5.2549
0
0
0
0
0
0
0
0
0
0
0
0
0
0
0
0
0
0
0
-0.57569
-0.57405
-0.56496
-0.57405
-0.51528
0
0
0
0
0
0
4.1796
0
0
0
0
0
0
0
0
0
0
0
0
0
0
0
0
-1.3755
0
-0.546
-0.53565
-0.57384
-0.53565
-0.47525
0
0
0
0
0
0
0
3.0319
0
0
0
0
0
0
-0.36554
0
0
0
0
0
0
0
0
0
0
-0.63289
-0.60504
-0.59618
-0.60504
-0.53461
0
0
0
0
0
0
0
0
2.9738
0
0
0
0
0
0
0
0
0
0
0
0
0
0
0
0
-0.63289
-0.60504
-0.59618
-0.60504
-0.53461
0
0
0
0
0
0
0
0
0
2.9738
0
0
0
0
0
0
0
0
0
0
0
0
0
0
0
-0.63289
-0.60504
-0.59618
-0.60504
-0.53461
0
0
0
0
0
0
0
0
0
0
2.9738
0
0
0
0
0
0
0
0
0
0
0
0
0
0
-0.63289
-0.60504
-0.59618
-0.60504
-0.53461
0
0
0
0
0
0
0
0
0
0
0
2.9738
0
0
0
0
0
0
0
0
0
0
0
0
0
-0.63289
-0.60504
-0.59618
-0.60504
-0.53461
0
0
0
0
0
0
0
0
0
0
0
0
2.9738
0
0
0
0
0
0
0
0
0
0
0
0
-0.63289
-0.60504
-0.59618
-0.60504
-0.53461
0
0
0
0
0
0
0
0
0
0
0
0
0
2.9738
0
0
0
0
0
0
0
0
0
0
0
0
0
-0.1045
0
0
0
0
0
0
0
0
0
-0.36554
0
0
0
0
0
0
6.2771
0
-3.877
0
0
0
0
0
0
0
-1.93
0
-0.20038
0
-0.20038
0
0
0
0
0
0
0
0
0
0
0
0
0
0
0
0
0.51238
0
0
0
-0.11163
0
0
0
0
0
0
0
0
0
0
0
0
0
0
0
0
0
0
0
0
0
0
0
0
-3.877
0
4.3066
-0.4296
0
0
0
0
0
0
0
0
0
0
0
0
0
-3.968
0
0
0
0
0
0
0
0
0
0
0
0
0
0
-0.4296
4.3976
0
0
0
0
0
0
0
0
0
0
0
0
-9.9616
0
0
0
0
0
0
0
0
0
0
0
0
0
0
0
0
0
9.9616
0
0
0
0
0
0
0
0
0
0
0
0
0
0
0
0
0
0
0
0
0
0
0
0
0
0
-0.11163
0
0
0
0.11163
0
0
0
0
0
-10.7728
0
0
0
0
0
0
0
0
0
0
0
0
0
0
0
0
0
0
0
0
0
0
0
0
10.7728
0
0
0
0
0
0
0
0
0
0
0
-5.5102
0
0
0
0
0
0
0
0
0
0
0
0
0
0
0
0
0
0
5.5102
0
0
0
0
0
0
0
0
-9.9616
0
0
0
0
0
0
0
0
0
0
0
0
0
0
0
0
0
0
0
0
0
9.9616
0
0
0
0
0
0
0
0
0
0
0
0
0
-1.3755
0
0
0
0
0
0
0
0
0
0
0
0
0
0
0
0
1.3755
0
0
0
0
0
0
0
0
0
0
0
0
0
0
0
0
0
0
0
0
-1.93
0
0
0
0
0
0
0
0
0
1.93
