26.4315
-0.63269
-0.63269
-0.59553
-0.5676
-0.56169
-0.56398
-0.56531
-0.42343
-0.49893
-0.42343
-0.42343
-0.42343
-0.49801
0
0
0
0
0
0
0
0
-2.2134
0
0
0
0
-8.704
0
-8.704
-0.63269
11.4333
-0.63853
-0.60257
-0.59897
-0.61682
-0.59528
-0.63789
-0.43333
-0.52857
-0.43333
-0.43333
-0.43333
-0.54838
-0.55373
0
0
0
0
-3.7465
0
0
0
0
0
0
0
0
0
0
-0.63269
-0.63853
11.4333
-0.60257
-0.59897
-0.61682
-0.59528
-0.63789
-0.43333
-0.52857
-0.43333
-0.43333
-0.43333
-0.54838
-0.55373
0
0
0
0
-3.7465
0
0
0
0
0
0
0
0
0
0
-0.59553
-0.60257
-0.60257
9.4093
-0.55866
-0.53562
-0.52428
-0.58209
-0.3764
-0.46565
-0.3764
-0.3764
-0.3764
-0.48
0
0
0
0
0
0
0
-2.9567
0
0
0
0
0
0
0
0
-0.5676
-0.59897
-0.59897
-0.55866
8.6107
-0.53226
-0.52146
-0.57793
-0.37415
-0.46314
-0.37415
-0.37415
-0.37415
-0.47689
0
0
0
0
0
0
0
0
0
-2.2182
0
0
0
0
0
0
-0.56169
-0.61682
-0.61682
-0.53562
-0.53226
12.6099
-0.53137
-0.58783
-0.38286
-0.47236
-0.38286
-0.38286
-0.38286
-0.4857
0
0
0
0
0
0
0
0
0
0
-6.138
0
0
0
0
0
-0.56398
-0.59528
-0.59528
-0.52428
-0.52146
-0.53137
6.7743
-0.57949
-0.37084
-0.44516
-0.37084
-0.37084
-0.37084
-0.47126
0
0
-0.46339
0
0
0
0
0
0
0
0
0
0
0
0
0
-0.56531
-0.63789
-0.63789
-0.58209
-0.57793
-0.58783
-0.57949
12.828
-0.41633
-0.45413
-0.41633
-0.41633
-0.41633
0
-0.44206
0
0
0
0
0
0
0
0
0
0
-6.098
0
0
0
0
-0.42343
-0.43333
-0.43333
-0.3764
-0.37415
-0.38286
-0.37084
-0.41633
4.5748
-0.3241
-0.23375
-0.23375
-0.23375
-0.33875
0
0
0
0
0
0
0
0
0
0
0
0
0
0
0
0
-0.49893
-0.52857
-0.52857
-0.46565
-0.46314
-0.47236
-0.44516
-0.45413
-0.3241
5.5541
-0.3241
-0.3241
-0.3241
0
0
0
-0.4012
0
0
0
0
0
0
0
0
0
0
0
0
0
-0.42343
-0.43333
-0.43333
-0.3764
-0.37415
-0.38286
-0.37084
-0.41633
-0.23375
-0.3241
4.5748
-0.23375
-0.23375
-0.33875
0
0
0
0
0
0
0
0
0
0
0
0
0
0
0
0
-0.42343
-0.43333
-0.43333
-0.3764
-0.37415
-0.38286
-0.37084
-0.41633
-0.23375
-0.3241
-0.23375
4.5748
-0.23375
-0.33875
0
0
0
0
0
0
0
0
0
0
0
0
0
0
0
0
-0.42343
-0.43333
-0.43333
-0.3764
-0.37415
-0.38286
-0.37084
-0.41633
-0.23375
-0.3241
-0.23375
-0.23375
4.5748
-0.33875
0
0
0
0
0
0
0
0
0
0
0
0
0
0
0
0
-0.49801
-0.54838
-0.54838
-0.48
-0.47689
-0.4857
-0.47126
0
-0.33875
0
-0.33875
-0.33875
-0.33875
8.4202
0
0
0
0
-3.5566
0
0
0
0
0
0
0
0
0
0
0
0
-0.55373
-0.55373
0
0
0
0
-0.44206
0
0
0
0
0
0
8.4622
0
0
0
0
0
-4.1776
0
0
0
0
0
-2.735
0
0
0
0
0
0
0
0
0
0
0
0
0
0
0
0
0
0
9.2334
0
-6.6208
0
0
0
0
-1.2241
-1.3885
0
0
0
0
0
0
0
0
0
0
0
0
-0.46339
0
0
-0.4012
0
0
0
0
0
0
1.8485
0
0
0
0
0
0
0
0
0
0
0
-0.98395
0
0
0
0
0
0
0
0
0
0
0
0
0
0
0
0
-6.6208
0
9.3374
0
0
0
-2.7166
0
0
0
0
0
0
0
0
0
0
0
0
0
0
0
0
0
0
0
0
0
-3.5566
0
0
0
0
4.5601
0
-1.0035
0
0
0
0
0
0
0
0
0
0
-3.7465
-3.7465
0
0
0
0
0
0
0
0
0
0
0
0
0
0
0
0
7.493
0
0
0
0
0
0
0
0
0
0
0
0
0
0
0
0
0
0
0
0
0
0
0
0
-4.1776
0
0
0
-1.0035
0
5.1811
0
0
0
0
0
0
0
0
0
0
0
0
-2.9567
0
0
0
0
0
0
0
0
0
0
0
0
0
-2.7166
0
0
0
5.6734
0
0
0
0
0
0
0
0
-2.2134
0
0
0
0
0
0
0
0
0
0
0
0
0
0
-1.2241
0
0
0
0
0
0
3.4376
0
0
0
0
0
0
0
0
0
0
0
-2.2182
0
0
0
0
0
0
0
0
0
0
-1.3885
0
0
0
0
0
0
0
3.6067
0
0
0
0
0
0
0
0
0
0
0
-6.138
0
0
0
0
0
0
0
0
0
0
0
0
0
0
0
0
0
0
6.138
0
0
0
0
0
0
0
0
0
0
0
0
-6.098
0
0
0
0
0
0
0
0
0
0
0
0
0
0
0
0
0
6.098
0
0
0
0
0
0
0
0
0
0
0
0
0
0
0
0
0
0
-2.735
0
0
0
0
0
0
0
0
0
0
0
2.735
0
0
0
-8.704
0
0
0
0
0
0
0
0
0
0
0
0
0
0
0
0
0
0
0
0
0
0
0
0
0
0
8.704
0
0
0
0
0
0
0
0
0
0
0
0
0
0
0
0
0
0
-0.98395
0
0
0
0
0
0
0
0
0
0
0
0.98395
0
-8.704
0
0
0
0
0
0
0
0
0
0
0
0
0
0
0
0
0
0
0
0
0
0
0
0
0
0
0
0
8.704
