32.7187
-0.49339
-0.57547
-0.54707
-0.58893
-0.54618
-0.54618
-0.54618
-0.56806
-0.43104
-0.43104
-0.50773
-0.43104
-0.43104
-0.47855
-0.53667
0
0
0
0
-3.4569
0
0
0
0
0
0
-7.2011
-7.2011
-7.2011
-0.49339
20.3919
-0.64736
-0.62972
-0.65825
-0.60926
-0.60926
-0.60926
-0.62561
-0.48086
-0.48086
-0.56989
-0.48086
-0.48086
-0.53388
-0.60043
0
0
0
0
0
0
0
-5.9411
-5.9411
0
0
0
0
0
-0.57547
-0.64736
8.8752
-0.66256
-0.68366
-0.60677
-0.60677
-0.60677
-0.62275
-0.47847
-0.47847
-0.56988
-0.47847
-0.47847
-0.53275
-0.60123
-0.24532
0
0
0
0
0
0
0
0
0
0
0
0
0
-0.54707
-0.62972
-0.66256
11.868
-0.69275
-0.61538
-0.61538
-0.61538
-0.63462
-0.48543
-0.48543
-0.57825
-0.48543
-0.48543
-0.54023
-0.6087
0
0
0
0
0
0
0
0
0
0
-3.1863
0
0
0
-0.58893
-0.65825
-0.68366
-0.69275
11.8896
-0.62373
-0.62373
-0.62373
-0.64009
-0.48398
-0.48398
-0.58693
-0.48398
-0.48398
-0.53938
0
0
-0.27785
-3.4146
0
0
0
0
0
0
0
0
0
0
0
-0.54618
-0.60926
-0.60677
-0.61538
-0.62373
8.0366
-0.55195
-0.55195
-0.60219
-0.43879
-0.43879
-0.5263
-0.43879
-0.43879
-0.4924
-0.55536
0
0
0
0
0
0
0
0
0
0
0
0
0
0
-0.54618
-0.60926
-0.60677
-0.61538
-0.62373
-0.55195
8.0366
-0.55195
-0.60219
-0.43879
-0.43879
-0.5263
-0.43879
-0.43879
-0.4924
-0.55536
0
0
0
0
0
0
0
0
0
0
0
0
0
0
-0.54618
-0.60926
-0.60677
-0.61538
-0.62373
-0.55195
-0.55195
8.0366
-0.60219
-0.43879
-0.43879
-0.5263
-0.43879
-0.43879
-0.4924
-0.55536
0
0
0
0
0
0
0
0
0
0
0
0
0
0
-0.56806
-0.62561
-0.62275
-0.63462
-0.64009
-0.60219
-0.60219
-0.60219
11.5928
-0.44113
-0.44113
-0.52136
-0.44113
-0.44113
-0.49393
0
0
0
0
-3.9153
0
0
0
0
0
0
0
0
0
0
-0.43104
-0.48086
-0.47847
-0.48543
-0.48398
-0.43879
-0.43879
-0.43879
-0.44113
5.8189
-0.31112
-0.39442
-0.31112
-0.31112
-0.37381
0
0
0
0
0
0
0
0
0
0
0
0
0
0
0
-0.43104
-0.48086
-0.47847
-0.48543
-0.48398
-0.43879
-0.43879
-0.43879
-0.44113
-0.31112
5.8189
-0.39442
-0.31112
-0.31112
-0.37381
0
0
0
0
0
0
0
0
0
0
0
0
0
0
0
-0.50773
-0.56989
-0.56988
-0.57825
-0.58693
-0.5263
-0.5263
-0.5263
-0.52136
-0.39442
-0.39442
9.9134
-0.39442
-0.39442
0
0
0
0
0
0
0
-3.4228
0
0
0
0
0
0
0
0
-0.43104
-0.48086
-0.47847
-0.48543
-0.48398
-0.43879
-0.43879
-0.43879
-0.44113
-0.31112
-0.31112
-0.39442
5.8189
-0.31112
-0.37381
0
0
0
0
0
0
0
0
0
0
0
0
0
0
0
-0.43104
-0.48086
-0.47847
-0.48543
-0.48398
-0.43879
-0.43879
-0.43879
-0.44113
-0.31112
-0.31112
-0.39442
-0.31112
5.8189
-0.37381
0
0
0
0
0
0
0
0
0
0
0
0
0
0
0
-0.47855
-0.53388
-0.53275
-0.54023
-0.53938
-0.4924
-0.4924
-0.4924
-0.49393
-0.37381
-0.37381
0
-0.37381
-0.37381
6.0912
0
0
0
0
0
0
0
0
0
0
0
0
0
0
0
-0.53667
-0.60043
-0.60123
-0.6087
0
-0.55536
-0.55536
-0.55536
0
0
0
0
0
0
0
4.0131
0
0
0
0
0
0
0
0
0
0
0
0
0
0
0
0
-0.24532
0
0
0
0
0
0
0
0
0
0
0
0
0
10.9367
0
-3.6569
0
0
-3.8112
0
0
0
-3.2233
0
0
0
0
0
0
0
0
-0.27785
0
0
0
0
0
0
0
0
0
0
0
0
10.5147
0
-4.0638
-3.5749
0
-2.5981
0
0
0
0
0
0
0
0
0
0
0
-3.4146
0
0
0
0
0
0
0
0
0
0
0
-3.6569
0
7.0715
0
0
0
0
0
0
0
0
0
0
0
0
0
0
0
0
0
0
0
-3.9153
0
0
0
0
0
0
0
0
-4.0638
0
7.9791
0
0
0
0
0
0
0
0
0
0
-3.4569
0
0
0
0
0
0
0
0
0
0
0
0
0
0
0
0
-3.5749
0
0
7.0319
0
0
0
0
0
0
0
0
0
0
0
0
0
0
0
0
0
0
0
0
-3.4228
0
0
0
0
-3.8112
0
0
0
0
7.234
0
0
0
0
0
0
0
0
0
0
0
0
0
0
0
0
0
0
0
0
0
0
0
0
0
-2.5981
0
0
0
0
2.5981
0
0
0
0
0
0
0
0
-5.9411
0
0
0
0
0
0
0
0
0
0
0
0
0
0
0
0
0
0
0
0
0
5.9411
0
0
0
0
0
0
0
-5.9411
0
0
0
0
0
0
0
0
0
0
0
0
0
0
0
0
0
0
0
0
0
0
5.9411
0
0
0
0
0
0
0
0
0
0
0
0
0
0
0
0
0
0
0
0
0
-3.2233
0
0
0
0
0
0
0
0
3.2233
0
0
0
0
0
0
0
-3.1863
0
0
0
0
0
0
0
0
0
0
0
0
0
0
0
0
0
0
0
0
0
0
3.1863
0
0
0
-7.2011
0
0
0
0
0
0
0
0
0
0
0
0
0
0
0
0
0
0
0
0
0
0
0
0
0
0
7.2011
0
0
-7.2011
0
0
0
0
0
0
0
0
0
0
0
0
0
0
0
0
0
0
0
0
0
0
0
0
0
0
0
7.2011
0
-7.2011
0
0
0
0
0
0
0
0
0
0
0
0
0
0
0
0
0
0
0
0
0
0
0
0
0
0
0
0
7.2011
