19.026
-0.47303
-0.45866
-0.47572
-0.48322
-0.48322
-0.4545
-0.49411
-0.41272
-0.48652
-0.48652
-0.4433
-0.4433
0
-0.52792
-0.77361
0
-0.77361
-0.77361
-2.0801
0
0
0
0
0
-8.5023
0
0
0
0
-0.47303
19.026
-0.45866
-0.47572
-0.48322
-0.48322
-0.4545
-0.49411
-0.41272
-0.48652
-0.48652
-0.4433
-0.4433
0
-0.52792
-0.77361
0
-0.77361
-0.77361
-2.0801
0
0
0
-8.5023
0
0
0
0
0
0
-0.45866
-0.45866
8.1509
-0.4646
-0.47019
-0.47019
-0.44595
-0.48107
-0.41962
-0.47086
-0.47086
-0.42762
-0.42762
0
-0.51534
-0.72322
0
-0.72322
-0.72322
0
0
0
0
0
0
0
0
0
0
0
-0.47572
-0.47572
-0.4646
6.4573
-0.47153
-0.47153
-0.46475
-0.47921
-0.42939
-0.47463
-0.47463
-0.43449
-0.43449
-0.3403
-0.56634
0
0
0
0
0
0
0
0
0
0
0
0
0
0
0
-0.48322
-0.48322
-0.47019
-0.47153
12.0106
-0.46551
-0.45166
-0.47354
-0.40306
-0.47031
-0.47031
-0.4303
-0.4303
0
0
0
0
0
0
0
0
0
-6.5075
0
0
0
0
0
0
0
-0.48322
-0.48322
-0.47019
-0.47153
-0.46551
12.0106
-0.45166
-0.47354
-0.40306
-0.47031
-0.47031
-0.4303
-0.4303
0
0
0
0
0
0
0
0
0
0
0
0
0
0
0
0
-6.5075
-0.4545
-0.4545
-0.44595
-0.46475
-0.45166
-0.45166
4.7427
-0.45648
-0.40602
-0.45658
-0.45658
0
0
0
0
0
-0.24401
0
0
0
0
0
0
0
0
0
0
0
0
0
-0.49411
-0.49411
-0.48107
-0.47921
-0.47354
-0.47354
-0.45648
8.3158
0
-0.47865
-0.47865
0
0
0
0
0
0
0
0
0
0
0
0
0
-4.0065
0
0
0
0
0
-0.41272
-0.41272
-0.41962
-0.42939
-0.40306
-0.40306
-0.40602
0
16.8785
0
0
0
0
0
0
0
0
0
0
0
-1.2165
-6.3877
0
0
0
0
-6.3877
0
0
0
-0.48652
-0.48652
-0.47086
-0.47463
-0.47031
-0.47031
-0.45658
-0.47865
0
3.7944
0
0
0
0
0
0
0
0
0
0
0
0
0
0
0
0
0
0
0
0
-0.48652
-0.48652
-0.47086
-0.47463
-0.47031
-0.47031
-0.45658
-0.47865
0
0
3.7944
0
0
0
0
0
0
0
0
0
0
0
0
0
0
0
0
0
0
0
-0.4433
-0.4433
-0.42762
-0.43449
-0.4303
-0.4303
0
0
0
0
0
2.6093
0
0
0
0
0
0
0
0
0
0
0
0
0
0
0
0
0
0
-0.4433
-0.4433
-0.42762
-0.43449
-0.4303
-0.4303
0
0
0
0
0
0
2.6093
0
0
0
0
0
0
0
0
0
0
0
0
0
0
0
0
0
0
0
0
-0.3403
0
0
0
0
0
0
0
0
0
2.6264
-0.5315
0
-0.25453
0
0
0
-1.3956
0
0
0
0
0
0
0
-0.1045
0
-0.52792
-0.52792
-0.51534
-0.56634
0
0
0
0
0
0
0
0
0
-0.5315
2.669
0
0
0
0
0
0
0
0
0
0
0
0
0
0
0
-0.77361
-0.77361
-0.72322
0
0
0
0
0
0
0
0
0
0
0
0
2.2704
0
0
0
0
0
0
0
0
0
0
0
0
0
0
0
0
0
0
0
0
-0.24401
0
0
0
0
0
0
-0.25453
0
0
0.64392
0
0
0
0
0
0
0
0
0
0
-0.14538
0
0
-0.77361
-0.77361
-0.72322
0
0
0
0
0
0
0
0
0
0
0
0
0
0
2.2704
0
0
0
0
0
0
0
0
0
0
0
0
-0.77361
-0.77361
-0.72322
0
0
0
0
0
0
0
0
0
0
0
0
0
0
0
2.2704
0
0
0
0
0
0
0
0
0
0
0
-2.0801
-2.0801
0
0
0
0
0
0
0
0
0
0
0
0
0
0
0
0
0
4.1602
0
0
0
0
0
0
0
0
0
0
0
0
0
0
0
0
0
0
-1.2165
0
0
0
0
-1.3956
0
0
0
0
0
0
2.6121
0
0
0
0
0
0
0
0
0
0
0
0
0
0
0
0
0
-6.3877
0
0
0
0
0
0
0
0
0
0
0
0
6.3877
0
0
0
0
0
0
0
0
0
0
0
0
-6.5075
0
0
0
0
0
0
0
0
0
0
0
0
0
0
0
0
0
6.5075
0
0
0
0
0
0
0
0
-8.5023
0
0
0
0
0
0
0
0
0
0
0
0
0
0
0
0
0
0
0
0
0
8.5023
0
0
0
0
0
0
0
0
0
0
0
0
0
-4.0065
0
0
0
0
0
0
0
0
0
0
0
0
0
0
0
0
4.0065
0
0
0
0
0
-8.5023
0
0
0
0
0
0
0
0
0
0
0
0
0
0
0
0
0
0
0
0
0
0
0
0
8.5023
0
0
0
0
0
0
0
0
0
0
0
0
-6.3877
0
0
0
0
0
0
0
0
0
0
0
0
0
0
0
0
0
6.3877
0
0
0
0
0
0
0
0
0
0
0
0
0
0
0
0
0
0
0
-0.14538
0
0
0
0
0
0
0
0
0
0
0.14538
0
0
0
0
0
0
0
0
0
0
0
0
0
0
0
-0.1045
0
0
0
0
0
0
0
0
0
0
0
0
0
0
0.1045
0
0
0
0
0
0
-6.5075
0
0
0
0
0
0
0
0
0
0
0
0
0
0
0
0
0
0
0
0
0
0
0
6.5075
