5.6286
-0.54355
-0.54297
-0.53273
-0.2721
-0.10003
-0.10081
-0.10003
-0.10002
-0.55614
-0.54246
-0.10003
-0.10003
-0.10005
-0.10003
-0.63333
0
0
0
0
-1.2044
0
0
0
0
0
0
0
0
0
-0.54355
18.0036
-1.9189
-1.1663
-0.60938
-0.56114
-0.10003
-0.52942
-0.52507
-1.0732
-1.184
-0.64963
-0.70362
-0.71637
-0.68652
-0.81317
0
0
0
0
0
0
0
0
0
0
-6.2233
0
0
0
-0.54297
-1.9189
18.0516
-1.181
-0.61096
-0.5598
-0.10003
-0.52817
-0.52388
-1.0791
-1.1907
-0.64947
-0.70245
-0.71549
-0.68701
-0.82259
0
0
0
0
0
0
0
-6.2389
0
0
0
0
0
0
-0.53273
-1.1663
-1.181
15.9801
-0.53028
-0.57002
-0.10002
-0.53037
-0.52335
-0.98416
-1.125
-0.63046
-0.70579
-0.70553
-0.63608
-0.51467
0
0
0
0
0
0
0
0
0
-5.5442
0
0
0
0
-0.2721
-0.60938
-0.61096
-0.53028
9.3194
-0.59414
-0.10002
-0.56949
-0.57723
-0.28307
-0.4013
-0.12825
-0.68025
-0.62143
-0.10778
0
0
0
-3.2337
0
0
0
0
0
0
0
0
0
0
0
-0.10003
-0.56114
-0.5598
-0.57002
-0.59414
8.4674
-0.39464
-0.65385
-0.10196
-0.56246
-0.56587
-1.0798
-0.56852
-0.9451
-0.23014
-0.97985
0
0
0
0
0
0
0
0
0
0
0
0
0
0
-0.10081
-0.10003
-0.10003
-0.10002
-0.10002
-0.39464
8.2155
-0.72416
-0.77664
-0.10001
-0.10001
-0.10003
-0.17383
-0.61727
-1.0475
0
0
0
0
-3.6805
0
0
0
0
0
0
0
0
0
0
-0.10003
-0.52942
-0.52817
-0.53037
-0.56949
-0.65385
-0.72416
8.7275
-0.35443
-0.50643
-0.53139
-0.10123
-0.64615
-0.78273
-1.1734
-0.99626
0
0
0
0
0
0
0
0
0
0
0
0
0
0
-0.10002
-0.52507
-0.52388
-0.52335
-0.57723
-0.10196
-0.77664
-0.35443
7.9924
-0.4986
-0.52608
-0.10082
-0.67459
-0.54011
-1.1742
-0.99537
0
0
0
0
0
0
0
0
0
0
0
0
0
0
-0.55614
-1.0732
-1.0791
-0.98416
-0.28307
-0.56246
-0.10001
-0.50643
-0.4986
12.9252
-0.72108
-0.62791
-0.71646
-0.65402
0
0
0
0
0
0
0
0
0
0
-4.5625
0
0
0
0
0
-0.54246
-1.184
-1.1907
-1.125
-0.4013
-0.56587
-0.10001
-0.53139
-0.52608
-0.72108
13.6692
-0.60037
-0.71219
-0.66558
0
0
0
0
0
0
0
0
0
0
0
0
0
0
-4.8032
0
-0.10003
-0.64963
-0.64947
-0.63046
-0.12825
-1.0798
-0.10003
-0.10123
-0.10082
-0.62791
-0.60037
7.8552
-1.1491
0
0
0
-1.938
0
0
0
0
0
0
0
0
0
0
0
0
0
-0.10003
-0.70362
-0.70245
-0.70579
-0.68025
-0.56852
-0.17383
-0.64615
-0.67459
-0.71646
-0.71219
-1.1491
7.533
0
0
0
0
0
0
0
0
0
0
0
0
0
0
0
0
0
-0.10005
-0.71637
-0.71549
-0.70553
-0.62143
-0.9451
-0.61727
-0.78273
-0.54011
-0.65402
-0.66558
0
0
7.0637
0
0
0
0
0
0
0
0
0
0
0
0
0
0
0
0
-0.10003
-0.68652
-0.68701
-0.63608
-0.10778
-0.23014
-1.0475
-1.1734
-1.1742
0
0
0
0
0
7.7745
0
-1.9318
0
0
0
0
0
0
0
0
0
0
0
0
0
-0.63333
-0.81317
-0.82259
-0.51467
0
-0.97985
0
-0.99626
-0.99537
0
0
0
0
0
0
14.4526
0
0
0
0
0
0
-4.3487
0
0
0
0
0
0
-4.3487
0
0
0
0
0
0
0
0
0
0
0
-1.938
0
0
-1.9318
0
9.5143
0
0
0
0
-2.3931
0
0
0
0
0
-3.2514
0
0
0
0
0
0
0
0
0
0
0
0
0
0
0
0
0
0
0
3.6997
0
-0.56437
-3.1353
0
0
0
0
0
0
0
0
0
0
0
0
0
-3.2337
0
0
0
0
0
0
0
0
0
0
0
0
0
6.0309
0
0
-2.7972
0
0
0
0
0
0
0
0
0
0
0
0
0
0
-3.6805
0
0
0
0
0
0
0
0
0
0
-0.56437
0
4.2448
0
0
0
0
0
0
0
0
0
0
-1.2044
0
0
0
0
0
0
0
0
0
0
0
0
0
0
0
0
-3.1353
0
0
4.3397
0
0
0
0
0
0
0
0
0
0
0
0
0
0
0
0
0
0
0
0
0
0
0
0
0
-2.3931
0
-2.7972
0
0
5.1902
0
0
0
0
0
0
0
0
0
0
0
0
0
0
0
0
0
0
0
0
0
0
0
-4.3487
0
0
0
0
0
0
4.3487
0
0
0
0
0
0
0
0
0
-6.2389
0
0
0
0
0
0
0
0
0
0
0
0
0
0
0
0
0
0
0
0
6.2389
0
0
0
0
0
0
0
0
0
0
0
0
0
0
0
-4.5625
0
0
0
0
0
0
0
0
0
0
0
0
0
0
4.5625
0
0
0
0
0
0
0
0
-5.5442
0
0
0
0
0
0
0
0
0
0
0
0
0
0
0
0
0
0
0
0
0
5.5442
0
0
0
0
0
-6.2233
0
0
0
0
0
0
0
0
0
0
0
0
0
0
0
0
0
0
0
0
0
0
0
0
6.2233
0
0
0
0
0
0
0
0
0
0
0
0
0
0
0
0
0
0
0
-3.2514
0
0
0
0
0
0
0
0
0
0
3.2514
0
0
0
0
0
0
0
0
0
0
0
0
-4.8032
0
0
0
0
0
0
0
0
0
0
0
0
0
0
0
0
0
4.8032
0
0
0
0
0
0
0
0
0
0
0
0
0
0
0
0
-4.3487
0
0
0
0
0
0
0
0
0
0
0
0
0
4.3487
