20.8139
-0.54161
-0.50597
-0.50597
-0.48865
-0.48865
-0.51415
-0.52785
-0.45053
-0.50958
-0.54334
-0.53346
-0.53124
-0.33567
-0.48309
-0.45407
-0.5008
-0.5008
-0.55415
0
0
0
-11.8443
0
0
0
0
0
0
0
-0.54161
20.8139
-0.50597
-0.50597
-0.48865
-0.48865
-0.51415
-0.52785
-0.45053
-0.50958
-0.54334
-0.53346
-0.53124
-0.33567
-0.48309
-0.45407
-0.5008
-0.5008
-0.55415
0
0
0
0
0
-11.8443
0
0
0
0
0
-0.50597
-0.50597
8.4824
-0.47578
-0.4616
-0.4616
-0.48433
-0.49434
-0.43197
-0.48039
-0.50728
-0.50134
-0.49739
-0.32768
-0.45466
-0.4296
-0.47207
-0.47207
-0.51839
0
0
0
0
0
0
0
0
0
0
0
-0.50597
-0.50597
-0.47578
8.4824
-0.4616
-0.4616
-0.48433
-0.49434
-0.43197
-0.48039
-0.50728
-0.50134
-0.49739
-0.32768
-0.45466
-0.4296
-0.47207
-0.47207
-0.51839
0
0
0
0
0
0
0
0
0
0
0
-0.48865
-0.48865
-0.4616
-0.4616
7.6887
-0.44147
-0.46661
-0.47449
-0.41576
-0.46282
-0.48637
-0.48264
-0.4772
-0.31781
-0.4375
-0.41398
-0.45577
-0.45577
0
0
0
0
0
0
0
0
0
0
0
0
-0.48865
-0.48865
-0.4616
-0.4616
-0.44147
7.6887
-0.46661
-0.47449
-0.41576
-0.46282
-0.48637
-0.48264
-0.4772
-0.31781
-0.4375
-0.41398
-0.45577
-0.45577
0
0
0
0
0
0
0
0
0
0
0
0
-0.51415
-0.51415
-0.48433
-0.48433
-0.46661
-0.46661
6.3559
-0.50175
-0.44513
-0.48592
-0.51555
-0.50969
-0.50647
0
-0.46118
0
0
0
0
0
0
0
0
0
0
0
0
0
0
0
-0.52785
-0.52785
-0.49434
-0.49434
-0.47449
-0.47449
-0.50175
13.5505
-0.44862
-0.49729
-0.53348
-0.52277
-0.52307
0
0
0
0
0
0
0
0
0
0
0
0
0
0
0
-7.5302
0
-0.45053
-0.45053
-0.43197
-0.43197
-0.41576
-0.41576
-0.44513
-0.44862
20.863
-0.44101
0
0
0
0
0
0
0
0
0
0
-8.4659
0
0
0
0
0
-8.4659
0
0
0
-0.50958
-0.50958
-0.48039
-0.48039
-0.46282
-0.46282
-0.48592
-0.49729
-0.44101
5.344
-0.50372
-0.51046
0
0
0
0
0
0
0
0
0
0
0
0
0
0
0
0
0
0
-0.54334
-0.54334
-0.50728
-0.50728
-0.48637
-0.48637
-0.51555
-0.53348
0
-0.50372
7.9436
0
0
0
0
0
0
0
0
0
0
-3.3169
0
0
0
0
0
0
0
0
-0.53346
-0.53346
-0.50134
-0.50134
-0.48264
-0.48264
-0.50969
-0.52277
0
-0.51046
0
4.5778
0
0
0
0
0
0
0
0
0
0
0
0
0
0
0
0
0
0
-0.53124
-0.53124
-0.49739
-0.49739
-0.4772
-0.4772
-0.50647
-0.52307
0
0
0
0
5.6709
0
0
0
0
0
0
0
0
0
0
0
0
0
0
0
0
-1.6297
-0.33567
-0.33567
-0.32768
-0.32768
-0.31781
-0.31781
0
0
0
0
0
0
0
15.1005
0
0
0
0
0
0
0
0
0
-6.5691
0
0
0
-6.5691
0
0
-0.48309
-0.48309
-0.45466
-0.45466
-0.4375
-0.4375
-0.46118
0
0
0
0
0
0
0
3.4681
0
0
0
0
0
0
0
0
0
0
-0.25647
0
0
0
0
-0.45407
-0.45407
-0.4296
-0.4296
-0.41398
-0.41398
0
0
0
0
0
0
0
0
0
2.6998
0
0
0
-0.1045
0
0
0
0
0
0
0
0
0
0
-0.5008
-0.5008
-0.47207
-0.47207
-0.45577
-0.45577
0
0
0
0
0
0
0
0
0
0
2.8573
0
0
0
0
0
0
0
0
0
0
0
0
0
-0.5008
-0.5008
-0.47207
-0.47207
-0.45577
-0.45577
0
0
0
0
0
0
0
0
0
0
0
2.8573
0
0
0
0
0
0
0
0
0
0
0
0
-0.55415
-0.55415
-0.51839
-0.51839
0
0
0
0
0
0
0
0
0
0
0
0
0
0
2.1451
0
0
0
0
0
0
0
0
0
0
0
0
0
0
0
0
0
0
0
0
0
0
0
0
0
0
-0.1045
0
0
0
0.1045
0
0
0
0
0
0
0
0
0
0
0
0
0
0
0
0
0
0
-8.4659
0
0
0
0
0
0
0
0
0
0
0
8.4659
0
0
0
0
0
0
0
0
0
0
0
0
0
0
0
0
0
0
0
-3.3169
0
0
0
0
0
0
0
0
0
0
3.3169
0
0
0
0
0
0
0
0
-11.8443
0
0
0
0
0
0
0
0
0
0
0
0
0
0
0
0
0
0
0
0
0
11.8443
0
0
0
0
0
0
0
0
0
0
0
0
0
0
0
0
0
0
0
0
-6.5691
0
0
0
0
0
0
0
0
0
6.5691
0
0
0
0
0
0
0
-11.8443
0
0
0
0
0
0
0
0
0
0
0
0
0
0
0
0
0
0
0
0
0
0
11.8443
0
0
0
0
0
0
0
0
0
0
0
0
0
0
0
0
0
0
0
-0.25647
0
0
0
0
0
0
0
0
0
0
0.25647
0
0
0
0
0
0
0
0
0
0
0
0
-8.4659
0
0
0
0
0
0
0
0
0
0
0
0
0
0
0
0
0
8.4659
0
0
0
0
0
0
0
0
0
0
0
0
0
0
0
0
-6.5691
0
0
0
0
0
0
0
0
0
0
0
0
0
6.5691
0
0
0
0
0
0
0
0
0
-7.5302
0
0
0
0
0
0
0
0
0
0
0
0
0
0
0
0
0
0
0
0
7.5302
0
0
0
0
0
0
0
0
0
0
0
0
0
-1.6297
0
0
0
0
0
0
0
0
0
0
0
0
0
0
0
0
1.6297
