21.2369
-0.89302
-0.85961
-0.84484
-0.84145
-0.76155
-0.76155
-0.772
-0.772
-0.772
-0.71155
-0.74851
-0.71155
-0.71155
-0.75068
-0.74365
-0.75892
-0.77618
-0.8296
0
0
0
0
0
-7.2167
0
0
0
0
0
-0.89302
31.7139
-0.89302
-0.89159
-0.88453
-0.78359
-0.78359
-0.78104
-0.78104
-0.78104
-0.718
-0.7081
-0.718
-0.718
-0.74824
-0.75099
-0.76693
-0.78641
0
0
0
0
0
0
0
0
0
-9.1634
-9.1634
0
-0.85961
-0.89302
21.2369
-0.84484
-0.84145
-0.76155
-0.76155
-0.772
-0.772
-0.772
-0.71155
-0.74851
-0.71155
-0.71155
-0.75068
-0.74365
-0.75892
-0.77618
-0.8296
0
0
0
0
0
0
0
0
0
0
-7.2167
-0.84484
-0.89159
-0.84484
14.0412
-0.82792
-0.74399
-0.74399
-0.75326
-0.75326
-0.75326
-0.69503
-0.75502
-0.69503
-0.69503
-0.73316
-0.72356
-0.73777
-0.75387
-0.80007
-0.29571
0
0
0
0
0
0
0
0
0
0
-0.84145
-0.88453
-0.84145
-0.82792
14.2536
-0.74693
-0.74693
-0.75752
-0.75752
-0.75752
-0.69864
-0.74452
-0.69864
-0.69864
-0.75719
-0.7295
-0.74269
-0.75869
-0.80619
0
0
0
-0.45715
0
0
0
0
0
0
0
-0.76155
-0.78359
-0.76155
-0.74399
-0.74693
12.6284
-0.68745
-0.69641
-0.69641
-0.69641
-0.64001
-0.69261
-0.64001
-0.64001
-0.67711
-0.66458
-0.6772
-0.69207
-0.73045
0
0
0
0
0
0
0
0
0
0
0
-0.76155
-0.78359
-0.76155
-0.74399
-0.74693
-0.68745
12.6284
-0.69641
-0.69641
-0.69641
-0.64001
-0.69261
-0.64001
-0.64001
-0.67711
-0.66458
-0.6772
-0.69207
-0.73045
0
0
0
0
0
0
0
0
0
0
0
-0.772
-0.78104
-0.772
-0.75326
-0.75752
-0.69641
-0.69641
11.9757
-0.68837
-0.68837
-0.63806
-0.71195
-0.63806
-0.63806
-0.68834
-0.67244
-0.68618
-0.6972
0
0
0
0
0
0
0
0
0
0
0
0
-0.772
-0.78104
-0.772
-0.75326
-0.75752
-0.69641
-0.69641
-0.68837
11.9757
-0.68837
-0.63806
-0.71195
-0.63806
-0.63806
-0.68834
-0.67244
-0.68618
-0.6972
0
0
0
0
0
0
0
0
0
0
0
0
-0.772
-0.78104
-0.772
-0.75326
-0.75752
-0.69641
-0.69641
-0.68837
-0.68837
11.9757
-0.63806
-0.71195
-0.63806
-0.63806
-0.68834
-0.67244
-0.68618
-0.6972
0
0
0
0
0
0
0
0
0
0
0
0
-0.71155
-0.718
-0.71155
-0.69503
-0.69864
-0.64001
-0.64001
-0.63806
-0.63806
-0.63806
10.3851
-0.64088
-0.57294
-0.57294
-0.62761
-0.61452
-0.62729
0
0
0
0
0
0
0
0
0
0
0
0
0
-0.74851
-0.7081
-0.74851
-0.75502
-0.74452
-0.69261
-0.69261
-0.71195
-0.71195
-0.71195
-0.64088
25.3739
-0.64088
-0.64088
0
0
0
0
0
-0.24771
0
0
0
0
0
-7.9889
-7.9889
0
0
0
-0.71155
-0.718
-0.71155
-0.69503
-0.69864
-0.64001
-0.64001
-0.63806
-0.63806
-0.63806
-0.57294
-0.64088
10.3851
-0.57294
-0.62761
-0.61452
-0.62729
0
0
0
0
0
0
0
0
0
0
0
0
0
-0.71155
-0.718
-0.71155
-0.69503
-0.69864
-0.64001
-0.64001
-0.63806
-0.63806
-0.63806
-0.57294
-0.64088
-0.57294
10.3851
-0.62761
-0.61452
-0.62729
0
0
0
0
0
0
0
0
0
0
0
0
0
-0.75068
-0.74824
-0.75068
-0.73316
-0.75719
-0.67711
-0.67711
-0.68834
-0.68834
-0.68834
-0.62761
0
-0.62761
-0.62761
10.1001
-0.6525
0
0
0
0
0
-0.40557
0
0
0
0
0
0
0
0
-0.74365
-0.75099
-0.74365
-0.72356
-0.7295
-0.66458
-0.66458
-0.67244
-0.67244
-0.67244
-0.61452
0
-0.61452
-0.61452
-0.6525
9.5339
0
0
0
0
0
0
0
0
0
0
0
0
0
0
-0.75892
-0.76693
-0.75892
-0.73777
-0.74269
-0.6772
-0.6772
-0.68618
-0.68618
-0.68618
-0.62729
0
-0.62729
-0.62729
0
0
9.06
0
0
0
0
0
0
0
0
0
0
0
0
0
-0.77618
-0.78641
-0.77618
-0.75387
-0.75869
-0.69207
-0.69207
-0.6972
-0.6972
-0.6972
0
0
0
0
0
0
0
7.3271
0
0
0
0
0
0
0
0
0
0
0
0
-0.8296
0
-0.8296
-0.80007
-0.80619
-0.73045
-0.73045
0
0
0
0
0
0
0
0
0
0
0
4.7264
0
0
0
0
0
0
0
0
0
0
0
0
0
0
-0.29571
0
0
0
0
0
0
0
-0.24771
0
0
0
0
0
0
0
0.64792
0
0
0
-0.1045
0
0
0
0
0
0
0
0
0
0
0
0
0
0
0
0
0
0
0
0
0
0
0
0
0
0
4.3521
-2.1978
-2.1543
0
0
0
0
0
0
0
0
0
0
0
0
0
0
0
0
0
0
0
0
0
-0.40557
0
0
0
0
0
-2.1978
2.6034
0
0
0
0
0
0
0
0
0
0
0
0
-0.45715
0
0
0
0
0
0
0
0
0
0
0
0
0
0
0
-2.1543
0
2.6115
0
0
0
0
0
0
0
0
0
0
0
0
0
0
0
0
0
0
0
0
0
0
0
0
0
0
-0.1045
0
0
0
0.1045
0
0
0
0
0
0
-7.2167
0
0
0
0
0
0
0
0
0
0
0
0
0
0
0
0
0
0
0
0
0
0
0
7.2167
0
0
0
0
0
0
0
0
0
0
0
0
0
0
0
0
-7.9889
0
0
0
0
0
0
0
0
0
0
0
0
0
7.9889
0
0
0
0
0
0
0
0
0
0
0
0
0
0
0
-7.9889
0
0
0
0
0
0
0
0
0
0
0
0
0
0
7.9889
0
0
0
0
-9.1634
0
0
0
0
0
0
0
0
0
0
0
0
0
0
0
0
0
0
0
0
0
0
0
0
0
9.1634
0
0
0
-9.1634
0
0
0
0
0
0
0
0
0
0
0
0
0
0
0
0
0
0
0
0
0
0
0
0
0
0
9.1634
0
0
0
-7.2167
0
0
0
0
0
0
0
0
0
0
0
0
0
0
0
0
0
0
0
0
0
0
0
0
0
0
7.2167
