23.6889
-0.46427
-0.46473
-0.46473
-0.42113
-0.42133
-0.41299
-0.51246
-0.41924
-0.53449
-0.55716
-0.50296
-0.50296
-0.4789
0
0
-0.65424
0
-0.41547
0
0
0
0
0
0
0
0
-8.2309
-8.2309
0
-0.46427
13.1815
-0.48006
-0.48006
-0.44019
-0.43923
-0.42358
-0.52532
-0.46747
-0.54643
-0.57323
-0.51594
-0.51594
-0.5168
0
0
-0.6707
0
0
0
0
0
0
0
0
-6.1223
0
0
0
0
-0.46473
-0.48006
6.7336
-0.43721
-0.42073
-0.4196
-0.39813
-0.50497
-0.47667
-0.51377
-0.5304
-0.48397
-0.48397
-0.50115
0
0
-0.61823
0
0
0
0
0
0
0
0
0
0
0
0
0
-0.46473
-0.48006
-0.43721
6.7336
-0.42073
-0.4196
-0.39813
-0.50497
-0.47667
-0.51377
-0.5304
-0.48397
-0.48397
-0.50115
0
0
-0.61823
0
0
0
0
0
0
0
0
0
0
0
0
0
-0.42113
-0.44019
-0.42073
-0.42073
5.3024
-0.3767
-0.36158
-0.45182
-0.42186
-0.46804
-0.47515
-0.45188
-0.45188
0
-0.14066
0
0
0
0
0
0
0
0
0
0
0
0
0
0
0
-0.42133
-0.43923
-0.4196
-0.4196
-0.3767
5.5297
-0.36075
-0.44723
-0.42104
-0.46624
-0.46813
-0.44435
-0.44435
0
0
-0.40113
0
0
0
0
0
0
0
0
0
0
0
0
0
0
-0.41299
-0.42358
-0.39813
-0.39813
-0.36158
-0.36075
4.9248
-0.42833
-0.4083
-0.4421
-0.44427
-0.4233
-0.4233
0
0
0
0
0
0
0
0
0
0
0
0
0
0
0
0
0
-0.51246
-0.52532
-0.50497
-0.50497
-0.45182
-0.44723
-0.42833
9.8958
0
-0.52077
0
0
0
0
0
0
0
0
0
-5.6858
0
0
-0.31404
0
0
0
0
0
0
0
-0.41924
-0.46747
-0.47667
-0.47667
-0.42186
-0.42104
-0.4083
0
6.4674
0
0
0
0
0
0
-0.3734
0
0
-0.42703
0
0
0
0
0
-2.5757
0
0
0
0
0
-0.53449
-0.54643
-0.51377
-0.51377
-0.46804
-0.46624
-0.4421
-0.52077
0
4.0056
0
0
0
0
0
0
0
0
0
0
0
0
0
0
0
0
0
0
0
0
-0.55716
-0.57323
-0.5304
-0.5304
-0.47515
-0.46813
-0.44427
0
0
0
5.8335
0
0
0
0
0
0
-2.2548
0
0
0
0
0
0
0
0
0
0
0
0
-0.50296
-0.51594
-0.48397
-0.48397
-0.45188
-0.44435
-0.4233
0
0
0
0
3.3064
0
0
0
0
0
0
0
0
0
0
0
0
0
0
0
0
0
0
-0.50296
-0.51594
-0.48397
-0.48397
-0.45188
-0.44435
-0.4233
0
0
0
0
0
3.3064
0
0
0
0
0
0
0
0
0
0
0
0
0
0
0
0
0
-0.4789
-0.5168
-0.50115
-0.50115
0
0
0
0
0
0
0
0
0
4.4273
-0.1045
0
0
0
0
0
0
-2.3248
0
0
0
0
0
0
0
0
0
0
0
0
-0.14066
0
0
0
0
0
0
0
0
-0.1045
14.6339
0
0
-2.6159
0
0
0
0
0
0
0
0
-5.8864
0
0
-5.8864
0
0
0
0
0
-0.40113
0
0
-0.3734
0
0
0
0
0
0
5.8842
0
0
0
0
0
-3.6197
0
-1.4899
0
0
0
0
0
0
-0.65424
-0.6707
-0.61823
-0.61823
0
0
0
0
0
0
0
0
0
0
0
0
2.5614
0
0
0
0
0
0
0
0
0
0
0
0
0
0
0
0
0
0
0
0
0
0
0
-2.2548
0
0
0
-2.6159
0
0
5.8499
0
-0.97928
0
0
0
0
0
0
0
0
0
0
-0.41547
0
0
0
0
0
0
0
-0.42703
0
0
0
0
0
0
0
0
0
1.0847
0
-0.24222
0
0
0
0
0
0
0
0
0
0
0
0
0
0
0
0
-5.6858
0
0
0
0
0
0
0
0
0
-0.97928
0
6.6651
0
0
0
0
0
0
0
0
0
0
0
0
0
0
0
0
0
0
0
0
0
0
0
0
0
0
0
0
-0.24222
0
1.7726
0
-1.5304
0
0
0
0
0
0
0
0
0
0
0
0
0
0
0
0
0
0
0
0
-2.3248
0
-3.6197
0
0
0
0
0
5.9445
0
0
0
0
0
0
0
0
0
0
0
0
0
0
0
-0.31404
0
0
0
0
0
0
0
0
0
0
0
0
-1.5304
0
1.8444
0
0
0
0
0
0
0
0
0
0
0
0
0
0
0
0
0
0
0
0
0
0
-1.4899
0
0
0
0
0
0
0
1.4899
0
0
0
0
0
0
0
0
0
0
0
0
0
0
-2.5757
0
0
0
0
0
0
0
0
0
0
0
0
0
0
0
2.5757
0
0
0
0
0
0
-6.1223
0
0
0
0
0
0
0
0
0
0
0
0
0
0
0
0
0
0
0
0
0
0
0
6.1223
0
0
0
0
0
0
0
0
0
0
0
0
0
0
0
0
0
0
-5.8864
0
0
0
0
0
0
0
0
0
0
0
5.8864
0
0
0
-8.2309
0
0
0
0
0
0
0
0
0
0
0
0
0
0
0
0
0
0
0
0
0
0
0
0
0
0
8.2309
0
0
-8.2309
0
0
0
0
0
0
0
0
0
0
0
0
0
0
0
0
0
0
0
0
0
0
0
0
0
0
0
8.2309
0
0
0
0
0
0
0
0
0
0
0
0
0
0
0
-5.8864
0
0
0
0
0
0
0
0
0
0
0
0
0
0
5.8864
