15.7769
-0.34232
-1.1135
-0.37184
-0.35161
-0.3997
-0.34199
-0.31539
-0.62561
-0.65367
-0.62181
-0.77204
-0.82809
-0.84977
-0.10028
-0.8159
-0.90433
-0.93632
0
0
0
0
0
0
0
-5.4328
0
0
0
0
-0.34232
9.3229
-0.26125
-0.10007
-0.1001
-0.10008
-0.56197
-0.10006
-0.10016
-0.78768
-0.52881
-0.65001
-0.46889
-0.69441
-1.0973
-1.04
-0.93303
-1.0575
-0.39931
0
0
0
0
0
0
0
0
0
0
0
-1.1135
-0.26125
17.0894
-0.28309
-0.25596
-0.30377
-0.3165
-0.25009
-0.53129
-1.1998
-0.64579
-0.7787
-0.81818
-0.87235
-0.83297
-0.94049
-0.92988
-0.96349
0
0
0
0
0
0
0
0
0
-5.7923
0
0
-0.37184
-0.10007
-0.28309
9.8414
-0.10014
-0.10013
-0.56615
-0.10009
-0.10058
-0.78873
-0.52468
-0.68923
-0.56447
-0.71651
-1.0674
-0.96572
-1.0401
-1.2192
-0.54328
0
0
0
0
0
0
0
0
0
0
0
-0.35161
-0.1001
-0.25596
-0.10014
10.8876
-0.12837
-0.10007
-0.35114
-0.44226
-0.52787
-0.15445
-0.53841
-0.58632
-0.59598
-0.84644
-0.24678
-1.2446
-1.3172
0
-2.9999
0
0
0
0
0
0
0
0
0
0
-0.3997
-0.10008
-0.30377
-0.10013
-0.12837
10.2734
-0.43523
-0.10011
-0.3483
-0.79183
-0.47378
-0.66528
-0.62817
-0.68377
-1.022
-0.88983
-1.1519
-1.3526
-0.6985
0
0
0
0
0
0
0
0
0
0
0
-0.34199
-0.56197
-0.3165
-0.56615
-0.10007
-0.43523
10.7705
-0.22025
-0.33151
-0.47343
-0.53702
-0.65488
-0.81071
-0.78732
-1.1602
-0.46444
0
0
0
-3.0088
0
0
0
0
0
0
0
0
0
0
-0.31539
-0.10006
-0.25009
-0.10009
-0.35114
-0.10011
-0.22025
8.1142
-0.10009
-0.80605
-0.67543
-0.72083
-0.42532
-0.81539
-1.1783
-1.2635
-0.69219
0
0
0
0
0
0
0
0
0
0
0
0
0
-0.62561
-0.10016
-0.53129
-0.10058
-0.44226
-0.3483
-0.33151
-0.10009
8.9433
-0.74415
-1.4494
-1.5877
-0.90884
-1.6733
0
0
0
0
0
0
0
0
0
0
0
0
0
0
0
0
-0.65367
-0.78768
-1.1998
-0.78873
-0.52787
-0.79183
-0.47343
-0.80605
-0.74415
15.2897
0
-0.76679
0
0
0
0
0
0
0
0
0
0
0
-3.0413
0
0
-4.7083
0
0
0
-0.62181
-0.52881
-0.64579
-0.52468
-0.15445
-0.47378
-0.53702
-0.67543
-1.4494
0
7.2701
0
0
0
0
0
0
0
0
0
-1.6589
0
0
0
0
0
0
0
0
0
-0.77204
-0.65001
-0.7787
-0.68923
-0.53841
-0.66528
-0.65488
-0.72083
-1.5877
-0.76679
0
7.8239
0
0
0
0
0
0
0
0
0
0
0
0
0
0
0
0
0
0
-0.82809
-0.46889
-0.81818
-0.56447
-0.58632
-0.62817
-0.81071
-0.42532
-0.90884
0
0
0
6.039
0
0
0
0
0
0
0
0
0
0
0
0
0
0
0
0
0
-0.84977
-0.69441
-0.87235
-0.71651
-0.59598
-0.68377
-0.78732
-0.81539
-1.6733
0
0
0
0
7.6888
0
0
0
0
0
0
0
0
0
0
0
0
0
0
0
0
-0.10028
-1.0973
-0.83297
-1.0674
-0.84644
-1.022
-1.1602
-1.1783
0
0
0
0
0
0
11.8115
0
0
0
0
0
0
0
0
0
-4.5066
0
0
0
0
0
-0.8159
-1.04
-0.94049
-0.96572
-0.24678
-0.88983
-0.46444
-1.2635
0
0
0
0
0
0
0
10.5394
0
0
0
0
0
-3.9128
0
0
0
0
0
0
0
0
-0.90433
-0.93303
-0.92988
-1.0401
-1.2446
-1.1519
0
-0.69219
0
0
0
0
0
0
0
0
6.896
0
0
0
0
0
0
0
0
0
0
0
0
0
-0.93632
-1.0575
-0.96349
-1.2192
-1.3172
-1.3526
0
0
0
0
0
0
0
0
0
0
0
6.8464
0
0
0
0
0
0
0
0
0
0
0
0
0
-0.39931
0
-0.54328
0
-0.6985
0
0
0
0
0
0
0
0
0
0
0
0
4.8947
0
-3.2536
0
0
0
0
0
0
0
0
0
0
0
0
0
-2.9999
0
-3.0088
0
0
0
0
0
0
0
0
0
0
0
0
10.4775
0
0
0
0
0
0
0
0
-4.4689
0
0
0
0
0
0
0
0
0
0
0
-1.6589
0
0
0
0
0
0
0
-3.2536
0
8.9814
0
0
0
0
0
0
0
0
-4.0688
0
0
0
0
0
0
0
0
0
0
0
0
0
0
0
-3.9128
0
0
0
0
0
6.9161
-3.0033
0
0
0
0
0
0
0
0
0
0
0
0
0
0
0
0
0
0
0
0
0
0
0
0
0
0
0
0
-3.0033
7.2451
-4.2418
0
0
0
0
0
0
0
0
0
0
0
0
0
0
0
-3.0413
0
0
0
0
0
0
0
0
0
0
0
0
-4.2418
7.2831
0
0
0
0
0
0
0
0
0
0
0
0
0
0
0
0
0
0
0
0
-4.5066
0
0
0
0
0
0
0
0
0
4.5066
0
0
0
0
0
-5.4328
0
0
0
0
0
0
0
0
0
0
0
0
0
0
0
0
0
0
0
0
0
0
0
0
5.4328
0
0
0
0
0
0
0
0
0
0
0
0
0
-4.7083
0
0
0
0
0
0
0
0
0
0
0
0
0
0
0
0
4.7083
0
0
0
0
0
-5.7923
0
0
0
0
0
0
0
0
0
0
0
0
0
0
0
0
0
0
0
0
0
0
0
0
5.7923
0
0
0
0
0
0
0
0
0
0
0
0
0
0
0
0
0
0
0
0
0
-4.4689
0
0
0
0
0
0
0
0
4.4689
0
0
0
0
0
0
0
0
0
0
0
0
0
0
0
0
0
0
0
0
0
-4.0688
0
0
0
0
0
0
0
0
4.0688
