27.268
-0.49903
-0.55872
-0.54641
-0.54641
-0.54641
-0.52965
-0.52965
-0.51707
-0.45638
-0.54118
-0.54118
-0.54118
-0.48041
-0.55418
-0.52713
0
0
-2.7967
-2.7967
-2.7967
0
0
-10.9628
0
0
0
0
0
0
-0.49903
15.4886
-0.5308
-0.52111
-0.52111
-0.52111
-0.51253
-0.51253
-0.50209
-0.43551
-0.52346
-0.52346
-0.52346
-0.46467
-0.51786
-0.49168
0
0
-2.6294
-2.6294
-2.6294
0
0
0
0
0
0
0
0
0
-0.55872
-0.5308
9.3345
-0.56798
-0.56798
-0.56798
-0.54477
-0.54477
-0.54614
-0.46908
-0.5557
-0.5557
-0.5557
-0.49287
-0.58845
-0.54942
-1.1385
0
0
0
0
0
0
0
0
0
0
0
0
0
-0.54641
-0.52111
-0.56798
7.889
-0.52191
-0.52191
-0.52408
-0.52408
-0.5303
-0.44713
-0.53437
-0.53437
-0.53437
-0.47535
-0.58053
-0.52507
0
0
0
0
0
0
0
0
0
0
0
0
0
0
-0.54641
-0.52111
-0.56798
-0.52191
7.889
-0.52191
-0.52408
-0.52408
-0.5303
-0.44713
-0.53437
-0.53437
-0.53437
-0.47535
-0.58053
-0.52507
0
0
0
0
0
0
0
0
0
0
0
0
0
0
-0.54641
-0.52111
-0.56798
-0.52191
-0.52191
7.889
-0.52408
-0.52408
-0.5303
-0.44713
-0.53437
-0.53437
-0.53437
-0.47535
-0.58053
-0.52507
0
0
0
0
0
0
0
0
0
0
0
0
0
0
-0.52965
-0.51253
-0.54477
-0.52408
-0.52408
-0.52408
14.7067
-0.47349
-0.48945
-0.41012
-0.48204
-0.48204
-0.48204
-0.43193
0
0
0
0
0
0
0
-8.2964
0
0
0
0
0
0
0
0
-0.52965
-0.51253
-0.54477
-0.52408
-0.52408
-0.52408
-0.47349
14.7067
-0.48945
-0.41012
-0.48204
-0.48204
-0.48204
-0.43193
0
0
0
0
0
0
0
0
0
0
-8.2964
0
0
0
0
0
-0.51707
-0.50209
-0.54614
-0.5303
-0.5303
-0.5303
-0.48945
-0.48945
14.0216
-0.41573
-0.46459
-0.46459
-0.46459
0
0
0
0
-0.1045
0
0
0
0
0
0
0
0
0
0
-7.9725
0
-0.45638
-0.43551
-0.46908
-0.44713
-0.44713
-0.44713
-0.41012
-0.41012
-0.41573
5.5806
-0.42227
-0.42227
-0.42227
-0.37543
0
0
0
0
0
0
0
0
0
0
0
0
0
0
0
0
-0.54118
-0.52346
-0.5557
-0.53437
-0.53437
-0.53437
-0.48204
-0.48204
-0.46459
-0.42227
8.4948
0
0
0
0
0
0
0
0
0
0
0
0
0
0
0
0
-3.4204
0
0
-0.54118
-0.52346
-0.5557
-0.53437
-0.53437
-0.53437
-0.48204
-0.48204
-0.46459
-0.42227
0
8.4948
0
0
0
0
0
0
0
0
0
0
0
0
0
0
-3.4204
0
0
0
-0.54118
-0.52346
-0.5557
-0.53437
-0.53437
-0.53437
-0.48204
-0.48204
-0.46459
-0.42227
0
0
8.4948
0
0
0
0
0
0
0
0
0
-3.4204
0
0
0
0
0
0
0
-0.48041
-0.46467
-0.49287
-0.47535
-0.47535
-0.47535
-0.43193
-0.43193
0
-0.37543
0
0
0
5.3115
0
0
0
0
0
0
0
0
0
0
0
0
0
0
0
-1.2082
-0.55418
-0.51786
-0.58845
-0.58053
-0.58053
-0.58053
0
0
0
0
0
0
0
0
4.3235
0
-0.92141
0
0
0
0
0
0
0
0
0
0
0
0
0
-0.52713
-0.49168
-0.54942
-0.52507
-0.52507
-0.52507
0
0
0
0
0
0
0
0
0
3.1435
0
0
0
0
0
0
0
0
0
0
0
0
0
0
0
0
-1.1385
0
0
0
0
0
0
0
0
0
0
0
-0.92141
0
2.5157
-0.45579
0
0
0
0
0
0
0
0
0
0
0
0
0
0
0
0
0
0
0
0
-0.1045
0
0
0
0
0
0
0
-0.45579
0.86621
0
0
0
0
0
0
0
-0.30591
0
0
0
0
-2.7967
-2.6294
0
0
0
0
0
0
0
0
0
0
0
0
0
0
0
0
5.4261
0
0
0
0
0
0
0
0
0
0
0
-2.7967
-2.6294
0
0
0
0
0
0
0
0
0
0
0
0
0
0
0
0
0
5.4261
0
0
0
0
0
0
0
0
0
0
-2.7967
-2.6294
0
0
0
0
0
0
0
0
0
0
0
0
0
0
0
0
0
0
5.4261
0
0
0
0
0
0
0
0
0
0
0
0
0
0
0
-8.2964
0
0
0
0
0
0
0
0
0
0
0
0
0
0
8.2964
0
0
0
0
0
0
0
0
0
0
0
0
0
0
0
0
0
0
0
0
-3.4204
0
0
0
0
0
0
0
0
0
3.4204
0
0
0
0
0
0
0
-10.9628
0
0
0
0
0
0
0
0
0
0
0
0
0
0
0
0
0
0
0
0
0
0
10.9628
0
0
0
0
0
0
0
0
0
0
0
0
0
-8.2964
0
0
0
0
0
0
0
0
0
0
0
0
0
0
0
0
8.2964
0
0
0
0
0
0
0
0
0
0
0
0
0
0
0
0
0
0
0
0
0
0
-0.30591
0
0
0
0
0
0
0
0.30591
0
0
0
0
0
0
0
0
0
0
0
0
0
0
0
-3.4204
0
0
0
0
0
0
0
0
0
0
0
0
0
0
3.4204
0
0
0
0
0
0
0
0
0
0
0
0
0
-3.4204
0
0
0
0
0
0
0
0
0
0
0
0
0
0
0
0
3.4204
0
0
0
0
0
0
0
0
0
0
-7.9725
0
0
0
0
0
0
0
0
0
0
0
0
0
0
0
0
0
0
0
7.9725
0
0
0
0
0
0
0
0
0
0
0
0
0
0
-1.2082
0
0
0
0
0
0
0
0
0
0
0
0
0
0
0
1.2082
