24.3598
-0.78265
-0.74217
-0.72683
-0.74217
-0.74561
-0.74561
-0.71153
-0.71153
-0.73504
-0.83592
-0.83592
-0.74844
-0.74844
-0.75075
-0.75075
-0.67783
-0.67783
-0.74169
-0.84947
-0.34417
0
0
0
0
-9.7555
0
0
0
0
-0.78265
24.3598
-0.74217
-0.72683
-0.74217
-0.74561
-0.74561
-0.71153
-0.71153
-0.73504
-0.83592
-0.83592
-0.74844
-0.74844
-0.75075
-0.75075
-0.67783
-0.67783
-0.74169
-0.84947
-0.34417
0
0
0
0
0
0
-9.7555
0
0
-0.74217
-0.74217
22.8218
-0.69393
-0.71126
-0.70884
-0.70884
-0.67763
-0.67763
-0.69836
-0.79221
-0.79221
-0.70985
-0.70985
-0.71575
-0.71575
-0.64581
-0.64581
-0.70338
-0.79941
0
0
0
0
0
0
0
0
-9.2309
0
-0.72683
-0.72683
-0.69393
13.6549
-0.69393
-0.69413
-0.69413
-0.66422
-0.66422
-0.68409
-0.77332
-0.77332
-0.69516
-0.69516
-0.70123
-0.70123
-0.63362
-0.63362
-0.68889
-0.78029
-0.33682
0
0
0
0
0
0
0
0
0
-0.74217
-0.74217
-0.71126
-0.69393
22.8218
-0.70884
-0.70884
-0.67763
-0.67763
-0.69836
-0.79221
-0.79221
-0.70985
-0.70985
-0.71575
-0.71575
-0.64581
-0.64581
-0.70338
-0.79941
0
0
-9.2309
0
0
0
0
0
0
0
-0.74561
-0.74561
-0.70884
-0.69413
-0.70884
12.9031
-0.7126
-0.68316
-0.68316
-0.70575
-0.80513
-0.80513
-0.71743
-0.71743
-0.72839
-0.72839
-0.65182
-0.65182
-0.70982
0
0
0
0
0
0
0
0
0
0
0
-0.74561
-0.74561
-0.70884
-0.69413
-0.70884
-0.7126
12.9031
-0.68316
-0.68316
-0.70575
-0.80513
-0.80513
-0.71743
-0.71743
-0.72839
-0.72839
-0.65182
-0.65182
-0.70982
0
0
0
0
0
0
0
0
0
0
0
-0.71153
-0.71153
-0.67763
-0.66422
-0.67763
-0.68316
-0.68316
11.6286
-0.64609
-0.67082
-0.758
-0.758
-0.68142
-0.68142
-0.69035
-0.69035
-0.62163
-0.62163
0
0
0
0
0
0
0
0
0
0
0
0
-0.71153
-0.71153
-0.67763
-0.66422
-0.67763
-0.68316
-0.68316
-0.64609
11.6286
-0.67082
-0.758
-0.758
-0.68142
-0.68142
-0.69035
-0.69035
-0.62163
-0.62163
0
0
0
0
0
0
0
0
0
0
0
0
-0.73504
-0.73504
-0.69836
-0.68409
-0.69836
-0.70575
-0.70575
-0.67082
-0.67082
9.3203
-0.77909
-0.77909
-0.72904
-0.72904
0
0
0
0
0
0
0
0
0
0
0
0
0
0
0
0
-0.83592
-0.83592
-0.79221
-0.77332
-0.79221
-0.80513
-0.80513
-0.758
-0.758
-0.77909
11.192
0
0
0
0
0
0
0
0
0
0
-3.2571
0
0
0
0
0
0
0
0
-0.83592
-0.83592
-0.79221
-0.77332
-0.79221
-0.80513
-0.80513
-0.758
-0.758
-0.77909
0
11.192
0
0
0
0
0
0
0
0
0
0
0
0
-3.2571
0
0
0
0
0
-0.74844
-0.74844
-0.70985
-0.69516
-0.70985
-0.71743
-0.71743
-0.68142
-0.68142
-0.72904
0
0
7.1385
0
0
0
0
0
0
0
0
0
0
0
0
0
0
0
0
0
-0.74844
-0.74844
-0.70985
-0.69516
-0.70985
-0.71743
-0.71743
-0.68142
-0.68142
-0.72904
0
0
0
7.1385
0
0
0
0
0
0
0
0
0
0
0
0
0
0
0
0
-0.75075
-0.75075
-0.71575
-0.70123
-0.71575
-0.72839
-0.72839
-0.69035
-0.69035
0
0
0
0
0
8.3568
0
0
0
0
0
0
0
0
0
0
0
-1.8851
0
0
0
-0.75075
-0.75075
-0.71575
-0.70123
-0.71575
-0.72839
-0.72839
-0.69035
-0.69035
0
0
0
0
0
0
8.3568
0
0
0
0
0
0
0
0
0
0
0
0
0
-1.8851
-0.67783
-0.67783
-0.64581
-0.63362
-0.64581
-0.65182
-0.65182
-0.62163
-0.62163
0
0
0
0
0
0
0
5.8278
0
0
0
0
0
0
0
0
0
0
0
0
0
-0.67783
-0.67783
-0.64581
-0.63362
-0.64581
-0.65182
-0.65182
-0.62163
-0.62163
0
0
0
0
0
0
0
0
5.8278
0
0
0
0
0
0
0
0
0
0
0
0
-0.74169
-0.74169
-0.70338
-0.68889
-0.70338
-0.70982
-0.70982
0
0
0
0
0
0
0
0
0
0
0
4.9987
0
0
0
0
0
0
0
0
0
0
0
-0.84947
-0.84947
-0.79941
-0.78029
-0.79941
0
0
0
0
0
0
0
0
0
0
0
0
0
0
4.0781
0
0
0
0
0
0
0
0
0
0
-0.34417
-0.34417
0
-0.33682
0
0
0
0
0
0
0
0
0
0
0
0
0
0
0
0
1.1297
0
0
-0.1045
0
0
0
0
0
0
0
0
0
0
0
0
0
0
0
0
-3.2571
0
0
0
0
0
0
0
0
0
0
3.2571
0
0
0
0
0
0
0
0
0
0
0
0
-9.2309
0
0
0
0
0
0
0
0
0
0
0
0
0
0
0
0
0
9.2309
0
0
0
0
0
0
0
0
0
0
0
0
0
0
0
0
0
0
0
0
0
0
0
0
0
0
0
-0.1045
0
0
0.1045
0
0
0
0
0
0
0
0
0
0
0
0
0
0
0
0
0
-3.2571
0
0
0
0
0
0
0
0
0
0
0
0
3.2571
0
0
0
0
0
-9.7555
0
0
0
0
0
0
0
0
0
0
0
0
0
0
0
0
0
0
0
0
0
0
0
0
9.7555
0
0
0
0
0
0
0
0
0
0
0
0
0
0
0
0
0
0
-1.8851
0
0
0
0
0
0
0
0
0
0
0
1.8851
0
0
0
0
-9.7555
0
0
0
0
0
0
0
0
0
0
0
0
0
0
0
0
0
0
0
0
0
0
0
0
0
9.7555
0
0
0
0
-9.2309
0
0
0
0
0
0
0
0
0
0
0
0
0
0
0
0
0
0
0
0
0
0
0
0
0
9.2309
0
0
0
0
0
0
0
0
0
0
0
0
0
0
0
0
-1.8851
0
0
0
0
0
0
0
0
0
0
0
0
0
1.8851
