12.4263
-0.5926
-0.58957
-0.59351
-0.5915
-0.59295
-0.60033
-0.59936
-0.66872
-0.61315
-0.58544
-0.58836
-0.58328
0
0
0
-0.67295
0
0
0
0
-4.5546
0
0
0
0
0
0
0
0
-0.5926
15.8077
-0.59168
-0.59288
-0.59044
-0.59429
-0.59957
-0.6002
-0.70268
-0.62306
0
0
0
-0.55294
0
0
0
0
0
0
-4.8837
0
0
0
0
0
0
-4.8837
0
0
-0.58957
-0.59168
6.5716
-0.59113
-0.59064
-0.5912
-0.59789
-0.59715
-0.65132
-0.60403
-0.58328
0
-0.58369
0
0
0
0
0
0
0
0
0
0
0
0
0
0
0
0
0
-0.59351
-0.59288
-0.59113
6.7934
-0.58931
-0.58633
-0.59671
-0.59665
0
0
-0.58452
-0.58473
0
0
0
0
0
-1.4776
0
0
0
0
0
0
0
0
0
0
0
0
-0.5915
-0.59044
-0.59064
-0.58931
12.5493
-0.59078
-0.59761
-0.59771
0
0
0
0
0
0
0
0
0
0
0
0
0
0
0
0
0
0
-4.2006
0
0
-4.2006
-0.59295
-0.59429
-0.5912
-0.58633
-0.59078
5.1285
-0.5933
-0.59405
0
0
0
0
0
0
0
-0.98564
0
0
0
0
0
0
0
0
0
0
0
0
0
0
-0.60033
-0.59957
-0.59789
-0.59671
-0.59761
-0.5933
5.5071
0
0
0
0
0
0
0
0
0
0
0
0
0
0
0
0
0
0
0
0
0
-1.9217
0
-0.59936
-0.6002
-0.59715
-0.59665
-0.59771
-0.59405
0
3.5851
0
0
0
0
0
0
0
0
0
0
0
0
0
0
0
0
0
0
0
0
0
0
-0.66872
-0.70268
-0.65132
0
0
0
0
0
4.3725
0
0
0
0
0
0
0
-0.66318
0
0
-1.6866
0
0
0
0
0
0
0
0
0
0
-0.61315
-0.62306
-0.60403
0
0
0
0
0
0
4.1637
0
0
0
0
-0.57072
0
0
0
0
-1.7528
0
0
0
0
0
0
0
0
0
0
-0.58544
0
-0.58328
-0.58452
0
0
0
0
0
0
2.3217
0
0
0
0
0
0
0
0
0
0
0
-0.56845
0
0
0
0
0
0
0
-0.58836
0
0
-0.58473
0
0
0
0
0
0
0
2.6013
0
0
0
0
-0.81529
0
0
0
0
0
0
0
0
-0.61295
0
0
0
0
-0.58328
0
-0.58369
0
0
0
0
0
0
0
0
0
2.2852
-0.56602
-0.55225
0
0
0
0
0
0
0
0
0
0
0
0
0
0
0
0
-0.55294
0
0
0
0
0
0
0
0
0
0
-0.56602
3.2241
0
0
0
0
-1.4587
0
0
0
0
0
-0.64652
0
0
0
0
0
0
0
0
0
0
0
0
0
0
-0.57072
0
0
-0.55225
0
1.6956
0
0
0
0
0
0
0
0
-0.57258
0
0
0
0
0
0
0
0
0
0
0
-0.98564
0
0
0
0
0
0
0
0
0
2.19
0
-0.60722
-0.5971
0
0
0
0
0
0
0
0
0
0
0
-0.67295
0
0
0
0
0
0
0
-0.66318
0
0
-0.81529
0
0
0
0
2.1514
0
0
0
0
0
0
0
0
0
0
0
0
0
0
0
0
-1.4776
0
0
0
0
0
0
0
0
0
0
0
-0.60722
0
2.0848
0
0
0
0
0
0
0
0
0
0
0
0
0
0
0
0
0
0
0
0
0
0
0
0
0
-1.4587
0
-0.5971
0
0
2.0558
0
0
0
0
0
0
0
0
0
0
0
0
0
0
0
0
0
0
0
-1.6866
-1.7528
0
0
0
0
0
0
0
0
0
3.4394
0
0
0
0
0
0
0
0
0
0
0
-4.8837
0
0
0
0
0
0
0
0
0
0
0
0
0
0
0
0
0
0
4.8837
0
0
0
0
0
0
0
0
0
-4.5546
0
0
0
0
0
0
0
0
0
0
0
0
0
0
0
0
0
0
0
0
4.5546
0
0
0
0
0
0
0
0
0
0
0
0
0
0
0
0
0
0
-0.56845
0
0
0
0
0
0
0
0
0
0
0
0.56845
0
0
0
0
0
0
0
0
0
0
0
0
0
0
0
0
0
0
0
0
0
-0.57258
0
0
0
0
0
0
0
0
0.57258
0
0
0
0
0
0
0
0
0
0
0
0
0
0
0
0
0
0
0
-0.64652
0
0
0
0
0
0
0
0
0
0
0.64652
0
0
0
0
0
0
0
0
0
0
0
0
0
0
0
0
-0.61295
0
0
0
0
0
0
0
0
0
0
0
0
0
0.61295
0
0
0
0
0
0
0
0
-4.2006
0
0
0
0
0
0
0
0
0
0
0
0
0
0
0
0
0
0
0
0
0
4.2006
0
0
0
0
-4.8837
0
0
0
0
0
0
0
0
0
0
0
0
0
0
0
0
0
0
0
0
0
0
0
0
0
4.8837
0
0
0
0
0
0
0
0
-1.9217
0
0
0
0
0
0
0
0
0
0
0
0
0
0
0
0
0
0
0
0
0
1.9217
0
0
0
0
0
-4.2006
0
0
0
0
0
0
0
0
0
0
0
0
0
0
0
0
0
0
0
0
0
0
0
0
4.2006
