11.6875
-0.60715
-0.59414
-0.53714
-0.67321
-0.67292
-0.68535
-0.52864
-0.52864
-0.54678
-0.52864
-0.56115
-0.56115
-0.57674
-1.2364
-0.65121
-0.30701
-0.94563
-0.94563
0
0
0
0
0
0
0
0
0
0
0
-0.60715
19.3769
-0.60544
-0.54904
-0.67417
-0.68744
-0.69247
-0.53837
-0.53837
-0.55693
-0.53837
-0.56613
-0.56613
-0.5801
-1.2763
-0.67835
0
-0.98744
-0.98744
0
0
0
-7.7473
0
0
0
0
0
0
0
-0.59414
-0.60544
11.5237
-0.53458
-0.66304
-0.67234
-0.68545
-0.52793
-0.52793
-0.55208
-0.52793
-0.56356
-0.56356
-0.57783
-1.2089
-0.65222
0
-0.92667
-0.92667
0
-0.21344
0
0
0
0
0
0
0
0
0
-0.53714
-0.54904
-0.53458
10.3866
-0.60579
-0.61522
-0.62719
-0.48368
-0.48368
-0.49999
-0.48368
-0.51563
-0.51563
-0.53004
-1.1257
-0.59224
0
-0.8437
-0.8437
0
0
0
0
0
0
0
0
0
0
0
-0.67321
-0.67417
-0.66304
-0.60579
8.9193
-0.77203
-0.81903
-0.59285
-0.59285
-0.63208
-0.59285
-0.64292
-0.64292
-0.66375
0
0
-0.35183
0
0
0
0
0
0
0
0
0
0
0
0
0
-0.67292
-0.68744
-0.67234
-0.61522
-0.77203
9.3849
-0.83067
-0.59473
-0.59473
-0.63655
-0.59473
-0.65219
-0.65219
-0.67392
0
-0.73525
0
0
0
0
0
0
0
0
0
0
0
0
0
0
-0.68535
-0.69247
-0.68545
-0.62719
-0.81903
-0.83067
15.3167
-0.62846
-0.62846
-0.64762
-0.62846
-0.65092
-0.65092
0
-1.4237
0
0
0
0
0
0
0
0
0
0
0
0
0
0
-5.718
-0.52864
-0.53837
-0.52793
-0.48368
-0.59285
-0.59473
-0.62846
6.7088
-0.39972
-0.49294
-0.39972
-0.50175
-0.50175
-0.51827
0
0
0
0
0
0
0
0
0
0
0
0
0
0
0
0
-0.52864
-0.53837
-0.52793
-0.48368
-0.59285
-0.59473
-0.62846
-0.39972
6.7088
-0.49294
-0.39972
-0.50175
-0.50175
-0.51827
0
0
0
0
0
0
0
0
0
0
0
0
0
0
0
0
-0.54678
-0.55693
-0.55208
-0.49999
-0.63208
-0.63655
-0.64762
-0.49294
-0.49294
6.7038
-0.49294
-0.46885
-0.46885
0
0
0
0
0
0
0
-0.21524
0
0
0
0
0
0
0
0
0
-0.52864
-0.53837
-0.52793
-0.48368
-0.59285
-0.59473
-0.62846
-0.39972
-0.39972
-0.49294
6.7088
-0.50175
-0.50175
-0.51827
0
0
0
0
0
0
0
0
0
0
0
0
0
0
0
0
-0.56115
-0.56613
-0.56356
-0.51563
-0.64292
-0.65219
-0.65092
-0.50175
-0.50175
-0.46885
-0.50175
10.7251
-0.47068
0
0
0
0
0
0
0
0
0
0
0
0
0
-4.1278
0
0
0
-0.56115
-0.56613
-0.56356
-0.51563
-0.64292
-0.65219
-0.65092
-0.50175
-0.50175
-0.46885
-0.50175
-0.47068
10.7251
0
0
0
0
0
0
0
0
0
0
0
-4.1278
0
0
0
0
0
-0.57674
-0.5801
-0.57783
-0.53004
-0.66375
-0.67392
0
-0.51827
-0.51827
0
-0.51827
0
0
6.098
0
0
0
0
0
0
0
0
0
0
0
0
0
0
-0.94086
0
-1.2364
-1.2763
-1.2089
-1.1257
0
0
-1.4237
0
0
0
0
0
0
0
13.8042
0
0
0
0
-1.8257
0
-5.7075
0
0
0
0
0
0
0
0
-0.65121
-0.67835
-0.65222
-0.59224
0
-0.73525
0
0
0
0
0
0
0
0
0
3.3093
0
0
0
0
0
0
0
0
0
0
0
0
0
0
-0.30701
0
0
0
-0.35183
0
0
0
0
0
0
0
0
0
0
0
21.8826
0
0
-4.64
0
0
0
-8.2919
0
-8.2919
0
0
0
0
-0.94563
-0.98744
-0.92667
-0.8437
0
0
0
0
0
0
0
0
0
0
0
0
0
3.7034
0
0
0
0
0
0
0
0
0
0
0
0
-0.94563
-0.98744
-0.92667
-0.8437
0
0
0
0
0
0
0
0
0
0
0
0
0
0
3.7034
0
0
0
0
0
0
0
0
0
0
0
0
0
0
0
0
0
0
0
0
0
0
0
0
0
-1.8257
0
-4.64
0
0
7.7491
0
-1.2833
0
0
0
0
0
0
0
0
0
0
-0.21344
0
0
0
0
0
0
-0.21524
0
0
0
0
0
0
0
0
0
0
0.53318
0
0
0
0
0
0
-0.1045
0
0
0
0
0
0
0
0
0
0
0
0
0
0
0
0
-5.7075
0
0
0
0
-1.2833
0
6.9908
0
0
0
0
0
0
0
0
0
-7.7473
0
0
0
0
0
0
0
0
0
0
0
0
0
0
0
0
0
0
0
0
7.7473
0
0
0
0
0
0
0
0
0
0
0
0
0
0
0
0
0
0
0
0
0
0
0
-8.2919
0
0
0
0
0
0
8.2919
0
0
0
0
0
0
0
0
0
0
0
0
0
0
0
0
0
0
-4.1278
0
0
0
0
0
0
0
0
0
0
0
4.1278
0
0
0
0
0
0
0
0
0
0
0
0
0
0
0
0
0
0
0
0
0
-8.2919
0
0
0
0
0
0
0
0
8.2919
0
0
0
0
0
0
0
0
0
0
0
0
0
0
0
-4.1278
0
0
0
0
0
0
0
0
0
0
0
0
0
0
4.1278
0
0
0
0
0
0
0
0
0
0
0
0
0
0
0
0
0
0
0
0
0
0
0
-0.1045
0
0
0
0
0
0
0.1045
0
0
0
0
0
0
0
0
0
0
0
0
0
0
0
-0.94086
0
0
0
0
0
0
0
0
0
0
0
0
0
0
0.94086
0
0
0
0
0
0
0
-5.718
0
0
0
0
0
0
0
0
0
0
0
0
0
0
0
0
0
0
0
0
0
0
5.718
