9.9271
-0.58077
-0.60328
-0.52468
-0.52468
-0.5721
-0.5488
-0.5488
-0.54601
-0.52518
-0.52518
-0.55567
-0.52976
-0.53809
-0.6854
-0.59653
-0.5101
0
-1.0121
0
0
0
0
0
0
0
0
0
0
0
-0.58077
9.4231
-0.62048
-0.52806
-0.52806
-0.56296
-0.54035
-0.54035
-0.53613
-0.51874
-0.51874
-0.5457
-0.52305
-0.53128
-0.67633
0
-0.51751
-0.1045
-1.0501
0
0
0
0
0
0
0
0
0
0
0
-0.60328
-0.62048
18.858
-0.54016
-0.54016
-0.59091
-0.55997
-0.55997
-0.55323
-0.54091
-0.54091
-0.56064
-0.54635
-0.55605
-0.71482
-0.60504
-0.53219
0
0
0
0
0
0
0
0
0
0
0
-9.693
0
-0.52468
-0.52806
-0.54016
8.1125
-0.47265
-0.51661
-0.49743
-0.49743
-0.49239
-0.47689
-0.47689
-0.50124
-0.48016
-0.48735
-0.61868
-0.53997
-0.4619
0
0
0
0
0
0
0
0
0
0
0
0
0
-0.52468
-0.52806
-0.54016
-0.47265
8.1125
-0.51661
-0.49743
-0.49743
-0.49239
-0.47689
-0.47689
-0.50124
-0.48016
-0.48735
-0.61868
-0.53997
-0.4619
0
0
0
0
0
0
0
0
0
0
0
0
0
-0.5721
-0.56296
-0.59091
-0.51661
-0.51661
16.348
-0.53186
-0.53186
-0.52675
-0.51214
-0.51214
-0.53267
-0.51624
-0.52509
-0.67456
0
0
0
0
0
0
0
-8.7254
0
0
0
0
0
0
0
-0.5488
-0.54035
-0.55997
-0.49743
-0.49743
-0.53186
6.8579
-0.52007
-0.5078
-0.48791
-0.48791
-0.51088
-0.49603
-0.50674
0
0
0
0
0
0
0
-0.16471
0
0
0
0
0
0
0
0
-0.5488
-0.54035
-0.55997
-0.49743
-0.49743
-0.53186
-0.52007
6.8579
-0.5078
-0.48791
-0.48791
-0.51088
-0.49603
-0.50674
0
0
0
0
0
-0.16471
0
0
0
0
0
0
0
0
0
0
-0.54601
-0.53613
-0.55323
-0.49239
-0.49239
-0.52675
-0.5078
-0.5078
25.8443
-0.49342
-0.49342
0
-0.46502
0
0
0
0
0
0
0
0
0
0
0
-10.115
0
0
-10.115
0
0
-0.52518
-0.51874
-0.54091
-0.47689
-0.47689
-0.51214
-0.48791
-0.48791
-0.49342
6.402
-0.44492
-0.49322
-0.46741
-0.47644
0
0
0
0
0
0
0
0
0
0
0
0
0
0
0
0
-0.52518
-0.51874
-0.54091
-0.47689
-0.47689
-0.51214
-0.48791
-0.48791
-0.49342
-0.44492
6.402
-0.49322
-0.46741
-0.47644
0
0
0
0
0
0
0
0
0
0
0
0
0
0
0
0
-0.55567
-0.5457
-0.56064
-0.50124
-0.50124
-0.53267
-0.51088
-0.51088
0
-0.49322
-0.49322
24.7553
0
0
0
0
0
0
0
0
0
0
0
0
0
-9.775
0
0
0
-9.775
-0.52976
-0.52305
-0.54635
-0.48016
-0.48016
-0.51624
-0.49603
-0.49603
-0.46502
-0.46741
-0.46741
0
5.4676
0
0
0
0
0
0
0
0
0
0
0
0
0
0
0
0
0
-0.53809
-0.53128
-0.55605
-0.48735
-0.48735
-0.52509
-0.50674
-0.50674
0
-0.47644
-0.47644
0
0
5.0915
0
0
0
0
0
0
0
0
0
0
0
0
0
0
0
0
-0.6854
-0.67633
-0.71482
-0.61868
-0.61868
-0.67456
0
0
0
0
0
0
0
0
3.9885
0
0
0
0
0
0
0
0
0
0
0
0
0
0
0
-0.59653
0
-0.60504
-0.53997
-0.53997
0
0
0
0
0
0
0
0
0
0
2.5208
0
0
0
0
0
0
0
0
0
0
-0.23924
0
0
0
-0.5101
-0.51751
-0.53219
-0.4619
-0.4619
0
0
0
0
0
0
0
0
0
0
0
2.4836
0
0
0
0
0
0
0
0
0
0
0
0
0
0
-0.1045
0
0
0
0
0
0
0
0
0
0
0
0
0
0
0
1.0007
-0.40838
0
0
0
0
-0.48784
0
0
0
0
0
0
-1.0121
-1.0501
0
0
0
0
0
0
0
0
0
0
0
0
0
0
0
-0.40838
2.4706
0
0
0
0
0
0
0
0
0
0
0
0
0
0
0
0
0
0
-0.16471
0
0
0
0
0
0
0
0
0
0
0
1.12
-0.95529
0
0
0
0
0
0
0
0
0
0
0
0
0
0
0
0
0
0
0
0
0
0
0
0
0
0
0
0
-0.95529
1.9106
-0.95529
0
0
0
0
0
0
0
0
0
0
0
0
0
0
-0.16471
0
0
0
0
0
0
0
0
0
0
0
0
0
-0.95529
1.12
0
0
0
0
0
0
0
0
0
0
0
0
0
-8.7254
0
0
0
0
0
0
0
0
0
0
0
0
0
0
0
0
8.7254
0
0
0
0
0
0
0
0
0
0
0
0
0
0
0
0
0
0
0
0
0
0
0
0
-0.48784
0
0
0
0
0
0.48784
0
0
0
0
0
0
0
0
0
0
0
0
0
0
-10.115
0
0
0
0
0
0
0
0
0
0
0
0
0
0
0
10.115
0
0
0
0
0
0
0
0
0
0
0
0
0
0
0
0
-9.775
0
0
0
0
0
0
0
0
0
0
0
0
0
9.775
0
0
0
0
0
0
0
0
0
0
0
0
0
0
0
0
0
0
0
-0.23924
0
0
0
0
0
0
0
0
0
0
0.23924
0
0
0
0
0
0
0
0
0
0
0
-10.115
0
0
0
0
0
0
0
0
0
0
0
0
0
0
0
0
0
0
10.115
0
0
0
0
-9.693
0
0
0
0
0
0
0
0
0
0
0
0
0
0
0
0
0
0
0
0
0
0
0
0
0
9.693
0
0
0
0
0
0
0
0
0
0
0
0
-9.775
0
0
0
0
0
0
0
0
0
0
0
0
0
0
0
0
0
9.775
