43.2113
-0.65363
-0.70679
-0.72506
-0.72506
-0.72506
-0.66821
-0.67731
-0.66158
-0.66158
-0.61089
-0.61089
-0.61109
-0.61089
-0.61089
-0.61089
-0.61109
-0.69466
-0.73675
0
0
0
-10.433
-10.433
0
0
0
-10.433
0
0
-0.65363
18.5812
-0.74232
-0.74059
-0.74059
-0.74059
-0.69415
-0.69232
-0.69693
-0.69693
-0.62439
-0.62439
-0.64227
-0.62439
-0.62439
-0.62439
-0.64227
-0.69522
-0.72384
-0.22175
0
-6.1358
0
0
0
0
0
0
0
0
-0.70679
-0.74232
17.8208
-0.82808
-0.82808
-0.82808
-0.75744
-0.75803
-0.77178
-0.77178
-0.67991
-0.67991
-0.70776
-0.67991
-0.67991
-0.67991
-0.70776
-0.76431
0
0
0
0
0
0
-5.249
0
0
0
0
0
-0.72506
-0.74059
-0.82808
13.2222
-0.79394
-0.79394
-0.75257
-0.74849
-0.76768
-0.76768
-0.67249
-0.67249
-0.70419
-0.67249
-0.67249
-0.67249
-0.70419
-0.75196
-0.78138
0
0
0
0
0
0
0
0
0
0
0
-0.72506
-0.74059
-0.82808
-0.79394
13.2222
-0.79394
-0.75257
-0.74849
-0.76768
-0.76768
-0.67249
-0.67249
-0.70419
-0.67249
-0.67249
-0.67249
-0.70419
-0.75196
-0.78138
0
0
0
0
0
0
0
0
0
0
0
-0.72506
-0.74059
-0.82808
-0.79394
-0.79394
13.2222
-0.75257
-0.74849
-0.76768
-0.76768
-0.67249
-0.67249
-0.70419
-0.67249
-0.67249
-0.67249
-0.70419
-0.75196
-0.78138
0
0
0
0
0
0
0
0
0
0
0
-0.66821
-0.69415
-0.75744
-0.75257
-0.75257
-0.75257
11.1106
-0.69766
-0.70247
-0.70247
-0.62122
-0.62122
-0.64713
-0.62122
-0.62122
-0.62122
-0.64713
0
0
-0.23015
0
0
0
0
0
0
0
0
0
0
-0.67731
-0.69232
-0.75803
-0.74849
-0.74849
-0.74849
-0.69766
11.6247
-0.7103
-0.7103
-0.62561
-0.62561
-0.65401
-0.62561
-0.62561
-0.62561
-0.65401
-0.69725
0
0
0
0
0
0
0
0
0
0
0
0
-0.66158
-0.69693
-0.77178
-0.76768
-0.76768
-0.76768
-0.70247
-0.7103
15.6594
-0.71448
-0.63174
-0.63174
-0.65768
-0.63174
-0.63174
-0.63174
-0.65768
0
0
0
0
0
0
0
0
0
0
0
0
-4.6247
-0.66158
-0.69693
-0.77178
-0.76768
-0.76768
-0.76768
-0.70247
-0.7103
-0.71448
15.6594
-0.63174
-0.63174
-0.65768
-0.63174
-0.63174
-0.63174
-0.65768
0
0
0
-4.6247
0
0
0
0
0
0
0
0
0
-0.61089
-0.62439
-0.67991
-0.67249
-0.67249
-0.67249
-0.62122
-0.62561
-0.63174
-0.63174
9.8142
-0.55048
-0.58466
-0.55048
-0.55048
-0.55048
-0.58466
0
0
0
0
0
0
0
0
0
0
0
0
0
-0.61089
-0.62439
-0.67991
-0.67249
-0.67249
-0.67249
-0.62122
-0.62561
-0.63174
-0.63174
-0.55048
9.8142
-0.58466
-0.55048
-0.55048
-0.55048
-0.58466
0
0
0
0
0
0
0
0
0
0
0
0
0
-0.61109
-0.64227
-0.70776
-0.70419
-0.70419
-0.70419
-0.64713
-0.65401
-0.65768
-0.65768
-0.58466
-0.58466
13.3289
-0.58466
-0.58466
-0.58466
0
0
0
0
0
0
0
0
0
0
-3.7155
0
0
0
-0.61089
-0.62439
-0.67991
-0.67249
-0.67249
-0.67249
-0.62122
-0.62561
-0.63174
-0.63174
-0.55048
-0.55048
-0.58466
9.8142
-0.55048
-0.55048
-0.58466
0
0
0
0
0
0
0
0
0
0
0
0
0
-0.61089
-0.62439
-0.67991
-0.67249
-0.67249
-0.67249
-0.62122
-0.62561
-0.63174
-0.63174
-0.55048
-0.55048
-0.58466
-0.55048
9.8142
-0.55048
-0.58466
0
0
0
0
0
0
0
0
0
0
0
0
0
-0.61089
-0.62439
-0.67991
-0.67249
-0.67249
-0.67249
-0.62122
-0.62561
-0.63174
-0.63174
-0.55048
-0.55048
-0.58466
-0.55048
-0.55048
9.8142
-0.58466
0
0
0
0
0
0
0
0
0
0
0
0
0
-0.61109
-0.64227
-0.70776
-0.70419
-0.70419
-0.70419
-0.64713
-0.65401
-0.65768
-0.65768
-0.58466
-0.58466
0
-0.58466
-0.58466
-0.58466
13.3289
0
0
0
0
0
0
0
0
0
0
0
-3.7155
0
-0.69466
-0.69522
-0.76431
-0.75196
-0.75196
-0.75196
0
-0.69725
0
0
0
0
0
0
0
0
0
5.1073
0
0
0
0
0
0
0
0
0
0
0
0
-0.73675
-0.72384
0
-0.78138
-0.78138
-0.78138
0
0
0
0
0
0
0
0
0
0
0
0
3.8047
0
0
0
0
0
0
0
0
0
0
0
0
-0.22175
0
0
0
0
-0.23015
0
0
0
0
0
0
0
0
0
0
0
0
0.5564
0
0
0
0
0
-0.1045
0
0
0
0
0
0
0
0
0
0
0
0
0
-4.6247
0
0
0
0
0
0
0
0
0
0
4.6247
0
0
0
0
0
0
0
0
0
0
-6.1358
0
0
0
0
0
0
0
0
0
0
0
0
0
0
0
0
0
0
0
6.1358
0
0
0
0
0
0
0
0
-10.433
0
0
0
0
0
0
0
0
0
0
0
0
0
0
0
0
0
0
0
0
0
10.433
0
0
0
0
0
0
0
-10.433
0
0
0
0
0
0
0
0
0
0
0
0
0
0
0
0
0
0
0
0
0
0
10.433
0
0
0
0
0
0
0
0
-5.249
0
0
0
0
0
0
0
0
0
0
0
0
0
0
0
0
0
0
0
0
0
5.249
0
0
0
0
0
0
0
0
0
0
0
0
0
0
0
0
0
0
0
0
0
0
0
0
-0.1045
0
0
0
0
0
0.1045
0
0
0
0
0
0
0
0
0
0
0
0
0
0
0
0
-3.7155
0
0
0
0
0
0
0
0
0
0
0
0
0
3.7155
0
0
0
-10.433
0
0
0
0
0
0
0
0
0
0
0
0
0
0
0
0
0
0
0
0
0
0
0
0
0
0
10.433
0
0
0
0
0
0
0
0
0
0
0
0
0
0
0
0
0
0
-3.7155
0
0
0
0
0
0
0
0
0
0
0
3.7155
0
0
0
0
0
0
0
0
0
-4.6247
0
0
0
0
0
0
0
0
0
0
0
0
0
0
0
0
0
0
0
0
4.6247
