26.5976
-1.0767
-0.99785
-0.99785
-0.99785
-1.0124
-0.99785
-0.99785
-0.99785
-0.85063
-0.85063
-0.85063
-0.85063
-0.85063
-0.93366
-0.893
-0.9616
-0.9616
-0.98318
-0.91945
-0.91945
-0.85371
-6.8426
0
0
0
0
0
0
0
-1.0767
26.5976
-0.99785
-0.99785
-0.99785
-1.0124
-0.99785
-0.99785
-0.99785
-0.85063
-0.85063
-0.85063
-0.85063
-0.85063
-0.93366
-0.893
-0.9616
-0.9616
-0.98318
-0.91945
-0.91945
-0.85371
0
0
0
0
0
-6.8426
0
0
-0.99785
-0.99785
18.2398
-0.90099
-0.90099
-0.94304
-0.90099
-0.90099
-0.90099
-0.78385
-0.78385
-0.78385
-0.78385
-0.78385
-0.86499
-0.84403
-0.88268
-0.88268
-0.90822
-0.84595
-0.84595
-0.80234
0
0
0
0
0
0
0
0
-0.99785
-0.99785
-0.90099
18.2398
-0.90099
-0.94304
-0.90099
-0.90099
-0.90099
-0.78385
-0.78385
-0.78385
-0.78385
-0.78385
-0.86499
-0.84403
-0.88268
-0.88268
-0.90822
-0.84595
-0.84595
-0.80234
0
0
0
0
0
0
0
0
-0.99785
-0.99785
-0.90099
-0.90099
18.2398
-0.94304
-0.90099
-0.90099
-0.90099
-0.78385
-0.78385
-0.78385
-0.78385
-0.78385
-0.86499
-0.84403
-0.88268
-0.88268
-0.90822
-0.84595
-0.84595
-0.80234
0
0
0
0
0
0
0
0
-1.0124
-1.0124
-0.94304
-0.94304
-0.94304
24.0107
-0.94304
-0.94304
-0.94304
-0.78892
-0.78892
-0.78892
-0.78892
-0.78892
-0.86495
-0.82984
-0.88915
-0.88915
-0.90786
-0.85212
-0.85212
0
0
0
-6.2978
0
0
0
0
0
-0.99785
-0.99785
-0.90099
-0.90099
-0.90099
-0.94304
18.2398
-0.90099
-0.90099
-0.78385
-0.78385
-0.78385
-0.78385
-0.78385
-0.86499
-0.84403
-0.88268
-0.88268
-0.90822
-0.84595
-0.84595
-0.80234
0
0
0
0
0
0
0
0
-0.99785
-0.99785
-0.90099
-0.90099
-0.90099
-0.94304
-0.90099
18.2398
-0.90099
-0.78385
-0.78385
-0.78385
-0.78385
-0.78385
-0.86499
-0.84403
-0.88268
-0.88268
-0.90822
-0.84595
-0.84595
-0.80234
0
0
0
0
0
0
0
0
-0.99785
-0.99785
-0.90099
-0.90099
-0.90099
-0.94304
-0.90099
-0.90099
18.2398
-0.78385
-0.78385
-0.78385
-0.78385
-0.78385
-0.86499
-0.84403
-0.88268
-0.88268
-0.90822
-0.84595
-0.84595
-0.80234
0
0
0
0
0
0
0
0
-0.85063
-0.85063
-0.78385
-0.78385
-0.78385
-0.78892
-0.78385
-0.78385
-0.78385
15.0389
-0.67123
-0.67123
-0.67123
-0.67123
-0.73437
-0.71739
-0.7496
-0.7496
-0.76697
-0.72139
-0.72139
0
0
0
0
0
0
0
0
0
-0.85063
-0.85063
-0.78385
-0.78385
-0.78385
-0.78892
-0.78385
-0.78385
-0.78385
-0.67123
15.0389
-0.67123
-0.67123
-0.67123
-0.73437
-0.71739
-0.7496
-0.7496
-0.76697
-0.72139
-0.72139
0
0
0
0
0
0
0
0
0
-0.85063
-0.85063
-0.78385
-0.78385
-0.78385
-0.78892
-0.78385
-0.78385
-0.78385
-0.67123
-0.67123
15.0389
-0.67123
-0.67123
-0.73437
-0.71739
-0.7496
-0.7496
-0.76697
-0.72139
-0.72139
0
0
0
0
0
0
0
0
0
-0.85063
-0.85063
-0.78385
-0.78385
-0.78385
-0.78892
-0.78385
-0.78385
-0.78385
-0.67123
-0.67123
-0.67123
15.0389
-0.67123
-0.73437
-0.71739
-0.7496
-0.7496
-0.76697
-0.72139
-0.72139
0
0
0
0
0
0
0
0
0
-0.85063
-0.85063
-0.78385
-0.78385
-0.78385
-0.78892
-0.78385
-0.78385
-0.78385
-0.67123
-0.67123
-0.67123
-0.67123
15.0389
-0.73437
-0.71739
-0.7496
-0.7496
-0.76697
-0.72139
-0.72139
0
0
0
0
0
0
0
0
0
-0.93366
-0.93366
-0.86499
-0.86499
-0.86499
-0.86495
-0.86499
-0.86499
-0.86499
-0.73437
-0.73437
-0.73437
-0.73437
-0.73437
18.9212
-0.75943
-0.81237
-0.81237
0
0
0
0
0
0
0
0
0
0
-4.943
0
-0.893
-0.893
-0.84403
-0.84403
-0.84403
-0.82984
-0.84403
-0.84403
-0.84403
-0.71739
-0.71739
-0.71739
-0.71739
-0.71739
-0.75943
24.6179
0
0
0
0
0
0
0
-6.2958
0
0
-6.2958
0
0
0
-0.9616
-0.9616
-0.88268
-0.88268
-0.88268
-0.88915
-0.88268
-0.88268
-0.88268
-0.7496
-0.7496
-0.7496
-0.7496
-0.7496
-0.81237
0
13.538
-0.86925
0
0
0
0
0
0
0
0
0
0
0
0
-0.9616
-0.9616
-0.88268
-0.88268
-0.88268
-0.88915
-0.88268
-0.88268
-0.88268
-0.7496
-0.7496
-0.7496
-0.7496
-0.7496
-0.81237
0
-0.86925
13.538
0
0
0
0
0
0
0
0
0
0
0
0
-0.98318
-0.98318
-0.90822
-0.90822
-0.90822
-0.90786
-0.90822
-0.90822
-0.90822
-0.76697
-0.76697
-0.76697
-0.76697
-0.76697
0
0
0
0
15.3543
0
0
0
0
0
0
-3.1959
0
0
0
0
-0.91945
-0.91945
-0.84595
-0.84595
-0.84595
-0.85212
-0.84595
-0.84595
-0.84595
-0.72139
-0.72139
-0.72139
-0.72139
-0.72139
0
0
0
0
0
11.3737
0
0
0
0
0
0
0
0
0
0
-0.91945
-0.91945
-0.84595
-0.84595
-0.84595
-0.85212
-0.84595
-0.84595
-0.84595
-0.72139
-0.72139
-0.72139
-0.72139
-0.72139
0
0
0
0
0
0
11.3737
0
0
0
0
0
0
0
0
0
-0.85371
-0.85371
-0.80234
-0.80234
-0.80234
0
-0.80234
-0.80234
-0.80234
0
0
0
0
0
0
0
0
0
0
0
0
6.6259
0
0
0
0
0
0
0
-0.1045
-6.8426
0
0
0
0
0
0
0
0
0
0
0
0
0
0
0
0
0
0
0
0
0
6.8426
0
0
0
0
0
0
0
0
0
0
0
0
0
0
0
0
0
0
0
0
0
0
-6.2958
0
0
0
0
0
0
0
6.2958
0
0
0
0
0
0
0
0
0
0
0
-6.2978
0
0
0
0
0
0
0
0
0
0
0
0
0
0
0
0
0
0
6.2978
0
0
0
0
0
0
0
0
0
0
0
0
0
0
0
0
0
0
0
0
0
0
0
-3.1959
0
0
0
0
0
0
3.1959
0
0
0
0
0
0
0
0
0
0
0
0
0
0
0
0
0
0
0
-6.2958
0
0
0
0
0
0
0
0
0
0
6.2958
0
0
0
0
-6.8426
0
0
0
0
0
0
0
0
0
0
0
0
0
0
0
0
0
0
0
0
0
0
0
0
0
6.8426
0
0
0
0
0
0
0
0
0
0
0
0
0
0
0
0
-4.943
0
0
0
0
0
0
0
0
0
0
0
0
0
4.943
0
0
0
0
0
0
0
0
0
0
0
0
0
0
0
0
0
0
0
0
0
0
-0.1045
0
0
0
0
0
0
0
0.1045
