20.3877
-0.7038
-0.65984
-0.7021
-0.67989
-0.65727
-0.61033
-0.61033
-0.61033
-0.61033
-0.61033
-0.61033
-0.52479
-0.6042
-0.52479
-0.59061
-0.62348
0
0
-0.25803
0
0
0
0
0
0
0
0
-10.1969
0
-0.7038
20.3877
-0.67989
-0.7021
-0.65984
-0.65727
-0.61033
-0.61033
-0.61033
-0.61033
-0.61033
-0.61033
-0.52479
-0.6042
-0.52479
-0.59061
-0.62348
-0.25803
0
0
0
0
0
0
0
0
0
-10.1969
0
0
-0.65984
-0.67989
10.0962
-0.68521
-0.63389
-0.63507
-0.59081
-0.59081
-0.59081
-0.59081
-0.59081
-0.59081
-0.50882
-0.58353
-0.50882
-0.57245
-0.60293
0
-0.24047
-0.24038
0
0
0
0
0
0
0
0
0
0
-0.7021
-0.7021
-0.68521
35.0584
-0.68521
-0.65015
-0.61223
-0.61223
-0.61223
-0.61223
-0.61223
-0.61223
-0.52665
-0.59795
-0.52665
-0.59323
-0.61469
0
0
0
0
0
0
0
-12.5505
0
-12.5505
0
0
0
-0.67989
-0.65984
-0.63389
-0.68521
10.0962
-0.63507
-0.59081
-0.59081
-0.59081
-0.59081
-0.59081
-0.59081
-0.50882
-0.58353
-0.50882
-0.57245
-0.60293
-0.24038
-0.24047
0
0
0
0
0
0
0
0
0
0
0
-0.65727
-0.65727
-0.63507
-0.65015
-0.63507
19.4277
-0.61274
-0.61274
-0.61274
-0.61274
-0.61274
-0.61274
-0.5245
-0.61262
-0.5245
-0.59235
-0.62995
0
0
0
0
0
-9.6325
0
0
0
0
0
0
0
-0.61033
-0.61033
-0.59081
-0.61223
-0.59081
-0.61274
8.9659
-0.53476
-0.53476
-0.53476
-0.53476
-0.53476
-0.47869
-0.57516
-0.47869
-0.54944
-0.58281
0
0
0
0
0
0
0
0
0
0
0
0
0
-0.61033
-0.61033
-0.59081
-0.61223
-0.59081
-0.61274
-0.53476
8.9659
-0.53476
-0.53476
-0.53476
-0.53476
-0.47869
-0.57516
-0.47869
-0.54944
-0.58281
0
0
0
0
0
0
0
0
0
0
0
0
0
-0.61033
-0.61033
-0.59081
-0.61223
-0.59081
-0.61274
-0.53476
-0.53476
8.9659
-0.53476
-0.53476
-0.53476
-0.47869
-0.57516
-0.47869
-0.54944
-0.58281
0
0
0
0
0
0
0
0
0
0
0
0
0
-0.61033
-0.61033
-0.59081
-0.61223
-0.59081
-0.61274
-0.53476
-0.53476
-0.53476
8.9659
-0.53476
-0.53476
-0.47869
-0.57516
-0.47869
-0.54944
-0.58281
0
0
0
0
0
0
0
0
0
0
0
0
0
-0.61033
-0.61033
-0.59081
-0.61223
-0.59081
-0.61274
-0.53476
-0.53476
-0.53476
-0.53476
8.9659
-0.53476
-0.47869
-0.57516
-0.47869
-0.54944
-0.58281
0
0
0
0
0
0
0
0
0
0
0
0
0
-0.61033
-0.61033
-0.59081
-0.61223
-0.59081
-0.61274
-0.53476
-0.53476
-0.53476
-0.53476
-0.53476
8.9659
-0.47869
-0.57516
-0.47869
-0.54944
-0.58281
0
0
0
0
0
0
0
0
0
0
0
0
0
-0.52479
-0.52479
-0.50882
-0.52665
-0.50882
-0.5245
-0.47869
-0.47869
-0.47869
-0.47869
-0.47869
-0.47869
7.2253
-0.42218
-0.38167
-0.43098
0
0
0
0
0
0
0
0
0
0
0
0
0
0
-0.6042
-0.6042
-0.58353
-0.59795
-0.58353
-0.61262
-0.57516
-0.57516
-0.57516
-0.57516
-0.57516
-0.57516
-0.42218
16.1247
-0.42218
0
0
0
0
0
0
0
0
0
0
0
0
0
0
-8.2434
-0.52479
-0.52479
-0.50882
-0.52665
-0.50882
-0.5245
-0.47869
-0.47869
-0.47869
-0.47869
-0.47869
-0.47869
-0.38167
-0.42218
7.2253
-0.43098
0
0
0
0
0
0
0
0
0
0
0
0
0
0
-0.59061
-0.59061
-0.57245
-0.59323
-0.57245
-0.59235
-0.54944
-0.54944
-0.54944
-0.54944
-0.54944
-0.54944
-0.43098
0
-0.43098
7.6703
0
0
0
0
0
0
0
0
0
0
0
0
0
0
-0.62348
-0.62348
-0.60293
-0.61469
-0.60293
-0.62995
-0.58281
-0.58281
-0.58281
-0.58281
-0.58281
-0.58281
0
0
0
0
14.0927
0
0
0
-6.8983
0
0
0
0
0
0
0
0
0
0
-0.25803
0
0
-0.24038
0
0
0
0
0
0
0
0
0
0
0
0
0.6029
0
0
0
0
0
-0.1045
0
0
0
0
0
0
0
0
-0.24047
0
-0.24047
0
0
0
0
0
0
0
0
0
0
0
0
0
0.60489
0
0
0
0
0
0
-0.12394
0
0
0
0
-0.25803
0
-0.24038
0
0
0
0
0
0
0
0
0
0
0
0
0
0
0
0
0.6029
0
-0.1045
0
0
0
0
0
0
0
0
0
0
0
0
0
0
0
0
0
0
0
0
0
0
0
0
-6.8983
0
0
0
6.8983
0
0
0
0
0
0
0
0
0
0
0
0
0
0
0
0
0
0
0
0
0
0
0
0
0
0
0
0
-0.1045
0
0.1045
0
0
0
0
0
0
0
0
0
0
0
0
0
-9.6325
0
0
0
0
0
0
0
0
0
0
0
0
0
0
0
0
9.6325
0
0
0
0
0
0
0
0
0
0
0
0
0
0
0
0
0
0
0
0
0
0
0
0
-0.1045
0
0
0
0
0
0.1045
0
0
0
0
0
0
0
0
0
-12.5505
0
0
0
0
0
0
0
0
0
0
0
0
0
0
0
0
0
0
0
0
12.5505
0
0
0
0
0
0
0
0
0
0
0
0
0
0
0
0
0
0
0
0
0
0
0
-0.12394
0
0
0
0
0
0
0.12394
0
0
0
0
0
0
0
-12.5505
0
0
0
0
0
0
0
0
0
0
0
0
0
0
0
0
0
0
0
0
0
0
12.5505
0
0
0
0
-10.1969
0
0
0
0
0
0
0
0
0
0
0
0
0
0
0
0
0
0
0
0
0
0
0
0
0
10.1969
0
0
-10.1969
0
0
0
0
0
0
0
0
0
0
0
0
0
0
0
0
0
0
0
0
0
0
0
0
0
0
0
10.1969
0
0
0
0
0
0
0
0
0
0
0
0
0
0
-8.2434
0
0
0
0
0
0
0
0
0
0
0
0
0
0
0
8.2434
