17.583
-1.1178
-1.1178
-1.1179
-1.1179
-1.1178
-0.82525
-0.82525
-0.82525
-0.87166
-0.82525
-0.82525
-0.82525
-0.75321
-0.85328
-0.92785
-0.91549
-0.85498
-0.91749
0
0
-0.94832
0
0
0
0
0
0
0
0
-1.1178
18.2371
-1.0683
-1.1198
-1.1198
-1.0683
-0.82666
-0.82666
-0.82666
-0.87675
-0.82666
-0.82666
-0.82666
-0.75513
-0.86611
-0.94926
-0.93076
-0.8629
-0.92471
0
-1.6175
0
0
0
0
0
0
0
0
0
-1.1178
-1.0683
18.2371
-1.1198
-1.1198
-1.0683
-0.82666
-0.82666
-0.82666
-0.87675
-0.82666
-0.82666
-0.82666
-0.75513
-0.86611
-0.94926
-0.93076
-0.8629
-0.92471
0
-1.6175
0
0
0
0
0
0
0
0
0
-1.1179
-1.1198
-1.1198
17.363
-1.0683
-1.1198
-0.82631
-0.82631
-0.82631
-0.88713
-0.82631
-0.82631
-0.82631
-0.75503
-0.85444
-0.93168
-0.91619
-0.85616
-0.91831
-0.7406
0
0
0
0
0
0
0
0
0
0
-1.1179
-1.1198
-1.1198
-1.0683
17.363
-1.1198
-0.82631
-0.82631
-0.82631
-0.88713
-0.82631
-0.82631
-0.82631
-0.75503
-0.85444
-0.93168
-0.91619
-0.85616
-0.91831
-0.7406
0
0
0
0
0
0
0
0
0
0
-1.1178
-1.0683
-1.0683
-1.1198
-1.1198
18.2371
-0.82666
-0.82666
-0.82666
-0.87675
-0.82666
-0.82666
-0.82666
-0.75513
-0.86611
-0.94926
-0.93076
-0.8629
-0.92471
0
-1.6175
0
0
0
0
0
0
0
0
0
-0.82525
-0.82666
-0.82666
-0.82631
-0.82631
-0.82666
12.569
-0.60255
-0.60255
-0.65229
-0.60255
-0.60255
-0.60255
-0.56616
-0.64858
-0.70377
-0.6932
-0.64655
-0.6878
0
0
0
0
0
0
0
0
0
0
0
-0.82525
-0.82666
-0.82666
-0.82631
-0.82631
-0.82666
-0.60255
12.569
-0.60255
-0.65229
-0.60255
-0.60255
-0.60255
-0.56616
-0.64858
-0.70377
-0.6932
-0.64655
-0.6878
0
0
0
0
0
0
0
0
0
0
0
-0.82525
-0.82666
-0.82666
-0.82631
-0.82631
-0.82666
-0.60255
-0.60255
12.569
-0.65229
-0.60255
-0.60255
-0.60255
-0.56616
-0.64858
-0.70377
-0.6932
-0.64655
-0.6878
0
0
0
0
0
0
0
0
0
0
0
-0.87166
-0.87675
-0.87675
-0.88713
-0.88713
-0.87675
-0.65229
-0.65229
-0.65229
12.5272
-0.65229
-0.65229
-0.65229
-0.56685
-0.63846
-0.69085
-0.68287
-0.64736
0
0
0
0
-0.11089
0
0
0
0
0
0
0
-0.82525
-0.82666
-0.82666
-0.82631
-0.82631
-0.82666
-0.60255
-0.60255
-0.60255
-0.65229
12.569
-0.60255
-0.60255
-0.56616
-0.64858
-0.70377
-0.6932
-0.64655
-0.6878
0
0
0
0
0
0
0
0
0
0
0
-0.82525
-0.82666
-0.82666
-0.82631
-0.82631
-0.82666
-0.60255
-0.60255
-0.60255
-0.65229
-0.60255
12.569
-0.60255
-0.56616
-0.64858
-0.70377
-0.6932
-0.64655
-0.6878
0
0
0
0
0
0
0
0
0
0
0
-0.82525
-0.82666
-0.82666
-0.82631
-0.82631
-0.82666
-0.60255
-0.60255
-0.60255
-0.65229
-0.60255
-0.60255
12.569
-0.56616
-0.64858
-0.70377
-0.6932
-0.64655
-0.6878
0
0
0
0
0
0
0
0
0
0
0
-0.75321
-0.75513
-0.75513
-0.75503
-0.75503
-0.75513
-0.56616
-0.56616
-0.56616
-0.56685
-0.56616
-0.56616
-0.56616
10.8222
-0.56063
-0.59554
-0.60326
-0.57021
0
0
0
0
0
0
0
0
0
0
0
0
-0.85328
-0.86611
-0.86611
-0.85444
-0.85444
-0.86611
-0.64858
-0.64858
-0.64858
-0.63846
-0.64858
-0.64858
-0.64858
-0.56063
22.8601
0
-0.57259
-0.59386
0
0
0
0
0
0
-11.4426
0
0
0
0
0
-0.92785
-0.94926
-0.94926
-0.93168
-0.93168
-0.94926
-0.70377
-0.70377
-0.70377
-0.69085
-0.70377
-0.70377
-0.70377
-0.59554
0
12.4587
0
0
0
-0.58093
0
-0.72975
0
0
0
0
0
0
0
0
-0.91549
-0.93076
-0.93076
-0.91619
-0.91619
-0.93076
-0.6932
-0.6932
-0.6932
-0.68287
-0.6932
-0.6932
-0.6932
-0.60326
-0.57259
0
22.8674
0
0
0
0
0
0
0
0
-11.3093
0
0
0
0
-0.85498
-0.8629
-0.8629
-0.85616
-0.85616
-0.8629
-0.64655
-0.64655
-0.64655
-0.64736
-0.64655
-0.64655
-0.64655
-0.57021
-0.59386
0
0
10.8468
0
0
0
0
0
0
0
0
0
0
0
0
-0.91749
-0.92471
-0.92471
-0.91831
-0.91831
-0.92471
-0.6878
-0.6878
-0.6878
0
-0.6878
-0.6878
-0.6878
0
0
0
0
0
9.6551
0
0
0
0
0
0
0
0
0
0
0
0
0
0
-0.7406
-0.7406
0
0
0
0
0
0
0
0
0
0
-0.58093
0
0
0
16.6434
0
0
-0.65604
0
0
0
-6.9626
0
-6.9626
0
0
-1.6175
-1.6175
0
0
-1.6175
0
0
0
0
0
0
0
0
0
0
0
0
0
0
9.0358
0
0
0
0
0
0
0
0
-4.1834
-0.94832
0
0
0
0
0
0
0
0
0
0
0
0
0
0
-0.72975
0
0
0
0
0
2.8454
0
0
0
0
0
-1.1673
0
0
0
0
0
0
0
0
0
0
0
-0.11089
0
0
0
0
0
0
0
0
0
-0.65604
0
0
0.87143
-0.1045
0
0
0
0
0
0
0
0
0
0
0
0
0
0
0
0
0
0
0
0
0
0
0
0
0
0
0
0
-0.1045
0.1045
0
0
0
0
0
0
0
0
0
0
0
0
0
0
0
0
0
0
0
0
-11.4426
0
0
0
0
0
0
0
0
0
11.4426
0
0
0
0
0
0
0
0
0
0
0
0
0
0
0
0
0
0
0
0
0
-11.3093
0
0
0
0
0
0
0
0
11.3093
0
0
0
0
0
0
0
0
0
0
0
0
0
0
0
0
0
0
0
0
0
0
0
-6.9626
0
0
0
0
0
0
6.9626
0
0
0
0
0
0
0
0
0
0
0
0
0
0
0
0
0
0
0
0
0
0
0
0
-1.1673
0
0
0
0
0
1.1673
0
0
0
0
0
0
0
0
0
0
0
0
0
0
0
0
0
0
0
0
0
-6.9626
0
0
0
0
0
0
0
0
6.9626
0
0
0
0
0
0
0
0
0
0
0
0
0
0
0
0
0
0
0
0
0
-4.1834
0
0
0
0
0
0
0
0
4.1834
