9.2974
-0.37117
-0.37117
-0.39836
-0.44791
-0.35818
-0.52831
-0.60332
-0.51379
-0.40864
-0.41025
-0.72235
-0.61238
0
0
0
0
-0.82487
0
0
0
-2.7267
0
0
0
0
0
0
0
0
-0.37117
5.9205
-0.31282
-0.35362
-0.39265
-0.31724
-0.46714
-0.53337
-0.4435
-0.38181
-0.36335
-0.67752
-0.57647
0
0
0
0
-0.72979
0
0
0
0
0
0
0
0
0
0
0
0
-0.37117
-0.31282
5.9205
-0.35362
-0.39265
-0.31724
-0.46714
-0.53337
-0.4435
-0.38181
-0.36335
-0.67752
-0.57647
0
0
0
0
-0.72979
0
0
0
0
0
0
0
0
0
0
0
0
-0.39836
-0.35362
-0.35362
4.2531
-0.45608
-0.31697
-0.4703
-0.53817
-0.48342
-0.40811
-0.36995
0
0
0
0
0
-0.1045
0
0
0
0
0
0
0
0
0
0
0
0
0
-0.44791
-0.39265
-0.39265
-0.45608
14.2682
-0.37116
-0.51554
-0.62635
-0.52477
0
-0.41013
0
0
-0.25661
0
0
0
0
0
0
0
0
0
0
0
0
-9.8743
0
0
0
-0.35818
-0.31724
-0.31724
-0.31697
-0.37116
3.637
-0.41976
-0.47282
-0.41001
-0.34076
-0.31289
0
0
0
0
0
0
0
0
0
0
0
0
0
0
0
0
0
0
0
-0.52831
-0.46714
-0.46714
-0.4703
-0.51554
-0.41976
4.2298
0
0
0
0
0
0
0
0
-1.3616
0
0
0
0
0
0
0
0
0
0
0
0
0
0
-0.60332
-0.53337
-0.53337
-0.53817
-0.62635
-0.47282
0
10.9638
0
0
0
0
0
0
0
0
0
0
0
0
0
0
0
0
0
0
0
0
0
-7.6564
-0.51379
-0.4435
-0.4435
-0.48342
-0.52477
-0.41001
0
0
4.548
0
0
0
0
0
0
0
0
0
0
0
-1.729
0
0
0
0
0
0
0
0
0
-0.40864
-0.38181
-0.38181
-0.40811
0
-0.34076
0
0
0
2.5941
0
0
0
0
-0.67298
0
0
0
0
0
0
0
0
0
0
0
0
0
0
0
-0.41025
-0.36335
-0.36335
-0.36995
-0.41013
-0.31289
0
0
0
0
2.2299
0
0
0
0
0
0
0
0
0
0
0
0
0
0
0
0
0
0
0
-0.72235
-0.67752
-0.67752
0
0
0
0
0
0
0
0
10.6584
0
0
0
0
0
0
0
0
0
0
0
-3.2674
0
0
0
0
-5.3136
0
-0.61238
-0.57647
-0.57647
0
0
0
0
0
0
0
0
0
3.3265
0
0
0
0
0
-1.5612
0
0
0
0
0
0
0
0
0
0
0
0
0
0
0
-0.25661
0
0
0
0
0
0
0
0
3.8688
0
-1.1012
0
0
0
-1.0354
0
0
0
0
0
-1.4756
0
0
0
0
0
0
0
0
0
0
0
0
0
-0.67298
0
0
0
0
2.6751
0
-0.46534
0
0
-0.58461
0
-0.95215
0
0
0
0
0
0
0
0
0
0
0
0
0
0
-1.3616
0
0
0
0
0
0
-1.1012
0
4.2056
0
0
0
0
0
0
0
0
-1.7428
0
0
0
0
0
0
0
0
-0.1045
0
0
0
0
0
0
0
0
0
0
-0.46534
0
0.87979
0
0
0
0
0
0
0
0
0
0
-0.30995
0
0
-0.82487
-0.72979
-0.72979
0
0
0
0
0
0
0
0
0
0
0
0
0
0
2.2845
0
0
0
0
0
0
0
0
0
0
0
0
0
0
0
0
0
0
0
0
0
0
0
0
-1.5612
0
0
0
0
0
5.9747
0
0
0
0
-1.422
-2.9916
0
0
0
0
0
0
0
0
0
0
0
0
0
0
0
0
0
0
-1.0354
-0.58461
0
0
0
0
4.4058
0
0
-2.7859
0
0
0
0
0
0
0
0
0
0
0
0
0
0
0
-1.729
0
0
0
0
0
0
0
0
0
0
0
3.5347
0
-1.8057
0
0
0
0
0
0
0
-2.7267
0
0
0
0
0
0
0
0
0
0
0
0
0
-0.95215
0
0
0
0
0
0
3.6788
0
0
0
0
0
0
0
0
0
0
0
0
0
0
0
0
0
0
0
0
0
0
0
0
0
0
0
-2.7859
-1.8057
0
4.5915
0
0
0
0
0
0
0
0
0
0
0
0
0
0
0
0
0
0
-3.2674
0
0
0
0
0
0
-1.422
0
0
0
0
4.6894
0
0
0
0
0
0
0
0
0
0
0
0
0
0
0
0
0
0
0
0
0
-1.7428
0
0
-2.9916
0
0
0
0
0
4.7344
0
0
0
0
0
0
0
0
0
0
0
0
0
0
0
0
0
0
-1.4756
0
0
0
0
0
0
0
0
0
0
0
1.4756
0
0
0
0
0
0
0
0
-9.8743
0
0
0
0
0
0
0
0
0
0
0
0
0
0
0
0
0
0
0
0
0
9.8743
0
0
0
0
0
0
0
0
0
0
0
0
0
0
0
0
0
0
0
-0.30995
0
0
0
0
0
0
0
0
0
0
0.30995
0
0
0
0
0
0
0
0
0
0
0
0
0
-5.3136
0
0
0
0
0
0
0
0
0
0
0
0
0
0
0
0
5.3136
0
0
0
0
0
0
0
0
-7.6564
0
0
0
0
0
0
0
0
0
0
0
0
0
0
0
0
0
0
0
0
0
7.6564
