13.6464
-0.77386
-0.77386
-0.69786
-0.69786
-0.69786
-0.72249
-0.70342
-0.69748
-0.71678
-0.73356
-0.74084
-0.76424
-0.79688
-1.0047
-0.8262
-0.95774
0
-1.3408
0
0
0
0
0
0
0
0
0
0
0
-0.77386
12.5972
-0.75306
-0.68857
-0.68857
-0.68857
-0.71876
-0.7028
-0.6898
-0.71737
-0.72224
-0.73251
-0.75633
-0.80689
-0.99441
-0.81866
0
0
-1.3448
0
0
0
0
0
0
0
0
0
0
0
-0.77386
-0.75306
12.5972
-0.68857
-0.68857
-0.68857
-0.71876
-0.7028
-0.6898
-0.71737
-0.72224
-0.73251
-0.75633
-0.80689
-0.99441
-0.81866
0
0
-1.3448
0
0
0
0
0
0
0
0
0
0
0
-0.69786
-0.68857
-0.68857
10.0656
-0.58457
-0.58457
-0.6433
-0.62721
-0.61563
-0.64329
-0.64596
-0.65313
-0.67391
-0.71832
-0.8726
-0.72808
0
0
0
0
0
0
0
0
0
0
0
0
0
0
-0.69786
-0.68857
-0.68857
-0.58457
10.0656
-0.58457
-0.6433
-0.62721
-0.61563
-0.64329
-0.64596
-0.65313
-0.67391
-0.71832
-0.8726
-0.72808
0
0
0
0
0
0
0
0
0
0
0
0
0
0
-0.69786
-0.68857
-0.68857
-0.58457
-0.58457
10.0656
-0.6433
-0.62721
-0.61563
-0.64329
-0.64596
-0.65313
-0.67391
-0.71832
-0.8726
-0.72808
0
0
0
0
0
0
0
0
0
0
0
0
0
0
-0.72249
-0.71876
-0.71876
-0.6433
-0.6433
-0.6433
13.3153
-0.6268
-0.61786
-0.63511
-0.6465
-0.65426
-0.6754
0
0
0
0
0
0
0
-1.2999
0
0
-4.0695
0
0
0
0
0
0
-0.70342
-0.7028
-0.7028
-0.62721
-0.62721
-0.62721
-0.6268
8.7024
-0.61059
-0.63348
-0.64838
-0.65139
-0.67299
0
0
0
-0.8681
0
0
0
0
0
0
0
0
0
0
0
0
0
-0.69748
-0.6898
-0.6898
-0.61563
-0.61563
-0.61563
-0.61786
-0.61059
7.6963
-0.62414
-0.62596
-0.6362
-0.6576
0
0
0
0
0
0
0
0
0
0
0
0
0
0
0
0
0
-0.71678
-0.71737
-0.71737
-0.64329
-0.64329
-0.64329
-0.63511
-0.63348
-0.62414
8.7421
0
0
0
0
0
0
0
-0.54961
0
0
0
0
0
0
-2.2184
0
0
0
0
0
-0.73356
-0.72224
-0.72224
-0.64596
-0.64596
-0.64596
-0.6465
-0.64838
-0.62596
0
7.0004
-0.68442
0
0
0
0
0
0
0
0
0
-0.27919
0
0
0
0
0
0
0
0
-0.74084
-0.73251
-0.73251
-0.65313
-0.65313
-0.65313
-0.65426
-0.65139
-0.6362
0
-0.68442
6.7915
0
0
0
0
0
0
0
0
0
0
0
0
0
0
0
0
0
0
-0.76424
-0.75633
-0.75633
-0.67391
-0.67391
-0.67391
-0.6754
-0.67299
-0.6576
0
0
0
6.3046
0
0
0
0
0
0
0
0
0
0
0
0
0
0
0
0
0
-0.79688
-0.80689
-0.80689
-0.71832
-0.71832
-0.71832
0
0
0
0
0
0
0
9.1999
0
0
0
0
0
-2.4047
0
0
-2.2296
0
0
0
0
0
0
0
-1.0047
-0.99441
-0.99441
-0.8726
-0.8726
-0.8726
0
0
0
0
0
0
0
0
13.7969
0
0
0
0
0
0
0
0
0
0
0
0
-8.1856
0
0
-0.8262
-0.81866
-0.81866
-0.72808
-0.72808
-0.72808
0
0
0
0
0
0
0
0
0
4.6477
0
0
0
0
0
0
0
0
0
0
0
0
0
0
-0.95774
0
0
0
0
0
0
-0.8681
0
0
0
0
0
0
0
0
3.9898
0
0
-1.4389
0
-0.72505
0
0
0
0
0
0
0
0
0
0
0
0
0
0
0
0
0
-0.54961
0
0
0
0
0
0
0
8.5543
0
0
-2.2824
0
0
0
-2.7951
0
-2.9272
0
0
0
-1.3408
-1.3448
-1.3448
0
0
0
0
0
0
0
0
0
0
0
0
0
0
0
8.4386
0
0
0
0
0
0
0
0
0
-4.4081
0
0
0
0
0
0
0
0
0
0
0
0
0
0
-2.4047
0
0
-1.4389
0
0
7.35
0
0
0
0
0
-3.5065
0
0
0
0
0
0
0
0
0
0
-1.2999
0
0
0
0
0
0
0
0
0
0
-2.2824
0
0
5.6274
0
-2.045
0
0
0
0
0
0
0
0
0
0
0
0
0
0
0
0
0
-0.27919
0
0
0
0
0
-0.72505
0
0
0
0
1.2911
0
0
0
0
0
0
0
-0.28682
0
0
0
0
0
0
0
0
0
0
0
0
0
-2.2296
0
0
0
0
0
0
-2.045
0
4.2746
0
0
0
0
0
0
0
0
0
0
0
0
0
-4.0695
0
0
0
0
0
0
0
0
0
0
0
0
0
0
0
0
6.4906
0
-2.4211
0
0
0
0
0
0
0
0
0
0
0
0
0
-2.2184
0
0
0
0
0
0
0
-2.7951
0
0
0
0
0
0
5.0136
0
0
0
0
0
0
0
0
0
0
0
0
0
0
0
0
0
0
0
0
0
0
0
0
-3.5065
0
0
0
-2.4211
0
5.9275
0
0
0
0
0
0
0
0
0
0
0
0
0
0
0
0
0
0
0
0
0
-2.9272
0
0
0
0
0
0
0
0
2.9272
0
0
0
0
0
0
0
0
0
0
0
0
0
0
0
0
0
-8.1856
0
0
0
0
0
0
0
0
0
0
0
0
8.1856
0
0
0
0
0
0
0
0
0
0
0
0
0
0
0
0
0
0
0
0
-4.4081
0
0
0
0
0
0
0
0
0
4.4081
0
0
0
0
0
0
0
0
0
0
0
0
0
0
0
0
0
0
0
0
0
0
-0.28682
0
0
0
0
0
0
0
0.28682
