12.6309
-0.57645
-0.6163
-0.56808
-0.54884
-0.57231
-0.54935
-0.57071
-0.56788
-0.56025
-0.59686
-0.57008
-0.57008
-0.44363
-0.597
-0.49918
-0.53907
-0.5879
-0.86468
-2.2322
0
0
0
0
0
0
0
0
0
0
-0.57645
12.6309
-0.6163
-0.56808
-0.54884
-0.57231
-0.54935
-0.57071
-0.56788
-0.56025
-0.59686
-0.57008
-0.57008
-0.44363
-0.597
-0.49918
-0.53907
-0.5879
-0.86468
-2.2322
0
0
0
0
0
0
0
0
0
0
-0.6163
-0.6163
25.8869
-0.55556
-0.56092
-0.57291
-0.49475
-0.57926
-0.57526
-0.56638
-0.5729
-0.57917
-0.57917
-0.40081
-0.61924
-0.47185
-0.55951
-0.62255
0
0
0
0
0
0
0
0
0
-8.172
-8.172
0
-0.56808
-0.56808
-0.55556
14.9925
-0.52727
-0.54135
-0.48804
-0.54313
-0.5399
-0.5323
-0.5496
-0.54263
-0.54263
-0.39946
-0.57283
-0.45941
-0.51986
-0.57089
0
0
0
0
0
-5.9715
0
0
0
0
0
0
-0.54884
-0.54884
-0.56092
-0.52727
9.7293
-0.53514
-0.50443
-0.53392
-0.53119
-0.5242
-0.55043
-0.53339
-0.53339
-0.41404
-0.55815
-0.46415
-0.50683
-0.55173
-0.80245
0
0
0
0
0
0
0
0
0
0
0
-0.57231
-0.57231
-0.57291
-0.54135
-0.53514
8.6424
-0.51878
-0.55403
-0.55094
-0.54326
-0.56733
-0.55383
-0.55383
-0.42328
-0.58113
-0.47612
-0.52583
0
0
0
0
0
0
0
0
0
0
0
0
0
-0.54935
-0.54935
-0.49475
-0.48804
-0.50443
-0.51878
31.3399
-0.53806
-0.53448
-0.52418
-0.51348
-0.5384
-0.5384
0
0
0
0
0
0
0
0
-8.3494
0
0
0
0
-8.3494
0
0
-8.3494
-0.57071
-0.57071
-0.57926
-0.54313
-0.53392
-0.55403
-0.53806
7.772
-0.55016
-0.54165
-0.57362
-0.55246
-0.55246
0
-0.58262
0
-0.52924
0
0
0
0
0
0
0
0
0
0
0
0
0
-0.56788
-0.56788
-0.57526
-0.5399
-0.53119
-0.55094
-0.53448
-0.55016
7.2035
-0.53731
-0.56853
-0.54973
-0.54973
0
-0.58054
0
0
0
0
0
0
0
0
0
0
0
0
0
0
0
-0.56025
-0.56025
-0.56638
-0.5323
-0.5242
-0.54326
-0.52418
-0.54165
-0.53731
6.5071
-0.54743
-0.53496
-0.53496
0
0
0
0
0
0
0
0
0
0
0
0
0
0
0
0
0
-0.59686
-0.59686
-0.5729
-0.5496
-0.55043
-0.56733
-0.51348
-0.57362
-0.56853
-0.54743
7.2026
0
0
0
0
0
0
0
0
0
0
0
0
0
-1.5656
0
0
0
0
0
-0.57008
-0.57008
-0.57917
-0.54263
-0.53339
-0.55383
-0.5384
-0.55246
-0.54973
-0.53496
0
5.5247
0
0
0
0
0
0
0
0
0
0
0
0
0
0
0
0
0
0
-0.57008
-0.57008
-0.57917
-0.54263
-0.53339
-0.55383
-0.5384
-0.55246
-0.54973
-0.53496
0
0
5.5247
0
0
0
0
0
0
0
0
0
0
0
0
0
0
0
0
0
-0.44363
-0.44363
-0.40081
-0.39946
-0.41404
-0.42328
0
0
0
0
0
0
0
10.3019
0
0
0
0
0
0
-3.8886
0
0
0
0
-3.8886
0
0
0
0
-0.597
-0.597
-0.61924
-0.57283
-0.55815
-0.58113
0
-0.58262
-0.58054
0
0
0
0
0
4.6885
0
0
0
0
0
0
0
0
0
0
0
0
0
0
0
-0.49918
-0.49918
-0.47185
-0.45941
-0.46415
-0.47612
0
0
0
0
0
0
0
0
0
2.9744
0
0
0
0
0
0
-0.1045
0
0
0
0
0
0
0
-0.53907
-0.53907
-0.55951
-0.51986
-0.50683
-0.52583
0
-0.52924
0
0
0
0
0
0
0
0
3.7194
0
0
0
0
0
0
0
0
0
0
0
0
0
-0.5879
-0.5879
-0.62255
-0.57089
-0.55173
0
0
0
0
0
0
0
0
0
0
0
0
2.921
0
0
0
0
0
0
0
0
0
0
0
0
-0.86468
-0.86468
0
0
-0.80245
0
0
0
0
0
0
0
0
0
0
0
0
0
2.5318
0
0
0
0
0
0
0
0
0
0
0
-2.2322
-2.2322
0
0
0
0
0
0
0
0
0
0
0
0
0
0
0
0
0
4.4645
0
0
0
0
0
0
0
0
0
0
0
0
0
0
0
0
0
0
0
0
0
0
0
-3.8886
0
0
0
0
0
0
3.8886
0
0
0
0
0
0
0
0
0
0
0
0
0
0
0
-8.3494
0
0
0
0
0
0
0
0
0
0
0
0
0
0
8.3494
0
0
0
0
0
0
0
0
0
0
0
0
0
0
0
0
0
0
0
0
0
0
0
-0.1045
0
0
0
0
0
0
0.1045
0
0
0
0
0
0
0
0
0
0
-5.9715
0
0
0
0
0
0
0
0
0
0
0
0
0
0
0
0
0
0
0
5.9715
0
0
0
0
0
0
0
0
0
0
0
0
0
0
0
0
-1.5656
0
0
0
0
0
0
0
0
0
0
0
0
0
1.5656
0
0
0
0
0
0
0
0
0
0
0
0
0
0
0
0
0
0
-3.8886
0
0
0
0
0
0
0
0
0
0
0
3.8886
0
0
0
0
0
0
0
0
0
0
-8.3494
0
0
0
0
0
0
0
0
0
0
0
0
0
0
0
0
0
0
0
8.3494
0
0
0
0
0
-8.172
0
0
0
0
0
0
0
0
0
0
0
0
0
0
0
0
0
0
0
0
0
0
0
0
8.172
0
0
0
0
-8.172
0
0
0
0
0
0
0
0
0
0
0
0
0
0
0
0
0
0
0
0
0
0
0
0
0
8.172
0
0
0
0
0
0
0
-8.3494
0
0
0
0
0
0
0
0
0
0
0
0
0
0
0
0
0
0
0
0
0
0
8.3494
