16.6142
-1.0103
-0.96943
-1.0144
-0.90901
-0.90901
-0.79717
-0.83053
-0.79717
-0.83053
-0.71295
-0.71295
-0.71295
-0.71295
-0.82138
-0.81345
-0.81345
-0.84693
-0.75394
-0.87811
0
-0.76761
0
0
0
0
0
0
0
0
-1.0103
34.4184
-0.98725
-0.97691
-1.0103
-1.0103
-0.82942
-0.80495
-0.82942
-0.80495
-0.72326
-0.72326
-0.72326
-0.72326
-0.82572
-0.8282
-0.8282
-0.8094
-0.76745
0
0
0
-9.6012
-9.6012
0
0
0
0
0
0
-0.96943
-0.98725
23.6652
-1.0146
-0.96943
-0.96943
-0.81392
-0.83157
-0.81392
-0.83157
-0.7267
-0.7267
-0.7267
-0.7267
-0.83461
-0.83056
-0.83056
-0.84279
-0.76962
-0.91689
0
0
0
0
0
0
0
-7.5323
0
0
-1.0144
-0.97691
-1.0146
23.1697
-1.0144
-1.0144
-0.83562
-0.82684
-0.83562
-0.82684
-0.72874
-0.72874
-0.72874
-0.72874
-0.83657
-0.83046
-0.83046
-0.83348
-0.76952
0
-0.2988
0
0
0
0
-7.4961
0
0
0
0
-0.90901
-1.0103
-0.96943
-1.0144
16.6142
-0.90901
-0.79717
-0.83053
-0.79717
-0.83053
-0.71295
-0.71295
-0.71295
-0.71295
-0.82138
-0.81345
-0.81345
-0.84693
-0.75394
-0.87811
0
-0.76761
0
0
0
0
0
0
0
0
-0.90901
-1.0103
-0.96943
-1.0144
-0.90901
16.6142
-0.79717
-0.83053
-0.79717
-0.83053
-0.71295
-0.71295
-0.71295
-0.71295
-0.82138
-0.81345
-0.81345
-0.84693
-0.75394
-0.87811
0
-0.76761
0
0
0
0
0
0
0
0
-0.79717
-0.82942
-0.81392
-0.83562
-0.79717
-0.79717
13.6812
-0.7157
-0.68738
-0.7157
-0.61456
-0.61456
-0.61456
-0.61456
-0.70696
-0.70009
-0.70009
-0.72311
-0.64967
-0.75381
0
0
0
0
0
0
0
0
0
0
-0.83053
-0.80495
-0.83157
-0.82684
-0.83053
-0.83053
-0.7157
20.056
-0.7157
-0.71743
-0.62397
-0.62397
-0.62397
-0.62397
-0.71275
-0.71205
-0.71205
-0.71846
-0.66071
0
0
0
0
0
-6.9403
0
0
0
0
0
-0.79717
-0.82942
-0.81392
-0.83562
-0.79717
-0.79717
-0.68738
-0.7157
13.6812
-0.7157
-0.61456
-0.61456
-0.61456
-0.61456
-0.70696
-0.70009
-0.70009
-0.72311
-0.64967
-0.75381
0
0
0
0
0
0
0
0
0
0
-0.83053
-0.80495
-0.83157
-0.82684
-0.83053
-0.83053
-0.7157
-0.71743
-0.7157
20.056
-0.62397
-0.62397
-0.62397
-0.62397
-0.71275
-0.71205
-0.71205
-0.71846
-0.66071
0
0
0
0
0
0
0
0
0
0
-6.9403
-0.71295
-0.72326
-0.7267
-0.72874
-0.71295
-0.71295
-0.61456
-0.62397
-0.61456
-0.62397
11.4465
-0.52981
-0.52981
-0.52981
-0.62084
-0.61718
-0.61718
-0.63429
-0.57295
0
0
0
0
0
0
0
0
0
0
0
-0.71295
-0.72326
-0.7267
-0.72874
-0.71295
-0.71295
-0.61456
-0.62397
-0.61456
-0.62397
-0.52981
11.4465
-0.52981
-0.52981
-0.62084
-0.61718
-0.61718
-0.63429
-0.57295
0
0
0
0
0
0
0
0
0
0
0
-0.71295
-0.72326
-0.7267
-0.72874
-0.71295
-0.71295
-0.61456
-0.62397
-0.61456
-0.62397
-0.52981
-0.52981
11.4465
-0.52981
-0.62084
-0.61718
-0.61718
-0.63429
-0.57295
0
0
0
0
0
0
0
0
0
0
0
-0.71295
-0.72326
-0.7267
-0.72874
-0.71295
-0.71295
-0.61456
-0.62397
-0.61456
-0.62397
-0.52981
-0.52981
-0.52981
11.4465
-0.62084
-0.61718
-0.61718
-0.63429
-0.57295
0
0
0
0
0
0
0
0
0
0
0
-0.82138
-0.82572
-0.83461
-0.83657
-0.82138
-0.82138
-0.70696
-0.71275
-0.70696
-0.71275
-0.62084
-0.62084
-0.62084
-0.62084
10.5616
0
0
0
0
0
-0.27775
0
0
0
0
0
0
0
0
0
-0.81345
-0.8282
-0.83056
-0.83046
-0.81345
-0.81345
-0.70009
-0.71205
-0.70009
-0.71205
-0.61718
-0.61718
-0.61718
-0.61718
0
11.0105
-0.78786
0
0
0
0
0
0
0
0
0
0
0
0
0
-0.81345
-0.8282
-0.83056
-0.83046
-0.81345
-0.81345
-0.70009
-0.71205
-0.70009
-0.71205
-0.61718
-0.61718
-0.61718
-0.61718
0
-0.78786
11.0105
0
0
0
0
0
0
0
0
0
0
0
0
0
-0.84693
-0.8094
-0.84279
-0.83348
-0.84693
-0.84693
-0.72311
-0.71846
-0.72311
-0.71846
-0.63429
-0.63429
-0.63429
-0.63429
0
0
0
14.884
0
0
0
0
0
0
0
0
0
0
-4.4372
0
-0.75394
-0.76745
-0.76962
-0.76952
-0.75394
-0.75394
-0.64967
-0.66071
-0.64967
-0.66071
-0.57295
-0.57295
-0.57295
-0.57295
0
0
0
0
9.481
0
0
0
0
0
0
0
0
0
0
0
-0.87811
0
-0.91689
0
-0.87811
-0.87811
-0.75381
0
-0.75381
0
0
0
0
0
0
0
0
0
0
5.0588
0
0
0
0
0
0
0
0
0
0
0
0
0
-0.2988
0
0
0
0
0
0
0
0
0
0
-0.27775
0
0
0
0
0
0.68105
0
0
0
0
0
-0.1045
0
0
0
-0.76761
0
0
0
-0.76761
-0.76761
0
0
0
0
0
0
0
0
0
0
0
0
0
0
0
2.3028
0
0
0
0
0
0
0
0
0
-9.6012
0
0
0
0
0
0
0
0
0
0
0
0
0
0
0
0
0
0
0
0
9.6012
0
0
0
0
0
0
0
0
-9.6012
0
0
0
0
0
0
0
0
0
0
0
0
0
0
0
0
0
0
0
0
0
9.6012
0
0
0
0
0
0
0
0
0
0
0
0
0
-6.9403
0
0
0
0
0
0
0
0
0
0
0
0
0
0
0
0
6.9403
0
0
0
0
0
0
0
0
-7.4961
0
0
0
0
0
0
0
0
0
0
0
0
0
0
0
0
0
0
0
0
0
7.4961
0
0
0
0
0
0
0
0
0
0
0
0
0
0
0
0
0
0
0
0
0
0
0
0
-0.1045
0
0
0
0
0
0.1045
0
0
0
0
0
-7.5323
0
0
0
0
0
0
0
0
0
0
0
0
0
0
0
0
0
0
0
0
0
0
0
0
7.5323
0
0
0
0
0
0
0
0
0
0
0
0
0
0
0
0
0
0
0
-4.4372
0
0
0
0
0
0
0
0
0
0
4.4372
0
0
0
0
0
0
0
0
0
0
-6.9403
0
0
0
0
0
0
0
0
0
0
0
0
0
0
0
0
0
0
0
6.9403
