17.7731
-0.49754
-0.46826
-0.47192
-0.49347
-0.49184
-0.47643
-0.4774
-0.49697
-0.49697
-0.47484
-0.50533
-0.47752
-0.50633
-0.537
-0.30982
-0.72886
0
-0.72886
-0.72886
0
0
0
0
0
0
0
0
-8.4049
0
-0.49754
17.7731
-0.46826
-0.47192
-0.49347
-0.49184
-0.47643
-0.4774
-0.49697
-0.49697
-0.47484
-0.50533
-0.47752
-0.50633
-0.537
-0.30982
-0.72886
0
-0.72886
-0.72886
0
-8.4049
0
0
0
0
0
0
0
0
-0.46826
-0.46826
8.8224
-0.4598
-0.46792
-0.4663
-0.45402
-0.45357
-0.47317
-0.47317
-0.45098
-0.48193
-0.45268
-0.47315
-0.50713
-0.30395
-0.65605
0
-0.65605
-0.65605
0
0
0
0
0
0
0
0
0
0
-0.47192
-0.47192
-0.4598
36.7353
-0.48519
-0.48033
-0.46552
-0.46531
-0.46382
-0.46382
-0.46471
-0.46753
-0.47383
0
0
0
0
0
0
0
0
0
-10.3672
-10.3672
0
0
-10.3672
0
0
0
-0.49347
-0.49347
-0.46792
-0.48519
6.885
-0.48444
-0.48385
-0.47113
-0.49377
-0.49377
-0.46887
-0.50291
-0.47095
-0.48234
-0.59288
0
0
0
0
0
0
0
0
0
0
0
0
0
0
0
-0.49184
-0.49184
-0.4663
-0.48033
-0.48444
6.2045
-0.47825
-0.46093
-0.4835
-0.4835
-0.45879
-0.49222
-0.46028
-0.47229
0
0
0
0
0
0
0
0
0
0
0
0
0
0
0
0
-0.47643
-0.47643
-0.45402
-0.46552
-0.48385
-0.47825
5.8421
-0.45685
-0.47323
-0.47323
-0.45517
-0.48063
-0.45856
0
0
0
0
-0.20994
0
0
0
0
0
0
0
0
0
0
0
0
-0.4774
-0.4774
-0.45357
-0.46531
-0.47113
-0.46093
-0.45685
5.566
-0.46754
-0.46754
-0.44576
-0.47502
-0.44759
0
0
0
0
0
0
0
0
0
0
0
0
0
0
0
0
0
-0.49697
-0.49697
-0.47317
-0.46382
-0.49377
-0.4835
-0.47323
-0.46754
8.7979
-0.49785
-0.45403
0
0
0
0
0
0
0
0
0
0
0
0
0
-3.997
0
0
0
0
0
-0.49697
-0.49697
-0.47317
-0.46382
-0.49377
-0.4835
-0.47323
-0.46754
-0.49785
8.7979
-0.45403
0
0
0
0
0
0
0
0
0
-3.997
0
0
0
0
0
0
0
0
0
-0.47484
-0.47484
-0.45098
-0.46471
-0.46887
-0.45879
-0.45517
-0.44576
-0.45403
-0.45403
4.602
0
0
0
0
0
0
0
0
0
0
0
0
0
0
0
0
0
0
0
-0.50533
-0.50533
-0.48193
-0.46753
-0.50291
-0.49222
-0.48063
-0.47502
0
0
0
5.6113
0
0
0
0
0
0
0
0
0
0
0
0
0
-1.7004
0
0
0
0
-0.47752
-0.47752
-0.45268
-0.47383
-0.47095
-0.46028
-0.45856
-0.44759
0
0
0
0
3.7189
0
0
0
0
0
0
0
0
0
0
0
0
0
0
0
0
0
-0.50633
-0.50633
-0.47315
0
-0.48234
-0.47229
0
0
0
0
0
0
0
2.4404
0
0
0
0
0
0
0
0
0
0
0
0
0
0
0
0
-0.537
-0.537
-0.50713
0
-0.59288
0
0
0
0
0
0
0
0
0
2.5139
0
0
-0.33989
0
0
0
0
0
0
0
0
0
0
0
0
-0.30982
-0.30982
-0.30395
0
0
0
0
0
0
0
0
0
0
0
0
1.0281
0
0
0
0
0
0
0
0
0
0
0
-0.1045
0
0
-0.72886
-0.72886
-0.65605
0
0
0
0
0
0
0
0
0
0
0
0
0
2.1138
0
0
0
0
0
0
0
0
0
0
0
0
0
0
0
0
0
0
0
-0.20994
0
0
0
0
0
0
0
-0.33989
0
0
0.69295
0
0
0
0
0
0
0
0
0
0
0
-0.14313
-0.72886
-0.72886
-0.65605
0
0
0
0
0
0
0
0
0
0
0
0
0
0
0
2.1138
0
0
0
0
0
0
0
0
0
0
0
-0.72886
-0.72886
-0.65605
0
0
0
0
0
0
0
0
0
0
0
0
0
0
0
0
2.1138
0
0
0
0
0
0
0
0
0
0
0
0
0
0
0
0
0
0
0
-3.997
0
0
0
0
0
0
0
0
0
0
3.997
0
0
0
0
0
0
0
0
0
0
-8.4049
0
0
0
0
0
0
0
0
0
0
0
0
0
0
0
0
0
0
0
8.4049
0
0
0
0
0
0
0
0
0
0
0
-10.3672
0
0
0
0
0
0
0
0
0
0
0
0
0
0
0
0
0
0
10.3672
0
0
0
0
0
0
0
0
0
0
-10.3672
0
0
0
0
0
0
0
0
0
0
0
0
0
0
0
0
0
0
0
10.3672
0
0
0
0
0
0
0
0
0
0
0
0
0
0
-3.997
0
0
0
0
0
0
0
0
0
0
0
0
0
0
0
3.997
0
0
0
0
0
0
0
0
0
0
0
0
0
0
0
0
-1.7004
0
0
0
0
0
0
0
0
0
0
0
0
0
1.7004
0
0
0
0
0
0
0
-10.3672
0
0
0
0
0
0
0
0
0
0
0
0
0
0
0
0
0
0
0
0
0
0
10.3672
0
0
0
0
0
0
0
0
0
0
0
0
0
0
0
0
0
0
-0.1045
0
0
0
0
0
0
0
0
0
0
0
0.1045
0
0
-8.4049
0
0
0
0
0
0
0
0
0
0
0
0
0
0
0
0
0
0
0
0
0
0
0
0
0
0
0
8.4049
0
0
0
0
0
0
0
0
0
0
0
0
0
0
0
0
0
0
-0.14313
0
0
0
0
0
0
0
0
0
0
0
0.14313
