19.6529
-0.76339
-0.76851
-0.76339
-0.73241
-0.73468
-0.71782
-0.70589
-0.70589
-0.70589
-0.70589
-0.65357
-0.65357
-0.70008
-0.70407
-0.71255
-0.47971
0
-1.0357
0
0
0
0
0
0
0
0
-7.4098
0
0
-0.76339
18.5025
-0.76639
-0.75033
-0.71537
-0.71888
-0.7041
-0.69234
-0.69234
-0.69234
-0.69234
-0.63915
-0.63915
-0.68856
-0.68824
-0.69612
0
0
-1.0282
0
0
0
-6.9352
0
0
0
0
0
0
0
-0.76851
-0.76639
21.9456
-0.76639
-0.72105
-0.72888
-0.70761
-0.69583
-0.69583
-0.69583
-0.69583
-0.64153
-0.64153
-0.68236
-0.69102
-0.6991
0
0
0
0
-4.1743
0
0
0
0
0
-7.1736
0
0
0
-0.76339
-0.75033
-0.76639
18.5025
-0.71537
-0.71888
-0.7041
-0.69234
-0.69234
-0.69234
-0.69234
-0.63915
-0.63915
-0.68856
-0.68824
-0.69612
0
0
-1.0282
0
0
0
0
0
0
-6.9352
0
0
0
0
-0.73241
-0.71537
-0.72105
-0.71537
10.5909
-0.68736
-0.6837
-0.66237
-0.66237
-0.66237
-0.66237
-0.61126
-0.61126
-0.65807
-0.65677
-0.66346
-0.48531
0
0
0
0
0
0
0
0
0
0
0
0
0
-0.73468
-0.71888
-0.72888
-0.71888
-0.68736
11.116
-0.68853
-0.66576
-0.66576
-0.66576
-0.66576
-0.6125
-0.6125
-0.66564
-0.65833
-0.66483
0
0
-0.96197
0
0
0
0
0
0
0
0
0
0
0
-0.71782
-0.7041
-0.70761
-0.7041
-0.6837
-0.68853
14.3844
-0.67205
-0.67205
-0.67205
-0.67205
-0.59352
-0.59352
0
0
0
-0.4516
-0.43445
0
0
0
0
0
-5.4173
0
0
0
0
0
0
-0.70589
-0.69234
-0.69583
-0.69234
-0.66237
-0.66576
-0.67205
9.7185
-0.62748
-0.62748
-0.62748
-0.57556
-0.57556
-0.6365
-0.63033
-0.63158
0
0
0
0
0
0
0
0
0
0
0
0
0
0
-0.70589
-0.69234
-0.69583
-0.69234
-0.66237
-0.66576
-0.67205
-0.62748
9.7185
-0.62748
-0.62748
-0.57556
-0.57556
-0.6365
-0.63033
-0.63158
0
0
0
0
0
0
0
0
0
0
0
0
0
0
-0.70589
-0.69234
-0.69583
-0.69234
-0.66237
-0.66576
-0.67205
-0.62748
-0.62748
9.7185
-0.62748
-0.57556
-0.57556
-0.6365
-0.63033
-0.63158
0
0
0
0
0
0
0
0
0
0
0
0
0
0
-0.70589
-0.69234
-0.69583
-0.69234
-0.66237
-0.66576
-0.67205
-0.62748
-0.62748
-0.62748
9.7185
-0.57556
-0.57556
-0.6365
-0.63033
-0.63158
0
0
0
0
0
0
0
0
0
0
0
0
0
0
-0.65357
-0.63915
-0.64153
-0.63915
-0.61126
-0.6125
-0.59352
-0.57556
-0.57556
-0.57556
-0.57556
8.3934
-0.53657
-0.58294
-0.58097
0
0
0
0
0
0
0
0
0
0
0
0
0
0
0
-0.65357
-0.63915
-0.64153
-0.63915
-0.61126
-0.6125
-0.59352
-0.57556
-0.57556
-0.57556
-0.57556
-0.53657
8.3934
-0.58294
-0.58097
0
0
0
0
0
0
0
0
0
0
0
0
0
0
0
-0.70008
-0.68856
-0.68236
-0.68856
-0.65807
-0.66564
0
-0.6365
-0.6365
-0.6365
-0.6365
-0.58294
-0.58294
12.1481
0
0
0
0
0
0
0
0
0
0
0
0
0
0
-4.353
0
-0.70407
-0.68824
-0.69102
-0.68824
-0.65677
-0.65833
0
-0.63033
-0.63033
-0.63033
-0.63033
-0.58097
-0.58097
0
7.77
0
0
0
0
0
0
0
0
0
0
0
0
0
0
0
-0.71255
-0.69612
-0.6991
-0.69612
-0.66346
-0.66483
0
-0.63158
-0.63158
-0.63158
-0.63158
0
0
0
0
6.6585
0
0
0
0
0
0
0
0
0
0
0
0
0
0
-0.47971
0
0
0
-0.48531
0
-0.4516
0
0
0
0
0
0
0
0
0
5.1648
-0.30952
0
-3.3342
0
0
0
0
0
0
0
0
0
-0.1045
0
0
0
0
0
0
-0.43445
0
0
0
0
0
0
0
0
0
-0.30952
6.7837
0
0
0
-4.5843
0
0
-1.4554
0
0
0
0
0
-1.0357
-1.0282
0
-1.0282
0
-0.96197
0
0
0
0
0
0
0
0
0
0
0
0
4.0541
0
0
0
0
0
0
0
0
0
0
0
0
0
0
0
0
0
0
0
0
0
0
0
0
0
0
0
-3.3342
0
0
4.9284
-0.7418
-0.85241
0
0
0
0
0
0
0
0
0
0
-4.1743
0
0
0
0
0
0
0
0
0
0
0
0
0
0
0
0
-0.7418
4.9161
0
0
0
0
0
0
0
0
0
0
0
0
0
0
0
0
0
0
0
0
0
0
0
0
0
0
-4.5843
0
-0.85241
0
5.4367
0
0
0
0
0
0
0
0
0
-6.9352
0
0
0
0
0
0
0
0
0
0
0
0
0
0
0
0
0
0
0
0
6.9352
0
0
0
0
0
0
0
0
0
0
0
0
0
-5.4173
0
0
0
0
0
0
0
0
0
0
0
0
0
0
0
0
5.4173
0
0
0
0
0
0
0
0
0
0
0
0
0
0
0
0
0
0
0
0
0
0
0
-1.4554
0
0
0
0
0
0
1.4554
0
0
0
0
0
0
0
0
-6.9352
0
0
0
0
0
0
0
0
0
0
0
0
0
0
0
0
0
0
0
0
0
6.9352
0
0
0
0
0
0
-7.1736
0
0
0
0
0
0
0
0
0
0
0
0
0
0
0
0
0
0
0
0
0
0
0
7.1736
0
0
0
-7.4098
0
0
0
0
0
0
0
0
0
0
0
0
0
0
0
0
0
0
0
0
0
0
0
0
0
0
7.4098
0
0
0
0
0
0
0
0
0
0
0
0
0
0
0
-4.353
0
0
0
0
0
0
0
0
0
0
0
0
0
0
4.353
0
0
0
0
0
0
0
0
0
0
0
0
0
0
0
0
0
-0.1045
0
0
0
0
0
0
0
0
0
0
0
0
0.1045
