28.7565
-0.93456
-0.93618
-0.98821
-0.98531
-0.82363
-0.82363
-0.82363
-0.82363
-0.82363
-0.82363
-0.82363
-0.86928
-0.86928
-0.86777
-0.88626
-0.88626
-0.86441
-0.86441
-0.86441
-0.90436
0
0
0
-3.6385
0
-7.6319
0
0
0
-0.93456
21.0009
-0.95948
-0.99572
-0.979
-0.81988
-0.81988
-0.81988
-0.81988
-0.81988
-0.81988
-0.81988
-0.86576
-0.86576
-0.87038
-0.89991
-0.89991
-0.85755
-0.85755
-0.85755
-0.86524
0
0
0
-3.5533
0
0
0
0
0
-0.93618
-0.95948
23.7051
-0.9797
-0.98646
-0.82843
-0.82843
-0.82843
-0.82843
-0.82843
-0.82843
-0.82843
-0.87422
-0.87422
-0.89
-0.87833
-0.87833
-0.87053
-0.87053
-0.87053
0
0
0
-0.19955
0
0
0
0
0
-6.838
-0.98821
-0.99572
-0.9797
24.4407
-1.0422
-0.87233
-0.87233
-0.87233
-0.87233
-0.87233
-0.87233
-0.87233
-0.92327
-0.92327
-0.92666
-0.93842
-0.93842
-0.92036
-0.92036
-0.92036
0
0
0
0
0
0
0
-6.9175
0
0
-0.98531
-0.979
-0.98646
-1.0422
18.2308
-0.85778
-0.85778
-0.85778
-0.85778
-0.85778
-0.85778
-0.85778
-0.90823
-0.90823
-0.91714
-0.94365
-0.94365
-0.90105
-0.90105
-0.90105
-0.90926
0
0
0
0
0
0
0
0
0
-0.82363
-0.81988
-0.82843
-0.87233
-0.85778
14.4361
-0.69031
-0.69031
-0.69031
-0.69031
-0.69031
-0.69031
-0.75676
-0.75676
-0.76293
-0.78144
-0.78144
-0.75095
-0.75095
-0.75095
0
0
0
0
0
0
0
0
0
0
-0.82363
-0.81988
-0.82843
-0.87233
-0.85778
-0.69031
14.4361
-0.69031
-0.69031
-0.69031
-0.69031
-0.69031
-0.75676
-0.75676
-0.76293
-0.78144
-0.78144
-0.75095
-0.75095
-0.75095
0
0
0
0
0
0
0
0
0
0
-0.82363
-0.81988
-0.82843
-0.87233
-0.85778
-0.69031
-0.69031
14.4361
-0.69031
-0.69031
-0.69031
-0.69031
-0.75676
-0.75676
-0.76293
-0.78144
-0.78144
-0.75095
-0.75095
-0.75095
0
0
0
0
0
0
0
0
0
0
-0.82363
-0.81988
-0.82843
-0.87233
-0.85778
-0.69031
-0.69031
-0.69031
14.4361
-0.69031
-0.69031
-0.69031
-0.75676
-0.75676
-0.76293
-0.78144
-0.78144
-0.75095
-0.75095
-0.75095
0
0
0
0
0
0
0
0
0
0
-0.82363
-0.81988
-0.82843
-0.87233
-0.85778
-0.69031
-0.69031
-0.69031
-0.69031
14.4361
-0.69031
-0.69031
-0.75676
-0.75676
-0.76293
-0.78144
-0.78144
-0.75095
-0.75095
-0.75095
0
0
0
0
0
0
0
0
0
0
-0.82363
-0.81988
-0.82843
-0.87233
-0.85778
-0.69031
-0.69031
-0.69031
-0.69031
-0.69031
14.4361
-0.69031
-0.75676
-0.75676
-0.76293
-0.78144
-0.78144
-0.75095
-0.75095
-0.75095
0
0
0
0
0
0
0
0
0
0
-0.82363
-0.81988
-0.82843
-0.87233
-0.85778
-0.69031
-0.69031
-0.69031
-0.69031
-0.69031
-0.69031
14.4361
-0.75676
-0.75676
-0.76293
-0.78144
-0.78144
-0.75095
-0.75095
-0.75095
0
0
0
0
0
0
0
0
0
0
-0.86928
-0.86576
-0.87422
-0.92327
-0.90823
-0.75676
-0.75676
-0.75676
-0.75676
-0.75676
-0.75676
-0.75676
12.8427
-0.72048
-0.78259
-0.80079
-0.80079
0
0
0
0
0
0
0
0
0
0
0
0
0
-0.86928
-0.86576
-0.87422
-0.92327
-0.90823
-0.75676
-0.75676
-0.75676
-0.75676
-0.75676
-0.75676
-0.75676
-0.72048
12.8427
-0.78259
-0.80079
-0.80079
0
0
0
0
0
0
0
0
0
0
0
0
0
-0.86777
-0.87038
-0.89
-0.92666
-0.91714
-0.76293
-0.76293
-0.76293
-0.76293
-0.76293
-0.76293
-0.76293
-0.78259
-0.78259
11.5583
0
0
0
0
0
0
0
-0.18064
0
0
0
0
0
0
0
-0.88626
-0.89991
-0.87833
-0.93842
-0.94365
-0.78144
-0.78144
-0.78144
-0.78144
-0.78144
-0.78144
-0.78144
-0.80079
-0.80079
0
16.2292
0
0
0
0
0
0
0
0
0
0
0
0
-4.611
0
-0.88626
-0.89991
-0.87833
-0.93842
-0.94365
-0.78144
-0.78144
-0.78144
-0.78144
-0.78144
-0.78144
-0.78144
-0.80079
-0.80079
0
0
16.2292
0
0
0
0
0
0
0
0
-4.611
0
0
0
0
-0.86441
-0.85755
-0.87053
-0.92036
-0.90105
-0.75095
-0.75095
-0.75095
-0.75095
-0.75095
-0.75095
-0.75095
0
0
0
0
0
9.6706
0
0
0
0
0
0
0
0
0
0
0
0
-0.86441
-0.85755
-0.87053
-0.92036
-0.90105
-0.75095
-0.75095
-0.75095
-0.75095
-0.75095
-0.75095
-0.75095
0
0
0
0
0
0
9.6706
0
0
0
0
0
0
0
0
0
0
0
-0.86441
-0.85755
-0.87053
-0.92036
-0.90105
-0.75095
-0.75095
-0.75095
-0.75095
-0.75095
-0.75095
-0.75095
0
0
0
0
0
0
0
9.6706
0
0
0
0
0
0
0
0
0
0
-0.90436
-0.86524
0
0
-0.90926
0
0
0
0
0
0
0
0
0
0
0
0
0
0
0
2.6789
0
0
0
0
0
0
0
0
0
0
0
0
0
0
0
0
0
0
0
0
0
0
0
0
0
0
0
0
0
0
4.6198
-2.34
-2.2798
0
0
0
0
0
0
0
0
0
0
0
0
0
0
0
0
0
0
0
0
-0.18064
0
0
0
0
0
0
-2.34
2.5206
0
0
0
0
0
0
0
0
0
-0.19955
0
0
0
0
0
0
0
0
0
0
0
0
0
0
0
0
0
0
-2.2798
0
2.4794
0
0
0
0
0
0
-3.6385
-3.5533
0
0
0
0
0
0
0
0
0
0
0
0
0
0
0
0
0
0
0
0
0
0
7.1918
0
0
0
0
0
0
0
0
0
0
0
0
0
0
0
0
0
0
0
0
0
-4.611
0
0
0
0
0
0
0
0
4.611
0
0
0
0
-7.6319
0
0
0
0
0
0
0
0
0
0
0
0
0
0
0
0
0
0
0
0
0
0
0
0
0
7.6319
0
0
0
0
0
0
-6.9175
0
0
0
0
0
0
0
0
0
0
0
0
0
0
0
0
0
0
0
0
0
0
0
6.9175
0
0
0
0
0
0
0
0
0
0
0
0
0
0
0
0
0
-4.611
0
0
0
0
0
0
0
0
0
0
0
0
4.611
0
0
0
-6.838
0
0
0
0
0
0
0
0
0
0
0
0
0
0
0
0
0
0
0
0
0
0
0
0
0
0
6.838
