25.3147
-0.97636
-0.97552
-0.97552
-0.92547
-0.92547
-0.93675
-0.93675
-0.87343
-0.87343
-0.87343
-0.91131
-0.89186
-1.0111
-1.0111
-0.90447
-0.93732
-0.93732
-0.82517
-0.93695
-1.0413
-1.3316
-2.7386
0
0
0
0
0
0
-2.5644
-0.97636
20.4339
-1.0213
-1.0213
-0.94649
-0.94649
-0.95768
-0.95768
-0.89283
-0.89283
-0.89283
-0.93233
-0.93623
-1.0348
-1.0348
-0.92313
-0.95722
-0.95722
-0.84209
-0.9554
-1.0925
0
0
0
-1.2624
0
0
0
0
0
-0.97552
-1.0213
20.6106
-0.9976
-0.94745
-0.94745
-0.95855
-0.95855
-0.89385
-0.89385
-0.89385
-0.93355
-0.93742
-1.0361
-1.0361
-0.9223
-0.95852
-0.95852
-0.84322
-0.95361
-1.0971
-1.4461
0
0
0
0
0
0
0
0
-0.97552
-1.0213
-0.9976
20.6106
-0.94745
-0.94745
-0.95855
-0.95855
-0.89385
-0.89385
-0.89385
-0.93355
-0.93742
-1.0361
-1.0361
-0.9223
-0.95852
-0.95852
-0.84322
-0.95361
-1.0971
-1.4461
0
0
0
0
0
0
0
0
-0.92547
-0.94649
-0.94745
-0.94745
18.0457
-0.88819
-0.89951
-0.89951
-0.83861
-0.83861
-0.83861
-0.87535
-0.88073
-0.97072
-0.97072
-0.86549
-0.89814
-0.89814
-0.79111
-0.89512
-1.0302
0
0
0
0
0
0
0
0
0
-0.92547
-0.94649
-0.94745
-0.94745
-0.88819
18.0457
-0.89951
-0.89951
-0.83861
-0.83861
-0.83861
-0.87535
-0.88073
-0.97072
-0.97072
-0.86549
-0.89814
-0.89814
-0.79111
-0.89512
-1.0302
0
0
0
0
0
0
0
0
0
-0.93675
-0.95768
-0.95855
-0.95855
-0.89951
-0.89951
17.1937
-0.90664
-0.84671
-0.84671
-0.84671
-0.88531
-0.89377
-0.98206
-0.98206
-0.87404
-0.90832
-0.90832
-0.79982
-0.90263
0
0
0
0
0
0
0
0
0
0
-0.93675
-0.95768
-0.95855
-0.95855
-0.89951
-0.89951
-0.90664
17.1937
-0.84671
-0.84671
-0.84671
-0.88531
-0.89377
-0.98206
-0.98206
-0.87404
-0.90832
-0.90832
-0.79982
-0.90263
0
0
0
0
0
0
0
0
0
0
-0.87343
-0.89283
-0.89385
-0.89385
-0.83861
-0.83861
-0.84671
-0.84671
15.1469
-0.77207
-0.77207
-0.81851
-0.82312
-0.90616
-0.90616
-0.80663
-0.83901
-0.83901
-0.73957
0
0
0
0
0
0
0
0
0
0
0
-0.87343
-0.89283
-0.89385
-0.89385
-0.83861
-0.83861
-0.84671
-0.84671
-0.77207
15.1469
-0.77207
-0.81851
-0.82312
-0.90616
-0.90616
-0.80663
-0.83901
-0.83901
-0.73957
0
0
0
0
0
0
0
0
0
0
0
-0.87343
-0.89283
-0.89385
-0.89385
-0.83861
-0.83861
-0.84671
-0.84671
-0.77207
-0.77207
15.1469
-0.81851
-0.82312
-0.90616
-0.90616
-0.80663
-0.83901
-0.83901
-0.73957
0
0
0
0
0
0
0
0
0
0
0
-0.91131
-0.93233
-0.93355
-0.93355
-0.87535
-0.87535
-0.88531
-0.88531
-0.81851
-0.81851
-0.81851
14.25
-0.86777
-0.95198
-0.95198
0
-0.89533
-0.89533
0
0
0
0
0
0
0
0
0
0
0
0
-0.89186
-0.93623
-0.93742
-0.93742
-0.88073
-0.88073
-0.89377
-0.89377
-0.82312
-0.82312
-0.82312
-0.86777
13.3625
-0.92779
-0.92779
0
0
0
0
0
0
0
0
0
0
0
0
-0.91789
0
0
-1.0111
-1.0348
-1.0361
-1.0361
-0.97072
-0.97072
-0.98206
-0.98206
-0.90616
-0.90616
-0.90616
-0.95198
-0.92779
12.622
0
0
0
0
0
0
0
0
0
0
0
0
0
0
0
0
-1.0111
-1.0348
-1.0361
-1.0361
-0.97072
-0.97072
-0.98206
-0.98206
-0.90616
-0.90616
-0.90616
-0.95198
-0.92779
0
12.622
0
0
0
0
0
0
0
0
0
0
0
0
0
0
0
-0.90447
-0.92313
-0.9223
-0.9223
-0.86549
-0.86549
-0.87404
-0.87404
-0.80663
-0.80663
-0.80663
0
0
0
0
10.452
0
0
0
0
0
0
0
0
0
0
-0.88087
0
0
0
-0.93732
-0.95722
-0.95852
-0.95852
-0.89814
-0.89814
-0.90832
-0.90832
-0.83901
-0.83901
-0.83901
-0.89533
0
0
0
0
10.8369
0
0
0
0
0
0
0
0
0
0
0
0
0
-0.93732
-0.95722
-0.95852
-0.95852
-0.89814
-0.89814
-0.90832
-0.90832
-0.83901
-0.83901
-0.83901
-0.89533
0
0
0
0
0
10.8369
0
0
0
0
0
0
0
0
0
0
0
0
-0.82517
-0.84209
-0.84322
-0.84322
-0.79111
-0.79111
-0.79982
-0.79982
-0.73957
-0.73957
-0.73957
0
0
0
0
0
0
0
8.7543
0
0
0
0
0
0
0
0
0
0
0
-0.93695
-0.9554
-0.95361
-0.95361
-0.89512
-0.89512
-0.90263
-0.90263
0
0
0
0
0
0
0
0
0
0
0
8.3096
0
0
0
0
0
0
-0.91457
0
0
0
-1.0413
-1.0925
-1.0971
-1.0971
-1.0302
-1.0302
0
0
0
0
0
0
0
0
0
0
0
0
0
0
10.343
0
0
0
0
-3.9544
0
0
0
0
-1.3316
0
-1.4461
-1.4461
0
0
0
0
0
0
0
0
0
0
0
0
0
0
0
0
0
6.1422
-1.9184
0
0
0
0
0
0
0
-2.7386
0
0
0
0
0
0
0
0
0
0
0
0
0
0
0
0
0
0
0
0
-1.9184
6.9952
-2.3381
0
0
0
0
0
0
0
0
0
0
0
0
0
0
0
0
0
0
0
0
0
0
0
0
0
0
0
0
-2.3381
7.9215
-2.7614
-2.8219
0
0
0
0
0
-1.2624
0
0
0
0
0
0
0
0
0
0
0
0
0
0
0
0
0
0
0
0
0
-2.7614
6.8164
0
0
0
-2.7925
0
0
0
0
0
0
0
0
0
0
0
0
0
0
0
0
0
0
0
0
0
-3.9544
0
0
-2.8219
0
6.7764
0
0
0
0
0
0
0
0
0
0
0
0
0
0
0
0
0
0
0
-0.88087
0
0
0
-0.91457
0
0
0
0
0
0
1.7954
0
0
0
0
0
0
0
0
0
0
0
0
0
0
0
-0.91789
0
0
0
0
0
0
0
0
0
0
0
0
0
0
0.91789
0
0
0
0
0
0
0
0
0
0
0
0
0
0
0
0
0
0
0
0
0
0
0
0
0
0
-2.7925
0
0
0
2.7925
0
-2.5644
0
0
0
0
0
0
0
0
0
0
0
0
0
0
0
0
0
0
0
0
0
0
0
0
0
0
0
0
2.5644
