21.3416
-1.2076
-1.2076
-0.99785
-0.99785
-0.99785
-0.99785
-0.99785
-0.99785
-0.99785
-0.99785
-0.99785
-0.8559
-0.8559
-0.9398
-0.97851
-0.99828
-0.99828
-1.0292
-1.005
-1.0116
-0.9489
-0.32428
0
0
0
0
0
0
0
-1.2076
29.7286
-1.2207
-1.0171
-1.0171
-1.0171
-1.0171
-1.0171
-1.0171
-1.0171
-1.0171
-1.0171
-0.87214
-0.87214
-0.95977
-1.0019
-1.0222
-1.0222
-1.0436
-1.0192
-1.0232
-0.93109
0
0
0
0
0
-8.3794
0
0
-1.2076
-1.2207
29.7286
-1.0171
-1.0171
-1.0171
-1.0171
-1.0171
-1.0171
-1.0171
-1.0171
-1.0171
-0.87214
-0.87214
-0.95977
-1.0019
-1.0222
-1.0222
-1.0436
-1.0192
-1.0232
-0.93109
0
0
0
-8.3794
0
0
0
0
-0.99785
-1.0171
-1.0171
17.3357
-0.79676
-0.79676
-0.79676
-0.79676
-0.79676
-0.79676
-0.79676
-0.79676
-0.70433
-0.70433
-0.77387
-0.80627
-0.8216
-0.8216
-0.85046
-0.82326
-0.83619
-0.78781
0
0
0
0
0
0
0
0
-0.99785
-1.0171
-1.0171
-0.79676
17.3357
-0.79676
-0.79676
-0.79676
-0.79676
-0.79676
-0.79676
-0.79676
-0.70433
-0.70433
-0.77387
-0.80627
-0.8216
-0.8216
-0.85046
-0.82326
-0.83619
-0.78781
0
0
0
0
0
0
0
0
-0.99785
-1.0171
-1.0171
-0.79676
-0.79676
17.3357
-0.79676
-0.79676
-0.79676
-0.79676
-0.79676
-0.79676
-0.70433
-0.70433
-0.77387
-0.80627
-0.8216
-0.8216
-0.85046
-0.82326
-0.83619
-0.78781
0
0
0
0
0
0
0
0
-0.99785
-1.0171
-1.0171
-0.79676
-0.79676
-0.79676
17.3357
-0.79676
-0.79676
-0.79676
-0.79676
-0.79676
-0.70433
-0.70433
-0.77387
-0.80627
-0.8216
-0.8216
-0.85046
-0.82326
-0.83619
-0.78781
0
0
0
0
0
0
0
0
-0.99785
-1.0171
-1.0171
-0.79676
-0.79676
-0.79676
-0.79676
17.3357
-0.79676
-0.79676
-0.79676
-0.79676
-0.70433
-0.70433
-0.77387
-0.80627
-0.8216
-0.8216
-0.85046
-0.82326
-0.83619
-0.78781
0
0
0
0
0
0
0
0
-0.99785
-1.0171
-1.0171
-0.79676
-0.79676
-0.79676
-0.79676
-0.79676
17.3357
-0.79676
-0.79676
-0.79676
-0.70433
-0.70433
-0.77387
-0.80627
-0.8216
-0.8216
-0.85046
-0.82326
-0.83619
-0.78781
0
0
0
0
0
0
0
0
-0.99785
-1.0171
-1.0171
-0.79676
-0.79676
-0.79676
-0.79676
-0.79676
-0.79676
17.3357
-0.79676
-0.79676
-0.70433
-0.70433
-0.77387
-0.80627
-0.8216
-0.8216
-0.85046
-0.82326
-0.83619
-0.78781
0
0
0
0
0
0
0
0
-0.99785
-1.0171
-1.0171
-0.79676
-0.79676
-0.79676
-0.79676
-0.79676
-0.79676
-0.79676
17.3357
-0.79676
-0.70433
-0.70433
-0.77387
-0.80627
-0.8216
-0.8216
-0.85046
-0.82326
-0.83619
-0.78781
0
0
0
0
0
0
0
0
-0.99785
-1.0171
-1.0171
-0.79676
-0.79676
-0.79676
-0.79676
-0.79676
-0.79676
-0.79676
-0.79676
17.3357
-0.70433
-0.70433
-0.77387
-0.80627
-0.8216
-0.8216
-0.85046
-0.82326
-0.83619
-0.78781
0
0
0
0
0
0
0
0
-0.8559
-0.87214
-0.87214
-0.70433
-0.70433
-0.70433
-0.70433
-0.70433
-0.70433
-0.70433
-0.70433
-0.70433
14.2256
-0.59366
-0.64332
-0.66417
-0.6732
-0.6732
-0.68867
-0.66785
-0.68236
0
0
0
0
0
0
0
0
0
-0.8559
-0.87214
-0.87214
-0.70433
-0.70433
-0.70433
-0.70433
-0.70433
-0.70433
-0.70433
-0.70433
-0.70433
-0.59366
14.2256
-0.64332
-0.66417
-0.6732
-0.6732
-0.68867
-0.66785
-0.68236
0
0
0
0
0
0
0
0
0
-0.9398
-0.95977
-0.95977
-0.77387
-0.77387
-0.77387
-0.77387
-0.77387
-0.77387
-0.77387
-0.77387
-0.77387
-0.64332
-0.64332
14.8279
-0.73234
-0.74284
-0.74284
-0.76131
-0.73777
0
0
0
0
0
0
0
0
0
0
-0.97851
-1.0019
-1.0019
-0.80627
-0.80627
-0.80627
-0.80627
-0.80627
-0.80627
-0.80627
-0.80627
-0.80627
-0.66417
-0.66417
-0.73234
14.6613
-0.78176
-0.78176
-0.79844
0
0
0
0
0
0
0
0
0
0
0
-0.99828
-1.0222
-1.0222
-0.8216
-0.8216
-0.8216
-0.8216
-0.8216
-0.8216
-0.8216
-0.8216
-0.8216
-0.6732
-0.6732
-0.74284
-0.78176
14.1008
-0.79277
0
0
0
0
0
0
0
0
0
0
0
0
-0.99828
-1.0222
-1.0222
-0.8216
-0.8216
-0.8216
-0.8216
-0.8216
-0.8216
-0.8216
-0.8216
-0.8216
-0.6732
-0.6732
-0.74284
-0.78176
-0.79277
14.1008
0
0
0
0
0
0
0
0
0
0
0
0
-1.0292
-1.0436
-1.0436
-0.85046
-0.85046
-0.85046
-0.85046
-0.85046
-0.85046
-0.85046
-0.85046
-0.85046
-0.68867
-0.68867
-0.76131
-0.79844
0
0
19.9808
0
0
0
0
0
0
0
0
0
-6.2732
0
-1.005
-1.0192
-1.0192
-0.82326
-0.82326
-0.82326
-0.82326
-0.82326
-0.82326
-0.82326
-0.82326
-0.82326
-0.66785
-0.66785
-0.73777
0
0
0
0
12.8075
0
0
-0.28115
0
0
0
0
0
0
0
-1.0116
-1.0232
-1.0232
-0.83619
-0.83619
-0.83619
-0.83619
-0.83619
-0.83619
-0.83619
-0.83619
-0.83619
-0.68236
-0.68236
0
0
0
0
0
0
17.195
0
0
0
-5.2467
0
0
0
0
0
-0.9489
-0.93109
-0.93109
-0.78781
-0.78781
-0.78781
-0.78781
-0.78781
-0.78781
-0.78781
-0.78781
-0.78781
0
0
0
0
0
0
0
0
0
22.9313
0
0
0
0
-6.515
0
0
-6.515
-0.32428
0
0
0
0
0
0
0
0
0
0
0
0
0
0
0
0
0
0
-0.28115
0
0
0.70993
-0.1045
0
0
0
0
0
0
0
0
0
0
0
0
0
0
0
0
0
0
0
0
0
0
0
0
0
0
0
0
-0.1045
0.1045
0
0
0
0
0
0
0
0
0
0
0
0
0
0
0
0
0
0
0
0
0
0
0
0
0
0
-5.2467
0
0
0
5.2467
0
0
0
0
0
0
0
-8.3794
0
0
0
0
0
0
0
0
0
0
0
0
0
0
0
0
0
0
0
0
0
0
8.3794
0
0
0
0
0
0
0
0
0
0
0
0
0
0
0
0
0
0
0
0
0
0
0
0
0
-6.515
0
0
0
0
6.515
0
0
0
0
-8.3794
0
0
0
0
0
0
0
0
0
0
0
0
0
0
0
0
0
0
0
0
0
0
0
0
0
8.3794
0
0
0
0
0
0
0
0
0
0
0
0
0
0
0
0
0
0
0
0
-6.2732
0
0
0
0
0
0
0
0
0
6.2732
0
0
0
0
0
0
0
0
0
0
0
0
0
0
0
0
0
0
0
0
0
0
-6.515
0
0
0
0
0
0
0
6.515
