15.5077
-0.87738
-0.88214
-0.88214
-0.73816
-0.74342
-0.74342
-0.73816
-0.78109
-0.79592
-0.80401
-0.71838
-0.71838
-0.71838
-0.87612
-0.80427
-0.78648
-0.92834
0
0
0
0
-1.9716
0
0
0
0
0
0
0
-0.87738
14.5063
-0.87209
-0.87209
-0.72623
-0.73793
-0.73793
-0.72623
-0.77803
-0.78855
-0.79774
-0.71188
-0.71188
-0.71188
-0.87158
-0.7988
-0.77332
0
0
0
0
0
0
0
-2.0127
0
0
0
0
0
-0.88214
-0.87209
20.9066
-0.89003
-0.74209
-0.75604
-0.75604
-0.74209
-0.79798
-0.80714
-0.82649
-0.72767
-0.72767
-0.72767
-0.91199
-0.81467
-0.77
0
0
0
0
0
0
0
0
0
-8.1548
0
0
0
-0.88214
-0.87209
-0.89003
20.9066
-0.74209
-0.75604
-0.75604
-0.74209
-0.79798
-0.80714
-0.82649
-0.72767
-0.72767
-0.72767
-0.91199
-0.81467
-0.77
0
0
0
0
0
0
0
0
0
0
0
0
-8.1548
-0.73816
-0.72623
-0.74209
-0.74209
10.6849
-0.63149
-0.63149
-0.58533
-0.65665
-0.66751
-0.6738
-0.60588
-0.60588
-0.60588
-0.73324
-0.67637
-0.66281
0
0
0
0
0
0
0
0
0
0
0
0
0
-0.74342
-0.73793
-0.75604
-0.75604
-0.63149
10.8603
-0.58533
-0.63149
-0.64959
-0.65946
-0.66549
-0.60156
-0.60156
-0.60156
-0.72452
-0.67155
0
0
-0.8433
0
0
0
0
0
0
0
0
0
0
0
-0.74342
-0.73793
-0.75604
-0.75604
-0.63149
-0.58533
10.8603
-0.63149
-0.64959
-0.65946
-0.66549
-0.60156
-0.60156
-0.60156
-0.72452
-0.67155
0
0
-0.8433
0
0
0
0
0
0
0
0
0
0
0
-0.73816
-0.72623
-0.74209
-0.74209
-0.58533
-0.63149
-0.63149
10.6849
-0.65665
-0.66751
-0.6738
-0.60588
-0.60588
-0.60588
-0.73324
-0.67637
-0.66281
0
0
0
0
0
0
0
0
0
0
0
0
0
-0.78109
-0.77803
-0.79798
-0.79798
-0.65665
-0.64959
-0.64959
-0.65665
17.717
-0.69404
-0.70751
-0.63489
-0.63489
-0.63489
0
0
0
-0.9038
0
0
0
0
0
0
0
0
0
-7.7394
0
0
-0.79592
-0.78855
-0.80714
-0.80714
-0.66751
-0.65946
-0.65946
-0.66751
-0.69404
10.1505
-0.74677
-0.65102
-0.65102
-0.65102
0
0
0
0
-0.90391
0
0
0
0
0
0
0
0
0
0
0
-0.80401
-0.79774
-0.82649
-0.82649
-0.6738
-0.66549
-0.66549
-0.6738
-0.70751
-0.74677
12.0092
-0.65629
-0.65629
-0.65629
0
0
0
0
0
0
-2.6527
0
0
0
0
0
0
0
0
0
-0.71838
-0.71188
-0.72767
-0.72767
-0.60588
-0.60156
-0.60156
-0.60588
-0.63489
-0.65102
-0.65629
8.3198
-0.53855
-0.53855
0
0
0
0
0
0
0
0
0
0
0
0
0
0
0
0
-0.71838
-0.71188
-0.72767
-0.72767
-0.60588
-0.60156
-0.60156
-0.60588
-0.63489
-0.65102
-0.65629
-0.53855
8.3198
-0.53855
0
0
0
0
0
0
0
0
0
0
0
0
0
0
0
0
-0.71838
-0.71188
-0.72767
-0.72767
-0.60588
-0.60156
-0.60156
-0.60588
-0.63489
-0.65102
-0.65629
-0.53855
-0.53855
8.3198
0
0
0
0
0
0
0
0
0
0
0
0
0
0
0
0
-0.87612
-0.87158
-0.91199
-0.91199
-0.73324
-0.72452
-0.72452
-0.73324
0
0
0
0
0
0
8.7812
0
0
0
0
0
0
-2.294
0
0
0
0
0
0
0
0
-0.80427
-0.7988
-0.81467
-0.81467
-0.67637
-0.67155
-0.67155
-0.67637
0
0
0
0
0
0
0
5.9282
0
0
0
0
0
0
0
0
0
0
0
0
0
0
-0.78648
-0.77332
-0.77
-0.77
-0.66281
0
0
-0.66281
0
0
0
0
0
0
0
0
5.6942
0
0
0
0
0
0
0
0
0
0
0
-1.2687
0
-0.92834
0
0
0
0
0
0
0
-0.9038
0
0
0
0
0
0
0
0
7.2179
0
-0.6451
-2.3938
-2.3469
0
0
0
0
0
0
0
0
0
0
0
0
0
-0.8433
-0.8433
0
0
-0.90391
0
0
0
0
0
0
0
0
3.0444
-0.4539
0
0
0
0
0
0
0
0
0
0
0
0
0
0
0
0
0
0
0
0
0
0
0
0
0
0
0
-0.6451
-0.4539
2.3687
0
0
0
0
0
-1.2697
0
0
0
0
0
0
0
0
0
0
0
0
0
0
-2.6527
0
0
0
0
0
0
-2.3938
0
0
5.0465
0
0
0
0
0
0
0
0
0
0
0
0
0
0
0
0
0
0
0
0
0
0
0
-2.294
0
0
-2.3469
0
0
0
4.6409
0
0
0
0
0
0
0
0
-1.9716
0
0
0
0
0
0
0
0
0
0
0
0
0
0
0
0
0
0
0
0
0
5.2337
-3.2621
0
0
0
0
0
0
0
0
0
0
0
0
0
0
0
0
0
0
0
0
0
0
0
0
0
0
0
0
-3.2621
6.4763
-3.2142
0
0
0
0
0
0
-2.0127
0
0
0
0
0
0
0
0
0
0
0
0
0
0
0
0
0
0
0
0
0
-3.2142
5.2269
0
0
0
0
0
0
0
0
0
0
0
0
0
0
0
0
0
0
0
0
0
0
0
0
-1.2697
0
0
0
0
0
1.2697
0
0
0
0
0
0
-8.1548
0
0
0
0
0
0
0
0
0
0
0
0
0
0
0
0
0
0
0
0
0
0
0
8.1548
0
0
0
0
0
0
0
0
0
0
0
-7.7394
0
0
0
0
0
0
0
0
0
0
0
0
0
0
0
0
0
0
7.7394
0
0
0
0
0
0
0
0
0
0
0
0
0
0
0
0
0
0
-1.2687
0
0
0
0
0
0
0
0
0
0
0
1.2687
0
0
0
0
-8.1548
0
0
0
0
0
0
0
0
0
0
0
0
0
0
0
0
0
0
0
0
0
0
0
0
0
8.1548
