18.8348
-0.84899
-0.78228
-0.78228
-0.78228
-0.80591
-0.85032
-0.85032
-0.80015
-0.90662
-0.82689
-0.82689
-0.9993
-0.91851
-0.8734
-0.80462
-0.81519
-1.4603
-0.81519
-0.81519
-0.71198
-0.71198
0
-0.84622
0
0
0
0
0
0
-0.84899
18.8348
-0.78228
-0.78228
-0.78228
-0.80591
-0.85032
-0.85032
-0.80015
-0.90662
-0.82689
-0.82689
-0.9993
-0.91851
-0.8734
-0.80462
-0.81519
-1.4603
-0.81519
-0.81519
-0.71198
-0.71198
0
-0.84622
0
0
0
0
0
0
-0.78228
-0.78228
16.5476
-0.71258
-0.71258
-0.73767
-0.77641
-0.77641
-0.73137
-0.82897
-0.75476
-0.75476
-0.9118
-0.84132
-0.79521
-0.74624
-0.74318
-1.3719
-0.74318
-0.74318
-0.65074
-0.65074
0
0
0
0
0
0
0
0
-0.78228
-0.78228
-0.71258
16.5476
-0.71258
-0.73767
-0.77641
-0.77641
-0.73137
-0.82897
-0.75476
-0.75476
-0.9118
-0.84132
-0.79521
-0.74624
-0.74318
-1.3719
-0.74318
-0.74318
-0.65074
-0.65074
0
0
0
0
0
0
0
0
-0.78228
-0.78228
-0.71258
-0.71258
16.5476
-0.73767
-0.77641
-0.77641
-0.73137
-0.82897
-0.75476
-0.75476
-0.9118
-0.84132
-0.79521
-0.74624
-0.74318
-1.3719
-0.74318
-0.74318
-0.65074
-0.65074
0
0
0
0
0
0
0
0
-0.80591
-0.80591
-0.73767
-0.73767
-0.73767
14.2071
-0.79411
-0.79411
-0.74703
-0.84573
-0.77172
-0.77172
-0.93031
-0.85901
-0.8131
-0.7504
-0.76832
0
-0.76832
-0.76832
0
0
0
0
0
0
0
0
0
0
-0.85032
-0.85032
-0.77641
-0.77641
-0.77641
-0.79411
11.6732
-0.80301
-0.77755
-0.896
-0.81204
-0.81204
-0.98362
-0.90939
-0.85557
0
0
0
0
0
0
0
0
0
0
0
0
0
0
0
-0.85032
-0.85032
-0.77641
-0.77641
-0.77641
-0.79411
-0.80301
11.6732
-0.77755
-0.896
-0.81204
-0.81204
-0.98362
-0.90939
-0.85557
0
0
0
0
0
0
0
0
0
0
0
0
0
0
0
-0.80015
-0.80015
-0.73137
-0.73137
-0.73137
-0.74703
-0.77755
-0.77755
10.0722
-0.80508
-0.74547
-0.74547
-0.8863
0
-0.79329
0
0
0
0
0
0
0
0
0
0
0
0
0
0
0
-0.90662
-0.90662
-0.82897
-0.82897
-0.82897
-0.84573
-0.896
-0.896
-0.80508
18.4801
-0.84609
-0.84609
0
0
0
0
0
0
0
0
0
0
0
0
-9.0449
0
0
0
0
0
-0.82689
-0.82689
-0.75476
-0.75476
-0.75476
-0.77172
-0.81204
-0.81204
-0.74547
-0.84609
8.6072
-0.70179
0
0
0
0
0
0
0
0
0
0
0
0
0
0
0
0
0
0
-0.82689
-0.82689
-0.75476
-0.75476
-0.75476
-0.77172
-0.81204
-0.81204
-0.74547
-0.84609
-0.70179
8.6072
0
0
0
0
0
0
0
0
0
0
0
0
0
0
0
0
0
0
-0.9993
-0.9993
-0.9118
-0.9118
-0.9118
-0.93031
-0.98362
-0.98362
-0.8863
0
0
0
16.4788
0
0
0
0
0
0
0
0
0
0
0
0
0
0
0
0
-7.961
-0.91851
-0.91851
-0.84132
-0.84132
-0.84132
-0.85901
-0.90939
-0.90939
0
0
0
0
0
14.0162
0
0
0
0
0
0
0
0
0
0
0
0
0
-6.9775
0
0
-0.8734
-0.8734
-0.79521
-0.79521
-0.79521
-0.8131
-0.85557
-0.85557
-0.79329
0
0
0
0
0
7.4499
0
0
0
0
0
0
0
0
0
0
0
0
0
0
0
-0.80462
-0.80462
-0.74624
-0.74624
-0.74624
-0.7504
0
0
0
0
0
0
0
0
0
10.1201
0
0
0
0
0
0
-0.27175
0
0
0
-5.25
0
0
0
-0.81519
-0.81519
-0.74318
-0.74318
-0.74318
-0.76832
0
0
0
0
0
0
0
0
0
0
4.6283
0
0
0
0
0
0
0
0
0
0
0
0
0
-1.4603
-1.4603
-1.3719
-1.3719
-1.3719
0
0
0
0
0
0
0
0
0
0
0
0
8.0511
0
0
0
0
-1.0149
0
0
0
0
0
0
0
-0.81519
-0.81519
-0.74318
-0.74318
-0.74318
-0.76832
0
0
0
0
0
0
0
0
0
0
0
0
4.6283
0
0
0
0
0
0
0
0
0
0
0
-0.81519
-0.81519
-0.74318
-0.74318
-0.74318
-0.76832
0
0
0
0
0
0
0
0
0
0
0
0
0
4.6283
0
0
0
0
0
0
0
0
0
0
-0.71198
-0.71198
-0.65074
-0.65074
-0.65074
0
0
0
0
0
0
0
0
0
0
0
0
0
0
0
3.3762
0
0
0
0
0
0
0
0
0
-0.71198
-0.71198
-0.65074
-0.65074
-0.65074
0
0
0
0
0
0
0
0
0
0
0
0
0
0
0
0
3.3762
0
0
0
0
0
0
0
0
0
0
0
0
0
0
0
0
0
0
0
0
0
0
0
-0.27175
0
-1.0149
0
0
0
0
1.3912
0
0
-0.1045
0
0
0
0
-0.84622
-0.84622
0
0
0
0
0
0
0
0
0
0
0
0
0
0
0
0
0
0
0
0
0
2.7889
0
0
0
0
-1.0964
0
0
0
0
0
0
0
0
0
0
-9.0449
0
0
0
0
0
0
0
0
0
0
0
0
0
0
9.0449
0
0
0
0
0
0
0
0
0
0
0
0
0
0
0
0
0
0
0
0
0
0
0
0
0
0
0
-0.1045
0
0
0.1045
0
0
0
0
0
0
0
0
0
0
0
0
0
0
0
0
0
0
0
-5.25
0
0
0
0
0
0
0
0
0
0
5.25
0
0
0
0
0
0
0
0
0
0
0
0
0
0
0
0
-6.9775
0
0
0
0
0
0
0
0
0
0
0
0
0
6.9775
0
0
0
0
0
0
0
0
0
0
0
0
0
0
0
0
0
0
0
0
0
0
0
0
0
-1.0964
0
0
0
0
1.0964
0
0
0
0
0
0
0
0
0
0
0
0
0
-7.961
0
0
0
0
0
0
0
0
0
0
0
0
0
0
0
0
7.961
