23.9577
-0.34061
-0.32481
-0.35652
-0.33909
-0.31187
-0.39411
-0.34732
-0.34732
-0.31862
-0.31682
-0.32519
-0.36799
0
-1.1693
0
0
0
-3.4334
0
0
0
0
0
-7.6323
0
0
0
-7.6323
0
-0.34061
13.8519
-0.33404
-0.3518
-0.33987
-0.31131
-0.38007
-0.33827
-0.33827
-0.31401
-0.30477
-0.33473
-0.35394
0
-1.0805
0
0
0
-3.3096
0
0
0
0
-5.4201
0
0
0
0
0
0
-0.32481
-0.33404
21.1757
-0.37014
-0.36713
-0.3041
-0.37184
-0.34904
-0.34904
0
0
-0.31526
0
-1.0454
0
-2.461
0
0
0
0
0
0
0
0
0
-7.2919
0
-7.2919
0
0
-0.35652
-0.3518
-0.37014
5.1225
-0.33872
-0.3063
-0.35985
-0.33014
-0.33014
-0.3239
-0.30446
-0.33466
-0.3719
-1.044
0
0
0
0
0
0
0
0
0
0
0
0
0
0
0
0
-0.33909
-0.33987
-0.36713
-0.33872
4.3145
-0.30974
-0.3554
-0.32701
-0.32701
-0.33609
-0.30447
-0.31545
-0.36078
0
0
0
0
0
0
0
-0.29374
0
0
0
0
0
0
0
0
0
-0.31187
-0.31131
-0.3041
-0.3063
-0.30974
3.5974
-0.3259
-0.30566
-0.30566
-0.30491
-0.27488
-0.28995
0
0
0
0
0
0
0
0
0
-0.24714
0
0
0
0
0
0
0
0
-0.39411
-0.38007
-0.37184
-0.35985
-0.3554
-0.3259
8.4697
-0.38291
-0.38291
-0.3546
-0.31287
0
0
0
0
0
0
0
0
0
0
0
-4.8492
0
0
0
0
0
0
0
-0.34732
-0.33827
-0.34904
-0.33014
-0.32701
-0.30566
-0.38291
3.2747
-0.32762
-0.30066
-0.26604
0
0
0
0
0
0
0
0
0
0
0
0
0
0
0
0
0
0
0
-0.34732
-0.33827
-0.34904
-0.33014
-0.32701
-0.30566
-0.38291
-0.32762
3.2747
-0.30066
-0.26604
0
0
0
0
0
0
0
0
0
0
0
0
0
0
0
0
0
0
0
-0.31862
-0.31401
0
-0.3239
-0.33609
-0.30491
-0.3546
-0.30066
-0.30066
3.0259
-0.26907
0
0
0
0
0
0
0
0
-0.20334
0
0
0
0
0
0
0
0
0
0
-0.31682
-0.30477
0
-0.30446
-0.30447
-0.27488
-0.31287
-0.26604
-0.26604
-0.26907
2.6194
0
0
0
0
0
0
0
0
0
0
0
0
0
0
0
0
0
0
0
-0.32519
-0.33473
-0.31526
-0.33466
-0.31545
-0.28995
0
0
0
0
0
5.5062
0
0
0
-2.2286
0
0
0
0
0
0
0
0
0
0
-1.3623
0
0
0
-0.36799
-0.35394
0
-0.3719
-0.36078
0
0
0
0
0
0
0
2.2056
0
-0.64645
0
0
-0.1045
0
0
0
0
0
0
0
0
0
0
0
0
0
0
-1.0454
-1.044
0
0
0
0
0
0
0
0
0
2.3554
0
0
0
-0.26597
0
0
0
0
0
0
0
0
0
0
0
0
-1.1693
-1.0805
0
0
0
0
0
0
0
0
0
0
-0.64645
0
2.8963
0
0
0
0
0
0
0
0
0
0
0
0
0
0
0
0
0
-2.461
0
0
0
0
0
0
0
0
-2.2286
0
0
0
6.7204
0
0
0
0
0
0
-2.0308
0
0
0
0
0
0
0
0
0
0
0
0
0
0
0
0
0
0
0
0
0
0
0
6.3406
0
0
-1.9862
-2.1864
-2.168
0
0
0
0
0
0
0
0
0
0
0
0
0
0
0
0
0
0
0
0
-0.1045
-0.26597
0
0
0
1.1615
0
0
0
0
0
0
0
0
0
0
0
-0.79108
-3.4334
-3.3096
0
0
0
0
0
0
0
0
0
0
0
0
0
0
0
0
6.743
0
0
0
0
0
0
0
0
0
0
0
0
0
0
0
0
0
0
0
0
-0.20334
0
0
0
0
0
0
-1.9862
0
0
2.1896
0
0
0
0
0
0
0
0
0
0
0
0
0
0
-0.29374
0
0
0
0
0
0
0
0
0
0
0
-2.1864
0
0
0
2.4801
0
0
0
0
0
0
0
0
0
0
0
0
0
0
-0.24714
0
0
0
0
0
0
0
0
0
0
-2.168
0
0
0
0
2.4151
0
0
0
0
0
0
0
0
0
0
0
0
0
0
-4.8492
0
0
0
0
0
0
0
0
-2.0308
0
0
0
0
0
0
6.8801
0
0
0
0
0
0
0
0
-5.4201
0
0
0
0
0
0
0
0
0
0
0
0
0
0
0
0
0
0
0
0
0
5.4201
0
0
0
0
0
0
-7.6323
0
0
0
0
0
0
0
0
0
0
0
0
0
0
0
0
0
0
0
0
0
0
0
7.6323
0
0
0
0
0
0
0
-7.2919
0
0
0
0
0
0
0
0
0
0
0
0
0
0
0
0
0
0
0
0
0
0
7.2919
0
0
0
0
0
0
0
0
0
0
0
0
0
0
0
-1.3623
0
0
0
0
0
0
0
0
0
0
0
0
0
0
1.3623
0
0
0
0
0
-7.2919
0
0
0
0
0
0
0
0
0
0
0
0
0
0
0
0
0
0
0
0
0
0
0
0
7.2919
0
0
-7.6323
0
0
0
0
0
0
0
0
0
0
0
0
0
0
0
0
0
0
0
0
0
0
0
0
0
0
0
7.6323
0
0
0
0
0
0
0
0
0
0
0
0
0
0
0
0
0
0
-0.79108
0
0
0
0
0
0
0
0
0
0
0
0.79108
