36.4813
-0.81076
-0.81084
-0.76821
-0.76821
-0.76821
-0.76019
-0.68099
-0.67613
-0.68195
-0.73683
-0.70469
-0.84965
-0.84965
-0.84965
-0.6956
-0.6956
-0.6956
-0.76017
-0.8069
0
0
0
0
0
-11.0557
0
-11.0557
0
0
-0.81076
14.4556
-0.80035
-0.75157
-0.75157
-0.75157
-0.75074
-0.66718
-0.66896
-0.68988
-0.75217
-0.77132
-0.82967
-0.82967
-0.82967
-0.67644
-0.67644
-0.67644
-0.73179
-0.7703
0
-0.26915
0
0
0
0
0
0
0
0
-0.81084
-0.80035
14.4693
-0.75114
-0.75114
-0.75114
-0.7533
-0.66738
-0.66875
-0.68989
-0.75183
-0.77093
-0.82939
-0.82939
-0.82939
-0.67621
-0.67621
-0.67621
-0.73352
-0.77056
-0.28171
0
0
0
0
0
0
0
0
0
-0.76821
-0.75157
-0.75114
13.297
-0.69059
-0.69059
-0.71421
-0.62107
-0.62932
-0.64832
-0.7047
-0.72623
-0.7717
-0.7717
-0.7717
-0.62975
-0.62975
-0.62975
-0.68137
-0.7154
0
0
0
0
0
0
0
0
0
0
-0.76821
-0.75157
-0.75114
-0.69059
13.297
-0.69059
-0.71421
-0.62107
-0.62932
-0.64832
-0.7047
-0.72623
-0.7717
-0.7717
-0.7717
-0.62975
-0.62975
-0.62975
-0.68137
-0.7154
0
0
0
0
0
0
0
0
0
0
-0.76821
-0.75157
-0.75114
-0.69059
-0.69059
13.297
-0.71421
-0.62107
-0.62932
-0.64832
-0.7047
-0.72623
-0.7717
-0.7717
-0.7717
-0.62975
-0.62975
-0.62975
-0.68137
-0.7154
0
0
0
0
0
0
0
0
0
0
-0.76019
-0.75074
-0.7533
-0.71421
-0.71421
-0.71421
12.8124
-0.6179
-0.62031
-0.63932
-0.69387
-0.70953
-0.76762
-0.76762
-0.76762
-0.62711
-0.62711
-0.62711
-0.68027
0
-0.26018
0
0
0
0
0
0
0
0
0
-0.68099
-0.66718
-0.66738
-0.62107
-0.62107
-0.62107
-0.6179
11.1269
-0.5542
-0.5702
-0.61161
-0.62793
-0.67311
-0.67311
-0.67311
-0.55027
-0.55027
-0.55027
-0.59619
0
0
0
0
0
0
0
0
0
0
0
-0.67613
-0.66896
-0.66875
-0.62932
-0.62932
-0.62932
-0.62031
-0.5542
10.7022
-0.56295
-0.59963
-0.61044
-0.66727
-0.66727
-0.66727
-0.54606
-0.54606
-0.54606
0
0
0
-0.21292
0
0
0
0
0
0
0
0
-0.68195
-0.68988
-0.68989
-0.64832
-0.64832
-0.64832
-0.63932
-0.5702
-0.56295
19.0966
-0.60906
-0.59854
-0.68817
-0.68817
-0.68817
-0.56397
-0.56397
-0.56397
0
0
0
0
0
-8.3535
0
0
0
0
0
0
-0.73683
-0.75217
-0.75183
-0.7047
-0.7047
-0.7047
-0.69387
-0.61161
-0.59963
-0.60906
17.0304
-0.66459
-0.77554
-0.77554
-0.77554
0
0
0
0
0
0
0
0
0
0
0
-7.1701
0
0
0
-0.70469
-0.77132
-0.77093
-0.72623
-0.72623
-0.72623
-0.70953
-0.62793
-0.61044
-0.59854
-0.66459
24.28
0
0
0
0
0
0
0
0
0
0
-8.3217
0
0
0
0
0
-8.3217
0
-0.84965
-0.82967
-0.82939
-0.7717
-0.7717
-0.7717
-0.76762
-0.67311
-0.66727
-0.68817
-0.77554
0
8.3955
0
0
0
0
0
0
0
0
0
0
0
0
0
0
0
0
0
-0.84965
-0.82967
-0.82939
-0.7717
-0.7717
-0.7717
-0.76762
-0.67311
-0.66727
-0.68817
-0.77554
0
0
8.3955
0
0
0
0
0
0
0
0
0
0
0
0
0
0
0
0
-0.84965
-0.82967
-0.82939
-0.7717
-0.7717
-0.7717
-0.76762
-0.67311
-0.66727
-0.68817
-0.77554
0
0
0
8.3955
0
0
0
0
0
0
0
0
0
0
0
0
0
0
0
-0.6956
-0.67644
-0.67621
-0.62975
-0.62975
-0.62975
-0.62711
-0.55027
-0.54606
-0.56397
0
0
0
0
0
6.2249
0
0
0
0
0
0
0
0
0
0
0
0
0
0
-0.6956
-0.67644
-0.67621
-0.62975
-0.62975
-0.62975
-0.62711
-0.55027
-0.54606
-0.56397
0
0
0
0
0
0
6.2249
0
0
0
0
0
0
0
0
0
0
0
0
0
-0.6956
-0.67644
-0.67621
-0.62975
-0.62975
-0.62975
-0.62711
-0.55027
-0.54606
-0.56397
0
0
0
0
0
0
0
6.2249
0
0
0
0
0
0
0
0
0
0
0
0
-0.76017
-0.73179
-0.73352
-0.68137
-0.68137
-0.68137
-0.68027
-0.59619
0
0
0
0
0
0
0
0
0
0
5.5461
0
0
0
0
0
0
0
0
0
0
0
-0.8069
-0.7703
-0.77056
-0.7154
-0.7154
-0.7154
0
0
0
0
0
0
0
0
0
0
0
0
0
4.494
0
0
0
0
0
0
0
0
0
0
0
0
-0.28171
0
0
0
-0.26018
0
0
0
0
0
0
0
0
0
0
0
0
0
0.66267
0
0
0
-0.12078
0
0
0
0
0
0
-0.26915
0
0
0
0
0
0
-0.21292
0
0
0
0
0
0
0
0
0
0
0
0
0.58657
0
0
0
0
0
0
0
-0.1045
0
0
0
0
0
0
0
0
0
0
0
-8.3217
0
0
0
0
0
0
0
0
0
0
8.3217
0
0
0
0
0
0
0
0
0
0
0
0
0
0
0
0
-8.3535
0
0
0
0
0
0
0
0
0
0
0
0
0
8.3535
0
0
0
0
0
0
0
0
0
0
0
0
0
0
0
0
0
0
0
0
0
0
0
0
0
0
-0.12078
0
0
0
0.12078
0
0
0
0
0
-11.0557
0
0
0
0
0
0
0
0
0
0
0
0
0
0
0
0
0
0
0
0
0
0
0
0
11.0557
0
0
0
0
0
0
0
0
0
0
0
0
0
0
-7.1701
0
0
0
0
0
0
0
0
0
0
0
0
0
0
0
7.1701
0
0
0
-11.0557
0
0
0
0
0
0
0
0
0
0
0
0
0
0
0
0
0
0
0
0
0
0
0
0
0
0
11.0557
0
0
0
0
0
0
0
0
0
0
0
0
0
-8.3217
0
0
0
0
0
0
0
0
0
0
0
0
0
0
0
0
8.3217
0
0
0
0
0
0
0
0
0
0
0
0
0
0
0
0
0
0
0
0
0
0
-0.1045
0
0
0
0
0
0
0
0.1045
