22.6069
-0.84108
-0.86145
-0.81221
-0.86209
-0.84616
-0.84616
-0.84616
-0.84616
-0.84616
-0.74696
-0.74696
-0.74696
-0.74696
-0.80876
-0.79624
-0.79624
-0.78343
-0.81113
-0.65326
-0.30702
0
0
-7.0554
0
0
0
0
0
0
-0.84108
32.2429
-0.84108
-0.81092
-0.86467
-0.85043
-0.85043
-0.85043
-0.85043
-0.85043
-0.75036
-0.75036
-0.75036
-0.75036
-0.80666
-0.80042
-0.80042
-0.78749
-0.81563
-0.63529
0
0
0
0
0
-8.4928
-8.4928
0
0
0
-0.86145
-0.84108
22.6069
-0.81221
-0.86209
-0.84616
-0.84616
-0.84616
-0.84616
-0.84616
-0.74696
-0.74696
-0.74696
-0.74696
-0.80876
-0.79624
-0.79624
-0.78343
-0.81113
-0.65326
0
0
-0.30702
0
0
0
0
0
-7.0554
0
-0.81221
-0.81092
-0.81221
21.6827
-0.84034
-0.82424
-0.82424
-0.82424
-0.82424
-0.82424
-0.72918
-0.72918
-0.72918
-0.72918
-0.79423
-0.77611
-0.77611
-0.76387
-0.79011
-0.64433
0
0
0
0
-6.8243
0
0
0
0
0
-0.86209
-0.86467
-0.86209
-0.84034
15.6978
-0.87313
-0.87313
-0.87313
-0.87313
-0.87313
-0.76806
-0.76806
-0.76806
-0.76806
-0.84766
-0.82047
-0.82047
-0.80696
-0.83527
-0.69986
0
0
0
0
0
0
0
0
0
0
-0.84616
-0.85043
-0.84616
-0.82424
-0.87313
14.7105
-0.84989
-0.84989
-0.84989
-0.84989
-0.75282
-0.75282
-0.75282
-0.75282
-0.8365
-0.8058
-0.8058
-0.79272
-0.81871
0
0
0
0
0
0
0
0
0
0
0
-0.84616
-0.85043
-0.84616
-0.82424
-0.87313
-0.84989
14.7105
-0.84989
-0.84989
-0.84989
-0.75282
-0.75282
-0.75282
-0.75282
-0.8365
-0.8058
-0.8058
-0.79272
-0.81871
0
0
0
0
0
0
0
0
0
0
0
-0.84616
-0.85043
-0.84616
-0.82424
-0.87313
-0.84989
-0.84989
14.7105
-0.84989
-0.84989
-0.75282
-0.75282
-0.75282
-0.75282
-0.8365
-0.8058
-0.8058
-0.79272
-0.81871
0
0
0
0
0
0
0
0
0
0
0
-0.84616
-0.85043
-0.84616
-0.82424
-0.87313
-0.84989
-0.84989
-0.84989
14.7105
-0.84989
-0.75282
-0.75282
-0.75282
-0.75282
-0.8365
-0.8058
-0.8058
-0.79272
-0.81871
0
0
0
0
0
0
0
0
0
0
0
-0.84616
-0.85043
-0.84616
-0.82424
-0.87313
-0.84989
-0.84989
-0.84989
-0.84989
14.7105
-0.75282
-0.75282
-0.75282
-0.75282
-0.8365
-0.8058
-0.8058
-0.79272
-0.81871
0
0
0
0
0
0
0
0
0
0
0
-0.74696
-0.75036
-0.74696
-0.72918
-0.76806
-0.75282
-0.75282
-0.75282
-0.75282
-0.75282
12.244
-0.64866
-0.64866
-0.64866
-0.71373
-0.69625
-0.69625
-0.68614
0
0
0
0
0
0
0
0
0
0
0
0
-0.74696
-0.75036
-0.74696
-0.72918
-0.76806
-0.75282
-0.75282
-0.75282
-0.75282
-0.75282
-0.64866
12.244
-0.64866
-0.64866
-0.71373
-0.69625
-0.69625
-0.68614
0
0
0
0
0
0
0
0
0
0
0
0
-0.74696
-0.75036
-0.74696
-0.72918
-0.76806
-0.75282
-0.75282
-0.75282
-0.75282
-0.75282
-0.64866
-0.64866
12.244
-0.64866
-0.71373
-0.69625
-0.69625
-0.68614
0
0
0
0
0
0
0
0
0
0
0
0
-0.74696
-0.75036
-0.74696
-0.72918
-0.76806
-0.75282
-0.75282
-0.75282
-0.75282
-0.75282
-0.64866
-0.64866
-0.64866
12.244
-0.71373
-0.69625
-0.69625
-0.68614
0
0
0
0
0
0
0
0
0
0
0
0
-0.80876
-0.80666
-0.80876
-0.79423
-0.84766
-0.8365
-0.8365
-0.8365
-0.8365
-0.8365
-0.71373
-0.71373
-0.71373
-0.71373
16.0763
0
0
0
0
0
0
0
0
0
0
0
0
-4.9728
0
0
-0.79624
-0.80042
-0.79624
-0.77611
-0.82047
-0.8058
-0.8058
-0.8058
-0.8058
-0.8058
-0.69625
-0.69625
-0.69625
-0.69625
0
11.5599
-0.75638
0
0
0
0
0
0
0
0
0
0
0
0
0
-0.79624
-0.80042
-0.79624
-0.77611
-0.82047
-0.8058
-0.8058
-0.8058
-0.8058
-0.8058
-0.69625
-0.69625
-0.69625
-0.69625
0
-0.75638
11.5599
0
0
0
0
0
0
0
0
0
0
0
0
0
-0.78343
-0.78749
-0.78343
-0.76387
-0.80696
-0.79272
-0.79272
-0.79272
-0.79272
-0.79272
-0.68614
-0.68614
-0.68614
-0.68614
0
0
0
10.6333
0
0
0
0
0
0
0
0
0
0
0
0
-0.81113
-0.81563
-0.81113
-0.79011
-0.83527
-0.81871
-0.81871
-0.81871
-0.81871
-0.81871
0
0
0
0
0
0
0
0
8.1568
0
0
0
0
0
0
0
0
0
0
0
-0.65326
-0.63529
-0.65326
-0.64433
-0.69986
0
0
0
0
0
0
0
0
0
0
0
0
0
0
3.3905
0
0
0
0
0
0
0
0
0
-0.1045
-0.30702
0
0
0
0
0
0
0
0
0
0
0
0
0
0
0
0
0
0
0
1.7183
-1.4113
0
0
0
0
0
0
0
0
0
0
0
0
0
0
0
0
0
0
0
0
0
0
0
0
0
0
0
0
-1.4113
2.8226
-1.4113
0
0
0
0
0
0
0
0
0
-0.30702
0
0
0
0
0
0
0
0
0
0
0
0
0
0
0
0
0
0
-1.4113
1.7183
0
0
0
0
0
0
0
-7.0554
0
0
0
0
0
0
0
0
0
0
0
0
0
0
0
0
0
0
0
0
0
0
7.0554
0
0
0
0
0
0
0
0
0
-6.8243
0
0
0
0
0
0
0
0
0
0
0
0
0
0
0
0
0
0
0
0
6.8243
0
0
0
0
0
0
-8.4928
0
0
0
0
0
0
0
0
0
0
0
0
0
0
0
0
0
0
0
0
0
0
0
8.4928
0
0
0
0
0
-8.4928
0
0
0
0
0
0
0
0
0
0
0
0
0
0
0
0
0
0
0
0
0
0
0
0
8.4928
0
0
0
0
0
0
0
0
0
0
0
0
0
0
0
0
0
-4.9728
0
0
0
0
0
0
0
0
0
0
0
0
4.9728
0
0
0
0
-7.0554
0
0
0
0
0
0
0
0
0
0
0
0
0
0
0
0
0
0
0
0
0
0
0
0
0
7.0554
0
0
0
0
0
0
0
0
0
0
0
0
0
0
0
0
0
0
0
0
-0.1045
0
0
0
0
0
0
0
0
0
0.1045
