13.1481
-0.62221
-0.61618
-0.62059
-0.61515
-0.60502
-0.60891
-0.61318
-0.61137
-0.61348
-0.6151
-0.61188
0
0
-0.56838
-0.61811
-0.56974
0
0
0
0
0
-4.6388
0
0
0
0
0
0
0
-0.62221
11.1871
-0.6224
-0.62889
-0.62223
-0.61338
-0.61314
-0.61984
-0.61327
-0.61916
-0.61982
-0.62127
0
0
0
-0.63149
0
0
0
0
0
0
0
0
0
0
0
0
-3.74
0
-0.61618
-0.6224
7.377
-0.62064
-0.61645
-0.6116
-0.60628
-0.61156
-0.60754
-0.61251
-0.61372
-0.61412
0
0
0
-0.624
0
0
0
0
0
0
0
0
0
0
0
0
0
0
-0.62059
-0.62889
-0.62064
10.3058
-0.61947
-0.6123
-0.60906
-0.61573
-0.60983
-0.61726
-0.61737
-0.61774
0
0
0
0
0
0
0
0
0
0
0
0
0
-3.5169
0
0
0
0
-0.61515
-0.62223
-0.61645
-0.61947
7.3086
-0.61126
-0.60569
-0.61017
-0.60647
-0.61119
-0.61325
-0.61433
0
-0.56289
0
0
0
0
0
0
0
0
0
0
0
0
0
0
0
0
-0.60502
-0.61338
-0.6116
-0.6123
-0.61126
24.5843
-0.60305
-0.60403
-0.60131
0
0
0
-0.66676
0
0
0
0
0
0
0
0
0
0
-6.3519
-6.3519
0
-6.3519
0
0
0
-0.60891
-0.61314
-0.60628
-0.60906
-0.60569
-0.60305
6.6644
-0.60269
-0.59964
-0.60492
-0.60603
-0.60497
0
0
0
0
0
0
0
0
0
0
0
0
0
0
0
0
0
0
-0.61318
-0.61984
-0.61156
-0.61573
-0.61017
-0.60403
-0.60269
8.9514
-0.60048
-0.60849
-0.61046
0
0
0
0
0
0
0
0
0
0
0
0
0
0
0
0
0
0
-2.8548
-0.61137
-0.61327
-0.60754
-0.60983
-0.60647
-0.60131
-0.59964
-0.60048
6.6282
-0.60302
-0.60722
0
0
0
0
0
0
-0.56801
0
0
0
0
0
0
0
0
0
0
0
0
-0.61348
-0.61916
-0.61251
-0.61726
-0.61119
0
-0.60492
-0.60849
-0.60302
7.8435
0
0
0
0
-0.57313
0
0
0
0
0
0
0
0
0
0
0
0
-2.3803
0
0
-0.6151
-0.61982
-0.61372
-0.61737
-0.61325
0
-0.60603
-0.61046
-0.60722
0
4.903
0
0
0
0
0
0
0
0
0
0
0
0
0
0
0
0
0
0
0
-0.61188
-0.62127
-0.61412
-0.61774
-0.61433
0
-0.60497
0
0
0
0
5.0953
-0.65091
0
0
0
0
0
0
-0.76006
0
0
0
0
0
0
0
0
0
0
0
0
0
0
0
-0.66676
0
0
0
0
0
-0.65091
2.0105
-0.6928
0
0
0
0
0
0
0
0
0
0
0
0
0
0
0
0
0
0
0
0
-0.56289
0
0
0
0
0
0
0
-0.6928
1.8488
0
0
0
0
0
0
-0.59311
0
0
0
0
0
0
0
0
0
-0.56838
0
0
0
0
0
0
0
0
-0.57313
0
0
0
0
1.6938
0
0
0
0
0
0
-0.55225
0
0
0
0
0
0
0
0
-0.61811
-0.63149
-0.624
0
0
0
0
0
0
0
0
0
0
0
0
1.8736
0
0
0
0
0
0
0
0
0
0
0
0
0
0
-0.56974
0
0
0
0
0
0
0
0
0
0
0
0
0
0
0
1.3727
0
-0.80291
0
0
0
0
0
0
0
0
0
0
0
0
0
0
0
0
0
0
0
-0.56801
0
0
0
0
0
0
0
0
1.4387
-0.87065
0
0
0
0
0
0
0
0
0
0
0
0
0
0
0
0
0
0
0
0
0
0
0
0
0
0
0
-0.80291
-0.87065
1.6736
0
0
0
0
0
0
0
0
0
0
0
0
0
0
0
0
0
0
0
0
0
0
-0.76006
0
0
0
0
0
0
0
0.76006
0
0
0
0
0
0
0
0
0
0
0
0
0
0
0
0
0
0
0
0
0
0
0
-0.59311
0
0
0
0
0
0
0.59311
0
0
0
0
0
0
0
0
0
0
0
0
0
0
0
0
0
0
0
0
0
0
0
-0.55225
0
0
0
0
0
0
0.55225
0
0
0
0
0
0
0
0
-4.6388
0
0
0
0
0
0
0
0
0
0
0
0
0
0
0
0
0
0
0
0
0
4.6388
0
0
0
0
0
0
0
0
0
0
0
0
-6.3519
0
0
0
0
0
0
0
0
0
0
0
0
0
0
0
0
0
6.3519
0
0
0
0
0
0
0
0
0
0
0
-6.3519
0
0
0
0
0
0
0
0
0
0
0
0
0
0
0
0
0
0
6.3519
0
0
0
0
0
0
0
0
-3.5169
0
0
0
0
0
0
0
0
0
0
0
0
0
0
0
0
0
0
0
0
0
3.5169
0
0
0
0
0
0
0
0
0
-6.3519
0
0
0
0
0
0
0
0
0
0
0
0
0
0
0
0
0
0
0
0
6.3519
0
0
0
0
0
0
0
0
0
0
0
0
-2.3803
0
0
0
0
0
0
0
0
0
0
0
0
0
0
0
0
0
2.3803
0
0
0
-3.74
0
0
0
0
0
0
0
0
0
0
0
0
0
0
0
0
0
0
0
0
0
0
0
0
0
0
3.74
0
0
0
0
0
0
0
0
-2.8548
0
0
0
0
0
0
0
0
0
0
0
0
0
0
0
0
0
0
0
0
0
2.8548
