30.7997
-0.57335
-0.57335
-0.55508
-0.56176
-0.54042
-0.54042
-0.56198
-0.55919
-0.54767
-0.55854
-0.56905
-0.56905
-0.56995
-0.59615
-0.53865
-0.4948
-0.4948
-0.28317
0
0
0
-10.5562
0
0
0
0
0
-10.5562
0
-0.57335
17.9752
-0.57861
-0.5541
-0.56437
-0.53815
-0.53815
-0.55789
-0.56109
-0.55033
-0.55462
-0.56499
-0.56499
-0.56588
-0.59079
-0.53322
-0.50412
-0.50412
-0.29005
0
0
0
0
0
-8.2864
0
0
0
0
0
-0.57335
-0.57861
17.9752
-0.5541
-0.56437
-0.53815
-0.53815
-0.55789
-0.56109
-0.55033
-0.55462
-0.56499
-0.56499
-0.56588
-0.59079
-0.53322
-0.50412
-0.50412
-0.29005
0
0
-8.2864
0
0
0
0
0
0
0
0
-0.55508
-0.5541
-0.5541
9.3419
-0.5426
-0.51697
-0.51697
-0.53483
-0.53684
-0.52741
-0.53169
-0.54128
-0.54128
-0.54211
-0.56508
-0.5118
-0.48991
-0.48991
-0.28994
0
0
0
0
0
0
0
0
0
0
0
-0.56176
-0.56437
-0.56437
-0.5426
16.8666
-0.52735
-0.52735
-0.5463
-0.55127
-0.54118
-0.54308
-0.55305
-0.55305
-0.55391
-0.57754
-0.52165
-0.49729
-0.49729
0
0
0
0
0
0
0
0
0
-7.6431
0
0
-0.54042
-0.53815
-0.53815
-0.51697
-0.52735
8.8149
-0.50037
-0.51958
-0.52238
-0.51402
-0.51635
-0.52544
-0.52544
-0.52622
-0.54764
-0.49663
-0.47989
-0.47989
0
0
0
0
0
0
0
0
0
0
0
0
-0.54042
-0.53815
-0.53815
-0.51697
-0.52735
-0.50037
8.8149
-0.51958
-0.52238
-0.51402
-0.51635
-0.52544
-0.52544
-0.52622
-0.54764
-0.49663
-0.47989
-0.47989
0
0
0
0
0
0
0
0
0
0
0
0
-0.56198
-0.55789
-0.55789
-0.53483
-0.5463
-0.51958
-0.51958
8.158
-0.55899
-0.5372
-0.53533
-0.54504
-0.54504
-0.54588
-0.56952
-0.52287
0
0
0
0
0
0
0
0
0
0
0
0
0
0
-0.55919
-0.56109
-0.56109
-0.53684
-0.55127
-0.52238
-0.52238
-0.55899
12.916
-0.5433
-0.54058
-0.55047
-0.55047
-0.55132
-0.57553
0
0
0
0
0
0
0
0
0
0
-5.2311
0
0
0
0
-0.54767
-0.55033
-0.55033
-0.52741
-0.54118
-0.51402
-0.51402
-0.5372
-0.5433
11.3788
-0.5258
-0.53519
-0.53519
-0.536
0
0
0
0
0
0
0
0
0
0
0
0
-4.4212
0
0
0
-0.55854
-0.55462
-0.55462
-0.53169
-0.54308
-0.51635
-0.51635
-0.53533
-0.54058
-0.5258
6.4551
-0.53905
-0.53905
0
0
0
0
0
0
0
0
0
0
0
0
0
0
0
0
0
-0.56905
-0.56499
-0.56499
-0.54128
-0.55305
-0.52544
-0.52544
-0.54504
-0.55047
-0.53519
-0.53905
6.014
0
0
0
0
0
0
0
0
0
0
0
0
0
0
0
0
0
0
-0.56905
-0.56499
-0.56499
-0.54128
-0.55305
-0.52544
-0.52544
-0.54504
-0.55047
-0.53519
-0.53905
0
6.014
0
0
0
0
0
0
0
0
0
0
0
0
0
0
0
0
0
-0.56995
-0.56588
-0.56588
-0.54211
-0.55391
-0.52622
-0.52622
-0.54588
-0.55132
-0.536
0
0
0
5.4834
0
0
0
0
0
0
0
0
0
0
0
0
0
0
0
0
-0.59615
-0.59079
-0.59079
-0.56508
-0.57754
-0.54764
-0.54764
-0.56952
-0.57553
0
0
0
0
0
5.1607
0
0
0
0
0
0
0
0
0
0
0
0
0
0
0
-0.53865
-0.53322
-0.53322
-0.5118
-0.52165
-0.49663
-0.49663
-0.52287
0
0
0
0
0
0
0
4.1547
0
0
0
0
0
0
0
0
0
0
0
0
0
0
-0.4948
-0.50412
-0.50412
-0.48991
-0.49729
-0.47989
-0.47989
0
0
0
0
0
0
0
0
0
3.5545
0
0
0
0
0
0
0
0
0
0
0
0
-0.1045
-0.4948
-0.50412
-0.50412
-0.48991
-0.49729
-0.47989
-0.47989
0
0
0
0
0
0
0
0
0
0
3.5545
0
0
-0.1045
0
0
0
0
0
0
0
0
0
-0.28317
-0.29005
-0.29005
-0.28994
0
0
0
0
0
0
0
0
0
0
0
0
0
0
14.2659
-6.5563
0
0
0
-6.5563
0
0
0
0
0
0
0
0
0
0
0
0
0
0
0
0
0
0
0
0
0
0
0
0
-6.5563
6.5563
0
0
0
0
0
0
0
0
0
0
0
0
0
0
0
0
0
0
0
0
0
0
0
0
0
0
0
-0.1045
0
0
0.1045
0
0
0
0
0
0
0
0
0
0
0
-8.2864
0
0
0
0
0
0
0
0
0
0
0
0
0
0
0
0
0
0
8.2864
0
0
0
0
0
0
0
0
-10.5562
0
0
0
0
0
0
0
0
0
0
0
0
0
0
0
0
0
0
0
0
0
10.5562
0
0
0
0
0
0
0
0
0
0
0
0
0
0
0
0
0
0
0
0
0
0
0
0
0
-6.5563
0
0
0
0
6.5563
0
0
0
0
0
0
0
-8.2864
0
0
0
0
0
0
0
0
0
0
0
0
0
0
0
0
0
0
0
0
0
0
8.2864
0
0
0
0
0
0
0
0
0
0
0
0
0
-5.2311
0
0
0
0
0
0
0
0
0
0
0
0
0
0
0
0
5.2311
0
0
0
0
0
0
0
0
0
0
0
0
0
-4.4212
0
0
0
0
0
0
0
0
0
0
0
0
0
0
0
0
4.4212
0
0
0
0
0
0
0
-7.6431
0
0
0
0
0
0
0
0
0
0
0
0
0
0
0
0
0
0
0
0
0
0
7.6431
0
0
-10.5562
0
0
0
0
0
0
0
0
0
0
0
0
0
0
0
0
0
0
0
0
0
0
0
0
0
0
0
10.5562
0
0
0
0
0
0
0
0
0
0
0
0
0
0
0
0
0
-0.1045
0
0
0
0
0
0
0
0
0
0
0
0
0.1045
