26.4891
-0.6932
-0.64419
-0.59096
-0.58721
-0.62031
-0.58918
-0.54928
-0.60885
-0.58838
-0.58652
-0.62785
-0.61727
-0.61727
-0.59792
-0.60826
-0.58421
0
0
0
0
0
0
0
0
-8.3891
-8.3891
0
0
0
-0.6932
13.2727
-0.6932
-0.58602
-0.59325
-0.59213
-0.60622
-0.56786
-0.60884
-0.58861
-0.61769
-0.62867
-0.61456
-0.61456
-0.59495
-0.60478
-0.57706
0
-0.37048
-3.1206
0
0
0
0
0
0
0
0
0
0
-0.64419
-0.6932
26.4891
-0.59096
-0.58721
-0.62031
-0.58918
-0.54928
-0.60885
-0.58838
-0.58652
-0.62785
-0.61727
-0.61727
-0.59792
-0.60826
-0.58421
0
0
0
0
0
0
-8.3891
0
0
0
0
-8.3891
0
-0.59096
-0.58602
-0.59096
8.8477
-0.51862
-0.53522
-0.52904
-0.48279
-0.52477
-0.50753
-0.52652
-0.54103
-0.52944
-0.52944
-0.51295
-0.52133
-0.49807
0
-0.323
0
0
0
0
0
0
0
0
0
0
0
-0.58721
-0.59325
-0.58721
-0.51862
8.6024
-0.53306
-0.52716
-0.48015
-0.52263
-0.50545
-0.52345
-0.53877
-0.52732
-0.52732
-0.51091
-0.51926
-0.49618
-0.1045
0
0
0
0
0
0
0
0
0
0
0
0
-0.62031
-0.59213
-0.62031
-0.53522
-0.53306
15.8589
-0.55168
-0.5027
-0.53835
-0.52067
-0.55065
-0.55531
-0.54224
-0.54224
-0.52518
-0.53364
-0.50825
0
0
0
-7.0869
0
0
0
0
0
0
0
0
0
-0.58918
-0.60622
-0.58918
-0.52904
-0.52716
-0.55168
14.3232
-0.48835
-0.53409
-0.51644
-0.52926
-0.55046
-0.5394
-0.5394
-0.52263
-0.53129
-0.50815
0
0
0
0
0
0
0
0
0
0
0
0
-5.6713
-0.54928
-0.56786
-0.54928
-0.48279
-0.48015
-0.5027
-0.48835
12.7118
-0.50419
-0.48724
-0.49757
-0.51878
-0.50885
-0.50885
-0.49301
-0.50125
0
0
0
0
0
0
0
0
-5.0716
0
0
0
0
0
-0.60885
-0.60884
-0.60885
-0.52477
-0.52263
-0.53835
-0.53409
-0.50419
7.8156
-0.53977
-0.56871
-0.57635
-0.56639
-0.56639
-0.54737
0
0
0
0
0
0
0
0
0
0
0
0
0
0
0
-0.58838
-0.58861
-0.58838
-0.50753
-0.50545
-0.52067
-0.51644
-0.48724
-0.53977
7.0156
-0.53853
-0.54955
-0.54249
-0.54249
0
0
0
0
0
0
0
0
0
0
0
0
0
0
0
0
-0.58652
-0.61769
-0.58652
-0.52652
-0.52345
-0.55065
-0.52926
-0.49757
-0.56871
-0.53853
8.3723
-0.54328
0
0
0
0
0
0
0
0
0
0
-2.3036
0
0
0
0
0
0
0
-0.62785
-0.62867
-0.62785
-0.54103
-0.53877
-0.55531
-0.55046
-0.51878
-0.57635
-0.54955
-0.54328
6.2579
0
0
0
0
0
0
0
0
0
0
0
0
0
0
0
0
0
0
-0.61727
-0.61456
-0.61727
-0.52944
-0.52732
-0.54224
-0.5394
-0.50885
-0.56639
-0.54249
0
0
5.6052
0
0
0
0
0
0
0
0
0
0
0
0
0
0
0
0
0
-0.61727
-0.61456
-0.61727
-0.52944
-0.52732
-0.54224
-0.5394
-0.50885
-0.56639
-0.54249
0
0
0
5.6052
0
0
0
0
0
0
0
0
0
0
0
0
0
0
0
0
-0.59792
-0.59495
-0.59792
-0.51295
-0.51091
-0.52518
-0.52263
-0.49301
-0.54737
0
0
0
0
0
4.9028
0
0
0
0
0
0
0
0
0
0
0
0
0
0
0
-0.60826
-0.60478
-0.60826
-0.52133
-0.51926
-0.53364
-0.53129
-0.50125
0
0
0
0
0
0
0
4.4281
0
0
0
0
0
0
0
0
0
0
0
0
0
0
-0.58421
-0.57706
-0.58421
-0.49807
-0.49618
-0.50825
-0.50815
0
0
0
0
0
0
0
0
0
3.7561
0
0
0
0
0
0
0
0
0
0
0
0
0
0
0
0
0
-0.1045
0
0
0
0
0
0
0
0
0
0
0
0
5.1673
0
-2.9651
0
-2.0977
0
0
0
0
0
0
0
0
0
-0.37048
0
-0.323
0
0
0
0
0
0
0
0
0
0
0
0
0
0
1.0173
0
0
0
0
0
0
0
0
-0.32385
0
0
0
-3.1206
0
0
0
0
0
0
0
0
0
0
0
0
0
0
0
-2.9651
0
7.718
-1.6323
0
0
0
0
0
0
0
0
0
0
0
0
0
0
-7.0869
0
0
0
0
0
0
0
0
0
0
0
0
0
-1.6323
8.7192
0
0
0
0
0
0
0
0
0
0
0
0
0
0
0
0
0
0
0
0
0
0
0
0
0
0
-2.0977
0
0
0
2.0977
0
0
0
0
0
0
0
0
0
0
0
0
0
0
0
0
0
0
-2.3036
0
0
0
0
0
0
0
0
0
0
0
2.3036
0
0
0
0
0
0
0
0
0
-8.3891
0
0
0
0
0
0
0
0
0
0
0
0
0
0
0
0
0
0
0
0
8.3891
0
0
0
0
0
0
0
0
0
0
0
0
0
-5.0716
0
0
0
0
0
0
0
0
0
0
0
0
0
0
0
0
5.0716
0
0
0
0
0
-8.3891
0
0
0
0
0
0
0
0
0
0
0
0
0
0
0
0
0
0
0
0
0
0
0
0
8.3891
0
0
0
0
-8.3891
0
0
0
0
0
0
0
0
0
0
0
0
0
0
0
0
0
0
0
0
0
0
0
0
0
8.3891
0
0
0
0
0
0
0
0
0
0
0
0
0
0
0
0
0
0
0
0
0
-0.32385
0
0
0
0
0
0
0
0
0.32385
0
0
0
0
-8.3891
0
0
0
0
0
0
0
0
0
0
0
0
0
0
0
0
0
0
0
0
0
0
0
0
0
8.3891
0
0
0
0
0
0
0
-5.6713
0
0
0
0
0
0
0
0
0
0
0
0
0
0
0
0
0
0
0
0
0
0
5.6713
