14.4899
-0.59179
-0.5964
-0.5964
-0.46531
-0.52935
-0.50856
-0.49477
-0.44795
-0.53907
-0.53907
-0.53907
-0.50191
-0.52207
-0.60082
-0.59491
-0.61309
0
0
0
-5.8094
0
0
0
0
0
0
0
0
0
-0.59179
14.4899
-0.5964
-0.5964
-0.46531
-0.52935
-0.50856
-0.49477
-0.44795
-0.53907
-0.53907
-0.53907
-0.50191
-0.52207
-0.60082
-0.59491
-0.61309
0
0
0
0
0
0
0
0
0
0
0
0
-5.8094
-0.5964
-0.5964
11.0878
-0.54884
-0.51038
-0.5368
-0.50254
-0.48848
-0.48059
-0.53675
-0.53675
-0.53675
-0.5162
-0.51508
-0.57876
-0.56717
-0.57904
0
0
-2.4609
0
0
0
0
0
0
0
0
0
0
-0.5964
-0.5964
-0.54884
11.0878
-0.51038
-0.5368
-0.50254
-0.48848
-0.48059
-0.53675
-0.53675
-0.53675
-0.5162
-0.51508
-0.57876
-0.56717
-0.57904
0
0
-2.4609
0
0
0
0
0
0
0
0
0
0
-0.46531
-0.46531
-0.51038
-0.51038
35.9096
-0.39272
-0.41797
-0.41837
-0.28394
-0.42274
-0.42274
-0.42274
-0.34426
-0.40749
0
0
0
0
0
0
0
-10.1417
0
0
-10.1417
0
-10.1417
0
0
0
-0.52935
-0.52935
-0.5368
-0.5368
-0.39272
12.2526
-0.42679
-0.44441
-0.36736
-0.46288
-0.46288
-0.46288
-0.41418
-0.44133
-0.51258
0
0
-0.80398
0
0
0
0
0
0
0
-4.9284
0
0
0
0
-0.50856
-0.50856
-0.50254
-0.50254
-0.41797
-0.42679
7.6426
-0.41879
-0.38618
-0.45401
-0.45401
-0.45401
-0.42003
-0.43218
-0.49085
-0.48265
0
-0.7829
0
0
0
0
0
0
0
0
0
0
0
0
-0.49477
-0.49477
-0.48848
-0.48848
-0.41837
-0.44441
-0.41879
7.3058
-0.38912
-0.45275
-0.45275
-0.45275
-0.42103
-0.43144
-0.48817
-0.47996
-0.48975
0
0
0
0
0
0
0
0
0
0
0
0
0
-0.44795
-0.44795
-0.48059
-0.48059
-0.28394
-0.36736
-0.38618
-0.38912
17.71
-0.43983
-0.43983
-0.43983
0
0
0
0
0
0
0
0
0
0
-6.5534
-6.5534
0
0
0
0
0
0
-0.53907
-0.53907
-0.53675
-0.53675
-0.42274
-0.46288
-0.45401
-0.45275
-0.43983
6.2779
-0.47118
-0.47118
-0.47649
-0.47519
0
0
0
0
0
0
0
0
0
0
0
0
0
0
0
0
-0.53907
-0.53907
-0.53675
-0.53675
-0.42274
-0.46288
-0.45401
-0.45275
-0.43983
-0.47118
6.2779
-0.47118
-0.47649
-0.47519
0
0
0
0
0
0
0
0
0
0
0
0
0
0
0
0
-0.53907
-0.53907
-0.53675
-0.53675
-0.42274
-0.46288
-0.45401
-0.45275
-0.43983
-0.47118
-0.47118
6.2779
-0.47649
-0.47519
0
0
0
0
0
0
0
0
0
0
0
0
0
0
0
0
-0.50191
-0.50191
-0.5162
-0.5162
-0.34426
-0.41418
-0.42003
-0.42103
0
-0.47649
-0.47649
-0.47649
7.5955
0
0
0
0
0
-0.1045
0
0
0
0
0
0
0
0
0
-2.4258
0
-0.52207
-0.52207
-0.51508
-0.51508
-0.40749
-0.44133
-0.43218
-0.43144
0
-0.47519
-0.47519
-0.47519
0
5.2123
0
0
0
0
0
0
0
0
0
0
0
0
0
0
0
0
-0.60082
-0.60082
-0.57876
-0.57876
0
-0.51258
-0.49085
-0.48817
0
0
0
0
0
0
3.8507
0
0
0
0
0
0
0
0
0
0
0
0
0
0
0
-0.59491
-0.59491
-0.56717
-0.56717
0
0
-0.48265
-0.47996
0
0
0
0
0
0
0
3.2868
0
0
0
0
0
0
0
0
0
0
0
0
0
0
-0.61309
-0.61309
-0.57904
-0.57904
0
0
0
-0.48975
0
0
0
0
0
0
0
0
2.874
0
0
0
0
0
0
0
0
0
0
0
0
0
0
0
0
0
0
-0.80398
-0.7829
0
0
0
0
0
0
0
0
0
0
1.9143
-0.3274
0
0
0
0
0
0
0
0
0
0
0
0
0
0
0
0
0
0
0
0
0
0
0
-0.1045
0
0
0
0
-0.3274
0.73086
0
0
0
0
0
0
0
0
-0.29896
0
0
0
0
-2.4609
-2.4609
0
0
0
0
0
0
0
0
0
0
0
0
0
0
0
4.9218
0
0
0
0
0
0
0
0
0
0
-5.8094
0
0
0
0
0
0
0
0
0
0
0
0
0
0
0
0
0
0
0
5.8094
0
0
0
0
0
0
0
0
0
0
0
0
0
-10.1417
0
0
0
0
0
0
0
0
0
0
0
0
0
0
0
0
10.1417
0
0
0
0
0
0
0
0
0
0
0
0
0
0
0
0
-6.5534
0
0
0
0
0
0
0
0
0
0
0
0
0
6.5534
0
0
0
0
0
0
0
0
0
0
0
0
0
0
0
-6.5534
0
0
0
0
0
0
0
0
0
0
0
0
0
0
6.5534
0
0
0
0
0
0
0
0
0
0
-10.1417
0
0
0
0
0
0
0
0
0
0
0
0
0
0
0
0
0
0
0
10.1417
0
0
0
0
0
0
0
0
0
0
-4.9284
0
0
0
0
0
0
0
0
0
0
0
0
0
0
0
0
0
0
0
4.9284
0
0
0
0
0
0
0
0
-10.1417
0
0
0
0
0
0
0
0
0
0
0
0
0
0
0
0
0
0
0
0
0
10.1417
0
0
0
0
0
0
0
0
0
0
0
0
0
0
0
0
0
0
0
0
0
-0.29896
0
0
0
0
0
0
0
0
0.29896
0
0
0
0
0
0
0
0
0
0
0
0
0
0
-2.4258
0
0
0
0
0
0
0
0
0
0
0
0
0
0
0
2.4258
0
0
-5.8094
0
0
0
0
0
0
0
0
0
0
0
0
0
0
0
0
0
0
0
0
0
0
0
0
0
0
0
5.8094
