13.741
-0.82956
-0.80189
-0.82956
-0.67641
-0.67641
-0.67641
-0.67641
-0.70496
-0.73888
-0.85682
-0.93624
-0.75752
-0.75132
-0.75132
-0.8043
-0.69699
-0.66536
-0.65547
-0.25511
0
0
0
0
0
0
0
0
0
0
-0.82956
25.2088
-0.82789
-0.86421
-0.69886
-0.69886
-0.69886
-0.69886
-0.72936
-0.76723
-0.89777
-0.95045
-0.78355
-0.77963
-0.77963
-0.84005
-0.72378
-0.68941
-0.67885
0
0
0
0
0
-11.272
0
0
0
0
0
-0.80189
-0.82789
13.8663
-0.82789
-0.67753
-0.67753
-0.67753
-0.67753
-0.70717
-0.74235
-0.85625
-0.90451
-0.79283
-0.75496
-0.75496
-0.8034
-0.69511
-0.66859
-0.65841
0
0
-0.35993
0
0
0
0
0
0
0
0
-0.82956
-0.86421
-0.82789
25.2088
-0.69886
-0.69886
-0.69886
-0.69886
-0.72936
-0.76723
-0.89777
-0.95045
-0.78355
-0.77963
-0.77963
-0.84005
-0.72378
-0.68941
-0.67885
0
0
0
0
0
0
0
0
0
-11.272
0
-0.67641
-0.69886
-0.67753
-0.69886
11.5513
-0.57114
-0.57114
-0.57114
-0.60388
-0.63091
-0.72883
-0.77118
-0.65057
-0.6402
-0.6402
-0.68778
-0.60044
-0.57028
-0.56195
0
0
0
0
0
0
0
0
0
0
0
-0.67641
-0.69886
-0.67753
-0.69886
-0.57114
11.5513
-0.57114
-0.57114
-0.60388
-0.63091
-0.72883
-0.77118
-0.65057
-0.6402
-0.6402
-0.68778
-0.60044
-0.57028
-0.56195
0
0
0
0
0
0
0
0
0
0
0
-0.67641
-0.69886
-0.67753
-0.69886
-0.57114
-0.57114
11.5513
-0.57114
-0.60388
-0.63091
-0.72883
-0.77118
-0.65057
-0.6402
-0.6402
-0.68778
-0.60044
-0.57028
-0.56195
0
0
0
0
0
0
0
0
0
0
0
-0.67641
-0.69886
-0.67753
-0.69886
-0.57114
-0.57114
-0.57114
11.5513
-0.60388
-0.63091
-0.72883
-0.77118
-0.65057
-0.6402
-0.6402
-0.68778
-0.60044
-0.57028
-0.56195
0
0
0
0
0
0
0
0
0
0
0
-0.70496
-0.72936
-0.70717
-0.72936
-0.60388
-0.60388
-0.60388
-0.60388
10.8113
-0.65556
-0.75634
-0.79314
-0.67748
-0.66571
-0.66571
-0.71736
0
-0.59367
0
0
0
0
0
0
0
0
0
0
0
0
-0.73888
-0.76723
-0.74235
-0.76723
-0.63091
-0.63091
-0.63091
-0.63091
-0.65556
8.4361
-0.77415
0
0
-0.73355
-0.73355
0
0
0
0
0
0
0
0
0
0
0
0
0
0
0
-0.85682
-0.89777
-0.85625
-0.89777
-0.72883
-0.72883
-0.72883
-0.72883
-0.75634
-0.77415
14.4326
0
0
0
0
0
0
0
0
0
0
0
0
0
0
0
0
0
0
-6.4782
-0.93624
-0.95045
-0.90451
-0.95045
-0.77118
-0.77118
-0.77118
-0.77118
-0.79314
0
0
14.552
0
0
0
0
0
0
0
-0.32754
0
0
0
0
0
0
-6.605
0
0
0
-0.75752
-0.78355
-0.79283
-0.78355
-0.65057
-0.65057
-0.65057
-0.65057
-0.67748
0
0
0
6.7297
0
0
0
0
0
0
0
0
0
-0.33244
0
0
0
0
0
0
0
-0.75132
-0.77963
-0.75496
-0.77963
-0.6402
-0.6402
-0.6402
-0.6402
-0.66571
-0.73355
0
0
0
7.0256
0
0
0
0
0
0
0
0
0
0
0
0
0
0
0
0
-0.75132
-0.77963
-0.75496
-0.77963
-0.6402
-0.6402
-0.6402
-0.6402
-0.66571
-0.73355
0
0
0
0
7.0256
0
0
0
0
0
0
0
0
0
0
0
0
0
0
0
-0.8043
-0.84005
-0.8034
-0.84005
-0.68778
-0.68778
-0.68778
-0.68778
-0.71736
0
0
0
0
0
0
12.1536
0
0
0
0
0
0
0
-5.3973
0
0
0
0
0
0
-0.69699
-0.72378
-0.69511
-0.72378
-0.60044
-0.60044
-0.60044
-0.60044
0
0
0
0
0
0
0
0
9.1804
0
0
0
0
0
0
0
0
0
0
-3.939
0
0
-0.66536
-0.68941
-0.66859
-0.68941
-0.57028
-0.57028
-0.57028
-0.57028
-0.59367
0
0
0
0
0
0
0
0
5.5876
0
0
0
0
0
0
0
0
0
0
0
0
-0.65547
-0.67885
-0.65841
-0.67885
-0.56195
-0.56195
-0.56195
-0.56195
0
0
0
0
0
0
0
0
0
0
4.9194
0
0
0
0
0
0
0
0
0
0
0
-0.25511
0
0
0
0
0
0
0
0
0
0
-0.32754
0
0
0
0
0
0
0
0.68715
0
0
0
0
0
-0.1045
0
0
0
0
0
0
0
0
0
0
0
0
0
0
0
0
0
0
0
0
0
0
0
0
4.2342
-2.041
-2.1932
0
0
0
0
0
0
0
0
0
-0.35993
0
0
0
0
0
0
0
0
0
0
0
0
0
0
0
0
0
-2.041
2.4009
0
0
0
0
0
0
0
0
0
0
0
0
0
0
0
0
0
0
0
0
-0.33244
0
0
0
0
0
0
0
-2.1932
0
2.5257
0
0
0
0
0
0
0
0
0
0
0
0
0
0
0
0
0
0
0
0
0
0
-5.3973
0
0
0
0
0
0
0
5.3973
0
0
0
0
0
0
0
-11.272
0
0
0
0
0
0
0
0
0
0
0
0
0
0
0
0
0
0
0
0
0
0
11.272
0
0
0
0
0
0
0
0
0
0
0
0
0
0
0
0
0
0
0
0
0
0
0
0
-0.1045
0
0
0
0
0
0.1045
0
0
0
0
0
0
0
0
0
0
0
0
0
0
0
-6.605
0
0
0
0
0
0
0
0
0
0
0
0
0
0
6.605
0
0
0
0
0
0
0
0
0
0
0
0
0
0
0
0
0
0
0
-3.939
0
0
0
0
0
0
0
0
0
0
3.939
0
0
0
0
0
-11.272
0
0
0
0
0
0
0
0
0
0
0
0
0
0
0
0
0
0
0
0
0
0
0
0
11.272
0
0
0
0
0
0
0
0
0
0
0
-6.4782
0
0
0
0
0
0
0
0
0
0
0
0
0
0
0
0
0
0
6.4782
