22.215
-0.23995
-0.25214
-0.24721
-0.229
-0.24721
-0.24721
-0.24262
-0.24879
-0.24354
-0.2461
-0.23903
-0.21729
-0.26915
-0.17016
0
-1.2926
0
0
0
0
0
0
0
-8.7915
0
0
0
-8.7915
0
-0.23995
19.3478
-0.25513
-0.24715
-0.22835
-0.24715
-0.24715
-0.24273
-0.24803
-0.24363
-0.24519
-0.23908
-0.21754
-0.26564
0
0
0
0
0
0
-8.0905
0
0
-8.0905
0
0
0
0
0
0
-0.25214
-0.25513
11.993
-0.25245
-0.2392
-0.25245
-0.25245
-0.25112
-0.25368
-0.2528
-0.25024
-0.24856
-0.22435
-0.2594
0
-2.4719
0
0
-6.2772
0
0
0
0
0
0
0
0
0
0
0
-0.24721
-0.24715
-0.25245
3.1819
-0.24502
-0.24164
-0.24164
-0.24405
-0.2479
-0.24597
-0.24457
-0.24267
-0.22087
-0.26077
0
0
0
0
0
0
0
0
0
0
0
0
0
0
0
0
-0.229
-0.22835
-0.2392
-0.24502
16.247
-0.24502
-0.24502
-0.23084
-0.23771
-0.2315
-0.2347
-0.22736
0
0
0
0
0
0
0
0
0
0
-6.8266
0
0
0
0
0
0
-6.8266
-0.24721
-0.24715
-0.25245
-0.24164
-0.24502
3.1819
-0.24164
-0.24405
-0.2479
-0.24597
-0.24457
-0.24267
-0.22087
-0.26077
0
0
0
0
0
0
0
0
0
0
0
0
0
0
0
0
-0.24721
-0.24715
-0.25245
-0.24164
-0.24502
-0.24164
3.1819
-0.24405
-0.2479
-0.24597
-0.24457
-0.24267
-0.22087
-0.26077
0
0
0
0
0
0
0
0
0
0
0
0
0
0
0
0
-0.24262
-0.24273
-0.25112
-0.24405
-0.23084
-0.24405
-0.24405
2.6486
-0.2551
0
-0.24085
0
0
0
0
0
0
0
0
0
0
0
0
0
0
0
-0.45315
0
0
0
-0.24879
-0.24803
-0.25368
-0.2479
-0.23771
-0.2479
-0.2479
-0.2551
2.4875
-0.25218
-0.24827
0
0
0
0
0
0
0
0
0
0
0
0
0
0
0
0
0
0
0
-0.24354
-0.24363
-0.2528
-0.24597
-0.2315
-0.24597
-0.24597
0
-0.25218
2.1531
0
0
0
0
0
0
0
0
0
0
0
0
0
0
0
0
0
-0.19156
0
0
-0.2461
-0.24519
-0.25024
-0.24457
-0.2347
-0.24457
-0.24457
-0.24085
-0.24827
0
2.1991
0
0
0
0
0
0
0
0
0
0
0
0
0
0
0
0
0
0
0
-0.23903
-0.23908
-0.24856
-0.24267
-0.22736
-0.24267
-0.24267
0
0
0
0
1.8147
0
0
0
0
0
0
0
-0.13267
0
0
0
0
0
0
0
0
0
0
-0.21729
-0.21754
-0.22435
-0.22087
0
-0.22087
-0.22087
0
0
0
0
0
1.4263
0
0
0
0
0
0
0
0
-0.1045
0
0
0
0
0
0
0
0
-0.26915
-0.26564
-0.2594
-0.26077
0
-0.26077
-0.26077
0
0
0
0
0
0
3.2907
0
-1.7142
0
0
0
0
0
0
0
0
0
0
0
0
0
0
-0.17016
0
0
0
0
0
0
0
0
0
0
0
0
0
12.651
0
-0.85408
-5.6225
0
0
0
0
0
0
0
-6.0043
0
0
0
0
0
0
-2.4719
0
0
0
0
0
0
0
0
0
0
-1.7142
0
4.9084
0
-0.72231
0
0
0
0
0
0
0
0
0
0
0
0
-1.2926
0
0
0
0
0
0
0
0
0
0
0
0
0
-0.85408
0
2.1467
0
0
0
0
0
0
0
0
0
0
0
0
0
0
0
0
0
0
0
0
0
0
0
0
0
0
0
-5.6225
-0.72231
0
6.3448
0
0
0
0
0
0
0
0
0
0
0
0
0
0
-6.2772
0
0
0
0
0
0
0
0
0
0
0
0
0
0
0
6.2772
0
0
0
0
0
0
0
0
0
0
0
0
0
0
0
0
0
0
0
0
0
0
-0.13267
0
0
0
0
0
0
0
0.13267
0
0
0
0
0
0
0
0
0
0
0
-8.0905
0
0
0
0
0
0
0
0
0
0
0
0
0
0
0
0
0
0
8.0905
0
0
0
0
0
0
0
0
0
0
0
0
0
0
0
0
0
0
0
0
0
-0.1045
0
0
0
0
0
0
0
0
0.1045
0
0
0
0
0
0
0
0
0
0
0
0
-6.8266
0
0
0
0
0
0
0
0
0
0
0
0
0
0
0
0
0
6.8266
0
0
0
0
0
0
0
0
-8.0905
0
0
0
0
0
0
0
0
0
0
0
0
0
0
0
0
0
0
0
0
0
8.0905
0
0
0
0
0
0
-8.7915
0
0
0
0
0
0
0
0
0
0
0
0
0
0
0
0
0
0
0
0
0
0
0
8.7915
0
0
0
0
0
0
0
0
0
0
0
0
0
0
0
0
0
0
0
-6.0043
0
0
0
0
0
0
0
0
0
0
6.0043
0
0
0
0
0
0
0
0
0
0
0
-0.45315
0
0
0
0
0
0
0
0
0
0
0
0
0
0
0
0
0
0
0.45315
0
0
0
0
0
0
0
0
0
0
0
0
-0.19156
0
0
0
0
0
0
0
0
0
0
0
0
0
0
0
0
0
0.19156
0
0
-8.7915
0
0
0
0
0
0
0
0
0
0
0
0
0
0
0
0
0
0
0
0
0
0
0
0
0
0
0
8.7915
0
0
0
0
0
-6.8266
0
0
0
0
0
0
0
0
0
0
0
0
0
0
0
0
0
0
0
0
0
0
0
0
6.8266
