14.7347
-0.85434
-0.84595
-0.74072
-0.74072
-0.74072
-0.78773
-0.73275
-0.71332
-0.71332
-0.75541
-0.78724
-0.82834
-0.80359
-0.76639
-0.80359
-0.67853
-0.67853
-0.85893
-0.78455
0
-0.12005
0
0
0
0
0
0
0
0
-0.85434
34.5654
-0.86747
-0.76749
-0.76749
-0.76749
-0.75911
-0.7306
-0.72606
-0.72606
-0.77086
-0.77558
-0.84515
-0.82274
-0.74546
-0.82274
-0.69434
-0.69434
-0.90037
0
0
0
0
0
0
-10.2639
0
0
0
-10.2639
-0.84595
-0.86747
22.9936
-0.75841
-0.75841
-0.75841
-0.78069
-0.75099
-0.72947
-0.72947
-0.77298
-0.80463
-0.84801
-0.8227
-0.7796
-0.8227
-0.69413
-0.69413
-0.88596
-0.8123
0
0
0
0
0
0
-8.0772
0
0
0
-0.74072
-0.76749
-0.75841
13.1146
-0.65535
-0.65535
-0.70803
-0.65516
-0.63665
-0.63665
-0.67267
-0.70716
-0.73602
-0.71371
-0.69037
-0.71371
-0.60453
-0.60453
-0.76279
-0.69527
0
0
0
0
0
0
0
0
0
0
-0.74072
-0.76749
-0.75841
-0.65535
13.1146
-0.65535
-0.70803
-0.65516
-0.63665
-0.63665
-0.67267
-0.70716
-0.73602
-0.71371
-0.69037
-0.71371
-0.60453
-0.60453
-0.76279
-0.69527
0
0
0
0
0
0
0
0
0
0
-0.74072
-0.76749
-0.75841
-0.65535
-0.65535
13.1146
-0.70803
-0.65516
-0.63665
-0.63665
-0.67267
-0.70716
-0.73602
-0.71371
-0.69037
-0.71371
-0.60453
-0.60453
-0.76279
-0.69527
0
0
0
0
0
0
0
0
0
0
-0.78773
-0.75911
-0.78069
-0.70803
-0.70803
-0.70803
19.5451
-0.64539
-0.6439
-0.6439
-0.68124
-0.69374
-0.74504
-0.72462
-0.67197
-0.72462
-0.61364
-0.61364
0
0
-0.1045
0
0
0
0
0
0
0
-7.5873
0
-0.73275
-0.7306
-0.75099
-0.65516
-0.65516
-0.65516
-0.64539
18.5696
-0.62908
-0.62908
-0.66567
-0.687
-0.72778
-0.70731
-0.66623
-0.70731
-0.59917
-0.59917
0
0
0
0
0
0
0
0
0
-7.1266
0
0
-0.71332
-0.72606
-0.72947
-0.63665
-0.63665
-0.63665
-0.6439
-0.62908
11.1892
-0.60563
-0.64744
-0.67751
-0.70751
-0.68678
-0.66181
-0.68678
-0.58198
-0.58198
0
0
0
0
0
0
0
0
0
0
0
0
-0.71332
-0.72606
-0.72947
-0.63665
-0.63665
-0.63665
-0.6439
-0.62908
-0.60563
11.1892
-0.64744
-0.67751
-0.70751
-0.68678
-0.66181
-0.68678
-0.58198
-0.58198
0
0
0
0
0
0
0
0
0
0
0
0
-0.75541
-0.77086
-0.77298
-0.67267
-0.67267
-0.67267
-0.68124
-0.66567
-0.64744
-0.64744
9.9541
-0.72918
-0.75091
-0.75747
0
-0.75747
0
0
0
0
0
0
0
0
0
0
0
0
0
0
-0.78724
-0.77558
-0.80463
-0.70716
-0.70716
-0.70716
-0.69374
-0.687
-0.67751
-0.67751
-0.72918
12.2154
-0.70956
0
0
0
0
0
0
0
0
0
0
-3.5519
0
0
0
0
0
0
-0.82834
-0.84515
-0.84801
-0.73602
-0.73602
-0.73602
-0.74504
-0.72778
-0.70751
-0.70751
-0.75091
-0.70956
9.0779
0
0
0
0
0
0
0
0
0
0
0
0
0
0
0
0
0
-0.80359
-0.82274
-0.8227
-0.71371
-0.71371
-0.71371
-0.72462
-0.70731
-0.68678
-0.68678
-0.75747
0
0
8.1531
0
0
0
0
0
0
0
0
0
0
0
0
0
0
0
0
-0.76639
-0.74546
-0.7796
-0.69037
-0.69037
-0.69037
-0.67197
-0.66623
-0.66181
-0.66181
0
0
0
0
8.3497
0
0
0
0
0
0
0
0
0
-1.3253
0
0
0
0
0
-0.80359
-0.82274
-0.8227
-0.71371
-0.71371
-0.71371
-0.72462
-0.70731
-0.68678
-0.68678
-0.75747
0
0
0
0
8.1531
0
0
0
0
0
0
0
0
0
0
0
0
0
0
-0.67853
-0.69434
-0.69413
-0.60453
-0.60453
-0.60453
-0.61364
-0.59917
-0.58198
-0.58198
0
0
0
0
0
0
6.2574
0
0
0
0
0
0
0
0
0
0
0
0
0
-0.67853
-0.69434
-0.69413
-0.60453
-0.60453
-0.60453
-0.61364
-0.59917
-0.58198
-0.58198
0
0
0
0
0
0
0
6.2574
0
0
0
0
0
0
0
0
0
0
0
0
-0.85893
-0.90037
-0.88596
-0.76279
-0.76279
-0.76279
0
0
0
0
0
0
0
0
0
0
0
0
4.9336
0
0
0
0
0
0
0
0
0
0
0
-0.78455
0
-0.8123
-0.69527
-0.69527
-0.69527
0
0
0
0
0
0
0
0
0
0
0
0
0
3.6827
0
0
0
0
0
0
0
0
0
0
0
0
0
0
0
0
-0.1045
0
0
0
0
0
0
0
0
0
0
0
0
0
1.6795
0
-1.575
0
0
0
0
0
0
0
-0.12005
0
0
0
0
0
0
0
0
0
0
0
0
0
0
0
0
0
0
0
0
1.7524
-1.6323
0
0
0
0
0
0
0
0
0
0
0
0
0
0
0
0
0
0
0
0
0
0
0
0
0
0
0
-1.575
-1.6323
3.2073
0
0
0
0
0
0
0
0
0
0
0
0
0
0
0
0
0
0
-3.5519
0
0
0
0
0
0
0
0
0
0
0
3.5519
0
0
0
0
0
0
0
0
0
0
0
0
0
0
0
0
0
0
0
0
-1.3253
0
0
0
0
0
0
0
0
0
1.3253
0
0
0
0
0
0
-10.2639
0
0
0
0
0
0
0
0
0
0
0
0
0
0
0
0
0
0
0
0
0
0
0
10.2639
0
0
0
0
0
0
-8.0772
0
0
0
0
0
0
0
0
0
0
0
0
0
0
0
0
0
0
0
0
0
0
0
8.0772
0
0
0
0
0
0
0
0
0
0
-7.1266
0
0
0
0
0
0
0
0
0
0
0
0
0
0
0
0
0
0
0
7.1266
0
0
0
0
0
0
0
0
-7.5873
0
0
0
0
0
0
0
0
0
0
0
0
0
0
0
0
0
0
0
0
0
7.5873
0
0
-10.2639
0
0
0
0
0
0
0
0
0
0
0
0
0
0
0
0
0
0
0
0
0
0
0
0
0
0
0
10.2639
