16.1158
-0.68986
-0.67797
-0.68525
-0.70467
-0.74026
-0.69508
-0.69024
-0.68562
-0.68836
-0.73301
-0.73432
-0.75185
-0.79448
0
0
0
0
0
-0.93329
0
0
0
0
-5.9115
0
0
0
0
0
-0.68986
10.0038
-0.66417
-0.67385
-0.69266
-0.72151
-0.6937
-0.67948
-0.67409
-0.67501
-0.71776
-0.73295
-0.73013
-0.76955
0
0
0
0
0
-0.8891
0
0
0
0
0
0
0
0
0
0
-0.67797
-0.66417
9.0651
-0.66369
-0.68001
-0.7038
-0.68092
-0.66458
-0.66079
-0.65913
-0.70347
0
-0.70824
-0.75017
0
0
0
0
0
-0.84816
0
0
0
0
0
0
0
0
0
0
-0.68525
-0.67385
-0.66369
9.2759
-0.67859
-0.69929
-0.6791
-0.66381
-0.65972
-0.65734
-0.69378
0
0
-0.80001
0
-0.83303
0
0
-0.88847
0
0
0
0
0
0
0
0
0
0
0
-0.70467
-0.69266
-0.68001
-0.67859
6.9187
-0.72374
-0.72485
-0.68166
-0.65597
-0.66608
-0.71047
0
0
0
0
0
0
0
0
0
0
0
0
0
0
0
0
0
0
0
-0.74026
-0.72151
-0.7038
-0.69929
-0.72374
12.0265
0
-0.71224
-0.69713
-0.70096
0
0
0
0
0
0
0
0
0
0
0
0
-1.7668
0
0
0
-4.5608
0
0
0
-0.69508
-0.6937
-0.68092
-0.6791
-0.72485
0
15.3619
0
-0.69258
0
0
0
0
0
-0.57203
0
0
-0.68237
0
0
0
0
0
0
0
-4.9706
0
0
0
-4.9706
-0.69024
-0.67948
-0.66458
-0.66381
-0.68166
-0.71224
0
5.9919
-0.6598
-0.66034
0
0
0
0
-0.57976
0
0
0
0
0
0
0
0
0
0
0
0
0
0
0
-0.68562
-0.67409
-0.66079
-0.65972
-0.65597
-0.69713
-0.69258
-0.6598
6.0284
-0.64271
0
0
0
0
0
0
0
0
0
0
0
0
0
0
0
0
0
0
0
0
-0.68836
-0.67501
-0.65913
-0.65734
-0.66608
-0.70096
0
-0.66034
-0.64271
5.3499
0
0
0
0
0
0
0
0
0
0
0
0
0
0
0
0
0
0
0
0
-0.73301
-0.71776
-0.70347
-0.69378
-0.71047
0
0
0
0
0
5.9457
0
0
0
0
0
0
0
0
0
0
0
0
0
0
0
0
-2.3872
0
0
-0.73432
-0.73295
0
0
0
0
0
0
0
0
0
6.9434
0
0
0
-1.0967
-0.91551
0
0
0
0
0
-1.7315
0
0
0
0
0
-1.7324
0
-0.75185
-0.73013
-0.70824
0
0
0
0
0
0
0
0
0
3.8613
-0.64498
0
0
0
0
-1.0261
0
0
0
0
0
0
0
0
0
0
0
-0.79448
-0.76955
-0.75017
-0.80001
0
0
0
0
0
0
0
0
-0.64498
3.7592
0
0
0
0
0
0
0
0
0
0
0
0
0
0
0
0
0
0
0
0
0
0
-0.57203
-0.57976
0
0
0
0
0
0
1.704
0
0
0
0
0
0
0
0
-0.55225
0
0
0
0
0
0
0
0
0
-0.83303
0
0
0
0
0
0
0
-1.0967
0
0
0
2.7947
0
-0.86491
0
0
0
0
0
0
0
0
0
0
0
0
0
0
0
0
0
0
0
0
0
0
0
-0.91551
0
0
0
0
2.411
0
-0.69406
0
-0.80143
0
0
0
0
0
0
0
0
0
0
0
0
0
0
0
-0.68237
0
0
0
0
0
0
0
0
-0.86491
0
2.3216
0
0
0
-0.77431
0
0
0
0
0
0
0
0
0
0
0
-0.88847
0
0
0
0
0
0
0
0
-1.0261
0
0
0
-0.69406
0
2.6086
0
0
0
0
0
0
0
0
0
0
0
-0.93329
-0.8891
-0.84816
0
0
0
0
0
0
0
0
0
0
0
0
0
0
0
0
2.6706
0
0
0
0
0
0
0
0
0
0
0
0
0
0
0
0
0
0
0
0
0
0
0
0
0
0
-0.80143
0
0
0
2.1427
-1.3413
0
0
0
0
0
0
0
0
0
0
0
0
0
0
0
0
0
0
0
0
0
0
0
0
0
-0.77431
0
0
-1.3413
2.1156
0
0
0
0
0
0
0
0
0
0
0
0
0
-1.7668
0
0
0
0
0
-1.7315
0
0
0
0
0
0
0
0
0
0
3.4983
0
0
0
0
0
0
0
0
0
0
0
0
0
0
0
0
0
0
0
0
0
-0.55225
0
0
0
0
0
0
0
0
0.55225
0
0
0
0
0
0
-5.9115
0
0
0
0
0
0
0
0
0
0
0
0
0
0
0
0
0
0
0
0
0
0
0
5.9115
0
0
0
0
0
0
0
0
0
0
0
-4.9706
0
0
0
0
0
0
0
0
0
0
0
0
0
0
0
0
0
0
4.9706
0
0
0
0
0
0
0
0
0
-4.5608
0
0
0
0
0
0
0
0
0
0
0
0
0
0
0
0
0
0
0
0
4.5608
0
0
0
0
0
0
0
0
0
0
0
0
0
-2.3872
0
0
0
0
0
0
0
0
0
0
0
0
0
0
0
0
2.3872
0
0
0
0
0
0
0
0
0
0
0
0
0
-1.7324
0
0
0
0
0
0
0
0
0
0
0
0
0
0
0
0
1.7324
0
0
0
0
0
0
0
-4.9706
0
0
0
0
0
0
0
0
0
0
0
0
0
0
0
0
0
0
0
0
0
0
4.9706
