23.3271
-0.9778
-1.0288
-0.9598
-0.97986
-0.92012
-0.92012
-0.92012
-0.92012
-0.97677
-0.93201
-0.93201
-0.96644
-0.93201
-0.93201
-0.93201
-0.79367
-0.79367
-0.79367
-0.91315
-0.93259
-0.93259
-1.4276
-2.5102
0
0
0
0
0
0
-0.9778
23.3271
-1.0288
-0.9598
-0.97986
-0.92012
-0.92012
-0.92012
-0.92012
-0.97677
-0.93201
-0.93201
-0.96644
-0.93201
-0.93201
-0.93201
-0.79367
-0.79367
-0.79367
-0.91315
-0.93259
-0.93259
-1.4276
-2.5102
0
0
0
0
0
0
-1.0288
-1.0288
31.3774
-0.97331
-0.93653
-0.92333
-0.92333
-0.92333
-0.92333
-0.87897
-0.93358
-0.93358
-0.91483
-0.93358
-0.93358
-0.93358
-0.79436
-0.79436
-0.79436
-0.92534
-0.95226
-0.95226
0
0
-6.021
0
-6.021
0
0
0
-0.9598
-0.9598
-0.97331
20.2303
-0.94492
-0.89297
-0.89297
-0.89297
-0.89297
-0.94001
-0.90517
-0.90517
-0.93303
-0.90517
-0.90517
-0.90517
-0.77067
-0.77067
-0.77067
-0.88716
-0.9068
-0.9068
-1.4089
0
0
0
0
0
0
0
-0.97986
-0.97986
-0.93653
-0.94492
23.519
-0.89942
-0.89942
-0.89942
-0.89942
-0.89886
-0.91102
-0.91102
-0.91539
-0.91102
-0.91102
-0.91102
-0.77523
-0.77523
-0.77523
-0.89778
-0.92099
-0.92099
0
0
0
0
0
0
0
-4.6453
-0.92012
-0.92012
-0.92333
-0.89297
-0.89942
17.9471
-0.8405
-0.8405
-0.8405
-0.8869
-0.86371
-0.86371
-0.886
-0.86371
-0.86371
-0.86371
-0.73457
-0.73457
-0.73457
-0.84499
-0.86475
-0.86475
0
0
0
0
0
0
0
0
-0.92012
-0.92012
-0.92333
-0.89297
-0.89942
-0.8405
17.9471
-0.8405
-0.8405
-0.8869
-0.86371
-0.86371
-0.886
-0.86371
-0.86371
-0.86371
-0.73457
-0.73457
-0.73457
-0.84499
-0.86475
-0.86475
0
0
0
0
0
0
0
0
-0.92012
-0.92012
-0.92333
-0.89297
-0.89942
-0.8405
-0.8405
17.9471
-0.8405
-0.8869
-0.86371
-0.86371
-0.886
-0.86371
-0.86371
-0.86371
-0.73457
-0.73457
-0.73457
-0.84499
-0.86475
-0.86475
0
0
0
0
0
0
0
0
-0.92012
-0.92012
-0.92333
-0.89297
-0.89942
-0.8405
-0.8405
-0.8405
17.9471
-0.8869
-0.86371
-0.86371
-0.886
-0.86371
-0.86371
-0.86371
-0.73457
-0.73457
-0.73457
-0.84499
-0.86475
-0.86475
0
0
0
0
0
0
0
0
-0.97677
-0.97677
-0.87897
-0.94001
-0.89886
-0.8869
-0.8869
-0.8869
-0.8869
25.8806
-0.91259
-0.91259
-0.91762
-0.91259
-0.91259
-0.91259
-0.75705
-0.75705
-0.75705
0
0
0
0
0
0
-4.9549
0
-4.9549
0
0
-0.93201
-0.93201
-0.93358
-0.90517
-0.91102
-0.86371
-0.86371
-0.86371
-0.86371
-0.91259
16.4137
-0.86328
-0.93805
-0.86328
-0.86328
-0.86328
-0.72936
-0.72936
-0.72936
-0.85327
0
0
0
0
0
0
0
0
0
0
-0.93201
-0.93201
-0.93358
-0.90517
-0.91102
-0.86371
-0.86371
-0.86371
-0.86371
-0.91259
-0.86328
16.4137
-0.93805
-0.86328
-0.86328
-0.86328
-0.72936
-0.72936
-0.72936
-0.85327
0
0
0
0
0
0
0
0
0
0
-0.96644
-0.96644
-0.91483
-0.93303
-0.91539
-0.886
-0.886
-0.886
-0.886
-0.91762
-0.93805
-0.93805
19.3461
-0.93805
-0.93805
-0.93805
-0.70682
-0.70682
-0.70682
0
0
0
0
0
0
0
0
0
-3.3777
0
-0.93201
-0.93201
-0.93358
-0.90517
-0.91102
-0.86371
-0.86371
-0.86371
-0.86371
-0.91259
-0.86328
-0.86328
-0.93805
16.4137
-0.86328
-0.86328
-0.72936
-0.72936
-0.72936
-0.85327
0
0
0
0
0
0
0
0
0
0
-0.93201
-0.93201
-0.93358
-0.90517
-0.91102
-0.86371
-0.86371
-0.86371
-0.86371
-0.91259
-0.86328
-0.86328
-0.93805
-0.86328
16.4137
-0.86328
-0.72936
-0.72936
-0.72936
-0.85327
0
0
0
0
0
0
0
0
0
0
-0.93201
-0.93201
-0.93358
-0.90517
-0.91102
-0.86371
-0.86371
-0.86371
-0.86371
-0.91259
-0.86328
-0.86328
-0.93805
-0.86328
-0.86328
16.4137
-0.72936
-0.72936
-0.72936
-0.85327
0
0
0
0
0
0
0
0
0
0
-0.79367
-0.79367
-0.79436
-0.77067
-0.77523
-0.73457
-0.73457
-0.73457
-0.73457
-0.75705
-0.72936
-0.72936
-0.70682
-0.72936
-0.72936
-0.72936
13.1616
-0.59253
-0.59253
0
0
0
0
0
0
0
0
0
0
0
-0.79367
-0.79367
-0.79436
-0.77067
-0.77523
-0.73457
-0.73457
-0.73457
-0.73457
-0.75705
-0.72936
-0.72936
-0.70682
-0.72936
-0.72936
-0.72936
-0.59253
13.1616
-0.59253
0
0
0
0
0
0
0
0
0
0
0
-0.79367
-0.79367
-0.79436
-0.77067
-0.77523
-0.73457
-0.73457
-0.73457
-0.73457
-0.75705
-0.72936
-0.72936
-0.70682
-0.72936
-0.72936
-0.72936
-0.59253
-0.59253
13.1616
0
0
0
0
0
0
0
0
0
0
0
-0.91315
-0.91315
-0.92534
-0.88716
-0.89778
-0.84499
-0.84499
-0.84499
-0.84499
0
-0.85327
-0.85327
0
-0.85327
-0.85327
-0.85327
0
0
0
12.1829
0
0
0
0
0
0
0
0
0
0
-0.93259
-0.93259
-0.95226
-0.9068
-0.92099
-0.86475
-0.86475
-0.86475
-0.86475
0
0
0
0
0
0
0
0
0
0
0
8.1042
0
0
0
0
0
0
0
0
0
-0.93259
-0.93259
-0.95226
-0.9068
-0.92099
-0.86475
-0.86475
-0.86475
-0.86475
0
0
0
0
0
0
0
0
0
0
0
0
8.1042
0
0
0
0
0
0
0
0
-1.4276
-1.4276
0
-1.4089
0
0
0
0
0
0
0
0
0
0
0
0
0
0
0
0
0
0
4.2641
0
0
0
0
0
0
0
-2.5102
-2.5102
0
0
0
0
0
0
0
0
0
0
0
0
0
0
0
0
0
0
0
0
0
5.0204
0
0
0
0
0
0
0
0
-6.021
0
0
0
0
0
0
0
0
0
0
0
0
0
0
0
0
0
0
0
0
0
6.021
0
0
0
0
0
0
0
0
0
0
0
0
0
0
-4.9549
0
0
0
0
0
0
0
0
0
0
0
0
0
0
0
4.9549
0
0
0
0
0
0
-6.021
0
0
0
0
0
0
0
0
0
0
0
0
0
0
0
0
0
0
0
0
0
0
0
6.021
0
0
0
0
0
0
0
0
0
0
0
0
-4.9549
0
0
0
0
0
0
0
0
0
0
0
0
0
0
0
0
0
4.9549
0
0
0
0
0
0
0
0
0
0
0
0
0
0
-3.3777
0
0
0
0
0
0
0
0
0
0
0
0
0
0
0
3.3777
0
0
0
0
0
-4.6453
0
0
0
0
0
0
0
0
0
0
0
0
0
0
0
0
0
0
0
0
0
0
0
0
4.6453
