15.2932
-0.65595
-0.65773
-0.66177
-0.65898
-0.66244
-0.66244
-0.64921
-0.64936
-0.65692
-0.66086
-0.64734
-0.6881
-0.69285
-0.64723
-0.64725
0
0
-1.2469
0
-4.1478
0
0
0
0
0
0
0
0
0
-0.65595
11.639
-0.65494
-0.66023
-0.65669
-0.65988
-0.65988
-0.65049
-0.64867
-0.65453
-0.65824
-0.64495
-0.68416
-0.68902
-0.64553
-0.63898
-0.58732
0
-1.1895
0
0
0
0
0
0
0
0
0
0
0
-0.65773
-0.65494
9.8774
-0.66086
-0.65732
-0.66032
-0.66032
-0.65147
-0.6485
-0.65584
-0.65878
-0.64647
-0.68487
-0.68779
-0.64712
-0.64507
0
0
0
0
0
0
0
0
0
0
0
0
0
0
-0.66177
-0.66023
-0.66086
17.5892
-0.66242
-0.66022
-0.66022
-0.64203
-0.64959
-0.65942
-0.66354
-0.65021
-0.69502
0
0
0
0
0
0
0
0
0
0
0
0
0
-4.8318
-4.8318
0
0
-0.65898
-0.65669
-0.65732
-0.66242
8.6092
-0.66208
-0.66208
-0.65416
-0.65003
-0.65907
-0.65974
-0.64977
-0.68369
-0.69313
0
0
0
0
0
0
0
0
0
0
0
0
0
0
0
0
-0.66244
-0.65988
-0.66032
-0.66022
-0.66208
10.341
-0.65649
-0.64822
-0.64754
-0.65894
-0.66159
-0.64989
0
0
0
0
0
0
0
-3.1134
0
0
0
0
0
0
0
0
0
0
-0.66244
-0.65988
-0.66032
-0.66022
-0.66208
-0.65649
10.341
-0.64822
-0.64754
-0.65894
-0.66159
-0.64989
0
0
0
0
0
0
0
0
0
0
0
0
0
0
0
0
-3.1134
0
-0.64921
-0.65049
-0.65147
-0.64203
-0.65416
-0.64822
-0.64822
20.9592
-0.63565
0
0
0
0
0
0
0
0
0
0
0
0
0
0
-5.2599
-5.2599
-5.2599
0
0
0
0
-0.64936
-0.64867
-0.6485
-0.64959
-0.65003
-0.64754
-0.64754
-0.63565
7.0592
-0.6445
-0.65117
0
0
0
0
0
-0.58661
0
0
0
0
0
0
0
0
0
0
0
0
0
-0.65692
-0.65453
-0.65584
-0.65942
-0.65907
-0.65894
-0.65894
0
-0.6445
5.8253
0
0
0
0
0
0
0
-0.57717
0
0
0
0
0
0
0
0
0
0
0
0
-0.66086
-0.65824
-0.65878
-0.66354
-0.65974
-0.66159
-0.66159
0
-0.65117
0
5.2755
0
0
0
0
0
0
0
0
0
0
0
0
0
0
0
0
0
0
0
-0.64734
-0.64495
-0.64647
-0.65021
-0.64977
-0.64989
-0.64989
0
0
0
0
5.1136
0
0
0
0
0
-0.5751
0
0
0
0
0
0
0
0
0
0
0
0
-0.6881
-0.68416
-0.68487
-0.69502
-0.68369
0
0
0
0
0
0
0
3.4358
0
0
0
0
0
0
0
0
0
0
0
0
0
0
0
0
0
-0.69285
-0.68902
-0.68779
0
-0.69313
0
0
0
0
0
0
0
0
2.7628
0
0
0
0
0
0
0
0
0
0
0
0
0
0
0
0
-0.64723
-0.64553
-0.64712
0
0
0
0
0
0
0
0
0
0
0
2.5308
0
0
0
0
0
0
-0.59087
0
0
0
0
0
0
0
0
-0.64725
-0.63898
-0.64507
0
0
0
0
0
0
0
0
0
0
0
0
1.9313
0
0
0
0
0
0
0
0
0
0
0
0
0
0
0
-0.58732
0
0
0
0
0
0
-0.58661
0
0
0
0
0
0
0
1.7441
0
0
0
0
0
-0.57014
0
0
0
0
0
0
0
0
0
0
0
0
0
0
0
0
-0.57717
0
-0.5751
0
0
0
0
0
1.7045
0
0
0
0
0
0
0
0
0
0
0
-0.55225
-1.2469
-1.1895
0
0
0
0
0
0
0
0
0
0
0
0
0
0
0
0
2.4364
0
0
0
0
0
0
0
0
0
0
0
0
0
0
0
0
-3.1134
0
0
0
0
0
0
0
0
0
0
0
0
0
3.1134
0
0
0
0
0
0
0
0
0
0
-4.1478
0
0
0
0
0
0
0
0
0
0
0
0
0
0
0
0
0
0
0
4.1478
0
0
0
0
0
0
0
0
0
0
0
0
0
0
0
0
0
0
0
0
0
0
0
-0.59087
0
0
0
0
0
0
0.59087
0
0
0
0
0
0
0
0
0
0
0
0
0
0
0
0
0
0
0
0
0
0
0
0
-0.57014
0
0
0
0
0
0.57014
0
0
0
0
0
0
0
0
0
0
0
0
0
0
-5.2599
0
0
0
0
0
0
0
0
0
0
0
0
0
0
0
5.2599
0
0
0
0
0
0
0
0
0
0
0
0
0
-5.2599
0
0
0
0
0
0
0
0
0
0
0
0
0
0
0
0
5.2599
0
0
0
0
0
0
0
0
0
0
0
0
-5.2599
0
0
0
0
0
0
0
0
0
0
0
0
0
0
0
0
0
5.2599
0
0
0
0
0
0
0
-4.8318
0
0
0
0
0
0
0
0
0
0
0
0
0
0
0
0
0
0
0
0
0
0
4.8318
0
0
0
0
0
0
-4.8318
0
0
0
0
0
0
0
0
0
0
0
0
0
0
0
0
0
0
0
0
0
0
0
4.8318
0
0
0
0
0
0
0
0
-3.1134
0
0
0
0
0
0
0
0
0
0
0
0
0
0
0
0
0
0
0
0
0
3.1134
0
0
0
0
0
0
0
0
0
0
0
0
0
0
0
0
0
0
-0.55225
0
0
0
0
0
0
0
0
0
0
0
0.55225
