24.871
-0.82835
-0.78546
-0.78546
-0.78546
-0.75943
-0.79088
-0.80527
-0.7993
-0.76404
-0.77403
-0.79395
-0.86677
-0.79395
-0.76553
-0.76553
-0.90233
-0.82604
-0.82604
-0.58788
-0.33115
0
0
0
0
0
0
0
-9.5342
0
-0.82835
24.4522
-0.79643
-0.79643
-0.79643
-0.76968
-0.80185
-0.82087
-0.80864
-0.77457
-0.78497
-0.80532
-0.8791
-0.80532
-0.77628
-0.77628
-0.92467
-0.83748
-0.83748
-0.59996
0
0
0
0
0
0
0
-9.2321
0
0
-0.78546
-0.79643
14.3819
-0.74356
-0.74356
-0.72416
-0.75323
-0.77157
-0.75924
-0.72833
-0.73738
-0.75589
-0.83087
-0.75589
-0.72947
-0.72947
-0.88532
-0.7843
-0.7843
-0.5835
0
0
0
0
0
0
0
0
0
0
-0.78546
-0.79643
-0.74356
14.3819
-0.74356
-0.72416
-0.75323
-0.77157
-0.75924
-0.72833
-0.73738
-0.75589
-0.83087
-0.75589
-0.72947
-0.72947
-0.88532
-0.7843
-0.7843
-0.5835
0
0
0
0
0
0
0
0
0
0
-0.78546
-0.79643
-0.74356
-0.74356
14.3819
-0.72416
-0.75323
-0.77157
-0.75924
-0.72833
-0.73738
-0.75589
-0.83087
-0.75589
-0.72947
-0.72947
-0.88532
-0.7843
-0.7843
-0.5835
0
0
0
0
0
0
0
0
0
0
-0.75943
-0.76968
-0.72416
-0.72416
-0.72416
13.3328
-0.7265
-0.74279
-0.72917
-0.70152
-0.70984
-0.72732
-0.80002
-0.72732
-0.70236
-0.70236
-0.85442
-0.75378
-0.75378
0
0
0
0
0
0
0
0
0
0
0
-0.79088
-0.80185
-0.75323
-0.75323
-0.75323
-0.7265
12.9604
-0.77518
-0.75903
-0.72628
-0.73574
-0.75419
-0.83788
-0.75419
-0.72785
-0.72785
0
-0.79166
-0.79166
0
0
0
0
0
0
0
0
0
0
0
-0.80527
-0.82087
-0.77157
-0.77157
-0.77157
-0.74279
-0.77518
19.3161
-0.78791
-0.73705
-0.74881
-0.76775
-0.841
-0.76775
-0.74072
-0.74072
0
0
0
0
0
0
0
0
0
0
-7.7256
0
0
0
-0.7993
-0.80864
-0.75924
-0.75924
-0.75924
-0.72917
-0.75903
-0.78791
13.8245
-0.72292
-0.73323
-0.75159
-0.84239
-0.75159
-0.72539
-0.72539
0
0
0
0
0
0
-2.4102
0
0
0
0
0
0
0
-0.76404
-0.77457
-0.72833
-0.72833
-0.72833
-0.70152
-0.72628
-0.73705
-0.72292
10.9221
-0.7004
-0.71754
-0.78904
-0.71754
-0.69307
-0.69307
0
0
0
0
0
0
0
0
0
0
0
0
0
0
-0.77403
-0.78497
-0.73738
-0.73738
-0.73738
-0.70984
-0.73574
-0.74881
-0.73323
-0.7004
10.2199
-0.71741
0
-0.71741
-0.69295
-0.69295
0
0
0
0
0
0
0
0
0
0
0
0
0
0
-0.79395
-0.80532
-0.75589
-0.75589
-0.75589
-0.72732
-0.75419
-0.76775
-0.75159
-0.71754
-0.71741
9.087
0
-0.78426
0
0
0
0
0
0
0
0
0
0
0
0
0
0
0
0
-0.86677
-0.8791
-0.83087
-0.83087
-0.83087
-0.80002
-0.83788
-0.841
-0.84239
-0.78904
0
0
16.3997
0
0
0
0
0
0
0
0
-2.3491
0
0
-5.7017
0
0
0
0
0
-0.79395
-0.80532
-0.75589
-0.75589
-0.75589
-0.72732
-0.75419
-0.76775
-0.75159
-0.71754
-0.71741
-0.78426
0
9.087
0
0
0
0
0
0
0
0
0
0
0
0
0
0
0
0
-0.76553
-0.77628
-0.72947
-0.72947
-0.72947
-0.70236
-0.72785
-0.74072
-0.72539
-0.69307
-0.69295
0
0
0
8.0125
0
0
0
0
0
0
0
0
0
0
0
0
0
0
0
-0.76553
-0.77628
-0.72947
-0.72947
-0.72947
-0.70236
-0.72785
-0.74072
-0.72539
-0.69307
-0.69295
0
0
0
0
8.0125
0
0
0
0
0
0
0
0
0
0
0
0
0
0
-0.90233
-0.92467
-0.88532
-0.88532
-0.88532
-0.85442
0
0
0
0
0
0
0
0
0
0
5.894
0
0
0
0
0
0
0
0
-0.55665
0
0
0
0
-0.82604
-0.83748
-0.7843
-0.7843
-0.7843
-0.75378
-0.79166
0
0
0
0
0
0
0
0
0
0
5.5618
0
0
0
0
0
0
0
0
0
0
0
0
-0.82604
-0.83748
-0.7843
-0.7843
-0.7843
-0.75378
-0.79166
0
0
0
0
0
0
0
0
0
0
0
5.5618
0
0
0
0
0
0
0
0
0
0
0
-0.58788
-0.59996
-0.5835
-0.5835
-0.5835
0
0
0
0
0
0
0
0
0
0
0
0
0
0
3.0428
0
0
0
-0.1045
0
0
0
0
0
0
-0.33115
0
0
0
0
0
0
0
0
0
0
0
0
0
0
0
0
0
0
0
6.5065
-2.3171
-2.3967
0
0
0
0
0
0
-1.4616
0
0
0
0
0
0
0
0
0
0
0
0
-2.3491
0
0
0
0
0
0
0
-2.3171
4.6663
0
0
0
0
0
0
0
0
0
0
0
0
0
0
0
0
-2.4102
0
0
0
0
0
0
0
0
0
0
0
-2.3967
0
4.8069
0
0
0
0
0
0
0
0
0
0
0
0
0
0
0
0
0
0
0
0
0
0
0
0
0
0
-0.1045
0
0
0
0.1045
0
0
0
0
0
0
0
0
0
0
0
0
0
0
0
0
0
0
-5.7017
0
0
0
0
0
0
0
0
0
0
0
5.7017
0
0
0
0
0
0
0
0
0
0
0
0
0
0
0
0
0
0
0
0
0
-0.55665
0
0
0
0
0
0
0
0
0.55665
0
0
0
0
0
0
0
0
0
0
0
-7.7256
0
0
0
0
0
0
0
0
0
0
0
0
0
0
0
0
0
0
7.7256
0
0
0
0
-9.2321
0
0
0
0
0
0
0
0
0
0
0
0
0
0
0
0
0
0
0
0
0
0
0
0
0
9.2321
0
0
-9.5342
0
0
0
0
0
0
0
0
0
0
0
0
0
0
0
0
0
0
0
0
0
0
0
0
0
0
0
9.5342
0
0
0
0
0
0
0
0
0
0
0
0
0
0
0
0
0
0
0
0
0
-1.4616
0
0
0
0
0
0
0
0
1.4616
