24.5675
-0.82815
-0.82815
-0.82815
-0.83892
-0.82711
-0.82711
-0.82711
-0.82711
-0.78958
-0.82841
-0.82841
-0.78194
-0.81571
-0.8397
-0.79882
-0.83784
-0.82285
-0.79884
-0.61169
-1.0315
0
-8.1503
0
0
0
0
0
0
0
-0.82815
15.3493
-0.763
-0.763
-0.80965
-0.7692
-0.7692
-0.7692
-0.7692
-0.73543
-0.77308
-0.77308
-0.72841
-0.7601
-0.78451
-0.74266
-0.77945
-0.76251
-0.74118
-0.59161
-0.93672
0
0
0
0
0
0
0
0
0
-0.82815
-0.763
15.3493
-0.763
-0.80965
-0.7692
-0.7692
-0.7692
-0.7692
-0.73543
-0.77308
-0.77308
-0.72841
-0.7601
-0.78451
-0.74266
-0.77945
-0.76251
-0.74118
-0.59161
-0.93672
0
0
0
0
0
0
0
0
0
-0.82815
-0.763
-0.763
15.3493
-0.80965
-0.7692
-0.7692
-0.7692
-0.7692
-0.73543
-0.77308
-0.77308
-0.72841
-0.7601
-0.78451
-0.74266
-0.77945
-0.76251
-0.74118
-0.59161
-0.93672
0
0
0
0
0
0
0
0
0
-0.83892
-0.80965
-0.80965
-0.80965
32.1437
-0.78402
-0.78402
-0.78402
-0.78402
-0.74824
-0.77136
-0.77136
-0.74048
-0.76789
-0.77972
-0.75656
-0.78929
-0.7808
-0.75927
0
0
0
0
0
0
-9.0374
0
0
0
-9.0374
-0.82711
-0.7692
-0.7692
-0.7692
-0.78402
13.8084
-0.75526
-0.75526
-0.75526
-0.73461
-0.78018
-0.78018
-0.73065
-0.76596
-0.79161
-0.74599
-0.78505
-0.76593
-0.74376
0
0
0
0
0
0
0
0
0
0
0
-0.82711
-0.7692
-0.7692
-0.7692
-0.78402
-0.75526
13.8084
-0.75526
-0.75526
-0.73461
-0.78018
-0.78018
-0.73065
-0.76596
-0.79161
-0.74599
-0.78505
-0.76593
-0.74376
0
0
0
0
0
0
0
0
0
0
0
-0.82711
-0.7692
-0.7692
-0.7692
-0.78402
-0.75526
-0.75526
13.8084
-0.75526
-0.73461
-0.78018
-0.78018
-0.73065
-0.76596
-0.79161
-0.74599
-0.78505
-0.76593
-0.74376
0
0
0
0
0
0
0
0
0
0
0
-0.82711
-0.7692
-0.7692
-0.7692
-0.78402
-0.75526
-0.75526
-0.75526
13.8084
-0.73461
-0.78018
-0.78018
-0.73065
-0.76596
-0.79161
-0.74599
-0.78505
-0.76593
-0.74376
0
0
0
0
0
0
0
0
0
0
0
-0.78958
-0.73543
-0.73543
-0.73543
-0.74824
-0.73461
-0.73461
-0.73461
-0.73461
12.4899
-0.73508
-0.73508
-0.69374
-0.72362
-0.7467
-0.7073
-0.74043
-0.72536
0
0
0
0
0
0
0
0
0
0
0
0
-0.82841
-0.77308
-0.77308
-0.77308
-0.77136
-0.78018
-0.78018
-0.78018
-0.78018
-0.73508
18.0512
-0.77775
-0.72105
-0.75631
-0.77765
-0.74165
0
0
0
0
0
0
0
-6.5019
0
0
0
0
0
0
-0.82841
-0.77308
-0.77308
-0.77308
-0.77136
-0.78018
-0.78018
-0.78018
-0.78018
-0.73508
-0.77775
18.0512
-0.72105
-0.75631
-0.77765
-0.74165
0
0
0
0
0
0
0
0
0
0
-6.5019
0
0
0
-0.78194
-0.72841
-0.72841
-0.72841
-0.74048
-0.73065
-0.73065
-0.73065
-0.73065
-0.69374
-0.72105
-0.72105
10.8919
-0.70564
-0.72827
-0.69191
0
0
0
0
0
0
0
0
0
0
0
0
0
0
-0.81571
-0.7601
-0.7601
-0.7601
-0.76789
-0.76596
-0.76596
-0.76596
-0.76596
-0.72362
-0.75631
-0.75631
-0.70564
10.1793
0
0
0
0
0
0
0
-0.30964
0
0
0
0
0
0
0
0
-0.8397
-0.78451
-0.78451
-0.78451
-0.77972
-0.79161
-0.79161
-0.79161
-0.79161
-0.7467
-0.77765
-0.77765
-0.72827
0
15.7778
0
0
0
0
0
0
0
0
0
0
0
0
-5.6081
0
0
-0.79882
-0.74266
-0.74266
-0.74266
-0.75656
-0.74599
-0.74599
-0.74599
-0.74599
-0.7073
-0.74165
-0.74165
-0.69191
0
0
9.6499
0
0
0
0
0
0
0
0
0
0
0
0
0
0
-0.83784
-0.77945
-0.77945
-0.77945
-0.78929
-0.78505
-0.78505
-0.78505
-0.78505
-0.74043
0
0
0
0
0
0
8.176
0
0
0
0
-0.3299
0
0
0
0
0
0
0
0
-0.82285
-0.76251
-0.76251
-0.76251
-0.7808
-0.76593
-0.76593
-0.76593
-0.76593
-0.72536
0
0
0
0
0
0
0
7.6802
0
0
0
0
0
0
0
0
0
0
0
0
-0.79884
-0.74118
-0.74118
-0.74118
-0.75927
-0.74376
-0.74376
-0.74376
-0.74376
0
0
0
0
0
0
0
0
0
6.7567
0
0
0
0
0
0
0
0
0
0
0
-0.61169
-0.59161
-0.59161
-0.59161
0
0
0
0
0
0
0
0
0
0
0
0
0
0
0
2.491
0
0
0
0
-0.1045
0
0
0
0
0
-1.0315
-0.93672
-0.93672
-0.93672
0
0
0
0
0
0
0
0
0
0
0
0
0
0
0
0
3.8416
0
0
0
0
0
0
0
0
0
0
0
0
0
0
0
0
0
0
0
0
0
0
-0.30964
0
0
-0.3299
0
0
0
0
0.83417
0
0
0
0
0
0
-0.19463
0
-8.1503
0
0
0
0
0
0
0
0
0
0
0
0
0
0
0
0
0
0
0
0
0
8.1503
0
0
0
0
0
0
0
0
0
0
0
0
0
0
0
0
0
-6.5019
0
0
0
0
0
0
0
0
0
0
0
0
6.5019
0
0
0
0
0
0
0
0
0
0
0
0
0
0
0
0
0
0
0
0
0
0
0
0
0
-0.1045
0
0
0
0
0.1045
0
0
0
0
0
0
0
0
0
-9.0374
0
0
0
0
0
0
0
0
0
0
0
0
0
0
0
0
0
0
0
0
9.0374
0
0
0
0
0
0
0
0
0
0
0
0
0
0
0
-6.5019
0
0
0
0
0
0
0
0
0
0
0
0
0
0
6.5019
0
0
0
0
0
0
0
0
0
0
0
0
0
0
0
0
0
-5.6081
0
0
0
0
0
0
0
0
0
0
0
0
5.6081
0
0
0
0
0
0
0
0
0
0
0
0
0
0
0
0
0
0
0
0
0
0
0
-0.19463
0
0
0
0
0
0
0.19463
0
0
0
0
0
-9.0374
0
0
0
0
0
0
0
0
0
0
0
0
0
0
0
0
0
0
0
0
0
0
0
0
9.0374
