12.2821
-0.50524
-0.50524
-0.51483
-0.49976
-0.49439
-0.49694
-0.5157
-0.50956
-0.5019
-0.5019
-0.53478
-0.52376
-0.51717
-0.40951
-0.72586
0
0
-0.70726
0
-3.8183
0
0
0
0
0
0
0
0
0
-0.50524
8.0347
-0.46948
-0.51172
-0.47679
-0.46832
-0.47056
-0.48896
-0.47934
-0.4746
-0.4746
-0.50467
-0.50042
-0.48804
-0.39774
-0.67963
0
0
-0.64455
0
0
0
0
0
0
0
0
0
0
0
-0.50524
-0.46948
8.0347
-0.51172
-0.47679
-0.46832
-0.47056
-0.48896
-0.47934
-0.4746
-0.4746
-0.50467
-0.50042
-0.48804
-0.39774
-0.67963
0
0
-0.64455
0
0
0
0
0
0
0
0
0
0
0
-0.51483
-0.51172
-0.51172
26.1843
-0.45632
-0.47548
-0.47951
-0.48801
-0.47926
-0.48521
-0.48521
-0.51763
-0.48491
-0.50297
0
0
0
-0.26245
0
0
0
0
0
-9.7645
0
0
-9.7645
0
0
0
-0.49976
-0.47679
-0.47679
-0.45632
25.3942
-0.46016
-0.46601
-0.4763
-0.46748
-0.47152
-0.47152
-0.5021
-0.47283
-0.48764
0
0
0
0
0
0
0
0
-9.6045
0
0
0
0
0
-9.6045
0
-0.49439
-0.46832
-0.46832
-0.47548
-0.46016
6.536
-0.45835
-0.47455
-0.46681
-0.46268
-0.46268
-0.49095
-0.48514
-0.47522
-0.39291
0
0
0
0
0
0
0
0
0
0
0
0
0
0
0
-0.49694
-0.47056
-0.47056
-0.47951
-0.46601
-0.45835
6.1752
-0.47759
-0.46882
-0.46415
-0.46415
-0.49221
-0.49013
-0.47626
0
0
0
0
0
0
0
0
0
0
0
0
0
0
0
0
-0.5157
-0.48896
-0.48896
-0.48801
-0.4763
-0.47455
-0.47759
10.6626
-0.47881
-0.48023
-0.48023
-0.51957
0
0
0
0
0
0
0
0
0
0
0
0
-5.2937
0
0
0
0
0
-0.50956
-0.47934
-0.47934
-0.47926
-0.46748
-0.46681
-0.46882
-0.47881
5.0255
-0.47062
-0.47062
0
0
0
0
0
-0.25483
0
0
0
0
0
0
0
0
0
0
0
0
0
-0.5019
-0.4746
-0.4746
-0.48521
-0.47152
-0.46268
-0.46415
-0.48023
-0.47062
4.7168
-0.43135
0
0
0
0
0
0
0
0
0
0
0
0
0
0
0
0
0
0
0
-0.5019
-0.4746
-0.4746
-0.48521
-0.47152
-0.46268
-0.46415
-0.48023
-0.47062
-0.43135
4.7168
0
0
0
0
0
0
0
0
0
0
0
0
0
0
0
0
0
0
0
-0.53478
-0.50467
-0.50467
-0.51763
-0.5021
-0.49095
-0.49221
-0.51957
0
0
0
4.0666
0
0
0
0
0
0
0
0
0
0
0
0
0
0
0
0
0
0
-0.52376
-0.50042
-0.50042
-0.48491
-0.47283
-0.48514
-0.49013
0
0
0
0
0
4.8667
0
0
0
0
0
0
0
0
0
0
0
0
0
0
0
0
-1.4091
-0.51717
-0.48804
-0.48804
-0.50297
-0.48764
-0.47522
-0.47626
0
0
0
0
0
0
3.4353
0
0
0
0
0
0
0
0
0
0
0
0
0
0
0
0
-0.40951
-0.39774
-0.39774
0
0
-0.39291
0
0
0
0
0
0
0
0
1.9581
0
0
-0.25572
0
0
0
0
0
0
0
0
0
-0.1045
0
0
-0.72586
-0.67963
-0.67963
0
0
0
0
0
0
0
0
0
0
0
0
2.4662
-0.38107
0
0
0
0
0
0
0
0
0
0
0
0
0
0
0
0
0
0
0
0
0
-0.25483
0
0
0
0
0
0
-0.38107
9.5442
0
0
-5.4264
0
0
0
0
0
-3.4819
0
0
0
0
0
0
0
-0.26245
0
0
0
0
0
0
0
0
0
0
-0.25572
0
0
0.72967
0
0
0
-0.2115
0
0
0
0
0
0
0
0
-0.70726
-0.64455
-0.64455
0
0
0
0
0
0
0
0
0
0
0
0
0
0
0
1.9964
0
0
0
0
0
0
0
0
0
0
0
0
0
0
0
0
0
0
0
0
0
0
0
0
0
0
0
-5.4264
0
0
5.7717
-0.34531
0
0
0
0
0
0
0
0
0
-3.8183
0
0
0
0
0
0
0
0
0
0
0
0
0
0
0
0
0
0
-0.34531
4.1636
0
0
0
0
0
0
0
0
0
0
0
0
0
0
0
0
0
0
0
0
0
0
0
0
0
0
-0.2115
0
0
0
0.2115
0
0
0
0
0
0
0
0
0
0
0
0
-9.6045
0
0
0
0
0
0
0
0
0
0
0
0
0
0
0
0
0
9.6045
0
0
0
0
0
0
0
0
0
0
-9.7645
0
0
0
0
0
0
0
0
0
0
0
0
0
0
0
0
0
0
0
9.7645
0
0
0
0
0
0
0
0
0
0
0
0
0
-5.2937
0
0
0
0
0
0
0
0
0
0
0
0
0
0
0
0
5.2937
0
0
0
0
0
0
0
0
0
0
0
0
0
0
0
0
0
0
0
0
0
-3.4819
0
0
0
0
0
0
0
0
3.4819
0
0
0
0
0
0
0
-9.7645
0
0
0
0
0
0
0
0
0
0
0
0
0
0
0
0
0
0
0
0
0
0
9.7645
0
0
0
0
0
0
0
0
0
0
0
0
0
0
0
0
0
-0.1045
0
0
0
0
0
0
0
0
0
0
0
0
0.1045
0
0
0
0
0
0
-9.6045
0
0
0
0
0
0
0
0
0
0
0
0
0
0
0
0
0
0
0
0
0
0
0
9.6045
0
0
0
0
0
0
0
0
0
0
0
0
0
-1.4091
0
0
0
0
0
0
0
0
0
0
0
0
0
0
0
0
1.4091
