27.7572
-0.37569
-0.39322
-0.37044
-0.37044
-0.38333
-0.36921
-0.39584
-0.41204
-0.41813
-0.37479
-0.39652
-0.41298
-0.53206
0
-0.35946
-0.21268
0
0
0
0
0
0
-10.9902
0
0
0
0
0
-10.9902
-0.37569
6.2399
-0.37049
-0.35345
-0.35345
-0.36162
-0.39879
-0.37358
-0.38639
-0.40328
-0.35071
-0.38829
-0.38571
-0.49498
0
0
-0.19502
-1.0485
0
0
0
0
0
0
0
0
0
0
0
0
-0.39322
-0.37049
14.0993
-0.36463
-0.36463
-0.37521
-0.38447
-0.38604
-0.40071
-0.42538
-0.3629
-0.40684
-0.39925
-0.51295
0
0
-0.20646
0
0
0
0
0
-8.7461
0
0
0
0
0
0
0
-0.37044
-0.35345
-0.36463
4.8981
-0.32053
-0.35675
-0.38249
-0.36747
-0.38022
-0.4004
-0.34507
-0.38591
-0.38073
-0.48999
0
0
0
0
0
0
0
0
0
0
0
0
0
0
0
0
-0.37044
-0.35345
-0.36463
-0.32053
4.8981
-0.35675
-0.38249
-0.36747
-0.38022
-0.4004
-0.34507
-0.38591
-0.38073
-0.48999
0
0
0
0
0
0
0
0
0
0
0
0
0
0
0
0
-0.38333
-0.36162
-0.37521
-0.35675
-0.35675
4.1127
0
-0.35947
-0.39431
-0.40236
-0.34681
-0.39469
-0.38138
0
0
0
0
0
0
0
0
0
0
0
0
0
0
0
0
0
-0.36921
-0.39879
-0.38447
-0.38249
-0.38249
0
10.7304
0
0
0
0
0
0
0
-0.1045
-0.36588
0
0
0
0
-1.6142
-1.0279
0
0
0
-5.7005
0
0
0
0
-0.39584
-0.37358
-0.38604
-0.36747
-0.36747
-0.35947
0
4.2597
-0.45321
0
-0.29996
0
0
0
0
0
0
0
0
-1.2567
0
0
0
0
0
0
0
0
0
0
-0.41204
-0.38639
-0.40071
-0.38022
-0.38022
-0.39431
0
-0.45321
3.616
-0.45054
-0.35833
0
0
0
0
0
0
0
0
0
0
0
0
0
0
0
0
0
0
0
-0.41813
-0.40328
-0.42538
-0.4004
-0.4004
-0.40236
0
0
-0.45054
6.8405
0
0
0
0
0
0
0
0
0
0
0
0
0
0
0
0
-3.94
0
0
0
-0.37479
-0.35071
-0.3629
-0.34507
-0.34507
-0.34681
0
-0.29996
-0.35833
0
2.7836
0
0
0
0
0
0
0
0
0
0
0
0
0
0
0
0
0
0
0
-0.39652
-0.38829
-0.40684
-0.38591
-0.38591
-0.39469
0
0
0
0
0
5.0001
0
0
0
0
0
0
0
0
0
0
0
0
0
0
0
-2.642
0
0
-0.41298
-0.38571
-0.39925
-0.38073
-0.38073
-0.38138
0
0
0
0
0
0
2.3408
0
0
0
0
0
0
0
0
0
0
0
0
0
0
0
0
0
-0.53206
-0.49498
-0.51295
-0.48999
-0.48999
0
0
0
0
0
0
0
0
2.52
0
0
0
0
0
0
0
0
0
0
0
0
0
0
0
0
0
0
0
0
0
0
-0.1045
0
0
0
0
0
0
0
4.6442
0
0
0
0
-1.5743
-1.4423
0
0
0
-1.5232
0
0
0
0
0
-0.35946
0
0
0
0
0
-0.36588
0
0
0
0
0
0
0
0
1.2142
0
0
0
0
0
0
0
0
0
0
0
0
-0.48891
0
-0.21268
-0.19502
-0.20646
0
0
0
0
0
0
0
0
0
0
0
0
0
0.61417
0
0
0
0
0
0
0
0
0
0
0
0
0
0
-1.0485
0
0
0
0
0
0
0
0
0
0
0
0
0
0
0
4.627
-3.5786
0
0
0
0
0
0
0
0
0
0
0
0
0
0
0
0
0
0
0
0
0
0
0
0
0
0
0
0
-3.5786
7.2232
0
0
-3.6447
0
0
0
0
0
0
0
0
0
0
0
0
0
0
0
-1.2567
0
0
0
0
0
0
-1.5743
0
0
0
0
2.831
0
0
0
0
0
0
0
0
0
0
0
0
0
0
0
0
-1.6142
0
0
0
0
0
0
0
-1.4423
0
0
0
0
0
3.0565
0
0
0
0
0
0
0
0
0
0
0
0
0
0
0
-1.0279
0
0
0
0
0
0
0
0
0
0
0
-3.6447
0
0
4.6725
0
0
0
0
0
0
0
0
0
0
-8.7461
0
0
0
0
0
0
0
0
0
0
0
0
0
0
0
0
0
0
0
8.7461
0
0
0
0
0
0
0
-10.9902
0
0
0
0
0
0
0
0
0
0
0
0
0
0
0
0
0
0
0
0
0
0
10.9902
0
0
0
0
0
0
0
0
0
0
0
0
0
0
0
0
0
0
0
0
-1.5232
0
0
0
0
0
0
0
0
0
1.5232
0
0
0
0
0
0
0
0
0
0
0
-5.7005
0
0
0
0
0
0
0
0
0
0
0
0
0
0
0
0
0
0
5.7005
0
0
0
0
0
0
0
0
0
0
0
0
0
-3.94
0
0
0
0
0
0
0
0
0
0
0
0
0
0
0
0
3.94
0
0
0
0
0
0
0
0
0
0
0
0
0
0
-2.642
0
0
0
0
0
0
0
0
0
0
0
0
0
0
0
2.642
0
0
0
0
0
0
0
0
0
0
0
0
0
0
0
0
0
-0.48891
0
0
0
0
0
0
0
0
0
0
0
0
0.48891
0
-10.9902
0
0
0
0
0
0
0
0
0
0
0
0
0
0
0
0
0
0
0
0
0
0
0
0
0
0
0
0
10.9902
