37.8933
-0.83323
-0.75123
-0.7619
-0.73054
-0.73054
-0.73846
-0.75047
-0.75047
-0.69552
-0.69552
-0.68443
-0.73412
-0.71883
-0.73412
-0.73915
-0.78743
0
0
0
0
0
0
0
0
0
-13.0287
0
0
-13.0287
-0.83323
12.0807
-0.71858
-0.71519
-0.68286
-0.68286
-0.69635
-0.70363
-0.70363
-0.6523
-0.6523
-0.64163
-0.68808
-0.67729
-0.68808
-0.69269
-0.76489
0
-0.18297
0
0
0
-0.70419
0
0
0
0
0
0
0
-0.75123
-0.71858
10.9911
-0.66413
-0.63487
-0.63487
-0.6008
-0.58873
-0.58873
-0.54487
-0.54487
-0.53401
-0.5728
-0.5668
-0.5728
-0.57691
0
0
0
-1.2989
0
-0.59726
0
0
0
0
0
0
0
0
-0.7619
-0.71519
-0.66413
21.1346
-0.61671
-0.61671
-0.62279
-0.61906
-0.61906
-0.57343
-0.57343
-0.56246
-0.60321
-0.60198
-0.60321
-0.60729
-0.68211
0
0
0
0
0
0
0
0
0
0
0
-11.092
0
-0.73054
-0.68286
-0.63487
-0.61671
9.9912
-0.55627
-0.59655
-0.59212
-0.59212
-0.5485
-0.5485
-0.53819
-0.57726
-0.57524
-0.57726
-0.58113
-0.66524
-0.37785
0
0
0
0
0
0
0
0
0
0
0
0
-0.73054
-0.68286
-0.63487
-0.61671
-0.55627
9.9912
-0.59655
-0.59212
-0.59212
-0.5485
-0.5485
-0.53819
-0.57726
-0.57524
-0.57726
-0.58113
-0.66524
-0.37785
0
0
0
0
0
0
0
0
0
0
0
0
-0.73846
-0.69635
-0.6008
-0.62279
-0.59655
-0.59655
11.001
-0.5956
-0.5956
-0.55178
-0.55178
-0.54119
-0.58047
-0.58215
-0.58047
-0.58429
-0.67161
0
0
-1.3145
0
0
0
0
0
0
0
0
0
0
-0.75047
-0.70363
-0.58873
-0.61906
-0.59212
-0.59212
-0.5956
9.3419
-0.6311
-0.58974
-0.58974
-0.58156
-0.62364
-0.63384
-0.62364
-0.62691
0
0
0
0
0
0
0
0
0
0
0
0
0
0
-0.75047
-0.70363
-0.58873
-0.61906
-0.59212
-0.59212
-0.5956
-0.6311
9.3419
-0.58974
-0.58974
-0.58156
-0.62364
-0.63384
-0.62364
-0.62691
0
0
0
0
0
0
0
0
0
0
0
0
0
0
-0.69552
-0.6523
-0.54487
-0.57343
-0.5485
-0.5485
-0.55178
-0.58974
-0.58974
8.0461
-0.52147
-0.52696
-0.56528
-0.57275
-0.56528
0
0
0
0
0
0
0
0
0
0
0
0
0
0
0
-0.69552
-0.6523
-0.54487
-0.57343
-0.5485
-0.5485
-0.55178
-0.58974
-0.58974
-0.52147
8.0461
-0.52696
-0.56528
-0.57275
-0.56528
0
0
0
0
0
0
0
0
0
0
0
0
0
0
0
-0.68443
-0.64163
-0.53401
-0.56246
-0.53819
-0.53819
-0.54119
-0.58156
-0.58156
-0.52696
-0.52696
7.343
-0.54291
0
-0.54291
0
0
0
0
0
0
0
0
0
0
0
0
0
0
0
-0.73412
-0.68808
-0.5728
-0.60321
-0.57726
-0.57726
-0.58047
-0.62364
-0.62364
-0.56528
-0.56528
-0.54291
7.254
0
0
0
0
0
0
0
0
0
0
0
0
0
0
0
0
0
-0.71883
-0.67729
-0.5668
-0.60198
-0.57524
-0.57524
-0.58215
-0.63384
-0.63384
-0.57275
-0.57275
0
0
15.638
0
0
0
0
0
0
0
0
0
0
-8.9273
0
0
0
0
0
-0.73412
-0.68808
-0.5728
-0.60321
-0.57726
-0.57726
-0.58047
-0.62364
-0.62364
-0.56528
-0.56528
-0.54291
0
0
7.254
0
0
0
0
0
0
0
0
0
0
0
0
0
0
0
-0.73915
-0.69269
-0.57691
-0.60729
-0.58113
-0.58113
-0.58429
-0.62691
-0.62691
0
0
0
0
0
0
5.6164
0
0
0
0
0
0
0
0
0
0
0
0
0
0
-0.78743
-0.76489
0
-0.68211
-0.66524
-0.66524
-0.67161
0
0
0
0
0
0
0
0
0
8.727
0
0
0
0
0
0
0
0
-4.4904
0
0
0
0
0
0
0
0
-0.37785
-0.37785
0
0
0
0
0
0
0
0
0
0
0
1.1894
0
0
0
0
0
0
0
0
0
-0.43366
0
0
0
-0.18297
0
0
0
0
0
0
0
0
0
0
0
0
0
0
0
0
2.4305
-1.4236
0
0
0
-0.82395
0
0
0
0
0
0
0
0
-1.2989
0
0
0
-1.3145
0
0
0
0
0
0
0
0
0
0
0
-1.4236
4.037
0
0
0
0
0
0
0
0
0
0
0
0
0
0
0
0
0
0
0
0
0
0
0
0
0
0
0
0
0
0
2.7628
-1.4086
-1.3541
0
0
0
0
0
0
0
0
0
-0.59726
0
0
0
0
0
0
0
0
0
0
0
0
0
0
0
0
0
-1.4086
2.0059
0
0
0
0
0
0
0
0
0
-0.70419
0
0
0
0
0
0
0
0
0
0
0
0
0
0
0
0
0
0
-1.3541
0
2.0583
0
0
0
0
0
0
0
0
0
0
0
0
0
0
0
0
0
0
0
0
0
0
0
0
0
-0.82395
0
0
0
0
0.82395
0
0
0
0
0
0
0
0
0
0
0
0
0
0
0
0
0
0
0
-8.9273
0
0
0
0
0
0
0
0
0
0
8.9273
0
0
0
0
0
0
0
0
0
0
0
0
0
0
0
0
0
0
0
0
0
-4.4904
0
0
0
0
0
0
0
0
4.4904
0
0
0
0
-13.0287
0
0
0
0
0
0
0
0
0
0
0
0
0
0
0
0
0
0
0
0
0
0
0
0
0
13.0287
0
0
0
0
0
0
0
0
0
0
0
0
0
0
0
0
0
0
0
0
-0.43366
0
0
0
0
0
0
0
0
0
0.43366
0
0
0
0
0
-11.092
0
0
0
0
0
0
0
0
0
0
0
0
0
0
0
0
0
0
0
0
0
0
0
0
11.092
0
-13.0287
0
0
0
0
0
0
0
0
0
0
0
0
0
0
0
0
0
0
0
0
0
0
0
0
0
0
0
0
13.0287
