18.975
-0.65617
-0.678
-0.6813
-0.66408
-0.67663
-0.66091
-0.66091
-0.66091
-0.65213
-0.64847
-0.72181
-0.61257
0
0
-0.6154
-0.58429
-1.7044
0
-0.80292
0
0
0
0
-7.2941
0
0
0
0
0
-0.65617
10.1827
-0.66825
-0.67024
-0.65744
-0.66451
-0.65423
-0.65423
-0.65423
-0.64565
-0.64224
-0.71394
0
0
0
-0.61417
-0.58789
-1.6995
0
0
0
0
0
0
0
0
0
0
0
0
-0.678
-0.66825
13.7553
-0.70061
-0.66704
-0.68496
-0.6661
-0.6661
-0.6661
-0.65567
-0.65263
-0.75204
0
0
0
0
0
0
0
0
0
0
0
0
0
0
0
0
0
-6.2978
-0.6813
-0.67024
-0.70061
13.6536
-0.68697
-0.67887
-0.66614
-0.66614
-0.66614
-0.65509
-0.6511
0
0
0
-0.5992
0
0
0
0
0
0
-6.3318
0
0
0
0
0
0
0
0
-0.66408
-0.65744
-0.66704
-0.68697
7.937
-0.66625
-0.65542
-0.65542
-0.65542
-0.64588
-0.64374
-0.72126
-0.61809
0
0
0
0
0
0
0
0
0
0
0
0
0
0
0
0
0
-0.67663
-0.66451
-0.68496
-0.67887
-0.66625
12.6855
-0.67051
-0.67051
-0.67051
-0.64773
0
0
0
0
0
0
0
0
-0.85393
0
-5.8011
0
0
0
0
0
0
0
0
0
-0.66091
-0.65423
-0.6661
-0.66614
-0.65542
-0.67051
6.5466
-0.64994
-0.64994
-0.63521
-0.63822
0
0
0
0
0
0
0
0
0
0
0
0
0
0
0
0
0
0
0
-0.66091
-0.65423
-0.6661
-0.66614
-0.65542
-0.67051
-0.64994
6.5466
-0.64994
-0.63521
-0.63822
0
0
0
0
0
0
0
0
0
0
0
0
0
0
0
0
0
0
0
-0.66091
-0.65423
-0.6661
-0.66614
-0.65542
-0.67051
-0.64994
-0.64994
6.5466
-0.63521
-0.63822
0
0
0
0
0
0
0
0
0
0
0
0
0
0
0
0
0
0
0
-0.65213
-0.64565
-0.65567
-0.65509
-0.64588
-0.64773
-0.63521
-0.63521
-0.63521
5.8078
0
0
0
0
0
0
0
0
0
0
0
0
0
0
0
0
0
0
0
0
-0.64847
-0.64224
-0.65263
-0.6511
-0.64374
0
-0.63822
-0.63822
-0.63822
0
5.7051
0
0
-0.55225
0
0
0
0
0
0
0
0
0
0
0
0
0
0
0
0
-0.72181
-0.71394
-0.75204
0
-0.72126
0
0
0
0
0
0
5.1785
0
0
0
0
0
0
0
0
0
0
0
0
0
0
0
-2.2694
0
0
-0.61257
0
0
0
-0.61809
0
0
0
0
0
0
0
2.8173
0
-0.84748
0
0
0
0
0
0
0
0
-0.73919
0
0
0
0
0
0
0
0
0
0
0
0
0
0
0
0
-0.55225
0
0
3.2575
0
0
0
0
-1.0379
-0.94888
0
0
0
0
0
0
-0.71849
0
0
0
0
0
0
-0.5992
0
0
0
0
0
0
0
0
-0.84748
0
3.1648
-0.84651
0
0
0
0
0
0
0
0
0
-0.87158
0
0
0
0
-0.6154
-0.61417
0
0
0
0
0
0
0
0
0
0
0
0
-0.84651
2.8203
0
0
0
0
0
0
0
0
0
0
0
0
-0.74418
0
-0.58429
-0.58789
0
0
0
0
0
0
0
0
0
0
0
0
0
0
1.7384
0
0
0
0
0
-0.56624
0
0
0
0
0
0
0
-1.7044
-1.6995
0
0
0
0
0
0
0
0
0
0
0
0
0
0
0
3.4039
0
0
0
0
0
0
0
0
0
0
0
0
0
0
0
0
0
-0.85393
0
0
0
0
0
0
0
-1.0379
0
0
0
0
1.8918
0
0
0
0
0
0
0
0
0
0
0
-0.80292
0
0
0
0
0
0
0
0
0
0
0
0
-0.94888
0
0
0
0
0
1.7518
0
0
0
0
0
0
0
0
0
0
0
0
0
0
0
-5.8011
0
0
0
0
0
0
0
0
0
0
0
0
0
0
5.8011
0
0
0
0
0
0
0
0
0
0
0
0
-6.3318
0
0
0
0
0
0
0
0
0
0
0
0
0
0
0
0
0
6.3318
0
0
0
0
0
0
0
0
0
0
0
0
0
0
0
0
0
0
0
0
0
0
0
0
-0.56624
0
0
0
0
0
0.56624
0
0
0
0
0
0
0
0
0
0
0
0
0
0
0
0
0
0
0
-0.73919
0
0
0
0
0
0
0
0
0
0
0.73919
0
0
0
0
0
0
-7.2941
0
0
0
0
0
0
0
0
0
0
0
0
0
0
0
0
0
0
0
0
0
0
0
7.2941
0
0
0
0
0
0
0
0
0
0
0
0
0
0
0
0
0
0
0
-0.87158
0
0
0
0
0
0
0
0
0
0
0.87158
0
0
0
0
0
0
0
0
0
0
0
0
0
0
0
0
0
-0.71849
0
0
0
0
0
0
0
0
0
0
0
0
0.71849
0
0
0
0
0
0
0
0
0
0
0
0
0
0
-2.2694
0
0
0
0
0
0
0
0
0
0
0
0
0
0
0
2.2694
0
0
0
0
0
0
0
0
0
0
0
0
0
0
0
0
0
-0.74418
0
0
0
0
0
0
0
0
0
0
0
0
0.74418
0
0
0
-6.2978
0
0
0
0
0
0
0
0
0
0
0
0
0
0
0
0
0
0
0
0
0
0
0
0
0
0
6.2978
