11.4002
-0.67892
-0.71626
-0.74933
-0.67892
-0.69116
-0.55208
-0.58905
-0.55208
-0.55493
-0.54442
-0.53478
-0.55416
-0.55988
-0.66547
-1.0682
-1.0362
0
0
-0.6744
0
0
0
0
0
0
0
0
0
0
-0.67892
11.0803
-0.79757
-0.90628
-0.70194
-0.77742
-0.59038
-0.64367
-0.59038
-0.61437
-0.59391
-0.57688
-0.60033
-0.61352
-0.73472
0
0
-1.66
0
0
0
0
0
0
0
0
0
0
0
0
-0.71626
-0.79757
19.0402
-0.91978
-0.79757
-0.80163
-0.61079
-0.66061
-0.61079
-0.63473
-0.61025
-0.59625
-0.62062
-0.62921
-0.76387
0
0
0
0
0
0
0
-9.2702
0
0
0
0
0
0
0
-0.74933
-0.90628
-0.91978
30.4543
-0.90628
-0.9139
-0.66575
-0.6638
-0.66575
-0.64762
-0.61861
-0.61416
-0.63872
-0.6363
0
0
0
0
0
0
0
0
0
0
0
-10.454
0
-10.454
0
0
-0.67892
-0.70194
-0.79757
-0.90628
11.0803
-0.77742
-0.59038
-0.64367
-0.59038
-0.61437
-0.59391
-0.57688
-0.60033
-0.61352
-0.73472
0
0
-1.66
0
0
0
0
0
0
0
0
0
0
0
0
-0.69116
-0.77742
-0.80163
-0.9139
-0.77742
10.8365
-0.59467
-0.64904
-0.59467
-0.61845
-0.59794
-0.58081
-0.60385
-0.61839
-0.73602
-1.2811
0
0
0
0
0
0
0
0
0
0
0
0
0
0
-0.55208
-0.59038
-0.61079
-0.66575
-0.59038
-0.59467
7.4908
-0.51037
-0.44533
-0.4898
-0.46254
-0.45586
-0.47247
-0.4788
-0.57156
0
0
0
0
0
0
0
0
0
0
0
0
0
0
0
-0.58905
-0.64367
-0.66061
-0.6638
-0.64367
-0.64904
-0.51037
16.1081
-0.51037
-0.50499
-0.46947
-0.47455
-0.4891
-0.48592
0
0
0
0
0
0
0
0
0
0
0
0
0
0
-8.8135
0
-0.55208
-0.59038
-0.61079
-0.66575
-0.59038
-0.59467
-0.44533
-0.51037
7.4908
-0.4898
-0.46254
-0.45586
-0.47247
-0.4788
-0.57156
0
0
0
0
0
0
0
0
0
0
0
0
0
0
0
-0.55493
-0.61437
-0.63473
-0.64762
-0.61437
-0.61845
-0.4898
-0.50499
-0.4898
7.6404
-0.45052
-0.45521
-0.46942
-0.46661
0
0
0
0
0
-0.62958
0
0
0
0
0
0
0
0
0
0
-0.54442
-0.59391
-0.61025
-0.61861
-0.59391
-0.59794
-0.46254
-0.46947
-0.46254
-0.45052
6.4868
-0.44096
-0.43839
0
0
0
0
0
-0.20333
0
0
0
0
0
0
0
0
0
0
0
-0.53478
-0.57688
-0.59625
-0.61416
-0.57688
-0.58081
-0.45586
-0.47455
-0.45586
-0.45521
-0.44096
6.6701
-0.45245
-0.45551
0
0
0
0
0
0
0
0
0
0
0
0
0
0
0
0
-0.55416
-0.60033
-0.62062
-0.63872
-0.60033
-0.60385
-0.47247
-0.4891
-0.47247
-0.46942
-0.43839
-0.45245
6.4123
0
0
0
0
0
0
0
0
0
0
0
0
0
0
0
0
0
-0.55988
-0.61352
-0.62921
-0.6363
-0.61352
-0.61839
-0.4788
-0.48592
-0.4788
-0.46661
0
-0.45551
0
6.141
0
0
0
0
0
0
-0.1045
0
0
0
0
0
0
0
0
0
-0.66547
-0.73472
-0.76387
0
-0.73472
-0.73602
-0.57156
0
-0.57156
0
0
0
0
0
4.7779
0
0
0
0
0
0
0
0
0
0
0
0
0
0
0
-1.0682
0
0
0
0
-1.2811
0
0
0
0
0
0
0
0
0
5.4254
-0.72359
-1.4439
0
0
0
-0.90874
0
0
0
0
0
0
0
0
-1.0362
0
0
0
0
0
0
0
0
0
0
0
0
0
0
-0.72359
3.3669
0
-1.0417
0
0
-0.56546
0
0
0
0
0
0
0
0
0
-1.66
0
0
-1.66
0
0
0
0
0
0
0
0
0
0
-1.4439
0
9.6697
0
0
0
0
0
-4.9059
0
0
0
0
0
0
0
0
0
0
0
0
0
0
0
0
-0.20333
0
0
0
0
0
-1.0417
0
1.6875
0
0
0
0
0
0
0
0
0
0
-0.4425
-0.6744
0
0
0
0
0
0
0
0
-0.62958
0
0
0
0
0
0
0
0
0
2.5874
0
0
0
0
0
0
-1.2834
0
0
0
0
0
0
0
0
0
0
0
0
0
0
0
0
-0.1045
0
0
0
0
0
0
2.5798
-1.7303
0
0
-0.74509
0
0
0
0
0
0
0
0
0
0
0
0
0
0
0
0
0
0
0
0
-0.90874
-0.56546
0
0
0
-1.7303
3.2045
0
0
0
0
0
0
0
0
0
0
-9.2702
0
0
0
0
0
0
0
0
0
0
0
0
0
0
0
0
0
0
0
9.2702
0
0
0
0
0
0
0
0
0
0
0
0
0
0
0
0
0
0
0
0
0
0
0
0
-4.9059
0
0
0
0
0
4.9059
0
0
0
0
0
0
0
0
0
0
0
0
0
0
0
0
0
0
0
0
0
0
0
0
0
0
-0.74509
0
0
0
0.74509
0
0
0
0
0
0
0
0
-10.454
0
0
0
0
0
0
0
0
0
0
0
0
0
0
0
0
0
0
0
0
0
10.454
0
0
0
0
0
0
0
0
0
0
0
0
0
0
0
0
0
0
0
0
0
0
0
-1.2834
0
0
0
0
0
0
1.2834
0
0
0
0
0
0
-10.454
0
0
0
0
0
0
0
0
0
0
0
0
0
0
0
0
0
0
0
0
0
0
0
10.454
0
0
0
0
0
0
0
0
0
-8.8135
0
0
0
0
0
0
0
0
0
0
0
0
0
0
0
0
0
0
0
0
8.8135
0
0
0
0
0
0
0
0
0
0
0
0
0
0
0
0
0
0
0
-0.4425
0
0
0
0
0
0
0
0
0
0
0.4425
