30.2236
-0.7232
-0.7232
-0.73433
-0.68148
-0.68148
-0.65208
-0.68148
-0.66053
-0.62892
-0.65437
-0.65636
-0.68611
-0.68611
-0.69448
-0.69448
-0.62857
-0.73536
-0.68664
0
0
0
0
-8.9672
0
0
0
0
0
-8.9672
-0.7232
12.4253
-0.71708
-0.7331
-0.67123
-0.67123
-0.67428
-0.67123
-0.65138
-0.64963
-0.65428
-0.64839
-0.67669
-0.67669
-0.68487
-0.68487
-0.63406
-0.7143
-0.6658
-0.22296
0
0
0
0
0
0
0
0
0
0
-0.7232
-0.71708
12.4253
-0.7331
-0.67123
-0.67123
-0.67428
-0.67123
-0.65138
-0.64963
-0.65428
-0.64839
-0.67669
-0.67669
-0.68487
-0.68487
-0.63406
-0.7143
-0.6658
-0.22296
0
0
0
0
0
0
0
0
0
0
-0.73433
-0.7331
-0.7331
18.7755
-0.68451
-0.68451
-0.6801
-0.68451
-0.66374
-0.65479
-0.66743
-0.66051
-0.6897
-0.6897
-0.69814
-0.69814
-0.64483
-0.73082
-0.68096
0
0
0
0
0
0
0
0
-6.3626
0
0
-0.68148
-0.67123
-0.67123
-0.68451
11.4479
-0.61907
-0.64318
-0.61907
-0.60841
-0.60818
-0.61272
-0.60687
-0.63167
-0.63167
-0.63902
-0.63902
-0.59521
-0.6646
-0.62075
0
0
0
0
0
0
0
0
0
0
0
-0.68148
-0.67123
-0.67123
-0.68451
-0.61907
11.4479
-0.64318
-0.61907
-0.60841
-0.60818
-0.61272
-0.60687
-0.63167
-0.63167
-0.63902
-0.63902
-0.59521
-0.6646
-0.62075
0
0
0
0
0
0
0
0
0
0
0
-0.65208
-0.67428
-0.67428
-0.6801
-0.64318
-0.64318
26.5578
-0.64318
-0.60756
-0.56415
-0.59379
-0.60077
-0.62529
-0.62529
-0.63252
-0.63252
-0.5706
0
0
0
0
0
0
0
-8.2475
0
-8.2475
0
0
0
-0.68148
-0.67123
-0.67123
-0.68451
-0.61907
-0.61907
-0.64318
11.4479
-0.60841
-0.60818
-0.61272
-0.60687
-0.63167
-0.63167
-0.63902
-0.63902
-0.59521
-0.6646
-0.62075
0
0
0
0
0
0
0
0
0
0
0
-0.66053
-0.65138
-0.65138
-0.66374
-0.60841
-0.60841
-0.60756
-0.60841
10.5137
-0.58672
-0.59451
-0.58981
-0.61227
-0.61227
-0.61926
-0.61926
-0.5767
-0.64307
0
0
0
0
0
0
0
0
0
0
0
0
-0.62892
-0.64963
-0.64963
-0.65479
-0.60818
-0.60818
-0.56415
-0.60818
-0.58672
24.6642
-0.58038
-0.58395
-0.60565
-0.60565
-0.61253
-0.61253
0
0
0
0
0
-7.7526
0
0
0
0
0
0
-7.7526
0
-0.65437
-0.65428
-0.65428
-0.66743
-0.61272
-0.61272
-0.59379
-0.61272
-0.59451
-0.58038
13.772
-0.59603
-0.6042
-0.6042
-0.61105
-0.61105
0
0
0
0
0
0
0
0
0
-4.5083
0
0
0
0
-0.65636
-0.64839
-0.64839
-0.66051
-0.60687
-0.60687
-0.60077
-0.60687
-0.58981
-0.58395
-0.59603
9.8005
-0.60292
-0.60292
-0.60975
-0.60975
-0.57027
0
0
0
0
0
0
0
0
0
0
0
0
0
-0.68611
-0.67669
-0.67669
-0.6897
-0.63167
-0.63167
-0.62529
-0.63167
-0.61227
-0.60565
-0.6042
-0.60292
8.3195
-0.645
0
0
0
0
0
0
0
0
0
0
0
0
0
0
0
0
-0.68611
-0.67669
-0.67669
-0.6897
-0.63167
-0.63167
-0.62529
-0.63167
-0.61227
-0.60565
-0.6042
-0.60292
-0.645
8.3195
0
0
0
0
0
0
0
0
0
0
0
0
0
0
0
0
-0.69448
-0.68487
-0.68487
-0.69814
-0.63902
-0.63902
-0.63252
-0.63902
-0.61926
-0.61253
-0.61105
-0.60975
0
0
7.7645
0
0
0
0
0
0
0
0
0
0
0
0
0
0
0
-0.69448
-0.68487
-0.68487
-0.69814
-0.63902
-0.63902
-0.63252
-0.63902
-0.61926
-0.61253
-0.61105
-0.60975
0
0
0
7.7645
0
0
0
0
0
0
0
0
0
0
0
0
0
0
-0.62857
-0.63406
-0.63406
-0.64483
-0.59521
-0.59521
-0.5706
-0.59521
-0.5767
0
0
-0.57027
0
0
0
0
6.4108
0
0
0
0
0
-0.36609
0
0
0
0
0
0
0
-0.73536
-0.7143
-0.7143
-0.73082
-0.6646
-0.6646
0
-0.6646
-0.64307
0
0
0
0
0
0
0
0
5.5316
0
0
0
0
0
0
0
0
0
0
0
0
-0.68664
-0.6658
-0.6658
-0.68096
-0.62075
-0.62075
0
-0.62075
0
0
0
0
0
0
0
0
0
0
4.5615
0
0
0
0
0
0
0
0
0
0
0
0
-0.22296
-0.22296
0
0
0
0
0
0
0
0
0
0
0
0
0
0
0
0
0.55042
-0.1045
0
0
0
0
0
0
0
0
0
0
0
0
0
0
0
0
0
0
0
0
0
0
0
0
0
0
0
0
-0.1045
0.1045
0
0
0
0
0
0
0
0
0
0
0
0
0
0
0
0
0
0
-7.7526
0
0
0
0
0
0
0
0
0
0
0
7.7526
0
0
0
0
0
0
0
0
0
0
0
0
0
0
0
0
0
0
0
0
0
0
0
0
-0.36609
0
0
0
0
0
0.36609
0
0
0
0
0
0
0
-8.9672
0
0
0
0
0
0
0
0
0
0
0
0
0
0
0
0
0
0
0
0
0
0
8.9672
0
0
0
0
0
0
0
0
0
0
0
0
-8.2475
0
0
0
0
0
0
0
0
0
0
0
0
0
0
0
0
0
8.2475
0
0
0
0
0
0
0
0
0
0
0
0
0
0
0
-4.5083
0
0
0
0
0
0
0
0
0
0
0
0
0
0
4.5083
0
0
0
0
0
0
0
0
0
0
-8.2475
0
0
0
0
0
0
0
0
0
0
0
0
0
0
0
0
0
0
0
8.2475
0
0
0
0
0
0
-6.3626
0
0
0
0
0
0
0
0
0
0
0
0
0
0
0
0
0
0
0
0
0
0
0
6.3626
0
0
0
0
0
0
0
0
0
0
0
-7.7526
0
0
0
0
0
0
0
0
0
0
0
0
0
0
0
0
0
0
7.7526
0
-8.9672
0
0
0
0
0
0
0
0
0
0
0
0
0
0
0
0
0
0
0
0
0
0
0
0
0
0
0
0
8.9672
