29.5262
-0.54487
-0.56335
-0.70763
-0.61578
-0.66195
-0.6482
-0.59939
-0.59939
-0.51831
-0.51831
-0.51831
-0.51831
-0.52797
-1.0182
-1.0684
-0.5944
0
-0.5944
-0.5944
-0.80023
-1.5079
-1.5079
-14.2986
0
0
0
0
0
0
-0.54487
14.2455
-0.52263
-0.65832
-0.5732
-0.61439
-0.6032
-0.55499
-0.55499
-0.47902
-0.47902
-0.47902
-0.47902
-0.49292
-0.96875
-1.0296
-0.54463
0
-0.54463
-0.54463
-0.78212
-1.3978
-1.3978
0
0
0
0
0
0
0
-0.56335
-0.52263
10.8026
-0.65802
-0.58118
-0.61877
-0.60248
-0.55816
-0.55816
-0.48058
-0.48058
-0.48058
-0.48058
-0.50499
-0.97439
-1.0443
-0.56462
0
-0.56462
-0.56462
0
0
0
0
0
0
0
0
0
0
-0.70763
-0.65832
-0.65802
21.2775
-0.79637
-0.81052
-0.74655
-0.69561
-0.69561
-0.59424
-0.59424
-0.59424
-0.59424
-0.67146
0
0
0
0
0
0
0
0
0
0
0
-12.4605
0
0
0
0
-0.61578
-0.5732
-0.58118
-0.79637
8.55
-0.75787
-0.6847
-0.64771
-0.64771
-0.55144
-0.55144
-0.55144
-0.55144
-0.62536
0
0
0
-0.4144
0
0
0
0
0
0
0
0
0
0
0
0
-0.66195
-0.61439
-0.61877
-0.81052
-0.75787
9.4919
-0.70693
-0.65816
-0.65816
-0.56195
-0.56195
-0.56195
-0.56195
-0.64489
-1.1124
0
0
0
0
0
0
0
0
0
0
0
0
0
0
0
-0.6482
-0.6032
-0.60248
-0.74655
-0.6847
-0.70693
19.3903
-0.65064
-0.65064
-0.51918
-0.51918
-0.51918
-0.51918
0
0
0
0
0
0
0
0
0
0
0
0
0
0
0
-12.0203
0
-0.59939
-0.55499
-0.55816
-0.69561
-0.64771
-0.65816
-0.65064
7.5011
-0.57407
-0.49615
-0.49615
-0.49615
-0.49615
-0.57779
0
0
0
0
0
0
0
0
0
0
0
0
0
0
0
0
-0.59939
-0.55499
-0.55816
-0.69561
-0.64771
-0.65816
-0.65064
-0.57407
7.5011
-0.49615
-0.49615
-0.49615
-0.49615
-0.57779
0
0
0
0
0
0
0
0
0
0
0
0
0
0
0
0
-0.51831
-0.47902
-0.48058
-0.59424
-0.55144
-0.56195
-0.51918
-0.49615
-0.49615
5.868
-0.39033
-0.39033
-0.39033
0
0
0
0
0
0
0
0
0
0
0
0
0
0
0
0
0
-0.51831
-0.47902
-0.48058
-0.59424
-0.55144
-0.56195
-0.51918
-0.49615
-0.49615
-0.39033
5.868
-0.39033
-0.39033
0
0
0
0
0
0
0
0
0
0
0
0
0
0
0
0
0
-0.51831
-0.47902
-0.48058
-0.59424
-0.55144
-0.56195
-0.51918
-0.49615
-0.49615
-0.39033
-0.39033
5.868
-0.39033
0
0
0
0
0
0
0
0
0
0
0
0
0
0
0
0
0
-0.51831
-0.47902
-0.48058
-0.59424
-0.55144
-0.56195
-0.51918
-0.49615
-0.49615
-0.39033
-0.39033
-0.39033
5.868
0
0
0
0
0
0
0
0
0
0
0
0
0
0
0
0
0
-0.52797
-0.49292
-0.50499
-0.67146
-0.62536
-0.64489
0
-0.57779
-0.57779
0
0
0
0
4.9618
0
0
0
-0.33862
0
0
0
0
0
0
0
0
0
0
0
0
-1.0182
-0.96875
-0.97439
0
0
-1.1124
0
0
0
0
0
0
0
0
8.8574
0
0
0
0
0
0
0
0
0
-4.7836
0
0
0
0
0
-1.0684
-1.0296
-1.0443
0
0
0
0
0
0
0
0
0
0
0
0
5.6707
0
0
0
0
0
0
0
0
0
0
0
0
0
-2.5285
-0.5944
-0.54463
-0.56462
0
0
0
0
0
0
0
0
0
0
0
0
0
1.7037
0
0
0
0
0
0
0
0
0
0
0
0
0
0
0
0
0
-0.4144
0
0
0
0
0
0
0
0
-0.33862
0
0
0
0.91179
0
0
0
0
0
0
0
0
-0.15877
0
0
0
-0.5944
-0.54463
-0.56462
0
0
0
0
0
0
0
0
0
0
0
0
0
0
0
1.7037
0
0
0
0
0
0
0
0
0
0
0
-0.5944
-0.54463
-0.56462
0
0
0
0
0
0
0
0
0
0
0
0
0
0
0
0
1.7037
0
0
0
0
0
0
0
0
0
0
-0.80023
-0.78212
0
0
0
0
0
0
0
0
0
0
0
0
0
0
0
0
0
0
3.1249
0
0
0
0
0
0
-1.5425
0
0
-1.5079
-1.3978
0
0
0
0
0
0
0
0
0
0
0
0
0
0
0
0
0
0
0
2.9057
0
0
0
0
0
0
0
0
-1.5079
-1.3978
0
0
0
0
0
0
0
0
0
0
0
0
0
0
0
0
0
0
0
0
2.9057
0
0
0
0
0
0
0
-14.2986
0
0
0
0
0
0
0
0
0
0
0
0
0
0
0
0
0
0
0
0
0
0
14.2986
0
0
0
0
0
0
0
0
0
0
0
0
0
0
0
0
0
0
0
0
-4.7836
0
0
0
0
0
0
0
0
0
4.7836
0
0
0
0
0
0
0
0
-12.4605
0
0
0
0
0
0
0
0
0
0
0
0
0
0
0
0
0
0
0
0
0
12.4605
0
0
0
0
0
0
0
0
0
0
0
0
0
0
0
0
0
0
0
0
0
-0.15877
0
0
0
0
0
0
0
0
0.15877
0
0
0
0
0
0
0
0
0
0
0
0
0
0
0
0
0
0
0
0
0
0
0
-1.5425
0
0
0
0
0
0
1.5425
0
0
0
0
0
0
0
0
-12.0203
0
0
0
0
0
0
0
0
0
0
0
0
0
0
0
0
0
0
0
0
0
12.0203
0
0
0
0
0
0
0
0
0
0
0
0
0
0
0
0
-2.5285
0
0
0
0
0
0
0
0
0
0
0
0
0
2.5285
