21.0581
-0.63785
-0.61359
-0.61359
-0.61359
-0.63172
-0.56391
-0.56391
-0.627
-0.59581
-0.62587
-0.59773
-0.59773
-0.60413
-0.63149
-0.60413
-0.59009
0
-0.27749
-0.19625
0
0
0
0
-10.8723
0
0
0
0
0
-0.63785
10.9443
-0.6135
-0.6135
-0.6135
-0.63569
-0.56481
-0.56481
-0.63228
-0.61319
-0.63232
-0.60056
-0.60056
-0.61286
-0.61781
-0.61286
-0.58931
-0.90215
-0.28672
0
0
0
0
0
0
0
0
0
0
0
-0.61359
-0.6135
10.2534
-0.57701
-0.57701
-0.61686
-0.542
-0.542
-0.61073
-0.59533
-0.61086
-0.57835
-0.57835
-0.59345
-0.59501
-0.59345
-0.56678
-0.84908
0
0
0
0
0
0
0
0
0
0
0
0
-0.61359
-0.6135
-0.57701
10.2534
-0.57701
-0.61686
-0.542
-0.542
-0.61073
-0.59533
-0.61086
-0.57835
-0.57835
-0.59345
-0.59501
-0.59345
-0.56678
-0.84908
0
0
0
0
0
0
0
0
0
0
0
0
-0.61359
-0.6135
-0.57701
-0.57701
10.2534
-0.61686
-0.542
-0.542
-0.61073
-0.59533
-0.61086
-0.57835
-0.57835
-0.59345
-0.59501
-0.59345
-0.56678
-0.84908
0
0
0
0
0
0
0
0
0
0
0
0
-0.63172
-0.63569
-0.61686
-0.61686
-0.61686
19.4667
-0.55692
-0.55692
-0.6281
-0.59954
-0.62743
-0.59426
-0.59426
-0.6082
-0.6104
-0.6082
-0.58317
0
0
0
0
0
0
0
0
0
0
-9.7813
0
0
-0.56391
-0.56481
-0.542
-0.542
-0.542
-0.55692
8.6443
-0.49545
-0.5532
-0.53596
-0.55332
-0.52837
-0.52837
-0.53888
-0.54284
-0.53888
-0.51738
0
0
0
0
0
0
0
0
0
0
0
0
0
-0.56391
-0.56481
-0.542
-0.542
-0.542
-0.55692
-0.49545
8.6443
-0.5532
-0.53596
-0.55332
-0.52837
-0.52837
-0.53888
-0.54284
-0.53888
-0.51738
0
0
0
0
0
0
0
0
0
0
0
0
0
-0.627
-0.63228
-0.61073
-0.61073
-0.61073
-0.6281
-0.5532
-0.5532
15.515
-0.6191
-0.61815
-0.58623
-0.58623
0
0
0
-0.63288
0
0
0
-7.6465
0
0
0
0
0
0
0
0
0
-0.59581
-0.61319
-0.59533
-0.59533
-0.59533
-0.59954
-0.53596
-0.53596
-0.6191
27.2641
-0.58043
-0.56329
-0.56329
0
0
0
0
0
0
0
0
0
0
0
0
0
-10.1358
0
-10.1358
0
-0.62587
-0.63232
-0.61086
-0.61086
-0.61086
-0.62743
-0.55332
-0.55332
-0.61815
-0.58043
14.1382
-0.57691
-0.57691
0
0
0
0
0
0
0
0
-6.9609
0
0
0
0
0
0
0
0
-0.59773
-0.60056
-0.57835
-0.57835
-0.57835
-0.59426
-0.52837
-0.52837
-0.58623
-0.56329
-0.57691
6.8256
-0.51477
0
0
0
0
0
0
0
0
0
0
0
0
0
0
0
0
0
-0.59773
-0.60056
-0.57835
-0.57835
-0.57835
-0.59426
-0.52837
-0.52837
-0.58623
-0.56329
-0.57691
-0.51477
6.8256
0
0
0
0
0
0
0
0
0
0
0
0
0
0
0
0
0
-0.60413
-0.61286
-0.59345
-0.59345
-0.59345
-0.6082
-0.53888
-0.53888
0
0
0
0
0
6.6618
0
0
0
0
0
0
0
0
-1.9785
0
0
0
0
0
0
0
-0.63149
-0.61781
-0.59501
-0.59501
-0.59501
-0.6104
-0.54284
-0.54284
0
0
0
0
0
0
4.9619
0
0
0
0
-0.23146
0
0
0
0
0
0
0
0
0
0
-0.60413
-0.61286
-0.59345
-0.59345
-0.59345
-0.6082
-0.53888
-0.53888
0
0
0
0
0
0
0
6.6618
0
0
0
0
0
0
0
-1.9785
0
0
0
0
0
0
-0.59009
-0.58931
-0.56678
-0.56678
-0.56678
-0.58317
-0.51738
-0.51738
-0.63288
0
0
0
0
0
0
0
5.1306
0
0
0
0
0
0
0
0
0
0
0
0
0
0
-0.90215
-0.84908
-0.84908
-0.84908
0
0
0
0
0
0
0
0
0
0
0
0
3.4494
0
0
0
0
0
0
0
0
0
0
0
0
-0.27749
-0.28672
0
0
0
0
0
0
0
0
0
0
0
0
0
0
0
0
0.74323
0
0
0
0
0
0
-0.17903
0
0
0
0
-0.19625
0
0
0
0
0
0
0
0
0
0
0
0
0
-0.23146
0
0
0
0
0.53221
0
0
0
0
0
0
0
0
0
-0.1045
0
0
0
0
0
0
0
0
-7.6465
0
0
0
0
0
0
0
0
0
0
0
7.6465
0
0
0
0
0
0
0
0
0
0
0
0
0
0
0
0
0
0
0
-6.9609
0
0
0
0
0
0
0
0
0
0
6.9609
0
0
0
0
0
0
0
0
0
0
0
0
0
0
0
0
0
0
0
0
0
-1.9785
0
0
0
0
0
0
0
0
1.9785
0
0
0
0
0
0
0
0
0
0
0
0
0
0
0
0
0
0
0
0
0
0
-1.9785
0
0
0
0
0
0
0
1.9785
0
0
0
0
0
0
-10.8723
0
0
0
0
0
0
0
0
0
0
0
0
0
0
0
0
0
0
0
0
0
0
0
10.8723
0
0
0
0
0
0
0
0
0
0
0
0
0
0
0
0
0
0
0
0
0
0
0
-0.17903
0
0
0
0
0
0
0.17903
0
0
0
0
0
0
0
0
0
0
0
0
0
-10.1358
0
0
0
0
0
0
0
0
0
0
0
0
0
0
0
0
10.1358
0
0
0
0
0
0
0
0
-9.7813
0
0
0
0
0
0
0
0
0
0
0
0
0
0
0
0
0
0
0
0
0
9.7813
0
0
0
0
0
0
0
0
0
0
0
-10.1358
0
0
0
0
0
0
0
0
0
0
0
0
0
0
0
0
0
0
10.1358
0
0
0
0
0
0
0
0
0
0
0
0
0
0
0
0
0
0
0
0
-0.1045
0
0
0
0
0
0
0
0
0
0.1045
