19.0225
-0.53565
-0.53196
-0.51533
-0.59833
-0.55613
-0.5401
-0.49069
-0.51246
-0.56699
-0.53957
-0.51163
-0.98784
-0.79783
-1.3882
0
0
0
0
0
-1.753
0
0
0
0
0
-8.1967
0
0
0
-0.53565
10.4333
-0.50944
-0.49279
-0.56554
-0.53304
-0.51599
-0.47168
-0.48957
-0.54551
-0.51513
-0.48641
-0.93451
-0.77424
-1.3496
0
0
0
0
0
-1.7142
0
0
0
0
0
0
0
0
0
-0.53196
-0.50944
9.8657
-0.47162
-0.52611
-0.49371
-0.47652
-0.4451
-0.4498
-0.50882
-0.47211
-0.45875
0
-0.72959
-1.3534
0
0
0
0
0
0
0
0
-2.4387
0
0
0
0
0
0
-0.51533
-0.49279
-0.47162
7.6979
-0.51848
-0.48594
-0.46935
-0.44348
-0.44355
-0.49864
-0.46608
-0.44909
0
-0.73636
-1.2803
0
-0.42685
0
0
0
0
0
0
0
0
0
0
0
0
0
-0.59833
-0.56554
-0.52611
-0.51848
13.1574
-0.54721
-0.52228
-0.52977
-0.49624
-0.56967
-0.52214
-0.51145
0
0
0
0
0
0
0
0
0
0
0
0
0
0
0
-7.2502
0
0
-0.55613
-0.53304
-0.49371
-0.48594
-0.54721
6.5201
-0.50217
-0.5051
-0.4788
-0.54528
-0.50506
-0.48686
0
0
0
-0.8808
0
0
0
0
0
0
0
0
0
0
0
0
0
0
-0.5401
-0.51599
-0.47652
-0.46935
-0.52228
-0.50217
5.3685
-0.47631
-0.44089
-0.51109
-0.46299
-0.45078
0
0
0
0
0
0
0
0
0
0
0
0
0
0
0
0
0
0
-0.49069
-0.47168
-0.4451
-0.44348
-0.52977
-0.5051
-0.47631
5.6042
-0.454
0
-0.42885
0
0
0
0
0
0
-0.11819
0
-1.2411
0
0
0
0
0
0
0
0
0
0
-0.51246
-0.48957
-0.4498
-0.44355
-0.49624
-0.4788
-0.44089
-0.454
4.6446
-0.45939
-0.41994
0
0
0
0
0
0
0
0
0
0
0
0
0
0
0
0
0
0
0
-0.56699
-0.54551
-0.50882
-0.49864
-0.56967
-0.54528
-0.51109
0
-0.45939
6.7899
0
0
0
0
0
0
0
0
0
0
0
0
0
0
0
-2.5845
0
0
0
0
-0.53957
-0.51513
-0.47211
-0.46608
-0.52214
-0.50506
-0.46299
-0.42885
-0.41994
0
4.3319
0
0
0
0
0
0
0
0
0
0
0
0
0
0
0
0
0
0
0
-0.51163
-0.48641
-0.45875
-0.44909
-0.51145
-0.48686
-0.45078
0
0
0
0
3.7802
0
0
0
0
-0.42519
0
0
0
0
0
0
0
0
0
0
0
0
0
-0.98784
-0.93451
0
0
0
0
0
0
0
0
0
0
8.2344
0
0
-1.9362
0
0
-2.7073
0
0
0
0
0
-1.6685
0
0
0
0
0
-0.79783
-0.77424
-0.72959
-0.73636
0
0
0
0
0
0
0
0
0
6.0836
0
0
0
0
0
0
0
0
-3.0456
0
0
0
0
0
0
0
-1.3882
-1.3496
-1.3534
-1.2803
0
0
0
0
0
0
0
0
0
0
5.3716
0
0
0
0
0
0
0
0
0
0
0
0
0
0
0
0
0
0
0
0
-0.8808
0
0
0
0
0
0
-1.9362
0
0
7.8427
0
0
0
0
0
0
0
-2.4678
0
0
0
0
0
-2.5579
0
0
0
-0.42685
0
0
0
0
0
0
0
-0.42519
0
0
0
0
1.1882
-0.33613
0
0
0
0
0
0
0
0
0
0
0
0
0
0
0
0
0
0
0
-0.11819
0
0
0
0
0
0
0
0
-0.33613
0.60993
0
0
0
0
0
0
0
0
0
0
-0.15561
0
0
0
0
0
0
0
0
0
0
0
0
0
-2.7073
0
0
0
0
0
8.5733
0
-3.3036
0
0
0
-2.5624
0
0
0
0
0
0
0
0
0
0
0
0
-1.2411
0
0
0
0
0
0
0
0
0
0
0
4.6571
0
-1.3771
-2.039
0
0
0
0
0
0
0
-1.753
-1.7142
0
0
0
0
0
0
0
0
0
0
0
0
0
0
0
0
-3.3036
0
6.7708
0
0
0
0
0
0
0
0
0
0
0
0
0
0
0
0
0
0
0
0
0
0
0
0
0
0
0
0
-1.3771
0
3.9312
0
0
0
-2.5542
0
0
0
0
0
0
0
0
0
0
0
0
0
0
0
0
0
-3.0456
0
0
0
0
0
-2.039
0
0
5.0846
0
0
0
0
0
0
0
0
0
-2.4387
0
0
0
0
0
0
0
0
0
0
0
0
-2.4678
0
0
0
0
0
0
0
4.9065
0
0
0
0
0
0
0
0
0
0
0
0
0
0
0
0
0
0
-1.6685
0
0
0
0
0
-2.5624
0
0
0
0
0
4.2309
0
0
0
0
0
0
0
0
0
0
0
0
0
0
-2.5845
0
0
0
0
0
0
0
0
0
0
0
-2.5542
0
0
0
5.1387
0
0
0
0
-8.1967
0
0
0
0
0
0
0
0
0
0
0
0
0
0
0
0
0
0
0
0
0
0
0
0
0
8.1967
0
0
0
0
0
0
0
-7.2502
0
0
0
0
0
0
0
0
0
0
0
0
0
0
0
0
0
0
0
0
0
0
7.2502
0
0
0
0
0
0
0
0
0
0
0
0
0
0
0
0
0
0
0
-0.15561
0
0
0
0
0
0
0
0
0
0
0.15561
0
0
0
0
0
0
0
0
0
0
0
0
0
0
0
0
-2.5579
0
0
0
0
0
0
0
0
0
0
0
0
0
2.5579
