36.0572
-0.67832
-0.67832
-0.67348
-0.67832
-0.61439
-0.62298
-0.59078
-0.59561
-0.68317
-0.6961
-0.67064
-0.67064
-0.61269
-0.6188
-0.61269
-0.66705
-0.55071
-0.99523
0
0
0
-12.0736
0
0
0
0
0
0
-12.0736
-0.67832
11.1923
-0.66337
-0.74949
-0.66337
-0.62566
-0.64549
-0.60291
-0.59981
-0.72406
-0.70367
-0.67533
-0.67533
-0.61691
-0.6414
-0.61691
-0.69288
-0.61736
0
0
0
0
0
0
0
0
0
0
0
0
-0.67832
-0.66337
11.1923
-0.74949
-0.66337
-0.62566
-0.64549
-0.60291
-0.59981
-0.72406
-0.70367
-0.67533
-0.67533
-0.61691
-0.6414
-0.61691
-0.69288
-0.61736
0
0
0
0
0
0
0
0
0
0
0
0
-0.67348
-0.74949
-0.74949
20.3289
-0.74949
-0.63553
-0.6516
-0.60936
-0.6135
-0.71767
-0.71323
-0.6891
-0.6891
-0.62932
-0.66111
-0.62932
0
0
0
-0.25716
0
0
0
0
0
-9.911
0
0
0
0
-0.67832
-0.66337
-0.66337
-0.74949
11.1923
-0.62566
-0.64549
-0.60291
-0.59981
-0.72406
-0.70367
-0.67533
-0.67533
-0.61691
-0.6414
-0.61691
-0.69288
-0.61736
0
0
0
0
0
0
0
0
0
0
0
0
-0.61439
-0.62566
-0.62566
-0.63553
-0.62566
9.5769
-0.5751
-0.53165
-0.53456
-0.63623
-0.61886
-0.59761
-0.59761
-0.54664
-0.57093
-0.54664
0
0
0
0
-0.69418
0
0
0
0
0
0
0
0
0
-0.62298
-0.64549
-0.64549
-0.6516
-0.64549
-0.5751
18.5722
-0.55357
-0.55427
-0.652
-0.64843
-0.62209
-0.62209
-0.56882
-0.58609
-0.56882
0
0
0
0
0
0
0
0
0
0
0
-9.4098
0
0
-0.59078
-0.60291
-0.60291
-0.60936
-0.60291
-0.53165
-0.55357
8.8004
-0.52313
-0.60197
-0.58404
-0.56965
-0.56965
-0.52124
0
-0.52124
0
0
-0.81534
0
0
0
0
0
0
0
0
0
0
0
-0.59561
-0.59981
-0.59981
-0.6135
-0.59981
-0.53456
-0.55427
-0.52313
8.6003
-0.61523
-0.59896
-0.57782
-0.57782
-0.52867
-0.55257
-0.52867
0
0
0
0
0
0
0
0
0
0
0
0
0
0
-0.68317
-0.72406
-0.72406
-0.71767
-0.72406
-0.63623
-0.652
-0.60197
-0.61523
13.4458
0
0
0
0
0
0
0
0
0
0
-0.78542
0
0
-6.582
0
0
0
0
0
0
-0.6961
-0.70367
-0.70367
-0.71323
-0.70367
-0.61886
-0.64843
-0.58404
-0.59896
0
6.9191
0
0
0
0
0
0
0
-0.9485
0
0
0
0
0
0
0
0
0
0
0
-0.67064
-0.67533
-0.67533
-0.6891
-0.67533
-0.59761
-0.62209
-0.56965
-0.57782
0
0
6.5055
-0.75257
0
0
0
0
0
0
0
0
0
0
0
0
0
0
0
0
0
-0.67064
-0.67533
-0.67533
-0.6891
-0.67533
-0.59761
-0.62209
-0.56965
-0.57782
0
0
-0.75257
6.5055
0
0
0
0
0
0
0
0
0
0
0
0
0
0
0
0
0
-0.61269
-0.61691
-0.61691
-0.62932
-0.61691
-0.54664
-0.56882
-0.52124
-0.52867
0
0
0
0
5.2581
0
0
0
0
0
0
0
0
0
0
0
0
0
0
0
0
-0.6188
-0.6414
-0.6414
-0.66111
-0.6414
-0.57093
-0.58609
0
-0.55257
0
0
0
0
0
5.201
0
0
0
0
-0.28733
0
0
0
0
0
0
0
0
0
0
-0.61269
-0.61691
-0.61691
-0.62932
-0.61691
-0.54664
-0.56882
-0.52124
-0.52867
0
0
0
0
0
0
5.2581
0
0
0
0
0
0
0
0
0
0
0
0
0
0
-0.66705
-0.69288
-0.69288
0
-0.69288
0
0
0
0
0
0
0
0
0
0
0
3.8264
0
-0.86269
0
0
-0.21799
0
0
0
0
0
0
0
0
-0.55071
-0.61736
-0.61736
0
-0.61736
0
0
0
0
0
0
0
0
0
0
0
0
2.5894
0
0
0
0
0
0
0
0
-0.18659
0
0
0
-0.99523
0
0
0
0
0
0
-0.81534
0
0
-0.9485
0
0
0
0
0
-0.86269
0
3.6218
0
0
0
0
0
0
0
0
0
0
0
0
0
0
-0.25716
0
0
0
0
0
0
0
0
0
0
-0.28733
0
0
0
0
0.64898
0
0
0
0
0
0
0
0
-0.1045
0
0
0
0
0
0
-0.69418
0
0
0
-0.78542
0
0
0
0
0
0
0
0
0
0
2.32
-0.84042
0
0
0
0
0
0
0
0
0
0
0
0
0
0
0
0
0
0
0
0
0
0
0
0
-0.21799
0
0
0
-0.84042
1.5525
0
0
-0.49409
0
0
0
0
0
-12.0736
0
0
0
0
0
0
0
0
0
0
0
0
0
0
0
0
0
0
0
0
0
12.0736
0
0
0
0
0
0
0
0
0
0
0
0
0
0
0
0
-6.582
0
0
0
0
0
0
0
0
0
0
0
0
0
6.582
0
0
0
0
0
0
0
0
0
0
0
0
0
0
0
0
0
0
0
0
0
0
0
0
0
0
0
-0.49409
0
0
0.49409
0
0
0
0
0
0
0
0
-9.911
0
0
0
0
0
0
0
0
0
0
0
0
0
0
0
0
0
0
0
0
0
9.911
0
0
0
0
0
0
0
0
0
0
0
0
0
0
0
0
0
0
0
0
0
-0.18659
0
0
0
0
0
0
0
0
0.18659
0
0
0
0
0
0
0
0
0
-9.4098
0
0
0
0
0
0
0
0
0
0
0
0
0
0
0
0
0
0
0
0
9.4098
0
0
0
0
0
0
0
0
0
0
0
0
0
0
0
0
0
0
0
0
0
-0.1045
0
0
0
0
0
0
0
0
0.1045
0
-12.0736
0
0
0
0
0
0
0
0
0
0
0
0
0
0
0
0
0
0
0
0
0
0
0
0
0
0
0
0
12.0736
