11.0033
-0.72311
-0.71877
-0.68535
-0.67674
-0.68535
-0.70333
-0.68125
-0.69233
-0.68334
-0.70712
-0.67781
-0.6973
-0.71129
-0.66794
-0.66794
0
-0.62431
0
0
0
0
0
0
0
0
0
0
0
0
-0.72311
17.808
-0.76421
-0.70821
-0.70707
-0.70821
-0.73216
-0.71821
-0.71212
-0.70201
-0.73404
-0.69536
-0.71684
-0.73934
0
0
0
0
-0.82402
0
0
0
0
0
0
0
0
0
0
-7.6231
-0.71877
-0.76421
17.4977
-0.70618
-0.70584
-0.70618
-0.73151
-0.70711
-0.71179
-0.70049
-0.73436
-0.69511
-0.717
-0.73988
0
0
-0.65152
0
0
0
0
0
0
0
0
-7.5078
0
0
0
0
-0.68535
-0.70821
-0.70618
9.4333
-0.6634
-0.66804
-0.68084
-0.66543
-0.66299
-0.65385
-0.67293
-0.6489
-0.66506
-0.67845
0
-0.6737
0
0
0
0
0
0
0
0
0
0
0
0
0
0
-0.67674
-0.70707
-0.70584
-0.6634
9.3519
-0.6634
-0.67974
-0.66469
-0.66221
-0.64996
-0.67189
-0.64816
-0.66488
-0.67779
0
0
-0.61615
0
0
0
0
0
0
0
0
0
0
0
0
0
-0.68535
-0.70821
-0.70618
-0.66804
-0.6634
9.4333
-0.68084
-0.66543
-0.66299
-0.65385
-0.67293
-0.6489
-0.66506
-0.67845
-0.6737
0
0
0
0
0
0
0
0
0
0
0
0
0
0
0
-0.70333
-0.73216
-0.73151
-0.68084
-0.67974
-0.68084
16.0938
-0.68047
-0.67455
-0.66603
-0.69007
-0.65963
-0.67581
-0.69566
0
0
0
0
0
0
0
0
0
-7.1431
0
0
0
0
0
0
-0.68125
-0.71821
-0.70711
-0.66543
-0.66469
-0.66543
-0.68047
9.515
-0.66248
-0.65149
-0.6718
-0.64837
-0.66467
-0.67755
0
0
0
0
0
-0.75609
0
0
0
0
0
0
0
0
0
0
-0.69233
-0.71212
-0.71179
-0.66299
-0.66221
-0.66299
-0.67455
-0.66248
8.1389
-0.67277
-0.69093
-0.64971
-0.68409
0
0
0
0
0
0
0
0
0
0
0
0
0
0
0
0
0
-0.68334
-0.70201
-0.70049
-0.65385
-0.64996
-0.65385
-0.66603
-0.65149
-0.67277
7.9869
-0.68379
-0.63999
0
0
0
0
0
-0.62937
0
0
0
0
0
0
0
0
0
0
0
0
-0.70712
-0.73404
-0.73436
-0.67293
-0.67189
-0.67293
-0.69007
-0.6718
-0.69093
-0.68379
14.1118
-0.65521
0
0
0
0
0
0
0
0
0
0
0
0
0
0
-6.5267
0
0
0
-0.67781
-0.69536
-0.69511
-0.6489
-0.64816
-0.6489
-0.65963
-0.64837
-0.64971
-0.63999
-0.65521
7.2672
0
0
0
0
0
0
0
0
0
0
0
0
0
0
0
0
0
0
-0.6973
-0.71684
-0.717
-0.66506
-0.66488
-0.66506
-0.67581
-0.66467
-0.68409
0
0
0
6.1507
0
0
0
0
0
0
0
0
0
0
0
0
0
0
0
0
0
-0.71129
-0.73934
-0.73988
-0.67845
-0.67779
-0.67845
-0.69566
-0.67755
0
0
0
0
0
11.068
0
0
0
0
0
0
0
0
0
0
0
0
0
-5.4695
0
0
-0.66794
0
0
0
0
-0.6737
0
0
0
0
0
0
0
0
2.0302
0
0
0
0
0
0
0
0
0
-0.68859
0
0
0
0
0
-0.66794
0
0
-0.6737
0
0
0
0
0
0
0
0
0
0
0
2.0302
0
0
0
0
0
0
-0.68859
0
0
0
0
0
0
0
0
0
-0.65152
0
-0.61615
0
0
0
0
0
0
0
0
0
0
0
1.8199
0
0
0
0
0
0
0
0
0
0
0
-0.55225
0
-0.62431
0
0
0
0
0
0
0
0
-0.62937
0
0
0
0
0
0
0
1.8562
0
0
0
-0.60252
0
0
0
0
0
0
0
0
0
-0.82402
0
0
0
0
0
0
0
0
0
0
0
0
0
0
0
0
2.584
0
-1.7599
0
0
0
0
0
0
0
0
0
0
0
0
0
0
0
0
-0.75609
0
0
0
0
0
0
0
0
0
0
0
2.5067
-1.7506
0
0
0
0
0
0
0
0
0
0
0
0
0
0
0
0
0
0
0
0
0
0
0
0
0
0
0
-1.7599
-1.7506
3.5106
0
0
0
0
0
0
0
0
0
0
0
0
0
0
0
0
0
0
0
0
0
0
0
0
0
0
-0.60252
0
0
0
0.60252
0
0
0
0
0
0
0
0
0
0
0
0
0
0
0
0
0
0
0
0
0
0
0
-0.68859
0
0
0
0
0
0
0.68859
0
0
0
0
0
0
0
0
0
0
0
0
0
-7.1431
0
0
0
0
0
0
0
0
0
0
0
0
0
0
0
0
7.1431
0
0
0
0
0
0
0
0
0
0
0
0
0
0
0
0
0
0
0
0
-0.68859
0
0
0
0
0
0
0
0
0
0.68859
0
0
0
0
0
0
0
-7.5078
0
0
0
0
0
0
0
0
0
0
0
0
0
0
0
0
0
0
0
0
0
0
7.5078
0
0
0
0
0
0
0
0
0
0
0
0
0
0
-6.5267
0
0
0
0
0
0
0
0
0
0
0
0
0
0
0
6.5267
0
0
0
0
0
0
0
0
0
0
0
0
0
0
0
0
-5.4695
0
0
0
0
0
0
0
0
0
0
0
0
0
5.4695
0
0
0
0
0
0
0
0
0
0
0
0
0
0
0
0
0
0
-0.55225
0
0
0
0
0
0
0
0
0
0
0
0.55225
0
0
-7.6231
0
0
0
0
0
0
0
0
0
0
0
0
0
0
0
0
0
0
0
0
0
0
0
0
0
0
0
7.6231
