20.0075
-0.87788
-0.90949
-0.9668
-0.9668
-0.89837
-0.89487
-0.89487
-0.91335
-0.92779
-0.79165
-0.79165
-0.79165
-0.76403
-0.81444
-0.81444
-0.85052
-0.91074
-0.85969
-0.8457
-0.85193
-2.6709
0
0
0
0
0
0
0
0
-0.87788
19.0178
-0.9029
-0.95942
-0.95942
-0.88883
-0.88712
-0.88712
-0.90409
-0.91764
-0.78348
-0.78348
-0.78348
-0.75594
-0.80577
-0.80577
-0.84156
-0.90349
-0.84857
0
-0.84436
-2.6775
0
0
0
0
0
0
0
0
-0.90949
-0.9029
18.7832
-0.99926
-0.99926
-0.92442
-0.92166
-0.92166
-0.94379
-0.95685
-0.81201
-0.81201
-0.81201
-0.78289
-0.83471
-0.83471
-0.87214
-0.94484
-0.88226
0
0
-2.7164
0
0
0
0
0
0
0
0
-0.9668
-0.95942
-0.99926
16.8941
-1.0443
-0.98236
-0.96742
-0.96742
-0.99949
-1.0241
-0.85078
-0.85078
-0.85078
-0.81981
-0.87443
-0.87443
-0.91548
-1.0007
-0.94634
0
0
0
0
0
0
0
0
0
0
0
-0.9668
-0.95942
-0.99926
-1.0443
16.8941
-0.98236
-0.96742
-0.96742
-0.99949
-1.0241
-0.85078
-0.85078
-0.85078
-0.81981
-0.87443
-0.87443
-0.91548
-1.0007
-0.94634
0
0
0
0
0
0
0
0
0
0
0
-0.89837
-0.88883
-0.92442
-0.98236
-0.98236
14.7713
-0.90566
-0.90566
-0.91577
-0.98898
-0.7735
-0.7735
-0.7735
-0.74836
-0.79763
-0.79763
-0.84206
0
0
-0.87271
0
0
0
0
0
0
0
0
0
0
-0.89487
-0.88712
-0.92166
-0.96742
-0.96742
-0.90566
14.7286
-0.84969
-0.92005
-0.97633
-0.77517
-0.77517
-0.77517
-0.74982
-0.79919
-0.79919
-0.84198
-0.92271
0
0
0
0
0
0
0
0
0
0
0
0
-0.89487
-0.88712
-0.92166
-0.96742
-0.96742
-0.90566
-0.84969
14.7286
-0.92005
-0.97633
-0.77517
-0.77517
-0.77517
-0.74982
-0.79919
-0.79919
-0.84198
-0.92271
0
0
0
0
0
0
0
0
0
0
0
0
-0.91335
-0.90409
-0.94379
-0.99949
-0.99949
-0.91577
-0.92005
-0.92005
22.5921
-0.99667
-0.79143
-0.79143
-0.79143
-0.76547
-0.81599
-0.81599
-0.86212
0
0
0
0
0
0
0
0
0
0
-8.4455
0
0
-0.92779
-0.91764
-0.95685
-1.0241
-1.0241
-0.98898
-0.97633
-0.97633
-0.99667
23.2109
-0.83096
-0.83096
-0.83096
-0.75408
-0.80377
-0.80377
0
0
0
0
0
0
-0.91863
0
0
0
0
0
-8.649
0
-0.79165
-0.78348
-0.81201
-0.85078
-0.85078
-0.7735
-0.77517
-0.77517
-0.79143
-0.83096
12.1259
-0.6774
-0.6774
-0.64338
-0.6853
-0.6853
-0.72216
0
0
0
0
0
0
0
0
0
0
0
0
0
-0.79165
-0.78348
-0.81201
-0.85078
-0.85078
-0.7735
-0.77517
-0.77517
-0.79143
-0.83096
-0.6774
12.1259
-0.6774
-0.64338
-0.6853
-0.6853
-0.72216
0
0
0
0
0
0
0
0
0
0
0
0
0
-0.79165
-0.78348
-0.81201
-0.85078
-0.85078
-0.7735
-0.77517
-0.77517
-0.79143
-0.83096
-0.6774
-0.6774
12.1259
-0.64338
-0.6853
-0.6853
-0.72216
0
0
0
0
0
0
0
0
0
0
0
0
0
-0.76403
-0.75594
-0.78289
-0.81981
-0.81981
-0.74836
-0.74982
-0.74982
-0.76547
-0.75408
-0.64338
-0.64338
-0.64338
10.9528
-0.65634
-0.65634
0
0
0
0
0
0
0
0
0
0
0
0
0
0
-0.81444
-0.80577
-0.83471
-0.87443
-0.87443
-0.79763
-0.79919
-0.79919
-0.81599
-0.80377
-0.6853
-0.6853
-0.6853
-0.65634
10.9318
0
0
0
0
0
0
0
0
0
0
0
0
0
0
0
-0.81444
-0.80577
-0.83471
-0.87443
-0.87443
-0.79763
-0.79919
-0.79919
-0.81599
-0.80377
-0.6853
-0.6853
-0.6853
-0.65634
0
10.9318
0
0
0
0
0
0
0
0
0
0
0
0
0
0
-0.85052
-0.84156
-0.87214
-0.91548
-0.91548
-0.84206
-0.84198
-0.84198
-0.86212
0
-0.72216
-0.72216
-0.72216
0
0
0
9.9498
0
0
0
0
0
0
0
0
0
0
0
0
0
-0.91074
-0.90349
-0.94484
-1.0007
-1.0007
0
-0.92271
-0.92271
0
0
0
0
0
0
0
0
0
11.2424
0
-0.84617
0
0
0
0
0
0
-3.7902
0
0
0
-0.85969
-0.84857
-0.88226
-0.94634
-0.94634
0
0
0
0
0
0
0
0
0
0
0
0
0
6.276
0
0
0
-0.89661
0
0
0
0
0
0
-0.89615
-0.8457
0
0
0
0
-0.87271
0
0
0
0
0
0
0
0
0
0
0
-0.84617
0
4.5072
0
0
-1.1067
-0.83597
0
0
0
0
0
0
-0.85193
-0.84436
0
0
0
0
0
0
0
0
0
0
0
0
0
0
0
0
0
0
3.1303
0
0
-0.7173
-0.71669
0
0
0
0
0
-2.6709
-2.6775
-2.7164
0
0
0
0
0
0
0
0
0
0
0
0
0
0
0
0
0
0
8.0647
0
0
0
0
0
0
0
0
0
0
0
0
0
0
0
0
0
-0.91863
0
0
0
0
0
0
0
0
-0.89661
-1.1067
0
0
2.9219
0
0
0
0
0
0
0
0
0
0
0
0
0
0
0
0
0
0
0
0
0
0
0
0
0
0
-0.83597
-0.7173
0
0
3.274
0
-1.7208
0
0
0
0
0
0
0
0
0
0
0
0
0
0
0
0
0
0
0
0
0
0
0
0
-0.71669
0
0
0
1.5132
-0.79656
0
0
0
0
0
0
0
0
0
0
0
0
0
0
0
0
0
0
0
0
0
0
0
0
0
0
0
-1.7208
-0.79656
2.5173
0
0
0
0
0
0
0
0
0
0
0
0
0
0
0
0
0
0
0
0
0
-3.7902
0
0
0
0
0
0
0
0
3.7902
0
0
0
0
0
0
0
0
0
0
0
-8.4455
0
0
0
0
0
0
0
0
0
0
0
0
0
0
0
0
0
0
8.4455
0
0
0
0
0
0
0
0
0
0
0
-8.649
0
0
0
0
0
0
0
0
0
0
0
0
0
0
0
0
0
0
8.649
0
0
0
0
0
0
0
0
0
0
0
0
0
0
0
0
0
0
0
-0.89615
0
0
0
0
0
0
0
0
0
0
0.89615
