35.8198
-0.19992
-0.21716
-0.20785
-0.20952
-0.2115
-0.18591
-0.20852
-0.19985
-0.20221
-0.19985
-0.2016
-0.20656
0
-0.29334
-1.3903
0
-10.5619
0
0
0
0
0
0
0
0
-10.5619
0
-10.5619
0
-0.19992
17.1167
-0.23663
-0.22477
-0.22394
-0.22586
-0.20177
-0.22273
-0.21595
-0.21562
-0.21595
-0.21805
-0.21775
0
0
0
0
0
0
-7.2489
0
0
0
0
-7.2489
0
0
0
0
0
-0.21716
-0.23663
7.0616
-0.2378
-0.23126
-0.23635
-0.21607
-0.23252
-0.22823
-0.22485
-0.22823
-0.23009
-0.22595
0
-0.30298
0
0
0
0
0
0
0
0
0
0
0
0
0
0
-4.0135
-0.20785
-0.22477
-0.2378
5.9274
-0.22208
-0.22368
-0.20714
-0.22308
-0.21854
-0.21563
-0.21854
-0.22015
-0.2165
0
0
0
0
0
0
0
0
0
0
-3.2916
0
0
0
0
0
0
-0.20952
-0.22394
-0.23126
-0.22208
2.89
-0.22137
-0.20727
-0.22058
-0.21583
-0.21334
-0.21583
-0.21689
-0.21481
0
-0.2773
0
0
0
0
0
0
0
0
0
0
0
0
0
0
0
-0.2115
-0.22586
-0.23635
-0.22368
-0.22137
4.3795
-0.20897
-0.22245
-0.21747
-0.21499
-0.21747
-0.21848
-0.21745
0
0
0
-1.7434
0
0
0
0
0
0
0
0
0
0
0
0
0
-0.18591
-0.20177
-0.21607
-0.20714
-0.20727
-0.20897
14.0708
-0.2071
-0.19956
-0.20067
-0.19956
0
0
0
0
0
0
0
0
0
0
-6.0184
0
0
0
0
0
-6.0184
0
0
-0.20852
-0.22273
-0.23252
-0.22308
-0.22058
-0.22245
-0.2071
2.6088
-0.2149
-0.21183
-0.2149
-0.21605
-0.21409
0
0
0
0
0
0
0
0
0
0
0
0
0
0
0
0
0
-0.19985
-0.21595
-0.22823
-0.21854
-0.21583
-0.21747
-0.19956
-0.2149
2.7794
-0.20526
-0.20229
0
0
0
0
0
0
0
0
0
0
0
-0.66153
0
0
0
0
0
0
0
-0.20221
-0.21562
-0.22485
-0.21563
-0.21334
-0.21499
-0.20067
-0.21183
-0.20526
2.317
-0.20526
-0.20739
0
0
0
0
0
0
0
0
0
0
0
0
0
0
0
0
0
0
-0.19985
-0.21595
-0.22823
-0.21854
-0.21583
-0.21747
-0.19956
-0.2149
-0.20229
-0.20526
2.7794
0
0
0
0
0
0
0
0
0
0
0
0
0
0
-0.66153
0
0
0
0
-0.2016
-0.21805
-0.23009
-0.22015
-0.21689
-0.21848
0
-0.21605
0
-0.20739
0
1.8332
0
0
0
0
0
0
0
0
-0.1045
0
0
0
0
0
0
0
0
0
-0.20656
-0.21775
-0.22595
-0.2165
-0.21481
-0.21745
0
-0.21409
0
0
0
0
1.6479
-0.13483
0
0
0
0
0
0
0
0
0
0
0
0
0
0
0
0
0
0
0
0
0
0
0
0
0
0
0
0
-0.13483
4.9715
0
-1.1563
-1.6795
0
-2.0009
0
0
0
0
0
0
0
0
0
0
0
-0.29334
0
-0.30298
0
-0.2773
0
0
0
0
0
0
0
0
0
0.87362
0
0
0
0
0
0
0
0
0
0
0
0
0
0
0
-1.3903
0
0
0
0
0
0
0
0
0
0
0
0
-1.1563
0
2.5466
0
0
0
0
0
0
0
0
0
0
0
0
0
0
0
0
0
0
0
-1.7434
0
0
0
0
0
0
0
-1.6795
0
0
3.423
0
0
0
0
0
0
0
0
0
0
0
0
0
-10.5619
0
0
0
0
0
0
0
0
0
0
0
0
0
0
0
0
10.5619
0
0
0
0
0
0
0
0
0
0
0
0
0
0
0
0
0
0
0
0
0
0
0
0
0
-2.0009
0
0
0
0
2.0009
0
0
0
0
0
0
0
0
0
0
0
0
-7.2489
0
0
0
0
0
0
0
0
0
0
0
0
0
0
0
0
0
7.2489
0
0
0
0
0
0
0
0
0
0
0
0
0
0
0
0
0
0
0
0
0
-0.1045
0
0
0
0
0
0
0
0
0.1045
0
0
0
0
0
0
0
0
0
0
0
0
0
0
0
-6.0184
0
0
0
0
0
0
0
0
0
0
0
0
0
0
6.0184
0
0
0
0
0
0
0
0
0
0
0
0
0
0
0
0
-0.66153
0
0
0
0
0
0
0
0
0
0
0
0
0
0.66153
0
0
0
0
0
0
0
0
0
0
-3.2916
0
0
0
0
0
0
0
0
0
0
0
0
0
0
0
0
0
0
0
3.2916
0
0
0
0
0
0
0
-7.2489
0
0
0
0
0
0
0
0
0
0
0
0
0
0
0
0
0
0
0
0
0
0
7.2489
0
0
0
0
0
0
0
0
0
0
0
0
0
0
0
-0.66153
0
0
0
0
0
0
0
0
0
0
0
0
0
0
0.66153
0
0
0
0
-10.5619
0
0
0
0
0
0
0
0
0
0
0
0
0
0
0
0
0
0
0
0
0
0
0
0
0
10.5619
0
0
0
0
0
0
0
0
0
-6.0184
0
0
0
0
0
0
0
0
0
0
0
0
0
0
0
0
0
0
0
0
6.0184
0
0
-10.5619
0
0
0
0
0
0
0
0
0
0
0
0
0
0
0
0
0
0
0
0
0
0
0
0
0
0
0
10.5619
0
0
0
-4.0135
0
0
0
0
0
0
0
0
0
0
0
0
0
0
0
0
0
0
0
0
0
0
0
0
0
0
4.0135
