27.2319
-1.063
-0.9281
-0.93259
-0.93259
-0.95182
-0.9374
-0.9374
-0.9685
-0.77718
-0.77718
-0.82768
-0.8563
-0.85979
-0.85979
-0.89222
-0.87468
-0.8406
0
0
0
-1.3584
0
0
0
0
0
-10.6566
0
0
-1.063
25.9679
-0.93046
-0.92619
-0.92619
-0.94804
-0.9417
-0.9417
-0.95934
-0.77044
-0.77044
-0.82036
-0.84864
-0.85209
-0.85209
-0.88412
-0.8668
-0.83313
0
-0.1686
0
0
0
-10.6646
0
0
0
0
0
0
-0.9281
-0.93046
14.318
-0.80588
-0.80588
-0.81228
-0.81071
-0.81071
-0.83149
-0.65558
-0.65558
-0.69613
-0.71896
-0.72174
-0.72174
-0.74745
-0.73357
-0.70645
0
0
0
-1.2253
0
0
0
0
0
0
0
0
-0.93259
-0.92619
-0.80588
14.2253
-0.75449
-0.81317
-0.81142
-0.81142
-0.83246
-0.65354
-0.65354
-0.69394
-0.71667
-0.71944
-0.71944
-0.74505
-0.73122
-0.70422
0
0
-1.2007
0
0
0
0
0
0
0
0
0
-0.93259
-0.92619
-0.80588
-0.75449
14.2253
-0.81317
-0.81142
-0.81142
-0.83246
-0.65354
-0.65354
-0.69394
-0.71667
-0.71944
-0.71944
-0.74505
-0.73122
-0.70422
0
0
-1.2007
0
0
0
0
0
0
0
0
0
-0.95182
-0.94804
-0.81228
-0.81317
-0.81317
15.513
-0.81785
-0.81785
-0.83809
-0.65648
-0.65648
-0.69711
-0.71997
-0.72275
-0.72275
-0.74852
-0.73461
-0.70744
0
0
0
0
-2.3346
0
0
0
0
0
0
0
-0.9374
-0.9417
-0.81071
-0.81142
-0.81142
-0.81785
13.9077
-0.75449
-0.83514
-0.65491
-0.65491
-0.69541
-0.71821
-0.72098
-0.72098
-0.74666
-0.73279
-0.70572
-0.83698
0
0
0
0
0
0
0
0
0
0
0
-0.9374
-0.9417
-0.81071
-0.81142
-0.81142
-0.81785
-0.75449
13.9077
-0.83514
-0.65491
-0.65491
-0.69541
-0.71821
-0.72098
-0.72098
-0.74666
-0.73279
-0.70572
-0.83698
0
0
0
0
0
0
0
0
0
0
0
-0.9685
-0.95934
-0.83149
-0.83246
-0.83246
-0.83809
-0.83514
-0.83514
23.8864
-0.67196
-0.67196
-0.71379
-0.73736
-0.74022
-0.74022
-0.76679
-0.75244
-0.72444
0
0
0
0
0
0
0
0
0
0
0
-10.4346
-0.77718
-0.77044
-0.65558
-0.65354
-0.65354
-0.65648
-0.65491
-0.65491
-0.67196
10.9998
-0.55936
-0.59284
-0.61159
-0.61386
-0.61386
-0.63489
-0.62354
-0.60132
0
0
0
0
0
0
0
0
0
0
0
0
-0.77718
-0.77044
-0.65558
-0.65354
-0.65354
-0.65648
-0.65491
-0.65491
-0.67196
-0.55936
10.9998
-0.59284
-0.61159
-0.61386
-0.61386
-0.63489
-0.62354
-0.60132
0
0
0
0
0
0
0
0
0
0
0
0
-0.82768
-0.82036
-0.69613
-0.69394
-0.69394
-0.69711
-0.69541
-0.69541
-0.71379
-0.59284
-0.59284
11.0692
-0.6612
-0.6637
-0.6637
-0.68683
-0.67435
0
0
0
0
0
0
0
0
0
0
0
0
0
-0.8563
-0.84864
-0.71896
-0.71667
-0.71667
-0.71997
-0.71821
-0.71821
-0.73736
-0.61159
-0.61159
-0.6612
10.7418
-0.69398
-0.69398
-0.71844
0
0
0
0
0
0
0
0
0
0
0
0
0
0
-0.85979
-0.85209
-0.72174
-0.71944
-0.71944
-0.72275
-0.72098
-0.72098
-0.74022
-0.61386
-0.61386
-0.6637
-0.69398
10.0385
-0.67564
0
0
0
0
0
0
0
0
0
0
0
0
0
0
0
-0.85979
-0.85209
-0.72174
-0.71944
-0.71944
-0.72275
-0.72098
-0.72098
-0.74022
-0.61386
-0.61386
-0.6637
-0.69398
-0.67564
10.0385
0
0
0
0
0
0
0
0
0
0
0
0
0
0
0
-0.89222
-0.88412
-0.74745
-0.74505
-0.74505
-0.74852
-0.74666
-0.74666
-0.76679
-0.63489
-0.63489
-0.68683
-0.71844
0
0
9.6976
0
0
0
0
0
0
0
0
0
0
0
0
0
0
-0.87468
-0.8668
-0.73357
-0.73122
-0.73122
-0.73461
-0.73279
-0.73279
-0.75244
-0.62354
-0.62354
-0.67435
0
0
0
0
8.8116
0
0
0
0
0
0
0
0
0
0
0
0
0
-0.8406
-0.83313
-0.70645
-0.70422
-0.70422
-0.70744
-0.70572
-0.70572
-0.72444
-0.60132
-0.60132
0
0
0
0
0
0
7.8346
0
0
0
0
0
0
0
0
0
0
0
0
0
0
0
0
0
0
-0.83698
-0.83698
0
0
0
0
0
0
0
0
0
0
8.4683
-0.81973
0
0
-1.6791
0
0
0
-4.2955
0
0
0
0
-0.1686
0
0
0
0
0
0
0
0
0
0
0
0
0
0
0
0
-0.81973
1.0928
0
0
0
0
0
-0.1045
0
0
0
0
0
0
0
-1.2007
-1.2007
0
0
0
0
0
0
0
0
0
0
0
0
0
0
0
4.382
0
0
0
0
0
0
0
-1.9807
0
-1.3584
0
-1.2253
0
0
0
0
0
0
0
0
0
0
0
0
0
0
0
0
0
0
4.538
0
0
-1.9543
0
0
0
0
0
0
0
0
0
0
-2.3346
0
0
0
0
0
0
0
0
0
0
0
0
-1.6791
0
0
0
4.0138
0
0
0
0
0
0
0
0
-10.6646
0
0
0
0
0
0
0
0
0
0
0
0
0
0
0
0
0
0
0
0
0
10.6646
0
0
0
0
0
0
0
0
0
0
0
0
0
0
0
0
0
0
0
0
0
0
0
0
0
0
0
-1.9543
0
0
1.9543
0
0
0
0
0
0
0
0
0
0
0
0
0
0
0
0
0
0
0
0
0
0
0
0
-0.1045
0
0
0
0
0
0.1045
0
0
0
0
0
0
0
0
0
0
0
0
0
0
0
0
0
0
0
0
0
0
-4.2955
0
0
0
0
0
0
0
4.2955
0
0
0
-10.6566
0
0
0
0
0
0
0
0
0
0
0
0
0
0
0
0
0
0
0
0
0
0
0
0
0
0
10.6566
0
0
0
0
0
0
0
0
0
0
0
0
0
0
0
0
0
0
0
0
0
0
-1.9807
0
0
0
0
0
0
0
1.9807
0
0
0
0
0
0
0
0
0
-10.4346
0
0
0
0
0
0
0
0
0
0
0
0
0
0
0
0
0
0
0
0
10.4346
