25.2571
-0.27313
-0.27334
-0.26452
-0.26388
-0.27978
-0.27978
-0.27978
-0.26189
-0.26189
-0.26655
-0.26655
-0.302
-0.20611
-0.26814
-0.26814
-0.16714
-1.4914
0
0
0
-9.7915
-9.7915
0
0
0
0
0
0
0
-0.27313
5.5186
-0.27403
-0.27199
-0.27288
-0.28424
-0.28424
-0.28424
-0.26374
-0.26374
-0.26848
-0.26848
-0.29814
-0.21032
-0.25936
-0.25936
-0.16978
-1.3124
0
0
0
0
0
0
0
0
0
0
0
0
-0.27334
-0.27403
10.6094
-0.26993
-0.27027
-0.28406
-0.28406
-0.28406
-0.26339
-0.26339
-0.26812
-0.26812
-0.29753
-0.20923
-0.26359
-0.26359
0
0
0
0
0
0
0
0
0
0
0
0
0
-6.5727
-0.26452
-0.27199
-0.26993
19.5488
-0.26313
-0.28046
-0.28046
-0.28046
-0.26224
-0.26224
-0.26691
-0.26691
-0.30689
0
0
0
0
0
0
0
0
0
0
-8.1363
-8.1363
0
0
0
0
0
-0.26388
-0.27288
-0.27027
-0.26313
18.4375
-0.2833
-0.2833
-0.2833
-0.2638
-0.2638
-0.26854
-0.26854
0
0
0
0
0
0
0
0
-7.7264
0
0
0
0
0
0
0
-7.7264
0
-0.27978
-0.28424
-0.28406
-0.28046
-0.2833
6.9892
-0.30005
-0.30005
-0.26955
-0.26955
-0.27455
-0.27455
0
0
0
0
0
0
0
0
0
0
0
0
0
-3.8891
0
0
0
0
-0.27978
-0.28424
-0.28406
-0.28046
-0.2833
-0.30005
6.9892
-0.30005
-0.26955
-0.26955
-0.27455
-0.27455
0
0
0
0
0
0
-3.8891
0
0
0
0
0
0
0
0
0
0
0
-0.27978
-0.28424
-0.28406
-0.28046
-0.2833
-0.30005
-0.30005
6.9892
-0.26955
-0.26955
-0.27455
-0.27455
0
0
0
0
0
0
0
0
0
0
0
0
0
0
-3.8891
0
0
0
-0.26189
-0.26374
-0.26339
-0.26224
-0.2638
-0.26955
-0.26955
-0.26955
2.8735
-0.24723
-0.25127
-0.25127
0
0
0
0
0
0
0
0
0
0
0
0
0
0
0
0
0
0
-0.26189
-0.26374
-0.26339
-0.26224
-0.2638
-0.26955
-0.26955
-0.26955
-0.24723
2.8735
-0.25127
-0.25127
0
0
0
0
0
0
0
0
0
0
0
0
0
0
0
0
0
0
-0.26655
-0.26848
-0.26812
-0.26691
-0.26854
-0.27455
-0.27455
-0.27455
-0.25127
-0.25127
2.6648
0
0
0
0
0
0
0
0
0
0
0
0
0
0
0
0
0
0
0
-0.26655
-0.26848
-0.26812
-0.26691
-0.26854
-0.27455
-0.27455
-0.27455
-0.25127
-0.25127
0
2.6648
0
0
0
0
0
0
0
0
0
0
0
0
0
0
0
0
0
0
-0.302
-0.29814
-0.29753
-0.30689
0
0
0
0
0
0
0
0
1.2046
0
0
0
0
0
0
0
0
0
0
0
0
0
0
0
0
0
-0.20611
-0.21032
-0.20923
0
0
0
0
0
0
0
0
0
0
0.73016
0
0
0
0
0
-0.1045
0
0
0
0
0
0
0
0
0
0
-0.26814
-0.25936
-0.26359
0
0
0
0
0
0
0
0
0
0
0
0.79109
0
0
0
0
0
0
0
0
0
0
0
0
0
0
0
-0.26814
-0.25936
-0.26359
0
0
0
0
0
0
0
0
0
0
0
0
0.79109
0
0
0
0
0
0
0
0
0
0
0
0
0
0
-0.16714
-0.16978
0
0
0
0
0
0
0
0
0
0
0
0
0
0
0.47386
0
0
0
0
0
0
0
0
0
0
-0.13694
0
0
-1.4914
-1.3124
0
0
0
0
0
0
0
0
0
0
0
0
0
0
0
2.8039
0
0
0
0
0
0
0
0
0
0
0
0
0
0
0
0
0
0
-3.8891
0
0
0
0
0
0
0
0
0
0
0
3.8891
0
0
0
0
0
0
0
0
0
0
0
0
0
0
0
0
0
0
0
0
0
0
0
0
-0.1045
0
0
0
0
0
0.1045
0
0
0
0
0
0
0
0
0
0
0
0
0
0
-7.7264
0
0
0
0
0
0
0
0
0
0
0
0
0
0
0
7.7264
0
0
0
0
0
0
0
0
0
-9.7915
0
0
0
0
0
0
0
0
0
0
0
0
0
0
0
0
0
0
0
0
9.7915
0
0
0
0
0
0
0
0
-9.7915
0
0
0
0
0
0
0
0
0
0
0
0
0
0
0
0
0
0
0
0
0
9.7915
0
0
0
0
0
0
0
0
0
0
-8.1363
0
0
0
0
0
0
0
0
0
0
0
0
0
0
0
0
0
0
0
8.1363
0
0
0
0
0
0
0
0
0
-8.1363
0
0
0
0
0
0
0
0
0
0
0
0
0
0
0
0
0
0
0
0
8.1363
0
0
0
0
0
0
0
0
0
0
-3.8891
0
0
0
0
0
0
0
0
0
0
0
0
0
0
0
0
0
0
0
3.8891
0
0
0
0
0
0
0
0
0
0
0
-3.8891
0
0
0
0
0
0
0
0
0
0
0
0
0
0
0
0
0
0
3.8891
0
0
0
0
0
0
0
0
0
0
0
0
0
0
0
0
0
0
0
-0.13694
0
0
0
0
0
0
0
0
0
0
0.13694
0
0
0
0
0
0
-7.7264
0
0
0
0
0
0
0
0
0
0
0
0
0
0
0
0
0
0
0
0
0
0
0
7.7264
0
0
0
-6.5727
0
0
0
0
0
0
0
0
0
0
0
0
0
0
0
0
0
0
0
0
0
0
0
0
0
0
6.5727
