12.1903
-0.6807
-0.66635
-0.64896
-0.62411
-0.64896
-0.56077
-0.56077
-0.66503
-0.63738
-0.63738
-0.82083
-0.82083
-0.82083
-0.52885
-0.52885
-0.52885
-0.99256
-0.13035
0
-0.68793
0
0
0
0
0
0
0
0
0
-0.6807
17.2543
-0.68354
-0.66355
-0.63558
-0.66355
-0.5706
-0.5706
-0.68002
-0.65046
-0.65046
-0.83431
-0.83431
-0.83431
-0.53955
-0.53955
-0.53955
-1.0193
0
0
0
0
-5.6643
0
0
0
0
0
0
0
-0.66635
-0.68354
12.0917
-0.65639
-0.62457
-0.65639
-0.5608
-0.5608
-0.66874
-0.63693
-0.63693
-0.83285
-0.83285
-0.83285
-0.52795
-0.52795
-0.52795
-0.99992
0
0
-0.65787
0
0
0
0
0
0
0
0
0
-0.64896
-0.66355
-0.65639
20.9798
-0.61997
-0.63957
-0.537
-0.537
-0.64202
-0.61413
-0.61413
-0.77971
-0.77971
-0.77971
-0.50898
-0.50898
-0.50898
0
0
0
0
0
0
0
-10.9411
0
0
0
0
0
-0.62411
-0.63558
-0.62457
-0.61997
10.7134
-0.61997
-0.51985
-0.51985
-0.62522
-0.59179
-0.59179
-0.77228
-0.77228
-0.77228
-0.48924
-0.48924
-0.48924
-0.95618
0
0
0
0
0
0
0
0
0
0
0
0
-0.64896
-0.66355
-0.65639
-0.63957
-0.61997
20.9798
-0.537
-0.537
-0.64202
-0.61413
-0.61413
-0.77971
-0.77971
-0.77971
-0.50898
-0.50898
-0.50898
0
0
0
0
0
0
0
0
0
0
-10.9411
0
0
-0.56077
-0.5706
-0.5608
-0.537
-0.51985
-0.537
8.6463
-0.45085
-0.54733
-0.52017
-0.52017
-0.67836
-0.67836
-0.67836
-0.42891
-0.42891
-0.42891
0
0
0
0
0
0
0
0
0
0
0
0
0
-0.56077
-0.5706
-0.5608
-0.537
-0.51985
-0.537
-0.45085
8.6463
-0.54733
-0.52017
-0.52017
-0.67836
-0.67836
-0.67836
-0.42891
-0.42891
-0.42891
0
0
0
0
0
0
0
0
0
0
0
0
0
-0.66503
-0.68002
-0.66874
-0.64202
-0.62522
-0.64202
-0.54733
-0.54733
6.8117
-0.65748
-0.65748
0
0
0
0
0
0
0
0
-0.47905
0
0
0
0
0
0
0
0
0
0
-0.63738
-0.65046
-0.63693
-0.61413
-0.59179
-0.61413
-0.52017
-0.52017
-0.65748
6.0028
-0.56018
0
0
0
0
0
0
0
0
0
0
0
0
0
0
0
0
0
0
0
-0.63738
-0.65046
-0.63693
-0.61413
-0.59179
-0.61413
-0.52017
-0.52017
-0.65748
-0.56018
6.0028
0
0
0
0
0
0
0
0
0
0
0
0
0
0
0
0
0
0
0
-0.82083
-0.83431
-0.83285
-0.77971
-0.77228
-0.77971
-0.67836
-0.67836
0
0
0
10.3362
0
0
0
0
0
0
0
0
0
0
0
0
0
0
0
0
-4.1598
0
-0.82083
-0.83431
-0.83285
-0.77971
-0.77228
-0.77971
-0.67836
-0.67836
0
0
0
0
10.3362
0
0
0
0
0
0
0
0
0
0
0
0
0
0
0
0
-4.1598
-0.82083
-0.83431
-0.83285
-0.77971
-0.77228
-0.77971
-0.67836
-0.67836
0
0
0
0
0
10.3362
0
0
0
0
0
0
0
0
0
0
0
-4.1598
0
0
0
0
-0.52885
-0.53955
-0.52795
-0.50898
-0.48924
-0.50898
-0.42891
-0.42891
0
0
0
0
0
0
3.9614
0
0
0
0
0
0
0
0
0
0
0
0
0
0
0
-0.52885
-0.53955
-0.52795
-0.50898
-0.48924
-0.50898
-0.42891
-0.42891
0
0
0
0
0
0
0
3.9614
0
0
0
0
0
0
0
0
0
0
0
0
0
0
-0.52885
-0.53955
-0.52795
-0.50898
-0.48924
-0.50898
-0.42891
-0.42891
0
0
0
0
0
0
0
0
3.9614
0
0
0
0
0
0
0
0
0
0
0
0
0
-0.99256
-1.0193
-0.99992
0
-0.95618
0
0
0
0
0
0
0
0
0
0
0
0
4.8573
0
-0.88931
0
0
0
0
0
0
0
0
0
0
-0.13035
0
0
0
0
0
0
0
0
0
0
0
0
0
0
0
0
0
10.5245
0
-0.36344
-6.0134
0
0
0
0
-4.0173
0
0
0
0
0
0
0
0
0
0
0
-0.47905
0
0
0
0
0
0
0
0
-0.88931
0
2.4332
0
0
0
-1.0648
0
0
0
0
0
0
-0.68793
0
-0.65787
0
0
0
0
0
0
0
0
0
0
0
0
0
0
0
-0.36344
0
1.7092
0
0
0
0
0
0
0
0
0
0
0
0
0
0
0
0
0
0
0
0
0
0
0
0
0
0
0
-6.0134
0
0
7.0847
-1.0713
0
0
0
0
0
0
0
0
-5.6643
0
0
0
0
0
0
0
0
0
0
0
0
0
0
0
0
0
0
0
-1.0713
6.7356
0
0
0
0
0
0
0
0
0
0
0
0
0
0
0
0
0
0
0
0
0
0
0
0
0
0
-1.0648
0
0
0
1.0648
0
0
0
0
0
0
0
0
0
-10.9411
0
0
0
0
0
0
0
0
0
0
0
0
0
0
0
0
0
0
0
0
10.9411
0
0
0
0
0
0
0
0
0
0
0
0
0
0
0
0
0
0
-4.1598
0
0
0
0
0
0
0
0
0
0
0
4.1598
0
0
0
0
0
0
0
0
0
0
0
0
0
0
0
0
0
0
0
0
0
0
-4.0173
0
0
0
0
0
0
0
4.0173
0
0
0
0
0
0
0
0
-10.9411
0
0
0
0
0
0
0
0
0
0
0
0
0
0
0
0
0
0
0
0
0
10.9411
0
0
0
0
0
0
0
0
0
0
0
0
0
-4.1598
0
0
0
0
0
0
0
0
0
0
0
0
0
0
0
0
4.1598
0
0
0
0
0
0
0
0
0
0
0
0
0
-4.1598
0
0
0
0
0
0
0
0
0
0
0
0
0
0
0
0
4.1598
