25.6721
-0.80434
-0.82437
-0.82437
-0.79162
-0.7715
-0.7715
-0.7715
-0.80853
-0.81422
-0.81422
-0.82158
-0.82158
-0.85876
-0.87183
-0.84957
-0.75834
-0.75834
-0.75834
-0.63552
0
-0.92142
-9.6207
0
0
0
0
0
0
0
-0.80434
15.2615
-0.78598
-0.78598
-0.75011
-0.73054
-0.73054
-0.73054
-0.7638
-0.76885
-0.76885
-0.77854
-0.77854
-0.81128
-0.81963
-0.80984
-0.71708
-0.71708
-0.71708
-0.61986
0
-0.87301
0
0
0
0
0
0
0
0
-0.82437
-0.78598
24.0168
-0.80116
-0.76483
-0.74566
-0.74566
-0.74566
-0.78039
-0.7859
-0.7859
-0.79192
-0.79192
-0.8239
-0.83995
-0.81816
-0.73334
-0.73334
-0.73334
-0.61626
0
0
0
0
0
0
0
0
0
-9.3692
-0.82437
-0.78598
-0.80116
24.0168
-0.76483
-0.74566
-0.74566
-0.74566
-0.78039
-0.7859
-0.7859
-0.79192
-0.79192
-0.8239
-0.83995
-0.81816
-0.73334
-0.73334
-0.73334
-0.61626
0
0
0
-9.3692
0
0
0
0
0
0
-0.79162
-0.75011
-0.76483
-0.76483
14.1384
-0.71814
-0.71814
-0.71814
-0.75063
-0.75568
-0.75568
-0.76455
-0.76455
-0.79424
-0.80494
-0.7951
-0.70546
-0.70546
-0.70546
-0.61079
0
0
0
0
0
0
0
0
0
0
-0.7715
-0.73054
-0.74566
-0.74566
-0.71814
13.1787
-0.69213
-0.69213
-0.73044
-0.73535
-0.73535
-0.74605
-0.74605
-0.77124
-0.78141
-0.77709
-0.68665
-0.68665
-0.68665
0
0
0
0
0
0
0
0
0
0
0
-0.7715
-0.73054
-0.74566
-0.74566
-0.71814
-0.69213
13.1787
-0.69213
-0.73044
-0.73535
-0.73535
-0.74605
-0.74605
-0.77124
-0.78141
-0.77709
-0.68665
-0.68665
-0.68665
0
0
0
0
0
0
0
0
0
0
0
-0.7715
-0.73054
-0.74566
-0.74566
-0.71814
-0.69213
-0.69213
13.1787
-0.73044
-0.73535
-0.73535
-0.74605
-0.74605
-0.77124
-0.78141
-0.77709
-0.68665
-0.68665
-0.68665
0
0
0
0
0
0
0
0
0
0
0
-0.80853
-0.7638
-0.78039
-0.78039
-0.75063
-0.73044
-0.73044
-0.73044
10.794
-0.76813
-0.76813
-0.77665
-0.77665
-0.80464
-0.82478
0
0
0
0
0
0
0
0
0
0
0
0
0
0
0
-0.81422
-0.76885
-0.7859
-0.7859
-0.75568
-0.73535
-0.73535
-0.73535
-0.76813
9.1806
-0.72337
-0.78624
-0.78624
0
0
0
0
0
0
0
0
0
0
0
0
0
0
0
0
0
-0.81422
-0.76885
-0.7859
-0.7859
-0.75568
-0.73535
-0.73535
-0.73535
-0.76813
-0.72337
9.1806
-0.78624
-0.78624
0
0
0
0
0
0
0
0
0
0
0
0
0
0
0
0
0
-0.82158
-0.77854
-0.79192
-0.79192
-0.76455
-0.74605
-0.74605
-0.74605
-0.77665
-0.78624
-0.78624
13.6413
0
0
0
0
0
0
0
0
0
0
0
0
0
0
0
-5.1055
0
0
-0.82158
-0.77854
-0.79192
-0.79192
-0.76455
-0.74605
-0.74605
-0.74605
-0.77665
-0.78624
-0.78624
0
13.6413
0
0
0
0
0
0
0
0
0
0
0
0
0
0
0
-5.1055
0
-0.85876
-0.81128
-0.8239
-0.8239
-0.79424
-0.77124
-0.77124
-0.77124
-0.80464
0
0
0
0
7.6389
0
0
0
0
0
0
-0.40842
0
0
0
0
0
0
0
0
0
-0.87183
-0.81963
-0.83995
-0.83995
-0.80494
-0.78141
-0.78141
-0.78141
-0.82478
0
0
0
0
0
7.3453
0
0
0
0
0
0
0
0
0
0
0
0
0
0
0
-0.84957
-0.80984
-0.81816
-0.81816
-0.7951
-0.77709
-0.77709
-0.77709
0
0
0
0
0
0
0
8.4226
0
0
0
0
0
0
0
0
0
0
-2.0005
0
0
0
-0.75834
-0.71708
-0.73334
-0.73334
-0.70546
-0.68665
-0.68665
-0.68665
0
0
0
0
0
0
0
0
5.7075
0
0
0
0
0
0
0
0
0
0
0
0
0
-0.75834
-0.71708
-0.73334
-0.73334
-0.70546
-0.68665
-0.68665
-0.68665
0
0
0
0
0
0
0
0
0
5.7075
0
0
0
0
0
0
0
0
0
0
0
0
-0.75834
-0.71708
-0.73334
-0.73334
-0.70546
-0.68665
-0.68665
-0.68665
0
0
0
0
0
0
0
0
0
0
5.7075
0
0
0
0
0
0
0
0
0
0
0
-0.63552
-0.61986
-0.61626
-0.61626
-0.61079
0
0
0
0
0
0
0
0
0
0
0
0
0
0
3.2032
0
0
0
0
-0.1045
0
0
0
0
0
0
0
0
0
0
0
0
0
0
0
0
0
0
-0.40842
0
0
0
0
0
0
1.5635
-0.61901
0
0
0
-0.53607
0
0
0
0
-0.92142
-0.87301
0
0
0
0
0
0
0
0
0
0
0
0
0
0
0
0
0
0
-0.61901
2.4134
0
0
0
0
0
0
0
0
-9.6207
0
0
0
0
0
0
0
0
0
0
0
0
0
0
0
0
0
0
0
0
0
9.6207
0
0
0
0
0
0
0
0
0
0
-9.3692
0
0
0
0
0
0
0
0
0
0
0
0
0
0
0
0
0
0
0
9.3692
0
0
0
0
0
0
0
0
0
0
0
0
0
0
0
0
0
0
0
0
0
0
0
0
0
-0.1045
0
0
0
0
0.1045
0
0
0
0
0
0
0
0
0
0
0
0
0
0
0
0
0
0
0
0
0
0
0
0
0
-0.53607
0
0
0
0
0.53607
0
0
0
0
0
0
0
0
0
0
0
0
0
0
0
0
0
0
0
-2.0005
0
0
0
0
0
0
0
0
0
0
2.0005
0
0
0
0
0
0
0
0
0
0
0
0
0
0
-5.1055
0
0
0
0
0
0
0
0
0
0
0
0
0
0
0
5.1055
0
0
0
0
0
0
0
0
0
0
0
0
0
0
-5.1055
0
0
0
0
0
0
0
0
0
0
0
0
0
0
0
5.1055
0
0
0
-9.3692
0
0
0
0
0
0
0
0
0
0
0
0
0
0
0
0
0
0
0
0
0
0
0
0
0
0
9.3692
