23.4069
-0.60834
-0.59007
-0.59007
-0.62487
-0.62915
-0.5923
-0.61571
-0.65101
-0.63821
-0.58548
-0.58548
-0.66151
-0.622
-0.70834
-0.55663
-1.2902
-0.39582
-0.67248
-0.67248
0
-0.40373
0
0
0
0
0
0
0
-10.713
-0.60834
12.1514
-0.56767
-0.56767
-0.61321
-0.60921
-0.59522
-0.59675
-0.63008
-0.62666
-0.56672
-0.56672
-0.63902
-0.61709
-0.67938
-0.53288
-1.2465
-0.40344
-0.63335
-0.63335
-0.21815
0
0
0
0
0
0
0
0
0
-0.59007
-0.56767
11.3621
-0.53275
-0.57541
-0.57459
-0.58298
-0.56371
-0.59391
-0.60699
-0.53425
-0.53425
-0.60015
-0.6024
-0.63255
-0.49333
-1.2405
0
-0.5954
-0.5954
0
-0.34582
0
0
0
0
0
0
0
0
-0.59007
-0.56767
-0.53275
11.3621
-0.57541
-0.57459
-0.58298
-0.56371
-0.59391
-0.60699
-0.53425
-0.53425
-0.60015
-0.6024
-0.63255
-0.49333
-1.2405
0
-0.5954
-0.5954
0
-0.34582
0
0
0
0
0
0
0
0
-0.62487
-0.61321
-0.57541
-0.57541
9.3028
-0.60796
-0.6052
-0.59762
-0.62972
-0.6288
-0.56543
-0.56543
-0.63711
-0.62242
-0.67598
-0.52704
0
0
0
0
-0.25124
0
0
0
0
0
0
0
0
0
-0.62915
-0.60921
-0.57459
-0.57459
-0.60796
9.0013
-0.61072
-0.59348
-0.62258
-0.62768
-0.55842
-0.55842
-0.62817
-0.62447
-0.66466
-0.51725
0
0
0
0
0
0
0
0
0
0
0
0
0
0
-0.5923
-0.59522
-0.58298
-0.58298
-0.6052
-0.61072
26.2237
-0.62685
-0.61938
-0.55217
-0.55098
-0.55098
-0.62713
0
0
0
0
0
0
0
0
0
0
0
0
-9.5634
-9.5634
0
0
0
-0.61571
-0.59675
-0.56371
-0.56371
-0.59762
-0.59348
-0.62685
8.3229
-0.60704
-0.60262
-0.54243
-0.54243
-0.60995
-0.60711
-0.65352
0
0
0
0
0
0
0
0
0
0
0
0
0
0
0
-0.65101
-0.63008
-0.59391
-0.59391
-0.62972
-0.62258
-0.61938
-0.60704
7.467
-0.70782
-0.57479
-0.57479
-0.66202
0
0
0
0
0
0
0
0
0
0
0
0
0
0
0
0
0
-0.63821
-0.62666
-0.60699
-0.60699
-0.6288
-0.62768
-0.55217
-0.60262
-0.70782
13.1324
-0.5728
-0.5728
0
0
0
0
0
0
0
0
0
0
0
0
0
0
0
-6.3888
0
0
-0.58548
-0.56672
-0.53425
-0.53425
-0.56543
-0.55842
-0.55098
-0.54243
-0.57479
-0.5728
6.0438
-0.45824
0
0
0
0
0
0
0
0
0
0
0
0
0
0
0
0
0
0
-0.58548
-0.56672
-0.53425
-0.53425
-0.56543
-0.55842
-0.55098
-0.54243
-0.57479
-0.5728
-0.45824
6.0438
0
0
0
0
0
0
0
0
0
0
0
0
0
0
0
0
0
0
-0.66151
-0.63902
-0.60015
-0.60015
-0.63711
-0.62817
-0.62713
-0.60995
-0.66202
0
0
0
5.6652
0
0
0
0
0
0
0
0
0
0
0
0
0
0
0
0
0
-0.622
-0.61709
-0.6024
-0.6024
-0.62242
-0.62447
0
-0.60711
0
0
0
0
0
6.4581
0
0
0
0
0
0
0
0
0
0
-2.1602
0
0
0
0
0
-0.70834
-0.67938
-0.63255
-0.63255
-0.67598
-0.66466
0
-0.65352
0
0
0
0
0
0
4.647
0
0
0
0
0
0
0
0
0
0
0
0
0
0
0
-0.55663
-0.53288
-0.49333
-0.49333
-0.52704
-0.51725
0
0
0
0
0
0
0
0
0
3.1205
0
0
0
0
0
0
0
0
0
0
0
0
0
0
-1.2902
-1.2465
-1.2405
-1.2405
0
0
0
0
0
0
0
0
0
0
0
0
5.5513
-0.53359
0
0
0
0
0
0
0
0
0
0
0
0
-0.39582
-0.40344
0
0
0
0
0
0
0
0
0
0
0
0
0
0
-0.53359
16.4572
0
0
0
0
-7.5622
-7.5622
0
0
0
0
0
0
-0.67248
-0.63335
-0.5954
-0.5954
0
0
0
0
0
0
0
0
0
0
0
0
0
0
2.4966
0
0
0
0
0
0
0
0
0
0
0
-0.67248
-0.63335
-0.5954
-0.5954
0
0
0
0
0
0
0
0
0
0
0
0
0
0
0
2.4966
0
0
0
0
0
0
0
0
0
0
0
-0.21815
0
0
-0.25124
0
0
0
0
0
0
0
0
0
0
0
0
0
0
0
0.5739
0
0
0
0
0
0
0
-0.1045
0
-0.40373
0
-0.34582
-0.34582
0
0
0
0
0
0
0
0
0
0
0
0
0
0
0
0
0
1.0954
0
0
0
0
0
0
0
0
0
0
0
0
0
0
0
0
0
0
0
0
0
0
0
0
0
-7.5622
0
0
0
0
7.5622
0
0
0
0
0
0
0
0
0
0
0
0
0
0
0
0
0
0
0
0
0
0
0
0
-7.5622
0
0
0
0
0
7.5622
0
0
0
0
0
0
0
0
0
0
0
0
0
0
0
0
0
0
0
-2.1602
0
0
0
0
0
0
0
0
0
0
2.1602
0
0
0
0
0
0
0
0
0
0
0
-9.5634
0
0
0
0
0
0
0
0
0
0
0
0
0
0
0
0
0
0
9.5634
0
0
0
0
0
0
0
0
0
0
-9.5634
0
0
0
0
0
0
0
0
0
0
0
0
0
0
0
0
0
0
0
9.5634
0
0
0
0
0
0
0
0
0
0
0
0
-6.3888
0
0
0
0
0
0
0
0
0
0
0
0
0
0
0
0
0
6.3888
0
0
0
0
0
0
0
0
0
0
0
0
0
0
0
0
0
0
0
0
0
0
-0.1045
0
0
0
0
0
0
0
0.1045
0
-10.713
0
0
0
0
0
0
0
0
0
0
0
0
0
0
0
0
0
0
0
0
0
0
0
0
0
0
0
0
10.713
