22.4332
-0.61732
-0.61213
-0.67994
-0.59825
-0.59825
-0.60216
-0.59825
-0.59825
-0.61931
-0.57997
-0.57799
-0.57894
-0.61416
-0.61188
-0.61112
-1.0573
0
-1.1946
0
-1.5714
0
0
0
0
0
0
0
0
-9.512
-0.61732
20.3637
-0.59026
-0.64603
-0.56845
-0.56845
-0.5698
-0.56845
-0.56845
-0.58419
-0.54929
-0.55323
-0.54786
-0.5762
-0.57812
-0.57708
-1.0041
0
0
0
-1.5583
0
-9.1382
0
0
0
0
0
0
0
-0.61213
-0.59026
31.9635
-0.64517
-0.56664
-0.56664
-0.56472
-0.56664
-0.56664
-0.5655
-0.54869
-0.55548
-0.54894
-0.55446
-0.55284
-0.58208
-1.0313
0
0
0
0
0
0
0
-11.1727
0
-11.1727
0
0
0
-0.67994
-0.64603
-0.64517
10.7347
-0.6358
-0.6358
-0.64344
-0.6358
-0.6358
-0.66409
-0.61029
-0.62218
-0.60971
-0.65748
-0.65291
-0.64329
-1.117
0
0
0
0
0
0
0
0
0
0
0
0
0
-0.59825
-0.56845
-0.56664
-0.6358
8.3801
-0.50793
-0.5574
-0.50793
-0.50793
-0.59412
-0.53243
-0.54937
-0.53514
-0.58114
-0.57388
-0.56373
0
0
0
0
0
0
0
0
0
0
0
0
0
0
-0.59825
-0.56845
-0.56664
-0.6358
-0.50793
8.3801
-0.5574
-0.50793
-0.50793
-0.59412
-0.53243
-0.54937
-0.53514
-0.58114
-0.57388
-0.56373
0
0
0
0
0
0
0
0
0
0
0
0
0
0
-0.60216
-0.5698
-0.56472
-0.64344
-0.5574
-0.5574
8.1556
-0.5574
-0.5574
-0.57889
-0.53505
-0.54509
-0.53544
-0.56416
-0.56348
0
0
-0.22378
0
0
0
0
0
0
0
0
0
0
0
0
-0.59825
-0.56845
-0.56664
-0.6358
-0.50793
-0.50793
-0.5574
8.3801
-0.50793
-0.59412
-0.53243
-0.54937
-0.53514
-0.58114
-0.57388
-0.56373
0
0
0
0
0
0
0
0
0
0
0
0
0
0
-0.59825
-0.56845
-0.56664
-0.6358
-0.50793
-0.50793
-0.5574
-0.50793
8.3801
-0.59412
-0.53243
-0.54937
-0.53514
-0.58114
-0.57388
-0.56373
0
0
0
0
0
0
0
0
0
0
0
0
0
0
-0.61931
-0.58419
-0.5655
-0.66409
-0.59412
-0.59412
-0.57889
-0.59412
-0.59412
13.6561
-0.54862
-0.54665
-0.53082
0
0
0
0
-0.22706
0
0
0
0
0
0
0
0
0
-6.4145
0
0
-0.57997
-0.54929
-0.54869
-0.61029
-0.53243
-0.53243
-0.53505
-0.53243
-0.53243
-0.54862
7.047
-0.51138
-0.50101
-0.53293
0
0
0
0
0
0
0
0
0
0
0
0
0
0
0
0
-0.57799
-0.55323
-0.55548
-0.62218
-0.54937
-0.54937
-0.54509
-0.54937
-0.54937
-0.54665
-0.51138
7.6813
-0.4902
0
0
0
0
0
-1.0817
0
0
0
0
0
0
0
0
0
0
0
-0.57894
-0.54786
-0.54894
-0.60971
-0.53514
-0.53514
-0.53544
-0.53514
-0.53514
-0.53082
-0.50101
-0.4902
6.4835
0
0
0
0
0
0
0
0
0
0
0
0
0
0
0
0
0
-0.61416
-0.5762
-0.55446
-0.65748
-0.58114
-0.58114
-0.56416
-0.58114
-0.58114
0
-0.53293
0
0
10.6375
0
0
0
0
0
-0.17998
0
0
0
0
0
-4.6336
0
0
0
0
-0.61188
-0.57812
-0.55284
-0.65291
-0.57388
-0.57388
-0.56348
-0.57388
-0.57388
0
0
0
0
0
7.6492
0
0
0
0
0
0
-2.3944
0
0
0
0
0
0
0
0
-0.61112
-0.57708
-0.58208
-0.64329
-0.56373
-0.56373
0
-0.56373
-0.56373
0
0
0
0
0
0
4.6685
0
0
0
0
0
0
0
0
0
0
0
0
0
0
-1.0573
-1.0041
-1.0313
-1.117
0
0
0
0
0
0
0
0
0
0
0
0
4.2097
0
0
0
0
0
0
0
0
0
0
0
0
0
0
0
0
0
0
0
-0.22378
0
0
-0.22706
0
0
0
0
0
0
0
0.55533
0
0
0
0
0
-0.1045
0
0
0
0
0
0
-1.1946
0
0
0
0
0
0
0
0
0
0
-1.0817
0
0
0
0
0
0
2.8463
-0.57011
0
0
0
0
0
0
0
0
0
0
0
0
0
0
0
0
0
0
0
0
0
0
0
-0.17998
0
0
0
0
-0.57011
1.236
0
0
0
0
0
0
0
0
-0.48594
0
-1.5714
-1.5583
0
0
0
0
0
0
0
0
0
0
0
0
0
0
0
0
0
0
3.1297
0
0
0
0
0
0
0
0
0
0
0
0
0
0
0
0
0
0
0
0
0
0
0
-2.3944
0
0
0
0
0
0
2.3944
0
0
0
0
0
0
0
0
0
-9.1382
0
0
0
0
0
0
0
0
0
0
0
0
0
0
0
0
0
0
0
0
9.1382
0
0
0
0
0
0
0
0
0
0
0
0
0
0
0
0
0
0
0
0
0
0
0
0
-0.1045
0
0
0
0
0
0.1045
0
0
0
0
0
0
0
0
-11.1727
0
0
0
0
0
0
0
0
0
0
0
0
0
0
0
0
0
0
0
0
0
11.1727
0
0
0
0
0
0
0
0
0
0
0
0
0
0
0
0
0
0
-4.6336
0
0
0
0
0
0
0
0
0
0
0
4.6336
0
0
0
0
0
0
-11.1727
0
0
0
0
0
0
0
0
0
0
0
0
0
0
0
0
0
0
0
0
0
0
0
11.1727
0
0
0
0
0
0
0
0
0
0
0
0
-6.4145
0
0
0
0
0
0
0
0
0
0
0
0
0
0
0
0
0
6.4145
0
0
0
0
0
0
0
0
0
0
0
0
0
0
0
0
0
0
0
0
0
-0.48594
0
0
0
0
0
0
0
0
0.48594
0
-9.512
0
0
0
0
0
0
0
0
0
0
0
0
0
0
0
0
0
0
0
0
0
0
0
0
0
0
0
0
9.512
