24.1031
-0.68491
-0.68142
-0.68142
-0.68668
-0.65877
-0.68633
-0.68852
-0.67218
-0.71665
-0.66089
-0.66089
-0.66089
-0.69704
-0.63966
-0.7146
-0.68416
-0.87361
-0.87361
0
-2.2375
0
0
-9.2433
0
0
0
0
0
0
-0.68491
14.5981
-0.6709
-0.6709
-0.67962
-0.65238
-0.6804
-0.68386
-0.66956
-0.71023
-0.65129
-0.65129
-0.65129
-0.69637
-0.63989
-0.70052
-0.66935
-0.84403
-0.84403
0
-2.1473
0
0
0
0
0
0
0
0
0
-0.68142
-0.6709
12.3082
-0.65905
-0.66837
-0.64459
-0.66856
-0.67177
-0.65812
-0.69678
-0.64354
-0.64354
-0.64354
-0.68287
-0.62831
-0.69399
-0.6643
-0.84429
-0.84429
0
0
0
0
0
0
0
0
0
0
0
-0.68142
-0.6709
-0.65905
12.3082
-0.66837
-0.64459
-0.66856
-0.67177
-0.65812
-0.69678
-0.64354
-0.64354
-0.64354
-0.68287
-0.62831
-0.69399
-0.6643
-0.84429
-0.84429
0
0
0
0
0
0
0
0
0
0
0
-0.68668
-0.67962
-0.66837
-0.66837
18.8128
-0.63779
-0.65435
-0.6569
-0.64272
-0.68079
-0.63668
-0.63668
-0.63668
-0.66253
-0.60973
-0.68936
-0.66092
0
0
0
0
0
-8.3046
0
0
0
0
0
0
0
-0.65877
-0.65238
-0.64459
-0.64459
-0.63779
10.4239
-0.63466
-0.63734
-0.6346
-0.66048
-0.61735
-0.61735
-0.61735
-0.6471
-0.59551
-0.6642
-0.63684
0
0
-0.22301
0
0
0
0
0
0
0
0
0
0
-0.68633
-0.6804
-0.66856
-0.66856
-0.65435
-0.63466
17.6259
-0.65739
-0.6425
-0.67817
-0.63685
-0.63685
-0.63685
-0.66031
-0.60829
-0.69125
0
0
0
0
0
0
0
0
-7.7846
0
0
0
0
0
-0.68852
-0.68386
-0.67177
-0.67177
-0.6569
-0.63734
-0.65739
16.3289
-0.66184
-0.67079
-0.6353
-0.6353
-0.6353
-0.65549
-0.60769
0
0
0
0
0
0
-7.1596
0
0
0
0
0
0
0
0
-0.67218
-0.66956
-0.65812
-0.65812
-0.64272
-0.6346
-0.6425
-0.66184
15.5468
-0.65535
-0.62469
-0.62469
-0.62469
-0.64094
0
0
0
0
0
-0.22525
0
0
0
0
0
0
0
0
0
-6.9116
-0.71665
-0.71023
-0.69678
-0.69678
-0.68079
-0.66048
-0.67817
-0.67079
-0.65535
13.314
-0.68808
-0.68808
-0.68808
0
0
0
0
0
0
0
0
0
0
0
0
0
0
0
-5.0837
0
-0.66089
-0.65129
-0.64354
-0.64354
-0.63668
-0.61735
-0.63685
-0.6353
-0.62469
-0.68808
7.6344
-0.59808
-0.59808
0
0
0
0
0
0
0
0
0
0
0
0
0
0
0
0
0
-0.66089
-0.65129
-0.64354
-0.64354
-0.63668
-0.61735
-0.63685
-0.6353
-0.62469
-0.68808
-0.59808
7.6344
-0.59808
0
0
0
0
0
0
0
0
0
0
0
0
0
0
0
0
0
-0.66089
-0.65129
-0.64354
-0.64354
-0.63668
-0.61735
-0.63685
-0.6353
-0.62469
-0.68808
-0.59808
-0.59808
7.6344
0
0
0
0
0
0
0
0
0
0
0
0
0
0
0
0
0
-0.69704
-0.69637
-0.68287
-0.68287
-0.66253
-0.6471
-0.66031
-0.65549
-0.64094
0
0
0
0
7.4823
0
0
0
0
0
0
0
0
0
0
0
-1.4567
0
0
0
0
-0.63966
-0.63989
-0.62831
-0.62831
-0.60973
-0.59551
-0.60829
-0.60769
0
0
0
0
0
0
5.2878
0
0
0
0
0
0
0
0
0
0
0
0
-0.33043
0
0
-0.7146
-0.70052
-0.69399
-0.69399
-0.68936
-0.6642
-0.69125
0
0
0
0
0
0
0
0
4.8479
0
0
0
0
0
0
0
0
0
0
0
0
0
0
-0.68416
-0.66935
-0.6643
-0.6643
-0.66092
-0.63684
0
0
0
0
0
0
0
0
0
0
3.9799
0
0
0
0
0
0
0
0
0
0
0
0
0
-0.87361
-0.84403
-0.84429
-0.84429
0
0
0
0
0
0
0
0
0
0
0
0
0
3.4062
0
0
0
0
0
0
0
0
0
0
0
0
-0.87361
-0.84403
-0.84429
-0.84429
0
0
0
0
0
0
0
0
0
0
0
0
0
0
3.4062
0
0
0
0
0
0
0
0
0
0
0
0
0
0
0
0
-0.22301
0
0
-0.22525
0
0
0
0
0
0
0
0
0
0
0.55276
0
0
0
0
0
0
-0.1045
0
0
0
-2.2375
-2.1473
0
0
0
0
0
0
0
0
0
0
0
0
0
0
0
0
0
0
4.3848
0
0
0
0
0
0
0
0
0
0
0
0
0
0
0
0
-7.1596
0
0
0
0
0
0
0
0
0
0
0
0
0
7.1596
0
0
0
0
0
0
0
0
0
0
0
0
-8.3046
0
0
0
0
0
0
0
0
0
0
0
0
0
0
0
0
0
8.3046
0
0
0
0
0
0
0
-9.2433
0
0
0
0
0
0
0
0
0
0
0
0
0
0
0
0
0
0
0
0
0
0
9.2433
0
0
0
0
0
0
0
0
0
0
0
0
-7.7846
0
0
0
0
0
0
0
0
0
0
0
0
0
0
0
0
0
7.7846
0
0
0
0
0
0
0
0
0
0
0
0
0
0
0
0
0
0
-1.4567
0
0
0
0
0
0
0
0
0
0
0
1.4567
0
0
0
0
0
0
0
0
0
0
0
0
0
0
0
0
0
0
0
0
0
0
0
-0.1045
0
0
0
0
0
0
0.1045
0
0
0
0
0
0
0
0
0
0
0
0
0
0
0
0
0
-0.33043
0
0
0
0
0
0
0
0
0
0
0
0
0.33043
0
0
0
0
0
0
0
0
0
0
0
-5.0837
0
0
0
0
0
0
0
0
0
0
0
0
0
0
0
0
0
0
5.0837
0
0
0
0
0
0
0
0
0
-6.9116
0
0
0
0
0
0
0
0
0
0
0
0
0
0
0
0
0
0
0
0
6.9116
