32.5625
-0.57458
-0.57458
-0.57844
-0.57458
-0.54277
-0.53378
-0.52843
-0.50167
-0.52843
-0.52843
-0.56532
-0.56532
-0.54654
-0.51465
-0.51178
-0.87065
-0.20433
0
0
0
0
0
0
0
-11.6591
0
0
0
-11.6591
-0.57458
9.3297
-0.57271
-0.597
-0.57271
-0.5561
-0.5613
-0.54451
-0.5435
-0.54451
-0.54451
-0.58991
-0.58991
-0.56827
-0.54311
-0.53993
-0.88717
0
0
0
0
0
0
0
0
0
0
0
0
0
-0.57458
-0.57271
9.3297
-0.597
-0.57271
-0.5561
-0.5613
-0.54451
-0.5435
-0.54451
-0.54451
-0.58991
-0.58991
-0.56827
-0.54311
-0.53993
-0.88717
0
0
0
0
0
0
0
0
0
0
0
0
0
-0.57844
-0.597
-0.597
8.6536
-0.597
-0.55414
-0.55539
-0.54222
-0.53323
-0.54222
-0.54222
-0.58247
-0.58247
-0.56117
-0.53749
-0.5329
0
-0.21823
0
0
0
0
0
0
0
0
0
0
0
0
-0.57458
-0.57271
-0.57271
-0.597
9.3297
-0.5561
-0.5613
-0.54451
-0.5435
-0.54451
-0.54451
-0.58991
-0.58991
-0.56827
-0.54311
-0.53993
-0.88717
0
0
0
0
0
0
0
0
0
0
0
0
0
-0.54277
-0.5561
-0.5561
-0.55414
-0.5561
7.9559
-0.52168
-0.51303
-0.5018
-0.51303
-0.51303
-0.54628
-0.54628
-0.52661
-0.50535
-0.50357
0
0
0
0
0
0
0
0
0
0
0
0
0
0
-0.53378
-0.5613
-0.5613
-0.55539
-0.5613
-0.52168
7.662
-0.51233
-0.49137
-0.51233
-0.51233
-0.53764
-0.53764
-0.51841
-0.52303
0
0
0
0
-0.2222
0
0
0
0
0
0
0
0
0
0
-0.52843
-0.54451
-0.54451
-0.54222
-0.54451
-0.51303
-0.51233
7.2457
-0.50269
-0.47979
-0.47979
-0.52544
-0.52544
-0.51152
-0.49146
0
0
0
0
0
0
0
0
0
0
0
0
0
0
0
-0.50167
-0.5435
-0.5435
-0.53323
-0.5435
-0.5018
-0.49137
-0.50269
25.7752
-0.50269
-0.50269
-0.48361
-0.48361
0
0
0
0
0
0
0
0
0
0
-9.8207
0
0
0
0
-9.8207
0
-0.52843
-0.54451
-0.54451
-0.54222
-0.54451
-0.51303
-0.51233
-0.47979
-0.50269
7.2457
-0.47979
-0.52544
-0.52544
-0.51152
-0.49146
0
0
0
0
0
0
0
0
0
0
0
0
0
0
0
-0.52843
-0.54451
-0.54451
-0.54222
-0.54451
-0.51303
-0.51233
-0.47979
-0.50269
-0.47979
7.2457
-0.52544
-0.52544
-0.51152
-0.49146
0
0
0
0
0
0
0
0
0
0
0
0
0
0
0
-0.56532
-0.58991
-0.58991
-0.58247
-0.58991
-0.54628
-0.53764
-0.52544
-0.48361
-0.52544
-0.52544
11.8832
0
0
0
0
0
0
0
0
0
-5.8219
0
0
0
0
0
0
0
0
-0.56532
-0.58991
-0.58991
-0.58247
-0.58991
-0.54628
-0.53764
-0.52544
-0.48361
-0.52544
-0.52544
0
11.8832
0
0
0
0
0
0
0
0
0
0
0
0
0
-5.8219
0
0
0
-0.54654
-0.56827
-0.56827
-0.56117
-0.56827
-0.52661
-0.51841
-0.51152
0
-0.51152
-0.51152
0
0
9.8503
0
0
0
0
0
0
0
0
0
0
-4.4582
0
0
0
0
0
-0.51465
-0.54311
-0.54311
-0.53749
-0.54311
-0.50535
-0.52303
-0.49146
0
-0.49146
-0.49146
0
0
0
5.3981
0
0
0
0
0
-0.2139
0
0
0
0
0
0
0
0
0
-0.51178
-0.53993
-0.53993
-0.5329
-0.53993
-0.50357
0
0
0
0
0
0
0
0
0
3.3869
0
0
0
0
0
0
0
0
0
0
0
-0.2189
0
0
-0.87065
-0.88717
-0.88717
0
-0.88717
0
0
0
0
0
0
0
0
0
0
0
3.5322
0
0
0
0
0
0
0
0
0
0
0
0
0
-0.20433
0
0
-0.21823
0
0
0
0
0
0
0
0
0
0
0
0
0
0.52706
0
0
0
0
-0.1045
0
0
0
0
0
0
0
0
0
0
0
0
0
0
0
0
0
0
0
0
0
0
0
0
0
2.6913
-1.2825
-1.4089
0
0
0
0
0
0
0
0
0
0
0
0
0
0
0
-0.2222
0
0
0
0
0
0
0
0
0
0
0
-1.2825
1.5047
0
0
0
0
0
0
0
0
0
0
0
0
0
0
0
0
0
0
0
0
0
0
0
0
-0.2139
0
0
0
-1.4089
0
1.6228
0
0
0
0
0
0
0
0
0
0
0
0
0
0
0
0
0
0
0
0
-5.8219
0
0
0
0
0
0
0
0
0
5.8219
0
0
0
0
0
0
0
0
0
0
0
0
0
0
0
0
0
0
0
0
0
0
0
0
0
-0.1045
0
0
0
0
0.1045
0
0
0
0
0
0
0
0
0
0
0
0
0
0
0
-9.8207
0
0
0
0
0
0
0
0
0
0
0
0
0
0
9.8207
0
0
0
0
0
0
0
0
0
0
0
0
0
0
0
0
0
0
0
-4.4582
0
0
0
0
0
0
0
0
0
0
4.4582
0
0
0
0
0
-11.6591
0
0
0
0
0
0
0
0
0
0
0
0
0
0
0
0
0
0
0
0
0
0
0
0
11.6591
0
0
0
0
0
0
0
0
0
0
0
0
0
0
0
0
-5.8219
0
0
0
0
0
0
0
0
0
0
0
0
0
5.8219
0
0
0
0
0
0
0
0
0
0
0
0
0
0
0
0
0
0
-0.2189
0
0
0
0
0
0
0
0
0
0
0
0.2189
0
0
0
0
0
0
0
0
0
0
-9.8207
0
0
0
0
0
0
0
0
0
0
0
0
0
0
0
0
0
0
0
9.8207
0
-11.6591
0
0
0
0
0
0
0
0
0
0
0
0
0
0
0
0
0
0
0
0
0
0
0
0
0
0
0
0
11.6591
