48.0256
-0.53795
-0.53747
-0.54958
-0.50408
-0.50408
-0.50408
-0.49786
-0.50408
-0.46949
-0.50833
-0.52541
-0.52541
-0.52854
-0.52854
-0.48768
-0.46723
-0.19785
0
0
0
0
0
0
-13.216
-13.216
0
0
-13.216
0
-0.53795
18.1915
-0.57542
-0.59925
-0.5355
-0.5355
-0.5355
-0.5306
-0.5355
-0.49546
-0.55236
-0.55495
-0.55495
-0.58089
-0.58089
-0.51215
-0.5151
-0.21425
0
0
0
0
0
-9.2452
0
0
0
0
0
0
-0.53747
-0.57542
8.95
-0.59964
-0.53382
-0.53382
-0.53382
-0.53526
-0.53382
-0.49483
-0.55227
-0.55573
-0.55573
-0.58206
-0.58206
-0.51309
-0.51626
0
-0.21486
0
0
0
0
0
0
0
0
0
0
0
-0.54958
-0.59925
-0.59964
17.6516
-0.55119
-0.55119
-0.55119
-0.55099
-0.55119
-0.50872
-0.57329
-0.57201
-0.57201
-0.60404
-0.60404
-0.52678
-0.5339
0
0
0
-8.6526
0
0
0
0
0
0
0
0
0
-0.50408
-0.5355
-0.53382
-0.55119
8.0562
-0.47844
-0.47844
-0.50345
-0.47844
-0.45458
-0.50621
-0.50831
-0.50831
-0.53288
-0.53288
-0.471
-0.47872
0
0
0
0
0
0
0
0
0
0
0
0
0
-0.50408
-0.5355
-0.53382
-0.55119
-0.47844
8.0562
-0.47844
-0.50345
-0.47844
-0.45458
-0.50621
-0.50831
-0.50831
-0.53288
-0.53288
-0.471
-0.47872
0
0
0
0
0
0
0
0
0
0
0
0
0
-0.50408
-0.5355
-0.53382
-0.55119
-0.47844
-0.47844
8.0562
-0.50345
-0.47844
-0.45458
-0.50621
-0.50831
-0.50831
-0.53288
-0.53288
-0.471
-0.47872
0
0
0
0
0
0
0
0
0
0
0
0
0
-0.49786
-0.5306
-0.53526
-0.55099
-0.50345
-0.50345
-0.50345
7.772
-0.50345
-0.4481
-0.49237
-0.4991
-0.4991
-0.51875
-0.51875
-0.46248
0
0
-0.20488
0
0
0
0
0
0
0
0
0
0
0
-0.50408
-0.5355
-0.53382
-0.55119
-0.47844
-0.47844
-0.47844
-0.50345
8.0562
-0.45458
-0.50621
-0.50831
-0.50831
-0.53288
-0.53288
-0.471
-0.47872
0
0
0
0
0
0
0
0
0
0
0
0
0
-0.46949
-0.49546
-0.49483
-0.50872
-0.45458
-0.45458
-0.45458
-0.4481
-0.45458
7.016
-0.45765
-0.46377
-0.46377
-0.48269
-0.48269
-0.43055
0
0
0
0
0
0
0
0
0
0
0
0
0
0
-0.50833
-0.55236
-0.55227
-0.57329
-0.50621
-0.50621
-0.50621
-0.49237
-0.50621
-0.45765
11.3098
-0.53156
-0.53156
0
0
0
0
0
0
0
0
0
0
0
0
0
-5.0855
0
0
0
-0.52541
-0.55495
-0.55573
-0.57201
-0.50831
-0.50831
-0.50831
-0.4991
-0.50831
-0.46377
-0.53156
5.7358
0
0
0
0
0
0
0
0
0
0
0
0
0
0
0
0
0
0
-0.52541
-0.55495
-0.55573
-0.57201
-0.50831
-0.50831
-0.50831
-0.4991
-0.50831
-0.46377
-0.53156
0
5.7358
0
0
0
0
0
0
0
0
0
0
0
0
0
0
0
0
0
-0.52854
-0.58089
-0.58206
-0.60404
-0.53288
-0.53288
-0.53288
-0.51875
-0.53288
-0.48269
0
0
0
8.6467
0
0
0
0
0
0
0
-3.2182
0
0
0
0
0
0
0
0
-0.52854
-0.58089
-0.58206
-0.60404
-0.53288
-0.53288
-0.53288
-0.51875
-0.53288
-0.48269
0
0
0
0
8.6467
0
0
0
0
0
0
0
0
0
0
0
0
-3.2182
0
0
-0.48768
-0.51215
-0.51309
-0.52678
-0.471
-0.471
-0.471
-0.46248
-0.471
-0.43055
0
0
0
0
0
4.8168
0
0
0
0
0
0
0
0
0
0
0
0
0
0
-0.46723
-0.5151
-0.51626
-0.5339
-0.47872
-0.47872
-0.47872
0
-0.47872
0
0
0
0
0
0
0
4.438
0
0
0
0
0
-0.49067
0
0
0
0
0
0
0
-0.19785
-0.21425
0
0
0
0
0
0
0
0
0
0
0
0
0
0
0
0.5166
0
-0.1045
0
0
0
0
0
0
0
0
0
0
0
0
-0.21486
0
0
0
0
-0.20488
0
0
0
0
0
0
0
0
0
0
0.5396
0
0
0
0
0
0
0
0
0
0
-0.11986
0
0
0
0
0
0
0
0
0
0
0
0
0
0
0
0
0
-0.1045
0
0.1045
0
0
0
0
0
0
0
0
0
0
0
0
0
-8.6526
0
0
0
0
0
0
0
0
0
0
0
0
0
0
0
0
8.6526
0
0
0
0
0
0
0
0
0
0
0
0
0
0
0
0
0
0
0
0
0
0
-3.2182
0
0
0
0
0
0
0
3.2182
0
0
0
0
0
0
0
0
0
0
0
0
0
0
0
0
0
0
0
0
0
0
0
0
-0.49067
0
0
0
0
0
0.49067
0
0
0
0
0
0
0
0
-9.2452
0
0
0
0
0
0
0
0
0
0
0
0
0
0
0
0
0
0
0
0
0
9.2452
0
0
0
0
0
0
-13.216
0
0
0
0
0
0
0
0
0
0
0
0
0
0
0
0
0
0
0
0
0
0
0
13.216
0
0
0
0
0
-13.216
0
0
0
0
0
0
0
0
0
0
0
0
0
0
0
0
0
0
0
0
0
0
0
0
13.216
0
0
0
0
0
0
0
0
0
0
0
0
0
0
-5.0855
0
0
0
0
0
0
0
0
0
0
0
0
0
0
0
5.0855
0
0
0
0
0
0
0
0
0
0
0
0
0
0
0
0
0
-3.2182
0
0
0
0
0
0
0
0
0
0
0
0
3.2182
0
0
-13.216
0
0
0
0
0
0
0
0
0
0
0
0
0
0
0
0
0
0
0
0
0
0
0
0
0
0
0
13.216
0
0
0
0
0
0
0
0
0
0
0
0
0
0
0
0
0
0
0
-0.11986
0
0
0
0
0
0
0
0
0
0
0.11986
