14.8259
-0.87031
-0.89793
-0.89793
-0.70921
-0.70921
-0.74531
-0.70921
-0.67749
-0.74918
-0.7829
-0.80141
-0.80141
-0.86354
-0.72638
-0.72638
-0.78631
-0.78631
0
0
-1.5854
0
0
0
0
0
0
0
0
0
-0.87031
14.0388
-0.89228
-0.89228
-0.70934
-0.70934
-0.76783
-0.70934
-0.66347
-0.74762
-0.7661
-0.80084
-0.80084
-0.85127
-0.72588
-0.72588
-0.78596
-0.78596
0
-0.83425
0
0
0
0
0
0
0
0
0
0
-0.89793
-0.89228
23.8419
-0.91355
-0.7314
-0.7314
-0.78661
-0.7314
-0.69576
-0.77243
-0.79271
-0.82741
-0.82741
-0.86503
-0.7497
-0.7497
-0.81522
-0.81522
0
0
0
0
0
0
-10.2468
0
0
0
0
0
-0.89793
-0.89228
-0.91355
23.8419
-0.7314
-0.7314
-0.78661
-0.7314
-0.69576
-0.77243
-0.79271
-0.82741
-0.82741
-0.86503
-0.7497
-0.7497
-0.81522
-0.81522
0
0
0
0
0
0
0
0
0
-10.2468
0
0
-0.70921
-0.70934
-0.7314
-0.7314
10.9832
-0.57306
-0.64982
-0.57306
-0.55377
-0.61518
-0.63572
-0.65629
-0.65629
-0.70591
-0.59539
-0.59539
-0.64597
-0.64597
0
0
0
0
0
0
0
0
0
0
0
0
-0.70921
-0.70934
-0.7314
-0.7314
-0.57306
10.9832
-0.64982
-0.57306
-0.55377
-0.61518
-0.63572
-0.65629
-0.65629
-0.70591
-0.59539
-0.59539
-0.64597
-0.64597
0
0
0
0
0
0
0
0
0
0
0
0
-0.74531
-0.76783
-0.78661
-0.78661
-0.64982
-0.64982
21.2862
-0.64982
-0.55577
-0.62796
-0.6325
-0.66889
-0.66889
-0.68225
-0.60682
-0.60682
0
0
0
0
-1.4022
0
0
0
0
0
-9.7983
0
0
0
-0.70921
-0.70934
-0.7314
-0.7314
-0.57306
-0.57306
-0.64982
10.9832
-0.55377
-0.61518
-0.63572
-0.65629
-0.65629
-0.70591
-0.59539
-0.59539
-0.64597
-0.64597
0
0
0
0
0
0
0
0
0
0
0
0
-0.67749
-0.66347
-0.69576
-0.69576
-0.55377
-0.55377
-0.55577
-0.55377
9.6544
-0.56813
-0.56844
-0.60452
-0.60452
-0.63116
-0.54832
-0.54832
0
0
0
-0.63146
0
0
0
0
0
0
0
0
0
0
-0.74918
-0.74762
-0.77243
-0.77243
-0.61518
-0.61518
-0.62796
-0.61518
-0.56813
9.3681
-0.66909
-0.68576
-0.68576
0
-0.6221
-0.6221
0
0
0
0
0
0
0
0
0
0
0
0
0
0
-0.7829
-0.7661
-0.79271
-0.79271
-0.63572
-0.63572
-0.6325
-0.63572
-0.56844
-0.66909
8.1368
0
0
0
0
0
0
0
-0.32714
0
0
0
-0.8981
0
0
0
0
0
0
0
-0.80141
-0.80084
-0.82741
-0.82741
-0.65629
-0.65629
-0.66889
-0.65629
-0.60452
-0.68576
0
8.049
-0.86386
0
0
0
0
0
0
0
0
0
0
0
0
0
0
0
0
0
-0.80141
-0.80084
-0.82741
-0.82741
-0.65629
-0.65629
-0.66889
-0.65629
-0.60452
-0.68576
0
-0.86386
8.049
0
0
0
0
0
0
0
0
0
0
0
0
0
0
0
0
0
-0.86354
-0.85127
-0.86503
-0.86503
-0.70591
-0.70591
-0.68225
-0.70591
-0.63116
0
0
0
0
14.7924
0
0
0
0
0
0
0
-1.014
0
0
0
0
0
0
-6.9024
0
-0.72638
-0.72588
-0.7497
-0.7497
-0.59539
-0.59539
-0.60682
-0.59539
-0.54832
-0.6221
0
0
0
0
6.5151
0
0
0
0
0
0
0
0
0
0
0
0
0
0
0
-0.72638
-0.72588
-0.7497
-0.7497
-0.59539
-0.59539
-0.60682
-0.59539
-0.54832
-0.6221
0
0
0
0
0
6.5151
0
0
0
0
0
0
0
0
0
0
0
0
0
0
-0.78631
-0.78596
-0.81522
-0.81522
-0.64597
-0.64597
0
-0.64597
0
0
0
0
0
0
0
0
5.1406
0
0
0
0
0
0
0
0
0
0
0
0
0
-0.78631
-0.78596
-0.81522
-0.81522
-0.64597
-0.64597
0
-0.64597
0
0
0
0
0
0
0
0
0
5.1406
0
0
0
0
0
0
0
0
0
0
0
0
0
0
0
0
0
0
0
0
0
0
-0.32714
0
0
0
0
0
0
0
3.2877
0
-1.6336
0
0
0
0
0
0
0
0
-1.3269
0
-0.83425
0
0
0
0
0
0
-0.63146
0
0
0
0
0
0
0
0
0
0
2.7259
0
0
0
0
0
-1.2602
0
0
0
0
-1.5854
0
0
0
0
0
-1.4022
0
0
0
0
0
0
0
0
0
0
0
-1.6336
0
4.6212
0
0
0
0
0
0
0
0
0
0
0
0
0
0
0
0
0
0
0
0
0
0
-1.014
0
0
0
0
0
0
0
2.3949
0
-1.3809
0
0
0
0
0
0
0
0
0
0
0
0
0
0
0
0
-0.8981
0
0
0
0
0
0
0
0
0
0
0
2.2804
-1.3823
0
0
0
0
0
0
0
0
0
0
0
0
0
0
0
0
0
0
0
0
0
0
0
0
0
0
0
-1.3809
-1.3823
2.7632
0
0
0
0
0
0
0
0
-10.2468
0
0
0
0
0
0
0
0
0
0
0
0
0
0
0
0
0
0
0
0
0
10.2468
0
0
0
0
0
0
0
0
0
0
0
0
0
0
0
0
0
0
0
0
0
0
0
0
-1.2602
0
0
0
0
0
1.2602
0
0
0
0
0
0
0
0
0
0
-9.7983
0
0
0
0
0
0
0
0
0
0
0
0
0
0
0
0
0
0
0
9.7983
0
0
0
0
0
0
-10.2468
0
0
0
0
0
0
0
0
0
0
0
0
0
0
0
0
0
0
0
0
0
0
0
10.2468
0
0
0
0
0
0
0
0
0
0
0
0
0
0
0
-6.9024
0
0
0
0
0
0
0
0
0
0
0
0
0
0
6.9024
0
0
0
0
0
0
0
0
0
0
0
0
0
0
0
0
0
0
0
-1.3269
0
0
0
0
0
0
0
0
0
0
1.3269
