17.8502
-0.95252
-0.9613
-0.95252
-0.95252
-0.9613
-0.95252
-0.8142
-0.83408
-0.84746
-0.84746
-0.84735
-0.87755
-0.82849
-0.82849
-0.82849
-0.82849
-0.82849
-0.89998
-0.83727
-0.87774
0
-0.292
0
0
0
0
0
0
0
-0.95252
18.7664
-0.96995
-0.90683
-0.90683
-0.96995
-0.90683
-0.81716
-0.84643
-0.85189
-0.85189
-0.86644
-0.88135
-0.83428
-0.83428
-0.83428
-0.83428
-0.83428
-0.91649
-0.84358
-0.88334
-1.2236
0
0
0
0
0
0
0
0
-0.9613
-0.96995
24.8812
-0.96995
-0.96995
-0.96949
-0.96995
-0.82846
-0.84253
-0.86285
-0.86285
-0.84271
-0.88751
-0.84503
-0.84503
-0.84503
-0.84503
-0.84503
-0.9043
-0.85714
-0.90159
0
0
0
-7.0555
0
0
0
0
0
-0.95252
-0.90683
-0.96995
18.7664
-0.90683
-0.96995
-0.90683
-0.81716
-0.84643
-0.85189
-0.85189
-0.86644
-0.88135
-0.83428
-0.83428
-0.83428
-0.83428
-0.83428
-0.91649
-0.84358
-0.88334
-1.2236
0
0
0
0
0
0
0
0
-0.95252
-0.90683
-0.96995
-0.90683
18.7664
-0.96995
-0.90683
-0.81716
-0.84643
-0.85189
-0.85189
-0.86644
-0.88135
-0.83428
-0.83428
-0.83428
-0.83428
-0.83428
-0.91649
-0.84358
-0.88334
-1.2236
0
0
0
0
0
0
0
0
-0.9613
-0.96995
-0.96949
-0.96995
-0.96995
24.8812
-0.96995
-0.82846
-0.84253
-0.86285
-0.86285
-0.84271
-0.88751
-0.84503
-0.84503
-0.84503
-0.84503
-0.84503
-0.9043
-0.85714
-0.90159
0
0
0
0
0
0
0
0
-7.0555
-0.95252
-0.90683
-0.96995
-0.90683
-0.90683
-0.96995
18.7664
-0.81716
-0.84643
-0.85189
-0.85189
-0.86644
-0.88135
-0.83428
-0.83428
-0.83428
-0.83428
-0.83428
-0.91649
-0.84358
-0.88334
-1.2236
0
0
0
0
0
0
0
0
-0.8142
-0.81716
-0.82846
-0.81716
-0.81716
-0.82846
-0.81716
15.4755
-0.73547
-0.75191
-0.75191
-0.74696
-0.76834
-0.73382
-0.73382
-0.73382
-0.73382
-0.73382
-0.79785
-0.74013
-0.77402
0
0
0
0
0
0
0
0
0
-0.83408
-0.84643
-0.84253
-0.84643
-0.84643
-0.84253
-0.84643
-0.73547
21.5766
-0.76594
-0.76594
-0.73114
-0.77692
-0.74676
-0.74676
-0.74676
-0.74676
-0.74676
-0.79221
-0.75535
0
0
0
0
0
0
0
-6.615
0
0
-0.84746
-0.85189
-0.86285
-0.85189
-0.85189
-0.86285
-0.85189
-0.75191
-0.76594
15.2616
-0.77243
-0.79101
-0.79292
-0.76157
-0.76157
-0.76157
-0.76157
-0.76157
-0.82959
-0.76926
0
0
0
0
0
0
0
0
0
0
-0.84746
-0.85189
-0.86285
-0.85189
-0.85189
-0.86285
-0.85189
-0.75191
-0.76594
-0.77243
15.2616
-0.79101
-0.79292
-0.76157
-0.76157
-0.76157
-0.76157
-0.76157
-0.82959
-0.76926
0
0
0
0
0
0
0
0
0
0
-0.84735
-0.86644
-0.84271
-0.86644
-0.86644
-0.84271
-0.86644
-0.74696
-0.73114
-0.79101
-0.79101
28.789
-0.77919
-0.76502
-0.76502
-0.76502
-0.76502
-0.76502
0
0
0
0
0
0
0
-7.563
-7.563
0
0
0
-0.87755
-0.88135
-0.88751
-0.88135
-0.88135
-0.88751
-0.88135
-0.76834
-0.77692
-0.79292
-0.79292
-0.77919
14.3987
-0.80525
-0.80525
-0.80525
-0.80525
-0.80525
0
0
0
0
-0.28428
0
0
0
0
0
0
0
-0.82849
-0.83428
-0.84503
-0.83428
-0.83428
-0.84503
-0.83428
-0.73382
-0.74676
-0.76157
-0.76157
-0.76502
-0.80525
13.3558
-0.73153
-0.73153
-0.73153
-0.73153
0
0
0
0
0
0
0
0
0
0
0
0
-0.82849
-0.83428
-0.84503
-0.83428
-0.83428
-0.84503
-0.83428
-0.73382
-0.74676
-0.76157
-0.76157
-0.76502
-0.80525
-0.73153
13.3558
-0.73153
-0.73153
-0.73153
0
0
0
0
0
0
0
0
0
0
0
0
-0.82849
-0.83428
-0.84503
-0.83428
-0.83428
-0.84503
-0.83428
-0.73382
-0.74676
-0.76157
-0.76157
-0.76502
-0.80525
-0.73153
-0.73153
13.3558
-0.73153
-0.73153
0
0
0
0
0
0
0
0
0
0
0
0
-0.82849
-0.83428
-0.84503
-0.83428
-0.83428
-0.84503
-0.83428
-0.73382
-0.74676
-0.76157
-0.76157
-0.76502
-0.80525
-0.73153
-0.73153
-0.73153
13.3558
-0.73153
0
0
0
0
0
0
0
0
0
0
0
0
-0.82849
-0.83428
-0.84503
-0.83428
-0.83428
-0.84503
-0.83428
-0.73382
-0.74676
-0.76157
-0.76157
-0.76502
-0.80525
-0.73153
-0.73153
-0.73153
-0.73153
13.3558
0
0
0
0
0
0
0
0
0
0
0
0
-0.89998
-0.91649
-0.9043
-0.91649
-0.91649
-0.9043
-0.91649
-0.79785
-0.79221
-0.82959
-0.82959
0
0
0
0
0
0
0
11.9618
0
0
0
0
-2.338
0
0
0
0
0
0
-0.83727
-0.84358
-0.85714
-0.84358
-0.84358
-0.85714
-0.84358
-0.74013
-0.75535
-0.76926
-0.76926
0
0
0
0
0
0
0
0
8.9599
0
0
0
0
0
0
0
0
0
0
-0.87774
-0.88334
-0.90159
-0.88334
-0.88334
-0.90159
-0.88334
-0.77402
0
0
0
0
0
0
0
0
0
0
0
0
6.9883
0
0
0
0
0
0
0
0
0
0
-1.2236
0
-1.2236
-1.2236
0
-1.2236
0
0
0
0
0
0
0
0
0
0
0
0
0
0
4.8943
0
0
0
0
0
0
0
0
-0.292
0
0
0
0
0
0
0
0
0
0
0
-0.28428
0
0
0
0
0
0
0
0
0
0.68078
0
0
0
0
0
-0.1045
0
0
0
0
0
0
0
0
0
0
0
0
0
0
0
0
0
0
0
-2.338
0
0
0
0
2.338
0
0
0
0
0
0
0
0
-7.0555
0
0
0
0
0
0
0
0
0
0
0
0
0
0
0
0
0
0
0
0
0
7.0555
0
0
0
0
0
0
0
0
0
0
0
0
0
0
0
0
-7.563
0
0
0
0
0
0
0
0
0
0
0
0
0
7.563
0
0
0
0
0
0
0
0
0
0
0
0
0
0
0
-7.563
0
0
0
0
0
0
0
0
0
0
0
0
0
0
7.563
0
0
0
0
0
0
0
0
0
0
0
-6.615
0
0
0
0
0
0
0
0
0
0
0
0
0
0
0
0
0
0
6.615
0
0
0
0
0
0
0
0
0
0
0
0
0
0
0
0
0
0
0
0
0
0
0
0
-0.1045
0
0
0
0
0
0.1045
0
0
0
0
0
0
-7.0555
0
0
0
0
0
0
0
0
0
0
0
0
0
0
0
0
0
0
0
0
0
0
0
7.0555
