20.0108
-0.852
-0.8316
-0.84695
-0.8316
-0.77168
-0.81594
-0.77299
-0.74289
-0.77878
-0.73422
-0.74527
-0.8534
-0.86773
-0.86758
0
-1.3253
0
0
0
0
0
0
0
0
0
0
-7.3729
0
0
-0.852
11.8144
-0.74231
-0.74926
-0.74231
-0.68753
-0.73765
-0.69044
-0.66352
-0.69749
-0.64904
-0.66595
-0.76459
-0.7772
-0.77568
0
0
0
-1.6194
0
0
0
0
0
0
0
0
0
0
0
-0.8316
-0.74231
11.252
-0.74844
-0.67342
-0.68545
-0.73876
-0.69325
-0.65823
-0.69673
-0.64834
-0.66172
-0.75817
-0.76996
-0.77247
0
-1.1731
0
0
0
0
0
0
0
0
0
0
0
0
0
-0.84695
-0.74926
-0.74844
11.9022
-0.74844
-0.68303
-0.73189
-0.68791
-0.66162
-0.67112
-0.65114
-0.66389
-0.7612
-0.77444
-0.76494
-1.758
0
0
0
0
0
0
0
0
0
0
0
0
0
0
-0.8316
-0.74231
-0.67342
-0.74844
11.252
-0.68545
-0.73876
-0.69325
-0.65823
-0.69673
-0.64834
-0.66172
-0.75817
-0.76996
-0.77247
0
-1.1731
0
0
0
0
0
0
0
0
0
0
0
0
0
-0.77168
-0.68753
-0.68545
-0.68303
-0.68545
10.0941
-0.64364
-0.60808
-0.59581
-0.60966
-0.57719
-0.59358
-0.68059
-0.69277
0
0
0
0
0
-1.5796
0
0
0
0
0
0
0
0
0
0
-0.81594
-0.73765
-0.73876
-0.73189
-0.73876
-0.64364
16.9208
-0.62413
-0.62683
-0.63234
-0.60046
-0.61463
-0.70453
0
0
0
0
0
0
0
0
0
0
-1.9583
0
0
-6.7529
0
0
0
-0.77299
-0.69044
-0.69325
-0.68791
-0.69325
-0.60808
-0.62413
8.6651
-0.59888
-0.60955
-0.54445
-0.57196
0
0
0
0
0
0
0
0
0
-1.2602
-0.30996
0
0
0
0
0
0
0
-0.74289
-0.66352
-0.65823
-0.66162
-0.65823
-0.59581
-0.62683
-0.59888
8.2643
-0.60257
-0.55244
-0.57395
-0.65934
-0.66997
0
0
0
0
0
0
0
0
0
0
0
0
0
0
0
0
-0.77878
-0.69749
-0.69673
-0.67112
-0.69673
-0.60966
-0.63234
-0.60955
-0.60257
9.6155
-0.55397
-0.57449
0
0
0
-1.5447
0
-0.9473
0
0
0
0
0
0
0
0
0
0
0
0
-0.73422
-0.64904
-0.64834
-0.65114
-0.64834
-0.57719
-0.60046
-0.54445
-0.55244
-0.55397
7.9653
-0.55427
0
0
0
0
0
0
0
0
-1.2514
0
0
0
0
0
0
0
0
0
-0.74527
-0.66595
-0.66172
-0.66389
-0.66172
-0.59358
-0.61463
-0.57196
-0.57395
-0.57449
-0.55427
6.8814
0
0
0
0
0
0
0
0
0
0
0
0
0
0
0
0
0
0
-0.8534
-0.76459
-0.75817
-0.7612
-0.75817
-0.68059
-0.70453
0
-0.65934
0
0
0
5.94
0
0
0
0
0
0
0
0
0
0
0
0
0
0
0
0
0
-0.86773
-0.7772
-0.76996
-0.77444
-0.76996
-0.69277
0
0
-0.66997
0
0
0
0
5.322
0
0
0
0
0
0
0
0
0
0
0
0
0
0
0
0
-0.86758
-0.77568
-0.77247
-0.76494
-0.77247
0
0
0
0
0
0
0
0
0
4.9784
0
0
-1.0253
0
0
0
0
0
0
0
0
0
0
0
0
0
0
0
-1.758
0
0
0
0
0
-1.5447
0
0
0
0
0
9.9733
0
0
0
0
0
0
0
-2.6448
0
0
0
0
0
-4.0258
-1.3253
0
-1.1731
0
-1.1731
0
0
0
0
0
0
0
0
0
0
0
5.4027
0
0
0
-1.7312
0
0
0
0
0
0
0
0
0
0
0
0
0
0
0
0
0
0
-0.9473
0
0
0
0
-1.0253
0
0
2.7732
0
0
0
0
0
0
0
-0.80062
0
0
0
0
0
-1.6194
0
0
0
0
0
0
0
0
0
0
0
0
0
0
0
0
4.9461
0
-1.6084
-1.7183
0
0
0
0
0
0
0
0
0
0
0
0
0
-1.5796
0
0
0
0
0
0
0
0
0
0
0
0
0
4.8825
0
0
-1.3574
-1.9455
0
0
0
0
0
0
0
0
0
0
0
0
0
0
0
0
-1.2514
0
0
0
0
0
-1.7312
0
-1.6084
0
4.5909
0
0
0
0
0
0
0
0
0
0
0
0
0
0
0
0
-1.2602
0
0
0
0
0
0
0
0
0
0
-1.7183
0
0
5.0328
0
0
-2.0543
0
0
0
0
0
0
0
0
0
0
0
0
-0.30996
0
0
0
0
0
0
0
0
0
0
0
-1.3574
0
0
2.8322
0
0
0
0
0
-1.1648
0
0
0
0
0
0
0
-1.9583
0
0
0
0
0
0
0
0
-2.6448
0
0
0
-1.9455
0
0
0
6.5486
0
0
0
0
0
0
0
0
0
0
0
0
0
0
0
0
0
0
0
0
0
0
0
0
0
0
0
-2.0543
0
0
4.0384
-1.9841
0
0
0
0
0
0
0
0
0
0
0
0
0
0
0
0
0
0
0
0
0
-0.80062
0
0
0
0
0
0
-1.9841
2.7847
0
0
0
0
0
0
0
0
0
0
-6.7529
0
0
0
0
0
0
0
0
0
0
0
0
0
0
0
0
0
0
0
6.7529
0
0
0
-7.3729
0
0
0
0
0
0
0
0
0
0
0
0
0
0
0
0
0
0
0
0
0
0
0
0
0
0
7.3729
0
0
0
0
0
0
0
0
0
0
0
0
0
0
0
0
0
0
0
0
0
0
0
0
-1.1648
0
0
0
0
0
1.1648
0
0
0
0
0
0
0
0
0
0
0
0
0
0
0
0
-4.0258
0
0
0
0
0
0
0
0
0
0
0
0
0
4.0258
