12.1247
-0.57126
-0.57126
-0.634
-0.57154
-0.58666
-0.57154
-0.60738
-0.66325
-0.70757
-0.70757
-0.63741
-0.56338
-0.54192
-1.2364
0
-0.79716
-0.67848
-0.60649
0
0
-0.45756
-0.41386
0
0
0
0
0
0
0
-0.57126
10.8913
-0.55047
-0.62728
-0.56536
-0.57738
-0.56536
-0.60942
-0.65971
-0.70691
-0.70691
-0.62012
-0.55048
-0.53309
-1.1724
0
-0.77922
-0.67919
0
0
0
0
-0.41666
0
0
0
0
0
0
0
-0.57126
-0.55047
10.8913
-0.62728
-0.56536
-0.57738
-0.56536
-0.60942
-0.65971
-0.70691
-0.70691
-0.62012
-0.55048
-0.53309
-1.1724
0
-0.77922
-0.67919
0
0
0
0
-0.41666
0
0
0
0
0
0
0
-0.634
-0.62728
-0.62728
9.5272
-0.62282
-0.64503
-0.62282
-0.6821
-0.72727
-0.78033
-0.78033
-0.69745
-0.61418
-0.59453
0
0
-0.87181
0
0
0
0
0
0
0
0
0
0
0
0
0
-0.57154
-0.56536
-0.56536
-0.62282
7.7204
-0.56886
-0.49905
-0.60875
-0.64182
-0.68706
-0.68706
-0.62372
-0.54916
-0.52981
0
0
0
0
0
0
0
0
0
0
0
0
0
0
0
0
-0.58666
-0.57738
-0.57738
-0.64503
-0.56886
7.7653
-0.56886
-0.59628
-0.63918
-0.69081
-0.69081
-0.65796
0
-0.54407
0
-0.42204
0
0
0
0
0
0
0
0
0
0
0
0
0
0
-0.57154
-0.56536
-0.56536
-0.62282
-0.49905
-0.56886
7.7204
-0.60875
-0.64182
-0.68706
-0.68706
-0.62372
-0.54916
-0.52981
0
0
0
0
0
0
0
0
0
0
0
0
0
0
0
0
-0.60738
-0.60942
-0.60942
-0.6821
-0.60875
-0.59628
-0.60875
17.5358
-0.61044
-0.66008
-0.66008
0
0
0
0
0
0
0
-0.59698
0
0
0
0
0
0
0
0
0
0
-10.6862
-0.66325
-0.65971
-0.65971
-0.72727
-0.64182
-0.63918
-0.64182
-0.61044
14.9714
0
0
0
-0.6525
0
0
0
0
0
0
0
0
0
0
0
0
0
0
0
-9.0757
0
-0.70757
-0.70691
-0.70691
-0.78033
-0.68706
-0.69081
-0.68706
-0.66008
0
14.0295
0
0
0
0
0
0
0
0
0
0
0
0
0
0
0
0
0
-8.4027
0
0
-0.70757
-0.70691
-0.70691
-0.78033
-0.68706
-0.69081
-0.68706
-0.66008
0
0
14.0295
0
0
0
0
0
0
0
0
0
0
0
0
-8.4027
0
0
0
0
0
0
-0.63741
-0.62012
-0.62012
-0.69745
-0.62372
-0.65796
-0.62372
0
0
0
0
5.4658
0
0
0
0
0
0
0
-0.98532
0
0
0
0
0
0
0
0
0
0
-0.56338
-0.55048
-0.55048
-0.61418
-0.54916
0
-0.54916
0
-0.6525
0
0
0
4.1338
0
0
0
0
0
0
0
-0.1045
0
0
0
0
0
0
0
0
0
-0.54192
-0.53309
-0.53309
-0.59453
-0.52981
-0.54407
-0.52981
0
0
0
0
0
0
3.8063
0
0
0
0
0
0
0
0
0
0
0
0
0
0
0
0
-1.2364
-1.1724
-1.1724
0
0
0
0
0
0
0
0
0
0
0
5.3095
0
0
0
0
-1.7282
0
0
0
0
0
0
0
0
0
0
0
0
0
0
0
-0.42204
0
0
0
0
0
0
0
0
0
4.8718
0
0
0
-2.0309
0
-1.6624
0
0
-0.75649
0
0
0
0
0
-0.79716
-0.77922
-0.77922
-0.87181
0
0
0
0
0
0
0
0
0
0
0
0
3.2274
0
0
0
0
0
0
0
0
0
0
0
0
0
-0.67848
-0.67919
-0.67919
0
0
0
0
0
0
0
0
0
0
0
0
0
0
2.8311
-0.79424
0
0
0
0
0
0
0
0
0
0
0
-0.60649
0
0
0
0
0
0
-0.59698
0
0
0
0
0
0
0
0
0
-0.79424
2.8518
0
0
0
0
0
0
0
-0.85407
0
0
0
0
0
0
0
0
0
0
0
0
0
0
-0.98532
0
0
-1.7282
-2.0309
0
0
0
4.7445
0
0
0
0
0
0
0
0
0
0
0
0
0
0
0
0
0
0
0
0
0
0
-0.1045
0
0
0
0
0
0
0
1.0554
-0.66529
0
0
0
-0.28559
0
0
0
0
-0.45756
0
0
0
0
0
0
0
0
0
0
0
0
0
0
-1.6624
0
0
0
0
-0.66529
2.7852
0
0
0
0
0
0
0
0
-0.41386
-0.41666
-0.41666
0
0
0
0
0
0
0
0
0
0
0
0
0
0
0
0
0
0
0
1.2472
0
0
0
0
0
0
0
0
0
0
0
0
0
0
0
0
0
-8.4027
0
0
0
0
0
0
0
0
0
0
0
0
8.4027
0
0
0
0
0
0
0
0
0
0
0
0
0
0
0
0
0
0
0
0
0
-0.75649
0
0
0
0
0
0
0
0
0.75649
0
0
0
0
0
0
0
0
0
0
0
0
0
0
0
0
0
0
0
0
0
0
0
0
0
-0.28559
0
0
0
0
0.28559
0
0
0
0
0
0
0
0
0
0
0
0
0
0
0
0
0
0
0
0
0
0
-0.85407
0
0
0
0
0
0
0
0.85407
0
0
0
0
0
0
0
0
0
0
0
0
-8.4027
0
0
0
0
0
0
0
0
0
0
0
0
0
0
0
0
0
8.4027
0
0
0
0
0
0
0
0
0
0
-9.0757
0
0
0
0
0
0
0
0
0
0
0
0
0
0
0
0
0
0
0
9.0757
0
0
0
0
0
0
0
0
-10.6862
0
0
0
0
0
0
0
0
0
0
0
0
0
0
0
0
0
0
0
0
0
10.6862
