16.8775
-0.57372
-0.57372
-0.51183
-0.51183
-0.52461
-0.52767
-0.54173
-0.53551
-0.55829
-0.52735
-0.56563
-0.55629
-0.53633
-0.49029
-0.56888
-0.56888
0
0
0
0
0
0
0
0
0
-8.205
0
0
0
-0.57372
16.8775
-0.57372
-0.51183
-0.51183
-0.52461
-0.52767
-0.54173
-0.53551
-0.55829
-0.52735
-0.56563
-0.55629
-0.53633
-0.49029
-0.56888
-0.56888
0
0
0
0
0
0
0
0
0
0
-8.205
0
0
-0.57372
-0.57372
16.8775
-0.51183
-0.51183
-0.52461
-0.52767
-0.54173
-0.53551
-0.55829
-0.52735
-0.56563
-0.55629
-0.53633
-0.49029
-0.56888
-0.56888
0
0
0
0
0
0
0
0
0
0
0
-8.205
0
-0.51183
-0.51183
-0.51183
7.8745
-0.46105
-0.47694
-0.47904
-0.48819
-0.48513
-0.50291
-0.4771
-0.51177
-0.50168
-0.49134
-0.44459
-0.50964
-0.50964
0
0
0
0
0
0
0
0
0
0
0
0
0
-0.51183
-0.51183
-0.51183
-0.46105
7.8745
-0.47694
-0.47904
-0.48819
-0.48513
-0.50291
-0.4771
-0.51177
-0.50168
-0.49134
-0.44459
-0.50964
-0.50964
0
0
0
0
0
0
0
0
0
0
0
0
0
-0.52461
-0.52461
-0.52461
-0.47694
-0.47694
25.8088
-0.4753
-0.48304
-0.4859
-0.49592
-0.4821
-0.49724
-0.50967
0
-0.45362
0
0
0
0
0
0
0
0
0
-9.6992
-9.6992
0
0
0
0
-0.52767
-0.52767
-0.52767
-0.47904
-0.47904
-0.4753
6.7391
-0.48859
-0.49124
-0.50295
-0.48078
-0.51038
-0.50629
0
-0.44918
0
0
0
0
0
-0.29332
0
0
0
0
0
0
0
0
0
-0.54173
-0.54173
-0.54173
-0.48819
-0.48819
-0.48304
-0.48859
11.8701
-0.49703
-0.51785
-0.49117
-0.52214
-0.5206
0
0
0
0
0
0
0
0
0
0
0
0
0
0
0
0
-5.7481
-0.53551
-0.53551
-0.53551
-0.48513
-0.48513
-0.4859
-0.49124
-0.49703
5.2513
-0.54032
-0.47229
0
0
0
0
0
0
-0.1877
0
0
0
0
0
0
0
0
0
0
0
0
-0.55829
-0.55829
-0.55829
-0.50291
-0.50291
-0.49592
-0.50295
-0.51785
-0.54032
8.7505
-0.48887
0
0
0
0
0
0
0
0
0
0
0
0
-3.5239
0
0
0
0
0
0
-0.52735
-0.52735
-0.52735
-0.4771
-0.4771
-0.4821
-0.48078
-0.49117
-0.47229
-0.48887
4.9515
0
0
0
0
0
0
0
0
0
0
0
0
0
0
0
0
0
0
0
-0.56563
-0.56563
-0.56563
-0.51177
-0.51177
-0.49724
-0.51038
-0.52214
0
0
0
5.2078
0
0
0
0
0
0
0
0
0
0
-0.95761
0
0
0
0
0
0
0
-0.55629
-0.55629
-0.55629
-0.50168
-0.50168
-0.50967
-0.50629
-0.5206
0
0
0
0
4.2088
0
0
0
0
0
0
0
0
0
0
0
0
0
0
0
0
0
-0.53633
-0.53633
-0.53633
-0.49134
-0.49134
0
0
0
0
0
0
0
0
3.1198
0
0
0
-0.23537
0
-0.29282
0
0
0
0
0
0
0
0
0
0
-0.49029
-0.49029
-0.49029
-0.44459
-0.44459
-0.45362
-0.44918
0
0
0
0
0
0
0
3.2629
0
0
0
0
0
0
0
0
0
0
0
0
0
0
0
-0.56888
-0.56888
-0.56888
-0.50964
-0.50964
0
0
0
0
0
0
0
0
0
0
2.7259
0
0
0
0
0
0
0
0
0
0
0
0
0
0
-0.56888
-0.56888
-0.56888
-0.50964
-0.50964
0
0
0
0
0
0
0
0
0
0
0
2.7259
0
0
0
0
0
0
0
0
0
0
0
0
0
0
0
0
0
0
0
0
0
-0.1877
0
0
0
0
-0.23537
0
0
0
0.52758
0
0
0
-0.1045
0
0
0
0
0
0
0
0
0
0
0
0
0
0
0
0
0
0
0
0
0
0
0
0
0
0
4.7674
-2.6042
-2.1632
0
0
0
0
0
0
0
0
0
0
0
0
0
0
0
0
0
0
0
0
0
0
-0.29282
0
0
0
0
-2.6042
2.8971
0
0
0
0
0
0
0
0
0
0
0
0
0
0
0
0
-0.29332
0
0
0
0
0
0
0
0
0
0
0
-2.1632
0
2.4565
0
0
0
0
0
0
0
0
0
0
0
0
0
0
0
0
0
0
0
0
0
0
0
0
0
0
-0.1045
0
0
0
0.1045
0
0
0
0
0
0
0
0
0
0
0
0
0
0
0
0
0
0
0
-0.95761
0
0
0
0
0
0
0
0
0
0
0.95761
0
0
0
0
0
0
0
0
0
0
0
0
0
0
0
0
-3.5239
0
0
0
0
0
0
0
0
0
0
0
0
0
3.5239
0
0
0
0
0
0
0
0
0
0
0
-9.6992
0
0
0
0
0
0
0
0
0
0
0
0
0
0
0
0
0
0
9.6992
0
0
0
0
0
0
0
0
0
0
-9.6992
0
0
0
0
0
0
0
0
0
0
0
0
0
0
0
0
0
0
0
9.6992
0
0
0
0
-8.205
0
0
0
0
0
0
0
0
0
0
0
0
0
0
0
0
0
0
0
0
0
0
0
0
0
8.205
0
0
0
0
-8.205
0
0
0
0
0
0
0
0
0
0
0
0
0
0
0
0
0
0
0
0
0
0
0
0
0
8.205
0
0
0
0
-8.205
0
0
0
0
0
0
0
0
0
0
0
0
0
0
0
0
0
0
0
0
0
0
0
0
0
8.205
0
0
0
0
0
0
0
0
-5.7481
0
0
0
0
0
0
0
0
0
0
0
0
0
0
0
0
0
0
0
0
0
5.7481
