22.8218
-0.80368
-0.81011
-0.75713
-0.72416
-0.72702
-0.72957
-0.7345
-0.74347
-0.75922
-0.74339
-0.74141
-0.7462
0
0
0
0
0
-0.65059
0
0
0
0
0
0
-6.5757
0
-6.5757
0
0
-0.80368
12.0482
-0.74635
-0.71329
-0.70717
-0.70866
-0.70712
-0.71166
-0.7293
-0.73419
-0.70759
-0.71942
-0.72461
-1.5831
-0.81971
-0.93234
0
0
0
0
0
0
0
0
0
0
0
0
0
0
-0.81011
-0.74635
17.7721
-0.7271
-0.71994
-0.72162
-0.72084
-0.7253
-0.74225
-0.74949
-0.72761
-0.73322
-0.73833
-1.6004
0
-0.98329
0
0
0
0
0
0
0
-6.3262
0
0
0
0
0
0
-0.75713
-0.71329
-0.7271
11.0069
-0.69628
-0.69721
-0.69526
-0.69979
-0.71857
-0.72165
-0.70065
-0.7071
-0.71166
-1.5489
0
-0.91227
0
0
0
0
0
0
0
0
0
0
0
0
0
0
-0.72416
-0.70717
-0.71994
-0.69628
9.1912
-0.6698
-0.67423
-0.68233
-0.70122
-0.70343
-0.6817
-0.68781
-0.69176
0
0
0
0
0
0
0
-0.85139
0
0
0
0
0
0
0
0
0
-0.72702
-0.70866
-0.72162
-0.69721
-0.6698
8.9142
-0.67955
-0.68261
-0.69707
-0.70726
-0.68317
-0.68809
-0.69195
0
0
0
-0.56014
0
0
0
0
0
0
0
0
0
0
0
0
0
-0.72957
-0.70712
-0.72084
-0.69526
-0.67423
-0.67955
9.2305
-0.67962
-0.696
-0.69671
-0.67965
-0.68409
-0.68816
0
0
0
0
-0.89976
0
0
0
0
0
0
0
0
0
0
0
0
-0.7345
-0.71166
-0.7253
-0.69979
-0.68233
-0.68261
-0.67962
7.7018
-0.70726
-0.70823
-0.68243
-0.68813
0
0
0
0
0
0
0
0
0
0
0
0
0
0
0
0
0
0
-0.74347
-0.7293
-0.74225
-0.71857
-0.70122
-0.69707
-0.696
-0.70726
7.3577
0
0
0
0
0
0
0
0
0
0
-0.72703
0
0
-0.89548
0
0
0
0
0
0
0
-0.75922
-0.73419
-0.74949
-0.72165
-0.70343
-0.70726
-0.69671
-0.70823
0
7.436
0
0
0
0
0
0
0
-0.91369
0
-0.74209
0
0
0
0
0
0
0
0
0
0
-0.74339
-0.70759
-0.72761
-0.70065
-0.6817
-0.68317
-0.67965
-0.68243
0
0
6.3694
0
0
0
-0.76322
0
0
0
0
0
0
0
0
0
0
0
0
0
0
0
-0.74141
-0.71942
-0.73322
-0.7071
-0.68781
-0.68809
-0.68409
-0.68813
0
0
0
5.6493
0
0
0
0
0
0
0
0
0
0
0
0
0
0
0
0
0
0
-0.7462
-0.72461
-0.73833
-0.71166
-0.69176
-0.69195
-0.68816
0
0
0
0
0
4.9927
0
0
0
0
0
0
0
0
0
0
0
0
0
0
0
0
0
0
-1.5831
-1.6004
-1.5489
0
0
0
0
0
0
0
0
0
9.0899
0
0
0
0
0
0
0
0
0
0
0
0
-4.3575
0
0
0
0
-0.81971
0
0
0
0
0
0
0
0
-0.76322
0
0
0
3.6314
-1
0
0
-1.0484
0
0
0
0
0
0
0
0
0
0
0
0
-0.93234
-0.98329
-0.91227
0
0
0
0
0
0
0
0
0
0
-1
3.8279
0
0
0
0
0
0
0
0
0
0
0
0
0
0
0
0
0
0
0
-0.56014
0
0
0
0
0
0
0
0
0
0
2.8787
-1.2284
0
0
0
0
0
0
0
0
0
0
0
-1.0902
0
0
0
0
0
0
-0.89976
0
0
-0.91369
0
0
0
0
0
0
-1.2284
3.0418
0
0
0
0
0
0
0
0
0
0
0
0
-0.65059
0
0
0
0
0
0
0
0
0
0
0
0
0
-1.0484
0
0
0
2.6518
0
0
0
0
0
-0.95278
0
0
0
0
0
0
0
0
0
0
0
0
0
-0.72703
-0.74209
0
0
0
0
0
0
0
0
0
2.3195
0
0
0
0
0
0
0
0
-0.85041
0
0
0
0
0
-0.85139
0
0
0
0
0
0
0
0
0
0
0
0
0
0
0
1.7644
-0.91303
0
0
0
0
0
0
0
0
0
0
0
0
0
0
0
0
0
0
0
0
0
0
0
0
0
0
0
0
-0.91303
1.7959
-0.8829
0
0
0
0
0
0
0
0
0
0
0
0
0
0
0
-0.89548
0
0
0
0
0
0
0
0
0
0
0
0
-0.8829
1.7784
0
0
0
0
0
0
0
0
0
-6.3262
0
0
0
0
0
0
0
0
0
0
0
0
0
0
0
0
0
0
0
0
6.3262
0
0
0
0
0
0
0
0
0
0
0
0
0
0
0
0
0
0
0
0
0
0
0
0
-0.95278
0
0
0
0
0
0.95278
0
0
0
0
0
-6.5757
0
0
0
0
0
0
0
0
0
0
0
0
0
0
0
0
0
0
0
0
0
0
0
0
6.5757
0
0
0
0
0
0
0
0
0
0
0
0
0
0
0
0
0
-4.3575
0
0
0
0
0
0
0
0
0
0
0
0
4.3575
0
0
0
-6.5757
0
0
0
0
0
0
0
0
0
0
0
0
0
0
0
0
0
0
0
0
0
0
0
0
0
0
6.5757
0
0
0
0
0
0
0
0
0
0
0
0
0
0
0
0
0
0
0
0
0
-0.85041
0
0
0
0
0
0
0
0
0.85041
0
0
0
0
0
0
0
0
0
0
0
0
0
0
0
0
0
-1.0902
0
0
0
0
0
0
0
0
0
0
0
0
1.0902
