21.18
-0.82284
-0.80674
-0.77577
-0.81093
-0.84609
-0.81471
-0.80928
-0.83198
-0.78
-0.77423
-0.77423
-0.80447
-0.88602
-0.79391
-0.83801
0
-1.0489
-1.0489
0
0
0
0
0
0
0
-6.913
0
0
0
-0.82284
21.18
-0.80674
-0.77577
-0.81093
-0.84609
-0.81471
-0.80928
-0.83198
-0.78
-0.77423
-0.77423
-0.80447
-0.88602
-0.79391
-0.83801
0
-1.0489
-1.0489
0
0
0
0
0
0
0
0
0
-6.913
0
-0.80674
-0.80674
14.5977
-0.76369
-0.79549
-0.82632
-0.79807
-0.79426
-0.81345
-0.76534
-0.76159
-0.76159
-0.78809
-0.86422
-0.78458
-0.82825
0
-1.0435
-1.0435
-0.55225
0
0
0
0
0
0
0
0
0
0
-0.77577
-0.77577
-0.76369
13.5302
-0.77081
-0.79869
-0.77255
-0.76777
-0.78738
-0.74247
-0.73863
-0.73863
-0.76315
-0.83178
-0.76263
-0.79644
0
-0.97201
-0.97201
0
0
0
0
0
0
0
0
0
0
0
-0.81093
-0.81093
-0.79549
-0.77081
12.0224
-0.83087
-0.80208
-0.80103
-0.81883
-0.76771
-0.76685
-0.76685
-0.79129
-0.86725
-0.79111
-0.83036
0
0
0
0
0
0
0
0
0
0
0
0
0
0
-0.84609
-0.84609
-0.82632
-0.79869
-0.83087
16.9741
-0.83759
-0.83813
-0.86056
-0.7973
-0.79964
-0.79964
-0.82635
-0.9159
0
0
0
0
0
0
0
0
0
-6.1509
0
0
0
0
0
0
-0.81471
-0.81471
-0.79807
-0.77255
-0.80208
-0.83759
10.4412
-0.80931
-0.82935
-0.76322
-0.76938
-0.76938
-0.79058
-0.87024
0
0
0
0
0
0
0
0
0
0
0
0
0
0
0
0
-0.80928
-0.80928
-0.79426
-0.76777
-0.80103
-0.83813
-0.80931
10.3528
-0.82267
-0.75757
-0.76633
-0.76633
-0.78588
0
0
0
0
0
0
0
0
-0.82499
0
0
0
0
0
0
0
0
-0.83198
-0.83198
-0.81345
-0.78738
-0.81883
-0.86056
-0.82935
-0.82267
15.6046
-0.77323
-0.77768
-0.77768
-0.80238
0
0
0
0
0
0
0
0
0
-5.8774
0
0
0
0
0
0
0
-0.78
-0.78
-0.76534
-0.74247
-0.76771
-0.7973
-0.76322
-0.75757
-0.77323
9.1324
-0.7285
-0.7285
-0.74852
0
0
0
0
0
0
0
0
0
0
0
0
0
0
0
0
0
-0.77423
-0.77423
-0.76159
-0.73863
-0.76685
-0.79964
-0.76938
-0.76633
-0.77768
-0.7285
9.0537
-0.70488
0
0
0
0
-0.6917
0
0
0
0
0
0
0
0
0
0
0
0
0
-0.77423
-0.77423
-0.76159
-0.73863
-0.76685
-0.79964
-0.76938
-0.76633
-0.77768
-0.7285
-0.70488
9.0537
0
0
0
0
-0.6917
0
0
0
0
0
0
0
0
0
0
0
0
0
-0.80447
-0.80447
-0.78809
-0.76315
-0.79129
-0.82635
-0.79058
-0.78588
-0.80238
-0.74852
0
0
7.9052
0
0
0
0
0
0
0
0
0
0
0
0
0
0
0
0
0
-0.88602
-0.88602
-0.86422
-0.83178
-0.86725
-0.9159
-0.87024
0
0
0
0
0
0
6.1214
0
0
0
0
0
0
0
0
0
0
0
0
0
0
0
0
-0.79391
-0.79391
-0.78458
-0.76263
-0.79111
0
0
0
0
0
0
0
0
0
5.5497
0
0
0
0
0
0
0
0
0
0
-1.6236
0
0
0
0
-0.83801
-0.83801
-0.82825
-0.79644
-0.83036
0
0
0
0
0
0
0
0
0
0
4.7801
0
0
0
0
-0.649
0
0
0
0
0
0
0
0
0
0
0
0
0
0
0
0
0
0
0
-0.6917
-0.6917
0
0
0
0
3.3373
0
0
0
-0.60503
-0.75094
0
0
0
0
0
0
0
-0.59793
-1.0489
-1.0489
-1.0435
-0.97201
0
0
0
0
0
0
0
0
0
0
0
0
0
4.1134
0
0
0
0
0
0
0
0
0
0
0
0
-1.0489
-1.0489
-1.0435
-0.97201
0
0
0
0
0
0
0
0
0
0
0
0
0
0
4.1134
0
0
0
0
0
0
0
0
0
0
0
0
0
-0.55225
0
0
0
0
0
0
0
0
0
0
0
0
0
0
0
0
1.7298
0
-0.60158
0
0
-0.57599
0
0
0
0
0
0
0
0
0
0
0
0
0
0
0
0
0
0
0
0
-0.649
-0.60503
0
0
0
1.8259
0
0
0
0
0
0
-0.57191
0
0
0
0
0
0
0
0
0
-0.82499
0
0
0
0
0
0
0
0
-0.75094
0
0
-0.60158
0
2.1775
0
0
0
0
0
0
0
0
0
0
0
0
0
0
0
0
-5.8774
0
0
0
0
0
0
0
0
0
0
0
0
0
5.8774
0
0
0
0
0
0
0
0
0
0
0
0
-6.1509
0
0
0
0
0
0
0
0
0
0
0
0
0
0
0
0
0
6.1509
0
0
0
0
0
0
0
0
0
0
0
0
0
0
0
0
0
0
0
0
0
0
0
0
0
-0.57599
0
0
0
0
0.57599
0
0
0
0
0
0
0
0
0
0
0
0
0
0
0
0
0
0
0
-1.6236
0
0
0
0
0
0
0
0
0
0
1.6236
0
0
0
0
-6.913
0
0
0
0
0
0
0
0
0
0
0
0
0
0
0
0
0
0
0
0
0
0
0
0
0
6.913
0
0
0
0
0
0
0
0
0
0
0
0
0
0
0
0
0
0
0
0
0
0
0
-0.57191
0
0
0
0
0
0
0.57191
0
0
0
-6.913
0
0
0
0
0
0
0
0
0
0
0
0
0
0
0
0
0
0
0
0
0
0
0
0
0
0
6.913
0
0
0
0
0
0
0
0
0
0
0
0
0
0
0
0
0
-0.59793
0
0
0
0
0
0
0
0
0
0
0
0
0.59793
