44.932
-0.70817
-0.70817
-0.70817
-0.73403
-0.70817
-0.70817
-0.70817
-0.53317
-0.53317
-0.53317
-0.53317
-0.53317
-0.57205
-0.53317
-0.53317
-0.53317
-0.58178
0
0
0
-11.5099
0
0
-11.5099
0
0
0
-11.5099
0
-0.70817
18.3066
-0.93371
-0.93371
-0.93054
-0.93371
-0.93371
-0.93371
-0.63702
-0.63702
-0.63702
-0.63702
-0.63702
-0.71454
-0.63702
-0.63702
-0.63702
-0.72436
0
0
0
0
0
0
0
0
-5.4642
0
0
0
-0.70817
-0.93371
18.3066
-0.93371
-0.93054
-0.93371
-0.93371
-0.93371
-0.63702
-0.63702
-0.63702
-0.63702
-0.63702
-0.71454
-0.63702
-0.63702
-0.63702
-0.72436
0
0
0
0
0
0
0
0
0
-5.4642
0
0
-0.70817
-0.93371
-0.93371
18.3066
-0.93054
-0.93371
-0.93371
-0.93371
-0.63702
-0.63702
-0.63702
-0.63702
-0.63702
-0.71454
-0.63702
-0.63702
-0.63702
-0.72436
0
0
0
0
0
-5.4642
0
0
0
0
0
0
-0.73403
-0.93054
-0.93054
-0.93054
13.7685
-0.93054
-0.93054
-0.93054
-0.62824
-0.62824
-0.62824
-0.62824
-0.62824
-0.70062
-0.62824
-0.62824
-0.62824
-0.67731
0
-1.0474
0
0
0
0
0
0
0
0
0
0
-0.70817
-0.93371
-0.93371
-0.93371
-0.93054
18.3066
-0.93371
-0.93371
-0.63702
-0.63702
-0.63702
-0.63702
-0.63702
-0.71454
-0.63702
-0.63702
-0.63702
-0.72436
0
0
-5.4642
0
0
0
0
0
0
0
0
0
-0.70817
-0.93371
-0.93371
-0.93371
-0.93054
-0.93371
18.3066
-0.93371
-0.63702
-0.63702
-0.63702
-0.63702
-0.63702
-0.71454
-0.63702
-0.63702
-0.63702
-0.72436
0
0
0
0
0
0
0
0
0
0
0
-5.4642
-0.70817
-0.93371
-0.93371
-0.93371
-0.93054
-0.93371
-0.93371
18.3066
-0.63702
-0.63702
-0.63702
-0.63702
-0.63702
-0.71454
-0.63702
-0.63702
-0.63702
-0.72436
0
0
0
0
0
0
0
-5.4642
0
0
0
0
-0.53317
-0.63702
-0.63702
-0.63702
-0.62824
-0.63702
-0.63702
-0.63702
9.0508
-0.43875
-0.43875
-0.43875
-0.43875
-0.49624
-0.43875
-0.43875
-0.43875
-0.49971
0
0
0
0
0
0
0
0
0
0
0
0
-0.53317
-0.63702
-0.63702
-0.63702
-0.62824
-0.63702
-0.63702
-0.63702
-0.43875
9.0508
-0.43875
-0.43875
-0.43875
-0.49624
-0.43875
-0.43875
-0.43875
-0.49971
0
0
0
0
0
0
0
0
0
0
0
0
-0.53317
-0.63702
-0.63702
-0.63702
-0.62824
-0.63702
-0.63702
-0.63702
-0.43875
-0.43875
9.0508
-0.43875
-0.43875
-0.49624
-0.43875
-0.43875
-0.43875
-0.49971
0
0
0
0
0
0
0
0
0
0
0
0
-0.53317
-0.63702
-0.63702
-0.63702
-0.62824
-0.63702
-0.63702
-0.63702
-0.43875
-0.43875
-0.43875
9.0508
-0.43875
-0.49624
-0.43875
-0.43875
-0.43875
-0.49971
0
0
0
0
0
0
0
0
0
0
0
0
-0.53317
-0.63702
-0.63702
-0.63702
-0.62824
-0.63702
-0.63702
-0.63702
-0.43875
-0.43875
-0.43875
-0.43875
9.0508
-0.49624
-0.43875
-0.43875
-0.43875
-0.49971
0
0
0
0
0
0
0
0
0
0
0
0
-0.57205
-0.71454
-0.71454
-0.71454
-0.70062
-0.71454
-0.71454
-0.71454
-0.49624
-0.49624
-0.49624
-0.49624
-0.49624
9.6344
-0.49624
-0.49624
-0.49624
0
-0.1045
0
0
0
0
0
0
0
0
0
0
0
-0.53317
-0.63702
-0.63702
-0.63702
-0.62824
-0.63702
-0.63702
-0.63702
-0.43875
-0.43875
-0.43875
-0.43875
-0.43875
-0.49624
9.0508
-0.43875
-0.43875
-0.49971
0
0
0
0
0
0
0
0
0
0
0
0
-0.53317
-0.63702
-0.63702
-0.63702
-0.62824
-0.63702
-0.63702
-0.63702
-0.43875
-0.43875
-0.43875
-0.43875
-0.43875
-0.49624
-0.43875
9.0508
-0.43875
-0.49971
0
0
0
0
0
0
0
0
0
0
0
0
-0.53317
-0.63702
-0.63702
-0.63702
-0.62824
-0.63702
-0.63702
-0.63702
-0.43875
-0.43875
-0.43875
-0.43875
-0.43875
-0.49624
-0.43875
-0.43875
9.0508
-0.49971
0
0
0
0
0
0
0
0
0
0
0
0
-0.58178
-0.72436
-0.72436
-0.72436
-0.67731
-0.72436
-0.72436
-0.72436
-0.49971
-0.49971
-0.49971
-0.49971
-0.49971
0
-0.49971
-0.49971
-0.49971
10.3839
0
-0.78097
0
0
0
0
0
0
0
0
0
0
0
0
0
0
0
0
0
0
0
0
0
0
0
-0.1045
0
0
0
0
0.99801
-0.50018
0
0
-0.39333
0
0
0
0
0
0
0
0
0
0
0
-1.0474
0
0
0
0
0
0
0
0
0
0
0
0
-0.78097
-0.50018
2.3285
0
0
0
0
0
0
0
0
0
0
0
0
0
0
0
-5.4642
0
0
0
0
0
0
0
0
0
0
0
0
0
0
5.4642
0
0
0
0
0
0
0
0
0
-11.5099
0
0
0
0
0
0
0
0
0
0
0
0
0
0
0
0
0
0
0
0
11.5099
0
0
0
0
0
0
0
0
0
0
0
0
0
0
0
0
0
0
0
0
0
0
0
0
0
0
-0.39333
0
0
0
0.39333
0
0
0
0
0
0
0
0
0
0
-5.4642
0
0
0
0
0
0
0
0
0
0
0
0
0
0
0
0
0
0
0
5.4642
0
0
0
0
0
0
-11.5099
0
0
0
0
0
0
0
0
0
0
0
0
0
0
0
0
0
0
0
0
0
0
0
11.5099
0
0
0
0
0
0
0
0
0
0
0
0
-5.4642
0
0
0
0
0
0
0
0
0
0
0
0
0
0
0
0
0
5.4642
0
0
0
0
0
-5.4642
0
0
0
0
0
0
0
0
0
0
0
0
0
0
0
0
0
0
0
0
0
0
0
0
5.4642
0
0
0
0
0
-5.4642
0
0
0
0
0
0
0
0
0
0
0
0
0
0
0
0
0
0
0
0
0
0
0
0
5.4642
0
0
-11.5099
0
0
0
0
0
0
0
0
0
0
0
0
0
0
0
0
0
0
0
0
0
0
0
0
0
0
0
11.5099
0
0
0
0
0
0
0
-5.4642
0
0
0
0
0
0
0
0
0
0
0
0
0
0
0
0
0
0
0
0
0
0
5.4642
