36.403
-0.75528
-0.76745
-0.68052
-0.68052
-0.68052
-0.68052
-0.71152
-0.70425
-0.6907
-0.73357
-0.73039
-0.71774
-0.71774
-0.70433
-0.78317
-0.70241
-0.70241
-0.70241
-0.70071
0
0
-11.4284
0
0
0
0
-11.4284
0
0
-0.75528
13.814
-0.81193
-0.69472
-0.69472
-0.69472
-0.69472
-0.76288
-0.72612
-0.70951
-0.7497
-0.80678
-0.73344
-0.73344
-0.71967
-0.81105
-0.71191
-0.71191
-0.71191
0
-0.5796
0
0
0
0
0
0
0
0
0
-0.76745
-0.81193
23.5012
-0.71372
-0.71372
-0.71372
-0.71372
-0.78206
-0.74856
-0.72827
-0.77188
-0.81098
-0.75502
-0.75502
-0.74076
-0.84712
-0.73279
-0.73279
-0.73279
0
0
0
0
-9.9289
0
0
0
0
0
0
-0.68052
-0.69472
-0.71372
11.7018
-0.59615
-0.59615
-0.59615
-0.67545
-0.64299
-0.62382
-0.65853
-0.70892
-0.64461
-0.64461
-0.6328
-0.72423
-0.6228
-0.6228
-0.6228
0
0
0
0
0
0
0
0
0
0
0
-0.68052
-0.69472
-0.71372
-0.59615
11.7018
-0.59615
-0.59615
-0.67545
-0.64299
-0.62382
-0.65853
-0.70892
-0.64461
-0.64461
-0.6328
-0.72423
-0.6228
-0.6228
-0.6228
0
0
0
0
0
0
0
0
0
0
0
-0.68052
-0.69472
-0.71372
-0.59615
-0.59615
11.7018
-0.59615
-0.67545
-0.64299
-0.62382
-0.65853
-0.70892
-0.64461
-0.64461
-0.6328
-0.72423
-0.6228
-0.6228
-0.6228
0
0
0
0
0
0
0
0
0
0
0
-0.68052
-0.69472
-0.71372
-0.59615
-0.59615
-0.59615
11.7018
-0.67545
-0.64299
-0.62382
-0.65853
-0.70892
-0.64461
-0.64461
-0.6328
-0.72423
-0.6228
-0.6228
-0.6228
0
0
0
0
0
0
0
0
0
0
0
-0.71152
-0.76288
-0.78206
-0.67545
-0.67545
-0.67545
-0.67545
18.9219
-0.67962
-0.66711
-0.71014
-0.72216
-0.69492
-0.69492
-0.68202
0
0
0
0
0
0
-0.25201
0
0
0
0
0
0
0
-8.8608
-0.70425
-0.72612
-0.74856
-0.64299
-0.64299
-0.64299
-0.64299
-0.67962
10.1394
-0.63338
-0.67423
-0.70637
-0.65993
-0.65993
-0.64779
0
0
0
0
-0.72725
0
0
0
0
0
0
0
0
0
0
-0.6907
-0.70951
-0.72827
-0.62382
-0.62382
-0.62382
-0.62382
-0.66711
-0.63338
9.1452
-0.64601
-0.68929
-0.6324
-0.6324
-0.62085
0
0
0
0
0
0
0
0
0
0
0
0
0
0
0
-0.73357
-0.7497
-0.77188
-0.65853
-0.65853
-0.65853
-0.65853
-0.71014
-0.67423
-0.64601
8.2847
0
-0.68255
-0.68255
0
0
0
0
0
0
0
0
0
0
0
0
0
0
0
0
-0.73039
-0.80678
-0.81098
-0.70892
-0.70892
-0.70892
-0.70892
-0.72216
-0.70637
-0.68929
0
14.7876
0
0
0
0
0
0
0
0
-0.55215
0
0
0
0
0
0
0
-6.9338
0
-0.71774
-0.73344
-0.75502
-0.64461
-0.64461
-0.64461
-0.64461
-0.69492
-0.65993
-0.6324
-0.68255
0
7.4544
0
0
0
0
0
0
0
0
0
0
0
0
0
0
0
0
0
-0.71774
-0.73344
-0.75502
-0.64461
-0.64461
-0.64461
-0.64461
-0.69492
-0.65993
-0.6324
-0.68255
0
0
7.4544
0
0
0
0
0
0
0
0
0
0
0
0
0
0
0
0
-0.70433
-0.71967
-0.74076
-0.6328
-0.6328
-0.6328
-0.6328
-0.68202
-0.64779
-0.62085
0
0
0
0
6.6466
0
0
0
0
0
0
0
0
0
0
0
0
0
0
0
-0.78317
-0.81105
-0.84712
-0.72423
-0.72423
-0.72423
-0.72423
0
0
0
0
0
0
0
0
5.7276
0
0
0
0
0
-0.38934
0
0
0
0
0
0
0
0
-0.70241
-0.71191
-0.73279
-0.6228
-0.6228
-0.6228
-0.6228
0
0
0
0
0
0
0
0
0
4.6383
0
0
0
0
0
0
0
0
0
0
0
0
0
-0.70241
-0.71191
-0.73279
-0.6228
-0.6228
-0.6228
-0.6228
0
0
0
0
0
0
0
0
0
0
4.6383
0
0
0
0
0
0
0
0
0
0
0
0
-0.70241
-0.71191
-0.73279
-0.6228
-0.6228
-0.6228
-0.6228
0
0
0
0
0
0
0
0
0
0
0
4.6383
0
0
0
0
0
0
0
0
0
0
0
-0.70071
0
0
0
0
0
0
0
-0.72725
0
0
0
0
0
0
0
0
0
0
2.3941
0
0
0
0
-0.96617
0
0
0
0
0
0
-0.5796
0
0
0
0
0
0
0
0
0
-0.55215
0
0
0
0
0
0
0
0
1.6692
0
0
0
0
-0.5375
0
0
0
0
0
0
0
0
0
0
0
-0.25201
0
0
0
0
0
0
0
-0.38934
0
0
0
0
0
0.74585
0
0
0
0
-0.1045
0
0
0
-11.4284
0
0
0
0
0
0
0
0
0
0
0
0
0
0
0
0
0
0
0
0
0
11.4284
0
0
0
0
0
0
0
0
0
-9.9289
0
0
0
0
0
0
0
0
0
0
0
0
0
0
0
0
0
0
0
0
9.9289
0
0
0
0
0
0
0
0
0
0
0
0
0
0
0
0
0
0
0
0
0
0
0
0
0
-0.96617
0
0
0
0
0.96617
0
0
0
0
0
0
0
0
0
0
0
0
0
0
0
0
0
0
0
0
0
0
0
0
0
-0.5375
0
0
0
0
0.5375
0
0
0
0
0
0
0
0
0
0
0
0
0
0
0
0
0
0
0
0
0
0
0
0
0
-0.1045
0
0
0
0
0.1045
0
0
0
-11.4284
0
0
0
0
0
0
0
0
0
0
0
0
0
0
0
0
0
0
0
0
0
0
0
0
0
0
11.4284
0
0
0
0
0
0
0
0
0
0
0
0
0
-6.9338
0
0
0
0
0
0
0
0
0
0
0
0
0
0
0
0
6.9338
0
0
0
0
0
0
0
0
-8.8608
0
0
0
0
0
0
0
0
0
0
0
0
0
0
0
0
0
0
0
0
0
8.8608
