20.8307
-0.99727
-0.96504
-0.84261
-0.84261
-0.86218
-0.84261
-0.8663
-0.91236
-0.88939
-0.88939
-0.91904
-0.91904
-0.88939
-0.90834
-1.0342
-1.0342
-0.98718
-0.98718
-0.8921
-0.64907
0
-2.7012
0
0
0
0
0
0
0
-0.99727
23.4453
-0.99727
-0.84711
-0.84711
-0.8644
-0.84711
-0.87067
-0.91628
-0.89241
-0.89241
-0.90503
-0.90503
-0.89241
-0.89451
-1.0448
-1.0448
-0.99861
-0.99861
-0.89532
-0.65682
0
0
0
0
0
-5.2372
0
0
0
-0.96504
-0.99727
20.8307
-0.84261
-0.84261
-0.86218
-0.84261
-0.8663
-0.91236
-0.88939
-0.88939
-0.91904
-0.91904
-0.88939
-0.90834
-1.0342
-1.0342
-0.98718
-0.98718
-0.8921
-0.64907
0
-2.7012
0
0
0
0
0
0
0
-0.84261
-0.84711
-0.84261
15.5782
-0.71302
-0.74543
-0.71302
-0.7392
-0.77728
-0.75819
-0.75819
-0.78111
-0.78111
-0.75819
-0.77222
-0.87764
-0.87764
-0.8382
-0.8382
-0.76339
-0.55389
0
0
0
0
0
0
0
0
0
-0.84261
-0.84711
-0.84261
-0.71302
15.5782
-0.74543
-0.71302
-0.7392
-0.77728
-0.75819
-0.75819
-0.78111
-0.78111
-0.75819
-0.77222
-0.87764
-0.87764
-0.8382
-0.8382
-0.76339
-0.55389
0
0
0
0
0
0
0
0
0
-0.86218
-0.8644
-0.86218
-0.74543
-0.74543
18.1938
-0.74543
-0.73996
-0.77757
-0.75831
-0.75831
-0.77792
-0.77792
-0.75831
-0.76907
-0.87852
-0.87852
-0.83926
-0.83926
0
-0.55561
0
0
0
-3.2602
0
0
0
0
0
-0.84261
-0.84711
-0.84261
-0.71302
-0.71302
-0.74543
15.5782
-0.7392
-0.77728
-0.75819
-0.75819
-0.78111
-0.78111
-0.75819
-0.77222
-0.87764
-0.87764
-0.8382
-0.8382
-0.76339
-0.55389
0
0
0
0
0
0
0
0
0
-0.8663
-0.87067
-0.8663
-0.7392
-0.7392
-0.73996
-0.7392
14.6732
-0.80286
-0.78393
-0.78393
-0.80411
-0.80411
-0.78393
-0.79493
-0.9089
-0.9089
-0.86839
-0.86839
0
0
0
0
0
0
0
0
0
0
0
-0.91236
-0.91628
-0.91236
-0.77728
-0.77728
-0.77757
-0.77728
-0.80286
13.5942
-0.8319
-0.8319
-0.84263
-0.84263
-0.8319
-0.83295
-0.96349
-0.96349
0
0
0
0
0
0
0
0
0
0
0
0
0
-0.88939
-0.89241
-0.88939
-0.75819
-0.75819
-0.75831
-0.75819
-0.78393
-0.8319
11.274
-0.70374
-0.85215
-0.85215
-0.70374
-0.84235
0
0
0
0
0
0
0
0
0
0
0
0
0
0
0
-0.88939
-0.89241
-0.88939
-0.75819
-0.75819
-0.75831
-0.75819
-0.78393
-0.8319
-0.70374
11.274
-0.85215
-0.85215
-0.70374
-0.84235
0
0
0
0
0
0
0
0
0
0
0
0
0
0
0
-0.91904
-0.90503
-0.91904
-0.78111
-0.78111
-0.77792
-0.78111
-0.80411
-0.84263
-0.85215
-0.85215
13.592
-0.76636
-0.85215
0
0
0
0
0
0
0
0
0
0
0
0
0
0
0
-2.7581
-0.91904
-0.90503
-0.91904
-0.78111
-0.78111
-0.77792
-0.78111
-0.80411
-0.84263
-0.85215
-0.85215
-0.76636
13.592
-0.85215
0
0
0
0
0
0
0
0
0
0
0
-2.7581
0
0
0
0
-0.88939
-0.89241
-0.88939
-0.75819
-0.75819
-0.75831
-0.75819
-0.78393
-0.8319
-0.70374
-0.70374
-0.85215
-0.85215
11.274
-0.84235
0
0
0
0
0
0
0
0
0
0
0
0
0
0
0
-0.90834
-0.89451
-0.90834
-0.77222
-0.77222
-0.76907
-0.77222
-0.79493
-0.83295
-0.84235
-0.84235
0
0
-0.84235
12.1056
0
0
0
0
0
0
0
0
0
0
0
0
0
-2.1538
0
-1.0342
-1.0448
-1.0342
-0.87764
-0.87764
-0.87852
-0.87764
-0.9089
-0.96349
0
0
0
0
0
0
8.4971
0
0
0
0
0
0
0
0
0
0
0
0
0
0
-1.0342
-1.0448
-1.0342
-0.87764
-0.87764
-0.87852
-0.87764
-0.9089
-0.96349
0
0
0
0
0
0
0
8.4971
0
0
0
0
0
0
0
0
0
0
0
0
0
-0.98718
-0.99861
-0.98718
-0.8382
-0.8382
-0.83926
-0.8382
-0.86839
0
0
0
0
0
0
0
0
0
7.1952
0
0
0
0
0
0
0
0
0
0
0
0
-0.98718
-0.99861
-0.98718
-0.8382
-0.8382
-0.83926
-0.8382
-0.86839
0
0
0
0
0
0
0
0
0
0
7.1952
0
0
0
0
0
0
0
0
0
0
0
-0.8921
-0.89532
-0.8921
-0.76339
-0.76339
0
-0.76339
0
0
0
0
0
0
0
0
0
0
0
0
5.7001
0
-0.73034
0
0
0
0
0
0
0
0
-0.64907
-0.65682
-0.64907
-0.55389
-0.55389
-0.55561
-0.55389
0
0
0
0
0
0
0
0
0
0
0
0
0
4.1722
0
0
0
0
0
0
0
0
0
0
0
0
0
0
0
0
0
0
0
0
0
0
0
0
0
0
0
0
-0.73034
0
13.2777
0
-4.9614
-2.66
0
0
-4.926
0
0
-2.7012
0
-2.7012
0
0
0
0
0
0
0
0
0
0
0
0
0
0
0
0
0
0
0
7.3694
-1.9671
0
0
0
0
0
0
0
0
0
0
0
0
0
0
0
0
0
0
0
0
0
0
0
0
0
0
0
-4.9614
-1.9671
6.9285
0
0
0
0
0
0
0
0
0
0
0
-3.2602
0
0
0
0
0
0
0
0
0
0
0
0
0
0
0
-2.66
0
0
5.9202
0
0
0
0
0
0
0
0
0
0
0
0
0
0
0
0
0
-2.7581
0
0
0
0
0
0
0
0
0
0
0
0
2.7581
0
0
0
0
0
-5.2372
0
0
0
0
0
0
0
0
0
0
0
0
0
0
0
0
0
0
0
0
0
0
0
0
5.2372
0
0
0
0
0
0
0
0
0
0
0
0
0
0
0
0
0
0
0
0
0
0
0
0
-4.926
0
0
0
0
0
4.926
0
0
0
0
0
0
0
0
0
0
0
0
0
0
0
0
-2.1538
0
0
0
0
0
0
0
0
0
0
0
0
0
2.1538
0
0
0
0
0
0
0
0
0
0
0
0
-2.7581
0
0
0
0
0
0
0
0
0
0
0
0
0
0
0
0
0
2.7581
