12.3238
-0.52048
-0.55397
-0.54619
-0.48844
-0.48844
-0.50212
-0.45118
-0.55604
-0.54729
-0.47924
-0.47924
-0.47924
-0.57068
-0.53477
-0.53477
-0.15542
-0.5766
-0.16749
-3.6922
0
0
0
0
0
0
0
0
0
0
-0.52048
12.2537
-0.55782
-0.55776
-0.49324
-0.49324
-0.51285
-0.4555
-0.56697
-0.54321
-0.4822
-0.4822
-0.4822
-0.58681
-0.54689
-0.54689
0
-0.57173
-0.18157
-3.6721
0
0
0
0
0
0
0
0
0
0
-0.55397
-0.55782
15.5664
-0.57082
-0.52027
-0.52027
-0.51432
-0.4711
-0.55823
-0.56945
-0.50323
-0.50323
-0.50323
-0.55649
-0.56635
-0.56635
-0.14404
0
0
0
0
0
0
0
0
-7.3873
0
0
0
0
-0.54619
-0.55776
-0.57082
16.3508
-0.50955
-0.50955
-0.51504
-0.46927
-0.56395
-0.55788
-0.49964
-0.49964
-0.49964
-0.56633
-0.57093
-0.57093
0
-0.63106
0
0
0
-7.7126
0
0
0
0
0
0
0
0
-0.48844
-0.49324
-0.52027
-0.50955
7.7099
-0.43728
-0.47973
-0.41097
-0.51188
-0.49223
-0.43706
-0.43706
-0.43706
-0.53065
-0.49654
-0.49654
0
-0.53138
0
0
0
0
0
0
0
0
0
0
0
0
-0.48844
-0.49324
-0.52027
-0.50955
-0.43728
7.7099
-0.47973
-0.41097
-0.51188
-0.49223
-0.43706
-0.43706
-0.43706
-0.53065
-0.49654
-0.49654
0
-0.53138
0
0
0
0
0
0
0
0
0
0
0
0
-0.50212
-0.51285
-0.51432
-0.51504
-0.47973
-0.47973
14.2564
-0.42024
-0.49961
-0.49516
-0.44779
-0.44779
-0.44779
-0.50222
-0.51463
-0.51463
0
0
0
0
0
0
0
-6.9628
0
0
0
0
0
0
-0.45118
-0.4555
-0.4711
-0.46927
-0.41097
-0.41097
-0.42024
6.5798
-0.46172
-0.4433
-0.39826
-0.39826
-0.39826
-0.48049
-0.45511
-0.45511
0
0
0
0
0
0
0
0
0
0
0
0
0
0
-0.55604
-0.56697
-0.55823
-0.56395
-0.51188
-0.51188
-0.49961
-0.46172
10.9478
-0.61046
-0.5014
-0.5014
-0.5014
0
0
0
0
0
0
0
0
0
0
0
0
0
0
0
-4.6028
0
-0.54729
-0.54321
-0.56945
-0.55788
-0.49223
-0.49223
-0.49516
-0.4433
-0.61046
6.4164
-0.48731
-0.48731
-0.48731
0
0
0
-0.20322
0
0
0
0
0
0
0
0
0
0
0
0
0
-0.47924
-0.4822
-0.50323
-0.49964
-0.43706
-0.43706
-0.44779
-0.39826
-0.5014
-0.48731
5.4281
-0.37748
-0.37748
0
0
0
0
0
0
0
0
0
0
0
0
0
0
0
0
0
-0.47924
-0.4822
-0.50323
-0.49964
-0.43706
-0.43706
-0.44779
-0.39826
-0.5014
-0.48731
-0.37748
5.4281
-0.37748
0
0
0
0
0
0
0
0
0
0
0
0
0
0
0
0
0
-0.47924
-0.4822
-0.50323
-0.49964
-0.43706
-0.43706
-0.44779
-0.39826
-0.5014
-0.48731
-0.37748
-0.37748
5.4281
0
0
0
0
0
0
0
0
0
0
0
0
0
0
0
0
0
-0.57068
-0.58681
-0.55649
-0.56633
-0.53065
-0.53065
-0.50222
-0.48049
0
0
0
0
0
4.6126
0
0
0
0
0
0
0
0
0
0
0
0
0
0
0
-0.28827
-0.53477
-0.54689
-0.56635
-0.57093
-0.49654
-0.49654
-0.51463
-0.45511
0
0
0
0
0
0
4.1818
0
0
0
0
0
0
0
0
0
0
0
0
0
0
0
-0.53477
-0.54689
-0.56635
-0.57093
-0.49654
-0.49654
-0.51463
-0.45511
0
0
0
0
0
0
0
4.1818
0
0
0
0
0
0
0
0
0
0
0
0
0
0
-0.15542
0
-0.14404
0
0
0
0
0
0
-0.20322
0
0
0
0
0
0
34.8974
0
0
0
-2.9426
0
-10.484
0
-10.484
0
0
-10.484
0
0
-0.5766
-0.57173
0
-0.63106
-0.53138
-0.53138
0
0
0
0
0
0
0
0
0
0
0
4.6493
0
0
-1.8072
0
0
0
0
0
0
0
0
0
-0.16749
-0.18157
0
0
0
0
0
0
0
0
0
0
0
0
0
0
0
0
0.45356
0
0
0
0
0
0
0
-0.1045
0
0
0
-3.6922
-3.6721
0
0
0
0
0
0
0
0
0
0
0
0
0
0
0
0
0
7.3643
0
0
0
0
0
0
0
0
0
0
0
0
0
0
0
0
0
0
0
0
0
0
0
0
0
0
-2.9426
-1.8072
0
0
4.7498
0
0
0
0
0
0
0
0
0
0
0
0
-7.7126
0
0
0
0
0
0
0
0
0
0
0
0
0
0
0
0
0
7.7126
0
0
0
0
0
0
0
0
0
0
0
0
0
0
0
0
0
0
0
0
0
0
0
0
-10.484
0
0
0
0
0
10.484
0
0
0
0
0
0
0
0
0
0
0
0
0
-6.9628
0
0
0
0
0
0
0
0
0
0
0
0
0
0
0
0
6.9628
0
0
0
0
0
0
0
0
0
0
0
0
0
0
0
0
0
0
0
0
0
0
-10.484
0
0
0
0
0
0
0
10.484
0
0
0
0
0
0
0
-7.3873
0
0
0
0
0
0
0
0
0
0
0
0
0
0
0
0
0
0
0
0
0
0
7.3873
0
0
0
0
0
0
0
0
0
0
0
0
0
0
0
0
0
0
0
0
0
0
-0.1045
0
0
0
0
0
0
0
0.1045
0
0
0
0
0
0
0
0
0
0
0
0
0
0
0
0
0
0
0
-10.484
0
0
0
0
0
0
0
0
0
0
10.484
0
0
0
0
0
0
0
0
0
0
-4.6028
0
0
0
0
0
0
0
0
0
0
0
0
0
0
0
0
0
0
0
4.6028
0
0
0
0
0
0
0
0
0
0
0
0
0
0
-0.28827
0
0
0
0
0
0
0
0
0
0
0
0
0
0
0
0.28827
