21.6591
-0.37851
-0.36623
-0.368
-0.36623
-0.34569
-0.31552
-0.34569
-0.34569
-0.28837
-0.35293
-0.3503
-0.35886
-0.35886
-0.59339
-0.14862
0
0
0
0
0
0
-8.1881
0
0
0
0
0
0
-8.1881
-0.37851
7.8995
-0.3871
-0.40026
-0.3871
-0.36466
-0.35577
-0.36466
-0.36466
-0.33984
-0.3825
-0.36695
-0.37172
-0.37172
-0.59638
0
0
0
-2.4677
0
0
0
0
0
0
0
0
0
0
0
-0.36623
-0.3871
5.2132
-0.37812
-0.36152
-0.34768
-0.34933
-0.34768
-0.34768
-0.32969
-0.36901
-0.3528
-0.35818
-0.35818
-0.56
0
0
0
0
0
0
0
0
0
0
0
0
0
0
0
-0.368
-0.40026
-0.37812
9.2692
-0.37812
-0.35434
-0.3464
-0.35434
-0.35434
-0.3187
-0.37561
-0.3609
-0.36913
-0.36913
0
0
0
0
0
0
0
0
0
0
0
0
0
-4.5418
0
0
-0.36623
-0.3871
-0.36152
-0.37812
5.2132
-0.34768
-0.34933
-0.34768
-0.34768
-0.32969
-0.36901
-0.3528
-0.35818
-0.35818
-0.56
0
0
0
0
0
0
0
0
0
0
0
0
0
0
0
-0.34569
-0.36466
-0.34768
-0.35434
-0.34768
4.382
-0.32877
-0.32093
-0.32093
-0.30682
-0.34346
-0.32932
-0.33588
-0.33588
0
0
0
0
0
0
0
0
0
0
0
0
0
0
0
0
-0.31552
-0.35577
-0.34933
-0.3464
-0.34933
-0.32877
19.1326
-0.32877
-0.32877
0
-0.30227
-0.31085
0
0
0
0
0
-1.6929
0
0
0
0
0
0
0
-7.062
-7.062
0
0
0
-0.34569
-0.36466
-0.34768
-0.35434
-0.34768
-0.32093
-0.32877
4.382
-0.32093
-0.30682
-0.34346
-0.32932
-0.33588
-0.33588
0
0
0
0
0
0
0
0
0
0
0
0
0
0
0
0
-0.34569
-0.36466
-0.34768
-0.35434
-0.34768
-0.32093
-0.32877
-0.32093
4.382
-0.30682
-0.34346
-0.32932
-0.33588
-0.33588
0
0
0
0
0
0
0
0
0
0
0
0
0
0
0
0
-0.28837
-0.33984
-0.32969
-0.3187
-0.32969
-0.30682
0
-0.30682
-0.30682
28.6725
0
0
0
0
0
0
-0.14481
0
0
0
0
0
0
-8.667
-8.667
0
0
0
-8.667
0
-0.35293
-0.3825
-0.36901
-0.37561
-0.36901
-0.34346
-0.30227
-0.34346
-0.34346
0
6.1158
-0.34627
0
0
0
0
0
0
0
0
-2.5878
0
0
0
0
0
0
0
0
0
-0.3503
-0.36695
-0.3528
-0.3609
-0.3528
-0.32932
-0.31085
-0.32932
-0.32932
0
-0.34627
3.4288
0
0
0
0
0
0
0
0
0
0
0
0
0
0
0
0
0
0
-0.35886
-0.37172
-0.35818
-0.36913
-0.35818
-0.33588
0
-0.33588
-0.33588
0
0
0
2.8237
0
0
0
0
0
0
0
0
0
0
0
0
0
0
0
0
0
-0.35886
-0.37172
-0.35818
-0.36913
-0.35818
-0.33588
0
-0.33588
-0.33588
0
0
0
0
2.8237
0
0
0
0
0
0
0
0
0
0
0
0
0
0
0
0
-0.59339
-0.59638
-0.56
0
-0.56
0
0
0
0
0
0
0
0
0
2.3098
0
0
0
0
0
0
0
0
0
0
0
0
0
0
0
-0.14862
0
0
0
0
0
0
0
0
0
0
0
0
0
0
1.5092
-0.14735
-1.1087
0
0
0
-0.1045
0
0
0
0
0
0
0
0
0
0
0
0
0
0
0
0
0
-0.14481
0
0
0
0
0
-0.14735
2.0357
0
-1.6155
-0.12797
0
0
0
0
0
0
0
0
0
0
0
0
0
0
0
0
-1.6929
0
0
0
0
0
0
0
0
-1.1087
0
2.8015
0
0
0
0
0
0
0
0
0
0
0
0
0
-2.4677
0
0
0
0
0
0
0
0
0
0
0
0
0
0
-1.6155
0
4.0832
0
0
0
0
0
0
0
0
0
0
0
0
0
0
0
0
0
0
0
0
0
0
0
0
0
0
0
-0.12797
0
0
0.12797
0
0
0
0
0
0
0
0
0
0
0
0
0
0
0
0
0
0
0
0
-2.5878
0
0
0
0
0
0
0
0
0
2.5878
0
0
0
0
0
0
0
0
0
0
0
0
0
0
0
0
0
0
0
0
0
0
0
0
-0.1045
0
0
0
0
0
0.1045
0
0
0
0
0
0
0
0
-8.1881
0
0
0
0
0
0
0
0
0
0
0
0
0
0
0
0
0
0
0
0
0
8.1881
0
0
0
0
0
0
0
0
0
0
0
0
0
0
0
0
-8.667
0
0
0
0
0
0
0
0
0
0
0
0
0
8.667
0
0
0
0
0
0
0
0
0
0
0
0
0
0
0
-8.667
0
0
0
0
0
0
0
0
0
0
0
0
0
0
8.667
0
0
0
0
0
0
0
0
0
0
0
-7.062
0
0
0
0
0
0
0
0
0
0
0
0
0
0
0
0
0
0
7.062
0
0
0
0
0
0
0
0
0
0
-7.062
0
0
0
0
0
0
0
0
0
0
0
0
0
0
0
0
0
0
0
7.062
0
0
0
0
0
0
-4.5418
0
0
0
0
0
0
0
0
0
0
0
0
0
0
0
0
0
0
0
0
0
0
0
4.5418
0
0
0
0
0
0
0
0
0
0
0
-8.667
0
0
0
0
0
0
0
0
0
0
0
0
0
0
0
0
0
0
8.667
0
-8.1881
0
0
0
0
0
0
0
0
0
0
0
0
0
0
0
0
0
0
0
0
0
0
0
0
0
0
0
0
8.1881
