22.0199
-1.0007
-1.0007
-1.0007
-1.0007
-1.0007
-0.957
-1.035
-1.0017
-1.1135
-0.95337
-0.95337
-0.95337
-0.95337
-0.95337
-0.95337
-0.95337
-0.93914
-0.93914
-1.1076
-1.1076
-0.8686
-0.94328
0
-0.33039
0
0
0
0
0
-1.0007
19.8783
-0.9027
-0.9027
-0.9027
-0.9027
-0.87976
-0.93533
-0.91455
-1.026
-0.87116
-0.87116
-0.87116
-0.87116
-0.87116
-0.87116
-0.87116
-0.85836
-0.85836
-1.0152
-1.0152
-0.80542
-0.86067
0
0
0
0
0
0
0
-1.0007
-0.9027
19.8783
-0.9027
-0.9027
-0.9027
-0.87976
-0.93533
-0.91455
-1.026
-0.87116
-0.87116
-0.87116
-0.87116
-0.87116
-0.87116
-0.87116
-0.85836
-0.85836
-1.0152
-1.0152
-0.80542
-0.86067
0
0
0
0
0
0
0
-1.0007
-0.9027
-0.9027
19.8783
-0.9027
-0.9027
-0.87976
-0.93533
-0.91455
-1.026
-0.87116
-0.87116
-0.87116
-0.87116
-0.87116
-0.87116
-0.87116
-0.85836
-0.85836
-1.0152
-1.0152
-0.80542
-0.86067
0
0
0
0
0
0
0
-1.0007
-0.9027
-0.9027
-0.9027
19.8783
-0.9027
-0.87976
-0.93533
-0.91455
-1.026
-0.87116
-0.87116
-0.87116
-0.87116
-0.87116
-0.87116
-0.87116
-0.85836
-0.85836
-1.0152
-1.0152
-0.80542
-0.86067
0
0
0
0
0
0
0
-1.0007
-0.9027
-0.9027
-0.9027
-0.9027
19.8783
-0.87976
-0.93533
-0.91455
-1.026
-0.87116
-0.87116
-0.87116
-0.87116
-0.87116
-0.87116
-0.87116
-0.85836
-0.85836
-1.0152
-1.0152
-0.80542
-0.86067
0
0
0
0
0
0
0
-0.957
-0.87976
-0.87976
-0.87976
-0.87976
-0.87976
25.8361
-0.85225
-0.87099
-0.95195
-0.82691
-0.82691
-0.82691
-0.82691
-0.82691
-0.82691
-0.82691
-0.81485
-0.81485
-0.96505
-0.96505
0
0
0
0
0
0
0
0
-8.4569
-1.035
-0.93533
-0.93533
-0.93533
-0.93533
-0.93533
-0.85225
24.7242
-0.93866
-1.0027
-0.88716
-0.88716
-0.88716
-0.88716
-0.88716
-0.88716
-0.88716
-0.87408
-0.87408
0
0
0
0
-0.2997
0
0
0
0
-7.961
0
-1.0017
-0.91455
-0.91455
-0.91455
-0.91455
-0.91455
-0.87099
-0.93866
18.2353
-1.0128
-0.87069
-0.87069
-0.87069
-0.87069
-0.87069
-0.87069
-0.87069
-0.8579
-0.8579
-1.0139
-1.0139
0
0
0
0
0
0
0
0
0
-1.1135
-1.026
-1.026
-1.026
-1.026
-1.026
-0.95195
-1.0027
-1.0128
26.3813
-1.0013
-1.0013
-1.0013
-1.0013
-1.0013
-1.0013
-1.0013
-0.98621
-0.98621
0
0
0
0
0
0
0
0
-8.1887
0
0
-0.95337
-0.87116
-0.87116
-0.87116
-0.87116
-0.87116
-0.82691
-0.88716
-0.87069
-1.0013
15.3611
-0.81119
-0.81119
-0.81119
-0.81119
-0.81119
-0.81119
-0.79939
-0.79939
0
0
0
0
0
0
0
0
0
0
0
-0.95337
-0.87116
-0.87116
-0.87116
-0.87116
-0.87116
-0.82691
-0.88716
-0.87069
-1.0013
-0.81119
15.3611
-0.81119
-0.81119
-0.81119
-0.81119
-0.81119
-0.79939
-0.79939
0
0
0
0
0
0
0
0
0
0
0
-0.95337
-0.87116
-0.87116
-0.87116
-0.87116
-0.87116
-0.82691
-0.88716
-0.87069
-1.0013
-0.81119
-0.81119
15.3611
-0.81119
-0.81119
-0.81119
-0.81119
-0.79939
-0.79939
0
0
0
0
0
0
0
0
0
0
0
-0.95337
-0.87116
-0.87116
-0.87116
-0.87116
-0.87116
-0.82691
-0.88716
-0.87069
-1.0013
-0.81119
-0.81119
-0.81119
15.3611
-0.81119
-0.81119
-0.81119
-0.79939
-0.79939
0
0
0
0
0
0
0
0
0
0
0
-0.95337
-0.87116
-0.87116
-0.87116
-0.87116
-0.87116
-0.82691
-0.88716
-0.87069
-1.0013
-0.81119
-0.81119
-0.81119
-0.81119
15.3611
-0.81119
-0.81119
-0.79939
-0.79939
0
0
0
0
0
0
0
0
0
0
0
-0.95337
-0.87116
-0.87116
-0.87116
-0.87116
-0.87116
-0.82691
-0.88716
-0.87069
-1.0013
-0.81119
-0.81119
-0.81119
-0.81119
-0.81119
15.3611
-0.81119
-0.79939
-0.79939
0
0
0
0
0
0
0
0
0
0
0
-0.95337
-0.87116
-0.87116
-0.87116
-0.87116
-0.87116
-0.82691
-0.88716
-0.87069
-1.0013
-0.81119
-0.81119
-0.81119
-0.81119
-0.81119
-0.81119
15.3611
-0.79939
-0.79939
0
0
0
0
0
0
0
0
0
0
0
-0.93914
-0.85836
-0.85836
-0.85836
-0.85836
-0.85836
-0.81485
-0.87408
-0.8579
-0.98621
-0.79939
-0.79939
-0.79939
-0.79939
-0.79939
-0.79939
-0.79939
14.3597
0
0
0
0
0
0
0
0
0
0
0
0
-0.93914
-0.85836
-0.85836
-0.85836
-0.85836
-0.85836
-0.81485
-0.87408
-0.8579
-0.98621
-0.79939
-0.79939
-0.79939
-0.79939
-0.79939
-0.79939
-0.79939
0
14.3597
0
0
0
0
0
0
0
0
0
0
0
-1.1076
-1.0152
-1.0152
-1.0152
-1.0152
-1.0152
-0.96505
0
-1.0139
0
0
0
0
0
0
0
0
0
0
8.1623
0
0
0
0
0
0
0
0
0
0
-1.1076
-1.0152
-1.0152
-1.0152
-1.0152
-1.0152
-0.96505
0
-1.0139
0
0
0
0
0
0
0
0
0
0
0
8.1623
0
0
0
0
0
0
0
0
0
-0.8686
-0.80542
-0.80542
-0.80542
-0.80542
-0.80542
0
0
0
0
0
0
0
0
0
0
0
0
0
0
0
5.4592
0
0
0
0
-0.56347
0
0
0
-0.94328
-0.86067
-0.86067
-0.86067
-0.86067
-0.86067
0
0
0
0
0
0
0
0
0
0
0
0
0
0
0
0
5.2466
0
0
0
0
0
0
0
0
0
0
0
0
0
0
-0.2997
0
0
0
0
0
0
0
0
0
0
0
0
0
0
0
1.8686
0
-1.5689
0
0
0
0
-0.33039
0
0
0
0
0
0
0
0
0
0
0
0
0
0
0
0
0
0
0
0
0
0
0
1.9284
-1.598
0
0
0
0
0
0
0
0
0
0
0
0
0
0
0
0
0
0
0
0
0
0
0
0
0
0
0
-1.5689
-1.598
3.1669
0
0
0
0
0
0
0
0
0
0
0
0
0
0
0
0
0
0
0
0
0
0
0
0
0
-0.56347
0
0
0
0
0.56347
0
0
0
0
0
0
0
0
0
0
0
0
-8.1887
0
0
0
0
0
0
0
0
0
0
0
0
0
0
0
0
0
8.1887
0
0
0
0
0
0
0
0
0
-7.961
0
0
0
0
0
0
0
0
0
0
0
0
0
0
0
0
0
0
0
0
7.961
0
0
0
0
0
0
0
-8.4569
0
0
0
0
0
0
0
0
0
0
0
0
0
0
0
0
0
0
0
0
0
0
8.4569
