25.638
-0.63697
-0.63526
-0.63564
-0.63001
-0.64308
-0.64068
-0.63466
-0.6401
-0.6401
-0.65258
-0.6646
-0.71784
-0.71784
0
-0.58383
0
0
0
-1.6298
-4.9783
-4.9783
-4.9783
0
0
0
0
0
0
0
-0.63697
14.1408
-0.63678
-0.63315
-0.63628
-0.64064
-0.63849
-0.63287
-0.63807
-0.63807
-0.64815
-0.65902
-0.70728
-0.70728
0
-0.58376
0
-0.5747
0
-1.5571
0
0
0
0
0
0
0
-2.9721
0
0
-0.63526
-0.63678
16.4934
-0.63584
-0.63347
-0.64246
-0.64026
-0.63564
-0.63967
-0.63967
-0.65065
-0.66194
-0.71317
-0.71317
0
0
0
0
0
0
0
0
0
0
-4.0077
-4.0077
0
0
0
0
-0.63564
-0.63315
-0.63584
8.9724
-0.63398
-0.63754
-0.63559
-0.63417
-0.63538
-0.63538
-0.64342
-0.65302
-0.69443
-0.69443
-0.57044
0
0
0
0
0
0
0
0
0
0
0
0
0
0
0
-0.63001
-0.63628
-0.63347
-0.63398
13.3276
-0.64215
-0.64023
-0.63502
-0.63792
-0.63792
0
0
0
0
0
0
0
0
-0.58017
0
0
0
0
-3.5102
0
0
0
0
-3.5102
0
-0.64308
-0.64064
-0.64246
-0.63754
-0.64215
7.0597
-0.63931
-0.63753
-0.63787
-0.63787
-0.64601
-0.65525
0
0
0
0
0
0
0
0
0
0
0
0
0
0
0
0
0
0
-0.64068
-0.63849
-0.64026
-0.63559
-0.64023
-0.63931
6.3796
-0.63772
-0.63259
-0.63259
-0.64212
0
0
0
0
0
0
0
0
0
0
0
0
0
0
0
0
0
0
0
-0.63466
-0.63287
-0.63564
-0.63417
-0.63502
-0.63753
-0.63772
6.2802
-0.62915
-0.62915
0
0
0
0
-0.57431
0
0
0
0
0
0
0
0
0
0
0
0
0
0
0
-0.6401
-0.63807
-0.63967
-0.63538
-0.63792
-0.63787
-0.63259
-0.62915
5.0908
0
0
0
0
0
0
0
0
0
0
0
0
0
0
0
0
0
0
0
0
0
-0.6401
-0.63807
-0.63967
-0.63538
-0.63792
-0.63787
-0.63259
-0.62915
0
5.0908
0
0
0
0
0
0
0
0
0
0
0
0
0
0
0
0
0
0
0
0
-0.65258
-0.64815
-0.65065
-0.64342
0
-0.64601
-0.64212
0
0
0
3.8829
0
0
0
0
0
0
0
0
0
0
0
0
0
0
0
0
0
0
0
-0.6646
-0.65902
-0.66194
-0.65302
0
-0.65525
0
0
0
0
0
3.2938
0
0
0
0
0
0
0
0
0
0
0
0
0
0
0
0
0
0
-0.71784
-0.70728
-0.71317
-0.69443
0
0
0
0
0
0
0
0
2.8327
0
0
0
0
0
0
0
0
0
0
0
0
0
0
0
0
0
-0.71784
-0.70728
-0.71317
-0.69443
0
0
0
0
0
0
0
0
0
2.8327
0
0
0
0
0
0
0
0
0
0
0
0
0
0
0
0
0
0
0
-0.57044
0
0
0
-0.57431
0
0
0
0
0
0
1.697
0
0
0
0
0
0
0
0
0
0
0
0
0
0
-0.55225
-0.58383
-0.58376
0
0
0
0
0
0
0
0
0
0
0
0
0
1.7294
0
0
0
0
0
0
0
0
0
0
-0.56179
0
0
0
0
0
0
0
0
0
0
0
0
0
0
0
0
0
0
0
1.4296
-0.72464
-0.70494
0
0
0
0
0
0
0
0
0
0
0
0
-0.5747
0
0
0
0
0
0
0
0
0
0
0
0
0
0
-0.72464
1.2993
0
0
0
0
0
0
0
0
0
0
0
0
0
0
0
0
-0.58017
0
0
0
0
0
0
0
0
0
0
0
-0.70494
0
1.2851
0
0
0
0
0
0
0
0
0
0
0
-1.6298
-1.5571
0
0
0
0
0
0
0
0
0
0
0
0
0
0
0
0
0
3.187
0
0
0
0
0
0
0
0
0
0
-4.9783
0
0
0
0
0
0
0
0
0
0
0
0
0
0
0
0
0
0
0
4.9783
0
0
0
0
0
0
0
0
0
-4.9783
0
0
0
0
0
0
0
0
0
0
0
0
0
0
0
0
0
0
0
0
4.9783
0
0
0
0
0
0
0
0
-4.9783
0
0
0
0
0
0
0
0
0
0
0
0
0
0
0
0
0
0
0
0
0
4.9783
0
0
0
0
0
0
0
0
0
0
0
-3.5102
0
0
0
0
0
0
0
0
0
0
0
0
0
0
0
0
0
0
3.5102
0
0
0
0
0
0
0
0
-4.0077
0
0
0
0
0
0
0
0
0
0
0
0
0
0
0
0
0
0
0
0
0
4.0077
0
0
0
0
0
0
0
-4.0077
0
0
0
0
0
0
0
0
0
0
0
0
0
0
0
0
0
0
0
0
0
0
4.0077
0
0
0
0
0
0
0
0
0
0
0
0
0
0
0
0
0
0
0
-0.56179
0
0
0
0
0
0
0
0
0
0
0.56179
0
0
0
0
-2.9721
0
0
0
0
0
0
0
0
0
0
0
0
0
0
0
0
0
0
0
0
0
0
0
0
0
2.9721
0
0
0
0
0
0
-3.5102
0
0
0
0
0
0
0
0
0
0
0
0
0
0
0
0
0
0
0
0
0
0
0
3.5102
0
0
0
0
0
0
0
0
0
0
0
0
0
0
0
-0.55225
0
0
0
0
0
0
0
0
0
0
0
0
0
0
0.55225
