26.0664
-0.90463
-0.86089
-0.86089
-0.85699
-0.84805
-0.82184
-0.82184
-0.82722
-0.88373
-0.88373
-0.86832
-0.82225
-0.80635
-0.81236
-0.85538
-0.82204
-0.90385
-0.88938
-0.7847
-1.0317
-1.076
0
0
0
0
0
0
-7.8242
0
-0.90463
26.0664
-0.86089
-0.86089
-0.85699
-0.84805
-0.82184
-0.82184
-0.82722
-0.88373
-0.88373
-0.86832
-0.82225
-0.80635
-0.81236
-0.85538
-0.82204
-0.90385
-0.88938
-0.7847
-1.0317
-1.076
0
0
0
0
-7.8242
0
0
0
-0.86089
-0.86089
17.3543
-0.81388
-0.82116
-0.80409
-0.77987
-0.77987
-0.79498
-0.83854
-0.83854
-0.83612
-0.79372
-0.76558
-0.77124
-0.81043
-0.78229
-0.85857
-0.8399
-0.74038
-0.96229
-1.001
0
0
0
0
0
0
0
0
-0.86089
-0.86089
-0.81388
17.3543
-0.82116
-0.80409
-0.77987
-0.77987
-0.79498
-0.83854
-0.83854
-0.83612
-0.79372
-0.76558
-0.77124
-0.81043
-0.78229
-0.85857
-0.8399
-0.74038
-0.96229
-1.001
0
0
0
0
0
0
0
0
-0.85699
-0.85699
-0.82116
-0.82116
22.3996
-0.80853
-0.77753
-0.77753
-0.78019
-0.8365
-0.8365
-0.81713
-0.77496
-0.76321
-0.76865
-0.80924
-0.77811
-0.85514
-0.84154
-0.74382
0
0
0
0
-7.0748
0
0
0
0
0
-0.84805
-0.84805
-0.80409
-0.80409
-0.80853
16.0875
-0.76587
-0.76587
-0.78
-0.82404
-0.82404
-0.81953
-0.77852
-0.75208
-0.75753
-0.79607
-0.76875
-0.84378
-0.82512
-0.72775
-0.94576
0
0
0
0
0
0
0
0
0
-0.82184
-0.82184
-0.77987
-0.77987
-0.77753
-0.76587
14.6478
-0.73511
-0.75176
-0.79632
-0.79632
-0.78888
-0.75046
-0.72629
-0.73137
-0.76846
-0.74211
-0.81435
-0.79653
-0.70305
0
0
0
0
0
0
0
0
0
0
-0.82184
-0.82184
-0.77987
-0.77987
-0.77753
-0.76587
-0.73511
14.6478
-0.75176
-0.79632
-0.79632
-0.78888
-0.75046
-0.72629
-0.73137
-0.76846
-0.74211
-0.81435
-0.79653
-0.70305
0
0
0
0
0
0
0
0
0
0
-0.82722
-0.82722
-0.79498
-0.79498
-0.78019
-0.78
-0.75176
-0.75176
19.453
-0.80733
-0.80733
-0.77863
-0.74184
-0.73321
-0.73783
-0.77714
-0.74407
0
-0.81243
0
0
0
0
0
0
-6.2051
0
0
0
0
-0.88373
-0.88373
-0.83854
-0.83854
-0.8365
-0.82404
-0.79632
-0.79632
-0.80733
13.2677
-0.82767
-0.90067
-0.82326
-0.7801
-0.7867
-0.83284
-0.81141
0
0
0
0
0
0
0
0
0
0
0
0
0
-0.88373
-0.88373
-0.83854
-0.83854
-0.8365
-0.82404
-0.79632
-0.79632
-0.80733
-0.82767
13.2677
-0.90067
-0.82326
-0.7801
-0.7867
-0.83284
-0.81141
0
0
0
0
0
0
0
0
0
0
0
0
0
-0.86832
-0.86832
-0.83612
-0.83612
-0.81713
-0.81953
-0.78888
-0.78888
-0.77863
-0.90067
-0.90067
17.555
-0.78284
-0.76613
-0.77026
-0.8178
0
0
0
0
0
0
0
0
0
0
0
-5.2147
0
0
-0.82225
-0.82225
-0.79372
-0.79372
-0.77496
-0.77852
-0.75046
-0.75046
-0.74184
-0.82326
-0.82326
-0.78284
15.3922
-0.72407
-0.69186
0
0
0
0
0
0
0
0
0
0
0
0
0
0
-4.5187
-0.80635
-0.80635
-0.76558
-0.76558
-0.76321
-0.75208
-0.72629
-0.72629
-0.73321
-0.7801
-0.7801
-0.76613
-0.72407
11.3335
-0.69775
-0.74038
0
0
0
0
0
0
0
0
0
0
0
0
0
0
-0.81236
-0.81236
-0.77124
-0.77124
-0.76865
-0.75753
-0.73137
-0.73137
-0.73783
-0.7867
-0.7867
-0.77026
-0.69186
-0.69775
10.6272
0
0
0
0
0
0
0
0
0
0
0
0
0
0
0
-0.85538
-0.85538
-0.81043
-0.81043
-0.80924
-0.79607
-0.76846
-0.76846
-0.77714
-0.83284
-0.83284
-0.8178
0
-0.74038
0
10.4748
0
0
0
0
0
0
0
0
0
0
0
0
0
0
-0.82204
-0.82204
-0.78229
-0.78229
-0.77811
-0.76875
-0.74211
-0.74211
-0.74407
-0.81141
-0.81141
0
0
0
0
0
8.8568
0
0
0
0
0
-0.25019
0
0
0
0
0
0
0
-0.90385
-0.90385
-0.85857
-0.85857
-0.85514
-0.84378
-0.81435
-0.81435
0
0
0
0
0
0
0
0
0
7.1666
0
0
0
0
-0.31414
0
0
0
0
0
0
0
-0.88938
-0.88938
-0.8399
-0.8399
-0.84154
-0.82512
-0.79653
-0.79653
-0.81243
0
0
0
0
0
0
0
0
0
7.5307
0
0
0
0
0
0
0
0
0
0
0
-0.7847
-0.7847
-0.74038
-0.74038
-0.74382
-0.72775
-0.70305
-0.70305
0
0
0
0
0
0
0
0
0
0
0
5.9278
0
0
0
0
0
0
0
0
0
0
-1.0317
-1.0317
-0.96229
-0.96229
0
-0.94576
0
0
0
0
0
0
0
0
0
0
0
0
0
0
4.9338
0
0
0
0
0
0
0
0
0
-1.076
-1.076
-1.001
-1.001
0
0
0
0
0
0
0
0
0
0
0
0
0
0
0
0
0
4.154
0
0
0
0
0
0
0
0
0
0
0
0
0
0
0
0
0
0
0
0
0
0
0
0
-0.25019
-0.31414
0
0
0
0
0.66883
-0.1045
0
0
0
0
0
0
0
0
0
0
0
0
0
0
0
0
0
0
0
0
0
0
0
0
0
0
0
0
-0.1045
0.1045
0
0
0
0
0
0
0
0
0
0
-7.0748
0
0
0
0
0
0
0
0
0
0
0
0
0
0
0
0
0
0
0
7.0748
0
0
0
0
0
0
0
0
0
0
0
0
0
-6.2051
0
0
0
0
0
0
0
0
0
0
0
0
0
0
0
0
6.2051
0
0
0
0
0
-7.8242
0
0
0
0
0
0
0
0
0
0
0
0
0
0
0
0
0
0
0
0
0
0
0
0
7.8242
0
0
0
0
0
0
0
0
0
0
0
0
0
0
-5.2147
0
0
0
0
0
0
0
0
0
0
0
0
0
0
0
5.2147
0
0
-7.8242
0
0
0
0
0
0
0
0
0
0
0
0
0
0
0
0
0
0
0
0
0
0
0
0
0
0
0
7.8242
0
0
0
0
0
0
0
0
0
0
0
0
0
-4.5187
0
0
0
0
0
0
0
0
0
0
0
0
0
0
0
0
4.5187
