20.5148
-1.2682
-0.28911
-0.28596
-0.28033
-0.17244
-0.27953
-0.28231
-1.2227
-0.3437
-0.66522
-0.66177
-0.66128
-0.66777
-0.66273
-0.66689
-0.91336
-1.9045
-0.79153
-0.93013
-0.63825
0
0
0
0
-6.9271
0
0
0
0
-1.2682
18.6081
-0.36581
-0.3661
-0.36809
-0.11086
-0.36807
-0.36644
-0.46531
-0.31547
-0.70899
-0.70447
-0.7067
-0.70592
-0.70968
-0.70613
-0.83534
-1.3846
-0.82729
-0.97611
0
0
0
0
0
0
0
0
-6.3484
0
-0.28911
-0.36581
10.7098
-0.1941
-0.28387
-0.52982
-0.24702
-0.25575
-0.69649
-0.13921
-1.1188
-0.37351
-0.34398
-0.27411
-1.9251
-0.28581
-0.94884
-1.2717
-0.33548
-0.83128
0
0
0
0
0
0
0
0
0
0
-0.28596
-0.3661
-0.1941
11.9289
-0.65146
-0.56463
-0.87408
-0.78441
-0.7864
-0.13214
-0.40871
-0.82577
-0.80538
-0.36213
-0.15741
-0.34541
-0.91783
-1.2079
-1.0571
-1.202
0
0
0
0
0
0
0
0
0
0
-0.28033
-0.36809
-0.28387
-0.65146
13.3688
-0.58996
-1.1867
-1.5532
-0.79111
-0.1334
-0.3161
-0.45939
-0.46741
-0.69296
-0.14904
-0.68934
-0.91377
-1.166
-1.2297
-1.447
0
0
0
0
0
0
0
0
0
0
-0.17244
-0.11086
-0.52982
-0.56463
-0.58996
23.5687
-0.58267
-0.58099
-0.31994
-0.16318
-0.73031
-0.73099
-0.73155
-0.73427
-0.73143
-0.73275
-0.42292
0
-0.86981
0
0
-7.1351
-7.1351
0
0
0
0
0
0
0
-0.27953
-0.36807
-0.24702
-0.87408
-1.1867
-0.58267
13.7045
-1.7549
-0.79395
-0.13574
-0.31671
-0.39273
-0.40021
-0.75191
-0.1533
-0.74699
-0.91535
-1.1725
-1.24
-1.3922
0
0
0
0
0
0
0
0
0
0
-0.28231
-0.36644
-0.25575
-0.78441
-1.5532
-0.58099
-1.7549
13.9896
-0.79429
-0.13604
-0.34547
-0.50954
-0.4845
-0.62164
-0.15616
-0.61895
-0.91765
-1.1743
-1.2434
-1.4096
0
0
0
0
0
0
0
0
0
0
-1.2227
-0.46531
-0.69649
-0.7864
-0.79111
-0.31994
-0.79395
-0.79429
16.2025
-0.42696
-0.69832
-0.71179
-0.71063
-0.7224
-0.67893
-0.72119
0
0
0
0
0
0
0
0
0
0
0
0
0
-5.6622
-0.3437
-0.31547
-0.13921
-0.13214
-0.1334
-0.16318
-0.13574
-0.13604
-0.42696
9.5511
-0.7103
-0.75647
-0.78329
-0.75277
-0.38398
-0.77108
0
0
0
0
-3.4673
0
0
0
0
0
0
0
0
0
-0.66522
-0.70899
-1.1188
-0.40871
-0.3161
-0.73031
-0.31671
-0.34547
-0.69832
-0.7103
9.1848
-0.44988
-0.50802
-0.684
-0.85419
-0.6698
0
0
0
0
0
0
0
0
0
0
0
0
0
0
-0.66177
-0.70447
-0.37351
-0.82577
-0.45939
-0.73099
-0.39273
-0.50954
-0.71179
-0.75647
-0.44988
9.698
-0.72234
-1.103
-0.20372
-1.0926
0
0
0
0
0
0
0
0
0
0
0
0
0
0
-0.66128
-0.7067
-0.34398
-0.80538
-0.46741
-0.73155
-0.40021
-0.4845
-0.71063
-0.78329
-0.50802
-0.72234
9.608
-1.0528
-0.18342
-1.0464
0
0
0
0
0
0
0
0
0
0
0
0
0
0
-0.66777
-0.70592
-0.27411
-0.36213
-0.69296
-0.73427
-0.75191
-0.62164
-0.7224
-0.75277
-0.684
-1.103
-1.0528
9.1258
0
0
0
0
0
0
0
0
0
0
0
0
0
0
0
0
-0.66273
-0.70968
-1.9251
-0.15741
-0.14904
-0.73143
-0.1533
-0.15616
-0.67893
-0.38398
-0.85419
-0.20372
-0.18342
0
6.9491
0
0
0
0
0
0
0
0
0
0
0
0
0
0
0
-0.66689
-0.70613
-0.28581
-0.34541
-0.68934
-0.73275
-0.74699
-0.61895
-0.72119
-0.77108
-0.6698
-1.0926
-1.0464
0
0
9.0934
0
0
0
0
0
0
0
0
0
0
0
0
0
0
-0.91336
-0.83534
-0.94884
-0.91783
-0.91377
-0.42292
-0.91535
-0.91765
0
0
0
0
0
0
0
0
17.4262
0
0
0
0
0
0
0
-5.3206
0
-5.3206
0
0
0
-1.9045
-1.3846
-1.2717
-1.2079
-1.166
0
-1.1725
-1.1743
0
0
0
0
0
0
0
0
0
14.6497
0
0
0
0
0
0
0
0
0
-5.3683
0
0
-0.79153
-0.82729
-0.33548
-1.0571
-1.2297
-0.86981
-1.24
-1.2434
0
0
0
0
0
0
0
0
0
0
7.5944
0
0
0
0
0
0
0
0
0
0
0
-0.93013
-0.97611
-0.83128
-1.202
-1.447
0
-1.3922
-1.4096
0
0
0
0
0
0
0
0
0
0
0
8.1882
0
0
0
0
0
0
0
0
0
0
-0.63825
0
0
0
0
0
0
0
0
-3.4673
0
0
0
0
0
0
0
0
0
0
8.612
0
0
-4.5064
0
0
0
0
0
0
0
0
0
0
0
-7.1351
0
0
0
0
0
0
0
0
0
0
0
0
0
0
0
7.1351
0
0
0
0
0
0
0
0
0
0
0
0
0
-7.1351
0
0
0
0
0
0
0
0
0
0
0
0
0
0
0
0
7.1351
0
0
0
0
0
0
0
0
0
0
0
0
0
0
0
0
0
0
0
0
0
0
0
0
0
0
0
-4.5064
0
0
4.5064
0
0
0
0
0
0
0
0
0
0
0
0
0
0
0
0
0
0
0
0
0
0
-5.3206
0
0
0
0
0
0
0
5.3206
0
0
0
0
0
-6.9271
0
0
0
0
0
0
0
0
0
0
0
0
0
0
0
0
0
0
0
0
0
0
0
0
6.9271
0
0
0
0
0
0
0
0
0
0
0
0
0
0
0
0
0
0
0
0
-5.3206
0
0
0
0
0
0
0
0
0
5.3206
0
0
0
0
0
0
0
0
0
0
0
0
0
0
0
0
0
0
0
0
-5.3683
0
0
0
0
0
0
0
0
0
5.3683
0
0
0
-6.3484
0
0
0
0
0
0
0
0
0
0
0
0
0
0
0
0
0
0
0
0
0
0
0
0
0
0
6.3484
0
0
0
0
0
0
0
0
0
-5.6622
0
0
0
0
0
0
0
0
0
0
0
0
0
0
0
0
0
0
0
0
5.6622
