9.359
-0.63502
-0.62877
-0.62587
-0.62513
-0.62609
-0.63098
-0.63176
-0.63176
-0.62166
-0.62166
-0.61812
-0.62568
-0.65156
-0.60981
0
-0.57513
0
0
0
0
0
0
0
0
0
0
0
0
0
-0.63502
14.1329
-0.63366
-0.62864
-0.62865
-0.6296
-0.63577
-0.63693
-0.63693
-0.62505
-0.62505
-0.62009
-0.63041
-0.65687
0
-0.55683
0
0
-5.3534
0
0
0
0
0
0
0
0
0
0
0
-0.62877
-0.63366
8.7867
-0.62612
-0.62511
-0.62776
-0.63188
-0.63181
-0.63181
-0.62143
-0.62143
-0.61868
-0.62595
-0.65095
-0.61137
0
0
0
0
0
0
0
0
0
0
0
0
0
0
0
-0.62587
-0.62864
-0.62612
8.0445
-0.61959
-0.62584
-0.62336
-0.62558
-0.62558
-0.6169
-0.6169
-0.61424
-0.62131
0
0
0
-0.57451
0
0
0
0
0
0
0
0
0
0
0
0
0
-0.62513
-0.62865
-0.62511
-0.61959
8.119
-0.62671
-0.62448
-0.62646
-0.62646
-0.61707
-0.61707
-0.61543
-0.62215
-0.64472
0
0
0
0
0
0
0
0
0
0
0
0
0
0
0
0
-0.62609
-0.6296
-0.62776
-0.62584
-0.62671
18.5035
-0.63209
-0.62528
-0.62528
-0.61733
-0.61733
0
0
0
0
0
0
-0.55477
0
-5.8477
0
0
0
0
0
0
0
-5.8477
0
0
-0.63098
-0.63577
-0.63188
-0.62336
-0.62448
-0.63209
12.3035
-0.63274
-0.63274
-0.62158
-0.62158
-0.61809
-0.62801
0
0
0
0
0
0
0
0
0
0
0
0
0
0
0
-4.7702
0
-0.63176
-0.63693
-0.63181
-0.62558
-0.62646
-0.62528
-0.63274
10.0438
-0.64518
-0.62482
-0.62482
0
0
0
0
0
0
0
0
0
0
0
0
0
0
0
0
0
0
-3.7384
-0.63176
-0.63693
-0.63181
-0.62558
-0.62646
-0.62528
-0.63274
-0.64518
10.0438
-0.62482
-0.62482
0
0
0
0
0
0
0
0
0
0
0
0
0
0
-3.7384
0
0
0
0
-0.62166
-0.62505
-0.62143
-0.6169
-0.61707
-0.61733
-0.62158
-0.62482
-0.62482
6.1995
-0.60882
0
0
0
0
0
0
0
0
0
0
0
0
0
0
0
0
0
0
0
-0.62166
-0.62505
-0.62143
-0.6169
-0.61707
-0.61733
-0.62158
-0.62482
-0.62482
-0.60882
6.1995
0
0
0
0
0
0
0
0
0
0
0
0
0
0
0
0
0
0
0
-0.61812
-0.62009
-0.61868
-0.61424
-0.61543
0
-0.61809
0
0
0
0
13.5234
0
0
0
0
0
0
0
0
0
-4.9094
-4.9094
0
0
0
0
0
0
0
-0.62568
-0.63041
-0.62595
-0.62131
-0.62215
0
-0.62801
0
0
0
0
0
4.8027
0
0
0
0
0
0
0
0
0
0
0
0
0
-1.0492
0
0
0
-0.65156
-0.65687
-0.65095
0
-0.64472
0
0
0
0
0
0
0
0
2.6041
0
0
0
0
0
0
0
0
0
0
0
0
0
0
0
0
-0.60981
0
-0.61137
0
0
0
0
0
0
0
0
0
0
0
2.3988
-0.58945
0
-0.58816
0
0
0
0
0
0
0
0
0
0
0
0
0
-0.55683
0
0
0
0
0
0
0
0
0
0
0
0
-0.58945
1.7012
0
0
0
0
-0.55494
0
0
0
0
0
0
0
0
0
-0.57513
0
0
-0.57451
0
0
0
0
0
0
0
0
0
0
0
0
1.7088
0
0
0
0
0
0
0
-0.55914
0
0
0
0
0
0
0
0
0
0
-0.55477
0
0
0
0
0
0
0
0
-0.58816
0
0
1.6952
0
0
0
0
0
-0.55225
0
0
0
0
0
0
0
-5.3534
0
0
0
0
0
0
0
0
0
0
0
0
0
0
0
0
5.3534
0
0
0
0
0
0
0
0
0
0
0
0
0
0
0
0
-5.8477
0
0
0
0
0
0
0
0
0
0
0
0
0
5.8477
0
0
0
0
0
0
0
0
0
0
0
0
0
0
0
0
0
0
0
0
0
0
0
0
0
-0.55494
0
0
0
0
0.55494
0
0
0
0
0
0
0
0
0
0
0
0
0
0
0
0
0
0
0
0
-4.9094
0
0
0
0
0
0
0
0
0
4.9094
0
0
0
0
0
0
0
0
0
0
0
0
0
0
0
0
0
0
0
-4.9094
0
0
0
0
0
0
0
0
0
0
4.9094
0
0
0
0
0
0
0
0
0
0
0
0
0
0
0
0
0
0
0
0
0
0
0
0
-0.55225
0
0
0
0
0
0.55225
0
0
0
0
0
0
0
0
0
0
0
0
0
0
0
0
0
0
0
0
0
0
-0.55914
0
0
0
0
0
0
0
0.55914
0
0
0
0
0
0
0
0
0
0
0
0
0
-3.7384
0
0
0
0
0
0
0
0
0
0
0
0
0
0
0
0
3.7384
0
0
0
0
0
0
0
0
0
0
0
0
0
0
0
0
-1.0492
0
0
0
0
0
0
0
0
0
0
0
0
0
1.0492
0
0
0
0
0
0
0
0
-5.8477
0
0
0
0
0
0
0
0
0
0
0
0
0
0
0
0
0
0
0
0
0
5.8477
0
0
0
0
0
0
0
0
-4.7702
0
0
0
0
0
0
0
0
0
0
0
0
0
0
0
0
0
0
0
0
0
4.7702
0
0
0
0
0
0
0
0
-3.7384
0
0
0
0
0
0
0
0
0
0
0
0
0
0
0
0
0
0
0
0
0
3.7384
