27.8544
-1.0879
-1.0879
-1.0879
-0.90761
-0.89015
-0.89015
-0.89015
-0.89015
-0.89015
-0.80853
-0.86508
-0.9334
-0.95022
-0.90853
-0.90853
-0.97252
-0.97422
-0.90291
-0.90291
-0.92874
0
0
0
0
0
0
0
-9.1769
0
-1.0879
18.8027
-1.0524
-1.0649
-0.88754
-0.87126
-0.87126
-0.87126
-0.87126
-0.87126
-0.79193
-0.87167
-0.92546
-0.94327
-0.89016
-0.89016
-0.95154
-0.95204
-0.87995
-0.87995
-0.90424
0
-0.4733
0
0
0
0
0
0
0
-1.0879
-1.0524
18.8027
-1.0649
-0.88754
-0.87126
-0.87126
-0.87126
-0.87126
-0.87126
-0.79193
-0.87167
-0.92546
-0.94327
-0.89016
-0.89016
-0.95154
-0.95204
-0.87995
-0.87995
-0.90424
0
-0.4733
0
0
0
0
0
0
0
-1.0879
-1.0649
-1.0649
18.7854
-0.87696
-0.87054
-0.87054
-0.87054
-0.87054
-0.87054
-0.79194
-0.87248
-0.92576
-0.94352
-0.89027
-0.89027
-0.95168
-0.9522
-0.88017
-0.88017
-0.90197
-0.45754
0
0
0
0
0
0
0
0
-0.90761
-0.88754
-0.88754
-0.87696
14.8819
-0.73676
-0.73676
-0.73676
-0.73676
-0.73676
-0.64528
-0.69389
-0.74443
-0.75966
-0.72415
-0.72415
-0.7721
-0.77193
-0.71403
-0.71403
0
-0.37485
0
0
0
0
0
0
0
0
-0.89015
-0.87126
-0.87126
-0.87054
-0.73676
15.1088
-0.69738
-0.69738
-0.69738
-0.69738
-0.64764
-0.71686
-0.75734
-0.77229
-0.72862
-0.72862
-0.77681
-0.77654
-0.71859
-0.71859
-0.73743
0
0
0
0
0
0
0
0
0
-0.89015
-0.87126
-0.87126
-0.87054
-0.73676
-0.69738
15.1088
-0.69738
-0.69738
-0.69738
-0.64764
-0.71686
-0.75734
-0.77229
-0.72862
-0.72862
-0.77681
-0.77654
-0.71859
-0.71859
-0.73743
0
0
0
0
0
0
0
0
0
-0.89015
-0.87126
-0.87126
-0.87054
-0.73676
-0.69738
-0.69738
15.1088
-0.69738
-0.69738
-0.64764
-0.71686
-0.75734
-0.77229
-0.72862
-0.72862
-0.77681
-0.77654
-0.71859
-0.71859
-0.73743
0
0
0
0
0
0
0
0
0
-0.89015
-0.87126
-0.87126
-0.87054
-0.73676
-0.69738
-0.69738
-0.69738
15.1088
-0.69738
-0.64764
-0.71686
-0.75734
-0.77229
-0.72862
-0.72862
-0.77681
-0.77654
-0.71859
-0.71859
-0.73743
0
0
0
0
0
0
0
0
0
-0.89015
-0.87126
-0.87126
-0.87054
-0.73676
-0.69738
-0.69738
-0.69738
-0.69738
15.1088
-0.64764
-0.71686
-0.75734
-0.77229
-0.72862
-0.72862
-0.77681
-0.77654
-0.71859
-0.71859
-0.73743
0
0
0
0
0
0
0
0
0
-0.80853
-0.79193
-0.79193
-0.79194
-0.64528
-0.64764
-0.64764
-0.64764
-0.64764
-0.64764
13.0334
-0.62279
-0.67244
-0.68749
-0.65378
-0.65378
-0.69617
-0.69529
-0.64193
-0.64193
0
0
0
0
0
0
0
0
0
0
-0.86508
-0.87167
-0.87167
-0.87248
-0.69389
-0.71686
-0.71686
-0.71686
-0.71686
-0.71686
-0.62279
31.7516
-0.66696
-0.68159
-0.68629
-0.68629
-0.73336
-0.73533
0
0
0
0
0
0
0
0
-9.59
-9.59
0
0
-0.9334
-0.92546
-0.92546
-0.92576
-0.74443
-0.75734
-0.75734
-0.75734
-0.75734
-0.75734
-0.67244
-0.66696
20.5576
-0.80483
-0.77793
-0.77793
-0.83228
0
0
0
0
0
0
0
0
-7.784
0
0
0
0
-0.95022
-0.94327
-0.94327
-0.94352
-0.75966
-0.77229
-0.77229
-0.77229
-0.77229
-0.77229
-0.68749
-0.68159
-0.80483
19.5551
-0.79345
-0.79345
0
0
0
0
0
0
0
0
0
0
0
0
0
-7.3929
-0.90853
-0.89016
-0.89016
-0.89027
-0.72415
-0.72862
-0.72862
-0.72862
-0.72862
-0.72862
-0.65378
-0.68629
-0.77793
-0.79345
11.5488
-0.69093
0
0
0
0
0
0
0
0
0
0
0
0
0
0
-0.90853
-0.89016
-0.89016
-0.89027
-0.72415
-0.72862
-0.72862
-0.72862
-0.72862
-0.72862
-0.65378
-0.68629
-0.77793
-0.79345
-0.69093
11.5488
0
0
0
0
0
0
0
0
0
0
0
0
0
0
-0.97252
-0.95154
-0.95154
-0.95168
-0.7721
-0.77681
-0.77681
-0.77681
-0.77681
-0.77681
-0.69617
-0.73336
-0.83228
0
0
0
10.7453
0
0
0
0
0
0
0
0
0
0
0
0
0
-0.97422
-0.95204
-0.95204
-0.9522
-0.77193
-0.77654
-0.77654
-0.77654
-0.77654
-0.77654
-0.69529
-0.73533
0
0
0
0
0
9.9158
0
0
0
0
0
0
0
0
0
0
0
0
-0.90291
-0.87995
-0.87995
-0.88017
-0.71403
-0.71859
-0.71859
-0.71859
-0.71859
-0.71859
-0.64193
0
0
0
0
0
0
0
8.4919
0
0
0
0
0
0
0
0
0
0
0
-0.90291
-0.87995
-0.87995
-0.88017
-0.71403
-0.71859
-0.71859
-0.71859
-0.71859
-0.71859
-0.64193
0
0
0
0
0
0
0
0
8.4919
0
0
0
0
0
0
0
0
0
0
-0.92874
-0.90424
-0.90424
-0.90197
0
-0.73743
-0.73743
-0.73743
-0.73743
-0.73743
0
0
0
0
0
0
0
0
0
0
7.3263
0
0
0
0
0
0
0
0
0
0
0
0
-0.45754
-0.37485
0
0
0
0
0
0
0
0
0
0
0
0
0
0
0
0
1.0842
0
0
-0.25186
0
0
0
0
0
0
-0.4733
-0.4733
0
0
0
0
0
0
0
0
0
0
0
0
0
0
0
0
0
0
0
1.2196
-0.273
0
0
0
0
0
0
0
0
0
0
0
0
0
0
0
0
0
0
0
0
0
0
0
0
0
0
0
0
-0.273
0.273
0
0
0
0
0
0
0
0
0
0
0
0
0
0
0
0
0
0
0
0
0
0
0
0
0
0
0
-0.25186
0
0
0.25186
0
0
0
0
0
0
0
0
0
0
0
0
0
0
0
0
0
-7.784
0
0
0
0
0
0
0
0
0
0
0
0
7.784
0
0
0
0
0
0
0
0
0
0
0
0
0
0
0
-9.59
0
0
0
0
0
0
0
0
0
0
0
0
0
0
9.59
0
0
0
0
0
0
0
0
0
0
0
0
0
0
-9.59
0
0
0
0
0
0
0
0
0
0
0
0
0
0
0
9.59
0
0
-9.1769
0
0
0
0
0
0
0
0
0
0
0
0
0
0
0
0
0
0
0
0
0
0
0
0
0
0
0
9.1769
0
0
0
0
0
0
0
0
0
0
0
0
0
0
-7.3929
0
0
0
0
0
0
0
0
0
0
0
0
0
0
0
7.3929
