21.4709
-0.73644
-0.70846
-0.70846
-0.70846
-0.70846
-0.72102
-0.70846
-0.70763
-0.58629
-0.59287
-0.66301
-0.72476
-0.68626
-0.65667
-0.65667
-0.66696
-0.72217
-0.24276
0
0
0
0
0
0
0
0
0
0
-9.565
-0.73644
19.9436
-0.73645
-0.73645
-0.73645
-0.73645
-0.72755
-0.73645
-0.72446
-0.58259
-0.60179
-0.67354
-0.73566
-0.69517
-0.66415
-0.66415
-0.677
0
0
0
0
0
0
0
0
0
0
0
-8.7789
0
-0.70846
-0.73645
11.3697
-0.64744
-0.64744
-0.64744
-0.71618
-0.64744
-0.71385
-0.56469
-0.59533
-0.66008
-0.71968
-0.70249
-0.64644
-0.64644
-0.66404
-0.70579
0
0
0
0
0
0
0
0
0
0
0
0
-0.70846
-0.73645
-0.64744
11.3697
-0.64744
-0.64744
-0.71618
-0.64744
-0.71385
-0.56469
-0.59533
-0.66008
-0.71968
-0.70249
-0.64644
-0.64644
-0.66404
-0.70579
0
0
0
0
0
0
0
0
0
0
0
0
-0.70846
-0.73645
-0.64744
-0.64744
11.3697
-0.64744
-0.71618
-0.64744
-0.71385
-0.56469
-0.59533
-0.66008
-0.71968
-0.70249
-0.64644
-0.64644
-0.66404
-0.70579
0
0
0
0
0
0
0
0
0
0
0
0
-0.70846
-0.73645
-0.64744
-0.64744
-0.64744
11.3697
-0.71618
-0.64744
-0.71385
-0.56469
-0.59533
-0.66008
-0.71968
-0.70249
-0.64644
-0.64644
-0.66404
-0.70579
0
0
0
0
0
0
0
0
0
0
0
0
-0.72102
-0.72755
-0.71618
-0.71618
-0.71618
-0.71618
11.1305
-0.71618
-0.70549
-0.56753
-0.58749
-0.65019
-0.71013
-0.68552
-0.64549
-0.64549
-0.65498
0
-0.2487
0
0
0
0
0
0
0
0
0
0
0
-0.70846
-0.73645
-0.64744
-0.64744
-0.64744
-0.64744
-0.71618
11.3697
-0.71385
-0.56469
-0.59533
-0.66008
-0.71968
-0.70249
-0.64644
-0.64644
-0.66404
-0.70579
0
0
0
0
0
0
0
0
0
0
0
0
-0.70763
-0.72446
-0.71385
-0.71385
-0.71385
-0.71385
-0.70549
-0.71385
11.1216
-0.56659
-0.60207
-0.64781
-0.70674
-0.6797
-0.64582
-0.64582
-0.6495
0
0
0
-0.27076
0
0
0
0
0
0
0
0
0
-0.58629
-0.58259
-0.56469
-0.56469
-0.56469
-0.56469
-0.56753
-0.56469
-0.56659
8.8411
-0.47972
-0.5254
-0.57405
-0.55361
-0.52495
-0.52495
-0.53202
0
0
0
0
0
0
0
0
0
0
0
0
0
-0.59287
-0.60179
-0.59533
-0.59533
-0.59533
-0.59533
-0.58749
-0.59533
-0.60207
-0.47972
8.7129
-0.51012
-0.56029
-0.52993
-0.52218
-0.52218
0
0
0
-0.22762
0
0
0
0
0
0
0
0
0
0
-0.66301
-0.67354
-0.66008
-0.66008
-0.66008
-0.66008
-0.65019
-0.66008
-0.64781
-0.5254
-0.51012
15.9425
-0.62209
0
-0.58383
-0.58383
0
0
0
0
0
0
0
-7.1823
0
0
0
0
0
0
-0.72476
-0.73566
-0.71968
-0.71968
-0.71968
-0.71968
-0.71013
-0.71968
-0.70674
-0.57405
-0.56029
-0.62209
14.3307
0
0
0
0
0
0
0
0
0
0
0
0
-6.0986
0
0
0
0
-0.68626
-0.69517
-0.70249
-0.70249
-0.70249
-0.70249
-0.68552
-0.70249
-0.6797
-0.55361
-0.52993
0
0
25.5458
0
0
0
0
0
0
0
0
0
0
-9.1016
0
-9.1016
0
0
0
-0.65667
-0.66415
-0.64644
-0.64644
-0.64644
-0.64644
-0.64549
-0.64644
-0.64582
-0.52495
-0.52218
-0.58383
0
0
7.4753
0
0
0
0
0
0
0
0
0
0
0
0
0
0
0
-0.65667
-0.66415
-0.64644
-0.64644
-0.64644
-0.64644
-0.64549
-0.64644
-0.64582
-0.52495
-0.52218
-0.58383
0
0
0
7.4753
0
0
0
0
0
0
0
0
0
0
0
0
0
0
-0.66696
-0.677
-0.66404
-0.66404
-0.66404
-0.66404
-0.65498
-0.66404
-0.6495
-0.53202
0
0
0
0
0
0
10.5818
0
0
0
0
0
0
0
0
0
0
-4.0811
0
0
-0.72217
0
-0.70579
-0.70579
-0.70579
-0.70579
0
-0.70579
0
0
0
0
0
0
0
0
0
4.2511
0
0
0
0
0
0
0
0
0
0
0
0
-0.24276
0
0
0
0
0
-0.2487
0
0
0
0
0
0
0
0
0
0
0
0.59596
0
0
0
-0.1045
0
0
0
0
0
0
0
0
0
0
0
0
0
0
0
0
0
-0.22762
0
0
0
0
0
0
0
0
2.0412
0
-1.8136
0
0
0
0
0
0
0
0
0
0
0
0
0
0
0
0
-0.27076
0
0
0
0
0
0
0
0
0
0
0
2.0674
-1.7967
0
0
0
0
0
0
0
0
0
0
0
0
0
0
0
0
0
0
0
0
0
0
0
0
0
0
0
-1.8136
-1.7967
3.6103
0
0
0
0
0
0
0
0
0
0
0
0
0
0
0
0
0
0
0
0
0
0
0
0
0
0
-0.1045
0
0
0
0.1045
0
0
0
0
0
0
0
0
0
0
0
0
0
0
0
0
0
0
-7.1823
0
0
0
0
0
0
0
0
0
0
0
7.1823
0
0
0
0
0
0
0
0
0
0
0
0
0
0
0
0
0
0
0
-9.1016
0
0
0
0
0
0
0
0
0
0
9.1016
0
0
0
0
0
0
0
0
0
0
0
0
0
0
0
0
0
-6.0986
0
0
0
0
0
0
0
0
0
0
0
0
6.0986
0
0
0
0
0
0
0
0
0
0
0
0
0
0
0
0
0
-9.1016
0
0
0
0
0
0
0
0
0
0
0
0
9.1016
0
0
0
0
0
0
0
0
0
0
0
0
0
0
0
0
0
0
0
-4.0811
0
0
0
0
0
0
0
0
0
0
4.0811
0
0
0
-8.7789
0
0
0
0
0
0
0
0
0
0
0
0
0
0
0
0
0
0
0
0
0
0
0
0
0
0
8.7789
0
-9.565
0
0
0
0
0
0
0
0
0
0
0
0
0
0
0
0
0
0
0
0
0
0
0
0
0
0
0
0
9.565
