16.6839
-0.7332
-0.7332
-0.7332
-0.69105
-0.69711
-0.75718
-0.88776
-0.88776
-0.75064
-0.75064
-1.1075
-0.92795
-0.86643
-0.86643
-0.96483
-1.1167
-0.52991
-0.52991
-0.52991
-1.2236
-0.3991
0
0
0
0
0
0
0
0
-0.7332
15.2879
-0.67827
-0.67827
-0.64523
-0.65084
-0.70561
-0.83352
-0.83352
-0.70106
-0.70106
-1.0523
-0.84933
-0.80699
-0.80699
-0.9131
-1.0665
-0.49316
-0.49316
-0.49316
-1.1526
0
0
0
0
0
0
0
0
0
-0.7332
-0.67827
15.2879
-0.67827
-0.64523
-0.65084
-0.70561
-0.83352
-0.83352
-0.70106
-0.70106
-1.0523
-0.84933
-0.80699
-0.80699
-0.9131
-1.0665
-0.49316
-0.49316
-0.49316
-1.1526
0
0
0
0
0
0
0
0
0
-0.7332
-0.67827
-0.67827
15.2879
-0.64523
-0.65084
-0.70561
-0.83352
-0.83352
-0.70106
-0.70106
-1.0523
-0.84933
-0.80699
-0.80699
-0.9131
-1.0665
-0.49316
-0.49316
-0.49316
-1.1526
0
0
0
0
0
0
0
0
0
-0.69105
-0.64523
-0.64523
-0.64523
13.2258
-0.60724
-0.65748
-0.77258
-0.77258
-0.65288
-0.65288
-0.97293
-0.79028
-0.75177
-0.75177
-0.84814
-0.99245
-0.45868
-0.45868
-0.45868
0
0
0
0
0
0
0
0
0
0
-0.69711
-0.65084
-0.65084
-0.65084
-0.60724
12.2582
-0.65561
-0.77261
-0.77261
-0.65093
-0.65093
-0.97873
-0.79273
-0.7473
-0.7473
-0.84099
0
-0.46387
-0.46387
-0.46387
0
0
0
0
0
0
0
0
0
0
-0.75718
-0.70561
-0.70561
-0.70561
-0.65748
-0.65561
9.7111
-0.82855
-0.82855
-0.68957
-0.68957
0
-0.83877
-0.82449
-0.82449
0
0
0
0
0
0
0
0
0
0
0
0
0
0
0
-0.88776
-0.83352
-0.83352
-0.83352
-0.77258
-0.77261
-0.82855
16.452
-0.98233
-0.75138
-0.75138
0
0
0
0
0
0
0
0
0
0
0
0
0
0
0
0
-8.2048
0
0
-0.88776
-0.83352
-0.83352
-0.83352
-0.77258
-0.77261
-0.82855
-0.98233
16.452
-0.75138
-0.75138
0
0
0
0
0
0
0
0
0
0
0
0
0
0
0
0
0
0
-8.2048
-0.75064
-0.70106
-0.70106
-0.70106
-0.65288
-0.65093
-0.68957
-0.75138
-0.75138
6.8904
-0.54045
0
0
0
0
0
0
0
0
0
0
0
0
0
0
0
0
0
0
0
-0.75064
-0.70106
-0.70106
-0.70106
-0.65288
-0.65093
-0.68957
-0.75138
-0.75138
-0.54045
6.8904
0
0
0
0
0
0
0
0
0
0
0
0
0
0
0
0
0
0
0
-1.1075
-1.0523
-1.0523
-1.0523
-0.97293
-0.97873
0
0
0
0
0
21.5413
0
0
0
0
0
0
0
0
0
0
0
0
0
-7.6627
0
0
-7.6627
0
-0.92795
-0.84933
-0.84933
-0.84933
-0.79028
-0.79273
-0.83877
0
0
0
0
0
6.5132
0
0
0
0
0
0
0
0
-0.61545
0
0
0
0
0
0
0
0
-0.86643
-0.80699
-0.80699
-0.80699
-0.75177
-0.7473
-0.82449
0
0
0
0
0
0
5.611
0
0
0
0
0
0
0
0
0
0
0
0
0
0
0
0
-0.86643
-0.80699
-0.80699
-0.80699
-0.75177
-0.7473
-0.82449
0
0
0
0
0
0
0
5.611
0
0
0
0
0
0
0
0
0
0
0
0
0
0
0
-0.96483
-0.9131
-0.9131
-0.9131
-0.84814
-0.84099
0
0
0
0
0
0
0
0
0
6.0757
0
0
0
0
0
0
0
-0.68244
0
0
0
0
0
0
-1.1167
-1.0665
-1.0665
-1.0665
-0.99245
0
0
0
0
0
0
0
0
0
0
0
6.1685
0
0
0
0
0
-0.85983
0
0
0
0
0
0
0
-0.52991
-0.49316
-0.49316
-0.49316
-0.45868
-0.46387
0
0
0
0
0
0
0
0
0
0
0
2.9319
0
0
0
0
0
0
0
0
0
0
0
0
-0.52991
-0.49316
-0.49316
-0.49316
-0.45868
-0.46387
0
0
0
0
0
0
0
0
0
0
0
0
2.9319
0
0
0
0
0
0
0
0
0
0
0
-0.52991
-0.49316
-0.49316
-0.49316
-0.45868
-0.46387
0
0
0
0
0
0
0
0
0
0
0
0
0
2.9319
0
0
0
0
0
0
0
0
0
0
-1.2236
-1.1526
-1.1526
-1.1526
0
0
0
0
0
0
0
0
0
0
0
0
0
0
0
0
4.6814
0
0
0
0
0
0
0
0
0
-0.3991
0
0
0
0
0
0
0
0
0
0
0
-0.61545
0
0
0
0
0
0
0
0
1.324
0
0
0
0
-0.30949
0
0
0
0
0
0
0
0
0
0
0
0
0
0
0
0
0
0
0
-0.85983
0
0
0
0
0
2.8304
0
-1.9706
0
0
0
0
0
0
0
0
0
0
0
0
0
0
0
0
0
0
0
0
-0.68244
0
0
0
0
0
0
0
2.5438
-1.8613
0
0
0
0
0
0
0
0
0
0
0
0
0
0
0
0
0
0
0
0
0
0
0
0
0
0
0
-1.9706
-1.8613
3.8319
0
0
0
0
0
0
0
0
0
0
0
0
0
0
0
0
-7.6627
0
0
0
0
0
0
0
0
0
0
0
0
0
7.6627
0
0
0
0
0
0
0
0
0
0
0
0
0
0
0
0
0
0
0
0
0
0
0
0
0
-0.30949
0
0
0
0
0.30949
0
0
0
0
0
0
0
0
0
0
-8.2048
0
0
0
0
0
0
0
0
0
0
0
0
0
0
0
0
0
0
0
8.2048
0
0
0
0
0
0
0
0
0
0
0
0
0
-7.6627
0
0
0
0
0
0
0
0
0
0
0
0
0
0
0
0
7.6627
0
0
0
0
0
0
0
0
0
-8.2048
0
0
0
0
0
0
0
0
0
0
0
0
0
0
0
0
0
0
0
0
8.2048
