24.1776
-0.70522
-0.68477
-0.66732
-0.66732
-0.65564
-0.65564
-0.62963
-0.62963
-0.66317
-0.66317
-0.71641
-0.71641
-0.65436
-0.69727
-0.69727
-0.67596
-0.65131
-0.56706
-0.25913
0
0
0
0
0
0
0
-11.9209
0
0
-0.70522
36.6715
-0.68408
-0.66748
-0.66748
-0.65684
-0.65684
-0.63217
-0.63217
-0.66497
-0.66497
-0.71663
-0.71663
-0.65615
-0.69959
-0.69959
-0.66993
-0.65274
0
0
0
0
-12.614
0
0
0
0
0
0
-12.614
-0.68477
-0.68408
11.7999
-0.63933
-0.63933
-0.62815
-0.62815
-0.60545
-0.60545
-0.6351
-0.6351
-0.68364
-0.68364
-0.62679
-0.66709
-0.66709
-0.65078
-0.62343
-0.55445
-0.25804
0
0
0
0
0
0
0
0
0
0
-0.66732
-0.66748
-0.63933
11.3123
-0.62377
-0.61434
-0.61434
-0.59562
-0.59562
-0.62121
-0.62121
-0.67131
-0.67131
-0.61236
-0.65126
-0.65126
-0.6406
-0.60737
-0.54659
0
0
0
0
0
0
0
0
0
0
0
-0.66732
-0.66748
-0.63933
-0.62377
11.3123
-0.61434
-0.61434
-0.59562
-0.59562
-0.62121
-0.62121
-0.67131
-0.67131
-0.61236
-0.65126
-0.65126
-0.6406
-0.60737
-0.54659
0
0
0
0
0
0
0
0
0
0
0
-0.65564
-0.65684
-0.62815
-0.61434
-0.61434
10.5719
-0.5984
-0.58491
-0.58491
-0.60876
-0.60876
-0.65873
-0.65873
-0.59934
-0.63725
-0.63725
-0.63116
-0.59436
0
0
0
0
0
0
0
0
0
0
0
0
-0.65564
-0.65684
-0.62815
-0.61434
-0.61434
-0.5984
10.5719
-0.58491
-0.58491
-0.60876
-0.60876
-0.65873
-0.65873
-0.59934
-0.63725
-0.63725
-0.63116
-0.59436
0
0
0
0
0
0
0
0
0
0
0
0
-0.62963
-0.63217
-0.60545
-0.59562
-0.59562
-0.58491
-0.58491
9.236
-0.56845
-0.58571
-0.58571
-0.62662
-0.62662
-0.57566
-0.61316
-0.61316
0
0
0
0
-0.2126
0
0
0
0
0
0
0
0
0
-0.62963
-0.63217
-0.60545
-0.59562
-0.59562
-0.58491
-0.58491
-0.56845
9.236
-0.58571
-0.58571
-0.62662
-0.62662
-0.57566
-0.61316
-0.61316
0
0
0
0
-0.2126
0
0
0
0
0
0
0
0
0
-0.66317
-0.66497
-0.6351
-0.62121
-0.62121
-0.60876
-0.60876
-0.58571
-0.58571
8.1252
-0.57387
-0.67649
-0.67649
-0.60378
0
0
0
0
0
0
0
0
0
0
0
0
0
0
0
0
-0.66317
-0.66497
-0.6351
-0.62121
-0.62121
-0.60876
-0.60876
-0.58571
-0.58571
-0.57387
8.1252
-0.67649
-0.67649
-0.60378
0
0
0
0
0
0
0
0
0
0
0
0
0
0
0
0
-0.71641
-0.71663
-0.68364
-0.67131
-0.67131
-0.65873
-0.65873
-0.62662
-0.62662
-0.67649
-0.67649
15.3758
0
0
0
0
0
0
0
0
0
0
0
0
-7.9928
0
0
0
0
0
-0.71641
-0.71663
-0.68364
-0.67131
-0.67131
-0.65873
-0.65873
-0.62662
-0.62662
-0.67649
-0.67649
0
15.3758
0
0
0
0
0
0
0
0
0
0
0
0
-7.9928
0
0
0
0
-0.65436
-0.65615
-0.62679
-0.61236
-0.61236
-0.59934
-0.59934
-0.57566
-0.57566
-0.60378
-0.60378
0
0
6.7196
0
0
0
0
0
0
0
0
0
0
0
0
0
0
0
0
-0.69727
-0.69959
-0.66709
-0.65126
-0.65126
-0.63725
-0.63725
-0.61316
-0.61316
0
0
0
0
0
5.8673
0
0
0
0
0
0
0
0
0
0
0
0
0
0
0
-0.69727
-0.69959
-0.66709
-0.65126
-0.65126
-0.63725
-0.63725
-0.61316
-0.61316
0
0
0
0
0
0
5.8673
0
0
0
0
0
0
0
0
0
0
0
0
0
0
-0.67596
-0.66993
-0.65078
-0.6406
-0.6406
-0.63116
-0.63116
0
0
0
0
0
0
0
0
0
8.3476
0
0
0
0
-3.8074
0
0
0
0
0
0
0
0
-0.65131
-0.65274
-0.62343
-0.60737
-0.60737
-0.59436
-0.59436
0
0
0
0
0
0
0
0
0
0
4.3309
0
0
0
0
0
0
0
0
0
0
0
0
-0.56706
0
-0.55445
-0.54659
-0.54659
0
0
0
0
0
0
0
0
0
0
0
0
0
2.4206
0
0
0
0
0
0
0
-0.20596
0
0
0
-0.25913
0
-0.25804
0
0
0
0
0
0
0
0
0
0
0
0
0
0
0
0
0.64522
0
0
0
-0.12806
0
0
0
0
0
0
0
0
0
0
0
0
0
-0.2126
-0.2126
0
0
0
0
0
0
0
0
0
0
0
0.5297
0
0
0
0
0
0
0
-0.1045
0
0
0
0
0
0
0
0
0
0
0
0
0
0
0
0
0
-3.8074
0
0
0
0
3.8074
0
0
0
0
0
0
0
0
0
-12.614
0
0
0
0
0
0
0
0
0
0
0
0
0
0
0
0
0
0
0
0
12.614
0
0
0
0
0
0
0
0
0
0
0
0
0
0
0
0
0
0
0
0
0
0
0
0
0
0
-0.12806
0
0
0
0.12806
0
0
0
0
0
0
0
0
0
0
0
0
0
0
0
0
0
-7.9928
0
0
0
0
0
0
0
0
0
0
0
0
7.9928
0
0
0
0
0
0
0
0
0
0
0
0
0
0
0
0
0
-7.9928
0
0
0
0
0
0
0
0
0
0
0
0
7.9928
0
0
0
0
0
0
0
0
0
0
0
0
0
0
0
0
0
0
0
0
0
0
-0.20596
0
0
0
0
0
0
0
0.20596
0
0
0
-11.9209
0
0
0
0
0
0
0
0
0
0
0
0
0
0
0
0
0
0
0
0
0
0
0
0
0
0
11.9209
0
0
0
0
0
0
0
0
0
0
0
0
0
0
0
0
0
0
0
0
0
0
-0.1045
0
0
0
0
0
0
0
0.1045
0
0
-12.614
0
0
0
0
0
0
0
0
0
0
0
0
0
0
0
0
0
0
0
0
0
0
0
0
0
0
0
12.614
