13.2811
-0.76424
-0.74716
-0.74087
-0.74087
-0.66463
-0.66463
-0.66463
-0.66463
-0.7398
-0.75531
-0.75531
-0.64046
-0.64046
-0.64046
-0.69242
-0.70004
-0.70004
-0.95034
-0.26518
0
-0.14957
0
0
0
0
0
0
0
0
-0.76424
34.3967
-0.79665
-0.77781
-0.77781
-0.69374
-0.69374
-0.69374
-0.69374
-0.76412
-0.76575
-0.76575
-0.67287
-0.67287
-0.67287
-0.63829
-0.74514
-0.74514
0
0
0
0
0
0
0
0
-11.0312
-11.0312
0
0
-0.74716
-0.79665
13.9691
-0.74022
-0.74022
-0.66673
-0.66673
-0.66673
-0.66673
-0.73702
-0.76967
-0.76967
-0.64152
-0.64152
-0.64152
-0.71553
-0.69948
-0.69948
-0.88739
0
-1.0752
0
0
0
0
0
0
0
0
0
-0.74087
-0.77781
-0.74022
12.86
-0.73773
-0.66335
-0.66335
-0.66335
-0.66335
-0.73634
-0.76639
-0.76639
-0.63985
-0.63985
-0.63985
-0.71174
-0.69852
-0.69852
-0.91253
0
0
0
0
0
0
0
0
0
0
0
-0.74087
-0.77781
-0.74022
-0.73773
12.86
-0.66335
-0.66335
-0.66335
-0.66335
-0.73634
-0.76639
-0.76639
-0.63985
-0.63985
-0.63985
-0.71174
-0.69852
-0.69852
-0.91253
0
0
0
0
0
0
0
0
0
0
0
-0.66463
-0.69374
-0.66673
-0.66335
-0.66335
10.663
-0.56867
-0.56867
-0.56867
-0.65571
-0.67998
-0.67998
-0.57082
-0.57082
-0.57082
-0.63
-0.62355
-0.62355
0
0
0
0
0
0
0
0
0
0
0
0
-0.66463
-0.69374
-0.66673
-0.66335
-0.66335
-0.56867
10.663
-0.56867
-0.56867
-0.65571
-0.67998
-0.67998
-0.57082
-0.57082
-0.57082
-0.63
-0.62355
-0.62355
0
0
0
0
0
0
0
0
0
0
0
0
-0.66463
-0.69374
-0.66673
-0.66335
-0.66335
-0.56867
-0.56867
10.663
-0.56867
-0.65571
-0.67998
-0.67998
-0.57082
-0.57082
-0.57082
-0.63
-0.62355
-0.62355
0
0
0
0
0
0
0
0
0
0
0
0
-0.66463
-0.69374
-0.66673
-0.66335
-0.66335
-0.56867
-0.56867
-0.56867
10.663
-0.65571
-0.67998
-0.67998
-0.57082
-0.57082
-0.57082
-0.63
-0.62355
-0.62355
0
0
0
0
0
0
0
0
0
0
0
0
-0.7398
-0.76412
-0.73702
-0.73634
-0.73634
-0.65571
-0.65571
-0.65571
-0.65571
10.0468
-0.78187
-0.78187
-0.62071
-0.62071
-0.62071
0
0
0
0
-0.28446
0
0
0
0
0
0
0
0
0
0
-0.75531
-0.76575
-0.76967
-0.76639
-0.76639
-0.67998
-0.67998
-0.67998
-0.67998
-0.78187
17.8355
-0.80201
-0.64541
-0.64541
-0.64541
0
0
0
0
0
0
0
0
0
0
-7.772
0
0
0
0
-0.75531
-0.76575
-0.76967
-0.76639
-0.76639
-0.67998
-0.67998
-0.67998
-0.67998
-0.78187
-0.80201
17.8355
-0.64541
-0.64541
-0.64541
0
0
0
0
0
0
0
0
0
-7.772
0
0
0
0
0
-0.64046
-0.67287
-0.64152
-0.63985
-0.63985
-0.57082
-0.57082
-0.57082
-0.57082
-0.62071
-0.64541
-0.64541
8.4248
-0.49776
-0.49776
0
0
0
0
0
0
0
0
0
0
0
0
0
0
0
-0.64046
-0.67287
-0.64152
-0.63985
-0.63985
-0.57082
-0.57082
-0.57082
-0.57082
-0.62071
-0.64541
-0.64541
-0.49776
8.4248
-0.49776
0
0
0
0
0
0
0
0
0
0
0
0
0
0
0
-0.64046
-0.67287
-0.64152
-0.63985
-0.63985
-0.57082
-0.57082
-0.57082
-0.57082
-0.62071
-0.64541
-0.64541
-0.49776
-0.49776
8.4248
0
0
0
0
0
0
0
0
0
0
0
0
0
0
0
-0.69242
-0.63829
-0.71553
-0.71174
-0.71174
-0.63
-0.63
-0.63
-0.63
0
0
0
0
0
0
21.7759
0
0
0
0
0
0
0
-7.8931
0
0
0
0
0
-7.8931
-0.70004
-0.74514
-0.69948
-0.69852
-0.69852
-0.62355
-0.62355
-0.62355
-0.62355
0
0
0
0
0
0
0
6.0359
0
0
0
0
0
0
0
0
0
0
0
0
0
-0.70004
-0.74514
-0.69948
-0.69852
-0.69852
-0.62355
-0.62355
-0.62355
-0.62355
0
0
0
0
0
0
0
0
6.0359
0
0
0
0
0
0
0
0
0
0
0
0
-0.95034
0
-0.88739
-0.91253
-0.91253
0
0
0
0
0
0
0
0
0
0
0
0
0
4.5026
0
-0.83983
0
0
0
0
0
0
0
0
0
-0.26518
0
0
0
0
0
0
0
0
-0.28446
0
0
0
0
0
0
0
0
0
0.68514
0
0
-0.13549
0
0
0
0
0
0
0
0
0
-1.0752
0
0
0
0
0
0
0
0
0
0
0
0
0
0
0
-0.83983
0
3.2613
-1.3462
0
0
0
0
0
0
0
0
-0.14957
0
0
0
0
0
0
0
0
0
0
0
0
0
0
0
0
0
0
0
-1.3462
2.3298
0
0
0
0
0
0
-0.83396
0
0
0
0
0
0
0
0
0
0
0
0
0
0
0
0
0
0
0
0
-0.13549
0
0
0.13549
0
0
0
0
0
0
0
0
0
0
0
0
0
0
0
0
0
0
0
0
0
0
-7.8931
0
0
0
0
0
0
0
7.8931
0
0
0
0
0
0
0
0
0
0
0
0
0
0
0
0
0
-7.772
0
0
0
0
0
0
0
0
0
0
0
0
7.772
0
0
0
0
0
0
0
0
0
0
0
0
0
0
0
-7.772
0
0
0
0
0
0
0
0
0
0
0
0
0
0
7.772
0
0
0
0
0
-11.0312
0
0
0
0
0
0
0
0
0
0
0
0
0
0
0
0
0
0
0
0
0
0
0
0
11.0312
0
0
0
0
-11.0312
0
0
0
0
0
0
0
0
0
0
0
0
0
0
0
0
0
0
0
0
0
0
0
0
0
11.0312
0
0
0
0
0
0
0
0
0
0
0
0
0
0
0
0
0
0
0
0
0
0
0
-0.83396
0
0
0
0
0
0
0.83396
0
0
0
0
0
0
0
0
0
0
0
0
0
0
0
0
-7.8931
0
0
0
0
0
0
0
0
0
0
0
0
0
7.8931
