23.4383
-0.61408
-0.61408
-0.59638
-0.57653
-0.58584
-0.585
-0.60108
-0.66437
-0.66437
-0.72332
-0.59518
-0.61354
-0.59518
-0.59518
-0.59518
-0.56461
-0.53319
-0.48433
-0.23029
0
0
0
0
0
0
0
0
-12.4066
0
-0.61408
22.3497
-0.60078
-0.57856
-0.55968
-0.56846
-0.56771
-0.58427
-0.64514
-0.64514
-0.70074
-0.57638
-0.59716
-0.57638
-0.57638
-0.57638
-0.54705
-0.51711
-0.47383
0
0
0
0
0
0
0
-11.8445
0
0
0
-0.61408
-0.60078
22.3497
-0.57856
-0.55968
-0.56846
-0.56771
-0.58427
-0.64514
-0.64514
-0.70074
-0.57638
-0.59716
-0.57638
-0.57638
-0.57638
-0.54705
-0.51711
-0.47383
0
0
-11.8445
0
0
0
0
0
0
0
0
-0.59638
-0.57856
-0.57856
10.4189
-0.54361
-0.55176
-0.55097
-0.5627
-0.62059
-0.62059
-0.67206
-0.55986
-0.57665
-0.55986
-0.55986
-0.55986
-0.53272
-0.50442
-0.46377
-0.22608
0
0
0
0
0
0
0
0
0
0
-0.57653
-0.55968
-0.55968
-0.54361
9.9251
-0.53724
-0.53632
-0.54831
-0.6045
-0.6045
-0.65335
-0.54382
-0.56289
-0.54382
-0.54382
-0.54382
-0.51764
-0.49052
-0.45504
0
0
0
0
0
0
0
0
0
0
0
-0.58584
-0.56846
-0.56846
-0.55176
-0.53724
9.6265
-0.54458
-0.55865
-0.61765
-0.61765
-0.66863
-0.55213
-0.57506
-0.55213
-0.55213
-0.55213
-0.52447
-0.49947
0
0
0
0
0
0
0
0
0
0
0
0
-0.585
-0.56771
-0.56771
-0.55097
-0.53632
-0.54458
9.1184
-0.55826
-0.61579
-0.61579
-0.66647
-0.55271
-0.57406
-0.55271
-0.55271
-0.55271
-0.52482
0
0
0
0
0
0
0
0
0
0
0
0
0
-0.60108
-0.58427
-0.58427
-0.5627
-0.54831
-0.55865
-0.55826
17.588
-0.62884
-0.62884
-0.68167
-0.56642
0
-0.56642
-0.56642
-0.56642
0
0
0
0
0
0
0
0
0
0
0
0
0
-9.3854
-0.66437
-0.64514
-0.64514
-0.62059
-0.6045
-0.61765
-0.61579
-0.62884
10.1849
-0.62713
0
0
0
0
0
0
0
0
0
0
0
0
0
0
-4.5157
0
0
0
0
0
-0.66437
-0.64514
-0.64514
-0.62059
-0.6045
-0.61765
-0.61579
-0.62884
-0.62713
10.1849
0
0
0
0
0
0
0
0
0
0
0
0
0
0
0
-4.5157
0
0
0
0
-0.72332
-0.70074
-0.70074
-0.67206
-0.65335
-0.66863
-0.66647
-0.68167
0
0
8.1999
0
0
0
0
0
0
0
0
0
-2.7329
0
0
0
0
0
0
0
0
0
-0.59518
-0.57638
-0.57638
-0.55986
-0.54382
-0.55213
-0.55271
-0.56642
0
0
0
4.5229
0
0
0
0
0
0
0
0
0
0
0
0
0
0
0
0
0
0
-0.61354
-0.59716
-0.59716
-0.57665
-0.56289
-0.57506
-0.57406
0
0
0
0
0
4.6278
0
0
0
0
0
0
0
0
0
0
-0.53129
0
0
0
0
0
0
-0.59518
-0.57638
-0.57638
-0.55986
-0.54382
-0.55213
-0.55271
-0.56642
0
0
0
0
0
4.5229
0
0
0
0
0
0
0
0
0
0
0
0
0
0
0
0
-0.59518
-0.57638
-0.57638
-0.55986
-0.54382
-0.55213
-0.55271
-0.56642
0
0
0
0
0
0
4.5229
0
0
0
0
0
0
0
0
0
0
0
0
0
0
0
-0.59518
-0.57638
-0.57638
-0.55986
-0.54382
-0.55213
-0.55271
-0.56642
0
0
0
0
0
0
0
4.5229
0
0
0
0
0
0
0
0
0
0
0
0
0
0
-0.56461
-0.54705
-0.54705
-0.53272
-0.51764
-0.52447
-0.52482
0
0
0
0
0
0
0
0
0
3.7584
0
0
0
0
0
0
0
0
0
0
0
0
0
-0.53319
-0.51711
-0.51711
-0.50442
-0.49052
-0.49947
0
0
0
0
0
0
0
0
0
0
0
3.0618
0
0
0
0
0
0
0
0
0
0
0
0
-0.48433
-0.47383
-0.47383
-0.46377
-0.45504
0
0
0
0
0
0
0
0
0
0
0
0
0
2.4553
0
0
0
0
0
0
0
0
-0.1045
0
0
-0.23029
0
0
-0.22608
0
0
0
0
0
0
0
0
0
0
0
0
0
0
0
0.59815
0
0
-0.14178
0
0
0
0
0
0
0
0
0
0
0
0
0
0
0
0
0
-2.7329
0
0
0
0
0
0
0
0
0
2.7329
0
0
0
0
0
0
0
0
0
0
0
-11.8445
0
0
0
0
0
0
0
0
0
0
0
0
0
0
0
0
0
0
11.8445
0
0
0
0
0
0
0
0
0
0
0
0
0
0
0
0
0
0
0
0
0
0
0
0
0
0
0
-0.14178
0
0
0.14178
0
0
0
0
0
0
0
0
0
0
0
0
0
0
0
0
0
0
0
-0.53129
0
0
0
0
0
0
0
0
0
0
0.53129
0
0
0
0
0
0
0
0
0
0
0
0
0
0
-4.5157
0
0
0
0
0
0
0
0
0
0
0
0
0
0
0
4.5157
0
0
0
0
0
0
0
0
0
0
0
0
0
0
-4.5157
0
0
0
0
0
0
0
0
0
0
0
0
0
0
0
4.5157
0
0
0
0
0
-11.8445
0
0
0
0
0
0
0
0
0
0
0
0
0
0
0
0
0
0
0
0
0
0
0
0
11.8445
0
0
0
0
0
0
0
0
0
0
0
0
0
0
0
0
0
0
0
0
0
-0.1045
0
0
0
0
0
0
0
0
0.1045
0
0
-12.4066
0
0
0
0
0
0
0
0
0
0
0
0
0
0
0
0
0
0
0
0
0
0
0
0
0
0
0
12.4066
0
0
0
0
0
0
0
0
-9.3854
0
0
0
0
0
0
0
0
0
0
0
0
0
0
0
0
0
0
0
0
0
9.3854
