43.4851
-0.76773
-0.82318
-0.82318
-0.77501
-0.82773
-0.82318
-0.69188
-0.73194
-0.73194
-0.69052
-0.69052
-0.69052
-0.68185
-0.72218
-0.6665
-0.72218
-0.73283
-0.78721
0
0
0
0
-10.035
0
0
0
0
-10.035
-10.035
-0.76773
22.1748
-0.82834
-0.82834
-0.82622
-0.83125
-0.82834
-0.7398
-0.73716
-0.73716
-0.6961
-0.6961
-0.6961
-0.68758
-0.7246
-0.72293
-0.7246
-0.735
-0.77214
-0.84617
-1.132
0
0
0
0
0
0
-6.6172
0
0
-0.82318
-0.82834
15.0372
-0.84729
-0.94203
-0.88715
-0.84729
-0.78537
-0.76043
-0.76043
-0.72162
-0.72162
-0.72162
-0.71289
-0.75113
-0.768
-0.75113
-0.76166
-0.80062
-0.84542
0
0
0
0
0
0
0
0
0
0
-0.82318
-0.82834
-0.84729
15.0372
-0.94203
-0.88715
-0.84729
-0.78537
-0.76043
-0.76043
-0.72162
-0.72162
-0.72162
-0.71289
-0.75113
-0.768
-0.75113
-0.76166
-0.80062
-0.84542
0
0
0
0
0
0
0
0
0
0
-0.77501
-0.82622
-0.94203
-0.94203
19.6932
-0.9487
-0.94203
-0.76798
-0.78781
-0.78781
-0.72989
-0.72989
-0.72989
-0.72067
-0.76091
-0.74815
-0.76091
-0.77173
0
0
0
-0.24763
-5.7739
0
0
0
0
0
0
0
-0.82773
-0.83125
-0.88715
-0.88715
-0.9487
15.4773
-0.88715
-0.78416
-0.76319
-0.76319
-0.72429
-0.72429
-0.72429
-0.71543
-0.75382
-0.76794
-0.75382
-0.76442
-0.80386
0
-1.1655
0
0
0
0
0
0
0
0
0
-0.82318
-0.82834
-0.84729
-0.84729
-0.94203
-0.88715
15.0372
-0.78537
-0.76043
-0.76043
-0.72162
-0.72162
-0.72162
-0.71289
-0.75113
-0.768
-0.75113
-0.76166
-0.80062
-0.84542
0
0
0
0
0
0
0
0
0
0
-0.69188
-0.7398
-0.78537
-0.78537
-0.76798
-0.78416
-0.78537
17.2608
-0.6967
-0.6967
-0.64608
-0.64608
-0.64608
-0.63785
-0.67349
-0.66533
-0.67349
-0.68283
0
0
0
0
0
0
0
0
-5.2562
0
0
0
-0.73194
-0.73716
-0.76043
-0.76043
-0.78781
-0.76319
-0.76043
-0.6967
12.6106
-0.67524
-0.63922
-0.63922
-0.63922
-0.63132
-0.66529
-0.67633
-0.66529
-0.67447
-0.70694
0
0
0
0
0
0
0
0
0
0
0
-0.73194
-0.73716
-0.76043
-0.76043
-0.78781
-0.76319
-0.76043
-0.6967
-0.67524
12.6106
-0.63922
-0.63922
-0.63922
-0.63132
-0.66529
-0.67633
-0.66529
-0.67447
-0.70694
0
0
0
0
0
0
0
0
0
0
0
-0.69052
-0.6961
-0.72162
-0.72162
-0.72989
-0.72429
-0.72162
-0.64608
-0.63922
-0.63922
11.2171
-0.59088
-0.59088
-0.59147
-0.62425
-0.63262
-0.62425
-0.63255
0
0
0
0
0
0
0
0
0
0
0
0
-0.69052
-0.6961
-0.72162
-0.72162
-0.72989
-0.72429
-0.72162
-0.64608
-0.63922
-0.63922
-0.59088
11.2171
-0.59088
-0.59147
-0.62425
-0.63262
-0.62425
-0.63255
0
0
0
0
0
0
0
0
0
0
0
0
-0.69052
-0.6961
-0.72162
-0.72162
-0.72989
-0.72429
-0.72162
-0.64608
-0.63922
-0.63922
-0.59088
-0.59088
11.2171
-0.59147
-0.62425
-0.63262
-0.62425
-0.63255
0
0
0
0
0
0
0
0
0
0
0
0
-0.68185
-0.68758
-0.71289
-0.71289
-0.72067
-0.71543
-0.71289
-0.63785
-0.63132
-0.63132
-0.59147
-0.59147
-0.59147
10.4355
-0.60519
-0.60601
-0.60519
0
0
0
0
0
0
0
0
0
0
0
0
0
-0.72218
-0.7246
-0.75113
-0.75113
-0.76091
-0.75382
-0.75113
-0.67349
-0.66529
-0.66529
-0.62425
-0.62425
-0.62425
-0.60519
10.3479
0
-0.65098
0
0
0
0
0
0
0
0
0
0
0
0
0
-0.6665
-0.72293
-0.768
-0.768
-0.74815
-0.76794
-0.768
-0.66533
-0.67633
-0.67633
-0.63262
-0.63262
-0.63262
-0.60601
0
13.0835
0
0
0
0
0
0
0
0
-3.3521
0
0
0
0
0
-0.72218
-0.7246
-0.75113
-0.75113
-0.76091
-0.75382
-0.75113
-0.67349
-0.66529
-0.66529
-0.62425
-0.62425
-0.62425
-0.60519
-0.65098
0
10.3479
0
0
0
0
0
0
0
0
0
0
0
0
0
-0.73283
-0.735
-0.76166
-0.76166
-0.77173
-0.76442
-0.76166
-0.68283
-0.67447
-0.67447
-0.63255
-0.63255
-0.63255
0
0
0
0
9.2184
0
0
0
0
0
0
0
0
0
0
0
0
-0.78721
-0.77214
-0.80062
-0.80062
0
-0.80386
-0.80062
0
-0.70694
-0.70694
0
0
0
0
0
0
0
0
6.179
0
0
0
0
0
0
0
0
0
0
0
0
-0.84617
-0.84542
-0.84542
0
0
-0.84542
0
0
0
0
0
0
0
0
0
0
0
0
3.3824
0
0
0
0
0
0
0
0
0
0
0
-1.132
0
0
0
-1.1655
0
0
0
0
0
0
0
0
0
0
0
0
0
0
3.346
-1.0485
0
0
0
0
0
0
0
0
0
0
0
0
-0.24763
0
0
0
0
0
0
0
0
0
0
0
0
0
0
0
-1.0485
1.888
0
0
0
-0.59185
0
0
0
0
0
0
0
0
-5.7739
0
0
0
0
0
0
0
0
0
0
0
0
0
0
0
0
0
5.7739
0
0
0
0
0
0
0
-10.035
0
0
0
0
0
0
0
0
0
0
0
0
0
0
0
0
0
0
0
0
0
0
10.035
0
0
0
0
0
0
0
0
0
0
0
0
0
0
0
0
0
0
0
0
0
-3.3521
0
0
0
0
0
0
0
0
3.3521
0
0
0
0
0
0
0
0
0
0
0
0
0
0
0
0
0
0
0
0
0
0
0
0
0
0
-0.59185
0
0
0
0.59185
0
0
0
0
0
0
0
0
0
0
0
-5.2562
0
0
0
0
0
0
0
0
0
0
0
0
0
0
0
0
0
0
5.2562
0
0
0
0
-6.6172
0
0
0
0
0
0
0
0
0
0
0
0
0
0
0
0
0
0
0
0
0
0
0
0
0
6.6172
0
0
-10.035
0
0
0
0
0
0
0
0
0
0
0
0
0
0
0
0
0
0
0
0
0
0
0
0
0
0
0
10.035
0
-10.035
0
0
0
0
0
0
0
0
0
0
0
0
0
0
0
0
0
0
0
0
0
0
0
0
0
0
0
0
10.035
