35.8928
-0.89772
-0.89772
-0.85165
-0.85165
-0.85165
-0.86653
-0.86653
-0.88301
-0.88301
-0.88052
-0.88052
-0.8653
-0.88052
-0.8653
-0.79121
-0.88548
-0.83883
-0.86644
-0.91078
-0.91078
-0.91165
-0.91165
-8.3222
0
-8.3222
0
0
0
0
-0.89772
25.8536
-0.9065
-0.84499
-0.84499
-0.84499
-0.86088
-0.86088
-0.87794
-0.87794
-0.87425
-0.87425
-0.87745
-0.87425
-0.87745
-0.78574
-0.87608
-0.85921
-0.85643
-0.8985
-0.8985
-0.89679
-0.89679
0
0
0
0
-6.6911
0
0
-0.89772
-0.9065
25.8536
-0.84499
-0.84499
-0.84499
-0.86088
-0.86088
-0.87794
-0.87794
-0.87425
-0.87425
-0.87745
-0.87425
-0.87745
-0.78574
-0.87608
-0.85921
-0.85643
-0.8985
-0.8985
-0.89679
-0.89679
0
-6.6911
0
0
0
0
0
-0.85165
-0.84499
-0.84499
17.8401
-0.78082
-0.78082
-0.79763
-0.79763
-0.81329
-0.81329
-0.809
-0.809
-0.82237
-0.809
-0.82237
-0.72893
-0.80848
-0.81351
-0.79037
-0.82707
-0.82707
-0.82391
-0.82391
0
0
0
0
0
0
0
-0.85165
-0.84499
-0.84499
-0.78082
17.8401
-0.78082
-0.79763
-0.79763
-0.81329
-0.81329
-0.809
-0.809
-0.82237
-0.809
-0.82237
-0.72893
-0.80848
-0.81351
-0.79037
-0.82707
-0.82707
-0.82391
-0.82391
0
0
0
0
0
0
0
-0.85165
-0.84499
-0.84499
-0.78082
-0.78082
17.8401
-0.79763
-0.79763
-0.81329
-0.81329
-0.809
-0.809
-0.82237
-0.809
-0.82237
-0.72893
-0.80848
-0.81351
-0.79037
-0.82707
-0.82707
-0.82391
-0.82391
0
0
0
0
0
0
0
-0.86653
-0.86088
-0.86088
-0.79763
-0.79763
-0.79763
16.4833
-0.80855
-0.82898
-0.82898
-0.82512
-0.82512
-0.83724
-0.82512
-0.83724
-0.7416
-0.82358
-0.82846
-0.80546
-0.84334
-0.84334
0
0
0
0
0
0
0
0
0
-0.86653
-0.86088
-0.86088
-0.79763
-0.79763
-0.79763
-0.80855
16.4833
-0.82898
-0.82898
-0.82512
-0.82512
-0.83724
-0.82512
-0.83724
-0.7416
-0.82358
-0.82846
-0.80546
-0.84334
-0.84334
0
0
0
0
0
0
0
0
0
-0.88301
-0.87794
-0.87794
-0.81329
-0.81329
-0.81329
-0.82898
-0.82898
15.0842
-0.83586
-0.84566
-0.84566
-0.85493
-0.84566
-0.85493
-0.75472
-0.84029
-0.84666
-0.82309
0
0
0
0
0
0
0
0
0
0
0
-0.88301
-0.87794
-0.87794
-0.81329
-0.81329
-0.81329
-0.82898
-0.82898
-0.83586
15.0842
-0.84566
-0.84566
-0.85493
-0.84566
-0.85493
-0.75472
-0.84029
-0.84666
-0.82309
0
0
0
0
0
0
0
0
0
0
0
-0.88052
-0.87425
-0.87425
-0.809
-0.809
-0.809
-0.82512
-0.82512
-0.84566
-0.84566
13.3616
-0.79638
-0.89379
-0.79638
-0.89379
-0.73546
-0.84824
0
0
0
0
0
0
0
0
0
0
0
0
0
-0.88052
-0.87425
-0.87425
-0.809
-0.809
-0.809
-0.82512
-0.82512
-0.84566
-0.84566
-0.79638
13.3616
-0.89379
-0.79638
-0.89379
-0.73546
-0.84824
0
0
0
0
0
0
0
0
0
0
0
0
0
-0.8653
-0.87745
-0.87745
-0.82237
-0.82237
-0.82237
-0.83724
-0.83724
-0.85493
-0.85493
-0.89379
-0.89379
16.0178
-0.89379
-0.84275
-0.70856
0
0
0
0
0
0
0
0
0
0
0
0
0
-3.3134
-0.88052
-0.87425
-0.87425
-0.809
-0.809
-0.809
-0.82512
-0.82512
-0.84566
-0.84566
-0.79638
-0.79638
-0.89379
13.3616
-0.89379
-0.73546
-0.84824
0
0
0
0
0
0
0
0
0
0
0
0
0
-0.8653
-0.87745
-0.87745
-0.82237
-0.82237
-0.82237
-0.83724
-0.83724
-0.85493
-0.85493
-0.89379
-0.89379
-0.84275
-0.89379
16.0178
-0.70856
0
0
0
0
0
0
0
0
0
0
-3.3134
0
0
0
-0.79121
-0.78574
-0.78574
-0.72893
-0.72893
-0.72893
-0.7416
-0.7416
-0.75472
-0.75472
-0.73546
-0.73546
-0.70856
-0.73546
-0.70856
11.1656
0
0
0
0
0
0
0
0
0
0
0
0
0
0
-0.88548
-0.87608
-0.87608
-0.80848
-0.80848
-0.80848
-0.82358
-0.82358
-0.84029
-0.84029
-0.84824
-0.84824
0
-0.84824
0
0
10.9355
0
0
0
0
0
0
0
0
0
0
0
0
0
-0.83883
-0.85921
-0.85921
-0.81351
-0.81351
-0.81351
-0.82846
-0.82846
-0.84666
-0.84666
0
0
0
0
0
0
0
8.4525
0
0
0
0
0
0
0
0
0
0
-0.1045
0
-0.86644
-0.85643
-0.85643
-0.79037
-0.79037
-0.79037
-0.80546
-0.80546
-0.82309
-0.82309
0
0
0
0
0
0
0
0
8.2075
0
0
0
0
0
0
0
0
0
0
0
-0.91078
-0.8985
-0.8985
-0.82707
-0.82707
-0.82707
-0.84334
-0.84334
0
0
0
0
0
0
0
0
0
0
0
6.8757
0
0
0
0
0
0
0
0
0
0
-0.91078
-0.8985
-0.8985
-0.82707
-0.82707
-0.82707
-0.84334
-0.84334
0
0
0
0
0
0
0
0
0
0
0
0
6.8757
0
0
0
0
0
0
0
0
0
-0.91165
-0.89679
-0.89679
-0.82391
-0.82391
-0.82391
0
0
0
0
0
0
0
0
0
0
0
0
0
0
0
5.1769
0
0
0
0
0
0
0
0
-0.91165
-0.89679
-0.89679
-0.82391
-0.82391
-0.82391
0
0
0
0
0
0
0
0
0
0
0
0
0
0
0
0
5.1769
0
0
0
0
0
0
0
-8.3222
0
0
0
0
0
0
0
0
0
0
0
0
0
0
0
0
0
0
0
0
0
0
8.3222
0
0
0
0
0
0
0
0
-6.6911
0
0
0
0
0
0
0
0
0
0
0
0
0
0
0
0
0
0
0
0
0
6.6911
0
0
0
0
0
-8.3222
0
0
0
0
0
0
0
0
0
0
0
0
0
0
0
0
0
0
0
0
0
0
0
0
8.3222
0
0
0
0
0
0
0
0
0
0
0
0
0
0
0
0
0
0
-3.3134
0
0
0
0
0
0
0
0
0
0
0
3.3134
0
0
0
0
-6.6911
0
0
0
0
0
0
0
0
0
0
0
0
0
0
0
0
0
0
0
0
0
0
0
0
0
6.6911
0
0
0
0
0
0
0
0
0
0
0
0
0
0
0
0
0
0
0
-0.1045
0
0
0
0
0
0
0
0
0
0
0.1045
0
0
0
0
0
0
0
0
0
0
0
0
0
-3.3134
0
0
0
0
0
0
0
0
0
0
0
0
0
0
0
0
3.3134
