27.0044
-0.94394
-0.94394
-0.84386
-0.8483
-0.84386
-0.85159
-0.84386
-0.87366
-0.83609
-0.85139
-0.85139
-0.83449
-0.76042
-0.8305
-0.81577
-0.84571
-0.87423
-1.0883
-0.73142
0
0
0
0
0
0
0
0
0
-10.6917
-0.94394
16.487
-0.95166
-0.84924
-0.86256
-0.84924
-0.87383
-0.84924
-0.88989
-0.84529
-0.85706
-0.85706
-0.84352
-0.76459
-0.84195
-0.82053
-0.85015
-0.87851
-1.0914
-0.76738
0
0
0
0
0
0
0
0
0
0
-0.94394
-0.95166
16.487
-0.84924
-0.86256
-0.84924
-0.87383
-0.84924
-0.88989
-0.84529
-0.85706
-0.85706
-0.84352
-0.76459
-0.84195
-0.82053
-0.85015
-0.87851
-1.0914
-0.76738
0
0
0
0
0
0
0
0
0
0
-0.84386
-0.84924
-0.84924
14.0714
-0.77654
-0.73286
-0.80987
-0.73286
-0.79716
-0.74888
-0.76243
-0.76243
-0.74751
-0.68173
-0.74707
-0.72906
-0.7529
-0.78094
-0.96683
0
0
0
0
0
0
0
0
0
0
0
-0.8483
-0.86256
-0.86256
-0.77654
14.3121
-0.77654
-0.80773
-0.77654
-0.79396
-0.73672
-0.75998
-0.75998
-0.73639
-0.67963
-0.7391
-0.72642
-0.75031
-0.78207
0
0
-1.1367
0
0
0
0
0
0
0
0
0
-0.84386
-0.84924
-0.84924
-0.73286
-0.77654
14.0714
-0.80987
-0.73286
-0.79716
-0.74888
-0.76243
-0.76243
-0.74751
-0.68173
-0.74707
-0.72906
-0.7529
-0.78094
-0.96683
0
0
0
0
0
0
0
0
0
0
0
-0.85159
-0.87383
-0.87383
-0.80987
-0.80773
-0.80987
13.6558
-0.80987
-0.83315
-0.71828
-0.75177
-0.75177
-0.71441
-0.67021
-0.72103
-0.71587
-0.73912
0
0
0
0
-1.0128
-0.19083
0
0
0
0
0
0
0
-0.84386
-0.84924
-0.84924
-0.73286
-0.77654
-0.73286
-0.80987
14.0714
-0.79716
-0.74888
-0.76243
-0.76243
-0.74751
-0.68173
-0.74707
-0.72906
-0.7529
-0.78094
-0.96683
0
0
0
0
0
0
0
0
0
0
0
-0.87366
-0.88989
-0.88989
-0.79716
-0.79396
-0.79716
-0.83315
-0.79716
23.918
-0.76373
-0.78489
-0.78489
-0.76194
-0.69959
-0.7596
-0.74888
-0.77372
-0.8053
0
0
0
0
0
0
0
0
-10.3634
0
0
0
-0.83609
-0.84529
-0.84529
-0.74888
-0.73672
-0.74888
-0.71828
-0.74888
-0.76373
12.5481
-0.7944
-0.7944
-0.7791
-0.66735
-0.73446
-0.72311
0
0
0
0
0
-1.0633
0
0
0
0
0
0
0
0
-0.85139
-0.85706
-0.85706
-0.76243
-0.75998
-0.76243
-0.75177
-0.76243
-0.78489
-0.7944
12.4407
-0.74113
-0.79388
-0.68475
-0.76119
-0.74108
-0.77487
0
0
0
0
0
0
0
0
0
0
0
0
0
-0.85139
-0.85706
-0.85706
-0.76243
-0.75998
-0.76243
-0.75177
-0.76243
-0.78489
-0.7944
-0.74113
12.4407
-0.79388
-0.68475
-0.76119
-0.74108
-0.77487
0
0
0
0
0
0
0
0
0
0
0
0
0
-0.83449
-0.84352
-0.84352
-0.74751
-0.73639
-0.74751
-0.71441
-0.74751
-0.76194
-0.7791
-0.79388
-0.79388
12.5738
-0.66713
-0.73446
-0.72296
0
0
0
0
-1.1056
0
0
0
0
0
0
0
0
0
-0.76042
-0.76459
-0.76459
-0.68173
-0.67963
-0.68173
-0.67021
-0.68173
-0.69959
-0.66735
-0.68475
-0.68475
-0.66713
10.3958
-0.65478
-0.65285
0
0
0
0
0
0
0
0
0
0
0
0
0
0
-0.8305
-0.84195
-0.84195
-0.74707
-0.7391
-0.74707
-0.72103
-0.74707
-0.7596
-0.73446
-0.76119
-0.76119
-0.73446
-0.65478
20.4412
0
0
0
0
0
0
0
0
0
0
-9.8197
0
0
0
0
-0.81577
-0.82053
-0.82053
-0.72906
-0.72642
-0.72906
-0.71587
-0.72906
-0.74888
-0.72311
-0.74108
-0.74108
-0.72296
-0.65285
0
10.4163
0
0
0
0
0
0
0
0
0
0
0
0
0
0
-0.84571
-0.85015
-0.85015
-0.7529
-0.75031
-0.7529
-0.73912
-0.7529
-0.77372
0
-0.77487
-0.77487
0
0
0
0
8.6176
0
0
0
0
0
0
0
0
0
0
0
0
0
-0.87423
-0.87851
-0.87851
-0.78094
-0.78207
-0.78094
0
-0.78094
-0.8053
0
0
0
0
0
0
0
0
6.5614
0
0
0
0
0
0
0
0
0
0
0
0
-1.0883
-1.0914
-1.0914
-0.96683
0
-0.96683
0
-0.96683
0
0
0
0
0
0
0
0
0
0
6.1716
0
0
0
0
0
0
0
0
0
0
0
-0.73142
-0.76738
-0.76738
0
0
0
0
0
0
0
0
0
0
0
0
0
0
0
0
6.3674
0
0
-0.50052
0
0
0
0
-3.6007
0
0
0
0
0
0
-1.1367
0
0
0
0
0
0
0
-1.1056
0
0
0
0
0
0
0
4.1257
0
0
-1.8834
0
0
0
0
0
0
0
0
0
0
0
0
-1.0128
0
0
-1.0633
0
0
0
0
0
0
0
0
0
0
0
3.8188
0
0
0
0
0
0
-1.7428
0
0
0
0
0
0
0
-0.19083
0
0
0
0
0
0
0
0
0
0
0
0
-0.50052
0
0
0.79585
0
-0.1045
0
0
0
0
0
0
0
0
0
0
0
0
0
0
0
0
0
0
0
0
0
0
0
0
0
-1.8834
0
0
1.8834
0
0
0
0
0
0
0
0
0
0
0
0
0
0
0
0
0
0
0
0
0
0
0
0
0
0
0
0
-0.1045
0
0.1045
0
0
0
0
0
0
0
0
0
0
0
0
0
0
0
0
0
0
0
-9.8197
0
0
0
0
0
0
0
0
0
0
9.8197
0
0
0
0
0
0
0
0
0
0
0
0
-10.3634
0
0
0
0
0
0
0
0
0
0
0
0
0
0
0
0
0
10.3634
0
0
0
0
0
0
0
0
0
0
0
0
0
0
0
0
0
0
0
0
0
0
-3.6007
0
0
0
0
0
0
0
3.6007
0
0
0
0
0
0
0
0
0
0
0
0
0
0
0
0
0
0
0
0
0
0
0
-1.7428
0
0
0
0
0
0
1.7428
0
-10.6917
0
0
0
0
0
0
0
0
0
0
0
0
0
0
0
0
0
0
0
0
0
0
0
0
0
0
0
0
10.6917
