29.3331
-1.1512
-1.1653
-0.9606
-0.9606
-0.9606
-0.9606
-0.9606
-0.9606
-0.9606
-0.84097
-1.074
-1.0022
-1.0022
-0.9816
-0.9816
-1.023
-1.1454
-1.0053
-1.0053
-1.0053
-0.86992
0
0
0
0
0
0
-8.3556
0
-1.1512
21.0058
-1.1512
-0.94277
-0.94277
-0.94277
-0.94277
-0.94277
-0.94277
-0.94277
-0.82586
-1.0794
-0.98997
-0.98997
-0.96357
-0.96357
-1.0035
-1.1356
-0.98318
-0.98318
-0.98318
-0.85093
-0.35218
0
0
0
0
0
0
0
-1.1653
-1.1512
29.3331
-0.9606
-0.9606
-0.9606
-0.9606
-0.9606
-0.9606
-0.9606
-0.84097
-1.074
-1.0022
-1.0022
-0.9816
-0.9816
-1.023
-1.1454
-1.0053
-1.0053
-1.0053
-0.86992
0
0
0
-8.3556
0
0
0
0
-0.9606
-0.94277
-0.9606
17.0687
-0.76067
-0.76067
-0.76067
-0.76067
-0.76067
-0.76067
-0.6784
-0.86941
-0.81647
-0.81647
-0.79013
-0.79013
-0.82023
-0.94517
-0.80506
-0.80506
-0.80506
-0.69915
0
0
0
0
0
0
0
0
-0.9606
-0.94277
-0.9606
-0.76067
17.0687
-0.76067
-0.76067
-0.76067
-0.76067
-0.76067
-0.6784
-0.86941
-0.81647
-0.81647
-0.79013
-0.79013
-0.82023
-0.94517
-0.80506
-0.80506
-0.80506
-0.69915
0
0
0
0
0
0
0
0
-0.9606
-0.94277
-0.9606
-0.76067
-0.76067
17.0687
-0.76067
-0.76067
-0.76067
-0.76067
-0.6784
-0.86941
-0.81647
-0.81647
-0.79013
-0.79013
-0.82023
-0.94517
-0.80506
-0.80506
-0.80506
-0.69915
0
0
0
0
0
0
0
0
-0.9606
-0.94277
-0.9606
-0.76067
-0.76067
-0.76067
17.0687
-0.76067
-0.76067
-0.76067
-0.6784
-0.86941
-0.81647
-0.81647
-0.79013
-0.79013
-0.82023
-0.94517
-0.80506
-0.80506
-0.80506
-0.69915
0
0
0
0
0
0
0
0
-0.9606
-0.94277
-0.9606
-0.76067
-0.76067
-0.76067
-0.76067
17.0687
-0.76067
-0.76067
-0.6784
-0.86941
-0.81647
-0.81647
-0.79013
-0.79013
-0.82023
-0.94517
-0.80506
-0.80506
-0.80506
-0.69915
0
0
0
0
0
0
0
0
-0.9606
-0.94277
-0.9606
-0.76067
-0.76067
-0.76067
-0.76067
-0.76067
17.0687
-0.76067
-0.6784
-0.86941
-0.81647
-0.81647
-0.79013
-0.79013
-0.82023
-0.94517
-0.80506
-0.80506
-0.80506
-0.69915
0
0
0
0
0
0
0
0
-0.9606
-0.94277
-0.9606
-0.76067
-0.76067
-0.76067
-0.76067
-0.76067
-0.76067
17.0687
-0.6784
-0.86941
-0.81647
-0.81647
-0.79013
-0.79013
-0.82023
-0.94517
-0.80506
-0.80506
-0.80506
-0.69915
0
0
0
0
0
0
0
0
-0.84097
-0.82586
-0.84097
-0.6784
-0.6784
-0.6784
-0.6784
-0.6784
-0.6784
-0.6784
14.2982
-0.73545
-0.69285
-0.69285
-0.67689
-0.67689
-0.70045
-0.79972
-0.68884
-0.68884
-0.68884
0
0
0
0
0
0
0
0
0
-1.074
-1.0794
-1.074
-0.86941
-0.86941
-0.86941
-0.86941
-0.86941
-0.86941
-0.86941
-0.73545
14.9091
-0.92534
-0.92534
-0.8804
-0.8804
-0.92716
0
0
0
0
0
0
0
-0.32173
0
0
0
0
0
-1.0022
-0.98997
-1.0022
-0.81647
-0.81647
-0.81647
-0.81647
-0.81647
-0.81647
-0.81647
-0.69285
-0.92534
18.7326
-0.76465
-0.82109
-0.82109
0
0
0
0
0
0
0
0
0
0
0
-5.9979
0
0
-1.0022
-0.98997
-1.0022
-0.81647
-0.81647
-0.81647
-0.81647
-0.81647
-0.81647
-0.81647
-0.69285
-0.92534
-0.76465
18.7326
-0.82109
-0.82109
0
0
0
0
0
0
0
0
0
0
-5.9979
0
0
0
-0.9816
-0.96357
-0.9816
-0.79013
-0.79013
-0.79013
-0.79013
-0.79013
-0.79013
-0.79013
-0.67689
-0.8804
-0.82109
-0.82109
13.1837
-0.70986
-0.81672
0
0
0
0
0
0
0
0
0
0
0
0
0
-0.9816
-0.96357
-0.9816
-0.79013
-0.79013
-0.79013
-0.79013
-0.79013
-0.79013
-0.79013
-0.67689
-0.8804
-0.82109
-0.82109
-0.70986
13.1837
-0.81672
0
0
0
0
0
0
0
0
0
0
0
0
0
-1.023
-1.0035
-1.023
-0.82023
-0.82023
-0.82023
-0.82023
-0.82023
-0.82023
-0.82023
-0.70045
-0.92716
0
0
-0.81672
-0.81672
12.0523
0
0
0
0
0
0
0
0
0
0
0
0
0
-1.1454
-1.1356
-1.1454
-0.94517
-0.94517
-0.94517
-0.94517
-0.94517
-0.94517
-0.94517
-0.79972
0
0
0
0
0
0
14.3577
0
0
0
0
0
0
0
0
0
0
0
-3.5155
-1.0053
-0.98318
-1.0053
-0.80506
-0.80506
-0.80506
-0.80506
-0.80506
-0.80506
-0.80506
-0.68884
0
0
0
0
0
0
0
9.318
0
0
0
0
0
0
0
0
0
0
0
-1.0053
-0.98318
-1.0053
-0.80506
-0.80506
-0.80506
-0.80506
-0.80506
-0.80506
-0.80506
-0.68884
0
0
0
0
0
0
0
0
9.318
0
0
0
0
0
0
0
0
0
0
-1.0053
-0.98318
-1.0053
-0.80506
-0.80506
-0.80506
-0.80506
-0.80506
-0.80506
-0.80506
-0.68884
0
0
0
0
0
0
0
0
0
9.318
0
0
0
0
0
0
0
0
0
-0.86992
-0.85093
-0.86992
-0.69915
-0.69915
-0.69915
-0.69915
-0.69915
-0.69915
-0.69915
0
0
0
0
0
0
0
0
0
0
0
7.4848
0
0
0
0
0
0
0
0
0
-0.35218
0
0
0
0
0
0
0
0
0
0
0
0
0
0
0
0
0
0
0
0
2.0983
-1.7461
0
0
0
0
0
0
0
0
0
0
0
0
0
0
0
0
0
0
0
0
0
0
0
0
0
0
0
0
-1.7461
3.5309
-1.7849
0
0
0
0
0
0
0
0
0
0
0
0
0
0
0
0
-0.32173
0
0
0
0
0
0
0
0
0
0
0
-1.7849
2.1066
0
0
0
0
0
0
0
-8.3556
0
0
0
0
0
0
0
0
0
0
0
0
0
0
0
0
0
0
0
0
0
0
8.3556
0
0
0
0
0
0
0
0
0
0
0
0
0
0
0
0
0
-5.9979
0
0
0
0
0
0
0
0
0
0
0
0
5.9979
0
0
0
0
0
0
0
0
0
0
0
0
0
0
0
-5.9979
0
0
0
0
0
0
0
0
0
0
0
0
0
0
5.9979
0
0
-8.3556
0
0
0
0
0
0
0
0
0
0
0
0
0
0
0
0
0
0
0
0
0
0
0
0
0
0
0
8.3556
0
0
0
0
0
0
0
0
0
0
0
0
0
0
0
0
0
0
-3.5155
0
0
0
0
0
0
0
0
0
0
0
3.5155
