5.8156
-0.38864
-0.43401
-0.40699
-0.33716
-0.33459
-0.35313
-0.35313
-0.34057
-0.29752
-0.43614
0
-0.33239
0
-1.8013
0
0
0
0
0
0
0
0
0
0
0
0
0
0
0
-0.38864
6.1093
-0.45677
-0.41926
-0.32327
-0.34703
-0.37042
-0.37042
-0.33866
-0.29434
0
-0.62822
0
0
0
0
0
0
0
0
0
0
-2.1722
0
0
0
0
0
0
0
-0.43401
-0.45677
6.1441
-0.45943
-0.34924
-0.34477
-0.3738
-0.3738
-0.35295
-0.2991
-0.51778
0
0
0
0
0
0
-2.1824
0
0
0
0
0
0
0
0
0
0
0
0
-0.40699
-0.41926
-0.45943
8.4474
-0.33016
-0.35652
-0.38041
-0.38041
-0.35118
-0.30167
0
-0.62545
0
0
0
0
0
0
0
-4.436
0
0
0
0
0
0
0
0
0
0
-0.33716
-0.32327
-0.34924
-0.33016
3.225
-0.28217
-0.29374
-0.29374
-0.27159
-0.2333
0
-0.51068
0
0
0
0
0
0
0
0
0
0
0
0
0
0
0
0
0
0
-0.33459
-0.34703
-0.34477
-0.35652
-0.28217
3.1347
-0.28973
-0.28973
-0.27101
-0.23299
0
0
0
0
0
0
-0.38612
0
0
0
0
0
0
0
0
0
0
0
0
0
-0.35313
-0.37042
-0.3738
-0.38041
-0.29374
-0.28973
10.5459
-0.3189
-0.28661
-0.24715
0
0
0
0
0
0
0
0
0
0
0
0
0
0
0
-7.632
0
0
0
0
-0.35313
-0.37042
-0.3738
-0.38041
-0.29374
-0.28973
-0.3189
10.5459
-0.28661
-0.24715
0
0
0
0
0
0
0
0
0
0
0
0
0
0
0
0
-7.632
0
0
0
-0.34057
-0.33866
-0.35295
-0.35118
-0.27159
-0.27101
-0.28661
-0.28661
2.8425
-0.22835
0
0
0
0
0
-0.11501
0
0
0
0
0
0
0
0
0
0
0
0
0
0
-0.29752
-0.29434
-0.2991
-0.30167
-0.2333
-0.23299
-0.24715
-0.24715
-0.22835
2.3816
0
0
0
0
0
0
0
0
0
0
0
0
0
0
0
0
0
0
0
0
-0.43614
0
-0.51778
0
0
0
0
0
0
0
13.1377
0
-0.28923
-1.1439
0
-0.2166
0
0
-4.2773
0
0
0
0
0
0
0
0
0
-6.2567
0
0
-0.62822
0
-0.62545
-0.51068
0
0
0
0
0
0
2.8472
0
0
0
0
0
0
0
0
0
0
0
-1.0829
0
0
0
0
0
0
-0.33239
0
0
0
0
0
0
0
0
0
-0.28923
0
5.4198
0
0
0
0
0
0
0
-2.8565
0
0
0
0
0
0
-1.9417
0
0
0
0
0
0
0
0
0
0
0
0
-1.1439
0
0
5.2296
0
0
0
-1.7204
0
0
0
0
0
0
-2.3653
0
0
0
0
0
-1.8013
0
0
0
0
0
0
0
0
0
0
0
0
0
4.6029
0
0
0
0
0
0
0
-1.0473
0
-1.7544
0
0
0
0
0
0
0
0
0
0
0
0
0
-0.11501
0
-0.2166
0
0
0
0
0.4361
0
0
0
0
0
0
0
0
0
0
0
0
0
-0.1045
0
0
0
0
0
-0.38612
0
0
0
0
0
0
0
0
0
0
4.189
0
0
0
-1.5944
-2.2085
0
0
0
0
0
0
0
0
0
0
-2.1824
0
0
0
0
0
0
0
0
0
0
-1.7204
0
0
0
3.9028
0
0
0
0
0
0
0
0
0
0
0
0
0
0
0
0
0
0
0
0
0
0
-4.2773
0
0
0
0
0
0
0
5.4283
-1.151
0
0
0
0
0
0
0
0
0
0
0
0
0
-4.436
0
0
0
0
0
0
0
0
0
0
0
0
0
0
-1.151
5.5869
0
0
0
0
0
0
0
0
0
0
0
0
0
0
0
0
0
0
0
0
0
0
-2.8565
0
0
0
-1.5944
0
0
0
4.4509
0
0
0
0
0
0
0
0
0
0
0
0
0
0
0
0
0
0
0
0
0
0
0
0
0
-2.2085
0
0
0
0
3.8983
0
-1.6899
0
0
0
0
0
0
0
-2.1722
0
0
0
0
0
0
0
0
0
0
0
0
-1.0473
0
0
0
0
0
0
0
3.2195
0
0
0
0
0
0
0
0
0
0
0
0
0
0
0
0
0
0
-1.0829
0
0
0
0
0
0
0
0
0
-1.6899
0
2.7727
0
0
0
0
0
0
0
0
0
0
0
0
0
0
0
0
0
0
0
-2.3653
-1.7544
0
0
0
0
0
0
0
0
0
4.1197
0
0
0
0
0
0
0
0
0
0
0
-7.632
0
0
0
0
0
0
0
0
0
0
0
0
0
0
0
0
0
0
7.632
0
0
0
0
0
0
0
0
0
0
0
-7.632
0
0
0
0
0
0
0
0
0
0
0
0
0
0
0
0
0
0
7.632
0
0
0
0
0
0
0
0
0
0
0
0
0
0
0
-1.9417
0
0
0
0
0
0
0
0
0
0
0
0
0
0
1.9417
0
0
0
0
0
0
0
0
0
0
0
0
-6.2567
0
0
0
0
0
0
0
0
0
0
0
0
0
0
0
0
0
6.2567
0
0
0
0
0
0
0
0
0
0
0
0
0
0
0
0
-0.1045
0
0
0
0
0
0
0
0
0
0
0
0
0
0.1045
