20.0424
-0.55025
-0.55025
-0.56399
-0.55451
-0.55918
-0.55918
-0.55918
-0.60629
-0.59667
-0.59667
-0.59667
-0.67122
-0.58302
-0.50648
-0.98433
-0.5868
0
-1.5626
0
0
0
0
0
0
0
0
0
-8.8551
0
-0.55025
10.4742
-0.50248
-0.5354
-0.51828
-0.52005
-0.52005
-0.52005
-0.57669
-0.5525
-0.5525
-0.5525
-0.61318
-0.5464
-0.46979
-0.94934
-0.53783
0
-1.4569
0
0
0
0
0
0
0
0
0
0
0
-0.55025
-0.50248
10.4742
-0.5354
-0.51828
-0.52005
-0.52005
-0.52005
-0.57669
-0.5525
-0.5525
-0.5525
-0.61318
-0.5464
-0.46979
-0.94934
-0.53783
0
-1.4569
0
0
0
0
0
0
0
0
0
0
0
-0.56399
-0.5354
-0.5354
27.9699
-0.5184
-0.53183
-0.53183
-0.53183
-0.55355
-0.5674
-0.5674
-0.5674
-0.64626
-0.54492
0
0
0
0
0
0
-1.4998
0
0
-9.6373
0
-9.6373
0
0
0
0
-0.55451
-0.51828
-0.51828
-0.5184
15.2749
-0.50854
-0.50854
-0.50854
-0.54717
-0.53951
-0.53951
-0.53951
-0.62683
-0.54492
0
0
-0.53065
0
0
0
0
0
0
0
0
0
0
0
0
-7.7717
-0.55918
-0.52005
-0.52005
-0.53183
-0.50854
5.8167
-0.46005
-0.46005
-0.60443
-0.55083
-0.55083
-0.55083
0
0
0
0
0
0
0
0
0
0
0
0
0
0
0
0
0
0
-0.55918
-0.52005
-0.52005
-0.53183
-0.50854
-0.46005
5.8167
-0.46005
-0.60443
-0.55083
-0.55083
-0.55083
0
0
0
0
0
0
0
0
0
0
0
0
0
0
0
0
0
0
-0.55918
-0.52005
-0.52005
-0.53183
-0.50854
-0.46005
-0.46005
5.8167
-0.60443
-0.55083
-0.55083
-0.55083
0
0
0
0
0
0
0
0
0
0
0
0
0
0
0
0
0
0
-0.60629
-0.57669
-0.57669
-0.55355
-0.54717
-0.60443
-0.60443
-0.60443
9.9317
0
0
0
0
0
0
0
0
0
0
-0.22479
0
0
0
0
0
0
-5.0333
0
0
0
-0.59667
-0.5525
-0.5525
-0.5674
-0.53951
-0.55083
-0.55083
-0.55083
0
4.4611
0
0
0
0
0
0
0
0
0
0
0
0
0
0
0
0
0
0
0
0
-0.59667
-0.5525
-0.5525
-0.5674
-0.53951
-0.55083
-0.55083
-0.55083
0
0
4.4611
0
0
0
0
0
0
0
0
0
0
0
0
0
0
0
0
0
0
0
-0.59667
-0.5525
-0.5525
-0.5674
-0.53951
-0.55083
-0.55083
-0.55083
0
0
0
4.4611
0
0
0
0
0
0
0
0
0
0
0
0
0
0
0
0
0
0
-0.67122
-0.61318
-0.61318
-0.64626
-0.62683
0
0
0
0
0
0
0
4.515
0
0
0
0
0
0
0
-1.3443
0
0
0
0
0
0
0
0
0
-0.58302
-0.5464
-0.5464
-0.54492
-0.54492
0
0
0
0
0
0
0
0
3.0838
0
0
0
0
0
0
0
-0.31817
0
0
0
0
0
0
0
0
-0.50648
-0.46979
-0.46979
0
0
0
0
0
0
0
0
0
0
0
2.4689
0
0
-0.68779
0
0
0
-0.33509
0
0
0
0
0
0
0
0
-0.98433
-0.94934
-0.94934
0
0
0
0
0
0
0
0
0
0
0
0
4.2604
0
0
0
0
0
0
-1.3774
0
0
0
0
0
0
0
-0.5868
-0.53783
-0.53783
0
-0.53065
0
0
0
0
0
0
0
0
0
0
0
2.1931
0
0
0
0
0
0
0
0
0
0
0
0
0
0
0
0
0
0
0
0
0
0
0
0
0
0
0
-0.68779
0
0
2.3171
0
-1.1089
-0.52033
0
0
0
0
0
0
0
0
0
-1.5626
-1.4569
-1.4569
0
0
0
0
0
0
0
0
0
0
0
0
0
0
0
4.4764
0
0
0
0
0
0
0
0
0
0
0
0
0
0
0
0
0
0
0
-0.22479
0
0
0
0
0
0
0
0
-1.1089
0
2.2399
0
0
0
0
0
0
0
-0.90615
0
0
0
0
0
-1.4998
0
0
0
0
0
0
0
0
-1.3443
0
0
0
0
-0.52033
0
0
3.3644
0
0
0
0
0
0
0
0
0
0
0
0
0
0
0
0
0
0
0
0
0
0
-0.31817
-0.33509
0
0
0
0
0
0
0.75776
0
0
-0.1045
0
0
0
0
0
0
0
0
0
0
0
0
0
0
0
0
0
0
0
0
-1.3774
0
0
0
0
0
0
1.3774
0
0
0
0
0
0
0
0
0
0
-9.6373
0
0
0
0
0
0
0
0
0
0
0
0
0
0
0
0
0
0
0
9.6373
0
0
0
0
0
0
0
0
0
0
0
0
0
0
0
0
0
0
0
0
0
0
0
0
0
0
0
-0.1045
0
0
0.1045
0
0
0
0
0
0
0
0
-9.6373
0
0
0
0
0
0
0
0
0
0
0
0
0
0
0
0
0
0
0
0
0
9.6373
0
0
0
0
0
0
0
0
0
0
0
0
-5.0333
0
0
0
0
0
0
0
0
0
0
0
0
0
0
0
0
0
5.0333
0
0
0
0
0
0
0
0
0
0
0
0
0
0
0
0
0
0
0
0
0
0
-0.90615
0
0
0
0
0
0
0
0.90615
0
0
-8.8551
0
0
0
0
0
0
0
0
0
0
0
0
0
0
0
0
0
0
0
0
0
0
0
0
0
0
0
8.8551
0
0
0
0
0
-7.7717
0
0
0
0
0
0
0
0
0
0
0
0
0
0
0
0
0
0
0
0
0
0
0
0
7.7717
