20.9851
-0.93224
-0.9205
-0.88155
-0.89546
-0.87342
-0.89678
-0.79046
-0.77843
-0.78861
-0.84464
-0.86022
-0.92854
-0.87014
-0.86417
-0.82099
-0.82099
-1.0373
-1.3675
0
0
-3.296
0
0
0
0
0
-1.5172
0
0
-0.93224
17.0072
-0.94059
-0.88964
-0.93293
-0.87664
-0.90722
-0.79142
-0.79472
-0.79052
-0.84592
-0.86286
-0.92522
-0.87326
-0.86736
-0.82407
-0.82407
-1.0345
-1.3604
0
0
0
-0.73358
0
0
0
0
0
0
0
-0.9205
-0.94059
17.1239
-0.88918
-0.93274
-0.87684
-0.90475
-0.79114
-0.78361
-0.7901
-0.8457
-0.86244
-0.92733
-0.87264
-0.86669
-0.82341
-0.82341
-1.0373
-1.3684
0
0
0
0
0
0
0
-0.86724
0
0
0
-0.88155
-0.88964
-0.88918
15.9058
-0.89402
-0.8244
-0.8613
-0.72799
-0.73317
-0.73113
-0.77875
-0.7981
-0.85282
-0.80686
-0.80067
-0.76115
-0.76115
-0.95397
0
0
-1.96
0
0
0
0
0
0
0
0
0
-0.89546
-0.93293
-0.93274
-0.89402
21.71
-0.88622
-0.91103
-0.76924
-0.75766
-0.75704
-0.82121
-0.82873
-0.89438
-0.83619
-0.82875
-0.78767
-0.78767
0
0
0
0
-2.8694
0
-5.3197
0
0
0
0
0
0
-0.87342
-0.87664
-0.87684
-0.8244
-0.88622
15.188
-0.8612
-0.72812
-0.73442
-0.73044
-0.78047
-0.79691
-0.85048
-0.80597
-0.79986
-0.76041
-0.76041
-0.9555
-1.2863
0
0
0
0
0
0
0
0
0
0
0
-0.89678
-0.90722
-0.90475
-0.8613
-0.91103
-0.8612
20.4961
-0.74791
-0.73634
-0.7361
-0.78639
-0.80444
-0.84657
-0.81191
-0.80644
-0.76703
-0.76703
0
0
0
0
0
0
0
-2.3448
-4.9988
0
0
0
0
-0.79046
-0.79142
-0.79114
-0.72799
-0.76924
-0.72812
-0.74791
12.5021
-0.66193
-0.65661
-0.70427
-0.71812
-0.76165
-0.72402
-0.7173
-0.68252
-0.68252
-0.84689
0
0
0
0
0
0
0
0
0
0
0
0
-0.77843
-0.79472
-0.78361
-0.73317
-0.75766
-0.73442
-0.73634
-0.66193
12.0078
-0.65239
-0.695
-0.71357
-0.75861
-0.71885
-0.71236
-0.67791
-0.67791
0
0
0
0
0
0
0
0
0
0
0
-0.42096
0
-0.78861
-0.79052
-0.7901
-0.73113
-0.75704
-0.73044
-0.7361
-0.65661
-0.65239
11.6023
-0.69876
-0.71805
-0.75723
-0.72143
-0.71404
-0.67994
-0.67994
0
0
0
0
0
0
0
0
0
0
0
0
0
-0.84464
-0.84592
-0.8457
-0.77875
-0.82121
-0.78047
-0.78639
-0.70427
-0.695
-0.69876
12.4237
-0.80373
0
-0.76477
0
0
0
0
-1.1968
0
-1.8573
0
0
0
0
0
0
0
0
0
-0.86022
-0.86286
-0.86244
-0.7981
-0.82873
-0.79691
-0.80444
-0.71812
-0.71357
-0.71805
-0.80373
11.188
-0.83785
-0.79219
-0.7908
0
0
0
0
0
0
0
0
0
0
0
0
0
0
0
-0.92854
-0.92522
-0.92733
-0.85282
-0.89438
-0.85048
-0.84657
-0.76165
-0.75861
-0.75723
0
-0.83785
11.5645
0
0
0
0
0
0
0
0
0
0
0
-2.2238
0
0
0
0
0
-0.87014
-0.87326
-0.87264
-0.80686
-0.83619
-0.80597
-0.81191
-0.72402
-0.71885
-0.72143
-0.76477
-0.79219
0
9.5982
0
0
0
0
0
0
0
0
0
0
0
0
0
0
0
0
-0.86417
-0.86736
-0.86669
-0.80067
-0.82875
-0.79986
-0.80644
-0.7173
-0.71236
-0.71404
0
-0.7908
0
0
8.7684
0
0
0
0
0
0
0
0
0
0
0
0
0
0
0
-0.82099
-0.82407
-0.82341
-0.76115
-0.78767
-0.76041
-0.76703
-0.68252
-0.67791
-0.67994
0
0
0
0
0
7.5851
0
0
0
0
0
0
0
0
0
0
0
0
0
0
-0.82099
-0.82407
-0.82341
-0.76115
-0.78767
-0.76041
-0.76703
-0.68252
-0.67791
-0.67994
0
0
0
0
0
0
7.5851
0
0
0
0
0
0
0
0
0
0
0
0
0
-1.0373
-1.0345
-1.0373
-0.95397
0
-0.9555
0
-0.84689
0
0
0
0
0
0
0
0
0
5.8655
0
0
0
0
0
0
0
0
0
0
0
0
-1.3675
-1.3604
-1.3684
0
0
-1.2863
0
0
0
0
-1.1968
0
0
0
0
0
0
0
6.5794
0
0
0
0
0
0
0
0
0
0
0
0
0
0
0
0
0
0
0
0
0
0
0
0
0
0
0
0
0
0
5.5857
-1.2803
0
-2.3551
0
0
-1.9502
0
0
0
0
0
0
0
-1.96
0
0
0
0
0
0
-1.8573
0
0
0
0
0
0
0
0
-1.2803
5.0975
0
0
0
0
0
0
0
0
0
-3.296
0
0
0
-2.8694
0
0
0
0
0
0
0
0
0
0
0
0
0
0
0
0
9.1772
0
-3.0119
0
0
0
0
0
0
0
-0.73358
0
0
0
0
0
0
0
0
0
0
0
0
0
0
0
0
0
-2.3551
0
0
5.4436
0
0
0
0
0
0
-2.3549
0
0
0
0
-5.3197
0
0
0
0
0
0
0
0
0
0
0
0
0
0
0
0
-3.0119
0
8.3316
0
0
0
0
0
0
0
0
0
0
0
0
-2.3448
0
0
0
0
0
-2.2238
0
0
0
0
0
0
0
0
0
0
0
4.5686
0
0
0
0
0
0
0
0
0
0
0
-4.9988
0
0
0
0
0
0
0
0
0
0
0
0
-1.9502
0
0
0
0
0
6.9491
0
0
0
0
0
0
-0.86724
0
0
0
0
0
0
0
0
0
0
0
0
0
0
0
0
0
0
0
0
0
0
0
0.86724
0
0
0
-1.5172
0
0
0
0
0
0
0
0
0
0
0
0
0
0
0
0
0
0
0
0
0
0
0
0
0
0
1.5172
0
0
0
0
0
0
0
0
0
0
-0.42096
0
0
0
0
0
0
0
0
0
0
0
0
0
0
0
0
0
0
0
0.42096
0
0
0
0
0
0
0
0
0
0
0
0
0
0
0
0
0
0
0
0
0
0
0
-2.3549
0
0
0
0
0
0
2.3549
