24.5347
-0.87001
-0.87594
-0.82262
-0.82262
-0.85021
-0.85609
-0.85607
-0.85607
-0.83807
-0.85607
-0.72327
-0.72327
-0.72327
-0.72327
-0.72327
-0.74462
-0.74462
-0.80313
-0.84195
0
-0.31804
0
0
-8.9622
0
0
0
0
0
-0.87001
24.5347
-0.87594
-0.82262
-0.82262
-0.85021
-0.85609
-0.85607
-0.85607
-0.83807
-0.85607
-0.72327
-0.72327
-0.72327
-0.72327
-0.72327
-0.74462
-0.74462
-0.80313
-0.84195
0
-0.31804
0
0
0
0
0
0
-8.9622
0
-0.87594
-0.87594
24.5125
-0.82156
-0.82156
-0.84915
-0.85481
-0.85456
-0.85456
-0.84694
-0.85456
-0.72262
-0.72262
-0.72262
-0.72262
-0.72262
-0.74395
-0.74395
-0.80134
-0.83877
-0.28994
0
0
-8.9719
0
0
0
0
0
0
-0.82262
-0.82262
-0.82156
23.2259
-0.78733
-0.81169
-0.81583
-0.81718
-0.81718
-0.80214
-0.81718
-0.69095
-0.69095
-0.69095
-0.69095
-0.69095
-0.71122
-0.71122
-0.76591
-0.80122
0
0
0
0
0
0
-8.6463
0
0
0
-0.82262
-0.82262
-0.82156
-0.78733
23.2259
-0.81169
-0.81583
-0.81718
-0.81718
-0.80214
-0.81718
-0.69095
-0.69095
-0.69095
-0.69095
-0.69095
-0.71122
-0.71122
-0.76591
-0.80122
0
0
0
0
0
-8.6463
0
0
0
0
-0.85021
-0.85021
-0.84915
-0.81169
-0.81169
15.0022
-0.85238
-0.84155
-0.84155
-0.83096
-0.84155
-0.71004
-0.71004
-0.71004
-0.71004
-0.71004
-0.73094
-0.73094
-0.78723
-0.82197
0
0
0
0
0
0
0
0
0
0
-0.85609
-0.85609
-0.85481
-0.81583
-0.81583
-0.85238
22.6899
-0.86164
-0.86164
-0.84695
-0.86164
-0.72617
-0.72617
-0.72617
-0.72617
-0.72617
-0.74762
-0.74762
-0.80587
0
0
0
0
0
0
0
0
0
0
-8.2751
-0.85607
-0.85607
-0.85456
-0.81718
-0.81718
-0.84155
-0.86164
14.2816
-0.8428
-0.86226
-0.8428
-0.71339
-0.71339
-0.71339
-0.71339
-0.71339
-0.7344
-0.7344
-0.79377
0
0
0
0
0
0
0
0
0
0
0
-0.85607
-0.85607
-0.85456
-0.81718
-0.81718
-0.84155
-0.86164
-0.8428
14.2816
-0.86226
-0.8428
-0.71339
-0.71339
-0.71339
-0.71339
-0.71339
-0.7344
-0.7344
-0.79377
0
0
0
0
0
0
0
0
0
0
0
-0.83807
-0.83807
-0.84694
-0.80214
-0.80214
-0.83096
-0.84695
-0.86226
-0.86226
13.6518
-0.86226
-0.70218
-0.70218
-0.70218
-0.70218
-0.70218
-0.72282
-0.72282
0
0
-0.30327
0
0
0
0
0
0
0
0
0
-0.85607
-0.85607
-0.85456
-0.81718
-0.81718
-0.84155
-0.86164
-0.8428
-0.8428
-0.86226
14.2816
-0.71339
-0.71339
-0.71339
-0.71339
-0.71339
-0.7344
-0.7344
-0.79377
0
0
0
0
0
0
0
0
0
0
0
-0.72327
-0.72327
-0.72262
-0.69095
-0.69095
-0.71004
-0.72617
-0.71339
-0.71339
-0.70218
-0.71339
11.3401
-0.5795
-0.5795
-0.5795
-0.5795
-0.59624
-0.59624
0
0
0
0
0
0
0
0
0
0
0
0
-0.72327
-0.72327
-0.72262
-0.69095
-0.69095
-0.71004
-0.72617
-0.71339
-0.71339
-0.70218
-0.71339
-0.5795
11.3401
-0.5795
-0.5795
-0.5795
-0.59624
-0.59624
0
0
0
0
0
0
0
0
0
0
0
0
-0.72327
-0.72327
-0.72262
-0.69095
-0.69095
-0.71004
-0.72617
-0.71339
-0.71339
-0.70218
-0.71339
-0.5795
-0.5795
11.3401
-0.5795
-0.5795
-0.59624
-0.59624
0
0
0
0
0
0
0
0
0
0
0
0
-0.72327
-0.72327
-0.72262
-0.69095
-0.69095
-0.71004
-0.72617
-0.71339
-0.71339
-0.70218
-0.71339
-0.5795
-0.5795
-0.5795
11.3401
-0.5795
-0.59624
-0.59624
0
0
0
0
0
0
0
0
0
0
0
0
-0.72327
-0.72327
-0.72262
-0.69095
-0.69095
-0.71004
-0.72617
-0.71339
-0.71339
-0.70218
-0.71339
-0.5795
-0.5795
-0.5795
-0.5795
11.3401
-0.59624
-0.59624
0
0
0
0
0
0
0
0
0
0
0
0
-0.74462
-0.74462
-0.74395
-0.71122
-0.71122
-0.73094
-0.74762
-0.7344
-0.7344
-0.72282
-0.7344
-0.59624
-0.59624
-0.59624
-0.59624
-0.59624
11.0414
0
0
0
0
0
0
0
0
0
0
0
0
0
-0.74462
-0.74462
-0.74395
-0.71122
-0.71122
-0.73094
-0.74762
-0.7344
-0.7344
-0.72282
-0.7344
-0.59624
-0.59624
-0.59624
-0.59624
-0.59624
0
11.0414
0
0
0
0
0
0
0
0
0
0
0
0
-0.80313
-0.80313
-0.80134
-0.76591
-0.76591
-0.78723
-0.80587
-0.79377
-0.79377
0
-0.79377
0
0
0
0
0
0
0
7.9138
0
0
0
0
0
0
0
0
0
0
0
-0.84195
-0.84195
-0.83877
-0.80122
-0.80122
-0.82197
0
0
0
0
0
0
0
0
0
0
0
0
0
4.9471
0
0
0
0
0
0
0
0
0
0
0
0
-0.28994
0
0
0
0
0
0
-0.30327
0
0
0
0
0
0
0
0
0
0
0.69771
0
-0.1045
0
0
0
0
0
0
0
-0.31804
-0.31804
0
0
0
0
0
0
0
0
0
0
0
0
0
0
0
0
0
0
0
0.75174
0
0
0
0
0
-0.11565
0
0
0
0
0
0
0
0
0
0
0
0
0
0
0
0
0
0
0
0
0
0
-0.1045
0
0.1045
0
0
0
0
0
0
0
0
0
-8.9719
0
0
0
0
0
0
0
0
0
0
0
0
0
0
0
0
0
0
0
0
8.9719
0
0
0
0
0
0
-8.9622
0
0
0
0
0
0
0
0
0
0
0
0
0
0
0
0
0
0
0
0
0
0
0
8.9622
0
0
0
0
0
0
0
0
0
-8.6463
0
0
0
0
0
0
0
0
0
0
0
0
0
0
0
0
0
0
0
0
8.6463
0
0
0
0
0
0
0
-8.6463
0
0
0
0
0
0
0
0
0
0
0
0
0
0
0
0
0
0
0
0
0
0
8.6463
0
0
0
0
0
0
0
0
0
0
0
0
0
0
0
0
0
0
0
0
0
0
0
0
-0.11565
0
0
0
0
0
0.11565
0
0
0
-8.9622
0
0
0
0
0
0
0
0
0
0
0
0
0
0
0
0
0
0
0
0
0
0
0
0
0
0
8.9622
0
0
0
0
0
0
0
-8.2751
0
0
0
0
0
0
0
0
0
0
0
0
0
0
0
0
0
0
0
0
0
0
8.2751
