17.3035
-0.68506
-0.69051
-0.7002
-0.68969
-0.69579
-0.68514
-0.68816
-0.68744
-0.68744
-0.65946
-0.69761
-0.68141
-0.70491
-0.70491
-0.64744
0
-1.0022
-0.66
0
0
0
0
0
-5.3362
0
0
0
0
0
-0.68506
11.1408
-0.68902
-0.69347
-0.68371
-0.68855
-0.67867
-0.68036
-0.6793
-0.6793
-0.66313
-0.69211
0
-0.69774
-0.69774
0
-0.62235
-0.95677
-0.65355
0
0
0
0
0
0
0
0
0
0
0
-0.69051
-0.68902
21.7049
-0.6987
-0.69104
-0.69014
-0.68363
-0.68865
-0.68782
-0.68782
-0.65176
-0.69465
0
-0.71154
-0.71154
0
0
-1.0322
0
0
0
0
0
0
0
0
-5.8479
0
0
-5.8479
-0.7002
-0.69347
-0.6987
12.6763
-0.6979
-0.70297
-0.6918
-0.69569
-0.69321
-0.69321
-0.66767
0
0
-0.71563
-0.71563
0
0
0
0
0
0
0
0
0
0
0
0
-4.3102
0
0
-0.68969
-0.68371
-0.69104
-0.6979
8.2617
-0.69691
-0.68173
-0.68411
-0.68194
-0.68194
-0.66879
0
0
-0.70197
-0.70197
0
0
0
0
0
0
0
0
0
0
0
0
0
0
0
-0.69579
-0.68855
-0.69014
-0.70297
-0.69691
11.4986
-0.68507
-0.68833
-0.68678
-0.68678
0
0
-0.68936
0
0
-0.65227
0
0
0
0
0
-3.9356
0
0
0
0
0
0
0
0
-0.68514
-0.67867
-0.68363
-0.6918
-0.68173
-0.68507
7.4743
-0.67937
-0.67717
-0.67717
0
0
-0.6836
0
0
-0.65095
0
0
0
0
0
0
0
0
0
0
0
0
0
0
-0.68816
-0.68036
-0.68865
-0.69569
-0.68411
-0.68833
-0.67937
6.8498
-0.67895
-0.67895
0
0
-0.6872
0
0
0
0
0
0
0
0
0
0
0
0
0
0
0
0
0
-0.68744
-0.6793
-0.68782
-0.69321
-0.68194
-0.68678
-0.67717
-0.67895
6.1385
-0.66585
0
0
0
0
0
0
0
0
0
0
0
0
0
0
0
0
0
0
0
0
-0.68744
-0.6793
-0.68782
-0.69321
-0.68194
-0.68678
-0.67717
-0.67895
-0.66585
6.1385
0
0
0
0
0
0
0
0
0
0
0
0
0
0
0
0
0
0
0
0
-0.65946
-0.66313
-0.65176
-0.66767
-0.66879
0
0
0
0
0
11.1641
0
0
0
0
0
0
0
0
0
-3.9267
0
0
-3.9267
0
0
0
0
0
0
-0.69761
-0.69211
-0.69465
0
0
0
0
0
0
0
0
3.4595
0
0
0
0
-0.66536
0
-0.7098
0
0
0
0
0
0
0
0
0
0
0
-0.68141
0
0
0
0
-0.68936
-0.6836
-0.6872
0
0
0
0
3.3406
0
0
0
0
0
0
-0.599
0
0
0
0
0
0
0
0
0
0
-0.70491
-0.69774
-0.71154
-0.71563
-0.70197
0
0
0
0
0
0
0
0
3.5318
0
0
0
0
0
0
0
0
0
0
0
0
0
0
0
0
-0.70491
-0.69774
-0.71154
-0.71563
-0.70197
0
0
0
0
0
0
0
0
0
3.5318
0
0
0
0
0
0
0
0
0
0
0
0
0
0
0
-0.64744
0
0
0
0
-0.65227
-0.65095
0
0
0
0
0
0
0
0
3.1519
-0.64761
0
0
0
0
0
-0.55359
0
0
0
0
0
0
0
0
-0.62235
0
0
0
0
0
0
0
0
0
-0.66536
0
0
0
-0.64761
3.0621
0
0
-0.57449
0
0
0
0
0
0
0
0
-0.55225
0
-1.0022
-0.95677
-1.0322
0
0
0
0
0
0
0
0
0
0
0
0
0
0
2.9911
0
0
0
0
0
0
0
0
0
0
0
0
-0.66
-0.65355
0
0
0
0
0
0
0
0
0
-0.7098
0
0
0
0
0
0
2.0233
0
0
0
0
0
0
0
0
0
0
0
0
0
0
0
0
0
0
0
0
0
0
0
-0.599
0
0
0
-0.57449
0
0
1.7467
0
0
0
0
0
-0.57322
0
0
0
0
0
0
0
0
0
0
0
0
0
0
-3.9267
0
0
0
0
0
0
0
0
0
3.9267
0
0
0
0
0
0
0
0
0
0
0
0
0
0
-3.9356
0
0
0
0
0
0
0
0
0
0
0
0
0
0
0
3.9356
0
0
0
0
0
0
0
0
0
0
0
0
0
0
0
0
0
0
0
0
0
0
0
-0.55359
0
0
0
0
0
0
0.55359
0
0
0
0
0
0
0
0
0
0
0
0
0
0
0
0
0
-3.9267
0
0
0
0
0
0
0
0
0
0
0
0
3.9267
0
0
0
0
0
0
-5.3362
0
0
0
0
0
0
0
0
0
0
0
0
0
0
0
0
0
0
0
0
0
0
0
5.3362
0
0
0
0
0
0
0
0
0
0
0
0
0
0
0
0
0
0
0
0
0
0
0
0
-0.57322
0
0
0
0
0
0.57322
0
0
0
0
0
0
-5.8479
0
0
0
0
0
0
0
0
0
0
0
0
0
0
0
0
0
0
0
0
0
0
0
5.8479
0
0
0
0
0
0
-4.3102
0
0
0
0
0
0
0
0
0
0
0
0
0
0
0
0
0
0
0
0
0
0
0
4.3102
0
0
0
0
0
0
0
0
0
0
0
0
0
0
0
0
0
0
-0.55225
0
0
0
0
0
0
0
0
0
0
0
0.55225
0
0
0
-5.8479
0
0
0
0
0
0
0
0
0
0
0
0
0
0
0
0
0
0
0
0
0
0
0
0
0
0
5.8479
