33.9662
-0.79941
-0.79941
-0.79941
-0.81758
-0.81729
-0.77927
-0.77927
-0.78176
-0.79241
-0.77687
-0.80194
-0.80194
-0.80529
-0.80529
-0.82822
-0.79224
-0.79224
-0.64058
-1.1506
-1.1506
0
0
0
0
0
0
-8.7273
-8.7273
0
-0.79941
16.1218
-0.77131
-0.77131
-0.80984
-0.79836
-0.75805
-0.75805
-0.78929
-0.7901
-0.75592
-0.77993
-0.77993
-0.78313
-0.78313
-0.82038
-0.7639
-0.7639
-0.67005
-1.0879
-1.0879
0
0
0
0
0
0
0
0
0
-0.79941
-0.77131
16.1218
-0.77131
-0.80984
-0.79836
-0.75805
-0.75805
-0.78929
-0.7901
-0.75592
-0.77993
-0.77993
-0.78313
-0.78313
-0.82038
-0.7639
-0.7639
-0.67005
-1.0879
-1.0879
0
0
0
0
0
0
0
0
0
-0.79941
-0.77131
-0.77131
16.1218
-0.80984
-0.79836
-0.75805
-0.75805
-0.78929
-0.7901
-0.75592
-0.77993
-0.77993
-0.78313
-0.78313
-0.82038
-0.7639
-0.7639
-0.67005
-1.0879
-1.0879
0
0
0
0
0
0
0
0
0
-0.81758
-0.80984
-0.80984
-0.80984
20.3635
-0.83
-0.78257
-0.78257
-0.80889
-0.81259
-0.78263
-0.80799
-0.80799
-0.81138
-0.81138
-0.84267
-0.79408
-0.79408
0
0
0
0
0
0
0
0
0
0
0
-6.6476
-0.81729
-0.79836
-0.79836
-0.79836
-0.83
14.2187
-0.76973
-0.76973
-0.80578
-0.80334
-0.76931
-0.79399
-0.79399
-0.79729
-0.79729
-0.83851
-0.77802
-0.77802
-0.68137
0
0
0
0
0
0
0
0
0
0
0
-0.77927
-0.75805
-0.75805
-0.75805
-0.78257
-0.76973
12.8531
-0.72168
-0.76076
-0.76127
-0.72888
-0.75154
-0.75154
-0.75456
-0.75456
-0.7917
-0.73547
-0.73547
0
0
0
0
0
0
0
0
0
0
0
0
-0.77927
-0.75805
-0.75805
-0.75805
-0.78257
-0.76973
-0.72168
12.8531
-0.76076
-0.76127
-0.72888
-0.75154
-0.75154
-0.75456
-0.75456
-0.7917
-0.73547
-0.73547
0
0
0
0
0
0
0
0
0
0
0
0
-0.78176
-0.78929
-0.78929
-0.78929
-0.80889
-0.80578
-0.76076
-0.76076
17.0075
-0.76892
-0.75308
-0.77694
-0.77694
-0.78013
-0.78013
0
0
0
0
0
0
-0.33695
0
0
-5.7485
0
0
0
0
0
-0.79241
-0.7901
-0.7901
-0.7901
-0.81259
-0.80334
-0.76127
-0.76127
-0.76892
16.5719
-0.75685
-0.7809
-0.7809
-0.78411
-0.78411
0
0
0
0
0
0
0
0
0
0
0
-5.615
0
0
0
-0.77687
-0.75592
-0.75592
-0.75592
-0.78263
-0.76931
-0.72888
-0.72888
-0.75308
-0.75685
10.5203
-0.73755
-0.73755
-0.74049
-0.74049
0
0
0
0
0
0
0
0
0
0
0
0
0
0
0
-0.80194
-0.77993
-0.77993
-0.77993
-0.80799
-0.79399
-0.75154
-0.75154
-0.77694
-0.7809
-0.73755
9.3146
-0.77246
0
0
0
0
0
0
0
0
0
0
0
0
0
0
0
0
0
-0.80194
-0.77993
-0.77993
-0.77993
-0.80799
-0.79399
-0.75154
-0.75154
-0.77694
-0.7809
-0.73755
-0.77246
9.3146
0
0
0
0
0
0
0
0
0
0
0
0
0
0
0
0
0
-0.80529
-0.78313
-0.78313
-0.78313
-0.81138
-0.79729
-0.75456
-0.75456
-0.78013
-0.78411
-0.74049
0
0
8.5772
0
0
0
0
0
0
0
0
0
0
0
0
0
0
0
0
-0.80529
-0.78313
-0.78313
-0.78313
-0.81138
-0.79729
-0.75456
-0.75456
-0.78013
-0.78411
-0.74049
0
0
0
8.5772
0
0
0
0
0
0
0
0
0
0
0
0
0
0
0
-0.82822
-0.82038
-0.82038
-0.82038
-0.84267
-0.83851
-0.7917
-0.7917
0
0
0
0
0
0
0
6.9067
0
0
0
0
0
0
-0.35274
0
0
0
0
0
0
0
-0.79224
-0.7639
-0.7639
-0.7639
-0.79408
-0.77802
-0.73547
-0.73547
0
0
0
0
0
0
0
0
6.127
0
0
0
0
0
0
0
0
0
0
0
0
0
-0.79224
-0.7639
-0.7639
-0.7639
-0.79408
-0.77802
-0.73547
-0.73547
0
0
0
0
0
0
0
0
0
6.127
0
0
0
0
0
0
0
0
0
0
0
0
-0.64058
-0.67005
-0.67005
-0.67005
0
-0.68137
0
0
0
0
0
0
0
0
0
0
0
0
3.4366
0
0
0
0
0
0
-0.1045
0
0
0
0
-1.1506
-1.0879
-1.0879
-1.0879
0
0
0
0
0
0
0
0
0
0
0
0
0
0
0
4.4144
0
0
0
0
0
0
0
0
0
0
-1.1506
-1.0879
-1.0879
-1.0879
0
0
0
0
0
0
0
0
0
0
0
0
0
0
0
0
4.4144
0
0
0
0
0
0
0
0
0
0
0
0
0
0
0
0
0
-0.33695
0
0
0
0
0
0
0
0
0
0
0
0
1.1738
0
-0.83684
0
0
0
0
0
0
0
0
0
0
0
0
0
0
0
0
0
0
0
0
0
-0.35274
0
0
0
0
0
0
1.4211
-1.0684
0
0
0
0
0
0
0
0
0
0
0
0
0
0
0
0
0
0
0
0
0
0
0
0
0
0
0
-0.83684
-1.0684
1.9052
0
0
0
0
0
0
0
0
0
0
0
0
0
0
-5.7485
0
0
0
0
0
0
0
0
0
0
0
0
0
0
0
5.7485
0
0
0
0
0
0
0
0
0
0
0
0
0
0
0
0
0
0
0
0
0
0
0
-0.1045
0
0
0
0
0
0
0.1045
0
0
0
0
0
0
0
0
0
0
0
0
0
-5.615
0
0
0
0
0
0
0
0
0
0
0
0
0
0
0
0
5.615
0
0
0
-8.7273
0
0
0
0
0
0
0
0
0
0
0
0
0
0
0
0
0
0
0
0
0
0
0
0
0
0
8.7273
0
0
-8.7273
0
0
0
0
0
0
0
0
0
0
0
0
0
0
0
0
0
0
0
0
0
0
0
0
0
0
0
8.7273
0
0
0
0
0
-6.6476
0
0
0
0
0
0
0
0
0
0
0
0
0
0
0
0
0
0
0
0
0
0
0
0
6.6476
