33.5175
-0.72324
-0.78537
-0.78537
-0.78537
-0.70115
-0.70115
-0.70115
-0.6979
-0.70115
-0.70115
-0.63853
-0.63853
-0.63487
-0.63194
-0.63194
-0.63487
-0.68968
-0.69599
-0.70865
0
-10.1647
0
0
0
0
0
-10.1647
0
0
-0.72324
33.5175
-0.78537
-0.78537
-0.78537
-0.70115
-0.70115
-0.70115
-0.6979
-0.70115
-0.70115
-0.63853
-0.63853
-0.63487
-0.63194
-0.63194
-0.63487
-0.68968
-0.69599
-0.70865
0
0
0
0
0
-10.1647
-10.1647
0
0
0
-0.78537
-0.78537
20.1991
-0.84412
-0.84412
-0.73344
-0.73344
-0.73344
-0.7493
-0.73344
-0.73344
-0.66745
-0.66745
-0.68226
-0.6613
-0.6613
-0.68226
-0.7206
-0.72646
-0.7371
0
0
0
-6.3175
0
0
0
0
0
0
-0.78537
-0.78537
-0.84412
20.1991
-0.84412
-0.73344
-0.73344
-0.73344
-0.7493
-0.73344
-0.73344
-0.66745
-0.66745
-0.68226
-0.6613
-0.6613
-0.68226
-0.7206
-0.72646
-0.7371
0
0
0
0
-6.3175
0
0
0
0
0
-0.78537
-0.78537
-0.84412
-0.84412
20.1991
-0.73344
-0.73344
-0.73344
-0.7493
-0.73344
-0.73344
-0.66745
-0.66745
-0.68226
-0.6613
-0.6613
-0.68226
-0.7206
-0.72646
-0.7371
0
0
0
0
0
0
0
0
0
-6.3175
-0.70115
-0.70115
-0.73344
-0.73344
-0.73344
12.1016
-0.62013
-0.62013
-0.66841
-0.62013
-0.62013
-0.57422
-0.57422
-0.59114
-0.56978
-0.56978
-0.59114
-0.62001
-0.62482
-0.63492
0
0
0
0
0
0
0
0
0
0
-0.70115
-0.70115
-0.73344
-0.73344
-0.73344
-0.62013
12.1016
-0.62013
-0.66841
-0.62013
-0.62013
-0.57422
-0.57422
-0.59114
-0.56978
-0.56978
-0.59114
-0.62001
-0.62482
-0.63492
0
0
0
0
0
0
0
0
0
0
-0.70115
-0.70115
-0.73344
-0.73344
-0.73344
-0.62013
-0.62013
12.1016
-0.66841
-0.62013
-0.62013
-0.57422
-0.57422
-0.59114
-0.56978
-0.56978
-0.59114
-0.62001
-0.62482
-0.63492
0
0
0
0
0
0
0
0
0
0
-0.6979
-0.6979
-0.7493
-0.7493
-0.7493
-0.66841
-0.66841
-0.66841
17.0527
-0.66841
-0.66841
-0.57189
-0.57189
-0.57537
-0.5664
-0.5664
-0.57537
-0.61394
-0.61963
0
0
0
0
0
0
0
0
0
-5.4061
0
-0.70115
-0.70115
-0.73344
-0.73344
-0.73344
-0.62013
-0.62013
-0.62013
-0.66841
12.1016
-0.62013
-0.57422
-0.57422
-0.59114
-0.56978
-0.56978
-0.59114
-0.62001
-0.62482
-0.63492
0
0
0
0
0
0
0
0
0
0
-0.70115
-0.70115
-0.73344
-0.73344
-0.73344
-0.62013
-0.62013
-0.62013
-0.66841
-0.62013
12.1016
-0.57422
-0.57422
-0.59114
-0.56978
-0.56978
-0.59114
-0.62001
-0.62482
-0.63492
0
0
0
0
0
0
0
0
0
0
-0.63853
-0.63853
-0.66745
-0.66745
-0.66745
-0.57422
-0.57422
-0.57422
-0.57189
-0.57422
-0.57422
10.4199
-0.51899
-0.52267
-0.51126
-0.51126
-0.52267
-0.55266
-0.55804
0
0
0
0
0
0
0
0
0
0
0
-0.63853
-0.63853
-0.66745
-0.66745
-0.66745
-0.57422
-0.57422
-0.57422
-0.57189
-0.57422
-0.57422
-0.51899
10.4199
-0.52267
-0.51126
-0.51126
-0.52267
-0.55266
-0.55804
0
0
0
0
0
0
0
0
0
0
0
-0.63487
-0.63487
-0.68226
-0.68226
-0.68226
-0.59114
-0.59114
-0.59114
-0.57537
-0.59114
-0.59114
-0.52267
-0.52267
12.9059
-0.51788
-0.51788
-0.49355
0
0
0
-3.4836
0
0
0
0
0
0
0
0
0
-0.63194
-0.63194
-0.6613
-0.6613
-0.6613
-0.56978
-0.56978
-0.56978
-0.5664
-0.56978
-0.56978
-0.51126
-0.51126
-0.51788
9.7397
-0.4701
-0.51788
-0.54831
0
0
0
0
0
0
0
0
0
0
0
0
-0.63194
-0.63194
-0.6613
-0.6613
-0.6613
-0.56978
-0.56978
-0.56978
-0.5664
-0.56978
-0.56978
-0.51126
-0.51126
-0.51788
-0.4701
9.7397
-0.51788
-0.54831
0
0
0
0
0
0
0
0
0
0
0
0
-0.63487
-0.63487
-0.68226
-0.68226
-0.68226
-0.59114
-0.59114
-0.59114
-0.57537
-0.59114
-0.59114
-0.52267
-0.52267
-0.49355
-0.51788
-0.51788
12.9059
0
0
0
0
0
-3.4836
0
0
0
0
0
0
0
-0.68968
-0.68968
-0.7206
-0.7206
-0.7206
-0.62001
-0.62001
-0.62001
-0.61394
-0.62001
-0.62001
-0.55266
-0.55266
0
-0.54831
-0.54831
0
9.4571
0
0
0
0
0
0
0
0
0
0
0
0
-0.69599
-0.69599
-0.72646
-0.72646
-0.72646
-0.62482
-0.62482
-0.62482
-0.61963
-0.62482
-0.62482
-0.55804
-0.55804
0
0
0
0
0
8.4312
0
0
0
0
0
0
0
0
0
0
0
-0.70865
-0.70865
-0.7371
-0.7371
-0.7371
-0.63492
-0.63492
-0.63492
0
-0.63492
-0.63492
0
0
0
0
0
0
0
0
6.8032
0
0
0
0
0
0
0
0
0
0
0
0
0
0
0
0
0
0
0
0
0
0
0
-3.4836
0
0
0
0
0
0
3.4836
0
0
0
0
0
0
0
0
0
-10.1647
0
0
0
0
0
0
0
0
0
0
0
0
0
0
0
0
0
0
0
0
10.1647
0
0
0
0
0
0
0
0
0
0
0
0
0
0
0
0
0
0
0
0
0
0
0
0
-3.4836
0
0
0
0
0
3.4836
0
0
0
0
0
0
0
0
0
-6.3175
0
0
0
0
0
0
0
0
0
0
0
0
0
0
0
0
0
0
0
0
6.3175
0
0
0
0
0
0
0
0
0
-6.3175
0
0
0
0
0
0
0
0
0
0
0
0
0
0
0
0
0
0
0
0
6.3175
0
0
0
0
0
0
-10.1647
0
0
0
0
0
0
0
0
0
0
0
0
0
0
0
0
0
0
0
0
0
0
0
10.1647
0
0
0
0
0
-10.1647
0
0
0
0
0
0
0
0
0
0
0
0
0
0
0
0
0
0
0
0
0
0
0
0
10.1647
0
0
0
-10.1647
0
0
0
0
0
0
0
0
0
0
0
0
0
0
0
0
0
0
0
0
0
0
0
0
0
0
10.1647
0
0
0
0
0
0
0
0
0
0
-5.4061
0
0
0
0
0
0
0
0
0
0
0
0
0
0
0
0
0
0
0
5.4061
0
0
0
0
0
-6.3175
0
0
0
0
0
0
0
0
0
0
0
0
0
0
0
0
0
0
0
0
0
0
0
0
6.3175
