8.8338
-0.50819
-0.41241
-0.46844
-0.4985
-0.44825
-0.44825
-0.45339
-0.47783
-0.45718
-0.53465
0
-0.46417
-1.1521
-0.57961
0
-0.82423
-1.1067
0
0
0
0
0
0
0
0
0
0
0
0
-0.50819
19.5545
-0.4372
-0.4896
-0.53622
-0.4687
-0.4687
-0.47533
-0.5091
-0.48096
-0.55593
0
-0.48045
-1.1997
0
-0.8349
-0.97228
0
0
0
0
0
0
0
0
0
0
-11.1373
0
0
-0.41241
-0.4372
7.1914
-0.41844
-0.44033
-0.39398
-0.39398
-0.40387
-0.43112
-0.40478
-0.46481
-0.69495
-0.42462
-1.0511
0
0
-0.81981
0
0
0
0
0
0
0
0
0
0
0
0
0
-0.46844
-0.4896
-0.41844
6.2757
-0.55378
-0.43615
-0.43615
-0.43848
-0.46728
-0.44638
-0.50901
0
-0.47383
-1.1382
0
0
0
0
0
0
0
0
0
0
0
0
0
0
0
0
-0.4985
-0.53622
-0.44033
-0.55378
15.9913
-0.4584
-0.4584
-0.45676
-0.49142
-0.46562
-0.53171
0
0
0
0
0
0
0
0
0
0
0
0
-0.41702
0
0
-10.6831
0
0
0
-0.44825
-0.4687
-0.39398
-0.43615
-0.4584
4.326
-0.29021
-0.43189
-0.46247
-0.44256
-0.49339
0
0
0
0
0
0
0
0
0
0
0
0
0
0
0
0
0
0
0
-0.44825
-0.4687
-0.39398
-0.43615
-0.4584
-0.29021
4.326
-0.43189
-0.46247
-0.44256
-0.49339
0
0
0
0
0
0
0
0
0
0
0
0
0
0
0
0
0
0
0
-0.45339
-0.47533
-0.40387
-0.43848
-0.45676
-0.43189
-0.43189
4.4637
-0.42798
-0.41585
0
0
0
0
0
0
0
0
-0.52826
0
0
0
0
0
0
0
0
0
0
0
-0.47783
-0.5091
-0.43112
-0.46728
-0.49142
-0.46247
-0.46247
-0.42798
6.4885
0
0
0
0
0
0
0
0
0
0
0
0
-2.7589
0
0
0
0
0
0
0
0
-0.45718
-0.48096
-0.40478
-0.44638
-0.46562
-0.44256
-0.44256
-0.41585
0
4.299
0
-0.7431
0
0
0
0
0
0
0
0
0
0
0
0
0
0
0
0
0
0
-0.53465
-0.55593
-0.46481
-0.50901
-0.53171
-0.49339
-0.49339
0
0
0
3.5829
0
0
0
0
0
0
0
0
0
0
0
0
0
0
0
0
0
0
0
0
0
-0.69495
0
0
0
0
0
0
-0.7431
0
10.6341
0
0
-0.59362
-0.72665
0
0
0
-0.68263
0
0
0
0
0
-7.1931
0
0
0
0
-0.46417
-0.48045
-0.42462
-0.47383
0
0
0
0
0
0
0
0
2.2089
0
0
0
0
0
0
-0.36579
0
0
0
0
0
0
0
0
0
0
-1.1521
-1.1997
-1.0511
-1.1382
0
0
0
0
0
0
0
0
0
4.5411
0
0
0
0
0
0
0
0
0
0
0
0
0
0
0
0
-0.57961
0
0
0
0
0
0
0
0
0
0
-0.59362
0
0
3.2794
-0.92811
0
0
-1.178
0
0
0
0
0
0
0
0
0
0
0
0
-0.8349
0
0
0
0
0
0
0
0
0
-0.72665
0
0
-0.92811
3.217
0
0
0
0
-0.72729
0
0
0
0
0
0
0
0
0
-0.82423
-0.97228
-0.81981
0
0
0
0
0
0
0
0
0
0
0
0
0
3.5584
-0.94207
0
0
0
0
0
0
0
0
0
0
0
0
-1.1067
0
0
0
0
0
0
0
0
0
0
0
0
0
0
0
-0.94207
9.2146
0
0
0
-2.7639
0
0
0
0
0
0
-4.4018
0
0
0
0
0
0
0
0
-0.52826
0
0
0
0
0
0
-1.178
0
0
0
2.5549
0
0
0
0
0
0
0
0
0
0
-0.84861
0
0
0
0
0
0
0
0
0
0
0
-0.68263
-0.36579
0
0
0
0
0
0
1.4392
0
0
0
0
-0.39076
0
0
0
0
0
0
0
0
0
0
0
0
0
0
0
0
0
0
0
0
-0.72729
0
0
0
0
2.7289
0
-2.0016
0
0
0
0
0
0
0
0
0
0
0
0
0
0
0
-2.7589
0
0
0
0
0
0
0
0
-2.7639
0
0
0
5.5228
0
0
0
0
0
0
0
0
0
0
0
0
0
0
0
0
0
0
0
0
0
0
0
0
0
0
0
0
-2.0016
0
3.349
-1.3474
0
0
0
0
0
0
0
0
0
0
-0.41702
0
0
0
0
0
0
0
0
0
0
0
0
0
0
0
0
0
-1.3474
1.7644
0
0
0
0
0
0
0
0
0
0
0
0
0
0
0
0
0
0
0
0
0
0
0
0
0
-0.39076
0
0
0
0
0.39076
0
0
0
0
0
0
0
0
0
0
0
0
0
0
0
0
-7.1931
0
0
0
0
0
0
0
0
0
0
0
0
0
7.1931
0
0
0
0
0
0
0
0
-10.6831
0
0
0
0
0
0
0
0
0
0
0
0
0
0
0
0
0
0
0
0
0
10.6831
0
0
0
0
-11.1373
0
0
0
0
0
0
0
0
0
0
0
0
0
0
0
0
0
0
0
0
0
0
0
0
0
11.1373
0
0
0
0
0
0
0
0
0
0
0
0
0
0
0
0
0
0
0
-4.4018
0
0
0
0
0
0
0
0
0
0
4.4018
0
0
0
0
0
0
0
0
0
0
0
0
0
0
0
0
0
0
0
-0.84861
0
0
0
0
0
0
0
0
0
0
0.84861
