12.3466
-0.46394
-0.46199
-0.4799
-0.50185
-0.494
-0.47622
-0.61893
-0.65102
-0.65102
-0.64921
-0.64921
-0.50475
-2.3485
0
-0.8794
-0.8794
-0.26183
-0.86901
-0.50647
0
0
0
0
0
0
0
0
0
0
-0.46394
11.8279
-0.44932
-0.46425
-0.4841
-0.47491
-0.45517
-0.60345
-0.62275
-0.62275
-0.62659
-0.62659
-0.50084
-2.3399
0
-0.86087
-0.86087
0
-0.8473
-0.52434
0
0
0
0
0
0
0
0
0
0
-0.46199
-0.44932
11.0637
-0.45819
-0.49199
-0.4713
-0.45132
-0.60751
-0.61738
-0.61738
-0.62129
-0.62129
-0.50469
-2.2735
0
-0.82942
-0.82942
0
0
0
0
0
-0.7577
0
0
0
0
0
0
0
-0.4799
-0.46425
-0.45819
17.4224
-0.4861
-0.46553
-0.45197
-0.58984
-0.61053
-0.61053
-0.61357
-0.61357
-0.49358
0
0
-0.84151
-0.84151
0
0
0
0
0
0
0
0
0
-9.4018
0
0
0
-0.50185
-0.4841
-0.49199
-0.4861
8.739
-0.48809
-0.48196
-0.62009
-0.64163
-0.64163
-0.6545
-0.6545
0
0
0
0
0
0
0
0
0
-2.5925
0
0
0
0
0
0
0
0
-0.494
-0.47491
-0.4713
-0.46553
-0.48809
5.8142
-0.44955
-0.5898
-0.5901
-0.5901
-0.6004
-0.6004
0
0
0
0
0
0
0
0
0
0
0
0
0
0
0
0
0
0
-0.47622
-0.45517
-0.45132
-0.45197
-0.48196
-0.44955
4.6639
-0.51726
-0.52263
-0.52263
0
0
0
0
0
0
0
-0.33518
0
0
0
0
0
0
0
0
0
0
0
0
-0.61893
-0.60345
-0.60751
-0.58984
-0.62009
-0.5898
-0.51726
16.6668
0
0
0
0
0
0
0
0
0
0
0
0
0
0
0
-3.8556
-8.6643
0
0
0
0
0
-0.65102
-0.62275
-0.61738
-0.61053
-0.64163
-0.5901
-0.52263
0
4.256
0
0
0
0
0
0
0
0
0
0
0
0
0
0
0
0
0
0
0
0
0
-0.65102
-0.62275
-0.61738
-0.61053
-0.64163
-0.5901
-0.52263
0
0
4.256
0
0
0
0
0
0
0
0
0
0
0
0
0
0
0
0
0
0
0
0
-0.64921
-0.62659
-0.62129
-0.61357
-0.6545
-0.6004
0
0
0
0
3.7656
0
0
0
0
0
0
0
0
0
0
0
0
0
0
0
0
0
0
0
-0.64921
-0.62659
-0.62129
-0.61357
-0.6545
-0.6004
0
0
0
0
0
3.7656
0
0
0
0
0
0
0
0
0
0
0
0
0
0
0
0
0
0
-0.50475
-0.50084
-0.50469
-0.49358
0
0
0
0
0
0
0
0
2.1084
0
-0.1045
0
0
0
0
0
0
0
0
0
0
0
0
0
0
0
-2.3485
-2.3399
-2.2735
0
0
0
0
0
0
0
0
0
0
13.7246
0
0
0
0
0
0
0
0
0
0
0
0
0
0
0
-6.7628
0
0
0
0
0
0
0
0
0
0
0
0
-0.1045
0
4.3898
0
0
0
0
0
-2.9175
0
-0.39831
0
0
0
0
0
-0.96954
0
-0.8794
-0.86087
-0.82942
-0.84151
0
0
0
0
0
0
0
0
0
0
0
3.4112
0
0
0
0
0
0
0
0
0
0
0
0
0
0
-0.8794
-0.86087
-0.82942
-0.84151
0
0
0
0
0
0
0
0
0
0
0
0
3.4112
0
0
0
0
0
0
0
0
0
0
0
0
0
-0.26183
0
0
0
0
0
-0.33518
0
0
0
0
0
0
0
0
0
0
0.85024
0
0
0
0
0
0
0
-0.25323
0
0
0
0
-0.86901
-0.8473
0
0
0
0
0
0
0
0
0
0
0
0
0
0
0
0
2.1649
0
0
-0.44861
0
0
0
0
0
0
0
0
-0.50647
-0.52434
0
0
0
0
0
0
0
0
0
0
0
0
0
0
0
0
0
1.9185
0
0
0
0
0
0
0
-0.88771
0
0
0
0
0
0
0
0
0
0
0
0
0
0
0
0
-2.9175
0
0
0
0
0
5.6794
-2.0648
0
-0.6971
0
0
0
0
0
0
0
0
0
0
-2.5925
0
0
0
0
0
0
0
0
0
0
0
0
0
-0.44861
0
-2.0648
5.106
0
0
0
0
0
0
0
0
0
0
-0.7577
0
0
0
0
0
0
0
0
0
0
0
-0.39831
0
0
0
0
0
0
0
1.156
0
0
0
0
0
0
0
0
0
0
0
0
0
0
-3.8556
0
0
0
0
0
0
0
0
0
0
0
0
-0.6971
0
0
4.5527
0
0
0
0
0
0
0
0
0
0
0
0
0
-8.6643
0
0
0
0
0
0
0
0
0
0
0
0
0
0
0
0
8.6643
0
0
0
0
0
0
0
0
0
0
0
0
0
0
0
0
0
0
0
0
0
0
-0.25323
0
0
0
0
0
0
0
0.25323
0
0
0
0
0
0
0
-9.4018
0
0
0
0
0
0
0
0
0
0
0
0
0
0
0
0
0
0
0
0
0
0
9.4018
0
0
0
0
0
0
0
0
0
0
0
0
0
0
0
0
0
0
0
0
0
0
-0.88771
0
0
0
0
0
0
0
0.88771
0
0
0
0
0
0
0
0
0
0
0
0
0
0
0
0
-0.96954
0
0
0
0
0
0
0
0
0
0
0
0
0
0.96954
0
0
0
0
0
0
0
0
0
0
0
0
0
0
-6.7628
0
0
0
0
0
0
0
0
0
0
0
0
0
0
0
6.7628
