42.0759
-0.59267
-0.59267
-0.59267
-0.54974
-0.54974
-0.56846
-0.56671
-0.57154
-0.55336
-0.57576
-0.56256
-0.58523
-0.52173
-0.52173
-0.70635
-0.70635
-0.49921
0
0
0
0
0
0
0
-10.7531
-10.7531
-10.7531
0
0
-0.59267
10.2224
-0.60136
-0.60136
-0.56538
-0.56538
-0.62176
-0.58999
-0.61434
-0.59792
-0.59458
-0.58071
-0.60175
-0.57745
-0.57745
-0.71162
-0.71162
-0.51703
0
0
0
0
0
0
0
0
0
0
0
0
-0.59267
-0.60136
10.2224
-0.60136
-0.56538
-0.56538
-0.62176
-0.58999
-0.61434
-0.59792
-0.59458
-0.58071
-0.60175
-0.57745
-0.57745
-0.71162
-0.71162
-0.51703
0
0
0
0
0
0
0
0
0
0
0
0
-0.59267
-0.60136
-0.60136
10.2224
-0.56538
-0.56538
-0.62176
-0.58999
-0.61434
-0.59792
-0.59458
-0.58071
-0.60175
-0.57745
-0.57745
-0.71162
-0.71162
-0.51703
0
0
0
0
0
0
0
0
0
0
0
0
-0.54974
-0.56538
-0.56538
-0.56538
8.9932
-0.51782
-0.55865
-0.54438
-0.56288
-0.54905
-0.54687
-0.53439
-0.55285
-0.53084
-0.53084
-0.65937
-0.65937
0
0
0
0
0
0
0
0
0
0
0
0
0
-0.54974
-0.56538
-0.56538
-0.56538
-0.51782
8.9932
-0.55865
-0.54438
-0.56288
-0.54905
-0.54687
-0.53439
-0.55285
-0.53084
-0.53084
-0.65937
-0.65937
0
0
0
0
0
0
0
0
0
0
0
0
0
-0.56846
-0.62176
-0.62176
-0.62176
-0.55865
-0.55865
17.5427
-0.57624
-0.59928
-0.58495
-0.5819
-0.56682
-0.58785
0
0
0
0
0
0
-2.6038
-2.6038
0
-5.2871
0
0
0
0
0
0
0
-0.56671
-0.58999
-0.58999
-0.58999
-0.54438
-0.54438
-0.57624
7.8692
-0.57016
-0.55847
-0.55548
-0.54149
-0.56068
-0.54061
-0.54061
0
0
0
0
0
0
0
0
0
0
0
0
0
0
0
-0.57154
-0.61434
-0.61434
-0.61434
-0.56288
-0.56288
-0.59928
-0.57016
11.2825
-0.59676
-0.58449
-0.56701
-0.59048
0
0
0
0
0
0
0
0
0
0
0
0
0
0
0
0
-4.2341
-0.55336
-0.59792
-0.59792
-0.59792
-0.54905
-0.54905
-0.58495
-0.55847
-0.59676
9.6881
-0.57516
-0.52717
0
0
0
0
0
0
0
0
0
0
0
0
-3.4003
0
0
0
0
0
-0.57576
-0.59458
-0.59458
-0.59458
-0.54687
-0.54687
-0.5819
-0.55548
-0.58449
-0.57516
6.8488
-0.53605
-0.56247
0
0
0
0
0
0
0
0
0
0
0
0
0
0
0
0
0
-0.56256
-0.58071
-0.58071
-0.58071
-0.53439
-0.53439
-0.56682
-0.54149
-0.56701
-0.52717
-0.53605
6.112
0
0
0
0
0
0
0
0
0
0
0
0
0
0
0
0
0
0
-0.58523
-0.60175
-0.60175
-0.60175
-0.55285
-0.55285
-0.58785
-0.56068
-0.59048
0
-0.56247
0
5.7976
0
0
0
0
0
0
0
0
0
0
0
0
0
0
0
0
0
-0.52173
-0.57745
-0.57745
-0.57745
-0.53084
-0.53084
0
-0.54061
0
0
0
0
0
3.9609
0
0
0
0
0
0
0
0
0
0
0
0
0
0
-0.1045
0
-0.52173
-0.57745
-0.57745
-0.57745
-0.53084
-0.53084
0
-0.54061
0
0
0
0
0
0
3.9609
0
0
0
0
0
0
0
0
-0.1045
0
0
0
0
0
0
-0.70635
-0.71162
-0.71162
-0.71162
-0.65937
-0.65937
0
0
0
0
0
0
0
0
0
4.16
0
0
0
0
0
0
0
0
0
0
0
0
0
0
-0.70635
-0.71162
-0.71162
-0.71162
-0.65937
-0.65937
0
0
0
0
0
0
0
0
0
0
4.16
0
0
0
0
0
0
0
0
0
0
0
0
0
-0.49921
-0.51703
-0.51703
-0.51703
0
0
0
0
0
0
0
0
0
0
0
0
0
2.2898
-0.23947
0
0
0
0
0
0
0
0
0
0
0
0
0
0
0
0
0
0
0
0
0
0
0
0
0
0
0
0
-0.23947
7.6202
-2.0241
-2.0241
-3.3326
0
0
0
0
0
0
0
0
0
0
0
0
0
0
-2.6038
0
0
0
0
0
0
0
0
0
0
0
-2.0241
4.6278
0
0
0
0
0
0
0
0
0
0
0
0
0
0
0
0
-2.6038
0
0
0
0
0
0
0
0
0
0
0
-2.0241
0
4.6278
0
0
0
0
0
0
0
0
0
0
0
0
0
0
0
0
0
0
0
0
0
0
0
0
0
0
0
-3.3326
0
0
3.3326
0
0
0
0
0
0
0
0
0
0
0
0
0
0
-5.2871
0
0
0
0
0
0
0
0
0
0
0
0
0
0
0
5.2871
0
0
0
0
0
0
0
0
0
0
0
0
0
0
0
0
0
0
0
0
0
-0.1045
0
0
0
0
0
0
0
0
0.1045
0
0
0
0
0
0
0
0
0
0
0
0
0
0
0
-3.4003
0
0
0
0
0
0
0
0
0
0
0
0
0
0
3.4003
0
0
0
0
0
-10.7531
0
0
0
0
0
0
0
0
0
0
0
0
0
0
0
0
0
0
0
0
0
0
0
0
10.7531
0
0
0
0
-10.7531
0
0
0
0
0
0
0
0
0
0
0
0
0
0
0
0
0
0
0
0
0
0
0
0
0
10.7531
0
0
0
-10.7531
0
0
0
0
0
0
0
0
0
0
0
0
0
0
0
0
0
0
0
0
0
0
0
0
0
0
10.7531
0
0
0
0
0
0
0
0
0
0
0
0
0
0
0
-0.1045
0
0
0
0
0
0
0
0
0
0
0
0
0
0
0.1045
0
0
0
0
0
0
0
0
0
-4.2341
0
0
0
0
0
0
0
0
0
0
0
0
0
0
0
0
0
0
0
0
4.2341
