19.012
-0.77782
-0.77782
-0.77782
-0.77349
-0.74226
-0.74226
-0.75931
-0.77222
-0.75216
-0.75216
-0.75216
-0.80702
-0.80702
-0.80702
-0.82493
-0.61711
0
0
0
0
-6.7694
0
0
0
0
0
0
0
0
-0.77782
12.0482
-0.74767
-0.74767
-0.76296
-0.72449
-0.72449
-0.7369
-0.74743
-0.7322
-0.7322
-0.7322
-0.78061
-0.78061
-0.78061
-0.78627
0
-0.75412
0
0
0
0
0
0
0
0
0
0
0
0
-0.77782
-0.74767
12.0482
-0.74767
-0.76296
-0.72449
-0.72449
-0.7369
-0.74743
-0.7322
-0.7322
-0.7322
-0.78061
-0.78061
-0.78061
-0.78627
0
-0.75412
0
0
0
0
0
0
0
0
0
0
0
0
-0.77782
-0.74767
-0.74767
12.0482
-0.76296
-0.72449
-0.72449
-0.7369
-0.74743
-0.7322
-0.7322
-0.7322
-0.78061
-0.78061
-0.78061
-0.78627
0
-0.75412
0
0
0
0
0
0
0
0
0
0
0
0
-0.77349
-0.76296
-0.76296
-0.76296
11.6618
-0.71731
-0.71731
-0.73009
-0.7402
-0.72749
-0.72749
-0.72749
-0.77247
-0.77247
-0.77247
0
0
0
-0.59732
-0.59732
0
0
0
0
0
0
0
0
0
0
-0.74226
-0.72449
-0.72449
-0.72449
-0.71731
10.6367
-0.69488
-0.70438
-0.70904
-0.69861
-0.69861
-0.69861
-0.73732
-0.73732
-0.73732
0
0
0
0
-0.58759
0
0
0
0
0
0
0
0
0
0
-0.74226
-0.72449
-0.72449
-0.72449
-0.71731
-0.69488
10.6367
-0.70438
-0.70904
-0.69861
-0.69861
-0.69861
-0.73732
-0.73732
-0.73732
0
0
0
-0.58759
0
0
0
0
0
0
0
0
0
0
0
-0.75931
-0.7369
-0.7369
-0.7369
-0.73009
-0.70438
-0.70438
16.4569
-0.71939
-0.7084
-0.7084
-0.7084
-0.75318
-0.75318
-0.75318
0
0
0
0
0
0
0
0
0
0
0
0
0
-6.2439
0
-0.77222
-0.74743
-0.74743
-0.74743
-0.7402
-0.70904
-0.70904
-0.71939
8.7404
-0.74411
-0.74411
-0.74411
0
0
0
0
-0.61592
0
0
0
0
0
0
0
0
0
0
0
0
0
-0.75216
-0.7322
-0.7322
-0.7322
-0.72749
-0.69861
-0.69861
-0.7084
-0.74411
7.9548
-0.71442
-0.71442
0
0
0
0
0
0
0
0
0
0
0
0
0
0
0
0
0
0
-0.75216
-0.7322
-0.7322
-0.7322
-0.72749
-0.69861
-0.69861
-0.7084
-0.74411
-0.71442
7.9548
-0.71442
0
0
0
0
0
0
0
0
0
0
0
0
0
0
0
0
0
0
-0.75216
-0.7322
-0.7322
-0.7322
-0.72749
-0.69861
-0.69861
-0.7084
-0.74411
-0.71442
-0.71442
7.9548
0
0
0
0
0
0
0
0
0
0
0
0
0
0
0
0
0
0
-0.80702
-0.78061
-0.78061
-0.78061
-0.77247
-0.73732
-0.73732
-0.75318
0
0
0
0
10.3435
0
0
0
0
0
0
0
0
0
0
0
0
-4.1943
0
0
0
0
-0.80702
-0.78061
-0.78061
-0.78061
-0.77247
-0.73732
-0.73732
-0.75318
0
0
0
0
0
10.3435
0
0
0
0
0
0
0
0
0
-4.1943
0
0
0
0
0
0
-0.80702
-0.78061
-0.78061
-0.78061
-0.77247
-0.73732
-0.73732
-0.75318
0
0
0
0
0
0
10.3435
0
0
0
0
0
0
0
0
0
0
0
0
-4.1943
0
0
-0.82493
-0.78627
-0.78627
-0.78627
0
0
0
0
0
0
0
0
0
0
0
3.8323
-0.64856
0
0
0
0
0
0
0
0
0
0
0
0
0
-0.61711
0
0
0
0
0
0
0
-0.61592
0
0
0
0
0
0
-0.64856
11.866
0
0
0
0
0
0
0
-4.9922
0
0
0
0
-4.9922
0
-0.75412
-0.75412
-0.75412
0
0
0
0
0
0
0
0
0
0
0
0
0
3.1103
0
0
0
0
-0.84795
0
0
0
0
0
0
0
0
0
0
0
-0.59732
0
-0.58759
0
0
0
0
0
0
0
0
0
0
0
1.7372
0
-0.55225
0
0
0
0
0
0
0
0
0
0
0
0
0
-0.59732
-0.58759
0
0
0
0
0
0
0
0
0
0
0
0
0
1.7372
0
0
0
0
0
0
-0.55225
0
0
0
0
0
0
0
0
0
0
0
0
0
0
0
0
0
0
0
0
0
-0.55225
0
0.55225
0
0
0
0
0
0
0
0
0
-6.7694
0
0
0
0
0
0
0
0
0
0
0
0
0
0
0
0
0
0
0
0
6.7694
0
0
0
0
0
0
0
0
0
0
0
0
0
0
0
0
0
0
0
0
0
0
0
0
0
-0.84795
0
0
0
0
0.84795
0
0
0
0
0
0
0
0
0
0
0
0
0
0
0
0
0
0
0
0
-4.1943
0
0
0
0
0
0
0
0
0
4.1943
0
0
0
0
0
0
0
0
0
0
0
0
0
0
0
0
0
0
0
0
0
0
-4.9922
0
0
0
0
0
0
0
4.9922
0
0
0
0
0
0
0
0
0
0
0
0
0
0
0
0
0
-4.1943
0
0
0
0
0
0
0
0
0
0
0
0
4.1943
0
0
0
0
0
0
0
0
0
0
0
0
0
0
0
0
0
0
0
0
0
0
0
-0.55225
0
0
0
0
0
0
0.55225
0
0
0
0
0
0
0
0
0
0
0
0
0
0
0
0
0
-4.1943
0
0
0
0
0
0
0
0
0
0
0
0
4.1943
0
0
0
0
0
0
0
0
0
-6.2439
0
0
0
0
0
0
0
0
0
0
0
0
0
0
0
0
0
0
0
0
6.2439
0
0
0
0
0
0
0
0
0
0
0
0
0
0
0
0
0
-4.9922
0
0
0
0
0
0
0
0
0
0
0
0
4.9922
