31.3643
-1.2027
-1.2027
-1.0016
-1.0016
-1.0016
-1.0016
-1.0016
-1.0016
-1.0016
-1.0016
-1.0585
-1.0585
-1.0585
-1.0585
-0.97841
-1.0101
-1.0441
-1.0187
-1.0475
-1.0398
-1.0952
-1.0133
-1.0133
0
0
0
-7.4514
0
0
-1.2027
31.3643
-1.2027
-1.0016
-1.0016
-1.0016
-1.0016
-1.0016
-1.0016
-1.0016
-1.0016
-1.0585
-1.0585
-1.0585
-1.0585
-0.97841
-1.0101
-1.0441
-1.0187
-1.0475
-1.0398
-1.0952
-1.0133
-1.0133
-7.4514
0
0
0
0
0
-1.2027
-1.2027
31.3643
-1.0016
-1.0016
-1.0016
-1.0016
-1.0016
-1.0016
-1.0016
-1.0016
-1.0585
-1.0585
-1.0585
-1.0585
-0.97841
-1.0101
-1.0441
-1.0187
-1.0475
-1.0398
-1.0952
-1.0133
-1.0133
0
0
0
0
-7.4514
0
-1.0016
-1.0016
-1.0016
19.4589
-0.79722
-0.79722
-0.79722
-0.79722
-0.79722
-0.79722
-0.79722
-0.85042
-0.85042
-0.85042
-0.85042
-0.7867
-0.81021
-0.84812
-0.82897
-0.83902
-0.83265
-0.90339
-0.81136
-0.81136
0
0
0
0
0
0
-1.0016
-1.0016
-1.0016
-0.79722
19.4589
-0.79722
-0.79722
-0.79722
-0.79722
-0.79722
-0.79722
-0.85042
-0.85042
-0.85042
-0.85042
-0.7867
-0.81021
-0.84812
-0.82897
-0.83902
-0.83265
-0.90339
-0.81136
-0.81136
0
0
0
0
0
0
-1.0016
-1.0016
-1.0016
-0.79722
-0.79722
19.4589
-0.79722
-0.79722
-0.79722
-0.79722
-0.79722
-0.85042
-0.85042
-0.85042
-0.85042
-0.7867
-0.81021
-0.84812
-0.82897
-0.83902
-0.83265
-0.90339
-0.81136
-0.81136
0
0
0
0
0
0
-1.0016
-1.0016
-1.0016
-0.79722
-0.79722
-0.79722
19.4589
-0.79722
-0.79722
-0.79722
-0.79722
-0.85042
-0.85042
-0.85042
-0.85042
-0.7867
-0.81021
-0.84812
-0.82897
-0.83902
-0.83265
-0.90339
-0.81136
-0.81136
0
0
0
0
0
0
-1.0016
-1.0016
-1.0016
-0.79722
-0.79722
-0.79722
-0.79722
19.4589
-0.79722
-0.79722
-0.79722
-0.85042
-0.85042
-0.85042
-0.85042
-0.7867
-0.81021
-0.84812
-0.82897
-0.83902
-0.83265
-0.90339
-0.81136
-0.81136
0
0
0
0
0
0
-1.0016
-1.0016
-1.0016
-0.79722
-0.79722
-0.79722
-0.79722
-0.79722
19.4589
-0.79722
-0.79722
-0.85042
-0.85042
-0.85042
-0.85042
-0.7867
-0.81021
-0.84812
-0.82897
-0.83902
-0.83265
-0.90339
-0.81136
-0.81136
0
0
0
0
0
0
-1.0016
-1.0016
-1.0016
-0.79722
-0.79722
-0.79722
-0.79722
-0.79722
-0.79722
19.4589
-0.79722
-0.85042
-0.85042
-0.85042
-0.85042
-0.7867
-0.81021
-0.84812
-0.82897
-0.83902
-0.83265
-0.90339
-0.81136
-0.81136
0
0
0
0
0
0
-1.0016
-1.0016
-1.0016
-0.79722
-0.79722
-0.79722
-0.79722
-0.79722
-0.79722
-0.79722
19.4589
-0.85042
-0.85042
-0.85042
-0.85042
-0.7867
-0.81021
-0.84812
-0.82897
-0.83902
-0.83265
-0.90339
-0.81136
-0.81136
0
0
0
0
0
0
-1.0585
-1.0585
-1.0585
-0.85042
-0.85042
-0.85042
-0.85042
-0.85042
-0.85042
-0.85042
-0.85042
17.8659
-0.8773
-0.8773
-0.8773
-0.82549
-0.85805
-0.90889
-0.88688
-0.89294
-0.88299
0
0
0
0
0
0
0
0
0
-1.0585
-1.0585
-1.0585
-0.85042
-0.85042
-0.85042
-0.85042
-0.85042
-0.85042
-0.85042
-0.85042
-0.8773
17.8659
-0.8773
-0.8773
-0.82549
-0.85805
-0.90889
-0.88688
-0.89294
-0.88299
0
0
0
0
0
0
0
0
0
-1.0585
-1.0585
-1.0585
-0.85042
-0.85042
-0.85042
-0.85042
-0.85042
-0.85042
-0.85042
-0.85042
-0.8773
-0.8773
17.8659
-0.8773
-0.82549
-0.85805
-0.90889
-0.88688
-0.89294
-0.88299
0
0
0
0
0
0
0
0
0
-1.0585
-1.0585
-1.0585
-0.85042
-0.85042
-0.85042
-0.85042
-0.85042
-0.85042
-0.85042
-0.85042
-0.8773
-0.8773
-0.8773
17.8659
-0.82549
-0.85805
-0.90889
-0.88688
-0.89294
-0.88299
0
0
0
0
0
0
0
0
0
-0.97841
-0.97841
-0.97841
-0.7867
-0.7867
-0.7867
-0.7867
-0.7867
-0.7867
-0.7867
-0.7867
-0.82549
-0.82549
-0.82549
-0.82549
15.6696
-0.76842
-0.79406
-0.78199
-0.79438
0
0
0
0
0
0
0
0
0
0
-1.0101
-1.0101
-1.0101
-0.81021
-0.81021
-0.81021
-0.81021
-0.81021
-0.81021
-0.81021
-0.81021
-0.85805
-0.85805
-0.85805
-0.85805
-0.76842
15.3535
-0.80696
0
-0.834
0
0
0
0
0
0
0
0
0
0
-1.0441
-1.0441
-1.0441
-0.84812
-0.84812
-0.84812
-0.84812
-0.84812
-0.84812
-0.84812
-0.84812
-0.90889
-0.90889
-0.90889
-0.90889
-0.79406
-0.80696
19.8484
0
0
0
0
0
0
0
-4.6945
0
0
0
0
-1.0187
-1.0187
-1.0187
-0.82897
-0.82897
-0.82897
-0.82897
-0.82897
-0.82897
-0.82897
-0.82897
-0.88688
-0.88688
-0.88688
-0.88688
-0.78199
0
0
18.1218
0
0
0
0
0
0
0
0
0
0
-4.1043
-1.0475
-1.0475
-1.0475
-0.83902
-0.83902
-0.83902
-0.83902
-0.83902
-0.83902
-0.83902
-0.83902
-0.89294
-0.89294
-0.89294
-0.89294
-0.79438
-0.834
0
0
15.0549
0
0
0
0
0
0
0
0
0
0
-1.0398
-1.0398
-1.0398
-0.83265
-0.83265
-0.83265
-0.83265
-0.83265
-0.83265
-0.83265
-0.83265
-0.88299
-0.88299
-0.88299
-0.88299
0
0
0
0
0
13.3125
0
0
0
0
0
0
0
0
0
-1.0952
-1.0952
-1.0952
-0.90339
-0.90339
-0.90339
-0.90339
-0.90339
-0.90339
-0.90339
-0.90339
0
0
0
0
0
0
0
0
0
0
10.8548
0
0
0
0
-0.34202
0
0
0
-1.0133
-1.0133
-1.0133
-0.81136
-0.81136
-0.81136
-0.81136
-0.81136
-0.81136
-0.81136
-0.81136
0
0
0
0
0
0
0
0
0
0
0
9.5309
0
0
0
0
0
0
0
-1.0133
-1.0133
-1.0133
-0.81136
-0.81136
-0.81136
-0.81136
-0.81136
-0.81136
-0.81136
-0.81136
0
0
0
0
0
0
0
0
0
0
0
0
9.5309
0
0
0
0
0
0
0
-7.4514
0
0
0
0
0
0
0
0
0
0
0
0
0
0
0
0
0
0
0
0
0
0
7.4514
0
0
0
0
0
0
0
0
0
0
0
0
0
0
0
0
0
0
0
0
0
0
-4.6945
0
0
0
0
0
0
0
4.6945
0
0
0
0
0
0
0
0
0
0
0
0
0
0
0
0
0
0
0
0
0
0
0
0
0
-0.34202
0
0
0
0
0.34202
0
0
0
-7.4514
0
0
0
0
0
0
0
0
0
0
0
0
0
0
0
0
0
0
0
0
0
0
0
0
0
0
7.4514
0
0
0
0
-7.4514
0
0
0
0
0
0
0
0
0
0
0
0
0
0
0
0
0
0
0
0
0
0
0
0
0
7.4514
0
0
0
0
0
0
0
0
0
0
0
0
0
0
0
0
0
0
0
-4.1043
0
0
0
0
0
0
0
0
0
0
4.1043
