16.2367
-0.17864
-0.17864
-0.18748
-0.18156
-0.18734
-0.18081
-0.18166
-0.18166
-0.1814
-0.19713
-0.24859
-0.22481
0
0
0
0
0
0
0
0
0
0
0
-6.9635
0
0
0
0
-6.9635
-0.17864
6.7574
-0.17677
-0.18215
-0.18276
-0.18398
-0.18293
-0.18315
-0.18315
-0.18316
-0.19493
0
-0.22144
-0.2631
0
0
0
0
0
0
-4.4412
0
0
0
0
0
0
0
0
0
-0.17864
-0.17677
6.7574
-0.18215
-0.18276
-0.18398
-0.18293
-0.18315
-0.18315
-0.18316
-0.19493
0
-0.22144
-0.2631
0
0
0
0
0
0
0
0
0
0
0
0
0
0
-4.4412
0
-0.18748
-0.18215
-0.18215
15.3216
-0.1902
-0.19426
-0.19008
-0.18844
-0.18844
-0.18834
-0.20242
0
-0.22719
0
0
0
0
-6.6002
0
0
0
0
0
0
0
-6.6002
0
0
0
0
-0.18156
-0.18276
-0.18276
-0.1902
5.5309
-0.18956
-0.18227
-0.18643
-0.18643
-0.18695
-0.19733
-0.24677
0
0
0
0
0
0
-3.4179
0
0
0
0
0
0
0
0
0
0
0
-0.18734
-0.18398
-0.18398
-0.19426
-0.18956
7.4923
-0.18626
-0.18798
-0.18798
-0.18908
0
0
0
0
-2.6049
0
0
0
0
-3.197
0
0
0
0
0
0
0
0
0
0
-0.18081
-0.18293
-0.18293
-0.19008
-0.18227
-0.18626
3.0687
-0.18329
-0.18329
0
0
-0.24427
0
0
0
0
-1.3526
0
0
0
0
0
0
0
0
0
0
0
0
0
-0.18166
-0.18315
-0.18315
-0.18844
-0.18643
-0.18798
-0.18329
1.6745
-0.19085
-0.18958
0
0
0
0
0
0
0
0
0
0
0
0
0
0
0
0
0
0
0
0
-0.18166
-0.18315
-0.18315
-0.18844
-0.18643
-0.18798
-0.18329
-0.19085
1.6745
-0.18958
0
0
0
0
0
0
0
0
0
0
0
0
0
0
0
0
0
0
0
0
-0.1814
-0.18316
-0.18316
-0.18834
-0.18695
-0.18908
0
-0.18958
-0.18958
1.4912
0
0
0
0
0
0
0
0
0
0
0
0
0
0
0
0
0
0
0
0
-0.19713
-0.19493
-0.19493
-0.20242
-0.19733
0
0
0
0
0
1.2921
0
0
0
0
0
0
0
0
0
0
0
0
0
0
0
0
-0.30532
0
0
-0.24859
0
0
0
-0.24677
0
-0.24427
0
0
0
0
12.8206
0
0
0
0
0
0
0
0
0
0
-6.0405
-6.0405
0
0
0
0
0
0
-0.22481
-0.22144
-0.22144
-0.22719
0
0
0
0
0
0
0
0
1.2106
0
0
0
0
0
0
0
0
0
0
0
0
0
-0.31569
0
0
0
0
-0.2631
-0.2631
0
0
0
0
0
0
0
0
0
0
4.8521
0
-2.9817
0
0
0
0
0
-1.3442
0
0
0
0
0
0
0
0
0
0
0
0
0
-2.6049
0
0
0
0
0
0
0
0
2.7094
-0.1045
0
0
0
0
0
0
0
0
0
0
0
0
0
0
0
0
0
0
0
0
0
0
0
0
0
0
0
-2.9817
-0.1045
3.0862
0
0
0
0
0
0
0
0
0
0
0
0
0
0
0
0
0
0
0
0
-1.3526
0
0
0
0
0
0
0
0
0
1.3526
0
0
0
0
0
0
0
0
0
0
0
0
0
0
0
0
-6.6002
0
0
0
0
0
0
0
0
0
0
0
0
0
6.6002
0
0
0
0
0
0
0
0
0
0
0
0
0
0
0
0
-3.4179
0
0
0
0
0
0
0
0
0
0
0
0
0
3.4179
0
0
0
0
0
0
0
0
0
0
0
0
0
0
0
0
-3.197
0
0
0
0
0
0
0
0
0
0
0
0
0
3.197
0
0
0
0
0
0
0
0
0
0
0
-4.4412
0
0
0
0
0
0
0
0
0
0
0
0
0
0
0
0
0
0
4.4412
0
0
0
0
0
0
0
0
0
0
0
0
0
0
0
0
0
0
0
0
0
0
-1.3442
0
0
0
0
0
0
0
1.3442
0
0
0
0
0
0
0
0
0
0
0
0
0
0
0
0
0
0
0
-6.0405
0
0
0
0
0
0
0
0
0
0
6.0405
0
0
0
0
0
0
0
0
0
0
0
0
0
0
0
0
0
0
-6.0405
0
0
0
0
0
0
0
0
0
0
0
6.0405
0
0
0
0
0
0
-6.9635
0
0
0
0
0
0
0
0
0
0
0
0
0
0
0
0
0
0
0
0
0
0
0
6.9635
0
0
0
0
0
0
0
0
-6.6002
0
0
0
0
0
0
0
0
0
0
0
0
0
0
0
0
0
0
0
0
0
6.6002
0
0
0
0
0
0
0
0
0
0
0
0
0
0
0
0
-0.31569
0
0
0
0
0
0
0
0
0
0
0
0
0
0.31569
0
0
0
0
0
0
0
0
0
0
0
0
0
-0.30532
0
0
0
0
0
0
0
0
0
0
0
0
0
0
0
0
0.30532
0
0
0
0
-4.4412
0
0
0
0
0
0
0
0
0
0
0
0
0
0
0
0
0
0
0
0
0
0
0
0
0
4.4412
0
-6.9635
0
0
0
0
0
0
0
0
0
0
0
0
0
0
0
0
0
0
0
0
0
0
0
0
0
0
0
0
6.9635
