21.5364
-0.54969
-0.53863
-0.60435
-0.59721
-0.609
-0.59721
-0.45294
-0.49116
-0.45294
-0.45294
-0.45294
-0.52203
-0.52203
0
0
-0.35261
-0.59367
-2.2144
0
0
0
-3.5409
0
0
0
0
0
0
-7.9918
-0.54969
16.4396
-0.59095
-0.62231
-0.61528
-0.61229
-0.61528
-0.46038
-0.51403
-0.46038
-0.46038
-0.46038
-0.52774
-0.52774
-0.68315
0
0
0
-2.2115
0
0
0
0
0
0
-6.5281
0
0
0
0
-0.53863
-0.59095
13.1579
-0.61335
-0.60823
-0.60202
-0.60823
-0.45598
-0.52153
-0.45598
-0.45598
-0.45598
-0.52172
-0.52172
-0.66137
0
0
0
0
-0.16868
0
0
0
0
0
0
0
-5.3775
0
0
-0.60435
-0.62231
-0.61335
11.3541
-0.69516
-0.68466
-0.69516
-0.49185
-0.64813
-0.49185
-0.49185
-0.49185
-0.58134
-0.58134
0
0
0
0
0
0
0
-3.6609
0
0
0
0
0
0
0
0
-0.59721
-0.61528
-0.60823
-0.69516
8.2613
-0.68098
-0.6052
-0.48364
-0.63925
-0.48364
-0.48364
-0.48364
-0.57303
-0.57303
-0.73934
0
0
0
0
0
0
0
0
0
0
0
0
0
0
0
-0.609
-0.61229
-0.60202
-0.68466
-0.68098
8.1932
-0.68098
-0.48293
-0.63869
-0.48293
-0.48293
-0.48293
-0.57056
-0.57056
0
0
0
-0.61171
0
0
0
0
0
0
0
0
0
0
0
0
-0.59721
-0.61528
-0.60823
-0.69516
-0.6052
-0.68098
8.2613
-0.48364
-0.63925
-0.48364
-0.48364
-0.48364
-0.57303
-0.57303
-0.73934
0
0
0
0
0
0
0
0
0
0
0
0
0
0
0
-0.45294
-0.46038
-0.45598
-0.49185
-0.48364
-0.48293
-0.48364
5.5611
-0.44554
-0.32692
-0.32692
-0.32692
-0.41173
-0.41173
0
0
0
0
0
0
0
0
0
0
0
0
0
0
0
0
-0.49116
-0.51403
-0.52153
-0.64813
-0.63925
-0.63869
-0.63925
-0.44554
20.8172
-0.44554
-0.44554
-0.44554
0
0
0
0
0
0
0
0
0
0
0
-7.4715
-7.4715
0
0
0
0
0
-0.45294
-0.46038
-0.45598
-0.49185
-0.48364
-0.48293
-0.48364
-0.32692
-0.44554
5.5611
-0.32692
-0.32692
-0.41173
-0.41173
0
0
0
0
0
0
0
0
0
0
0
0
0
0
0
0
-0.45294
-0.46038
-0.45598
-0.49185
-0.48364
-0.48293
-0.48364
-0.32692
-0.44554
-0.32692
5.5611
-0.32692
-0.41173
-0.41173
0
0
0
0
0
0
0
0
0
0
0
0
0
0
0
0
-0.45294
-0.46038
-0.45598
-0.49185
-0.48364
-0.48293
-0.48364
-0.32692
-0.44554
-0.32692
-0.32692
5.5611
-0.41173
-0.41173
0
0
0
0
0
0
0
0
0
0
0
0
0
0
0
0
-0.52203
-0.52774
-0.52172
-0.58134
-0.57303
-0.57056
-0.57303
-0.41173
0
-0.41173
-0.41173
-0.41173
5.5164
0
0
0
0
0
0
0
0
0
0
0
0
0
0
0
0
0
-0.52203
-0.52774
-0.52172
-0.58134
-0.57303
-0.57056
-0.57303
-0.41173
0
-0.41173
-0.41173
-0.41173
0
5.5164
0
0
0
0
0
0
0
0
0
0
0
0
0
0
0
0
0
-0.68315
-0.66137
0
-0.73934
0
-0.73934
0
0
0
0
0
0
0
4.5824
-1.7592
0
0
0
0
0
0
0
0
0
0
0
0
0
0
0
0
0
0
0
0
0
0
0
0
0
0
0
0
-1.7592
8.541
0
0
0
-1.3821
-3.0516
0
-2.348
0
0
0
0
0
0
0
-0.35261
0
0
0
0
0
0
0
0
0
0
0
0
0
0
0
6.0428
-0.73124
0
0
0
-2.7043
0
0
0
0
-2.2547
0
0
0
-0.59367
0
0
0
0
-0.61171
0
0
0
0
0
0
0
0
0
0
-0.73124
1.9366
0
0
0
0
0
0
0
0
0
0
0
0
-2.2144
-2.2115
0
0
0
0
0
0
0
0
0
0
0
0
0
0
0
0
7.2149
0
-2.789
0
0
0
0
0
0
0
0
0
0
0
-0.16868
0
0
0
0
0
0
0
0
0
0
0
0
-1.3821
0
0
0
2.3725
0
0
0
0
0
0
0
0
-0.82168
0
0
0
0
0
0
0
0
0
0
0
0
0
0
0
0
-3.0516
0
0
-2.789
0
5.8407
0
0
0
0
0
0
0
0
0
0
0
0
-3.6609
0
0
0
0
0
0
0
0
0
0
0
0
-2.7043
0
0
0
0
6.3651
0
0
0
0
0
0
0
0
-3.5409
0
0
0
0
0
0
0
0
0
0
0
0
0
0
-2.348
0
0
0
0
0
0
5.8889
0
0
0
0
0
0
0
0
0
0
0
0
0
0
0
-7.4715
0
0
0
0
0
0
0
0
0
0
0
0
0
0
7.4715
0
0
0
0
0
0
0
0
0
0
0
0
0
0
-7.4715
0
0
0
0
0
0
0
0
0
0
0
0
0
0
0
7.4715
0
0
0
0
0
0
-6.5281
0
0
0
0
0
0
0
0
0
0
0
0
0
0
0
0
0
0
0
0
0
0
0
6.5281
0
0
0
0
0
0
0
0
0
0
0
0
0
0
0
0
0
0
0
0
-2.2547
0
0
0
0
0
0
0
0
0
2.2547
0
0
0
0
0
-5.3775
0
0
0
0
0
0
0
0
0
0
0
0
0
0
0
0
0
0
0
0
0
0
0
0
5.3775
0
0
0
0
0
0
0
0
0
0
0
0
0
0
0
0
0
0
0
0
0
-0.82168
0
0
0
0
0
0
0
0
0.82168
0
-7.9918
0
0
0
0
0
0
0
0
0
0
0
0
0
0
0
0
0
0
0
0
0
0
0
0
0
0
0
0
7.9918
