16.3199
-0.65937
-0.66519
-0.66364
-0.69661
-0.72809
-0.67476
-0.85452
-0.62446
-0.81376
-0.90564
-0.90564
-0.90564
-0.90564
-0.58701
-1.2856
-0.55244
-1.2856
0
-0.61328
-1.2856
-0.70734
0
0
0
0
0
0
0
0
-0.65937
15.1814
-0.66205
-0.6606
-0.68974
-0.72217
-0.66634
-0.83965
-0.62041
-0.79866
-0.90572
-0.90572
-0.90572
-0.90572
0
-1.3297
-0.55225
-1.3297
0
0
-1.3297
-0.69821
0
0
0
0
0
0
0
0
-0.66519
-0.66205
10.4475
-0.65847
-0.68653
-0.73382
-0.66954
-0.81618
-0.63228
-0.78439
-0.89652
-0.89652
-0.89652
-0.89652
0
0
-0.55292
0
0
0
0
0
0
0
0
0
0
0
0
0
-0.66364
-0.6606
-0.65847
9.3089
-0.68422
-0.7227
-0.67279
-0.80555
0
-0.77869
-0.91557
-0.91557
-0.91557
-0.91557
0
0
0
0
0
0
0
0
0
0
0
0
0
0
0
0
-0.69661
-0.68974
-0.68653
-0.68422
5.6679
-0.7324
-0.68862
-0.79985
0
-0.68993
0
0
0
0
0
0
0
0
0
0
0
0
0
0
0
0
0
0
0
0
-0.72809
-0.72217
-0.73382
-0.7227
-0.7324
10.3976
0
0
0
0
0
0
0
0
0
0
0
0
-0.65463
0
0
0
0
0
0
0
0
0
-6.1038
0
-0.67476
-0.66634
-0.66954
-0.67279
-0.68862
0
4.0681
0
0
0
0
0
0
0
-0.69608
0
0
0
0
0
0
0
0
0
0
0
0
0
0
0
-0.85452
-0.83965
-0.81618
-0.80555
-0.79985
0
0
10.0474
0
0
0
0
0
0
0
0
0
0
0
0
0
0
0
0
0
0
0
-5.9317
0
0
-0.62446
-0.62041
-0.63228
0
0
0
0
0
3.2677
0
0
0
0
0
0
0
0
0
-0.65058
-0.73999
0
0
0
0
0
0
0
0
0
0
-0.81376
-0.79866
-0.78439
-0.77869
-0.68993
0
0
0
0
3.8654
0
0
0
0
0
0
0
0
0
0
0
0
0
0
0
0
0
0
0
0
-0.90564
-0.90572
-0.89652
-0.91557
0
0
0
0
0
0
3.6234
0
0
0
0
0
0
0
0
0
0
0
0
0
0
0
0
0
0
0
-0.90564
-0.90572
-0.89652
-0.91557
0
0
0
0
0
0
0
3.6234
0
0
0
0
0
0
0
0
0
0
0
0
0
0
0
0
0
0
-0.90564
-0.90572
-0.89652
-0.91557
0
0
0
0
0
0
0
0
3.6234
0
0
0
0
0
0
0
0
0
0
0
0
0
0
0
0
0
-0.90564
-0.90572
-0.89652
-0.91557
0
0
0
0
0
0
0
0
0
3.6234
0
0
0
0
0
0
0
0
0
0
0
0
0
0
0
0
-0.58701
0
0
0
0
0
-0.69608
0
0
0
0
0
0
0
1.8499
0
0
0
0
0
0
0
0
0
0
-0.56684
0
0
0
0
-1.2856
-1.3297
0
0
0
0
0
0
0
0
0
0
0
0
0
5.0399
0
0
0
0
0
0
0
0
0
0
0
0
0
-2.4246
-0.55244
-0.55225
-0.55292
0
0
0
0
0
0
0
0
0
0
0
0
0
1.6576
0
0
0
0
0
0
0
0
0
0
0
0
0
-1.2856
-1.3297
0
0
0
0
0
0
0
0
0
0
0
0
0
0
0
5.0399
0
0
0
0
0
0
-2.4246
0
0
0
0
0
0
0
0
0
0
-0.65463
0
0
-0.65058
0
0
0
0
0
0
0
0
0
1.8723
0
0
0
0
-0.56708
0
0
0
0
0
0
-0.61328
0
0
0
0
0
0
0
-0.73999
0
0
0
0
0
0
0
0
0
0
1.9697
0
0
0
0
0
0
-0.61644
0
0
0
-1.2856
-1.3297
0
0
0
0
0
0
0
0
0
0
0
0
0
0
0
0
0
0
5.0399
0
-2.4246
0
0
0
0
0
0
0
-0.70734
-0.69821
0
0
0
0
0
0
0
0
0
0
0
0
0
0
0
0
0
0
0
1.4055
0
0
0
0
0
0
0
0
0
0
0
0
0
0
0
0
0
0
0
0
0
0
0
0
0
0
0
0
-2.4246
0
2.4246
0
0
0
0
0
0
0
0
0
0
0
0
0
0
0
0
0
0
0
0
0
0
0
0
0
-0.56708
0
0
0
0
0.56708
0
0
0
0
0
0
0
0
0
0
0
0
0
0
0
0
0
0
0
0
0
0
0
-2.4246
0
0
0
0
0
0
2.4246
0
0
0
0
0
0
0
0
0
0
0
0
0
0
0
0
0
0
0
-0.56684
0
0
0
0
0
0
0
0
0
0
0.56684
0
0
0
0
0
0
0
0
0
0
0
0
0
0
0
0
0
0
0
0
0
0
0
-0.61644
0
0
0
0
0
0
0.61644
0
0
0
0
0
0
0
0
0
0
-5.9317
0
0
0
0
0
0
0
0
0
0
0
0
0
0
0
0
0
0
0
5.9317
0
0
0
0
0
0
0
-6.1038
0
0
0
0
0
0
0
0
0
0
0
0
0
0
0
0
0
0
0
0
0
0
6.1038
0
0
0
0
0
0
0
0
0
0
0
0
0
0
0
0
-2.4246
0
0
0
0
0
0
0
0
0
0
0
0
0
2.4246
