21.1225
-0.64056
-0.65198
-0.64795
-0.65184
-0.61331
-0.61331
-0.60789
-0.58139
-0.58605
-0.57281
-0.589
-0.589
-0.62351
-0.57794
0
-0.59869
-0.92203
0
-4.2975
0
0
0
0
0
-6.7577
0
0
0
0
-0.64056
14.0106
-0.65558
-0.63865
-0.6427
-0.59196
-0.59196
-0.59068
-0.57696
-0.56569
-0.5525
-0.56815
-0.56815
-0.60147
-0.56242
0
-0.57027
-0.91899
0
-4.1739
0
0
0
0
0
0
0
0
0
0
-0.65198
-0.65558
17.1368
-0.63554
-0.63189
-0.59637
-0.59637
-0.59242
-0.56387
-0.56967
-0.55634
-0.57209
-0.57209
-0.60563
-0.5673
0
-0.57838
0
0
0
-1.975
0
-6.2163
0
0
0
0
0
0
0
-0.64795
-0.63865
-0.63554
15.864
-0.63672
-0.59931
-0.59931
-0.59574
-0.56195
-0.56754
-0.55417
-0.56986
-0.56986
-0.60328
-0.56625
0
0
0
0
0
0
-1.9017
0
0
0
0
0
-5.6162
0
0
-0.65184
-0.6427
-0.63189
-0.63672
14.821
-0.59127
-0.59127
-0.58947
-0.56168
-0.56485
-0.55204
-0.56767
-0.56767
-0.60096
-0.55961
0
-0.57514
0
0
0
0
0
0
-5.9363
0
0
0
0
0
0
-0.61331
-0.59196
-0.59637
-0.59931
-0.59127
8.2411
-0.52828
-0.56048
-0.52591
-0.51606
-0.50288
-0.51723
-0.51723
-0.54774
-0.51441
0
-0.51862
0
0
0
0
0
0
0
0
0
0
0
0
0
-0.61331
-0.59196
-0.59637
-0.59931
-0.59127
-0.52828
8.2411
-0.56048
-0.52591
-0.51606
-0.50288
-0.51723
-0.51723
-0.54774
-0.51441
0
-0.51862
0
0
0
0
0
0
0
0
0
0
0
0
0
-0.60789
-0.59068
-0.59242
-0.59574
-0.58947
-0.56048
-0.56048
8.1423
-0.5142
-0.51352
-0.49928
-0.51354
-0.51354
-0.54384
-0.50806
0
0
0
-0.4392
0
0
0
0
0
0
0
0
0
0
0
-0.58139
-0.57696
-0.56387
-0.56195
-0.56168
-0.52591
-0.52591
-0.5142
11.4758
-0.50873
-0.47816
-0.49189
-0.49189
-0.52105
0
0
0
0
0
0
0
0
0
0
-4.5722
0
0
0
0
0
-0.58605
-0.56569
-0.56967
-0.56754
-0.56485
-0.51606
-0.51606
-0.51352
-0.50873
7.3738
-0.47653
-0.49021
-0.49021
-0.51928
-0.48942
0
0
0
0
0
0
0
0
0
0
0
0
0
0
0
-0.57281
-0.5525
-0.55634
-0.55417
-0.55204
-0.50288
-0.50288
-0.49928
-0.47816
-0.47653
6.7093
-0.47776
-0.47776
-0.50618
0
0
0
0
0
0
0
0
0
0
0
0
0
0
0
0
-0.589
-0.56815
-0.57209
-0.56986
-0.56767
-0.51723
-0.51723
-0.51354
-0.49189
-0.49021
-0.47776
6.3518
-0.47715
0
0
0
0
0
0
0
0
0
0
0
0
0
0
0
0
0
-0.589
-0.56815
-0.57209
-0.56986
-0.56767
-0.51723
-0.51723
-0.51354
-0.49189
-0.49021
-0.47776
-0.47715
6.3518
0
0
0
0
0
0
0
0
0
0
0
0
0
0
0
0
0
-0.62351
-0.60147
-0.60563
-0.60328
-0.60096
-0.54774
-0.54774
-0.54384
-0.52105
-0.51928
-0.50618
0
0
6.2207
0
0
0
0
0
0
0
0
0
0
0
0
0
0
0
0
-0.57794
-0.56242
-0.5673
-0.56625
-0.55961
-0.51441
-0.51441
-0.50806
0
-0.48942
0
0
0
0
5.1661
-0.30623
0
0
0
0
0
0
0
0
0
0
0
0
0
0
0
0
0
0
0
0
0
0
0
0
0
0
0
0
-0.30623
20.365
0
-0.63989
0
0
-2.2322
-2.1916
0
0
0
0
0
0
-7.4976
-7.4976
-0.59869
-0.57027
-0.57838
0
-0.57514
-0.51862
-0.51862
0
0
0
0
0
0
0
0
0
3.3597
0
0
0
0
0
0
0
0
0
0
0
0
0
-0.92203
-0.91899
0
0
0
0
0
0
0
0
0
0
0
0
0
-0.63989
0
2.8982
-0.41734
0
0
0
0
0
0
0
0
0
0
0
0
0
0
0
0
0
0
-0.4392
0
0
0
0
0
0
0
0
0
-0.41734
2.0697
0
0
0
0
0
0
0
-1.2131
0
0
0
-4.2975
-4.1739
0
0
0
0
0
0
0
0
0
0
0
0
0
0
0
0
0
8.4714
0
0
0
0
0
0
0
0
0
0
0
0
-1.975
0
0
0
0
0
0
0
0
0
0
0
0
-2.2322
0
0
0
0
4.2071
0
0
0
0
0
0
0
0
0
0
0
0
-1.9017
0
0
0
0
0
0
0
0
0
0
0
-2.1916
0
0
0
0
0
4.0932
0
0
0
0
0
0
0
0
0
0
-6.2163
0
0
0
0
0
0
0
0
0
0
0
0
0
0
0
0
0
0
0
6.2163
0
0
0
0
0
0
0
0
0
0
0
-5.9363
0
0
0
0
0
0
0
0
0
0
0
0
0
0
0
0
0
0
5.9363
0
0
0
0
0
0
0
0
0
0
0
0
0
0
-4.5722
0
0
0
0
0
0
0
0
0
0
0
0
0
0
0
4.5722
0
0
0
0
0
-6.7577
0
0
0
0
0
0
0
0
0
0
0
0
0
0
0
0
0
0
0
0
0
0
0
0
6.7577
0
0
0
0
0
0
0
0
0
0
0
0
0
0
0
0
0
0
0
0
0
0
-1.2131
0
0
0
0
0
0
0
1.2131
0
0
0
0
0
0
-5.6162
0
0
0
0
0
0
0
0
0
0
0
0
0
0
0
0
0
0
0
0
0
0
0
5.6162
0
0
0
0
0
0
0
0
0
0
0
0
0
0
0
0
0
-7.4976
0
0
0
0
0
0
0
0
0
0
0
0
7.4976
0
0
0
0
0
0
0
0
0
0
0
0
0
0
0
0
-7.4976
0
0
0
0
0
0
0
0
0
0
0
0
0
7.4976
