21.9675
-0.63291
-0.62817
-0.55043
-0.59972
-0.5954
-0.60249
-0.59784
-0.6622
-0.6622
-0.6622
-0.79724
-0.71326
-0.95101
-0.65253
-0.65253
-0.53434
-0.63571
0
-0.52999
0
0
0
0
0
0
0
0
-10.3074
0
-0.63291
21.9675
-0.62817
-0.55043
-0.59972
-0.5954
-0.60249
-0.59784
-0.6622
-0.6622
-0.6622
-0.79724
-0.71326
-0.95101
-0.65253
-0.65253
-0.53434
-0.63571
0
-0.52999
0
0
0
0
0
0
0
0
0
-10.3074
-0.62817
-0.62817
15.5267
-0.54028
-0.58787
-0.56968
-0.58714
-0.60658
-0.64701
-0.64701
-0.64701
-0.72261
-0.69685
-0.88778
-0.67869
-0.67869
-0.52307
-0.62038
0
-0.52607
-4.1036
0
0
0
0
0
0
0
0
0
-0.55043
-0.55043
-0.54028
10.2251
-0.52456
-0.51209
-0.52226
-0.54008
-0.57161
-0.57161
-0.57161
-0.68372
-0.61563
-0.8083
-0.59831
-0.59831
-0.45966
-0.55314
0
-0.45302
0
0
0
0
0
0
0
0
0
0
-0.59972
-0.59972
-0.58787
-0.52456
10.038
-0.56217
-0.57286
-0.58582
-0.62925
-0.62925
-0.62925
-0.74544
-0.67769
-0.87838
-0.65525
-0.65525
-0.50551
0
0
0
0
0
0
0
0
0
0
0
0
0
-0.5954
-0.5954
-0.56968
-0.51209
-0.56217
12.0493
-0.55677
-0.58065
-0.61189
-0.61189
-0.61189
-0.69285
-0.65897
-0.76665
0
0
-0.50605
0
0
0
0
0
0
-3.6169
0
0
0
0
0
0
-0.60249
-0.60249
-0.58714
-0.52226
-0.57286
-0.55677
7.2868
-0.60103
-0.61845
-0.61845
-0.61845
-0.72033
-0.66604
0
0
0
0
0
0
0
0
0
0
0
0
0
0
0
0
0
-0.59784
-0.59784
-0.60658
-0.54008
-0.58582
-0.58065
-0.60103
10.971
0
0
0
0
0
0
0
0
0
0
-0.24689
0
0
-2.1097
0
0
0
0
0
-4.5046
0
0
-0.6622
-0.6622
-0.64701
-0.57161
-0.62925
-0.61189
-0.61845
0
5.75
-0.67371
-0.67371
0
0
0
0
0
0
0
0
0
0
0
0
0
0
0
0
0
0
0
-0.6622
-0.6622
-0.64701
-0.57161
-0.62925
-0.61189
-0.61845
0
-0.67371
5.75
-0.67371
0
0
0
0
0
0
0
0
0
0
0
0
0
0
0
0
0
0
0
-0.6622
-0.6622
-0.64701
-0.57161
-0.62925
-0.61189
-0.61845
0
-0.67371
-0.67371
5.75
0
0
0
0
0
0
0
0
0
0
0
0
0
0
0
0
0
0
0
-0.79724
-0.79724
-0.72261
-0.68372
-0.74544
-0.69285
-0.72033
0
0
0
0
8.7658
0
0
0
0
0
0
0
0
-3.6064
0
0
0
0
0
0
0
0
0
-0.71326
-0.71326
-0.69685
-0.61563
-0.67769
-0.65897
-0.66604
0
0
0
0
0
4.7417
0
0
0
0
0
0
0
0
0
0
0
0
0
0
0
0
0
-0.95101
-0.95101
-0.88778
-0.8083
-0.87838
-0.76665
0
0
0
0
0
0
0
8.6544
0
0
0
0
0
0
0
0
0
-3.4113
0
0
0
0
0
0
-0.65253
-0.65253
-0.67869
-0.59831
-0.65525
0
0
0
0
0
0
0
0
0
3.3453
0
0
0
0
0
0
0
0
0
0
0
-0.10796
0
0
0
-0.65253
-0.65253
-0.67869
-0.59831
-0.65525
0
0
0
0
0
0
0
0
0
0
3.3453
0
0
0
0
0
0
0
0
0
-0.10796
0
0
0
0
-0.53434
-0.53434
-0.52307
-0.45966
-0.50551
-0.50605
0
0
0
0
0
0
0
0
0
0
3.063
0
0
0
0
0
0
0
0
0
0
0
0
0
-0.63571
-0.63571
-0.62038
-0.55314
0
0
0
0
0
0
0
0
0
0
0
0
0
3.7899
0
0
0
0
-1.345
0
0
0
0
0
0
0
0
0
0
0
0
0
0
-0.24689
0
0
0
0
0
0
0
0
0
0
6.8462
0
0
-2.0481
-2.5045
0
-2.0467
0
0
0
0
0
-0.52999
-0.52999
-0.52607
-0.45302
0
0
0
0
0
0
0
0
0
0
0
0
0
0
0
2.0391
0
0
0
0
0
0
0
0
0
0
0
0
-4.1036
0
0
0
0
0
0
0
0
-3.6064
0
0
0
0
0
0
0
0
7.71
0
0
0
0
0
0
0
0
0
0
0
0
0
0
0
0
-2.1097
0
0
0
0
0
0
0
0
0
0
-2.0481
0
0
4.1578
0
0
0
0
0
0
0
0
0
0
0
0
0
0
0
0
0
0
0
0
0
0
0
0
0
-1.345
-2.5045
0
0
0
3.8495
0
0
0
0
0
0
0
0
0
0
0
0
-3.6169
0
0
0
0
0
0
0
-3.4113
0
0
0
0
0
0
0
0
0
7.0282
0
0
0
0
0
0
0
0
0
0
0
0
0
0
0
0
0
0
0
0
0
0
0
0
-2.0467
0
0
0
0
0
2.0467
0
0
0
0
0
0
0
0
0
0
0
0
0
0
0
0
0
0
0
0
-0.10796
0
0
0
0
0
0
0
0
0
0.10796
0
0
0
0
0
0
0
0
0
0
0
0
0
0
0
0
0
0
-0.10796
0
0
0
0
0
0
0
0
0
0
0
0.10796
0
0
0
0
0
0
0
0
0
0
-4.5046
0
0
0
0
0
0
0
0
0
0
0
0
0
0
0
0
0
0
0
4.5046
0
0
-10.3074
0
0
0
0
0
0
0
0
0
0
0
0
0
0
0
0
0
0
0
0
0
0
0
0
0
0
0
10.3074
0
0
-10.3074
0
0
0
0
0
0
0
0
0
0
0
0
0
0
0
0
0
0
0
0
0
0
0
0
0
0
0
10.3074
