8.2882
-0.53642
-0.50833
-0.51263
-0.54394
-0.48556
-0.48556
-0.51295
-0.58064
-0.53212
-0.49815
-0.61119
-0.49815
-0.5662
-0.5662
-0.46181
0
0
0
-0.3884
0
0
0
0
0
0
0
0
0
0
-0.53642
8.2882
-0.50833
-0.51263
-0.54394
-0.48556
-0.48556
-0.51295
-0.58064
-0.53212
-0.49815
-0.61119
-0.49815
-0.5662
-0.5662
-0.46181
0
0
0
-0.3884
0
0
0
0
0
0
0
0
0
0
-0.50833
-0.50833
7.4517
-0.47885
-0.50316
-0.45521
-0.45521
-0.48204
-0.54976
-0.50448
-0.46613
-0.57155
-0.46613
-0.53138
-0.53138
-0.43979
0
0
0
0
0
0
0
0
0
0
0
0
0
0
-0.51263
-0.51263
-0.47885
7.377
-0.5024
-0.45471
-0.45471
-0.48055
-0.54833
-0.50199
-0.46533
-0.56604
-0.46533
-0.52628
-0.52628
0
-0.38095
0
0
0
0
0
0
0
0
0
0
0
0
0
-0.54394
-0.54394
-0.50316
-0.5024
20.8893
-0.48044
-0.48044
-0.51741
-0.58797
-0.52811
-0.49275
-0.62156
-0.49275
-0.57509
-0.57509
0
0
0
0
0
0
0
0
0
0
0
0
0
0
-13.4442
-0.48556
-0.48556
-0.45521
-0.45471
-0.48044
6.6662
-0.42728
-0.45521
-0.5177
-0.47347
-0.44321
-0.53901
-0.44321
-0.50279
-0.50279
0
0
0
0
0
0
0
0
0
0
0
0
0
0
0
-0.48556
-0.48556
-0.45521
-0.45471
-0.48044
-0.42728
6.6662
-0.45521
-0.5177
-0.47347
-0.44321
-0.53901
-0.44321
-0.50279
-0.50279
0
0
0
0
0
0
0
0
0
0
0
0
0
0
0
-0.51295
-0.51295
-0.48204
-0.48055
-0.51741
-0.45521
-0.45521
17.7099
-0.53093
-0.47664
-0.4677
-0.56566
-0.4677
0
0
0
0
0
0
0
0
-11.7849
0
0
0
0
0
0
0
0
-0.58064
-0.58064
-0.54976
-0.54833
-0.58797
-0.5177
-0.5177
-0.53093
16.1835
0
0
0
0
0
0
0
-0.42654
0
-0.31089
0
0
0
0
-11.0324
0
0
0
0
0
0
-0.53212
-0.53212
-0.50448
-0.50199
-0.52811
-0.47347
-0.47347
-0.47664
0
5.1922
0
0
0
0
0
-0.47216
-0.40882
0
-0.28886
0
0
0
0
0
0
0
0
0
0
0
-0.49815
-0.49815
-0.46613
-0.46533
-0.49275
-0.44321
-0.44321
-0.4677
0
0
4.2136
0
-0.43896
0
0
0
0
0
0
0
0
0
0
0
0
0
0
0
0
0
-0.61119
-0.61119
-0.57155
-0.56604
-0.62156
-0.53901
-0.53901
-0.56566
0
0
0
13.0046
0
0
0
0
0
0
0
0
0
0
-8.3793
0
0
0
0
0
0
0
-0.49815
-0.49815
-0.46613
-0.46533
-0.49275
-0.44321
-0.44321
-0.4677
0
0
-0.43896
0
4.2136
0
0
0
0
0
0
0
0
0
0
0
0
0
0
0
0
0
-0.5662
-0.5662
-0.53138
-0.52628
-0.57509
-0.50279
-0.50279
0
0
0
0
0
0
10.2612
0
0
0
0
0
0
0
0
0
0
0
0
0
-6.4904
0
0
-0.5662
-0.5662
-0.53138
-0.52628
-0.57509
-0.50279
-0.50279
0
0
0
0
0
0
0
10.2612
0
0
0
0
0
0
0
0
0
0
0
-6.4904
0
0
0
-0.46181
-0.46181
-0.43979
0
0
0
0
0
0
-0.47216
0
0
0
0
0
2.0325
0
-0.19696
0
0
0
0
0
0
0
0
0
0
0
0
0
0
0
-0.38095
0
0
0
0
-0.42654
-0.40882
0
0
0
0
0
0
1.9722
-0.24715
0
0
-0.50877
0
0
0
0
0
0
0
0
0
0
0
0
0
0
0
0
0
0
0
0
0
0
0
0
-0.19696
-0.24715
0.54861
0
0
0
0
0
0
0
-0.1045
0
0
0
0
0
0
0
0
0
0
0
0
-0.31089
-0.28886
0
0
0
0
0
0
0
0
0.82588
0
0
0
0
0
-0.22613
0
0
0
0
0
-0.3884
-0.3884
0
0
0
0
0
0
0
0
0
0
0
0
0
0
0
0
0
1.135
0
0
0
0
0
0
0
0
-0.35819
0
0
0
0
0
0
0
0
0
0
0
0
0
0
0
0
0
-0.50877
0
0
0
0.50877
0
0
0
0
0
0
0
0
0
0
0
0
0
0
0
0
-11.7849
0
0
0
0
0
0
0
0
0
0
0
0
0
11.7849
0
0
0
0
0
0
0
0
0
0
0
0
0
0
0
0
0
0
0
-8.3793
0
0
0
0
0
0
0
0
0
0
8.3793
0
0
0
0
0
0
0
0
0
0
0
0
0
0
0
-11.0324
0
0
0
0
0
0
0
0
0
0
0
0
0
0
11.0324
0
0
0
0
0
0
0
0
0
0
0
0
0
0
0
0
0
0
0
0
0
0
0
0
-0.22613
0
0
0
0
0
0.22613
0
0
0
0
0
0
0
0
0
0
0
0
0
0
0
0
0
0
0
0
0
0
-0.1045
0
0
0
0
0
0
0
0.1045
0
0
0
0
0
0
0
0
0
0
0
0
0
0
0
0
0
0
-6.4904
0
0
0
0
0
0
0
0
0
0
0
6.4904
0
0
0
0
0
0
0
0
0
0
0
0
0
0
0
0
-6.4904
0
0
0
0
0
0
0
0
0
0
0
0
0
6.4904
0
0
0
0
0
0
0
0
0
0
0
0
0
0
0
0
0
0
0
0
0
-0.35819
0
0
0
0
0
0
0
0
0.35819
0
0
0
0
0
-13.4442
0
0
0
0
0
0
0
0
0
0
0
0
0
0
0
0
0
0
0
0
0
0
0
0
13.4442
