27.8758
-0.95541
-0.93797
-0.82788
-0.82788
-0.82788
-0.82788
-0.84697
-0.98854
-0.96254
-0.84835
-0.86934
-0.84835
-0.84835
-0.84835
-0.86934
-0.99474
-0.94926
-0.94926
-0.94926
-0.76392
-0.76392
0
0
0
0
0
0
-9.3704
0
-0.95541
27.8758
-0.93797
-0.82788
-0.82788
-0.82788
-0.82788
-0.84697
-0.98854
-0.96254
-0.84835
-0.86934
-0.84835
-0.84835
-0.84835
-0.86934
-0.99474
-0.94926
-0.94926
-0.94926
-0.76392
-0.76392
0
0
-9.3704
0
0
0
0
0
-0.93797
-0.93797
18.4478
-0.81107
-0.81107
-0.81107
-0.81107
-0.82963
-0.97306
-0.95353
-0.83072
-0.85647
-0.83072
-0.83072
-0.83072
-0.85647
-0.98999
-0.92351
-0.92351
-0.92351
-0.74469
-0.74469
-0.28564
0
0
0
0
0
0
0
-0.82788
-0.82788
-0.81107
16.1465
-0.71451
-0.71451
-0.71451
-0.73606
-0.85889
-0.83192
-0.73637
-0.7601
-0.73637
-0.73637
-0.73637
-0.7601
-0.87619
-0.81477
-0.81477
-0.81477
-0.66153
-0.66153
0
0
0
0
0
0
0
0
-0.82788
-0.82788
-0.81107
-0.71451
16.1465
-0.71451
-0.71451
-0.73606
-0.85889
-0.83192
-0.73637
-0.7601
-0.73637
-0.73637
-0.73637
-0.7601
-0.87619
-0.81477
-0.81477
-0.81477
-0.66153
-0.66153
0
0
0
0
0
0
0
0
-0.82788
-0.82788
-0.81107
-0.71451
-0.71451
16.1465
-0.71451
-0.73606
-0.85889
-0.83192
-0.73637
-0.7601
-0.73637
-0.73637
-0.73637
-0.7601
-0.87619
-0.81477
-0.81477
-0.81477
-0.66153
-0.66153
0
0
0
0
0
0
0
0
-0.82788
-0.82788
-0.81107
-0.71451
-0.71451
-0.71451
16.1465
-0.73606
-0.85889
-0.83192
-0.73637
-0.7601
-0.73637
-0.73637
-0.73637
-0.7601
-0.87619
-0.81477
-0.81477
-0.81477
-0.66153
-0.66153
0
0
0
0
0
0
0
0
-0.84697
-0.84697
-0.82963
-0.73606
-0.73606
-0.73606
-0.73606
15.1573
-0.87582
-0.84921
-0.75274
-0.77449
-0.75274
-0.75274
-0.75274
-0.77449
-0.89274
-0.83726
-0.83726
-0.83726
0
0
0
0
0
0
0
0
0
0
-0.98854
-0.98854
-0.97306
-0.85889
-0.85889
-0.85889
-0.85889
-0.87582
20.6931
-1.0263
-0.87563
-0.92141
-0.87563
-0.87563
-0.87563
-0.92141
0
0
0
0
0
0
0
0
0
0
0
0
0
-7.0599
-0.96254
-0.96254
-0.95353
-0.83192
-0.83192
-0.83192
-0.83192
-0.84921
-1.0263
13.5923
-0.84941
-0.90184
-0.84941
-0.84941
-0.84941
-0.90184
0
0
0
0
0
0
-0.30926
0
0
0
0
0
0
0
-0.84835
-0.84835
-0.83072
-0.73637
-0.73637
-0.73637
-0.73637
-0.75274
-0.87563
-0.84941
11.6137
-0.77432
-0.70479
-0.70479
-0.70479
-0.77432
0
0
0
0
0
0
0
0
0
0
0
0
0
0
-0.86934
-0.86934
-0.85647
-0.7601
-0.7601
-0.7601
-0.7601
-0.77449
-0.92141
-0.90184
-0.77432
17.5536
-0.77432
-0.77432
-0.77432
0
0
0
0
0
0
0
0
-6.223
0
0
0
0
0
0
-0.84835
-0.84835
-0.83072
-0.73637
-0.73637
-0.73637
-0.73637
-0.75274
-0.87563
-0.84941
-0.70479
-0.77432
11.6137
-0.70479
-0.70479
-0.77432
0
0
0
0
0
0
0
0
0
0
0
0
0
0
-0.84835
-0.84835
-0.83072
-0.73637
-0.73637
-0.73637
-0.73637
-0.75274
-0.87563
-0.84941
-0.70479
-0.77432
-0.70479
11.6137
-0.70479
-0.77432
0
0
0
0
0
0
0
0
0
0
0
0
0
0
-0.84835
-0.84835
-0.83072
-0.73637
-0.73637
-0.73637
-0.73637
-0.75274
-0.87563
-0.84941
-0.70479
-0.77432
-0.70479
-0.70479
11.6137
-0.77432
0
0
0
0
0
0
0
0
0
0
0
0
0
0
-0.86934
-0.86934
-0.85647
-0.7601
-0.7601
-0.7601
-0.7601
-0.77449
-0.92141
-0.90184
-0.77432
0
-0.77432
-0.77432
-0.77432
17.5536
0
0
0
0
0
0
0
0
0
0
-6.223
0
0
0
-0.99474
-0.99474
-0.98999
-0.87619
-0.87619
-0.87619
-0.87619
-0.89274
0
0
0
0
0
0
0
0
7.9719
0
0
0
0
0
0
0
0
0
0
-0.59489
0
0
-0.94926
-0.94926
-0.92351
-0.81477
-0.81477
-0.81477
-0.81477
-0.83726
0
0
0
0
0
0
0
0
0
6.9184
0
0
0
0
0
0
0
0
0
0
0
0
-0.94926
-0.94926
-0.92351
-0.81477
-0.81477
-0.81477
-0.81477
-0.83726
0
0
0
0
0
0
0
0
0
0
6.9184
0
0
0
0
0
0
0
0
0
0
0
-0.94926
-0.94926
-0.92351
-0.81477
-0.81477
-0.81477
-0.81477
-0.83726
0
0
0
0
0
0
0
0
0
0
0
6.9184
0
0
0
0
0
0
0
0
0
0
-0.76392
-0.76392
-0.74469
-0.66153
-0.66153
-0.66153
-0.66153
0
0
0
0
0
0
0
0
0
0
0
0
0
4.9187
0
0
0
0
0
0
0
0
0
-0.76392
-0.76392
-0.74469
-0.66153
-0.66153
-0.66153
-0.66153
0
0
0
0
0
0
0
0
0
0
0
0
0
0
4.9187
0
0
0
0
0
0
0
0
0
0
-0.28564
0
0
0
0
0
0
-0.30926
0
0
0
0
0
0
0
0
0
0
0
0
0.6994
0
0
-0.1045
0
0
0
0
0
0
0
0
0
0
0
0
0
0
0
-6.223
0
0
0
0
0
0
0
0
0
0
0
6.223
0
0
0
0
0
0
0
-9.3704
0
0
0
0
0
0
0
0
0
0
0
0
0
0
0
0
0
0
0
0
0
0
9.3704
0
0
0
0
0
0
0
0
0
0
0
0
0
0
0
0
0
0
0
0
0
0
0
0
0
0
0
-0.1045
0
0
0.1045
0
0
0
0
0
0
0
0
0
0
0
0
0
0
0
0
0
0
0
-6.223
0
0
0
0
0
0
0
0
0
0
6.223
0
0
0
0
0
0
0
0
0
0
0
0
0
0
0
0
0
0
0
-0.59489
0
0
0
0
0
0
0
0
0
0
0.59489
0
0
-9.3704
0
0
0
0
0
0
0
0
0
0
0
0
0
0
0
0
0
0
0
0
0
0
0
0
0
0
0
9.3704
0
0
0
0
0
0
0
0
0
-7.0599
0
0
0
0
0
0
0
0
0
0
0
0
0
0
0
0
0
0
0
0
7.0599
