22.651
-0.78492
-0.76482
-0.76482
-0.76482
-0.76614
-0.76482
-0.77246
-0.74112
-0.7577
-0.81595
-0.75376
-0.75376
-0.75376
-0.75376
-0.78512
-0.81689
-0.81689
-0.77718
-0.58033
0
0
0
-8.162
0
0
0
0
0
0
-0.78492
20.3261
-0.70568
-0.70568
-0.70568
-0.70217
-0.70568
-0.70463
-0.67185
-0.68867
-0.73887
-0.68676
-0.68676
-0.68676
-0.68676
-0.71406
-0.7381
-0.7381
-0.70469
0
0
-7.5703
0
0
0
0
0
0
0
0
-0.76482
-0.70568
13.0321
-0.66633
-0.66633
-0.69286
-0.66633
-0.69155
-0.68321
-0.68124
-0.72827
-0.67596
-0.67596
-0.67596
-0.67596
-0.70521
-0.72329
-0.72329
-0.6905
-0.53932
0
0
0
0
0
0
0
0
0
0
-0.76482
-0.70568
-0.66633
13.0321
-0.66633
-0.69286
-0.66633
-0.69155
-0.68321
-0.68124
-0.72827
-0.67596
-0.67596
-0.67596
-0.67596
-0.70521
-0.72329
-0.72329
-0.6905
-0.53932
0
0
0
0
0
0
0
0
0
0
-0.76482
-0.70568
-0.66633
-0.66633
13.0321
-0.69286
-0.66633
-0.69155
-0.68321
-0.68124
-0.72827
-0.67596
-0.67596
-0.67596
-0.67596
-0.70521
-0.72329
-0.72329
-0.6905
-0.53932
0
0
0
0
0
0
0
0
0
0
-0.76614
-0.70217
-0.69286
-0.69286
-0.69286
12.7953
-0.69286
-0.68935
-0.67137
-0.68171
-0.72161
-0.67236
-0.67236
-0.67236
-0.67236
-0.69833
-0.71773
-0.71773
-0.6857
0
-0.28259
0
0
0
0
0
0
0
0
0
-0.76482
-0.70568
-0.66633
-0.66633
-0.66633
-0.69286
13.0321
-0.69155
-0.68321
-0.68124
-0.72827
-0.67596
-0.67596
-0.67596
-0.67596
-0.70521
-0.72329
-0.72329
-0.6905
-0.53932
0
0
0
0
0
0
0
0
0
0
-0.77246
-0.70463
-0.69155
-0.69155
-0.69155
-0.68935
-0.69155
11.9263
-0.7
-0.68156
-0.72941
-0.67915
-0.67915
-0.67915
-0.67915
-0.71072
-0.72769
-0.72769
0
0
0
0
0
0
0
0
0
0
0
0
-0.74112
-0.67185
-0.68321
-0.68321
-0.68321
-0.67137
-0.68321
-0.7
39.0158
-0.66452
-0.68935
-0.67217
-0.67217
-0.67217
-0.67217
0
0
0
0
0
0
0
0
0
-9.8187
0
-9.8187
0
0
-9.8187
-0.7577
-0.68867
-0.68124
-0.68124
-0.68124
-0.68171
-0.68124
-0.68156
-0.66452
10.5432
-0.70441
-0.66641
-0.66641
-0.66641
-0.66641
-0.68927
0
0
0
0
-0.28475
0
0
0
0
0
0
0
0
0
-0.81595
-0.73887
-0.72827
-0.72827
-0.72827
-0.72161
-0.72827
-0.72941
-0.68935
-0.70441
16.1858
-0.72762
-0.72762
-0.72762
-0.72762
0
0
0
0
0
0
0
0
0
0
-5.9626
0
0
0
0
-0.75376
-0.68676
-0.67596
-0.67596
-0.67596
-0.67236
-0.67596
-0.67915
-0.67217
-0.66641
-0.72762
9.4962
-0.6447
-0.6447
-0.6447
0
0
0
0
0
0
0
0
0
0
0
0
0
0
0
-0.75376
-0.68676
-0.67596
-0.67596
-0.67596
-0.67236
-0.67596
-0.67915
-0.67217
-0.66641
-0.72762
-0.6447
9.4962
-0.6447
-0.6447
0
0
0
0
0
0
0
0
0
0
0
0
0
0
0
-0.75376
-0.68676
-0.67596
-0.67596
-0.67596
-0.67236
-0.67596
-0.67915
-0.67217
-0.66641
-0.72762
-0.6447
-0.6447
9.4962
-0.6447
0
0
0
0
0
0
0
0
0
0
0
0
0
0
0
-0.75376
-0.68676
-0.67596
-0.67596
-0.67596
-0.67236
-0.67596
-0.67915
-0.67217
-0.66641
-0.72762
-0.6447
-0.6447
-0.6447
9.4962
0
0
0
0
0
0
0
0
0
0
0
0
0
0
0
-0.78512
-0.71406
-0.70521
-0.70521
-0.70521
-0.69833
-0.70521
-0.71072
0
-0.68927
0
0
0
0
0
8.5602
0
0
0
0
0
0
0
0
0
0
0
0
-2.1419
0
-0.81689
-0.7381
-0.72329
-0.72329
-0.72329
-0.71773
-0.72329
-0.72769
0
0
0
0
0
0
0
0
5.8935
0
0
0
0
0
0
0
0
0
0
0
0
0
-0.81689
-0.7381
-0.72329
-0.72329
-0.72329
-0.71773
-0.72329
-0.72769
0
0
0
0
0
0
0
0
0
5.8935
0
0
0
0
0
0
0
0
0
0
0
0
-0.77718
-0.70469
-0.6905
-0.6905
-0.6905
-0.6857
-0.6905
0
0
0
0
0
0
0
0
0
0
0
4.9296
0
0
0
0
0
0
0
0
0
0
0
-0.58033
0
-0.53932
-0.53932
-0.53932
0
-0.53932
0
0
0
0
0
0
0
0
0
0
0
0
2.8421
0
0
-0.1045
0
0
0
0
0
0
0
0
0
0
0
0
-0.28259
0
0
0
-0.28475
0
0
0
0
0
0
0
0
0
0
0.7473
0
0
0
0
0
0
-0.17996
0
0
0
-7.5703
0
0
0
0
0
0
0
0
0
0
0
0
0
0
0
0
0
0
0
7.5703
0
0
0
0
0
0
0
0
0
0
0
0
0
0
0
0
0
0
0
0
0
0
0
0
0
0
0
-0.1045
0
0
0.1045
0
0
0
0
0
0
0
-8.162
0
0
0
0
0
0
0
0
0
0
0
0
0
0
0
0
0
0
0
0
0
0
8.162
0
0
0
0
0
0
0
0
0
0
0
0
0
0
-9.8187
0
0
0
0
0
0
0
0
0
0
0
0
0
0
0
9.8187
0
0
0
0
0
0
0
0
0
0
0
0
0
0
0
-5.9626
0
0
0
0
0
0
0
0
0
0
0
0
0
0
5.9626
0
0
0
0
0
0
0
0
0
0
0
0
-9.8187
0
0
0
0
0
0
0
0
0
0
0
0
0
0
0
0
0
9.8187
0
0
0
0
0
0
0
0
0
0
0
0
0
0
0
0
0
0
0
0
0
0
0
-0.17996
0
0
0
0
0
0
0.17996
0
0
0
0
0
0
0
0
0
0
0
0
0
0
0
0
0
-2.1419
0
0
0
0
0
0
0
0
0
0
0
0
2.1419
0
0
0
0
0
0
0
0
0
-9.8187
0
0
0
0
0
0
0
0
0
0
0
0
0
0
0
0
0
0
0
0
9.8187
