11.7167
-0.79824
-0.79928
-0.84367
-0.71424
-0.7677
-0.78157
-0.80356
-0.78294
-0.90216
0
0
0
0
0
0
-1.3898
-1.7537
-1.3799
0
0
0
0
0
0
0
0
0
0
0
-0.79824
8.2473
-0.61115
-0.74564
-0.61004
-0.70929
-0.67298
-0.69543
-0.6793
-0.84445
0
-0.90448
0
0
0
0
0
0
0
0
0
-0.97625
0
0
0
0
0
0
0
0
-0.79928
-0.61115
8.8645
-0.76628
-0.62494
-0.70315
-0.68352
-0.7104
-0.69315
-0.83512
0
-0.89925
0
0
0
0
0
0
0
0
-1.5383
0
0
0
0
0
0
0
0
0
-0.84367
-0.74564
-0.76628
8.5727
-0.56106
-0.66002
-0.69842
-0.69151
-0.66947
0
0
0
0
-0.90119
-1.076
0
0
0
0
0
0
0
0
-0.9595
0
0
0
0
0
0
-0.71424
-0.61004
-0.62494
-0.56106
6.5972
-0.53443
-0.63095
-0.59208
-0.59848
0
0
0
0
0
-0.97404
-0.75699
0
0
0
0
0
0
0
0
0
0
0
0
0
0
-0.7677
-0.70929
-0.70315
-0.66002
-0.53443
7.7421
-0.67238
0
-0.66382
0
-0.74838
0
0
0
0
0
-1.1349
0
0
0
0
0
-1.148
0
0
0
0
0
0
0
-0.78157
-0.67298
-0.68352
-0.69842
-0.63095
-0.67238
6.3054
-0.68948
-0.65536
-0.82073
0
0
0
0
0
0
0
0
0
0
0
0
0
0
0
0
0
0
0
0
-0.80356
-0.69543
-0.7104
-0.69151
-0.59208
0
-0.68948
5.5884
-0.60474
0
0
0
-0.8012
0
0
0
0
0
0
0
0
0
0
0
0
0
0
0
0
0
-0.78294
-0.6793
-0.69315
-0.66947
-0.59848
-0.66382
-0.65536
-0.60474
5.3473
0
0
0
0
0
0
0
0
0
0
0
0
0
0
0
0
0
0
0
0
0
-0.90216
-0.84445
-0.83512
0
0
0
-0.82073
0
0
7.1922
0
0
0
0
0
0
0
-1.5595
-1.3034
0
0
0
0
0
0
0
0
-0.92691
0
0
0
0
0
0
0
-0.74838
0
0
0
0
7.7016
-1.0742
-0.94858
0
0
0
0
0
-1.2358
0
0
-1.1041
0
0
-1.6338
-0.95671
0
0
0
0
0
-0.90448
-0.89925
0
0
0
0
0
0
0
-1.0742
6.0254
0
0
-0.96921
0
-1.0442
0
0
0
0
-1.1341
0
0
0
0
0
0
0
0
0
0
0
0
0
0
0
-0.8012
0
0
-0.94858
0
4.9721
0
-1.0188
0
0
0
0
-1.1782
0
0
0
0
0
-1.0253
0
0
0
0
0
0
0
-0.90119
0
0
0
0
0
0
0
0
0
5.4912
-1.025
-0.92533
0
0
-1.3881
0
0
0
-1.2516
0
0
0
0
0
0
0
0
0
0
-1.076
-0.97404
0
0
0
0
0
0
-0.96921
-1.0188
-1.025
5.063
0
0
0
0
0
0
0
0
0
0
0
0
0
0
0
0
0
0
0
-0.75699
0
0
0
0
0
0
0
0
-0.92533
0
5.1077
0
0
0
0
-1.5848
0
0
-1.0527
0
0
0
-0.78786
0
0
-1.3898
0
0
0
0
-1.1349
0
0
0
0
0
-1.0442
0
0
0
0
5.6895
0
0
0
0
0
0
0
-2.1206
0
0
0
0
0
-1.7537
0
0
0
0
0
0
0
0
-1.5595
0
0
0
0
0
0
0
8.8865
0
0
0
0
0
-2.1248
0
0
0
0
0
-3.4486
-1.3799
0
0
0
0
0
0
0
0
-1.3034
-1.2358
0
0
-1.3881
0
0
0
0
5.3072
0
0
0
0
0
0
0
0
0
0
0
0
0
0
0
0
0
0
0
0
0
0
0
-1.1782
0
0
0
0
0
0
3.2897
0
0
0
0
0
-0.93313
-1.1785
0
0
0
0
0
-1.5383
0
0
0
0
0
0
0
0
0
0
0
0
-1.5848
0
0
0
0
4.6336
0
0
0
-1.5106
0
0
0
0
0
0
-0.97625
0
0
0
0
0
0
0
0
-1.1041
-1.1341
0
0
0
0
0
0
0
0
0
3.2144
0
0
0
0
0
0
0
0
0
0
0
0
0
-1.148
0
0
0
0
0
0
0
-1.2516
0
0
0
0
0
0
0
0
4.4712
0
0
0
0
0
-2.0716
0
0
0
0
-0.9595
0
0
0
0
0
0
0
0
0
0
0
-1.0527
0
-2.1248
0
0
0
0
0
4.137
0
0
0
0
0
0
0
0
0
0
0
0
0
0
0
0
-1.6338
0
0
0
0
0
-2.1206
0
0
0
-1.5106
0
0
0
5.265
0
0
0
0
0
0
0
0
0
0
0
0
0
0
0
-0.95671
0
-1.0253
0
0
0
0
0
0
-0.93313
0
0
0
0
0
2.9152
0
0
0
0
0
0
0
0
0
0
0
0
0
0
0
0
0
0
0
0
0
0
0
-1.1785
0
0
0
0
0
0
2.7997
0
-1.6213
0
0
0
0
0
0
0
0
0
0
-0.92691
0
0
0
0
0
-0.78786
0
0
0
0
0
0
0
0
0
0
0
1.7148
0
0
0
0
0
0
0
0
0
0
0
0
0
0
0
0
0
0
0
0
0
0
0
0
-2.0716
0
0
0
-1.6213
0
3.6929
0
0
0
0
0
0
0
0
0
0
0
0
0
0
0
0
0
0
-3.4486
0
0
0
0
0
0
0
0
0
0
0
3.4486
