23.6068
-0.83562
-0.84363
-0.84309
-0.84309
-0.84309
-0.7601
-0.7601
-0.7727
-0.7601
-0.7601
-0.7601
-0.75631
-0.74175
-0.7646
-0.74175
-0.76304
-0.78675
-0.78452
-0.55919
-0.24453
0
0
0
-8.6826
0
0
0
0
0
-0.83562
14.853
-0.84271
-0.8374
-0.8374
-0.8374
-0.75295
-0.75295
-0.76929
-0.75295
-0.75295
-0.75295
-0.75299
-0.73451
-0.76155
-0.73451
-0.75537
-0.78544
-0.77568
-0.57782
-0.25058
0
0
0
0
0
0
0
0
0
-0.84363
-0.84271
23.2518
-0.85798
-0.85798
-0.85798
-0.77202
-0.77202
-0.78841
-0.77202
-0.77202
-0.77202
-0.77166
-0.75296
-0.78008
-0.75296
-0.77476
-0.80319
-0.7962
-0.56894
0
0
0
0
0
0
0
0
-8.3422
0
-0.84309
-0.8374
-0.85798
14.8223
-0.84755
-0.84755
-0.76355
-0.76355
-0.78652
-0.76355
-0.76355
-0.76355
-0.76942
-0.7452
-0.77765
-0.7452
-0.76678
-0.8026
-0.78719
-0.59041
0
0
0
0
0
0
0
0
0
0
-0.84309
-0.8374
-0.85798
-0.84755
14.8223
-0.84755
-0.76355
-0.76355
-0.78652
-0.76355
-0.76355
-0.76355
-0.76942
-0.7452
-0.77765
-0.7452
-0.76678
-0.8026
-0.78719
-0.59041
0
0
0
0
0
0
0
0
0
0
-0.84309
-0.8374
-0.85798
-0.84755
-0.84755
14.8223
-0.76355
-0.76355
-0.78652
-0.76355
-0.76355
-0.76355
-0.76942
-0.7452
-0.77765
-0.7452
-0.76678
-0.8026
-0.78719
-0.59041
0
0
0
0
0
0
0
0
0
0
-0.7601
-0.75295
-0.77202
-0.76355
-0.76355
-0.76355
12.8296
-0.67002
-0.72024
-0.67002
-0.67002
-0.67002
-0.69367
-0.67086
-0.70011
-0.67086
-0.68897
-0.72208
-0.70702
0
0
0
0
0
0
0
0
0
0
0
-0.7601
-0.75295
-0.77202
-0.76355
-0.76355
-0.76355
-0.67002
12.8296
-0.72024
-0.67002
-0.67002
-0.67002
-0.69367
-0.67086
-0.70011
-0.67086
-0.68897
-0.72208
-0.70702
0
0
0
0
0
0
0
0
0
0
0
-0.7727
-0.76929
-0.78841
-0.78652
-0.78652
-0.78652
-0.72024
-0.72024
19.8633
-0.72024
-0.72024
-0.72024
-0.68283
-0.67469
-0.69194
-0.67469
-0.69112
-0.71298
0
0
0
0
0
0
0
0
0
-7.4439
0
0
-0.7601
-0.75295
-0.77202
-0.76355
-0.76355
-0.76355
-0.67002
-0.67002
-0.72024
12.8296
-0.67002
-0.67002
-0.69367
-0.67086
-0.70011
-0.67086
-0.68897
-0.72208
-0.70702
0
0
0
0
0
0
0
0
0
0
0
-0.7601
-0.75295
-0.77202
-0.76355
-0.76355
-0.76355
-0.67002
-0.67002
-0.72024
-0.67002
12.8296
-0.67002
-0.69367
-0.67086
-0.70011
-0.67086
-0.68897
-0.72208
-0.70702
0
0
0
0
0
0
0
0
0
0
0
-0.7601
-0.75295
-0.77202
-0.76355
-0.76355
-0.76355
-0.67002
-0.67002
-0.72024
-0.67002
-0.67002
12.8296
-0.69367
-0.67086
-0.70011
-0.67086
-0.68897
-0.72208
-0.70702
0
0
0
0
0
0
0
0
0
0
0
-0.75631
-0.75299
-0.77166
-0.76942
-0.76942
-0.76942
-0.69367
-0.69367
-0.68283
-0.69367
-0.69367
-0.69367
18.2432
-0.66171
-0.67712
-0.66171
-0.67639
0
0
0
0
0
0
0
0
0
0
0
0
-6.8259
-0.74175
-0.73451
-0.75296
-0.7452
-0.7452
-0.7452
-0.67086
-0.67086
-0.67469
-0.67086
-0.67086
-0.67086
-0.66171
11.1218
-0.67219
-0.62969
-0.66439
0
0
0
0
0
0
0
0
0
0
0
0
0
-0.7646
-0.76155
-0.78008
-0.77765
-0.77765
-0.77765
-0.70011
-0.70011
-0.69194
-0.70011
-0.70011
-0.70011
-0.67712
-0.67219
17.2292
-0.67219
0
0
0
0
0
0
0
0
0
-6.376
0
0
0
0
-0.74175
-0.73451
-0.75296
-0.7452
-0.7452
-0.7452
-0.67086
-0.67086
-0.67469
-0.67086
-0.67086
-0.67086
-0.66171
-0.62969
-0.67219
11.1218
-0.66439
0
0
0
0
0
0
0
0
0
0
0
0
0
-0.76304
-0.75537
-0.77476
-0.76678
-0.76678
-0.76678
-0.68897
-0.68897
-0.69112
-0.68897
-0.68897
-0.68897
-0.67639
-0.66439
0
-0.66439
10.7347
0
0
0
0
0
0
0
0
0
0
0
0
0
-0.78675
-0.78544
-0.80319
-0.8026
-0.8026
-0.8026
-0.72208
-0.72208
-0.71298
-0.72208
-0.72208
-0.72208
0
0
0
0
0
13.5087
0
0
0
0
-4.4021
0
0
0
0
0
0
0
-0.78452
-0.77568
-0.7962
-0.78719
-0.78719
-0.78719
-0.70702
-0.70702
0
-0.70702
-0.70702
-0.70702
0
0
0
0
0
0
8.2531
0
0
0
0
0
0
0
0
0
0
0
-0.55919
-0.57782
-0.56894
-0.59041
-0.59041
-0.59041
0
0
0
0
0
0
0
0
0
0
0
0
0
15.1491
0
-5.836
0
0
0
0
-5.836
0
0
0
-0.24453
-0.25058
0
0
0
0
0
0
0
0
0
0
0
0
0
0
0
0
0
0
0.59961
0
0
-0.1045
0
0
0
0
0
0
0
0
0
0
0
0
0
0
0
0
0
0
0
0
0
0
0
0
0
-5.836
0
5.836
0
0
0
0
0
0
0
0
0
0
0
0
0
0
0
0
0
0
0
0
0
0
0
0
0
-4.4021
0
0
0
0
4.4021
0
0
0
0
0
0
0
0
0
0
0
0
0
0
0
0
0
0
0
0
0
0
0
0
0
0
0
-0.1045
0
0
0.1045
0
0
0
0
0
0
-8.6826
0
0
0
0
0
0
0
0
0
0
0
0
0
0
0
0
0
0
0
0
0
0
0
8.6826
0
0
0
0
0
0
0
0
0
0
0
0
0
0
0
0
0
0
0
-6.376
0
0
0
0
0
0
0
0
0
0
6.376
0
0
0
0
0
0
0
0
0
0
0
0
0
0
0
0
0
0
0
0
0
0
0
-5.836
0
0
0
0
0
0
5.836
0
0
0
0
0
0
0
0
0
0
0
-7.4439
0
0
0
0
0
0
0
0
0
0
0
0
0
0
0
0
0
0
7.4439
0
0
0
0
-8.3422
0
0
0
0
0
0
0
0
0
0
0
0
0
0
0
0
0
0
0
0
0
0
0
0
0
8.3422
0
0
0
0
0
0
0
0
0
0
0
0
0
-6.8259
0
0
0
0
0
0
0
0
0
0
0
0
0
0
0
0
6.8259
