12.0796
-0.68449
-0.67505
-0.67505
-0.6198
-0.63475
-0.63475
-0.63739
-0.64723
-0.64723
-0.64723
-0.61041
-0.63755
-0.63755
-0.62615
-0.67473
-0.68528
-0.67812
-0.44107
-0.17995
-0.40578
0
0
0
0
0
0
0
0
0
-0.68449
22.5208
-0.73079
-0.73079
-0.66498
-0.69549
-0.69549
-0.70169
-0.69849
-0.69849
-0.69849
-0.65708
-0.68758
-0.68758
-0.67476
-0.72564
-0.74039
-0.74042
0
0
0
0
-10.6081
0
0
0
0
0
0
0
-0.67505
-0.73079
12.0188
-0.6957
-0.64551
-0.67119
-0.67119
-0.6819
-0.67685
-0.67685
-0.67685
-0.6374
-0.66646
-0.66646
-0.65425
-0.70741
-0.71614
-0.72501
-0.44379
0
0
0
0
0
0
0
0
0
0
0
-0.67505
-0.73079
-0.6957
12.0188
-0.64551
-0.67119
-0.67119
-0.6819
-0.67685
-0.67685
-0.67685
-0.6374
-0.66646
-0.66646
-0.65425
-0.70741
-0.71614
-0.72501
-0.44379
0
0
0
0
0
0
0
0
0
0
0
-0.6198
-0.66498
-0.64551
-0.64551
10.6622
-0.61776
-0.61776
-0.62086
-0.61984
-0.61984
-0.61984
-0.58536
-0.61079
-0.61079
-0.60012
-0.64571
-0.65266
-0.66503
0
0
0
0
0
0
0
0
0
0
0
0
-0.63475
-0.69549
-0.67119
-0.67119
-0.61776
20.2957
-0.63839
-0.63463
-0.6374
-0.6374
-0.6374
-0.60142
-0.62794
-0.62794
-0.61681
-0.65926
-0.67199
0
0
0
0
0
0
0
0
0
0
-10.0148
0
0
-0.63475
-0.69549
-0.67119
-0.67119
-0.61776
-0.63839
20.2957
-0.63463
-0.6374
-0.6374
-0.6374
-0.60142
-0.62794
-0.62794
-0.61681
-0.65926
-0.67199
0
0
0
0
0
0
0
0
0
0
0
0
-10.0148
-0.63739
-0.70169
-0.6819
-0.6819
-0.62086
-0.63463
-0.63463
31.5136
-0.64953
-0.64953
-0.64953
-0.61251
-0.6398
-0.6398
-0.62833
0
0
0
0
0
0
-11.2258
0
0
0
-11.2258
0
0
0
0
-0.64723
-0.69849
-0.67685
-0.67685
-0.61984
-0.6374
-0.6374
-0.64953
9.0683
-0.65042
-0.65042
-0.61332
-0.64067
-0.64067
-0.62918
0
0
0
0
0
0
0
0
0
0
0
0
0
0
0
-0.64723
-0.69849
-0.67685
-0.67685
-0.61984
-0.6374
-0.6374
-0.64953
-0.65042
9.0683
-0.65042
-0.61332
-0.64067
-0.64067
-0.62918
0
0
0
0
0
0
0
0
0
0
0
0
0
0
0
-0.64723
-0.69849
-0.67685
-0.67685
-0.61984
-0.6374
-0.6374
-0.64953
-0.65042
-0.65042
9.0683
-0.61332
-0.64067
-0.64067
-0.62918
0
0
0
0
0
0
0
0
0
0
0
0
0
0
0
-0.61041
-0.65708
-0.6374
-0.6374
-0.58536
-0.60142
-0.60142
-0.61251
-0.61332
-0.61332
-0.61332
7.9374
-0.57721
-0.57721
0
0
0
0
0
0
0
0
0
0
0
0
0
0
0
0
-0.63755
-0.68758
-0.66646
-0.66646
-0.61079
-0.62794
-0.62794
-0.6398
-0.64067
-0.64067
-0.64067
-0.57721
7.6638
0
0
0
0
0
0
0
0
0
0
0
0
0
0
0
0
0
-0.63755
-0.68758
-0.66646
-0.66646
-0.61079
-0.62794
-0.62794
-0.6398
-0.64067
-0.64067
-0.64067
-0.57721
0
7.6638
0
0
0
0
0
0
0
0
0
0
0
0
0
0
0
0
-0.62615
-0.67476
-0.65425
-0.65425
-0.60012
-0.61681
-0.61681
-0.62833
-0.62918
-0.62918
-0.62918
0
0
0
6.959
0
0
0
0
0
0
0
0
0
0
0
0
0
0
0
-0.67473
-0.72564
-0.70741
-0.70741
-0.64571
-0.65926
-0.65926
0
0
0
0
0
0
0
0
5.2328
0
0
0
0
-0.45335
0
0
0
0
0
0
0
0
0
-0.68528
-0.74039
-0.71614
-0.71614
-0.65266
-0.67199
-0.67199
0
0
0
0
0
0
0
0
0
4.8546
0
0
0
0
0
0
0
0
0
0
0
0
0
-0.67812
-0.74042
-0.72501
-0.72501
-0.66503
0
0
0
0
0
0
0
0
0
0
0
0
4.5634
0
0
0
0
0
-1.0298
0
0
0
0
0
0
-0.44107
0
-0.44379
-0.44379
0
0
0
0
0
0
0
0
0
0
0
0
0
0
1.7864
-0.25759
0
0
0
0
-0.20016
0
0
0
0
0
-0.17995
0
0
0
0
0
0
0
0
0
0
0
0
0
0
0
0
0
-0.25759
0.54204
0
0
0
0
0
0
0
0
-0.1045
0
-0.40578
0
0
0
0
0
0
0
0
0
0
0
0
0
0
-0.45335
0
0
0
0
1.3111
0
0
0
0
0
-0.45201
0
0
0
0
0
0
0
0
0
0
-11.2258
0
0
0
0
0
0
0
0
0
0
0
0
0
11.2258
0
0
0
0
0
0
0
0
0
-10.6081
0
0
0
0
0
0
0
0
0
0
0
0
0
0
0
0
0
0
0
0
10.6081
0
0
0
0
0
0
0
0
0
0
0
0
0
0
0
0
0
0
0
0
0
0
0
0
-1.0298
0
0
0
0
0
1.0298
0
0
0
0
0
0
0
0
0
0
0
0
0
0
0
0
0
0
0
0
0
0
0
0
-0.20016
0
0
0
0
0
0.20016
0
0
0
0
0
0
0
0
0
0
0
0
-11.2258
0
0
0
0
0
0
0
0
0
0
0
0
0
0
0
0
0
11.2258
0
0
0
0
0
0
0
0
0
0
0
0
0
0
0
0
0
0
0
0
0
0
0
0
-0.45201
0
0
0
0
0
0.45201
0
0
0
0
0
0
0
0
-10.0148
0
0
0
0
0
0
0
0
0
0
0
0
0
0
0
0
0
0
0
0
0
10.0148
0
0
0
0
0
0
0
0
0
0
0
0
0
0
0
0
0
0
0
0
0
-0.1045
0
0
0
0
0
0
0
0
0.1045
0
0
0
0
0
0
0
-10.0148
0
0
0
0
0
0
0
0
0
0
0
0
0
0
0
0
0
0
0
0
0
0
10.0148
