22.0541
-1.2975
-1.3013
-0.61686
-0.61299
-0.37126
-0.61391
-0.61467
-0.61334
-0.65546
-0.67963
-0.88609
-0.67972
-0.71695
-0.11172
-0.92461
-1.0272
-1.0273
-0.10486
-0.57881
-1.0105
0
0
0
0
-7.6094
0
0
0
0
-1.2975
25.2472
-2.4161
-0.61806
-0.61096
-0.3994
-0.61294
-0.61113
-0.61488
-0.67429
-0.6734
-1.3409
-0.70565
-1.1204
-0.14323
-0.91206
-1.0284
-1.0284
-0.10644
-0.65248
-1.0075
0
0
0
0
0
0
0
-8.673
0
-1.3013
-2.4161
25.2515
-0.61785
-0.61125
-0.39873
-0.61333
-0.61161
-0.61454
-0.67428
-0.67376
-1.3423
-0.70638
-1.1199
-0.14302
-0.91129
-1.027
-1.0271
-0.10644
-0.65263
-1.008
0
0
0
0
0
-8.6746
0
0
0
-0.61686
-0.61806
-0.61785
11.5945
-0.3469
-0.15469
-0.36416
-0.345
-0.28589
-0.12073
-0.54881
-0.91691
-0.30646
-0.88465
-0.99969
-0.59432
-0.75505
-0.75482
-0.29242
-0.96027
-1.111
0
0
0
0
0
0
0
0
0
-0.61299
-0.61096
-0.61125
-0.3469
13.567
-0.16327
-1.0368
-1.124
-0.67543
-0.12166
-0.29514
-0.91376
-0.51055
-0.85661
-0.96475
-0.48798
-1.0992
-1.0989
-0.41925
-0.87238
-0.74522
0
0
0
0
0
0
0
0
0
-0.37126
-0.3994
-0.39873
-0.15469
-0.16327
10.7257
-0.16318
-0.16141
-0.15349
-0.11465
-0.16057
-0.68814
-0.17903
-0.57862
-0.64538
-0.29193
-0.46401
-0.46397
-2.9255
-0.11506
-2.1335
0
0
0
0
0
0
0
0
0
-0.61391
-0.61294
-0.61333
-0.36416
-1.0368
-0.16318
13.9644
-1.4736
-0.68648
-0.12176
-0.31234
-0.91412
-0.50314
-0.85872
-0.96043
-0.50839
-1.092
-1.0917
-0.41082
-0.87221
-0.75428
0
0
0
0
0
0
0
0
0
-0.61467
-0.61113
-0.61161
-0.345
-1.124
-0.16141
-1.4736
14.0117
-0.69191
-0.1217
-0.30184
-0.91448
-0.49605
-0.86058
-0.9613
-0.50124
-1.0879
-1.0876
-0.41232
-0.87835
-0.75506
0
0
0
0
0
0
0
0
0
-0.61334
-0.61488
-0.61454
-0.28589
-0.67543
-0.15349
-0.68648
-0.69191
12.4369
-0.12104
-0.34489
-0.91509
-0.30991
-0.87619
-1.0064
-0.60779
-0.84108
-0.84085
-0.32079
-0.94858
-0.96834
0
0
0
0
0
0
0
0
0
-0.65546
-0.67429
-0.67428
-0.12073
-0.12166
-0.11465
-0.12176
-0.1217
-0.12104
6.8601
-0.12351
-0.7269
-0.12115
-0.7356
-0.80151
-0.13305
-0.26982
-0.27088
-0.13089
-0.82122
0
0
0
0
0
0
0
0
0
0
-0.67963
-0.6734
-0.67376
-0.54881
-0.29514
-0.16057
-0.31234
-0.30184
-0.34489
-0.12351
11.2456
-1.0029
-0.384
-0.98737
-0.95492
-0.38114
-1.7109
-1.7105
0
0
0
0
0
0
0
0
0
0
0
0
-0.88609
-1.3409
-1.3423
-0.91691
-0.91376
-0.68814
-0.91412
-0.91448
-0.91509
-0.7269
-1.0029
19.813
-0.70993
-0.49396
-0.14191
-0.96046
0
0
0
0
0
0
0
0
0
0
0
0
0
-6.9452
-0.67972
-0.70565
-0.70638
-0.30646
-0.51055
-0.17903
-0.50314
-0.49605
-0.30991
-0.12115
-0.384
-0.70993
8.7535
-0.91094
-1.0255
-1.205
0
0
0
0
0
0
0
0
0
0
0
0
0
0
-0.71695
-1.1204
-1.1199
-0.88465
-0.85661
-0.57862
-0.85872
-0.86058
-0.87619
-0.7356
-0.98737
-0.49396
-0.91094
17.1722
0
0
0
0
0
0
0
0
0
0
0
0
0
-6.1717
0
0
-0.11172
-0.14323
-0.14302
-0.99969
-0.96475
-0.64538
-0.96043
-0.9613
-1.0064
-0.80151
-0.95492
-0.14191
-1.0255
0
14.941
0
0
0
0
0
0
0
0
0
-6.0812
0
0
0
0
0
-0.92461
-0.91206
-0.91129
-0.59432
-0.48798
-0.29193
-0.50839
-0.50124
-0.60779
-0.13305
-0.38114
-0.96046
-1.205
0
0
8.4193
0
0
0
0
0
0
0
0
0
0
0
0
0
0
-1.0272
-1.0284
-1.027
-0.75505
-1.0992
-0.46401
-1.092
-1.0879
-0.84108
-0.26982
-1.7109
0
0
0
0
0
10.4025
0
0
0
0
0
0
0
0
0
0
0
0
0
-1.0273
-1.0284
-1.0271
-0.75482
-1.0989
-0.46397
-1.0917
-1.0876
-0.84085
-0.27088
-1.7105
0
0
0
0
0
0
10.4021
0
0
0
0
0
0
0
0
0
0
0
0
-0.10486
-0.10644
-0.10644
-0.29242
-0.41925
-2.9255
-0.41082
-0.41232
-0.32079
-0.13089
0
0
0
0
0
0
0
0
11.1361
0
0
0
-5.9064
0
0
0
0
0
0
0
-0.57881
-0.65248
-0.65263
-0.96027
-0.87238
-0.11506
-0.87221
-0.87835
-0.94858
-0.82122
0
0
0
0
0
0
0
0
0
12.3587
0
0
0
-5.0067
0
0
0
0
0
0
-1.0105
-1.0075
-1.008
-1.111
-0.74522
-2.1335
-0.75428
-0.75506
-0.96834
0
0
0
0
0
0
0
0
0
0
0
9.4933
0
0
0
0
0
0
0
0
0
0
0
0
0
0
0
0
0
0
0
0
0
0
0
0
0
0
0
0
0
0
5.5407
-0.63834
-4.9024
0
0
0
0
0
0
0
0
0
0
0
0
0
0
0
0
0
0
0
0
0
0
0
0
-5.9064
0
0
-0.63834
6.5447
0
0
0
0
0
0
0
0
0
0
0
0
0
0
0
0
0
0
0
0
0
0
0
0
0
0
-5.0067
0
-4.9024
0
9.9091
0
0
0
0
0
0
0
0
0
0
0
0
0
0
0
0
0
0
0
0
-6.0812
0
0
0
0
0
0
0
0
0
6.0812
0
0
0
0
0
-7.6094
0
0
0
0
0
0
0
0
0
0
0
0
0
0
0
0
0
0
0
0
0
0
0
0
7.6094
0
0
0
0
0
0
-8.6746
0
0
0
0
0
0
0
0
0
0
0
0
0
0
0
0
0
0
0
0
0
0
0
8.6746
0
0
0
0
0
0
0
0
0
0
0
0
0
0
0
0
-6.1717
0
0
0
0
0
0
0
0
0
0
0
0
0
6.1717
0
0
0
-8.673
0
0
0
0
0
0
0
0
0
0
0
0
0
0
0
0
0
0
0
0
0
0
0
0
0
0
8.673
0
0
0
0
0
0
0
0
0
0
0
0
-6.9452
0
0
0
0
0
0
0
0
0
0
0
0
0
0
0
0
0
6.9452
