28.3356
-1.1432
-0.99513
-0.99513
-0.99513
-0.99513
-0.99513
-0.99513
-0.99513
-0.99513
-0.99513
-0.99513
-0.86427
-0.86656
-0.88964
-0.88964
-0.89337
-0.95501
-0.9522
-0.9522
-0.92542
-1.0071
-0.93648
-0.54682
0
0
0
0
-6.5625
0
-1.1432
30.5055
-1.1175
-1.1175
-1.1175
-1.1175
-1.1175
-1.1175
-1.1175
-1.1175
-1.1175
-1.1175
-0.98036
-0.98754
-1.0022
-1.0022
-1.0065
-1.079
-1.0721
-1.0721
-1.0429
-1.1266
-1.0564
0
0
0
0
0
0
-6.7592
-0.99513
-1.1175
19.8996
-0.90973
-0.90973
-0.90973
-0.90973
-0.90973
-0.90973
-0.90973
-0.90973
-0.90973
-0.84243
-0.83491
-0.8361
-0.8361
-0.83987
-0.925
-0.89418
-0.89418
-0.86896
-0.94855
-0.87914
0
0
0
0
0
0
0
-0.99513
-1.1175
-0.90973
19.8996
-0.90973
-0.90973
-0.90973
-0.90973
-0.90973
-0.90973
-0.90973
-0.90973
-0.84243
-0.83491
-0.8361
-0.8361
-0.83987
-0.925
-0.89418
-0.89418
-0.86896
-0.94855
-0.87914
0
0
0
0
0
0
0
-0.99513
-1.1175
-0.90973
-0.90973
19.8996
-0.90973
-0.90973
-0.90973
-0.90973
-0.90973
-0.90973
-0.90973
-0.84243
-0.83491
-0.8361
-0.8361
-0.83987
-0.925
-0.89418
-0.89418
-0.86896
-0.94855
-0.87914
0
0
0
0
0
0
0
-0.99513
-1.1175
-0.90973
-0.90973
-0.90973
19.8996
-0.90973
-0.90973
-0.90973
-0.90973
-0.90973
-0.90973
-0.84243
-0.83491
-0.8361
-0.8361
-0.83987
-0.925
-0.89418
-0.89418
-0.86896
-0.94855
-0.87914
0
0
0
0
0
0
0
-0.99513
-1.1175
-0.90973
-0.90973
-0.90973
-0.90973
19.8996
-0.90973
-0.90973
-0.90973
-0.90973
-0.90973
-0.84243
-0.83491
-0.8361
-0.8361
-0.83987
-0.925
-0.89418
-0.89418
-0.86896
-0.94855
-0.87914
0
0
0
0
0
0
0
-0.99513
-1.1175
-0.90973
-0.90973
-0.90973
-0.90973
-0.90973
19.8996
-0.90973
-0.90973
-0.90973
-0.90973
-0.84243
-0.83491
-0.8361
-0.8361
-0.83987
-0.925
-0.89418
-0.89418
-0.86896
-0.94855
-0.87914
0
0
0
0
0
0
0
-0.99513
-1.1175
-0.90973
-0.90973
-0.90973
-0.90973
-0.90973
-0.90973
19.8996
-0.90973
-0.90973
-0.90973
-0.84243
-0.83491
-0.8361
-0.8361
-0.83987
-0.925
-0.89418
-0.89418
-0.86896
-0.94855
-0.87914
0
0
0
0
0
0
0
-0.99513
-1.1175
-0.90973
-0.90973
-0.90973
-0.90973
-0.90973
-0.90973
-0.90973
19.8996
-0.90973
-0.90973
-0.84243
-0.83491
-0.8361
-0.8361
-0.83987
-0.925
-0.89418
-0.89418
-0.86896
-0.94855
-0.87914
0
0
0
0
0
0
0
-0.99513
-1.1175
-0.90973
-0.90973
-0.90973
-0.90973
-0.90973
-0.90973
-0.90973
-0.90973
19.8996
-0.90973
-0.84243
-0.83491
-0.8361
-0.8361
-0.83987
-0.925
-0.89418
-0.89418
-0.86896
-0.94855
-0.87914
0
0
0
0
0
0
0
-0.99513
-1.1175
-0.90973
-0.90973
-0.90973
-0.90973
-0.90973
-0.90973
-0.90973
-0.90973
-0.90973
19.8996
-0.84243
-0.83491
-0.8361
-0.8361
-0.83987
-0.925
-0.89418
-0.89418
-0.86896
-0.94855
-0.87914
0
0
0
0
0
0
0
-0.86427
-0.98036
-0.84243
-0.84243
-0.84243
-0.84243
-0.84243
-0.84243
-0.84243
-0.84243
-0.84243
-0.84243
21.8509
-0.64941
-0.70318
-0.70318
-0.70426
-0.73892
-0.74774
-0.74774
-0.72709
0
0
0
0
0
0
-5.8604
0
0
-0.86656
-0.98754
-0.83491
-0.83491
-0.83491
-0.83491
-0.83491
-0.83491
-0.83491
-0.83491
-0.83491
-0.83491
-0.64941
16.348
-0.69423
-0.69423
-0.69531
-0.74621
-0.73716
-0.73716
-0.71676
0
0
-0.4743
0
0
0
0
0
0
-0.88964
-1.0022
-0.8361
-0.8361
-0.8361
-0.8361
-0.8361
-0.8361
-0.8361
-0.8361
-0.8361
-0.8361
-0.70318
-0.69423
16.1972
-0.72285
-0.72845
-0.7924
-0.77517
-0.77517
-0.75293
0
0
0
0
0
0
0
0
0
-0.88964
-1.0022
-0.8361
-0.8361
-0.8361
-0.8361
-0.8361
-0.8361
-0.8361
-0.8361
-0.8361
-0.8361
-0.70318
-0.69423
-0.72285
16.1972
-0.72845
-0.7924
-0.77517
-0.77517
-0.75293
0
0
0
0
0
0
0
0
0
-0.89337
-1.0065
-0.83987
-0.83987
-0.83987
-0.83987
-0.83987
-0.83987
-0.83987
-0.83987
-0.83987
-0.83987
-0.70426
-0.69531
-0.72845
-0.72845
15.4989
-0.78376
-0.78001
-0.78001
0
0
0
0
0
0
0
0
0
0
-0.95501
-1.079
-0.925
-0.925
-0.925
-0.925
-0.925
-0.925
-0.925
-0.925
-0.925
-0.925
-0.73892
-0.74621
-0.7924
-0.7924
-0.78376
19.9985
0
0
0
0
0
0
0
0
-4.8608
0
0
0
-0.9522
-1.0721
-0.89418
-0.89418
-0.89418
-0.89418
-0.89418
-0.89418
-0.89418
-0.89418
-0.89418
-0.89418
-0.74774
-0.73716
-0.77517
-0.77517
-0.78001
0
14.7813
0
0
0
0
0
0
0
0
0
0
0
-0.9522
-1.0721
-0.89418
-0.89418
-0.89418
-0.89418
-0.89418
-0.89418
-0.89418
-0.89418
-0.89418
-0.89418
-0.74774
-0.73716
-0.77517
-0.77517
-0.78001
0
0
14.7813
0
0
0
0
0
0
0
0
0
0
-0.92542
-1.0429
-0.86896
-0.86896
-0.86896
-0.86896
-0.86896
-0.86896
-0.86896
-0.86896
-0.86896
-0.86896
-0.72709
-0.71676
-0.75293
-0.75293
0
0
0
0
13.6077
0
0
0
0
0
0
0
0
0
-1.0071
-1.1266
-0.94855
-0.94855
-0.94855
-0.94855
-0.94855
-0.94855
-0.94855
-0.94855
-0.94855
-0.94855
0
0
0
0
0
0
0
0
0
12.2012
0
-0.58203
0
0
0
0
0
0
-0.93648
-1.0564
-0.87914
-0.87914
-0.87914
-0.87914
-0.87914
-0.87914
-0.87914
-0.87914
-0.87914
-0.87914
0
0
0
0
0
0
0
0
0
0
10.7843
0
0
0
0
0
0
0
-0.54682
0
0
0
0
0
0
0
0
0
0
0
0
-0.4743
0
0
0
0
0
0
0
-0.58203
0
9.7384
-4.0676
-4.0676
0
0
0
0
0
0
0
0
0
0
0
0
0
0
0
0
0
0
0
0
0
0
0
0
0
0
0
-4.0676
4.0676
0
0
0
0
0
0
0
0
0
0
0
0
0
0
0
0
0
0
0
0
0
0
0
0
0
0
0
0
-4.0676
0
4.0676
0
0
0
0
0
0
0
0
0
0
0
0
0
0
0
0
0
0
0
0
0
-4.8608
0
0
0
0
0
0
0
0
4.8608
0
0
0
0
0
0
0
0
0
0
0
0
0
0
0
-5.8604
0
0
0
0
0
0
0
0
0
0
0
0
0
0
5.8604
0
0
-6.5625
0
0
0
0
0
0
0
0
0
0
0
0
0
0
0
0
0
0
0
0
0
0
0
0
0
0
0
6.5625
0
0
-6.7592
0
0
0
0
0
0
0
0
0
0
0
0
0
0
0
0
0
0
0
0
0
0
0
0
0
0
0
6.7592
