16.869
-0.88751
-0.8142
-0.79054
-0.78747
-0.78124
-0.66222
-0.66222
-0.7397
-0.7397
-0.83906
-0.77573
-0.70713
-0.77573
-0.77359
0
0
0
0
0
0
-2.2462
0
-3.8868
0
0
0
0
0
0
-0.88751
13.6916
-0.80178
-0.75729
-0.77603
-0.77517
-0.65172
-0.65172
-0.72613
-0.72613
-0.83391
-0.76039
-0.71347
-0.76039
-0.76245
-1.3129
0
0
-1.7946
0
0
0
0
0
0
0
0
0
0
0
-0.8142
-0.80178
17.7225
-0.71498
-0.70925
-0.71458
-0.58029
-0.58029
-0.64732
-0.64732
-0.73383
-0.67723
-0.61867
-0.67723
-0.68096
0
0
0
0
0
0
0
0
0
0
0
0
0
-8.1246
0
-0.79054
-0.75729
-0.71498
10.6617
-0.69472
-0.70103
-0.56907
-0.56907
-0.63523
-0.63523
-0.7278
-0.66422
-0.6133
-0.66422
-0.66489
-1.2601
0
0
0
0
0
0
0
0
0
0
0
0
0
0
-0.78747
-0.77603
-0.70925
-0.69472
12.061
-0.69151
-0.56734
-0.56734
-0.63335
-0.63335
-0.71544
-0.66285
-0.61562
-0.66285
-0.65632
0
0
0
0
0
0
0
0
0
-2.6875
0
0
0
0
0
-0.78124
-0.77517
-0.71458
-0.70103
-0.69151
11.6791
-0.56773
-0.56773
-0.63351
-0.63351
-0.72069
-0.66254
-0.60814
-0.66254
-0.66244
0
0
0
0
0
-2.2968
0
0
0
0
0
0
0
0
0
-0.66222
-0.65172
-0.58029
-0.56907
-0.56734
-0.56773
7.905
-0.46677
-0.53067
-0.53067
-0.60196
-0.55362
-0.51443
-0.55362
-0.55491
0
0
0
0
0
0
0
0
0
0
0
0
0
0
0
-0.66222
-0.65172
-0.58029
-0.56907
-0.56734
-0.56773
-0.46677
7.905
-0.53067
-0.53067
-0.60196
-0.55362
-0.51443
-0.55362
-0.55491
0
0
0
0
0
0
0
0
0
0
0
0
0
0
0
-0.7397
-0.72613
-0.64732
-0.63523
-0.63335
-0.63351
-0.53067
-0.53067
7.6054
-0.55026
-0.68145
-0.64854
0
-0.64854
0
0
0
0
0
0
0
0
0
0
0
0
0
0
0
0
-0.7397
-0.72613
-0.64732
-0.63523
-0.63335
-0.63351
-0.53067
-0.53067
-0.55026
7.6054
-0.68145
-0.64854
0
-0.64854
0
0
0
0
0
0
0
0
0
0
0
0
0
0
0
0
-0.83906
-0.83391
-0.73383
-0.7278
-0.71544
-0.72069
-0.60196
-0.60196
-0.68145
-0.68145
8.0452
0
0
0
0
0
0
0
0
-0.90761
0
0
0
0
0
0
0
0
0
0
-0.77573
-0.76039
-0.67723
-0.66422
-0.66285
-0.66254
-0.55362
-0.55362
-0.64854
-0.64854
0
6.6073
0
0
0
0
0
0
0
0
0
0
0
0
0
0
0
0
0
0
-0.70713
-0.71347
-0.61867
-0.6133
-0.61562
-0.60814
-0.51443
-0.51443
0
0
0
0
5.7138
0
0
0
-0.3842
-0.4244
0
0
0
0
0
0
0
0
0
0
0
0
-0.77573
-0.76039
-0.67723
-0.66422
-0.66285
-0.66254
-0.55362
-0.55362
-0.64854
-0.64854
0
0
0
6.6073
0
0
0
0
0
0
0
0
0
0
0
0
0
0
0
0
-0.77359
-0.76245
-0.68096
-0.66489
-0.65632
-0.66244
-0.55491
-0.55491
0
0
0
0
0
0
11.7477
0
0
0
0
0
0
0
0
0
0
0
-6.4372
0
0
0
0
-1.3129
0
-1.2601
0
0
0
0
0
0
0
0
0
0
0
9.6222
0
0
0
-1.6606
-2.1828
0
-3.2058
0
0
0
0
0
0
0
0
0
0
0
0
0
0
0
0
0
0
0
-0.3842
0
0
0
3.3033
-1.0286
-1.0378
0
0
0
0
0
0
-0.85276
0
0
0
0
0
0
0
0
0
0
0
0
0
0
0
0
-0.4244
0
0
0
-1.0286
4.6316
0
0
0
0
0
0
-1.7904
0
0
-1.3883
0
0
0
-1.7946
0
0
0
0
0
0
0
0
0
0
0
0
0
0
-1.0378
0
8.2407
0
0
0
-2.8124
-2.5959
0
0
0
0
0
0
0
0
0
0
0
0
0
0
0
0
-0.90761
0
0
0
0
-1.6606
0
0
0
5.9089
0
-1.6106
0
0
0
0
0
0
0
-1.7301
0
0
0
0
0
-2.2968
0
0
0
0
0
0
0
0
0
-2.1828
0
0
0
0
6.4886
-2.0091
0
0
0
0
0
0
0
0
-2.2462
0
0
0
0
0
0
0
0
0
0
0
0
0
0
0
0
0
0
-1.6106
-2.0091
5.8659
0
0
0
0
0
0
0
0
0
0
0
0
0
0
0
0
0
0
0
0
0
0
0
-3.2058
0
0
-2.8124
0
0
0
6.0182
0
0
0
0
0
0
0
-3.8868
0
0
0
0
0
0
0
0
0
0
0
0
0
0
0
0
0
-2.5959
0
0
0
0
6.4827
0
0
0
0
0
0
0
0
0
0
-2.6875
0
0
0
0
0
0
0
0
0
0
0
0
-1.7904
0
0
0
0
0
0
4.4779
0
0
0
0
0
0
0
0
0
0
0
0
0
0
0
0
0
0
0
0
0
-0.85276
0
0
0
0
0
0
0
0
0.85276
0
0
0
0
0
0
0
0
0
0
0
0
0
0
0
0
0
0
-6.4372
0
0
0
0
0
0
0
0
0
0
0
6.4372
0
0
0
0
0
0
0
0
0
0
0
0
0
0
0
0
0
0
0
0
-1.3883
0
0
0
0
0
0
0
0
0
1.3883
0
0
0
0
-8.1246
0
0
0
0
0
0
0
0
0
0
0
0
0
0
0
0
0
0
0
0
0
0
0
0
0
8.1246
0
0
0
0
0
0
0
0
0
0
0
0
0
0
0
0
0
0
0
0
-1.7301
0
0
0
0
0
0
0
0
0
1.7301
