23.1934
-1.0027
-1.0227
-1.0027
-1.0227
-1.0005
-0.78545
-0.78545
-0.78545
-0.78545
-0.78545
-0.78545
-0.78545
-0.78545
-0.78545
-0.86269
-0.89123
-0.87684
-0.82841
0
0
0
-7.614
0
0
0
0
0
0
0
-1.0027
15.7279
-1.0027
-0.95287
-1.0027
-0.98701
-0.76972
-0.76972
-0.76972
-0.76972
-0.76972
-0.76972
-0.76972
-0.76972
-0.76972
-0.84469
-0.88542
-0.85873
-0.81101
-0.45274
0
0
0
0
0
0
0
0
0
0
-1.0227
-1.0027
23.1934
-1.0027
-1.0227
-1.0005
-0.78545
-0.78545
-0.78545
-0.78545
-0.78545
-0.78545
-0.78545
-0.78545
-0.78545
-0.86269
-0.89123
-0.87684
-0.82841
0
0
0
0
0
0
0
0
-7.614
0
0
-1.0027
-0.95287
-1.0027
15.7279
-1.0027
-0.98701
-0.76972
-0.76972
-0.76972
-0.76972
-0.76972
-0.76972
-0.76972
-0.76972
-0.76972
-0.84469
-0.88542
-0.85873
-0.81101
-0.45274
0
0
0
0
0
0
0
0
0
0
-1.0227
-1.0027
-1.0227
-1.0027
23.1934
-1.0005
-0.78545
-0.78545
-0.78545
-0.78545
-0.78545
-0.78545
-0.78545
-0.78545
-0.78545
-0.86269
-0.89123
-0.87684
-0.82841
0
0
0
0
0
0
0
0
0
-7.614
0
-1.0005
-0.98701
-1.0005
-0.98701
-1.0005
15.6655
-0.76968
-0.76968
-0.76968
-0.76968
-0.76968
-0.76968
-0.76968
-0.76968
-0.76968
-0.84342
-0.88392
-0.85751
-0.81041
0
-0.36766
0
0
0
0
0
0
0
0
0
-0.78545
-0.76972
-0.78545
-0.76972
-0.78545
-0.76968
12.3404
-0.61802
-0.61802
-0.61802
-0.61802
-0.61802
-0.61802
-0.61802
-0.61802
-0.67913
-0.70586
-0.68912
-0.65663
0
0
0
0
0
0
0
0
0
0
0
-0.78545
-0.76972
-0.78545
-0.76972
-0.78545
-0.76968
-0.61802
12.3404
-0.61802
-0.61802
-0.61802
-0.61802
-0.61802
-0.61802
-0.61802
-0.67913
-0.70586
-0.68912
-0.65663
0
0
0
0
0
0
0
0
0
0
0
-0.78545
-0.76972
-0.78545
-0.76972
-0.78545
-0.76968
-0.61802
-0.61802
12.3404
-0.61802
-0.61802
-0.61802
-0.61802
-0.61802
-0.61802
-0.67913
-0.70586
-0.68912
-0.65663
0
0
0
0
0
0
0
0
0
0
0
-0.78545
-0.76972
-0.78545
-0.76972
-0.78545
-0.76968
-0.61802
-0.61802
-0.61802
12.3404
-0.61802
-0.61802
-0.61802
-0.61802
-0.61802
-0.67913
-0.70586
-0.68912
-0.65663
0
0
0
0
0
0
0
0
0
0
0
-0.78545
-0.76972
-0.78545
-0.76972
-0.78545
-0.76968
-0.61802
-0.61802
-0.61802
-0.61802
12.3404
-0.61802
-0.61802
-0.61802
-0.61802
-0.67913
-0.70586
-0.68912
-0.65663
0
0
0
0
0
0
0
0
0
0
0
-0.78545
-0.76972
-0.78545
-0.76972
-0.78545
-0.76968
-0.61802
-0.61802
-0.61802
-0.61802
-0.61802
12.3404
-0.61802
-0.61802
-0.61802
-0.67913
-0.70586
-0.68912
-0.65663
0
0
0
0
0
0
0
0
0
0
0
-0.78545
-0.76972
-0.78545
-0.76972
-0.78545
-0.76968
-0.61802
-0.61802
-0.61802
-0.61802
-0.61802
-0.61802
12.3404
-0.61802
-0.61802
-0.67913
-0.70586
-0.68912
-0.65663
0
0
0
0
0
0
0
0
0
0
0
-0.78545
-0.76972
-0.78545
-0.76972
-0.78545
-0.76968
-0.61802
-0.61802
-0.61802
-0.61802
-0.61802
-0.61802
-0.61802
12.3404
-0.61802
-0.67913
-0.70586
-0.68912
-0.65663
0
0
0
0
0
0
0
0
0
0
0
-0.78545
-0.76972
-0.78545
-0.76972
-0.78545
-0.76968
-0.61802
-0.61802
-0.61802
-0.61802
-0.61802
-0.61802
-0.61802
-0.61802
12.3404
-0.67913
-0.70586
-0.68912
-0.65663
0
0
0
0
0
0
0
0
0
0
0
-0.86269
-0.84469
-0.86269
-0.84469
-0.86269
-0.84342
-0.67913
-0.67913
-0.67913
-0.67913
-0.67913
-0.67913
-0.67913
-0.67913
-0.67913
18.2705
0
0
-0.64472
0
0
0
0
0
0
-6.3927
0
0
0
0
-0.89123
-0.88542
-0.89123
-0.88542
-0.89123
-0.88392
-0.70586
-0.70586
-0.70586
-0.70586
-0.70586
-0.70586
-0.70586
-0.70586
-0.70586
0
28.519
0
0
0
0
0
0
0
-8.4189
0
-8.4189
0
0
0
-0.87684
-0.85873
-0.87684
-0.85873
-0.87684
-0.85751
-0.68912
-0.68912
-0.68912
-0.68912
-0.68912
-0.68912
-0.68912
-0.68912
-0.68912
0
0
17.3986
0
0
0
0
0
-5.991
0
0
0
0
0
0
-0.82841
-0.81101
-0.82841
-0.81101
-0.82841
-0.81041
-0.65663
-0.65663
-0.65663
-0.65663
-0.65663
-0.65663
-0.65663
-0.65663
-0.65663
-0.64472
0
0
11.4721
0
0
0
0
0
0
0
0
0
0
0
0
-0.45274
0
-0.45274
0
0
0
0
0
0
0
0
0
0
0
0
0
0
0
1.304
-0.29406
0
0
0
0
0
0
0
0
-0.1045
0
0
0
0
0
-0.36766
0
0
0
0
0
0
0
0
0
0
0
0
0
-0.29406
0.88241
-0.22069
0
0
0
0
0
0
0
0
0
0
0
0
0
0
0
0
0
0
0
0
0
0
0
0
0
0
0
0
-0.22069
0.22069
0
0
0
0
0
0
0
0
-7.614
0
0
0
0
0
0
0
0
0
0
0
0
0
0
0
0
0
0
0
0
0
7.614
0
0
0
0
0
0
0
0
0
0
0
0
0
0
0
0
0
0
0
0
0
0
0
0
-5.991
0
0
0
0
0
5.991
0
0
0
0
0
0
0
0
0
0
0
0
0
0
0
0
0
0
0
0
0
0
-8.4189
0
0
0
0
0
0
0
8.4189
0
0
0
0
0
0
0
0
0
0
0
0
0
0
0
0
0
0
0
0
-6.3927
0
0
0
0
0
0
0
0
0
6.3927
0
0
0
0
0
0
0
0
0
0
0
0
0
0
0
0
0
0
0
0
-8.4189
0
0
0
0
0
0
0
0
0
8.4189
0
0
0
0
0
-7.614
0
0
0
0
0
0
0
0
0
0
0
0
0
0
0
0
0
0
0
0
0
0
0
0
7.614
0
0
0
0
0
0
-7.614
0
0
0
0
0
0
0
0
0
0
0
0
0
0
0
0
0
0
0
0
0
0
0
7.614
0
0
0
0
0
0
0
0
0
0
0
0
0
0
0
0
0
0
0
0
-0.1045
0
0
0
0
0
0
0
0
0
0.1045
