20.5336
-0.55204
-0.52207
-0.52207
-0.52207
-0.51424
-0.51508
-0.59503
-0.68957
-0.4769
-0.4769
-0.4769
-0.4769
-1.006
-0.62748
-0.4769
-0.4769
-0.53689
-0.19766
0
0
0
0
0
0
0
0
0
0
-10.872
-0.55204
33.9701
-0.52806
-0.52806
-0.52806
-0.51838
-0.52254
-0.57212
-0.69787
-0.48606
-0.48606
-0.48606
-0.48606
-0.98564
-0.6166
-0.48606
-0.48606
-0.54957
0
0
0
0
0
0
-12.2274
0
-12.2274
0
0
0
-0.52207
-0.52806
9.2217
-0.49637
-0.49637
-0.50003
-0.49757
-0.57104
-0.67813
-0.46113
-0.46113
-0.46113
-0.46113
-1.0239
-0.62428
-0.46113
-0.46113
-0.51707
0
0
0
0
0
0
0
0
0
0
0
0
-0.52207
-0.52806
-0.49637
9.2217
-0.49637
-0.50003
-0.49757
-0.57104
-0.67813
-0.46113
-0.46113
-0.46113
-0.46113
-1.0239
-0.62428
-0.46113
-0.46113
-0.51707
0
0
0
0
0
0
0
0
0
0
0
0
-0.52207
-0.52806
-0.49637
-0.49637
9.2217
-0.50003
-0.49757
-0.57104
-0.67813
-0.46113
-0.46113
-0.46113
-0.46113
-1.0239
-0.62428
-0.46113
-0.46113
-0.51707
0
0
0
0
0
0
0
0
0
0
0
0
-0.51424
-0.51838
-0.50003
-0.50003
-0.50003
16.8277
-0.48043
-0.54439
-0.63169
-0.44594
-0.44594
-0.44594
-0.44594
0
-0.56312
-0.44594
-0.44594
0
0
0
0
0
0
0
0
-9.3997
0
0
0
0
-0.51508
-0.52254
-0.49757
-0.49757
-0.49757
-0.48043
6.9044
-0.55919
-0.63928
-0.4492
-0.4492
-0.4492
-0.4492
0
0
-0.4492
-0.4492
0
0
0
0
0
0
0
0
0
0
0
0
0
-0.59503
-0.57212
-0.57104
-0.57104
-0.57104
-0.54439
-0.55919
8.5448
0
0
0
0
0
0
0
0
0
0
-0.25592
0
0
0
-4.3051
0
0
0
0
0
0
0
-0.68957
-0.69787
-0.67813
-0.67813
-0.67813
-0.63169
-0.63928
0
5.0129
0
0
0
0
0
0
0
0
0
0
0
-0.32009
0
0
0
0
0
0
0
0
0
-0.4769
-0.48606
-0.46113
-0.46113
-0.46113
-0.44594
-0.4492
0
0
3.2415
0
0
0
0
0
0
0
0
0
0
0
0
0
0
0
0
0
0
0
0
-0.4769
-0.48606
-0.46113
-0.46113
-0.46113
-0.44594
-0.4492
0
0
0
3.2415
0
0
0
0
0
0
0
0
0
0
0
0
0
0
0
0
0
0
0
-0.4769
-0.48606
-0.46113
-0.46113
-0.46113
-0.44594
-0.4492
0
0
0
0
3.2415
0
0
0
0
0
0
0
0
0
0
0
0
0
0
0
0
0
0
-0.4769
-0.48606
-0.46113
-0.46113
-0.46113
-0.44594
-0.4492
0
0
0
0
0
3.2415
0
0
0
0
0
0
0
0
0
0
0
0
0
0
0
0
0
-1.006
-0.98564
-1.0239
-1.0239
-1.0239
0
0
0
0
0
0
0
0
6.8249
0
0
0
0
0
-0.62001
0
0
0
0
0
0
0
-1.1416
0
0
-0.62748
-0.6166
-0.62428
-0.62428
-0.62428
-0.56312
0
0
0
0
0
0
0
0
5.0702
0
0
0
0
0
0
0
0
0
0
0
0
0
-1.3901
0
-0.4769
-0.48606
-0.46113
-0.46113
-0.46113
-0.44594
-0.4492
0
0
0
0
0
0
0
0
3.2415
0
0
0
0
0
0
0
0
0
0
0
0
0
0
-0.4769
-0.48606
-0.46113
-0.46113
-0.46113
-0.44594
-0.4492
0
0
0
0
0
0
0
0
0
3.2415
0
0
0
0
0
0
0
0
0
0
0
0
0
-0.53689
-0.54957
-0.51707
-0.51707
-0.51707
0
0
0
0
0
0
0
0
0
0
0
0
2.6377
0
0
0
0
0
0
0
0
0
0
0
0
-0.19766
0
0
0
0
0
0
-0.25592
0
0
0
0
0
0
0
0
0
0
0.55808
0
0
0
0
-0.1045
0
0
0
0
0
0
0
0
0
0
0
0
0
0
0
0
0
0
0
-0.62001
0
0
0
0
0
2.4465
0
-1.8265
0
0
0
0
0
0
0
0
0
0
0
0
0
0
0
0
-0.32009
0
0
0
0
0
0
0
0
0
0
0
2.1905
-1.8704
0
0
0
0
0
0
0
0
0
0
0
0
0
0
0
0
0
0
0
0
0
0
0
0
0
0
0
-1.8265
-1.8704
3.6969
0
0
0
0
0
0
0
0
0
0
0
0
0
0
0
-4.3051
0
0
0
0
0
0
0
0
0
0
0
0
0
0
4.3051
0
0
0
0
0
0
0
0
0
0
0
0
0
0
0
0
0
0
0
0
0
0
0
0
0
-0.1045
0
0
0
0
0.1045
0
0
0
0
0
0
0
-12.2274
0
0
0
0
0
0
0
0
0
0
0
0
0
0
0
0
0
0
0
0
0
0
12.2274
0
0
0
0
0
0
0
0
0
0
-9.3997
0
0
0
0
0
0
0
0
0
0
0
0
0
0
0
0
0
0
0
9.3997
0
0
0
0
0
-12.2274
0
0
0
0
0
0
0
0
0
0
0
0
0
0
0
0
0
0
0
0
0
0
0
0
12.2274
0
0
0
0
0
0
0
0
0
0
0
0
0
0
0
0
-1.1416
0
0
0
0
0
0
0
0
0
0
0
0
0
1.1416
0
0
0
0
0
0
0
0
0
0
0
0
0
0
0
0
-1.3901
0
0
0
0
0
0
0
0
0
0
0
0
0
1.3901
0
-10.872
0
0
0
0
0
0
0
0
0
0
0
0
0
0
0
0
0
0
0
0
0
0
0
0
0
0
0
0
10.872
