32.5386
-0.65972
-0.72245
-0.63507
-0.64129
-0.64129
-0.64129
-0.64129
-0.61224
-0.61224
-0.61224
-0.6314
-0.62377
-0.58737
-0.6314
-0.62561
-0.67723
-0.67723
0
-1.1631
0
0
0
-10.2512
0
0
-10.2512
0
0
0
-0.65972
20.4175
-0.72816
-0.66008
-0.64793
-0.64793
-0.64793
-0.64793
-0.61965
-0.61965
-0.61965
-0.65341
-0.62995
-0.61547
-0.65341
-0.62871
-0.67471
-0.67471
-0.15729
-1.1302
0
0
0
0
0
-8.101
0
0
0
0
-0.72245
-0.72816
13.3433
-0.74815
-0.71595
-0.71595
-0.71595
-0.71595
-0.68362
-0.68362
-0.68362
-0.73678
-0.69494
-0.6939
-0.73678
-0.69146
-0.7389
-0.7389
0
-1.1982
0
0
0
0
0
0
0
0
0
0
-0.63507
-0.66008
-0.74815
19.3738
-0.70646
-0.70646
-0.70646
-0.70646
-0.6041
-0.6041
-0.6041
-0.61701
-0.60329
-0.58061
-0.61701
-0.59981
0
0
0
0
0
-3.3518
-6.3228
0
0
0
0
0
0
0
-0.64129
-0.64793
-0.71595
-0.70646
10.7253
-0.6018
-0.6018
-0.6018
-0.60107
-0.60107
-0.60107
-0.64123
-0.60849
-0.6028
-0.64123
-0.60516
-0.65307
-0.65307
0
0
0
0
0
0
0
0
0
0
0
0
-0.64129
-0.64793
-0.71595
-0.70646
-0.6018
10.7253
-0.6018
-0.6018
-0.60107
-0.60107
-0.60107
-0.64123
-0.60849
-0.6028
-0.64123
-0.60516
-0.65307
-0.65307
0
0
0
0
0
0
0
0
0
0
0
0
-0.64129
-0.64793
-0.71595
-0.70646
-0.6018
-0.6018
10.7253
-0.6018
-0.60107
-0.60107
-0.60107
-0.64123
-0.60849
-0.6028
-0.64123
-0.60516
-0.65307
-0.65307
0
0
0
0
0
0
0
0
0
0
0
0
-0.64129
-0.64793
-0.71595
-0.70646
-0.6018
-0.6018
-0.6018
10.7253
-0.60107
-0.60107
-0.60107
-0.64123
-0.60849
-0.6028
-0.64123
-0.60516
-0.65307
-0.65307
0
0
0
0
0
0
0
0
0
0
0
0
-0.61224
-0.61965
-0.68362
-0.6041
-0.60107
-0.60107
-0.60107
-0.60107
8.9824
-0.5322
-0.5322
-0.61999
-0.58367
-0.58824
-0.61999
-0.5822
0
0
0
0
0
0
0
0
0
0
0
0
0
0
-0.61224
-0.61965
-0.68362
-0.6041
-0.60107
-0.60107
-0.60107
-0.60107
-0.5322
8.9824
-0.5322
-0.61999
-0.58367
-0.58824
-0.61999
-0.5822
0
0
0
0
0
0
0
0
0
0
0
0
0
0
-0.61224
-0.61965
-0.68362
-0.6041
-0.60107
-0.60107
-0.60107
-0.60107
-0.5322
-0.5322
8.9824
-0.61999
-0.58367
-0.58824
-0.61999
-0.5822
0
0
0
0
0
0
0
0
0
0
0
0
0
0
-0.6314
-0.65341
-0.73678
-0.61701
-0.64123
-0.64123
-0.64123
-0.64123
-0.61999
-0.61999
-0.61999
10.6837
-0.63364
0
0
0
0
0
0
0
0
0
0
0
-2.9866
0
0
0
0
0
-0.62377
-0.62995
-0.69494
-0.60329
-0.60849
-0.60849
-0.60849
-0.60849
-0.58367
-0.58367
-0.58367
-0.63364
8.0042
0
-0.63364
0
0
0
0
0
0
0
0
0
0
0
0
0
0
0
-0.58737
-0.61547
-0.6939
-0.58061
-0.6028
-0.6028
-0.6028
-0.6028
-0.58824
-0.58824
-0.58824
0
0
12.1662
0
0
0
0
0
0
-3.1739
0
0
0
0
0
0
0
0
-2.3391
-0.6314
-0.65341
-0.73678
-0.61701
-0.64123
-0.64123
-0.64123
-0.64123
-0.61999
-0.61999
-0.61999
0
-0.63364
0
10.6837
0
0
0
0
0
0
0
0
0
0
0
0
0
-2.9866
0
-0.62561
-0.62871
-0.69146
-0.59981
-0.60516
-0.60516
-0.60516
-0.60516
-0.5822
-0.5822
-0.5822
0
0
0
0
6.7128
0
0
0
0
0
0
0
0
0
0
0
0
0
0
-0.67723
-0.67471
-0.7389
0
-0.65307
-0.65307
-0.65307
-0.65307
0
0
0
0
0
0
0
0
4.7031
0
0
0
0
0
0
0
0
0
0
0
0
0
-0.67723
-0.67471
-0.7389
0
-0.65307
-0.65307
-0.65307
-0.65307
0
0
0
0
0
0
0
0
0
4.7031
0
0
0
0
0
0
0
0
0
0
0
0
0
-0.15729
0
0
0
0
0
0
0
0
0
0
0
0
0
0
0
0
8.8617
0
-3.0926
-3.0706
0
0
0
0
0
-2.5412
0
0
-1.1631
-1.1302
-1.1982
0
0
0
0
0
0
0
0
0
0
0
0
0
0
0
0
3.4915
0
0
0
0
0
0
0
0
0
0
0
0
0
0
0
0
0
0
0
0
0
0
0
-3.1739
0
0
0
0
-3.0926
0
6.2665
0
0
0
0
0
0
0
0
0
0
0
0
-3.3518
0
0
0
0
0
0
0
0
0
0
0
0
0
0
-3.0706
0
0
6.4225
0
0
0
0
0
0
0
0
0
0
0
-6.3228
0
0
0
0
0
0
0
0
0
0
0
0
0
0
0
0
0
0
6.3228
0
0
0
0
0
0
0
-10.2512
0
0
0
0
0
0
0
0
0
0
0
0
0
0
0
0
0
0
0
0
0
0
10.2512
0
0
0
0
0
0
0
0
0
0
0
0
0
0
0
0
0
-2.9866
0
0
0
0
0
0
0
0
0
0
0
0
2.9866
0
0
0
0
0
0
-8.101
0
0
0
0
0
0
0
0
0
0
0
0
0
0
0
0
0
0
0
0
0
0
0
8.101
0
0
0
0
-10.2512
0
0
0
0
0
0
0
0
0
0
0
0
0
0
0
0
0
0
0
0
0
0
0
0
0
10.2512
0
0
0
0
0
0
0
0
0
0
0
0
0
0
0
0
0
0
0
0
0
-2.5412
0
0
0
0
0
0
0
0
2.5412
0
0
0
0
0
0
0
0
0
0
0
0
0
0
0
0
-2.9866
0
0
0
0
0
0
0
0
0
0
0
0
0
2.9866
0
0
0
0
0
0
0
0
0
0
0
0
0
0
-2.3391
0
0
0
0
0
0
0
0
0
0
0
0
0
0
0
2.3391
