14.0573
-0.1
-0.1
-0.1
-0.1
-0.10019
-0.10001
-0.60722
-0.60722
-0.60722
-0.1001
-0.81125
-0.20812
-0.11531
-1.4884
-1.3114
-1.7265
-1.8286
-1.8286
0
-2.217
0
0
0
0
0
0
0
0
0
-0.1
14.5845
-0.1
-0.1
-0.40218
-0.10003
-0.1
-0.53348
-0.53348
-0.53348
-0.46134
-0.95375
-0.56946
-0.8444
-1.578
-1.417
-1.0468
-1.2789
-1.2789
0
0
0
0
0
0
0
-2.6534
0
0
0
-0.1
-0.1
10.88
-0.1
-0.1
-0.10002
-0.10001
-0.6146
-0.6146
-0.6146
-0.23065
-0.86595
-0.10558
-0.48023
-1.231
-1.1008
-1.3976
-1.5122
-1.5122
0
0
0
0
0
0
0
0
0
0
0
-0.1
-0.1
-0.1
12.2003
-0.49005
-0.17841
-0.14988
-0.62182
-0.62182
-0.62182
0
-1.0934
-0.62108
-1.0368
-1.6595
-1.5764
0
0
0
0
0
0
0
0
-3.2292
0
0
0
0
0
-0.1
-0.40218
-0.1
-0.49005
9.0681
-0.58604
-0.90855
-0.74384
-0.74384
-0.74384
0
-1.0723
0
0
0
0
0
0
0
0
0
0
0
0
0
0
0
0
-3.1774
0
-0.10019
-0.10003
-0.10002
-0.17841
-0.58604
6.5693
-1.7254
-0.92739
-0.92736
-0.92736
0
-0.99709
0
0
0
0
0
0
0
0
0
0
0
0
0
0
0
0
0
0
-0.10001
-0.1
-0.10001
-0.14988
-0.90855
-1.7254
7.0161
0
0
0
0
0
-1.2914
0
0
0
0
0
0
0
0
0
0
0
0
-2.6408
0
0
0
0
-0.60722
-0.53348
-0.6146
-0.62182
-0.74384
-0.92739
0
6.565
-1.2585
-1.2581
0
0
0
0
0
0
0
0
0
0
0
0
0
0
0
0
0
0
0
0
-0.60722
-0.53348
-0.6146
-0.62182
-0.74384
-0.92736
0
-1.2585
6.8636
-1.5568
0
0
0
0
0
0
0
0
0
0
0
0
0
0
0
0
0
0
0
0
-0.60722
-0.53348
-0.6146
-0.62182
-0.74384
-0.92736
0
-1.2581
-1.5568
6.8632
0
0
0
0
0
0
0
0
0
0
0
0
0
0
0
0
0
0
0
0
-0.1001
-0.46134
-0.23065
0
0
0
0
0
0
0
10.1293
0
0
0
0
0
0
0
0
-0.95378
0
-2.2781
0
-3.0527
0
0
0
-3.0527
0
0
-0.81125
-0.95375
-0.86595
-1.0934
-1.0723
-0.99709
0
0
0
0
0
5.7937
0
0
0
0
0
0
0
0
0
0
0
0
0
0
0
0
0
0
-0.20812
-0.56946
-0.10558
-0.62108
0
0
-1.2914
0
0
0
0
0
2.7957
0
0
0
0
0
0
0
0
0
0
0
0
0
0
0
0
0
-0.11531
-0.8444
-0.48023
-1.0368
0
0
0
0
0
0
0
0
0
4.2914
0
0
0
0
0
-1.8147
0
0
0
0
0
0
0
0
0
0
-1.4884
-1.578
-1.231
-1.6595
0
0
0
0
0
0
0
0
0
0
5.957
0
0
0
0
0
0
0
0
0
0
0
0
0
0
0
-1.3114
-1.417
-1.1008
-1.5764
0
0
0
0
0
0
0
0
0
0
0
5.4056
0
0
0
0
0
0
0
0
0
0
0
0
0
0
-1.7265
-1.0468
-1.3976
0
0
0
0
0
0
0
0
0
0
0
0
0
4.1709
0
0
0
0
0
0
0
0
0
0
0
0
0
-1.8286
-1.2789
-1.5122
0
0
0
0
0
0
0
0
0
0
0
0
0
0
4.6197
0
0
0
0
0
0
0
0
0
0
0
0
-1.8286
-1.2789
-1.5122
0
0
0
0
0
0
0
0
0
0
0
0
0
0
0
4.6197
0
0
0
0
0
0
0
0
0
0
0
0
0
0
0
0
0
0
0
0
0
-0.95378
0
0
-1.8147
0
0
0
0
0
5.2114
0
0
0
0
0
0
0
0
0
-2.4429
-2.217
0
0
0
0
0
0
0
0
0
0
0
0
0
0
0
0
0
0
0
4.1089
0
-1.8919
0
0
0
0
0
0
0
0
0
0
0
0
0
0
0
0
0
-2.2781
0
0
0
0
0
0
0
0
0
0
4.1832
-1.9051
0
0
0
0
0
0
0
0
0
0
0
0
0
0
0
0
0
0
0
0
0
0
0
0
0
0
0
-1.8919
-1.9051
3.797
0
0
0
0
0
0
0
0
0
0
0
0
0
0
0
0
0
-3.0527
0
0
0
0
0
0
0
0
0
0
0
0
3.0527
0
0
0
0
0
0
0
0
0
-3.2292
0
0
0
0
0
0
0
0
0
0
0
0
0
0
0
0
0
0
0
0
3.2292
0
0
0
0
0
0
0
0
0
0
0
-2.6408
0
0
0
0
0
0
0
0
0
0
0
0
0
0
0
0
0
0
2.6408
0
0
0
0
0
-2.6534
0
0
0
0
0
0
0
0
0
0
0
0
0
0
0
0
0
0
0
0
0
0
0
0
2.6534
0
0
0
0
0
0
0
0
0
0
0
0
0
-3.0527
0
0
0
0
0
0
0
0
0
0
0
0
0
0
0
0
3.0527
0
0
0
0
0
0
-3.1774
0
0
0
0
0
0
0
0
0
0
0
0
0
0
0
0
0
0
0
0
0
0
0
3.1774
0
0
0
0
0
0
0
0
0
0
0
0
0
0
0
0
0
0
0
0
-2.4429
0
0
0
0
0
0
0
0
0
2.4429
