15.5574
-0.76212
-0.76212
-0.76212
-0.71573
-0.72845
-0.75243
-0.7304
-0.75072
-0.87206
-0.83799
-0.96432
-0.88661
-0.63535
-0.75055
-1.1924
0
-0.95192
-1.1727
0
0
0
0
-1.3295
0
0
0
0
0
0
-0.76212
13.0836
-0.7173
-0.7173
-0.74163
-0.7361
-0.74879
-0.74065
-0.7687
-0.87207
-0.8424
-0.95827
-0.88759
-0.6419
-0.7603
-1.2259
0
-0.9626
0
0
0
0
0
0
0
0
0
0
0
0
-0.76212
-0.7173
13.0836
-0.7173
-0.74163
-0.7361
-0.74879
-0.74065
-0.7687
-0.87207
-0.8424
-0.95827
-0.88759
-0.6419
-0.7603
-1.2259
0
-0.9626
0
0
0
0
0
0
0
0
0
0
0
0
-0.76212
-0.7173
-0.7173
13.0836
-0.74163
-0.7361
-0.74879
-0.74065
-0.7687
-0.87207
-0.8424
-0.95827
-0.88759
-0.6419
-0.7603
-1.2259
0
-0.9626
0
0
0
0
0
0
0
0
0
0
0
0
-0.71573
-0.74163
-0.74163
-0.74163
11.676
-0.68293
-0.69767
-0.68655
-0.70399
-0.80426
-0.78773
-0.88665
-0.8217
-0.59287
0
0
-0.93919
0
-1.1318
0
0
0
0
0
0
0
0
0
0
0
-0.72845
-0.7361
-0.7361
-0.7361
-0.68293
11.2
-0.70886
-0.6926
-0.71248
-0.81731
-0.80006
-0.89024
-0.83522
-0.63247
0
0
0
0
0
0
0
-1.4911
0
0
0
0
0
0
0
0
-0.75243
-0.74879
-0.74879
-0.74879
-0.69767
-0.70886
10.796
-0.71523
-0.73935
-0.82651
-0.82402
-0.89277
-0.847
0
0
0
0
0
0
0
0
0
0
0
0
0
0
-1.5458
0
0
-0.7304
-0.74065
-0.74065
-0.74065
-0.68655
-0.6926
-0.71523
10.5763
-0.68088
-0.79069
-0.78828
0
-0.85167
0
0
0
0
0
0
0
0
0
0
0
0
-2.418
0
0
0
0
-0.75072
-0.7687
-0.7687
-0.7687
-0.70399
-0.71248
-0.73935
-0.68088
8.5306
-0.7709
0
0
0
0
0
0
0
0
0
0
0
0
-0.59948
-1.2667
0
0
0
0
0
0
-0.87206
-0.87207
-0.87207
-0.87207
-0.80426
-0.81731
-0.82651
-0.79069
-0.7709
7.498
0
0
0
0
0
0
0
0
0
0
0
0
0
0
0
0
0
0
0
0
-0.83799
-0.8424
-0.8424
-0.8424
-0.78773
-0.80006
-0.82402
-0.78828
0
0
7.7452
0
0
0
0
0
-1.1799
0
0
0
0
0
0
0
0
0
0
0
0
0
-0.96432
-0.95827
-0.95827
-0.95827
-0.88665
-0.89024
-0.89277
0
0
0
0
12.0004
0
0
0
0
0
0
0
0
0
0
0
0
0
0
0
0
-5.4916
0
-0.88661
-0.88759
-0.88759
-0.88759
-0.8217
-0.83522
-0.847
-0.85167
0
0
0
0
6.905
0
0
0
0
0
0
0
0
0
0
0
0
0
0
0
0
0
-0.63535
-0.6419
-0.6419
-0.6419
-0.59287
-0.63247
0
0
0
0
0
0
0
4.4545
0
0
-0.66808
0
0
0
0
0
0
0
0
0
0
0
0
0
-0.75055
-0.7603
-0.7603
-0.7603
0
0
0
0
0
0
0
0
0
0
6.3967
0
-0.74559
0
0
-1.2865
0
0
0
0
-1.3331
0
0
0
0
0
-1.1924
-1.2259
-1.2259
-1.2259
0
0
0
0
0
0
0
0
0
0
0
7.464
0
0
0
0
-2.594
0
0
0
0
0
0
0
0
0
0
0
0
0
-0.93919
0
0
0
0
0
-1.1799
0
0
-0.66808
-0.74559
0
5.318
0
0
0
0
-1.7852
0
0
0
0
0
0
0
0
-0.95192
-0.9626
-0.9626
-0.9626
0
0
0
0
0
0
0
0
0
0
0
0
0
3.8397
0
0
0
0
0
0
0
0
0
0
0
0
-1.1727
0
0
0
-1.1318
0
0
0
0
0
0
0
0
0
0
0
0
0
8.3373
0
0
0
0
0
-2.8582
-3.1746
0
0
0
0
0
0
0
0
0
0
0
0
0
0
0
0
0
0
-1.2865
0
0
0
0
4.0791
0
0
-1.4362
-1.3563
0
0
0
0
0
0
0
0
0
0
0
0
0
0
0
0
0
0
0
0
0
-2.594
0
0
0
0
5.5923
-1.179
0
0
0
0
-1.8193
0
0
0
0
0
0
0
0
-1.4911
0
0
0
0
0
0
0
0
0
0
-1.7852
0
0
0
-1.179
4.4553
0
0
0
0
0
0
0
0
0
0
0
0
0
0
0
0
-0.59948
0
0
0
0
0
0
0
0
0
0
-1.4362
0
0
3.0957
0
0
0
0
0
0
-1.06
-1.3295
0
0
0
0
0
0
0
-1.2667
0
0
0
0
0
0
0
0
0
0
-1.3563
0
0
0
3.9525
0
0
0
0
0
0
0
0
0
0
0
0
0
0
0
0
0
0
0
0
-1.3331
0
0
0
-2.8582
0
0
0
0
0
4.1914
0
0
0
0
0
0
0
0
0
0
0
0
-2.418
0
0
0
0
0
0
0
0
0
0
-3.1746
0
0
0
0
0
0
5.5926
0
0
0
0
0
0
0
0
0
0
0
0
0
0
0
0
0
0
0
0
0
0
0
0
-1.8193
0
0
0
0
0
3.6086
-1.7893
0
0
0
0
0
0
0
0
-1.5458
0
0
0
0
0
0
0
0
0
0
0
0
0
0
0
0
0
0
0
-1.7893
3.3352
0
0
0
0
0
0
0
0
0
0
0
0
0
-5.4916
0
0
0
0
0
0
0
0
0
0
0
0
0
0
0
0
5.4916
0
0
0
0
0
0
0
0
0
0
0
0
0
0
0
0
0
0
0
0
0
0
0
-1.06
0
0
0
0
0
0
1.06
