15.9144
-0.50216
-0.51608
-0.50364
-0.52222
-0.47757
-0.46849
-0.49439
-0.50284
-0.41866
-0.41866
-0.75058
0
-0.75058
0
0
0
-0.38486
0
0
0
0
0
0
0
0
-9.2037
0
0
0
-0.50216
6.4198
-0.46023
-0.46482
-0.44818
-0.41381
-0.41106
-0.44086
-0.44323
-0.36005
-0.36005
-0.64215
-0.83101
-0.64215
0
0
0
0
0
0
0
0
0
0
0
0
0
0
0
0
-0.51608
-0.46023
6.8676
-0.45561
-0.48068
-0.41723
-0.41747
-0.43879
-0.45855
-0.36314
-0.36314
-0.6456
0
-0.6456
0
0
0
0
0
0
0
-1.2055
0
0
0
0
0
0
0
0
-0.50364
-0.46482
-0.45561
6.0008
-0.47454
-0.41772
-0.41534
-0.441
-0.44618
-0.3628
-0.3628
-0.65549
0
-0.65549
-0.34543
0
0
0
0
0
0
0
0
0
0
0
0
0
0
0
-0.52222
-0.44818
-0.48068
-0.47454
13.3028
-0.45703
-0.41013
-0.43263
-0.42612
-0.35493
-0.35493
0
-0.70237
0
0
0
0
0
0
0
0
0
0
0
0
0
0
0
0
-8.239
-0.47757
-0.41381
-0.41723
-0.41772
-0.45703
5.283
-0.38728
-0.40727
-0.42525
-0.33551
-0.33551
-0.6044
0
-0.6044
0
0
0
0
0
0
0
0
0
0
0
0
0
0
0
0
-0.46849
-0.41106
-0.41747
-0.41534
-0.41013
-0.38728
4.2424
-0.38782
-0.3955
-0.30171
-0.30171
0
0
0
0
0
0
-0.34586
0
0
0
0
0
0
0
0
0
0
0
0
-0.49439
-0.44086
-0.43879
-0.441
-0.43263
-0.40727
-0.38782
8.3576
-0.40672
-0.31617
-0.31617
0
0
0
0
0
0
0
0
0
-4.2757
0
0
0
0
0
0
0
0
0
-0.50284
-0.44323
-0.45855
-0.44618
-0.42612
-0.42525
-0.3955
-0.40672
12.2358
-0.32877
-0.32877
0
0
0
0
0
0
0
0
0
0
0
0
0
0
0
0
0
-8.0739
0
-0.41866
-0.36005
-0.36314
-0.3628
-0.35493
-0.33551
-0.30171
-0.31617
-0.32877
3.3602
-0.21845
0
0
0
0
0
0
0
0
0
0
0
0
0
0
0
0
0
0
0
-0.41866
-0.36005
-0.36314
-0.3628
-0.35493
-0.33551
-0.30171
-0.31617
-0.32877
-0.21845
3.3602
0
0
0
0
0
0
0
0
0
0
0
0
0
0
0
0
0
0
0
-0.75058
-0.64215
-0.6456
-0.65549
0
-0.6044
0
0
0
0
0
3.2982
0
0
0
0
0
0
0
0
0
0
0
0
0
0
0
0
0
0
0
-0.83101
0
0
-0.70237
0
0
0
0
0
0
0
6.8764
0
0
0
0
0
-0.60829
0
0
0
-2.3674
-2.3674
0
0
0
0
0
0
-0.75058
-0.64215
-0.6456
-0.65549
0
-0.6044
0
0
0
0
0
0
0
3.2982
0
0
0
0
0
0
0
0
0
0
0
0
0
0
0
0
0
0
0
-0.34543
0
0
0
0
0
0
0
0
0
0
4.6306
-1.0312
-0.93746
0
0
0
0
0
0
0
0
0
0
-2.3165
0
0
0
0
0
0
0
0
0
0
0
0
0
0
0
0
-1.0312
11.409
0
0
0
-4.8263
0
0
-2.7758
-2.7758
0
0
0
0
0
0
0
0
0
0
0
0
0
0
0
0
0
0
0
0
-0.93746
0
4.704
-0.27944
0
0
0
-1.472
0
0
-2.0151
0
0
0
0
0
-0.38486
0
0
0
0
0
-0.34586
0
0
0
0
0
0
0
0
0
-0.27944
1.1628
-0.15261
0
0
0
0
0
0
0
0
0
0
0
0
0
0
0
0
0
0
0
0
0
0
0
-0.60829
0
0
0
0
-0.15261
1.0086
0
0
0
0
0
0
-0.24771
0
0
0
0
0
0
0
0
0
0
0
0
0
0
0
0
0
0
0
-4.8263
0
0
0
7.8793
-3.0531
0
0
0
0
0
0
0
0
0
0
0
0
0
0
0
0
-4.2757
0
0
0
0
0
0
0
0
0
0
0
-3.0531
7.3288
0
0
0
0
0
0
0
0
0
0
0
-1.2055
0
0
0
0
0
0
0
0
0
0
0
0
0
-1.472
0
0
0
0
2.6775
0
0
0
0
0
0
0
0
0
0
0
0
0
0
0
0
0
0
0
0
-2.3674
0
0
-2.7758
0
0
0
0
0
0
5.1431
0
0
0
0
0
0
0
0
0
0
0
0
0
0
0
0
0
0
0
-2.3674
0
0
-2.7758
0
0
0
0
0
0
0
5.1431
0
0
0
0
0
0
0
0
0
0
0
0
0
0
0
0
0
0
0
0
0
0
-2.0151
0
0
0
0
0
0
0
2.0151
0
0
0
0
0
0
0
0
0
0
0
0
0
0
0
0
0
0
0
0
0
0
0
-0.24771
0
0
0
0
0
0
0.24771
0
0
0
0
-9.2037
0
0
0
0
0
0
0
0
0
0
0
0
0
0
0
0
0
0
0
0
0
0
0
0
0
9.2037
0
0
0
0
0
0
0
0
0
0
0
0
0
0
0
0
0
-2.3165
0
0
0
0
0
0
0
0
0
0
0
0
2.3165
0
0
0
0
0
0
0
0
0
0
-8.0739
0
0
0
0
0
0
0
0
0
0
0
0
0
0
0
0
0
0
0
8.0739
0
0
0
0
0
-8.239
0
0
0
0
0
0
0
0
0
0
0
0
0
0
0
0
0
0
0
0
0
0
0
0
8.239
