27.0482
-0.75216
-0.75216
-0.73608
-0.73429
-0.82193
-0.79511
-0.79511
-0.80697
-0.73347
-0.78897
-0.79317
-0.77191
-0.77191
-0.91381
-0.78315
-0.66215
-0.66215
-0.66215
-0.66215
-0.66215
-1.2657
-0.91624
0
0
0
0
-9.8054
0
0
-0.75216
16.5942
-0.71947
-0.70638
-0.70362
-0.80477
-0.76118
-0.76118
-0.77893
-0.70396
-0.76411
-0.75982
-0.73912
-0.73912
-0.86466
-0.7704
-0.63118
-0.63118
-0.63118
-0.63118
-0.63118
-1.2566
-0.85276
0
0
0
0
0
0
0
-0.75216
-0.71947
16.5942
-0.70638
-0.70362
-0.80477
-0.76118
-0.76118
-0.77893
-0.70396
-0.76411
-0.75982
-0.73912
-0.73912
-0.86466
-0.7704
-0.63118
-0.63118
-0.63118
-0.63118
-0.63118
-1.2566
-0.85276
0
0
0
0
0
0
0
-0.73608
-0.70638
-0.70638
15.3908
-0.68809
-0.78108
-0.74318
-0.74318
-0.75791
-0.68789
-0.74357
-0.7416
-0.72196
-0.72196
-0.84343
-0.7489
-0.61922
-0.61922
-0.61922
-0.61922
-0.61922
-1.2231
0
0
0
0
0
0
0
0
-0.73429
-0.70362
-0.70362
-0.68809
14.0498
-0.77746
-0.73215
-0.73215
-0.75082
-0.67826
-0.7378
-0.73086
-0.7111
-0.7111
-0.82494
-0.75078
-0.61655
-0.61655
-0.61655
-0.61655
-0.61655
0
0
0
0
0
0
0
0
0
-0.82193
-0.80477
-0.80477
-0.78108
-0.77746
27.1824
-0.82945
-0.82945
-0.82625
-0.74718
-0.79109
-0.81099
-0.79265
-0.79265
0
0
0
0
0
0
0
0
0
-8.3863
0
0
-8.3863
0
0
0
-0.79511
-0.76118
-0.76118
-0.74318
-0.73215
-0.82945
10.6301
-0.73683
-0.80932
-0.68492
-0.75446
-0.74162
-0.72162
-0.72162
-0.83741
0
0
0
0
0
0
0
0
0
0
0
0
0
0
0
-0.79511
-0.76118
-0.76118
-0.74318
-0.73215
-0.82945
-0.73683
10.6301
-0.80932
-0.68492
-0.75446
-0.74162
-0.72162
-0.72162
-0.83741
0
0
0
0
0
0
0
0
0
0
0
0
0
0
0
-0.80697
-0.77893
-0.77893
-0.75791
-0.75082
-0.82625
-0.80932
-0.80932
16.9581
-0.69572
-0.74876
-0.75299
-0.7335
-0.7335
0
0
0
0
0
0
0
0
0
0
0
0
0
0
0
-6.9752
-0.73347
-0.70396
-0.70396
-0.68789
-0.67826
-0.74718
-0.68492
-0.68492
-0.69572
8.987
-0.67683
-0.67571
-0.65707
-0.65707
0
0
0
0
0
0
0
0
0
0
0
0
0
0
0
0
-0.78897
-0.76411
-0.76411
-0.74357
-0.7378
-0.79109
-0.75446
-0.75446
-0.74876
-0.67683
14.0187
-0.7257
0
0
0
0
0
0
0
0
0
0
0
0
-5.7688
0
0
0
0
0
-0.79317
-0.75982
-0.75982
-0.7416
-0.73086
-0.81099
-0.74162
-0.74162
-0.75299
-0.67571
-0.7257
8.2339
0
0
0
0
0
0
0
0
0
0
0
0
0
0
0
0
0
0
-0.77191
-0.73912
-0.73912
-0.72196
-0.7111
-0.79265
-0.72162
-0.72162
-0.7335
-0.65707
0
0
7.3097
0
0
0
0
0
0
0
0
0
0
0
0
0
0
0
0
0
-0.77191
-0.73912
-0.73912
-0.72196
-0.7111
-0.79265
-0.72162
-0.72162
-0.7335
-0.65707
0
0
0
7.3097
0
0
0
0
0
0
0
0
0
0
0
0
0
0
0
0
-0.91381
-0.86466
-0.86466
-0.84343
-0.82494
0
-0.83741
-0.83741
0
0
0
0
0
0
5.9863
0
0
0
0
0
0
0
0
0
0
0
0
0
0
0
-0.78315
-0.7704
-0.7704
-0.7489
-0.75078
0
0
0
0
0
0
0
0
0
0
3.9721
0
0
0
0
0
0
0
0
0
-0.14853
0
0
0
0
-0.66215
-0.63118
-0.63118
-0.61922
-0.61655
0
0
0
0
0
0
0
0
0
0
0
3.1603
0
0
0
0
0
0
0
0
0
0
0
0
0
-0.66215
-0.63118
-0.63118
-0.61922
-0.61655
0
0
0
0
0
0
0
0
0
0
0
0
3.1603
0
0
0
0
0
0
0
0
0
0
0
0
-0.66215
-0.63118
-0.63118
-0.61922
-0.61655
0
0
0
0
0
0
0
0
0
0
0
0
0
3.1603
0
0
0
0
0
0
0
0
0
0
0
-0.66215
-0.63118
-0.63118
-0.61922
-0.61655
0
0
0
0
0
0
0
0
0
0
0
0
0
0
3.1603
0
0
0
0
0
0
0
0
0
0
-0.66215
-0.63118
-0.63118
-0.61922
-0.61655
0
0
0
0
0
0
0
0
0
0
0
0
0
0
0
3.1603
0
0
0
0
0
0
0
0
0
-1.2657
-1.2566
-1.2566
-1.2231
0
0
0
0
0
0
0
0
0
0
0
0
0
0
0
0
0
5.1065
0
0
0
0
0
0
-0.1045
0
-0.91624
-0.85276
-0.85276
0
0
0
0
0
0
0
0
0
0
0
0
0
0
0
0
0
0
0
2.6218
0
0
0
0
0
0
0
0
0
0
0
0
-8.3863
0
0
0
0
0
0
0
0
0
0
0
0
0
0
0
0
0
8.3863
0
0
0
0
0
0
0
0
0
0
0
0
0
0
0
0
-5.7688
0
0
0
0
0
0
0
0
0
0
0
0
0
5.7688
0
0
0
0
0
0
0
0
0
0
0
0
0
0
0
0
0
0
0
0
-0.14853
0
0
0
0
0
0
0
0
0
0.14853
0
0
0
0
0
0
0
0
0
-8.3863
0
0
0
0
0
0
0
0
0
0
0
0
0
0
0
0
0
0
0
0
8.3863
0
0
0
-9.8054
0
0
0
0
0
0
0
0
0
0
0
0
0
0
0
0
0
0
0
0
0
0
0
0
0
0
9.8054
0
0
0
0
0
0
0
0
0
0
0
0
0
0
0
0
0
0
0
0
0
0
0
-0.1045
0
0
0
0
0
0
0.1045
0
0
0
0
0
0
0
0
0
-6.9752
0
0
0
0
0
0
0
0
0
0
0
0
0
0
0
0
0
0
0
0
6.9752
