18.5834
-0.64512
-0.64512
-0.62598
-0.62598
-0.6358
-0.6358
-0.60338
-0.58784
-0.61055
-0.61091
-0.59286
-0.56749
-0.60368
-0.60368
-0.51582
-0.63962
-0.68279
0
-0.25373
0
0
0
0
0
0
0
-7.8972
0
0
-0.64512
17.8203
-0.64264
-0.61993
-0.61993
-0.63036
-0.63036
-0.59402
-0.58522
-0.60766
-0.60548
-0.59341
-0.56184
-0.59741
-0.59741
-0.51514
-0.63178
-0.67209
0
0
0
0
0
0
-7.4705
0
0
0
0
0
-0.64512
-0.64264
17.8203
-0.61993
-0.61993
-0.63036
-0.63036
-0.59402
-0.58522
-0.60766
-0.60548
-0.59341
-0.56184
-0.59741
-0.59741
-0.51514
-0.63178
-0.67209
0
0
0
0
0
0
0
0
0
0
0
-7.4705
-0.62598
-0.61993
-0.61993
10.021
-0.59343
-0.60882
-0.60882
-0.57412
-0.56568
-0.58773
-0.58441
-0.57878
-0.54021
-0.57347
-0.57347
-0.52638
-0.60283
-0.63699
0
0
0
0
0
0
0
0
0
0
0
0
-0.62598
-0.61993
-0.61993
-0.59343
10.021
-0.60882
-0.60882
-0.57412
-0.56568
-0.58773
-0.58441
-0.57878
-0.54021
-0.57347
-0.57347
-0.52638
-0.60283
-0.63699
0
0
0
0
0
0
0
0
0
0
0
0
-0.6358
-0.63036
-0.63036
-0.60882
-0.60882
9.5309
-0.61643
-0.5844
-0.576
-0.59768
-0.59123
-0.58966
-0.54694
-0.58291
-0.58291
-0.53518
-0.61335
0
0
0
0
0
0
0
0
0
0
0
0
0
-0.6358
-0.63036
-0.63036
-0.60882
-0.60882
-0.61643
9.5309
-0.5844
-0.576
-0.59768
-0.59123
-0.58966
-0.54694
-0.58291
-0.58291
-0.53518
-0.61335
0
0
0
0
0
0
0
0
0
0
0
0
0
-0.60338
-0.59402
-0.59402
-0.57412
-0.57412
-0.5844
-0.5844
8.1561
-0.53954
-0.55336
-0.55833
-0.5479
-0.50683
-0.54585
-0.54585
0
0
0
0
-0.25003
0
0
0
0
0
0
0
0
0
0
-0.58784
-0.58522
-0.58522
-0.56568
-0.56568
-0.576
-0.576
-0.53954
8.0038
-0.55298
-0.55445
-0.53907
-0.50141
-0.53225
-0.53225
0
0
0
-0.21025
0
0
0
0
0
0
0
0
0
0
0
-0.61055
-0.60766
-0.60766
-0.58773
-0.58773
-0.59768
-0.59768
-0.55336
-0.55298
14.0874
-0.5693
-0.5593
-0.51937
-0.55976
-0.55976
0
0
0
0
0
0
0
-6.0168
0
0
0
0
0
0
0
-0.61091
-0.60548
-0.60548
-0.58441
-0.58441
-0.59123
-0.59123
-0.55833
-0.55445
-0.5693
8.5698
-0.56517
-0.52048
-0.5588
-0.5588
-0.51127
0
0
0
0
0
0
0
0
0
0
0
0
0
0
-0.59286
-0.59341
-0.59341
-0.57878
-0.57878
-0.58966
-0.58966
-0.5479
-0.53907
-0.5593
-0.56517
12.5177
-0.51014
0
0
0
0
0
-0.20698
0
0
0
0
0
0
0
-5.4726
0
0
0
-0.56749
-0.56184
-0.56184
-0.54021
-0.54021
-0.54694
-0.54694
-0.50683
-0.50141
-0.51937
-0.52048
-0.51014
7.4442
-0.51027
-0.51027
0
0
0
0
0
0
0
0
0
0
0
0
0
0
0
-0.60368
-0.59741
-0.59741
-0.57347
-0.57347
-0.58291
-0.58291
-0.54585
-0.53225
-0.55976
-0.5588
0
-0.51027
7.3806
-0.56235
0
0
0
0
0
0
0
0
0
0
0
0
0
0
0
-0.60368
-0.59741
-0.59741
-0.57347
-0.57347
-0.58291
-0.58291
-0.54585
-0.53225
-0.55976
-0.5588
0
-0.51027
-0.56235
7.3806
0
0
0
0
0
0
0
0
0
0
0
0
0
0
0
-0.51582
-0.51514
-0.51514
-0.52638
-0.52638
-0.53518
-0.53518
0
0
0
-0.51127
0
0
0
0
33.9621
0
0
0
0
-9.9272
0
0
-9.9272
0
0
0
0
-9.9272
0
-0.63962
-0.63178
-0.63178
-0.60283
-0.60283
-0.61335
-0.61335
0
0
0
0
0
0
0
0
0
4.3356
0
0
0
0
0
0
0
0
0
0
0
0
0
-0.68279
-0.67209
-0.67209
-0.63699
-0.63699
0
0
0
0
0
0
0
0
0
0
0
0
3.301
0
0
0
0
0
0
0
0
0
0
0
0
0
0
0
0
0
0
0
0
-0.21025
0
0
-0.20698
0
0
0
0
0
0
0.52173
0
0
0
0
0
0
-0.1045
0
0
0
0
-0.25373
0
0
0
0
0
0
-0.25003
0
0
0
0
0
0
0
0
0
0
0
0.65102
0
-0.14727
0
0
0
0
0
0
0
0
0
0
0
0
0
0
0
0
0
0
0
0
0
0
0
-9.9272
0
0
0
0
9.9272
0
0
0
0
0
0
0
0
0
0
0
0
0
0
0
0
0
0
0
0
0
0
0
0
0
0
0
0
-0.14727
0
0.14727
0
0
0
0
0
0
0
0
0
0
0
0
0
0
0
0
0
-6.0168
0
0
0
0
0
0
0
0
0
0
0
0
6.0168
0
0
0
0
0
0
0
0
0
0
0
0
0
0
0
0
0
0
0
0
0
0
-9.9272
0
0
0
0
0
0
0
9.9272
0
0
0
0
0
0
0
-7.4705
0
0
0
0
0
0
0
0
0
0
0
0
0
0
0
0
0
0
0
0
0
0
7.4705
0
0
0
0
0
0
0
0
0
0
0
0
0
0
0
0
0
0
0
0
0
0
0
-0.1045
0
0
0
0
0
0
0.1045
0
0
0
0
0
0
0
0
0
0
0
0
0
0
0
-5.4726
0
0
0
0
0
0
0
0
0
0
0
0
0
0
5.4726
0
0
0
-7.8972
0
0
0
0
0
0
0
0
0
0
0
0
0
0
0
0
0
0
0
0
0
0
0
0
0
0
7.8972
0
0
0
0
0
0
0
0
0
0
0
0
0
0
0
0
0
-9.9272
0
0
0
0
0
0
0
0
0
0
0
0
9.9272
0
0
0
-7.4705
0
0
0
0
0
0
0
0
0
0
0
0
0
0
0
0
0
0
0
0
0
0
0
0
0
0
7.4705
