18.6258
-0.70078
-0.76627
-0.76627
-0.68056
-0.68056
-0.67487
-0.71181
-0.71181
-0.73903
-0.83446
-0.89483
-0.71141
-0.71141
-0.71141
-0.84376
-0.66973
-0.76343
-0.83544
-2.4722
-0.63833
0
0
0
-2.1074
0
0
0
0
0
-0.70078
17.5276
-0.74172
-0.74172
-0.65873
-0.65873
-0.65627
-0.6876
-0.6876
-0.71898
-0.81384
-0.86306
-0.68609
-0.68609
-0.68609
-0.83086
-0.65569
-0.7344
-0.79791
-2.4603
0
0
0
0
-2.0612
0
0
0
0
0
-0.76627
-0.74172
13.9427
-0.78995
-0.70413
-0.70413
-0.71166
-0.73965
-0.73965
-0.77689
-0.87213
-0.93115
-0.73869
-0.73869
-0.73869
-0.89495
-0.70247
-0.79106
-0.86084
0
0
0
0
0
0
0
0
0
0
0
-0.76627
-0.74172
-0.78995
13.9427
-0.70413
-0.70413
-0.71166
-0.73965
-0.73965
-0.77689
-0.87213
-0.93115
-0.73869
-0.73869
-0.73869
-0.89495
-0.70247
-0.79106
-0.86084
0
0
0
0
0
0
0
0
0
0
0
-0.68056
-0.65873
-0.70413
-0.70413
11.543
-0.6032
-0.63237
-0.6478
-0.6478
-0.67715
-0.7566
-0.81235
-0.64647
-0.64647
-0.64647
-0.77394
-0.6116
-0.69326
0
0
0
0
0
0
0
0
0
0
0
0
-0.68056
-0.65873
-0.70413
-0.70413
-0.6032
11.543
-0.63237
-0.6478
-0.6478
-0.67715
-0.7566
-0.81235
-0.64647
-0.64647
-0.64647
-0.77394
-0.6116
-0.69326
0
0
0
0
0
0
0
0
0
0
0
0
-0.67487
-0.65627
-0.71166
-0.71166
-0.63237
-0.63237
11.0152
-0.64341
-0.64341
-0.67137
-0.73526
-0.80756
-0.64285
-0.64285
-0.64285
-0.73916
-0.591
0
0
0
0
-0.2363
0
0
0
0
0
0
0
0
-0.71181
-0.6876
-0.73965
-0.73965
-0.6478
-0.6478
-0.64341
9.915
-0.65512
-0.71286
-0.79999
-0.84335
-0.69531
-0.69531
-0.69531
0
0
0
0
0
0
0
0
0
0
0
0
0
0
0
-0.71181
-0.6876
-0.73965
-0.73965
-0.6478
-0.6478
-0.64341
-0.65512
9.915
-0.71286
-0.79999
-0.84335
-0.69531
-0.69531
-0.69531
0
0
0
0
0
0
0
0
0
0
0
0
0
0
0
-0.73903
-0.71898
-0.77689
-0.77689
-0.67715
-0.67715
-0.67137
-0.71286
-0.71286
8.2448
-0.73731
-0.75386
0
0
0
0
0
0
0
0
0
0
-0.29039
0
0
0
0
0
0
0
-0.83446
-0.81384
-0.87213
-0.87213
-0.7566
-0.7566
-0.73526
-0.79999
-0.79999
-0.73731
16.4394
0
0
0
0
0
0
0
0
0
0
0
0
0
0
0
-8.4611
0
0
0
-0.89483
-0.86306
-0.93115
-0.93115
-0.81235
-0.81235
-0.80756
-0.84335
-0.84335
-0.75386
0
8.493
0
0
0
0
0
0
0
0
0
0
0
0
0
0
0
0
0
0
-0.71141
-0.68609
-0.73869
-0.73869
-0.64647
-0.64647
-0.64285
-0.69531
-0.69531
0
0
0
6.2013
0
0
0
0
0
0
0
0
0
0
0
0
0
0
0
0
0
-0.71141
-0.68609
-0.73869
-0.73869
-0.64647
-0.64647
-0.64285
-0.69531
-0.69531
0
0
0
0
6.2013
0
0
0
0
0
0
0
0
0
0
0
0
0
0
0
0
-0.71141
-0.68609
-0.73869
-0.73869
-0.64647
-0.64647
-0.64285
-0.69531
-0.69531
0
0
0
0
0
6.2013
0
0
0
0
0
0
0
0
0
0
0
0
0
0
0
-0.84376
-0.83086
-0.89495
-0.89495
-0.77394
-0.77394
-0.73916
0
0
0
0
0
0
0
0
21.872
0
0
0
0
0
0
0
0
0
-8.0602
0
0
0
-8.0602
-0.66973
-0.65569
-0.70247
-0.70247
-0.6116
-0.6116
-0.591
0
0
0
0
0
0
0
0
0
10.4766
0
0
0
0
0
0
0
0
0
0
-5.9321
0
0
-0.76343
-0.7344
-0.79106
-0.79106
-0.69326
-0.69326
0
0
0
0
0
0
0
0
0
0
0
4.4665
0
0
0
0
0
0
0
0
0
0
0
0
-0.83544
-0.79791
-0.86084
-0.86084
0
0
0
0
0
0
0
0
0
0
0
0
0
0
3.355
0
0
0
0
0
0
0
0
0
0
0
-2.4722
-2.4603
0
0
0
0
0
0
0
0
0
0
0
0
0
0
0
0
0
6.914
-1.9815
0
0
0
0
0
0
0
0
0
-0.63833
0
0
0
0
0
0
0
0
0
0
0
0
0
0
0
0
0
0
-1.9815
5.5043
0
0
0
0
0
0
0
-2.8844
0
0
0
0
0
0
0
-0.2363
0
0
0
0
0
0
0
0
0
0
0
0
0
0
0.62729
0
-0.391
0
0
0
0
0
0
0
0
0
0
0
0
0
0
0
-0.29039
0
0
0
0
0
0
0
0
0
0
0
0
0.683
-0.39261
0
0
0
0
0
0
0
0
0
0
0
0
0
0
0
0
0
0
0
0
0
0
0
0
0
0
0
-0.391
-0.39261
0.78361
0
0
0
0
0
0
-2.1074
-2.0612
0
0
0
0
0
0
0
0
0
0
0
0
0
0
0
0
0
0
0
0
0
0
4.1686
0
0
0
0
0
0
0
0
0
0
0
0
0
0
0
0
0
0
0
0
-8.0602
0
0
0
0
0
0
0
0
0
8.0602
0
0
0
0
0
0
0
0
0
0
0
0
0
0
-8.4611
0
0
0
0
0
0
0
0
0
0
0
0
0
0
0
8.4611
0
0
0
0
0
0
0
0
0
0
0
0
0
0
0
0
0
0
0
-5.9321
0
0
0
0
0
0
0
0
0
0
5.9321
0
0
0
0
0
0
0
0
0
0
0
0
0
0
0
0
0
0
0
0
0
0
-2.8844
0
0
0
0
0
0
0
2.8844
0
0
0
0
0
0
0
0
0
0
0
0
0
0
0
0
-8.0602
0
0
0
0
0
0
0
0
0
0
0
0
0
8.0602
