15.9353
-0.70518
-0.70518
-0.71496
-0.67541
-0.69262
-0.6875
-0.70774
-0.70774
-0.69186
-0.75622
-0.68366
-0.72524
-0.68366
-0.70342
0
0
-0.76894
0
0
0
0
-5.3259
0
0
0
0
0
0
0
-0.70518
15.9353
-0.70518
-0.71496
-0.67541
-0.69262
-0.6875
-0.70774
-0.70774
-0.69186
-0.75622
-0.68366
-0.72524
-0.68366
-0.70342
0
0
-0.76894
0
0
0
-5.3259
0
0
0
0
0
0
0
0
-0.70518
-0.70518
15.9353
-0.71496
-0.67541
-0.69262
-0.6875
-0.70774
-0.70774
-0.69186
-0.75622
-0.68366
-0.72524
-0.68366
-0.70342
0
0
-0.76894
0
0
0
0
0
0
0
0
0
0
-5.3259
0
-0.71496
-0.71496
-0.71496
15.9087
-0.67463
-0.68881
-0.68701
-0.70814
-0.70814
-0.69061
-0.76328
-0.67966
-0.72458
-0.67966
-0.70271
0
0
0
-0.60567
0
0
0
0
0
0
-5.4509
0
0
0
0
-0.67541
-0.67541
-0.67541
-0.67463
10.0128
-0.66683
-0.66122
-0.67927
-0.67927
-0.66378
-0.71948
-0.6594
-0.69197
-0.6594
-0.67704
-0.55427
0
0
0
0
0
0
0
0
0
0
0
0
0
0
-0.69262
-0.69262
-0.69262
-0.68881
-0.66683
12.6688
-0.69044
-0.71233
-0.71233
-0.69489
0
0
0
0
0
0
0
0
0
0
-2.6585
0
0
0
0
0
0
0
0
-3.7668
-0.6875
-0.6875
-0.6875
-0.68701
-0.66122
-0.69044
6.1951
-0.70383
-0.70383
-0.68628
0
0
0
0
0
0
0
0
0
0
0
0
0
0
0
0
0
0
0
0
-0.70774
-0.70774
-0.70774
-0.70814
-0.67927
-0.71233
-0.70383
5.6561
0
0
0
0
0
0
0
0
-0.72934
0
0
0
0
0
0
0
0
0
0
0
0
0
-0.70774
-0.70774
-0.70774
-0.70814
-0.67927
-0.71233
-0.70383
0
5.6561
0
0
0
0
0
0
0
-0.72934
0
0
0
0
0
0
0
0
0
0
0
0
0
-0.69186
-0.69186
-0.69186
-0.69061
-0.66378
-0.69489
-0.68628
0
0
4.8111
0
0
0
0
0
0
0
0
0
0
0
0
0
0
0
0
0
0
0
0
-0.75622
-0.75622
-0.75622
-0.76328
-0.71948
0
0
0
0
0
4.4105
0
0
0
0
0
0
0
-0.65912
0
0
0
0
0
0
0
0
0
0
0
-0.68366
-0.68366
-0.68366
-0.67966
-0.6594
0
0
0
0
0
0
3.9423
0
0
0
0
0
0
0
0
0
0
0
-0.55225
0
0
0
0
0
0
-0.72524
-0.72524
-0.72524
-0.72458
-0.69197
0
0
0
0
0
0
0
4.3771
0
0
0
-0.7848
0
0
0
0
0
0
0
0
0
0
0
0
0
-0.68366
-0.68366
-0.68366
-0.67966
-0.6594
0
0
0
0
0
0
0
0
3.9423
0
0
0
0
0
0
0
0
0
0
0
0
0
-0.55225
0
0
-0.70342
-0.70342
-0.70342
-0.70271
-0.67704
0
0
0
0
0
0
0
0
0
3.49
0
0
0
0
0
0
0
0
0
0
0
0
0
0
0
0
0
0
0
-0.55427
0
0
0
0
0
0
0
0
0
0
6.2125
-0.61693
0
0
-3.1038
0
0
0
0
-1.9375
0
0
0
0
0
0
0
0
0
0
0
0
-0.72934
-0.72934
0
0
0
-0.7848
0
0
-0.61693
2.8604
0
0
0
0
0
0
0
0
0
0
0
0
0
-0.76894
-0.76894
-0.76894
0
0
0
0
0
0
0
0
0
0
0
0
0
0
2.3068
0
0
0
0
0
0
0
0
0
0
0
0
0
0
0
-0.60567
0
0
0
0
0
0
-0.65912
0
0
0
0
0
0
0
1.881
0
0
0
0
0
0
0
-0.6162
0
0
0
0
0
0
0
0
0
0
0
0
0
0
0
0
0
0
-3.1038
0
0
0
3.727
-0.62323
0
0
0
0
0
0
0
0
0
0
0
0
0
0
-2.6585
0
0
0
0
0
0
0
0
0
0
0
0
0
-0.62323
3.2818
0
0
0
0
0
0
0
0
0
0
-5.3259
0
0
0
0
0
0
0
0
0
0
0
0
0
0
0
0
0
0
0
5.3259
0
0
0
0
0
0
0
0
-5.3259
0
0
0
0
0
0
0
0
0
0
0
0
0
0
0
0
0
0
0
0
0
5.3259
0
0
0
0
0
0
0
0
0
0
0
0
0
0
0
0
0
0
-0.55225
0
0
0
0
0
0
0
0
0
0
0
0.55225
0
0
0
0
0
0
0
0
0
0
0
0
0
0
0
0
0
0
0
0
0
-1.9375
0
0
0
0
0
0
0
0
1.9375
0
0
0
0
0
0
0
0
-5.4509
0
0
0
0
0
0
0
0
0
0
0
0
0
0
0
0
0
0
0
0
0
5.4509
0
0
0
0
0
0
0
0
0
0
0
0
0
0
0
0
0
0
0
0
0
0
-0.6162
0
0
0
0
0
0
0
0.6162
0
0
0
0
0
0
0
0
0
0
0
0
0
0
0
0
-0.55225
0
0
0
0
0
0
0
0
0
0
0
0
0
0.55225
0
0
0
0
-5.3259
0
0
0
0
0
0
0
0
0
0
0
0
0
0
0
0
0
0
0
0
0
0
0
0
0
5.3259
0
0
0
0
0
0
-3.7668
0
0
0
0
0
0
0
0
0
0
0
0
0
0
0
0
0
0
0
0
0
0
0
3.7668
