30.6963
-1.0647
-1.0817
-1.0647
-0.96229
-0.96229
-0.97485
-0.96416
-0.96229
-0.96229
-0.82714
-0.82714
-0.82714
-0.9359
-0.97621
-0.97621
-1.0297
-1.0297
-0.88713
-0.88713
-0.88713
-0.97492
0
-0.55353
0
0
0
-10.078
0
0
-1.0647
20.7983
-1.1041
-1.0808
-0.96723
-0.96723
-0.9945
-0.97267
-0.96723
-0.96723
-0.8285
-0.8285
-0.8285
-0.93747
-0.97785
-0.97785
-1.0314
-1.0314
-0.8886
-0.8886
-0.8886
-1.0108
-0.59449
0
0
0
0
0
0
0
-1.0817
-1.1041
30.6456
-1.1041
-0.98838
-0.98838
-1.0099
-0.997
-0.98838
-0.98838
-0.8471
-0.8471
-0.8471
-0.95898
-1.0005
-1.0005
-1.0542
-1.0542
-0.90878
-0.90878
-0.90878
-1.0058
0
0
0
0
0
0
0
-10.0534
-1.0647
-1.0808
-1.1041
20.7983
-0.96723
-0.96723
-0.9945
-0.97267
-0.96723
-0.96723
-0.8285
-0.8285
-0.8285
-0.93747
-0.97785
-0.97785
-1.0314
-1.0314
-0.8886
-0.8886
-0.8886
-1.0108
-0.59449
0
0
0
0
0
0
0
-0.96229
-0.96723
-0.98838
-0.96723
18.0294
-0.84781
-0.90127
-0.88394
-0.84781
-0.84781
-0.73227
-0.73227
-0.73227
-0.82685
-0.86167
-0.86167
-0.90827
-0.90827
-0.78455
-0.78455
-0.78455
-0.89841
0
0
0
0
0
0
0
0
-0.96229
-0.96723
-0.98838
-0.96723
-0.84781
18.0294
-0.90127
-0.88394
-0.84781
-0.84781
-0.73227
-0.73227
-0.73227
-0.82685
-0.86167
-0.86167
-0.90827
-0.90827
-0.78455
-0.78455
-0.78455
-0.89841
0
0
0
0
0
0
0
0
-0.97485
-0.9945
-1.0099
-0.9945
-0.90127
-0.90127
27.1652
-0.89552
-0.90127
-0.90127
-0.73909
-0.73909
-0.73909
-0.83465
-0.86985
-0.86985
-0.91697
-0.91697
-0.79191
-0.79191
-0.79191
0
0
0
0
-9.6896
0
0
0
0
-0.96416
-0.97267
-0.997
-0.97267
-0.88394
-0.88394
-0.89552
17.6829
-0.88394
-0.88394
-0.7242
-0.7242
-0.7242
-0.81763
-0.85201
-0.85201
-0.89799
-0.89799
-0.77586
-0.77586
-0.77586
0
0
-0.52727
0
0
0
0
0
0
-0.96229
-0.96723
-0.98838
-0.96723
-0.84781
-0.84781
-0.90127
-0.88394
18.0294
-0.84781
-0.73227
-0.73227
-0.73227
-0.82685
-0.86167
-0.86167
-0.90827
-0.90827
-0.78455
-0.78455
-0.78455
-0.89841
0
0
0
0
0
0
0
0
-0.96229
-0.96723
-0.98838
-0.96723
-0.84781
-0.84781
-0.90127
-0.88394
-0.84781
18.0294
-0.73227
-0.73227
-0.73227
-0.82685
-0.86167
-0.86167
-0.90827
-0.90827
-0.78455
-0.78455
-0.78455
-0.89841
0
0
0
0
0
0
0
0
-0.82714
-0.8285
-0.8471
-0.8285
-0.73227
-0.73227
-0.73909
-0.7242
-0.73227
-0.73227
14.6285
-0.61863
-0.61863
-0.69763
-0.72648
-0.72648
-0.76489
-0.76489
-0.66241
-0.66241
-0.66241
0
0
0
0
0
0
0
0
0
-0.82714
-0.8285
-0.8471
-0.8285
-0.73227
-0.73227
-0.73909
-0.7242
-0.73227
-0.73227
-0.61863
14.6285
-0.61863
-0.69763
-0.72648
-0.72648
-0.76489
-0.76489
-0.66241
-0.66241
-0.66241
0
0
0
0
0
0
0
0
0
-0.82714
-0.8285
-0.8471
-0.8285
-0.73227
-0.73227
-0.73909
-0.7242
-0.73227
-0.73227
-0.61863
-0.61863
14.6285
-0.69763
-0.72648
-0.72648
-0.76489
-0.76489
-0.66241
-0.66241
-0.66241
0
0
0
0
0
0
0
0
0
-0.9359
-0.93747
-0.95898
-0.93747
-0.82685
-0.82685
-0.83465
-0.81763
-0.82685
-0.82685
-0.69763
-0.69763
-0.69763
14.3518
-0.85914
-0.85914
-0.90557
-0.90557
0
0
0
0
0
0
0
0
0
0
0
0
-0.97621
-0.97785
-1.0005
-0.97785
-0.86167
-0.86167
-0.86985
-0.85201
-0.86167
-0.86167
-0.72648
-0.72648
-0.72648
-0.85914
12.9979
-0.85832
0
0
0
0
0
0
0
0
0
0
0
0
0
0
-0.97621
-0.97785
-1.0005
-0.97785
-0.86167
-0.86167
-0.86985
-0.85201
-0.86167
-0.86167
-0.72648
-0.72648
-0.72648
-0.85914
-0.85832
12.9979
0
0
0
0
0
0
0
0
0
0
0
0
0
0
-1.0297
-1.0314
-1.0542
-1.0314
-0.90827
-0.90827
-0.91697
-0.89799
-0.90827
-0.90827
-0.76489
-0.76489
-0.76489
-0.90557
0
0
12.7948
0
0
0
0
0
0
0
0
0
0
0
0
0
-1.0297
-1.0314
-1.0542
-1.0314
-0.90827
-0.90827
-0.91697
-0.89799
-0.90827
-0.90827
-0.76489
-0.76489
-0.76489
-0.90557
0
0
0
12.7948
0
0
0
0
0
0
0
0
0
0
0
0
-0.88713
-0.8886
-0.90878
-0.8886
-0.78455
-0.78455
-0.79191
-0.77586
-0.78455
-0.78455
-0.66241
-0.66241
-0.66241
0
0
0
0
0
10.2664
0
0
0
0
0
0
0
0
0
0
0
-0.88713
-0.8886
-0.90878
-0.8886
-0.78455
-0.78455
-0.79191
-0.77586
-0.78455
-0.78455
-0.66241
-0.66241
-0.66241
0
0
0
0
0
0
10.2664
0
0
0
0
0
0
0
0
0
0
-0.88713
-0.8886
-0.90878
-0.8886
-0.78455
-0.78455
-0.79191
-0.77586
-0.78455
-0.78455
-0.66241
-0.66241
-0.66241
0
0
0
0
0
0
0
10.2664
0
0
0
0
0
0
0
0
0
-0.97492
-1.0108
-1.0058
-1.0108
-0.89841
-0.89841
0
0
-0.89841
-0.89841
0
0
0
0
0
0
0
0
0
0
0
11.7471
0
0
0
0
-4.1511
0
0
0
0
-0.59449
0
-0.59449
0
0
0
0
0
0
0
0
0
0
0
0
0
0
0
0
0
0
1.5823
0
0
0
0
0
-0.39329
0
-0.55353
0
0
0
0
0
0
-0.52727
0
0
0
0
0
0
0
0
0
0
0
0
0
0
0
1.4301
-0.34932
0
0
0
0
0
0
0
0
0
0
0
0
0
0
0
0
0
0
0
0
0
0
0
0
0
0
0
0
-0.34932
0.34932
0
0
0
0
0
0
0
0
0
0
0
-9.6896
0
0
0
0
0
0
0
0
0
0
0
0
0
0
0
0
0
0
9.6896
0
0
0
0
0
0
0
0
0
0
0
0
0
0
0
0
0
0
0
0
0
0
0
0
0
-4.1511
0
0
0
0
4.1511
0
0
0
-10.078
0
0
0
0
0
0
0
0
0
0
0
0
0
0
0
0
0
0
0
0
0
0
0
0
0
0
10.078
0
0
0
0
0
0
0
0
0
0
0
0
0
0
0
0
0
0
0
0
0
0
0
0
-0.39329
0
0
0
0
0
0.39329
0
0
0
-10.0534
0
0
0
0
0
0
0
0
0
0
0
0
0
0
0
0
0
0
0
0
0
0
0
0
0
0
10.0534
