31.6747
-0.67818
-0.67818
-0.63851
-0.64082
-0.64082
-0.60212
-0.58899
-0.58899
-0.6544
-0.6664
-0.60856
-0.60856
-0.60856
-0.60856
-0.63686
-0.58644
-0.44
-0.82854
-0.91709
0
0
-9.7271
0
-9.7271
0
0
0
0
0
-0.67818
12.9138
-0.71514
-0.67744
-0.69802
-0.69802
-0.67812
-0.62461
-0.62461
-0.70637
-0.70452
-0.6418
-0.6418
-0.6418
-0.6418
-0.67079
-0.64674
-0.50837
-0.83247
-0.88315
0
0
0
0
0
0
0
0
0
0
-0.67818
-0.71514
12.9138
-0.67744
-0.69802
-0.69802
-0.67812
-0.62461
-0.62461
-0.70637
-0.70452
-0.6418
-0.6418
-0.6418
-0.6418
-0.67079
-0.64674
-0.50837
-0.83247
-0.88315
0
0
0
0
0
0
0
0
0
0
-0.63851
-0.67744
-0.67744
11.3409
-0.65409
-0.65409
-0.6485
-0.585
-0.585
-0.65714
-0.65978
-0.60265
-0.60265
-0.60265
-0.60265
-0.62889
-0.60447
-0.47905
-0.78095
0
0
0
0
0
0
0
0
0
0
0
-0.64082
-0.69802
-0.69802
-0.65409
17.0001
-0.66159
-0.64915
-0.5932
-0.5932
-0.66587
-0.67281
-0.61398
-0.61398
-0.61398
-0.61398
-0.64133
-0.60535
-0.46548
0
0
0
-6.3053
0
0
0
0
0
0
0
0
-0.64082
-0.69802
-0.69802
-0.65409
-0.66159
17.0001
-0.64915
-0.5932
-0.5932
-0.66587
-0.67281
-0.61398
-0.61398
-0.61398
-0.61398
-0.64133
-0.60535
-0.46548
0
0
0
0
0
0
0
-6.3053
0
0
0
0
-0.60212
-0.67812
-0.67812
-0.6485
-0.64915
-0.64915
27.1973
-0.58056
-0.58056
-0.63276
-0.65236
-0.5954
-0.5954
-0.5954
-0.5954
-0.62471
-0.55981
0
0
0
0
0
0
-8.6399
0
0
0
0
0
-8.6399
-0.58899
-0.62461
-0.62461
-0.585
-0.5932
-0.5932
-0.58056
9.7299
-0.5386
-0.59883
-0.60621
-0.55525
-0.55525
-0.55525
-0.55525
-0.57804
-0.55514
-0.4419
0
0
0
0
0
0
0
0
0
0
0
0
-0.58899
-0.62461
-0.62461
-0.585
-0.5932
-0.5932
-0.58056
-0.5386
9.7299
-0.59883
-0.60621
-0.55525
-0.55525
-0.55525
-0.55525
-0.57804
-0.55514
-0.4419
0
0
0
0
0
0
0
0
0
0
0
0
-0.6544
-0.70637
-0.70637
-0.65714
-0.66587
-0.66587
-0.63276
-0.59883
-0.59883
13.0069
-0.72352
-0.64343
-0.64343
-0.64343
-0.64343
0
0
0
0
0
0
0
0
0
0
0
0
0
-3.8232
0
-0.6664
-0.70452
-0.70452
-0.65978
-0.67281
-0.67281
-0.65236
-0.60621
-0.60621
-0.72352
9.9101
-0.64021
-0.64021
-0.64021
-0.64021
-0.68006
0
0
0
0
0
0
0
0
0
0
0
0
0
0
-0.60856
-0.6418
-0.6418
-0.60265
-0.61398
-0.61398
-0.5954
-0.55525
-0.55525
-0.64343
-0.64021
8.3864
-0.55803
-0.55803
-0.55803
0
0
0
0
0
0
0
0
0
0
0
0
0
0
0
-0.60856
-0.6418
-0.6418
-0.60265
-0.61398
-0.61398
-0.5954
-0.55525
-0.55525
-0.64343
-0.64021
-0.55803
8.3864
-0.55803
-0.55803
0
0
0
0
0
0
0
0
0
0
0
0
0
0
0
-0.60856
-0.6418
-0.6418
-0.60265
-0.61398
-0.61398
-0.5954
-0.55525
-0.55525
-0.64343
-0.64021
-0.55803
-0.55803
8.3864
-0.55803
0
0
0
0
0
0
0
0
0
0
0
0
0
0
0
-0.60856
-0.6418
-0.6418
-0.60265
-0.61398
-0.61398
-0.5954
-0.55525
-0.55525
-0.64343
-0.64021
-0.55803
-0.55803
-0.55803
8.3864
0
0
0
0
0
0
0
0
0
0
0
0
0
0
0
-0.63686
-0.67079
-0.67079
-0.62889
-0.64133
-0.64133
-0.62471
-0.57804
-0.57804
0
-0.68006
0
0
0
0
6.3508
0
0
0
0
0
0
0
0
0
0
0
0
0
0
-0.58644
-0.64674
-0.64674
-0.60447
-0.60535
-0.60535
-0.55981
-0.55514
-0.55514
0
0
0
0
0
0
0
5.4697
0
0
0
0
0
0
0
0
0
0
-0.1045
0
0
-0.44
-0.50837
-0.50837
-0.47905
-0.46548
-0.46548
0
-0.4419
-0.4419
0
0
0
0
0
0
0
0
12.3685
0
0
-4.309
0
0
0
0
0
-4.309
0
0
0
-0.82854
-0.83247
-0.83247
-0.78095
0
0
0
0
0
0
0
0
0
0
0
0
0
0
3.2744
0
0
0
0
0
0
0
0
0
0
0
-0.91709
-0.88315
-0.88315
0
0
0
0
0
0
0
0
0
0
0
0
0
0
0
0
2.6834
0
0
0
0
0
0
0
0
0
0
0
0
0
0
0
0
0
0
0
0
0
0
0
0
0
0
0
-4.309
0
0
4.309
0
0
0
0
0
0
0
0
0
0
0
0
0
-6.3053
0
0
0
0
0
0
0
0
0
0
0
0
0
0
0
0
6.3053
0
0
0
0
0
0
0
0
-9.7271
0
0
0
0
0
0
0
0
0
0
0
0
0
0
0
0
0
0
0
0
0
9.7271
0
0
0
0
0
0
0
0
0
0
0
0
0
-8.6399
0
0
0
0
0
0
0
0
0
0
0
0
0
0
0
0
8.6399
0
0
0
0
0
0
-9.7271
0
0
0
0
0
0
0
0
0
0
0
0
0
0
0
0
0
0
0
0
0
0
0
9.7271
0
0
0
0
0
0
0
0
0
0
-6.3053
0
0
0
0
0
0
0
0
0
0
0
0
0
0
0
0
0
0
0
6.3053
0
0
0
0
0
0
0
0
0
0
0
0
0
0
0
0
0
0
0
0
0
-4.309
0
0
0
0
0
0
0
0
4.309
0
0
0
0
0
0
0
0
0
0
0
0
0
0
0
0
0
0
0
-0.1045
0
0
0
0
0
0
0
0
0
0
0.1045
0
0
0
0
0
0
0
0
0
0
0
-3.8232
0
0
0
0
0
0
0
0
0
0
0
0
0
0
0
0
0
0
3.8232
0
0
0
0
0
0
0
-8.6399
0
0
0
0
0
0
0
0
0
0
0
0
0
0
0
0
0
0
0
0
0
0
8.6399
