15.0322
-0.82422
-0.79388
-0.82422
-0.79388
-0.79388
-0.79291
-0.79291
-0.82425
-0.79055
-0.76489
-0.74795
-0.80673
-0.80673
-0.77355
-0.84148
-0.77151
-0.87335
0
0
-0.84123
-0.57404
0
0
0
0
0
0
0
0
-0.82422
22.7761
-0.73588
-0.74938
-0.73588
-0.73588
-0.71502
-0.71502
-0.7313
-0.70148
-0.68713
-0.65799
-0.72423
-0.72423
-0.69233
-0.75454
-0.69438
-0.78708
0
0
0
0
0
-10.4101
0
0
0
0
0
0
-0.79388
-0.73588
12.4659
-0.73588
-0.66217
-0.66217
-0.69102
-0.69102
-0.72345
-0.69524
-0.66558
-0.65046
-0.70129
-0.70129
-0.67252
-0.7345
-0.66822
-0.75436
0
-0.52701
0
0
0
0
0
0
0
0
0
0
-0.82422
-0.74938
-0.73588
22.7761
-0.73588
-0.73588
-0.71502
-0.71502
-0.7313
-0.70148
-0.68713
-0.65799
-0.72423
-0.72423
-0.69233
-0.75454
-0.69438
-0.78708
0
0
0
0
0
0
0
0
0
0
0
-10.4101
-0.79388
-0.73588
-0.66217
-0.73588
12.4659
-0.66217
-0.69102
-0.69102
-0.72345
-0.69524
-0.66558
-0.65046
-0.70129
-0.70129
-0.67252
-0.7345
-0.66822
-0.75436
0
-0.52701
0
0
0
0
0
0
0
0
0
0
-0.79388
-0.73588
-0.66217
-0.73588
-0.66217
12.4659
-0.69102
-0.69102
-0.72345
-0.69524
-0.66558
-0.65046
-0.70129
-0.70129
-0.67252
-0.7345
-0.66822
-0.75436
0
-0.52701
0
0
0
0
0
0
0
0
0
0
-0.79291
-0.71502
-0.69102
-0.71502
-0.69102
-0.69102
11.2371
-0.67591
-0.72696
-0.69815
-0.66986
-0.65713
-0.7073
-0.7073
-0.68188
-0.74158
-0.67496
0
0
0
0
0
0
0
0
0
0
0
0
0
-0.79291
-0.71502
-0.69102
-0.71502
-0.69102
-0.69102
-0.67591
11.2371
-0.72696
-0.69815
-0.66986
-0.65713
-0.7073
-0.7073
-0.68188
-0.74158
-0.67496
0
0
0
0
0
0
0
0
0
0
0
0
0
-0.82425
-0.7313
-0.72345
-0.7313
-0.72345
-0.72345
-0.72696
-0.72696
19.6627
-0.70923
-0.68982
-0.67089
-0.73256
-0.73256
-0.7024
0
0
0
0
0
0
0
0
0
0
0
-9.5142
0
0
0
-0.79055
-0.70148
-0.69524
-0.70148
-0.69524
-0.69524
-0.69815
-0.69815
-0.70923
18.1316
-0.66067
-0.62472
-0.68539
-0.68539
0
0
0
0
0
0
0
0
0
0
0
0
0
0
-9.0907
0
-0.76489
-0.68713
-0.66558
-0.68713
-0.66558
-0.66558
-0.66986
-0.66986
-0.68982
-0.66067
9.4434
-0.62475
-0.67257
-0.67257
-0.6474
0
0
0
0
0
0
0
0
0
0
0
0
0
0
0
-0.74795
-0.65799
-0.65046
-0.65799
-0.65046
-0.65046
-0.65713
-0.65713
-0.67089
-0.62472
-0.62475
8.5911
0
0
0
0
0
0
-1.1481
0
0
0
-0.19301
0
0
0
0
0
0
0
-0.80673
-0.72423
-0.70129
-0.72423
-0.70129
-0.70129
-0.7073
-0.7073
-0.73256
-0.68539
-0.67257
0
8.6552
-0.79098
0
0
0
0
0
0
0
0
0
0
0
0
0
0
0
0
-0.80673
-0.72423
-0.70129
-0.72423
-0.70129
-0.70129
-0.7073
-0.7073
-0.73256
-0.68539
-0.67257
0
-0.79098
8.6552
0
0
0
0
0
0
0
0
0
0
0
0
0
0
0
0
-0.77355
-0.69233
-0.67252
-0.69233
-0.67252
-0.67252
-0.68188
-0.68188
-0.7024
0
-0.6474
0
0
0
7.4188
0
0
0
0
0
0
-0.52947
0
0
0
0
0
0
0
0
-0.84148
-0.75454
-0.7345
-0.75454
-0.7345
-0.7345
-0.74158
-0.74158
0
0
0
0
0
0
0
7.1211
0
0
-1.0839
0
0
0
0
0
0
0
0
0
0
0
-0.77151
-0.69438
-0.66822
-0.69438
-0.66822
-0.66822
-0.67496
-0.67496
0
0
0
0
0
0
0
0
5.5148
0
0
0
0
0
0
0
0
0
0
0
0
0
-0.87335
-0.78708
-0.75436
-0.78708
-0.75436
-0.75436
0
0
0
0
0
0
0
0
0
0
0
4.7106
0
0
0
0
0
0
0
0
0
0
0
0
0
0
0
0
0
0
0
0
0
0
0
-1.1481
0
0
0
-1.0839
0
0
6.3951
0
-1.2915
0
0
0
0
-2.8716
0
0
0
0
0
0
-0.52701
0
-0.52701
-0.52701
0
0
0
0
0
0
0
0
0
0
0
0
0
1.581
0
0
0
0
0
0
0
0
0
0
-0.84123
0
0
0
0
0
0
0
0
0
0
0
0
0
0
0
0
0
-1.2915
0
3.7772
0
-1.6445
0
0
0
0
0
0
0
-0.57404
0
0
0
0
0
0
0
0
0
0
0
0
0
-0.52947
0
0
0
0
0
0
1.6416
0
0
-0.53807
0
0
0
0
0
0
0
0
0
0
0
0
0
0
0
0
-0.19301
0
0
0
0
0
0
0
0
-1.6445
0
2.6237
0
0
0
0
-0.78616
0
0
0
-10.4101
0
0
0
0
0
0
0
0
0
0
0
0
0
0
0
0
0
0
0
0
0
10.4101
0
0
0
0
0
0
0
0
0
0
0
0
0
0
0
0
0
0
0
0
0
0
0
0
0
0
0
-0.53807
0
0
0.53807
0
0
0
0
0
0
0
0
0
0
0
0
0
0
0
0
0
0
0
0
0
0
0
-2.8716
0
0
0
0
0
0
2.8716
0
0
0
0
0
0
0
0
0
0
0
0
-9.5142
0
0
0
0
0
0
0
0
0
0
0
0
0
0
0
0
0
9.5142
0
0
0
0
0
0
0
0
0
0
0
0
0
0
0
0
0
0
0
0
0
0
0
0
0
-0.78616
0
0
0
0
0.78616
0
0
0
0
0
0
0
0
0
0
0
-9.0907
0
0
0
0
0
0
0
0
0
0
0
0
0
0
0
0
0
0
9.0907
0
0
0
0
-10.4101
0
0
0
0
0
0
0
0
0
0
0
0
0
0
0
0
0
0
0
0
0
0
0
0
0
10.4101
