20.5556
-0.45318
-0.43936
-0.43936
-0.46287
-0.48762
-0.48762
-0.48762
-0.47229
-0.47229
-0.46327
-0.46569
-0.44337
-0.49984
-0.50023
-0.50023
-0.50023
0
-0.65812
-0.1045
0
0
0
0
-12.218
0
0
0
0
0
-0.45318
19.3282
-0.43019
-0.43019
-0.44921
-0.47483
-0.47483
-0.47483
-0.45952
-0.45952
-0.4514
-0.45309
-0.43199
-0.51711
-0.4878
-0.4878
-0.4878
-0.12662
0
0
0
0
-11.7783
0
0
0
0
0
0
0
-0.43936
-0.43019
7.2503
-0.40989
-0.43954
-0.46764
-0.46764
-0.46764
-0.45347
-0.45347
-0.44059
-0.44925
-0.42002
-0.481
-0.47687
-0.47687
-0.47687
0
0
0
0
0
0
0
0
0
0
0
0
0
-0.43936
-0.43019
-0.40989
7.2503
-0.43954
-0.46764
-0.46764
-0.46764
-0.45347
-0.45347
-0.44059
-0.44925
-0.42002
-0.481
-0.47687
-0.47687
-0.47687
0
0
0
0
0
0
0
0
0
0
0
0
0
-0.46287
-0.44921
-0.43954
-0.43954
6.0578
-0.48213
-0.48213
-0.48213
-0.44078
-0.44078
-0.43178
-0.43799
-0.40858
0
0
0
0
0
-0.66031
0
0
0
0
0
0
0
0
0
0
0
-0.48762
-0.47483
-0.46764
-0.46764
-0.48213
14.2112
-0.49967
-0.49967
-0.45491
-0.45491
-0.44892
-0.44974
-0.42518
0
0
0
0
0
0
0
0
-8.5983
0
0
0
0
0
0
0
0
-0.48762
-0.47483
-0.46764
-0.46764
-0.48213
-0.49967
14.2112
-0.49967
-0.45491
-0.45491
-0.44892
-0.44974
-0.42518
0
0
0
0
0
0
0
0
0
0
0
0
0
-8.5983
0
0
0
-0.48762
-0.47483
-0.46764
-0.46764
-0.48213
-0.49967
-0.49967
14.2112
-0.45491
-0.45491
-0.44892
-0.44974
-0.42518
0
0
0
0
0
0
0
0
0
0
0
0
0
0
0
-8.5983
0
-0.47229
-0.45952
-0.45347
-0.45347
-0.44078
-0.45491
-0.45491
-0.45491
7.9122
0
-0.4551
0
0
0
0
0
0
0
0
0
-3.8129
0
0
0
0
0
0
0
0
0
-0.47229
-0.45952
-0.45347
-0.45347
-0.44078
-0.45491
-0.45491
-0.45491
0
7.9122
-0.4551
0
0
0
0
0
0
0
0
0
0
0
0
-3.8129
0
0
0
0
0
0
-0.46327
-0.4514
-0.44059
-0.44059
-0.43178
-0.44892
-0.44892
-0.44892
-0.4551
-0.4551
4.4846
0
0
0
0
0
0
0
0
0
0
0
0
0
0
0
0
0
0
0
-0.46569
-0.45309
-0.44925
-0.44925
-0.43799
-0.44974
-0.44974
-0.44974
0
0
0
5.543
0
0
0
0
0
0
0
0
0
0
0
0
0
0
0
-1.9385
0
0
-0.44337
-0.43199
-0.42002
-0.42002
-0.40858
-0.42518
-0.42518
-0.42518
0
0
0
0
3.3995
0
0
0
0
0
0
0
0
0
0
0
0
0
0
0
0
0
-0.49984
-0.51711
-0.481
-0.481
0
0
0
0
0
0
0
0
0
2.2723
0
0
0
-0.29334
0
0
0
0
0
0
0
0
0
0
0
0
-0.50023
-0.4878
-0.47687
-0.47687
0
0
0
0
0
0
0
0
0
0
1.9418
0
0
0
0
0
0
0
0
0
0
0
0
0
0
0
-0.50023
-0.4878
-0.47687
-0.47687
0
0
0
0
0
0
0
0
0
0
0
1.9418
0
0
0
0
0
0
0
0
0
0
0
0
0
0
-0.50023
-0.4878
-0.47687
-0.47687
0
0
0
0
0
0
0
0
0
0
0
0
1.9418
0
0
0
0
0
0
0
0
0
0
0
0
0
0
-0.12662
0
0
0
0
0
0
0
0
0
0
0
-0.29334
0
0
0
0.52496
0
0
0
0
0
0
0
0
0
0
0
-0.105
-0.65812
0
0
0
-0.66031
0
0
0
0
0
0
0
0
0
0
0
0
0
2.1349
-0.81644
0
0
0
0
0
0
0
0
0
0
-0.1045
0
0
0
0
0
0
0
0
0
0
0
0
0
0
0
0
0
-0.81644
1.1878
0
0
0
0
0
-0.26682
0
0
0
0
0
0
0
0
0
0
0
0
-3.8129
0
0
0
0
0
0
0
0
0
0
0
3.8129
0
0
0
0
0
0
0
0
0
0
0
0
0
0
-8.5983
0
0
0
0
0
0
0
0
0
0
0
0
0
0
0
8.5983
0
0
0
0
0
0
0
0
0
-11.7783
0
0
0
0
0
0
0
0
0
0
0
0
0
0
0
0
0
0
0
0
11.7783
0
0
0
0
0
0
0
0
0
0
0
0
0
0
0
0
-3.8129
0
0
0
0
0
0
0
0
0
0
0
0
0
3.8129
0
0
0
0
0
0
-12.218
0
0
0
0
0
0
0
0
0
0
0
0
0
0
0
0
0
0
0
0
0
0
0
12.218
0
0
0
0
0
0
0
0
0
0
0
0
0
0
0
0
0
0
0
0
0
0
0
0
-0.26682
0
0
0
0
0
0.26682
0
0
0
0
0
0
0
0
0
0
-8.5983
0
0
0
0
0
0
0
0
0
0
0
0
0
0
0
0
0
0
0
8.5983
0
0
0
0
0
0
0
0
0
0
0
0
0
0
-1.9385
0
0
0
0
0
0
0
0
0
0
0
0
0
0
0
1.9385
0
0
0
0
0
0
0
0
0
-8.5983
0
0
0
0
0
0
0
0
0
0
0
0
0
0
0
0
0
0
0
0
8.5983
0
0
0
0
0
0
0
0
0
0
0
0
0
0
0
0
0
0
-0.105
0
0
0
0
0
0
0
0
0
0
0
0.105
