19.5409
-0.55026
-0.55026
-0.5588
-0.54043
-0.54043
-0.54043
-0.60296
-0.57317
-0.60296
-0.53404
-0.53404
-0.64542
-0.5673
-0.5673
-0.5673
-0.56462
-0.25895
-0.39308
0
0
0
0
0
0
-9.8492
0
0
0
0
-0.55026
9.0658
-0.50744
-0.54021
-0.5009
-0.5009
-0.5009
-0.55753
-0.53269
-0.55753
-0.49551
-0.49551
-0.59966
-0.52416
-0.52416
-0.52416
-0.52118
-0.25473
-0.37837
0
0
0
0
0
0
0
0
0
0
0
-0.55026
-0.50744
9.0658
-0.54021
-0.5009
-0.5009
-0.5009
-0.55753
-0.53269
-0.55753
-0.49551
-0.49551
-0.59966
-0.52416
-0.52416
-0.52416
-0.52118
-0.25473
-0.37837
0
0
0
0
0
0
0
0
0
0
0
-0.5588
-0.54021
-0.54021
30.6807
-0.51956
-0.51956
-0.51956
-0.56721
-0.55764
-0.56721
-0.51307
-0.51307
-0.59628
-0.54691
-0.54691
-0.54691
0
0
0
-0.1912
0
0
0
0
0
0
-11.1682
0
-11.1682
0
-0.54043
-0.5009
-0.5009
-0.51956
8.3366
-0.48933
-0.48933
-0.55867
-0.53011
-0.55867
-0.49062
-0.49062
-0.60307
-0.51801
-0.51801
-0.51801
-0.51033
0
0
0
0
0
0
0
0
0
0
0
0
0
-0.54043
-0.5009
-0.5009
-0.51956
-0.48933
8.3366
-0.48933
-0.55867
-0.53011
-0.55867
-0.49062
-0.49062
-0.60307
-0.51801
-0.51801
-0.51801
-0.51033
0
0
0
0
0
0
0
0
0
0
0
0
0
-0.54043
-0.5009
-0.5009
-0.51956
-0.48933
-0.48933
8.3366
-0.55867
-0.53011
-0.55867
-0.49062
-0.49062
-0.60307
-0.51801
-0.51801
-0.51801
-0.51033
0
0
0
0
0
0
0
0
0
0
0
0
0
-0.60296
-0.55753
-0.55753
-0.56721
-0.55867
-0.55867
-0.55867
12.6977
-0.60256
-0.6363
-0.51756
-0.51756
0
0
0
0
0
0
0
0
0
0
0
-6.4625
0
0
0
0
0
0
-0.57317
-0.53269
-0.53269
-0.55764
-0.53011
-0.53011
-0.53011
-0.60256
6.2005
-0.60256
-0.49484
-0.49484
0
0
0
0
0
0
0
-0.21923
0
0
0
0
0
0
0
0
0
0
-0.60296
-0.55753
-0.55753
-0.56721
-0.55867
-0.55867
-0.55867
-0.6363
-0.60256
12.6977
-0.51756
-0.51756
0
0
0
0
0
0
0
0
0
0
-6.4625
0
0
0
0
0
0
0
-0.53404
-0.49551
-0.49551
-0.51307
-0.49062
-0.49062
-0.49062
-0.51756
-0.49484
-0.51756
5.4673
-0.42739
0
0
0
0
0
0
0
0
0
0
0
0
0
0
0
0
0
0
-0.53404
-0.49551
-0.49551
-0.51307
-0.49062
-0.49062
-0.49062
-0.51756
-0.49484
-0.51756
-0.42739
5.4673
0
0
0
0
0
0
0
0
0
0
0
0
0
0
0
0
0
0
-0.64542
-0.59966
-0.59966
-0.59628
-0.60307
-0.60307
-0.60307
0
0
0
0
0
6.8979
0
0
0
0
0
0
0
0
0
0
0
-2.6477
0
0
0
0
0
-0.5673
-0.52416
-0.52416
-0.54691
-0.51801
-0.51801
-0.51801
0
0
0
0
0
0
3.7165
0
0
0
0
0
0
0
0
0
0
0
0
0
0
0
0
-0.5673
-0.52416
-0.52416
-0.54691
-0.51801
-0.51801
-0.51801
0
0
0
0
0
0
0
3.7165
0
0
0
0
0
0
0
0
0
0
0
0
0
0
0
-0.5673
-0.52416
-0.52416
-0.54691
-0.51801
-0.51801
-0.51801
0
0
0
0
0
0
0
0
3.7165
0
0
0
0
0
0
0
0
0
0
0
0
0
0
-0.56462
-0.52118
-0.52118
0
-0.51033
-0.51033
-0.51033
0
0
0
0
0
0
0
0
0
3.138
0
0
0
0
0
0
0
0
0
0
0
0
0
-0.25895
-0.25473
-0.25473
0
0
0
0
0
0
0
0
0
0
0
0
0
0
14.9294
0
0
-7.0805
0
0
0
0
0
0
0
0
-7.0805
-0.39308
-0.37837
-0.37837
0
0
0
0
0
0
0
0
0
0
0
0
0
0
0
1.3013
0
0
0
0
0
0
0
0
-0.15148
0
0
0
0
0
-0.1912
0
0
0
0
-0.21923
0
0
0
0
0
0
0
0
0
0
0.51494
0
-0.1045
0
0
0
0
0
0
0
0
0
0
0
0
0
0
0
0
0
0
0
0
0
0
0
0
0
-7.0805
0
0
7.0805
0
0
0
0
0
0
0
0
0
0
0
0
0
0
0
0
0
0
0
0
0
0
0
0
0
0
0
0
-0.1045
0
0.1045
0
0
0
0
0
0
0
0
0
0
0
0
0
0
0
0
0
-6.4625
0
0
0
0
0
0
0
0
0
0
0
0
6.4625
0
0
0
0
0
0
0
0
0
0
0
0
0
0
-6.4625
0
0
0
0
0
0
0
0
0
0
0
0
0
0
0
6.4625
0
0
0
0
0
0
0
0
0
0
0
0
0
0
0
0
0
0
-2.6477
0
0
0
0
0
0
0
0
0
0
0
2.6477
0
0
0
0
0
-9.8492
0
0
0
0
0
0
0
0
0
0
0
0
0
0
0
0
0
0
0
0
0
0
0
0
9.8492
0
0
0
0
0
0
0
-11.1682
0
0
0
0
0
0
0
0
0
0
0
0
0
0
0
0
0
0
0
0
0
0
11.1682
0
0
0
0
0
0
0
0
0
0
0
0
0
0
0
0
0
0
0
0
0
-0.15148
0
0
0
0
0
0
0
0
0.15148
0
0
0
0
0
-11.1682
0
0
0
0
0
0
0
0
0
0
0
0
0
0
0
0
0
0
0
0
0
0
0
0
11.1682
0
0
0
0
0
0
0
0
0
0
0
0
0
0
0
0
0
0
-7.0805
0
0
0
0
0
0
0
0
0
0
0
7.0805
