11.555
-0.5131
-0.49322
-0.46021
-0.46021
-0.47644
-0.48343
-0.67894
-0.81345
-0.81345
-0.93926
-0.45456
-0.45456
-0.93926
-0.93926
-0.45456
-0.3596
0
-0.18707
-1.6344
0
0
0
0
0
0
0
0
0
0
-0.5131
23.1631
-0.50411
-0.46724
-0.46724
-0.47707
-0.48846
-0.72028
-0.82808
-0.82808
-1.0032
-0.45282
-0.45282
-1.0032
-1.0032
-0.45282
-0.36159
0
0
0
0
0
0
0
0
0
-13.1399
0
0
0
-0.49322
-0.50411
9.7692
-0.4463
-0.4463
-0.46272
-0.49257
-0.68129
-0.83463
-0.83463
-0.89857
-0.42082
-0.42082
-0.89857
-0.89857
-0.42082
-0.34979
-0.26546
0
0
0
0
0
0
0
0
0
0
0
0
-0.46021
-0.46724
-0.4463
8.8087
-0.41084
-0.42617
-0.43625
-0.61876
-0.72025
-0.72025
-0.8562
-0.40384
-0.40384
-0.8562
-0.8562
-0.40384
-0.32228
0
0
0
0
0
0
0
0
0
0
0
0
0
-0.46021
-0.46724
-0.4463
-0.41084
8.8087
-0.42617
-0.43625
-0.61876
-0.72025
-0.72025
-0.8562
-0.40384
-0.40384
-0.8562
-0.8562
-0.40384
-0.32228
0
0
0
0
0
0
0
0
0
0
0
0
0
-0.47644
-0.47707
-0.46272
-0.42617
-0.42617
6.186
-0.44205
-0.60968
-0.70747
-0.70747
0
-0.44874
-0.44874
0
0
-0.44874
0
0
0
0
-0.1045
0
0
0
0
0
0
0
0
0
-0.48343
-0.48846
-0.49257
-0.43625
-0.43625
-0.44205
5.1123
-0.58392
-0.65864
-0.65864
0
0
0
0
0
0
0
-0.4321
0
0
0
0
0
0
0
0
0
0
0
0
-0.67894
-0.72028
-0.68129
-0.61876
-0.61876
-0.60968
-0.58392
13.3206
0
0
0
0
0
0
0
0
0
0
0
0
0
0
0
0
0
0
0
-8.809
0
0
-0.81345
-0.82808
-0.83463
-0.72025
-0.72025
-0.70747
-0.65864
0
5.2828
0
0
0
0
0
0
0
0
0
0
0
0
0
0
0
0
0
0
0
0
0
-0.81345
-0.82808
-0.83463
-0.72025
-0.72025
-0.70747
-0.65864
0
0
5.2828
0
0
0
0
0
0
0
0
0
0
0
0
0
0
0
0
0
0
0
0
-0.93926
-1.0032
-0.89857
-0.8562
-0.8562
0
0
0
0
0
10.4041
0
0
0
0
0
0
0
0
0
0
0
-5.8507
0
0
0
0
0
0
0
-0.45456
-0.45282
-0.42082
-0.40384
-0.40384
-0.44874
0
0
0
0
0
2.5846
0
0
0
0
0
0
0
0
0
0
0
0
0
0
0
0
0
0
-0.45456
-0.45282
-0.42082
-0.40384
-0.40384
-0.44874
0
0
0
0
0
0
2.5846
0
0
0
0
0
0
0
0
0
0
0
0
0
0
0
0
0
-0.93926
-1.0032
-0.89857
-0.8562
-0.8562
0
0
0
0
0
0
0
0
10.4041
0
0
0
0
0
0
0
0
0
0
0
-5.8507
0
0
0
0
-0.93926
-1.0032
-0.89857
-0.8562
-0.8562
0
0
0
0
0
0
0
0
0
10.4041
0
0
0
0
0
0
0
0
0
0
0
0
0
0
-5.8507
-0.45456
-0.45282
-0.42082
-0.40384
-0.40384
-0.44874
0
0
0
0
0
0
0
0
0
2.5846
0
0
0
0
0
0
0
0
0
0
0
0
0
0
-0.3596
-0.36159
-0.34979
-0.32228
-0.32228
0
0
0
0
0
0
0
0
0
0
0
1.7155
0
0
0
0
0
0
0
0
0
0
0
0
0
0
0
-0.26546
0
0
0
-0.4321
0
0
0
0
0
0
0
0
0
0
5.3725
-0.15148
0
0
-3.4198
0
-1.1036
0
0
0
0
0
0
-0.18707
0
0
0
0
0
0
0
0
0
0
0
0
0
0
0
0
-0.15148
0.54333
0
0
0
0
0
0
0
0
0
-0.20478
0
-1.6344
0
0
0
0
0
0
0
0
0
0
0
0
0
0
0
0
0
0
3.3344
-1.023
-0.677
0
0
0
0
0
0
0
0
0
0
0
0
0
-0.1045
0
0
0
0
0
0
0
0
0
0
0
0
0
-1.023
1.5002
0
0
0
-0.37276
0
0
0
0
0
0
0
0
0
0
0
0
0
0
0
0
0
0
0
0
0
0
-3.4198
0
-0.677
0
4.0968
0
0
0
0
0
0
0
0
0
0
0
0
0
0
0
0
0
0
-5.8507
0
0
0
0
0
0
0
0
0
0
0
5.8507
0
0
0
0
0
0
0
0
0
0
0
0
0
0
0
0
0
0
0
0
0
0
0
0
-1.1036
0
0
0
0
0
1.1036
0
0
0
0
0
0
0
0
0
0
0
0
0
0
0
0
0
0
0
0
0
0
0
0
0
0
-0.37276
0
0
0
0.37276
0
0
0
0
0
0
0
0
0
0
0
0
0
0
0
0
0
0
-5.8507
0
0
0
0
0
0
0
0
0
0
0
5.8507
0
0
0
0
0
-13.1399
0
0
0
0
0
0
0
0
0
0
0
0
0
0
0
0
0
0
0
0
0
0
0
0
13.1399
0
0
0
0
0
0
0
0
0
0
-8.809
0
0
0
0
0
0
0
0
0
0
0
0
0
0
0
0
0
0
0
8.809
0
0
0
0
0
0
0
0
0
0
0
0
0
0
0
0
0
0
0
0
-0.20478
0
0
0
0
0
0
0
0
0
0.20478
0
0
0
0
0
0
0
0
0
0
0
0
0
0
0
-5.8507
0
0
0
0
0
0
0
0
0
0
0
0
0
0
5.8507
