20.1059
-0.55463
-0.5869
-0.53778
-0.50844
-0.50879
-0.53415
-0.5051
-0.5051
-0.57681
-0.57947
-0.56167
-0.49767
-0.53345
-0.54416
0
0
-1.5454
0
0
0
0
0
-11.0264
0
0
0
0
0
0
-0.55463
8.8757
-0.55463
-0.50732
-0.4843
-0.48401
-0.50752
-0.47899
-0.47899
-0.54214
-0.54538
-0.52758
-0.48603
-0.50837
-0.51709
0
-0.17948
-1.5193
0
0
0
0
0
0
0
0
0
0
0
0
-0.5869
-0.55463
20.1059
-0.53778
-0.50844
-0.50879
-0.53415
-0.5051
-0.5051
-0.57681
-0.57947
-0.56167
-0.49767
-0.53345
-0.54416
0
0
-1.5454
0
0
0
0
0
0
-11.0264
0
0
0
0
0
-0.53778
-0.50732
-0.53778
17.3073
-0.45399
-0.45828
-0.4801
-0.45264
-0.45264
-0.51178
-0.51406
-0.49796
-0.44128
-0.47515
-0.48936
0
0
0
0
0
0
0
0
0
0
0
0
0
-10.4972
0
-0.50844
-0.4843
-0.50844
-0.45399
7.0628
-0.43621
-0.45613
-0.42956
-0.42956
-0.48828
-0.48577
-0.47291
-0.42657
-0.45066
-0.46916
0
0
0
-0.56279
0
0
0
0
0
0
0
0
0
0
0
-0.50879
-0.48401
-0.50879
-0.45828
-0.43621
6.5362
-0.46276
-0.43348
-0.43348
-0.48927
-0.49201
-0.47665
-0.43126
-0.45339
-0.46779
0
0
0
0
0
0
0
0
0
0
0
0
0
0
0
-0.53415
-0.50752
-0.53415
-0.4801
-0.45613
-0.46276
6.3477
-0.45147
-0.45147
-0.51818
-0.519
-0.5015
-0.45595
-0.47534
0
0
0
0
0
0
0
0
0
0
0
0
0
0
0
0
-0.5051
-0.47899
-0.5051
-0.45264
-0.42956
-0.43348
-0.45147
5.5608
-0.39223
-0.48831
-0.48924
-0.46969
0
-0.46502
0
0
0
0
0
0
0
0
0
0
0
0
0
0
0
0
-0.5051
-0.47899
-0.5051
-0.45264
-0.42956
-0.43348
-0.45147
-0.39223
5.5608
-0.48831
-0.48924
-0.46969
0
-0.46502
0
0
0
0
0
0
0
0
0
0
0
0
0
0
0
0
-0.57681
-0.54214
-0.57681
-0.51178
-0.48828
-0.48927
-0.51818
-0.48831
-0.48831
10.8477
0
0
0
0
0
0
0
0
0
-0.55754
0
0
0
0
0
0
-5.6102
0
0
0
-0.57947
-0.54538
-0.57947
-0.51406
-0.48577
-0.49201
-0.519
-0.48924
-0.48924
0
10.8093
0
0
0
0
0
0
0
-0.60115
0
0
0
-5.5145
0
0
0
0
0
0
0
-0.56167
-0.52758
-0.56167
-0.49796
-0.47291
-0.47665
-0.5015
-0.46969
-0.46969
0
0
9.1783
0
0
0
0
0
0
0
0
0
0
0
0
0
0
0
-4.6389
0
0
-0.49767
-0.48603
-0.49767
-0.44128
-0.42657
-0.43126
-0.45595
0
0
0
0
0
6.0883
0
0
0
-0.16912
0
0
0
0
0
0
0
0
0
0
0
0
-2.6828
-0.53345
-0.50837
-0.53345
-0.47515
-0.45066
-0.45339
-0.47534
-0.46502
-0.46502
0
0
0
0
4.3598
0
0
0
0
0
0
0
0
0
0
0
0
0
0
0
0
-0.54416
-0.51709
-0.54416
-0.48936
-0.46916
-0.46779
0
0
0
0
0
0
0
0
3.5372
0
0
0
0
-0.50543
0
0
0
0
0
0
0
0
0
0
0
0
0
0
0
0
0
0
0
0
0
0
0
0
0
4.5406
0
0
-0.44516
-0.45838
-1.9543
-1.6828
0
0
0
0
0
0
0
0
0
-0.17948
0
0
0
0
0
0
0
0
0
0
-0.16912
0
0
0
2.5752
0
0
0
-2.1221
0
0
0
0
-0.1045
0
0
0
0
-1.5454
-1.5193
-1.5454
0
0
0
0
0
0
0
0
0
0
0
0
0
0
4.61
0
0
0
0
0
0
0
0
0
0
0
0
0
0
0
0
-0.56279
0
0
0
0
0
-0.60115
0
0
0
0
-0.44516
0
0
1.6091
0
0
0
0
0
0
0
0
0
0
0
0
0
0
0
0
0
0
0
0
-0.55754
0
0
0
0
-0.50543
-0.45838
0
0
0
1.5213
0
0
0
0
0
0
0
0
0
0
0
0
0
0
0
0
0
0
0
0
0
0
0
0
0
-1.9543
-2.1221
0
0
0
4.0764
0
0
0
0
0
0
0
0
0
0
0
0
0
0
0
0
0
0
0
0
0
0
0
0
-1.6828
0
0
0
0
0
1.6828
0
0
0
0
0
0
0
0
0
0
0
0
0
0
0
0
0
0
-5.5145
0
0
0
0
0
0
0
0
0
0
0
5.5145
0
0
0
0
0
0
0
-11.0264
0
0
0
0
0
0
0
0
0
0
0
0
0
0
0
0
0
0
0
0
0
0
11.0264
0
0
0
0
0
0
0
0
-11.0264
0
0
0
0
0
0
0
0
0
0
0
0
0
0
0
0
0
0
0
0
0
11.0264
0
0
0
0
0
0
0
0
0
0
0
0
0
0
0
0
0
0
0
0
0
-0.1045
0
0
0
0
0
0
0
0
0.1045
0
0
0
0
0
0
0
0
0
0
0
0
0
-5.6102
0
0
0
0
0
0
0
0
0
0
0
0
0
0
0
0
5.6102
0
0
0
0
0
0
0
0
0
0
0
0
0
0
-4.6389
0
0
0
0
0
0
0
0
0
0
0
0
0
0
0
4.6389
0
0
0
0
0
-10.4972
0
0
0
0
0
0
0
0
0
0
0
0
0
0
0
0
0
0
0
0
0
0
0
0
10.4972
0
0
0
0
0
0
0
0
0
0
0
0
0
-2.6828
0
0
0
0
0
0
0
0
0
0
0
0
0
0
0
0
2.6828
