18.6125
-0.94758
-0.99458
-0.94758
-0.85452
-0.88125
-0.85452
-0.88125
-0.79449
-0.79449
-0.82283
-0.85264
-0.90373
-0.90373
-0.82809
-0.82809
-0.91868
-0.91868
-0.80706
-0.81073
-1.4025
0
-0.6655
0
0
0
0
0
0
0
-0.94758
18.6125
-0.99458
-0.94758
-0.85452
-0.88125
-0.85452
-0.88125
-0.79449
-0.79449
-0.82283
-0.85264
-0.90373
-0.90373
-0.82809
-0.82809
-0.91868
-0.91868
-0.80706
-0.81073
-1.4025
0
-0.6655
0
0
0
0
0
0
0
-0.99458
-0.99458
27.494
-0.99458
-0.86818
-0.88513
-0.86818
-0.88513
-0.80995
-0.80995
-0.84034
-0.87071
-0.90423
-0.90423
-0.84514
-0.84514
-0.94143
-0.94143
-0.82682
-0.8016
-1.4516
0
0
0
0
0
0
0
-9.2111
0
-0.94758
-0.94758
-0.99458
18.6125
-0.85452
-0.88125
-0.85452
-0.88125
-0.79449
-0.79449
-0.82283
-0.85264
-0.90373
-0.90373
-0.82809
-0.82809
-0.91868
-0.91868
-0.80706
-0.81073
-1.4025
0
-0.6655
0
0
0
0
0
0
0
-0.85452
-0.85452
-0.86818
-0.85452
14.8433
-0.76785
-0.7379
-0.76785
-0.69436
-0.69436
-0.71912
-0.74459
-0.77651
-0.77651
-0.723
-0.723
-0.80165
-0.80165
-0.70607
-0.69714
0
-0.27994
0
0
0
0
0
0
0
0
-0.88125
-0.88125
-0.88513
-0.88125
-0.76785
23.6154
-0.76785
-0.78
-0.71056
-0.71056
-0.73657
-0.76261
-0.78634
-0.78634
-0.74021
-0.74021
-0.82257
-0.82257
-0.72435
-0.69938
0
0
0
0
0
0
0
-8.7286
0
0
-0.85452
-0.85452
-0.86818
-0.85452
-0.7379
-0.76785
14.8433
-0.76785
-0.69436
-0.69436
-0.71912
-0.74459
-0.77651
-0.77651
-0.723
-0.723
-0.80165
-0.80165
-0.70607
-0.69714
0
-0.27994
0
0
0
0
0
0
0
0
-0.88125
-0.88125
-0.88513
-0.88125
-0.76785
-0.78
-0.76785
23.6154
-0.71056
-0.71056
-0.73657
-0.76261
-0.78634
-0.78634
-0.74021
-0.74021
-0.82257
-0.82257
-0.72435
-0.69938
0
0
0
0
0
-8.7286
0
0
0
0
-0.79449
-0.79449
-0.80995
-0.79449
-0.69436
-0.71056
-0.69436
-0.71056
13.6648
-0.65055
-0.67501
-0.69861
-0.73055
-0.73055
-0.67803
-0.67803
-0.75032
-0.75032
-0.66129
-0.65827
0
0
0
0
0
0
0
0
0
0
-0.79449
-0.79449
-0.80995
-0.79449
-0.69436
-0.71056
-0.69436
-0.71056
-0.65055
13.6648
-0.67501
-0.69861
-0.73055
-0.73055
-0.67803
-0.67803
-0.75032
-0.75032
-0.66129
-0.65827
0
0
0
0
0
0
0
0
0
0
-0.82283
-0.82283
-0.84034
-0.82283
-0.71912
-0.73657
-0.71912
-0.73657
-0.67501
-0.67501
13.4827
-0.72735
-0.76151
-0.76151
-0.70433
-0.70433
-0.78142
-0.78142
-0.6906
0
0
0
0
0
0
0
0
0
0
0
-0.85264
-0.85264
-0.87071
-0.85264
-0.74459
-0.76261
-0.74459
-0.76261
-0.69861
-0.69861
-0.72735
13.272
-0.79821
-0.79821
-0.73434
-0.73434
-0.81964
-0.81964
0
0
0
0
0
0
0
0
0
0
0
0
-0.90373
-0.90373
-0.90423
-0.90373
-0.77651
-0.78634
-0.77651
-0.78634
-0.73055
-0.73055
-0.76151
-0.79821
18.7717
-0.84508
-0.75268
-0.75268
0
0
0
0
0
0
0
-6.6592
0
0
0
0
0
0
-0.90373
-0.90373
-0.90423
-0.90373
-0.77651
-0.78634
-0.77651
-0.78634
-0.73055
-0.73055
-0.76151
-0.79821
-0.84508
18.7717
-0.75268
-0.75268
0
0
0
0
0
0
0
0
0
0
-6.6592
0
0
0
-0.82809
-0.82809
-0.84514
-0.82809
-0.723
-0.74021
-0.723
-0.74021
-0.67803
-0.67803
-0.70433
-0.73434
-0.75268
-0.75268
11.1989
-0.643
0
0
0
0
0
0
0
0
0
0
0
0
0
0
-0.82809
-0.82809
-0.84514
-0.82809
-0.723
-0.74021
-0.723
-0.74021
-0.67803
-0.67803
-0.70433
-0.73434
-0.75268
-0.75268
-0.643
11.1989
0
0
0
0
0
0
0
0
0
0
0
0
0
0
-0.91868
-0.91868
-0.94143
-0.91868
-0.80165
-0.82257
-0.80165
-0.82257
-0.75032
-0.75032
-0.78142
-0.81964
0
0
0
0
10.0476
0
0
0
0
0
0
0
0
0
0
0
0
0
-0.91868
-0.91868
-0.94143
-0.91868
-0.80165
-0.82257
-0.80165
-0.82257
-0.75032
-0.75032
-0.78142
-0.81964
0
0
0
0
0
10.0476
0
0
0
0
0
0
0
0
0
0
0
0
-0.80706
-0.80706
-0.82682
-0.80706
-0.70607
-0.72435
-0.70607
-0.72435
-0.66129
-0.66129
-0.6906
0
0
0
0
0
0
0
8.122
0
0
0
0
0
0
0
0
0
0
0
-0.81073
-0.81073
-0.8016
-0.81073
-0.69714
-0.69938
-0.69714
-0.69938
-0.65827
-0.65827
0
0
0
0
0
0
0
0
0
9.2203
0
0
0
0
0
0
0
0
0
-1.8769
-1.4025
-1.4025
-1.4516
-1.4025
0
0
0
0
0
0
0
0
0
0
0
0
0
0
0
0
5.659
0
0
0
0
0
0
0
0
0
0
0
0
0
-0.27994
0
-0.27994
0
0
0
0
0
0
0
0
0
0
0
0
0
0
0.66438
0
0
-0.1045
0
0
0
0
0
-0.6655
-0.6655
0
-0.6655
0
0
0
0
0
0
0
0
0
0
0
0
0
0
0
0
0
0
1.9965
0
0
0
0
0
0
0
0
0
0
0
0
0
0
0
0
0
0
0
-6.6592
0
0
0
0
0
0
0
0
0
0
6.6592
0
0
0
0
0
0
0
0
0
0
0
0
0
0
0
0
0
0
0
0
0
0
0
0
0
0
0
-0.1045
0
0
0.1045
0
0
0
0
0
0
0
0
0
0
0
0
-8.7286
0
0
0
0
0
0
0
0
0
0
0
0
0
0
0
0
0
8.7286
0
0
0
0
0
0
0
0
0
0
0
0
0
0
0
0
0
-6.6592
0
0
0
0
0
0
0
0
0
0
0
0
6.6592
0
0
0
0
0
0
0
0
-8.7286
0
0
0
0
0
0
0
0
0
0
0
0
0
0
0
0
0
0
0
0
0
8.7286
0
0
0
0
-9.2111
0
0
0
0
0
0
0
0
0
0
0
0
0
0
0
0
0
0
0
0
0
0
0
0
0
9.2111
0
0
0
0
0
0
0
0
0
0
0
0
0
0
0
0
0
0
0
0
-1.8769
0
0
0
0
0
0
0
0
0
1.8769
