9.0329
-0.1
-0.10001
-0.1
-0.12865
-0.10001
-0.4245
-0.31093
-0.61065
-0.62016
-0.62016
-0.97241
0
0
0
-1.0906
-1.5611
0
0
0
0
0
0
0
-2.2937
0
0
0
0
0
-0.1
8.0057
-0.10002
-0.10008
-0.27288
-0.1
-0.51433
-0.87807
-0.62943
-0.8501
-0.8501
0
0
0
0
0
-1.3891
-1.8404
0
-0.38123
0
0
0
0
0
0
0
0
0
0
-0.10001
-0.10002
11.2687
-0.2309
-0.30475
-0.34262
-0.41117
-0.38849
-0.73315
-0.62872
-0.62872
0
0
0
0
0
0
0
0
0
0
0
-2.2744
0
0
-2.0965
0
0
0
-3.0292
-0.1
-0.10008
-0.2309
10.0342
-0.33031
-0.31333
-0.43733
-0.67549
-0.50189
-0.77442
-0.77442
0
0
0
0
-1.0812
0
0
-1.6161
0
0
0
0
0
0
0
0
0
-3.0987
0
-0.12865
-0.27288
-0.30475
-0.33031
7.0487
-0.28704
-0.231
-1.0235
-0.74722
-0.75805
-0.75805
0
0
0
-0.30601
0
0
0
0
0
0
0
0
-1.9013
0
0
0
0
0
0
-0.10001
-0.1
-0.34262
-0.31333
-0.28704
6.0289
-0.38984
-0.75086
-0.66765
-0.78632
-0.78632
0
0
0
0
0
-1.5049
0
0
0
0
0
0
0
0
0
0
0
0
0
-0.4245
-0.51433
-0.41117
-0.43733
-0.231
-0.38984
5.609
-0.81491
-0.67893
-0.85347
-0.85347
0
0
0
0
0
0
0
0
0
0
0
0
0
0
0
0
0
0
0
-0.31093
-0.87807
-0.38849
-0.67549
-1.0235
-0.75086
-0.81491
6.2352
0
0
0
-1.393
0
0
0
0
0
0
0
0
0
0
0
0
0
0
0
0
0
0
-0.61065
-0.62943
-0.73315
-0.50189
-0.74722
-0.66765
-0.67893
0
6.6586
0
0
0
0
0
0
0
0
0
0
0
0
-2.0897
0
0
0
0
0
0
0
0
-0.62016
-0.8501
-0.62872
-0.77442
-0.75805
-0.78632
-0.85347
0
0
5.2712
0
0
0
0
0
0
0
0
0
0
0
0
0
0
0
0
0
0
0
0
-0.62016
-0.8501
-0.62872
-0.77442
-0.75805
-0.78632
-0.85347
0
0
0
5.2712
0
0
0
0
0
0
0
0
0
0
0
0
0
0
0
0
0
0
0
-0.97241
0
0
0
0
0
0
-1.393
0
0
0
6.8802
-0.75844
0
0
0
0
-1.7431
0
0
0
0
-2.0132
0
0
0
0
0
0
0
0
0
0
0
0
0
0
0
0
0
0
-0.75844
6.9728
0
0
0
0
-1.5168
-1.5559
-1.0441
0
0
0
-2.0976
0
0
0
0
0
0
0
0
0
0
0
0
0
0
0
0
0
0
0
7.1691
-1.5597
0
0
0
0
0
-2.1759
0
0
0
-1.7506
-1.6829
0
0
0
0
0
0
0
0
-0.30601
0
0
0
0
0
0
0
0
-1.5597
5.9205
-1.3698
0
0
0
0
0
0
0
0
0
0
0
-2.6849
0
0
-1.0906
0
0
-1.0812
0
0
0
0
0
0
0
0
0
0
-1.3698
5.3556
0
0
-1.814
0
0
0
0
0
0
0
0
0
0
0
-1.5611
-1.3891
0
0
0
-1.5049
0
0
0
0
0
0
0
0
0
0
4.4551
0
0
0
0
0
0
0
0
0
0
0
0
0
0
-1.8404
0
0
0
0
0
0
0
0
0
-1.7431
-1.5168
0
0
0
0
5.1003
0
0
0
0
0
0
0
0
0
0
0
0
0
0
0
-1.6161
0
0
0
0
0
0
0
0
-1.5559
0
0
-1.814
0
0
4.986
0
0
0
0
0
0
0
0
0
0
0
0
-0.38123
0
0
0
0
0
0
0
0
0
0
-1.0441
0
0
0
0
0
0
3.3147
0
0
0
0
0
0
-1.8894
0
0
0
0
0
0
0
0
0
0
0
0
0
0
0
0
-2.1759
0
0
0
0
0
0
4.3275
-2.1517
0
0
0
0
0
0
0
0
0
0
0
0
0
0
0
0
-2.0897
0
0
0
0
0
0
0
0
0
0
0
-2.1517
4.2414
0
0
0
0
0
0
0
0
0
0
-2.2744
0
0
0
0
0
0
0
0
-2.0132
0
0
0
0
0
0
0
0
0
0
4.2877
0
0
0
0
0
0
0
0
0
0
0
-1.9013
0
0
0
0
0
0
0
-2.0976
0
0
0
0
0
0
0
0
0
0
3.9989
0
0
0
0
0
0
-2.2937
0
0
0
0
0
0
0
0
0
0
0
0
-1.7506
0
0
0
0
0
0
0
0
0
0
4.0444
0
0
0
0
0
0
0
-2.0965
0
0
0
0
0
0
0
0
0
0
-1.6829
0
0
0
0
0
0
0
0
0
0
0
3.7794
0
0
0
0
0
0
0
0
0
0
0
0
0
0
0
0
0
0
0
0
0
0
0
-1.8894
0
0
0
0
0
0
1.8894
0
0
0
0
0
0
0
0
0
0
0
0
0
0
0
0
0
-2.6849
0
0
0
0
0
0
0
0
0
0
0
0
2.6849
0
0
0
0
0
-3.0987
0
0
0
0
0
0
0
0
0
0
0
0
0
0
0
0
0
0
0
0
0
0
0
0
3.0987
0
0
0
-3.0292
0
0
0
0
0
0
0
0
0
0
0
0
0
0
0
0
0
0
0
0
0
0
0
0
0
0
3.0292
