17.7353
-0.76679
-0.76231
-0.74715
-0.72897
-0.79103
-0.79103
-0.77107
-0.70808
-0.84239
-0.79072
-0.79072
-0.9392
-0.7259
-0.7259
-0.7259
-0.7259
-0.97958
-0.87037
-0.62931
-0.62931
-0.25919
-2.0345
0
0
0
0
0
0
0
-0.76679
15.3257
-0.75291
-0.72743
-0.71131
-0.76769
-0.76769
-0.75253
-0.69135
-0.81574
-0.77131
-0.77131
-0.90632
-0.70934
-0.70934
-0.70934
-0.70934
-0.95634
-0.84109
-0.61738
-0.61738
-0.25376
0
0
0
0
0
0
0
0
-0.76231
-0.75291
17.1844
-0.73643
-0.71552
-0.77919
-0.77919
-0.75714
-0.69566
-0.83066
-0.77601
-0.77601
-0.92578
-0.71251
-0.71251
-0.71251
-0.71251
-0.95655
-0.85954
-0.6166
-0.6166
0
-1.9983
0
0
0
0
0
0
0
-0.74715
-0.72743
-0.73643
23.4508
-0.6982
-0.74414
-0.74414
-0.7305
-0.67139
-0.78932
-0.74807
-0.74807
-0.87266
-0.68887
-0.68887
-0.68887
-0.68887
-0.92254
0
-0.60518
-0.60518
0
0
0
0
0
-9.6049
0
0
0
-0.72897
-0.71131
-0.71552
-0.6982
14.3942
-0.73258
-0.73258
-0.7172
-0.65978
-0.77904
-0.73417
-0.73417
-0.86427
-0.67604
-0.67604
-0.67604
-0.67604
-0.90145
-0.80429
-0.58824
-0.58824
0
0
0
0
0
0
0
0
0
-0.79103
-0.76769
-0.77919
-0.74414
-0.73258
21.2782
-0.81494
-0.80199
-0.70679
-0.8315
-0.79229
-0.79229
-0.91945
-0.72894
-0.72894
-0.72894
-0.72894
0
0
0
0
0
0
0
0
0
0
-8.8886
0
0
-0.79103
-0.76769
-0.77919
-0.74414
-0.73258
-0.81494
21.2782
-0.80199
-0.70679
-0.8315
-0.79229
-0.79229
-0.91945
-0.72894
-0.72894
-0.72894
-0.72894
0
0
0
0
0
0
0
0
-8.8886
0
0
0
0
-0.77107
-0.75253
-0.75714
-0.7305
-0.7172
-0.80199
-0.80199
13.1388
-0.69327
-0.8257
-0.77555
-0.77555
-0.91893
-0.7128
-0.7128
-0.7128
-0.7128
-0.9662
0
0
0
0
0
0
0
0
0
0
0
0
-0.70808
-0.69135
-0.69566
-0.67139
-0.65978
-0.70679
-0.70679
-0.69327
11.0914
-0.74196
-0.70218
-0.70218
-0.82118
-0.64771
-0.64771
-0.64771
-0.64771
0
0
0
0
0
0
0
0
0
0
0
0
0
-0.84239
-0.81574
-0.83066
-0.78932
-0.77904
-0.8315
-0.8315
-0.8257
-0.74196
15.2974
-0.81257
-0.81257
0
0
0
0
0
0
0
0
0
0
0
0
-6.3844
0
0
0
0
0
-0.79072
-0.77131
-0.77601
-0.74807
-0.73417
-0.79229
-0.79229
-0.77555
-0.70218
-0.81257
8.3832
-0.68805
0
0
0
0
0
0
0
0
0
0
0
0
0
0
0
0
0
0
-0.79072
-0.77131
-0.77601
-0.74807
-0.73417
-0.79229
-0.79229
-0.77555
-0.70218
-0.81257
-0.68805
8.3832
0
0
0
0
0
0
0
0
0
0
0
0
0
0
0
0
0
0
-0.9392
-0.90632
-0.92578
-0.87266
-0.86427
-0.91945
-0.91945
-0.91893
-0.82118
0
0
0
12.9408
0
0
0
0
0
0
0
0
0
0
0
0
0
0
0
-4.8536
0
-0.7259
-0.70934
-0.71251
-0.68887
-0.67604
-0.72894
-0.72894
-0.7128
-0.64771
0
0
0
0
6.331
0
0
0
0
0
0
0
0
0
0
0
0
0
0
0
0
-0.7259
-0.70934
-0.71251
-0.68887
-0.67604
-0.72894
-0.72894
-0.7128
-0.64771
0
0
0
0
0
6.331
0
0
0
0
0
0
0
0
0
0
0
0
0
0
0
-0.7259
-0.70934
-0.71251
-0.68887
-0.67604
-0.72894
-0.72894
-0.7128
-0.64771
0
0
0
0
0
0
6.331
0
0
0
0
0
0
0
0
0
0
0
0
0
0
-0.7259
-0.70934
-0.71251
-0.68887
-0.67604
-0.72894
-0.72894
-0.7128
-0.64771
0
0
0
0
0
0
0
6.331
0
0
0
0
0
0
0
0
0
0
0
0
0
-0.97958
-0.95634
-0.95655
-0.92254
-0.90145
0
0
-0.9662
0
0
0
0
0
0
0
0
0
5.6827
0
0
0
0
0
0
0
0
0
0
0
0
-0.87037
-0.84109
-0.85954
0
-0.80429
0
0
0
0
0
0
0
0
0
0
0
0
0
3.4992
0
0
0
0
0
0
0
0
0
0
-0.1239
-0.62931
-0.61738
-0.6166
-0.60518
-0.58824
0
0
0
0
0
0
0
0
0
0
0
0
0
0
3.0567
0
0
0
0
0
0
0
0
0
0
-0.62931
-0.61738
-0.6166
-0.60518
-0.58824
0
0
0
0
0
0
0
0
0
0
0
0
0
0
0
3.0567
0
0
0
0
0
0
0
0
0
-0.25919
-0.25376
0
0
0
0
0
0
0
0
0
0
0
0
0
0
0
0
0
0
0
0.61744
0
-0.1045
0
0
0
0
0
0
-2.0345
0
-1.9983
0
0
0
0
0
0
0
0
0
0
0
0
0
0
0
0
0
0
0
4.0328
0
0
0
0
0
0
0
0
0
0
0
0
0
0
0
0
0
0
0
0
0
0
0
0
0
0
0
0
-0.1045
0
0.1045
0
0
0
0
0
0
0
0
0
0
0
0
0
0
0
-6.3844
0
0
0
0
0
0
0
0
0
0
0
0
0
0
6.3844
0
0
0
0
0
0
0
0
0
0
0
-8.8886
0
0
0
0
0
0
0
0
0
0
0
0
0
0
0
0
0
0
8.8886
0
0
0
0
0
0
0
-9.6049
0
0
0
0
0
0
0
0
0
0
0
0
0
0
0
0
0
0
0
0
0
0
9.6049
0
0
0
0
0
0
0
0
-8.8886
0
0
0
0
0
0
0
0
0
0
0
0
0
0
0
0
0
0
0
0
0
8.8886
0
0
0
0
0
0
0
0
0
0
0
0
0
0
-4.8536
0
0
0
0
0
0
0
0
0
0
0
0
0
0
0
4.8536
0
0
0
0
0
0
0
0
0
0
0
0
0
0
0
0
0
0
0
-0.1239
0
0
0
0
0
0
0
0
0
0
0.1239
