25.1996
-0.76773
-0.79749
-0.78668
-0.78668
-0.78106
-0.78106
-0.76398
-0.75291
-0.75291
-0.72485
-0.73455
-0.79491
-0.79491
-0.75098
-0.7694
-0.71517
-0.8515
-0.65422
0
-0.9106
-0.9106
0
-9.6174
0
0
0
0
0
0
-0.76773
15.1702
-0.77254
-0.76081
-0.76081
-0.75521
-0.75521
-0.74239
-0.72851
-0.72851
-0.70158
-0.7109
-0.77353
-0.77353
-0.72576
-0.74317
-0.69372
-0.81946
-0.63606
0
-0.91038
-0.91038
0
0
0
0
0
0
0
0
-0.79749
-0.77254
23.0573
-0.79133
-0.79133
-0.78386
-0.78386
-0.77053
-0.75567
-0.75567
-0.7264
-0.73626
-0.80232
-0.80232
-0.75224
-0.77062
-0.72969
-0.85104
-0.67823
0
0
0
0
0
0
0
0
0
0
-9.206
-0.78668
-0.76081
-0.79133
13.597
-0.77025
-0.76668
-0.76668
-0.75911
-0.73956
-0.73956
-0.71098
-0.72072
-0.79181
-0.79181
-0.73543
-0.75305
-0.7164
-0.82873
-0.66743
0
0
0
0
0
0
0
0
0
0
0
-0.78668
-0.76081
-0.79133
-0.77025
13.597
-0.76668
-0.76668
-0.75911
-0.73956
-0.73956
-0.71098
-0.72072
-0.79181
-0.79181
-0.73543
-0.75305
-0.7164
-0.82873
-0.66743
0
0
0
0
0
0
0
0
0
0
0
-0.78106
-0.75521
-0.78386
-0.76668
-0.76668
12.8215
-0.75672
-0.75328
-0.73268
-0.73268
-0.70432
-0.71426
-0.78485
-0.78485
-0.72929
-0.74666
-0.7067
-0.82171
0
0
0
0
0
0
0
0
0
0
0
0
-0.78106
-0.75521
-0.78386
-0.76668
-0.76668
-0.75672
12.8215
-0.75328
-0.73268
-0.73268
-0.70432
-0.71426
-0.78485
-0.78485
-0.72929
-0.74666
-0.7067
-0.82171
0
0
0
0
0
0
0
0
0
0
0
0
-0.76398
-0.74239
-0.77053
-0.75911
-0.75911
-0.75328
-0.75328
19.4698
-0.73424
-0.73424
-0.68402
-0.69359
-0.74864
-0.74864
-0.7082
-0.72559
0
0
0
0
0
0
0
0
-8.3909
0
0
0
0
0
-0.75291
-0.72851
-0.75567
-0.73956
-0.73956
-0.73268
-0.73268
-0.73424
11.5464
-0.68669
-0.6737
-0.68362
-0.74824
-0.74824
-0.69768
-0.71399
-0.67847
0
0
0
0
0
0
0
0
0
0
0
0
0
-0.75291
-0.72851
-0.75567
-0.73956
-0.73956
-0.73268
-0.73268
-0.73424
-0.68669
11.5464
-0.6737
-0.68362
-0.74824
-0.74824
-0.69768
-0.71399
-0.67847
0
0
0
0
0
0
0
0
0
0
0
0
0
-0.72485
-0.70158
-0.7264
-0.71098
-0.71098
-0.70432
-0.70432
-0.68402
-0.6737
-0.6737
10.4394
-0.65481
-0.71069
-0.71069
-0.66612
-0.68222
0
0
0
0
0
0
0
0
0
0
0
0
0
0
-0.73455
-0.7109
-0.73626
-0.72072
-0.72072
-0.71426
-0.71426
-0.69359
-0.68362
-0.68362
-0.65481
9.8777
-0.7189
-0.7189
-0.6726
0
0
0
0
0
0
0
0
0
0
0
0
0
0
0
-0.79491
-0.77353
-0.80232
-0.79181
-0.79181
-0.78485
-0.78485
-0.74864
-0.74824
-0.74824
-0.71069
-0.7189
16.3584
0
0
0
0
0
0
0
0
0
0
0
0
0
0
0
-7.1596
0
-0.79491
-0.77353
-0.80232
-0.79181
-0.79181
-0.78485
-0.78485
-0.74864
-0.74824
-0.74824
-0.71069
-0.7189
0
16.3584
0
0
0
0
0
0
0
0
0
0
0
0
0
-7.1596
0
0
-0.75098
-0.72576
-0.75224
-0.73543
-0.73543
-0.72929
-0.72929
-0.7082
-0.69768
-0.69768
-0.66612
-0.6726
0
0
8.6007
0
0
0
0
0
0
0
0
0
0
0
0
0
0
0
-0.7694
-0.74317
-0.77062
-0.75305
-0.75305
-0.74666
-0.74666
-0.72559
-0.71399
-0.71399
-0.68222
0
0
0
0
8.1184
0
0
0
0
0
0
0
0
0
0
0
0
0
0
-0.71517
-0.69372
-0.72969
-0.7164
-0.7164
-0.7067
-0.7067
0
-0.67847
-0.67847
0
0
0
0
0
0
6.5841
0
0
-0.24234
0
0
0
0
0
0
0
0
0
0
-0.8515
-0.81946
-0.85104
-0.82873
-0.82873
-0.82171
-0.82171
0
0
0
0
0
0
0
0
0
0
5.8229
0
0
0
0
0
0
0
0
0
0
0
0
-0.65422
-0.63606
-0.67823
-0.66743
-0.66743
0
0
0
0
0
0
0
0
0
0
0
0
0
3.6046
-0.30126
0
0
0
0
0
0
0
0
0
0
0
0
0
0
0
0
0
0
0
0
0
0
0
0
0
0
-0.24234
0
-0.30126
0.6481
0
0
0
0
0
-0.1045
0
0
0
0
-0.9106
-0.91038
0
0
0
0
0
0
0
0
0
0
0
0
0
0
0
0
0
0
3.1911
0
-1.3701
0
0
0
0
0
0
0
-0.9106
-0.91038
0
0
0
0
0
0
0
0
0
0
0
0
0
0
0
0
0
0
0
3.1911
0
0
0
0
-1.3701
0
0
0
0
0
0
0
0
0
0
0
0
0
0
0
0
0
0
0
0
0
0
0
-1.3701
0
1.3701
0
0
0
0
0
0
0
-9.6174
0
0
0
0
0
0
0
0
0
0
0
0
0
0
0
0
0
0
0
0
0
0
9.6174
0
0
0
0
0
0
0
0
0
0
0
0
0
-8.3909
0
0
0
0
0
0
0
0
0
0
0
0
0
0
0
0
8.3909
0
0
0
0
0
0
0
0
0
0
0
0
0
0
0
0
0
0
0
0
0
0
0
0
-0.1045
0
0
0
0
0
0.1045
0
0
0
0
0
0
0
0
0
0
0
0
0
0
0
0
0
0
0
0
0
0
0
0
0
-1.3701
0
0
0
0
1.3701
0
0
0
0
0
0
0
0
0
0
0
0
0
0
0
0
-7.1596
0
0
0
0
0
0
0
0
0
0
0
0
0
7.1596
0
0
0
0
0
0
0
0
0
0
0
0
0
0
-7.1596
0
0
0
0
0
0
0
0
0
0
0
0
0
0
0
7.1596
0
0
0
-9.206
0
0
0
0
0
0
0
0
0
0
0
0
0
0
0
0
0
0
0
0
0
0
0
0
0
0
9.206
