25.7735
-0.65855
-0.64301
-0.62297
-0.70575
-0.73137
-0.71299
-0.67844
-0.67844
-0.63408
-0.63408
-0.71105
-1.3707
-1.1009
-1.1781
0
-0.7547
-0.7547
-0.7547
0
-1.1911
0
-0.98651
-1.0419
0
0
0
0
-9.2295
0
-0.65855
15.2742
-0.63806
-0.61818
-0.71819
-0.72594
-0.71656
-0.6737
-0.6737
-0.62947
-0.62947
-0.70265
-1.4075
-1.0857
-1.1694
0
-0.745
-0.745
-0.745
0
0
0
-0.96167
-1.0305
0
0
0
0
0
0
-0.64301
-0.63806
13.96
-0.60116
-0.6955
-0.70553
-0.69849
-0.65479
-0.65479
-0.61161
-0.61161
-0.6829
-1.3755
-1.0545
-1.1856
0
-0.72055
-0.72055
-0.72055
0
0
0
0
-0.98525
0
0
0
0
0
0
-0.62297
-0.61818
-0.60116
12.5312
-0.66717
-0.67957
-0.67171
-0.63054
-0.63054
-0.58871
-0.58871
-0.65658
-1.3313
-1.0143
-1.1479
0
-0.69395
-0.69395
-0.69395
0
0
0
0
0
0
0
0
0
0
0
-0.70575
-0.71819
-0.6955
-0.66717
13.3287
-0.77856
-0.76516
-0.71774
-0.71774
-0.64701
-0.64701
0
0
0
0
0
0
0
0
-2.1381
-1.2064
0
0
0
0
-2.9243
0
0
0
0
-0.73137
-0.72594
-0.70553
-0.67957
-0.77856
8.915
-0.79724
-0.68922
-0.68922
-0.63853
-0.63853
-0.70896
0
-1.1323
0
0
0
0
0
0
0
0
0
0
0
0
0
0
0
0
-0.71299
-0.71656
-0.69849
-0.67171
-0.76516
-0.79724
8.138
-0.68135
-0.68135
-0.63081
-0.63081
-0.70192
0
0
0
-0.44962
0
0
0
0
0
0
0
0
0
0
0
0
0
0
-0.67844
-0.6737
-0.65479
-0.63054
-0.71774
-0.68922
-0.68135
7.0945
-0.63521
-0.55523
-0.55523
-0.62305
0
0
0
0
0
0
0
0
0
0
0
0
0
0
0
0
0
0
-0.67844
-0.6737
-0.65479
-0.63054
-0.71774
-0.68922
-0.68135
-0.63521
7.0945
-0.55523
-0.55523
-0.62305
0
0
0
0
0
0
0
0
0
0
0
0
0
0
0
0
0
0
-0.63408
-0.62947
-0.61161
-0.58871
-0.64701
-0.63853
-0.63081
-0.55523
-0.55523
5.9751
-0.48447
0
0
0
0
0
0
0
0
0
0
0
0
0
0
0
0
0
0
0
-0.63408
-0.62947
-0.61161
-0.58871
-0.64701
-0.63853
-0.63081
-0.55523
-0.55523
-0.48447
5.9751
0
0
0
0
0
0
0
0
0
0
0
0
0
0
0
0
0
0
0
-0.71105
-0.70265
-0.6829
-0.65658
0
-0.70896
-0.70192
-0.62305
-0.62305
0
0
5.4102
0
0
0
0
0
0
0
0
0
0
0
0
0
0
0
0
0
0
-1.3707
-1.4075
-1.3755
-1.3313
0
0
0
0
0
0
0
0
8.9325
0
0
0
0
0
0
0
0
0
0
0
0
0
-3.4476
0
0
0
-1.1009
-1.0857
-1.0545
-1.0143
0
-1.1323
0
0
0
0
0
0
0
5.3877
0
0
0
0
0
0
0
0
0
0
0
0
0
0
0
0
-1.1781
-1.1694
-1.1856
-1.1479
0
0
0
0
0
0
0
0
0
0
6.8784
0
0
0
0
0
0
-2.1974
0
0
0
0
0
0
0
0
0
0
0
0
0
0
-0.44962
0
0
0
0
0
0
0
0
9.7003
0
0
0
0
0
-1.9346
0
0
-4.487
0
0
-2.829
0
0
-0.7547
-0.745
-0.72055
-0.69395
0
0
0
0
0
0
0
0
0
0
0
0
2.9142
0
0
0
0
0
0
0
0
0
0
0
0
0
-0.7547
-0.745
-0.72055
-0.69395
0
0
0
0
0
0
0
0
0
0
0
0
0
2.9142
0
0
0
0
0
0
0
0
0
0
0
0
-0.7547
-0.745
-0.72055
-0.69395
0
0
0
0
0
0
0
0
0
0
0
0
0
0
2.9142
0
0
0
0
0
0
0
0
0
0
0
0
0
0
0
-2.1381
0
0
0
0
0
0
0
0
0
0
0
0
0
0
5.1234
0
-1.0008
-1.9846
0
0
0
0
0
0
0
-1.1911
0
0
0
-1.2064
0
0
0
0
0
0
0
0
0
0
0
0
0
0
0
4.3453
0
0
0
0
0
0
0
0
-1.9478
0
0
0
0
0
0
0
0
0
0
0
0
0
0
-2.1974
-1.9346
0
0
0
-1.0008
0
5.1328
0
0
0
0
0
0
0
0
-0.98651
-0.96167
0
0
0
0
0
0
0
0
0
0
0
0
0
0
0
0
0
-1.9846
0
0
3.9328
0
0
0
0
0
0
0
-1.0419
-1.0305
-0.98525
0
0
0
0
0
0
0
0
0
0
0
0
0
0
0
0
0
0
0
0
3.0576
0
0
0
0
0
0
0
0
0
0
0
0
0
0
0
0
0
0
0
0
0
-4.487
0
0
0
0
0
0
0
0
4.7029
-0.21583
0
0
0
0
0
0
0
0
-2.9243
0
0
0
0
0
0
0
0
0
0
0
0
0
0
0
0
0
0
0
-0.21583
3.1401
0
0
0
0
0
0
0
0
0
0
0
0
0
0
0
0
-3.4476
0
0
0
0
0
0
0
0
0
0
0
0
0
3.4476
0
0
0
0
0
0
0
0
0
0
0
0
0
0
0
0
0
0
-2.829
0
0
0
0
0
0
0
0
0
0
0
2.829
0
0
-9.2295
0
0
0
0
0
0
0
0
0
0
0
0
0
0
0
0
0
0
0
0
0
0
0
0
0
0
0
9.2295
0
0
0
0
0
0
0
0
0
0
0
0
0
0
0
0
0
0
0
0
0
-1.9478
0
0
0
0
0
0
0
0
1.9478
