17.8391
-0.5924
-0.5827
-0.5924
-0.5827
-0.5827
-0.53742
-0.53267
-0.53742
-0.54087
-0.55816
-0.55816
-0.54933
-0.53372
-0.57071
-0.56465
-0.55135
-0.37764
-0.24546
0
0
0
0
0
0
-8.2486
0
0
0
0
-0.5924
16.2612
-0.60047
-0.61566
-0.60047
-0.60047
-0.54858
-0.55995
-0.54858
-0.56498
-0.58039
-0.58039
-0.56617
-0.54936
-0.58815
-0.56944
-0.56669
0
0
0
-7.029
0
0
0
0
0
0
0
0
0
-0.5827
-0.60047
9.4154
-0.60047
-0.56981
-0.56981
-0.53766
-0.5525
-0.53766
-0.55796
-0.56687
-0.56687
-0.55496
-0.539
-0.5767
-0.56151
-0.55604
-0.38441
0
0
0
0
0
0
0
0
0
0
0
0
-0.5924
-0.61566
-0.60047
16.2612
-0.60047
-0.60047
-0.54858
-0.55995
-0.54858
-0.56498
-0.58039
-0.58039
-0.56617
-0.54936
-0.58815
-0.56944
-0.56669
0
0
0
0
0
0
0
0
0
0
0
-7.029
0
-0.5827
-0.60047
-0.56981
-0.60047
9.4154
-0.56981
-0.53766
-0.5525
-0.53766
-0.55796
-0.56687
-0.56687
-0.55496
-0.539
-0.5767
-0.56151
-0.55604
-0.38441
0
0
0
0
0
0
0
0
0
0
0
0
-0.5827
-0.60047
-0.56981
-0.60047
-0.56981
9.4154
-0.53766
-0.5525
-0.53766
-0.55796
-0.56687
-0.56687
-0.55496
-0.539
-0.5767
-0.56151
-0.55604
-0.38441
0
0
0
0
0
0
0
0
0
0
0
0
-0.53742
-0.54858
-0.53766
-0.54858
-0.53766
-0.53766
8.3688
-0.50891
-0.49476
-0.50977
-0.52169
-0.52169
-0.51279
-0.49819
-0.5283
-0.51465
-0.5104
0
0
0
0
0
0
0
0
0
0
0
0
0
-0.53267
-0.55995
-0.5525
-0.55995
-0.5525
-0.5525
-0.50891
25.0079
-0.50891
-0.47954
-0.51207
-0.51207
-0.51246
-0.49581
-0.52888
0
0
0
0
-8.8196
0
0
0
0
0
0
0
0
0
-8.8196
-0.53742
-0.54858
-0.53766
-0.54858
-0.53766
-0.53766
-0.49476
-0.50891
8.3688
-0.50977
-0.52169
-0.52169
-0.51279
-0.49819
-0.5283
-0.51465
-0.5104
0
0
0
0
0
0
0
0
0
0
0
0
0
-0.54087
-0.56498
-0.55796
-0.56498
-0.55796
-0.55796
-0.50977
-0.47954
-0.50977
23.9112
-0.53479
-0.53479
-0.53064
-0.50836
0
0
0
0
0
0
0
-8.4794
-8.4794
0
0
0
0
0
0
0
-0.55816
-0.58039
-0.56687
-0.58039
-0.56687
-0.56687
-0.52169
-0.51207
-0.52169
-0.53479
12.3602
-0.53833
-0.53308
-0.50558
0
0
0
0
0
0
0
0
0
0
0
0
-5.2734
0
0
0
-0.55816
-0.58039
-0.56687
-0.58039
-0.56687
-0.56687
-0.52169
-0.51207
-0.52169
-0.53479
-0.53833
12.3602
-0.53308
-0.50558
0
0
0
0
0
0
0
0
0
0
-5.2734
0
0
0
0
0
-0.54933
-0.56617
-0.55496
-0.56617
-0.55496
-0.55496
-0.51279
-0.51246
-0.51279
-0.53064
-0.53308
-0.53308
7.5252
-0.50245
-0.54142
0
0
0
0
0
0
0
0
0
0
0
0
0
0
0
-0.53372
-0.54936
-0.539
-0.54936
-0.539
-0.539
-0.49819
-0.49581
-0.49819
-0.50836
-0.50558
-0.50558
-0.50245
6.7636
0
0
0
0
0
0
0
0
0
0
0
0
0
0
0
0
-0.57071
-0.58815
-0.5767
-0.58815
-0.5767
-0.5767
-0.5283
-0.52888
-0.5283
0
0
0
-0.54142
0
5.604
0
0
0
0
0
0
0
0
0
0
0
0
0
0
0
-0.56465
-0.56944
-0.56151
-0.56944
-0.56151
-0.56151
-0.51465
0
-0.51465
0
0
0
0
0
0
4.6817
0
0
-0.26431
0
0
0
0
0
0
0
0
0
0
0
-0.55135
-0.56669
-0.55604
-0.56669
-0.55604
-0.55604
-0.5104
0
-0.5104
0
0
0
0
0
0
0
4.3736
0
0
0
0
0
0
0
0
0
0
0
0
0
-0.37764
0
-0.38441
0
-0.38441
-0.38441
0
0
0
0
0
0
0
0
0
0
0
1.6354
0
0
0
0
0
-0.1045
0
0
0
0
0
0
-0.24546
0
0
0
0
0
0
0
0
0
0
0
0
0
0
-0.26431
0
0
0.69281
0
0
0
0
0
0
0
0
-0.18304
0
0
0
0
0
0
0
0
0
-8.8196
0
0
0
0
0
0
0
0
0
0
0
8.8196
0
0
0
0
0
0
0
0
0
0
0
-7.029
0
0
0
0
0
0
0
0
0
0
0
0
0
0
0
0
0
0
7.029
0
0
0
0
0
0
0
0
0
0
0
0
0
0
0
0
0
0
-8.4794
0
0
0
0
0
0
0
0
0
0
0
8.4794
0
0
0
0
0
0
0
0
0
0
0
0
0
0
0
0
0
-8.4794
0
0
0
0
0
0
0
0
0
0
0
0
8.4794
0
0
0
0
0
0
0
0
0
0
0
0
0
0
0
0
0
0
0
0
0
0
0
0
-0.1045
0
0
0
0
0
0.1045
0
0
0
0
0
0
0
0
0
0
0
0
0
0
0
0
0
-5.2734
0
0
0
0
0
0
0
0
0
0
0
0
5.2734
0
0
0
0
0
-8.2486
0
0
0
0
0
0
0
0
0
0
0
0
0
0
0
0
0
0
0
0
0
0
0
0
8.2486
0
0
0
0
0
0
0
0
0
0
0
0
0
0
-5.2734
0
0
0
0
0
0
0
0
0
0
0
0
0
0
0
5.2734
0
0
0
0
0
0
0
0
0
0
0
0
0
0
0
0
0
0
0
0
0
-0.18304
0
0
0
0
0
0
0
0
0.18304
0
0
0
0
0
-7.029
0
0
0
0
0
0
0
0
0
0
0
0
0
0
0
0
0
0
0
0
0
0
0
0
7.029
0
0
0
0
0
0
0
0
-8.8196
0
0
0
0
0
0
0
0
0
0
0
0
0
0
0
0
0
0
0
0
0
8.8196
