19.9131
-0.12627
-0.11789
-2.4311
-0.1024
-0.1024
-0.60379
-0.60488
-0.60486
-0.60563
-0.66317
-1.2012
-0.54968
-0.1058
-0.75101
-0.1107
-1.0944
-0.79157
-2.8623
0
-6.4841
0
0
0
0
0
0
0
0
0
-0.12627
22.4688
-0.37816
-0.48491
-0.59524
-0.59523
-0.66225
-0.66479
-0.66696
-0.6692
-0.76096
-0.92115
-0.44046
-0.10186
-0.91533
-0.10442
-0.93946
-1.0272
0
0
0
0
-6.2075
0
0
0
-6.2075
0
0
0
-0.11789
-0.37816
19.2074
-0.41997
-0.43626
-0.43629
-0.51965
-0.5256
-0.52786
-0.53789
-0.65172
-0.61506
-0.10641
-0.10071
-0.78965
-0.10228
-0.82812
-0.86886
0
-5.6225
0
0
0
0
-5.6225
0
0
0
0
0
-2.4311
-0.48491
-0.41997
18.8858
-0.81715
-0.8173
-0.6301
-0.63126
-0.63074
-0.63219
-0.67713
-0.86386
-0.57351
-0.10923
-0.74298
-0.13687
-0.97646
-0.76471
0
0
0
0
0
0
0
-6.5464
0
0
0
0
-0.1024
-0.59524
-0.43626
-0.81715
12.1912
-0.20838
-0.57053
-0.57115
-0.56917
-0.57533
-0.58821
-0.84661
-0.61228
-0.28811
-0.68852
-0.35922
-0.84211
-0.7359
-2.7846
0
0
0
0
0
0
0
0
0
0
0
-0.1024
-0.59523
-0.43629
-0.8173
-0.20838
12.1912
-0.57795
-0.57772
-0.57855
-0.56997
-0.61413
-0.84646
-0.60788
-0.28598
-0.6528
-0.35998
-0.84289
-0.73266
-2.7847
0
0
0
0
0
0
0
0
0
0
0
-0.60379
-0.66225
-0.51965
-0.6301
-0.57053
-0.57795
10.252
-1.3086
-0.61077
-0.3281
-0.21163
-0.78341
-0.31361
-0.27513
-0.64808
-0.53717
-0.8299
-0.8414
0
0
0
0
0
0
0
0
0
0
0
0
-0.60488
-0.66479
-0.5256
-0.63126
-0.57115
-0.57772
-1.3086
10.3103
-0.65312
-0.32176
-0.2109
-0.78413
-0.28788
-0.25815
-0.68156
-0.53577
-0.83189
-0.86119
0
0
0
0
0
0
0
0
0
0
0
0
-0.60486
-0.66696
-0.52786
-0.63074
-0.56917
-0.57855
-0.61077
-0.65312
9.4766
-0.25919
-0.20331
-0.78382
-0.28054
-0.24996
-0.64036
-0.53682
-0.8314
-0.8492
0
0
0
0
0
0
0
0
0
0
0
0
-0.60563
-0.6692
-0.53789
-0.63219
-0.57533
-0.56997
-0.3281
-0.32176
-0.25919
8.7057
-0.17615
-0.80851
-0.24118
-0.21983
-0.22203
-0.5322
-0.82546
-1.1811
0
0
0
0
0
0
0
0
0
0
0
0
-0.66317
-0.76096
-0.65172
-0.67713
-0.58821
-0.61413
-0.21163
-0.2109
-0.20331
-0.17615
8.3458
-0.81339
-0.20936
-0.15372
-0.89054
0
-0.88227
-0.63917
0
0
0
0
0
0
0
0
0
0
0
0
-1.2012
-0.92115
-0.61506
-0.86386
-0.84661
-0.84646
-0.78341
-0.78413
-0.78382
-0.80851
-0.81339
16.7952
-0.67579
-0.13181
-0.83073
0
0
0
0
0
0
0
0
0
0
0
0
0
0
-5.8892
-0.54968
-0.44046
-0.10641
-0.57351
-0.61228
-0.60788
-0.31361
-0.28788
-0.28054
-0.24118
-0.20936
-0.67579
8.01
-2.6891
-0.17983
0
0
-0.24249
0
0
0
0
0
0
0
0
0
0
0
0
-0.1058
-0.10186
-0.10071
-0.10923
-0.28811
-0.28598
-0.27513
-0.25815
-0.24996
-0.21983
-0.15372
-0.13181
-2.6891
9.5667
0
0
0
0
0
0
0
0
0
-4.5973
0
0
0
0
0
0
-0.75101
-0.91533
-0.78965
-0.74298
-0.68852
-0.6528
-0.64808
-0.68156
-0.64036
-0.22203
-0.89054
-0.83073
-0.17983
0
8.6334
0
0
0
0
0
0
0
0
0
0
0
0
0
0
0
-0.1107
-0.10442
-0.10228
-0.13687
-0.35922
-0.35998
-0.53717
-0.53577
-0.53682
-0.5322
0
0
0
0
0
12.4187
0
0
0
0
0
-4.5517
0
0
0
0
0
-4.5515
0
0
-1.0944
-0.93946
-0.82812
-0.97646
-0.84211
-0.84289
-0.8299
-0.83189
-0.8314
-0.82546
-0.88227
0
0
0
0
0
15.0524
0
0
0
0
0
0
0
0
0
0
0
-5.3281
0
-0.79157
-1.0272
-0.86886
-0.76471
-0.7359
-0.73266
-0.8414
-0.86119
-0.8492
-1.1811
-0.63917
0
-0.24249
0
0
0
0
9.5354
0
0
0
0
0
0
0
0
0
0
0
0
-2.8623
0
0
0
-2.7846
-2.7847
0
0
0
0
0
0
0
0
0
0
0
0
8.4316
0
0
0
0
0
0
0
0
0
0
0
0
0
-5.6225
0
0
0
0
0
0
0
0
0
0
0
0
0
0
0
0
5.6225
0
0
0
0
0
0
0
0
0
0
-6.4841
0
0
0
0
0
0
0
0
0
0
0
0
0
0
0
0
0
0
0
6.4841
0
0
0
0
0
0
0
0
0
0
0
0
0
0
0
0
0
0
0
0
0
0
0
0
-4.5517
0
0
0
0
0
4.5517
0
0
0
0
0
0
0
0
0
-6.2075
0
0
0
0
0
0
0
0
0
0
0
0
0
0
0
0
0
0
0
0
6.2075
0
0
0
0
0
0
0
0
0
0
0
0
0
0
0
0
0
0
0
0
-4.5973
0
0
0
0
0
0
0
0
0
4.5973
0
0
0
0
0
0
0
0
-5.6225
0
0
0
0
0
0
0
0
0
0
0
0
0
0
0
0
0
0
0
0
0
5.6225
0
0
0
0
0
0
0
0
-6.5464
0
0
0
0
0
0
0
0
0
0
0
0
0
0
0
0
0
0
0
0
0
6.5464
0
0
0
0
0
-6.2075
0
0
0
0
0
0
0
0
0
0
0
0
0
0
0
0
0
0
0
0
0
0
0
0
6.2075
0
0
0
0
0
0
0
0
0
0
0
0
0
0
0
0
0
0
-4.5515
0
0
0
0
0
0
0
0
0
0
0
4.5515
0
0
0
0
0
0
0
0
0
0
0
0
0
0
0
0
0
0
-5.3281
0
0
0
0
0
0
0
0
0
0
0
5.3281
0
0
0
0
0
0
0
0
0
0
0
0
-5.8892
0
0
0
0
0
0
0
0
0
0
0
0
0
0
0
0
0
5.8892
