11.5919
-0.5299
-0.51867
-0.53697
-0.50338
-0.50338
-0.48864
-0.49804
-0.4872
-0.54337
-0.55294
-0.53646
-0.46881
-0.49697
-0.49697
-0.4688
-0.31916
-0.34756
0
0
0
-3.2947
0
0
0
0
0
0
0
0
-0.5299
21.3133
-0.53629
-0.5519
-0.51465
-0.51465
-0.49946
-0.50848
-0.50013
-0.55987
-0.56793
-0.54339
-0.46214
-0.51026
-0.51026
-0.47766
0
-0.38397
0
0
0
-3.3774
0
0
0
0
0
0
0
-9.7649
-0.51867
-0.53629
17.3978
-0.52544
-0.49386
-0.49386
-0.47871
-0.48691
-0.47932
-0.5322
-0.5437
-0.51767
-0.4412
-0.48914
-0.48914
-0.46029
0
-0.37017
0
0
0
0
0
0
-9.5413
0
0
0
0
0
-0.53697
-0.5519
-0.52544
16.9495
-0.51206
-0.51206
-0.49608
-0.50887
-0.49785
-0.55062
-0.56551
-0.53761
-0.45568
-0.50845
-0.50845
-0.48
0
0
0
0
0
0
0
0
0
0
-9.202
0
0
0
-0.50338
-0.51465
-0.49386
-0.51206
7.3231
-0.4692
-0.4651
-0.47836
-0.4645
-0.51569
-0.52698
-0.52132
-0.45167
-0.47392
-0.47392
-0.4585
0
0
0
0
0
0
0
0
0
0
0
0
0
0
-0.50338
-0.51465
-0.49386
-0.51206
-0.4692
7.3231
-0.4651
-0.47836
-0.4645
-0.51569
-0.52698
-0.52132
-0.45167
-0.47392
-0.47392
-0.4585
0
0
0
0
0
0
0
0
0
0
0
0
0
0
-0.48864
-0.49946
-0.47871
-0.49608
-0.4651
-0.4651
6.6475
-0.45746
-0.4464
-0.49543
-0.50677
-0.50021
-0.43891
-0.45462
-0.45462
0
0
0
0
0
0
0
0
0
0
0
0
0
0
0
-0.49804
-0.50848
-0.48691
-0.50887
-0.47836
-0.47836
-0.45746
6.2549
-0.47157
-0.51694
-0.52546
0
0
-0.49332
-0.49332
0
-0.33785
0
0
0
0
0
0
0
0
0
0
0
0
0
-0.4872
-0.50013
-0.47932
-0.49785
-0.4645
-0.4645
-0.4464
-0.47157
5.7606
-0.49617
-0.50239
0
0
-0.47526
-0.47526
0
0
0
0
0
0
0
0
0
0
0
0
0
0
0
-0.54337
-0.55987
-0.5322
-0.55062
-0.51569
-0.51569
-0.49543
-0.51694
-0.49617
10.9434
-0.51089
0
0
0
0
0
0
0
0
0
0
0
0
-5.7065
0
0
0
0
0
0
-0.55294
-0.56793
-0.5437
-0.56551
-0.52698
-0.52698
-0.50677
-0.52546
-0.50239
-0.51089
5.3296
0
0
0
0
0
0
0
0
0
0
0
0
0
0
0
0
0
0
0
-0.53646
-0.54339
-0.51767
-0.53761
-0.52132
-0.52132
-0.50021
0
0
0
0
6.6983
0
0
0
0
0
0
0
0
-0.12917
0
0
0
0
0
0
0
-2.8912
0
-0.46881
-0.46214
-0.4412
-0.45568
-0.45167
-0.45167
-0.43891
0
0
0
0
0
19.2891
0
0
0
0
0
0
0
0
0
0
0
0
-8.0595
0
-8.0595
0
0
-0.49697
-0.51026
-0.48914
-0.50845
-0.47392
-0.47392
-0.45462
-0.49332
-0.47526
0
0
0
0
4.3759
0
0
0
0
0
0
0
0
0
0
0
0
0
0
0
0
-0.49697
-0.51026
-0.48914
-0.50845
-0.47392
-0.47392
-0.45462
-0.49332
-0.47526
0
0
0
0
0
4.3759
0
0
0
0
0
0
0
0
0
0
0
0
0
0
0
-0.4688
-0.47766
-0.46029
-0.48
-0.4585
-0.4585
0
0
0
0
0
0
0
0
0
2.9082
0
0
0
-0.1045
0
0
0
0
0
0
0
0
0
0
-0.31916
0
0
0
0
0
0
-0.33785
0
0
0
0
0
0
0
0
0.97696
0
0
0
0
0
-0.31996
0
0
0
0
0
0
0
-0.34756
-0.38397
-0.37017
0
0
0
0
0
0
0
0
0
0
0
0
0
0
1.1017
0
0
0
0
0
0
0
0
0
0
0
0
0
0
0
0
0
0
0
0
0
0
0
0
0
0
0
0
0
0
3.4942
-1.8118
-1.6824
0
0
0
0
0
0
0
0
0
0
0
0
0
0
0
0
0
0
0
0
0
0
0
0
-0.1045
0
0
-1.8118
1.9163
0
0
0
0
0
0
0
0
0
0
0
0
0
0
0
0
0
0
0
0
0
-0.12917
0
0
0
0
0
0
-1.6824
0
1.8116
0
0
0
0
0
0
0
0
0
-3.2947
-3.3774
0
0
0
0
0
0
0
0
0
0
0
0
0
0
0
0
0
0
0
6.6722
0
0
0
0
0
0
0
0
0
0
0
0
0
0
0
0
0
0
0
0
0
0
0
0
-0.31996
0
0
0
0
0
0.31996
0
0
0
0
0
0
0
0
0
0
0
0
0
0
0
0
-5.7065
0
0
0
0
0
0
0
0
0
0
0
0
0
5.7065
0
0
0
0
0
0
0
0
-9.5413
0
0
0
0
0
0
0
0
0
0
0
0
0
0
0
0
0
0
0
0
0
9.5413
0
0
0
0
0
0
0
0
0
0
0
0
0
0
0
0
0
-8.0595
0
0
0
0
0
0
0
0
0
0
0
0
8.0595
0
0
0
0
0
0
0
-9.202
0
0
0
0
0
0
0
0
0
0
0
0
0
0
0
0
0
0
0
0
0
0
9.202
0
0
0
0
0
0
0
0
0
0
0
0
0
0
0
-8.0595
0
0
0
0
0
0
0
0
0
0
0
0
0
0
8.0595
0
0
0
0
0
0
0
0
0
0
0
0
0
-2.8912
0
0
0
0
0
0
0
0
0
0
0
0
0
0
0
0
2.8912
0
0
-9.7649
0
0
0
0
0
0
0
0
0
0
0
0
0
0
0
0
0
0
0
0
0
0
0
0
0
0
0
9.7649
