17.2819
-0.86211
-0.86038
-0.86038
-0.81176
-0.78627
-0.79227
-0.871
-0.91899
-0.87345
-0.87345
-0.7632
-0.7632
-0.7632
-0.91214
-0.91214
-0.91214
-0.89945
-1.2042
0
0
-1.6422
0
0
0
0
0
0
0
0
-0.86211
14.8412
-0.82596
-0.82596
-0.77193
-0.74317
-0.75016
-0.82693
-0.87263
-0.83012
-0.83012
-0.72327
-0.72327
-0.72327
-0.86059
-0.86059
-0.86059
-0.83887
0
-1.1117
0
0
0
0
0
0
0
0
0
0
-0.86038
-0.82596
14.7887
-0.7965
-0.77687
-0.74181
-0.74911
-0.83166
-0.88023
-0.82897
-0.82897
-0.72294
-0.72294
-0.72294
-0.86168
-0.86168
-0.86168
-0.84177
0
0
0
0
0
-1.0726
0
0
0
0
0
0
-0.86038
-0.82596
-0.7965
14.7887
-0.77687
-0.74181
-0.74911
-0.83166
-0.88023
-0.82897
-0.82897
-0.72294
-0.72294
-0.72294
-0.86168
-0.86168
-0.86168
-0.84177
0
0
0
0
0
-1.0726
0
0
0
0
0
0
-0.81176
-0.77193
-0.77687
-0.77687
20.2135
-0.70479
-0.70283
-0.76459
-0.78406
-0.77433
-0.77433
-0.67593
-0.67593
-0.67593
-0.80938
-0.80938
-0.80938
0
0
0
0
0
0
0
0
0
0
-8.1152
0
0
-0.78627
-0.74317
-0.74181
-0.74181
-0.70479
12.5585
-0.68453
-0.75022
-0.79533
-0.755
-0.755
-0.65937
-0.65937
-0.65937
-0.78459
-0.78459
-0.78459
-0.76868
0
0
0
0
0
0
0
0
0
0
0
0
-0.79227
-0.75016
-0.74911
-0.74911
-0.70283
-0.68453
11.8669
-0.75009
-0.80127
-0.76398
-0.76398
-0.66393
-0.66393
-0.66393
-0.78927
-0.78927
-0.78927
0
0
0
0
0
0
0
0
0
0
0
0
0
-0.871
-0.82693
-0.83166
-0.83166
-0.76459
-0.75022
-0.75009
12.6873
-0.881
-0.84481
-0.84481
-0.71713
-0.71713
-0.71713
0
0
0
0
-1.2321
-1.1071
0
0
0
0
0
0
0
0
0
0
-0.91899
-0.87263
-0.88023
-0.88023
-0.78406
-0.79533
-0.80127
-0.881
17.8333
-0.90455
-0.90455
-0.72492
-0.72492
-0.72492
0
0
0
0
0
0
0
0
0
0
0
0
-7.0357
0
0
0
-0.87345
-0.83012
-0.82897
-0.82897
-0.77433
-0.755
-0.76398
-0.84481
-0.90455
11.4383
-0.83884
-0.70136
-0.70136
-0.70136
0
0
0
0
0
0
-1.0912
0
0
0
0
0
0
0
0
0
-0.87345
-0.83012
-0.82897
-0.82897
-0.77433
-0.755
-0.76398
-0.84481
-0.90455
-0.83884
11.4383
-0.70136
-0.70136
-0.70136
0
0
0
0
0
0
-1.0912
0
0
0
0
0
0
0
0
0
-0.7632
-0.72327
-0.72294
-0.72294
-0.67593
-0.65937
-0.66393
-0.71713
-0.72492
-0.70136
-0.70136
8.8834
-0.5535
-0.5535
0
0
0
0
0
0
0
0
0
0
0
0
0
0
0
0
-0.7632
-0.72327
-0.72294
-0.72294
-0.67593
-0.65937
-0.66393
-0.71713
-0.72492
-0.70136
-0.70136
-0.5535
8.8834
-0.5535
0
0
0
0
0
0
0
0
0
0
0
0
0
0
0
0
-0.7632
-0.72327
-0.72294
-0.72294
-0.67593
-0.65937
-0.66393
-0.71713
-0.72492
-0.70136
-0.70136
-0.5535
-0.5535
8.8834
0
0
0
0
0
0
0
0
0
0
0
0
0
0
0
0
-0.91214
-0.86059
-0.86168
-0.86168
-0.80938
-0.78459
-0.78927
0
0
0
0
0
0
0
5.8793
0
0
0
0
0
0
0
0
0
0
0
0
0
0
0
-0.91214
-0.86059
-0.86168
-0.86168
-0.80938
-0.78459
-0.78927
0
0
0
0
0
0
0
0
5.8793
0
0
0
0
0
0
0
0
0
0
0
0
0
0
-0.91214
-0.86059
-0.86168
-0.86168
-0.80938
-0.78459
-0.78927
0
0
0
0
0
0
0
0
0
5.8793
0
0
0
0
0
0
0
0
0
0
0
0
0
-0.89945
-0.83887
-0.84177
-0.84177
0
-0.76868
0
0
0
0
0
0
0
0
0
0
0
4.1905
0
0
0
0
0
0
0
0
0
0
0
0
-1.2042
0
0
0
0
0
0
-1.2321
0
0
0
0
0
0
0
0
0
0
14.6057
-1.1924
0
0
0
0
0
-5.4885
0
0
-5.4885
0
0
-1.1117
0
0
0
0
0
-1.1071
0
0
0
0
0
0
0
0
0
0
-1.1924
3.9618
0
0
-0.55067
0
0
0
0
0
0
0
0
0
0
0
0
0
0
0
0
-1.0912
-1.0912
0
0
0
0
0
0
0
0
0
4.403
-1.3667
-0.85388
0
0
0
0
0
0
0
-1.6422
0
0
0
0
0
0
0
0
0
0
0
0
0
0
0
0
0
0
0
-1.3667
5.8647
0
0
0
0
0
0
0
-2.8558
0
0
0
0
0
0
0
0
0
0
0
0
0
0
0
0
0
0
0
-0.55067
-0.85388
0
2.6125
0
-1.2079
0
0
0
0
0
0
0
-1.0726
-1.0726
0
0
0
0
0
0
0
0
0
0
0
0
0
0
0
0
0
0
0
2.1452
0
0
0
0
0
0
0
0
0
0
0
0
0
0
0
0
0
0
0
0
0
0
0
0
0
0
0
0
-1.2079
0
1.2079
0
0
0
0
0
0
0
0
0
0
0
0
0
0
0
0
0
0
0
0
0
0
0
-5.4885
0
0
0
0
0
0
5.4885
0
0
0
0
0
0
0
0
0
0
0
0
-7.0357
0
0
0
0
0
0
0
0
0
0
0
0
0
0
0
0
0
7.0357
0
0
0
0
0
0
0
-8.1152
0
0
0
0
0
0
0
0
0
0
0
0
0
0
0
0
0
0
0
0
0
0
8.1152
0
0
0
0
0
0
0
0
0
0
0
0
0
0
0
0
0
0
0
0
-5.4885
0
0
0
0
0
0
0
0
0
5.4885
0
0
0
0
0
0
0
0
0
0
0
0
0
0
0
0
0
0
0
0
0
0
-2.8558
0
0
0
0
0
0
0
2.8558
