36.7177
-0.85317
-0.78634
-0.77871
-0.78634
-0.78634
-0.7924
-0.78634
-0.68264
-0.68518
-0.73058
-0.73301
-0.7207
-0.68446
-0.68446
-0.72284
-0.73778
-0.771
-0.73199
0
0
0
0
-11.6317
0
0
0
-11.6317
0
0
-0.85317
14.5547
-0.82754
-0.83332
-0.82754
-0.82754
-0.85495
-0.82754
-0.717
-0.72389
-0.78769
-0.77138
-0.77849
-0.71924
-0.71924
-0.75902
-0.80402
-0.80424
-0.78133
-0.33751
0
0
0
0
0
0
0
0
0
0
-0.78634
-0.82754
12.8891
-0.77794
-0.71526
-0.71526
-0.79611
-0.71526
-0.64271
-0.66015
-0.71048
-0.69445
-0.7028
-0.64706
-0.64706
-0.68253
-0.72624
-0.72366
-0.71824
0
0
0
0
0
0
0
0
0
0
0
-0.77871
-0.83332
-0.77794
12.6151
-0.77794
-0.77794
-0.78426
-0.77794
-0.6374
-0.64262
-0.69083
-0.68757
-0.68431
-0.63973
-0.63973
-0.67454
-0.70666
-0.71644
0
0
-0.38722
0
0
0
0
0
0
0
0
0
-0.78634
-0.82754
-0.71526
-0.77794
12.8891
-0.71526
-0.79611
-0.71526
-0.64271
-0.66015
-0.71048
-0.69445
-0.7028
-0.64706
-0.64706
-0.68253
-0.72624
-0.72366
-0.71824
0
0
0
0
0
0
0
0
0
0
0
-0.78634
-0.82754
-0.71526
-0.77794
-0.71526
12.8891
-0.79611
-0.71526
-0.64271
-0.66015
-0.71048
-0.69445
-0.7028
-0.64706
-0.64706
-0.68253
-0.72624
-0.72366
-0.71824
0
0
0
0
0
0
0
0
0
0
0
-0.7924
-0.85495
-0.79611
-0.78426
-0.79611
-0.79611
21.4064
-0.79611
-0.65518
-0.66167
-0.71294
-0.7068
-0.70577
-0.65755
-0.65755
-0.69319
-0.72675
-0.7357
0
0
0
0
0
0
-8.8773
0
0
0
0
0
-0.78634
-0.82754
-0.71526
-0.77794
-0.71526
-0.71526
-0.79611
12.8891
-0.64271
-0.66015
-0.71048
-0.69445
-0.7028
-0.64706
-0.64706
-0.68253
-0.72624
-0.72366
-0.71824
0
0
0
0
0
0
0
0
0
0
0
-0.68264
-0.717
-0.64271
-0.6374
-0.64271
-0.64271
-0.65518
-0.64271
10.5332
-0.55535
-0.59922
-0.59799
-0.5964
-0.55289
-0.55289
-0.58222
-0.61704
-0.61616
0
0
0
0
0
0
0
0
0
0
0
0
-0.68518
-0.72389
-0.66015
-0.64262
-0.66015
-0.66015
-0.66167
-0.66015
-0.55535
10.2474
-0.59162
-0.59969
-0.59043
-0.55244
-0.55244
-0.58163
-0.61034
0
0
-0.25951
0
0
0
0
0
0
0
0
0
0
-0.73058
-0.78769
-0.71048
-0.69083
-0.71048
-0.71048
-0.71294
-0.71048
-0.59922
-0.59162
17.7972
-0.66187
-0.65844
-0.60238
-0.60238
-0.64251
0
0
0
0
0
0
0
0
0
0
-7.6749
0
0
0
-0.73301
-0.77138
-0.69445
-0.68757
-0.69445
-0.69445
-0.7068
-0.69445
-0.59799
-0.59969
-0.66187
10.6746
-0.64914
-0.59455
-0.59455
-0.63052
-0.66969
0
0
0
0
0
0
0
0
0
0
0
0
0
-0.7207
-0.77849
-0.7028
-0.68431
-0.7028
-0.7028
-0.70577
-0.7028
-0.5964
-0.59043
-0.65844
-0.64914
16.4985
-0.58891
-0.58891
0
0
0
0
0
0
0
0
0
0
0
0
0
0
-7.1258
-0.68446
-0.71924
-0.64706
-0.63973
-0.64706
-0.64706
-0.65755
-0.64706
-0.55289
-0.55244
-0.60238
-0.59455
-0.58891
9.2774
-0.5199
-0.57712
0
0
0
0
0
0
0
0
0
0
0
0
0
0
-0.68446
-0.71924
-0.64706
-0.63973
-0.64706
-0.64706
-0.65755
-0.64706
-0.55289
-0.55244
-0.60238
-0.59455
-0.58891
-0.5199
9.2774
-0.57712
0
0
0
0
0
0
0
0
0
0
0
0
0
0
-0.72284
-0.75902
-0.68253
-0.67454
-0.68253
-0.68253
-0.69319
-0.68253
-0.58222
-0.58163
-0.64251
-0.63052
0
-0.57712
-0.57712
9.1708
0
0
0
0
0
0
0
0
0
0
0
0
0
0
-0.73778
-0.80402
-0.72624
-0.70666
-0.72624
-0.72624
-0.72675
-0.72624
-0.61704
-0.61034
0
-0.66969
0
0
0
0
12.545
0
0
0
0
0
0
0
0
0
0
0
-4.7678
0
-0.771
-0.80424
-0.72366
-0.71644
-0.72366
-0.72366
-0.7357
-0.72366
-0.61616
0
0
0
0
0
0
0
0
6.5382
0
0
0
0
0
0
0
0
0
0
0
0
-0.73199
-0.78133
-0.71824
0
-0.71824
-0.71824
0
-0.71824
0
0
0
0
0
0
0
0
0
0
4.6859
0
0
0
-0.2996
0
0
0
0
0
0
0
0
-0.33751
0
0
0
0
0
0
0
-0.25951
0
0
0
0
0
0
0
0
0
0.77186
0
0
0
0
0
-0.17484
0
0
0
0
0
0
0
-0.38722
0
0
0
0
0
0
0
0
0
0
0
0
0
0
0
0
2.3157
-1.9285
0
0
0
0
0
0
0
0
0
0
0
0
0
0
0
0
0
0
0
0
0
0
0
0
0
0
0
0
-1.9285
4.2807
-2.3523
0
0
0
0
0
0
0
0
0
0
0
0
0
0
0
0
0
0
0
0
0
0
0
0
0
-0.2996
0
0
-2.3523
2.6519
0
0
0
0
0
0
0
-11.6317
0
0
0
0
0
0
0
0
0
0
0
0
0
0
0
0
0
0
0
0
0
0
11.6317
0
0
0
0
0
0
0
0
0
0
0
0
-8.8773
0
0
0
0
0
0
0
0
0
0
0
0
0
0
0
0
0
8.8773
0
0
0
0
0
0
0
0
0
0
0
0
0
0
0
0
0
0
0
0
0
0
0
0
-0.17484
0
0
0
0
0
0.17484
0
0
0
0
0
0
0
0
0
0
0
0
0
0
-7.6749
0
0
0
0
0
0
0
0
0
0
0
0
0
0
0
7.6749
0
0
0
-11.6317
0
0
0
0
0
0
0
0
0
0
0
0
0
0
0
0
0
0
0
0
0
0
0
0
0
0
11.6317
0
0
0
0
0
0
0
0
0
0
0
0
0
0
0
0
0
0
-4.7678
0
0
0
0
0
0
0
0
0
0
0
4.7678
0
0
0
0
0
0
0
0
0
0
0
0
0
-7.1258
0
0
0
0
0
0
0
0
0
0
0
0
0
0
0
0
7.1258
