23.6396
-0.36312
-0.37034
-0.33905
-0.33905
-0.33747
-0.28672
-0.33747
-0.30861
-0.31113
-0.31113
-0.33601
-0.33445
-0.33445
-0.33445
-0.1045
-0.39046
0
0
-9.2506
0
0
0
0
0
0
0
0
-9.2506
0
-0.36312
13.5737
-0.37779
-0.3552
-0.3552
-0.36635
-0.32247
-0.36635
-0.33396
-0.32495
-0.32495
-0.36821
-0.34799
-0.34799
-0.34799
-0.12788
-0.38479
-3.0269
0
0
0
0
0
0
0
0
-5.1316
0
0
0
-0.37034
-0.37779
8.4069
-0.36226
-0.36226
-0.37763
-0.34005
-0.37763
-0.34049
-0.32905
-0.32905
-0.37743
-0.35224
-0.35224
-0.35224
-0.14595
-0.3832
-2.877
0
0
0
0
0
0
0
0
0
0
0
0
-0.33905
-0.3552
-0.36226
5.09
-0.31341
-0.34162
-0.32997
-0.34162
-0.30687
-0.30141
-0.30141
-0.34028
-0.32293
-0.32293
-0.32293
-0.12994
-0.35817
0
0
0
0
0
0
0
0
0
0
0
0
0
-0.33905
-0.3552
-0.36226
-0.31341
5.09
-0.34162
-0.32997
-0.34162
-0.30687
-0.30141
-0.30141
-0.34028
-0.32293
-0.32293
-0.32293
-0.12994
-0.35817
0
0
0
0
0
0
0
0
0
0
0
0
0
-0.33747
-0.36635
-0.37763
-0.34162
-0.34162
8.8326
-0.33023
-0.34437
-0.31097
-0.30857
-0.30857
-0.34314
-0.33084
-0.33084
-0.33084
-0.11849
0
0
0
0
0
0
-4.0111
0
0
0
0
0
0
0
-0.28672
-0.32247
-0.34005
-0.32997
-0.32997
-0.33023
20.9535
-0.33023
-0.26615
-0.27694
-0.27694
-0.29426
-0.29762
-0.29762
-0.29762
0
0
0
0
0
0
-8.3383
0
0
0
-8.3383
0
0
0
0
-0.33747
-0.36635
-0.37763
-0.34162
-0.34162
-0.34437
-0.33023
8.8326
-0.31097
-0.30857
-0.30857
-0.34314
-0.33084
-0.33084
-0.33084
-0.11849
0
0
-4.0111
0
0
0
0
0
0
0
0
0
0
0
-0.30861
-0.33396
-0.34049
-0.30687
-0.30687
-0.31097
-0.26615
-0.31097
7.0908
-0.28612
-0.28612
-0.32079
-0.3078
-0.3078
-0.3078
0
0
0
0
0
0
0
0
0
0
0
0
0
0
-2.7895
-0.31113
-0.32495
-0.32905
-0.30141
-0.30141
-0.30857
-0.27694
-0.30857
-0.28612
4.2289
-0.26983
-0.3139
-0.299
-0.299
-0.299
0
0
0
0
0
0
0
0
0
0
0
0
0
0
0
-0.31113
-0.32495
-0.32905
-0.30141
-0.30141
-0.30857
-0.27694
-0.30857
-0.28612
-0.26983
4.2289
-0.3139
-0.299
-0.299
-0.299
0
0
0
0
0
0
0
0
0
0
0
0
0
0
0
-0.33601
-0.36821
-0.37743
-0.34028
-0.34028
-0.34314
-0.29426
-0.34314
-0.32079
-0.3139
-0.3139
3.8315
0
0
0
0
0
0
0
0
0
0
0
0
-0.14018
0
0
0
0
0
-0.33445
-0.34799
-0.35224
-0.32293
-0.32293
-0.33084
-0.29762
-0.33084
-0.3078
-0.299
-0.299
0
3.5456
0
0
0
0
0
0
0
0
0
0
0
0
0
0
0
0
0
-0.33445
-0.34799
-0.35224
-0.32293
-0.32293
-0.33084
-0.29762
-0.33084
-0.3078
-0.299
-0.299
0
0
3.5456
0
0
0
0
0
0
0
0
0
0
0
0
0
0
0
0
-0.33445
-0.34799
-0.35224
-0.32293
-0.32293
-0.33084
-0.29762
-0.33084
-0.3078
-0.299
-0.299
0
0
0
3.5456
0
0
0
0
0
0
0
0
0
0
0
0
0
0
0
-0.1045
-0.12788
-0.14595
-0.12994
-0.12994
-0.11849
0
-0.11849
0
0
0
0
0
0
0
33.6996
0
0
0
0
-10.9415
0
0
-10.9415
0
0
0
-10.9415
0
0
-0.39046
-0.38479
-0.3832
-0.35817
-0.35817
0
0
0
0
0
0
0
0
0
0
0
1.8748
0
0
0
0
0
0
0
0
0
0
0
0
0
0
-3.0269
-2.877
0
0
0
0
0
0
0
0
0
0
0
0
0
0
5.9039
0
0
0
0
0
0
0
0
0
0
0
0
0
0
0
0
0
0
0
-4.0111
0
0
0
0
0
0
0
0
0
0
4.0111
0
0
0
0
0
0
0
0
0
0
0
-9.2506
0
0
0
0
0
0
0
0
0
0
0
0
0
0
0
0
0
0
9.2506
0
0
0
0
0
0
0
0
0
0
0
0
0
0
0
0
0
0
0
0
0
0
0
0
0
-10.9415
0
0
0
0
10.9415
0
0
0
0
0
0
0
0
0
0
0
0
0
0
0
-8.3383
0
0
0
0
0
0
0
0
0
0
0
0
0
0
8.3383
0
0
0
0
0
0
0
0
0
0
0
0
0
-4.0111
0
0
0
0
0
0
0
0
0
0
0
0
0
0
0
0
4.0111
0
0
0
0
0
0
0
0
0
0
0
0
0
0
0
0
0
0
0
0
0
0
-10.9415
0
0
0
0
0
0
0
10.9415
0
0
0
0
0
0
0
0
0
0
0
0
0
0
0
0
0
-0.14018
0
0
0
0
0
0
0
0
0
0
0
0
0.14018
0
0
0
0
0
0
0
0
0
0
0
-8.3383
0
0
0
0
0
0
0
0
0
0
0
0
0
0
0
0
0
0
8.3383
0
0
0
0
0
-5.1316
0
0
0
0
0
0
0
0
0
0
0
0
0
0
0
0
0
0
0
0
0
0
0
0
5.1316
0
0
0
0
0
0
0
0
0
0
0
0
0
0
0
0
0
0
-10.9415
0
0
0
0
0
0
0
0
0
0
0
10.9415
0
0
-9.2506
0
0
0
0
0
0
0
0
0
0
0
0
0
0
0
0
0
0
0
0
0
0
0
0
0
0
0
9.2506
0
0
0
0
0
0
0
0
0
-2.7895
0
0
0
0
0
0
0
0
0
0
0
0
0
0
0
0
0
0
0
0
2.7895
