24.848
-0.81683
-0.83183
-0.82149
-0.81039
-0.81936
-0.83175
-0.79179
-0.80092
-0.79179
-0.80092
-0.75091
-0.77535
-0.77832
-0.77832
-0.79685
-0.77289
-0.8024
-0.82604
-0.55368
0
-2.1347
0
-7.7615
0
0
0
0
0
0
-0.81683
16.6879
-0.81656
-0.80592
-0.79116
-0.79823
-0.81374
-0.77173
-0.78512
-0.77173
-0.78512
-0.73243
-0.75579
-0.75863
-0.75863
-0.77632
-0.75344
-0.78047
-0.80838
-0.55711
0
-2.0505
0
0
0
0
0
0
0
0
-0.83183
-0.81656
22.3256
-0.8096
-0.80177
-0.81069
-0.81944
-0.7836
-0.78973
-0.7836
-0.78973
-0.74311
-0.76709
-0.77001
-0.77001
-0.78818
-0.76468
-0.79442
-0.8183
-0.54736
0
0
-7.5259
0
0
0
0
0
0
0
-0.82149
-0.80592
-0.8096
20.7855
-0.79602
-0.80188
-0.80809
-0.77495
-0.78075
-0.77495
-0.78075
-0.73431
-0.75778
-0.76063
-0.76063
-0.7784
-0.75541
-0.7849
0
0
-0.34665
0
0
0
-7.1524
0
0
0
0
0
-0.81039
-0.79116
-0.80177
-0.79602
14.45
-0.78794
-0.79883
-0.76211
-0.77217
-0.76211
-0.77217
-0.72306
-0.74588
-0.74866
-0.74866
-0.76593
-0.74359
-0.77088
-0.79916
-0.54953
0
0
0
0
0
0
0
0
0
0
-0.81936
-0.79823
-0.81069
-0.80188
-0.78794
14.072
-0.81602
-0.7726
-0.78792
-0.7726
-0.78792
-0.73129
-0.75459
-0.75742
-0.75742
-0.77506
-0.75224
-0.78042
-0.80843
0
0
0
0
0
0
0
0
0
0
0
-0.83175
-0.81374
-0.81944
-0.80809
-0.79883
-0.81602
20.3101
-0.78661
-0.79796
-0.78661
-0.79796
-0.74357
-0.76758
-0.7705
-0.7705
-0.78869
-0.76516
-0.79567
0
0
0
0
0
0
0
-6.8514
0
0
0
0
-0.79179
-0.77173
-0.7836
-0.77495
-0.76211
-0.7726
-0.78661
12.8017
-0.77042
-0.7342
-0.77042
-0.70059
-0.72215
-0.72477
-0.72477
-0.74107
-0.71999
-0.74989
0
0
0
0
0
0
0
0
0
0
0
0
-0.80092
-0.78512
-0.78973
-0.78075
-0.77217
-0.78792
-0.79796
-0.77042
18.6458
-0.77042
-0.77749
-0.70474
-0.72653
-0.72918
-0.72918
-0.74565
-0.72434
0
0
0
0
0
0
0
0
0
0
0
0
-6.4532
-0.79179
-0.77173
-0.7836
-0.77495
-0.76211
-0.7726
-0.78661
-0.7342
-0.77042
12.8017
-0.77042
-0.70059
-0.72215
-0.72477
-0.72477
-0.74107
-0.71999
-0.74989
0
0
0
0
0
0
0
0
0
0
0
0
-0.80092
-0.78512
-0.78973
-0.78075
-0.77217
-0.78792
-0.79796
-0.77042
-0.77749
-0.77042
18.6458
-0.70474
-0.72653
-0.72918
-0.72918
-0.74565
-0.72434
0
0
0
0
0
0
0
0
0
0
-6.4532
0
0
-0.75091
-0.73243
-0.74311
-0.73431
-0.72306
-0.73129
-0.74357
-0.70059
-0.70474
-0.70059
-0.70474
11.4186
-0.68584
-0.68823
-0.68823
-0.70308
-0.68386
0
0
0
0
0
0
0
0
0
0
0
0
0
-0.77535
-0.75579
-0.76709
-0.75778
-0.74588
-0.75459
-0.76758
-0.72215
-0.72653
-0.72215
-0.72653
-0.68584
11.0844
-0.72035
-0.72035
-0.73646
0
0
0
0
0
0
0
0
0
0
0
0
0
0
-0.77832
-0.75863
-0.77001
-0.76063
-0.74866
-0.75742
-0.7705
-0.72477
-0.72918
-0.72477
-0.72918
-0.68823
-0.72035
10.3705
-0.70988
0
0
0
0
0
0
0
0
0
0
0
0
0
0
0
-0.77832
-0.75863
-0.77001
-0.76063
-0.74866
-0.75742
-0.7705
-0.72477
-0.72918
-0.72477
-0.72918
-0.68823
-0.72035
-0.70988
10.3705
0
0
0
0
0
0
0
0
0
0
0
0
0
0
0
-0.79685
-0.77632
-0.78818
-0.7784
-0.76593
-0.77506
-0.78869
-0.74107
-0.74565
-0.74107
-0.74565
-0.70308
-0.73646
0
0
9.8824
0
0
0
0
0
0
0
0
0
0
0
0
0
0
-0.77289
-0.75344
-0.76468
-0.75541
-0.74359
-0.75224
-0.76516
-0.71999
-0.72434
-0.71999
-0.72434
-0.68386
0
0
0
0
8.8799
0
0
0
0
0
0
0
0
0
0
0
0
0
-0.8024
-0.78047
-0.79442
-0.7849
-0.77088
-0.78042
-0.79567
-0.74989
0
-0.74989
0
0
0
0
0
0
0
7.0089
0
0
0
0
0
0
0
0
0
0
0
0
-0.82604
-0.80838
-0.8183
0
-0.79916
-0.80843
0
0
0
0
0
0
0
0
0
0
0
0
4.4922
0
-0.43187
0
0
0
0
0
0
0
0
0
-0.55368
-0.55711
-0.54736
0
-0.54953
0
0
0
0
0
0
0
0
0
0
0
0
0
0
2.3122
0
0
0
0
0
0
0
0
-0.1045
0
0
0
0
-0.34665
0
0
0
0
0
0
0
0
0
0
0
0
0
0
-0.43187
0
1.0488
0
0
0
0
0
-0.2703
0
0
0
-2.1347
-2.0505
0
0
0
0
0
0
0
0
0
0
0
0
0
0
0
0
0
0
0
4.1852
0
0
0
0
0
0
0
0
0
0
-7.5259
0
0
0
0
0
0
0
0
0
0
0
0
0
0
0
0
0
0
0
7.5259
0
0
0
0
0
0
0
-7.7615
0
0
0
0
0
0
0
0
0
0
0
0
0
0
0
0
0
0
0
0
0
0
7.7615
0
0
0
0
0
0
0
0
0
-7.1524
0
0
0
0
0
0
0
0
0
0
0
0
0
0
0
0
0
0
0
0
7.1524
0
0
0
0
0
0
0
0
0
0
0
-6.8514
0
0
0
0
0
0
0
0
0
0
0
0
0
0
0
0
0
0
6.8514
0
0
0
0
0
0
0
0
0
0
0
0
0
0
0
0
0
0
0
0
0
0
0
0
-0.2703
0
0
0
0
0
0.2703
0
0
0
0
0
0
0
0
0
0
0
0
0
-6.4532
0
0
0
0
0
0
0
0
0
0
0
0
0
0
0
0
6.4532
0
0
0
0
0
0
0
0
0
0
0
0
0
0
0
0
0
0
0
0
0
-0.1045
0
0
0
0
0
0
0
0
0.1045
0
0
0
0
0
0
0
0
0
-6.4532
0
0
0
0
0
0
0
0
0
0
0
0
0
0
0
0
0
0
0
0
6.4532
