18.6521
-0.94226
-0.94325
-0.93174
-0.83458
-0.82614
-0.84211
-0.8047
-0.83496
-0.84298
-0.79942
-0.90492
-0.90492
-0.9282
-0.93075
-0.79792
0
0
-1.9197
0
-1.4253
0
0
-2.2382
0
0
0
0
0
0
-0.94226
14.9679
-0.90127
-0.90464
-0.80862
-0.80259
-0.78501
-0.76594
-0.79364
-0.82373
-0.80609
-0.86063
-0.86063
-0.88216
-0.86819
-0.75666
-1.0864
0
0
-1.3195
0
0
0
0
0
0
0
0
0
0
-0.94325
-0.90127
14.9728
-0.94047
-0.80607
-0.80169
-0.80371
-0.76638
-0.79471
-0.82581
-0.80038
-0.8611
-0.8611
-0.88767
-0.87972
-0.75657
-1.0743
0
0
0
0
0
-1.2685
0
0
0
0
0
0
0
-0.93174
-0.90464
-0.94047
15.9777
-0.80753
-0.80376
-0.78682
-0.76792
-0.79659
-0.81455
-0.7861
-0.86341
-0.86341
-0.88452
-0.87284
-0.76047
0
0
-2.0512
-1.3417
0
0
0
0
0
0
0
0
0
0
-0.83458
-0.80862
-0.80607
-0.80753
13.6736
-0.71388
-0.71356
-0.68161
-0.70618
-0.72625
-0.68417
-0.76299
-0.76299
-0.7819
-0.7786
-0.67181
0
0
0
0
0
-2.4329
0
0
0
0
0
0
0
0
-0.82614
-0.80259
-0.80169
-0.80376
-0.71388
12.4068
-0.71037
-0.67526
-0.69637
-0.71734
-0.69598
-0.75203
-0.75203
-0.77452
-0.7669
-0.66221
0
0
0
0
-1.2557
0
0
0
0
0
0
0
0
0
-0.84211
-0.78501
-0.80371
-0.78682
-0.71356
-0.71037
12.3235
-0.67527
-0.6963
-0.71957
-0.70862
-0.75302
-0.75302
-0.7719
-0.75836
-0.66295
0
0
0
-1.183
0
0
0
0
0
0
0
0
0
0
-0.8047
-0.76594
-0.76638
-0.76792
-0.68161
-0.67526
-0.67527
10.7572
-0.67282
-0.69295
-0.68016
-0.72512
-0.72512
-0.74694
-0.73882
-0.63822
0
0
0
0
0
0
0
0
0
0
0
0
0
0
-0.83496
-0.79364
-0.79471
-0.79659
-0.70618
-0.69637
-0.6963
-0.67282
10.397
-0.70862
0
-0.75087
-0.75087
-0.77275
-0.76298
-0.65934
0
0
0
0
0
0
0
0
0
0
0
0
0
0
-0.84298
-0.82373
-0.82581
-0.81455
-0.72625
-0.71734
-0.71957
-0.69295
-0.70862
12.2632
-0.70639
-0.78488
-0.78488
0
0
0
0
0
0
0
0
0
0
0
0
-3.1152
0
0
0
0
-0.79942
-0.80609
-0.80038
-0.7861
-0.68417
-0.69598
-0.70862
-0.68016
0
-0.70639
10.7947
0
0
0
0
0
0
0
0
0
-1.1933
0
0
0
0
0
-2.211
-0.72307
0
0
-0.90492
-0.86063
-0.8611
-0.86341
-0.76299
-0.75203
-0.75302
-0.72512
-0.75087
-0.78488
0
8.9757
-0.95677
0
0
0
0
0
0
0
0
0
0
0
0
0
0
0
0
0
-0.90492
-0.86063
-0.8611
-0.86341
-0.76299
-0.75203
-0.75302
-0.72512
-0.75087
-0.78488
0
-0.95677
8.9757
0
0
0
0
0
0
0
0
0
0
0
0
0
0
0
0
0
-0.9282
-0.88216
-0.88767
-0.88452
-0.7819
-0.77452
-0.7719
-0.74694
-0.77275
0
0
0
0
8.2984
0
0
0
-0.86782
0
0
0
0
0
0
0
0
0
0
0
0
-0.93075
-0.86819
-0.87972
-0.87284
-0.7786
-0.7669
-0.75836
-0.73882
-0.76298
0
0
0
0
0
8.5619
0
0
0
0
-1.2048
0
0
0
0
0
0
0
0
0
0
-0.79792
-0.75666
-0.75657
-0.76047
-0.67181
-0.66221
-0.66295
-0.63822
-0.65934
0
0
0
0
0
0
6.3661
0
0
0
0
0
0
0
0
0
0
0
0
0
0
0
-1.0864
-1.0743
0
0
0
0
0
0
0
0
0
0
0
0
0
7.637
-0.8647
0
0
-1.2885
-2.0372
-1.2858
0
0
0
0
0
0
0
0
0
0
0
0
0
0
0
0
0
0
0
0
-0.86782
0
0
-0.8647
9.8132
0
0
0
0
-1.438
0
0
0
0
0
-3.3213
-3.3213
-1.9197
0
0
-2.0512
0
0
0
0
0
0
0
0
0
0
0
0
0
0
10.1848
0
0
0
0
0
-3.5861
-2.6277
0
0
0
0
0
-1.3195
0
-1.3417
0
0
-1.183
0
0
0
0
0
0
0
-1.2048
0
0
0
0
5.0489
0
0
0
0
0
0
0
0
0
0
-1.4253
0
0
0
0
-1.2557
0
0
0
0
-1.1933
0
0
0
0
0
-1.2885
0
0
0
5.1629
0
0
0
0
0
0
0
0
0
0
0
0
0
-2.4329
0
0
0
0
0
0
0
0
0
0
0
-2.0372
0
0
0
0
7.2016
0
0
-2.7315
0
0
0
0
0
0
0
-1.2685
0
0
0
0
0
0
0
0
0
0
0
0
0
-1.2858
-1.438
0
0
0
0
3.9924
0
0
0
0
0
0
0
-2.2382
0
0
0
0
0
0
0
0
0
0
0
0
0
0
0
0
0
0
0
0
0
0
2.5978
0
0
-0.35953
0
0
0
0
0
0
0
0
0
0
0
0
0
0
0
0
0
0
0
0
0
-3.5861
0
0
-2.7315
0
0
6.3176
0
0
0
0
0
0
0
0
0
0
0
0
0
0
-3.1152
0
0
0
0
0
0
0
0
-2.6277
0
0
0
0
0
0
5.743
0
0
0
0
0
0
0
0
0
0
0
0
0
0
-2.211
0
0
0
0
0
0
0
0
0
0
0
0
-0.35953
0
0
2.5706
0
0
0
0
0
0
0
0
0
0
0
0
0
-0.72307
0
0
0
0
0
0
0
0
0
0
0
0
0
0
0
0
0.72307
0
0
0
0
0
0
0
0
0
0
0
0
0
0
0
0
0
0
0
-3.3213
0
0
0
0
0
0
0
0
0
0
3.3213
0
0
0
0
0
0
0
0
0
0
0
0
0
0
0
0
0
0
-3.3213
0
0
0
0
0
0
0
0
0
0
0
3.3213
