16.2594
-0.80146
-0.81275
-0.80246
-0.80064
-0.78162
-0.8034
-0.85158
-0.84558
-0.80985
-0.82804
-0.91329
-0.83233
-0.83233
-0.90539
-0.7812
-0.7812
-0.7812
-0.9038
-0.61475
0
-0.77656
0
0
0
0
0
0
0
0
-0.80146
16.2594
-0.81275
-0.80246
-0.80064
-0.78162
-0.8034
-0.85158
-0.84558
-0.80985
-0.82804
-0.91329
-0.83233
-0.83233
-0.90539
-0.7812
-0.7812
-0.7812
-0.9038
-0.61475
0
-0.77656
0
0
0
0
0
0
0
0
-0.81275
-0.81275
21.1508
-0.81906
-0.8162
-0.79018
-0.81354
-0.86993
-0.86379
-0.82006
-0.83857
-0.93649
-0.84207
-0.84207
-0.92743
-0.78862
-0.78862
-0.78862
0
0
0
0
0
0
0
0
0
0
0
-6.98
-0.80246
-0.80246
-0.81906
14.8806
-0.80544
-0.78075
-0.80295
-0.85243
-0.84679
-0.80923
-0.82725
-0.91517
-0.83129
-0.83129
-0.90809
-0.78026
-0.78026
-0.78026
-0.90515
0
0
0
0
0
0
0
0
0
0
0
-0.80064
-0.80064
-0.8162
-0.80544
14.4876
-0.77834
-0.80032
-0.84842
-0.84281
-0.80656
-0.82445
-0.90982
-0.82858
-0.82858
-0.9028
-0.77811
-0.77811
-0.77811
0
0
-0.55961
0
0
0
0
0
0
0
0
0
-0.78162
-0.78162
-0.79018
-0.78075
-0.77834
13.5618
-0.77952
-0.82452
-0.81988
-0.78494
-0.80086
-0.88083
-0.80413
-0.80413
-0.87541
-0.75836
-0.75836
-0.75836
0
0
0
0
0
0
0
0
0
0
0
0
-0.8034
-0.8034
-0.81354
-0.80295
-0.80032
-0.77952
10.6905
-0.84639
-0.84288
-0.80236
-0.82049
-0.90819
-0.83351
-0.83351
0
0
0
0
0
0
0
0
0
0
0
0
0
0
0
0
-0.85158
-0.85158
-0.86993
-0.85243
-0.84842
-0.82452
-0.84639
14.1708
-0.9038
-0.8293
-0.85795
0
0
0
0
0
0
0
0
0
0
0
0
0
0
0
0
-5.6349
0
0
-0.84558
-0.84558
-0.86379
-0.84679
-0.84281
-0.81988
-0.84288
-0.9038
12.909
-0.81593
0
0
0
0
0
0
0
0
0
0
0
0
0
-5.282
0
0
0
0
0
0
-0.80985
-0.80985
-0.82006
-0.80923
-0.80656
-0.78494
-0.80236
-0.8293
-0.81593
8.0824
-0.79431
0
0
0
0
0
0
0
0
0
0
0
0
0
0
0
0
0
0
0
-0.82804
-0.82804
-0.83857
-0.82725
-0.82445
-0.80086
-0.82049
-0.85795
0
-0.79431
7.42
0
0
0
0
0
0
0
0
0
0
0
0
0
0
0
0
0
0
0
-0.91329
-0.91329
-0.93649
-0.91517
-0.90982
-0.88083
-0.90819
0
0
0
0
10.6076
0
0
0
0
0
0
0
0
0
0
0
0
0
-4.2305
0
0
0
0
-0.83233
-0.83233
-0.84207
-0.83129
-0.82858
-0.80413
-0.83351
0
0
0
0
0
5.8043
0
0
0
0
0
0
0
0
0
0
0
0
0
0
0
0
0
-0.83233
-0.83233
-0.84207
-0.83129
-0.82858
-0.80413
-0.83351
0
0
0
0
0
0
5.8043
0
0
0
0
0
0
0
0
0
0
0
0
0
0
0
0
-0.90539
-0.90539
-0.92743
-0.90809
-0.9028
-0.87541
0
0
0
0
0
0
0
0
8.8805
0
0
0
0
0
0
0
0
0
-3.456
0
0
0
0
0
-0.7812
-0.7812
-0.78862
-0.78026
-0.77811
-0.75836
0
0
0
0
0
0
0
0
0
4.6678
0
0
0
0
0
0
0
0
0
0
0
0
0
0
-0.7812
-0.7812
-0.78862
-0.78026
-0.77811
-0.75836
0
0
0
0
0
0
0
0
0
0
4.6678
0
0
0
0
0
0
0
0
0
0
0
0
0
-0.7812
-0.7812
-0.78862
-0.78026
-0.77811
-0.75836
0
0
0
0
0
0
0
0
0
0
0
4.6678
0
0
0
0
0
0
0
0
0
0
0
0
-0.9038
-0.9038
0
-0.90515
0
0
0
0
0
0
0
0
0
0
0
0
0
0
3.6312
0
0
0
-0.91846
0
0
0
0
0
0
0
-0.61475
-0.61475
0
0
0
0
0
0
0
0
0
0
0
0
0
0
0
0
0
1.7817
0
0
0
0
0
0
-0.55225
0
0
0
0
0
0
0
-0.55961
0
0
0
0
0
0
0
0
0
0
0
0
0
0
0
1.7835
-0.65159
0
0
0
0
0
0
-0.57235
0
-0.77656
-0.77656
0
0
0
0
0
0
0
0
0
0
0
0
0
0
0
0
0
0
-0.65159
2.2047
0
0
0
0
0
0
0
0
0
0
0
0
0
0
0
0
0
0
0
0
0
0
0
0
0
0
-0.91846
0
0
0
0.91846
0
0
0
0
0
0
0
0
0
0
0
0
0
0
0
-5.282
0
0
0
0
0
0
0
0
0
0
0
0
0
0
5.282
0
0
0
0
0
0
0
0
0
0
0
0
0
0
0
0
0
0
0
0
-3.456
0
0
0
0
0
0
0
0
0
3.456
0
0
0
0
0
0
0
0
0
0
0
0
0
0
0
0
-4.2305
0
0
0
0
0
0
0
0
0
0
0
0
0
4.2305
0
0
0
0
0
0
0
0
0
0
0
0
0
0
0
0
0
0
0
0
0
0
0
-0.55225
0
0
0
0
0
0
0.55225
0
0
0
0
0
0
0
0
0
0
-5.6349
0
0
0
0
0
0
0
0
0
0
0
0
0
0
0
0
0
0
0
5.6349
0
0
0
0
0
0
0
0
0
0
0
0
0
0
0
0
0
0
0
0
0
0
-0.57235
0
0
0
0
0
0
0
0.57235
0
0
0
-6.98
0
0
0
0
0
0
0
0
0
0
0
0
0
0
0
0
0
0
0
0
0
0
0
0
0
0
6.98
