22.7016
-0.73794
-0.77368
-0.79424
-0.72112
-0.72805
-0.72805
-0.72112
-0.6326
-0.6326
-0.63305
-0.74826
-0.76882
-0.67635
-0.67635
-0.65665
-0.87135
0
-1.5784
-0.27575
0
0
0
0
-9.3472
0
0
0
0
0
-0.73794
13.3089
-0.76458
-0.7769
-0.7095
-0.72521
-0.72521
-0.7095
-0.62252
-0.62252
-0.62316
-0.74175
-0.76963
-0.66509
-0.66509
-0.64549
-0.84095
0
-1.5904
0
0
-0.37355
0
0
0
0
0
0
0
0
-0.77368
-0.76458
12.2871
-0.81036
-0.73391
-0.76193
-0.76193
-0.73391
-0.64361
-0.64361
-0.64457
-0.76444
-0.80193
-0.68685
-0.68685
-0.66704
-0.86325
-0.54468
0
0
0
0
0
0
0
0
0
0
0
0
-0.79424
-0.7769
-0.81036
16.2129
-0.74524
-0.78671
-0.78671
-0.74524
-0.65721
-0.65721
-0.65851
-0.7818
-0.83574
-0.70342
-0.70342
-0.68219
-0.79296
0
0
0
-4.295
0
0
0
0
0
0
0
0
0
-0.72112
-0.7095
-0.73391
-0.74524
10.8643
-0.72222
-0.72222
-0.65127
-0.58743
-0.58743
-0.58907
-0.69691
-0.73857
-0.62977
-0.62977
-0.61065
-0.78923
0
0
0
0
0
0
0
0
0
0
0
0
0
-0.72805
-0.72521
-0.76193
-0.78671
-0.72222
19.0339
-0.72996
-0.72222
-0.59856
-0.59856
-0.59969
-0.70467
-0.7291
-0.64222
-0.64222
-0.62281
0
0
0
0
0
0
0
0
0
0
-8.7198
0
0
0
-0.72805
-0.72521
-0.76193
-0.78671
-0.72222
-0.72996
19.0339
-0.72222
-0.59856
-0.59856
-0.59969
-0.70467
-0.7291
-0.64222
-0.64222
-0.62281
0
0
0
0
0
0
0
0
0
0
0
0
-8.7198
0
-0.72112
-0.7095
-0.73391
-0.74524
-0.65127
-0.72222
-0.72222
10.8643
-0.58743
-0.58743
-0.58907
-0.69691
-0.73857
-0.62977
-0.62977
-0.61065
-0.78923
0
0
0
0
0
0
0
0
0
0
0
0
0
-0.6326
-0.62252
-0.64361
-0.65721
-0.58743
-0.59856
-0.59856
-0.58743
8.7869
-0.50267
-0.50948
-0.59857
-0.63274
-0.54414
-0.54414
-0.52726
0
0
0
0
0
0
0
0
0
0
0
0
0
0
-0.6326
-0.62252
-0.64361
-0.65721
-0.58743
-0.59856
-0.59856
-0.58743
-0.50267
8.7869
-0.50948
-0.59857
-0.63274
-0.54414
-0.54414
-0.52726
0
0
0
0
0
0
0
0
0
0
0
0
0
0
-0.63305
-0.62316
-0.64457
-0.65851
-0.58907
-0.59969
-0.59969
-0.58907
-0.50948
-0.50948
8.2599
-0.59078
-0.62472
-0.54429
-0.54429
0
0
0
0
0
0
0
0
0
0
0
0
0
0
0
-0.74826
-0.74175
-0.76444
-0.7818
-0.69691
-0.70467
-0.70467
-0.69691
-0.59857
-0.59857
-0.59078
8.1596
0
0
0
0
0
-0.53229
0
0
0
0
0
0
0
0
0
0
0
0
-0.76882
-0.76963
-0.80193
-0.83574
-0.73857
-0.7291
-0.7291
-0.73857
-0.63274
-0.63274
-0.62472
0
15.1838
0
0
0
0
0
0
0
0
0
0
0
0
-7.1821
0
0
0
0
-0.67635
-0.66509
-0.68685
-0.70342
-0.62977
-0.64222
-0.64222
-0.62977
-0.54414
-0.54414
-0.54429
0
0
6.9082
0
0
0
0
0
0
0
0
0
0
0
0
0
0
0
0
-0.67635
-0.66509
-0.68685
-0.70342
-0.62977
-0.64222
-0.64222
-0.62977
-0.54414
-0.54414
-0.54429
0
0
0
6.9082
0
0
0
0
0
0
0
0
0
0
0
0
0
0
0
-0.65665
-0.64549
-0.66704
-0.68219
-0.61065
-0.62281
-0.62281
-0.61065
-0.52726
-0.52726
0
0
0
0
0
6.1728
0
0
0
0
0
0
0
0
0
0
0
0
0
0
-0.87135
-0.84095
-0.86325
-0.79296
-0.78923
0
0
-0.78923
0
0
0
0
0
0
0
0
8.2646
0
0
0
-3.3176
0
0
0
0
0
0
0
0
0
0
0
-0.54468
0
0
0
0
0
0
0
0
-0.53229
0
0
0
0
0
2.5746
0
-0.96598
0
0
-0.53168
0
0
0
0
0
0
0
-1.5784
-1.5904
0
0
0
0
0
0
0
0
0
0
0
0
0
0
0
0
6.0762
0
0
0
0
0
0
0
0
-2.9074
0
0
-0.27575
0
0
0
0
0
0
0
0
0
0
0
0
0
0
0
0
-0.96598
0
1.6893
0
0
0
0
0
0
0
0
0
-0.44754
0
0
0
-4.295
0
0
0
0
0
0
0
0
0
0
0
0
-3.3176
0
0
0
7.6126
0
0
0
0
0
0
0
0
0
0
-0.37355
0
0
0
0
0
0
0
0
0
0
0
0
0
0
0
0
0
0
0
1.9659
0
-1.5923
0
0
0
0
0
0
0
0
0
0
0
0
0
0
0
0
0
0
0
0
0
0
0
-0.53168
0
0
0
0
2.9796
-2.4479
0
0
0
0
0
0
0
0
0
0
0
0
0
0
0
0
0
0
0
0
0
0
0
0
0
0
0
-1.5923
-2.4479
4.0402
0
0
0
0
0
0
-9.3472
0
0
0
0
0
0
0
0
0
0
0
0
0
0
0
0
0
0
0
0
0
0
0
9.3472
0
0
0
0
0
0
0
0
0
0
0
0
0
0
0
0
0
-7.1821
0
0
0
0
0
0
0
0
0
0
0
0
7.1821
0
0
0
0
0
0
0
0
0
-8.7198
0
0
0
0
0
0
0
0
0
0
0
0
0
0
0
0
0
0
0
0
8.7198
0
0
0
0
0
0
0
0
0
0
0
0
0
0
0
0
0
0
0
0
0
-2.9074
0
0
0
0
0
0
0
0
2.9074
0
0
0
0
0
0
0
0
-8.7198
0
0
0
0
0
0
0
0
0
0
0
0
0
0
0
0
0
0
0
0
0
8.7198
0
0
0
0
0
0
0
0
0
0
0
0
0
0
0
0
0
0
0
0
-0.44754
0
0
0
0
0
0
0
0
0
0.44754
