16.7751
-0.72523
-0.74303
-0.72149
-0.63671
-0.63671
-0.63671
-0.63671
-0.71251
-0.70188
-0.64557
-0.64557
-0.64557
-0.66848
-0.66593
-0.66593
-0.66593
0
0
-0.48387
0
-5.5372
0
0
0
0
0
0
0
0
-0.72523
11.0004
-0.7304
-0.7093
-0.61896
-0.61896
-0.61896
-0.61896
-0.6967
-0.68582
-0.635
-0.635
-0.635
-0.65238
-0.64893
-0.64893
-0.64893
0
0
-0.47292
0
0
0
0
0
0
0
0
0
0
-0.74303
-0.7304
18.826
-0.72281
-0.63678
-0.63678
-0.63678
-0.63678
-0.7009
-0.68798
-0.642
-0.642
-0.642
-0.67106
-0.67542
-0.67542
-0.67542
0
0
0
0
0
0
0
0
0
-8.0704
0
0
0
-0.72149
-0.7093
-0.72281
10.5627
-0.61612
-0.61612
-0.61612
-0.61612
-0.68633
-0.67512
-0.62703
-0.62703
-0.62703
-0.64935
-0.64942
-0.64942
-0.64942
0
-0.1045
0
0
0
0
0
0
0
0
0
0
0
-0.63671
-0.61896
-0.63678
-0.61612
9.2456
-0.52539
-0.52539
-0.52539
-0.60728
-0.59885
-0.55594
-0.55594
-0.55594
-0.57279
-0.57136
-0.57136
-0.57136
0
0
0
0
0
0
0
0
0
0
0
0
0
-0.63671
-0.61896
-0.63678
-0.61612
-0.52539
9.2456
-0.52539
-0.52539
-0.60728
-0.59885
-0.55594
-0.55594
-0.55594
-0.57279
-0.57136
-0.57136
-0.57136
0
0
0
0
0
0
0
0
0
0
0
0
0
-0.63671
-0.61896
-0.63678
-0.61612
-0.52539
-0.52539
9.2456
-0.52539
-0.60728
-0.59885
-0.55594
-0.55594
-0.55594
-0.57279
-0.57136
-0.57136
-0.57136
0
0
0
0
0
0
0
0
0
0
0
0
0
-0.63671
-0.61896
-0.63678
-0.61612
-0.52539
-0.52539
-0.52539
9.2456
-0.60728
-0.59885
-0.55594
-0.55594
-0.55594
-0.57279
-0.57136
-0.57136
-0.57136
0
0
0
0
0
0
0
0
0
0
0
0
0
-0.71251
-0.6967
-0.7009
-0.68633
-0.60728
-0.60728
-0.60728
-0.60728
15.4353
-0.61587
-0.57331
-0.57331
-0.57331
-0.60479
0
0
0
-0.43443
0
0
0
0
0
0
-6.8347
0
0
0
0
0
-0.70188
-0.68582
-0.68798
-0.67512
-0.59885
-0.59885
-0.59885
-0.59885
-0.61587
13.894
-0.56447
-0.56447
-0.56447
0
0
0
0
-0.42459
0
0
0
0
-6.0139
0
0
0
0
0
0
0
-0.64557
-0.635
-0.642
-0.62703
-0.55594
-0.55594
-0.55594
-0.55594
-0.57331
-0.56447
13.6401
-0.49212
-0.49212
-0.55021
0
0
0
0
0
0
0
0
0
0
0
0
0
0
-6.1945
0
-0.64557
-0.635
-0.642
-0.62703
-0.55594
-0.55594
-0.55594
-0.55594
-0.57331
-0.56447
-0.49212
13.6401
-0.49212
-0.55021
0
0
0
0
0
0
0
0
0
0
0
0
0
0
0
-6.1945
-0.64557
-0.635
-0.642
-0.62703
-0.55594
-0.55594
-0.55594
-0.55594
-0.57331
-0.56447
-0.49212
-0.49212
13.6401
-0.55021
0
0
0
0
0
0
0
0
0
0
0
-6.1945
0
0
0
0
-0.66848
-0.65238
-0.67106
-0.64935
-0.57279
-0.57279
-0.57279
-0.57279
-0.60479
0
-0.55021
-0.55021
-0.55021
7.1879
0
0
0
0
0
0
0
0
0
0
0
0
0
0
0
0
-0.66593
-0.64893
-0.67542
-0.64942
-0.57136
-0.57136
-0.57136
-0.57136
0
0
0
0
0
0
4.9251
0
0
0
0
0
0
0
0
0
0
0
0
0
0
0
-0.66593
-0.64893
-0.67542
-0.64942
-0.57136
-0.57136
-0.57136
-0.57136
0
0
0
0
0
0
0
4.9251
0
0
0
0
0
0
0
0
0
0
0
0
0
0
-0.66593
-0.64893
-0.67542
-0.64942
-0.57136
-0.57136
-0.57136
-0.57136
0
0
0
0
0
0
0
0
4.9251
0
0
0
0
0
0
0
0
0
0
0
0
0
0
0
0
0
0
0
0
0
-0.43443
-0.42459
0
0
0
0
0
0
0
11.7868
0
0
-6.2699
0
0
0
0
0
0
-4.6578
0
0
0
0
0
-0.1045
0
0
0
0
0
0
0
0
0
0
0
0
0
0
0.57444
-0.30488
0
0
0
-0.16506
0
0
0
0
0
0
-0.48387
-0.47292
0
0
0
0
0
0
0
0
0
0
0
0
0
0
0
0
-0.30488
1.2617
0
0
0
0
0
0
0
0
0
0
0
0
0
0
0
0
0
0
0
0
0
0
0
0
0
0
0
-6.2699
0
0
9.2126
-2.9426
0
0
0
0
0
0
0
0
-5.5372
0
0
0
0
0
0
0
0
0
0
0
0
0
0
0
0
0
0
0
-2.9426
8.4798
0
0
0
0
0
0
0
0
0
0
0
0
0
0
0
0
0
-6.0139
0
0
0
0
0
0
0
0
0
0
0
0
6.0139
0
0
0
0
0
0
0
0
0
0
0
0
0
0
0
0
0
0
0
0
0
0
0
0
0
-0.16506
0
0
0
0
0.16506
0
0
0
0
0
0
0
0
0
0
0
0
0
0
-6.8347
0
0
0
0
0
0
0
0
0
0
0
0
0
0
0
6.8347
0
0
0
0
0
0
0
0
0
0
0
0
0
0
0
0
0
-6.1945
0
0
0
0
0
0
0
0
0
0
0
0
6.1945
0
0
0
0
0
0
-8.0704
0
0
0
0
0
0
0
0
0
0
0
0
0
0
0
0
0
0
0
0
0
0
0
8.0704
0
0
0
0
0
0
0
0
0
0
0
0
0
0
0
0
0
0
0
0
-4.6578
0
0
0
0
0
0
0
0
0
4.6578
0
0
0
0
0
0
0
0
0
0
0
0
-6.1945
0
0
0
0
0
0
0
0
0
0
0
0
0
0
0
0
0
6.1945
0
0
0
0
0
0
0
0
0
0
0
0
-6.1945
0
0
0
0
0
0
0
0
0
0
0
0
0
0
0
0
0
6.1945
