14.9962
-0.79954
-0.80478
-0.69867
-0.69867
-0.69867
-0.69867
-0.78795
-0.72179
-0.72423
-0.72423
-0.71181
-0.74106
-0.79292
-0.77364
-0.84461
-0.84461
-0.57024
-2.3601
0
0
0
0
0
0
0
0
0
0
0
-0.79954
13.2458
-0.81487
-0.70047
-0.70047
-0.70047
-0.70047
-0.79171
-0.74451
-0.73105
-0.73105
-0.7135
-0.74669
-0.792
-0.7791
-0.85088
-0.85088
0
0
-1.0982
0
0
0
0
0
0
0
0
0
0
-0.80478
-0.81487
14.1455
-0.7019
-0.7019
-0.7019
-0.7019
-0.79857
-0.74851
-0.73187
-0.73187
-0.71586
-0.7477
-0.80905
-0.77861
-0.84847
-0.84847
0
0
0
0
0
0
0
-1.9592
0
0
0
0
0
-0.69867
-0.70047
-0.7019
10.4592
-0.56985
-0.56985
-0.56985
-0.6815
-0.6425
-0.62617
-0.62617
-0.61183
-0.6388
-0.69317
-0.66357
-0.73243
-0.73243
0
0
0
0
0
0
0
0
0
0
0
0
0
-0.69867
-0.70047
-0.7019
-0.56985
10.4592
-0.56985
-0.56985
-0.6815
-0.6425
-0.62617
-0.62617
-0.61183
-0.6388
-0.69317
-0.66357
-0.73243
-0.73243
0
0
0
0
0
0
0
0
0
0
0
0
0
-0.69867
-0.70047
-0.7019
-0.56985
-0.56985
10.4592
-0.56985
-0.6815
-0.6425
-0.62617
-0.62617
-0.61183
-0.6388
-0.69317
-0.66357
-0.73243
-0.73243
0
0
0
0
0
0
0
0
0
0
0
0
0
-0.69867
-0.70047
-0.7019
-0.56985
-0.56985
-0.56985
10.4592
-0.6815
-0.6425
-0.62617
-0.62617
-0.61183
-0.6388
-0.69317
-0.66357
-0.73243
-0.73243
0
0
0
0
0
0
0
0
0
0
0
0
0
-0.78795
-0.79171
-0.79857
-0.6815
-0.6815
-0.6815
-0.6815
12.3727
-0.73626
-0.7268
-0.7268
-0.69967
-0.71785
0
0
0
0
0
0
0
0
-1.8305
-1.8305
0
0
0
0
0
0
0
-0.72179
-0.74451
-0.74851
-0.6425
-0.6425
-0.6425
-0.6425
-0.73626
10.2877
-0.67819
-0.67819
-0.57723
-0.61756
0
0
0
0
0
-2.2154
0
0
0
0
0
0
0
0
0
0
0
-0.72423
-0.73105
-0.73187
-0.62617
-0.62617
-0.62617
-0.62617
-0.7268
-0.67819
8.6357
-0.57386
-0.62555
-0.64503
0
-0.69444
0
0
0
0
0
0
0
0
0
0
0
0
0
0
0
-0.72423
-0.73105
-0.73187
-0.62617
-0.62617
-0.62617
-0.62617
-0.7268
-0.67819
-0.57386
8.6357
-0.62555
-0.64503
0
-0.69444
0
0
0
0
0
0
0
0
0
0
0
0
0
0
0
-0.71181
-0.7135
-0.71586
-0.61183
-0.61183
-0.61183
-0.61183
-0.69967
-0.57723
-0.62555
-0.62555
7.7831
0
-0.66661
0
0
0
0
0
0
0
0
0
0
0
0
0
0
0
0
-0.74106
-0.74669
-0.7477
-0.6388
-0.6388
-0.6388
-0.6388
-0.71785
-0.61756
-0.64503
-0.64503
0
7.4161
0
0
0
0
0
0
0
0
0
0
0
0
0
0
0
0
0
-0.79292
-0.792
-0.80905
-0.69317
-0.69317
-0.69317
-0.69317
0
0
0
0
-0.66661
0
8.1352
0
0
0
-0.54549
0
0
-1.7564
0
0
0
0
0
0
0
0
0
-0.77364
-0.7791
-0.77861
-0.66357
-0.66357
-0.66357
-0.66357
0
0
-0.69444
-0.69444
0
0
0
6.3745
0
0
0
0
0
0
0
0
0
0
0
0
0
0
0
-0.84461
-0.85088
-0.84847
-0.73243
-0.73243
-0.73243
-0.73243
0
0
0
0
0
0
0
0
12.2491
0
0
0
0
0
0
0
0
0
0
0
0
-6.7754
0
-0.84461
-0.85088
-0.84847
-0.73243
-0.73243
-0.73243
-0.73243
0
0
0
0
0
0
0
0
0
12.2491
0
0
0
0
0
0
0
0
0
0
0
0
-6.7754
-0.57024
0
0
0
0
0
0
0
0
0
0
0
0
-0.54549
0
0
0
16.95
0
0
0
-2.1626
-2.1626
0
0
0
-5.7546
-5.7546
0
0
-2.3601
0
0
0
0
0
0
0
-2.2154
0
0
0
0
0
0
0
0
0
6.0587
-1.4831
0
0
0
0
0
0
0
0
0
0
0
-1.0982
0
0
0
0
0
0
0
0
0
0
0
0
0
0
0
0
-1.4831
5.4686
0
0
0
0
0
-2.8873
0
0
0
0
0
0
0
0
0
0
0
0
0
0
0
0
0
-1.7564
0
0
0
0
0
0
3.6566
0
0
-1.9002
0
0
0
0
0
0
0
0
0
0
0
0
0
-1.8305
0
0
0
0
0
0
0
0
0
-2.1626
0
0
0
3.9931
0
0
0
0
0
0
0
0
0
0
0
0
0
0
0
-1.8305
0
0
0
0
0
0
0
0
0
-2.1626
0
0
0
0
3.9931
0
0
0
0
0
0
0
0
0
0
0
0
0
0
0
0
0
0
0
0
0
0
0
0
0
0
0
-1.9002
0
0
3.7554
-1.8552
0
0
0
0
0
0
0
-1.9592
0
0
0
0
0
0
0
0
0
0
0
0
0
0
0
0
0
0
0
0
-1.8552
3.8144
0
0
0
0
0
0
0
0
0
0
0
0
0
0
0
0
0
0
0
0
0
0
0
0
-2.8873
0
0
0
0
0
2.8873
0
0
0
0
0
0
0
0
0
0
0
0
0
0
0
0
0
0
0
0
0
-5.7546
0
0
0
0
0
0
0
0
5.7546
0
0
0
0
0
0
0
0
0
0
0
0
0
0
0
0
0
0
0
0
-5.7546
0
0
0
0
0
0
0
0
0
5.7546
0
0
0
0
0
0
0
0
0
0
0
0
0
0
0
0
0
-6.7754
0
0
0
0
0
0
0
0
0
0
0
0
6.7754
0
0
0
0
0
0
0
0
0
0
0
0
0
0
0
0
0
-6.7754
0
0
0
0
0
0
0
0
0
0
0
0
6.7754
