35.8289
-1.1132
-1.1132
-0.96651
-0.96651
-0.96651
-0.96651
-0.96651
-0.96651
-0.96651
-0.96651
-0.96651
-0.96651
-0.79846
-0.81338
-0.81338
-0.82924
-0.84404
-0.90948
-0.90948
-0.89913
-0.97836
-0.91638
0
0
-7.613
0
-7.613
0
0
-1.1132
28.6371
-1.2416
-1.0774
-1.0774
-1.0774
-1.0774
-1.0774
-1.0774
-1.0774
-1.0774
-1.0774
-1.0774
-0.88885
-0.93225
-0.93225
-0.94927
-0.9421
-1.0169
-1.0169
-1.0047
-1.0881
-1.0212
0
-5.7163
0
0
0
0
0
-1.1132
-1.2416
28.6371
-1.0774
-1.0774
-1.0774
-1.0774
-1.0774
-1.0774
-1.0774
-1.0774
-1.0774
-1.0774
-0.88885
-0.93225
-0.93225
-0.94927
-0.9421
-1.0169
-1.0169
-1.0047
-1.0881
-1.0212
-5.7163
0
0
0
0
0
0
-0.96651
-1.0774
-1.0774
19.1084
-0.87139
-0.87139
-0.87139
-0.87139
-0.87139
-0.87139
-0.87139
-0.87139
-0.87139
-0.73428
-0.788
-0.788
-0.7985
-0.78061
-0.84094
-0.84094
-0.8306
-0.90022
-0.84252
0
0
0
0
0
0
0
-0.96651
-1.0774
-1.0774
-0.87139
19.1084
-0.87139
-0.87139
-0.87139
-0.87139
-0.87139
-0.87139
-0.87139
-0.87139
-0.73428
-0.788
-0.788
-0.7985
-0.78061
-0.84094
-0.84094
-0.8306
-0.90022
-0.84252
0
0
0
0
0
0
0
-0.96651
-1.0774
-1.0774
-0.87139
-0.87139
19.1084
-0.87139
-0.87139
-0.87139
-0.87139
-0.87139
-0.87139
-0.87139
-0.73428
-0.788
-0.788
-0.7985
-0.78061
-0.84094
-0.84094
-0.8306
-0.90022
-0.84252
0
0
0
0
0
0
0
-0.96651
-1.0774
-1.0774
-0.87139
-0.87139
-0.87139
19.1084
-0.87139
-0.87139
-0.87139
-0.87139
-0.87139
-0.87139
-0.73428
-0.788
-0.788
-0.7985
-0.78061
-0.84094
-0.84094
-0.8306
-0.90022
-0.84252
0
0
0
0
0
0
0
-0.96651
-1.0774
-1.0774
-0.87139
-0.87139
-0.87139
-0.87139
19.1084
-0.87139
-0.87139
-0.87139
-0.87139
-0.87139
-0.73428
-0.788
-0.788
-0.7985
-0.78061
-0.84094
-0.84094
-0.8306
-0.90022
-0.84252
0
0
0
0
0
0
0
-0.96651
-1.0774
-1.0774
-0.87139
-0.87139
-0.87139
-0.87139
-0.87139
19.1084
-0.87139
-0.87139
-0.87139
-0.87139
-0.73428
-0.788
-0.788
-0.7985
-0.78061
-0.84094
-0.84094
-0.8306
-0.90022
-0.84252
0
0
0
0
0
0
0
-0.96651
-1.0774
-1.0774
-0.87139
-0.87139
-0.87139
-0.87139
-0.87139
-0.87139
19.1084
-0.87139
-0.87139
-0.87139
-0.73428
-0.788
-0.788
-0.7985
-0.78061
-0.84094
-0.84094
-0.8306
-0.90022
-0.84252
0
0
0
0
0
0
0
-0.96651
-1.0774
-1.0774
-0.87139
-0.87139
-0.87139
-0.87139
-0.87139
-0.87139
-0.87139
19.1084
-0.87139
-0.87139
-0.73428
-0.788
-0.788
-0.7985
-0.78061
-0.84094
-0.84094
-0.8306
-0.90022
-0.84252
0
0
0
0
0
0
0
-0.96651
-1.0774
-1.0774
-0.87139
-0.87139
-0.87139
-0.87139
-0.87139
-0.87139
-0.87139
-0.87139
19.1084
-0.87139
-0.73428
-0.788
-0.788
-0.7985
-0.78061
-0.84094
-0.84094
-0.8306
-0.90022
-0.84252
0
0
0
0
0
0
0
-0.96651
-1.0774
-1.0774
-0.87139
-0.87139
-0.87139
-0.87139
-0.87139
-0.87139
-0.87139
-0.87139
-0.87139
19.1084
-0.73428
-0.788
-0.788
-0.7985
-0.78061
-0.84094
-0.84094
-0.8306
-0.90022
-0.84252
0
0
0
0
0
0
0
-0.79846
-0.88885
-0.88885
-0.73428
-0.73428
-0.73428
-0.73428
-0.73428
-0.73428
-0.73428
-0.73428
-0.73428
-0.73428
15.095
-0.60701
-0.60701
-0.62245
-0.62585
-0.67125
-0.67125
-0.6605
-0.71074
0
0
0
0
0
0
0
0
-0.81338
-0.93225
-0.93225
-0.788
-0.788
-0.788
-0.788
-0.788
-0.788
-0.788
-0.788
-0.788
-0.788
-0.60701
19.5835
-0.59522
-0.61338
-0.63699
-0.6817
-0.6817
-0.66979
0
0
0
0
0
0
0
0
-4.5398
-0.81338
-0.93225
-0.93225
-0.788
-0.788
-0.788
-0.788
-0.788
-0.788
-0.788
-0.788
-0.788
-0.788
-0.60701
-0.59522
19.5835
-0.61338
-0.63699
-0.6817
-0.6817
-0.66979
0
0
0
0
0
-4.5398
0
0
0
-0.82924
-0.94927
-0.94927
-0.7985
-0.7985
-0.7985
-0.7985
-0.7985
-0.7985
-0.7985
-0.7985
-0.7985
-0.7985
-0.62245
-0.61338
-0.61338
18.7333
-0.66463
-0.71024
-0.71024
0
0
0
0
0
0
0
0
-4.0861
0
-0.84404
-0.9421
-0.9421
-0.78061
-0.78061
-0.78061
-0.78061
-0.78061
-0.78061
-0.78061
-0.78061
-0.78061
-0.78061
-0.62585
-0.63699
-0.63699
-0.66463
15.2158
-0.70882
-0.70882
-0.69934
0
0
0
0
0
0
0
0
0
-0.90948
-1.0169
-1.0169
-0.84094
-0.84094
-0.84094
-0.84094
-0.84094
-0.84094
-0.84094
-0.84094
-0.84094
-0.84094
-0.67125
-0.6817
-0.6817
-0.71024
-0.70882
14.8064
0
0
0
0
0
0
0
0
0
0
0
-0.90948
-1.0169
-1.0169
-0.84094
-0.84094
-0.84094
-0.84094
-0.84094
-0.84094
-0.84094
-0.84094
-0.84094
-0.84094
-0.67125
-0.6817
-0.6817
-0.71024
-0.70882
0
14.8064
0
0
0
0
0
0
0
0
0
0
-0.89913
-1.0047
-1.0047
-0.8306
-0.8306
-0.8306
-0.8306
-0.8306
-0.8306
-0.8306
-0.8306
-0.8306
-0.8306
-0.6605
-0.66979
-0.66979
0
-0.69934
0
0
13.9138
0
0
0
0
0
0
0
0
0
-0.97836
-1.0881
-1.0881
-0.90022
-0.90022
-0.90022
-0.90022
-0.90022
-0.90022
-0.90022
-0.90022
-0.90022
-0.90022
-0.71074
0
0
0
0
0
0
0
12.8675
0
0
0
0
0
0
0
0
-0.91638
-1.0212
-1.0212
-0.84252
-0.84252
-0.84252
-0.84252
-0.84252
-0.84252
-0.84252
-0.84252
-0.84252
-0.84252
0
0
0
0
0
0
0
0
0
11.384
0
0
0
0
0
0
0
0
0
-5.7163
0
0
0
0
0
0
0
0
0
0
0
0
0
0
0
0
0
0
0
0
5.7163
0
0
0
0
0
0
0
-5.7163
0
0
0
0
0
0
0
0
0
0
0
0
0
0
0
0
0
0
0
0
0
0
5.7163
0
0
0
0
0
-7.613
0
0
0
0
0
0
0
0
0
0
0
0
0
0
0
0
0
0
0
0
0
0
0
0
7.613
0
0
0
0
0
0
0
0
0
0
0
0
0
0
0
0
0
0
0
-4.5398
0
0
0
0
0
0
0
0
0
0
4.5398
0
0
0
-7.613
0
0
0
0
0
0
0
0
0
0
0
0
0
0
0
0
0
0
0
0
0
0
0
0
0
0
7.613
0
0
0
0
0
0
0
0
0
0
0
0
0
0
0
0
0
0
-4.0861
0
0
0
0
0
0
0
0
0
0
0
4.0861
0
0
0
0
0
0
0
0
0
0
0
0
0
0
0
-4.5398
0
0
0
0
0
0
0
0
0
0
0
0
0
0
4.5398
