26.911
-1.0871
-1.0965
-1.0965
-1.0965
-1.0965
-1.0965
-0.88323
-0.88323
-0.88323
-0.88323
-0.88829
-0.89465
-0.90093
-0.90093
-0.97022
-0.97022
-0.97022
-0.97022
-0.97022
-1.0073
-1.0073
-0.89366
0
0
-5.4645
0
0
0
0
-1.0871
26.911
-1.0965
-1.0965
-1.0965
-1.0965
-1.0965
-0.88323
-0.88323
-0.88323
-0.88323
-0.88829
-0.89465
-0.90093
-0.90093
-0.97022
-0.97022
-0.97022
-0.97022
-0.97022
-1.0073
-1.0073
-0.89366
0
0
0
-5.4645
0
0
0
-1.0965
-1.0965
22.2638
-1.0456
-1.0456
-1.0456
-1.0456
-0.87682
-0.87682
-0.87682
-0.87682
-0.92563
-0.88875
-0.91513
-0.91513
-0.96491
-0.96491
-0.96491
-0.96491
-0.96491
-0.99494
-0.99494
-0.88234
-1.0399
0
0
0
0
0
0
-1.0965
-1.0965
-1.0456
22.2638
-1.0456
-1.0456
-1.0456
-0.87682
-0.87682
-0.87682
-0.87682
-0.92563
-0.88875
-0.91513
-0.91513
-0.96491
-0.96491
-0.96491
-0.96491
-0.96491
-0.99494
-0.99494
-0.88234
-1.0399
0
0
0
0
0
0
-1.0965
-1.0965
-1.0456
-1.0456
22.2638
-1.0456
-1.0456
-0.87682
-0.87682
-0.87682
-0.87682
-0.92563
-0.88875
-0.91513
-0.91513
-0.96491
-0.96491
-0.96491
-0.96491
-0.96491
-0.99494
-0.99494
-0.88234
-1.0399
0
0
0
0
0
0
-1.0965
-1.0965
-1.0456
-1.0456
-1.0456
22.2638
-1.0456
-0.87682
-0.87682
-0.87682
-0.87682
-0.92563
-0.88875
-0.91513
-0.91513
-0.96491
-0.96491
-0.96491
-0.96491
-0.96491
-0.99494
-0.99494
-0.88234
-1.0399
0
0
0
0
0
0
-1.0965
-1.0965
-1.0456
-1.0456
-1.0456
-1.0456
22.2638
-0.87682
-0.87682
-0.87682
-0.87682
-0.92563
-0.88875
-0.91513
-0.91513
-0.96491
-0.96491
-0.96491
-0.96491
-0.96491
-0.99494
-0.99494
-0.88234
-1.0399
0
0
0
0
0
0
-0.88323
-0.88323
-0.87682
-0.87682
-0.87682
-0.87682
-0.87682
17.5829
-0.71916
-0.71916
-0.71916
-0.745
-0.73193
-0.74631
-0.74631
-0.79097
-0.79097
-0.79097
-0.79097
-0.79097
-0.81324
-0.81324
-0.72392
0
0
0
0
0
0
0
-0.88323
-0.88323
-0.87682
-0.87682
-0.87682
-0.87682
-0.87682
-0.71916
17.5829
-0.71916
-0.71916
-0.745
-0.73193
-0.74631
-0.74631
-0.79097
-0.79097
-0.79097
-0.79097
-0.79097
-0.81324
-0.81324
-0.72392
0
0
0
0
0
0
0
-0.88323
-0.88323
-0.87682
-0.87682
-0.87682
-0.87682
-0.87682
-0.71916
-0.71916
17.5829
-0.71916
-0.745
-0.73193
-0.74631
-0.74631
-0.79097
-0.79097
-0.79097
-0.79097
-0.79097
-0.81324
-0.81324
-0.72392
0
0
0
0
0
0
0
-0.88323
-0.88323
-0.87682
-0.87682
-0.87682
-0.87682
-0.87682
-0.71916
-0.71916
-0.71916
17.5829
-0.745
-0.73193
-0.74631
-0.74631
-0.79097
-0.79097
-0.79097
-0.79097
-0.79097
-0.81324
-0.81324
-0.72392
0
0
0
0
0
0
0
-0.88829
-0.88829
-0.92563
-0.92563
-0.92563
-0.92563
-0.92563
-0.745
-0.745
-0.745
-0.745
27.1097
-0.7465
-0.72381
-0.72381
-0.80171
-0.80171
-0.80171
-0.80171
-0.80171
0
0
0
0
0
0
0
-5.7612
-5.7612
0
-0.89465
-0.89465
-0.88875
-0.88875
-0.88875
-0.88875
-0.88875
-0.73193
-0.73193
-0.73193
-0.73193
-0.7465
17.0389
-0.75252
-0.75252
-0.7971
-0.7971
-0.7971
-0.7971
-0.7971
-0.82058
-0.82058
0
0
0
0
0
0
0
0
-0.90093
-0.90093
-0.91513
-0.91513
-0.91513
-0.91513
-0.91513
-0.74631
-0.74631
-0.74631
-0.74631
-0.72381
-0.75252
19.766
-0.75819
-0.80037
-0.80037
-0.80037
-0.80037
-0.80037
0
0
0
0
0
0
0
0
0
-4.1669
-0.90093
-0.90093
-0.91513
-0.91513
-0.91513
-0.91513
-0.91513
-0.74631
-0.74631
-0.74631
-0.74631
-0.72381
-0.75252
-0.75819
19.766
-0.80037
-0.80037
-0.80037
-0.80037
-0.80037
0
0
0
0
-4.1669
0
0
0
0
0
-0.97022
-0.97022
-0.96491
-0.96491
-0.96491
-0.96491
-0.96491
-0.79097
-0.79097
-0.79097
-0.79097
-0.80171
-0.7971
-0.80037
-0.80037
13.1284
0
0
0
0
0
0
0
0
0
0
0
0
0
0
-0.97022
-0.97022
-0.96491
-0.96491
-0.96491
-0.96491
-0.96491
-0.79097
-0.79097
-0.79097
-0.79097
-0.80171
-0.7971
-0.80037
-0.80037
0
13.1284
0
0
0
0
0
0
0
0
0
0
0
0
0
-0.97022
-0.97022
-0.96491
-0.96491
-0.96491
-0.96491
-0.96491
-0.79097
-0.79097
-0.79097
-0.79097
-0.80171
-0.7971
-0.80037
-0.80037
0
0
13.1284
0
0
0
0
0
0
0
0
0
0
0
0
-0.97022
-0.97022
-0.96491
-0.96491
-0.96491
-0.96491
-0.96491
-0.79097
-0.79097
-0.79097
-0.79097
-0.80171
-0.7971
-0.80037
-0.80037
0
0
0
13.1284
0
0
0
0
0
0
0
0
0
0
0
-0.97022
-0.97022
-0.96491
-0.96491
-0.96491
-0.96491
-0.96491
-0.79097
-0.79097
-0.79097
-0.79097
-0.80171
-0.7971
-0.80037
-0.80037
0
0
0
0
13.1284
0
0
0
0
0
0
0
0
0
0
-1.0073
-1.0073
-0.99494
-0.99494
-0.99494
-0.99494
-0.99494
-0.81324
-0.81324
-0.81324
-0.81324
0
-0.82058
0
0
0
0
0
0
0
11.0627
0
0
0
0
0
0
0
0
0
-1.0073
-1.0073
-0.99494
-0.99494
-0.99494
-0.99494
-0.99494
-0.81324
-0.81324
-0.81324
-0.81324
0
-0.82058
0
0
0
0
0
0
0
0
11.0627
0
0
0
0
0
0
0
0
-0.89366
-0.89366
-0.88234
-0.88234
-0.88234
-0.88234
-0.88234
-0.72392
-0.72392
-0.72392
-0.72392
0
0
0
0
0
0
0
0
0
0
0
9.0947
0
0
0
0
0
0
0
0
0
-1.0399
-1.0399
-1.0399
-1.0399
-1.0399
0
0
0
0
0
0
0
0
0
0
0
0
0
0
0
0
5.1993
0
0
0
0
0
0
0
0
0
0
0
0
0
0
0
0
0
0
0
0
-4.1669
0
0
0
0
0
0
0
0
0
4.1669
0
0
0
0
0
-5.4645
0
0
0
0
0
0
0
0
0
0
0
0
0
0
0
0
0
0
0
0
0
0
0
0
5.4645
0
0
0
0
0
-5.4645
0
0
0
0
0
0
0
0
0
0
0
0
0
0
0
0
0
0
0
0
0
0
0
0
5.4645
0
0
0
0
0
0
0
0
0
0
0
0
0
0
-5.7612
0
0
0
0
0
0
0
0
0
0
0
0
0
0
0
5.7612
0
0
0
0
0
0
0
0
0
0
0
0
0
-5.7612
0
0
0
0
0
0
0
0
0
0
0
0
0
0
0
0
5.7612
0
0
0
0
0
0
0
0
0
0
0
0
0
0
-4.1669
0
0
0
0
0
0
0
0
0
0
0
0
0
0
0
4.1669
