17.813
-0.60682
-0.61085
-0.60905
-0.61085
-0.61085
-0.61085
-0.45708
-0.45708
-0.45708
-0.45708
-0.45708
-0.54349
-0.55928
-0.51709
-0.51709
-0.1045
-0.29533
0
0
0
0
0
0
0
0
-9.3316
0
0
0
-0.60682
8.9288
-0.64776
-0.64081
-0.64776
-0.64776
-0.64776
-0.47725
-0.47725
-0.47725
-0.47725
-0.47725
-0.57584
-0.59425
-0.54165
-0.54165
-0.12687
0
-0.32361
0
0
0
0
0
0
0
0
0
0
0
-0.61085
-0.64776
16.8571
-0.65394
-0.66255
-0.66255
-0.66255
-0.4751
-0.4751
-0.4751
-0.4751
-0.4751
-0.58721
-0.60094
-0.54831
-0.54831
0
0
0
0
0
0
0
0
-8.2967
0
0
0
0
0
-0.60905
-0.64081
-0.65394
10.9466
-0.65394
-0.65394
-0.65394
-0.46438
-0.46438
-0.46438
-0.46438
-0.46438
-0.57754
-0.59694
-0.53512
-0.53512
0
0
0
-2.5144
0
0
0
0
0
0
0
0
0
0
-0.61085
-0.64776
-0.66255
-0.65394
16.8571
-0.66255
-0.66255
-0.4751
-0.4751
-0.4751
-0.4751
-0.4751
-0.58721
-0.60094
-0.54831
-0.54831
0
0
0
0
0
0
0
0
0
0
0
0
0
-8.2967
-0.61085
-0.64776
-0.66255
-0.65394
-0.66255
16.8571
-0.66255
-0.4751
-0.4751
-0.4751
-0.4751
-0.4751
-0.58721
-0.60094
-0.54831
-0.54831
0
0
0
0
-8.2967
0
0
0
0
0
0
0
0
0
-0.61085
-0.64776
-0.66255
-0.65394
-0.66255
-0.66255
16.8571
-0.4751
-0.4751
-0.4751
-0.4751
-0.4751
-0.58721
-0.60094
-0.54831
-0.54831
0
0
0
0
0
0
0
0
0
-8.2967
0
0
0
0
-0.45708
-0.47725
-0.4751
-0.46438
-0.4751
-0.4751
-0.4751
6.2578
-0.32791
-0.32791
-0.32791
-0.32791
-0.41991
-0.43686
-0.39514
-0.39514
0
0
0
0
0
0
0
0
0
0
0
0
0
0
-0.45708
-0.47725
-0.4751
-0.46438
-0.4751
-0.4751
-0.4751
-0.32791
6.2578
-0.32791
-0.32791
-0.32791
-0.41991
-0.43686
-0.39514
-0.39514
0
0
0
0
0
0
0
0
0
0
0
0
0
0
-0.45708
-0.47725
-0.4751
-0.46438
-0.4751
-0.4751
-0.4751
-0.32791
-0.32791
6.2578
-0.32791
-0.32791
-0.41991
-0.43686
-0.39514
-0.39514
0
0
0
0
0
0
0
0
0
0
0
0
0
0
-0.45708
-0.47725
-0.4751
-0.46438
-0.4751
-0.4751
-0.4751
-0.32791
-0.32791
-0.32791
6.2578
-0.32791
-0.41991
-0.43686
-0.39514
-0.39514
0
0
0
0
0
0
0
0
0
0
0
0
0
0
-0.45708
-0.47725
-0.4751
-0.46438
-0.4751
-0.4751
-0.4751
-0.32791
-0.32791
-0.32791
-0.32791
6.2578
-0.41991
-0.43686
-0.39514
-0.39514
0
0
0
0
0
0
0
0
0
0
0
0
0
0
-0.54349
-0.57584
-0.58721
-0.57754
-0.58721
-0.58721
-0.58721
-0.41991
-0.41991
-0.41991
-0.41991
-0.41991
6.7262
0
0
0
0
-0.29144
-0.28947
0
0
0
0
0
0
0
0
0
0
0
-0.55928
-0.59425
-0.60094
-0.59694
-0.60094
-0.60094
-0.60094
-0.43686
-0.43686
-0.43686
-0.43686
-0.43686
0
12.4573
0
0
0
0
0
0
0
0
0
0
0
0
0
0
-6.1188
0
-0.51709
-0.54165
-0.54831
-0.53512
-0.54831
-0.54831
-0.54831
-0.39514
-0.39514
-0.39514
-0.39514
-0.39514
0
0
5.7628
0
0
0
0
0
0
0
0
0
0
0
0
0
0
0
-0.51709
-0.54165
-0.54831
-0.53512
-0.54831
-0.54831
-0.54831
-0.39514
-0.39514
-0.39514
-0.39514
-0.39514
0
0
0
5.7628
0
0
0
0
0
0
0
0
0
0
0
0
0
0
-0.1045
-0.12687
0
0
0
0
0
0
0
0
0
0
0
0
0
0
21.8401
0
0
-2.5771
0
-9.5158
0
-9.5158
0
0
0
0
0
0
-0.29533
0
0
0
0
0
0
0
0
0
0
0
-0.29144
0
0
0
0
0.8455
0
0
0
0
-0.25873
0
0
0
0
0
0
0
0
-0.32361
0
0
0
0
0
0
0
0
0
0
-0.28947
0
0
0
0
0
0.89688
0
0
0
0
0
0
0
0
-0.28381
0
0
0
0
0
-2.5144
0
0
0
0
0
0
0
0
0
0
0
0
-2.5771
0
0
5.0915
0
0
0
0
0
0
0
0
0
0
0
0
0
0
0
-8.2967
0
0
0
0
0
0
0
0
0
0
0
0
0
0
8.2967
0
0
0
0
0
0
0
0
0
0
0
0
0
0
0
0
0
0
0
0
0
0
0
0
0
-9.5158
0
0
0
0
9.5158
0
0
0
0
0
0
0
0
0
0
0
0
0
0
0
0
0
0
0
0
0
0
0
0
0
-0.25873
0
0
0
0
0.25873
0
0
0
0
0
0
0
0
0
0
0
0
0
0
0
0
0
0
0
0
0
0
0
-9.5158
0
0
0
0
0
0
9.5158
0
0
0
0
0
0
0
0
-8.2967
0
0
0
0
0
0
0
0
0
0
0
0
0
0
0
0
0
0
0
0
0
8.2967
0
0
0
0
0
0
0
0
0
0
0
-8.2967
0
0
0
0
0
0
0
0
0
0
0
0
0
0
0
0
0
0
8.2967
0
0
0
0
-9.3316
0
0
0
0
0
0
0
0
0
0
0
0
0
0
0
0
0
0
0
0
0
0
0
0
0
9.3316
0
0
0
0
0
0
0
0
0
0
0
0
0
0
0
0
0
0
0
0
0
-0.28381
0
0
0
0
0
0
0
0
0.28381
0
0
0
0
0
0
0
0
0
0
0
0
0
0
0
-6.1188
0
0
0
0
0
0
0
0
0
0
0
0
0
0
6.1188
0
0
0
0
0
-8.2967
0
0
0
0
0
0
0
0
0
0
0
0
0
0
0
0
0
0
0
0
0
0
0
0
8.2967
