24.2585
-0.45919
-0.52806
-0.52519
-0.44631
-0.46925
-0.44631
-0.44631
-0.44778
-0.44778
-0.44778
-0.44631
-0.41263
-0.42289
-0.42788
-0.59514
0
0
0
-8.6449
0
0
0
0
0
0
0
0
0
-8.6449
-0.45919
24.2585
-0.52806
-0.52519
-0.44631
-0.46925
-0.44631
-0.44631
-0.44778
-0.44778
-0.44778
-0.44631
-0.41263
-0.42289
-0.42788
-0.59514
0
0
0
0
0
0
0
-8.6449
0
-8.6449
0
0
0
0
-0.52806
-0.52806
12.7775
-0.59233
-0.49816
-0.52482
-0.49816
-0.49816
-0.51549
-0.51549
-0.51549
-0.49816
-0.47429
-0.48678
-0.47645
-0.64937
0
0
0
0
0
0
0
0
0
0
0
0
-4.9782
0
-0.52519
-0.52519
-0.59233
7.723
-0.48537
-0.50881
-0.48537
-0.48537
-0.50403
-0.50403
-0.50403
-0.48537
-0.4637
-0.47669
-0.46523
-0.60775
-0.1045
0
0
0
0
0
0
0
0
0
0
0
0
0
-0.44631
-0.44631
-0.49816
-0.48537
6.3556
-0.43066
-0.36016
-0.36016
-0.43065
-0.43065
-0.43065
-0.36016
-0.38696
-0.39708
-0.38657
-0.50578
0
0
0
0
0
0
0
0
0
0
0
0
0
0
-0.46925
-0.46925
-0.52482
-0.50881
-0.43066
10.1819
-0.43066
-0.43066
-0.43772
-0.43772
-0.43772
-0.43066
-0.38146
-0.39494
-0.38982
0
0
-4.0078
0
0
0
0
0
0
0
0
0
0
0
0
-0.44631
-0.44631
-0.49816
-0.48537
-0.36016
-0.43066
6.3556
-0.36016
-0.43065
-0.43065
-0.43065
-0.36016
-0.38696
-0.39708
-0.38657
-0.50578
0
0
0
0
0
0
0
0
0
0
0
0
0
0
-0.44631
-0.44631
-0.49816
-0.48537
-0.36016
-0.43066
-0.36016
6.3556
-0.43065
-0.43065
-0.43065
-0.36016
-0.38696
-0.39708
-0.38657
-0.50578
0
0
0
0
0
0
0
0
0
0
0
0
0
0
-0.44778
-0.44778
-0.51549
-0.50403
-0.43065
-0.43772
-0.43065
-0.43065
9.764
-0.42527
-0.42527
-0.43065
-0.37064
-0.38301
-0.38568
0
0
0
0
0
0
-3.6987
0
0
0
0
0
0
0
0
-0.44778
-0.44778
-0.51549
-0.50403
-0.43065
-0.43772
-0.43065
-0.43065
-0.42527
9.764
-0.42527
-0.43065
-0.37064
-0.38301
-0.38568
0
0
0
0
0
0
0
0
0
-3.6987
0
0
0
0
0
-0.44778
-0.44778
-0.51549
-0.50403
-0.43065
-0.43772
-0.43065
-0.43065
-0.42527
-0.42527
9.764
-0.43065
-0.37064
-0.38301
-0.38568
0
0
0
0
0
0
0
0
0
0
0
-3.6987
0
0
0
-0.44631
-0.44631
-0.49816
-0.48537
-0.36016
-0.43066
-0.36016
-0.36016
-0.43065
-0.43065
-0.43065
6.3556
-0.38696
-0.39708
-0.38657
-0.50578
0
0
0
0
0
0
0
0
0
0
0
0
0
0
-0.41263
-0.41263
-0.47429
-0.4637
-0.38696
-0.38146
-0.38696
-0.38696
-0.37064
-0.37064
-0.37064
-0.38696
7.4353
0
-0.35523
0
0
0
0
0
-2.2756
0
0
0
0
0
0
0
0
0
-0.42289
-0.42289
-0.48678
-0.47669
-0.39708
-0.39494
-0.39708
-0.39708
-0.38301
-0.38301
-0.38301
-0.39708
0
6.0292
0
0
0
0
0
0
0
0
-1.0877
0
0
0
0
0
0
0
-0.42788
-0.42788
-0.47645
-0.46523
-0.38657
-0.38982
-0.38657
-0.38657
-0.38568
-0.38568
-0.38568
-0.38657
-0.35523
0
5.2458
0
0
0
0
0
0
0
0
0
0
0
0
0
0
0
-0.59514
-0.59514
-0.64937
-0.60775
-0.50578
0
-0.50578
-0.50578
0
0
0
-0.50578
0
0
0
13.7008
0
0
-9.2303
0
0
0
0
0
0
0
0
0
0
0
0
0
0
-0.1045
0
0
0
0
0
0
0
0
0
0
0
0
7.7903
-3.8869
0
0
0
0
0
0
0
0
0
-3.7989
0
0
0
0
0
0
0
-4.0078
0
0
0
0
0
0
0
0
0
0
-3.8869
10.3667
-2.472
0
0
0
0
0
0
0
0
0
0
0
0
0
0
0
0
0
0
0
0
0
0
0
0
0
0
-9.2303
0
-2.472
11.7023
0
0
0
0
0
0
0
0
0
0
0
-8.6449
0
0
0
0
0
0
0
0
0
0
0
0
0
0
0
0
0
0
8.6449
0
0
0
0
0
0
0
0
0
0
0
0
0
0
0
0
0
0
0
0
0
0
-2.2756
0
0
0
0
0
0
0
2.2756
0
0
0
0
0
0
0
0
0
0
0
0
0
0
0
0
0
-3.6987
0
0
0
0
0
0
0
0
0
0
0
0
3.6987
0
0
0
0
0
0
0
0
0
0
0
0
0
0
0
0
0
0
0
0
0
-1.0877
0
0
0
0
0
0
0
0
1.0877
0
0
0
0
0
0
0
0
-8.6449
0
0
0
0
0
0
0
0
0
0
0
0
0
0
0
0
0
0
0
0
0
8.6449
0
0
0
0
0
0
0
0
0
0
0
0
0
0
0
-3.6987
0
0
0
0
0
0
0
0
0
0
0
0
0
0
3.6987
0
0
0
0
0
0
-8.6449
0
0
0
0
0
0
0
0
0
0
0
0
0
0
0
0
0
0
0
0
0
0
0
8.6449
0
0
0
0
0
0
0
0
0
0
0
0
0
0
-3.6987
0
0
0
0
0
0
0
0
0
0
0
0
0
0
0
3.6987
0
0
0
0
0
0
0
0
0
0
0
0
0
0
0
0
0
0
0
-3.7989
0
0
0
0
0
0
0
0
0
0
3.7989
0
0
0
0
-4.9782
0
0
0
0
0
0
0
0
0
0
0
0
0
0
0
0
0
0
0
0
0
0
0
0
0
4.9782
0
-8.6449
0
0
0
0
0
0
0
0
0
0
0
0
0
0
0
0
0
0
0
0
0
0
0
0
0
0
0
0
8.6449
