17.3067
-0.74211
-0.78608
-0.78608
-0.80022
-0.79552
-0.77438
-0.74811
-0.75493
-0.69732
-0.69732
-0.74685
-0.82232
-0.75866
-0.7184
-0.7184
-0.86679
-0.60223
-0.87527
-0.43847
0
-1.5886
-1.5886
0
0
0
0
0
0
0
-0.74211
16.5843
-0.77001
-0.77001
-0.79028
-0.78336
-0.76329
-0.73522
-0.74101
-0.68498
-0.68498
-0.73413
-0.81135
-0.74445
-0.70511
-0.70511
-0.84525
-0.59593
-0.81982
0
0
-1.579
-1.579
0
0
0
0
0
0
0
-0.78608
-0.77001
13.9885
-0.79681
-0.81974
-0.81394
-0.79207
-0.77504
-0.77406
-0.71339
-0.71339
-0.77486
-0.83891
-0.7788
-0.73604
-0.73604
-0.88998
-0.61161
-0.86771
0
0
0
0
0
0
0
0
0
0
0
-0.78608
-0.77001
-0.79681
13.9885
-0.81974
-0.81394
-0.79207
-0.77504
-0.77406
-0.71339
-0.71339
-0.77486
-0.83891
-0.7788
-0.73604
-0.73604
-0.88998
-0.61161
-0.86771
0
0
0
0
0
0
0
0
0
0
0
-0.80022
-0.79028
-0.81974
-0.81974
27.4847
-0.81195
-0.78195
-0.7882
-0.79321
-0.72232
-0.72232
-0.78726
-0.81242
-0.79365
-0.74965
-0.74965
0
0
0
0
0
0
0
-7.8711
0
0
0
-7.8711
0
0
-0.79552
-0.78336
-0.81394
-0.81394
-0.81195
19.5923
-0.79316
-0.78461
-0.78291
-0.71944
-0.71944
-0.7842
-0.83316
-0.78816
-0.74447
-0.74447
-0.91089
0
0
0
0
0
0
0
0
0
0
0
0
-6.9687
-0.77438
-0.76329
-0.79207
-0.79207
-0.78195
-0.79316
17.9594
-0.77171
-0.77124
-0.69157
-0.69157
-0.75247
-0.7963
-0.75838
-0.71684
-0.71684
0
0
0
0
0
0
0
0
0
-6.5956
0
0
0
0
-0.74811
-0.73522
-0.77504
-0.77504
-0.7882
-0.78461
-0.77171
12.8024
-0.75726
-0.679
-0.679
-0.7262
-0.79199
-0.74057
-0.70117
-0.70117
0
0
0
0
-1.6481
0
0
0
0
0
0
0
0
0
-0.75493
-0.74101
-0.77406
-0.77406
-0.79321
-0.78291
-0.77124
-0.75726
12.0552
-0.68121
-0.68121
-0.74115
-0.8005
-0.74482
-0.70434
-0.70434
-0.84897
0
0
0
0
0
0
0
0
0
0
0
0
0
-0.69732
-0.68498
-0.71339
-0.71339
-0.72232
-0.71944
-0.69157
-0.679
-0.68121
10.2889
-0.61696
-0.67337
-0.72463
-0.68135
-0.64497
-0.64497
0
0
0
0
0
0
0
0
0
0
0
0
0
0
-0.69732
-0.68498
-0.71339
-0.71339
-0.72232
-0.71944
-0.69157
-0.679
-0.68121
-0.61696
10.2889
-0.67337
-0.72463
-0.68135
-0.64497
-0.64497
0
0
0
0
0
0
0
0
0
0
0
0
0
0
-0.74685
-0.73413
-0.77486
-0.77486
-0.78726
-0.7842
-0.75247
-0.7262
-0.74115
-0.67337
-0.67337
10.5165
0
-0.74352
0
0
0
0
0
0
-1.6043
0
0
0
0
0
0
0
0
0
-0.82232
-0.81135
-0.83891
-0.83891
-0.81242
-0.83316
-0.7963
-0.79199
-0.8005
-0.72463
-0.72463
0
13.5533
0
0
0
0
0
0
0
0
0
0
0
-4.7582
0
0
0
0
0
-0.75866
-0.74445
-0.7788
-0.7788
-0.79365
-0.78816
-0.75838
-0.74057
-0.74482
-0.68135
-0.68135
-0.74352
0
8.9925
0
0
0
0
0
0
0
0
0
0
0
0
0
0
0
0
-0.7184
-0.70511
-0.73604
-0.73604
-0.74965
-0.74447
-0.71684
-0.70117
-0.70434
-0.64497
-0.64497
0
0
0
7.802
0
0
0
0
0
0
0
0
0
0
0
0
0
0
0
-0.7184
-0.70511
-0.73604
-0.73604
-0.74965
-0.74447
-0.71684
-0.70117
-0.70434
-0.64497
-0.64497
0
0
0
0
7.802
0
0
0
0
0
0
0
0
0
0
0
0
0
0
-0.86679
-0.84525
-0.88998
-0.88998
0
-0.91089
0
0
-0.84897
0
0
0
0
0
0
0
5.2519
0
0
0
0
0
0
0
0
0
0
0
0
0
-0.60223
-0.59593
-0.61161
-0.61161
0
0
0
0
0
0
0
0
0
0
0
0
0
2.5259
0
0
0
0
0
0
0
0
-0.1045
0
0
0
-0.87527
-0.81982
-0.86771
-0.86771
0
0
0
0
0
0
0
0
0
0
0
0
0
0
3.4305
0
0
0
0
0
0
0
0
0
0
0
-0.43847
0
0
0
0
0
0
0
0
0
0
0
0
0
0
0
0
0
0
2.2337
-0.71638
0
0
0
0
0
0
0
-1.0789
0
0
0
0
0
0
0
0
-1.6481
0
0
0
-1.6043
0
0
0
0
0
0
0
-0.71638
3.9688
0
0
0
0
0
0
0
0
0
-1.5886
-1.579
0
0
0
0
0
0
0
0
0
0
0
0
0
0
0
0
0
0
0
3.1676
0
0
0
0
0
0
0
0
-1.5886
-1.579
0
0
0
0
0
0
0
0
0
0
0
0
0
0
0
0
0
0
0
0
3.1676
0
0
0
0
0
0
0
0
0
0
0
-7.8711
0
0
0
0
0
0
0
0
0
0
0
0
0
0
0
0
0
0
7.8711
0
0
0
0
0
0
0
0
0
0
0
0
0
0
0
0
0
0
-4.7582
0
0
0
0
0
0
0
0
0
0
0
4.7582
0
0
0
0
0
0
0
0
0
0
0
-6.5956
0
0
0
0
0
0
0
0
0
0
0
0
0
0
0
0
0
0
6.5956
0
0
0
0
0
0
0
0
0
0
0
0
0
0
0
0
0
0
0
0
0
-0.1045
0
0
0
0
0
0
0
0
0.1045
0
0
0
0
0
0
0
-7.8711
0
0
0
0
0
0
0
0
0
0
0
0
0
0
0
0
0
0
0
0
0
0
7.8711
0
0
0
0
0
0
0
0
0
0
0
0
0
0
0
0
0
0
0
0
0
-1.0789
0
0
0
0
0
0
0
0
1.0789
0
0
0
0
0
0
-6.9687
0
0
0
0
0
0
0
0
0
0
0
0
0
0
0
0
0
0
0
0
0
0
0
6.9687
