14.8439
-0.78041
-0.75703
-0.7126
-0.67056
-0.72115
-0.72115
-0.6855
-0.76649
-0.71667
-0.71667
-0.67492
-0.67492
-0.76419
-0.74018
-0.72836
-0.69805
-0.84192
-0.98011
0
-1.493
0
0
0
0
0
0
0
0
0
-0.78041
25.3156
-0.77254
-0.72764
-0.69054
-0.74407
-0.74407
-0.70673
-0.79701
-0.74054
-0.74054
-0.69757
-0.69757
-0.78144
-0.75429
-0.75244
-0.72087
-0.83458
-1.042
0
0
0
0
0
0
0
0
-11.5907
0
0
-0.75703
-0.77254
13.5766
-0.70284
-0.66765
-0.71703
-0.71703
-0.6812
-0.77041
-0.71344
-0.71344
-0.67197
-0.67197
-0.75378
-0.73268
-0.72409
-0.69348
-0.82896
-1.0275
-0.25956
0
0
0
0
0
0
0
0
0
0
-0.7126
-0.72764
-0.70284
22.1705
-0.64046
-0.66772
-0.66772
-0.63291
-0.69633
-0.66085
-0.66085
-0.62272
-0.62272
-0.68602
-0.70124
-0.67212
-0.64386
0
0
0
0
0
0
-0.28392
0
0
0
0
-11.168
0
-0.67056
-0.69054
-0.66765
-0.64046
11.985
-0.6444
-0.6444
-0.61134
-0.6868
-0.63968
-0.63968
-0.60182
-0.60182
-0.67925
-0.66103
-0.64771
-0.62035
-0.75141
-0.88614
0
0
0
0
0
0
0
0
0
0
0
-0.72115
-0.74407
-0.71703
-0.66772
-0.6444
11.0824
-0.67554
-0.65434
-0.75136
-0.69115
-0.69115
-0.64992
-0.64992
-0.73863
-0.71853
-0.6992
-0.66834
0
0
0
0
0
0
0
0
0
0
0
0
0
-0.72115
-0.74407
-0.71703
-0.66772
-0.6444
-0.67554
11.0824
-0.65434
-0.75136
-0.69115
-0.69115
-0.64992
-0.64992
-0.73863
-0.71853
-0.6992
-0.66834
0
0
0
0
0
0
0
0
0
0
0
0
0
-0.6855
-0.70673
-0.6812
-0.63291
-0.61134
-0.65434
-0.65434
9.8785
-0.68892
-0.65568
-0.65568
-0.6136
-0.6136
-0.69075
-0.67468
-0.65921
0
0
0
0
0
0
0
0
0
0
0
0
0
0
-0.76649
-0.79701
-0.77041
-0.69633
-0.6868
-0.75136
-0.75136
-0.68892
20.0327
-0.76909
-0.76909
-0.69844
-0.69844
0
0
0
0
0
0
0
-1.466
0
0
0
0
0
-9.723
0
0
0
-0.71667
-0.74054
-0.71344
-0.66085
-0.63968
-0.69115
-0.69115
-0.65568
-0.76909
8.9447
-0.68654
-0.62902
-0.62902
-0.7219
0
0
0
0
0
0
0
0
0
0
0
0
0
0
0
0
-0.71667
-0.74054
-0.71344
-0.66085
-0.63968
-0.69115
-0.69115
-0.65568
-0.76909
-0.68654
8.9447
-0.62902
-0.62902
-0.7219
0
0
0
0
0
0
0
0
0
0
0
0
0
0
0
0
-0.67492
-0.69757
-0.67197
-0.62272
-0.60182
-0.64992
-0.64992
-0.6136
-0.69844
-0.62902
-0.62902
7.6897
-0.55081
0
0
0
0
0
0
0
0
0
0
0
0
0
0
0
0
0
-0.67492
-0.69757
-0.67197
-0.62272
-0.60182
-0.64992
-0.64992
-0.6136
-0.69844
-0.62902
-0.62902
-0.55081
7.6897
0
0
0
0
0
0
0
0
0
0
0
0
0
0
0
0
0
-0.76419
-0.78144
-0.75378
-0.68602
-0.67925
-0.73863
-0.73863
-0.69075
0
-0.7219
-0.7219
0
0
15.4269
0
0
0
0
0
0
0
0
0
0
0
0
0
0
0
-8.1504
-0.74018
-0.75429
-0.73268
-0.70124
-0.66103
-0.71853
-0.71853
-0.67468
0
0
0
0
0
0
6.0265
0
0
0
0
0
0
-0.32536
0
0
0
0
0
0
0
0
-0.72836
-0.75244
-0.72409
-0.67212
-0.64771
-0.6992
-0.6992
-0.65921
0
0
0
0
0
0
0
5.5823
0
0
0
0
0
0
0
0
0
0
0
0
0
0
-0.69805
-0.72087
-0.69348
-0.64386
-0.62035
-0.66834
-0.66834
0
0
0
0
0
0
0
0
0
4.7133
0
0
0
0
0
0
0
0
0
0
0
0
0
-0.84192
-0.83458
-0.82896
0
-0.75141
0
0
0
0
0
0
0
0
0
0
0
0
4.4019
0
0
0
0
0
0
0
-1.1451
0
0
0
0
-0.98011
-1.042
-1.0275
0
-0.88614
0
0
0
0
0
0
0
0
0
0
0
0
0
3.9358
0
0
0
0
0
0
0
0
0
0
0
0
0
-0.25956
0
0
0
0
0
0
0
0
0
0
0
0
0
0
0
0
2.2856
-1.1634
0
0
0
-0.86255
0
0
0
0
0
-1.493
0
0
0
0
0
0
0
-1.466
0
0
0
0
0
0
0
0
0
0
-1.1634
4.1225
0
0
0
0
0
0
0
0
0
0
0
0
0
0
0
0
0
0
0
0
0
0
0
-0.32536
0
0
0
0
0
0
1.1473
-0.82197
0
0
0
0
0
0
0
0
0
0
0
0
0
0
0
0
0
0
0
0
0
0
0
0
0
0
0
0
-0.82197
1.5098
-0.68781
0
0
0
0
0
0
0
0
0
-0.28392
0
0
0
0
0
0
0
0
0
0
0
0
0
0
0
0
0
0
-0.68781
0.97173
0
0
0
0
0
0
0
0
0
0
0
0
0
0
0
0
0
0
0
0
0
0
0
0
0
-0.86255
0
0
0
0
0.86255
0
0
0
0
0
0
0
0
0
0
0
0
0
0
0
0
0
0
0
0
0
0
-1.1451
0
0
0
0
0
0
0
1.1451
0
0
0
0
0
0
0
0
0
0
0
0
-9.723
0
0
0
0
0
0
0
0
0
0
0
0
0
0
0
0
0
9.723
0
0
0
0
-11.5907
0
0
0
0
0
0
0
0
0
0
0
0
0
0
0
0
0
0
0
0
0
0
0
0
0
11.5907
0
0
0
0
0
-11.168
0
0
0
0
0
0
0
0
0
0
0
0
0
0
0
0
0
0
0
0
0
0
0
0
11.168
0
0
0
0
0
0
0
0
0
0
0
0
0
0
-8.1504
0
0
0
0
0
0
0
0
0
0
0
0
0
0
0
8.1504
