21.2923
-0.7832
-0.75159
-0.75159
-0.77511
-0.77511
-0.74109
-0.74109
-0.74109
-0.74109
-0.66304
-0.66304
-0.57819
-0.66304
-0.6419
-0.7075
-0.7075
-0.71116
-0.79756
-0.79756
-0.86481
0
0
-6.696
0
0
0
0
0
0
-0.7832
21.2923
-0.75159
-0.75159
-0.77511
-0.77511
-0.74109
-0.74109
-0.74109
-0.74109
-0.66304
-0.66304
-0.57819
-0.66304
-0.6419
-0.7075
-0.7075
-0.71116
-0.79756
-0.79756
-0.86481
0
0
0
0
-6.696
0
0
0
0
-0.75159
-0.75159
14.0337
-0.71648
-0.74368
-0.74368
-0.72056
-0.72056
-0.72056
-0.72056
-0.63628
-0.63628
-0.60039
-0.63628
-0.61579
-0.67545
-0.67545
-0.67858
-0.7468
-0.7468
-0.79631
0
0
0
0
0
0
0
0
0
-0.75159
-0.75159
-0.71648
14.0337
-0.74368
-0.74368
-0.72056
-0.72056
-0.72056
-0.72056
-0.63628
-0.63628
-0.60039
-0.63628
-0.61579
-0.67545
-0.67545
-0.67858
-0.7468
-0.7468
-0.79631
0
0
0
0
0
0
0
0
0
-0.77511
-0.77511
-0.74368
-0.74368
13.653
-0.76801
-0.74484
-0.74484
-0.74484
-0.74484
-0.65513
-0.65513
-0.62394
-0.65513
-0.6338
-0.69797
-0.69797
-0.70085
-0.77407
-0.77407
0
0
0
0
0
0
0
0
0
0
-0.77511
-0.77511
-0.74368
-0.74368
-0.76801
13.653
-0.74484
-0.74484
-0.74484
-0.74484
-0.65513
-0.65513
-0.62394
-0.65513
-0.6338
-0.69797
-0.69797
-0.70085
-0.77407
-0.77407
0
0
0
0
0
0
0
0
0
0
-0.74109
-0.74109
-0.72056
-0.72056
-0.74484
-0.74484
16.3886
-0.69103
-0.69103
-0.69103
-0.6191
-0.6191
-0.55454
-0.6191
-0.60052
-0.67306
-0.67306
-0.6748
0
0
0
0
0
0
-4.8693
0
0
0
0
0
-0.74109
-0.74109
-0.72056
-0.72056
-0.74484
-0.74484
-0.69103
16.3886
-0.69103
-0.69103
-0.6191
-0.6191
-0.55454
-0.6191
-0.60052
-0.67306
-0.67306
-0.6748
0
0
0
-4.8693
0
0
0
0
0
0
0
0
-0.74109
-0.74109
-0.72056
-0.72056
-0.74484
-0.74484
-0.69103
-0.69103
16.3886
-0.69103
-0.6191
-0.6191
-0.55454
-0.6191
-0.60052
-0.67306
-0.67306
-0.6748
0
0
0
0
0
0
0
0
-4.8693
0
0
0
-0.74109
-0.74109
-0.72056
-0.72056
-0.74484
-0.74484
-0.69103
-0.69103
-0.69103
16.3886
-0.6191
-0.6191
-0.55454
-0.6191
-0.60052
-0.67306
-0.67306
-0.6748
0
0
0
0
0
0
0
0
0
0
0
-4.8693
-0.66304
-0.66304
-0.63628
-0.63628
-0.65513
-0.65513
-0.6191
-0.6191
-0.6191
-0.6191
10.2754
-0.53882
-0.52292
-0.53882
-0.52639
-0.58747
-0.58747
-0.58821
0
0
0
0
0
0
0
0
0
0
0
0
-0.66304
-0.66304
-0.63628
-0.63628
-0.65513
-0.65513
-0.6191
-0.6191
-0.6191
-0.6191
-0.53882
10.2754
-0.52292
-0.53882
-0.52639
-0.58747
-0.58747
-0.58821
0
0
0
0
0
0
0
0
0
0
0
0
-0.57819
-0.57819
-0.60039
-0.60039
-0.62394
-0.62394
-0.55454
-0.55454
-0.55454
-0.55454
-0.52292
-0.52292
37.2024
-0.52292
-0.47649
0
0
0
0
0
0
0
-9.778
0
0
0
0
-9.778
-9.778
0
-0.66304
-0.66304
-0.63628
-0.63628
-0.65513
-0.65513
-0.6191
-0.6191
-0.6191
-0.6191
-0.53882
-0.53882
-0.52292
10.2754
-0.52639
-0.58747
-0.58747
-0.58821
0
0
0
0
0
0
0
0
0
0
0
0
-0.6419
-0.6419
-0.61579
-0.61579
-0.6338
-0.6338
-0.60052
-0.60052
-0.60052
-0.60052
-0.52639
-0.52639
-0.47649
-0.52639
9.3565
-0.55788
-0.55788
0
0
0
0
0
0
0
0
0
0
0
0
0
-0.7075
-0.7075
-0.67545
-0.67545
-0.69797
-0.69797
-0.67306
-0.67306
-0.67306
-0.67306
-0.58747
-0.58747
0
-0.58747
-0.55788
9.8292
-0.65485
0
0
0
0
0
0
0
0
0
0
0
0
0
-0.7075
-0.7075
-0.67545
-0.67545
-0.69797
-0.69797
-0.67306
-0.67306
-0.67306
-0.67306
-0.58747
-0.58747
0
-0.58747
-0.55788
-0.65485
9.8292
0
0
0
0
0
0
0
0
0
0
0
0
0
-0.71116
-0.71116
-0.67858
-0.67858
-0.70085
-0.70085
-0.6748
-0.6748
-0.6748
-0.6748
-0.58821
-0.58821
0
-0.58821
0
0
0
8.645
0
0
0
0
0
0
0
0
0
0
0
0
-0.79756
-0.79756
-0.7468
-0.7468
-0.77407
-0.77407
0
0
0
0
0
0
0
0
0
0
0
0
4.6369
0
0
0
0
0
0
0
0
0
0
0
-0.79756
-0.79756
-0.7468
-0.7468
-0.77407
-0.77407
0
0
0
0
0
0
0
0
0
0
0
0
0
4.6369
0
0
0
0
0
0
0
0
0
0
-0.86481
-0.86481
-0.79631
-0.79631
0
0
0
0
0
0
0
0
0
0
0
0
0
0
0
0
3.3222
0
0
0
0
0
0
0
0
0
0
0
0
0
0
0
0
-4.8693
0
0
0
0
0
0
0
0
0
0
0
0
0
4.8693
0
0
0
0
0
0
0
0
0
0
0
0
0
0
0
0
0
0
0
0
-9.778
0
0
0
0
0
0
0
0
0
9.778
0
0
0
0
0
0
0
-6.696
0
0
0
0
0
0
0
0
0
0
0
0
0
0
0
0
0
0
0
0
0
0
6.696
0
0
0
0
0
0
0
0
0
0
0
0
-4.8693
0
0
0
0
0
0
0
0
0
0
0
0
0
0
0
0
0
4.8693
0
0
0
0
0
0
-6.696
0
0
0
0
0
0
0
0
0
0
0
0
0
0
0
0
0
0
0
0
0
0
0
6.696
0
0
0
0
0
0
0
0
0
0
0
0
-4.8693
0
0
0
0
0
0
0
0
0
0
0
0
0
0
0
0
0
4.8693
0
0
0
0
0
0
0
0
0
0
0
0
0
0
0
-9.778
0
0
0
0
0
0
0
0
0
0
0
0
0
0
9.778
0
0
0
0
0
0
0
0
0
0
0
0
0
0
-9.778
0
0
0
0
0
0
0
0
0
0
0
0
0
0
0
9.778
0
0
0
0
0
0
0
0
0
0
-4.8693
0
0
0
0
0
0
0
0
0
0
0
0
0
0
0
0
0
0
0
4.8693
