12.9263
-0.10047
-0.10028
-0.10034
-0.10035
-0.5311
-0.10057
-0.10125
-0.10125
-0.58204
-0.10374
-0.12049
-0.79151
-0.1032
-0.15369
-1.4109
-0.5168
-0.51592
-0.50897
-0.68386
-1.6611
-1.3987
-3.1397
0
0
0
0
0
0
0
-0.10047
14.5735
-0.10061
-0.10088
-0.10099
-0.86493
-0.10083
-0.5294
-0.52646
-0.88176
-1.2252
-0.60454
-1.132
-0.12965
-0.81301
-0.81001
-0.51697
-0.51694
-0.56842
-1.271
-1.1746
-2.5049
0
0
0
0
0
0
0
0
-0.10028
-0.10061
12.8888
-0.10058
-0.1006
-0.91085
-0.1007
-0.10178
-0.10177
-0.97919
-0.10348
-0.38007
-1.1838
-0.57629
-1.0601
-0.5779
-0.78696
-0.78691
-0.70293
-0.81455
-1.6759
-1.6435
0
0
0
0
0
0
0
0
-0.10034
-0.10088
-0.10058
13.6481
-0.10081
-0.91641
-0.10087
-0.10389
-0.10387
-0.93388
-0.10551
-0.74047
-1.1699
-0.8179
-0.98169
-0.54334
-0.81183
-0.8125
-0.70844
-0.88521
-1.8018
-1.708
0
0
0
0
0
0
0
0
-0.10035
-0.10099
-0.1006
-0.10081
13.785
-0.91519
-0.10091
-0.10523
-0.1052
-0.92629
-0.10641
-0.82039
-1.1675
-0.85685
-0.9698
-0.5268
-0.81354
-0.81316
-0.70046
-0.91809
-2.2483
-1.2881
0
0
0
0
0
0
0
0
-0.5311
-0.86493
-0.91085
-0.91641
-0.91519
22.2956
-0.22345
-0.33092
-0.33066
-1.0426
-0.63611
-0.66141
-1.64
-0.78082
-0.18773
-0.10029
-1.1193
-1.1191
-1.0864
-1.2543
0
0
0
0
0
0
-7.644
0
0
0
-0.10057
-0.10083
-0.1007
-0.10087
-0.10091
-0.22345
10.4234
-0.10051
-0.10051
-0.94788
-0.40947
-0.16874
-1.0771
-0.25632
-1.0047
-0.68633
-1.0817
-1.0823
-0.98355
-1.797
0
0
0
0
0
0
0
0
0
0
-0.10125
-0.5294
-0.10178
-0.10389
-0.10523
-0.33092
-0.10051
12.4675
-0.10047
-0.81781
-0.78195
-0.59952
-0.985
-0.61224
-0.82149
-0.8067
-1.9384
-1.9388
-1.6921
0
0
0
0
0
0
0
0
0
0
0
-0.10125
-0.52646
-0.10177
-0.10387
-0.1052
-0.33066
-0.10051
-0.10047
12.4596
-0.8176
-0.78263
-0.5985
-0.9846
-0.6112
-0.82135
-0.80788
-1.937
-1.9374
-1.6912
0
0
0
0
0
0
0
0
0
0
0
-0.58204
-0.88176
-0.97919
-0.93388
-0.92629
-1.0426
-0.94788
-0.81781
-0.8176
17.3086
-0.76675
-0.79271
-0.60022
-0.99501
0
0
0
0
0
0
0
0
0
0
0
0
0
0
0
-6.2248
-0.10374
-1.2252
-0.10348
-0.10551
-0.10641
-0.63611
-0.40947
-0.78195
-0.78263
-0.76675
9.8322
-0.721
-0.61673
-1.0717
0
0
0
0
0
0
0
0
0
-2.4014
0
0
0
0
0
0
-0.12049
-0.60454
-0.38007
-0.74047
-0.82039
-0.66141
-0.16874
-0.59952
-0.5985
-0.79271
-0.721
9.3712
-0.70014
-1.1482
-1.315
0
0
0
0
0
0
0
0
0
0
0
0
0
0
0
-0.79151
-1.132
-1.1838
-1.1699
-1.1675
-1.64
-1.0771
-0.985
-0.9846
-0.60022
-0.61673
-0.70014
19.8645
-0.79177
0
0
0
0
0
0
0
0
0
0
0
0
0
0
-7.0242
0
-0.1032
-0.12965
-0.57629
-0.8179
-0.85685
-0.78082
-0.25632
-0.61224
-0.6112
-0.99501
-1.0717
-1.1482
-0.79177
8.7511
0
0
0
0
0
0
0
0
0
0
0
0
0
0
0
0
-0.15369
-0.81301
-1.0601
-0.98169
-0.9698
-0.18773
-1.0047
-0.82149
-0.82135
0
0
-1.315
0
0
15.3984
0
0
0
0
0
0
0
0
-1.4241
-5.8457
0
0
0
0
0
-1.4109
-0.81001
-0.5779
-0.54334
-0.5268
-0.10029
-0.68633
-0.8067
-0.80788
0
0
0
0
0
0
12.2366
0
0
0
0
0
0
0
0
0
-5.9664
0
0
0
0
-0.5168
-0.51697
-0.78696
-0.81183
-0.81354
-1.1193
-1.0817
-1.9384
-1.937
0
0
0
0
0
0
0
9.5225
0
0
0
0
0
0
0
0
0
0
0
0
0
-0.51592
-0.51694
-0.78691
-0.8125
-0.81316
-1.1191
-1.0823
-1.9388
-1.9374
0
0
0
0
0
0
0
0
9.523
0
0
0
0
0
0
0
0
0
0
0
0
-0.50897
-0.56842
-0.70293
-0.70844
-0.70046
-1.0864
-0.98355
-1.6921
-1.6912
0
0
0
0
0
0
0
0
0
8.6425
0
0
0
0
0
0
0
0
0
0
0
-0.68386
-1.271
-0.81455
-0.88521
-0.91809
-1.2543
-1.797
0
0
0
0
0
0
0
0
0
0
0
0
7.624
0
0
0
0
0
0
0
0
0
0
-1.6611
-1.1746
-1.6759
-1.8018
-2.2483
0
0
0
0
0
0
0
0
0
0
0
0
0
0
0
8.5618
0
0
0
0
0
0
0
0
0
-1.3987
-2.5049
-1.6435
-1.708
-1.2881
0
0
0
0
0
0
0
0
0
0
0
0
0
0
0
0
8.5431
0
0
0
0
0
0
0
0
-3.1397
0
0
0
0
0
0
0
0
0
0
0
0
0
0
0
0
0
0
0
0
0
11.9808
-3.6083
0
0
0
-5.2328
0
0
0
0
0
0
0
0
0
0
0
0
-2.4014
0
0
0
-1.4241
0
0
0
0
0
0
0
-3.6083
7.4338
0
0
0
0
0
0
0
0
0
0
0
0
0
0
0
0
0
0
0
0
-5.8457
0
0
0
0
0
0
0
0
0
5.8457
0
0
0
0
0
0
0
0
0
0
0
0
0
0
0
0
0
0
0
0
-5.9664
0
0
0
0
0
0
0
0
0
5.9664
0
0
0
0
0
0
0
0
0
-7.644
0
0
0
0
0
0
0
0
0
0
0
0
0
0
0
0
0
0
0
0
7.644
0
0
0
0
0
0
0
0
0
0
0
0
0
0
0
0
0
0
0
0
0
0
0
0
0
-5.2328
0
0
0
0
5.2328
0
0
0
0
0
0
0
0
0
0
0
0
0
0
-7.0242
0
0
0
0
0
0
0
0
0
0
0
0
0
0
0
7.0242
0
0
0
0
0
0
0
0
0
0
-6.2248
0
0
0
0
0
0
0
0
0
0
0
0
0
0
0
0
0
0
0
6.2248
