34.9112
-0.94388
-0.94388
-0.90344
-0.90344
-0.90344
-0.90344
-0.90373
-0.96991
-1.0035
-1.0035
-0.96991
-0.80982
-0.80982
-0.80982
-0.80982
-0.80982
-0.80982
-0.80982
-0.80982
-0.90836
-0.93727
-0.93727
0
0
0
-7.6488
0
0
-7.6488
-0.94388
25.7121
-0.98308
-0.92059
-0.92059
-0.92059
-0.92059
-0.94167
-1.0117
-1.0246
-1.0246
-1.0117
-0.82656
-0.82656
-0.82656
-0.82656
-0.82656
-0.82656
-0.82656
-0.82656
-0.92314
-0.94737
-0.94737
0
0
0
0
-5.6582
0
0
-0.94388
-0.98308
25.7121
-0.92059
-0.92059
-0.92059
-0.92059
-0.94167
-1.0117
-1.0246
-1.0246
-1.0117
-0.82656
-0.82656
-0.82656
-0.82656
-0.82656
-0.82656
-0.82656
-0.82656
-0.92314
-0.94737
-0.94737
0
0
0
0
0
-5.6582
0
-0.90344
-0.92059
-0.92059
18.6695
-0.84656
-0.84656
-0.84656
-0.87996
-0.9459
-0.94769
-0.94769
-0.9459
-0.76596
-0.76596
-0.76596
-0.76596
-0.76596
-0.76596
-0.76596
-0.76596
-0.85114
-0.86963
-0.86963
0
0
0
0
0
0
0
-0.90344
-0.92059
-0.92059
-0.84656
18.6695
-0.84656
-0.84656
-0.87996
-0.9459
-0.94769
-0.94769
-0.9459
-0.76596
-0.76596
-0.76596
-0.76596
-0.76596
-0.76596
-0.76596
-0.76596
-0.85114
-0.86963
-0.86963
0
0
0
0
0
0
0
-0.90344
-0.92059
-0.92059
-0.84656
-0.84656
18.6695
-0.84656
-0.87996
-0.9459
-0.94769
-0.94769
-0.9459
-0.76596
-0.76596
-0.76596
-0.76596
-0.76596
-0.76596
-0.76596
-0.76596
-0.85114
-0.86963
-0.86963
0
0
0
0
0
0
0
-0.90344
-0.92059
-0.92059
-0.84656
-0.84656
-0.84656
18.6695
-0.87996
-0.9459
-0.94769
-0.94769
-0.9459
-0.76596
-0.76596
-0.76596
-0.76596
-0.76596
-0.76596
-0.76596
-0.76596
-0.85114
-0.86963
-0.86963
0
0
0
0
0
0
0
-0.90373
-0.94167
-0.94167
-0.87996
-0.87996
-0.87996
-0.87996
22.1674
-0.9578
-0.98445
-0.98445
-0.9578
-0.79219
-0.79219
-0.79219
-0.79219
-0.79219
-0.79219
-0.79219
-0.79219
-0.88312
0
0
-4.7554
0
0
0
0
0
0
-0.96991
-1.0117
-1.0117
-0.9459
-0.9459
-0.9459
-0.9459
-0.9578
22.204
-1.0805
-1.0805
-1.073
-0.861
-0.861
-0.861
-0.861
-0.861
-0.861
-0.861
-0.861
0
0
0
0
-4.3474
0
0
0
0
0
-1.0035
-1.0246
-1.0246
-0.94769
-0.94769
-0.94769
-0.94769
-0.98445
-1.0805
18.8645
-1.0598
-1.0805
-0.85723
-0.85723
-0.85723
-0.85723
-0.85723
-0.85723
-0.85723
-0.85723
-0.95775
0
0
0
0
0
0
0
0
0
-1.0035
-1.0246
-1.0246
-0.94769
-0.94769
-0.94769
-0.94769
-0.98445
-1.0805
-1.0598
18.8645
-1.0805
-0.85723
-0.85723
-0.85723
-0.85723
-0.85723
-0.85723
-0.85723
-0.85723
-0.95775
0
0
0
0
0
0
0
0
0
-0.96991
-1.0117
-1.0117
-0.9459
-0.9459
-0.9459
-0.9459
-0.9578
-1.073
-1.0805
-1.0805
22.204
-0.861
-0.861
-0.861
-0.861
-0.861
-0.861
-0.861
-0.861
0
0
0
0
0
-4.3474
0
0
0
0
-0.80982
-0.82656
-0.82656
-0.76596
-0.76596
-0.76596
-0.76596
-0.79219
-0.861
-0.85723
-0.85723
-0.861
14.3799
-0.66063
-0.66063
-0.66063
-0.66063
-0.66063
-0.66063
-0.66063
0
0
0
0
0
0
0
0
0
0
-0.80982
-0.82656
-0.82656
-0.76596
-0.76596
-0.76596
-0.76596
-0.79219
-0.861
-0.85723
-0.85723
-0.861
-0.66063
14.3799
-0.66063
-0.66063
-0.66063
-0.66063
-0.66063
-0.66063
0
0
0
0
0
0
0
0
0
0
-0.80982
-0.82656
-0.82656
-0.76596
-0.76596
-0.76596
-0.76596
-0.79219
-0.861
-0.85723
-0.85723
-0.861
-0.66063
-0.66063
14.3799
-0.66063
-0.66063
-0.66063
-0.66063
-0.66063
0
0
0
0
0
0
0
0
0
0
-0.80982
-0.82656
-0.82656
-0.76596
-0.76596
-0.76596
-0.76596
-0.79219
-0.861
-0.85723
-0.85723
-0.861
-0.66063
-0.66063
-0.66063
14.3799
-0.66063
-0.66063
-0.66063
-0.66063
0
0
0
0
0
0
0
0
0
0
-0.80982
-0.82656
-0.82656
-0.76596
-0.76596
-0.76596
-0.76596
-0.79219
-0.861
-0.85723
-0.85723
-0.861
-0.66063
-0.66063
-0.66063
-0.66063
14.3799
-0.66063
-0.66063
-0.66063
0
0
0
0
0
0
0
0
0
0
-0.80982
-0.82656
-0.82656
-0.76596
-0.76596
-0.76596
-0.76596
-0.79219
-0.861
-0.85723
-0.85723
-0.861
-0.66063
-0.66063
-0.66063
-0.66063
-0.66063
14.3799
-0.66063
-0.66063
0
0
0
0
0
0
0
0
0
0
-0.80982
-0.82656
-0.82656
-0.76596
-0.76596
-0.76596
-0.76596
-0.79219
-0.861
-0.85723
-0.85723
-0.861
-0.66063
-0.66063
-0.66063
-0.66063
-0.66063
-0.66063
14.3799
-0.66063
0
0
0
0
0
0
0
0
0
0
-0.80982
-0.82656
-0.82656
-0.76596
-0.76596
-0.76596
-0.76596
-0.79219
-0.861
-0.85723
-0.85723
-0.861
-0.66063
-0.66063
-0.66063
-0.66063
-0.66063
-0.66063
-0.66063
14.3799
0
0
0
0
0
0
0
0
0
0
-0.90836
-0.92314
-0.92314
-0.85114
-0.85114
-0.85114
-0.85114
-0.88312
0
-0.95775
-0.95775
0
0
0
0
0
0
0
0
0
8.9578
0
0
0
0
0
0
0
0
0
-0.93727
-0.94737
-0.94737
-0.86963
-0.86963
-0.86963
-0.86963
0
0
0
0
0
0
0
0
0
0
0
0
0
0
6.3105
0
0
0
0
0
0
0
0
-0.93727
-0.94737
-0.94737
-0.86963
-0.86963
-0.86963
-0.86963
0
0
0
0
0
0
0
0
0
0
0
0
0
0
0
6.3105
0
0
0
0
0
0
0
0
0
0
0
0
0
0
-4.7554
0
0
0
0
0
0
0
0
0
0
0
0
0
0
0
4.7554
0
0
0
0
0
0
0
0
0
0
0
0
0
0
-4.3474
0
0
0
0
0
0
0
0
0
0
0
0
0
0
0
4.3474
0
0
0
0
0
0
0
0
0
0
0
0
0
0
0
0
-4.3474
0
0
0
0
0
0
0
0
0
0
0
0
0
4.3474
0
0
0
0
-7.6488
0
0
0
0
0
0
0
0
0
0
0
0
0
0
0
0
0
0
0
0
0
0
0
0
0
7.6488
0
0
0
0
-5.6582
0
0
0
0
0
0
0
0
0
0
0
0
0
0
0
0
0
0
0
0
0
0
0
0
0
5.6582
0
0
0
0
-5.6582
0
0
0
0
0
0
0
0
0
0
0
0
0
0
0
0
0
0
0
0
0
0
0
0
0
5.6582
0
-7.6488
0
0
0
0
0
0
0
0
0
0
0
0
0
0
0
0
0
0
0
0
0
0
0
0
0
0
0
0
7.6488
