23.1102
-0.75378
-0.72963
-0.72843
-0.67119
-0.64159
-0.64212
-0.64212
-0.64212
-0.64212
-0.54839
-0.66025
-0.69127
-0.6296
-0.73992
-0.73992
-0.5708
-0.67642
0
-0.28455
0
0
0
-11.4761
0
0
0
0
0
0
-0.75378
38.3667
-0.74433
-0.74355
-0.67194
-0.6532
-0.65144
-0.65144
-0.65144
-0.65144
-0.55555
-0.66355
-0.71052
-0.64106
-0.73667
-0.73667
-0.58064
-0.68959
0
0
0
0
0
0
-13.4399
-13.4399
0
0
0
0
-0.72963
-0.74433
11.6931
-0.72828
-0.67078
-0.63934
-0.63585
-0.63585
-0.63585
-0.63585
-0.54292
-0.65024
-0.69532
-0.62766
-0.74558
-0.74558
-0.5687
-0.67094
0
0
-0.39039
0
0
0
0
0
0
0
0
0
-0.72843
-0.74355
-0.72828
11.5493
-0.67138
-0.64282
-0.63618
-0.63618
-0.63618
-0.63618
-0.54213
-0.64496
-0.70763
-0.62393
-0.73888
-0.73888
-0.56538
-0.66921
-0.25912
0
0
0
0
0
0
0
0
0
0
0
-0.67119
-0.67194
-0.67078
-0.67138
20.1638
-0.58301
-0.59035
-0.59035
-0.59035
-0.59035
-0.47393
-0.56481
-0.60602
-0.54771
-0.64129
-0.64129
-0.49451
0
0
0
0
0
-10.5645
0
0
0
0
0
0
0
-0.64159
-0.6532
-0.63934
-0.64282
-0.58301
9.6036
-0.57108
-0.57108
-0.57108
-0.57108
-0.45743
-0.54109
-0.57956
-0.52861
-0.62074
-0.62074
-0.47774
0
0
0
-0.33343
0
0
0
0
0
0
0
0
0
-0.64212
-0.65144
-0.63585
-0.63618
-0.59035
-0.57108
9.7675
-0.51651
-0.51651
-0.51651
-0.46098
-0.56077
-0.60066
-0.53579
-0.63766
-0.63766
-0.48429
-0.57314
0
0
0
0
0
0
0
0
0
0
0
0
-0.64212
-0.65144
-0.63585
-0.63618
-0.59035
-0.57108
-0.51651
9.7675
-0.51651
-0.51651
-0.46098
-0.56077
-0.60066
-0.53579
-0.63766
-0.63766
-0.48429
-0.57314
0
0
0
0
0
0
0
0
0
0
0
0
-0.64212
-0.65144
-0.63585
-0.63618
-0.59035
-0.57108
-0.51651
-0.51651
9.7675
-0.51651
-0.46098
-0.56077
-0.60066
-0.53579
-0.63766
-0.63766
-0.48429
-0.57314
0
0
0
0
0
0
0
0
0
0
0
0
-0.64212
-0.65144
-0.63585
-0.63618
-0.59035
-0.57108
-0.51651
-0.51651
-0.51651
9.7675
-0.46098
-0.56077
-0.60066
-0.53579
-0.63766
-0.63766
-0.48429
-0.57314
0
0
0
0
0
0
0
0
0
0
0
0
-0.54839
-0.55555
-0.54292
-0.54213
-0.47393
-0.45743
-0.46098
-0.46098
-0.46098
-0.46098
7.8083
-0.45894
-0.49353
-0.44456
-0.52367
-0.52367
-0.39965
0
0
0
0
0
0
0
0
0
0
0
0
0
-0.66025
-0.66355
-0.65024
-0.64496
-0.56481
-0.54109
-0.56077
-0.56077
-0.56077
-0.56077
-0.45894
7.3177
0
-0.61578
0
0
0
0
0
-0.27501
0
0
0
0
0
0
0
0
0
0
-0.69127
-0.71052
-0.69532
-0.70763
-0.60602
-0.57956
-0.60066
-0.60066
-0.60066
-0.60066
-0.49353
0
7.1535
0
0
0
0
0
-0.267
0
0
0
0
0
0
0
0
0
0
0
-0.6296
-0.64106
-0.62766
-0.62393
-0.54771
-0.52861
-0.53579
-0.53579
-0.53579
-0.53579
-0.44456
-0.61578
0
6.8021
0
0
0
0
0
0
0
0
0
0
0
0
0
0
0
0
-0.73992
-0.73667
-0.74558
-0.73888
-0.64129
-0.62074
-0.63766
-0.63766
-0.63766
-0.63766
-0.52367
0
0
0
14.9017
0
0
0
0
0
0
0
0
0
0
0
-7.6043
0
0
0
-0.73992
-0.73667
-0.74558
-0.73888
-0.64129
-0.62074
-0.63766
-0.63766
-0.63766
-0.63766
-0.52367
0
0
0
0
14.9017
0
0
0
0
0
-7.6043
0
0
0
0
0
0
0
0
-0.5708
-0.58064
-0.5687
-0.56538
-0.49451
-0.47774
-0.48429
-0.48429
-0.48429
-0.48429
-0.39965
0
0
0
0
0
5.5946
0
0
0
0
0
0
0
0
0
0
0
0
0
-0.67642
-0.68959
-0.67094
-0.66921
0
0
-0.57314
-0.57314
-0.57314
-0.57314
0
0
0
0
0
0
0
4.9987
0
0
0
0
0
0
0
0
0
0
0
0
0
0
0
-0.25912
0
0
0
0
0
0
0
0
-0.267
0
0
0
0
0
0.63061
0
0
0
0
0
0
0
0
-0.1045
0
0
-0.28455
0
0
0
0
0
0
0
0
0
0
-0.27501
0
0
0
0
0
0
0
0.69344
0
0
0
0
0
0
0
0
0
-0.13389
0
0
-0.39039
0
0
-0.33343
0
0
0
0
0
0
0
0
0
0
0
0
0
0
0.99873
0
0
0
0
0
0
0
-0.2749
0
0
0
0
0
0
0
0
0
0
0
0
0
0
0
0
-7.6043
0
0
0
0
0
7.6043
0
0
0
0
0
0
0
0
0
0
0
0
-10.5645
0
0
0
0
0
0
0
0
0
0
0
0
0
0
0
0
0
10.5645
0
0
0
0
0
0
0
-11.4761
0
0
0
0
0
0
0
0
0
0
0
0
0
0
0
0
0
0
0
0
0
0
11.4761
0
0
0
0
0
0
0
-13.4399
0
0
0
0
0
0
0
0
0
0
0
0
0
0
0
0
0
0
0
0
0
0
13.4399
0
0
0
0
0
0
-13.4399
0
0
0
0
0
0
0
0
0
0
0
0
0
0
0
0
0
0
0
0
0
0
0
13.4399
0
0
0
0
0
0
0
0
0
0
0
0
0
0
0
0
0
0
-7.6043
0
0
0
0
0
0
0
0
0
0
0
7.6043
0
0
0
0
0
0
0
0
0
0
0
0
0
0
0
0
0
0
0
0
0
-0.1045
0
0
0
0
0
0
0
0
0.1045
0
0
0
0
0
0
0
0
0
0
0
0
0
0
0
0
0
0
0
0
0
0
-0.2749
0
0
0
0
0
0
0
0.2749
0
0
0
0
0
0
0
0
0
0
0
0
0
0
0
0
0
0
0
0
-0.13389
0
0
0
0
0
0
0
0
0
0.13389
