20.1552
-0.83562
-0.87906
-0.87809
-0.7935
-0.75987
-0.7935
-0.7719
-0.61074
-0.61074
-0.61074
-0.61074
-0.61074
-0.61074
-0.61074
0
0
0
-0.82993
0
0
0
0
0
0
0
-9.3386
0
0
0
-0.83562
10.2408
-0.79488
-0.84869
-0.74935
-0.73097
-0.74935
-0.72625
-0.58383
-0.58383
-0.58383
-0.58383
-0.58383
-0.58383
-0.58383
-0.6144
0
-0.1045
0
0
0
0
0
0
0
0
0
0
0
0
-0.87906
-0.79488
19.6925
-0.90212
-0.79442
-0.75791
-0.79442
-0.75065
-0.60895
-0.60895
-0.60895
-0.60895
-0.60895
-0.60895
-0.60895
-0.63049
0
0
0
0
0
0
0
0
0
0
0
0
-9.1259
0
-0.87809
-0.84869
-0.90212
17.0717
-0.79702
-0.75824
-0.79702
-0.75578
-0.61282
-0.61282
-0.61282
-0.61282
-0.61282
-0.61282
-0.61282
0
0
0
0
-2.8626
-4.1824
0
0
0
0
0
0
0
0
0
-0.7935
-0.74935
-0.79442
-0.79702
17.8446
-0.72326
-0.76034
-0.71633
-0.57544
-0.57544
-0.57544
-0.57544
-0.57544
-0.57544
-0.57544
0
0
0
0
0
0
0
0
0
0
0
0
0
0
-8.4823
-0.75987
-0.73097
-0.75791
-0.75824
-0.72326
10.2609
-0.72326
-0.7067
-0.5562
-0.5562
-0.5562
-0.5562
-0.5562
-0.5562
-0.5562
0
-1.2074
0
0
0
0
0
0
0
0
0
0
0
0
0
-0.7935
-0.74935
-0.79442
-0.79702
-0.76034
-0.72326
17.8446
-0.71633
-0.57544
-0.57544
-0.57544
-0.57544
-0.57544
-0.57544
-0.57544
0
0
0
0
0
0
0
0
0
0
0
0
-8.4823
0
0
-0.7719
-0.72625
-0.75065
-0.75578
-0.71633
-0.7067
-0.71633
9.6328
-0.55395
-0.55395
-0.55395
-0.55395
-0.55395
-0.55395
-0.55395
0
0
0
0
0
0
-0.61123
0
0
0
0
0
0
0
0
-0.61074
-0.58383
-0.60895
-0.61282
-0.57544
-0.5562
-0.57544
-0.55395
7.1826
-0.41753
-0.41753
-0.41753
-0.41753
-0.41753
-0.41753
0
0
0
0
0
0
0
0
0
0
0
0
0
0
0
-0.61074
-0.58383
-0.60895
-0.61282
-0.57544
-0.5562
-0.57544
-0.55395
-0.41753
7.1826
-0.41753
-0.41753
-0.41753
-0.41753
-0.41753
0
0
0
0
0
0
0
0
0
0
0
0
0
0
0
-0.61074
-0.58383
-0.60895
-0.61282
-0.57544
-0.5562
-0.57544
-0.55395
-0.41753
-0.41753
7.1826
-0.41753
-0.41753
-0.41753
-0.41753
0
0
0
0
0
0
0
0
0
0
0
0
0
0
0
-0.61074
-0.58383
-0.60895
-0.61282
-0.57544
-0.5562
-0.57544
-0.55395
-0.41753
-0.41753
-0.41753
7.1826
-0.41753
-0.41753
-0.41753
0
0
0
0
0
0
0
0
0
0
0
0
0
0
0
-0.61074
-0.58383
-0.60895
-0.61282
-0.57544
-0.5562
-0.57544
-0.55395
-0.41753
-0.41753
-0.41753
-0.41753
7.1826
-0.41753
-0.41753
0
0
0
0
0
0
0
0
0
0
0
0
0
0
0
-0.61074
-0.58383
-0.60895
-0.61282
-0.57544
-0.5562
-0.57544
-0.55395
-0.41753
-0.41753
-0.41753
-0.41753
-0.41753
7.1826
-0.41753
0
0
0
0
0
0
0
0
0
0
0
0
0
0
0
-0.61074
-0.58383
-0.60895
-0.61282
-0.57544
-0.5562
-0.57544
-0.55395
-0.41753
-0.41753
-0.41753
-0.41753
-0.41753
-0.41753
7.1826
0
0
0
0
0
0
0
0
0
0
0
0
0
0
0
0
-0.6144
-0.63049
0
0
0
0
0
0
0
0
0
0
0
0
8.3503
0
0
0
0
0
0
-4.4542
0
-2.6513
0
0
0
0
0
0
0
0
0
0
-1.2074
0
0
0
0
0
0
0
0
0
0
2.3173
-0.42558
-0.68436
0
0
0
0
0
0
0
0
0
0
0
0
-0.1045
0
0
0
0
0
0
0
0
0
0
0
0
0
0
-0.42558
0.73298
0
0
0
0
0
0
0
-0.2029
0
0
0
0
-0.82993
0
0
0
0
0
0
0
0
0
0
0
0
0
0
0
-0.68436
0
2.2918
0
0
0
0
-0.77748
0
0
0
0
0
0
0
0
0
-2.8626
0
0
0
0
0
0
0
0
0
0
0
0
0
0
0
8.3923
-2.6451
0
-2.8846
0
0
0
0
0
0
0
0
0
0
-4.1824
0
0
0
0
0
0
0
0
0
0
0
0
0
0
0
-2.6451
6.8275
0
0
0
0
0
0
0
0
0
0
0
0
0
0
0
0
-0.61123
0
0
0
0
0
0
0
0
0
0
0
0
0
2.1391
0
-1.5278
0
0
0
0
0
0
0
0
0
0
0
0
0
0
0
0
0
0
0
0
0
-4.4542
0
0
0
-2.8846
0
0
7.3388
0
0
0
0
0
0
0
0
0
0
0
0
0
0
0
0
0
0
0
0
0
0
0
0
0
-0.77748
0
0
-1.5278
0
2.3053
0
0
0
0
0
0
0
0
0
0
0
0
0
0
0
0
0
0
0
0
0
-2.6513
0
0
0
0
0
0
0
0
2.6513
0
0
0
0
0
0
0
0
0
0
0
0
0
0
0
0
0
0
0
0
0
0
-0.2029
0
0
0
0
0
0
0
0.2029
0
0
0
0
-9.3386
0
0
0
0
0
0
0
0
0
0
0
0
0
0
0
0
0
0
0
0
0
0
0
0
0
9.3386
0
0
0
0
0
0
0
0
0
-8.4823
0
0
0
0
0
0
0
0
0
0
0
0
0
0
0
0
0
0
0
0
8.4823
0
0
0
0
-9.1259
0
0
0
0
0
0
0
0
0
0
0
0
0
0
0
0
0
0
0
0
0
0
0
0
0
9.1259
0
0
0
0
0
-8.4823
0
0
0
0
0
0
0
0
0
0
0
0
0
0
0
0
0
0
0
0
0
0
0
0
8.4823
