28.6336
-0.53669
-0.53503
-0.53503
-0.53503
-0.49394
-0.49199
-0.46119
-0.52931
-0.56507
-0.56507
-0.55251
-0.55251
-0.52922
-0.53736
-0.53736
-0.53736
-0.53736
0
-2.3545
0
0
-8.6235
-8.6235
0
0
0
0
0
0
-0.53669
11.2432
-0.55044
-0.55044
-0.55044
-0.49248
-0.53244
-0.50427
-0.53313
-0.5705
-0.5705
-0.55103
-0.55103
-0.53152
-0.52647
-0.52647
-0.52647
-0.52647
0
-2.1124
0
0
0
0
0
0
0
0
0
0
-0.53503
-0.55044
14.7436
-0.5512
-0.5512
-0.49652
-0.51615
-0.48543
-0.53578
-0.57278
-0.57278
-0.55683
-0.55683
-0.53424
-0.53723
-0.53723
-0.53723
-0.53723
0
0
0
-5.5795
0
0
0
0
0
0
0
0
-0.53503
-0.55044
-0.5512
14.7436
-0.5512
-0.49652
-0.51615
-0.48543
-0.53578
-0.57278
-0.57278
-0.55683
-0.55683
-0.53424
-0.53723
-0.53723
-0.53723
-0.53723
0
0
0
0
0
0
0
0
-5.5795
0
0
0
-0.53503
-0.55044
-0.5512
-0.5512
14.7436
-0.49652
-0.51615
-0.48543
-0.53578
-0.57278
-0.57278
-0.55683
-0.55683
-0.53424
-0.53723
-0.53723
-0.53723
-0.53723
0
0
-5.5795
0
0
0
0
0
0
0
0
0
-0.49394
-0.49248
-0.49652
-0.49652
-0.49652
8.374
-0.48213
-0.45751
-0.48853
-0.52047
-0.52047
-0.50393
-0.50393
-0.48629
-0.48369
-0.48369
-0.48369
-0.48369
0
0
0
0
0
0
0
0
0
0
0
0
-0.49199
-0.53244
-0.51615
-0.51615
-0.51615
-0.48213
18.5799
-0.44641
-0.50603
-0.53301
-0.53301
-0.53314
-0.53314
0
0
0
0
0
0
0
0
0
0
0
0
-6.2201
0
0
-6.2201
0
-0.46119
-0.50427
-0.48543
-0.48543
-0.48543
-0.45751
-0.44641
15.7905
-0.48242
-0.48829
-0.48829
0
0
0
0
0
0
0
-0.18041
0
0
0
0
0
-5.4127
0
0
-5.4127
0
0
-0.52931
-0.53313
-0.53578
-0.53578
-0.53578
-0.48853
-0.50603
-0.48242
6.7543
-0.53326
-0.53326
-0.51408
-0.51408
-0.51282
0
0
0
0
0
0
0
0
0
0
0
0
0
0
0
0
-0.56507
-0.5705
-0.57278
-0.57278
-0.57278
-0.52047
-0.53301
-0.48829
-0.53326
5.4489
-0.51992
0
0
0
0
0
0
0
0
0
0
0
0
0
0
0
0
0
0
0
-0.56507
-0.5705
-0.57278
-0.57278
-0.57278
-0.52047
-0.53301
-0.48829
-0.53326
-0.51992
5.4489
0
0
0
0
0
0
0
0
0
0
0
0
0
0
0
0
0
0
0
-0.55251
-0.55103
-0.55683
-0.55683
-0.55683
-0.50393
-0.53314
0
-0.51408
0
0
4.3252
0
0
0
0
0
0
0
0
0
0
0
0
0
0
0
0
0
0
-0.55251
-0.55103
-0.55683
-0.55683
-0.55683
-0.50393
-0.53314
0
-0.51408
0
0
0
4.3252
0
0
0
0
0
0
0
0
0
0
0
0
0
0
0
0
0
-0.52922
-0.53152
-0.53424
-0.53424
-0.53424
-0.48629
0
0
-0.51282
0
0
0
0
3.8821
0
0
0
0
-0.2195
0
0
0
0
0
0
0
0
0
0
0
-0.53736
-0.52647
-0.53723
-0.53723
-0.53723
-0.48369
0
0
0
0
0
0
0
0
3.1592
0
0
0
0
0
0
0
0
0
0
0
0
0
0
0
-0.53736
-0.52647
-0.53723
-0.53723
-0.53723
-0.48369
0
0
0
0
0
0
0
0
0
3.1592
0
0
0
0
0
0
0
0
0
0
0
0
0
0
-0.53736
-0.52647
-0.53723
-0.53723
-0.53723
-0.48369
0
0
0
0
0
0
0
0
0
0
3.1592
0
0
0
0
0
0
0
0
0
0
0
0
0
-0.53736
-0.52647
-0.53723
-0.53723
-0.53723
-0.48369
0
0
0
0
0
0
0
0
0
0
0
3.1592
0
0
0
0
0
0
0
0
0
0
0
0
0
0
0
0
0
0
0
-0.18041
0
0
0
0
0
-0.2195
0
0
0
0
0.50441
0
0
0
0
0
0
0
0
0
0
-0.1045
-2.3545
-2.1124
0
0
0
0
0
0
0
0
0
0
0
0
0
0
0
0
0
4.4669
0
0
0
0
0
0
0
0
0
0
0
0
0
0
-5.5795
0
0
0
0
0
0
0
0
0
0
0
0
0
0
0
5.5795
0
0
0
0
0
0
0
0
0
0
0
-5.5795
0
0
0
0
0
0
0
0
0
0
0
0
0
0
0
0
0
0
5.5795
0
0
0
0
0
0
0
0
-8.6235
0
0
0
0
0
0
0
0
0
0
0
0
0
0
0
0
0
0
0
0
0
8.6235
0
0
0
0
0
0
0
-8.6235
0
0
0
0
0
0
0
0
0
0
0
0
0
0
0
0
0
0
0
0
0
0
8.6235
0
0
0
0
0
0
0
0
0
0
0
0
0
-5.4127
0
0
0
0
0
0
0
0
0
0
0
0
0
0
0
0
5.4127
0
0
0
0
0
0
0
0
0
0
0
-6.2201
0
0
0
0
0
0
0
0
0
0
0
0
0
0
0
0
0
0
6.2201
0
0
0
0
0
0
0
-5.5795
0
0
0
0
0
0
0
0
0
0
0
0
0
0
0
0
0
0
0
0
0
0
5.5795
0
0
0
0
0
0
0
0
0
0
-5.4127
0
0
0
0
0
0
0
0
0
0
0
0
0
0
0
0
0
0
0
5.4127
0
0
0
0
0
0
0
0
-6.2201
0
0
0
0
0
0
0
0
0
0
0
0
0
0
0
0
0
0
0
0
0
6.2201
0
0
0
0
0
0
0
0
0
0
0
0
0
0
0
0
0
0
0
-0.1045
0
0
0
0
0
0
0
0
0
0
0.1045
