17.3966
-0.57879
-0.58009
-0.57957
-0.57942
-0.58088
-0.57938
-0.58545
-0.57924
-0.57988
-0.57988
-0.58345
-0.59196
0
0
-1.076
0
-1.076
0
0
0
0
0
-4.1334
0
0
0
0
0
-4.1334
-0.57879
11.0208
-0.5785
-0.57893
-0.57802
-0.57991
-0.57853
-0.58414
-0.57787
-0.57927
-0.57927
-0.5823
0
0
0
-1.0352
0
-1.0352
0
0
-2.5749
0
0
0
0
0
0
0
0
0
-0.58009
-0.5785
13.8743
-0.58023
-0.5796
-0.58096
-0.57966
-0.5854
-0.57946
-0.58023
-0.58023
-0.58366
0
0
0
0
0
0
0
0
0
0
-3.7431
0
0
0
-3.7431
0
0
0
-0.57957
-0.57893
-0.58023
6.982
-0.58011
-0.58125
-0.58008
-0.58481
-0.57991
-0.58085
-0.58085
-0.58357
-0.59182
0
0
0
0
0
0
0
0
0
0
0
0
0
0
0
0
0
-0.57942
-0.57802
-0.5796
-0.58011
7.7556
-0.57834
-0.57885
0
-0.57872
-0.57965
-0.57965
0
0
0
-0.59398
0
0
0
0
0
0
0
0
0
0
-1.9493
0
0
0
0
-0.58088
-0.57991
-0.58096
-0.58125
-0.57834
5.8215
-0.58022
0
-0.58164
-0.58195
-0.58195
0
0
0
0
0
-0.59442
0
0
0
0
0
0
0
0
0
0
0
0
0
-0.57938
-0.57853
-0.57966
-0.58008
-0.57885
-0.58022
5.8025
-0.58423
-0.57958
-0.58096
-0.58096
0
0
0
0
0
0
0
0
0
0
0
0
0
0
0
0
0
0
0
-0.58545
-0.58414
-0.5854
-0.58481
0
0
-0.58423
16.5712
0
0
0
0
0
0
0
0
0
0
0
-4.5491
0
0
0
0
-4.5491
0
0
0
-4.5491
0
-0.57924
-0.57787
-0.57946
-0.57991
-0.57872
-0.58164
-0.57958
0
4.6087
0
0
0
0
0
0
0
0
0
0
0
0
-0.55225
0
0
0
0
0
0
0
0
-0.57988
-0.57927
-0.58023
-0.58085
-0.57965
-0.58195
-0.58096
0
0
4.0628
0
0
0
0
0
0
0
0
0
0
0
0
0
0
0
0
0
0
0
0
-0.57988
-0.57927
-0.58023
-0.58085
-0.57965
-0.58195
-0.58096
0
0
0
4.0628
0
0
0
0
0
0
0
0
0
0
0
0
0
0
0
0
0
0
0
-0.58345
-0.5823
-0.58366
-0.58357
0
0
0
0
0
0
0
2.9302
0
0
0
0
0
0
0
0
0
0
0
0
0
0
0
-0.59721
0
0
-0.59196
0
0
-0.59182
0
0
0
0
0
0
0
0
1.7797
0
0
0
0
0
-0.59595
0
0
0
0
0
0
0
0
0
0
0
0
0
0
0
0
0
0
0
0
0
0
0
0
1.1255
-0.56249
0
-0.56299
0
0
0
0
0
0
0
0
0
0
0
0
0
0
0
0
0
-0.59398
0
0
0
0
0
0
0
0
-0.56249
1.1565
0
0
0
0
0
0
0
0
0
0
0
0
0
0
0
-1.076
-1.0352
0
0
0
0
0
0
0
0
0
0
0
0
0
2.1111
0
0
0
0
0
0
0
0
0
0
0
0
0
0
0
0
0
0
0
-0.59442
0
0
0
0
0
0
0
-0.56299
0
0
1.1574
0
0
0
0
0
0
0
0
0
0
0
0
0
-1.076
-1.0352
0
0
0
0
0
0
0
0
0
0
0
0
0
0
0
2.1111
0
0
0
0
0
0
0
0
0
0
0
0
0
0
0
0
0
0
0
0
0
0
0
0
-0.59595
0
0
0
0
0
0.59595
0
0
0
0
0
0
0
0
0
0
0
0
0
0
0
0
0
0
-4.5491
0
0
0
0
0
0
0
0
0
0
0
4.5491
0
0
0
0
0
0
0
0
0
0
0
-2.5749
0
0
0
0
0
0
0
0
0
0
0
0
0
0
0
0
0
0
2.5749
0
0
0
0
0
0
0
0
0
0
0
0
0
0
0
0
0
-0.55225
0
0
0
0
0
0
0
0
0
0
0
0
0.55225
0
0
0
0
0
0
0
0
0
0
-3.7431
0
0
0
0
0
0
0
0
0
0
0
0
0
0
0
0
0
0
0
3.7431
0
0
0
0
0
0
0
-4.1334
0
0
0
0
0
0
0
0
0
0
0
0
0
0
0
0
0
0
0
0
0
0
4.1334
0
0
0
0
0
0
0
0
0
0
0
0
0
-4.5491
0
0
0
0
0
0
0
0
0
0
0
0
0
0
0
0
4.5491
0
0
0
0
0
0
0
0
0
-1.9493
0
0
0
0
0
0
0
0
0
0
0
0
0
0
0
0
0
0
0
0
1.9493
0
0
0
0
0
0
-3.7431
0
0
0
0
0
0
0
0
0
0
0
0
0
0
0
0
0
0
0
0
0
0
0
3.7431
0
0
0
0
0
0
0
0
0
0
0
0
0
0
-0.59721
0
0
0
0
0
0
0
0
0
0
0
0
0
0
0
0.59721
0
0
0
0
0
0
0
0
0
-4.5491
0
0
0
0
0
0
0
0
0
0
0
0
0
0
0
0
0
0
0
0
4.5491
0
-4.1334
0
0
0
0
0
0
0
0
0
0
0
0
0
0
0
0
0
0
0
0
0
0
0
0
0
0
0
0
4.1334
