42.0192
-0.80493
-0.80493
-0.80493
-0.80493
-0.80493
-0.80493
-0.80493
-0.80493
-0.72923
-0.69903
-0.74201
-0.74201
-0.74201
-0.72686
-0.7498
-0.7498
-0.7575
-0.78117
-0.71443
-0.77387
0
-8.8907
0
0
-8.8907
0
0
0
-8.8907
-0.80493
16.0363
-0.82163
-0.82163
-0.82163
-0.82163
-0.82163
-0.82163
-0.82163
-0.78793
-0.80491
-0.77226
-0.77226
-0.77226
-0.75757
-0.81548
-0.81548
-0.78862
-0.80988
-0.79028
-0.79299
0
0
0
0
0
0
0
0
0
-0.80493
-0.82163
16.0363
-0.82163
-0.82163
-0.82163
-0.82163
-0.82163
-0.82163
-0.78793
-0.80491
-0.77226
-0.77226
-0.77226
-0.75757
-0.81548
-0.81548
-0.78862
-0.80988
-0.79028
-0.79299
0
0
0
0
0
0
0
0
0
-0.80493
-0.82163
-0.82163
16.0363
-0.82163
-0.82163
-0.82163
-0.82163
-0.82163
-0.78793
-0.80491
-0.77226
-0.77226
-0.77226
-0.75757
-0.81548
-0.81548
-0.78862
-0.80988
-0.79028
-0.79299
0
0
0
0
0
0
0
0
0
-0.80493
-0.82163
-0.82163
-0.82163
16.0363
-0.82163
-0.82163
-0.82163
-0.82163
-0.78793
-0.80491
-0.77226
-0.77226
-0.77226
-0.75757
-0.81548
-0.81548
-0.78862
-0.80988
-0.79028
-0.79299
0
0
0
0
0
0
0
0
0
-0.80493
-0.82163
-0.82163
-0.82163
-0.82163
16.0363
-0.82163
-0.82163
-0.82163
-0.78793
-0.80491
-0.77226
-0.77226
-0.77226
-0.75757
-0.81548
-0.81548
-0.78862
-0.80988
-0.79028
-0.79299
0
0
0
0
0
0
0
0
0
-0.80493
-0.82163
-0.82163
-0.82163
-0.82163
-0.82163
16.0363
-0.82163
-0.82163
-0.78793
-0.80491
-0.77226
-0.77226
-0.77226
-0.75757
-0.81548
-0.81548
-0.78862
-0.80988
-0.79028
-0.79299
0
0
0
0
0
0
0
0
0
-0.80493
-0.82163
-0.82163
-0.82163
-0.82163
-0.82163
-0.82163
16.0363
-0.82163
-0.78793
-0.80491
-0.77226
-0.77226
-0.77226
-0.75757
-0.81548
-0.81548
-0.78862
-0.80988
-0.79028
-0.79299
0
0
0
0
0
0
0
0
0
-0.80493
-0.82163
-0.82163
-0.82163
-0.82163
-0.82163
-0.82163
-0.82163
16.0363
-0.78793
-0.80491
-0.77226
-0.77226
-0.77226
-0.75757
-0.81548
-0.81548
-0.78862
-0.80988
-0.79028
-0.79299
0
0
0
0
0
0
0
0
0
-0.72923
-0.78793
-0.78793
-0.78793
-0.78793
-0.78793
-0.78793
-0.78793
-0.78793
17.7879
-0.67769
-0.71155
-0.71155
-0.71155
-0.6932
-0.73453
-0.73453
-0.71921
-0.7324
0
0
0
0
0
0
0
0
-4.329
0
0
-0.69903
-0.80491
-0.80491
-0.80491
-0.80491
-0.80491
-0.80491
-0.80491
-0.80491
-0.67769
25.6954
-0.70803
-0.70803
-0.70803
-0.6901
-0.71985
-0.71985
-0.71898
0
0
0
-6.4532
0
0
0
0
0
0
-6.4532
0
-0.74201
-0.77226
-0.77226
-0.77226
-0.77226
-0.77226
-0.77226
-0.77226
-0.77226
-0.71155
-0.70803
13.3277
-0.69549
-0.69549
-0.68602
-0.73445
-0.73445
-0.71377
-0.72838
0
0
0
0
0
0
0
0
0
0
0
-0.74201
-0.77226
-0.77226
-0.77226
-0.77226
-0.77226
-0.77226
-0.77226
-0.77226
-0.71155
-0.70803
-0.69549
13.3277
-0.69549
-0.68602
-0.73445
-0.73445
-0.71377
-0.72838
0
0
0
0
0
0
0
0
0
0
0
-0.74201
-0.77226
-0.77226
-0.77226
-0.77226
-0.77226
-0.77226
-0.77226
-0.77226
-0.71155
-0.70803
-0.69549
-0.69549
13.3277
-0.68602
-0.73445
-0.73445
-0.71377
-0.72838
0
0
0
0
0
0
0
0
0
0
0
-0.72686
-0.75757
-0.75757
-0.75757
-0.75757
-0.75757
-0.75757
-0.75757
-0.75757
-0.6932
-0.6901
-0.68602
-0.68602
-0.68602
12.3306
-0.70578
-0.70578
-0.69029
0
0
0
0
0
0
0
0
0
0
0
0
-0.7498
-0.81548
-0.81548
-0.81548
-0.81548
-0.81548
-0.81548
-0.81548
-0.81548
-0.73453
-0.71985
-0.73445
-0.73445
-0.73445
-0.70578
14.3457
0
0
0
0
0
0
0
-2.7086
0
0
0
0
0
0
-0.7498
-0.81548
-0.81548
-0.81548
-0.81548
-0.81548
-0.81548
-0.81548
-0.81548
-0.73453
-0.71985
-0.73445
-0.73445
-0.73445
-0.70578
0
14.3457
0
0
0
0
0
0
0
-2.7086
0
0
0
0
0
-0.7575
-0.78862
-0.78862
-0.78862
-0.78862
-0.78862
-0.78862
-0.78862
-0.78862
-0.71921
-0.71898
-0.71377
-0.71377
-0.71377
-0.69029
0
0
11.3362
0
0
0
0
0
0
0
0
0
0
0
0
-0.78117
-0.80988
-0.80988
-0.80988
-0.80988
-0.80988
-0.80988
-0.80988
-0.80988
-0.7324
0
-0.72838
-0.72838
-0.72838
0
0
0
0
10.1777
0
0
0
0
0
0
0
0
0
0
0
-0.71443
-0.79028
-0.79028
-0.79028
-0.79028
-0.79028
-0.79028
-0.79028
-0.79028
0
0
0
0
0
0
0
0
0
0
7.1412
0
0
0
0
0
0
-0.1045
0
0
0
-0.77387
-0.79299
-0.79299
-0.79299
-0.79299
-0.79299
-0.79299
-0.79299
-0.79299
0
0
0
0
0
0
0
0
0
0
0
7.1178
0
0
0
0
0
0
0
0
0
0
0
0
0
0
0
0
0
0
0
-6.4532
0
0
0
0
0
0
0
0
0
0
6.4532
0
0
0
0
0
0
0
0
-8.8907
0
0
0
0
0
0
0
0
0
0
0
0
0
0
0
0
0
0
0
0
0
8.8907
0
0
0
0
0
0
0
0
0
0
0
0
0
0
0
0
0
0
0
0
0
0
-2.7086
0
0
0
0
0
0
0
2.7086
0
0
0
0
0
0
0
0
0
0
0
0
0
0
0
0
0
0
0
0
0
0
-2.7086
0
0
0
0
0
0
0
2.7086
0
0
0
0
0
-8.8907
0
0
0
0
0
0
0
0
0
0
0
0
0
0
0
0
0
0
0
0
0
0
0
0
8.8907
0
0
0
0
0
0
0
0
0
0
0
0
0
0
0
0
0
0
0
0
0
0
0
-0.1045
0
0
0
0
0
0
0.1045
0
0
0
0
0
0
0
0
0
0
0
0
-4.329
0
0
0
0
0
0
0
0
0
0
0
0
0
0
0
0
0
4.329
0
0
0
0
0
0
0
0
0
0
0
0
-6.4532
0
0
0
0
0
0
0
0
0
0
0
0
0
0
0
0
0
6.4532
0
-8.8907
0
0
0
0
0
0
0
0
0
0
0
0
0
0
0
0
0
0
0
0
0
0
0
0
0
0
0
0
8.8907
