16.2789
-0.70936
-0.71936
-0.78762
-0.75085
-0.75085
-0.68729
-0.74292
-0.69677
-0.71042
-0.7516
-0.72995
-0.72995
-0.70043
-0.85016
-0.69078
-1.1342
-1.0268
-1.7564
0
0
0
0
-0.67661
-0.67661
0
0
0
0
0
-0.70936
16.2789
-0.71936
-0.78762
-0.75085
-0.75085
-0.68729
-0.74292
-0.69677
-0.71042
-0.7516
-0.72995
-0.72995
-0.70043
-0.85016
-0.69078
-1.1342
-1.0268
-1.7564
0
0
0
0
-0.67661
-0.67661
0
0
0
0
0
-0.71936
-0.71936
14.9683
-0.78744
-0.75905
-0.75905
-0.69181
-0.74479
-0.69894
-0.71324
-0.76166
-0.73222
-0.73222
-0.70236
-0.88292
-0.69016
-1.1163
-1.0089
-1.7485
0
0
0
0
0
0
0
0
0
0
0
-0.78762
-0.78762
-0.78744
23.3721
-0.88495
-0.88495
-0.75351
-0.77157
-0.72668
-0.75404
-0.78996
-0.77496
-0.77496
-0.74256
0
0
0
0
0
0
-1.6721
-0.97007
0
0
0
0
0
0
-10.5092
0
-0.75085
-0.75085
-0.75905
-0.88495
12.573
-0.75751
-0.69662
-0.76322
-0.71739
-0.73023
-0.78081
-0.74956
-0.74956
-0.71838
-0.91273
-0.70923
-1.1421
0
0
0
0
0
0
0
0
0
0
0
0
0
-0.75085
-0.75085
-0.75905
-0.88495
-0.75751
12.573
-0.69662
-0.76322
-0.71739
-0.73023
-0.78081
-0.74956
-0.74956
-0.71838
-0.91273
-0.70923
-1.1421
0
0
0
0
0
0
0
0
0
0
0
0
0
-0.68729
-0.68729
-0.69181
-0.75351
-0.69662
-0.69662
10.4058
-0.68501
-0.64847
-0.66234
-0.70661
-0.67879
-0.67879
-0.64978
-0.81964
-0.66325
0
0
0
0
0
0
0
0
0
0
0
0
0
0
-0.74292
-0.74292
-0.74479
-0.77157
-0.76322
-0.76322
-0.68501
11.5267
-0.69435
-0.71656
-0.76461
-0.74174
-0.74174
-0.7114
0
0
0
0
0
0
0
0
-1.9427
0
0
0
0
0
0
0
-0.69677
-0.69677
-0.69894
-0.72668
-0.71739
-0.71739
-0.64847
-0.69435
10.1397
-0.70352
-0.66499
-0.6682
-0.6682
0
0
0
0
0
0
0
0
0
-1.8381
0
0
0
0
0
0
0
-0.71042
-0.71042
-0.71324
-0.75404
-0.73023
-0.73023
-0.66234
-0.71656
-0.70352
9.1666
-0.70319
-0.68466
-0.68466
-0.66308
0
0
0
0
0
0
0
0
0
0
0
0
0
0
0
0
-0.7516
-0.7516
-0.76166
-0.78996
-0.78081
-0.78081
-0.70661
-0.76461
-0.66499
-0.70319
8.2166
0
0
0
0
0
0
0
0
-0.76075
0
0
0
0
0
0
0
0
0
0
-0.72995
-0.72995
-0.73222
-0.77496
-0.74956
-0.74956
-0.67879
-0.74174
-0.6682
-0.68466
0
7.2396
0
0
0
0
0
0
0
0
0
0
0
0
0
0
0
0
0
0
-0.72995
-0.72995
-0.73222
-0.77496
-0.74956
-0.74956
-0.67879
-0.74174
-0.6682
-0.68466
0
0
7.2396
0
0
0
0
0
0
0
0
0
0
0
0
0
0
0
0
0
-0.70043
-0.70043
-0.70236
-0.74256
-0.71838
-0.71838
-0.64978
-0.7114
0
-0.66308
0
0
0
6.3068
0
0
0
0
0
0
0
0
0
0
0
0
0
0
0
0
-0.85016
-0.85016
-0.88292
0
-0.91273
-0.91273
-0.81964
0
0
0
0
0
0
0
6.869
0
0
0
0
0
-1.6406
0
0
0
0
0
0
0
0
0
-0.69078
-0.69078
-0.69016
0
-0.70923
-0.70923
-0.66325
0
0
0
0
0
0
0
0
4.1534
0
0
0
0
0
0
0
0
0
0
0
0
0
0
-1.1342
-1.1342
-1.1163
0
-1.1421
-1.1421
0
0
0
0
0
0
0
0
0
0
12.926
0
0
0
0
0
0
0
0
0
-7.2572
0
0
0
-1.0268
-1.0268
-1.0089
0
0
0
0
0
0
0
0
0
0
0
0
0
0
4.6982
0
0
0
-1.6356
0
0
0
0
0
0
0
0
-1.7564
-1.7564
-1.7485
0
0
0
0
0
0
0
0
0
0
0
0
0
0
0
5.2613
0
0
0
0
0
0
0
0
0
0
0
0
0
0
0
0
0
0
0
0
0
-0.76075
0
0
0
0
0
0
0
0
4.0636
-1.5932
0
0
0
0
0
0
-1.7097
0
0
0
0
0
-1.6721
0
0
0
0
0
0
0
0
0
0
-1.6406
0
0
0
0
-1.5932
4.906
0
0
0
0
0
0
0
0
0
0
0
0
-0.97007
0
0
0
0
0
0
0
0
0
0
0
0
0
-1.6356
0
0
0
4.1014
0
0
0
0
0
0
0
-1.4957
0
0
0
0
0
0
0
-1.9427
-1.8381
0
0
0
0
0
0
0
0
0
0
0
0
0
7.4189
0
0
-3.6382
0
0
0
0
-0.67661
-0.67661
0
0
0
0
0
0
0
0
0
0
0
0
0
0
0
0
0
0
0
0
0
1.3532
0
0
0
0
0
0
-0.67661
-0.67661
0
0
0
0
0
0
0
0
0
0
0
0
0
0
0
0
0
0
0
0
0
0
1.3532
0
0
0
0
0
0
0
0
0
0
0
0
0
0
0
0
0
0
0
0
0
0
0
0
0
0
0
-3.6382
0
0
3.6382
0
0
0
0
0
0
0
0
0
0
0
0
0
0
0
0
0
0
0
0
-7.2572
0
0
0
0
0
0
0
0
0
7.2572
0
0
0
0
0
0
0
0
0
0
0
0
0
0
0
0
0
0
0
0
0
0
-1.7097
0
0
0
0
0
0
0
1.7097
0
0
0
0
0
-10.5092
0
0
0
0
0
0
0
0
0
0
0
0
0
0
0
0
0
0
0
0
0
0
0
0
10.5092
0
0
0
0
0
0
0
0
0
0
0
0
0
0
0
0
0
0
0
0
0
0
-1.4957
0
0
0
0
0
0
0
1.4957
