21.0934
-1.0074
-1.0388
-1.0974
-1.0972
-1.0974
-1.0903
-0.86918
-0.86918
-0.86918
-0.86918
-0.86918
-0.86918
-0.86918
-0.86918
-0.92535
-0.84407
-0.84407
-0.95308
-0.88676
-1.269
-1.5913
0
0
-0.39787
0
0
0
0
0
-1.0074
26.2602
-1.0505
-1.109
-1.1114
-1.109
-1.1037
-0.87905
-0.87905
-0.87905
-0.87905
-0.87905
-0.87905
-0.87905
-0.87905
-0.93504
-0.85426
-0.85426
-0.95482
-0.89763
-1.2817
-1.6045
0
0
0
0
0
0
0
-5.3545
-1.0388
-1.0505
21.6127
-1.1494
-1.152
-1.1494
-1.1429
-0.91249
-0.91249
-0.91249
-0.91249
-0.91249
-0.91249
-0.91249
-0.91249
-0.97714
-0.88398
-0.88398
-1.0034
-0.92999
-1.3155
-1.6358
0
0
0
0
0
0
0
0
-1.0974
-1.109
-1.1494
21.0546
-1.2193
-1.1914
-1.2153
-0.96361
-0.96361
-0.96361
-0.96361
-0.96361
-0.96361
-0.96361
-0.96361
-1.0637
-0.93475
-0.93475
-1.0674
-0.98907
-1.3742
0
0
0
0
0
0
0
0
0
-1.0972
-1.1114
-1.152
-1.2193
23.7744
-1.2193
-1.2209
-0.96972
-0.96972
-0.96972
-0.96972
-0.96972
-0.96972
-0.96972
-0.96972
-1.0571
-0.93958
-0.93958
-1.0721
-0.99645
0
0
0
0
0
-3.9916
0
0
0
0
-1.0974
-1.109
-1.1494
-1.1914
-1.2193
21.0546
-1.2153
-0.96361
-0.96361
-0.96361
-0.96361
-0.96361
-0.96361
-0.96361
-0.96361
-1.0637
-0.93475
-0.93475
-1.0674
-0.98907
-1.3742
0
0
0
0
0
0
0
0
0
-1.0903
-1.1037
-1.1429
-1.2153
-1.2209
-1.2153
22.1263
-0.96425
-0.96425
-0.96425
-0.96425
-0.96425
-0.96425
-0.96425
-0.96425
-1.0364
-0.93997
-0.93997
-1.0696
-0.99211
0
0
0
-2.4458
0
0
0
0
0
0
-0.86918
-0.87905
-0.91249
-0.96361
-0.96972
-0.96361
-0.96425
15.5009
-0.72797
-0.72797
-0.72797
-0.72797
-0.72797
-0.72797
-0.72797
-0.84279
-0.72292
-0.72292
-0.82581
-0.76876
0
0
0
0
0
0
0
0
0
0
-0.86918
-0.87905
-0.91249
-0.96361
-0.96972
-0.96361
-0.96425
-0.72797
15.5009
-0.72797
-0.72797
-0.72797
-0.72797
-0.72797
-0.72797
-0.84279
-0.72292
-0.72292
-0.82581
-0.76876
0
0
0
0
0
0
0
0
0
0
-0.86918
-0.87905
-0.91249
-0.96361
-0.96972
-0.96361
-0.96425
-0.72797
-0.72797
15.5009
-0.72797
-0.72797
-0.72797
-0.72797
-0.72797
-0.84279
-0.72292
-0.72292
-0.82581
-0.76876
0
0
0
0
0
0
0
0
0
0
-0.86918
-0.87905
-0.91249
-0.96361
-0.96972
-0.96361
-0.96425
-0.72797
-0.72797
-0.72797
15.5009
-0.72797
-0.72797
-0.72797
-0.72797
-0.84279
-0.72292
-0.72292
-0.82581
-0.76876
0
0
0
0
0
0
0
0
0
0
-0.86918
-0.87905
-0.91249
-0.96361
-0.96972
-0.96361
-0.96425
-0.72797
-0.72797
-0.72797
-0.72797
15.5009
-0.72797
-0.72797
-0.72797
-0.84279
-0.72292
-0.72292
-0.82581
-0.76876
0
0
0
0
0
0
0
0
0
0
-0.86918
-0.87905
-0.91249
-0.96361
-0.96972
-0.96361
-0.96425
-0.72797
-0.72797
-0.72797
-0.72797
-0.72797
15.5009
-0.72797
-0.72797
-0.84279
-0.72292
-0.72292
-0.82581
-0.76876
0
0
0
0
0
0
0
0
0
0
-0.86918
-0.87905
-0.91249
-0.96361
-0.96972
-0.96361
-0.96425
-0.72797
-0.72797
-0.72797
-0.72797
-0.72797
-0.72797
15.5009
-0.72797
-0.84279
-0.72292
-0.72292
-0.82581
-0.76876
0
0
0
0
0
0
0
0
0
0
-0.86918
-0.87905
-0.91249
-0.96361
-0.96972
-0.96361
-0.96425
-0.72797
-0.72797
-0.72797
-0.72797
-0.72797
-0.72797
-0.72797
15.5009
-0.84279
-0.72292
-0.72292
-0.82581
-0.76876
0
0
0
0
0
0
0
0
0
0
-0.92535
-0.93504
-0.97714
-1.0637
-1.0571
-1.0637
-1.0364
-0.84279
-0.84279
-0.84279
-0.84279
-0.84279
-0.84279
-0.84279
-0.84279
19.3086
-0.65446
-0.65446
0
0
0
0
-2.0056
-2.1933
0
0
0
0
0
0
-0.84407
-0.85426
-0.88398
-0.93475
-0.93958
-0.93475
-0.93997
-0.72292
-0.72292
-0.72292
-0.72292
-0.72292
-0.72292
-0.72292
-0.72292
-0.65446
13.5039
-0.73473
0
0
0
0
0
0
0
0
0
0
0
0
-0.84407
-0.85426
-0.88398
-0.93475
-0.93958
-0.93475
-0.93997
-0.72292
-0.72292
-0.72292
-0.72292
-0.72292
-0.72292
-0.72292
-0.72292
-0.65446
-0.73473
13.5039
0
0
0
0
0
0
0
0
0
0
0
0
-0.95308
-0.95482
-1.0034
-1.0674
-1.0721
-1.0674
-1.0696
-0.82581
-0.82581
-0.82581
-0.82581
-0.82581
-0.82581
-0.82581
-0.82581
0
0
0
18.164
0
0
0
0
0
0
0
-4.3697
0
0
0
-0.88676
-0.89763
-0.92999
-0.98907
-0.99645
-0.98907
-0.99211
-0.76876
-0.76876
-0.76876
-0.76876
-0.76876
-0.76876
-0.76876
-0.76876
0
0
0
0
12.8311
0
0
0
0
0
0
0
0
0
0
-1.269
-1.2817
-1.3155
-1.3742
0
-1.3742
0
0
0
0
0
0
0
0
0
0
0
0
0
0
6.6146
0
0
0
0
0
0
0
0
0
-1.5913
-1.6045
-1.6358
0
0
0
0
0
0
0
0
0
0
0
0
0
0
0
0
0
0
4.8316
0
0
0
0
0
0
0
0
0
0
0
0
0
0
0
0
0
0
0
0
0
0
0
-2.0056
0
0
0
0
0
0
4.4003
0
-1.8941
-0.5006
0
0
0
0
0
0
0
0
0
0
-2.4458
0
0
0
0
0
0
0
0
-2.1933
0
0
0
0
0
0
0
8.5108
0
0
0
-3.8717
0
0
-0.39787
0
0
0
0
0
0
0
0
0
0
0
0
0
0
0
0
0
0
0
0
0
-1.8941
0
2.7757
0
0
0
-0.48371
0
0
0
0
0
-3.9916
0
0
0
0
0
0
0
0
0
0
0
0
0
0
0
0
0
-0.5006
0
0
4.4922
0
0
0
0
0
0
0
0
0
0
0
0
0
0
0
0
0
0
0
0
0
0
-4.3697
0
0
0
0
0
0
0
4.3697
0
0
0
0
0
0
0
0
0
0
0
0
0
0
0
0
0
0
0
0
0
0
0
0
0
0
-3.8717
0
0
0
3.8717
0
0
0
0
0
0
0
0
0
0
0
0
0
0
0
0
0
0
0
0
0
0
0
0
0
0
-0.48371
0
0
0
0.48371
0
0
-5.3545
0
0
0
0
0
0
0
0
0
0
0
0
0
0
0
0
0
0
0
0
0
0
0
0
0
0
0
5.3545
