21.3762
-0.66844
-0.68246
-0.69539
-0.69539
-0.59904
-0.59904
-0.59904
-0.59904
-0.59904
-0.64775
-0.65438
-0.62465
-0.64573
-0.68585
-0.68585
-0.59402
-0.59402
-0.21596
-0.24386
0
0
0
0
-10.0473
0
0
0
0
0
-0.66844
34.0515
-0.69215
-0.71018
-0.71018
-0.61267
-0.61267
-0.61267
-0.61267
-0.61267
-0.65678
-0.66568
-0.64065
-0.66349
-0.69543
-0.69543
-0.61027
-0.61027
0
0
-11.4846
0
0
-11.4846
0
0
0
0
0
0
-0.68246
-0.69215
11.3366
-0.71689
-0.71689
-0.60676
-0.60676
-0.60676
-0.60676
-0.60676
-0.65454
-0.66979
-0.63462
-0.65647
-0.70578
-0.70578
-0.60355
-0.60355
0
-0.26037
0
0
0
0
0
0
0
0
0
0
-0.69539
-0.71018
-0.71689
20.3957
-0.74267
-0.62384
-0.62384
-0.62384
-0.62384
-0.62384
-0.67309
-0.69216
-0.65296
-0.67563
-0.72782
-0.72782
-0.62041
-0.62041
0
0
0
0
0
0
0
0
-9.021
0
0
0
-0.69539
-0.71018
-0.71689
-0.74267
20.3957
-0.62384
-0.62384
-0.62384
-0.62384
-0.62384
-0.67309
-0.69216
-0.65296
-0.67563
-0.72782
-0.72782
-0.62041
-0.62041
0
0
0
0
0
0
0
0
0
-9.021
0
0
-0.59904
-0.61267
-0.60676
-0.62384
-0.62384
9.7364
-0.52138
-0.52138
-0.52138
-0.52138
-0.57316
-0.58696
-0.55651
-0.57422
-0.6168
-0.6168
-0.53014
-0.53014
0
0
0
0
0
0
0
0
0
0
0
0
-0.59904
-0.61267
-0.60676
-0.62384
-0.62384
-0.52138
9.7364
-0.52138
-0.52138
-0.52138
-0.57316
-0.58696
-0.55651
-0.57422
-0.6168
-0.6168
-0.53014
-0.53014
0
0
0
0
0
0
0
0
0
0
0
0
-0.59904
-0.61267
-0.60676
-0.62384
-0.62384
-0.52138
-0.52138
9.7364
-0.52138
-0.52138
-0.57316
-0.58696
-0.55651
-0.57422
-0.6168
-0.6168
-0.53014
-0.53014
0
0
0
0
0
0
0
0
0
0
0
0
-0.59904
-0.61267
-0.60676
-0.62384
-0.62384
-0.52138
-0.52138
-0.52138
9.7364
-0.52138
-0.57316
-0.58696
-0.55651
-0.57422
-0.6168
-0.6168
-0.53014
-0.53014
0
0
0
0
0
0
0
0
0
0
0
0
-0.59904
-0.61267
-0.60676
-0.62384
-0.62384
-0.52138
-0.52138
-0.52138
-0.52138
9.7364
-0.57316
-0.58696
-0.55651
-0.57422
-0.6168
-0.6168
-0.53014
-0.53014
0
0
0
0
0
0
0
0
0
0
0
0
-0.64775
-0.65678
-0.65454
-0.67309
-0.67309
-0.57316
-0.57316
-0.57316
-0.57316
-0.57316
8.2583
-0.63964
-0.59242
-0.62546
0
0
0
0
-0.2297
0
0
0
0
0
0
0
0
0
0
0
-0.65438
-0.66568
-0.66979
-0.69216
-0.69216
-0.58696
-0.58696
-0.58696
-0.58696
-0.58696
-0.63964
12.7962
-0.59285
0
0
0
0
0
0
0
0
0
0
0
0
0
0
0
-5.2547
0
-0.62465
-0.64065
-0.63462
-0.65296
-0.65296
-0.55651
-0.55651
-0.55651
-0.55651
-0.55651
-0.59242
-0.59285
7.7645
-0.59088
0
0
0
0
0
0
0
0
0
0
0
0
0
0
0
0
-0.64573
-0.66349
-0.65647
-0.67563
-0.67563
-0.57422
-0.57422
-0.57422
-0.57422
-0.57422
-0.62546
0
-0.59088
7.4044
0
0
0
0
0
0
0
0
0
0
0
0
0
0
0
0
-0.68585
-0.69543
-0.70578
-0.72782
-0.72782
-0.6168
-0.6168
-0.6168
-0.6168
-0.6168
0
0
0
0
9.9158
0
0
0
0
0
0
0
-3.2892
0
0
0
0
0
0
0
-0.68585
-0.69543
-0.70578
-0.72782
-0.72782
-0.6168
-0.6168
-0.6168
-0.6168
-0.6168
0
0
0
0
0
9.9158
0
0
0
0
0
0
0
0
0
-3.2892
0
0
0
0
-0.59402
-0.61027
-0.60355
-0.62041
-0.62041
-0.53014
-0.53014
-0.53014
-0.53014
-0.53014
0
0
0
0
0
0
5.6994
0
0
0
0
0
0
0
0
0
0
0
0
0
-0.59402
-0.61027
-0.60355
-0.62041
-0.62041
-0.53014
-0.53014
-0.53014
-0.53014
-0.53014
0
0
0
0
0
0
0
5.6994
0
0
0
0
0
0
0
0
0
0
0
0
-0.21596
0
0
0
0
0
0
0
0
0
-0.2297
0
0
0
0
0
0
0
0.55016
0
0
0
0
0
0
0
0
0
0
-0.1045
-0.24386
0
-0.26037
0
0
0
0
0
0
0
0
0
0
0
0
0
0
0
0
0.63322
0
-0.12899
0
0
0
0
0
0
0
0
0
-11.4846
0
0
0
0
0
0
0
0
0
0
0
0
0
0
0
0
0
0
11.4846
0
0
0
0
0
0
0
0
0
0
0
0
0
0
0
0
0
0
0
0
0
0
0
0
0
0
0
0
-0.12899
0
0.12899
0
0
0
0
0
0
0
0
0
0
0
0
0
0
0
0
0
0
0
0
0
0
-3.2892
0
0
0
0
0
0
0
3.2892
0
0
0
0
0
0
0
0
-11.4846
0
0
0
0
0
0
0
0
0
0
0
0
0
0
0
0
0
0
0
0
0
11.4846
0
0
0
0
0
0
-10.0473
0
0
0
0
0
0
0
0
0
0
0
0
0
0
0
0
0
0
0
0
0
0
0
10.0473
0
0
0
0
0
0
0
0
0
0
0
0
0
0
0
0
0
0
0
0
-3.2892
0
0
0
0
0
0
0
0
0
3.2892
0
0
0
0
0
0
0
-9.021
0
0
0
0
0
0
0
0
0
0
0
0
0
0
0
0
0
0
0
0
0
0
9.021
0
0
0
0
0
0
0
-9.021
0
0
0
0
0
0
0
0
0
0
0
0
0
0
0
0
0
0
0
0
0
0
9.021
0
0
0
0
0
0
0
0
0
0
0
0
0
-5.2547
0
0
0
0
0
0
0
0
0
0
0
0
0
0
0
0
5.2547
0
0
0
0
0
0
0
0
0
0
0
0
0
0
0
0
0
0
0
-0.1045
0
0
0
0
0
0
0
0
0
0
0.1045
