13.1335
-0.69257
-0.68928
-0.5947
-0.69484
-0.66916
-0.633
-0.633
-0.64505
-0.64505
-0.64505
-0.64505
-0.64505
-0.70293
-0.66891
0
-0.86223
-0.56932
-1.5116
-0.79879
0
-0.18791
0
0
0
0
0
0
0
0
-0.69257
13.3817
-0.71897
-0.60691
-0.69793
-0.67231
-0.63599
-0.63599
-0.64649
-0.64649
-0.64649
-0.64649
-0.64649
-0.72539
-0.6704
-0.57717
-0.79988
-0.57028
-1.5017
0
0
0
-0.64378
0
0
0
0
0
0
0
-0.68928
-0.71897
25.717
-0.6185
-0.7175
-0.6993
-0.6611
-0.6611
-0.67653
-0.67653
-0.67653
-0.67653
-0.67653
-0.69662
-0.70159
0
-0.83636
-0.5999
-1.5715
-0.83076
0
0
0
-12.3319
0
0
0
0
0
0
-0.5947
-0.60691
-0.6185
11.797
-0.63168
-0.6098
-0.57675
-0.57675
-0.58623
-0.58623
-0.58623
-0.58623
-0.58623
-0.65294
-0.60791
0
-0.7338
-0.51395
-1.4148
-0.72737
0
0
0
0
0
0
0
0
0
0
-0.69484
-0.69793
-0.7175
-0.63168
21.8076
-0.71219
-0.67366
-0.67366
-0.68997
-0.68997
-0.68997
-0.68997
-0.68997
-0.71511
-0.71556
0
0
0
0
0
0
0
-0.64606
0
0
0
0
-11.4796
0
0
-0.66916
-0.67231
-0.6993
-0.6098
-0.71219
9.904
-0.64078
-0.64078
-0.65334
-0.65334
-0.65334
-0.65334
-0.65334
-0.74171
-0.67751
0
0
-0.57376
0
0
0
0
0
0
0
0
0
0
0
0
-0.633
-0.63599
-0.6611
-0.57675
-0.67366
-0.64078
8.8169
-0.57656
-0.61691
-0.61691
-0.61691
-0.61691
-0.61691
-0.69477
-0.63972
0
0
0
0
0
0
0
0
0
0
0
0
0
0
0
-0.633
-0.63599
-0.6611
-0.57675
-0.67366
-0.64078
-0.57656
8.8169
-0.61691
-0.61691
-0.61691
-0.61691
-0.61691
-0.69477
-0.63972
0
0
0
0
0
0
0
0
0
0
0
0
0
0
0
-0.64505
-0.64649
-0.67653
-0.58623
-0.68997
-0.65334
-0.61691
-0.61691
7.6274
-0.62399
-0.62399
-0.62399
-0.62399
0
0
0
0
0
0
0
0
0
0
0
0
0
0
0
0
0
-0.64505
-0.64649
-0.67653
-0.58623
-0.68997
-0.65334
-0.61691
-0.61691
-0.62399
7.6274
-0.62399
-0.62399
-0.62399
0
0
0
0
0
0
0
0
0
0
0
0
0
0
0
0
0
-0.64505
-0.64649
-0.67653
-0.58623
-0.68997
-0.65334
-0.61691
-0.61691
-0.62399
-0.62399
7.6274
-0.62399
-0.62399
0
0
0
0
0
0
0
0
0
0
0
0
0
0
0
0
0
-0.64505
-0.64649
-0.67653
-0.58623
-0.68997
-0.65334
-0.61691
-0.61691
-0.62399
-0.62399
-0.62399
7.6274
-0.62399
0
0
0
0
0
0
0
0
0
0
0
0
0
0
0
0
0
-0.64505
-0.64649
-0.67653
-0.58623
-0.68997
-0.65334
-0.61691
-0.61691
-0.62399
-0.62399
-0.62399
-0.62399
7.6274
0
0
0
0
0
0
0
0
0
0
0
0
0
0
0
0
0
-0.70293
-0.72539
-0.69662
-0.65294
-0.71511
-0.74171
-0.69477
-0.69477
0
0
0
0
0
24.951
0
0
0
0
0
0
-0.17185
0
0
0
0
-9.5774
0
0
0
-9.5774
-0.66891
-0.6704
-0.70159
-0.60791
-0.71556
-0.67751
-0.63972
-0.63972
0
0
0
0
0
0
5.3213
0
0
0
0
0
0
0
0
0
0
0
0
0
0
0
0
-0.57717
0
0
0
0
0
0
0
0
0
0
0
0
0
4.8405
0
0
0
-0.89703
-0.71037
0
-1.2107
0
0
0
0
0
-1.4452
0
-0.86223
-0.79988
-0.83636
-0.7338
0
0
0
0
0
0
0
0
0
0
0
0
3.889
0
0
0
0
-0.6567
0
0
0
0
0
0
0
0
-0.56932
-0.57028
-0.5999
-0.51395
0
-0.57376
0
0
0
0
0
0
0
0
0
0
0
2.8272
0
0
0
0
0
0
0
0
0
0
0
0
-1.5116
-1.5017
-1.5715
-1.4148
0
0
0
0
0
0
0
0
0
0
0
0
0
0
5.9996
0
0
0
0
0
0
0
0
0
0
0
-0.79879
0
-0.83076
-0.72737
0
0
0
0
0
0
0
0
0
0
0
-0.89703
0
0
0
3.254
0
0
0
0
0
0
0
0
0
0
0
0
0
0
0
0
0
0
0
0
0
0
0
-0.17185
0
-0.71037
0
0
0
0
1.1606
0
0
0
0
0
-0.27842
0
0
0
-0.18791
0
0
0
0
0
0
0
0
0
0
0
0
0
0
0
-0.6567
0
0
0
0
0.94959
0
0
-0.10498
0
0
0
0
0
0
-0.64378
0
0
-0.64606
0
0
0
0
0
0
0
0
0
0
-1.2107
0
0
0
0
0
0
2.5006
0
0
0
0
0
0
0
0
0
-12.3319
0
0
0
0
0
0
0
0
0
0
0
0
0
0
0
0
0
0
0
0
12.3319
0
0
0
0
0
0
0
0
0
0
0
0
0
0
0
0
0
0
0
0
0
0
0
0
0
0
0
-0.10498
0
0
0.10498
0
0
0
0
0
0
0
0
0
0
0
0
0
0
0
0
0
0
-9.5774
0
0
0
0
0
0
0
0
0
0
0
9.5774
0
0
0
0
0
0
0
0
0
0
0
0
0
0
0
0
0
0
0
0
0
0
0
0
-0.27842
0
0
0
0
0
0.27842
0
0
0
0
0
0
0
-11.4796
0
0
0
0
0
0
0
0
0
0
0
0
0
0
0
0
0
0
0
0
0
0
11.4796
0
0
0
0
0
0
0
0
0
0
0
0
0
0
0
0
0
-1.4452
0
0
0
0
0
0
0
0
0
0
0
0
1.4452
0
0
0
0
0
0
0
0
0
0
0
0
0
0
-9.5774
0
0
0
0
0
0
0
0
0
0
0
0
0
0
0
9.5774
