26.5335
-1.0235
-0.99584
-1.0235
-1.0045
-0.85319
-0.83414
-0.83414
-0.83414
-0.83414
-0.97544
-0.86865
-0.86865
-0.86865
-0.86865
-0.86865
-0.88746
-0.96205
-0.88746
0
0
-1.4926
0
0
0
0
0
-8.7481
0
0
-1.0235
24.4908
-1.0028
-1.0208
-1.0048
-0.83947
-0.81746
-0.81746
-0.81746
-0.81746
-0.96247
-0.85409
-0.85409
-0.85409
-0.85409
-0.85409
-0.87186
-0.94352
-0.87186
0
0
0
0
0
0
0
0
0
-8.4095
0
-0.99584
-1.0028
15.8035
-1.0028
-0.99347
-0.82655
-0.79539
-0.79539
-0.79539
-0.79539
-0.928
-0.83142
-0.83142
-0.83142
-0.83142
-0.83142
-0.84955
-0.90568
-0.84955
0
0
0
0
0
-0.11061
0
0
0
0
0
-1.0235
-1.0208
-1.0028
24.4908
-1.0048
-0.83947
-0.81746
-0.81746
-0.81746
-0.81746
-0.96247
-0.85409
-0.85409
-0.85409
-0.85409
-0.85409
-0.87186
-0.94352
-0.87186
0
0
0
0
0
0
0
-8.4095
0
0
0
-1.0045
-1.0048
-0.99347
-1.0048
16.477
-0.82664
-0.79979
-0.79979
-0.79979
-0.79979
-0.93802
-0.8349
-0.8349
-0.8349
-0.8349
-0.8349
-0.85255
-0.93289
-0.85255
0
-0.69309
0
0
0
0
0
0
0
0
0
-0.85319
-0.83947
-0.82655
-0.83947
-0.82664
20.3645
-0.70037
-0.70037
-0.70037
-0.70037
-0.73493
-0.67488
-0.67488
-0.67488
-0.67488
-0.67488
-0.69106
0
-0.69106
0
0
0
0
0
0
0
0
0
0
-7.8863
-0.83414
-0.81746
-0.79539
-0.81746
-0.79979
-0.70037
12.9784
-0.64156
-0.64156
-0.64156
-0.753
-0.68021
-0.68021
-0.68021
-0.68021
-0.68021
-0.6932
-0.74861
-0.6932
0
0
0
0
0
0
0
0
0
0
0
-0.83414
-0.81746
-0.79539
-0.81746
-0.79979
-0.70037
-0.64156
12.9784
-0.64156
-0.64156
-0.753
-0.68021
-0.68021
-0.68021
-0.68021
-0.68021
-0.6932
-0.74861
-0.6932
0
0
0
0
0
0
0
0
0
0
0
-0.83414
-0.81746
-0.79539
-0.81746
-0.79979
-0.70037
-0.64156
-0.64156
12.9784
-0.64156
-0.753
-0.68021
-0.68021
-0.68021
-0.68021
-0.68021
-0.6932
-0.74861
-0.6932
0
0
0
0
0
0
0
0
0
0
0
-0.83414
-0.81746
-0.79539
-0.81746
-0.79979
-0.70037
-0.64156
-0.64156
-0.64156
12.9784
-0.753
-0.68021
-0.68021
-0.68021
-0.68021
-0.68021
-0.6932
-0.74861
-0.6932
0
0
0
0
0
0
0
0
0
0
0
-0.97544
-0.96247
-0.928
-0.96247
-0.93802
-0.73493
-0.753
-0.753
-0.753
-0.753
14.0733
-0.83835
-0.83835
-0.83835
-0.83835
-0.83835
0
0
0
0
0
-1.3682
0
0
0
0
0
0
0
0
-0.86865
-0.85409
-0.83142
-0.85409
-0.8349
-0.67488
-0.68021
-0.68021
-0.68021
-0.68021
-0.83835
11.2576
-0.69511
-0.69511
-0.69511
-0.69511
0
0
0
0
0
0
0
0
0
0
0
0
0
0
-0.86865
-0.85409
-0.83142
-0.85409
-0.8349
-0.67488
-0.68021
-0.68021
-0.68021
-0.68021
-0.83835
-0.69511
11.2576
-0.69511
-0.69511
-0.69511
0
0
0
0
0
0
0
0
0
0
0
0
0
0
-0.86865
-0.85409
-0.83142
-0.85409
-0.8349
-0.67488
-0.68021
-0.68021
-0.68021
-0.68021
-0.83835
-0.69511
-0.69511
11.2576
-0.69511
-0.69511
0
0
0
0
0
0
0
0
0
0
0
0
0
0
-0.86865
-0.85409
-0.83142
-0.85409
-0.8349
-0.67488
-0.68021
-0.68021
-0.68021
-0.68021
-0.83835
-0.69511
-0.69511
-0.69511
11.2576
-0.69511
0
0
0
0
0
0
0
0
0
0
0
0
0
0
-0.86865
-0.85409
-0.83142
-0.85409
-0.8349
-0.67488
-0.68021
-0.68021
-0.68021
-0.68021
-0.83835
-0.69511
-0.69511
-0.69511
-0.69511
11.2576
0
0
0
0
0
0
0
0
0
0
0
0
0
0
-0.88746
-0.87186
-0.84955
-0.87186
-0.85255
-0.69106
-0.6932
-0.6932
-0.6932
-0.6932
0
0
0
0
0
0
7.7971
0
0
0
0
0
0
0
0
0
0
0
0
0
-0.96205
-0.94352
-0.90568
-0.94352
-0.93289
0
-0.74861
-0.74861
-0.74861
-0.74861
0
0
0
0
0
0
0
8.3849
0
-0.70276
0
0
0
0
0
0
0
0
0
0
-0.88746
-0.87186
-0.84955
-0.87186
-0.85255
-0.69106
-0.6932
-0.6932
-0.6932
-0.6932
0
0
0
0
0
0
0
0
7.7971
0
0
0
0
0
0
0
0
0
0
0
0
0
0
0
0
0
0
0
0
0
0
0
0
0
0
0
0
-0.70276
0
3.3572
0
-1.1551
0
-1.4994
0
0
0
0
0
0
0
0
0
0
-0.69309
0
0
0
0
0
0
0
0
0
0
0
0
0
0
0
1.4599
0
-0.38133
0
0
-0.38553
0
0
0
0
-1.4926
0
0
0
0
0
0
0
0
0
-1.3682
0
0
0
0
0
0
0
0
-1.1551
0
4.0159
0
0
0
0
0
0
0
0
0
0
0
0
0
0
0
0
0
0
0
0
0
0
0
0
0
0
0
0
-0.38133
0
3.0575
-2.6762
0
0
0
0
0
0
0
0
0
0
0
0
0
0
0
0
0
0
0
0
0
0
0
0
0
-1.4994
0
0
-2.6762
4.1756
0
0
0
0
0
0
0
0
-0.11061
0
0
0
0
0
0
0
0
0
0
0
0
0
0
0
0
0
0
0
0
0
1.8956
-1.785
0
0
0
0
0
0
0
0
0
0
0
0
0
0
0
0
0
0
0
0
0
0
0
0
-0.38553
0
0
0
-1.785
2.1705
0
0
0
0
0
0
0
-8.4095
0
0
0
0
0
0
0
0
0
0
0
0
0
0
0
0
0
0
0
0
0
0
8.4095
0
0
0
-8.7481
0
0
0
0
0
0
0
0
0
0
0
0
0
0
0
0
0
0
0
0
0
0
0
0
0
0
8.7481
0
0
0
-8.4095
0
0
0
0
0
0
0
0
0
0
0
0
0
0
0
0
0
0
0
0
0
0
0
0
0
0
8.4095
0
0
0
0
0
0
-7.8863
0
0
0
0
0
0
0
0
0
0
0
0
0
0
0
0
0
0
0
0
0
0
0
7.8863
