20.6297
-0.72802
-0.67542
-0.64983
-0.64983
-0.5985
-0.5985
-0.61722
-0.64653
-0.62787
-0.6601
-0.6601
-0.66613
-0.68651
-0.65162
-0.65162
-0.65505
0
0
0
0
0
0
0
0
0
-10.2068
0
0
0
-0.72802
20.3212
-0.67503
-0.65665
-0.65665
-0.59857
-0.59857
-0.61673
-0.64878
-0.6278
-0.66003
-0.66003
-0.6665
-0.6864
-0.65229
-0.65229
0
0
-0.4283
0
0
0
0
0
-10.1085
0
0
0
0
0
-0.67542
-0.67503
19.0009
-0.61795
-0.61795
-0.55911
-0.55911
-0.58131
-0.59924
-0.58492
-0.61446
-0.61446
-0.62025
-0.63879
-0.60695
-0.60695
0
0
0
0
0
0
0
0
0
0
0
-9.8291
0
0
-0.64983
-0.65665
-0.61795
9.5051
-0.57609
-0.53961
-0.53961
-0.56952
-0.58733
-0.56528
-0.59363
-0.59363
-0.60587
-0.61561
-0.58356
-0.58356
-0.62735
0
0
0
0
0
0
0
0
0
0
0
0
0
-0.64983
-0.65665
-0.61795
-0.57609
9.5051
-0.53961
-0.53961
-0.56952
-0.58733
-0.56528
-0.59363
-0.59363
-0.60587
-0.61561
-0.58356
-0.58356
-0.62735
0
0
0
0
0
0
0
0
0
0
0
0
0
-0.5985
-0.59857
-0.55911
-0.53961
-0.53961
8.1076
-0.48229
-0.53409
-0.52463
-0.50943
-0.53453
-0.53453
-0.54481
-0.55368
-0.52709
-0.52709
0
0
0
0
0
0
0
0
0
0
0
0
0
0
-0.5985
-0.59857
-0.55911
-0.53961
-0.53961
-0.48229
8.1076
-0.53409
-0.52463
-0.50943
-0.53453
-0.53453
-0.54481
-0.55368
-0.52709
-0.52709
0
0
0
0
0
0
0
0
0
0
0
0
0
0
-0.61722
-0.61673
-0.58131
-0.56952
-0.56952
-0.53409
-0.53409
16.7206
-0.51959
-0.51463
-0.54003
-0.54003
-0.5469
-0.55943
0
0
0
0
0
0
-0.1045
0
0
0
0
0
0
0
-9.373
0
-0.64653
-0.64878
-0.59924
-0.58733
-0.58733
-0.52463
-0.52463
-0.51959
6.7687
-0.57325
-0.60209
-0.60209
0
0
0
0
0
-0.35319
0
0
0
0
0
0
0
0
0
0
0
0
-0.62787
-0.6278
-0.58492
-0.56528
-0.56528
-0.50943
-0.50943
-0.51463
-0.57325
6.1687
-0.54539
-0.54539
0
0
0
0
0
0
0
0
0
0
0
0
0
0
0
0
0
0
-0.6601
-0.66003
-0.61446
-0.59363
-0.59363
-0.53453
-0.53453
-0.54003
-0.60209
-0.54539
5.8784
0
0
0
0
0
0
0
0
0
0
0
0
0
0
0
0
0
0
0
-0.6601
-0.66003
-0.61446
-0.59363
-0.59363
-0.53453
-0.53453
-0.54003
-0.60209
-0.54539
0
5.8784
0
0
0
0
0
0
0
0
0
0
0
0
0
0
0
0
0
0
-0.66613
-0.6665
-0.62025
-0.60587
-0.60587
-0.54481
-0.54481
-0.5469
0
0
0
0
6.8586
0
0
0
0
0
0
-2.0575
0
0
0
0
0
0
0
0
0
0
-0.68651
-0.6864
-0.63879
-0.61561
-0.61561
-0.55368
-0.55368
-0.55943
0
0
0
0
0
4.9097
0
0
0
0
0
0
0
0
0
0
0
0
0
0
0
0
-0.65162
-0.65229
-0.60695
-0.58356
-0.58356
-0.52709
-0.52709
0
0
0
0
0
0
0
4.1322
0
0
0
0
0
0
0
0
0
0
0
0
0
0
0
-0.65162
-0.65229
-0.60695
-0.58356
-0.58356
-0.52709
-0.52709
0
0
0
0
0
0
0
0
4.1322
0
0
0
0
0
0
0
0
0
0
0
0
0
0
-0.65505
0
0
-0.62735
-0.62735
0
0
0
0
0
0
0
0
0
0
0
3.5846
0
-0.47745
0
0
0
0
-1.1974
0
0
0
0
0
0
0
0
0
0
0
0
0
0
-0.35319
0
0
0
0
0
0
0
0
8.7795
-0.49158
0
0
-5.0221
0
0
0
0
0
0
0
-2.9126
0
-0.4283
0
0
0
0
0
0
0
0
0
0
0
0
0
0
-0.47745
-0.49158
1.7449
0
0
0
0
0
0
-0.34761
0
0
0
0
0
0
0
0
0
0
0
0
0
0
0
0
-2.0575
0
0
0
0
0
0
5.2885
-1.8988
-1.3322
0
0
0
0
0
0
0
0
0
0
0
0
0
0
0
-0.1045
0
0
0
0
0
0
0
0
0
0
0
-1.8988
2.826
0
-0.82266
0
0
0
0
0
0
0
0
0
0
0
0
0
0
0
0
0
0
0
0
0
0
0
0
-5.0221
0
-1.3322
0
6.3543
0
0
0
0
0
0
0
0
0
0
0
0
0
0
0
0
0
0
0
0
0
0
0
0
0
0
0
0
-0.82266
0
0.82266
0
0
0
0
0
0
0
0
0
0
0
0
0
0
0
0
0
0
0
0
0
0
0
-1.1974
0
0
0
0
0
0
1.1974
0
0
0
0
0
0
0
-10.1085
0
0
0
0
0
0
0
0
0
0
0
0
0
0
0
0
0
0
0
0
0
0
10.1085
0
0
0
0
0
0
0
0
0
0
0
0
0
0
0
0
0
0
0
0
0
0
0
-0.34761
0
0
0
0
0
0
0.34761
0
0
0
0
-10.2068
0
0
0
0
0
0
0
0
0
0
0
0
0
0
0
0
0
0
0
0
0
0
0
0
0
10.2068
0
0
0
0
0
-9.8291
0
0
0
0
0
0
0
0
0
0
0
0
0
0
0
0
0
0
0
0
0
0
0
0
9.8291
0
0
0
0
0
0
0
0
0
-9.373
0
0
0
0
0
0
0
0
0
0
0
0
0
0
0
0
0
0
0
0
9.373
0
0
0
0
0
0
0
0
0
0
0
0
0
0
0
0
0
0
-2.9126
0
0
0
0
0
0
0
0
0
0
0
2.9126
