20.5834
-0.5875
-0.58407
-0.578
-0.578
-0.54832
-0.55876
-0.52052
-0.59238
-0.58645
-0.56944
-0.62651
-0.64347
-0.53056
-0.53056
-0.66525
-0.71268
0
-0.33558
0
-0.66362
0
0
0
0
0
0
0
-10.1717
0
-0.5875
20.4688
-0.57392
-0.5716
-0.5716
-0.5409
-0.55355
-0.5128
-0.58955
-0.57372
-0.56046
-0.62278
-0.63358
-0.52333
-0.52333
-0.65956
-0.71439
0
0
-1.2619
0
0
0
0
0
0
0
0
0
-9.8944
-0.58407
-0.57392
10.5063
-0.56279
-0.56279
-0.53006
-0.55085
-0.50272
-0.57715
-0.56757
-0.54821
-0.63287
-0.6288
-0.5112
-0.5112
-0.64156
-0.7466
0
0
-1.2739
0
0
0
0
0
0
0
0
0
0
-0.578
-0.5716
-0.56279
9.1273
-0.5465
-0.52249
-0.54766
-0.49644
-0.56916
-0.56368
-0.54164
-0.62909
-0.62523
-0.50571
-0.50571
-0.62687
-0.73474
0
0
0
0
0
0
0
0
0
0
0
0
0
-0.578
-0.5716
-0.56279
-0.5465
9.1273
-0.52249
-0.54766
-0.49644
-0.56916
-0.56368
-0.54164
-0.62909
-0.62523
-0.50571
-0.50571
-0.62687
-0.73474
0
0
0
0
0
0
0
0
0
0
0
0
0
-0.54832
-0.5409
-0.53006
-0.52249
-0.52249
7.873
-0.5155
-0.45682
-0.5231
-0.51967
-0.49797
-0.58767
-0.5824
-0.46355
-0.46355
-0.59849
0
0
0
0
0
0
0
0
0
0
0
0
0
0
-0.55876
-0.55355
-0.55085
-0.54766
-0.54766
-0.5155
15.819
-0.4721
-0.54208
-0.53098
-0.51641
-0.58262
-0.59599
-0.48176
-0.48176
0
0
0
0
0
0
0
0
0
-8.3414
0
0
0
0
0
-0.52052
-0.5128
-0.50272
-0.49644
-0.49644
-0.45682
-0.4721
6.8457
-0.48612
-0.48323
-0.46376
-0.54652
-0.54632
-0.43095
-0.43095
0
0
0
0
0
0
0
0
0
0
0
0
0
0
0
-0.59238
-0.58955
-0.57715
-0.56916
-0.56916
-0.5231
-0.54208
-0.48612
6.209
-0.61866
-0.50149
0
0
0
0
0
0
0
0
0
-0.64018
0
0
0
0
0
0
0
0
0
-0.58645
-0.57372
-0.56757
-0.56368
-0.56368
-0.51967
-0.53098
-0.48323
-0.61866
5.8948
-0.50079
0
0
0
0
0
0
0
-0.38635
0
0
0
0
0
0
0
0
0
0
0
-0.56944
-0.56046
-0.54821
-0.54164
-0.54164
-0.49797
-0.51641
-0.46376
-0.50149
-0.50079
5.2418
0
0
0
0
0
0
0
0
0
0
0
0
0
0
0
0
0
0
0
-0.62651
-0.62278
-0.63287
-0.62909
-0.62909
-0.58767
-0.58262
-0.54652
0
0
0
8.7115
0
0
0
0
0
0
0
0
0
0
-3.8543
0
0
0
0
0
0
0
-0.64347
-0.63358
-0.6288
-0.62523
-0.62523
-0.5824
-0.59599
-0.54632
0
0
0
0
5.0748
0
0
0
0
-0.19381
0
0
0
0
0
0
0
0
0
0
0
0
-0.53056
-0.52333
-0.5112
-0.50571
-0.50571
-0.46355
-0.48176
-0.43095
0
0
0
0
0
3.9528
0
0
0
0
0
0
0
0
0
0
0
0
0
0
0
0
-0.53056
-0.52333
-0.5112
-0.50571
-0.50571
-0.46355
-0.48176
-0.43095
0
0
0
0
0
0
3.9528
0
0
0
0
0
0
0
0
0
0
0
0
0
0
0
-0.66525
-0.65956
-0.64156
-0.62687
-0.62687
-0.59849
0
0
0
0
0
0
0
0
0
3.8186
0
0
0
0
0
0
0
0
0
0
0
0
0
0
-0.71268
-0.71439
-0.7466
-0.73474
-0.73474
0
0
0
0
0
0
0
0
0
0
0
3.8231
0
0
0
0
0
0
0
0
0
0
-0.17997
0
0
0
0
0
0
0
0
0
0
0
0
0
0
-0.19381
0
0
0
0
15.6473
0
-0.38703
-0.32266
0
0
-7.3719
0
0
-7.3719
0
0
0
-0.33558
0
0
0
0
0
0
0
0
-0.38635
0
0
0
0
0
0
0
0
7.6502
0
0
-4.8159
0
0
0
-2.1124
0
0
0
0
0
-1.2619
-1.2739
0
0
0
0
0
0
0
0
0
0
0
0
0
0
-0.38703
0
5.4275
0
-2.5046
0
0
0
0
0
0
0
0
-0.66362
0
0
0
0
0
0
0
-0.64018
0
0
0
0
0
0
0
0
-0.32266
0
0
1.6265
0
0
0
0
0
0
0
0
0
0
0
0
0
0
0
0
0
0
0
0
0
0
0
0
0
0
0
-4.8159
-2.5046
0
7.3205
0
0
0
0
0
0
0
0
0
0
0
0
0
0
0
0
0
0
0
-3.8543
0
0
0
0
0
0
0
0
0
0
3.8543
0
0
0
0
0
0
0
0
0
0
0
0
0
0
0
0
0
0
0
0
0
0
0
0
-7.3719
0
0
0
0
0
7.3719
0
0
0
0
0
0
0
0
0
0
0
0
-8.3414
0
0
0
0
0
0
0
0
0
0
0
0
0
0
0
0
0
8.3414
0
0
0
0
0
0
0
0
0
0
0
0
0
0
0
0
0
0
0
0
0
0
0
-2.1124
0
0
0
0
0
0
2.1124
0
0
0
0
0
0
0
0
0
0
0
0
0
0
0
0
0
0
0
0
0
-7.3719
0
0
0
0
0
0
0
0
7.3719
0
0
0
0
0
0
0
0
0
0
0
0
0
0
0
0
0
0
0
-0.17997
0
0
0
0
0
0
0
0
0
0
0.17997
0
0
-10.1717
0
0
0
0
0
0
0
0
0
0
0
0
0
0
0
0
0
0
0
0
0
0
0
0
0
0
0
10.1717
0
0
-9.8944
0
0
0
0
0
0
0
0
0
0
0
0
0
0
0
0
0
0
0
0
0
0
0
0
0
0
0
9.8944
