16.3586
-0.6534
-0.65088
-0.65733
-0.65342
-0.65334
-0.65564
-0.65334
-0.63882
-0.65634
-0.65634
-0.61471
-0.63889
-0.55225
-0.71131
-0.71131
-0.63506
0
-0.58977
0
0
0
0
0
0
0
-5.3765
0
0
0
-0.6534
14.6641
-0.65204
-0.65824
-0.65232
-0.65406
-0.65796
-0.65406
-0.64177
-0.65615
-0.65615
-0.6135
-0.64186
0
-0.71838
-0.71838
-0.62753
0
0
0
0
0
-4.8083
0
0
0
0
0
0
0
-0.65088
-0.65204
9.2122
-0.65579
-0.6495
-0.65186
-0.65496
-0.65186
-0.6437
-0.65265
-0.65265
-0.61168
-0.64058
0
-0.72202
-0.72202
0
0
0
0
0
0
0
0
0
0
0
0
0
0
-0.65733
-0.65824
-0.65579
11.8688
-0.65223
-0.6544
-0.6581
-0.6544
-0.64305
-0.65464
-0.65464
0
-0.64209
0
0
0
0
-0.65064
0
0
0
0
0
-4.0333
0
0
0
0
0
0
-0.65342
-0.65232
-0.6495
-0.65223
7.1467
-0.65174
-0.65044
-0.65174
-0.64401
-0.64735
-0.64735
0
0
0
0
0
0
-0.64663
0
0
0
0
0
0
0
0
0
0
0
0
-0.65334
-0.65406
-0.65186
-0.6544
-0.65174
7.1358
-0.65467
-0.62667
-0.64867
-0.6497
-0.6497
0
-0.64103
0
0
0
0
0
0
0
0
0
0
0
0
0
0
0
0
0
-0.65564
-0.65796
-0.65496
-0.6581
-0.65044
-0.65467
9.7666
-0.65467
-0.64279
-0.65262
-0.65262
0
0
0
0
0
0
0
0
0
0
0
0
0
0
0
0
0
-3.2321
0
-0.65334
-0.65406
-0.65186
-0.6544
-0.65174
-0.62667
-0.65467
7.1358
-0.64867
-0.6497
-0.6497
0
-0.64103
0
0
0
0
0
0
0
0
0
0
0
0
0
0
0
0
0
-0.63882
-0.64177
-0.6437
-0.64305
-0.64401
-0.64867
-0.64279
-0.64867
14.7948
0
0
0
0
0
0
0
0
0
0
0
0
0
0
0
0
-4.8217
0
-4.8217
0
0
-0.65634
-0.65615
-0.65265
-0.65464
-0.64735
-0.6497
-0.65262
-0.6497
0
5.8788
-0.65961
0
0
0
0
0
0
0
0
0
0
0
0
0
0
0
0
0
0
0
-0.65634
-0.65615
-0.65265
-0.65464
-0.64735
-0.6497
-0.65262
-0.6497
0
-0.65961
5.8788
0
0
0
0
0
0
0
0
0
0
0
0
0
0
0
0
0
0
0
-0.61471
-0.6135
-0.61168
0
0
0
0
0
0
0
0
11.8866
0
0
0
0
-0.67696
0
-0.60625
0
-4.3817
0
0
0
0
0
0
0
0
-4.3817
-0.63889
-0.64186
-0.64058
-0.64209
0
-0.64103
0
-0.64103
0
0
0
0
4.624
0
0
0
0
0
0
-0.77852
0
0
0
0
0
0
0
0
0
0
-0.55225
0
0
0
0
0
0
0
0
0
0
0
0
1.8229
0
0
0
-0.69541
0
0
0
0
0
0
-0.57519
0
0
0
0
0
-0.71131
-0.71838
-0.72202
0
0
0
0
0
0
0
0
0
0
0
2.1517
0
0
0
0
0
0
0
0
0
0
0
0
0
0
0
-0.71131
-0.71838
-0.72202
0
0
0
0
0
0
0
0
0
0
0
0
2.1517
0
0
0
0
0
0
0
0
0
0
0
0
0
0
-0.63506
-0.62753
0
0
0
0
0
0
0
0
0
-0.67696
0
0
0
0
1.9395
0
0
0
0
0
0
0
0
0
0
0
0
0
0
0
0
-0.65064
-0.64663
0
0
0
0
0
0
0
0
-0.69541
0
0
0
1.9927
0
0
0
0
0
0
0
0
0
0
0
0
-0.58977
0
0
0
0
0
0
0
0
0
0
-0.60625
0
0
0
0
0
0
1.7876
0
0
-0.59158
0
0
0
0
0
0
0
0
0
0
0
0
0
0
0
0
0
0
0
0
-0.77852
0
0
0
0
0
0
0.77852
0
0
0
0
0
0
0
0
0
0
0
0
0
0
0
0
0
0
0
0
0
-4.3817
0
0
0
0
0
0
0
0
4.3817
0
0
0
0
0
0
0
0
0
0
0
0
0
0
0
0
0
0
0
0
0
0
0
0
0
0
0
-0.59158
0
0
0.59158
0
0
0
0
0
0
0
0
0
-4.8083
0
0
0
0
0
0
0
0
0
0
0
0
0
0
0
0
0
0
0
0
4.8083
0
0
0
0
0
0
0
0
0
0
-4.0333
0
0
0
0
0
0
0
0
0
0
0
0
0
0
0
0
0
0
0
4.0333
0
0
0
0
0
0
0
0
0
0
0
0
0
0
0
0
0
0
0
-0.57519
0
0
0
0
0
0
0
0
0
0
0.57519
0
0
0
0
0
0
0
0
0
0
0
0
0
-4.8217
0
0
0
0
0
0
0
0
0
0
0
0
0
0
0
0
4.8217
0
0
0
0
-5.3765
0
0
0
0
0
0
0
0
0
0
0
0
0
0
0
0
0
0
0
0
0
0
0
0
0
5.3765
0
0
0
0
0
0
0
0
0
0
0
-4.8217
0
0
0
0
0
0
0
0
0
0
0
0
0
0
0
0
0
0
4.8217
0
0
0
0
0
0
0
0
-3.2321
0
0
0
0
0
0
0
0
0
0
0
0
0
0
0
0
0
0
0
0
0
3.2321
0
0
0
0
0
0
0
0
0
0
0
0
-4.3817
0
0
0
0
0
0
0
0
0
0
0
0
0
0
0
0
0
4.3817
