34.3403
-0.81938
-0.83952
-0.83952
-0.77501
-0.7801
-0.75905
-0.66771
-0.66771
-0.66771
-0.66771
-0.75939
-0.76498
-0.73217
-0.73217
-0.73217
-1.8216
-0.90711
-1.2551
0
-0.81285
0
0
0
0
0
0
-9.1696
0
-9.1696
-0.81938
15.1972
-0.91293
-0.91293
-0.85015
-0.8489
-0.85437
-0.711
-0.711
-0.711
-0.711
-0.84367
-0.88314
-0.77873
-0.77873
-0.77873
-1.8583
0
0
0
-1.2333
0
0
0
0
0
0
0
0
0
-0.83952
-0.91293
15.2003
-0.87489
-0.85305
-0.84999
-0.84941
-0.71033
-0.71033
-0.71033
-0.71033
-0.846
-0.90772
-0.77646
-0.77646
-0.77646
-1.8541
0
-1.242
0
0
0
0
0
0
0
0
0
0
0
-0.83952
-0.91293
-0.87489
15.2003
-0.85305
-0.84999
-0.84941
-0.71033
-0.71033
-0.71033
-0.71033
-0.846
-0.90772
-0.77646
-0.77646
-0.77646
-1.8541
0
-1.242
0
0
0
0
0
0
0
0
0
0
0
-0.77501
-0.85015
-0.85305
-0.85305
12.9923
-0.79484
-0.78745
-0.65538
-0.65538
-0.65538
-0.65538
-0.80154
-0.81748
-0.71812
-0.71812
-0.71812
0
0
0
0
0
0
0
-1.6838
0
0
0
0
0
0
-0.7801
-0.8489
-0.84999
-0.84999
-0.79484
12.2984
-0.78915
-0.65376
-0.65376
-0.65376
-0.65376
-0.77126
-0.81987
-0.71381
-0.71381
-0.71381
0
-1.0378
0
0
0
0
0
0
0
0
0
0
0
0
-0.75905
-0.85437
-0.84941
-0.84941
-0.78745
-0.78915
11.667
-0.65174
-0.65174
-0.65174
-0.65174
-0.77544
-0.79197
-0.71699
-0.71699
-0.71699
0
0
0
0
0
0
0
0
-0.45285
0
0
0
0
0
-0.66771
-0.711
-0.71033
-0.71033
-0.65538
-0.65376
-0.65174
9.4376
-0.51446
-0.51446
-0.51446
-0.64798
-0.69013
-0.59861
-0.59861
-0.59861
0
0
0
0
0
0
0
0
0
0
0
0
0
0
-0.66771
-0.711
-0.71033
-0.71033
-0.65538
-0.65376
-0.65174
-0.51446
9.4376
-0.51446
-0.51446
-0.64798
-0.69013
-0.59861
-0.59861
-0.59861
0
0
0
0
0
0
0
0
0
0
0
0
0
0
-0.66771
-0.711
-0.71033
-0.71033
-0.65538
-0.65376
-0.65174
-0.51446
-0.51446
9.4376
-0.51446
-0.64798
-0.69013
-0.59861
-0.59861
-0.59861
0
0
0
0
0
0
0
0
0
0
0
0
0
0
-0.66771
-0.711
-0.71033
-0.71033
-0.65538
-0.65376
-0.65174
-0.51446
-0.51446
-0.51446
9.4376
-0.64798
-0.69013
-0.59861
-0.59861
-0.59861
0
0
0
0
0
0
0
0
0
0
0
0
0
0
-0.75939
-0.84367
-0.846
-0.846
-0.80154
-0.77126
-0.77544
-0.64798
-0.64798
-0.64798
-0.64798
10.6674
0
0
0
0
0
-1.0035
0
0
0
0
-1.4288
0
0
0
0
0
0
0
-0.76498
-0.88314
-0.90772
-0.90772
-0.81748
-0.81987
-0.79197
-0.69013
-0.69013
-0.69013
-0.69013
0
14.0051
0
0
0
0
0
0
0
0
0
0
0
0
0
0
0
-5.3517
0
-0.73217
-0.77873
-0.77646
-0.77646
-0.71812
-0.71381
-0.71699
-0.59861
-0.59861
-0.59861
-0.59861
0
0
7.6072
0
0
0
0
0
0
0
0
0
0
0
0
0
0
0
0
-0.73217
-0.77873
-0.77646
-0.77646
-0.71812
-0.71381
-0.71699
-0.59861
-0.59861
-0.59861
-0.59861
0
0
0
7.6072
0
0
0
0
0
0
0
0
0
0
0
0
0
0
0
-0.73217
-0.77873
-0.77646
-0.77646
-0.71812
-0.71381
-0.71699
-0.59861
-0.59861
-0.59861
-0.59861
0
0
0
0
7.6072
0
0
0
0
0
0
0
0
0
0
0
0
0
0
-1.8216
-1.8583
-1.8541
-1.8541
0
0
0
0
0
0
0
0
0
0
0
0
7.3882
0
0
0
0
0
0
0
0
0
0
0
0
0
-0.90711
0
0
0
0
-1.0378
0
0
0
0
0
-1.0035
0
0
0
0
0
4.1468
0
-1.1984
0
0
0
0
0
0
0
0
0
0
-1.2551
0
-1.242
-1.242
0
0
0
0
0
0
0
0
0
0
0
0
0
0
3.7392
0
0
0
0
0
0
0
0
0
0
0
0
0
0
0
0
0
0
0
0
0
0
0
0
0
0
0
0
-1.1984
0
6.726
0
0
0
0
0
-2.8479
-2.6797
0
0
0
-0.81285
-1.2333
0
0
0
0
0
0
0
0
0
0
0
0
0
0
0
0
0
0
3.5106
-1.4645
0
0
0
0
0
0
0
0
0
0
0
0
0
0
0
0
0
0
0
0
0
0
0
0
0
0
0
0
-1.4645
3.9777
0
0
-2.5132
0
0
0
0
0
0
0
0
0
0
0
0
0
0
0
0
-1.4288
0
0
0
0
0
0
0
0
0
0
2.1619
0
0
0
-0.73313
0
0
0
0
0
0
0
-1.6838
0
0
0
0
0
0
0
0
0
0
0
0
0
0
0
0
0
0
2.4878
0
-0.80402
0
0
0
0
0
0
0
0
0
0
-0.45285
0
0
0
0
0
0
0
0
0
0
0
0
0
0
-2.5132
0
0
2.966
0
0
0
0
0
0
0
0
0
0
0
0
0
0
0
0
0
0
0
0
0
0
0
0
-2.8479
0
0
0
-0.80402
0
3.6519
0
0
0
0
0
0
0
0
0
0
0
0
0
0
0
0
0
0
0
0
0
0
0
-2.6797
0
0
-0.73313
0
0
0
3.4129
0
0
0
-9.1696
0
0
0
0
0
0
0
0
0
0
0
0
0
0
0
0
0
0
0
0
0
0
0
0
0
0
9.1696
0
0
0
0
0
0
0
0
0
0
0
0
0
0
-5.3517
0
0
0
0
0
0
0
0
0
0
0
0
0
0
0
5.3517
0
-9.1696
0
0
0
0
0
0
0
0
0
0
0
0
0
0
0
0
0
0
0
0
0
0
0
0
0
0
0
0
9.1696
