16.0111
-0.90131
-0.87781
-0.87781
-0.87781
-0.78268
-0.78268
-0.78268
-0.75309
-0.75309
-0.75022
-0.87212
-0.86809
-0.94059
-0.79343
-0.80835
-0.79343
-0.79343
-0.84176
-0.80799
-0.35273
0
0
0
0
0
0
0
0
0
-0.90131
25.5237
-0.87606
-0.87606
-0.87606
-0.76386
-0.76386
-0.76386
-0.73552
-0.73552
-0.73388
-0.8454
-0.85201
-0.90847
-0.77925
-0.77771
-0.77925
-0.77925
-0.8263
0
0
0
0
0
0
0
0
0
0
-10.95
-0.87781
-0.87606
14.9894
-0.8211
-0.8211
-0.74362
-0.74362
-0.74362
-0.71678
-0.71678
-0.71442
-0.84613
-0.83712
-0.88723
-0.75661
-0.77685
-0.75661
-0.75661
-0.8006
-0.79669
0
0
0
0
0
0
0
0
0
0
-0.87781
-0.87606
-0.8211
14.9894
-0.8211
-0.74362
-0.74362
-0.74362
-0.71678
-0.71678
-0.71442
-0.84613
-0.83712
-0.88723
-0.75661
-0.77685
-0.75661
-0.75661
-0.8006
-0.79669
0
0
0
0
0
0
0
0
0
0
-0.87781
-0.87606
-0.8211
-0.8211
14.9894
-0.74362
-0.74362
-0.74362
-0.71678
-0.71678
-0.71442
-0.84613
-0.83712
-0.88723
-0.75661
-0.77685
-0.75661
-0.75661
-0.8006
-0.79669
0
0
0
0
0
0
0
0
0
0
-0.78268
-0.76386
-0.74362
-0.74362
-0.74362
12.6238
-0.65029
-0.65029
-0.63234
-0.63234
-0.62958
-0.74867
-0.73875
-0.77893
-0.66506
-0.6872
-0.66506
-0.66506
-0.70282
0
0
0
0
0
0
0
0
0
0
0
-0.78268
-0.76386
-0.74362
-0.74362
-0.74362
-0.65029
12.6238
-0.65029
-0.63234
-0.63234
-0.62958
-0.74867
-0.73875
-0.77893
-0.66506
-0.6872
-0.66506
-0.66506
-0.70282
0
0
0
0
0
0
0
0
0
0
0
-0.78268
-0.76386
-0.74362
-0.74362
-0.74362
-0.65029
-0.65029
12.6238
-0.63234
-0.63234
-0.62958
-0.74867
-0.73875
-0.77893
-0.66506
-0.6872
-0.66506
-0.66506
-0.70282
0
0
0
0
0
0
0
0
0
0
0
-0.75309
-0.73552
-0.71678
-0.71678
-0.71678
-0.63234
-0.63234
-0.63234
11.4398
-0.59636
-0.60013
-0.70818
-0.7019
-0.74024
-0.63426
-0.65425
-0.63426
-0.63426
0
0
0
0
0
0
0
0
0
0
0
0
-0.75309
-0.73552
-0.71678
-0.71678
-0.71678
-0.63234
-0.63234
-0.63234
-0.59636
11.4398
-0.60013
-0.70818
-0.7019
-0.74024
-0.63426
-0.65425
-0.63426
-0.63426
0
0
0
0
0
0
0
0
0
0
0
0
-0.75022
-0.73388
-0.71442
-0.71442
-0.71442
-0.62958
-0.62958
-0.62958
-0.60013
-0.60013
10.7249
-0.69232
-0.68701
-0.7251
-0.63469
0
-0.63469
-0.63469
0
0
0
0
0
0
0
0
0
0
0
0
-0.87212
-0.8454
-0.84613
-0.84613
-0.84613
-0.74867
-0.74867
-0.74867
-0.70818
-0.70818
-0.69232
18.8358
-0.78059
0
0
0
0
0
0
0
0
0
0
-0.54457
0
0
0
0
-8.9
0
-0.86809
-0.85201
-0.83712
-0.83712
-0.83712
-0.73875
-0.73875
-0.73875
-0.7019
-0.7019
-0.68701
-0.78059
9.8681
0
0
0
0
0
0
0
0
0
-0.54902
0
0
0
0
0
0
0
-0.94059
-0.90847
-0.88723
-0.88723
-0.88723
-0.77893
-0.77893
-0.77893
-0.74024
-0.74024
-0.7251
0
0
9.4683
0
0
0
0
0
0
-0.4152
0
0
0
0
0
0
0
0
0
-0.79343
-0.77925
-0.75661
-0.75661
-0.75661
-0.66506
-0.66506
-0.66506
-0.63426
-0.63426
-0.63469
0
0
0
7.7409
0
0
0
0
0
0
0
0
0
0
0
0
0
0
0
-0.80835
-0.77771
-0.77685
-0.77685
-0.77685
-0.6872
-0.6872
-0.6872
-0.65425
-0.65425
0
0
0
0
0
15.4438
0
0
0
0
0
0
0
0
0
-8.1571
0
0
0
0
-0.79343
-0.77925
-0.75661
-0.75661
-0.75661
-0.66506
-0.66506
-0.66506
-0.63426
-0.63426
-0.63469
0
0
0
0
0
7.7409
0
0
0
0
0
0
0
0
0
0
0
0
0
-0.79343
-0.77925
-0.75661
-0.75661
-0.75661
-0.66506
-0.66506
-0.66506
-0.63426
-0.63426
-0.63469
0
0
0
0
0
0
7.7409
0
0
0
0
0
0
0
0
0
0
0
0
-0.84176
-0.8263
-0.8006
-0.8006
-0.8006
-0.70282
-0.70282
-0.70282
0
0
0
0
0
0
0
0
0
0
6.1783
0
0
0
0
0
0
0
0
0
0
0
-0.80799
0
-0.79669
-0.79669
-0.79669
0
0
0
0
0
0
0
0
0
0
0
0
0
0
17.4425
0
0
0
0
-7.1222
0
0
-7.1222
0
0
-0.35273
0
0
0
0
0
0
0
0
0
0
0
0
-0.4152
0
0
0
0
0
0
0.99414
0
0
0
0
0
-0.22621
0
0
0
0
0
0
0
0
0
0
0
0
0
0
0
0
0
0
0
0
0
0
0
0
4.498
-2.2941
-2.204
0
0
0
0
0
0
0
0
0
0
0
0
0
0
0
0
0
0
-0.54902
0
0
0
0
0
0
0
0
-2.2941
2.8431
0
0
0
0
0
0
0
0
0
0
0
0
0
0
0
0
0
0
-0.54457
0
0
0
0
0
0
0
0
0
-2.204
0
2.7485
0
0
0
0
0
0
0
0
0
0
0
0
0
0
0
0
0
0
0
0
0
0
0
0
0
-7.1222
0
0
0
0
7.1222
0
0
0
0
0
0
0
0
0
0
0
0
0
0
0
0
0
0
0
0
-8.1571
0
0
0
0
0
0
0
0
0
8.1571
0
0
0
0
0
0
0
0
0
0
0
0
0
0
0
0
0
0
0
0
0
0
0
0
-0.22621
0
0
0
0
0
0.22621
0
0
0
0
0
0
0
0
0
0
0
0
0
0
0
0
0
0
0
0
0
0
-7.1222
0
0
0
0
0
0
0
7.1222
0
0
0
0
0
0
0
0
0
0
0
0
0
-8.9
0
0
0
0
0
0
0
0
0
0
0
0
0
0
0
0
8.9
0
0
-10.95
0
0
0
0
0
0
0
0
0
0
0
0
0
0
0
0
0
0
0
0
0
0
0
0
0
0
0
10.95
