20.8834
-0.77551
-0.74235
-0.8066
-0.77261
-0.77261
-0.77261
-0.76298
-0.7633
-0.82722
-0.81005
-0.8065
-0.75559
-0.76572
-1.2054
-0.74739
0
-0.74739
0
-0.74739
-0.74739
0
0
0
0
0
0
-6.5548
0
0
-0.77551
20.8834
-0.74235
-0.8066
-0.77261
-0.77261
-0.77261
-0.76298
-0.7633
-0.82722
-0.81005
-0.8065
-0.75559
-0.76572
-1.2054
-0.74739
0
-0.74739
0
-0.74739
-0.74739
0
0
0
0
0
0
0
0
-6.5548
-0.74235
-0.74235
13.7813
-0.77091
-0.7414
-0.7414
-0.7414
-0.73641
-0.73197
-0.79314
-0.78467
-0.77014
-0.72386
-0.73278
-1.1724
-0.71405
0
-0.71405
0
-0.71405
-0.71405
0
0
0
0
0
0
0
0
0
-0.8066
-0.8066
-0.77091
11.4669
-0.77833
-0.77833
-0.77833
-0.79435
-0.76656
-0.84096
-0.84114
-0.81128
-0.75863
-0.76701
0
0
-1.1679
0
0
0
0
0
0
0
0
0
0
0
0
0
-0.77261
-0.77261
-0.7414
-0.77833
9.8023
-0.71638
-0.71638
-0.75504
-0.72768
-0.79416
-0.79894
-0.76777
-0.73422
-0.72673
0
0
0
0
0
0
0
0
0
0
0
0
0
0
0
0
-0.77261
-0.77261
-0.7414
-0.77833
-0.71638
9.8023
-0.71638
-0.75504
-0.72768
-0.79416
-0.79894
-0.76777
-0.73422
-0.72673
0
0
0
0
0
0
0
0
0
0
0
0
0
0
0
0
-0.77261
-0.77261
-0.7414
-0.77833
-0.71638
-0.71638
9.8023
-0.75504
-0.72768
-0.79416
-0.79894
-0.76777
-0.73422
-0.72673
0
0
0
0
0
0
0
0
0
0
0
0
0
0
0
0
-0.76298
-0.76298
-0.73641
-0.79435
-0.75504
-0.75504
-0.75504
8.8091
-0.73084
-0.76526
0
-0.7692
0
0
0
0
0
0
-0.58607
0
0
0
0
-0.63593
0
0
0
0
0
0
-0.7633
-0.7633
-0.73197
-0.76656
-0.72768
-0.72768
-0.72768
-0.73084
8.1552
-0.75001
0
-0.74404
0
-0.72214
0
0
0
0
0
0
0
0
0
0
0
0
0
0
0
0
-0.82722
-0.82722
-0.79314
-0.84096
-0.79416
-0.79416
-0.79416
-0.76526
-0.75001
11.8937
0
0
0
0
0
0
0
0
0
0
0
0
0
0
0
0
-4.7074
0
0
0
-0.81005
-0.81005
-0.78467
-0.84114
-0.79894
-0.79894
-0.79894
0
0
0
10.2232
0
0
0
0
0
0
0
0
0
0
0
-0.65557
0
0
-3.9249
0
0
0
0
-0.8065
-0.8065
-0.77014
-0.81128
-0.76777
-0.76777
-0.76777
-0.7692
-0.74404
0
0
7.011
0
0
0
0
0
0
0
0
0
0
0
0
0
0
0
0
0
0
-0.75559
-0.75559
-0.72386
-0.75863
-0.73422
-0.73422
-0.73422
0
0
0
0
0
6.135
0
0
0
-0.9387
0
0
0
0
0
0
0
0
0
0
0
0
0
-0.76572
-0.76572
-0.73278
-0.76701
-0.72673
-0.72673
-0.72673
0
-0.72214
0
0
0
0
5.9336
0
0
0
0
0
0
0
0
0
0
0
0
0
0
0
0
-1.2054
-1.2054
-1.1724
0
0
0
0
0
0
0
0
0
0
0
5.365
0
0
0
0
0
0
0
0
0
-1.7817
0
0
0
0
0
-0.74739
-0.74739
-0.71405
0
0
0
0
0
0
0
0
0
0
0
0
2.2088
0
0
0
0
0
0
0
0
0
0
0
0
0
0
0
0
0
-1.1679
0
0
0
0
0
0
0
0
-0.9387
0
0
0
3.2282
0
-1.1216
0
0
0
0
0
0
0
0
0
0
0
-0.74739
-0.74739
-0.71405
0
0
0
0
0
0
0
0
0
0
0
0
0
0
2.2088
0
0
0
0
0
0
0
0
0
0
0
0
0
0
0
0
0
0
0
-0.58607
0
0
0
0
0
0
0
0
-1.1216
0
2.6274
0
0
0
0
0
0
0
0
0
-0.91976
0
-0.74739
-0.74739
-0.71405
0
0
0
0
0
0
0
0
0
0
0
0
0
0
0
0
2.2088
0
0
0
0
0
0
0
0
0
0
-0.74739
-0.74739
-0.71405
0
0
0
0
0
0
0
0
0
0
0
0
0
0
0
0
0
2.2088
0
0
0
0
0
0
0
0
0
0
0
0
0
0
0
0
0
0
0
0
0
0
0
0
0
0
0
0
0
0
4.8132
-2.4029
-2.4103
0
0
0
0
0
0
0
0
0
0
0
0
0
0
0
0
-0.65557
0
0
0
0
0
0
0
0
0
0
-2.4029
3.0585
0
0
0
0
0
0
0
0
0
0
0
0
0
0
-0.63593
0
0
0
0
0
0
0
0
0
0
0
0
0
-2.4103
0
3.0463
0
0
0
0
0
0
0
0
0
0
0
0
0
0
0
0
0
0
0
0
-1.7817
0
0
0
0
0
0
0
0
0
1.7817
0
0
0
0
0
0
0
0
0
0
0
0
0
0
0
-3.9249
0
0
0
0
0
0
0
0
0
0
0
0
0
0
3.9249
0
0
0
0
0
0
0
0
0
0
0
0
0
-4.7074
0
0
0
0
0
0
0
0
0
0
0
0
0
0
0
0
4.7074
0
0
0
-6.5548
0
0
0
0
0
0
0
0
0
0
0
0
0
0
0
0
0
0
0
0
0
0
0
0
0
0
6.5548
0
0
0
0
0
0
0
0
0
0
0
0
0
0
0
0
0
0
0
0
-0.91976
0
0
0
0
0
0
0
0
0
0.91976
0
0
-6.5548
0
0
0
0
0
0
0
0
0
0
0
0
0
0
0
0
0
0
0
0
0
0
0
0
0
0
0
6.5548
