37.2
-0.88959
-0.88959
-0.88098
-0.7611
-0.76029
-0.76029
-0.76029
-0.76029
-0.76029
-0.7936
-0.7936
-0.77556
-0.77556
-0.81396
-0.78624
-0.82035
-0.82035
-0.73222
-0.7976
-0.76925
-1.2062
-10.0464
0
0
0
0
0
-10.0464
0
-0.88959
18.5384
-0.96216
-0.99186
-0.85211
-0.82245
-0.82245
-0.82245
-0.82245
-0.82245
-0.86133
-0.86133
-0.87064
-0.87064
-0.88523
-0.88313
-0.8852
-0.8852
-0.83276
-0.85824
-0.8238
-1.213
0
0
0
0
0
0
0
0
-0.88959
-0.96216
18.5384
-0.99186
-0.85211
-0.82245
-0.82245
-0.82245
-0.82245
-0.82245
-0.86133
-0.86133
-0.87064
-0.87064
-0.88523
-0.88313
-0.8852
-0.8852
-0.83276
-0.85824
-0.8238
-1.213
0
0
0
0
0
0
0
0
-0.88098
-0.99186
-0.99186
25.2323
-0.85733
-0.83477
-0.83477
-0.83477
-0.83477
-0.83477
-0.87513
-0.87513
-0.87261
-0.87261
-0.89914
-0.88514
-0.90253
-0.90253
-0.82827
-0.8755
-0.84167
0
0
0
0
0
0
-7.7061
0
0
-0.7611
-0.85211
-0.85211
-0.85733
21.4279
-0.73408
-0.73408
-0.73408
-0.73408
-0.73408
-0.73446
-0.73446
-0.72468
-0.72468
-0.75209
-0.73445
-0.75354
-0.75354
-0.6915
-0.73276
0
0
0
0
0
-7.0987
0
0
0
0
-0.76029
-0.82245
-0.82245
-0.83477
-0.73408
14.7748
-0.68767
-0.68767
-0.68767
-0.68767
-0.73037
-0.73037
-0.73347
-0.73347
-0.74902
-0.74339
-0.74884
-0.74884
-0.70382
-0.72746
-0.70104
0
0
0
0
0
0
0
0
0
-0.76029
-0.82245
-0.82245
-0.83477
-0.73408
-0.68767
14.7748
-0.68767
-0.68767
-0.68767
-0.73037
-0.73037
-0.73347
-0.73347
-0.74902
-0.74339
-0.74884
-0.74884
-0.70382
-0.72746
-0.70104
0
0
0
0
0
0
0
0
0
-0.76029
-0.82245
-0.82245
-0.83477
-0.73408
-0.68767
-0.68767
14.7748
-0.68767
-0.68767
-0.73037
-0.73037
-0.73347
-0.73347
-0.74902
-0.74339
-0.74884
-0.74884
-0.70382
-0.72746
-0.70104
0
0
0
0
0
0
0
0
0
-0.76029
-0.82245
-0.82245
-0.83477
-0.73408
-0.68767
-0.68767
-0.68767
14.7748
-0.68767
-0.73037
-0.73037
-0.73347
-0.73347
-0.74902
-0.74339
-0.74884
-0.74884
-0.70382
-0.72746
-0.70104
0
0
0
0
0
0
0
0
0
-0.76029
-0.82245
-0.82245
-0.83477
-0.73408
-0.68767
-0.68767
-0.68767
-0.68767
14.7748
-0.73037
-0.73037
-0.73347
-0.73347
-0.74902
-0.74339
-0.74884
-0.74884
-0.70382
-0.72746
-0.70104
0
0
0
0
0
0
0
0
0
-0.7936
-0.86133
-0.86133
-0.87513
-0.73446
-0.73037
-0.73037
-0.73037
-0.73037
-0.73037
13.218
-0.74458
-0.77253
-0.77253
-0.78696
-0.78315
-0.79028
-0.79028
0
0
0
0
0
0
0
0
0
0
0
0
-0.7936
-0.86133
-0.86133
-0.87513
-0.73446
-0.73037
-0.73037
-0.73037
-0.73037
-0.73037
-0.74458
13.218
-0.77253
-0.77253
-0.78696
-0.78315
-0.79028
-0.79028
0
0
0
0
0
0
0
0
0
0
0
0
-0.77556
-0.87064
-0.87064
-0.87261
-0.72468
-0.73347
-0.73347
-0.73347
-0.73347
-0.73347
-0.77253
-0.77253
14.3804
-0.72662
-0.7825
0
0
0
0
0
0
0
0
0
0
0
-3.5447
0
0
0
-0.77556
-0.87064
-0.87064
-0.87261
-0.72468
-0.73347
-0.73347
-0.73347
-0.73347
-0.73347
-0.77253
-0.77253
-0.72662
14.3804
-0.7825
0
0
0
0
0
0
0
0
0
-3.5447
0
0
0
0
0
-0.81396
-0.88523
-0.88523
-0.89914
-0.75209
-0.74902
-0.74902
-0.74902
-0.74902
-0.74902
-0.78696
-0.78696
-0.7825
-0.7825
11.913
-0.7933
0
0
0
0
0
0
0
0
0
0
0
0
0
0
-0.78624
-0.88313
-0.88313
-0.88514
-0.73445
-0.74339
-0.74339
-0.74339
-0.74339
-0.74339
-0.78315
-0.78315
0
0
-0.7933
12.6983
0
0
0
0
0
0
0
-2.4497
0
0
0
0
0
0
-0.82035
-0.8852
-0.8852
-0.90253
-0.75354
-0.74884
-0.74884
-0.74884
-0.74884
-0.74884
-0.79028
-0.79028
0
0
0
0
9.5716
0
0
0
0
0
0
0
0
0
0
0
0
0
-0.82035
-0.8852
-0.8852
-0.90253
-0.75354
-0.74884
-0.74884
-0.74884
-0.74884
-0.74884
-0.79028
-0.79028
0
0
0
0
0
9.5716
0
0
0
0
0
0
0
0
0
0
0
0
-0.73222
-0.83276
-0.83276
-0.82827
-0.6915
-0.70382
-0.70382
-0.70382
-0.70382
-0.70382
0
0
0
0
0
0
0
0
7.5411
0
0
0
0
0
0
0
0
0
0
-0.1045
-0.7976
-0.85824
-0.85824
-0.8755
-0.73276
-0.72746
-0.72746
-0.72746
-0.72746
-0.72746
0
0
0
0
0
0
0
0
0
7.7597
0
0
0
0
0
0
0
0
0
0
-0.76925
-0.8238
-0.8238
-0.84167
0
-0.70104
-0.70104
-0.70104
-0.70104
-0.70104
0
0
0
0
0
0
0
0
0
0
6.7637
0
0
0
0
0
0
0
0
0
-1.2062
-1.213
-1.213
0
0
0
0
0
0
0
0
0
0
0
0
0
0
0
0
0
0
3.6322
0
0
0
0
0
0
0
0
-10.0464
0
0
0
0
0
0
0
0
0
0
0
0
0
0
0
0
0
0
0
0
0
10.0464
0
0
0
0
0
0
0
0
0
0
0
0
0
0
0
0
0
0
0
0
0
0
-2.4497
0
0
0
0
0
0
0
2.4497
0
0
0
0
0
0
0
0
0
0
0
0
0
0
0
0
0
0
0
-3.5447
0
0
0
0
0
0
0
0
0
0
3.5447
0
0
0
0
0
0
0
0
0
-7.0987
0
0
0
0
0
0
0
0
0
0
0
0
0
0
0
0
0
0
0
0
7.0987
0
0
0
0
0
0
0
0
0
0
0
0
0
0
0
0
-3.5447
0
0
0
0
0
0
0
0
0
0
0
0
0
3.5447
0
0
0
0
0
0
-7.7061
0
0
0
0
0
0
0
0
0
0
0
0
0
0
0
0
0
0
0
0
0
0
0
7.7061
0
0
-10.0464
0
0
0
0
0
0
0
0
0
0
0
0
0
0
0
0
0
0
0
0
0
0
0
0
0
0
0
10.0464
0
0
0
0
0
0
0
0
0
0
0
0
0
0
0
0
0
0
0
-0.1045
0
0
0
0
0
0
0
0
0
0
0.1045
