41.4339
-0.7438
-0.79359
-0.75068
-0.75596
-0.75596
-0.75596
-0.75596
-0.75596
-0.67378
-0.74584
-0.74584
-0.74584
-0.72051
-0.68288
-0.68288
-0.68288
-0.75404
-0.79503
-0.7367
0
0
-9.1333
0
0
0
0
-9.1333
-9.1333
0
-0.7438
19.9708
-0.82828
-0.7728
-0.76742
-0.76742
-0.76742
-0.76742
-0.76742
-0.73567
-0.7585
-0.7585
-0.7585
-0.75904
-0.69431
-0.69431
-0.69431
-0.75989
-0.79849
-0.73724
-0.24301
0
0
0
0
-5.3971
0
0
0
0
-0.79359
-0.82828
20.3717
-0.82378
-0.82117
-0.82117
-0.82117
-0.82117
-0.82117
-0.79614
-0.81098
-0.81098
-0.81098
-0.8169
-0.74029
-0.74029
-0.74029
-0.81276
-0.85503
-0.78813
0
-5.0974
0
0
0
0
0
0
0
0
-0.75068
-0.7728
-0.82378
13.5968
-0.76477
-0.76477
-0.76477
-0.76477
-0.76477
-0.71972
-0.73485
-0.73485
-0.73485
-0.73717
-0.67184
-0.67184
-0.67184
-0.7309
-0.76774
0
-0.25005
0
0
0
0
0
0
0
0
0
-0.75596
-0.76742
-0.82117
-0.76477
13.9804
-0.72753
-0.72753
-0.72753
-0.72753
-0.74613
-0.73786
-0.73786
-0.73786
-0.74958
-0.6759
-0.6759
-0.6759
-0.73684
-0.77236
-0.71473
0
0
0
0
0
0
0
0
0
0
-0.75596
-0.76742
-0.82117
-0.76477
-0.72753
13.9804
-0.72753
-0.72753
-0.72753
-0.74613
-0.73786
-0.73786
-0.73786
-0.74958
-0.6759
-0.6759
-0.6759
-0.73684
-0.77236
-0.71473
0
0
0
0
0
0
0
0
0
0
-0.75596
-0.76742
-0.82117
-0.76477
-0.72753
-0.72753
13.9804
-0.72753
-0.72753
-0.74613
-0.73786
-0.73786
-0.73786
-0.74958
-0.6759
-0.6759
-0.6759
-0.73684
-0.77236
-0.71473
0
0
0
0
0
0
0
0
0
0
-0.75596
-0.76742
-0.82117
-0.76477
-0.72753
-0.72753
-0.72753
13.9804
-0.72753
-0.74613
-0.73786
-0.73786
-0.73786
-0.74958
-0.6759
-0.6759
-0.6759
-0.73684
-0.77236
-0.71473
0
0
0
0
0
0
0
0
0
0
-0.75596
-0.76742
-0.82117
-0.76477
-0.72753
-0.72753
-0.72753
-0.72753
13.9804
-0.74613
-0.73786
-0.73786
-0.73786
-0.74958
-0.6759
-0.6759
-0.6759
-0.73684
-0.77236
-0.71473
0
0
0
0
0
0
0
0
0
0
-0.67378
-0.73567
-0.79614
-0.71972
-0.74613
-0.74613
-0.74613
-0.74613
-0.74613
24.863
-0.72534
-0.72534
-0.72534
-0.71645
-0.65896
-0.65896
-0.65896
0
0
0
0
0
0
-6.6688
0
0
0
0
0
-6.6688
-0.74584
-0.7585
-0.81098
-0.73485
-0.73786
-0.73786
-0.73786
-0.73786
-0.73786
-0.72534
12.3679
-0.72298
-0.72298
-0.75681
-0.65915
-0.65915
-0.65915
-0.72283
0
0
0
0
0
0
0
0
0
0
0
0
-0.74584
-0.7585
-0.81098
-0.73485
-0.73786
-0.73786
-0.73786
-0.73786
-0.73786
-0.72534
-0.72298
12.3679
-0.72298
-0.75681
-0.65915
-0.65915
-0.65915
-0.72283
0
0
0
0
0
0
0
0
0
0
0
0
-0.74584
-0.7585
-0.81098
-0.73485
-0.73786
-0.73786
-0.73786
-0.73786
-0.73786
-0.72534
-0.72298
-0.72298
12.3679
-0.75681
-0.65915
-0.65915
-0.65915
-0.72283
0
0
0
0
0
0
0
0
0
0
0
0
-0.72051
-0.75904
-0.8169
-0.73717
-0.74958
-0.74958
-0.74958
-0.74958
-0.74958
-0.71645
-0.75681
-0.75681
-0.75681
15.4259
-0.65323
-0.65323
-0.65323
0
0
0
0
0
0
0
-3.6978
0
0
0
0
0
-0.68288
-0.69431
-0.74029
-0.67184
-0.6759
-0.6759
-0.6759
-0.6759
-0.6759
-0.65896
-0.65915
-0.65915
-0.65915
-0.65323
10.6255
-0.58352
-0.58352
0
0
0
0
0
0
0
0
0
0
0
0
0
-0.68288
-0.69431
-0.74029
-0.67184
-0.6759
-0.6759
-0.6759
-0.6759
-0.6759
-0.65896
-0.65915
-0.65915
-0.65915
-0.65323
-0.58352
10.6255
-0.58352
0
0
0
0
0
0
0
0
0
0
0
0
0
-0.68288
-0.69431
-0.74029
-0.67184
-0.6759
-0.6759
-0.6759
-0.6759
-0.6759
-0.65896
-0.65915
-0.65915
-0.65915
-0.65323
-0.58352
-0.58352
10.6255
0
0
0
0
0
0
0
0
0
0
0
0
0
-0.75404
-0.75989
-0.81276
-0.7309
-0.73684
-0.73684
-0.73684
-0.73684
-0.73684
0
-0.72283
-0.72283
-0.72283
0
0
0
0
8.9103
0
0
0
0
0
0
0
0
0
0
0
0
-0.79503
-0.79849
-0.85503
-0.76774
-0.77236
-0.77236
-0.77236
-0.77236
-0.77236
0
0
0
0
0
0
0
0
0
7.0781
0
0
0
0
0
0
0
0
0
0
0
-0.7367
-0.73724
-0.78813
0
-0.71473
-0.71473
-0.71473
-0.71473
-0.71473
0
0
0
0
0
0
0
0
0
0
5.8357
0
0
0
0
0
0
0
0
0
0
0
-0.24301
0
-0.25005
0
0
0
0
0
0
0
0
0
0
0
0
0
0
0
0
0.59756
0
0
0
0
0
-0.1045
0
0
0
0
0
-5.0974
0
0
0
0
0
0
0
0
0
0
0
0
0
0
0
0
0
0
5.0974
0
0
0
0
0
0
0
0
-9.1333
0
0
0
0
0
0
0
0
0
0
0
0
0
0
0
0
0
0
0
0
0
9.1333
0
0
0
0
0
0
0
0
0
0
0
0
0
0
0
0
-6.6688
0
0
0
0
0
0
0
0
0
0
0
0
0
6.6688
0
0
0
0
0
0
0
0
0
0
0
0
0
0
0
0
0
0
0
-3.6978
0
0
0
0
0
0
0
0
0
0
3.6978
0
0
0
0
0
0
-5.3971
0
0
0
0
0
0
0
0
0
0
0
0
0
0
0
0
0
0
0
0
0
0
0
5.3971
0
0
0
0
0
0
0
0
0
0
0
0
0
0
0
0
0
0
0
0
0
0
0
0
-0.1045
0
0
0
0
0
0.1045
0
0
0
-9.1333
0
0
0
0
0
0
0
0
0
0
0
0
0
0
0
0
0
0
0
0
0
0
0
0
0
0
9.1333
0
0
-9.1333
0
0
0
0
0
0
0
0
0
0
0
0
0
0
0
0
0
0
0
0
0
0
0
0
0
0
0
9.1333
0
0
0
0
0
0
0
0
0
0
-6.6688
0
0
0
0
0
0
0
0
0
0
0
0
0
0
0
0
0
0
0
6.6688
