14.565
-0.33929
-0.34737
-0.33562
-0.33562
-0.33562
-0.32774
-0.296
-0.296
-0.296
-0.30979
-0.319
-0.319
-0.31493
-0.17741
-0.15476
-0.15263
0
0
0
0
-9.9082
0
0
0
0
0
0
0
0
-0.33929
4.668
-0.36333
-0.34951
-0.34951
-0.34951
-0.33789
-0.30523
-0.30523
-0.30523
-0.32178
-0.33165
-0.33165
-0.32728
-0.18727
-0.16363
0
0
0
0
0
0
0
0
0
0
0
0
0
0
-0.34737
-0.36333
12.9842
-0.3646
-0.3646
-0.3646
-0.35031
-0.31514
-0.31514
-0.31514
-0.33473
-0.34534
-0.34534
-0.34065
-0.19082
0
0
0
0
-8.3271
0
0
0
0
0
0
0
0
0
0
-0.33562
-0.34951
-0.3646
11.6615
-0.35294
-0.35294
-0.33909
-0.30382
-0.30382
-0.30382
-0.32473
-0.33477
-0.33477
-0.33033
0
0
0
0
0
0
-7.3307
0
0
0
0
0
0
0
0
0
-0.33562
-0.34951
-0.3646
-0.35294
11.6615
-0.35294
-0.33909
-0.30382
-0.30382
-0.30382
-0.32473
-0.33477
-0.33477
-0.33033
0
0
0
0
0
0
0
0
-7.3307
0
0
0
0
0
0
0
-0.33562
-0.34951
-0.3646
-0.35294
-0.35294
11.6615
-0.33909
-0.30382
-0.30382
-0.30382
-0.32473
-0.33477
-0.33477
-0.33033
0
0
0
-7.3307
0
0
0
0
0
0
0
0
0
0
0
0
-0.32774
-0.33789
-0.35031
-0.33909
-0.33909
-0.33909
4.3536
-0.29477
-0.29477
-0.29477
-0.31279
-0.32216
-0.32216
-0.31802
0
0
-0.16092
0
0
0
0
0
0
0
0
0
0
0
0
0
-0.296
-0.30523
-0.31514
-0.30382
-0.30382
-0.30382
-0.29477
3.7864
-0.25778
-0.25778
-0.2821
-0.28987
-0.28987
-0.28644
0
0
0
0
0
0
0
0
0
0
0
0
0
0
0
0
-0.296
-0.30523
-0.31514
-0.30382
-0.30382
-0.30382
-0.29477
-0.25778
3.7864
-0.25778
-0.2821
-0.28987
-0.28987
-0.28644
0
0
0
0
0
0
0
0
0
0
0
0
0
0
0
0
-0.296
-0.30523
-0.31514
-0.30382
-0.30382
-0.30382
-0.29477
-0.25778
-0.25778
3.7864
-0.2821
-0.28987
-0.28987
-0.28644
0
0
0
0
0
0
0
0
0
0
0
0
0
0
0
0
-0.30979
-0.32178
-0.33473
-0.32473
-0.32473
-0.32473
-0.31279
-0.2821
-0.2821
-0.2821
9.658
-0.29228
-0.29228
0
0
0
0
0
0
0
0
0
0
0
0
0
0
0
0
-5.9738
-0.319
-0.33165
-0.34534
-0.33477
-0.33477
-0.33477
-0.32216
-0.28987
-0.28987
-0.28987
-0.29228
8.1296
0
0
0
0
0
0
0
0
0
0
0
-4.6452
0
0
0
0
0
0
-0.319
-0.33165
-0.34534
-0.33477
-0.33477
-0.33477
-0.32216
-0.28987
-0.28987
-0.28987
-0.29228
0
8.1296
0
0
0
0
0
0
0
0
0
0
0
0
0
0
0
-4.6452
0
-0.31493
-0.32728
-0.34065
-0.33033
-0.33033
-0.33033
-0.31802
-0.28644
-0.28644
-0.28644
0
0
0
6.2085
0
0
0
0
-3.0573
0
0
0
0
0
0
0
0
0
0
0
-0.17741
-0.18727
-0.19082
0
0
0
0
0
0
0
0
0
0
0
19.9581
0
0
0
0
0
0
0
0
0
0
-9.7013
-9.7013
0
0
0
-0.15476
-0.16363
0
0
0
0
0
0
0
0
0
0
0
0
0
0.42296
0
0
0
0
0
0
0
0
0
0
0
-0.10457
0
0
-0.15263
0
0
0
0
0
-0.16092
0
0
0
0
0
0
0
0
0
0.41805
0
0
0
0
0
0
0
-0.1045
0
0
0
0
0
0
0
0
0
0
-7.3307
0
0
0
0
0
0
0
0
0
0
0
7.3307
0
0
0
0
0
0
0
0
0
0
0
0
0
0
0
0
0
0
0
0
0
0
0
0
0
-3.0573
0
0
0
0
3.0573
0
0
0
0
0
0
0
0
0
0
0
0
0
-8.3271
0
0
0
0
0
0
0
0
0
0
0
0
0
0
0
0
8.3271
0
0
0
0
0
0
0
0
0
0
0
0
0
-7.3307
0
0
0
0
0
0
0
0
0
0
0
0
0
0
0
0
7.3307
0
0
0
0
0
0
0
0
0
-9.9082
0
0
0
0
0
0
0
0
0
0
0
0
0
0
0
0
0
0
0
0
9.9082
0
0
0
0
0
0
0
0
0
0
0
0
-7.3307
0
0
0
0
0
0
0
0
0
0
0
0
0
0
0
0
0
7.3307
0
0
0
0
0
0
0
0
0
0
0
0
0
0
0
0
0
0
-4.6452
0
0
0
0
0
0
0
0
0
0
0
4.6452
0
0
0
0
0
0
0
0
0
0
0
0
0
0
0
0
0
0
0
0
0
0
-0.1045
0
0
0
0
0
0
0
0.1045
0
0
0
0
0
0
0
0
0
0
0
0
0
0
0
0
0
0
0
-9.7013
0
0
0
0
0
0
0
0
0
0
9.7013
0
0
0
0
0
0
0
0
0
0
0
0
0
0
0
0
0
0
-9.7013
0
0
0
0
0
0
0
0
0
0
0
9.7013
0
0
0
0
0
0
0
0
0
0
0
0
0
0
0
0
0
0
-0.10457
0
0
0
0
0
0
0
0
0
0
0
0.10457
0
0
0
0
0
0
0
0
0
0
0
0
0
0
-4.6452
0
0
0
0
0
0
0
0
0
0
0
0
0
0
0
4.6452
0
0
0
0
0
0
0
0
0
0
0
-5.9738
0
0
0
0
0
0
0
0
0
0
0
0
0
0
0
0
0
0
5.9738
