14.4294
-0.67004
-0.67191
-0.66389
-0.66267
-0.65922
-0.65922
-0.66238
-0.67336
-0.69505
-0.68305
-0.65815
-0.65815
-0.65815
-0.63751
0
0
0
-0.64364
0
0
0
0
0
0
0
0
0
0
-4.473
-0.67004
10.4667
-0.66566
-0.65981
-0.65847
-0.65494
-0.65494
-0.65973
-0.6696
-0.68782
-0.67787
-0.65369
-0.65369
-0.65369
-0.63383
0
-0.57624
0
-0.63663
0
0
0
0
0
0
0
0
0
0
0
-0.67191
-0.66566
13.5238
-0.66038
-0.65739
-0.65399
-0.65399
-0.65493
-0.6655
-0.6865
-0.67632
-0.65308
-0.65308
-0.65308
0
0
0
-0.64905
0
-4.2689
0
0
0
0
0
0
0
0
0
0
-0.66389
-0.65981
-0.66038
9.746
-0.6509
-0.64878
-0.64878
-0.65471
-0.66372
-0.67981
-0.66984
-0.64693
-0.64693
-0.64693
0
0
-0.57551
0
-0.62913
0
0
0
0
0
0
0
0
0
0
0
-0.66267
-0.65847
-0.65739
-0.6509
9.0761
-0.64792
-0.64792
-0.65145
-0.66034
-0.67704
-0.66907
-0.6469
-0.6469
-0.6469
0
-0.55225
0
0
0
0
0
0
0
0
0
0
0
0
0
0
-0.65922
-0.65494
-0.65399
-0.64878
-0.64792
8.4896
-0.63943
-0.65227
-0.66023
-0.67504
-0.66592
-0.64394
-0.64394
-0.64394
0
0
0
0
0
0
0
0
0
0
0
0
0
0
0
0
-0.65922
-0.65494
-0.65399
-0.64878
-0.64792
-0.63943
8.4896
-0.65227
-0.66023
-0.67504
-0.66592
-0.64394
-0.64394
-0.64394
0
0
0
0
0
0
0
0
0
0
0
0
0
0
0
0
-0.66238
-0.65973
-0.65493
-0.65471
-0.65145
-0.65227
-0.65227
22.4126
0
0
-0.66865
0
0
0
0
0
0
0
0
0
0
-5.7187
-5.7187
0
0
0
0
-5.7187
0
0
-0.67336
-0.6696
-0.6655
-0.66372
-0.66034
-0.66023
-0.66023
0
13.9056
0
0
0
0
0
0
0
0
0
0
0
-4.6263
0
0
0
0
-4.6263
0
0
0
0
-0.69505
-0.68782
-0.6865
-0.67981
-0.67704
-0.67504
-0.67504
0
0
7.1093
0
0
0
0
0
0
0
0
0
0
0
0
0
0
0
0
0
0
-2.333
0
-0.68305
-0.67787
-0.67632
-0.66984
-0.66907
-0.66592
-0.66592
-0.66865
0
0
5.3767
0
0
0
0
0
0
0
0
0
0
0
0
0
0
0
0
0
0
0
-0.65815
-0.65369
-0.65308
-0.64693
-0.6469
-0.64394
-0.64394
0
0
0
0
4.5466
0
0
0
0
0
0
0
0
0
0
0
0
0
0
0
0
0
0
-0.65815
-0.65369
-0.65308
-0.64693
-0.6469
-0.64394
-0.64394
0
0
0
0
0
4.5466
0
0
0
0
0
0
0
0
0
0
0
0
0
0
0
0
0
-0.65815
-0.65369
-0.65308
-0.64693
-0.6469
-0.64394
-0.64394
0
0
0
0
0
0
4.5466
0
0
0
0
0
0
0
0
0
0
0
0
0
0
0
0
-0.63751
-0.63383
0
0
0
0
0
0
0
0
0
0
0
0
2.562
0
0
-0.67462
0
0
0
0
0
0
-0.61608
0
0
0
0
0
0
0
0
0
-0.55225
0
0
0
0
0
0
0
0
0
0
1.8669
0
-0.71498
0
0
0
0
0
-0.59972
0
0
0
0
0
0
0
-0.57624
0
-0.57551
0
0
0
0
0
0
0
0
0
0
0
0
1.705
0
0
0
0
0
0
0
0
0
-0.55324
0
0
0
0
0
-0.64905
0
0
0
0
0
0
0
0
0
0
0
-0.67462
-0.71498
0
2.0387
0
0
0
0
0
0
0
0
0
0
0
0
-0.64364
-0.63663
0
-0.62913
0
0
0
0
0
0
0
0
0
0
0
0
0
0
1.9094
0
0
0
0
0
0
0
0
0
0
0
0
0
-4.2689
0
0
0
0
0
0
0
0
0
0
0
0
0
0
0
0
4.2689
0
0
0
0
0
0
0
0
0
0
0
0
0
0
0
0
0
0
-4.6263
0
0
0
0
0
0
0
0
0
0
0
4.6263
0
0
0
0
0
0
0
0
0
0
0
0
0
0
0
0
-5.7187
0
0
0
0
0
0
0
0
0
0
0
0
0
5.7187
0
0
0
0
0
0
0
0
0
0
0
0
0
0
0
-5.7187
0
0
0
0
0
0
0
0
0
0
0
0
0
0
5.7187
0
0
0
0
0
0
0
0
0
0
0
0
0
0
0
0
0
0
0
0
0
0
-0.59972
0
0
0
0
0
0
0
0.59972
0
0
0
0
0
0
0
0
0
0
0
0
0
0
0
0
0
0
0
0
-0.61608
0
0
0
0
0
0
0
0
0
0.61608
0
0
0
0
0
0
0
0
0
0
0
0
0
-4.6263
0
0
0
0
0
0
0
0
0
0
0
0
0
0
0
0
4.6263
0
0
0
0
0
0
0
0
0
0
0
0
0
0
0
0
0
0
0
0
-0.55324
0
0
0
0
0
0
0
0
0
0.55324
0
0
0
0
0
0
0
0
0
0
-5.7187
0
0
0
0
0
0
0
0
0
0
0
0
0
0
0
0
0
0
0
5.7187
0
0
0
0
0
0
0
0
0
0
0
-2.333
0
0
0
0
0
0
0
0
0
0
0
0
0
0
0
0
0
0
2.333
0
-4.473
0
0
0
0
0
0
0
0
0
0
0
0
0
0
0
0
0
0
0
0
0
0
0
0
0
0
0
0
4.473
