30.2657
-0.5205
-0.50502
-0.48282
-0.46866
-0.46947
-0.46947
-0.47481
-0.45174
-0.45174
-0.46465
-0.48909
-0.45851
-0.47234
-0.42164
-0.27599
0
0
0
0
0
0
0
-11.6946
0
0
0
0
-11.6946
0
-0.5205
16.5053
-0.53965
-0.52593
-0.50376
-0.49954
-0.49954
-0.51738
-0.47998
-0.47998
-0.49863
-0.53583
-0.48673
-0.50794
-0.46966
0
0
0
0
0
0
0
-9.4402
0
0
0
0
0
0
0
-0.50502
-0.53965
7.1147
-0.49807
-0.48874
-0.48069
-0.48069
-0.48999
-0.4622
-0.4622
-0.48561
-0.5065
-0.4687
-0.49098
-0.45091
-0.30475
0
0
0
0
0
0
0
0
0
0
0
0
0
0
-0.48282
-0.52593
-0.49807
14.6332
-0.46765
-0.46803
-0.46803
-0.46807
-0.4386
-0.4386
-0.45185
-0.48536
-0.44255
-0.45768
0
0
0
0
0
0
0
0
0
0
0
0
-8.54
0
0
0
-0.46866
-0.50376
-0.48874
-0.46765
8.21
-0.45637
-0.45637
-0.44854
-0.42774
-0.42774
-0.46157
-0.46232
-0.43049
-0.44787
0
0
0
0
0
-2.2622
0
0
0
0
0
0
0
0
0
0
-0.46947
-0.49954
-0.48069
-0.46803
-0.45637
6.3286
-0.42371
-0.45326
-0.42714
-0.42714
-0.4446
-0.4688
-0.43216
-0.4531
-0.42454
0
0
0
0
0
0
0
0
0
0
0
0
0
0
0
-0.46947
-0.49954
-0.48069
-0.46803
-0.45637
-0.42371
6.3286
-0.45326
-0.42714
-0.42714
-0.4446
-0.4688
-0.43216
-0.4531
-0.42454
0
0
0
0
0
0
0
0
0
0
0
0
0
0
0
-0.47481
-0.51738
-0.48999
-0.46807
-0.44854
-0.45326
-0.45326
13.4665
-0.43175
-0.43175
-0.44432
-0.47732
-0.43432
0
0
0
0
0
0
0
0
0
0
0
0
0
0
0
0
-7.9418
-0.45174
-0.47998
-0.4622
-0.4386
-0.42774
-0.42714
-0.42714
-0.43175
5.2192
-0.38821
-0.42533
-0.4483
-0.41107
0
0
0
0
0
0
0
0
0
0
0
0
0
0
0
0
0
-0.45174
-0.47998
-0.4622
-0.4386
-0.42774
-0.42714
-0.42714
-0.43175
-0.38821
5.2192
-0.42533
-0.4483
-0.41107
0
0
0
0
0
0
0
0
0
0
0
0
0
0
0
0
0
-0.46465
-0.49863
-0.48561
-0.45185
-0.46157
-0.4446
-0.4446
-0.44432
-0.42533
-0.42533
4.8257
0
0
0
0
0
0
0
-0.27924
0
0
0
0
0
0
0
0
0
0
0
-0.48909
-0.53583
-0.5065
-0.48536
-0.46232
-0.4688
-0.4688
-0.47732
-0.4483
-0.4483
0
11.3431
0
0
0
0
0
0
0
0
0
0
0
0
-6.5524
0
0
0
0
0
-0.45851
-0.48673
-0.4687
-0.44255
-0.43049
-0.43216
-0.43216
-0.43432
-0.41107
-0.41107
0
0
4.4078
0
0
0
0
0
0
0
0
0
0
0
0
0
0
0
0
0
-0.47234
-0.50794
-0.49098
-0.45768
-0.44787
-0.4531
-0.4531
0
0
0
0
0
0
3.4845
0
0
-0.2015
0
0
0
0
0
0
0
0
0
0
0
0
0
-0.42164
-0.46966
-0.45091
0
0
-0.42454
-0.42454
0
0
0
0
0
0
0
3.2459
0
-0.20771
0
0
0
0
0
0
0
0
0
0
-0.84693
0
0
-0.27599
0
-0.30475
0
0
0
0
0
0
0
0
0
0
0
0
1.0156
0
-0.33034
0
0
0
0
0
0
0
-0.1045
0
0
0
0
0
0
0
0
0
0
0
0
0
0
0
0
0
-0.2015
-0.20771
0
0.54427
0
0
0
0
-0.13507
0
0
0
0
0
0
0
0
0
0
0
0
0
0
0
0
0
0
0
0
0
0
0
-0.33034
0
4.06
0
-1.2814
-2.4482
0
0
0
0
0
0
0
0
0
0
0
0
0
0
0
0
0
0
0
-0.27924
0
0
0
0
0
0
0
1.5596
0
-1.2804
0
0
0
0
0
0
0
0
0
0
0
0
0
-2.2622
0
0
0
0
0
0
0
0
0
0
0
0
-1.2814
0
3.5436
0
0
0
0
0
0
0
0
0
0
0
0
0
0
0
0
0
0
0
0
0
0
0
0
0
0
0
-2.4482
-1.2804
0
3.7286
0
0
0
0
0
0
0
0
0
0
0
0
0
0
0
0
0
0
0
0
0
0
0
0
0
-0.13507
0
0
0
0
0.13507
0
0
0
0
0
0
0
0
0
-9.4402
0
0
0
0
0
0
0
0
0
0
0
0
0
0
0
0
0
0
0
0
9.4402
0
0
0
0
0
0
0
-11.6946
0
0
0
0
0
0
0
0
0
0
0
0
0
0
0
0
0
0
0
0
0
0
11.6946
0
0
0
0
0
0
0
0
0
0
0
0
0
0
0
0
0
-6.5524
0
0
0
0
0
0
0
0
0
0
0
0
6.5524
0
0
0
0
0
0
0
0
0
0
0
0
0
0
0
0
0
0
0
0
-0.1045
0
0
0
0
0
0
0
0
0
0.1045
0
0
0
0
0
0
0
-8.54
0
0
0
0
0
0
0
0
0
0
0
0
0
0
0
0
0
0
0
0
0
0
8.54
0
0
0
0
0
0
0
0
0
0
0
0
0
0
0
0
0
-0.84693
0
0
0
0
0
0
0
0
0
0
0
0
0.84693
0
0
-11.6946
0
0
0
0
0
0
0
0
0
0
0
0
0
0
0
0
0
0
0
0
0
0
0
0
0
0
0
11.6946
0
0
0
0
0
0
0
0
-7.9418
0
0
0
0
0
0
0
0
0
0
0
0
0
0
0
0
0
0
0
0
0
7.9418
