31.7256
-0.72363
-0.72363
-0.73071
-0.61221
-0.61221
-0.60727
-0.61221
-0.61221
-0.61499
-0.61221
-0.53384
-0.617
-0.6342
-0.62797
-0.59548
-0.6018
-0.6265
-0.26762
0
0
0
-10.38
0
0
-10.38
0
0
0
0
-0.72363
19.5343
-0.86565
-0.8446
-0.69944
-0.69944
-0.70599
-0.69944
-0.69944
-0.72788
-0.69944
-0.60569
-0.70687
-0.75264
-0.71913
-0.70616
-0.69519
-0.71279
0
0
0
0
0
0
-7.2709
0
0
0
0
0
-0.72363
-0.86565
19.5343
-0.8446
-0.69944
-0.69944
-0.70599
-0.69944
-0.69944
-0.72788
-0.69944
-0.60569
-0.70687
-0.75264
-0.71913
-0.70616
-0.69519
-0.71279
0
0
0
0
0
0
0
0
-7.2709
0
0
0
-0.73071
-0.8446
-0.8446
12.3598
-0.68334
-0.68334
-0.69031
-0.68334
-0.68334
-0.71093
-0.68334
-0.59096
-0.68859
-0.73552
-0.70015
-0.69184
-0.67911
-0.70462
-0.33114
0
0
0
0
0
0
0
0
0
0
0
-0.61221
-0.69944
-0.69944
-0.68334
10.044
-0.5429
-0.58935
-0.5429
-0.5429
-0.60493
-0.5429
-0.49259
-0.57263
-0.61137
-0.58127
-0.5777
-0.56537
-0.58277
0
0
0
0
0
0
0
0
0
0
0
0
-0.61221
-0.69944
-0.69944
-0.68334
-0.5429
10.044
-0.58935
-0.5429
-0.5429
-0.60493
-0.5429
-0.49259
-0.57263
-0.61137
-0.58127
-0.5777
-0.56537
-0.58277
0
0
0
0
0
0
0
0
0
0
0
0
-0.60727
-0.70599
-0.70599
-0.69031
-0.58935
-0.58935
9.703
-0.58935
-0.58935
-0.5964
-0.58935
-0.48066
-0.55047
-0.57517
-0.55753
-0.54582
-0.5433
0
0
-0.19736
0
0
0
0
0
0
0
0
0
0
-0.61221
-0.69944
-0.69944
-0.68334
-0.5429
-0.5429
-0.58935
10.044
-0.5429
-0.60493
-0.5429
-0.49259
-0.57263
-0.61137
-0.58127
-0.5777
-0.56537
-0.58277
0
0
0
0
0
0
0
0
0
0
0
0
-0.61221
-0.69944
-0.69944
-0.68334
-0.5429
-0.5429
-0.58935
-0.5429
10.044
-0.60493
-0.5429
-0.49259
-0.57263
-0.61137
-0.58127
-0.5777
-0.56537
-0.58277
0
0
0
0
0
0
0
0
0
0
0
0
-0.61499
-0.72788
-0.72788
-0.71093
-0.60493
-0.60493
-0.5964
-0.60493
-0.60493
16.3393
-0.60493
-0.49499
-0.57194
-0.59657
-0.57941
-0.56487
-0.5571
0
0
0
0
0
0
0
0
0
0
0
-6.5717
0
-0.61221
-0.69944
-0.69944
-0.68334
-0.5429
-0.5429
-0.58935
-0.5429
-0.5429
-0.60493
10.044
-0.49259
-0.57263
-0.61137
-0.58127
-0.5777
-0.56537
-0.58277
0
0
0
0
0
0
0
0
0
0
0
0
-0.53384
-0.60569
-0.60569
-0.59096
-0.49259
-0.49259
-0.48066
-0.49259
-0.49259
-0.49499
-0.49259
8.2196
-0.48624
-0.50844
-0.49063
-0.48503
-0.47446
0
0
0
0
0
0
0
0
0
0
0
0
0
-0.617
-0.70687
-0.70687
-0.68859
-0.57263
-0.57263
-0.55047
-0.57263
-0.57263
-0.57194
-0.57263
-0.48624
8.4253
-0.60322
-0.631
0
0
0
0
0
0
0
0
0
0
0
0
0
0
0
-0.6342
-0.75264
-0.75264
-0.73552
-0.61137
-0.61137
-0.57517
-0.61137
-0.61137
-0.59657
-0.61137
-0.50844
-0.60322
12.6258
0
0
0
0
0
0
0
-4.4105
0
0
0
0
0
0
0
0
-0.62797
-0.71913
-0.71913
-0.70015
-0.58127
-0.58127
-0.55753
-0.58127
-0.58127
-0.57941
-0.58127
-0.49063
-0.631
0
7.9313
0
0
0
0
0
0
0
0
0
0
0
0
0
0
0
-0.59548
-0.70616
-0.70616
-0.69184
-0.5777
-0.5777
-0.54582
-0.5777
-0.5777
-0.56487
-0.5777
-0.48503
0
0
0
10.6656
0
0
0
0
0
0
0
0
0
0
0
0
0
-3.4817
-0.6018
-0.69519
-0.69519
-0.67911
-0.56537
-0.56537
-0.5433
-0.56537
-0.56537
-0.5571
-0.56537
-0.47446
0
0
0
0
7.2784
0
0
-0.2054
0
0
0
0
0
0
0
0
0
0
-0.6265
-0.71279
-0.71279
-0.70462
-0.58277
-0.58277
0
-0.58277
-0.58277
0
-0.58277
0
0
0
0
0
0
5.9811
-0.31057
0
0
0
0
0
0
0
0
0
0
0
-0.26762
0
0
-0.33114
0
0
0
0
0
0
0
0
0
0
0
0
0
-0.31057
16.9942
0
0
0
0
-8.0424
0
0
0
-8.0424
0
0
0
0
0
0
0
0
-0.19736
0
0
0
0
0
0
0
0
0
-0.2054
0
0
0.50725
-0.1045
0
0
0
0
0
0
0
0
0
0
0
0
0
0
0
0
0
0
0
0
0
0
0
0
0
0
0
0
-0.1045
0.1045
0
0
0
0
0
0
0
0
0
0
0
0
0
0
0
0
0
0
0
0
0
0
-4.4105
0
0
0
0
0
0
0
4.4105
0
0
0
0
0
0
0
0
-10.38
0
0
0
0
0
0
0
0
0
0
0
0
0
0
0
0
0
0
0
0
0
10.38
0
0
0
0
0
0
0
0
0
0
0
0
0
0
0
0
0
0
0
0
0
0
0
0
0
-8.0424
0
0
0
0
8.0424
0
0
0
0
0
0
0
-7.2709
0
0
0
0
0
0
0
0
0
0
0
0
0
0
0
0
0
0
0
0
0
0
7.2709
0
0
0
0
0
-10.38
0
0
0
0
0
0
0
0
0
0
0
0
0
0
0
0
0
0
0
0
0
0
0
0
10.38
0
0
0
0
0
0
-7.2709
0
0
0
0
0
0
0
0
0
0
0
0
0
0
0
0
0
0
0
0
0
0
0
7.2709
0
0
0
0
0
0
0
0
0
0
0
0
0
0
0
0
0
0
0
0
0
-8.0424
0
0
0
0
0
0
0
0
8.0424
0
0
0
0
0
0
0
0
0
0
0
-6.5717
0
0
0
0
0
0
0
0
0
0
0
0
0
0
0
0
0
0
6.5717
0
0
0
0
0
0
0
0
0
0
0
0
0
0
0
0
-3.4817
0
0
0
0
0
0
0
0
0
0
0
0
0
3.4817
