52.3581
-0.50354
-0.49178
-0.51113
-0.49039
-0.46869
-0.46869
-0.46869
-0.48147
-0.46822
-0.43927
-0.46781
-0.47899
-0.48539
-0.41824
0
-0.60209
-0.18748
0
-2.4098
0
-10.6291
-10.6291
0
-10.6291
-10.6291
0
0
0
0
-0.50354
8.0109
-0.5544
-0.54582
-0.5528
-0.50096
-0.50096
-0.50096
-0.50994
-0.49787
-0.49646
-0.49459
-0.50384
-0.51031
-0.48863
-0.2374
-0.61236
0
0
0
0
0
0
0
0
0
0
0
0
0
-0.49178
-0.5544
12.6688
-0.55622
-0.56441
-0.50992
-0.50992
-0.50992
-0.51853
-0.50533
-0.50586
-0.50375
-0.51328
-0.51994
-0.49412
0
-0.6265
0
0
0
0
0
0
-4.7849
0
0
0
0
0
0
-0.51113
-0.54582
-0.55622
7.8342
-0.56177
-0.50473
-0.50473
-0.50473
-0.5129
-0.50382
-0.50223
-0.49693
-0.5062
-0.51262
-0.4964
0
-0.614
0
0
0
0
0
0
0
0
0
0
0
0
0
-0.49039
-0.5528
-0.56441
-0.56177
11.6475
-0.51272
-0.51272
-0.51272
-0.52331
-0.50993
-0.50699
-0.50509
-0.51502
-0.52164
-0.49593
0
0
0
0
0
0
0
0
0
0
0
-4.3621
0
0
0
-0.46869
-0.50096
-0.50992
-0.50473
-0.51272
6.6005
-0.43798
-0.43798
-0.48211
-0.47456
-0.44978
-0.44941
-0.45644
-0.46213
-0.45313
0
0
0
0
0
0
0
0
0
0
0
0
0
0
0
-0.46869
-0.50096
-0.50992
-0.50473
-0.51272
-0.43798
6.6005
-0.43798
-0.48211
-0.47456
-0.44978
-0.44941
-0.45644
-0.46213
-0.45313
0
0
0
0
0
0
0
0
0
0
0
0
0
0
0
-0.46869
-0.50096
-0.50992
-0.50473
-0.51272
-0.43798
-0.43798
6.6005
-0.48211
-0.47456
-0.44978
-0.44941
-0.45644
-0.46213
-0.45313
0
0
0
0
0
0
0
0
0
0
0
0
0
0
0
-0.48147
-0.50994
-0.51853
-0.5129
-0.52331
-0.48211
-0.48211
-0.48211
8.6633
-0.47652
-0.43596
-0.44154
-0.44566
-0.45176
0
0
0
0
-2.4194
0
0
0
0
0
0
0
0
0
0
0
-0.46822
-0.49787
-0.50533
-0.50382
-0.50993
-0.47456
-0.47456
-0.47456
-0.47652
6.343
-0.42586
-0.43529
-0.43979
-0.44581
0
0
0
-0.21084
0
0
0
0
0
0
0
0
0
0
0
0
-0.43927
-0.49646
-0.50586
-0.50223
-0.50699
-0.44978
-0.44978
-0.44978
-0.43596
-0.42586
7.3314
-0.45656
0
0
0
0
0
0
0
0
0
0
0
0
0
0
0
-2.2128
0
0
-0.46781
-0.49459
-0.50375
-0.49693
-0.50509
-0.44941
-0.44941
-0.44941
-0.44154
-0.43529
-0.45656
5.611
-0.46127
0
0
0
0
0
0
0
0
0
0
0
0
0
0
0
0
0
-0.47899
-0.50384
-0.51328
-0.5062
-0.51502
-0.45644
-0.45644
-0.45644
-0.44566
-0.43979
0
-0.46127
5.2334
0
0
0
0
0
0
0
0
0
0
0
0
0
0
0
0
0
-0.48539
-0.51031
-0.51994
-0.51262
-0.52164
-0.46213
-0.46213
-0.46213
-0.45176
-0.44581
0
0
0
4.8339
0
0
0
0
0
0
0
0
0
0
0
0
0
0
0
0
-0.41824
-0.48863
-0.49412
-0.4964
-0.49593
-0.45313
-0.45313
-0.45313
0
0
0
0
0
0
4.031
0
0
0
0
0
-0.27829
0
0
0
0
0
0
0
0
0
0
-0.2374
0
0
0
0
0
0
0
0
0
0
0
0
0
7.9116
0
0
-2.8429
-2.4148
0
0
0
0
0
0
0
0
-2.4165
0
-0.60209
-0.61236
-0.6265
-0.614
0
0
0
0
0
0
0
0
0
0
0
0
2.455
0
0
0
0
0
0
0
0
0
0
0
0
0
-0.18748
0
0
0
0
0
0
0
0
-0.21084
0
0
0
0
0
0
0
0.50282
0
0
0
0
0
0
0
0
0
0
0
-0.1045
0
0
0
0
0
0
0
0
-2.4194
0
0
0
0
0
0
-2.8429
0
0
5.2623
0
0
0
0
0
0
0
0
0
0
0
-2.4098
0
0
0
0
0
0
0
0
0
0
0
0
0
0
-2.4148
0
0
0
4.8246
0
0
0
0
0
0
0
0
0
0
0
0
0
0
0
0
0
0
0
0
0
0
0
0
-0.27829
0
0
0
0
0
0.27829
0
0
0
0
0
0
0
0
0
-10.6291
0
0
0
0
0
0
0
0
0
0
0
0
0
0
0
0
0
0
0
0
10.6291
0
0
0
0
0
0
0
0
-10.6291
0
0
0
0
0
0
0
0
0
0
0
0
0
0
0
0
0
0
0
0
0
10.6291
0
0
0
0
0
0
0
0
0
-4.7849
0
0
0
0
0
0
0
0
0
0
0
0
0
0
0
0
0
0
0
0
4.7849
0
0
0
0
0
0
-10.6291
0
0
0
0
0
0
0
0
0
0
0
0
0
0
0
0
0
0
0
0
0
0
0
10.6291
0
0
0
0
0
-10.6291
0
0
0
0
0
0
0
0
0
0
0
0
0
0
0
0
0
0
0
0
0
0
0
0
10.6291
0
0
0
0
0
0
0
0
-4.3621
0
0
0
0
0
0
0
0
0
0
0
0
0
0
0
0
0
0
0
0
0
4.3621
0
0
0
0
0
0
0
0
0
0
0
0
0
-2.2128
0
0
0
0
0
0
0
0
0
0
0
0
0
0
0
0
2.2128
0
0
0
0
0
0
0
0
0
0
0
0
0
0
0
0
0
-2.4165
0
0
0
0
0
0
0
0
0
0
0
0
2.4165
0
0
0
0
0
0
0
0
0
0
0
0
0
0
0
0
0
0
-0.1045
0
0
0
0
0
0
0
0
0
0
0
0.1045
