32.0142
-0.80107
-0.80107
-0.76834
-0.86406
-0.877
-0.88165
-0.86006
-0.86406
-0.86406
-0.71484
-0.71484
-0.71484
-0.71484
-0.744
-0.744
-0.61891
-0.65953
-1.3159
-1.244
0
0
0
0
-8.1236
0
-8.1236
0
0
0
-0.80107
16.6125
-0.74773
-0.73002
-0.845
-0.8263
-0.83382
-0.81916
-0.845
-0.845
-0.68117
-0.68117
-0.68117
-0.68117
-0.70814
-0.70814
-0.64232
-0.6163
-1.2097
-1.1517
0
0
-1.5584
0
0
0
0
0
0
0
-0.80107
-0.74773
16.6125
-0.73002
-0.845
-0.8263
-0.83382
-0.81916
-0.845
-0.845
-0.68117
-0.68117
-0.68117
-0.68117
-0.70814
-0.70814
-0.64232
-0.6163
-1.2097
-1.1517
0
0
-1.5584
0
0
0
0
0
0
0
-0.76834
-0.73002
-0.73002
14.5739
-0.80875
-0.79855
-0.80429
-0.78997
-0.80875
-0.80875
-0.65893
-0.65893
-0.65893
-0.65893
-0.6845
-0.6845
-0.61774
-0.5972
-1.1938
-1.113
0
0
0
0
0
0
0
0
0
0
-0.86406
-0.845
-0.845
-0.80875
18.7286
-0.97146
-0.9699
-0.9573
-0.97171
-0.97171
-0.74774
-0.74774
-0.74774
-0.74774
-0.77912
-0.77912
0
0
0
0
0
0
0
0
0
0
0
0
-5.9745
0
-0.877
-0.8263
-0.8263
-0.79855
-0.97146
14.0786
-0.95351
-0.95192
-0.97146
-0.97146
-0.73767
-0.73767
-0.73767
-0.73767
-0.76836
-0.76836
0
0
0
0
0
-1.4432
0
0
0
0
0
0
0
0
-0.88165
-0.83382
-0.83382
-0.80429
-0.9699
-0.95351
13.329
-0.94611
-0.9699
-0.9699
-0.73746
-0.73746
-0.73746
-0.73746
-0.76814
-0.76814
0
-0.67995
0
0
0
0
0
0
0
0
0
0
0
0
-0.86006
-0.81916
-0.81916
-0.78997
-0.9573
-0.95192
-0.94611
12.9211
-0.9573
-0.9573
-0.73298
-0.73298
-0.73298
-0.73298
-0.76335
-0.76335
0
0
0
0
-0.40424
0
0
0
0
0
0
0
0
0
-0.86406
-0.845
-0.845
-0.80875
-0.97171
-0.97146
-0.9699
-0.9573
18.7286
-0.97171
-0.74774
-0.74774
-0.74774
-0.74774
-0.77912
-0.77912
0
0
0
0
0
0
0
0
0
-5.9745
0
0
0
0
-0.86406
-0.845
-0.845
-0.80875
-0.97171
-0.97146
-0.9699
-0.9573
-0.97171
18.7286
-0.74774
-0.74774
-0.74774
-0.74774
-0.77912
-0.77912
0
0
0
0
0
0
0
0
0
0
0
0
0
-5.9745
-0.71484
-0.68117
-0.68117
-0.65893
-0.74774
-0.73767
-0.73746
-0.73298
-0.74774
-0.74774
10.2101
-0.59581
-0.59581
-0.59581
-0.61762
-0.61762
0
0
0
0
0
0
0
0
0
0
0
0
0
0
-0.71484
-0.68117
-0.68117
-0.65893
-0.74774
-0.73767
-0.73746
-0.73298
-0.74774
-0.74774
-0.59581
10.2101
-0.59581
-0.59581
-0.61762
-0.61762
0
0
0
0
0
0
0
0
0
0
0
0
0
0
-0.71484
-0.68117
-0.68117
-0.65893
-0.74774
-0.73767
-0.73746
-0.73298
-0.74774
-0.74774
-0.59581
-0.59581
10.2101
-0.59581
-0.61762
-0.61762
0
0
0
0
0
0
0
0
0
0
0
0
0
0
-0.71484
-0.68117
-0.68117
-0.65893
-0.74774
-0.73767
-0.73746
-0.73298
-0.74774
-0.74774
-0.59581
-0.59581
-0.59581
10.2101
-0.61762
-0.61762
0
0
0
0
0
0
0
0
0
0
0
0
0
0
-0.744
-0.70814
-0.70814
-0.6845
-0.77912
-0.76836
-0.76814
-0.76335
-0.77912
-0.77912
-0.61762
-0.61762
-0.61762
-0.61762
9.9525
0
0
0
0
0
0
0
0
0
0
0
0
0
0
0
-0.744
-0.70814
-0.70814
-0.6845
-0.77912
-0.76836
-0.76814
-0.76335
-0.77912
-0.77912
-0.61762
-0.61762
-0.61762
-0.61762
0
9.9525
0
0
0
0
0
0
0
0
0
0
0
0
0
0
-0.61891
-0.64232
-0.64232
-0.61774
0
0
0
0
0
0
0
0
0
0
0
0
2.6258
0
0
0
0
0
0
0
0
0
0
-0.1045
0
0
-0.65953
-0.6163
-0.6163
-0.5972
0
0
-0.67995
0
0
0
0
0
0
0
0
0
0
3.1693
0
0
0
0
0
0
0
0
0
0
0
0
-1.3159
-1.2097
-1.2097
-1.1938
0
0
0
0
0
0
0
0
0
0
0
0
0
0
7.0183
0
0
-2.0893
0
0
0
0
0
0
0
0
-1.244
-1.1517
-1.1517
-1.113
0
0
0
0
0
0
0
0
0
0
0
0
0
0
0
4.6605
0
0
0
0
0
0
0
0
0
0
0
0
0
0
0
0
0
-0.40424
0
0
0
0
0
0
0
0
0
0
0
0
1.4665
-0.52387
0
-0.5384
0
0
0
0
0
0
0
0
0
0
0
-1.4432
0
0
0
0
0
0
0
0
0
0
0
0
-2.0893
0
-0.52387
4.0564
0
0
0
0
0
0
0
0
0
-1.5584
-1.5584
0
0
0
0
0
0
0
0
0
0
0
0
0
0
0
0
0
0
0
3.1168
0
0
0
0
0
0
0
0
0
0
0
0
0
0
0
0
0
0
0
0
0
0
0
0
0
0
0
-0.5384
0
0
0.5384
0
0
0
0
0
0
-8.1236
0
0
0
0
0
0
0
0
0
0
0
0
0
0
0
0
0
0
0
0
0
0
0
8.1236
0
0
0
0
0
0
0
0
0
0
0
0
0
-5.9745
0
0
0
0
0
0
0
0
0
0
0
0
0
0
0
0
5.9745
0
0
0
0
-8.1236
0
0
0
0
0
0
0
0
0
0
0
0
0
0
0
0
0
0
0
0
0
0
0
0
0
8.1236
0
0
0
0
0
0
0
0
0
0
0
0
0
0
0
0
0
0
0
-0.1045
0
0
0
0
0
0
0
0
0
0
0.1045
0
0
0
0
0
0
-5.9745
0
0
0
0
0
0
0
0
0
0
0
0
0
0
0
0
0
0
0
0
0
0
0
5.9745
0
0
0
0
0
0
0
0
0
0
-5.9745
0
0
0
0
0
0
0
0
0
0
0
0
0
0
0
0
0
0
0
5.9745
