31.1019
-0.66362
-0.67019
-0.67019
-0.597
-0.64569
-0.63349
-0.60416
-0.60416
-0.60516
-0.60619
-0.62756
-0.62756
-0.62567
-0.66667
-0.64914
-0.62507
-1.027
-1.027
0
0
0
-9.4632
0
0
0
0
0
0
-9.4632
-0.66362
18.877
-0.68294
-0.68294
-0.64012
-0.6732
-0.65231
-0.61711
-0.61711
-0.63314
-0.64064
-0.64242
-0.64242
-0.63872
-0.68046
-0.66035
-0.63108
-1.0108
-1.0108
0
0
0
0
-6.4569
0
0
0
0
0
0
-0.67019
-0.68294
12.3596
-0.67299
-0.65812
-0.67463
-0.65595
-0.6129
-0.6129
-0.63504
-0.65164
-0.63942
-0.63942
-0.63458
-0.6758
-0.65505
-0.62354
-0.98225
-0.98225
0
0
0
0
0
0
0
0
0
0
0
-0.67019
-0.68294
-0.67299
12.3596
-0.65812
-0.67463
-0.65595
-0.6129
-0.6129
-0.63504
-0.65164
-0.63942
-0.63942
-0.63458
-0.6758
-0.65505
-0.62354
-0.98225
-0.98225
0
0
0
0
0
0
0
0
0
0
0
-0.597
-0.64012
-0.65812
-0.65812
25.7617
-0.63328
-0.62736
-0.58171
-0.58171
-0.57134
-0.5706
-0.59999
-0.59999
-0.59695
-0.63682
-0.62084
0
0
0
0
0
0
0
0
-8.2939
0
0
0
-8.2939
0
-0.64569
-0.6732
-0.67463
-0.67463
-0.63328
15.5573
-0.63431
-0.59159
-0.59159
-0.60729
-0.61423
-0.61904
-0.61904
-0.61474
-0.655
-0.63585
-0.60977
0
0
0
0
0
0
0
0
0
0
-5.4635
0
0
-0.63349
-0.65231
-0.65595
-0.65595
-0.62736
-0.63431
10.0031
-0.57819
-0.57819
-0.59265
-0.63286
-0.60563
-0.60563
-0.59887
-0.63721
-0.61843
-0.59156
0
0
0
-0.1045
0
0
0
0
0
0
0
0
0
-0.60416
-0.61711
-0.6129
-0.6129
-0.58171
-0.59159
-0.57819
9.2932
-0.53783
-0.55875
-0.57175
-0.56769
-0.56769
-0.56137
-0.59774
-0.57956
-0.55223
0
0
0
0
0
0
0
0
0
0
0
0
0
-0.60416
-0.61711
-0.6129
-0.6129
-0.58171
-0.59159
-0.57819
-0.53783
9.2932
-0.55875
-0.57175
-0.56769
-0.56769
-0.56137
-0.59774
-0.57956
-0.55223
0
0
0
0
0
0
0
0
0
0
0
0
0
-0.60516
-0.63314
-0.63504
-0.63504
-0.57134
-0.60729
-0.59265
-0.55875
-0.55875
12.3895
-0.56271
-0.58519
-0.58519
-0.57411
-0.61533
0
0
0
0
0
0
0
0
0
0
-4.0698
0
0
0
0
-0.60619
-0.64064
-0.65164
-0.65164
-0.5706
-0.61423
-0.63286
-0.57175
-0.57175
-0.56271
10.5449
-0.61244
-0.61244
0
0
0
0
0
0
0
0
-0.10673
0
0
0
0
-3.1393
0
0
0
-0.62756
-0.64242
-0.63942
-0.63942
-0.59999
-0.61904
-0.60563
-0.56769
-0.56769
-0.58519
-0.61244
7.8587
-0.57015
-0.58202
0
0
0
0
0
0
0
0
0
0
0
0
0
0
0
0
-0.62756
-0.64242
-0.63942
-0.63942
-0.59999
-0.61904
-0.60563
-0.56769
-0.56769
-0.58519
-0.61244
-0.57015
7.8587
-0.58202
0
0
0
0
0
0
0
0
0
0
0
0
0
0
0
0
-0.62567
-0.63872
-0.63458
-0.63458
-0.59695
-0.61474
-0.59887
-0.56137
-0.56137
-0.57411
0
-0.58202
-0.58202
7.205
0
0
0
0
0
0
0
0
0
0
0
0
0
0
0
0
-0.66667
-0.68046
-0.6758
-0.6758
-0.63682
-0.655
-0.63721
-0.59774
-0.59774
-0.61533
0
0
0
0
6.4386
0
0
0
0
0
0
0
0
0
0
0
0
0
0
0
-0.64914
-0.66035
-0.65505
-0.65505
-0.62084
-0.63585
-0.61843
-0.57956
-0.57956
0
0
0
0
0
0
5.6538
0
0
0
0
0
0
0
0
0
0
0
0
0
0
-0.62507
-0.63108
-0.62354
-0.62354
0
-0.60977
-0.59156
-0.55223
-0.55223
0
0
0
0
0
0
0
4.809
0
0
0
0
0
0
0
0
0
0
0
0
0
-1.027
-1.0108
-0.98225
-0.98225
0
0
0
0
0
0
0
0
0
0
0
0
0
4.0023
0
0
0
0
0
0
0
0
0
0
0
0
-1.027
-1.0108
-0.98225
-0.98225
0
0
0
0
0
0
0
0
0
0
0
0
0
0
4.0023
0
0
0
0
0
0
0
0
0
0
0
0
0
0
0
0
0
0
0
0
0
0
0
0
0
0
0
0
0
0
1.8879
-0.95528
-0.93267
0
0
0
0
0
0
0
0
0
0
0
0
0
0
-0.1045
0
0
0
0
0
0
0
0
0
0
0
0
-0.95528
1.0598
0
0
0
0
0
0
0
0
0
0
0
0
0
0
0
0
0
0
0
-0.10673
0
0
0
0
0
0
0
0
-0.93267
0
1.0394
0
0
0
0
0
0
0
0
-9.4632
0
0
0
0
0
0
0
0
0
0
0
0
0
0
0
0
0
0
0
0
0
9.4632
0
0
0
0
0
0
0
0
-6.4569
0
0
0
0
0
0
0
0
0
0
0
0
0
0
0
0
0
0
0
0
0
6.4569
0
0
0
0
0
0
0
0
0
0
-8.2939
0
0
0
0
0
0
0
0
0
0
0
0
0
0
0
0
0
0
0
8.2939
0
0
0
0
0
0
0
0
0
0
0
0
0
0
-4.0698
0
0
0
0
0
0
0
0
0
0
0
0
0
0
0
4.0698
0
0
0
0
0
0
0
0
0
0
0
0
0
0
-3.1393
0
0
0
0
0
0
0
0
0
0
0
0
0
0
0
3.1393
0
0
0
0
0
0
0
0
-5.4635
0
0
0
0
0
0
0
0
0
0
0
0
0
0
0
0
0
0
0
0
0
5.4635
0
0
0
0
0
0
-8.2939
0
0
0
0
0
0
0
0
0
0
0
0
0
0
0
0
0
0
0
0
0
0
0
8.2939
0
-9.4632
0
0
0
0
0
0
0
0
0
0
0
0
0
0
0
0
0
0
0
0
0
0
0
0
0
0
0
0
9.4632
