10.6205
-0.50309
-0.5099
-0.4553
-0.51691
-0.54407
-0.55446
-0.5573
-0.83775
-0.54828
-0.55738
-0.54033
-0.73913
0
-0.81732
-0.84849
0
-1.1283
0
0
-0.96249
0
0
0
0
0
0
0
0
0
-0.50309
8.826
-0.51454
-0.44999
-0.51878
-0.56499
-0.58031
-0.55577
-0.86947
-0.59048
-0.55719
-0.53127
-0.73578
0
0
-0.82075
0
0
0
0
-1.0336
0
0
0
0
0
0
0
0
0
-0.5099
-0.51454
10.3946
-0.45198
-0.51877
-0.56331
-0.54246
-0.55764
-0.89964
-0.58466
-0.55943
-0.53557
-0.76778
0
0
-0.81159
0
0
0
0
0
0
0
0
0
0
-2.5774
0
0
0
-0.4553
-0.44999
-0.45198
6.9285
-0.45999
-0.50024
-0.50505
-0.49107
-0.77155
-0.51567
-0.49241
-0.46605
-0.66732
0
0
-0.70191
0
0
0
0
0
0
0
0
0
0
0
0
0
0
-0.51691
-0.51878
-0.51877
-0.45999
5.6105
-0.56547
-0.58821
-0.55654
-0.84242
0
-0.53501
-0.50837
0
0
0
0
0
0
0
0
0
0
0
0
0
0
0
0
0
0
-0.54407
-0.56499
-0.56331
-0.50024
-0.56547
6.6432
0
-0.61667
0
0
-0.58193
0
0
0
0
0
0
-1.1996
0
0
0
0
0
-1.5069
0
0
0
0
0
0
-0.55446
-0.58031
-0.54246
-0.50505
-0.58821
0
6.4076
0
0
-0.56808
0
0
0
-0.79488
0
0
0
0
0
0
0
0
0
0
0
0
-2.2742
0
0
0
-0.5573
-0.55577
-0.55764
-0.49107
-0.55654
-0.61667
0
4.3722
0
0
-0.51134
-0.52588
0
0
0
0
0
0
0
0
0
0
0
0
0
0
0
0
0
0
-0.83775
-0.86947
-0.89964
-0.77155
-0.84242
0
0
0
14.0491
0
0
0
0
0
0
0
0
0
-1.507
0
0
0
0
0
0
0
0
-8.3213
0
0
-0.54828
-0.59048
-0.58466
-0.51567
0
0
-0.56808
0
0
7.5472
0
0
0
0
0
0
0
0
0
-1.6496
0
-3.0904
0
0
0
0
0
0
0
0
-0.55738
-0.55719
-0.55943
-0.49241
-0.53501
-0.58193
0
-0.51134
0
0
3.7947
0
0
0
0
0
0
0
0
0
0
0
0
0
0
0
0
0
0
0
-0.54033
-0.53127
-0.53557
-0.46605
-0.50837
0
0
-0.52588
0
0
0
3.1075
0
0
0
0
0
0
0
0
0
0
0
0
0
0
0
0
0
0
-0.73913
-0.73578
-0.76778
-0.66732
0
0
0
0
0
0
0
0
4.4092
0
0
0
0
0
-1.4992
0
0
0
0
0
0
0
0
0
0
0
0
0
0
0
0
0
-0.79488
0
0
0
0
0
0
7.4635
0
0
-1.285
0
0
0
0
0
-2.5081
0
-2.8756
0
0
0
0
0
-0.81732
0
0
0
0
0
0
0
0
0
0
0
0
0
5.5614
0
-1.301
0
0
0
0
0
0
-2.0185
0
0
0
0
0
-1.4246
-0.84849
-0.82075
-0.81159
-0.70191
0
0
0
0
0
0
0
0
0
0
0
3.1827
0
0
0
0
0
0
0
0
0
0
0
0
0
0
0
0
0
0
0
0
0
0
0
0
0
0
0
-1.285
-1.301
0
4.5259
0
-1.94
0
0
0
0
0
0
0
0
0
0
0
-1.1283
0
0
0
0
-1.1996
0
0
0
0
0
0
0
0
0
0
0
5.0366
0
0
0
0
0
0
0
0
0
0
-2.7087
0
0
0
0
0
0
0
0
0
-1.507
0
0
0
-1.4992
0
0
0
-1.94
0
4.9462
0
0
0
0
0
0
0
0
0
0
0
0
0
0
0
0
0
0
0
0
-1.6496
0
0
0
0
0
0
0
0
0
3.8527
-0.82417
0
0
0
0
-1.3789
0
0
0
0
-0.96249
-1.0336
0
0
0
0
0
0
0
0
0
0
0
0
0
0
0
0
0
-0.82417
2.8203
0
0
0
0
0
0
0
0
0
0
0
0
0
0
0
0
0
0
-3.0904
0
0
0
0
0
0
0
0
0
0
0
3.9643
0
0
-0.87391
0
0
0
0
0
0
0
0
0
0
0
0
0
0
0
0
0
0
-2.5081
0
0
0
0
0
0
0
0
4.2418
0
0
-1.7337
0
0
0
0
0
0
0
0
0
-1.5069
0
0
0
0
0
0
0
0
-2.0185
0
0
0
0
0
0
0
0
3.5254
0
0
0
0
0
0
0
0
0
0
0
0
0
0
0
0
0
0
0
-2.8756
0
0
0
0
0
0
0
-0.87391
0
0
3.7495
0
0
0
0
0
0
0
0
0
0
0
0
0
0
0
0
0
0
0
0
0
0
0
0
-1.3789
0
0
-1.7337
0
0
3.1126
0
0
0
0
0
0
-2.5774
0
0
0
-2.2742
0
0
0
0
0
0
0
0
0
0
0
0
0
0
0
0
0
0
0
4.8515
0
0
0
0
0
0
0
0
0
0
0
-8.3213
0
0
0
0
0
0
0
0
0
0
0
0
0
0
0
0
0
0
8.3213
0
0
0
0
0
0
0
0
0
0
0
0
0
0
0
0
0
0
0
-2.7087
0
0
0
0
0
0
0
0
0
0
2.7087
0
0
0
0
0
0
0
0
0
0
0
0
0
0
0
-1.4246
0
0
0
0
0
0
0
0
0
0
0
0
0
0
1.4246
