22.2546
-1.0072
-1.0072
-1.0072
-1.0072
-0.95416
-1.0242
-1.105
-1.0955
-0.9259
-0.9259
-0.9259
-0.9259
-0.9259
-1.041
-0.97466
-0.97466
-1.0307
-1.0447
-1.2212
-1.0882
0
0
0
0
-2.0423
0
0
0
0
-1.0072
18.5913
-0.90734
-0.90734
-0.90734
-0.8786
-0.9389
-1.0167
-1.0084
-0.84902
-0.84902
-0.84902
-0.84902
-0.84902
-0.95125
-0.89287
-0.89287
-0.94877
-0.96384
-1.1445
-0.98032
0
0
0
0
0
0
0
0
0
-1.0072
-0.90734
18.5913
-0.90734
-0.90734
-0.8786
-0.9389
-1.0167
-1.0084
-0.84902
-0.84902
-0.84902
-0.84902
-0.84902
-0.95125
-0.89287
-0.89287
-0.94877
-0.96384
-1.1445
-0.98032
0
0
0
0
0
0
0
0
0
-1.0072
-0.90734
-0.90734
18.5913
-0.90734
-0.8786
-0.9389
-1.0167
-1.0084
-0.84902
-0.84902
-0.84902
-0.84902
-0.84902
-0.95125
-0.89287
-0.89287
-0.94877
-0.96384
-1.1445
-0.98032
0
0
0
0
0
0
0
0
0
-1.0072
-0.90734
-0.90734
-0.90734
18.5913
-0.8786
-0.9389
-1.0167
-1.0084
-0.84902
-0.84902
-0.84902
-0.84902
-0.84902
-0.95125
-0.89287
-0.89287
-0.94877
-0.96384
-1.1445
-0.98032
0
0
0
0
0
0
0
0
0
-0.95416
-0.8786
-0.8786
-0.8786
-0.8786
17.1995
-0.88013
-0.94938
-0.93643
-0.793
-0.793
-0.793
-0.793
-0.793
-0.88084
-0.83255
-0.83255
-0.87046
-0.89928
0
0
-1.6844
0
0
0
0
0
0
0
0
-1.0242
-0.9389
-0.9389
-0.9389
-0.9389
-0.88013
16.7296
-1.0355
-1.0166
-0.86058
-0.86058
-0.86058
-0.86058
-0.86058
-0.96493
-0.9045
-0.9045
-0.96098
-0.97974
0
0
0
0
0
0
0
0
0
0
0
-1.105
-1.0167
-1.0167
-1.0167
-1.0167
-0.94938
-1.0355
17.0807
-1.1251
-0.93903
-0.93903
-0.93903
-0.93903
-0.93903
-1.0636
-0.99172
-0.99172
-1.0565
0
0
0
0
0
0
0
0
0
0
0
0
-1.0955
-1.0084
-1.0084
-1.0084
-1.0084
-0.93643
-1.0166
-1.1251
17.8196
-0.94095
-0.94095
-0.94095
-0.94095
-0.94095
-1.0661
-0.99491
-0.99491
0
0
0
0
-1.8515
0
0
0
0
0
0
0
0
-0.9259
-0.84902
-0.84902
-0.84902
-0.84902
-0.793
-0.86058
-0.93903
-0.94095
13.3128
-0.73375
-0.73375
-0.73375
-0.73375
-0.88023
-0.82102
-0.82102
0
0
0
0
0
0
0
0
0
0
0
0
0
-0.9259
-0.84902
-0.84902
-0.84902
-0.84902
-0.793
-0.86058
-0.93903
-0.94095
-0.73375
13.3128
-0.73375
-0.73375
-0.73375
-0.88023
-0.82102
-0.82102
0
0
0
0
0
0
0
0
0
0
0
0
0
-0.9259
-0.84902
-0.84902
-0.84902
-0.84902
-0.793
-0.86058
-0.93903
-0.94095
-0.73375
-0.73375
13.3128
-0.73375
-0.73375
-0.88023
-0.82102
-0.82102
0
0
0
0
0
0
0
0
0
0
0
0
0
-0.9259
-0.84902
-0.84902
-0.84902
-0.84902
-0.793
-0.86058
-0.93903
-0.94095
-0.73375
-0.73375
-0.73375
13.3128
-0.73375
-0.88023
-0.82102
-0.82102
0
0
0
0
0
0
0
0
0
0
0
0
0
-0.9259
-0.84902
-0.84902
-0.84902
-0.84902
-0.793
-0.86058
-0.93903
-0.94095
-0.73375
-0.73375
-0.73375
-0.73375
13.3128
-0.88023
-0.82102
-0.82102
0
0
0
0
0
0
0
0
0
0
0
0
0
-1.041
-0.95125
-0.95125
-0.95125
-0.95125
-0.88084
-0.96493
-1.0636
-1.0661
-0.88023
-0.88023
-0.88023
-0.88023
-0.88023
15.428
0
0
0
0
0
0
0
0
0
0
0
-2.2053
0
0
0
-0.97466
-0.89287
-0.89287
-0.89287
-0.89287
-0.83255
-0.9045
-0.99172
-0.99491
-0.82102
-0.82102
-0.82102
-0.82102
-0.82102
0
12.3749
0
0
0
0
0
0
0
0
0
0
0
0
0
0
-0.97466
-0.89287
-0.89287
-0.89287
-0.89287
-0.83255
-0.9045
-0.99172
-0.99491
-0.82102
-0.82102
-0.82102
-0.82102
-0.82102
0
0
12.3749
0
0
0
0
0
0
0
0
0
0
0
0
0
-1.0307
-0.94877
-0.94877
-0.94877
-0.94877
-0.87046
-0.96098
-1.0565
0
0
0
0
0
0
0
0
0
11.3757
0
0
0
0
-1.4887
0
0
0
0
-2.1733
0
0
-1.0447
-0.96384
-0.96384
-0.96384
-0.96384
-0.89928
-0.97974
0
0
0
0
0
0
0
0
0
0
0
8.4628
0
0
0
0
0
-1.6836
0
0
0
0
0
-1.2212
-1.1445
-1.1445
-1.1445
-1.1445
0
0
0
0
0
0
0
0
0
0
0
0
0
0
7.5379
0
0
0
0
-1.7389
0
0
0
0
0
-1.0882
-0.98032
-0.98032
-0.98032
-0.98032
0
0
0
0
0
0
0
0
0
0
0
0
0
0
0
5.0094
0
0
0
0
0
0
0
0
0
0
0
0
0
0
-1.6844
0
0
-1.8515
0
0
0
0
0
0
0
0
0
0
0
0
7.6202
0
-2.4894
0
-1.5949
0
0
0
0
0
0
0
0
0
0
0
0
0
0
0
0
0
0
0
0
0
-1.4887
0
0
0
0
6.3444
0
-2.1874
0
0
0
0
-2.6683
0
0
0
0
0
0
0
0
0
0
0
0
0
0
0
0
0
0
0
0
0
-2.4894
0
3.804
0
0
-0.68556
-0.62905
0
0
0
0
0
0
0
0
0
0
0
0
0
0
0
0
0
0
0
0
-1.6836
-1.7389
0
0
-2.1874
0
5.6099
0
0
0
0
0
-2.0423
0
0
0
0
0
0
0
0
0
0
0
0
0
0
0
0
0
0
0
0
-1.5949
0
0
0
6.6602
0
0
-3.023
0
0
0
0
0
0
0
0
0
0
0
0
0
0
0
-2.2053
0
0
0
0
0
0
0
0
-0.68556
0
0
2.8909
0
0
0
0
0
0
0
0
0
0
0
0
0
0
0
0
0
0
0
0
-2.1733
0
0
0
0
0
-0.62905
0
0
0
2.8023
0
0
0
0
0
0
0
0
0
0
0
0
0
0
0
0
0
0
0
0
0
0
0
0
0
0
0
-3.023
0
0
3.023
0
0
0
0
0
0
0
0
0
0
0
0
0
0
0
0
0
0
0
0
0
0
0
-2.6683
0
0
0
0
0
0
2.6683
