11.8809
-0.67297
-0.58885
-0.58885
-0.58885
-0.65813
-0.62894
-0.60717
-0.59712
-0.70288
-0.70288
-0.70288
-0.59187
-0.59187
-0.59547
-0.53843
-0.53843
-1.1008
-0.53843
-0.34602
0
0
0
0
0
0
0
0
0
0
-0.67297
35.9465
-0.61951
-0.61951
-0.61951
-0.6731
-0.64105
-0.6212
-0.61607
-0.71542
-0.71542
-0.71542
-0.61333
-0.61333
-0.59764
-0.56708
-0.56708
0
-0.56708
0
0
0
0
0
0
-12.5959
0
0
0
-12.5959
-0.58885
-0.61951
10.6538
-0.53681
-0.53681
-0.60553
-0.57934
-0.55722
-0.54963
-0.64592
-0.64592
-0.64592
-0.54394
-0.54394
-0.55182
-0.49566
-0.49566
-1.0157
-0.49566
0
0
0
0
0
0
0
0
0
0
0
-0.58885
-0.61951
-0.53681
10.6538
-0.53681
-0.60553
-0.57934
-0.55722
-0.54963
-0.64592
-0.64592
-0.64592
-0.54394
-0.54394
-0.55182
-0.49566
-0.49566
-1.0157
-0.49566
0
0
0
0
0
0
0
0
0
0
0
-0.58885
-0.61951
-0.53681
-0.53681
10.6538
-0.60553
-0.57934
-0.55722
-0.54963
-0.64592
-0.64592
-0.64592
-0.54394
-0.54394
-0.55182
-0.49566
-0.49566
-1.0157
-0.49566
0
0
0
0
0
0
0
0
0
0
0
-0.65813
-0.6731
-0.60553
-0.60553
-0.60553
18.7013
-0.63121
-0.60291
-0.59188
-0.69914
-0.69914
-0.69914
-0.58746
-0.58746
-0.59083
0
0
0
0
0
0
-9.8643
0
0
0
0
0
0
0
0
-0.62894
-0.64105
-0.57934
-0.57934
-0.57934
-0.63121
8.6314
-0.57606
-0.56512
-0.66369
-0.66369
-0.66369
-0.56118
-0.56118
-0.56692
0
0
0
0
0
-0.17065
0
0
0
0
0
0
0
0
0
-0.60717
-0.6212
-0.55722
-0.55722
-0.55722
-0.60291
-0.57606
7.9494
-0.54388
-0.63649
-0.63649
-0.63649
-0.5408
-0.5408
0
0
0
0
0
-0.33547
0
0
0
0
0
0
0
0
0
0
-0.59712
-0.61607
-0.54963
-0.54963
-0.54963
-0.59188
-0.56512
-0.54388
7.496
-0.62578
-0.62578
-0.62578
-0.52788
-0.52788
0
0
0
0
0
0
0
0
0
0
0
0
0
0
0
0
-0.70288
-0.71542
-0.64592
-0.64592
-0.64592
-0.69914
-0.66369
-0.63649
-0.62578
11.1515
0
0
0
0
0
0
0
0
0
0
0
0
0
0
0
0
0
0
-5.1703
0
-0.70288
-0.71542
-0.64592
-0.64592
-0.64592
-0.69914
-0.66369
-0.63649
-0.62578
0
11.1515
0
0
0
0
0
0
0
0
0
0
0
0
-5.1703
0
0
0
0
0
0
-0.70288
-0.71542
-0.64592
-0.64592
-0.64592
-0.69914
-0.66369
-0.63649
-0.62578
0
0
11.1515
0
0
0
0
0
0
0
0
0
0
0
0
0
0
-5.1703
0
0
0
-0.59187
-0.61333
-0.54394
-0.54394
-0.54394
-0.58746
-0.56118
-0.5408
-0.52788
0
0
0
5.0543
0
0
0
0
0
0
0
0
0
0
0
0
0
0
0
0
0
-0.59187
-0.61333
-0.54394
-0.54394
-0.54394
-0.58746
-0.56118
-0.5408
-0.52788
0
0
0
0
5.0543
0
0
0
0
0
0
0
0
0
0
0
0
0
0
0
0
-0.59547
-0.59764
-0.55182
-0.55182
-0.55182
-0.59083
-0.56692
0
0
0
0
0
0
0
5.9877
0
0
0
0
0
0
0
-1.9813
0
0
0
0
0
0
0
-0.53843
-0.56708
-0.49566
-0.49566
-0.49566
0
0
0
0
0
0
0
0
0
0
2.5925
0
0
0
0
0
0
0
0
0
0
0
0
0
0
-0.53843
-0.56708
-0.49566
-0.49566
-0.49566
0
0
0
0
0
0
0
0
0
0
0
2.5925
0
0
0
0
0
0
0
0
0
0
0
0
0
-1.1008
0
-1.0157
-1.0157
-1.0157
0
0
0
0
0
0
0
0
0
0
0
0
5.0495
0
0
-0.90166
0
0
0
0
0
0
0
0
0
-0.53843
-0.56708
-0.49566
-0.49566
-0.49566
0
0
0
0
0
0
0
0
0
0
0
0
0
2.5925
0
0
0
0
0
0
0
0
0
0
0
-0.34602
0
0
0
0
0
0
-0.33547
0
0
0
0
0
0
0
0
0
0
0
0.95359
0
0
0
0
-0.2721
0
0
0
0
0
0
0
0
0
0
0
-0.17065
0
0
0
0
0
0
0
0
0
0
-0.90166
0
0
1.1768
0
0
0
0
0
0
-0.1045
0
0
0
0
0
0
0
-9.8643
0
0
0
0
0
0
0
0
0
0
0
0
0
0
0
9.8643
0
0
0
0
0
0
0
0
0
0
0
0
0
0
0
0
0
0
0
0
0
0
-1.9813
0
0
0
0
0
0
0
1.9813
0
0
0
0
0
0
0
0
0
0
0
0
0
0
0
0
0
-5.1703
0
0
0
0
0
0
0
0
0
0
0
0
5.1703
0
0
0
0
0
0
0
0
0
0
0
0
0
0
0
0
0
0
0
0
0
0
0
0
0
-0.2721
0
0
0
0
0.2721
0
0
0
0
0
0
-12.5959
0
0
0
0
0
0
0
0
0
0
0
0
0
0
0
0
0
0
0
0
0
0
0
12.5959
0
0
0
0
0
0
0
0
0
0
0
0
0
0
0
-5.1703
0
0
0
0
0
0
0
0
0
0
0
0
0
0
5.1703
0
0
0
0
0
0
0
0
0
0
0
0
0
0
0
0
0
0
0
0
0
0
0
-0.1045
0
0
0
0
0
0
0.1045
0
0
0
0
0
0
0
0
0
0
0
-5.1703
0
0
0
0
0
0
0
0
0
0
0
0
0
0
0
0
0
0
5.1703
0
0
-12.5959
0
0
0
0
0
0
0
0
0
0
0
0
0
0
0
0
0
0
0
0
0
0
0
0
0
0
0
12.5959
