18.4806
-0.50939
-0.52715
-0.56915
-0.52545
-0.52545
-0.49799
-0.55318
-0.57689
-0.53156
-0.50518
-0.59633
-0.74789
-0.46211
-0.46211
0
-0.26078
-0.26078
-1.645
0
0
0
0
0
0
0
0
-8.7241
0
0
-0.50939
9.2698
-0.47406
-0.50262
-0.46732
-0.46732
-0.43916
-0.49077
-0.51051
-0.47173
-0.44525
-0.53272
-0.71474
-0.40536
-0.40536
0
-0.24012
-0.24012
0
0
0
0
0
-1.9532
0
0
0
0
0
0
-0.52715
-0.47406
15.9358
-0.51958
-0.47711
-0.47711
-0.44955
-0.50484
-0.52243
-0.48571
-0.4562
-0.54076
-0.70565
-0.4148
-0.4148
0
-0.25407
-0.25407
0
0
0
0
0
0
0
0
-8.4579
0
0
0
-0.56915
-0.50262
-0.51958
16.5908
-0.53786
-0.53786
-0.49906
-0.55219
-0.57608
-0.53169
-0.50196
-0.5926
0
-0.47842
-0.47842
0
0
0
-1.7942
0
0
0
0
0
0
0
0
0
-7.9191
0
-0.52545
-0.46732
-0.47711
-0.53786
6.9307
-0.45545
-0.44249
-0.49895
-0.52009
-0.48446
-0.45123
-0.54414
-0.70719
-0.40949
-0.40949
0
0
0
0
0
0
0
0
0
0
0
0
0
0
0
-0.52545
-0.46732
-0.47711
-0.53786
-0.45545
6.9307
-0.44249
-0.49895
-0.52009
-0.48446
-0.45123
-0.54414
-0.70719
-0.40949
-0.40949
0
0
0
0
0
0
0
0
0
0
0
0
0
0
0
-0.49799
-0.43916
-0.44955
-0.49906
-0.44249
-0.44249
5.7957
-0.44749
-0.4734
-0.43543
-0.40423
-0.49115
0
-0.38663
-0.38663
0
0
0
0
0
0
0
0
0
0
0
0
0
0
0
-0.55318
-0.49077
-0.50484
-0.55219
-0.49895
-0.49895
-0.44749
7.0022
-0.54605
-0.51179
-0.40518
0
0
0
0
0
0
0
0
0
0
-1.9928
0
0
0
0
0
0
0
0
-0.57689
-0.51051
-0.52243
-0.57608
-0.52009
-0.52009
-0.4734
-0.54605
5.8019
-0.53864
-0.4416
-0.57615
0
0
0
0
0
0
0
0
0
0
0
0
0
0
0
0
0
0
-0.53156
-0.47173
-0.48571
-0.53169
-0.48446
-0.48446
-0.43543
-0.51179
-0.53864
5.0978
-0.39852
0
0
0
0
-0.22385
0
0
0
0
0
0
0
0
0
0
0
0
0
0
-0.50518
-0.44525
-0.4562
-0.50196
-0.45123
-0.45123
-0.40423
-0.40518
-0.4416
-0.39852
4.4606
0
0
0
0
0
0
0
0
0
0
0
0
0
0
0
0
0
0
0
-0.59633
-0.53272
-0.54076
-0.5926
-0.54414
-0.54414
-0.49115
0
-0.57615
0
0
9.6578
0
0
0
0
0
0
0
0
0
0
0
0
0
-5.2398
0
0
0
0
-0.74789
-0.71474
-0.70565
0
-0.70719
-0.70719
0
0
0
0
0
0
7.8376
0
0
0
0
0
0
0
-2.315
0
-1.94
0
0
0
0
0
0
0
-0.46211
-0.40536
-0.4148
-0.47842
-0.40949
-0.40949
-0.38663
0
0
0
0
0
0
2.9663
0
0
0
0
0
0
0
0
0
0
0
0
0
0
0
0
-0.46211
-0.40536
-0.4148
-0.47842
-0.40949
-0.40949
-0.38663
0
0
0
0
0
0
0
2.9663
0
0
0
0
0
0
0
0
0
0
0
0
0
0
0
0
0
0
0
0
0
0
0
0
-0.22385
0
0
0
0
0
7.7311
0
0
0
0
-2.6437
-2.6335
0
0
0
0
0
0
0
-2.23
-0.26078
-0.24012
-0.25407
0
0
0
0
0
0
0
0
0
0
0
0
0
0.75497
0
0
0
0
0
0
0
0
0
0
0
0
0
-0.26078
-0.24012
-0.25407
0
0
0
0
0
0
0
0
0
0
0
0
0
0
0.75497
0
0
0
0
0
0
0
0
0
0
0
0
-1.645
0
0
-1.7942
0
0
0
0
0
0
0
0
0
0
0
0
0
0
6.6693
0
0
0
0
0
-3.23
0
0
0
0
0
0
0
0
0
0
0
0
0
0
0
0
0
0
0
0
0
0
0
0
9.5429
0
0
-4.8303
-4.7126
0
0
0
0
0
0
0
0
0
0
0
0
0
0
0
0
0
0
-2.315
0
0
-2.6437
0
0
0
0
4.9587
0
0
0
0
0
0
0
0
0
0
0
0
0
0
0
0
-1.9928
0
0
0
0
0
0
0
-2.6335
0
0
0
0
0
4.6263
0
0
0
0
0
0
0
0
0
0
0
0
0
0
0
0
0
0
0
0
-1.94
0
0
0
0
0
0
-4.8303
0
0
6.7703
0
0
0
0
0
0
0
0
-1.9532
0
0
0
0
0
0
0
0
0
0
0
0
0
0
0
0
0
-4.7126
0
0
0
6.6659
0
0
0
0
0
0
0
0
0
0
0
0
0
0
0
0
0
0
0
0
0
0
0
0
-3.23
0
0
0
0
0
3.23
0
0
0
0
0
0
0
0
0
0
0
0
0
0
0
0
-5.2398
0
0
0
0
0
0
0
0
0
0
0
0
0
5.2398
0
0
0
0
0
0
-8.4579
0
0
0
0
0
0
0
0
0
0
0
0
0
0
0
0
0
0
0
0
0
0
0
8.4579
0
0
0
-8.7241
0
0
0
0
0
0
0
0
0
0
0
0
0
0
0
0
0
0
0
0
0
0
0
0
0
0
8.7241
0
0
0
0
0
-7.9191
0
0
0
0
0
0
0
0
0
0
0
0
0
0
0
0
0
0
0
0
0
0
0
0
7.9191
0
0
0
0
0
0
0
0
0
0
0
0
0
0
0
0
-2.23
0
0
0
0
0
0
0
0
0
0
0
0
0
2.23
