16.8093
-0.84005
-0.87335
-0.82951
-0.82708
-0.72229
-0.72229
-0.78535
-0.79649
-0.862
-0.93378
-1.0016
-0.83728
-0.83728
-0.83728
-0.66922
-0.81906
-1.069
-0.97748
0
-1.5689
0
0
0
0
0
0
0
0
0
-0.84005
16.9796
-0.87181
-0.77261
-0.77633
-0.65985
-0.65985
-0.72473
-0.73535
-0.7988
-0.86937
-0.92382
-0.7704
-0.7704
-0.7704
-0.61804
-0.75773
-1.0068
0
0
0
0
0
-3.6533
0
0
0
0
0
0
-0.87335
-0.87181
22.8324
-0.83137
-0.85919
-0.71352
-0.71352
-0.73961
-0.75166
-0.78831
-0.83727
-0.88819
-0.79364
-0.79364
-0.79364
-0.63465
0
0
0
0
-1.4935
-0.42738
0
0
0
0
0
-9.0282
0
0
-0.82951
-0.77261
-0.83137
13.5613
-0.76584
-0.65298
-0.65298
-0.71573
-0.72722
-0.77575
-0.84765
-0.89715
-0.76423
-0.76423
-0.76423
-0.61158
-0.74597
-0.99435
0
0
0
-0.44796
0
0
0
0
0
0
0
0
-0.82708
-0.77633
-0.85919
-0.76584
14.0344
-0.65453
-0.65453
-0.71661
-0.72624
-0.78093
-0.84846
-0.90643
-0.76285
-0.76285
-0.76285
-0.61071
-0.74579
-0.98698
-0.88619
0
0
0
0
0
0
0
0
0
0
0
-0.72229
-0.65985
-0.71352
-0.65298
-0.65453
11.4458
-0.56805
-0.62367
-0.63159
-0.67663
-0.73833
-0.78094
-0.66189
-0.66189
-0.66189
-0.53082
-0.64925
-0.85775
0
0
0
0
0
0
0
0
0
0
0
0
-0.72229
-0.65985
-0.71352
-0.65298
-0.65453
-0.56805
11.4458
-0.62367
-0.63159
-0.67663
-0.73833
-0.78094
-0.66189
-0.66189
-0.66189
-0.53082
-0.64925
-0.85775
0
0
0
0
0
0
0
0
0
0
0
0
-0.78535
-0.72473
-0.73961
-0.71573
-0.71661
-0.62367
-0.62367
10.7551
-0.68699
-0.73769
-0.80447
-0.85414
-0.72084
-0.72084
-0.72084
-0.57995
0
0
0
0
0
0
0
0
0
0
0
0
0
0
-0.79649
-0.73535
-0.75166
-0.72722
-0.72624
-0.63159
-0.63159
-0.68699
9.4566
-0.70699
-0.80347
0
-0.753
-0.753
-0.753
0
0
0
0
0
0
0
0
0
0
0
0
0
0
0
-0.862
-0.7988
-0.78831
-0.77575
-0.78093
-0.67663
-0.67663
-0.73769
-0.70699
11.2204
0
0
0
0
0
-0.76808
0
0
0
0
0
0
0
0
-3.6486
0
0
0
0
0
-0.93378
-0.86937
-0.83727
-0.84765
-0.84846
-0.73833
-0.73833
-0.80447
-0.80347
0
12.6377
0
0
0
0
0
0
0
0
0
0
0
0
0
0
0
0
0
0
-5.2165
-1.0016
-0.92382
-0.88819
-0.89715
-0.90643
-0.78094
-0.78094
-0.85414
0
0
0
13.1595
0
0
0
0
0
0
-1.0796
0
0
0
0
0
0
0
0
0
-5.0467
0
-0.83728
-0.7704
-0.79364
-0.76423
-0.76285
-0.66189
-0.66189
-0.72084
-0.753
0
0
0
6.726
0
0
0
0
0
0
0
0
0
0
0
0
0
0
0
0
0
-0.83728
-0.7704
-0.79364
-0.76423
-0.76285
-0.66189
-0.66189
-0.72084
-0.753
0
0
0
0
6.726
0
0
0
0
0
0
0
0
0
0
0
0
0
0
0
0
-0.83728
-0.7704
-0.79364
-0.76423
-0.76285
-0.66189
-0.66189
-0.72084
-0.753
0
0
0
0
0
6.726
0
0
0
0
0
0
0
0
0
0
0
0
0
0
0
-0.66922
-0.61804
-0.63465
-0.61158
-0.61071
-0.53082
-0.53082
-0.57995
0
-0.76808
0
0
0
0
0
5.5539
0
0
0
0
0
0
0
0
0
0
0
0
0
0
-0.81906
-0.75773
0
-0.74597
-0.74579
-0.64925
-0.64925
0
0
0
0
0
0
0
0
0
5.1887
0
-0.82164
0
0
0
0
0
0
0
0
0
0
0
-1.069
-1.0068
0
-0.99435
-0.98698
-0.85775
-0.85775
0
0
0
0
0
0
0
0
0
0
5.7727
0
0
0
0
0
0
0
0
0
0
0
0
-0.97748
0
0
0
-0.88619
0
0
0
0
0
0
-1.0796
0
0
0
0
-0.82164
0
4.1426
-0.37775
0
0
0
0
0
0
0
0
0
0
0
0
0
0
0
0
0
0
0
0
0
0
0
0
0
0
0
0
-0.37775
8.2077
-0.66026
0
-4.6438
0
0
-2.5259
0
0
0
0
-1.5689
0
-1.4935
0
0
0
0
0
0
0
0
0
0
0
0
0
0
0
0
-0.66026
6.1528
0
0
-2.4302
0
0
0
0
0
0
0
0
-0.42738
-0.44796
0
0
0
0
0
0
0
0
0
0
0
0
0
0
0
0
0
1.1439
0
0
0
0
-0.26857
0
0
0
0
0
0
0
0
0
0
0
0
0
0
0
0
0
0
0
0
0
0
-4.6438
0
0
6.0738
0
-1.43
0
0
0
0
0
0
-3.6533
0
0
0
0
0
0
0
0
0
0
0
0
0
0
0
0
0
0
-2.4302
0
0
6.0835
0
0
0
0
0
0
0
0
0
0
0
0
0
0
0
-3.6486
0
0
0
0
0
0
0
0
0
0
0
0
-1.43
0
5.0786
0
0
0
0
0
0
0
0
0
0
0
0
0
0
0
0
0
0
0
0
0
0
0
0
-2.5259
0
0
0
0
0
2.5259
0
0
0
0
0
0
0
0
0
0
0
0
0
0
0
0
0
0
0
0
0
0
0
0
0
-0.26857
0
0
0
0
0.26857
0
0
0
0
0
-9.0282
0
0
0
0
0
0
0
0
0
0
0
0
0
0
0
0
0
0
0
0
0
0
0
0
9.0282
0
0
0
0
0
0
0
0
0
0
0
0
0
-5.0467
0
0
0
0
0
0
0
0
0
0
0
0
0
0
0
0
5.0467
0
0
0
0
0
0
0
0
0
0
0
-5.2165
0
0
0
0
0
0
0
0
0
0
0
0
0
0
0
0
0
0
5.2165
