28.732
-0.8605
-0.8605
-0.8605
-0.84814
-0.86189
-0.84494
-0.84494
-0.85362
-0.83974
-0.84494
-0.77753
-0.67134
-0.67134
-0.67134
-0.7838
-0.94719
-0.76903
0
0
0
-1.486
0
0
0
0
0
0
0
-13.4348
-0.8605
13.984
-0.77296
-0.77296
-0.80733
-0.79219
-0.78108
-0.78108
-0.78908
-0.78075
-0.78108
-0.72176
-0.62005
-0.62005
-0.62005
-0.72285
-0.8832
-0.70145
-1.1755
0
0
0
0
0
0
0
0
0
0
0
-0.8605
-0.77296
13.984
-0.77296
-0.80733
-0.79219
-0.78108
-0.78108
-0.78908
-0.78075
-0.78108
-0.72176
-0.62005
-0.62005
-0.62005
-0.72285
-0.8832
-0.70145
-1.1755
0
0
0
0
0
0
0
0
0
0
0
-0.8605
-0.77296
-0.77296
13.984
-0.80733
-0.79219
-0.78108
-0.78108
-0.78908
-0.78075
-0.78108
-0.72176
-0.62005
-0.62005
-0.62005
-0.72285
-0.8832
-0.70145
-1.1755
0
0
0
0
0
0
0
0
0
0
0
-0.84814
-0.80733
-0.80733
-0.80733
12.7721
-0.7765
-0.7808
-0.7808
-0.79809
-0.79426
-0.7808
-0.68187
-0.61802
-0.61802
-0.61802
0
0
0
0
-0.73325
-0.2088
-1.3127
0
0
0
0
0
0
0
0
-0.86189
-0.79219
-0.79219
-0.79219
-0.7765
12.8347
-0.78792
-0.78792
-0.79173
-0.78707
-0.78792
-0.72248
-0.61832
-0.61832
-0.61832
-0.71561
-0.88483
-0.69933
0
0
0
0
0
0
0
0
0
0
0
0
-0.84494
-0.78108
-0.78108
-0.78108
-0.7808
-0.78792
11.8866
-0.74375
-0.8019
-0.7998
-0.74375
-0.69682
-0.59346
-0.59346
-0.59346
-0.69933
-0.86401
0
0
0
0
0
0
0
0
0
0
0
0
0
-0.84494
-0.78108
-0.78108
-0.78108
-0.7808
-0.78792
-0.74375
11.8866
-0.8019
-0.7998
-0.74375
-0.69682
-0.59346
-0.59346
-0.59346
-0.69933
-0.86401
0
0
0
0
0
0
0
0
0
0
0
0
0
-0.85362
-0.78908
-0.78908
-0.78908
-0.79809
-0.79173
-0.8019
-0.8019
11.9345
-0.80043
-0.8019
-0.69107
-0.58403
-0.58403
-0.58403
-0.70133
0
0
0
-0.7732
0
0
0
0
0
0
0
0
0
0
-0.83974
-0.78075
-0.78075
-0.78075
-0.79426
-0.78707
-0.7998
-0.7998
-0.80043
11.3029
-0.7998
-0.67579
-0.57906
-0.57906
-0.57906
-0.69416
0
0
0
0
0
0
-0.23266
0
0
0
0
0
0
0
-0.84494
-0.78108
-0.78108
-0.78108
-0.7808
-0.78792
-0.74375
-0.74375
-0.8019
-0.7998
11.8866
-0.69682
-0.59346
-0.59346
-0.59346
-0.69933
-0.86401
0
0
0
0
0
0
0
0
0
0
0
0
0
-0.77753
-0.72176
-0.72176
-0.72176
-0.68187
-0.72248
-0.69682
-0.69682
-0.69107
-0.67579
-0.69682
21.7839
-0.52598
-0.52598
-0.52598
0
0
0
0
0
0
0
0
0
0
0
-12.4015
0
0
0
-0.67134
-0.62005
-0.62005
-0.62005
-0.61802
-0.61832
-0.59346
-0.59346
-0.58403
-0.57906
-0.59346
-0.52598
8.6573
-0.43699
-0.43699
-0.54607
0
0
0
0
0
0
0
0
0
0
0
0
0
0
-0.67134
-0.62005
-0.62005
-0.62005
-0.61802
-0.61832
-0.59346
-0.59346
-0.58403
-0.57906
-0.59346
-0.52598
-0.43699
8.6573
-0.43699
-0.54607
0
0
0
0
0
0
0
0
0
0
0
0
0
0
-0.67134
-0.62005
-0.62005
-0.62005
-0.61802
-0.61832
-0.59346
-0.59346
-0.58403
-0.57906
-0.59346
-0.52598
-0.43699
-0.43699
8.6573
-0.54607
0
0
0
0
0
0
0
0
0
0
0
0
0
0
-0.7838
-0.72285
-0.72285
-0.72285
0
-0.71561
-0.69933
-0.69933
-0.70133
-0.69416
-0.69933
0
-0.54607
-0.54607
-0.54607
8.7997
0
0
0
0
0
0
0
0
0
0
0
0
0
0
-0.94719
-0.8832
-0.8832
-0.8832
0
-0.88483
-0.86401
-0.86401
0
0
-0.86401
0
0
0
0
0
17.1973
0
0
0
0
0
0
0
0
0
0
-10.1237
0
0
-0.76903
-0.70145
-0.70145
-0.70145
0
-0.69933
0
0
0
0
0
0
0
0
0
0
0
3.5727
0
0
0
0
0
0
0
0
0
0
0
0
0
-1.1755
-1.1755
-1.1755
0
0
0
0
0
0
0
0
0
0
0
0
0
0
10.08
0
-1.384
0
0
0
0
0
0
0
-5.1694
0
0
0
0
0
-0.73325
0
0
0
-0.7732
0
0
0
0
0
0
0
0
0
0
2.4874
0
0
-0.98096
0
0
0
0
0
0
0
0
0
0
0
-0.2088
0
0
0
0
0
0
0
0
0
0
0
0
0
-1.384
0
1.8192
0
0
0
0
-0.22635
0
0
0
0
-1.486
0
0
0
-1.3127
0
0
0
0
0
0
0
0
0
0
0
0
0
0
0
0
5.2246
0
0
-2.4259
0
0
0
0
0
0
0
0
0
0
0
0
0
0
-0.23266
0
0
0
0
0
0
0
0
0
-0.98096
0
0
1.6535
-0.4399
0
0
0
0
0
0
0
0
0
0
0
0
0
0
0
0
0
0
0
0
0
0
0
0
0
0
0
0
-0.4399
0.4399
0
0
0
0
0
0
0
0
0
0
0
0
0
0
0
0
0
0
0
0
0
0
0
0
0
0
0
-2.4259
0
0
2.4259
0
0
0
0
0
0
0
0
0
0
0
0
0
0
0
0
0
0
0
0
0
0
0
0
0
-0.22635
0
0
0
0
0.22635
0
0
0
0
0
0
0
0
0
0
0
0
0
0
0
-12.4015
0
0
0
0
0
0
0
0
0
0
0
0
0
0
12.4015
0
0
0
0
0
0
0
0
0
0
0
0
0
0
0
0
0
0
0
-10.1237
0
0
0
0
0
0
0
0
0
0
10.1237
0
0
0
0
0
0
0
0
0
0
0
0
0
0
0
0
0
0
0
0
-5.1694
0
0
0
0
0
0
0
0
0
5.1694
0
-13.4348
0
0
0
0
0
0
0
0
0
0
0
0
0
0
0
0
0
0
0
0
0
0
0
0
0
0
0
0
13.4348
