22.4372
-0.38424
-0.39762
-0.39791
-0.38679
-0.38679
-0.37282
-0.37282
-0.38704
-0.38283
-0.40514
-0.3204
-0.38191
-0.34146
-0.38191
-0.36931
-0.23124
0
0
0
-8.2685
0
0
0
0
-8.2685
0
0
0
0
-0.38424
24.2742
-0.39612
-0.39851
-0.38675
-0.38675
-0.37248
-0.37248
-0.38677
-0.38301
-0.40487
-0.31914
-0.38159
-0.3415
-0.38159
-0.37169
0
-2.217
0
-8.1948
0
0
0
0
0
0
0
0
-8.1948
0
-0.39762
-0.39612
10.5257
-0.42614
-0.40372
-0.40372
-0.38764
-0.38764
-0.40176
-0.4037
-0.42142
-0.34447
-0.39565
-0.36102
-0.39565
0
-0.24463
0
0
0
0
0
0
-4.7548
0
0
0
0
0
0
-0.39791
-0.39851
-0.42614
10.5111
-0.40106
-0.40106
-0.38669
-0.38669
-0.40026
-0.40494
-0.41983
-0.3446
-0.39392
-0.36214
-0.39392
-0.37961
0
0
-4.6138
0
0
0
0
0
0
0
0
0
0
0
-0.38679
-0.38675
-0.40372
-0.40106
5.6838
-0.38296
-0.3712
-0.3712
-0.38321
-0.38735
-0.40131
-0.34128
-0.37729
-0.34985
-0.37729
-0.36249
0
0
0
0
0
0
0
0
0
0
0
0
0
0
-0.38679
-0.38675
-0.40372
-0.40106
-0.38296
5.6838
-0.3712
-0.3712
-0.38321
-0.38735
-0.40131
-0.34128
-0.37729
-0.34985
-0.37729
-0.36249
0
0
0
0
0
0
0
0
0
0
0
0
0
0
-0.37282
-0.37248
-0.38764
-0.38669
-0.3712
-0.3712
5.1304
-0.35203
-0.36864
-0.37118
-0.38545
-0.3281
-0.36292
-0.33715
-0.36292
0
0
0
0
0
0
0
0
0
0
0
0
0
0
0
-0.37282
-0.37248
-0.38764
-0.38669
-0.3712
-0.3712
-0.35203
5.1304
-0.36864
-0.37118
-0.38545
-0.3281
-0.36292
-0.33715
-0.36292
0
0
0
0
0
0
0
0
0
0
0
0
0
0
0
-0.38704
-0.38677
-0.40176
-0.40026
-0.38321
-0.38321
-0.36864
-0.36864
4.6235
-0.38559
-0.39501
0
-0.38169
0
-0.38169
0
0
0
0
0
0
0
0
0
0
0
0
0
0
0
-0.38283
-0.38301
-0.4037
-0.40494
-0.38735
-0.38735
-0.37118
-0.37118
-0.38559
4.1755
-0.38843
0
0
0
0
0
0
0
0
0
0
0
0
0
0
0
0
-0.30992
0
0
-0.40514
-0.40487
-0.42142
-0.41983
-0.40131
-0.40131
-0.38545
-0.38545
-0.39501
-0.38843
4.0082
0
0
0
0
0
0
0
0
0
0
0
0
0
0
0
0
0
0
0
-0.3204
-0.31914
-0.34447
-0.3446
-0.34128
-0.34128
-0.3281
-0.3281
0
0
0
12.5002
0
0
0
0
0
0
0
0
0
0
0
0
0
0
-4.9164
0
0
-4.9164
-0.38191
-0.38159
-0.39565
-0.39392
-0.37729
-0.37729
-0.36292
-0.36292
-0.38169
0
0
0
3.4152
0
0
0
0
0
0
0
0
0
0
0
0
0
0
0
0
0
-0.34146
-0.3415
-0.36102
-0.36214
-0.34985
-0.34985
-0.33715
-0.33715
0
0
0
0
0
2.8846
0
0
0
0
0
0
0
0
0
0
-0.1045
0
0
0
0
0
-0.38191
-0.38159
-0.39565
-0.39392
-0.37729
-0.37729
-0.36292
-0.36292
-0.38169
0
0
0
0
0
3.4152
0
0
0
0
0
0
0
0
0
0
0
0
0
0
0
-0.36931
-0.37169
0
-0.37961
-0.36249
-0.36249
0
0
0
0
0
0
0
0
0
1.8456
0
0
0
0
0
0
0
0
0
0
0
0
0
0
-0.23124
0
-0.24463
0
0
0
0
0
0
0
0
0
0
0
0
0
19.7359
-2.1653
0
0
0
-8.5474
-8.5474
0
0
0
0
0
0
0
0
-2.217
0
0
0
0
0
0
0
0
0
0
0
0
0
0
-2.1653
4.3824
0
0
0
0
0
0
0
0
0
0
0
0
0
0
0
-4.6138
0
0
0
0
0
0
0
0
0
0
0
0
0
0
4.6138
0
0
0
0
0
0
0
0
0
0
0
0
-8.1948
0
0
0
0
0
0
0
0
0
0
0
0
0
0
0
0
0
8.1948
0
0
0
0
0
0
0
0
0
0
-8.2685
0
0
0
0
0
0
0
0
0
0
0
0
0
0
0
0
0
0
0
8.2685
0
0
0
0
0
0
0
0
0
0
0
0
0
0
0
0
0
0
0
0
0
0
0
0
0
-8.5474
0
0
0
0
8.5474
0
0
0
0
0
0
0
0
0
0
0
0
0
0
0
0
0
0
0
0
0
0
0
0
-8.5474
0
0
0
0
0
8.5474
0
0
0
0
0
0
0
0
0
-4.7548
0
0
0
0
0
0
0
0
0
0
0
0
0
0
0
0
0
0
0
0
4.7548
0
0
0
0
0
0
0
0
0
0
0
0
0
0
0
0
0
0
0
-0.1045
0
0
0
0
0
0
0
0
0
0
0.1045
0
0
0
0
0
-8.2685
0
0
0
0
0
0
0
0
0
0
0
0
0
0
0
0
0
0
0
0
0
0
0
0
8.2685
0
0
0
0
0
0
0
0
0
0
0
0
0
0
0
-4.9164
0
0
0
0
0
0
0
0
0
0
0
0
0
0
4.9164
0
0
0
0
0
0
0
0
0
0
0
0
-0.30992
0
0
0
0
0
0
0
0
0
0
0
0
0
0
0
0
0
0.30992
0
0
0
-8.1948
0
0
0
0
0
0
0
0
0
0
0
0
0
0
0
0
0
0
0
0
0
0
0
0
0
0
8.1948
0
0
0
0
0
0
0
0
0
0
0
0
-4.9164
0
0
0
0
0
0
0
0
0
0
0
0
0
0
0
0
0
4.9164
