22.3013
-0.68912
-0.72761
-0.65696
-0.65262
-0.69345
-0.59578
-0.59578
-0.59356
-0.59357
-0.68739
-0.68739
-0.60408
-0.60408
-0.69303
-0.44318
0
0
0
-1.571
0
0
0
0
0
0
0
0
0
-11.2127
-0.68912
11.0622
-0.70038
-0.62049
-0.63562
-0.66179
-0.56276
-0.56276
-0.56104
-0.56155
-0.64933
-0.64933
-0.57288
-0.57288
-0.65752
0
0
-0.39605
0
0
0
-2.0087
0
0
0
0
0
0
0
0
-0.72761
-0.70038
22.2722
-0.66309
-0.66814
-0.69987
-0.59591
-0.59591
-0.59408
-0.59905
-0.6876
-0.6876
-0.6062
-0.6062
-0.69611
0
0
0
0
0
-2.1979
0
0
0
0
0
-10.9466
0
0
0
-0.65696
-0.62049
-0.66309
8.636
-0.59305
-0.64713
-0.52321
-0.52321
-0.52435
-0.54002
-0.60739
-0.60739
-0.53448
-0.53448
-0.61502
0
-0.44577
0
0
0
0
0
0
0
0
0
0
0
0
0
-0.65262
-0.63562
-0.66814
-0.59305
9.7469
-0.65317
-0.52632
-0.52632
-0.52731
-0.53679
-0.61073
-0.61073
-0.53784
-0.53784
-0.61851
0
0
0
0
-1.5119
0
0
0
0
0
0
0
0
0
0
-0.69345
-0.66179
-0.69987
-0.64713
-0.65317
19.5826
-0.56315
-0.56315
-0.54893
-0.54419
-0.63482
-0.63482
-0.5583
-0.5583
0
0
0
0
-0.89995
0
0
0
0
0
0
0
0
-10.7216
0
0
-0.59578
-0.56276
-0.59591
-0.52321
-0.52632
-0.56315
7.3775
-0.46103
-0.47098
-0.47847
-0.54556
-0.54556
-0.47951
-0.47951
-0.54973
0
0
0
0
0
0
0
0
0
0
0
0
0
0
0
-0.59578
-0.56276
-0.59591
-0.52321
-0.52632
-0.56315
-0.46103
7.3775
-0.47098
-0.47847
-0.54556
-0.54556
-0.47951
-0.47951
-0.54973
0
0
0
0
0
0
0
0
0
0
0
0
0
0
0
-0.59356
-0.56104
-0.59408
-0.52435
-0.52731
-0.54893
-0.47098
-0.47098
6.7817
-0.4715
-0.53676
-0.53676
-0.47272
-0.47272
0
0
0
0
0
0
0
0
0
0
0
0
0
0
0
0
-0.59357
-0.56155
-0.59905
-0.54002
-0.53679
-0.54419
-0.47847
-0.47847
-0.4715
7.2141
-0.52355
-0.52355
0
0
0
-0.46328
0
0
-0.9001
0
0
0
0
0
0
0
0
0
0
0
-0.68739
-0.64933
-0.6876
-0.60739
-0.61073
-0.63482
-0.54556
-0.54556
-0.53676
-0.52355
6.0287
0
0
0
0
0
0
0
0
0
0
0
0
0
0
0
0
0
0
0
-0.68739
-0.64933
-0.6876
-0.60739
-0.61073
-0.63482
-0.54556
-0.54556
-0.53676
-0.52355
0
6.0287
0
0
0
0
0
0
0
0
0
0
0
0
0
0
0
0
0
0
-0.60408
-0.57288
-0.6062
-0.53448
-0.53784
-0.5583
-0.47951
-0.47951
-0.47272
0
0
0
4.8455
0
0
0
0
0
0
0
0
0
0
0
0
0
0
0
0
0
-0.60408
-0.57288
-0.6062
-0.53448
-0.53784
-0.5583
-0.47951
-0.47951
-0.47272
0
0
0
0
4.8455
0
0
0
0
0
0
0
0
0
0
0
0
0
0
0
0
-0.69303
-0.65752
-0.69611
-0.61502
-0.61851
0
-0.54973
-0.54973
0
0
0
0
0
0
4.3797
0
0
0
0
0
0
0
0
0
0
0
0
0
0
0
-0.44318
0
0
0
0
0
0
0
0
-0.46328
0
0
0
0
0
6.7448
-0.63039
0
0
0
0
0
0
-2.0725
0
0
0
0
-3.1354
0
0
0
0
-0.44577
0
0
0
0
0
0
0
0
0
0
0
-0.63039
4.1629
0
0
0
-2.1156
0
0
0
-0.97116
0
0
0
0
0
0
-0.39605
0
0
0
0
0
0
0
0
0
0
0
0
0
0
0
5.4135
0
-1.0934
0
-2.2547
0
0
0
-1.6693
0
0
0
0
0
0
0
0
0
-0.89995
0
0
0
-0.9001
0
0
0
0
0
0
0
0
2.4739
0
0
0
-0.67387
0
0
0
0
0
0
0
-1.571
0
0
0
-1.5119
0
0
0
0
0
0
0
0
0
0
0
0
-1.0934
0
4.1764
0
0
0
0
0
0
0
0
0
0
0
0
-2.1979
0
0
0
0
0
0
0
0
0
0
0
0
0
-2.1156
0
0
0
4.3135
0
0
0
0
0
0
0
0
0
0
-2.0087
0
0
0
0
0
0
0
0
0
0
0
0
0
0
0
-2.2547
0
0
0
4.2634
0
0
0
0
0
0
0
0
0
0
0
0
0
0
0
0
0
0
0
0
0
0
0
0
0
0
-0.67387
0
0
0
2.9581
-2.2842
0
0
0
0
0
0
0
0
0
0
0
0
0
0
0
0
0
0
0
0
0
-2.0725
0
0
0
0
0
0
-2.2842
4.3567
0
0
0
0
0
0
0
0
0
0
0
0
0
0
0
0
0
0
0
0
0
0
-0.97116
0
0
0
0
0
0
0
0.97116
0
0
0
0
0
0
0
0
0
0
0
0
0
0
0
0
0
0
0
0
0
0
-1.6693
0
0
0
0
0
0
0
1.6693
0
0
0
0
0
0
-10.9466
0
0
0
0
0
0
0
0
0
0
0
0
0
0
0
0
0
0
0
0
0
0
0
10.9466
0
0
0
0
0
0
0
0
-10.7216
0
0
0
0
0
0
0
0
0
0
0
0
0
0
0
0
0
0
0
0
0
10.7216
0
0
0
0
0
0
0
0
0
0
0
0
0
0
0
0
0
-3.1354
0
0
0
0
0
0
0
0
0
0
0
0
3.1354
0
-11.2127
0
0
0
0
0
0
0
0
0
0
0
0
0
0
0
0
0
0
0
0
0
0
0
0
0
0
0
0
11.2127
