17.369
-0.6298
-0.56364
-0.58997
-0.56178
-0.56364
-0.56364
-0.56364
-0.56364
-0.52192
-0.50044
-0.52192
-0.51605
-0.53289
-0.574
-0.43187
0
0
0
0
0
0
0
-9.1702
0
0
0
0
0
0
-0.6298
8.6057
-0.54533
-0.56176
-0.55362
-0.54533
-0.54533
-0.54533
-0.54533
-0.50443
-0.48746
-0.50443
-0.49992
-0.51127
-0.5557
-0.43144
-0.63918
0
0
0
0
0
0
0
0
0
0
0
0
0
-0.56364
-0.54533
7.0813
-0.50743
-0.50768
-0.46425
-0.46425
-0.46425
-0.46425
-0.44346
-0.43028
-0.44346
-0.44254
-0.46094
-0.49178
-0.38776
0
0
0
0
0
0
0
0
0
0
0
0
0
0
-0.58997
-0.56176
-0.50743
7.5876
-0.56487
-0.50743
-0.50743
-0.50743
-0.50743
-0.44538
-0.43009
-0.44538
-0.45033
-0.48317
-0.50068
0
-0.57884
0
0
0
0
0
0
0
0
0
0
0
0
0
-0.56178
-0.55362
-0.50768
-0.56487
27.4074
-0.50768
-0.50768
-0.50768
-0.50768
-0.43705
-0.42192
-0.43705
-0.44714
0
0
0
0
0
-0.14149
0
0
-10.652
0
0
0
0
0
0
-10.652
0
-0.56364
-0.54533
-0.46425
-0.50743
-0.50768
7.0813
-0.46425
-0.46425
-0.46425
-0.44346
-0.43028
-0.44346
-0.44254
-0.46094
-0.49178
-0.38776
0
0
0
0
0
0
0
0
0
0
0
0
0
0
-0.56364
-0.54533
-0.46425
-0.50743
-0.50768
-0.46425
7.0813
-0.46425
-0.46425
-0.44346
-0.43028
-0.44346
-0.44254
-0.46094
-0.49178
-0.38776
0
0
0
0
0
0
0
0
0
0
0
0
0
0
-0.56364
-0.54533
-0.46425
-0.50743
-0.50768
-0.46425
-0.46425
7.0813
-0.46425
-0.44346
-0.43028
-0.44346
-0.44254
-0.46094
-0.49178
-0.38776
0
0
0
0
0
0
0
0
0
0
0
0
0
0
-0.56364
-0.54533
-0.46425
-0.50743
-0.50768
-0.46425
-0.46425
-0.46425
7.0813
-0.44346
-0.43028
-0.44346
-0.44254
-0.46094
-0.49178
-0.38776
0
0
0
0
0
0
0
0
0
0
0
0
0
0
-0.52192
-0.50443
-0.44346
-0.44538
-0.43705
-0.44346
-0.44346
-0.44346
-0.44346
12.8698
-0.38266
-0.40109
-0.4092
-0.41898
0
0
0
0
0
0
-7.1318
0
0
0
0
0
0
0
0
0
-0.50044
-0.48746
-0.43028
-0.43009
-0.42192
-0.43028
-0.43028
-0.43028
-0.43028
-0.38266
5.7156
-0.38266
-0.39468
-0.39863
0
0
0
-0.16561
0
0
0
0
0
0
0
0
0
0
0
0
-0.52192
-0.50443
-0.44346
-0.44538
-0.43705
-0.44346
-0.44346
-0.44346
-0.44346
-0.40109
-0.38266
12.8698
-0.4092
-0.41898
0
0
0
0
0
0
0
0
0
0
0
0
0
0
0
-7.1318
-0.51605
-0.49992
-0.44254
-0.45033
-0.44714
-0.44254
-0.44254
-0.44254
-0.44254
-0.4092
-0.39468
-0.4092
5.7488
-0.40958
0
0
0
0
0
0
0
0
0
0
0
0
0
0
0
0
-0.53289
-0.51127
-0.46094
-0.48317
0
-0.46094
-0.46094
-0.46094
-0.46094
-0.41898
-0.39863
-0.41898
-0.40958
11.5617
0
0
0
0
0
0
0
0
-6.0836
0
0
0
0
0
0
0
-0.574
-0.5557
-0.49178
-0.50068
0
-0.49178
-0.49178
-0.49178
-0.49178
0
0
0
0
0
7.0589
0
0
-0.20314
0
0
0
0
0
0
-2.7664
0
0
0
0
0
-0.43187
-0.43144
-0.38776
0
0
-0.38776
-0.38776
-0.38776
-0.38776
0
0
0
0
0
0
18.8809
0
0
0
0
0
0
0
0
0
-8.0394
0
-8.0394
0
0
0
-0.63918
0
-0.57884
0
0
0
0
0
0
0
0
0
0
0
0
1.6701
0
-0.45207
0
0
0
0
0
0
0
0
0
0
0
0
0
0
0
0
0
0
0
0
0
-0.16561
0
0
0
-0.20314
0
0
0.47324
0
-0.1045
0
0
0
0
0
0
0
0
0
0
0
0
0
0
-0.14149
0
0
0
0
0
0
0
0
0
0
0
-0.45207
0
0.79879
0
0
0
0
0
0
0
-0.20523
0
0
0
0
0
0
0
0
0
0
0
0
0
0
0
0
0
0
0
0
-0.1045
0
0.1045
0
0
0
0
0
0
0
0
0
0
0
0
0
0
0
0
0
0
0
-7.1318
0
0
0
0
0
0
0
0
0
0
7.1318
0
0
0
0
0
0
0
0
0
0
0
0
0
-10.652
0
0
0
0
0
0
0
0
0
0
0
0
0
0
0
0
10.652
0
0
0
0
0
0
0
0
0
0
0
0
0
0
0
0
0
0
0
0
0
-6.0836
0
0
0
0
0
0
0
0
6.0836
0
0
0
0
0
0
0
-9.1702
0
0
0
0
0
0
0
0
0
0
0
0
0
0
0
0
0
0
0
0
0
0
9.1702
0
0
0
0
0
0
0
0
0
0
0
0
0
0
0
0
0
0
0
0
-2.7664
0
0
0
0
0
0
0
0
0
2.7664
0
0
0
0
0
0
0
0
0
0
0
0
0
0
0
0
0
0
0
0
-8.0394
0
0
0
0
0
0
0
0
0
8.0394
0
0
0
0
0
0
0
0
0
0
0
0
0
0
0
0
0
0
0
0
0
0
-0.20523
0
0
0
0
0
0
0
0.20523
0
0
0
0
0
0
0
0
0
0
0
0
0
0
0
0
0
0
-8.0394
0
0
0
0
0
0
0
0
0
0
0
8.0394
0
0
0
0
0
0
-10.652
0
0
0
0
0
0
0
0
0
0
0
0
0
0
0
0
0
0
0
0
0
0
0
10.652
0
0
0
0
0
0
0
0
0
0
0
0
-7.1318
0
0
0
0
0
0
0
0
0
0
0
0
0
0
0
0
0
7.1318
