24.2604
-0.89769
-0.89769
-0.84119
-0.83359
-0.84119
-0.8558
-0.85246
-0.75844
-0.75844
-0.75844
-0.7158
-0.71807
-0.71807
-0.80006
-0.80006
-0.7665
-0.76923
-0.81295
-0.92892
0
-0.73944
0
0
-8.1963
0
0
0
0
0
-0.89769
16.391
-0.91096
-0.85721
-0.88762
-0.85721
-0.88724
-0.89145
-0.77176
-0.77176
-0.77176
-0.73512
-0.73142
-0.73142
-0.82943
-0.82943
-0.78025
-0.78272
-0.82173
-0.92564
0
-0.71919
0
0
0
0
0
0
0
0
-0.89769
-0.91096
16.391
-0.85721
-0.88762
-0.85721
-0.88724
-0.89145
-0.77176
-0.77176
-0.77176
-0.73512
-0.73142
-0.73142
-0.82943
-0.82943
-0.78025
-0.78272
-0.82173
-0.92564
0
-0.71919
0
0
0
0
0
0
0
0
-0.84119
-0.85721
-0.85721
14.7178
-0.84721
-0.78246
-0.8258
-0.85576
-0.71742
-0.71742
-0.71742
-0.68885
-0.68359
-0.68359
-0.77065
-0.77065
-0.72951
-0.7317
-0.7724
-0.86778
0
0
0
0
0
0
0
0
0
0
-0.83359
-0.88762
-0.88762
-0.84721
31.9984
-0.84721
-0.83311
-0.82205
-0.7382
-0.7382
-0.7382
-0.68464
-0.68861
-0.68861
-0.73798
-0.73798
-0.73955
-0.74273
0
0
0
0
-9.4026
0
0
-9.4026
0
0
0
0
-0.84119
-0.85721
-0.85721
-0.78246
-0.84721
14.7178
-0.8258
-0.85576
-0.71742
-0.71742
-0.71742
-0.68885
-0.68359
-0.68359
-0.77065
-0.77065
-0.72951
-0.7317
-0.7724
-0.86778
0
0
0
0
0
0
0
0
0
0
-0.8558
-0.88724
-0.88724
-0.8258
-0.83311
-0.8258
21.4767
-0.8588
-0.73095
-0.73095
-0.73095
-0.69699
-0.69638
-0.69638
-0.77088
-0.77088
-0.74502
-0.7478
-0.79741
0
0
0
0
0
0
0
0
-7.3883
0
0
-0.85246
-0.89145
-0.89145
-0.85576
-0.82205
-0.85576
-0.8588
20.9693
-0.74498
-0.74498
-0.74498
-0.69085
-0.69463
-0.69463
-0.7633
-0.7633
-0.74415
-0.74513
0
0
-0.27772
0
0
0
0
0
0
0
0
-7.333
-0.75844
-0.77176
-0.77176
-0.71742
-0.7382
-0.71742
-0.73095
-0.74498
12.4835
-0.646
-0.646
-0.61919
-0.61565
-0.61565
-0.69097
-0.69097
-0.65708
-0.65891
-0.6921
0
0
0
0
0
0
0
0
0
0
0
-0.75844
-0.77176
-0.77176
-0.71742
-0.7382
-0.71742
-0.73095
-0.74498
-0.646
12.4835
-0.646
-0.61919
-0.61565
-0.61565
-0.69097
-0.69097
-0.65708
-0.65891
-0.6921
0
0
0
0
0
0
0
0
0
0
0
-0.75844
-0.77176
-0.77176
-0.71742
-0.7382
-0.71742
-0.73095
-0.74498
-0.646
-0.646
12.4835
-0.61919
-0.61565
-0.61565
-0.69097
-0.69097
-0.65708
-0.65891
-0.6921
0
0
0
0
0
0
0
0
0
0
0
-0.7158
-0.73512
-0.73512
-0.68885
-0.68464
-0.68885
-0.69699
-0.69085
-0.61919
-0.61919
-0.61919
10.7453
-0.58607
-0.58607
-0.61829
-0.61829
-0.60178
0
0
0
-0.24101
0
0
0
0
0
0
0
0
0
-0.71807
-0.73142
-0.73142
-0.68359
-0.68861
-0.68359
-0.69638
-0.69463
-0.61565
-0.61565
-0.61565
-0.58607
11.141
-0.55965
-0.64339
-0.64339
-0.6154
-0.61845
0
0
0
0
0
0
0
0
0
0
0
0
-0.71807
-0.73142
-0.73142
-0.68359
-0.68861
-0.68359
-0.69638
-0.69463
-0.61565
-0.61565
-0.61565
-0.58607
-0.55965
11.141
-0.64339
-0.64339
-0.6154
-0.61845
0
0
0
0
0
0
0
0
0
0
0
0
-0.80006
-0.82943
-0.82943
-0.77065
-0.73798
-0.77065
-0.77088
-0.7633
-0.69097
-0.69097
-0.69097
-0.61829
-0.64339
-0.64339
15.0039
0
0
0
0
0
0
0
0
0
0
0
-4.7535
0
0
0
-0.80006
-0.82943
-0.82943
-0.77065
-0.73798
-0.77065
-0.77088
-0.7633
-0.69097
-0.69097
-0.69097
-0.61829
-0.64339
-0.64339
0
15.0039
0
0
0
0
0
0
0
0
0
0
0
0
-4.7535
0
-0.7665
-0.78025
-0.78025
-0.72951
-0.73955
-0.72951
-0.74502
-0.74415
-0.65708
-0.65708
-0.65708
-0.60178
-0.6154
-0.6154
0
0
9.8185
0
0
0
0
0
0
0
0
0
0
0
0
0
-0.76923
-0.78272
-0.78272
-0.7317
-0.74273
-0.7317
-0.7478
-0.74513
-0.65891
-0.65891
-0.65891
0
-0.61845
-0.61845
0
0
0
9.2474
0
0
0
0
0
0
0
0
0
0
0
0
-0.81295
-0.82173
-0.82173
-0.7724
0
-0.7724
-0.79741
0
-0.6921
-0.6921
-0.6921
0
0
0
0
0
0
0
6.8749
0
0
0
0
0
0
0
0
0
0
0
-0.92892
-0.92564
-0.92564
-0.86778
0
-0.86778
0
0
0
0
0
0
0
0
0
0
0
0
0
4.5158
0
0
0
0
0
0
0
0
0
0
0
0
0
0
0
0
0
-0.27772
0
0
0
-0.24101
0
0
0
0
0
0
0
0
0.62323
0
0
-0.1045
0
0
0
0
0
0
-0.73944
-0.71919
-0.71919
0
0
0
0
0
0
0
0
0
0
0
0
0
0
0
0
0
0
2.1778
0
0
0
0
0
0
0
0
0
0
0
0
-9.4026
0
0
0
0
0
0
0
0
0
0
0
0
0
0
0
0
0
9.4026
0
0
0
0
0
0
0
0
0
0
0
0
0
0
0
0
0
0
0
0
0
0
0
0
0
0
0
-0.1045
0
0
0.1045
0
0
0
0
0
0
-8.1963
0
0
0
0
0
0
0
0
0
0
0
0
0
0
0
0
0
0
0
0
0
0
0
8.1963
0
0
0
0
0
0
0
0
0
-9.4026
0
0
0
0
0
0
0
0
0
0
0
0
0
0
0
0
0
0
0
0
9.4026
0
0
0
0
0
0
0
0
0
0
0
0
0
0
0
0
0
0
-4.7535
0
0
0
0
0
0
0
0
0
0
0
4.7535
0
0
0
0
0
0
0
0
0
-7.3883
0
0
0
0
0
0
0
0
0
0
0
0
0
0
0
0
0
0
0
0
7.3883
0
0
0
0
0
0
0
0
0
0
0
0
0
0
0
0
0
-4.7535
0
0
0
0
0
0
0
0
0
0
0
0
4.7535
0
0
0
0
0
0
0
0
-7.333
0
0
0
0
0
0
0
0
0
0
0
0
0
0
0
0
0
0
0
0
0
7.333
