18.4803
-0.75445
-0.68921
-0.68921
-0.62992
-0.66515
-0.66515
-0.62992
-0.57885
-0.55885
-0.55885
-0.57885
-0.51927
-0.51927
-0.55404
-0.55404
-0.56523
-0.62811
-0.78168
0
0
0
0
0
0
0
-7.3602
0
0
0
-0.75445
18.4803
-0.68921
-0.68921
-0.62992
-0.66515
-0.66515
-0.62992
-0.57885
-0.55885
-0.55885
-0.57885
-0.51927
-0.51927
-0.55404
-0.55404
-0.56523
-0.62811
-0.78168
0
0
0
0
-7.3602
0
0
0
0
0
0
-0.68921
-0.68921
15.8786
-0.61085
-0.58525
-0.60251
-0.60251
-0.58525
-0.51402
-0.49455
-0.49455
-0.51402
-0.46199
-0.46199
-0.4937
-0.4937
-0.50038
-0.56641
0
0
0
-6.5185
0
0
0
0
0
0
0
0
-0.68921
-0.68921
-0.61085
15.8786
-0.58525
-0.60251
-0.60251
-0.58525
-0.51402
-0.49455
-0.49455
-0.51402
-0.46199
-0.46199
-0.4937
-0.4937
-0.50038
-0.56641
0
0
0
0
-6.5185
0
0
0
0
0
0
0
-0.62992
-0.62992
-0.58525
-0.58525
29.2347
-0.59084
-0.59084
-0.50111
-0.45875
-0.4732
-0.4732
-0.45875
-0.4254
-0.4254
-0.45588
-0.45588
-0.44256
0
0
-10.5263
0
0
0
0
0
-10.5263
0
0
0
0
-0.66515
-0.66515
-0.60251
-0.60251
-0.59084
9.8296
-0.55643
-0.59084
-0.50702
-0.48367
-0.48367
-0.50702
-0.45195
-0.45195
-0.48272
-0.48272
-0.49528
-0.54627
-0.66391
0
0
0
0
0
0
0
0
0
0
0
-0.66515
-0.66515
-0.60251
-0.60251
-0.59084
-0.55643
9.8296
-0.59084
-0.50702
-0.48367
-0.48367
-0.50702
-0.45195
-0.45195
-0.48272
-0.48272
-0.49528
-0.54627
-0.66391
0
0
0
0
0
0
0
0
0
0
0
-0.62992
-0.62992
-0.58525
-0.58525
-0.50111
-0.59084
-0.59084
29.2347
-0.45875
-0.4732
-0.4732
-0.45875
-0.4254
-0.4254
-0.45588
-0.45588
-0.44256
0
0
0
0
0
0
0
0
0
0
0
-10.5263
-10.5263
-0.57885
-0.57885
-0.51402
-0.51402
-0.45875
-0.50702
-0.50702
-0.45875
12.7027
-0.42475
-0.42475
-0.42872
-0.37774
-0.37774
-0.40345
-0.40345
-0.40396
0
0
0
0
0
0
0
-5.3409
0
0
0
0
0
-0.55885
-0.55885
-0.49455
-0.49455
-0.4732
-0.48367
-0.48367
-0.4732
-0.42475
7.6734
-0.39911
-0.42475
-0.37331
-0.37331
-0.3992
-0.3992
-0.40594
-0.45325
0
0
0
0
0
0
0
0
0
0
0
0
-0.55885
-0.55885
-0.49455
-0.49455
-0.4732
-0.48367
-0.48367
-0.4732
-0.42475
-0.39911
7.6734
-0.42475
-0.37331
-0.37331
-0.3992
-0.3992
-0.40594
-0.45325
0
0
0
0
0
0
0
0
0
0
0
0
-0.57885
-0.57885
-0.51402
-0.51402
-0.45875
-0.50702
-0.50702
-0.45875
-0.42872
-0.42475
-0.42475
12.7027
-0.37774
-0.37774
-0.40345
-0.40345
-0.40396
0
0
0
-5.3409
0
0
0
0
0
0
0
0
0
-0.51927
-0.51927
-0.46199
-0.46199
-0.4254
-0.45195
-0.45195
-0.4254
-0.37774
-0.37331
-0.37331
-0.37774
6.6653
-0.33908
-0.36775
-0.36775
-0.37143
0
0
0
0
0
0
0
0
0
0
0
0
0
-0.51927
-0.51927
-0.46199
-0.46199
-0.4254
-0.45195
-0.45195
-0.4254
-0.37774
-0.37331
-0.37331
-0.37774
-0.33908
6.6653
-0.36775
-0.36775
-0.37143
0
0
0
0
0
0
0
0
0
0
0
0
0
-0.55404
-0.55404
-0.4937
-0.4937
-0.45588
-0.48272
-0.48272
-0.45588
-0.40345
-0.3992
-0.3992
-0.40345
-0.36775
-0.36775
6.7081
-0.39454
0
0
0
0
0
0
0
0
0
0
0
0
0
0
-0.55404
-0.55404
-0.4937
-0.4937
-0.45588
-0.48272
-0.48272
-0.45588
-0.40345
-0.3992
-0.3992
-0.40345
-0.36775
-0.36775
-0.39454
6.7081
0
0
0
0
0
0
0
0
0
0
0
0
0
0
-0.56523
-0.56523
-0.50038
-0.50038
-0.44256
-0.49528
-0.49528
-0.44256
-0.40396
-0.40594
-0.40594
-0.40396
-0.37143
-0.37143
0
0
9.1003
0
0
0
0
0
0
0
0
0
0
-2.7307
0
0
-0.62811
-0.62811
-0.56641
-0.56641
0
-0.54627
-0.54627
0
0
-0.45325
-0.45325
0
0
0
0
0
0
4.3881
0
0
0
0
0
0
0
0
0
0
0
0
-0.78168
-0.78168
0
0
0
-0.66391
-0.66391
0
0
0
0
0
0
0
0
0
0
0
2.8912
0
0
0
0
0
0
0
0
0
0
0
0
0
0
0
-10.5263
0
0
0
0
0
0
0
0
0
0
0
0
0
0
10.5263
0
0
0
0
0
0
0
0
0
0
0
0
0
0
0
0
0
0
0
0
0
-5.3409
0
0
0
0
0
0
0
0
5.3409
0
0
0
0
0
0
0
0
0
0
0
-6.5185
0
0
0
0
0
0
0
0
0
0
0
0
0
0
0
0
0
0
6.5185
0
0
0
0
0
0
0
0
0
0
0
-6.5185
0
0
0
0
0
0
0
0
0
0
0
0
0
0
0
0
0
0
6.5185
0
0
0
0
0
0
0
0
-7.3602
0
0
0
0
0
0
0
0
0
0
0
0
0
0
0
0
0
0
0
0
0
7.3602
0
0
0
0
0
0
0
0
0
0
0
0
0
0
-5.3409
0
0
0
0
0
0
0
0
0
0
0
0
0
0
0
5.3409
0
0
0
0
0
0
0
0
0
-10.5263
0
0
0
0
0
0
0
0
0
0
0
0
0
0
0
0
0
0
0
0
10.5263
0
0
0
0
-7.3602
0
0
0
0
0
0
0
0
0
0
0
0
0
0
0
0
0
0
0
0
0
0
0
0
0
7.3602
0
0
0
0
0
0
0
0
0
0
0
0
0
0
0
0
0
0
0
-2.7307
0
0
0
0
0
0
0
0
0
0
2.7307
0
0
0
0
0
0
0
0
0
-10.5263
0
0
0
0
0
0
0
0
0
0
0
0
0
0
0
0
0
0
0
0
10.5263
0
0
0
0
0
0
0
0
-10.5263
0
0
0
0
0
0
0
0
0
0
0
0
0
0
0
0
0
0
0
0
0
10.5263
