24.4092
-0.78936
-0.78936
-0.74704
-0.74022
-0.74704
-0.70373
-0.71925
-0.69471
-0.7584
-0.75523
-0.77945
-0.74306
-0.57829
-0.79796
-0.74841
-0.69774
-0.74841
-0.77911
-0.84971
0
-0.68917
0
-9.5536
0
0
0
0
0
0
-0.78936
14.5751
-0.76733
-0.73038
-0.73104
-0.73038
-0.68927
-0.71768
-0.68152
-0.73843
-0.74218
-0.77856
-0.72388
-0.62149
-0.77547
-0.72656
-0.70543
-0.72656
-0.75071
-0.80908
0
-0.63978
0
0
0
0
0
0
0
0
-0.78936
-0.76733
14.5751
-0.73038
-0.73104
-0.73038
-0.68927
-0.71768
-0.68152
-0.73843
-0.74218
-0.77856
-0.72388
-0.62149
-0.77547
-0.72656
-0.70543
-0.72656
-0.75071
-0.80908
0
-0.63978
0
0
0
0
0
0
0
0
-0.74704
-0.73038
-0.73038
13.2259
-0.69796
-0.68364
-0.65217
-0.67685
-0.64544
-0.69979
-0.7046
-0.73277
-0.68599
-0.5846
-0.73471
-0.68859
-0.664
-0.68859
-0.71193
-0.76652
0
0
0
0
0
0
0
0
0
0
-0.74022
-0.73104
-0.73104
-0.69796
12.6308
-0.69796
-0.64926
-0.66731
-0.64212
-0.69715
-0.70582
-0.72051
-0.68367
-0.56921
-0.73261
-0.68605
-0.65015
-0.68605
-0.71202
0
-0.23066
0
0
0
0
0
0
0
0
0
-0.74704
-0.73038
-0.73038
-0.68364
-0.69796
13.2259
-0.65217
-0.67685
-0.64544
-0.69979
-0.7046
-0.73277
-0.68599
-0.5846
-0.73471
-0.68859
-0.664
-0.68859
-0.71193
-0.76652
0
0
0
0
0
0
0
0
0
0
-0.70373
-0.68927
-0.68927
-0.65217
-0.64926
-0.65217
11.7245
-0.63304
-0.60585
-0.65583
-0.65805
-0.68306
-0.64262
-0.54484
-0.68787
-0.64508
-0.61986
-0.64508
-0.66738
0
0
0
0
0
0
0
0
0
0
0
-0.71925
-0.71768
-0.71768
-0.67685
-0.66731
-0.67685
-0.63304
19.6145
-0.62026
-0.67755
-0.67231
-0.68454
-0.66332
-0.50403
-0.71209
-0.66862
-0.61337
-0.66862
0
0
0
0
0
0
0
-8.3212
0
0
0
0
-0.69471
-0.68152
-0.68152
-0.64544
-0.64212
-0.64544
-0.60585
-0.62026
10.9044
-0.64633
-0.6466
-0.67053
-0.6326
-0.5349
-0.67723
-0.63507
-0.60923
-0.63507
0
0
0
0
0
0
0
0
0
0
0
0
-0.7584
-0.73843
-0.73843
-0.69979
-0.69715
-0.69979
-0.65583
-0.67755
-0.64633
10.6301
-0.71346
-0.7471
-0.6881
0
-0.7462
-0.71177
0
-0.71177
0
0
0
0
0
0
0
0
0
0
0
0
-0.75523
-0.74218
-0.74218
-0.7046
-0.70582
-0.7046
-0.65805
-0.67231
-0.6466
-0.71346
9.4436
-0.73535
-0.66975
0
-0.74097
0
0
0
0
0
-0.25249
0
0
0
0
0
0
0
0
0
-0.77945
-0.77856
-0.77856
-0.73277
-0.72051
-0.73277
-0.68306
-0.68454
-0.67053
-0.7471
-0.73535
14.2938
-0.67802
0
0
0
0
0
0
0
0
0
0
0
0
0
-5.5726
0
0
0
-0.74306
-0.72388
-0.72388
-0.68599
-0.68367
-0.68599
-0.64262
-0.66332
-0.6326
-0.6881
-0.66975
-0.67802
8.9182
0
-0.69732
0
0
0
0
0
0
0
0
0
0
0
0
0
0
0
-0.57829
-0.62149
-0.62149
-0.5846
-0.56921
-0.5846
-0.54484
-0.50403
-0.5349
0
0
0
0
31.9385
0
0
0
0
0
0
0
0
0
0
-8.9317
0
0
-8.9317
0
-8.9317
-0.79796
-0.77547
-0.77547
-0.73471
-0.73261
-0.73471
-0.68787
-0.71209
-0.67723
-0.7462
-0.74097
0
-0.69732
0
8.8126
0
0
0
0
0
0
0
0
0
0
0
0
0
0
0
-0.74841
-0.72656
-0.72656
-0.68859
-0.68605
-0.68859
-0.64508
-0.66862
-0.63507
-0.71177
0
0
0
0
0
6.9253
0
0
0
0
0
0
0
0
0
0
0
0
0
0
-0.69774
-0.70543
-0.70543
-0.664
-0.65015
-0.664
-0.61986
-0.61337
-0.60923
0
0
0
0
0
0
0
8.5842
0
0
0
0
0
0
0
0
0
0
0
-2.6549
0
-0.74841
-0.72656
-0.72656
-0.68859
-0.68605
-0.68859
-0.64508
-0.66862
-0.63507
-0.71177
0
0
0
0
0
0
0
6.9253
0
0
0
0
0
0
0
0
0
0
0
0
-0.77911
-0.75071
-0.75071
-0.71193
-0.71202
-0.71193
-0.66738
0
0
0
0
0
0
0
0
0
0
0
5.0838
0
0
0
0
0
0
0
0
0
0
0
-0.84971
-0.80908
-0.80908
-0.76652
0
-0.76652
0
0
0
0
0
0
0
0
0
0
0
0
0
4.0009
0
0
0
0
0
0
0
0
0
0
0
0
0
0
-0.23066
0
0
0
0
0
-0.25249
0
0
0
0
0
0
0
0
0
0.58766
0
-0.1045
0
0
0
0
0
0
0
-0.68917
-0.63978
-0.63978
0
0
0
0
0
0
0
0
0
0
0
0
0
0
0
0
0
0
1.9687
0
0
0
0
0
0
0
0
0
0
0
0
0
0
0
0
0
0
0
0
0
0
0
0
0
0
0
0
-0.1045
0
0.1045
0
0
0
0
0
0
0
-9.5536
0
0
0
0
0
0
0
0
0
0
0
0
0
0
0
0
0
0
0
0
0
0
9.5536
0
0
0
0
0
0
0
0
0
0
0
0
0
0
0
0
0
0
0
-8.9317
0
0
0
0
0
0
0
0
0
0
8.9317
0
0
0
0
0
0
0
0
0
0
0
0
-8.3212
0
0
0
0
0
0
0
0
0
0
0
0
0
0
0
0
0
8.3212
0
0
0
0
0
0
0
0
0
0
0
0
0
0
0
-5.5726
0
0
0
0
0
0
0
0
0
0
0
0
0
0
5.5726
0
0
0
0
0
0
0
0
0
0
0
0
0
0
0
0
-8.9317
0
0
0
0
0
0
0
0
0
0
0
0
0
8.9317
0
0
0
0
0
0
0
0
0
0
0
0
0
0
0
0
0
0
-2.6549
0
0
0
0
0
0
0
0
0
0
0
2.6549
0
0
0
0
0
0
0
0
0
0
0
0
0
0
-8.9317
0
0
0
0
0
0
0
0
0
0
0
0
0
0
0
8.9317
