16.5152
-0.56405
-0.56238
-0.56109
-0.56429
-0.562
-0.56761
-0.56253
-0.5627
-0.56379
-0.5647
0
0
-0.58516
-0.58656
0
0
0
-4.8541
0
0
0
0
0
0
0
0
-4.8541
0
0
-0.56405
15.5454
-0.56251
-0.56169
-0.56501
-0.56068
-0.56827
-0.56445
-0.56379
-0.56339
-0.5655
-0.58989
0
0
0
0
0
0
0
0
0
0
0
0
0
0
0
0
-4.6581
-4.6581
-0.56238
-0.56251
9.7234
-0.56047
-0.56436
-0.56145
-0.56796
-0.56422
-0.5635
-0.55969
-0.56374
0
-0.58947
0
0
0
0
0
0
0
0
0
-3.5036
0
0
0
0
0
0
0
-0.56109
-0.56169
-0.56047
8.6756
-0.56438
-0.56066
-0.56651
-0.56349
-0.56353
-0.56212
-0.56314
0
0
0
0
0
0
0
0
0
0
0
0
0
0
0
-3.0485
0
0
0
-0.56429
-0.56501
-0.56436
-0.56438
5.6557
-0.56476
-0.56886
-0.56608
-0.56644
-0.56465
-0.56688
0
0
0
0
0
0
0
0
0
0
0
0
0
0
0
0
0
0
0
-0.562
-0.56068
-0.56145
-0.56066
-0.56476
6.4817
0
-0.56366
-0.56225
0
0
-0.58745
0
0
0
0
0
0
0
0
-1.9588
0
0
0
0
0
0
0
0
0
-0.56761
-0.56827
-0.56796
-0.56651
-0.56886
0
7.3117
0
0
0
0
0
0
0
-0.58461
-1.7228
0
0
0
0
0
-2.1651
0
0
0
0
0
0
0
0
-0.56253
-0.56445
-0.56422
-0.56349
-0.56608
-0.56366
0
4.5295
-0.56235
0
0
0
0
-0.5827
0
0
0
0
0
0
0
0
0
0
0
0
0
0
0
0
-0.5627
-0.56379
-0.5635
-0.56353
-0.56644
-0.56225
0
-0.56235
3.9446
0
0
0
0
0
0
0
0
0
0
0
0
0
0
0
0
0
0
0
0
0
-0.56379
-0.56339
-0.55969
-0.56212
-0.56465
0
0
0
0
3.398
0
0
-0.58438
0
0
0
0
0
0
0
0
0
0
0
0
0
0
0
0
0
-0.5647
-0.5655
-0.56374
-0.56314
-0.56688
0
0
0
0
0
3.3762
0
0
0
0
0
0
0
0
0
0
0
0
-0.55225
0
0
0
0
0
0
0
-0.58989
0
0
0
-0.58745
0
0
0
0
0
4.9093
0
0
0
0
-2.1961
-1.5358
0
0
0
0
0
0
0
0
0
0
0
0
0
0
-0.58947
0
0
0
0
0
0
-0.58438
0
0
1.7707
0
0
0
0
0
0
0
0
0
0
0
0
-0.59681
0
0
0
0
-0.58516
0
0
0
0
0
0
-0.5827
0
0
0
0
0
1.7604
0
0
0
0
0
0
0
0
0
0
-0.59254
0
0
0
0
0
-0.58656
0
0
0
0
0
-0.58461
0
0
0
0
0
0
0
1.7642
0
0
0
0
-0.593
0
0
0
0
0
0
0
0
0
0
0
0
0
0
0
0
-1.7228
0
0
0
0
0
0
0
0
2.2971
-0.57435
0
0
0
0
0
0
0
0
0
0
0
0
0
0
0
0
0
0
0
0
0
0
0
0
-2.1961
0
0
0
-0.57435
2.7704
0
0
0
0
0
0
0
0
0
0
0
0
0
0
0
0
0
0
0
0
0
0
0
0
-1.5358
0
0
0
0
0
1.5358
0
0
0
0
0
0
0
0
0
0
0
0
-4.8541
0
0
0
0
0
0
0
0
0
0
0
0
0
0
0
0
0
4.8541
0
0
0
0
0
0
0
0
0
0
0
0
0
0
0
0
0
0
0
0
0
0
0
0
0
-0.593
0
0
0
0
0.593
0
0
0
0
0
0
0
0
0
0
0
0
0
0
0
-1.9588
0
0
0
0
0
0
0
0
0
0
0
0
0
0
1.9588
0
0
0
0
0
0
0
0
0
0
0
0
0
0
0
-2.1651
0
0
0
0
0
0
0
0
0
0
0
0
0
0
2.1651
0
0
0
0
0
0
0
0
0
0
-3.5036
0
0
0
0
0
0
0
0
0
0
0
0
0
0
0
0
0
0
0
3.5036
0
0
0
0
0
0
0
0
0
0
0
0
0
0
0
0
0
-0.55225
0
0
0
0
0
0
0
0
0
0
0
0
0.55225
0
0
0
0
0
0
0
0
0
0
0
0
0
0
0
0
0
0
0
-0.59254
0
0
0
0
0
0
0
0
0
0
0.59254
0
0
0
0
0
0
0
0
0
0
0
0
0
0
0
0
0
-0.59681
0
0
0
0
0
0
0
0
0
0
0
0
0.59681
0
0
0
0
0
0
0
-3.0485
0
0
0
0
0
0
0
0
0
0
0
0
0
0
0
0
0
0
0
0
0
0
3.0485
0
0
0
-4.8541
0
0
0
0
0
0
0
0
0
0
0
0
0
0
0
0
0
0
0
0
0
0
0
0
0
0
4.8541
0
0
0
-4.6581
0
0
0
0
0
0
0
0
0
0
0
0
0
0
0
0
0
0
0
0
0
0
0
0
0
0
4.6581
0
0
-4.6581
0
0
0
0
0
0
0
0
0
0
0
0
0
0
0
0
0
0
0
0
0
0
0
0
0
0
0
4.6581
