33.4481
-0.75886
-0.75886
-0.7242
-0.7242
-0.72805
-0.70503
-0.71315
-0.73782
-0.73782
-0.75003
-0.75003
-0.74625
-0.74625
-0.70323
-0.77347
-0.77347
-0.77347
-0.67509
-0.67509
-0.76249
-9.3656
0
0
0
0
0
0
0
-9.3656
-0.75886
22.285
-0.77001
-0.72569
-0.72569
-0.73836
-0.70701
-0.72426
-0.74036
-0.74036
-0.76867
-0.76867
-0.74596
-0.74596
-0.72478
-0.77233
-0.77233
-0.77233
-0.67234
-0.67234
-0.75415
0
0
-7.4845
0
0
0
0
0
0
-0.75886
-0.77001
22.285
-0.72569
-0.72569
-0.73836
-0.70701
-0.72426
-0.74036
-0.74036
-0.76867
-0.76867
-0.74596
-0.74596
-0.72478
-0.77233
-0.77233
-0.77233
-0.67234
-0.67234
-0.75415
0
0
0
0
0
-7.4845
0
0
0
-0.7242
-0.72569
-0.72569
14.0169
-0.68234
-0.70198
-0.668
-0.6852
-0.69806
-0.69806
-0.72994
-0.72994
-0.70178
-0.70178
-0.69395
-0.72507
-0.72507
-0.72507
-0.63439
-0.63439
-0.70635
0
0
0
0
0
0
0
0
0
-0.7242
-0.72569
-0.72569
-0.68234
14.0169
-0.70198
-0.668
-0.6852
-0.69806
-0.69806
-0.72994
-0.72994
-0.70178
-0.70178
-0.69395
-0.72507
-0.72507
-0.72507
-0.63439
-0.63439
-0.70635
0
0
0
0
0
0
0
0
0
-0.72805
-0.73836
-0.73836
-0.70198
-0.70198
20.5163
-0.67656
-0.6908
-0.70724
-0.70724
-0.73182
-0.73182
-0.71243
-0.71243
-0.69144
-0.73688
-0.73688
-0.73688
-0.64439
-0.64439
0
0
0
0
0
0
0
-7.0464
0
0
-0.70503
-0.70701
-0.70701
-0.668
-0.668
-0.67656
12.9593
-0.66506
-0.67881
-0.67881
-0.70808
-0.70808
-0.68234
-0.68234
-0.67401
-0.70466
-0.70466
-0.70466
-0.61808
-0.61808
0
0
0
0
0
0
0
0
0
0
-0.71315
-0.72426
-0.72426
-0.6852
-0.6852
-0.6908
-0.66506
18.0503
-0.69576
-0.69576
-0.71715
-0.71715
-0.70097
-0.70097
-0.67738
-0.72601
-0.72601
-0.72601
0
0
0
0
-6.0791
0
0
0
0
0
0
0
-0.73782
-0.74036
-0.74036
-0.69806
-0.69806
-0.70724
-0.67881
-0.69576
9.2801
-0.67051
-0.74584
-0.74584
-0.71071
-0.71071
0
0
0
0
0
0
0
0
0
0
0
0
0
0
0
0
-0.73782
-0.74036
-0.74036
-0.69806
-0.69806
-0.70724
-0.67881
-0.69576
-0.67051
9.2801
-0.74584
-0.74584
-0.71071
-0.71071
0
0
0
0
0
0
0
0
0
0
0
0
0
0
0
0
-0.75003
-0.76867
-0.76867
-0.72994
-0.72994
-0.73182
-0.70808
-0.71715
-0.74584
-0.74584
7.7812
0
0
0
0
0
0
0
0
0
0
0
0
0
0
-0.38525
0
0
0
0
-0.75003
-0.76867
-0.76867
-0.72994
-0.72994
-0.73182
-0.70808
-0.71715
-0.74584
-0.74584
0
7.7812
0
0
0
0
0
0
0
0
0
0
0
0
-0.38525
0
0
0
0
0
-0.74625
-0.74596
-0.74596
-0.70178
-0.70178
-0.71243
-0.68234
-0.70097
-0.71071
-0.71071
0
0
7.1589
0
0
0
0
0
0
0
0
0
0
0
0
0
0
0
0
0
-0.74625
-0.74596
-0.74596
-0.70178
-0.70178
-0.71243
-0.68234
-0.70097
-0.71071
-0.71071
0
0
0
7.1589
0
0
0
0
0
0
0
0
0
0
0
0
0
0
0
0
-0.70323
-0.72478
-0.72478
-0.69395
-0.69395
-0.69144
-0.67401
-0.67738
0
0
0
0
0
0
5.688
0
0
0
0
0
0
0
0
0
0
0
0
0
-0.1045
0
-0.77347
-0.77233
-0.77233
-0.72507
-0.72507
-0.73688
-0.70466
-0.72601
0
0
0
0
0
0
0
5.9358
0
0
0
0
0
0
0
0
0
0
0
0
0
0
-0.77347
-0.77233
-0.77233
-0.72507
-0.72507
-0.73688
-0.70466
-0.72601
0
0
0
0
0
0
0
0
5.9358
0
0
0
0
0
0
0
0
0
0
0
0
0
-0.77347
-0.77233
-0.77233
-0.72507
-0.72507
-0.73688
-0.70466
-0.72601
0
0
0
0
0
0
0
0
0
5.9358
0
0
0
0
0
0
0
0
0
0
0
0
-0.67509
-0.67234
-0.67234
-0.63439
-0.63439
-0.64439
-0.61808
0
0
0
0
0
0
0
0
0
0
0
4.551
0
0
0
0
0
0
0
0
0
0
0
-0.67509
-0.67234
-0.67234
-0.63439
-0.63439
-0.64439
-0.61808
0
0
0
0
0
0
0
0
0
0
0
0
4.551
0
0
0
0
0
0
0
0
0
0
-0.76249
-0.75415
-0.75415
-0.70635
-0.70635
0
0
0
0
0
0
0
0
0
0
0
0
0
0
0
3.6835
0
0
0
0
0
0
0
0
0
-9.3656
0
0
0
0
0
0
0
0
0
0
0
0
0
0
0
0
0
0
0
0
9.3656
0
0
0
0
0
0
0
0
0
0
0
0
0
0
0
-6.0791
0
0
0
0
0
0
0
0
0
0
0
0
0
0
6.0791
0
0
0
0
0
0
0
0
-7.4845
0
0
0
0
0
0
0
0
0
0
0
0
0
0
0
0
0
0
0
0
0
7.4845
0
0
0
0
0
0
0
0
0
0
0
0
0
0
0
0
0
-0.38525
0
0
0
0
0
0
0
0
0
0
0
0
0.38525
0
0
0
0
0
0
0
0
0
0
0
0
0
0
0
-0.38525
0
0
0
0
0
0
0
0
0
0
0
0
0
0
0.38525
0
0
0
0
0
0
-7.4845
0
0
0
0
0
0
0
0
0
0
0
0
0
0
0
0
0
0
0
0
0
0
0
7.4845
0
0
0
0
0
0
0
0
-7.0464
0
0
0
0
0
0
0
0
0
0
0
0
0
0
0
0
0
0
0
0
0
7.0464
0
0
0
0
0
0
0
0
0
0
0
0
0
0
0
0
-0.1045
0
0
0
0
0
0
0
0
0
0
0
0
0
0.1045
0
-9.3656
0
0
0
0
0
0
0
0
0
0
0
0
0
0
0
0
0
0
0
0
0
0
0
0
0
0
0
0
9.3656
