36.2648
-0.7836
-0.7836
-0.7648
-0.7648
-0.7648
-0.78736
-0.80216
-0.75834
-0.75834
-0.74448
-0.74448
-0.75834
-0.75834
-0.62759
-0.62759
-0.62759
-0.62759
-0.74442
-0.29209
-0.73367
0
0
0
0
0
-11.0054
-11.0054
0
0
-0.7836
22.5348
-0.81317
-0.77549
-0.77549
-0.77549
-0.81306
-0.81027
-0.76665
-0.76665
-0.77034
-0.77034
-0.76665
-0.76665
-0.63404
-0.63404
-0.63404
-0.63404
-0.74917
-0.32728
-0.7333
0
0
0
0
0
0
0
-8.035
0
-0.7836
-0.81317
22.5348
-0.77549
-0.77549
-0.77549
-0.81306
-0.81027
-0.76665
-0.76665
-0.77034
-0.77034
-0.76665
-0.76665
-0.63404
-0.63404
-0.63404
-0.63404
-0.74917
-0.32728
-0.7333
0
-8.035
0
0
0
0
0
0
0
-0.7648
-0.77549
-0.77549
13.8142
-0.73077
-0.73077
-0.7732
-0.76542
-0.72476
-0.72476
-0.73519
-0.73519
-0.72476
-0.72476
-0.59868
-0.59868
-0.59868
-0.59868
-0.70583
-0.33956
-0.68873
0
0
0
0
0
0
0
0
0
-0.7648
-0.77549
-0.77549
-0.73077
13.8142
-0.73077
-0.7732
-0.76542
-0.72476
-0.72476
-0.73519
-0.73519
-0.72476
-0.72476
-0.59868
-0.59868
-0.59868
-0.59868
-0.70583
-0.33956
-0.68873
0
0
0
0
0
0
0
0
0
-0.7648
-0.77549
-0.77549
-0.73077
-0.73077
13.8142
-0.7732
-0.76542
-0.72476
-0.72476
-0.73519
-0.73519
-0.72476
-0.72476
-0.59868
-0.59868
-0.59868
-0.59868
-0.70583
-0.33956
-0.68873
0
0
0
0
0
0
0
0
0
-0.78736
-0.81306
-0.81306
-0.7732
-0.7732
-0.7732
20.4098
-0.81299
-0.77791
-0.77791
-0.78708
-0.78708
-0.77791
-0.77791
-0.63779
-0.63779
-0.63779
-0.63779
-0.75527
0
0
0
0
0
0
0
0
0
0
-6.8715
-0.80216
-0.81027
-0.81027
-0.76542
-0.76542
-0.76542
-0.81299
14.0901
-0.76075
-0.76075
-0.77921
-0.77921
-0.76075
-0.76075
-0.62498
-0.62498
-0.62498
-0.62498
-0.73768
0
-0.71917
0
0
0
0
0
0
0
0
0
-0.75834
-0.76665
-0.76665
-0.72476
-0.72476
-0.72476
-0.77791
-0.76075
12.633
-0.69582
-0.7582
-0.7582
-0.69582
-0.69582
-0.58209
-0.58209
-0.58209
-0.58209
-0.6962
0
0
0
0
0
0
0
0
0
0
0
-0.75834
-0.76665
-0.76665
-0.72476
-0.72476
-0.72476
-0.77791
-0.76075
-0.69582
12.633
-0.7582
-0.7582
-0.69582
-0.69582
-0.58209
-0.58209
-0.58209
-0.58209
-0.6962
0
0
0
0
0
0
0
0
0
0
0
-0.74448
-0.77034
-0.77034
-0.73519
-0.73519
-0.73519
-0.78708
-0.77921
-0.7582
-0.7582
18.3337
-0.75069
-0.7582
-0.7582
-0.57469
-0.57469
-0.57469
-0.57469
0
0
0
-6.1944
0
0
0
0
0
0
0
0
-0.74448
-0.77034
-0.77034
-0.73519
-0.73519
-0.73519
-0.78708
-0.77921
-0.7582
-0.7582
-0.75069
18.3337
-0.7582
-0.7582
-0.57469
-0.57469
-0.57469
-0.57469
0
0
0
0
0
0
0
-6.1944
0
0
0
0
-0.75834
-0.76665
-0.76665
-0.72476
-0.72476
-0.72476
-0.77791
-0.76075
-0.69582
-0.69582
-0.7582
-0.7582
12.633
-0.69582
-0.58209
-0.58209
-0.58209
-0.58209
-0.6962
0
0
0
0
0
0
0
0
0
0
0
-0.75834
-0.76665
-0.76665
-0.72476
-0.72476
-0.72476
-0.77791
-0.76075
-0.69582
-0.69582
-0.7582
-0.7582
-0.69582
12.633
-0.58209
-0.58209
-0.58209
-0.58209
-0.6962
0
0
0
0
0
0
0
0
0
0
0
-0.62759
-0.63404
-0.63404
-0.59868
-0.59868
-0.59868
-0.63779
-0.62498
-0.58209
-0.58209
-0.57469
-0.57469
-0.58209
-0.58209
9.7938
-0.45387
-0.45387
-0.45387
0
0
0
0
0
0
0
0
0
0
0
0
-0.62759
-0.63404
-0.63404
-0.59868
-0.59868
-0.59868
-0.63779
-0.62498
-0.58209
-0.58209
-0.57469
-0.57469
-0.58209
-0.58209
-0.45387
9.7938
-0.45387
-0.45387
0
0
0
0
0
0
0
0
0
0
0
0
-0.62759
-0.63404
-0.63404
-0.59868
-0.59868
-0.59868
-0.63779
-0.62498
-0.58209
-0.58209
-0.57469
-0.57469
-0.58209
-0.58209
-0.45387
-0.45387
9.7938
-0.45387
0
0
0
0
0
0
0
0
0
0
0
0
-0.62759
-0.63404
-0.63404
-0.59868
-0.59868
-0.59868
-0.63779
-0.62498
-0.58209
-0.58209
-0.57469
-0.57469
-0.58209
-0.58209
-0.45387
-0.45387
-0.45387
9.7938
0
0
0
0
0
0
0
0
0
0
0
0
-0.74442
-0.74917
-0.74917
-0.70583
-0.70583
-0.70583
-0.75527
-0.73768
-0.6962
-0.6962
0
0
-0.6962
-0.6962
0
0
0
0
8.638
0
0
0
0
0
0
0
0
0
0
0
-0.29209
-0.32728
-0.32728
-0.33956
-0.33956
-0.33956
0
0
0
0
0
0
0
0
0
0
0
0
0
10.6745
0
0
0
-4.3546
-4.3546
0
0
0
0
0
-0.73367
-0.7333
-0.7333
-0.68873
-0.68873
-0.68873
0
-0.71917
0
0
0
0
0
0
0
0
0
0
0
0
4.9856
0
0
0
0
0
0
0
0
0
0
0
0
0
0
0
0
0
0
0
-6.1944
0
0
0
0
0
0
0
0
0
0
6.1944
0
0
0
0
0
0
0
0
0
0
-8.035
0
0
0
0
0
0
0
0
0
0
0
0
0
0
0
0
0
0
0
8.035
0
0
0
0
0
0
0
0
0
0
0
0
0
0
0
0
0
0
0
0
0
0
0
0
0
0
-4.3546
0
0
0
4.3546
0
0
0
0
0
0
0
0
0
0
0
0
0
0
0
0
0
0
0
0
0
0
0
0
0
-4.3546
0
0
0
0
4.3546
0
0
0
0
0
0
0
0
0
0
0
0
0
0
0
0
-6.1944
0
0
0
0
0
0
0
0
0
0
0
0
0
6.1944
0
0
0
0
-11.0054
0
0
0
0
0
0
0
0
0
0
0
0
0
0
0
0
0
0
0
0
0
0
0
0
0
11.0054
0
0
0
-11.0054
0
0
0
0
0
0
0
0
0
0
0
0
0
0
0
0
0
0
0
0
0
0
0
0
0
0
11.0054
0
0
0
-8.035
0
0
0
0
0
0
0
0
0
0
0
0
0
0
0
0
0
0
0
0
0
0
0
0
0
0
8.035
0
0
0
0
0
0
0
-6.8715
0
0
0
0
0
0
0
0
0
0
0
0
0
0
0
0
0
0
0
0
0
0
6.8715
