30.335
-0.61588
-0.59601
-0.59192
-0.58339
-0.56931
-0.59262
-0.63082
-0.63082
-0.64935
-0.62876
-0.62876
-0.61099
-0.62435
-0.62435
-0.62435
-0.62435
-1.1179
0
0
0
0
0
0
0
0
0
-9.6956
0
-9.6956
-0.61588
11.3816
-0.56791
-0.56334
-0.57491
-0.54316
-0.57049
-0.59862
-0.59862
-0.61863
-0.59649
-0.59649
-0.62694
-0.5887
-0.5887
-0.5887
-0.5887
-1.0326
0
-0.38399
-0.53877
0
0
0
0
0
0
0
0
0
-0.59601
-0.56791
10.7786
-0.55019
-0.56365
-0.53004
-0.55263
-0.5817
-0.5817
-0.59942
-0.57984
-0.57984
-0.62988
-0.57593
-0.57593
-0.57593
-0.57593
-1.0112
0
0
-0.55091
0
0
0
0
0
0
0
0
0
-0.59192
-0.56334
-0.55019
10.0998
-0.56177
-0.52207
-0.55161
-0.57343
-0.57343
-0.59832
-0.57074
-0.57074
-0.63756
-0.5648
-0.5648
-0.5648
-0.5648
-0.97549
0
0
0
0
0
0
0
0
0
0
0
0
-0.58339
-0.57491
-0.56365
-0.56177
17.323
-0.53306
-0.56018
-0.58897
-0.58897
-0.61115
-0.58644
-0.58644
-0.59791
-0.58177
-0.58177
-0.58177
-0.58177
0
0
0
0
0
0
0
-8.0591
0
0
0
0
0
-0.56931
-0.54316
-0.53004
-0.52207
-0.53306
8.7405
-0.5266
-0.54742
-0.54742
-0.57217
-0.5445
-0.5445
-0.60454
-0.53893
-0.53893
-0.53893
-0.53893
0
0
0
0
0
0
0
0
0
0
0
0
0
-0.59262
-0.57049
-0.55263
-0.55161
-0.56018
-0.5266
6.8472
-0.55683
-0.55683
-0.61323
-0.55075
-0.55075
0
0
0
0
0
0
-0.23506
-0.42961
0
0
0
0
0
0
0
0
0
0
-0.63082
-0.59862
-0.5817
-0.57343
-0.58897
-0.54742
-0.55683
6.2996
-0.51229
-0.59871
-0.55542
-0.55542
0
0
0
0
0
0
0
0
0
0
0
0
0
0
0
0
0
0
-0.63082
-0.59862
-0.5817
-0.57343
-0.58897
-0.54742
-0.55683
-0.51229
6.2996
-0.59871
-0.55542
-0.55542
0
0
0
0
0
0
0
0
0
0
0
0
0
0
0
0
0
0
-0.64935
-0.61863
-0.59942
-0.59832
-0.61115
-0.57217
-0.61323
-0.59871
-0.59871
5.7304
0
0
0
0
0
0
0
0
-0.27071
0
0
0
0
0
0
0
0
0
0
0
-0.62876
-0.59649
-0.57984
-0.57074
-0.58644
-0.5445
-0.55075
-0.55542
-0.55542
0
5.1684
0
0
0
0
0
0
0
0
0
0
0
0
0
0
0
0
0
0
0
-0.62876
-0.59649
-0.57984
-0.57074
-0.58644
-0.5445
-0.55075
-0.55542
-0.55542
0
0
5.1684
0
0
0
0
0
0
0
0
0
0
0
0
0
0
0
0
0
0
-0.61099
-0.62694
-0.62988
-0.63756
-0.59791
-0.60454
0
0
0
0
0
0
26.4836
0
0
0
0
0
0
0
0
0
-7.5919
0
0
-7.5919
0
0
-7.5919
0
-0.62435
-0.5887
-0.57593
-0.5648
-0.58177
-0.53893
0
0
0
0
0
0
0
3.4745
0
0
0
0
0
0
0
0
0
0
0
0
0
0
0
0
-0.62435
-0.5887
-0.57593
-0.5648
-0.58177
-0.53893
0
0
0
0
0
0
0
0
3.4745
0
0
0
0
0
0
0
0
0
0
0
0
0
0
0
-0.62435
-0.5887
-0.57593
-0.5648
-0.58177
-0.53893
0
0
0
0
0
0
0
0
0
3.4745
0
0
0
0
0
0
0
0
0
0
0
0
0
0
-0.62435
-0.5887
-0.57593
-0.5648
-0.58177
-0.53893
0
0
0
0
0
0
0
0
0
0
3.4745
0
0
0
0
0
0
0
0
0
0
0
0
0
-1.1179
-1.0326
-1.0112
-0.97549
0
0
0
0
0
0
0
0
0
0
0
0
0
4.1371
0
0
0
0
0
0
0
0
0
0
0
0
0
0
0
0
0
0
-0.23506
0
0
-0.27071
0
0
0
0
0
0
0
0
0.61027
0
0
-0.1045
0
0
0
0
0
0
0
0
0
-0.38399
0
0
0
0
-0.42961
0
0
0
0
0
0
0
0
0
0
0
0
1.234
0
0
0
-0.42036
0
0
0
0
0
0
0
-0.53877
-0.55091
0
0
0
0
0
0
0
0
0
0
0
0
0
0
0
0
0
1.9019
0
0
0
0
0
-0.81225
0
0
0
0
0
0
0
0
0
0
0
0
0
0
0
0
0
0
0
0
0
-0.1045
0
0
0.1045
0
0
0
0
0
0
0
0
0
0
0
0
0
0
0
0
0
0
0
0
-7.5919
0
0
0
0
0
0
0
0
0
7.5919
0
0
0
0
0
0
0
0
0
0
0
0
0
0
0
0
0
0
0
0
0
0
0
0
0
0
-0.42036
0
0
0
0.42036
0
0
0
0
0
0
0
0
0
0
-8.0591
0
0
0
0
0
0
0
0
0
0
0
0
0
0
0
0
0
0
0
8.0591
0
0
0
0
0
0
0
0
0
0
0
0
0
0
0
0
0
-7.5919
0
0
0
0
0
0
0
0
0
0
0
0
7.5919
0
0
0
0
0
0
0
0
0
0
0
0
0
0
0
0
0
0
0
0
0
0
0
0
-0.81225
0
0
0
0
0
0.81225
0
0
0
-9.6956
0
0
0
0
0
0
0
0
0
0
0
0
0
0
0
0
0
0
0
0
0
0
0
0
0
0
9.6956
0
0
0
0
0
0
0
0
0
0
0
0
0
0
-7.5919
0
0
0
0
0
0
0
0
0
0
0
0
0
0
0
7.5919
0
-9.6956
0
0
0
0
0
0
0
0
0
0
0
0
0
0
0
0
0
0
0
0
0
0
0
0
0
0
0
0
9.6956
