10.8935
-0.10001
-0.10001
-0.10001
-0.10001
-0.10001
-0.64865
-0.47048
-0.20691
-0.38557
-0.39499
-0.39495
-0.218
-0.39496
-0.8199
-1.3594
-1.1174
-0.50541
-0.69658
-1.3829
-1.3974
0
0
0
0
0
0
0
0
0
-0.10001
12.3625
-0.10001
-0.10001
-0.10001
-0.10001
-0.7157
-0.52252
-0.23089
-0.44851
-0.50801
-0.508
-0.32518
-0.50801
-0.99827
-1.1608
-1.3136
-0.53427
-0.81282
-1.6491
-1.6268
0
0
0
0
0
0
0
0
0
-0.10001
-0.10001
11.9543
-0.10001
-0.10001
-0.10001
-0.46388
-0.33377
-0.10011
-0.3021
-0.59883
-0.59885
-0.17242
-0.59884
-1.1387
-0.98893
-1.6402
-1.6013
-0.10007
-1.4236
0
-1.3926
0
0
0
0
0
0
0
0
-0.10001
-0.10001
-0.10001
11.4567
-0.10001
-0.10001
-0.67272
-0.48994
-0.21383
-0.4113
-0.43361
-0.43362
-0.26124
-0.43362
-0.89074
-1.2894
-1.1973
-0.51621
-0.7351
-1.4891
-1.489
0
0
0
0
0
0
0
0
0
-0.10001
-0.10001
-0.10001
-0.10001
12.3625
-0.10001
-0.71571
-0.52251
-0.23089
-0.44851
-0.50803
-0.508
-0.32517
-0.50799
-0.99825
-1.1608
-1.3137
-0.53439
-0.81276
-1.649
-1.6267
0
0
0
0
0
0
0
0
0
-0.10001
-0.10001
-0.10001
-0.10001
-0.10001
9.3603
-0.57631
-0.45258
-0.36868
-0.42731
-0.37159
-0.37164
-0.33974
-0.37163
-0.82203
-1.4417
-1.2226
-2.0944
0
0
0
0
0
0
0
0
0
0
0
0
-0.64865
-0.7157
-0.46388
-0.67272
-0.71571
-0.57631
20.1203
-1.6644
-1.2591
-1.6988
-0.72751
-0.72752
-1.278
-0.72753
-1.3009
0
0
0
0
0
0
0
0
0
0
0
0
0
-6.9434
0
-0.47048
-0.52252
-0.33377
-0.48994
-0.52251
-0.45258
-1.6644
17.6907
-1.0636
-1.4588
-0.77518
-0.77518
-0.97095
-0.77519
-1.284
0
0
0
0
0
0
0
-6.1317
0
0
0
0
0
0
0
-0.20691
-0.23089
-0.10011
-0.21383
-0.23089
-0.36868
-1.2591
-1.0636
17.302
-0.10009
-0.66434
-0.66434
0
-0.66433
0
0
0
0
0
0
0
0
0
-5.7674
-5.7674
0
0
0
0
0
-0.38557
-0.44851
-0.3021
-0.4113
-0.44851
-0.42731
-1.6988
-1.4588
-0.10009
14.1814
-0.97438
-0.97436
-0.39313
-0.97437
0
0
0
0
0
0
0
0
0
0
0
0
0
0
0
-5.1842
-0.39499
-0.50801
-0.59883
-0.43361
-0.50803
-0.37159
-0.72751
-0.77518
-0.66434
-0.97438
8.1952
-0.44432
-1.1752
-0.61921
0
0
0
0
0
0
0
0
0
0
0
0
0
0
0
0
-0.39495
-0.508
-0.59885
-0.43362
-0.508
-0.37164
-0.72752
-0.77518
-0.66434
-0.97436
-0.44432
8.3654
-1.1752
-0.78944
0
0
0
0
0
0
0
0
0
0
0
0
0
0
0
0
-0.218
-0.32518
-0.17242
-0.26124
-0.32517
-0.33974
-1.278
-0.97095
0
-0.39313
-1.1752
-1.1752
12.5007
-1.1752
0
0
0
0
0
0
0
0
0
0
0
0
-4.6913
0
0
0
-0.39496
-0.50801
-0.59884
-0.43362
-0.50799
-0.37163
-0.72753
-0.77519
-0.66433
-0.97437
-0.61921
-0.78944
-1.1752
8.5403
0
0
0
0
0
0
0
0
0
0
0
0
0
0
0
0
-0.8199
-0.99827
-1.1387
-0.89074
-0.99825
-0.82203
-1.3009
-1.284
0
0
0
0
0
0
8.2528
0
0
0
0
0
0
0
0
0
0
0
0
0
0
0
-1.3594
-1.1608
-0.98893
-1.2894
-1.1608
-1.4417
0
0
0
0
0
0
0
0
0
12.624
0
0
0
0
0
0
0
0
0
-5.2231
0
0
0
0
-1.1174
-1.3136
-1.6402
-1.1973
-1.3137
-1.2226
0
0
0
0
0
0
0
0
0
0
7.8048
0
0
0
0
0
0
0
0
0
0
0
0
0
-0.50541
-0.53427
-1.6013
-0.51621
-0.53439
-2.0944
0
0
0
0
0
0
0
0
0
0
0
5.786
0
0
0
0
0
0
0
0
0
0
0
0
-0.69658
-0.81282
-0.10007
-0.7351
-0.81276
0
0
0
0
0
0
0
0
0
0
0
0
0
5.731
0
0
-2.5736
0
0
0
0
0
0
0
0
-1.3829
-1.6491
-1.4236
-1.4891
-1.649
0
0
0
0
0
0
0
0
0
0
0
0
0
0
7.5937
0
0
0
0
0
0
0
0
0
0
-1.3974
-1.6268
0
-1.489
-1.6267
0
0
0
0
0
0
0
0
0
0
0
0
0
0
0
6.1399
0
0
0
0
0
0
0
0
0
0
0
-1.3926
0
0
0
0
0
0
0
0
0
0
0
0
0
0
0
-2.5736
0
0
7.5199
0
0
0
0
0
-3.5536
0
0
0
0
0
0
0
0
0
-6.1317
0
0
0
0
0
0
0
0
0
0
0
0
0
0
6.1317
0
0
0
0
0
0
0
0
0
0
0
0
0
0
0
-5.7674
0
0
0
0
0
0
0
0
0
0
0
0
0
0
5.7674
0
0
0
0
0
0
0
0
0
0
0
0
0
0
-5.7674
0
0
0
0
0
0
0
0
0
0
0
0
0
0
0
5.7674
0
0
0
0
0
0
0
0
0
0
0
0
0
0
0
0
0
0
0
0
-5.2231
0
0
0
0
0
0
0
0
0
5.2231
0
0
0
0
0
0
0
0
0
0
0
0
0
0
0
0
-4.6913
0
0
0
0
0
0
0
0
0
0
0
0
0
4.6913
0
0
0
0
0
0
0
0
0
0
0
0
0
0
0
0
0
0
0
0
0
0
0
0
-3.5536
0
0
0
0
0
3.5536
0
0
0
0
0
0
0
0
-6.9434
0
0
0
0
0
0
0
0
0
0
0
0
0
0
0
0
0
0
0
0
0
6.9434
0
0
0
0
0
0
0
0
0
0
-5.1842
0
0
0
0
0
0
0
0
0
0
0
0
0
0
0
0
0
0
0
5.1842
