31.3604
-0.6681
-0.68645
-0.61058
-0.61058
-0.61058
-0.64757
-0.62631
-0.63886
-0.62191
-0.59536
-0.61973
-0.62381
-0.64872
-0.64872
-0.68146
-0.64588
0
-0.63323
0
0
-10.2713
0
0
0
0
0
0
-10.2713
0
-0.6681
11.1852
-0.6635
-0.59334
-0.59334
-0.59334
-0.63024
-0.62103
-0.62121
-0.60566
-0.60322
-0.6033
-0.61186
-0.62877
-0.62877
-0.65623
-0.64137
-0.41139
-0.60931
-0.20123
0
0
0
0
0
0
0
0
0
0
-0.68645
-0.6635
19.7434
-0.60781
-0.60781
-0.60781
-0.64773
-0.62934
-0.63832
-0.62176
-0.61357
-0.61915
-0.63062
-0.64638
-0.64638
-0.67722
-0.65984
-0.41067
-0.62825
0
0
0
0
0
0
-8.5008
0
0
0
0
-0.61058
-0.59334
-0.60781
10.1536
-0.54375
-0.54375
-0.58054
-0.56505
-0.57181
-0.55785
-0.55907
-0.55538
-0.56528
-0.57705
-0.57705
-0.60164
-0.59414
-0.38902
-0.56051
0
0
0
0
0
0
0
0
0
0
0
-0.61058
-0.59334
-0.60781
-0.54375
10.1536
-0.54375
-0.58054
-0.56505
-0.57181
-0.55785
-0.55907
-0.55538
-0.56528
-0.57705
-0.57705
-0.60164
-0.59414
-0.38902
-0.56051
0
0
0
0
0
0
0
0
0
0
0
-0.61058
-0.59334
-0.60781
-0.54375
-0.54375
10.1536
-0.58054
-0.56505
-0.57181
-0.55785
-0.55907
-0.55538
-0.56528
-0.57705
-0.57705
-0.60164
-0.59414
-0.38902
-0.56051
0
0
0
0
0
0
0
0
0
0
0
-0.64757
-0.63024
-0.64773
-0.58054
-0.58054
-0.58054
9.7896
-0.60472
-0.60911
-0.59334
-0.60388
-0.59082
-0.60659
-0.61597
-0.61597
-0.64307
-0.63894
0
0
0
0
0
0
0
0
0
0
0
0
0
-0.62631
-0.62103
-0.62934
-0.56505
-0.56505
-0.56505
-0.60472
8.4725
-0.59635
-0.57212
-0.57996
-0.56993
-0.58396
-0.59522
-0.59522
0
0
0
0
-0.2032
0
0
0
0
0
0
0
0
0
0
-0.63886
-0.62121
-0.63832
-0.57181
-0.57181
-0.57181
-0.60911
-0.59635
9.007
-0.57971
-0.59498
-0.57738
-0.59552
-0.60227
-0.60227
-0.63557
0
0
0
0
0
0
0
0
0
0
0
0
0
0
-0.62191
-0.60566
-0.62176
-0.55785
-0.55785
-0.55785
-0.59334
-0.57212
-0.57971
8.1361
-0.57217
-0.55732
-0.57505
-0.58177
-0.58177
0
0
0
0
0
0
0
0
0
0
0
0
0
0
0
-0.59536
-0.60322
-0.61357
-0.55907
-0.55907
-0.55907
-0.60388
-0.57996
-0.59498
-0.57217
22.8829
-0.55967
0
0
0
0
0
0
0
0
-8.2414
0
0
0
0
0
-8.2414
0
0
0
-0.61973
-0.6033
-0.61915
-0.55538
-0.55538
-0.55538
-0.59082
-0.56993
-0.57738
-0.55732
-0.55967
7.5254
0
-0.58096
-0.58096
0
0
0
0
0
0
0
0
0
0
0
0
0
0
0
-0.62381
-0.61186
-0.63062
-0.56528
-0.56528
-0.56528
-0.60659
-0.58396
-0.59552
-0.57505
0
0
9.5693
0
0
0
0
0
0
0
0
0
0
-3.6461
0
0
0
0
0
0
-0.64872
-0.62877
-0.64638
-0.57705
-0.57705
-0.57705
-0.61597
-0.59522
-0.60227
-0.58177
0
-0.58096
0
6.6312
0
0
0
0
0
0
0
0
0
0
0
0
0
0
0
0
-0.64872
-0.62877
-0.64638
-0.57705
-0.57705
-0.57705
-0.61597
-0.59522
-0.60227
-0.58177
0
-0.58096
0
0
6.6312
0
0
0
0
0
0
0
0
0
0
0
0
0
0
0
-0.68146
-0.65623
-0.67722
-0.60164
-0.60164
-0.60164
-0.64307
0
-0.63557
0
0
0
0
0
0
5.0985
0
0
0
0
0
0
0
0
0
0
0
0
0
0
-0.64588
-0.64137
-0.65984
-0.59414
-0.59414
-0.59414
-0.63894
0
0
0
0
0
0
0
0
0
4.9368
0
0
0
0
0
-0.56832
0
0
0
0
0
0
0
0
-0.41139
-0.41067
-0.38902
-0.38902
-0.38902
0
0
0
0
0
0
0
0
0
0
0
14.3263
0
0
0
0
0
0
-6.1686
0
0
0
0
-6.1686
-0.63323
-0.60931
-0.62825
-0.56051
-0.56051
-0.56051
0
0
0
0
0
0
0
0
0
0
0
0
3.5523
0
0
0
0
0
0
0
0
0
0
0
0
-0.20123
0
0
0
0
0
-0.2032
0
0
0
0
0
0
0
0
0
0
0
0.50894
0
0
0
0
0
0
0
-0.1045
0
0
0
0
0
0
0
0
0
0
0
0
-8.2414
0
0
0
0
0
0
0
0
0
8.2414
0
0
0
0
0
0
0
0
0
-10.2713
0
0
0
0
0
0
0
0
0
0
0
0
0
0
0
0
0
0
0
0
10.2713
0
0
0
0
0
0
0
0
0
0
0
0
0
0
0
0
0
0
0
0
0
0
0
0
-0.56832
0
0
0
0
0
0.56832
0
0
0
0
0
0
0
0
0
0
0
0
0
0
0
0
0
0
0
-3.6461
0
0
0
0
0
0
0
0
0
0
3.6461
0
0
0
0
0
0
0
0
0
0
0
0
0
0
0
0
0
0
0
0
0
0
0
-6.1686
0
0
0
0
0
0
6.1686
0
0
0
0
0
0
0
-8.5008
0
0
0
0
0
0
0
0
0
0
0
0
0
0
0
0
0
0
0
0
0
0
8.5008
0
0
0
0
0
0
0
0
0
0
0
0
0
0
-8.2414
0
0
0
0
0
0
0
0
0
0
0
0
0
0
0
8.2414
0
0
0
0
0
0
0
0
0
0
0
0
0
0
0
0
0
0
0
0
0
0
-0.1045
0
0
0
0
0
0
0
0.1045
0
0
-10.2713
0
0
0
0
0
0
0
0
0
0
0
0
0
0
0
0
0
0
0
0
0
0
0
0
0
0
0
10.2713
0
0
0
0
0
0
0
0
0
0
0
0
0
0
0
0
0
0
-6.1686
0
0
0
0
0
0
0
0
0
0
0
6.1686
