16.274
-0.76792
-0.76174
-0.76001
-0.74169
-0.69817
-0.69817
-0.68898
-0.76346
-0.69637
-0.80679
-0.77738
-0.74527
-0.77813
-0.73304
0
-1.4272
0
0
0
0
0
-3.3116
0
-1.118
0
0
0
0
0
-0.76792
12.9904
-0.74779
-0.7372
-0.72236
-0.68195
-0.68195
-0.67374
-0.73616
-0.68093
-0.77553
-0.78041
-0.7324
-0.76097
-0.71051
0
-1.4316
0
0
-1.369
0
0
0
0
0
0
0
0
0
0
-0.76174
-0.74779
12.4095
-0.73065
-0.72052
-0.67963
-0.67963
-0.67151
-0.73949
-0.67868
-0.76689
-0.77415
-0.72998
-0.75911
-0.70859
0
-1.4269
0
-0.83425
0
0
0
0
0
0
0
0
0
0
0
-0.76001
-0.7372
-0.73065
15.196
-0.71037
-0.6549
-0.6549
-0.6397
-0.71797
-0.64577
-0.74746
-0.73123
-0.70834
-0.72133
0
0
0
0
0
0
0
0
0
0
0
-0.66243
0
0
-5.3738
0
-0.74169
-0.72236
-0.72052
-0.71037
10.2672
-0.64205
-0.64205
-0.63559
-0.70727
-0.64088
-0.72769
-0.73278
-0.7127
-0.7187
-0.65473
-0.55776
0
0
0
0
0
0
0
0
0
0
0
0
0
0
-0.69817
-0.68195
-0.67963
-0.6549
-0.64205
9.1728
-0.58385
-0.59795
-0.66798
-0.60416
-0.69094
-0.69568
-0.67228
-0.67485
-0.62837
0
0
0
0
0
0
0
0
0
0
0
0
0
0
0
-0.69817
-0.68195
-0.67963
-0.6549
-0.64205
-0.58385
9.1728
-0.59795
-0.66798
-0.60416
-0.69094
-0.69568
-0.67228
-0.67485
-0.62837
0
0
0
0
0
0
0
0
0
0
0
0
0
0
0
-0.68898
-0.67374
-0.67151
-0.6397
-0.63559
-0.59795
-0.59795
8.4332
-0.64774
-0.59436
-0.67421
-0.68249
-0.66099
-0.66804
0
0
0
0
0
0
0
0
0
0
0
0
0
0
0
0
-0.76346
-0.73616
-0.73949
-0.71797
-0.70727
-0.66798
-0.66798
-0.64774
12.7571
-0.63662
0
0
0
0
0
0
0
0
-0.81054
-1.3167
0
0
0
0
0
0
0
0
0
-4.3452
-0.69637
-0.68093
-0.67868
-0.64577
-0.64088
-0.60416
-0.60416
-0.59436
-0.63662
7.8144
-0.66948
-0.67381
0
-0.68923
0
0
0
0
0
0
0
0
0
0
0
0
0
0
0
0
-0.80679
-0.77553
-0.76689
-0.74746
-0.72769
-0.69094
-0.69094
-0.67421
0
-0.66948
10.5527
0
0
0
0
0
0
-2.8813
0
0
0
-1.1215
0
0
0
0
0
0
0
0
-0.77738
-0.78041
-0.77415
-0.73123
-0.73278
-0.69568
-0.69568
-0.68249
0
-0.67381
0
9.7772
0
0
0
0
0
0
0
0
0
0
0
-3.2336
0
0
0
0
0
0
-0.74527
-0.7324
-0.72998
-0.70834
-0.7127
-0.67228
-0.67228
-0.66099
0
0
0
0
6.9084
0
0
0
-1.2742
0
0
0
0
0
0
0
0
0
0
0
0
0
-0.77813
-0.76097
-0.75911
-0.72133
-0.7187
-0.67485
-0.67485
-0.66804
0
-0.68923
0
0
0
6.4452
0
0
0
0
0
0
0
0
0
0
0
0
0
0
0
0
-0.73304
-0.71051
-0.70859
0
-0.65473
-0.62837
-0.62837
0
0
0
0
0
0
0
4.5306
-0.46704
0
0
0
0
0
0
0
0
0
0
0
0
0
0
0
0
0
0
-0.55776
0
0
0
0
0
0
0
0
0
-0.46704
10.637
0
-2.8388
0
-0.97399
-2.3696
0
0
0
-1.832
-1.5978
0
0
0
0
-1.4272
-1.4316
-1.4269
0
0
0
0
0
0
0
0
0
-1.2742
0
0
0
5.5598
0
0
0
0
0
0
0
0
0
0
0
0
0
0
0
0
0
0
0
0
0
0
0
-2.8813
0
0
0
0
-2.8388
0
8.6577
0
0
0
-2.9376
0
0
0
0
0
0
0
0
0
0
-0.83425
0
0
0
0
0
-0.81054
0
0
0
0
0
0
0
0
0
2.6632
0
0
0
0
0
0
0
0
-1.0184
0
0
0
-1.369
0
0
0
0
0
0
-1.3167
0
0
0
0
0
0
-0.97399
0
0
0
3.6596
0
0
0
0
0
0
0
0
0
0
0
0
0
0
0
0
0
0
0
0
0
0
0
0
0
-2.3696
0
0
0
0
5.0558
0
-1.4114
-1.2747
0
0
0
0
0
0
0
0
0
0
0
0
0
0
0
0
-1.1215
0
0
0
0
0
0
-2.9376
0
0
0
8.9727
0
0
0
0
-4.9136
0
0
0
-3.3116
0
0
0
0
0
0
0
0
0
0
0
0
0
0
0
0
0
0
0
-1.4114
0
4.7231
0
0
0
0
0
0
0
0
0
0
0
0
0
0
0
0
0
0
-3.2336
0
0
0
0
0
0
0
0
-1.2747
0
0
4.5084
0
0
0
0
0
0
-1.118
0
0
0
0
0
0
0
0
0
0
0
0
0
0
-1.832
0
0
0
0
0
0
0
0
2.9501
0
0
0
0
0
0
0
0
-0.66243
0
0
0
0
0
0
0
0
0
0
0
-1.5978
0
0
0
0
0
0
0
0
0
2.2602
0
0
0
0
0
0
0
0
0
0
0
0
0
0
0
0
0
0
0
0
0
0
0
0
0
-4.9136
0
0
0
0
4.9136
0
0
0
0
0
0
0
0
0
0
0
0
0
0
0
0
0
0
0
0
0
-1.0184
0
0
0
0
0
0
0
0
1.0184
0
0
0
0
0
-5.3738
0
0
0
0
0
0
0
0
0
0
0
0
0
0
0
0
0
0
0
0
0
0
0
0
5.3738
0
0
0
0
0
0
0
0
0
-4.3452
0
0
0
0
0
0
0
0
0
0
0
0
0
0
0
0
0
0
0
0
4.3452
