12.3516
-0.6771
-0.649
-0.62387
-0.62387
-0.62387
-0.66241
-0.63804
-0.63804
-0.65363
-0.65428
-0.64351
-0.64351
-0.64351
-0.61266
-0.66895
-0.66895
-0.66895
-0.58399
-0.55417
-0.21929
0
0
0
0
0
0
0
0
0
-0.6771
25.5792
-0.67123
-0.6438
-0.6438
-0.6438
-0.68
-0.65817
-0.65817
-0.68217
-0.66893
-0.66446
-0.66446
-0.66446
-0.63136
-0.69514
-0.69514
-0.69514
-0.60126
-0.58483
0
0
0
0
0
0
0
0
-13.0558
0
-0.649
-0.67123
12.0658
-0.61877
-0.61877
-0.61877
-0.65341
-0.63227
-0.63227
-0.65067
-0.65648
-0.63704
-0.63704
-0.63704
-0.60619
-0.671
-0.671
-0.671
-0.57698
-0.55692
0
0
0
0
0
0
0
0
0
0
-0.62387
-0.6438
-0.61877
11.0418
-0.58387
-0.58387
-0.62533
-0.60783
-0.60783
-0.6226
-0.62575
-0.61249
-0.61249
-0.61249
-0.58362
-0.6403
-0.6403
-0.6403
-0.55629
0
0
0
0
0
0
0
0
0
0
0
-0.62387
-0.6438
-0.61877
-0.58387
11.0418
-0.58387
-0.62533
-0.60783
-0.60783
-0.6226
-0.62575
-0.61249
-0.61249
-0.61249
-0.58362
-0.6403
-0.6403
-0.6403
-0.55629
0
0
0
0
0
0
0
0
0
0
0
-0.62387
-0.6438
-0.61877
-0.58387
-0.58387
11.0418
-0.62533
-0.60783
-0.60783
-0.6226
-0.62575
-0.61249
-0.61249
-0.61249
-0.58362
-0.6403
-0.6403
-0.6403
-0.55629
0
0
0
0
0
0
0
0
0
0
0
-0.66241
-0.68
-0.65341
-0.62533
-0.62533
-0.62533
20.5058
-0.64642
-0.64642
-0.66468
-0.65126
-0.65193
-0.65193
-0.65193
-0.62013
0
0
0
0
0
-0.22731
0
0
0
0
0
-11.2219
0
0
0
-0.63804
-0.65817
-0.63227
-0.60783
-0.60783
-0.60783
-0.64642
8.8243
-0.60419
-0.65202
-0.6611
-0.6346
-0.6346
-0.6346
-0.60482
0
0
0
0
0
0
0
0
0
0
0
0
0
0
0
-0.63804
-0.65817
-0.63227
-0.60783
-0.60783
-0.60783
-0.64642
-0.60419
8.8243
-0.65202
-0.6611
-0.6346
-0.6346
-0.6346
-0.60482
0
0
0
0
0
0
0
0
0
0
0
0
0
0
0
-0.65363
-0.68217
-0.65067
-0.6226
-0.6226
-0.6226
-0.66468
-0.65202
-0.65202
16.6054
0
-0.63451
-0.63451
-0.63451
0
0
0
0
0
0
0
0
0
0
0
-8.8789
0
0
0
0
-0.65428
-0.66893
-0.65648
-0.62575
-0.62575
-0.62575
-0.65126
-0.6611
-0.6611
0
25.239
0
0
0
0
0
0
0
0
0
0
0
-9.7043
-9.7043
0
0
0
0
0
0
-0.64351
-0.66446
-0.63704
-0.61249
-0.61249
-0.61249
-0.65193
-0.6346
-0.6346
-0.63451
0
6.3381
0
0
0
0
0
0
0
0
0
0
0
0
0
0
0
0
0
0
-0.64351
-0.66446
-0.63704
-0.61249
-0.61249
-0.61249
-0.65193
-0.6346
-0.6346
-0.63451
0
0
6.3381
0
0
0
0
0
0
0
0
0
0
0
0
0
0
0
0
0
-0.64351
-0.66446
-0.63704
-0.61249
-0.61249
-0.61249
-0.65193
-0.6346
-0.6346
-0.63451
0
0
0
6.3381
0
0
0
0
0
0
0
0
0
0
0
0
0
0
0
0
-0.61266
-0.63136
-0.60619
-0.58362
-0.58362
-0.58362
-0.62013
-0.60482
-0.60482
0
0
0
0
0
5.4308
0
0
0
0
0
0
0
0
0
0
0
0
0
0
0
-0.66895
-0.69514
-0.671
-0.6403
-0.6403
-0.6403
0
0
0
0
0
0
0
0
0
4.659
0
0
0
0
0
-0.70302
0
0
0
0
0
0
0
0
-0.66895
-0.69514
-0.671
-0.6403
-0.6403
-0.6403
0
0
0
0
0
0
0
0
0
0
4.659
0
0
0
0
0
0
0
0
0
0
0
0
-0.70302
-0.66895
-0.69514
-0.671
-0.6403
-0.6403
-0.6403
0
0
0
0
0
0
0
0
0
0
0
4.659
0
0
0
0
0
0
-0.70302
0
0
0
0
0
-0.58399
-0.60126
-0.57698
-0.55629
-0.55629
-0.55629
0
0
0
0
0
0
0
0
0
0
0
0
3.4311
0
0
0
0
0
0
0
0
0
0
0
-0.55417
-0.58483
-0.55692
0
0
0
0
0
0
0
0
0
0
0
0
0
0
0
0
1.6959
0
0
0
0
0
0
0
0
0
0
-0.21929
0
0
0
0
0
-0.22731
0
0
0
0
0
0
0
0
0
0
0
0
0
0.5511
0
0
0
0
0
0
-0.1045
0
0
0
0
0
0
0
0
0
0
0
0
0
0
0
0
0
-0.70302
0
0
0
0
0
0.70302
0
0
0
0
0
0
0
0
0
0
0
0
0
0
0
0
0
0
-9.7043
0
0
0
0
0
0
0
0
0
0
0
9.7043
0
0
0
0
0
0
0
0
0
0
0
0
0
0
0
0
0
-9.7043
0
0
0
0
0
0
0
0
0
0
0
0
9.7043
0
0
0
0
0
0
0
0
0
0
0
0
0
0
0
0
0
0
0
0
0
0
0
-0.70302
0
0
0
0
0
0
0.70302
0
0
0
0
0
0
0
0
0
0
0
0
0
0
-8.8789
0
0
0
0
0
0
0
0
0
0
0
0
0
0
0
8.8789
0
0
0
0
0
0
0
0
0
0
-11.2219
0
0
0
0
0
0
0
0
0
0
0
0
0
0
0
0
0
0
0
11.2219
0
0
0
0
0
0
0
0
0
0
0
0
0
0
0
0
0
0
0
0
0
0
0
-0.1045
0
0
0
0
0
0
0.1045
0
0
0
-13.0558
0
0
0
0
0
0
0
0
0
0
0
0
0
0
0
0
0
0
0
0
0
0
0
0
0
0
13.0558
0
0
0
0
0
0
0
0
0
0
0
0
0
0
0
0
0
-0.70302
0
0
0
0
0
0
0
0
0
0
0
0
0.70302
