12.8805
-0.49555
-0.50148
-0.55402
-0.49832
-0.50334
-0.50334
-0.67742
-0.58402
-0.53144
-0.51439
-0.52055
-1.2609
-0.52815
-1.2397
0
-0.77291
-2.0903
0
-1.1046
0
0
0
0
0
0
0
0
0
0
-0.49555
15.0813
-0.52283
-0.56631
-0.52322
-0.51876
-0.51876
-0.69146
-0.60595
-0.54571
-0.53128
-0.51021
-1.1032
-0.53136
-1.2199
0
-0.80246
-2.0565
0
0
0
0
0
-3.3378
0
0
0
0
0
0
-0.50148
-0.52283
7.6848
-0.55193
-0.48962
-0.49578
-0.49578
-0.67125
-0.55693
-0.54377
-0.50055
-0.53229
0
0
0
-1.0311
-0.79158
0
0
0
0
0
0
0
0
0
0
0
0
0
-0.55402
-0.56631
-0.55193
6.4925
-0.55019
-0.55013
-0.55013
-0.7294
-0.64434
-0.62258
-0.54945
0
0
0
0
0
0
0
0
0
0
0
0
0
0
-0.624
0
0
0
0
-0.49832
-0.52322
-0.48962
-0.55019
5.589
-0.51178
-0.51178
-0.58861
-0.48419
0
-0.47287
0
0
0
0
-0.95839
0
0
0
0
0
0
0
0
0
0
0
0
0
0
-0.50334
-0.51876
-0.49578
-0.55013
-0.51178
5.1868
-0.40105
-0.63178
-0.55633
-0.54144
-0.47646
0
0
0
0
0
0
0
0
0
0
0
0
0
0
0
0
0
0
0
-0.50334
-0.51876
-0.49578
-0.55013
-0.51178
-0.40105
5.1868
-0.63178
-0.55633
-0.54144
-0.47646
0
0
0
0
0
0
0
0
0
0
0
0
0
0
0
0
0
0
0
-0.67742
-0.69146
-0.67125
-0.7294
-0.58861
-0.63178
-0.63178
12.0325
0
0
0
0
0
0
0
0
0
0
0
0
0
0
0
0
0
0
0
0
0
-7.4108
-0.58402
-0.60595
-0.55693
-0.64434
-0.48419
-0.55633
-0.55633
0
5.0842
0
0
0
0
0
0
0
0
0
0
-1.0961
0
0
0
0
0
0
0
0
0
0
-0.53144
-0.54571
-0.54377
-0.62258
0
-0.54144
-0.54144
0
0
3.8626
0
0
0
-0.53627
0
0
0
0
0
0
0
0
0
0
0
0
0
0
0
0
-0.51439
-0.53128
-0.50055
-0.54945
-0.47287
-0.47646
-0.47646
0
0
0
3.5214
0
0
0
0
0
0
0
0
0
0
0
0
0
0
0
0
0
0
0
-0.52055
-0.51021
-0.53229
0
0
0
0
0
0
0
0
2.7123
-0.83865
0
0
0
0
0
-0.31056
0
0
0
0
0
0
0
0
0
0
0
-1.2609
-1.1032
0
0
0
0
0
0
0
0
0
-0.83865
10.7214
0
0
0
0
0
0
0
0
0
0
-2.3325
0
0
-5.186
0
0
0
-0.52815
-0.53136
0
0
0
0
0
0
0
-0.53627
0
0
0
2.5071
0
0
0
0
-0.41615
0
0
0
0
0
-0.49522
0
0
0
0
0
-1.2397
-1.2199
0
0
0
0
0
0
0
0
0
0
0
0
8.9638
0
0
0
0
0
0
0
-2.9129
0
0
0
0
-3.5912
0
0
0
0
-1.0311
0
-0.95839
0
0
0
0
0
0
0
0
0
0
3.3582
0
0
0
0
-1.3687
0
0
0
0
0
0
0
0
0
-0.77291
-0.80246
-0.79158
0
0
0
0
0
0
0
0
0
0
0
0
0
2.367
0
0
0
0
0
0
0
0
0
0
0
0
0
-2.0903
-2.0565
0
0
0
0
0
0
0
0
0
0
0
0
0
0
0
7.5123
0
0
0
0
-3.3655
0
0
0
0
0
0
0
0
0
0
0
0
0
0
0
0
0
0
-0.31056
0
-0.41615
0
0
0
0
0.83121
0
0
0
0
0
0
0
0
0
-0.1045
0
-1.1046
0
0
0
0
0
0
0
-1.0961
0
0
0
0
0
0
0
0
0
0
3.5657
-1.3649
0
0
0
0
0
0
0
0
0
0
0
0
0
0
0
0
0
0
0
0
0
0
0
0
-1.3687
0
0
0
-1.3649
2.7337
0
0
0
0
0
0
0
0
0
0
0
0
0
0
0
0
0
0
0
0
0
0
0
0
0
0
0
0
0
0
5.3821
0
0
-2.9196
-2.4625
0
0
0
0
0
0
0
0
0
0
0
0
0
0
0
0
0
0
-2.9129
0
0
-3.3655
0
0
0
0
6.2784
0
0
0
0
0
0
0
0
-3.3378
0
0
0
0
0
0
0
0
0
0
-2.3325
0
0
0
0
0
0
0
0
0
0
5.6703
0
0
0
0
0
0
0
0
0
0
0
0
0
0
0
0
0
0
0
-0.49522
0
0
0
0
0
0
0
-2.9196
0
0
3.4148
0
0
0
0
0
0
0
0
-0.624
0
0
0
0
0
0
0
0
0
0
0
0
0
0
0
0
0
-2.4625
0
0
0
3.0865
0
0
0
0
0
0
0
0
0
0
0
0
0
0
0
0
-5.186
0
0
0
0
0
0
0
0
0
0
0
0
0
5.186
0
0
0
0
0
0
0
0
0
0
0
0
0
0
0
0
0
-3.5912
0
0
0
0
0
0
0
0
0
0
0
0
3.5912
0
0
0
0
0
0
0
0
0
0
0
0
0
0
0
0
0
0
0
0
-0.1045
0
0
0
0
0
0
0
0
0
0.1045
0
0
0
0
0
0
0
0
-7.4108
0
0
0
0
0
0
0
0
0
0
0
0
0
0
0
0
0
0
0
0
0
7.4108
