35.7697
-0.76959
-0.77841
-0.78364
-0.70892
-0.70892
-0.70892
-0.70084
-0.74904
-0.75571
-0.76178
-0.72999
-0.67797
-0.67797
-0.67797
-0.77382
-0.75339
-0.75216
-0.62403
-0.25694
0
0
0
0
0
0
-11.2099
0
0
-11.2099
-0.76959
22.4988
-0.82871
-0.85247
-0.74496
-0.74496
-0.74496
-0.72719
-0.77883
-0.79651
-0.79291
-0.78964
-0.70443
-0.70443
-0.70443
-0.80075
-0.77888
-0.77704
0
0
0
-0.32758
0
0
0
-9.1306
0
0
0
0
-0.77841
-0.82871
13.6417
-0.8158
-0.71565
-0.71565
-0.71565
-0.70662
-0.75613
-0.77962
-0.76956
-0.75096
-0.68454
-0.68454
-0.68454
-0.77848
-0.75749
-0.75576
-0.67525
-0.28834
0
0
0
0
0
0
0
0
0
0
-0.78364
-0.85247
-0.8158
22.9409
-0.73513
-0.73513
-0.73513
-0.72674
-0.7781
-0.8028
-0.79203
-0.76925
-0.70381
-0.70381
-0.70381
-0.80165
-0.77989
-0.77814
-0.67962
0
0
0
0
0
0
0
0
-9.2639
0
0
-0.70892
-0.74496
-0.71565
-0.73513
12.1609
-0.64698
-0.64698
-0.64082
-0.68491
-0.70697
-0.69679
-0.68181
-0.62122
-0.62122
-0.62122
-0.70294
-0.68448
-0.68289
-0.61696
0
0
0
0
0
0
0
0
0
0
0
-0.70892
-0.74496
-0.71565
-0.73513
-0.64698
12.1609
-0.64698
-0.64082
-0.68491
-0.70697
-0.69679
-0.68181
-0.62122
-0.62122
-0.62122
-0.70294
-0.68448
-0.68289
-0.61696
0
0
0
0
0
0
0
0
0
0
0
-0.70892
-0.74496
-0.71565
-0.73513
-0.64698
-0.64698
12.1609
-0.64082
-0.68491
-0.70697
-0.69679
-0.68181
-0.62122
-0.62122
-0.62122
-0.70294
-0.68448
-0.68289
-0.61696
0
0
0
0
0
0
0
0
0
0
0
-0.70084
-0.72719
-0.70662
-0.72674
-0.64082
-0.64082
-0.64082
11.3739
-0.6748
-0.69491
-0.68603
-0.66928
-0.61067
-0.61067
-0.61067
-0.69003
-0.67215
-0.67084
0
0
0
0
0
0
0
0
0
0
0
0
-0.74904
-0.77883
-0.75613
-0.7781
-0.68491
-0.68491
-0.68491
-0.6748
11.4691
-0.75668
-0.74378
-0.72849
-0.65793
-0.65793
-0.65793
-0.7472
-0.72754
0
0
0
0
0
0
0
0
0
0
0
0
0
-0.75571
-0.79651
-0.77962
-0.8028
-0.70697
-0.70697
-0.70697
-0.69491
-0.75668
17.8376
-0.79009
-0.76946
-0.67094
-0.67094
-0.67094
0
0
0
0
0
0
0
0
0
-7.5581
0
0
0
0
0
-0.76178
-0.79291
-0.76956
-0.79203
-0.69679
-0.69679
-0.69679
-0.68603
-0.74378
-0.79009
10.9405
-0.76102
-0.66323
-0.66323
-0.66323
-0.76322
0
0
0
0
0
0
0
0
0
0
0
0
0
0
-0.72999
-0.78964
-0.75096
-0.76925
-0.68181
-0.68181
-0.68181
-0.66928
-0.72849
-0.76946
-0.76102
10.2576
-0.64761
-0.64761
-0.64761
0
0
0
0
0
-0.30124
0
0
0
0
0
0
0
0
0
-0.67797
-0.70443
-0.68454
-0.70381
-0.62122
-0.62122
-0.62122
-0.61067
-0.65793
-0.67094
-0.66323
-0.64761
8.9964
-0.55581
-0.55581
0
0
0
0
0
0
0
0
0
0
0
0
0
0
0
-0.67797
-0.70443
-0.68454
-0.70381
-0.62122
-0.62122
-0.62122
-0.61067
-0.65793
-0.67094
-0.66323
-0.64761
-0.55581
8.9964
-0.55581
0
0
0
0
0
0
0
0
0
0
0
0
0
0
0
-0.67797
-0.70443
-0.68454
-0.70381
-0.62122
-0.62122
-0.62122
-0.61067
-0.65793
-0.67094
-0.66323
-0.64761
-0.55581
-0.55581
8.9964
0
0
0
0
0
0
0
0
0
0
0
0
0
0
0
-0.77382
-0.80075
-0.77848
-0.80165
-0.70294
-0.70294
-0.70294
-0.69003
-0.7472
0
-0.76322
0
0
0
0
7.464
0
0
0
0
0
0
0
0
0
0
0
0
0
0
-0.75339
-0.77888
-0.75749
-0.77989
-0.68448
-0.68448
-0.68448
-0.67215
-0.72754
0
0
0
0
0
0
0
6.5228
0
0
0
0
0
0
0
0
0
0
0
0
0
-0.75216
-0.77704
-0.75576
-0.77814
-0.68289
-0.68289
-0.68289
-0.67084
0
0
0
0
0
0
0
0
0
5.7826
0
0
0
0
0
0
0
0
0
0
0
0
-0.62403
0
-0.67525
-0.67962
-0.61696
-0.61696
-0.61696
0
0
0
0
0
0
0
0
0
0
0
4.3198
0
0
0
0
0
0
0
0
0
-0.49002
0
-0.25694
0
-0.28834
0
0
0
0
0
0
0
0
0
0
0
0
0
0
0
0
0.64978
0
0
0
-0.1045
0
0
0
0
0
0
0
0
0
0
0
0
0
0
0
0
0
-0.30124
0
0
0
0
0
0
0
0
2.2134
0
-1.9122
0
0
0
0
0
0
0
0
-0.32758
0
0
0
0
0
0
0
0
0
0
0
0
0
0
0
0
0
0
0
2.1473
-1.8197
0
0
0
0
0
0
0
0
0
0
0
0
0
0
0
0
0
0
0
0
0
0
0
0
0
0
0
-1.9122
-1.8197
3.7319
0
0
0
0
0
0
0
0
0
0
0
0
0
0
0
0
0
0
0
0
0
0
0
0
0
0
-0.1045
0
0
0
0.1045
0
0
0
0
0
0
0
0
0
0
0
0
0
0
0
-7.5581
0
0
0
0
0
0
0
0
0
0
0
0
0
0
7.5581
0
0
0
0
0
0
-9.1306
0
0
0
0
0
0
0
0
0
0
0
0
0
0
0
0
0
0
0
0
0
0
0
9.1306
0
0
0
0
-11.2099
0
0
0
0
0
0
0
0
0
0
0
0
0
0
0
0
0
0
0
0
0
0
0
0
0
11.2099
0
0
0
0
0
0
-9.2639
0
0
0
0
0
0
0
0
0
0
0
0
0
0
0
0
0
0
0
0
0
0
0
9.2639
0
0
0
0
0
0
0
0
0
0
0
0
0
0
0
0
0
0
0
0
-0.49002
0
0
0
0
0
0
0
0
0
0.49002
0
-11.2099
0
0
0
0
0
0
0
0
0
0
0
0
0
0
0
0
0
0
0
0
0
0
0
0
0
0
0
0
11.2099
