28.21
-1.0261
-1.0261
-0.93855
-0.93855
-0.93855
-0.92132
-0.94556
-0.95002
-0.95235
-0.9368
-0.97826
-0.94438
-0.98438
-0.98438
-1.0118
-1.0118
-0.98326
-0.96614
-0.96614
-0.88825
-0.99718
-0.99718
-0.99671
-0.99671
0
0
0
-4.9296
0
-1.0261
28.21
-1.0261
-0.93855
-0.93855
-0.93855
-0.92132
-0.94556
-0.95002
-0.95235
-0.9368
-0.97826
-0.94438
-0.98438
-0.98438
-1.0118
-1.0118
-0.98326
-0.96614
-0.96614
-0.88825
-0.99718
-0.99718
-0.99671
-0.99671
0
0
-4.9296
0
0
-1.0261
-1.0261
28.21
-0.93855
-0.93855
-0.93855
-0.92132
-0.94556
-0.95002
-0.95235
-0.9368
-0.97826
-0.94438
-0.98438
-0.98438
-1.0118
-1.0118
-0.98326
-0.96614
-0.96614
-0.88825
-0.99718
-0.99718
-0.99671
-0.99671
-4.9296
0
0
0
0
-0.93855
-0.93855
-0.93855
21.2236
-0.85023
-0.85023
-0.8459
-0.85799
-0.87405
-0.86417
-0.8503
-0.88726
-0.85706
-0.8927
-0.8927
-0.91704
-0.91704
-0.8917
-0.87646
-0.87646
-0.80689
-0.90191
-0.90191
-0.89799
-0.89799
0
0
0
0
0
-0.93855
-0.93855
-0.93855
-0.85023
21.2236
-0.85023
-0.8459
-0.85799
-0.87405
-0.86417
-0.8503
-0.88726
-0.85706
-0.8927
-0.8927
-0.91704
-0.91704
-0.8917
-0.87646
-0.87646
-0.80689
-0.90191
-0.90191
-0.89799
-0.89799
0
0
0
0
0
-0.93855
-0.93855
-0.93855
-0.85023
-0.85023
21.2236
-0.8459
-0.85799
-0.87405
-0.86417
-0.8503
-0.88726
-0.85706
-0.8927
-0.8927
-0.91704
-0.91704
-0.8917
-0.87646
-0.87646
-0.80689
-0.90191
-0.90191
-0.89799
-0.89799
0
0
0
0
0
-0.92132
-0.92132
-0.92132
-0.8459
-0.8459
-0.8459
23.4124
-0.84746
-0.84665
-0.85322
-0.83955
-0.87596
-0.84621
-0.88132
-0.88132
-0.9053
-0.9053
-0.88034
-0.86533
-0.86533
-0.79676
-0.89255
-0.89255
0
0
0
-4.2356
0
0
0
-0.94556
-0.94556
-0.94556
-0.85799
-0.85799
-0.85799
-0.84746
19.56
-0.87931
-0.87038
-0.85639
-0.89366
-0.86321
-0.89914
-0.89914
-0.92369
-0.92369
-0.89814
-0.88277
-0.88277
-0.81263
-0.90846
-0.90846
0
0
0
0
0
0
0
-0.95002
-0.95002
-0.95002
-0.87405
-0.87405
-0.87405
-0.84665
-0.87931
21.6129
-0.88741
-0.87311
-0.91123
-0.88008
-0.91684
-0.91684
-0.94197
-0.94197
-0.91582
-0.90009
-0.90009
-0.82837
0
0
0
0
0
0
0
0
-3.6009
-0.95235
-0.95235
-0.95235
-0.86417
-0.86417
-0.86417
-0.85322
-0.87038
-0.88741
17.8613
-0.86212
-0.89968
-0.86899
-0.90521
-0.90521
-0.92995
-0.92995
-0.9042
-0.88871
-0.88871
-0.81802
0
0
0
0
0
0
0
0
0
-0.9368
-0.9368
-0.9368
-0.8503
-0.8503
-0.8503
-0.83955
-0.85639
-0.87311
-0.86212
16.7652
-0.88331
-0.85327
-0.88872
-0.88872
-0.91293
-0.91293
-0.88773
-0.87257
-0.87257
0
0
0
0
0
0
0
0
0
0
-0.97826
-0.97826
-0.97826
-0.88726
-0.88726
-0.88726
-0.87596
-0.89366
-0.91123
-0.89968
-0.88331
15.7052
-0.90087
-0.93866
-0.93866
-0.9645
-0.9645
-0.9376
0
0
0
0
0
0
0
0
0
0
0
0
-0.94438
-0.94438
-0.94438
-0.85706
-0.85706
-0.85706
-0.84621
-0.86321
-0.88008
-0.86899
-0.85327
-0.90087
14.2268
-0.89033
-0.89033
-0.91459
-0.91459
0
0
0
0
0
0
0
0
0
0
0
0
0
-0.98438
-0.98438
-0.98438
-0.8927
-0.8927
-0.8927
-0.88132
-0.89914
-0.91684
-0.90521
-0.88872
-0.93866
-0.89033
12.8711
-0.91967
0
0
0
0
0
0
0
0
0
0
0
0
0
0
0
-0.98438
-0.98438
-0.98438
-0.8927
-0.8927
-0.8927
-0.88132
-0.89914
-0.91684
-0.90521
-0.88872
-0.93866
-0.89033
-0.91967
12.8711
0
0
0
0
0
0
0
0
0
0
0
0
0
0
0
-1.0118
-1.0118
-1.0118
-0.91704
-0.91704
-0.91704
-0.9053
-0.92369
-0.94197
-0.92995
-0.91293
-0.9645
-0.91459
0
0
12.2793
0
0
0
0
0
0
0
0
0
0
0
0
0
0
-1.0118
-1.0118
-1.0118
-0.91704
-0.91704
-0.91704
-0.9053
-0.92369
-0.94197
-0.92995
-0.91293
-0.9645
-0.91459
0
0
0
12.2793
0
0
0
0
0
0
0
0
0
0
0
0
0
-0.98326
-0.98326
-0.98326
-0.8917
-0.8917
-0.8917
-0.88034
-0.89814
-0.91582
-0.9042
-0.88773
-0.9376
0
0
0
0
0
11.0487
0
0
0
0
0
0
0
0
0
0
0
0
-0.96614
-0.96614
-0.96614
-0.87646
-0.87646
-0.87646
-0.86533
-0.88277
-0.90009
-0.88871
-0.87257
0
0
0
0
0
0
0
9.9373
0
0
0
0
0
0
0
0
0
0
0
-0.96614
-0.96614
-0.96614
-0.87646
-0.87646
-0.87646
-0.86533
-0.88277
-0.90009
-0.88871
-0.87257
0
0
0
0
0
0
0
0
9.9373
0
0
0
0
0
0
0
0
0
0
-0.88825
-0.88825
-0.88825
-0.80689
-0.80689
-0.80689
-0.79676
-0.81263
-0.82837
-0.81802
0
0
0
0
0
0
0
0
0
0
8.3412
0
0
0
0
0
0
0
0
0
-0.99718
-0.99718
-0.99718
-0.90191
-0.90191
-0.90191
-0.89255
-0.90846
0
0
0
0
0
0
0
0
0
0
0
0
0
7.4983
0
0
0
0
0
0
0
0
-0.99718
-0.99718
-0.99718
-0.90191
-0.90191
-0.90191
-0.89255
-0.90846
0
0
0
0
0
0
0
0
0
0
0
0
0
0
7.4983
0
0
0
0
0
0
0
-0.99671
-0.99671
-0.99671
-0.89799
-0.89799
-0.89799
0
0
0
0
0
0
0
0
0
0
0
0
0
0
0
0
0
5.6841
0
0
0
0
0
0
-0.99671
-0.99671
-0.99671
-0.89799
-0.89799
-0.89799
0
0
0
0
0
0
0
0
0
0
0
0
0
0
0
0
0
0
5.6841
0
0
0
0
0
0
0
-4.9296
0
0
0
0
0
0
0
0
0
0
0
0
0
0
0
0
0
0
0
0
0
0
4.9296
0
0
0
0
0
0
0
0
0
0
-4.2356
0
0
0
0
0
0
0
0
0
0
0
0
0
0
0
0
0
0
0
4.2356
0
0
0
0
-4.9296
0
0
0
0
0
0
0
0
0
0
0
0
0
0
0
0
0
0
0
0
0
0
0
0
0
4.9296
0
0
-4.9296
0
0
0
0
0
0
0
0
0
0
0
0
0
0
0
0
0
0
0
0
0
0
0
0
0
0
0
4.9296
0
0
0
0
0
0
0
0
0
-3.6009
0
0
0
0
0
0
0
0
0
0
0
0
0
0
0
0
0
0
0
0
3.6009
