13.6711
-0.56785
-0.53369
-0.51436
-0.55289
-0.54375
-0.50094
-0.65313
-0.67105
-0.58086
-0.58086
-0.58086
-0.58086
-0.60308
-0.89134
-0.73886
-0.26837
0
-0.1045
0
0
0
0
-4.2038
0
0
0
0
0
0
-0.56785
30.7089
-0.55134
-0.53494
-0.57097
-0.55374
-0.5152
-0.65657
-0.67738
-0.60001
-0.60001
-0.60001
-0.60001
-0.65504
-1.0452
-0.76383
0
0
0
0
0
0
-1.8331
0
0
-9.6919
0
-9.6919
0
0
-0.53369
-0.55134
10.9063
-0.51441
-0.54969
-0.53785
-0.49416
-0.64142
-0.66144
-0.5737
-0.5737
-0.5737
-0.5737
-0.65057
-1.0428
-0.72351
0
0
0
0
0
0
-1.7106
0
0
0
0
0
0
0
-0.51436
-0.53494
-0.51441
8.8145
-0.52766
-0.51338
-0.47379
-0.62467
-0.62989
-0.54926
-0.54926
-0.54926
-0.54926
-0.61499
-0.9776
-0.69176
0
0
0
0
0
0
0
0
0
0
0
0
0
0
-0.55289
-0.57097
-0.54969
-0.52766
7.5711
-0.57783
-0.4947
-0.66114
-0.66975
-0.57727
-0.57727
-0.57727
-0.57727
-0.65745
0
0
0
0
0
0
0
0
0
0
0
0
0
0
0
0
-0.54375
-0.55374
-0.53785
-0.51338
-0.57783
7.3737
-0.48757
-0.63909
-0.65833
-0.56692
-0.56692
-0.56692
-0.56692
0
0
0
0
-0.59449
0
0
0
0
0
0
0
0
0
0
0
0
-0.50094
-0.5152
-0.49416
-0.47379
-0.4947
-0.48757
6.1642
-0.57846
-0.58291
-0.50913
-0.50913
-0.50913
-0.50913
0
0
0
0
0
0
0
0
0
0
0
0
0
0
0
0
0
-0.65313
-0.65657
-0.64142
-0.62467
-0.66114
-0.63909
-0.57846
5.5109
0
0
0
0
0
0
0
0
0
0
0
-1.0564
0
0
0
0
0
0
0
0
0
0
-0.67105
-0.67738
-0.66144
-0.62989
-0.66975
-0.65833
-0.58291
0
5.3194
0
0
0
0
0
0
0
0
-0.76866
0
0
0
0
0
0
0
0
0
0
0
0
-0.58086
-0.60001
-0.5737
-0.54926
-0.57727
-0.56692
-0.50913
0
0
3.9571
0
0
0
0
0
0
0
0
0
0
0
0
0
0
0
0
0
0
0
0
-0.58086
-0.60001
-0.5737
-0.54926
-0.57727
-0.56692
-0.50913
0
0
0
3.9571
0
0
0
0
0
0
0
0
0
0
0
0
0
0
0
0
0
0
0
-0.58086
-0.60001
-0.5737
-0.54926
-0.57727
-0.56692
-0.50913
0
0
0
0
3.9571
0
0
0
0
0
0
0
0
0
0
0
0
0
0
0
0
0
0
-0.58086
-0.60001
-0.5737
-0.54926
-0.57727
-0.56692
-0.50913
0
0
0
0
0
3.9571
0
0
0
0
0
0
0
0
0
0
0
0
0
0
0
0
0
-0.60308
-0.65504
-0.65057
-0.61499
-0.65745
0
0
0
0
0
0
0
0
7.9371
0
0
0
0
0
0
0
0
0
0
0
0
-4.756
0
0
0
-0.89134
-1.0452
-1.0428
-0.9776
0
0
0
0
0
0
0
0
0
0
7.8773
0
0
0
0
0
0
-3.9204
0
0
0
0
0
0
0
0
-0.73886
-0.76383
-0.72351
-0.69176
0
0
0
0
0
0
0
0
0
0
0
2.918
0
0
0
0
0
0
0
0
0
0
0
0
0
0
-0.26837
0
0
0
0
0
0
0
0
0
0
0
0
0
0
0
4.4334
0
0
-0.83847
-1.6671
0
0
0
0
0
0
0
0
-1.6595
0
0
0
0
0
-0.59449
0
0
-0.76866
0
0
0
0
0
0
0
0
5.8155
0
0
-2.1011
0
0
0
-2.3513
0
0
0
0
0
-0.1045
0
0
0
0
0
0
0
0
0
0
0
0
0
0
0
0
0
0.7122
-0.32309
0
0
0
0
0
0
0
0
-0.2846
0
0
0
0
0
0
0
0
-1.0564
0
0
0
0
0
0
0
0
-0.83847
0
-0.32309
2.218
0
0
0
0
0
0
0
0
0
0
0
0
0
0
0
0
0
0
0
0
0
0
0
0
0
0
-1.6671
-2.1011
0
0
3.7682
0
0
0
0
0
0
0
0
0
0
0
0
0
0
0
0
0
0
0
0
0
0
0
-3.9204
0
0
0
0
0
0
6.0946
0
-2.1742
0
0
0
0
0
0
0
-1.8331
-1.7106
0
0
0
0
0
0
0
0
0
0
0
0
0
0
0
0
0
0
0
3.5437
0
0
0
0
0
0
0
-4.2038
0
0
0
0
0
0
0
0
0
0
0
0
0
0
0
0
0
0
0
0
-2.1742
0
6.378
0
0
0
0
0
0
0
0
0
0
0
0
0
0
0
0
0
0
0
0
0
0
0
-2.3513
0
0
0
0
0
0
2.3513
0
0
0
0
0
0
-9.6919
0
0
0
0
0
0
0
0
0
0
0
0
0
0
0
0
0
0
0
0
0
0
0
9.6919
0
0
0
0
0
0
0
0
0
0
0
0
0
0
0
0
0
-4.756
0
0
0
0
0
0
0
0
0
0
0
0
4.756
0
0
0
0
-9.6919
0
0
0
0
0
0
0
0
0
0
0
0
0
0
0
0
0
0
0
0
0
0
0
0
0
9.6919
0
0
0
0
0
0
0
0
0
0
0
0
0
0
0
0
0
0
0
0
-0.2846
0
0
0
0
0
0
0
0
0
0.2846
0
0
0
0
0
0
0
0
0
0
0
0
0
0
0
0
0
-1.6595
0
0
0
0
0
0
0
0
0
0
0
0
1.6595
