14.4965
-0.75015
-0.6542
-0.65176
-0.67132
-0.67132
-0.67597
-0.64197
-0.62545
-0.64197
-0.55208
-0.55208
-0.59807
-0.64747
-0.62967
-0.69579
-0.76826
0
-0.44453
0
-3.6245
0
0
0
0
0
0
0
0
0
-0.75015
34.303
-0.6862
-0.72542
-0.71539
-0.71539
-0.69575
-0.679
-0.64017
-0.679
-0.58497
-0.58497
-0.62723
-0.66087
-0.67336
-0.69636
0
0
-0.418
0
0
0
0
-11.8854
0
-11.8854
0
0
0
0
-0.6542
-0.6862
10.3266
-0.64638
-0.64547
-0.64547
-0.64195
-0.61664
-0.61317
-0.61664
-0.5297
-0.5297
-0.57866
-0.61275
-0.60307
-0.65211
-0.73752
0
0
0
0
0
-0.31701
0
0
0
0
0
0
0
-0.65176
-0.72542
-0.64638
13.7633
-0.65513
-0.65513
-0.66295
-0.62684
-0.62258
-0.62684
-0.5375
-0.5375
-0.59097
-0.63417
-0.61045
-0.68012
-0.7315
0
0
0
-3.568
0
0
0
0
0
0
0
0
0
-0.67132
-0.71539
-0.64547
-0.65513
10.2286
-0.65347
-0.66534
-0.62991
-0.62773
-0.62991
-0.53814
-0.53814
-0.59415
-0.63281
-0.61463
-0.67727
-0.7398
0
0
0
0
0
0
0
0
0
0
0
0
0
-0.67132
-0.71539
-0.64547
-0.65513
-0.65347
10.2286
-0.66534
-0.62991
-0.62773
-0.62991
-0.53814
-0.53814
-0.59415
-0.63281
-0.61463
-0.67727
-0.7398
0
0
0
0
0
0
0
0
0
0
0
0
0
-0.67597
-0.69575
-0.64195
-0.66295
-0.66534
-0.66534
18.2869
-0.62868
-0.64654
-0.62868
-0.5167
-0.5167
-0.58002
-0.61472
-0.61455
0
0
0
0
0
0
0
0
0
0
0
0
0
0
-9.533
-0.64197
-0.679
-0.61664
-0.62684
-0.62991
-0.62991
-0.62868
9.0332
-0.61958
-0.57163
-0.50175
-0.50175
-0.56225
-0.59659
-0.58735
-0.63934
0
0
0
0
0
0
0
0
0
0
0
0
0
0
-0.62545
-0.64017
-0.61317
-0.62258
-0.62773
-0.62773
-0.64654
-0.61958
8.2453
-0.61958
-0.50798
-0.50798
-0.52929
-0.54919
0
0
0
-0.21624
0
-0.29213
0
0
0
0
0
0
0
0
0
0
-0.64197
-0.679
-0.61664
-0.62684
-0.62991
-0.62991
-0.62868
-0.57163
-0.61958
9.0332
-0.50175
-0.50175
-0.56225
-0.59659
-0.58735
-0.63934
0
0
0
0
0
0
0
0
0
0
0
0
0
0
-0.55208
-0.58497
-0.5297
-0.5375
-0.53814
-0.53814
-0.5167
-0.50175
-0.50798
-0.50175
7.1707
-0.40968
-0.46562
-0.49518
-0.49157
0
0
0
0
0
0
0
0
0
0
0
0
0
0
0
-0.55208
-0.58497
-0.5297
-0.5375
-0.53814
-0.53814
-0.5167
-0.50175
-0.50798
-0.50175
-0.40968
7.1707
-0.46562
-0.49518
-0.49157
0
0
0
0
0
0
0
0
0
0
0
0
0
0
0
-0.59807
-0.62723
-0.57866
-0.59097
-0.59415
-0.59415
-0.58002
-0.56225
-0.52929
-0.56225
-0.46562
-0.46562
6.9792
0
0
0
0
-0.23089
0
0
0
0
0
0
0
0
0
0
0
0
-0.64747
-0.66087
-0.61275
-0.63417
-0.63281
-0.63281
-0.61472
-0.59659
-0.54919
-0.59659
-0.49518
-0.49518
0
15.8433
0
0
0
0
0
0
0
0
0
0
0
0
0
0
-8.6751
0
-0.62967
-0.67336
-0.60307
-0.61045
-0.61463
-0.61463
-0.61455
-0.58735
0
-0.58735
-0.49157
-0.49157
0
0
6.5182
0
0
0
0
0
0
0
0
0
0
0
0
0
0
0
-0.69579
-0.69636
-0.65211
-0.68012
-0.67727
-0.67727
0
-0.63934
0
-0.63934
0
0
0
0
0
11.262
0
0
0
0
0
0
0
0
0
0
0
-5.9044
0
0
-0.76826
0
-0.73752
-0.7315
-0.7398
-0.7398
0
0
0
0
0
0
0
0
0
0
3.7169
0
0
0
0
0
0
0
0
0
0
0
0
0
0
0
0
0
0
0
0
0
-0.21624
0
0
0
-0.23089
0
0
0
0
0.55163
0
0
0
0
0
0
-0.1045
0
0
0
0
0
-0.44453
-0.418
0
0
0
0
0
0
0
0
0
0
0
0
0
0
0
0
1.193
0
0
0
0
0
0
0
-0.33045
0
0
0
0
0
0
0
0
0
0
0
-0.29213
0
0
0
0
0
0
0
0
0
0
2.1521
0
-1.86
0
0
0
0
0
0
0
0
-3.6245
0
0
-3.568
0
0
0
0
0
0
0
0
0
0
0
0
0
0
0
0
7.1925
0
0
0
0
0
0
0
0
0
0
0
0
0
0
0
0
0
0
0
0
0
0
0
0
0
0
0
0
-1.86
0
3.7646
-1.9046
0
0
0
0
0
0
0
0
0
-0.31701
0
0
0
0
0
0
0
0
0
0
0
0
0
0
0
0
0
0
-1.9046
2.2216
0
0
0
0
0
0
0
0
-11.8854
0
0
0
0
0
0
0
0
0
0
0
0
0
0
0
0
0
0
0
0
0
11.8854
0
0
0
0
0
0
0
0
0
0
0
0
0
0
0
0
0
0
0
0
0
0
0
-0.1045
0
0
0
0
0
0
0.1045
0
0
0
0
0
0
-11.8854
0
0
0
0
0
0
0
0
0
0
0
0
0
0
0
0
0
0
0
0
0
0
0
11.8854
0
0
0
0
0
0
0
0
0
0
0
0
0
0
0
0
0
0
0
0
0
0
-0.33045
0
0
0
0
0
0
0
0.33045
0
0
0
0
0
0
0
0
0
0
0
0
0
0
0
0
0
0
-5.9044
0
0
0
0
0
0
0
0
0
0
0
5.9044
0
0
0
0
0
0
0
0
0
0
0
0
0
0
0
-8.6751
0
0
0
0
0
0
0
0
0
0
0
0
0
0
8.6751
0
0
0
0
0
0
0
-9.533
0
0
0
0
0
0
0
0
0
0
0
0
0
0
0
0
0
0
0
0
0
0
9.533
