26.2634
-0.89737
-0.89737
-0.88498
-0.77403
-0.78016
-0.86578
-0.85883
-0.86578
-0.84336
-0.82649
-0.79621
-0.82649
-0.82649
-0.74543
-0.74543
-0.82611
-0.88915
-0.81072
-0.94471
-0.8642
0
0
0
0
0
0
0
-9.4943
0
-0.89737
26.2634
-0.89737
-0.88498
-0.77403
-0.78016
-0.86578
-0.85883
-0.86578
-0.84336
-0.82649
-0.79621
-0.82649
-0.82649
-0.74543
-0.74543
-0.82611
-0.88915
-0.81072
-0.94471
-0.8642
0
0
0
-9.4943
0
0
0
0
0
-0.89737
-0.89737
26.2634
-0.88498
-0.77403
-0.78016
-0.86578
-0.85883
-0.86578
-0.84336
-0.82649
-0.79621
-0.82649
-0.82649
-0.74543
-0.74543
-0.82611
-0.88915
-0.81072
-0.94471
-0.8642
0
0
0
0
0
-9.4943
0
0
0
-0.88498
-0.88498
-0.88498
16.9118
-0.75717
-0.7571
-0.84646
-0.84712
-0.84646
-0.82482
-0.80847
-0.77704
-0.80847
-0.80847
-0.72869
-0.72869
-0.82022
-0.86785
-0.79139
-0.92114
-0.84196
0
-0.4753
0
0
0
0
0
0
0
-0.77403
-0.77403
-0.77403
-0.75717
14.6172
-0.67671
-0.75187
-0.74921
-0.75187
-0.73135
-0.71696
-0.69108
-0.71696
-0.71696
-0.64591
-0.64591
-0.72858
-0.76532
-0.69847
-0.81033
-0.74041
0
0
0
0
0
0
0
0
0
-0.78016
-0.78016
-0.78016
-0.7571
-0.67671
14.283
-0.751
-0.73771
-0.751
-0.73003
-0.71549
-0.68468
-0.71549
-0.71549
-0.64471
-0.64471
-0.72245
-0.76604
-0.69947
-0.81339
0
0
-0.4171
0
0
0
0
0
0
0
-0.86578
-0.86578
-0.86578
-0.84646
-0.75187
-0.751
14.5845
-0.89563
-0.83016
-0.81419
-0.80391
-0.77691
-0.80391
-0.80391
-0.72167
-0.72167
-0.81542
-0.86412
-0.78638
0
0
0
0
0
0
0
0
0
0
0
-0.85883
-0.85883
-0.85883
-0.84712
-0.74921
-0.73771
-0.89563
21.5753
-0.89563
-0.82552
-0.80904
-0.77876
-0.80904
-0.80904
-0.72776
-0.72776
-0.79514
0
0
0
0
-0.30118
0
0
0
0
0
-8.2903
0
0
-0.86578
-0.86578
-0.86578
-0.84646
-0.75187
-0.751
-0.83016
-0.89563
14.5845
-0.81419
-0.80391
-0.77691
-0.80391
-0.80391
-0.72167
-0.72167
-0.81542
-0.86412
-0.78638
0
0
0
0
0
0
0
0
0
0
0
-0.84336
-0.84336
-0.84336
-0.82482
-0.73135
-0.73003
-0.81419
-0.82552
-0.81419
13.4576
-0.79182
-0.76066
-0.79182
-0.79182
-0.70545
-0.70545
-0.79699
-0.84341
0
0
0
0
0
0
0
0
0
0
0
0
-0.82649
-0.82649
-0.82649
-0.80847
-0.71696
-0.71549
-0.80391
-0.80904
-0.80391
-0.79182
12.3418
-0.78367
-0.74132
-0.74132
-0.68129
-0.68129
-0.78383
0
0
0
0
0
0
0
0
0
0
0
0
0
-0.79621
-0.79621
-0.79621
-0.77704
-0.69108
-0.68468
-0.77691
-0.77876
-0.77691
-0.76066
-0.78367
11.5188
-0.78367
-0.78367
-0.61835
-0.61835
0
0
0
0
0
-0.2964
0
0
0
0
0
0
0
0
-0.82649
-0.82649
-0.82649
-0.80847
-0.71696
-0.71549
-0.80391
-0.80904
-0.80391
-0.79182
-0.74132
-0.78367
12.3418
-0.74132
-0.68129
-0.68129
-0.78383
0
0
0
0
0
0
0
0
0
0
0
0
0
-0.82649
-0.82649
-0.82649
-0.80847
-0.71696
-0.71549
-0.80391
-0.80904
-0.80391
-0.79182
-0.74132
-0.78367
-0.74132
12.3418
-0.68129
-0.68129
-0.78383
0
0
0
0
0
0
0
0
0
0
0
0
0
-0.74543
-0.74543
-0.74543
-0.72869
-0.64591
-0.64471
-0.72167
-0.72776
-0.72167
-0.70545
-0.68129
-0.61835
-0.68129
-0.68129
10.3649
-0.57049
0
0
0
0
0
0
0
0
0
0
0
0
0
0
-0.74543
-0.74543
-0.74543
-0.72869
-0.64591
-0.64471
-0.72167
-0.72776
-0.72167
-0.70545
-0.68129
-0.61835
-0.68129
-0.68129
-0.57049
10.3649
0
0
0
0
0
0
0
0
0
0
0
0
0
0
-0.82611
-0.82611
-0.82611
-0.82022
-0.72858
-0.72245
-0.81542
-0.79514
-0.81542
-0.79699
-0.78383
0
-0.78383
-0.78383
0
0
16.8382
0
0
0
0
0
0
-6.5141
0
0
0
0
0
0
-0.88915
-0.88915
-0.88915
-0.86785
-0.76532
-0.76604
-0.86412
0
-0.86412
-0.84341
0
0
0
0
0
0
0
7.6383
0
0
0
0
0
0
0
0
0
0
0
0
-0.81072
-0.81072
-0.81072
-0.79139
-0.69847
-0.69947
-0.78638
0
-0.78638
0
0
0
0
0
0
0
0
0
6.1942
0
0
0
0
0
0
0
0
0
0
0
-0.94471
-0.94471
-0.94471
-0.92114
-0.81033
-0.81339
0
0
0
0
0
0
0
0
0
0
0
0
0
5.379
0
0
0
0
0
0
0
0
0
0
-0.8642
-0.8642
-0.8642
-0.84196
-0.74041
0
0
0
0
0
0
0
0
0
0
0
0
0
0
0
4.175
0
0
0
0
0
0
0
0
0
0
0
0
0
0
0
0
-0.30118
0
0
0
-0.2964
0
0
0
0
0
0
0
0
0
0.70208
0
0
0
0
0
0
0
-0.1045
0
0
0
-0.4753
0
-0.4171
0
0
0
0
0
0
0
0
0
0
0
0
0
0
0
0
1.2479
0
0
-0.35551
0
0
0
0
0
0
0
0
0
0
0
0
0
0
0
0
0
0
0
0
-6.5141
0
0
0
0
0
0
6.5141
0
0
0
0
0
0
0
-9.4943
0
0
0
0
0
0
0
0
0
0
0
0
0
0
0
0
0
0
0
0
0
0
9.4943
0
0
0
0
0
0
0
0
0
0
0
0
0
0
0
0
0
0
0
0
0
0
0
0
0
0
0
-0.35551
0
0
0.35551
0
0
0
0
0
0
-9.4943
0
0
0
0
0
0
0
0
0
0
0
0
0
0
0
0
0
0
0
0
0
0
0
9.4943
0
0
0
0
0
0
0
0
0
0
-8.2903
0
0
0
0
0
0
0
0
0
0
0
0
0
0
0
0
0
0
0
8.2903
0
0
-9.4943
0
0
0
0
0
0
0
0
0
0
0
0
0
0
0
0
0
0
0
0
0
0
0
0
0
0
0
9.4943
0
0
0
0
0
0
0
0
0
0
0
0
0
0
0
0
0
0
0
0
0
0
-0.1045
0
0
0
0
0
0
0
0.1045
