31.8052
-0.72279
-0.68195
-0.67637
-0.68806
-0.67637
-0.68351
-0.68351
-0.55448
-0.55448
-0.55448
-0.64601
-0.64099
-0.64099
-0.63236
-0.63236
-0.63236
-0.79049
0
0
0
-10.3568
0
0
0
0
-10.3568
0
0
0
-0.72279
18.5606
-0.76341
-0.73412
-0.73319
-0.73412
-0.72755
-0.72755
-0.5814
-0.5814
-0.5814
-0.67986
-0.67314
-0.67314
-0.66411
-0.66411
-0.66411
0
0
0
-0.30304
0
0
0
0
0
0
0
0
-7.3522
-0.68195
-0.76341
30.9494
-0.71192
-0.72758
-0.71192
-0.72037
-0.72037
-0.57681
-0.57681
-0.57681
-0.67235
-0.66777
-0.66777
-0.65903
-0.65903
-0.65903
0
0
0
0
0
-10.0983
-10.0983
0
0
0
0
0
0
-0.67637
-0.73412
-0.71192
16.7753
-0.68178
-0.6858
-0.6813
-0.6813
-0.52377
-0.52377
-0.52377
-0.61032
-0.60732
-0.60732
-0.59857
-0.59857
-0.59857
0
0
0
0
0
0
0
-6.7307
0
0
0
0
0
-0.68806
-0.73319
-0.72758
-0.68178
10.9434
-0.68178
-0.66974
-0.66974
-0.51409
-0.51409
-0.51409
-0.60646
-0.59654
-0.59654
-0.58738
-0.58738
-0.58738
0
-0.98759
0
0
0
0
0
0
0
0
0
0
0
-0.67637
-0.73412
-0.71192
-0.6858
-0.68178
16.7753
-0.6813
-0.6813
-0.52377
-0.52377
-0.52377
-0.61032
-0.60732
-0.60732
-0.59857
-0.59857
-0.59857
0
0
0
0
0
0
0
0
0
0
-6.7307
0
0
-0.68351
-0.72755
-0.72037
-0.6813
-0.66974
-0.6813
10.6114
-0.6222
-0.51441
-0.51441
-0.51441
-0.60511
-0.59673
-0.59673
-0.58783
-0.58783
-0.58783
-0.72011
0
0
0
0
0
0
0
0
0
0
0
0
-0.68351
-0.72755
-0.72037
-0.6813
-0.66974
-0.6813
-0.6222
10.6114
-0.51441
-0.51441
-0.51441
-0.60511
-0.59673
-0.59673
-0.58783
-0.58783
-0.58783
-0.72011
0
0
0
0
0
0
0
0
0
0
0
0
-0.55448
-0.5814
-0.57681
-0.52377
-0.51409
-0.52377
-0.51441
-0.51441
7.9605
-0.40527
-0.40527
-0.47903
-0.47842
-0.47842
-0.47032
-0.47032
-0.47032
0
0
0
0
0
0
0
0
0
0
0
0
0
-0.55448
-0.5814
-0.57681
-0.52377
-0.51409
-0.52377
-0.51441
-0.51441
-0.40527
7.9605
-0.40527
-0.47903
-0.47842
-0.47842
-0.47032
-0.47032
-0.47032
0
0
0
0
0
0
0
0
0
0
0
0
0
-0.55448
-0.5814
-0.57681
-0.52377
-0.51409
-0.52377
-0.51441
-0.51441
-0.40527
-0.40527
7.9605
-0.47903
-0.47842
-0.47842
-0.47032
-0.47032
-0.47032
0
0
0
0
0
0
0
0
0
0
0
0
0
-0.64601
-0.67986
-0.67235
-0.61032
-0.60646
-0.61032
-0.60511
-0.60511
-0.47903
-0.47903
-0.47903
7.7286
-0.57574
-0.57574
0
0
0
0
0
-0.1045
0
0
0
0
0
0
0
0
0
0
-0.64099
-0.67314
-0.66777
-0.60732
-0.59654
-0.60732
-0.59673
-0.59673
-0.47842
-0.47842
-0.47842
-0.57574
7.5031
-0.50557
0
0
0
0
0
0
0
0
0
0
0
0
0
0
0
0
-0.64099
-0.67314
-0.66777
-0.60732
-0.59654
-0.60732
-0.59673
-0.59673
-0.47842
-0.47842
-0.47842
-0.57574
-0.50557
7.5031
0
0
0
0
0
0
0
0
0
0
0
0
0
0
0
0
-0.63236
-0.66411
-0.65903
-0.59857
-0.58738
-0.59857
-0.58783
-0.58783
-0.47032
-0.47032
-0.47032
0
0
0
6.3266
0
0
0
0
0
0
0
0
0
0
0
0
0
0
0
-0.63236
-0.66411
-0.65903
-0.59857
-0.58738
-0.59857
-0.58783
-0.58783
-0.47032
-0.47032
-0.47032
0
0
0
0
6.3266
0
0
0
0
0
0
0
0
0
0
0
0
0
0
-0.63236
-0.66411
-0.65903
-0.59857
-0.58738
-0.59857
-0.58783
-0.58783
-0.47032
-0.47032
-0.47032
0
0
0
0
0
6.3266
0
0
0
0
0
0
0
0
0
0
0
0
0
-0.79049
0
0
0
0
0
-0.72011
-0.72011
0
0
0
0
0
0
0
0
0
3.423
-0.74673
0
-0.44552
0
0
0
0
0
0
0
0
0
0
0
0
0
-0.98759
0
0
0
0
0
0
0
0
0
0
0
0
-0.74673
2.5093
-0.77495
0
0
0
0
0
0
0
0
0
0
0
0
0
0
0
0
0
0
0
0
0
-0.1045
0
0
0
0
0
0
-0.77495
1.5095
0
0
0
0
0
0
0
0
-0.63008
0
0
-0.30304
0
0
0
0
0
0
0
0
0
0
0
0
0
0
0
-0.44552
0
0
1.1624
0
0
0
0
-0.41386
0
0
0
0
-10.3568
0
0
0
0
0
0
0
0
0
0
0
0
0
0
0
0
0
0
0
0
10.3568
0
0
0
0
0
0
0
0
0
0
-10.0983
0
0
0
0
0
0
0
0
0
0
0
0
0
0
0
0
0
0
0
10.0983
0
0
0
0
0
0
0
0
0
-10.0983
0
0
0
0
0
0
0
0
0
0
0
0
0
0
0
0
0
0
0
0
10.0983
0
0
0
0
0
0
0
0
0
-6.7307
0
0
0
0
0
0
0
0
0
0
0
0
0
0
0
0
0
0
0
0
6.7307
0
0
0
0
0
0
0
0
0
0
0
0
0
0
0
0
0
0
0
0
0
0
0
0
0
-0.41386
0
0
0
0
0.41386
0
0
0
0
-10.3568
0
0
0
0
0
0
0
0
0
0
0
0
0
0
0
0
0
0
0
0
0
0
0
0
0
10.3568
0
0
0
0
0
0
0
0
-6.7307
0
0
0
0
0
0
0
0
0
0
0
0
0
0
0
0
0
0
0
0
0
6.7307
0
0
0
0
0
0
0
0
0
0
0
0
0
0
0
0
0
0
0
0
0
-0.63008
0
0
0
0
0
0
0
0
0.63008
0
0
-7.3522
0
0
0
0
0
0
0
0
0
0
0
0
0
0
0
0
0
0
0
0
0
0
0
0
0
0
0
7.3522
