24.3377
-0.65922
-0.62043
-0.62043
-0.6112
-0.58408
-0.61562
-0.62718
-0.63227
-0.65275
-0.58208
-0.58208
-0.58208
-0.6639
-0.67161
-0.68941
-0.73598
-0.52787
-0.1045
-0.95983
0
-0.75311
0
0
-11.8621
0
0
0
0
0
-0.65922
12.5341
-0.66072
-0.66072
-0.66149
-0.62114
-0.65663
-0.67028
-0.70736
-0.70935
-0.62156
-0.62156
-0.62156
-0.72937
-0.70737
-0.72985
-0.7778
-0.57493
0
-1.1432
0
0
0
0
0
0
0
0
0
0
-0.62043
-0.66072
10.5879
-0.59493
-0.62539
-0.57201
-0.60613
-0.61913
-0.65664
-0.65693
-0.57312
-0.57312
-0.57312
-0.67737
-0.65159
-0.67033
-0.71353
-0.54347
0
0
0
0
0
0
0
0
0
0
0
0
-0.62043
-0.66072
-0.59493
10.5879
-0.62539
-0.57201
-0.60613
-0.61913
-0.65664
-0.65693
-0.57312
-0.57312
-0.57312
-0.67737
-0.65159
-0.67033
-0.71353
-0.54347
0
0
0
0
0
0
0
0
0
0
0
0
-0.6112
-0.66149
-0.62539
-0.62539
10.231
-0.5693
-0.60288
-0.61551
-0.64394
-0.64787
-0.56975
-0.56975
-0.56975
-0.66699
-0.64668
-0.6686
-0.71307
0
0
0
-0.22345
0
0
0
0
0
0
0
0
0
-0.58408
-0.62114
-0.57201
-0.57201
-0.5693
9.4111
-0.56841
-0.57958
-0.60551
-0.60936
-0.53431
-0.53431
-0.53431
-0.62921
-0.60622
-0.62504
-0.66631
0
0
0
0
0
0
0
0
0
0
0
0
0
-0.61562
-0.65663
-0.60613
-0.60613
-0.60288
-0.56841
9.229
-0.61541
-0.64391
-0.64394
-0.56558
-0.56558
-0.56558
-0.66646
-0.64395
-0.66278
0
0
0
0
0
0
0
0
0
0
0
0
0
0
-0.62718
-0.67028
-0.61913
-0.61913
-0.61551
-0.57958
-0.61541
8.7292
-0.68199
-0.64437
-0.5732
-0.5732
-0.5732
-0.6792
-0.6578
0
0
0
0
0
0
0
0
0
0
0
0
0
0
0
-0.63227
-0.70736
-0.65664
-0.65664
-0.64394
-0.60551
-0.64391
-0.68199
30.4722
-0.64041
-0.61047
-0.61047
-0.61047
0
0
0
0
0
0
0
0
0
0
-11.3861
0
0
0
-11.3861
0
0
-0.65275
-0.70935
-0.65693
-0.65693
-0.64787
-0.60936
-0.64394
-0.64437
-0.64041
16.9624
-0.63091
-0.63091
-0.63091
0
0
0
0
0
0
0
0
0
0
0
0
0
0
0
-9.2077
0
-0.58208
-0.62156
-0.57312
-0.57312
-0.56975
-0.53431
-0.56558
-0.5732
-0.61047
-0.63091
6.8425
-0.50422
-0.50422
0
0
0
0
0
0
0
0
0
0
0
0
0
0
0
0
0
-0.58208
-0.62156
-0.57312
-0.57312
-0.56975
-0.53431
-0.56558
-0.5732
-0.61047
-0.63091
-0.50422
6.8425
-0.50422
0
0
0
0
0
0
0
0
0
0
0
0
0
0
0
0
0
-0.58208
-0.62156
-0.57312
-0.57312
-0.56975
-0.53431
-0.56558
-0.5732
-0.61047
-0.63091
-0.50422
-0.50422
6.8425
0
0
0
0
0
0
0
0
0
0
0
0
0
0
0
0
0
-0.6639
-0.72937
-0.67737
-0.67737
-0.66699
-0.62921
-0.66646
-0.6792
0
0
0
0
0
11.6697
0
0
0
0
0
0
0
0
0
0
0
0
0
0
0
-6.2799
-0.67161
-0.70737
-0.65159
-0.65159
-0.64668
-0.60622
-0.64395
-0.6578
0
0
0
0
0
0
5.9399
0
0
0
0
0
0
-0.70304
0
0
0
0
0
0
0
0
-0.68941
-0.72985
-0.67033
-0.67033
-0.6686
-0.62504
-0.66278
0
0
0
0
0
0
0
0
4.7163
0
0
0
0
0
0
0
0
0
0
0
0
0
0
-0.73598
-0.7778
-0.71353
-0.71353
-0.71307
-0.66631
0
0
0
0
0
0
0
0
0
0
4.3202
0
0
0
0
0
0
0
0
0
0
0
0
0
-0.52787
-0.57493
-0.54347
-0.54347
0
0
0
0
0
0
0
0
0
0
0
0
0
2.5174
0
0
-0.32764
0
0
0
0
0
0
0
0
0
-0.1045
0
0
0
0
0
0
0
0
0
0
0
0
0
0
0
0
0
1.3855
0
0
-0.92242
0
0
0
-0.35858
0
0
0
0
-0.95983
-1.1432
0
0
0
0
0
0
0
0
0
0
0
0
0
0
0
0
0
4.0661
0
0
-1.9631
0
0
0
0
0
0
0
0
0
0
0
-0.22345
0
0
0
0
0
0
0
0
0
0
0
0
-0.32764
0
0
0.75196
0
0
0
0
0
-0.20086
0
0
0
-0.75311
0
0
0
0
0
0
0
0
0
0
0
0
0
-0.70304
0
0
0
-0.92242
0
0
2.3786
0
0
0
0
0
0
0
0
0
0
0
0
0
0
0
0
0
0
0
0
0
0
0
0
0
0
0
-1.9631
0
0
1.9631
0
0
0
0
0
0
0
0
0
0
0
0
0
0
0
-11.3861
0
0
0
0
0
0
0
0
0
0
0
0
0
0
11.3861
0
0
0
0
0
0
-11.8621
0
0
0
0
0
0
0
0
0
0
0
0
0
0
0
0
0
0
0
0
0
0
0
11.8621
0
0
0
0
0
0
0
0
0
0
0
0
0
0
0
0
0
0
0
0
0
0
0
-0.35858
0
0
0
0
0
0
0.35858
0
0
0
0
0
0
0
0
0
0
0
0
0
0
0
0
0
0
0
0
0
0
0
0
-0.20086
0
0
0
0
0
0.20086
0
0
0
0
0
0
0
0
0
0
0
-11.3861
0
0
0
0
0
0
0
0
0
0
0
0
0
0
0
0
0
0
11.3861
0
0
0
0
0
0
0
0
0
0
0
-9.2077
0
0
0
0
0
0
0
0
0
0
0
0
0
0
0
0
0
0
9.2077
0
0
0
0
0
0
0
0
0
0
0
0
0
0
-6.2799
0
0
0
0
0
0
0
0
0
0
0
0
0
0
0
6.2799
