27.4285
-0.8892
-0.96344
-0.97016
-0.8221
-0.8221
-0.8221
-0.8221
-0.8221
-0.8221
-0.83942
-0.8221
-0.71677
-0.77744
-0.84546
-0.84461
-0.84461
-0.79897
-0.84461
-0.80727
-0.61335
0
-2.2599
0
0
0
0
0
0
-8.6586
-0.8892
18.9429
-0.97821
-0.98904
-0.83042
-0.83042
-0.83042
-0.83042
-0.83042
-0.83042
-0.85629
-0.83042
-0.7222
-0.78385
-0.88336
-0.85052
-0.85052
-0.80926
-0.85052
-0.81714
-0.64992
0
-2.2
0
0
0
0
0
0
0
-0.96344
-0.97821
18.0591
-1.0713
-0.89909
-0.89909
-0.89909
-0.89909
-0.89909
-0.89909
-0.9296
-0.89909
-0.77737
-0.84788
-0.9588
-0.92496
-0.92496
-0.87955
-0.92496
-0.88811
-0.69635
0
0
0
0
0
0
0
0
0
-0.97016
-0.98904
-1.0713
25.8771
-0.91837
-0.91837
-0.91837
-0.91837
-0.91837
-0.91837
-0.94321
-0.91837
-0.79301
-0.86587
-0.95314
-0.94725
-0.94725
-0.89639
-0.94725
-0.90533
0
0
0
0
-8.2193
0
0
0
0
0
-0.8221
-0.83042
-0.89909
-0.91837
14.7869
-0.73618
-0.73618
-0.73618
-0.73618
-0.73618
-0.81237
-0.73618
-0.66287
-0.72456
-0.82251
-0.78818
-0.78818
-0.75257
-0.78818
-0.76038
0
0
0
0
0
0
0
0
0
0
-0.8221
-0.83042
-0.89909
-0.91837
-0.73618
14.7869
-0.73618
-0.73618
-0.73618
-0.73618
-0.81237
-0.73618
-0.66287
-0.72456
-0.82251
-0.78818
-0.78818
-0.75257
-0.78818
-0.76038
0
0
0
0
0
0
0
0
0
0
-0.8221
-0.83042
-0.89909
-0.91837
-0.73618
-0.73618
14.7869
-0.73618
-0.73618
-0.73618
-0.81237
-0.73618
-0.66287
-0.72456
-0.82251
-0.78818
-0.78818
-0.75257
-0.78818
-0.76038
0
0
0
0
0
0
0
0
0
0
-0.8221
-0.83042
-0.89909
-0.91837
-0.73618
-0.73618
-0.73618
14.7869
-0.73618
-0.73618
-0.81237
-0.73618
-0.66287
-0.72456
-0.82251
-0.78818
-0.78818
-0.75257
-0.78818
-0.76038
0
0
0
0
0
0
0
0
0
0
-0.8221
-0.83042
-0.89909
-0.91837
-0.73618
-0.73618
-0.73618
-0.73618
14.7869
-0.73618
-0.81237
-0.73618
-0.66287
-0.72456
-0.82251
-0.78818
-0.78818
-0.75257
-0.78818
-0.76038
0
0
0
0
0
0
0
0
0
0
-0.8221
-0.83042
-0.89909
-0.91837
-0.73618
-0.73618
-0.73618
-0.73618
-0.73618
14.7869
-0.81237
-0.73618
-0.66287
-0.72456
-0.82251
-0.78818
-0.78818
-0.75257
-0.78818
-0.76038
0
0
0
0
0
0
0
0
0
0
-0.83942
-0.85629
-0.9296
-0.94321
-0.81237
-0.81237
-0.81237
-0.81237
-0.81237
-0.81237
22.3098
-0.81237
-0.66239
-0.72212
-0.76709
-0.7822
-0.7822
-0.73661
-0.7822
0
0
0
0
0
0
-7.8199
0
0
0
0
-0.8221
-0.83042
-0.89909
-0.91837
-0.73618
-0.73618
-0.73618
-0.73618
-0.73618
-0.73618
-0.81237
14.7869
-0.66287
-0.72456
-0.82251
-0.78818
-0.78818
-0.75257
-0.78818
-0.76038
0
0
0
0
0
0
0
0
0
0
-0.71677
-0.7222
-0.77737
-0.79301
-0.66287
-0.66287
-0.66287
-0.66287
-0.66287
-0.66287
-0.66239
-0.66287
12.2067
-0.6186
-0.66675
-0.66057
-0.66057
-0.6278
-0.66057
0
0
0
0
0
0
0
0
0
0
0
-0.77744
-0.78385
-0.84788
-0.86587
-0.72456
-0.72456
-0.72456
-0.72456
-0.72456
-0.72456
-0.72212
-0.72456
-0.6186
12.5847
-0.72335
-0.72456
-0.72456
0
-0.72456
0
0
0
0
0
0
0
0
0
0
0
-0.84546
-0.88336
-0.9588
-0.95314
-0.82251
-0.82251
-0.82251
-0.82251
-0.82251
-0.82251
-0.76709
-0.82251
-0.66675
-0.72335
27.7423
0
0
0
0
0
0
0
0
0
0
0
0
-8.0934
-8.0934
0
-0.84461
-0.85052
-0.92496
-0.94725
-0.78818
-0.78818
-0.78818
-0.78818
-0.78818
-0.78818
-0.7822
-0.78818
-0.66057
-0.72456
0
11.2519
0
0
0
0
0
0
0
0
0
0
0
0
0
0
-0.84461
-0.85052
-0.92496
-0.94725
-0.78818
-0.78818
-0.78818
-0.78818
-0.78818
-0.78818
-0.7822
-0.78818
-0.66057
-0.72456
0
0
11.2519
0
0
0
0
0
0
0
0
0
0
0
0
0
-0.79897
-0.80926
-0.87955
-0.89639
-0.75257
-0.75257
-0.75257
-0.75257
-0.75257
-0.75257
-0.73661
-0.75257
-0.6278
0
0
0
0
10.2642
0
0
0
-0.24764
0
0
0
0
0
0
0
0
-0.84461
-0.85052
-0.92496
-0.94725
-0.78818
-0.78818
-0.78818
-0.78818
-0.78818
-0.78818
-0.7822
-0.78818
-0.66057
-0.72456
0
0
0
0
11.2519
0
0
0
0
0
0
0
0
0
0
0
-0.80727
-0.81714
-0.88811
-0.90533
-0.76038
-0.76038
-0.76038
-0.76038
-0.76038
-0.76038
0
-0.76038
0
0
0
0
0
0
0
9.0009
0
-0.26046
0
0
0
0
0
0
0
0
-0.61335
-0.64992
-0.69635
0
0
0
0
0
0
0
0
0
0
0
0
0
0
0
0
0
2.109
0
0
-0.14938
0
0
0
0
0
0
0
0
0
0
0
0
0
0
0
0
0
0
0
0
0
0
0
-0.24764
0
-0.26046
0
0.6126
0
0
0
0
-0.1045
0
0
0
-2.2599
-2.2
0
0
0
0
0
0
0
0
0
0
0
0
0
0
0
0
0
0
0
0
4.4599
0
0
0
0
0
0
0
0
0
0
0
0
0
0
0
0
0
0
0
0
0
0
0
0
0
0
0
-0.14938
0
0
0.14938
0
0
0
0
0
0
0
0
0
-8.2193
0
0
0
0
0
0
0
0
0
0
0
0
0
0
0
0
0
0
0
0
8.2193
0
0
0
0
0
0
0
0
0
0
0
0
0
0
0
-7.8199
0
0
0
0
0
0
0
0
0
0
0
0
0
0
7.8199
0
0
0
0
0
0
0
0
0
0
0
0
0
0
0
0
0
0
0
0
0
0
0
0
0
-0.1045
0
0
0
0
0.1045
0
0
0
0
0
0
0
0
0
0
0
0
0
0
0
0
0
-8.0934
0
0
0
0
0
0
0
0
0
0
0
0
8.0934
0
0
0
0
0
0
0
0
0
0
0
0
0
0
0
0
-8.0934
0
0
0
0
0
0
0
0
0
0
0
0
0
8.0934
0
-8.6586
0
0
0
0
0
0
0
0
0
0
0
0
0
0
0
0
0
0
0
0
0
0
0
0
0
0
0
0
8.6586
