13.5248
-0.65514
-0.65514
-0.68106
-0.68065
-0.68065
-0.68065
-0.70598
-0.68065
-0.56803
-0.73341
-0.68003
-0.75035
-0.73358
-0.65514
-0.66148
-0.72437
0
-0.48811
-0.48811
-1.6223
0
0
0
0
0
0
0
0
0
-0.65514
13.5248
-0.65514
-0.68106
-0.68065
-0.68065
-0.68065
-0.70598
-0.68065
-0.56803
-0.73341
-0.68003
-0.75035
-0.73358
-0.65514
-0.66148
-0.72437
0
-0.48811
-0.48811
-1.6223
0
0
0
0
0
0
0
0
0
-0.65514
-0.65514
13.5248
-0.68106
-0.68065
-0.68065
-0.68065
-0.70598
-0.68065
-0.56803
-0.73341
-0.68003
-0.75035
-0.73358
-0.65514
-0.66148
-0.72437
0
-0.48811
-0.48811
-1.6223
0
0
0
0
0
0
0
0
0
-0.68106
-0.68106
-0.68106
11.2713
-0.68778
-0.68778
-0.68778
-0.70922
-0.68778
-0.56707
-0.73836
-0.6811
-0.75583
-0.73885
-0.65213
-0.65064
0
0
-0.4919
-0.4919
0
0
0
0
0
0
0
0
0
0
-0.68065
-0.68065
-0.68065
-0.68778
10.2695
-0.62287
-0.62287
-0.72997
-0.62287
-0.55673
-0.76331
-0.71394
-0.79853
-0.76292
-0.67455
-0.67123
0
0
0
0
0
0
0
0
0
0
0
0
0
0
-0.68065
-0.68065
-0.68065
-0.68778
-0.62287
10.2695
-0.62287
-0.72997
-0.62287
-0.55673
-0.76331
-0.71394
-0.79853
-0.76292
-0.67455
-0.67123
0
0
0
0
0
0
0
0
0
0
0
0
0
0
-0.68065
-0.68065
-0.68065
-0.68778
-0.62287
-0.62287
10.2695
-0.72997
-0.62287
-0.55673
-0.76331
-0.71394
-0.79853
-0.76292
-0.67455
-0.67123
0
0
0
0
0
0
0
0
0
0
0
0
0
0
-0.70598
-0.70598
-0.70598
-0.70922
-0.72997
-0.72997
-0.72997
14.7631
-0.72997
-0.56744
-0.75564
-0.7167
-0.78607
-0.75388
-0.68672
0
0
0
0
0
0
0
0
-4.7496
0
0
0
0
0
0
-0.68065
-0.68065
-0.68065
-0.68778
-0.62287
-0.62287
-0.62287
-0.72997
10.2695
-0.55673
-0.76331
-0.71394
-0.79853
-0.76292
-0.67455
-0.67123
0
0
0
0
0
0
0
0
0
0
0
0
0
0
-0.56803
-0.56803
-0.56803
-0.56707
-0.55673
-0.55673
-0.55673
-0.56744
-0.55673
7.9354
-0.59212
-0.55319
-0.60172
-0.59158
-0.53126
0
0
0
0
0
0
0
0
0
0
0
0
0
0
0
-0.73341
-0.73341
-0.73341
-0.73836
-0.76331
-0.76331
-0.76331
-0.75564
-0.76331
-0.59212
17.6549
-0.73249
0
0
0
0
0
0
0
0
0
0
0
0
0
0
0
-9.5829
0
0
-0.68003
-0.68003
-0.68003
-0.6811
-0.71394
-0.71394
-0.71394
-0.7167
-0.71394
-0.55319
-0.73249
8.344
0
0
0
0
-0.76472
0
0
0
0
0
0
0
0
0
0
0
0
0
-0.75035
-0.75035
-0.75035
-0.75583
-0.79853
-0.79853
-0.79853
-0.78607
-0.79853
-0.60172
0
0
17.1192
0
0
0
0
-0.42886
0
0
0
0
0
0
0
-9.1015
0
0
0
0
-0.73358
-0.73358
-0.73358
-0.73885
-0.76292
-0.76292
-0.76292
-0.75388
-0.76292
-0.59158
0
0
0
16.235
0
0
0
0
0
0
0
0
0
0
0
0
0
0
0
-8.8983
-0.65514
-0.65514
-0.65514
-0.65213
-0.67455
-0.67455
-0.67455
-0.68672
-0.67455
-0.53126
0
0
0
0
6.5338
0
0
0
0
0
0
0
0
0
0
0
0
0
0
0
-0.66148
-0.66148
-0.66148
-0.65064
-0.67123
-0.67123
-0.67123
0
-0.67123
0
0
0
0
0
0
5.7397
0
0
0
0
0
-0.41972
0
0
0
0
0
0
0
0
-0.72437
-0.72437
-0.72437
0
0
0
0
0
0
0
0
-0.76472
0
0
0
0
4.2694
-0.41324
0
0
0
0
0
0
0
0
-0.91828
0
0
0
0
0
0
0
0
0
0
0
0
0
0
0
-0.42886
0
0
0
-0.41324
11.0856
0
0
0
0
-6.1284
0
-4.1151
0
0
0
0
0
-0.48811
-0.48811
-0.48811
-0.4919
0
0
0
0
0
0
0
0
0
0
0
0
0
0
1.9562
0
0
0
0
0
0
0
0
0
0
0
-0.48811
-0.48811
-0.48811
-0.4919
0
0
0
0
0
0
0
0
0
0
0
0
0
0
0
1.9562
0
0
0
0
0
0
0
0
0
0
-1.6223
-1.6223
-1.6223
0
0
0
0
0
0
0
0
0
0
0
0
0
0
0
0
0
7.3171
-2.4502
0
0
0
0
0
0
0
0
0
0
0
0
0
0
0
0
0
0
0
0
0
0
0
-0.41972
0
0
0
0
-2.4502
4.3346
0
0
0
0
0
0
-1.4646
0
0
0
0
0
0
0
0
0
0
0
0
0
0
0
0
0
0
-6.1284
0
0
0
0
6.5652
-0.43679
0
0
0
0
0
0
0
0
0
0
0
0
0
-4.7496
0
0
0
0
0
0
0
0
0
0
0
0
0
0
-0.43679
5.1864
0
0
0
0
0
0
0
0
0
0
0
0
0
0
0
0
0
0
0
0
0
0
0
-4.1151
0
0
0
0
0
0
4.1151
0
0
0
0
0
0
0
0
0
0
0
0
0
0
0
0
0
-9.1015
0
0
0
0
0
0
0
0
0
0
0
0
9.1015
0
0
0
0
0
0
0
0
0
0
0
0
0
0
0
0
0
0
0
0
-0.91828
0
0
0
0
0
0
0
0
0
0.91828
0
0
0
0
0
0
0
0
0
0
0
0
0
-9.5829
0
0
0
0
0
0
0
0
0
0
0
0
0
0
0
0
9.5829
0
0
0
0
0
0
0
0
0
0
0
0
0
0
0
0
0
0
0
0
0
0
0
-1.4646
0
0
0
0
0
0
1.4646
0
0
0
0
0
0
0
0
0
0
0
0
0
0
-8.8983
0
0
0
0
0
0
0
0
0
0
0
0
0
0
0
8.8983
