20.9082
-0.61968
-0.61283
-0.61323
-0.59936
-0.57377
-0.57377
-0.63409
-0.53895
-0.58911
-0.58911
-0.61883
-0.61883
-0.43352
-0.58219
-0.58327
-0.58327
-0.58327
-0.6658
-2.279
-8.0163
0
0
0
0
0
0
0
0
0
-0.61968
20.9082
-0.61283
-0.61323
-0.59936
-0.57377
-0.57377
-0.63409
-0.53895
-0.58911
-0.58911
-0.61883
-0.61883
-0.43352
-0.58219
-0.58327
-0.58327
-0.58327
-0.6658
-2.279
0
0
0
-8.0163
0
0
0
0
0
0
-0.61283
-0.61283
18.1603
-0.60231
-0.59152
-0.56596
-0.56596
-0.62212
-0.52962
-0.58134
-0.58134
-0.61063
-0.61063
-0.42753
-0.57129
-0.57652
-0.57652
-0.57652
-0.65925
0
0
0
0
0
-7.6856
0
0
0
0
0
-0.61323
-0.61323
-0.60231
17.0891
-0.59525
-0.56528
-0.56528
-0.62145
-0.52876
-0.58188
-0.58188
-0.61134
-0.61134
-0.42706
-0.57026
-0.5776
-0.5776
-0.5776
0
0
0
0
0
0
0
0
0
0
0
-7.2678
-0.59936
-0.59936
-0.59152
-0.59525
10.3084
-0.55593
-0.55593
-0.61221
-0.53418
-0.57053
-0.57053
-0.59725
-0.59725
-0.4352
-0.56727
-0.56333
-0.56333
-0.56333
-0.63666
0
0
0
0
0
0
0
0
0
0
0
-0.57377
-0.57377
-0.56596
-0.56528
-0.55593
9.2536
-0.52718
-0.58124
-0.50922
-0.5448
-0.5448
-0.56929
-0.56929
-0.41794
-0.53997
-0.5384
-0.5384
-0.5384
0
0
0
0
0
0
0
0
0
0
0
0
-0.57377
-0.57377
-0.56596
-0.56528
-0.55593
-0.52718
9.2536
-0.58124
-0.50922
-0.5448
-0.5448
-0.56929
-0.56929
-0.41794
-0.53997
-0.5384
-0.5384
-0.5384
0
0
0
0
0
0
0
0
0
0
0
0
-0.63409
-0.63409
-0.62212
-0.62145
-0.61221
-0.58124
-0.58124
10.9056
-0.56822
-0.59652
-0.59652
-0.63489
-0.63489
0
0
0
0
0
0
0
0
0
0
0
0
-3.5881
0
0
0
0
-0.53895
-0.53895
-0.52962
-0.52876
-0.53418
-0.50922
-0.50922
-0.56822
17.8212
-0.534
-0.534
0
0
0
0
0
0
0
0
0
0
0
-6.248
0
0
0
0
-6.248
0
0
-0.58911
-0.58911
-0.58134
-0.58188
-0.57053
-0.5448
-0.5448
-0.59652
-0.534
6.8054
-0.52102
-0.57612
-0.57612
0
0
0
0
0
0
0
0
0
0
0
0
0
0
0
0
0
-0.58911
-0.58911
-0.58134
-0.58188
-0.57053
-0.5448
-0.5448
-0.59652
-0.534
-0.52102
6.8054
-0.57612
-0.57612
0
0
0
0
0
0
0
0
0
0
0
0
0
0
0
0
0
-0.61883
-0.61883
-0.61063
-0.61134
-0.59725
-0.56929
-0.56929
-0.63489
0
-0.57612
-0.57612
5.9826
0
0
0
0
0
0
0
0
0
0
0
0
0
0
0
0
0
0
-0.61883
-0.61883
-0.61063
-0.61134
-0.59725
-0.56929
-0.56929
-0.63489
0
-0.57612
-0.57612
0
5.9826
0
0
0
0
0
0
0
0
0
0
0
0
0
0
0
0
0
-0.43352
-0.43352
-0.42753
-0.42706
-0.4352
-0.41794
-0.41794
0
0
0
0
0
0
12.2541
0
0
0
0
0
0
0
0
0
0
0
0
-4.6307
0
-4.6307
0
-0.58219
-0.58219
-0.57129
-0.57026
-0.56727
-0.53997
-0.53997
0
0
0
0
0
0
0
4.0576
0
0
0
0
0
0
-0.1045
0
0
0
0
0
0
0
0
-0.58327
-0.58327
-0.57652
-0.5776
-0.56333
-0.5384
-0.5384
0
0
0
0
0
0
0
0
3.9608
0
0
0
0
0
0
0
0
0
0
0
0
0
0
-0.58327
-0.58327
-0.57652
-0.5776
-0.56333
-0.5384
-0.5384
0
0
0
0
0
0
0
0
0
3.9608
0
0
0
0
0
0
0
0
0
0
0
0
0
-0.58327
-0.58327
-0.57652
-0.5776
-0.56333
-0.5384
-0.5384
0
0
0
0
0
0
0
0
0
0
3.9608
0
0
0
0
0
0
0
0
0
0
0
0
-0.6658
-0.6658
-0.65925
0
-0.63666
0
0
0
0
0
0
0
0
0
0
0
0
0
2.6275
0
0
0
0
0
0
0
0
0
0
0
-2.279
-2.279
0
0
0
0
0
0
0
0
0
0
0
0
0
0
0
0
0
4.558
0
0
0
0
0
0
0
0
0
0
-8.0163
0
0
0
0
0
0
0
0
0
0
0
0
0
0
0
0
0
0
0
8.0163
0
0
0
0
0
0
0
0
0
0
0
0
0
0
0
0
0
0
0
0
0
0
0
-0.1045
0
0
0
0
0
0
0.1045
0
0
0
0
0
0
0
0
0
0
0
0
0
0
0
0
-6.248
0
0
0
0
0
0
0
0
0
0
0
0
0
6.248
0
0
0
0
0
0
0
0
-8.0163
0
0
0
0
0
0
0
0
0
0
0
0
0
0
0
0
0
0
0
0
0
8.0163
0
0
0
0
0
0
0
0
-7.6856
0
0
0
0
0
0
0
0
0
0
0
0
0
0
0
0
0
0
0
0
0
7.6856
0
0
0
0
0
0
0
0
0
0
0
0
-3.5881
0
0
0
0
0
0
0
0
0
0
0
0
0
0
0
0
0
3.5881
0
0
0
0
0
0
0
0
0
0
0
0
0
0
0
0
0
-4.6307
0
0
0
0
0
0
0
0
0
0
0
0
4.6307
0
0
0
0
0
0
0
0
0
0
0
-6.248
0
0
0
0
0
0
0
0
0
0
0
0
0
0
0
0
0
0
6.248
0
0
0
0
0
0
0
0
0
0
0
0
0
0
0
-4.6307
0
0
0
0
0
0
0
0
0
0
0
0
0
0
4.6307
0
0
0
0
-7.2678
0
0
0
0
0
0
0
0
0
0
0
0
0
0
0
0
0
0
0
0
0
0
0
0
0
7.2678
