10.0392
-0.67998
-0.68898
-0.68968
-0.68631
-0.68303
-0.68279
-0.66631
-0.68739
-0.69012
-0.68085
-0.72219
-0.69207
-0.65405
0
0
-0.55481
-0.58064
0
0
0
0
0
0
0
0
0
0
0
0
-0.67998
9.9298
-0.68574
-0.68821
-0.67814
-0.67598
-0.67229
-0.6597
-0.67823
-0.68131
-0.67085
-0.71295
-0.68881
0
-0.6196
0
0
0
-1.138
0
0
0
0
0
0
0
0
0
0
0
-0.68898
-0.68574
14.1946
-0.70103
-0.68794
-0.68337
-0.68013
-0.66531
-0.68946
-0.69273
-0.67803
-0.71839
-0.69477
0
0
-0.77771
0
0
0
0
0
0
0
0
0
0
0
0
-5.151
0
-0.68968
-0.68821
-0.70103
15.1226
-0.68927
-0.68608
-0.68221
-0.66704
-0.69136
-0.69454
-0.68032
-0.72968
-0.69767
0
0
0
0
0
0
-1.662
0
0
0
0
0
0
-5.1635
0
0
0
-0.68631
-0.67814
-0.68794
-0.68927
18.3749
-0.70101
-0.69796
-0.6637
-0.68341
-0.68632
-0.67642
0
0
0
0
0
0
0
0
0
0
0
0
0
0
0
0
-5.7622
0
-5.7622
-0.68303
-0.67598
-0.68337
-0.68608
-0.70101
8.2325
-0.67963
-0.66363
-0.68353
-0.68704
-0.67504
-0.72157
-0.69259
0
0
0
0
0
0
0
0
0
0
0
0
0
0
0
0
0
-0.68279
-0.67229
-0.68013
-0.68221
-0.69796
-0.67963
8.0652
-0.65994
-0.67819
-0.6817
-0.67052
0
-0.69566
0
0
0
0
-0.58413
0
0
0
0
0
0
0
0
0
0
0
0
-0.66631
-0.6597
-0.66531
-0.66704
-0.6637
-0.66363
-0.65994
7.2783
-0.66013
-0.66385
-0.65602
0
0
-0.65268
0
0
0
0
0
0
0
0
0
0
0
0
0
0
0
0
-0.68739
-0.67823
-0.68946
-0.69136
-0.68341
-0.68353
-0.67819
-0.66013
10.1212
0
-0.67582
0
0
0
0
0
0
0
0
0
0
-3.9936
0
0
0
0
0
0
0
0
-0.69012
-0.68131
-0.69273
-0.69454
-0.68632
-0.68704
-0.6817
-0.66385
0
9.0433
0
0
0
0
0
0
0
0
0
0
0
0
0
-3.5657
0
0
0
0
0
0
-0.68085
-0.67085
-0.67803
-0.68032
-0.67642
-0.67504
-0.67052
-0.65602
-0.67582
0
6.0639
0
0
0
0
0
0
0
0
0
0
0
0
0
0
0
0
0
0
0
-0.72219
-0.71295
-0.71839
-0.72968
0
-0.72157
0
0
0
0
0
4.4102
0
0
0
-0.80547
0
0
0
0
0
0
0
0
0
0
0
0
0
0
-0.69207
-0.68881
-0.69477
-0.69767
0
-0.69259
-0.69566
0
0
0
0
0
4.1616
0
0
0
0
0
0
0
0
0
0
0
0
0
0
0
0
0
-0.65405
0
0
0
0
0
0
-0.65268
0
0
0
0
0
4.1213
-0.61217
0
0
0
0
-1.3876
0
0
-0.81484
0
0
0
0
0
0
0
0
-0.6196
0
0
0
0
0
0
0
0
0
0
0
-0.61217
3.3758
0
0
0
-1.3463
0
0
0
0
0
0
-0.79765
0
0
0
0
0
0
-0.77771
0
0
0
0
0
0
0
0
-0.80547
0
0
0
2.2307
-0.64751
0
0
0
0
0
0
0
0
0
0
0
0
0
-0.55481
0
0
0
0
0
0
0
0
0
0
0
0
0
0
-0.64751
1.8117
0
0
0
0
0
0
0
-0.60937
0
0
0
0
0
-0.58064
0
0
0
0
0
-0.58413
0
0
0
0
0
0
0
0
0
0
1.717
0
0
-0.55225
0
0
0
0
0
0
0
0
0
0
-1.138
0
0
0
0
0
0
0
0
0
0
0
0
-1.3463
0
0
0
2.4844
0
0
0
0
0
0
0
0
0
0
0
0
0
0
-1.662
0
0
0
0
0
0
0
0
0
-1.3876
0
0
0
0
0
3.0496
0
0
0
0
0
0
0
0
0
0
0
0
0
0
0
0
0
0
0
0
0
0
0
0
0
0
0
-0.55225
0
0
0.55225
0
0
0
0
0
0
0
0
0
0
0
0
0
0
0
0
0
-3.9936
0
0
0
0
0
0
0
0
0
0
0
0
3.9936
0
0
0
0
0
0
0
0
0
0
0
0
0
0
0
0
0
0
0
0
0
-0.81484
0
0
0
0
0
0
0
0
0.81484
0
0
0
0
0
0
0
0
0
0
0
0
0
0
0
0
-3.5657
0
0
0
0
0
0
0
0
0
0
0
0
0
3.5657
0
0
0
0
0
0
0
0
0
0
0
0
0
0
0
0
0
0
0
0
0
0
-0.60937
0
0
0
0
0
0
0
0.60937
0
0
0
0
0
0
0
0
0
0
0
0
0
0
0
0
0
0
0
-0.79765
0
0
0
0
0
0
0
0
0
0
0.79765
0
0
0
0
0
0
0
-5.1635
0
0
0
0
0
0
0
0
0
0
0
0
0
0
0
0
0
0
0
0
0
0
5.1635
0
0
0
0
0
0
0
-5.7622
0
0
0
0
0
0
0
0
0
0
0
0
0
0
0
0
0
0
0
0
0
0
5.7622
0
0
0
0
-5.151
0
0
0
0
0
0
0
0
0
0
0
0
0
0
0
0
0
0
0
0
0
0
0
0
0
5.151
0
0
0
0
0
-5.7622
0
0
0
0
0
0
0
0
0
0
0
0
0
0
0
0
0
0
0
0
0
0
0
0
5.7622
