14.0635
-0.75446
-0.69695
-0.69695
-0.69695
-0.73818
-0.71497
-0.71497
-0.73876
-0.69178
-0.71422
-0.69502
-0.70779
-0.73419
-0.72202
-0.68924
-0.75283
-0.70277
-0.8508
-1.0507
0
0
0
0
0
0
0
0
0
0
-0.75446
23.8264
-0.75446
-0.75446
-0.75446
-0.74396
-0.73469
-0.73469
-0.74508
-0.70976
-0.72504
-0.70842
-0.72604
-0.74334
-0.74183
-0.70348
-0.75415
-0.72617
-0.88647
0
0
0
-10.4254
0
0
0
0
0
0
0
-0.69695
-0.75446
14.0635
-0.69695
-0.69695
-0.73818
-0.71497
-0.71497
-0.73876
-0.69178
-0.71422
-0.69502
-0.70779
-0.73419
-0.72202
-0.68924
-0.75283
-0.70277
-0.8508
-1.0507
0
0
0
0
0
0
0
0
0
0
-0.69695
-0.75446
-0.69695
14.0635
-0.69695
-0.73818
-0.71497
-0.71497
-0.73876
-0.69178
-0.71422
-0.69502
-0.70779
-0.73419
-0.72202
-0.68924
-0.75283
-0.70277
-0.8508
-1.0507
0
0
0
0
0
0
0
0
0
0
-0.69695
-0.75446
-0.69695
-0.69695
14.0635
-0.73818
-0.71497
-0.71497
-0.73876
-0.69178
-0.71422
-0.69502
-0.70779
-0.73419
-0.72202
-0.68924
-0.75283
-0.70277
-0.8508
-1.0507
0
0
0
0
0
0
0
0
0
0
-0.73818
-0.74396
-0.73818
-0.73818
-0.73818
20.676
-0.74138
-0.74138
-0.70849
-0.69157
-0.70085
-0.69542
-0.70653
-0.71593
-0.72123
-0.67812
0
0
0
0
-0.28575
0
0
0
0
0
0
0
-9.5927
0
-0.71497
-0.73469
-0.71497
-0.71497
-0.71497
-0.74138
11.9999
-0.67706
-0.71728
-0.67762
-0.69625
-0.68021
-0.69312
-0.715
-0.70725
-0.67524
-0.73455
-0.69036
0
0
0
0
0
0
0
0
0
0
0
0
-0.71497
-0.73469
-0.71497
-0.71497
-0.71497
-0.74138
-0.67706
11.9999
-0.71728
-0.67762
-0.69625
-0.68021
-0.69312
-0.715
-0.70725
-0.67524
-0.73455
-0.69036
0
0
0
0
0
0
0
0
0
0
0
0
-0.73876
-0.74508
-0.73876
-0.73876
-0.73876
-0.70849
-0.71728
-0.71728
19.5064
-0.69842
-0.7078
-0.68746
-0.70922
-0.71937
-0.72679
0
0
0
0
0
0
-0.24109
0
0
0
0
0
-9.1731
0
0
-0.69178
-0.70976
-0.69178
-0.69178
-0.69178
-0.69157
-0.67762
-0.67762
-0.69842
10.2237
-0.67938
-0.64807
-0.66556
-0.68181
-0.67702
-0.64971
0
0
0
0
0
0
0
0
0
0
0
0
0
0
-0.71422
-0.72504
-0.71422
-0.71422
-0.71422
-0.70085
-0.69625
-0.69625
-0.7078
-0.67938
18.4138
-0.65435
-0.67976
-0.68379
-0.69215
0
0
0
0
0
0
0
0
0
0
-8.6413
0
0
0
0
-0.69502
-0.70842
-0.69502
-0.69502
-0.69502
-0.69542
-0.68021
-0.68021
-0.68746
-0.64807
-0.65435
8.5032
-0.67269
0
0
0
0
0
0
0
-0.2963
0
0
0
0
0
0
0
0
0
-0.70779
-0.72604
-0.70779
-0.70779
-0.70779
-0.70653
-0.69312
-0.69312
-0.70922
-0.66556
-0.67976
-0.67269
9.084
-0.70683
0
0
0
0
0
0
0
0
0
0
0
0
0
0
0
0
-0.73419
-0.74334
-0.73419
-0.73419
-0.73419
-0.71593
-0.715
-0.715
-0.71937
-0.68181
-0.68379
0
-0.70683
16.099
0
0
0
0
0
0
0
0
0
0
-7.4811
0
0
0
0
0
-0.72202
-0.74183
-0.72202
-0.72202
-0.72202
-0.72123
-0.70725
-0.70725
-0.72679
-0.67702
-0.69215
0
0
0
7.8616
0
0
0
0
0
0
0
0
0
0
0
0
0
0
0
-0.68924
-0.70348
-0.68924
-0.68924
-0.68924
-0.67812
-0.67524
-0.67524
0
-0.64971
0
0
0
0
0
6.407
0
0
0
0
0
-0.26827
0
0
0
0
0
0
0
0
-0.75283
-0.75415
-0.75283
-0.75283
-0.75283
0
-0.73455
-0.73455
0
0
0
0
0
0
0
0
7.0256
0
0
0
0
0
0
0
0
0
0
0
0
-1.791
-0.70277
-0.72617
-0.70277
-0.70277
-0.70277
0
-0.69036
-0.69036
0
0
0
0
0
0
0
0
0
4.918
0
0
0
0
0
0
0
0
0
0
0
0
-0.8508
-0.88647
-0.8508
-0.8508
-0.8508
0
0
0
0
0
0
0
0
0
0
0
0
0
4.2897
0
0
0
0
0
0
0
0
0
0
0
-1.0507
0
-1.0507
-1.0507
-1.0507
0
0
0
0
0
0
0
0
0
0
0
0
0
0
4.2027
0
0
0
0
0
0
0
0
0
0
0
0
0
0
0
-0.28575
0
0
0
0
0
-0.2963
0
0
0
0
0
0
0
0
0.73412
0
0
0
0
0
-0.15207
0
0
0
0
0
0
0
0
0
0
0
-0.24109
0
0
0
0
0
0
-0.26827
0
0
0
0
0
0.61386
0
-0.1045
0
0
0
0
0
0
0
-10.4254
0
0
0
0
0
0
0
0
0
0
0
0
0
0
0
0
0
0
0
0
10.4254
0
0
0
0
0
0
0
0
0
0
0
0
0
0
0
0
0
0
0
0
0
0
0
0
0
0
0
0
-0.1045
0
0.1045
0
0
0
0
0
0
0
0
0
0
0
0
0
0
0
0
0
0
0
-7.4811
0
0
0
0
0
0
0
0
0
0
7.4811
0
0
0
0
0
0
0
0
0
0
0
0
0
0
0
-8.6413
0
0
0
0
0
0
0
0
0
0
0
0
0
0
8.6413
0
0
0
0
0
0
0
0
0
0
0
0
0
0
0
0
0
0
0
0
0
0
0
0
-0.15207
0
0
0
0
0
0.15207
0
0
0
0
0
0
0
0
0
0
0
-9.1731
0
0
0
0
0
0
0
0
0
0
0
0
0
0
0
0
0
0
9.1731
0
0
0
0
0
0
0
-9.5927
0
0
0
0
0
0
0
0
0
0
0
0
0
0
0
0
0
0
0
0
0
0
9.5927
0
0
0
0
0
0
0
0
0
0
0
0
0
0
0
0
0
-1.791
0
0
0
0
0
0
0
0
0
0
0
0
1.791
