21.5488
-0.65678
-0.64157
-0.62382
-0.64157
-0.60142
-0.60142
-0.64768
-0.64768
-0.65177
-0.57827
-0.62282
-0.62282
-0.61639
-0.59937
-0.69794
-0.61616
-0.61616
-0.65376
-3.1023
0
0
0
0
0
0
0
0
0
-7.1091
-0.65678
30.9954
-0.60805
-0.6195
-0.60805
-0.56826
-0.56826
-0.6061
-0.6061
-0.62885
-0.55794
-0.60242
-0.60242
-0.57166
-0.57989
-0.68131
-0.60314
-0.60314
-0.65181
0
0
-10.0359
0
0
0
0
-10.0359
0
0
0
-0.64157
-0.60805
17.38
-0.60039
-0.60123
-0.55895
-0.55895
-0.59992
-0.59992
-0.60855
-0.54034
-0.58172
-0.58172
-0.5712
-0.56011
-0.65179
-0.57679
-0.57679
-0.61375
0
0
0
0
0
0
0
0
0
-6.7482
0
-0.62382
-0.6195
-0.60039
13.4857
-0.60039
-0.55975
-0.55975
-0.60462
-0.60462
-0.60369
-0.53641
-0.57639
-0.57639
-0.5801
-0.55501
-0.64214
-0.56781
-0.56781
-0.59832
-2.9088
0
0
0
0
0
0
0
0
0
0
-0.64157
-0.60805
-0.60123
-0.60039
17.38
-0.55895
-0.55895
-0.59992
-0.59992
-0.60855
-0.54034
-0.58172
-0.58172
-0.5712
-0.56011
-0.65179
-0.57679
-0.57679
-0.61375
0
0
0
0
-6.7482
0
0
0
0
0
0
-0.60142
-0.56826
-0.55895
-0.55975
-0.55895
15.2903
-0.52335
-0.55587
-0.55587
-0.5669
-0.50327
-0.54142
-0.54142
-0.53029
-0.52155
-0.60564
-0.53698
-0.53698
0
0
0
0
0
0
-5.9234
0
0
0
0
0
-0.60142
-0.56826
-0.55895
-0.55975
-0.55895
-0.52335
15.2903
-0.55587
-0.55587
-0.5669
-0.50327
-0.54142
-0.54142
-0.53029
-0.52155
-0.60564
-0.53698
-0.53698
0
0
0
0
-5.9234
0
0
0
0
0
0
0
-0.64768
-0.6061
-0.59992
-0.60462
-0.59992
-0.55587
-0.55587
11.3681
-0.64593
-0.6542
-0.54122
-0.58636
-0.58636
-0.57241
-0.56455
0
0
0
0
0
-3.0471
0
0
0
0
0
0
0
0
0
-0.64768
-0.6061
-0.59992
-0.60462
-0.59992
-0.55587
-0.55587
-0.64593
11.3681
-0.6542
-0.54122
-0.58636
-0.58636
-0.57241
-0.56455
0
0
0
0
0
0
0
0
0
0
-3.0471
0
0
0
0
-0.65177
-0.62885
-0.60855
-0.60369
-0.60855
-0.5669
-0.5669
-0.6542
-0.6542
9.1105
-0.54781
-0.59254
-0.59254
-0.59017
-0.57045
-0.6734
0
0
0
0
0
0
0
0
0
0
0
0
0
0
-0.57827
-0.55794
-0.54034
-0.53641
-0.54034
-0.50327
-0.50327
-0.54122
-0.54122
-0.54781
7.4256
-0.51509
-0.51509
-0.50904
-0.49632
0
0
0
0
0
0
0
0
0
0
0
0
0
0
0
-0.62282
-0.60242
-0.58172
-0.57639
-0.58172
-0.54142
-0.54142
-0.58636
-0.58636
-0.59254
-0.51509
6.92
-0.59173
0
0
0
0
0
0
0
0
0
0
0
0
0
0
0
0
0
-0.62282
-0.60242
-0.58172
-0.57639
-0.58172
-0.54142
-0.54142
-0.58636
-0.58636
-0.59254
-0.51509
-0.59173
6.92
0
0
0
0
0
0
0
0
0
0
0
0
0
0
0
0
0
-0.61639
-0.57166
-0.5712
-0.5801
-0.5712
-0.53029
-0.53029
-0.57241
-0.57241
-0.59017
-0.50904
0
0
6.3196
0
0
0
0
0
0
0
0
0
0
0
0
0
-0.1045
0
0
-0.59937
-0.57989
-0.56011
-0.55501
-0.56011
-0.52155
-0.52155
-0.56455
-0.56455
-0.57045
-0.49632
0
0
0
6.0935
0
0
0
0
0
0
0
0
0
0
0
0
0
0
0
-0.69794
-0.68131
-0.65179
-0.64214
-0.65179
-0.60564
-0.60564
0
0
-0.6734
0
0
0
0
0
5.2096
0
0
0
0
0
0
0
0
0
0
0
0
0
0
-0.61616
-0.60314
-0.57679
-0.56781
-0.57679
-0.53698
-0.53698
0
0
0
0
0
0
0
0
0
4.0147
0
0
0
0
0
0
0
0
0
0
0
0
0
-0.61616
-0.60314
-0.57679
-0.56781
-0.57679
-0.53698
-0.53698
0
0
0
0
0
0
0
0
0
0
4.0147
0
0
0
0
0
0
0
0
0
0
0
0
-0.65376
-0.65181
-0.61375
-0.59832
-0.61375
0
0
0
0
0
0
0
0
0
0
0
0
0
3.1314
0
0
0
0
0
0
0
0
0
0
0
-3.1023
0
0
-2.9088
0
0
0
0
0
0
0
0
0
0
0
0
0
0
0
6.011
0
0
0
0
0
0
0
0
0
0
0
0
0
0
0
0
0
-3.0471
0
0
0
0
0
0
0
0
0
0
0
0
3.0471
0
0
0
0
0
0
0
0
0
0
-10.0359
0
0
0
0
0
0
0
0
0
0
0
0
0
0
0
0
0
0
0
10.0359
0
0
0
0
0
0
0
0
0
0
0
0
0
0
-5.9234
0
0
0
0
0
0
0
0
0
0
0
0
0
0
0
5.9234
0
0
0
0
0
0
0
0
0
0
0
-6.7482
0
0
0
0
0
0
0
0
0
0
0
0
0
0
0
0
0
0
6.7482
0
0
0
0
0
0
0
0
0
0
0
-5.9234
0
0
0
0
0
0
0
0
0
0
0
0
0
0
0
0
0
0
5.9234
0
0
0
0
0
0
0
0
0
0
0
0
0
-3.0471
0
0
0
0
0
0
0
0
0
0
0
0
0
0
0
0
3.0471
0
0
0
0
0
-10.0359
0
0
0
0
0
0
0
0
0
0
0
0
0
0
0
0
0
0
0
0
0
0
0
0
10.0359
0
0
0
0
0
0
0
0
0
0
0
0
0
0
0
0
-0.1045
0
0
0
0
0
0
0
0
0
0
0
0
0
0.1045
0
0
0
0
-6.7482
0
0
0
0
0
0
0
0
0
0
0
0
0
0
0
0
0
0
0
0
0
0
0
0
0
6.7482
0
-7.1091
0
0
0
0
0
0
0
0
0
0
0
0
0
0
0
0
0
0
0
0
0
0
0
0
0
0
0
0
7.1091
