15.168
-0.35768
-0.35768
-0.35768
-0.33478
-0.3207
-0.3207
-0.32993
-0.34461
-0.32331
-0.29895
-0.34109
-0.3311
-0.366
-0.30954
0
0
0
-0.18052
0
0
0
0
0
-10.2938
0
0
0
0
0
-0.35768
13.8449
-0.35317
-0.35317
-0.33134
-0.31477
-0.31477
-0.32712
-0.34347
-0.31945
-0.29737
-0.34052
-0.33162
-0.33646
-0.30528
0
0
0
0
0
0
0
0
0
0
0
-9.2187
0
0
0
-0.35768
-0.35317
13.8449
-0.35317
-0.33134
-0.31477
-0.31477
-0.32712
-0.34347
-0.31945
-0.29737
-0.34052
-0.33162
-0.33646
-0.30528
0
0
0
0
0
-9.2187
0
0
0
0
0
0
0
0
0
-0.35768
-0.35317
-0.35317
13.8449
-0.33134
-0.31477
-0.31477
-0.32712
-0.34347
-0.31945
-0.29737
-0.34052
-0.33162
-0.33646
-0.30528
0
0
0
0
-9.2187
0
0
0
0
0
0
0
0
0
0
-0.33478
-0.33134
-0.33134
-0.33134
12.1143
-0.29702
-0.29702
-0.30219
-0.31844
-0.29864
-0.27614
-0.31129
0
-0.30658
-0.28441
0
0
0
0
0
0
0
0
0
0
-8.0938
0
0
0
0
-0.3207
-0.31477
-0.31477
-0.31477
-0.29702
4.1932
-0.27959
-0.29611
-0.30546
-0.28947
-0.27371
-0.30443
-0.29818
-0.3063
-0.27787
0
0
0
0
0
0
0
0
0
0
0
0
0
0
0
-0.3207
-0.31477
-0.31477
-0.31477
-0.29702
-0.27959
4.1932
-0.29611
-0.30546
-0.28947
-0.27371
-0.30443
-0.29818
-0.3063
-0.27787
0
0
0
0
0
0
0
0
0
0
0
0
0
0
0
-0.32993
-0.32712
-0.32712
-0.32712
-0.30219
-0.29611
-0.29611
3.0047
-0.34123
-0.30848
0
0
0
0
0
-0.14933
0
0
0
0
0
0
0
0
0
0
0
0
0
0
-0.34461
-0.34347
-0.34347
-0.34347
-0.31844
-0.30546
-0.30546
-0.34123
6.1783
-0.31916
0
0
0
0
0
0
0
0
0
0
0
0
0
0
0
0
0
0
0
-3.2135
-0.32331
-0.31945
-0.31945
-0.31945
-0.29864
-0.28947
-0.28947
-0.30848
-0.31916
2.7869
0
0
0
0
0
0
0
0
0
0
0
0
0
0
0
0
0
0
0
0
-0.29895
-0.29737
-0.29737
-0.29737
-0.27614
-0.27371
-0.27371
0
0
0
18.7446
0
0
0
0
0
0
0
0
0
0
0
-8.365
0
0
0
0
0
-8.365
0
-0.34109
-0.34052
-0.34052
-0.34052
-0.31129
-0.30443
-0.30443
0
0
0
0
2.6568
0
0
0
0
0
0
0
0
0
-0.37395
0
0
0
0
0
0
0
0
-0.3311
-0.33162
-0.33162
-0.33162
0
-0.29818
-0.29818
0
0
0
0
0
2.4289
0
0
-0.16309
0
0
0
0
0
0
0
0
0
0
0
-0.3435
0
0
-0.366
-0.33646
-0.33646
-0.33646
-0.30658
-0.3063
-0.3063
0
0
0
0
0
0
2.4685
0
0
0
-0.17396
0
0
0
0
0
0
0
0
0
0
0
0
-0.30954
-0.30528
-0.30528
-0.30528
-0.28441
-0.27787
-0.27787
0
0
0
0
0
0
0
2.0655
0
0
0
0
0
0
0
0
0
0
0
0
0
0
0
0
0
0
0
0
0
0
-0.14933
0
0
0
0
-0.16309
0
0
0.41692
0
0
0
0
0
0
0
-0.1045
0
0
0
0
0
0
0
0
0
0
0
0
0
0
0
0
0
0
0
0
0
0
3.4408
-1.8531
-1.5877
0
0
0
0
0
0
0
0
0
0
0
0
0
0
0
0
0
0
0
0
0
0
0
0
-0.17396
0
0
-1.8531
2.0271
0
0
0
0
0
0
0
0
0
0
0
0
-0.18052
0
0
0
0
0
0
0
0
0
0
0
0
0
0
0
-1.5877
0
1.7682
0
0
0
0
0
0
0
0
0
0
0
0
0
0
-9.2187
0
0
0
0
0
0
0
0
0
0
0
0
0
0
0
9.2187
0
0
0
0
0
0
0
0
0
0
0
0
-9.2187
0
0
0
0
0
0
0
0
0
0
0
0
0
0
0
0
0
9.2187
0
0
0
0
0
0
0
0
0
0
0
0
0
0
0
0
0
0
0
0
-0.37395
0
0
0
0
0
0
0
0
0
0.37395
0
0
0
0
0
0
0
0
0
0
0
0
0
0
0
0
0
0
-8.365
0
0
0
0
0
0
0
0
0
0
0
8.365
0
0
0
0
0
0
0
0
0
0
0
0
0
0
0
0
0
0
0
0
0
0
-0.1045
0
0
0
0
0
0
0
0.1045
0
0
0
0
0
0
-10.2938
0
0
0
0
0
0
0
0
0
0
0
0
0
0
0
0
0
0
0
0
0
0
0
10.2938
0
0
0
0
0
0
0
0
0
-8.0938
0
0
0
0
0
0
0
0
0
0
0
0
0
0
0
0
0
0
0
0
8.0938
0
0
0
0
0
-9.2187
0
0
0
0
0
0
0
0
0
0
0
0
0
0
0
0
0
0
0
0
0
0
0
0
9.2187
0
0
0
0
0
0
0
0
0
0
0
0
0
0
0
-0.3435
0
0
0
0
0
0
0
0
0
0
0
0
0
0
0.3435
0
0
0
0
0
0
0
0
0
0
0
0
-8.365
0
0
0
0
0
0
0
0
0
0
0
0
0
0
0
0
0
8.365
0
0
0
0
0
0
0
0
0
-3.2135
0
0
0
0
0
0
0
0
0
0
0
0
0
0
0
0
0
0
0
0
3.2135
