13.1037
-0.10001
-0.19797
-0.10008
-0.10003
-0.27949
-0.27949
-0.30734
-0.54125
-0.10003
-0.55337
-0.65436
-0.55153
-0.67423
-0.70707
-0.70707
-0.8638
-1.3453
0
-0.8872
0
-4.1541
0
0
0
0
0
0
0
0
-0.10001
17.0626
-0.10001
-0.10001
-0.10001
-0.16986
-0.16986
-0.215
-0.5118
-0.10001
-0.54497
-0.6813
-0.21349
-0.70521
-0.73541
-0.73541
-1.0605
-1.7021
0
0
0
0
-4.5588
0
0
0
0
-4.5588
0
0
-0.19797
-0.10001
14.4128
-0.58285
-0.10006
-0.2368
-0.2368
-0.28435
-0.51227
-0.10009
-0.54871
-0.63497
-1.2918
-0.6759
-0.74226
-0.74225
-0.79555
-1.027
0
-0.93524
0
0
0
0
0
0
0
0
0
-4.668
-0.10008
-0.10001
-0.58285
15.697
-0.27245
-0.24709
-0.24709
-0.10099
-0.38136
-1.4832
-0.4665
-0.53996
-2.0488
-0.61156
-0.73192
-0.73193
0
0
-1.6777
0
0
0
0
-5.3735
0
0
0
0
0
0
-0.10003
-0.10001
-0.10006
-0.27245
8.608
-0.10009
-0.10009
-0.10006
-0.17187
-0.60873
-0.41511
-0.69768
-0.78088
-0.84565
-1.0767
-1.0767
0
0
-2.0619
0
0
0
0
0
0
0
0
0
0
0
-0.27949
-0.16986
-0.2368
-0.24709
-0.10009
9.0012
-0.10017
-0.25822
-0.39471
-0.98903
-0.46435
-0.49208
-0.90792
-0.6811
-1.0673
-1.0673
-1.5457
0
0
0
0
0
0
0
0
0
0
0
0
0
-0.27949
-0.16986
-0.2368
-0.24709
-0.10009
-0.10017
9.0012
-0.25823
-0.39473
-0.98902
-0.46435
-0.49204
-0.90792
-0.68113
-1.0673
-1.0673
-1.5456
0
0
0
0
0
0
0
0
0
0
0
0
0
-0.30734
-0.215
-0.28435
-0.10099
-0.10006
-0.25822
-0.25823
8.8145
-0.50227
-0.93856
-0.61375
-0.62569
-0.9441
-0.9157
-1.3751
-1.3751
0
0
0
0
0
0
0
0
0
0
0
0
0
0
-0.54125
-0.5118
-0.51227
-0.38136
-0.17187
-0.39471
-0.39473
-0.50227
8.6711
-1.005
-1.2324
-1.401
0
-1.6225
0
0
0
0
0
0
0
0
0
0
0
0
0
0
0
0
-0.10003
-0.10001
-0.10009
-1.4832
-0.60873
-0.98903
-0.98902
-0.93856
-1.005
18.1402
-0.91895
0
0
0
0
0
0
0
0
0
-5.4538
0
0
0
0
0
0
0
-5.4538
0
-0.55337
-0.54497
-0.54871
-0.4665
-0.41511
-0.46435
-0.46435
-0.61375
-1.2324
-0.91895
7.3819
-1.1595
0
0
0
0
0
0
0
0
0
0
0
0
0
0
0
0
0
0
-0.65436
-0.6813
-0.63497
-0.53996
-0.69768
-0.49208
-0.49204
-0.62569
-1.401
0
-1.1595
7.3786
0
0
0
0
0
0
0
0
0
0
0
0
0
0
0
0
0
0
-0.55153
-0.21349
-1.2918
-2.0488
-0.78088
-0.90792
-0.90792
-0.9441
0
0
0
0
12.1069
0
0
0
0
0
0
0
0
0
0
0
0
0
-4.4605
0
0
0
-0.67423
-0.70521
-0.6759
-0.61156
-0.84565
-0.6811
-0.68113
-0.9157
-1.6225
0
0
0
0
7.413
0
0
0
0
0
0
0
0
0
0
0
0
0
0
0
0
-0.70707
-0.73541
-0.74226
-0.73192
-1.0767
-1.0673
-1.0673
-1.3751
0
0
0
0
0
0
7.5031
0
0
0
0
0
0
0
0
0
0
0
0
0
0
0
-0.70707
-0.73541
-0.74225
-0.73193
-1.0767
-1.0673
-1.0673
-1.3751
0
0
0
0
0
0
0
7.5031
0
0
0
0
0
0
0
0
0
0
0
0
0
0
-0.8638
-1.0605
-0.79555
0
0
-1.5457
-1.5456
0
0
0
0
0
0
0
0
0
5.8111
0
0
0
0
0
0
0
0
0
0
0
0
0
-1.3453
-1.7021
-1.027
0
0
0
0
0
0
0
0
0
0
0
0
0
0
4.0744
0
0
0
0
0
0
0
0
0
0
0
0
0
0
0
-1.6777
-2.0619
0
0
0
0
0
0
0
0
0
0
0
0
0
8.0118
0
0
0
0
0
0
-4.2723
0
0
0
0
-0.8872
0
-0.93524
0
0
0
0
0
0
0
0
0
0
0
0
0
0
0
0
4.5862
0
0
0
0
-2.7638
0
0
0
0
0
0
0
0
0
0
0
0
0
0
-5.4538
0
0
0
0
0
0
0
0
0
0
5.4538
0
0
0
0
0
0
0
0
0
-4.1541
0
0
0
0
0
0
0
0
0
0
0
0
0
0
0
0
0
0
0
0
4.1541
0
0
0
0
0
0
0
0
0
-4.5588
0
0
0
0
0
0
0
0
0
0
0
0
0
0
0
0
0
0
0
0
4.5588
0
0
0
0
0
0
0
0
0
0
-5.3735
0
0
0
0
0
0
0
0
0
0
0
0
0
0
0
0
0
0
0
5.3735
0
0
0
0
0
0
0
0
0
0
0
0
0
0
0
0
0
0
0
0
0
0
0
0
0
-2.7638
0
0
0
0
2.7638
0
0
0
0
0
0
0
0
0
0
0
0
0
0
0
0
0
0
0
0
0
0
0
-4.2723
0
0
0
0
0
0
4.2723
0
0
0
0
0
0
0
0
0
0
0
0
0
0
0
0
-4.4605
0
0
0
0
0
0
0
0
0
0
0
0
0
4.4605
0
0
0
0
-4.5588
0
0
0
0
0
0
0
0
0
0
0
0
0
0
0
0
0
0
0
0
0
0
0
0
0
4.5588
0
0
0
0
0
0
0
0
0
0
0
-5.4538
0
0
0
0
0
0
0
0
0
0
0
0
0
0
0
0
0
0
5.4538
0
0
0
-4.668
0
0
0
0
0
0
0
0
0
0
0
0
0
0
0
0
0
0
0
0
0
0
0
0
0
0
4.668
