14.5806
-0.18896
-0.10842
-0.13583
-0.18421
-0.12728
-0.13135
-0.79704
-0.12176
-0.13184
-0.12279
-0.1273
-0.8707
-1.093
-0.89047
-0.11414
-0.92906
-0.81588
-0.92458
-0.76983
0
0
-3.8801
-2.1161
0
0
0
0
0
0
-0.18896
14.0167
-0.15099
-0.42272
-0.66142
-0.35129
-0.3511
-1.1392
-0.37581
-0.45077
-0.40383
-0.56774
-1.0619
-0.92908
-0.36541
-0.90824
-1.1675
-0.2785
-0.22826
-0.42717
0
0
0
-3.5868
0
0
0
0
0
0
-0.10842
-0.15099
11.4846
-0.12134
-0.15102
-0.12124
-0.14773
-0.5446
-0.13853
-0.19666
-0.13773
-0.16553
-0.54257
-1.1186
-0.29824
-0.113
-0.66738
-0.64795
-0.50032
-2.661
0
-2.9517
0
0
0
0
0
0
0
0
-0.13583
-0.42272
-0.12134
12.9385
-0.42323
-0.66738
-0.20333
-0.89391
-0.26817
-0.31309
-0.29276
-0.25218
-0.97227
-0.70336
-0.48383
-0.33791
-1.0836
-0.8924
-0.79333
-1.2827
-2.3952
0
0
0
0
0
0
0
0
0
-0.18421
-0.66142
-0.15102
-0.42323
14.0125
-0.34894
-0.33605
-1.139
-0.36756
-0.43951
-0.39218
-0.62398
-1.0597
-0.9332
-0.35199
-0.91612
-1.1648
-0.27896
-0.21845
-0.43263
0
0
0
-3.5895
0
0
0
0
0
0
-0.12728
-0.35129
-0.12124
-0.66738
-0.34894
13.8726
-0.19468
-0.89527
-0.26053
-0.34682
-0.2972
-1.3099
-0.95471
-0.60005
-0.85467
-0.49853
-1.08
-0.61606
-0.36798
-1.8438
-2.1363
0
0
0
0
0
0
0
0
0
-0.13135
-0.3511
-0.14773
-0.20333
-0.33605
-0.19468
11.8285
-0.92623
-0.27656
-0.22327
-0.33885
-0.65933
-0.96231
-0.72993
-0.55581
-1.0818
-1.07
-0.33169
-0.29202
-3.0165
0
0
0
0
0
0
0
0
0
0
-0.79704
-1.1392
-0.5446
-0.89391
-1.139
-0.89527
-0.92623
22.8142
-0.58289
-0.5883
-0.58437
-0.65598
-0.789
-0.10599
-0.85244
-0.96353
-1.5847
-0.95306
-0.92706
0
0
0
0
0
0
0
0
-7.8917
0
0
-0.12176
-0.37581
-0.13853
-0.26817
-0.36756
-0.26053
-0.27656
-0.58289
9.1612
-0.14696
-0.13797
-0.16342
-0.89813
-0.63467
-0.50205
-1.2885
-0.99693
-1.1004
-0.90041
0
0
0
0
0
0
0
0
0
0
0
-0.13184
-0.45077
-0.19666
-0.31309
-0.43951
-0.34682
-0.22327
-0.5883
-0.14696
10.7184
-0.15425
-0.19619
-0.93233
-0.73522
-0.75249
-1.2536
-1.0776
-1.7491
-1.0303
0
0
0
0
0
0
0
0
0
0
0
-0.12279
-0.40383
-0.13773
-0.29276
-0.39218
-0.2972
-0.33885
-0.58437
-0.13797
-0.15425
9.6849
-0.17987
-0.91669
-0.67627
-0.48405
-1.2936
-1.0184
-1.3778
-0.87629
0
0
0
0
0
0
0
0
0
0
0
-0.1273
-0.56774
-0.16553
-0.25218
-0.62398
-1.3099
-0.65933
-0.65598
-0.16342
-0.19619
-0.17987
12.4075
-0.96878
-0.80008
-0.50051
-1.1382
-1.0911
-0.52313
-2.4844
0
0
0
0
0
0
0
0
0
0
0
-0.8707
-1.0619
-0.54257
-0.97227
-1.0597
-0.95471
-0.96231
-0.789
-0.89813
-0.93233
-0.91669
-0.96878
18.8067
0
-1.1524
0
0
0
0
0
0
0
0
0
0
0
0
0
-6.7252
0
-1.093
-0.92908
-1.1186
-0.70336
-0.9332
-0.60005
-0.72993
-0.10599
-0.63467
-0.73522
-0.67627
-0.80008
0
15.2213
0
0
0
0
0
0
0
0
0
0
-6.1619
0
0
0
0
0
-0.89047
-0.36541
-0.29824
-0.48383
-0.35199
-0.85467
-0.55581
-0.85244
-0.50205
-0.75249
-0.48405
-0.50051
-1.1524
0
8.0443
0
0
0
0
0
0
0
0
0
0
0
0
0
0
0
-0.11414
-0.90824
-0.113
-0.33791
-0.91612
-0.49853
-1.0818
-0.96353
-1.2885
-1.2536
-1.2936
-1.1382
0
0
0
13.8081
0
0
0
0
0
0
-3.9011
0
0
0
0
0
0
0
-0.92906
-1.1675
-0.66738
-1.0836
-1.1648
-1.08
-1.07
-1.5847
-0.99693
-1.0776
-1.0184
-1.0911
0
0
0
0
20.1099
0
0
0
0
0
0
0
0
0
0
0
0
-7.179
-0.81588
-0.2785
-0.64795
-0.8924
-0.27896
-0.61606
-0.33169
-0.95306
-1.1004
-1.7491
-1.3778
-0.52313
0
0
0
0
0
9.5649
0
0
0
0
0
0
0
0
0
0
0
0
-0.92458
-0.22826
-0.50032
-0.79333
-0.21845
-0.36798
-0.29202
-0.92706
-0.90041
-1.0303
-0.87629
-2.4844
0
0
0
0
0
0
9.5435
0
0
0
0
0
0
0
0
0
0
0
-0.76983
-0.42717
-2.661
-1.2827
-0.43263
-1.8438
-3.0165
0
0
0
0
0
0
0
0
0
0
0
0
10.4337
0
0
0
0
0
0
0
0
0
0
0
0
0
-2.3952
0
-2.1363
0
0
0
0
0
0
0
0
0
0
0
0
0
0
8.3439
-3.8124
0
0
0
0
0
0
0
0
0
0
-2.9517
0
0
0
0
0
0
0
0
0
0
0
0
0
0
0
0
0
-3.8124
12.311
0
0
0
0
-5.5469
0
0
0
-3.8801
0
0
0
0
0
0
0
0
0
0
0
0
0
0
-3.9011
0
0
0
0
0
0
13.6383
0
0
-5.8571
0
0
0
0
-2.1161
-3.5868
0
0
-3.5895
0
0
0
0
0
0
0
0
0
0
0
0
0
0
0
0
0
0
9.2925
0
0
0
0
0
0
0
0
0
0
0
0
0
0
0
0
0
0
0
-6.1619
0
0
0
0
0
0
0
0
0
0
6.1619
0
0
0
0
0
0
0
0
0
0
0
0
0
0
0
0
0
0
0
0
0
0
0
0
0
0
0
-5.8571
0
0
5.8571
0
0
0
0
0
0
0
0
0
0
0
0
0
0
0
0
0
0
0
0
0
0
0
0
0
-5.5469
0
0
0
0
5.5469
0
0
0
0
0
0
0
0
0
0
-7.8917
0
0
0
0
0
0
0
0
0
0
0
0
0
0
0
0
0
0
0
7.8917
0
0
0
0
0
0
0
0
0
0
0
0
0
0
-6.7252
0
0
0
0
0
0
0
0
0
0
0
0
0
0
0
6.7252
0
0
0
0
0
0
0
0
0
0
0
0
0
0
0
0
0
-7.179
0
0
0
0
0
0
0
0
0
0
0
0
7.179
