16.3055
-0.6926
-0.6796
-0.72487
-0.7009
-0.68735
-0.71046
-0.66825
-0.66367
-0.66615
-0.67989
-0.73122
0
-0.90951
0
-0.70759
0
0
0
0
0
-0.77105
0
0
0
0
-6.3125
0
0
0
-0.6926
14.7389
-0.67258
-0.70579
-0.68094
-0.67058
-0.69437
-0.64936
-0.64872
-0.64885
-0.64269
-0.71028
0
-0.8797
0
-0.68997
0
0
0
0
0
0
0
0
0
0
0
0
-5.7525
0
-0.6796
-0.67258
9.3448
-0.68383
-0.66562
-0.65493
-0.67537
-0.6365
-0.6388
-0.63644
-0.63163
-0.70061
0
0
-0.72215
-0.66554
0
-0.68121
0
0
0
0
0
0
0
0
0
0
0
0
-0.72487
-0.70579
-0.68383
13.0576
-0.70749
-0.70398
-0.73186
-0.66856
-0.67382
-0.66933
-0.66383
-0.75668
0
0
0
0
0
0
0
0
0
0
0
0
0
0
0
0
0
-5.3675
-0.7009
-0.68094
-0.66562
-0.70749
7.4726
-0.69048
-0.71233
-0.64035
-0.65234
-0.6445
-0.64917
-0.72849
0
0
0
0
0
0
0
0
0
0
0
0
0
0
0
0
0
0
-0.68735
-0.67058
-0.65493
-0.70398
-0.69048
7.983
-0.70491
-0.64287
-0.64592
-0.6363
0
0
0
0
-0.7753
0
0
0
0
0
0
0
0
-1.1704
0
0
0
0
0
0
-0.71046
-0.69437
-0.67537
-0.73186
-0.71233
-0.70491
12.079
-0.66083
-0.65582
-0.65318
0
0
0
0
0
0
0
-0.72419
0
0
0
0
0
0
0
-5.1557
0
0
0
0
-0.66825
-0.64936
-0.6365
-0.66856
-0.64035
-0.64287
-0.66083
6.3977
-0.60924
-0.60698
-0.61481
0
0
0
0
0
0
0
0
0
0
0
0
0
0
0
0
0
0
0
-0.66367
-0.64872
-0.6388
-0.67382
-0.65234
-0.64592
-0.65582
-0.60924
6.4483
-0.60978
0
0
-0.65019
0
0
0
0
0
0
0
0
0
0
0
0
0
0
0
0
0
-0.66615
-0.64885
-0.63644
-0.66933
-0.6445
-0.6363
-0.65318
-0.60698
-0.60978
5.7715
0
0
0
0
0
0
0
0
0
0
0
0
0
0
0
0
0
0
0
0
-0.67989
-0.64269
-0.63163
-0.66383
-0.64917
0
0
-0.61481
0
0
4.5139
0
0
0
0
0
0
0
0
-0.63183
0
0
0
0
0
0
0
0
0
0
-0.73122
-0.71028
-0.70061
-0.75668
-0.72849
0
0
0
0
0
0
5.397
0
-0.98425
0
0
-0.78543
0
0
0
0
0
0
0
0
0
0
0
0
0
0
0
0
0
0
0
0
0
-0.65019
0
0
0
3.8145
-0.91897
0
0
0
0
-0.75035
0
0
0
0
0
-1.495
0
0
0
0
0
-0.90951
-0.8797
0
0
0
0
0
0
0
0
0
-0.98425
-0.91897
3.6924
0
0
0
0
0
0
0
0
0
0
0
0
0
0
0
0
0
0
-0.72215
0
0
-0.7753
0
0
0
0
0
0
0
0
2.6448
0
-1.1473
0
0
0
0
0
0
0
0
0
0
0
0
0
-0.70759
-0.68997
-0.66554
0
0
0
0
0
0
0
0
0
0
0
0
2.0631
0
0
0
0
0
0
0
0
0
0
0
0
0
0
0
0
0
0
0
0
0
0
0
0
0
-0.78543
0
0
-1.1473
0
3.0562
0
0
0
-1.1234
0
0
0
0
0
0
0
0
0
0
0
-0.68121
0
0
0
-0.72419
0
0
0
0
0
0
0
0
0
0
2.3081
0
0
0
0
0
0
0
0
0
-0.9027
0
0
0
0
0
0
0
0
0
0
0
0
0
0
-0.75035
0
0
0
0
0
1.694
0
-0.9436
0
0
0
0
0
0
0
0
0
0
0
0
0
0
0
0
0
0
0
-0.63183
0
0
0
0
0
0
0
0
3.2572
0
0
-2.6254
0
0
0
0
0
0
0
0
0
0
0
0
0
0
0
0
0
0
0
0
0
0
0
-1.1234
0
-0.9436
0
2.067
0
0
0
0
0
0
0
0
0
-0.77105
0
0
0
0
0
0
0
0
0
0
0
0
0
0
0
0
0
0
0
0
3.3129
-2.5418
0
0
0
0
0
0
0
0
0
0
0
0
0
0
0
0
0
0
0
0
0
0
0
0
0
0
-2.6254
0
-2.5418
5.1672
0
0
0
0
0
0
0
0
0
0
0
0
-1.1704
0
0
0
0
0
0
0
0
0
0
0
0
0
0
0
0
0
1.7986
-0.62818
0
0
0
0
0
0
0
0
0
0
0
0
0
0
0
0
0
-1.495
0
0
0
0
0
0
0
0
0
0
-0.62818
2.1231
0
0
0
0
0
0
0
0
0
0
0
-5.1557
0
0
0
0
0
0
0
0
0
0
0
0
0
0
0
0
0
0
5.1557
0
0
0
0
-6.3125
0
0
0
0
0
0
0
0
0
0
0
0
0
0
0
0
0
0
0
0
0
0
0
0
0
6.3125
0
0
0
0
0
0
0
0
0
0
0
0
0
0
0
0
0
0
0
0
-0.9027
0
0
0
0
0
0
0
0
0
0.9027
0
0
0
-5.7525
0
0
0
0
0
0
0
0
0
0
0
0
0
0
0
0
0
0
0
0
0
0
0
0
0
0
5.7525
0
0
0
0
-5.3675
0
0
0
0
0
0
0
0
0
0
0
0
0
0
0
0
0
0
0
0
0
0
0
0
0
5.3675
