23.3184
-0.50649
-0.51835
-0.49465
-0.5137
-0.54141
-0.49501
-0.49501
-0.50755
-0.58848
-0.52784
-0.52784
-0.52784
-0.51417
-0.48196
-0.58992
-0.76391
-0.76391
-0.18779
-0.18779
0
0
0
0
0
0
0
-13.5848
0
0
-0.50649
9.3103
-0.49386
-0.47459
-0.49223
-0.51535
-0.47463
-0.47463
-0.48643
-0.55818
-0.50383
-0.50383
-0.50383
-0.49279
-0.46447
-0.5636
-0.71529
-0.71529
-0.18552
-0.18552
0
0
0
0
0
0
0
0
0
0
-0.51835
-0.49386
21.8395
-0.49176
-0.51128
-0.54252
-0.49254
-0.49254
-0.50333
-0.59007
-0.53019
-0.53019
-0.53019
-0.50926
-0.48404
-0.5812
-0.74908
-0.74908
0
0
0
-12.54
0
0
0
0
0
0
0
0
-0.49465
-0.47459
-0.49176
8.8643
-0.48856
-0.51366
-0.47073
-0.47073
-0.48084
-0.55652
-0.50369
-0.50369
-0.50369
-0.4866
-0.46515
-0.55388
-0.7028
-0.7028
0
0
0
0
0
0
0
0
0
0
0
0
-0.5137
-0.49223
-0.51128
-0.48856
7.6797
-0.52923
-0.48386
-0.48386
-0.49459
-0.57381
-0.5193
-0.5193
-0.5193
-0.50082
-0.47865
-0.57119
0
0
0
0
0
0
0
0
0
0
0
0
0
0
-0.54141
-0.51535
-0.54252
-0.51366
-0.52923
17.7074
-0.50711
-0.50711
-0.51832
-0.61327
-0.55293
-0.55293
-0.55293
-0.52463
0
0
0
0
0
0
0
0
0
0
0
0
-10.736
0
0
0
-0.49501
-0.47463
-0.49254
-0.47073
-0.48386
-0.50711
6.3618
-0.44808
-0.47182
-0.54513
-0.49848
-0.49848
-0.49848
-0.47741
0
0
0
0
0
0
0
0
0
0
0
0
0
0
0
0
-0.49501
-0.47463
-0.49254
-0.47073
-0.48386
-0.50711
-0.44808
6.3618
-0.47182
-0.54513
-0.49848
-0.49848
-0.49848
-0.47741
0
0
0
0
0
0
0
0
0
0
0
0
0
0
0
0
-0.50755
-0.48643
-0.50333
-0.48084
-0.49459
-0.51832
-0.47182
-0.47182
5.0513
-0.53908
0
0
0
-0.57751
0
0
0
0
0
0
0
0
0
0
0
0
0
0
0
0
-0.58848
-0.55818
-0.59007
-0.55652
-0.57381
-0.61327
-0.54513
-0.54513
-0.53908
11.4795
0
0
0
0
0
0
0
0
0
0
-6.3698
0
0
0
0
0
0
0
0
0
-0.52784
-0.50383
-0.53019
-0.50369
-0.5193
-0.55293
-0.49848
-0.49848
0
0
8.9941
0
0
0
0
0
0
0
0
0
0
0
0
0
-4.8594
0
0
0
0
0
-0.52784
-0.50383
-0.53019
-0.50369
-0.5193
-0.55293
-0.49848
-0.49848
0
0
0
8.9941
0
0
0
0
0
0
0
0
0
0
0
-4.8594
0
0
0
0
0
0
-0.52784
-0.50383
-0.53019
-0.50369
-0.5193
-0.55293
-0.49848
-0.49848
0
0
0
0
8.9941
0
0
0
0
0
0
0
0
0
0
0
0
0
0
0
-4.8594
0
-0.51417
-0.49279
-0.50926
-0.4866
-0.50082
-0.52463
-0.47741
-0.47741
-0.57751
0
0
0
0
4.5606
0
0
0
0
0
0
0
0
0
0
0
0
0
0
0
0
-0.48196
-0.46447
-0.48404
-0.46515
-0.47865
0
0
0
0
0
0
0
0
0
2.5809
0
0
0
0
0
0
0
0
0
0
-0.20667
0
0
0
0
-0.58992
-0.5636
-0.5812
-0.55388
-0.57119
0
0
0
0
0
0
0
0
0
0
2.8598
0
0
0
0
0
0
0
0
0
0
0
0
0
0
-0.76391
-0.71529
-0.74908
-0.7028
0
0
0
0
0
0
0
0
0
0
0
0
2.9311
0
0
0
0
0
0
0
0
0
0
0
0
0
-0.76391
-0.71529
-0.74908
-0.7028
0
0
0
0
0
0
0
0
0
0
0
0
0
2.9311
0
0
0
0
0
0
0
0
0
0
0
0
-0.18779
-0.18552
0
0
0
0
0
0
0
0
0
0
0
0
0
0
0
0
0.4778
0
0
0
-0.1045
0
0
0
0
0
0
0
-0.18779
-0.18552
0
0
0
0
0
0
0
0
0
0
0
0
0
0
0
0
0
0.4778
0
0
0
0
0
0
0
0
0
-0.1045
0
0
0
0
0
0
0
0
0
-6.3698
0
0
0
0
0
0
0
0
0
0
6.3698
0
0
0
0
0
0
0
0
0
0
0
-12.54
0
0
0
0
0
0
0
0
0
0
0
0
0
0
0
0
0
0
12.54
0
0
0
0
0
0
0
0
0
0
0
0
0
0
0
0
0
0
0
0
0
0
0
0
0
0
-0.1045
0
0
0
0.1045
0
0
0
0
0
0
0
0
0
0
0
0
0
0
0
0
0
0
-4.8594
0
0
0
0
0
0
0
0
0
0
0
4.8594
0
0
0
0
0
0
0
0
0
0
0
0
0
0
0
0
-4.8594
0
0
0
0
0
0
0
0
0
0
0
0
0
4.8594
0
0
0
0
0
0
0
0
0
0
0
0
0
0
0
0
0
0
0
-0.20667
0
0
0
0
0
0
0
0
0
0
0.20667
0
0
0
0
0
0
0
0
0
-10.736
0
0
0
0
0
0
0
0
0
0
0
0
0
0
0
0
0
0
0
0
10.736
0
0
0
-13.5848
0
0
0
0
0
0
0
0
0
0
0
0
0
0
0
0
0
0
0
0
0
0
0
0
0
0
13.5848
0
0
0
0
0
0
0
0
0
0
0
0
0
0
-4.8594
0
0
0
0
0
0
0
0
0
0
0
0
0
0
0
4.8594
0
0
0
0
0
0
0
0
0
0
0
0
0
0
0
0
0
0
0
0
-0.1045
0
0
0
0
0
0
0
0
0
0.1045
