28.8384
-0.80329
-0.8232
-0.82821
-0.80519
-0.80118
-0.79576
-0.7764
-0.77745
-0.85211
-0.82802
-0.82802
-0.76298
-0.81429
-0.84103
-0.84103
-0.7467
-1.0519
-1.0519
-1.11
0
-2.2333
0
-0.81415
-0.81415
-8.8381
0
0
0
0
-0.80329
17.5089
-0.812
-0.81314
-0.7919
-0.79231
-0.78938
-0.7647
-0.76613
-0.84083
-0.83478
-0.83478
-0.7517
-0.81456
-0.82402
-0.82402
-0.73037
-1.0211
-1.0211
-1.0523
0
0
0
-0.81328
-0.81328
0
0
0
0
0
-0.8232
-0.812
16.6488
-0.84784
-0.81397
-0.81065
-0.81225
-0.78583
-0.78734
-0.8648
-0.84856
-0.84856
-0.77154
-0.84562
-0.84901
-0.84901
-0.75201
-1.0533
-1.0533
0
-1.42
0
0
0
0
0
0
0
0
0
-0.82821
-0.81314
-0.84784
16.3249
-0.81382
-0.81641
-0.81677
-0.7861
-0.78771
-0.86544
-0.85324
-0.85324
-0.77183
-0.84935
-0.84813
-0.84813
-0.75106
-1.0493
-1.0493
-1.0759
0
0
0
0
0
0
0
0
0
0
-0.80519
-0.7919
-0.81397
-0.81382
14.8155
-0.79289
-0.79171
-0.76273
-0.76436
-0.83989
-0.82599
-0.82599
-0.74889
-0.82191
-0.82355
-0.82355
-0.72939
-1.0199
-1.0199
0
0
0
0
0
0
0
0
0
0
0
-0.80118
-0.79231
-0.81065
-0.81641
-0.79289
14.0409
-0.79435
-0.75296
-0.7549
-0.83027
-0.81172
-0.81172
-0.73923
-0.80973
-0.8146
-0.8146
-0.72097
0
0
0
-1.3725
0
0
0
0
0
0
0
0
0
-0.79576
-0.78938
-0.81225
-0.81677
-0.79171
-0.79435
13.4706
-0.75156
-0.75348
-0.82863
-0.80842
-0.80842
-0.73814
-0.80369
-0.81411
-0.81411
-0.72048
0
0
0
0
0
-0.8294
0
0
0
0
0
0
0
-0.7764
-0.7647
-0.78583
-0.7861
-0.76273
-0.75296
-0.75156
12.2072
-0.72544
-0.79852
-0.78082
-0.78082
-0.70939
-0.77771
-0.78139
-0.78139
-0.69143
0
0
0
0
0
0
0
0
0
0
0
0
0
-0.77745
-0.76613
-0.78734
-0.78771
-0.76436
-0.7549
-0.75348
-0.72544
11.5469
-0.80477
-0.78134
-0.78134
-0.70998
-0.77779
-0.78742
-0.78742
0
0
0
0
0
0
0
0
0
0
0
0
0
0
-0.85211
-0.84083
-0.8648
-0.86544
-0.83989
-0.83027
-0.82863
-0.79852
-0.80477
10.9254
-0.89487
-0.89487
-0.74458
-0.86577
0
0
0
0
0
0
0
0
0
0
0
0
0
0
0
0
-0.82802
-0.83478
-0.84856
-0.85324
-0.82599
-0.81172
-0.80842
-0.78082
-0.78134
-0.89487
15.5314
-0.8377
-0.70732
0
0
0
0
0
0
0
0
0
0
0
0
0
0
0
-5.7186
0
-0.82802
-0.83478
-0.84856
-0.85324
-0.82599
-0.81172
-0.80842
-0.78082
-0.78134
-0.89487
-0.8377
15.5314
-0.70732
0
0
0
0
0
0
0
0
0
0
0
0
0
0
0
0
-5.7186
-0.76298
-0.7517
-0.77154
-0.77183
-0.74889
-0.73923
-0.73814
-0.70939
-0.70998
-0.74458
-0.70732
-0.70732
8.8629
0
0
0
0
0
0
0
0
0
0
0
0
0
0
0
0
0
-0.81429
-0.81456
-0.84562
-0.84935
-0.82191
-0.80973
-0.80369
-0.77771
-0.77779
-0.86577
0
0
0
10.3189
0
0
0
0
0
0
0
-2.1385
0
0
0
0
0
0
0
0
-0.84103
-0.82402
-0.84901
-0.84813
-0.82355
-0.8146
-0.81411
-0.78139
-0.78742
0
0
0
0
0
7.3833
0
0
0
0
0
0
0
0
0
0
0
0
0
0
0
-0.84103
-0.82402
-0.84901
-0.84813
-0.82355
-0.8146
-0.81411
-0.78139
-0.78742
0
0
0
0
0
0
7.3833
0
0
0
0
0
0
0
0
0
0
0
0
0
0
-0.7467
-0.73037
-0.75201
-0.75106
-0.72939
-0.72097
-0.72048
-0.69143
0
0
0
0
0
0
0
0
5.8424
0
0
0
0
0
0
0
0
0
0
0
0
0
-1.0519
-1.0211
-1.0533
-1.0493
-1.0199
0
0
0
0
0
0
0
0
0
0
0
0
5.1954
0
0
0
0
0
0
0
0
0
0
0
0
-1.0519
-1.0211
-1.0533
-1.0493
-1.0199
0
0
0
0
0
0
0
0
0
0
0
0
0
5.1954
0
0
0
0
0
0
0
0
0
0
0
-1.11
-1.0523
0
-1.0759
0
0
0
0
0
0
0
0
0
0
0
0
0
0
0
3.2383
0
0
0
0
0
0
0
0
0
0
0
0
-1.42
0
0
-1.3725
0
0
0
0
0
0
0
0
0
0
0
0
0
0
5.017
0
0
0
0
0
-2.2245
0
0
0
-2.2333
0
0
0
0
0
0
0
0
0
0
0
0
-2.1385
0
0
0
0
0
0
0
5.7172
-1.3454
0
0
0
0
0
0
0
0
0
0
0
0
0
-0.8294
0
0
0
0
0
0
0
0
0
0
0
0
0
0
-1.3454
4.4378
0
0
0
0
-2.263
0
0
-0.81415
-0.81328
0
0
0
0
0
0
0
0
0
0
0
0
0
0
0
0
0
0
0
0
0
1.6274
0
0
0
0
0
0
-0.81415
-0.81328
0
0
0
0
0
0
0
0
0
0
0
0
0
0
0
0
0
0
0
0
0
0
1.6274
0
0
0
0
0
-8.8381
0
0
0
0
0
0
0
0
0
0
0
0
0
0
0
0
0
0
0
0
0
0
0
0
8.8381
0
0
0
0
0
0
0
0
0
0
0
0
0
0
0
0
0
0
0
0
0
0
0
0
-2.2245
0
0
0
0
0
2.2245
0
0
0
0
0
0
0
0
0
0
0
0
0
0
0
0
0
0
0
0
0
0
0
0
0
-2.263
0
0
0
0
2.263
0
0
0
0
0
0
0
0
0
0
0
0
-5.7186
0
0
0
0
0
0
0
0
0
0
0
0
0
0
0
0
0
5.7186
0
0
0
0
0
0
0
0
0
0
0
0
-5.7186
0
0
0
0
0
0
0
0
0
0
0
0
0
0
0
0
0
5.7186
