39.1736
-0.42968
-0.42968
-0.41938
-0.4001
-0.42968
-0.36674
-0.40545
-0.42218
-0.44206
-0.43764
-0.36022
-0.43764
-0.50808
-0.37164
-0.3996
0
-0.35076
0
0
0
0
-10.8543
0
0
0
-10.8543
-10.8543
0
0
-0.42968
6.5507
-0.38334
-0.44157
-0.44509
-0.38334
-0.40484
-0.39691
-0.40728
-0.45221
-0.42039
-0.43404
-0.42039
-0.50702
-0.35591
-0.37012
0
-0.2985
0
0
0
0
0
0
0
0
0
0
0
0
-0.42968
-0.38334
6.5507
-0.44157
-0.44509
-0.38334
-0.40484
-0.39691
-0.40728
-0.45221
-0.42039
-0.43404
-0.42039
-0.50702
-0.35591
-0.37012
0
-0.2985
0
0
0
0
0
0
0
0
0
0
0
0
-0.41938
-0.44157
-0.44157
6.5441
-0.44737
-0.44157
-0.39692
-0.40073
-0.40916
-0.44865
-0.42112
-0.42295
-0.42112
-0.50872
-0.35789
-0.37267
-0.1927
0
0
0
0
0
0
0
0
0
0
0
0
0
-0.4001
-0.44509
-0.44509
-0.44737
12.0222
-0.44509
-0.39831
-0.40746
-0.4185
-0.44906
-0.43265
-0.41461
-0.43265
-0.51032
-0.36679
-0.38572
0
0
0
0
0
0
0
0
0
-5.6235
0
0
0
0
-0.42968
-0.38334
-0.38334
-0.44157
-0.44509
6.5507
-0.40484
-0.39691
-0.40728
-0.45221
-0.42039
-0.43404
-0.42039
-0.50702
-0.35591
-0.37012
0
-0.2985
0
0
0
0
0
0
0
0
0
0
0
0
-0.36674
-0.40484
-0.40484
-0.39692
-0.39831
-0.40484
9.4269
-0.39306
-0.39024
-0.41015
-0.40456
-0.35934
-0.40456
0
-0.34174
0
0
0
0
0
0
0
0
0
0
0
0
0
0
-4.3468
-0.40545
-0.39691
-0.39691
-0.40073
-0.40746
-0.39691
-0.39306
5.6374
-0.38772
-0.42267
-0.40023
-0.41237
-0.40023
-0.47895
-0.33779
0
0
0
0
0
0
0
0
0
0
0
0
0
0
0
-0.42218
-0.40728
-0.40728
-0.40916
-0.4185
-0.40728
-0.39024
-0.38772
4.5631
-0.4314
-0.441
0
-0.441
0
0
0
0
0
0
0
0
0
0
0
0
0
0
0
0
0
-0.44206
-0.45221
-0.45221
-0.44865
-0.44906
-0.45221
-0.41015
-0.42267
-0.4314
8.1877
0
0
0
0
0
0
-0.21039
0
0
0
-4.0166
0
0
0
0
0
0
0
0
0
-0.43764
-0.42039
-0.42039
-0.42112
-0.43265
-0.42039
-0.40456
-0.40023
-0.441
0
3.7984
0
0
0
0
0
0
0
0
0
0
0
0
0
0
0
0
0
0
0
-0.36022
-0.43404
-0.43404
-0.42295
-0.41461
-0.43404
-0.35934
-0.41237
0
0
0
3.5206
0
0
0
0
0
0
0
0
0
0
0
0
0
0
0
0
-0.24894
0
-0.43764
-0.42039
-0.42039
-0.42112
-0.43265
-0.42039
-0.40456
-0.40023
-0.441
0
0
0
3.7984
0
0
0
0
0
0
0
0
0
0
0
0
0
0
0
0
0
-0.50808
-0.50702
-0.50702
-0.50872
-0.51032
-0.50702
0
-0.47895
0
0
0
0
0
6.2885
0
0
0
0
-0.26003
-2.5014
0
0
0
0
0
0
0
0
0
0
-0.37164
-0.35591
-0.35591
-0.35789
-0.36679
-0.35591
-0.34174
-0.33779
0
0
0
0
0
0
2.8436
0
0
0
0
0
0
0
0
0
0
0
0
0
0
0
-0.3996
-0.37012
-0.37012
-0.37267
-0.38572
-0.37012
0
0
0
0
0
0
0
0
0
2.2683
0
0
0
0
0
0
0
0
0
0
0
0
0
0
0
0
0
-0.1927
0
0
0
0
0
-0.21039
0
0
0
0
0
0
19.373
0
-0.1045
0
-4.1596
-7.3529
0
0
-7.3529
0
0
0
0
0
-0.35076
-0.2985
-0.2985
0
0
-0.2985
0
0
0
0
0
0
0
0
0
0
0
1.2463
0
0
0
0
0
0
0
0
0
0
0
0
0
0
0
0
0
0
0
0
0
0
0
0
0
-0.26003
0
0
-0.1045
0
4.9275
-3.1999
0
0
0
-1.363
0
0
0
0
0
0
0
0
0
0
0
0
0
0
0
0
0
0
0
-2.5014
0
0
0
0
-3.1999
5.7013
0
0
0
0
0
0
0
0
0
0
0
0
0
0
0
0
0
0
0
-4.0166
0
0
0
0
0
0
-4.1596
0
0
0
8.1762
0
0
0
0
0
0
0
0
0
0
0
0
0
0
0
0
0
0
0
0
0
0
0
0
0
-7.3529
0
0
0
0
7.3529
0
0
0
0
0
0
0
0
-10.8543
0
0
0
0
0
0
0
0
0
0
0
0
0
0
0
0
0
0
0
0
0
10.8543
0
0
0
0
0
0
0
0
0
0
0
0
0
0
0
0
0
0
0
0
0
0
0
0
0
-1.363
0
0
0
0
1.363
0
0
0
0
0
0
0
0
0
0
0
0
0
0
0
0
0
0
0
0
0
0
-7.3529
0
0
0
0
0
0
0
7.3529
0
0
0
0
0
0
0
0
0
-5.6235
0
0
0
0
0
0
0
0
0
0
0
0
0
0
0
0
0
0
0
0
5.6235
0
0
0
0
-10.8543
0
0
0
0
0
0
0
0
0
0
0
0
0
0
0
0
0
0
0
0
0
0
0
0
0
10.8543
0
0
0
-10.8543
0
0
0
0
0
0
0
0
0
0
0
0
0
0
0
0
0
0
0
0
0
0
0
0
0
0
10.8543
0
0
0
0
0
0
0
0
0
0
0
0
0
-0.24894
0
0
0
0
0
0
0
0
0
0
0
0
0
0
0
0
0.24894
0
0
0
0
0
0
0
-4.3468
0
0
0
0
0
0
0
0
0
0
0
0
0
0
0
0
0
0
0
0
0
0
4.3468
