34.3087
-1.0286
-1.0636
-1.0412
-1.0438
-0.771
-0.771
-0.771
-0.771
-0.771
-0.771
-0.771
-0.771
-0.771
-0.84644
-0.84268
-0.85792
-0.85792
-0.80197
0
0
0
0
-9.4928
0
0
0
0
0
-9.4928
-1.0286
23.4381
-1.1193
-1.1058
-1.1069
-0.80456
-0.80456
-0.80456
-0.80456
-0.80456
-0.80456
-0.80456
-0.80456
-0.80456
-0.89218
-0.88933
-0.93531
-0.93531
-0.8384
0
0
0
0
0
0
0
0
0
-7.346
0
-1.0636
-1.1193
18.8793
-1.1014
-1.098
-0.7943
-0.7943
-0.7943
-0.7943
-0.7943
-0.7943
-0.7943
-0.7943
-0.7943
-0.88215
-0.88356
-0.94783
-0.94783
-0.82413
0
0
-2.8629
0
0
0
0
0
0
0
0
-1.0412
-1.1058
-1.1014
16.2366
-1.0889
-0.78747
-0.78747
-0.78747
-0.78747
-0.78747
-0.78747
-0.78747
-0.78747
-0.78747
-0.8759
-0.86863
-0.92881
-0.92881
-0.81702
-0.39294
0
0
0
0
0
0
0
0
0
0
-1.0438
-1.1069
-1.098
-1.0889
16.44
-0.78762
-0.78762
-0.78762
-0.78762
-0.78762
-0.78762
-0.78762
-0.78762
-0.78762
-0.86894
-0.87388
-0.93061
-0.93061
-0.81721
0
-0.59253
0
0
0
0
0
0
0
0
0
-0.771
-0.80456
-0.7943
-0.78747
-0.78762
11.52
-0.54339
-0.54339
-0.54339
-0.54339
-0.54339
-0.54339
-0.54339
-0.54339
-0.63651
-0.63535
-0.6804
-0.6804
-0.59532
0
0
0
0
0
0
0
0
0
0
0
-0.771
-0.80456
-0.7943
-0.78747
-0.78762
-0.54339
11.52
-0.54339
-0.54339
-0.54339
-0.54339
-0.54339
-0.54339
-0.54339
-0.63651
-0.63535
-0.6804
-0.6804
-0.59532
0
0
0
0
0
0
0
0
0
0
0
-0.771
-0.80456
-0.7943
-0.78747
-0.78762
-0.54339
-0.54339
11.52
-0.54339
-0.54339
-0.54339
-0.54339
-0.54339
-0.54339
-0.63651
-0.63535
-0.6804
-0.6804
-0.59532
0
0
0
0
0
0
0
0
0
0
0
-0.771
-0.80456
-0.7943
-0.78747
-0.78762
-0.54339
-0.54339
-0.54339
11.52
-0.54339
-0.54339
-0.54339
-0.54339
-0.54339
-0.63651
-0.63535
-0.6804
-0.6804
-0.59532
0
0
0
0
0
0
0
0
0
0
0
-0.771
-0.80456
-0.7943
-0.78747
-0.78762
-0.54339
-0.54339
-0.54339
-0.54339
11.52
-0.54339
-0.54339
-0.54339
-0.54339
-0.63651
-0.63535
-0.6804
-0.6804
-0.59532
0
0
0
0
0
0
0
0
0
0
0
-0.771
-0.80456
-0.7943
-0.78747
-0.78762
-0.54339
-0.54339
-0.54339
-0.54339
-0.54339
11.52
-0.54339
-0.54339
-0.54339
-0.63651
-0.63535
-0.6804
-0.6804
-0.59532
0
0
0
0
0
0
0
0
0
0
0
-0.771
-0.80456
-0.7943
-0.78747
-0.78762
-0.54339
-0.54339
-0.54339
-0.54339
-0.54339
-0.54339
11.52
-0.54339
-0.54339
-0.63651
-0.63535
-0.6804
-0.6804
-0.59532
0
0
0
0
0
0
0
0
0
0
0
-0.771
-0.80456
-0.7943
-0.78747
-0.78762
-0.54339
-0.54339
-0.54339
-0.54339
-0.54339
-0.54339
-0.54339
11.52
-0.54339
-0.63651
-0.63535
-0.6804
-0.6804
-0.59532
0
0
0
0
0
0
0
0
0
0
0
-0.771
-0.80456
-0.7943
-0.78747
-0.78762
-0.54339
-0.54339
-0.54339
-0.54339
-0.54339
-0.54339
-0.54339
-0.54339
11.52
-0.63651
-0.63535
-0.6804
-0.6804
-0.59532
0
0
0
0
0
0
0
0
0
0
0
-0.84644
-0.89218
-0.88215
-0.8759
-0.86894
-0.63651
-0.63651
-0.63651
-0.63651
-0.63651
-0.63651
-0.63651
-0.63651
-0.63651
11.1693
-0.59969
0
0
0
0
-0.47542
0
0
0
0
0
0
0
0
0
-0.84268
-0.88933
-0.88356
-0.86863
-0.87388
-0.63535
-0.63535
-0.63535
-0.63535
-0.63535
-0.63535
-0.63535
-0.63535
-0.63535
-0.59969
10.9879
0
0
0
-0.31204
0
0
0
0
0
0
0
0
0
0
-0.85792
-0.93531
-0.94783
-0.92881
-0.93061
-0.6804
-0.6804
-0.6804
-0.6804
-0.6804
-0.6804
-0.6804
-0.6804
-0.6804
0
0
15.9753
0
0
0
0
0
-5.2511
0
0
0
0
0
0
0
-0.85792
-0.93531
-0.94783
-0.92881
-0.93061
-0.6804
-0.6804
-0.6804
-0.6804
-0.6804
-0.6804
-0.6804
-0.6804
-0.6804
0
0
0
15.9753
0
0
0
0
0
0
0
0
-5.2511
0
0
0
-0.80197
-0.8384
-0.82413
-0.81702
-0.81721
-0.59532
-0.59532
-0.59532
-0.59532
-0.59532
-0.59532
-0.59532
-0.59532
-0.59532
0
0
0
0
9.4566
0
0
0
0
0
0
0
0
0
0
0
0
0
0
-0.39294
0
0
0
0
0
0
0
0
0
0
0
-0.31204
0
0
0
17.1356
0
-2.6701
0
0
-6.8803
-6.8803
0
0
0
0
0
0
0
0
-0.59253
0
0
0
0
0
0
0
0
0
-0.47542
0
0
0
0
0
1.6288
0
0
0
0
0
0
-0.56085
0
0
0
0
-2.8629
0
0
0
0
0
0
0
0
0
0
0
0
0
0
0
0
-2.6701
0
5.533
0
0
0
0
0
0
0
0
0
0
0
0
0
0
0
0
0
0
0
0
0
0
0
0
-5.2511
0
0
0
0
0
5.2511
0
0
0
0
0
0
0
-9.4928
0
0
0
0
0
0
0
0
0
0
0
0
0
0
0
0
0
0
0
0
0
0
9.4928
0
0
0
0
0
0
0
0
0
0
0
0
0
0
0
0
0
0
0
0
0
0
0
0
0
-6.8803
0
0
0
0
6.8803
0
0
0
0
0
0
0
0
0
0
0
0
0
0
0
0
0
0
0
0
0
0
0
0
-6.8803
0
0
0
0
0
6.8803
0
0
0
0
0
0
0
0
0
0
0
0
0
0
0
0
0
0
0
0
0
-5.2511
0
0
0
0
0
0
0
0
5.2511
0
0
0
0
0
0
0
0
0
0
0
0
0
0
0
0
0
0
0
0
0
0
0
-0.56085
0
0
0
0
0
0
0.56085
0
0
0
-7.346
0
0
0
0
0
0
0
0
0
0
0
0
0
0
0
0
0
0
0
0
0
0
0
0
0
0
7.346
0
-9.4928
0
0
0
0
0
0
0
0
0
0
0
0
0
0
0
0
0
0
0
0
0
0
0
0
0
0
0
0
9.4928
