17.4055
-0.59815
-0.60786
-0.58714
-0.62636
-0.62636
-0.5593
-0.5593
-0.5593
-0.53425
-0.53425
-0.53425
-0.58441
-0.71322
-0.5418
0
0
0
-1.8172
0
0
-0.46438
0
0
0
0
0
0
0
-6.9579
-0.59815
11.2058
-0.6767
-0.58931
-0.63441
-0.63441
-0.56544
-0.56544
-0.56544
-0.53818
-0.53818
-0.53818
-0.58578
-0.72227
0
-1.2749
0
-2.1791
0
0
0
0
0
0
0
0
0
0
0
0
-0.60786
-0.6767
17.153
-0.61252
-0.65439
-0.65439
-0.58338
-0.58338
-0.58338
-0.55449
-0.55449
-0.55449
-0.61514
-0.7435
0
0
0
0
0
-2.2451
0
0
0
0
0
0
0
-6.9298
0
0
-0.58714
-0.58931
-0.61252
8.0803
-0.6181
-0.6181
-0.54956
-0.54956
-0.54956
-0.52186
-0.52186
-0.52186
-0.57417
-0.7005
0
0
0
0
0
0
0
-0.56625
0
0
0
0
0
0
0
0
-0.62636
-0.63441
-0.65439
-0.6181
7.9517
-0.6376
-0.58113
-0.58113
-0.58113
-0.55475
-0.55475
-0.55475
-0.63063
-0.74256
0
0
0
0
0
0
0
0
0
0
0
0
0
0
0
0
-0.62636
-0.63441
-0.65439
-0.6181
-0.6376
7.9517
-0.58113
-0.58113
-0.58113
-0.55475
-0.55475
-0.55475
-0.63063
-0.74256
0
0
0
0
0
0
0
0
0
0
0
0
0
0
0
0
-0.5593
-0.56544
-0.58338
-0.54956
-0.58113
-0.58113
6.3683
-0.46906
-0.46906
-0.48467
-0.48467
-0.48467
-0.55627
0
0
0
0
0
0
0
0
0
0
0
0
0
0
0
0
0
-0.5593
-0.56544
-0.58338
-0.54956
-0.58113
-0.58113
-0.46906
6.3683
-0.46906
-0.48467
-0.48467
-0.48467
-0.55627
0
0
0
0
0
0
0
0
0
0
0
0
0
0
0
0
0
-0.5593
-0.56544
-0.58338
-0.54956
-0.58113
-0.58113
-0.46906
-0.46906
6.3683
-0.48467
-0.48467
-0.48467
-0.55627
0
0
0
0
0
0
0
0
0
0
0
0
0
0
0
0
0
-0.53425
-0.53818
-0.55449
-0.52186
-0.55475
-0.55475
-0.48467
-0.48467
-0.48467
5.5636
-0.42565
-0.42565
0
0
0
0
0
0
0
0
0
0
0
0
0
0
0
0
0
0
-0.53425
-0.53818
-0.55449
-0.52186
-0.55475
-0.55475
-0.48467
-0.48467
-0.48467
-0.42565
5.5636
-0.42565
0
0
0
0
0
0
0
0
0
0
0
0
0
0
0
0
0
0
-0.53425
-0.53818
-0.55449
-0.52186
-0.55475
-0.55475
-0.48467
-0.48467
-0.48467
-0.42565
-0.42565
5.5636
0
0
0
0
0
0
0
0
0
0
0
0
0
0
0
0
0
0
-0.58441
-0.58578
-0.61514
-0.57417
-0.63063
-0.63063
-0.55627
-0.55627
-0.55627
0
0
0
9.2029
0
-0.52214
0
0
0
0
0
0
0
-3.3912
0
0
0
0
0
0
0
-0.71322
-0.72227
-0.7435
-0.7005
-0.74256
-0.74256
0
0
0
0
0
0
0
4.3646
0
0
0
0
0
0
0
0
0
0
0
0
0
0
0
0
-0.5418
0
0
0
0
0
0
0
0
0
0
0
-0.52214
0
6.3948
0
0
0
0
0
0
0
0
0
-2.6895
0
-2.6414
0
0
0
0
-1.2749
0
0
0
0
0
0
0
0
0
0
0
0
0
7.3963
0
0
0
0
0
0
0
-3.2913
0
-2.8302
0
0
0
0
0
0
0
0
0
0
0
0
0
0
0
0
0
0
0
0
7.9395
-3.224
0
-2.365
0
0
0
-2.3505
0
0
0
0
0
0
0
-2.1791
0
0
0
0
0
0
0
0
0
0
0
0
0
0
-3.224
7.1624
0
0
0
0
-1.7593
0
0
0
0
0
0
0
-1.8172
0
0
0
0
0
0
0
0
0
0
0
0
0
0
0
0
0
5.5462
-1.5402
-2.1888
0
0
0
0
0
0
0
0
0
0
0
-2.2451
0
0
0
0
0
0
0
0
0
0
0
0
0
-2.365
0
-1.5402
6.1502
0
0
0
0
0
0
0
0
0
0
0
0
0
0
0
0
0
0
0
0
0
0
0
0
0
0
0
0
-2.1888
0
8.6043
0
0
0
-3.3849
-3.0306
0
0
0
0
-0.46438
0
0
-0.56625
0
0
0
0
0
0
0
0
0
0
0
0
0
0
0
0
0
1.7346
0
0
0
0
0
0
-0.70402
0
0
0
0
0
0
0
0
0
0
0
0
0
-3.3912
0
0
0
0
-1.7593
0
0
0
0
5.1505
0
0
0
0
0
0
0
0
0
0
0
0
0
0
0
0
0
0
0
0
0
0
-3.2913
-2.3505
0
0
0
0
0
0
5.6417
0
0
0
0
0
0
0
0
0
0
0
0
0
0
0
0
0
0
0
0
-2.6895
0
0
0
0
0
-3.3849
0
0
0
6.0744
0
0
0
0
0
0
0
0
0
0
0
0
0
0
0
0
0
0
0
0
-2.8302
0
0
0
0
-3.0306
0
0
0
0
5.8607
0
0
0
0
0
0
0
0
0
0
0
0
0
0
0
0
0
0
-2.6414
0
0
0
0
0
0
0
0
0
0
0
2.6414
0
0
0
0
0
-6.9298
0
0
0
0
0
0
0
0
0
0
0
0
0
0
0
0
0
0
0
0
0
0
0
0
6.9298
0
0
0
0
0
0
0
0
0
0
0
0
0
0
0
0
0
0
0
0
0
0
0
-0.70402
0
0
0
0
0
0
0.70402
0
-6.9579
0
0
0
0
0
0
0
0
0
0
0
0
0
0
0
0
0
0
0
0
0
0
0
0
0
0
0
0
6.9579
