16.6153
-0.83897
-0.83842
-0.83842
-0.83842
-0.7714
-0.7714
-0.76664
-0.7714
-0.7714
-0.69552
-0.69552
-0.69552
-0.6909
-0.77241
-0.74584
-0.74584
-0.74001
-0.75907
-0.23191
-2.6363
0
0
0
0
0
0
0
0
0
-0.83897
23.9714
-0.85162
-0.85162
-0.85162
-0.78483
-0.78483
-0.76643
-0.78483
-0.78483
-0.70804
-0.70804
-0.70804
-0.70347
-0.78324
-0.76006
-0.76006
-0.75017
-0.75996
0
-2.7226
0
-7.3081
0
0
0
0
0
0
0
-0.83842
-0.85162
20.791
-0.84043
-0.84043
-0.77695
-0.77695
-0.75577
-0.77695
-0.77695
-0.69959
-0.69959
-0.69959
-0.69564
-0.77041
-0.75217
-0.75217
-0.73836
-0.75176
0
0
0
0
0
-6.9972
0
0
0
0
0
-0.83842
-0.85162
-0.84043
20.791
-0.84043
-0.77695
-0.77695
-0.75577
-0.77695
-0.77695
-0.69959
-0.69959
-0.69959
-0.69564
-0.77041
-0.75217
-0.75217
-0.73836
-0.75176
0
0
0
0
0
0
0
-6.9972
0
0
0
-0.83842
-0.85162
-0.84043
-0.84043
20.791
-0.77695
-0.77695
-0.75577
-0.77695
-0.77695
-0.69959
-0.69959
-0.69959
-0.69564
-0.77041
-0.75217
-0.75217
-0.73836
-0.75176
0
0
0
0
0
0
0
0
-6.9972
0
0
-0.7714
-0.78483
-0.77695
-0.77695
-0.77695
12.767
-0.70537
-0.73031
-0.70537
-0.70537
-0.64091
-0.64091
-0.64091
-0.63989
-0.71149
-0.69018
-0.69018
-0.68654
-0.69251
0
0
0
0
0
0
0
0
0
0
0
-0.7714
-0.78483
-0.77695
-0.77695
-0.77695
-0.70537
12.767
-0.73031
-0.70537
-0.70537
-0.64091
-0.64091
-0.64091
-0.63989
-0.71149
-0.69018
-0.69018
-0.68654
-0.69251
0
0
0
0
0
0
0
0
0
0
0
-0.76664
-0.76643
-0.75577
-0.75577
-0.75577
-0.73031
-0.73031
28.2889
-0.73031
-0.73031
-0.63693
-0.63693
-0.63693
-0.61825
-0.65982
-0.66953
-0.66953
0
0
0
0
-8.5197
0
0
0
-8.5197
0
0
0
0
-0.7714
-0.78483
-0.77695
-0.77695
-0.77695
-0.70537
-0.70537
-0.73031
12.767
-0.70537
-0.64091
-0.64091
-0.64091
-0.63989
-0.71149
-0.69018
-0.69018
-0.68654
-0.69251
0
0
0
0
0
0
0
0
0
0
0
-0.7714
-0.78483
-0.77695
-0.77695
-0.77695
-0.70537
-0.70537
-0.73031
-0.70537
12.767
-0.64091
-0.64091
-0.64091
-0.63989
-0.71149
-0.69018
-0.69018
-0.68654
-0.69251
0
0
0
0
0
0
0
0
0
0
0
-0.69552
-0.70804
-0.69959
-0.69959
-0.69959
-0.64091
-0.64091
-0.63693
-0.64091
-0.64091
10.8995
-0.57297
-0.57297
-0.57382
-0.63151
-0.61745
-0.61745
-0.61045
0
0
0
0
0
0
0
0
0
0
0
0
-0.69552
-0.70804
-0.69959
-0.69959
-0.69959
-0.64091
-0.64091
-0.63693
-0.64091
-0.64091
-0.57297
10.8995
-0.57297
-0.57382
-0.63151
-0.61745
-0.61745
-0.61045
0
0
0
0
0
0
0
0
0
0
0
0
-0.69552
-0.70804
-0.69959
-0.69959
-0.69959
-0.64091
-0.64091
-0.63693
-0.64091
-0.64091
-0.57297
-0.57297
10.8995
-0.57382
-0.63151
-0.61745
-0.61745
-0.61045
0
0
0
0
0
0
0
0
0
0
0
0
-0.6909
-0.70347
-0.69564
-0.69564
-0.69564
-0.63989
-0.63989
-0.61825
-0.63989
-0.63989
-0.57382
-0.57382
-0.57382
10.2123
-0.6128
-0.60945
-0.60945
0
0
0
0
0
0
0
0
0
0
0
0
0
-0.77241
-0.78324
-0.77041
-0.77041
-0.77041
-0.71149
-0.71149
-0.65982
-0.71149
-0.71149
-0.63151
-0.63151
-0.63151
-0.6128
14.1836
0
0
0
0
0
0
0
0
0
0
0
0
0
0
-4.3036
-0.74584
-0.76006
-0.75217
-0.75217
-0.75217
-0.69018
-0.69018
-0.66953
-0.69018
-0.69018
-0.61745
-0.61745
-0.61745
-0.60945
0
9.6545
0
0
0
0
0
0
0
0
0
0
0
0
0
0
-0.74584
-0.76006
-0.75217
-0.75217
-0.75217
-0.69018
-0.69018
-0.66953
-0.69018
-0.69018
-0.61745
-0.61745
-0.61745
-0.60945
0
0
9.6545
0
0
0
0
0
0
0
0
0
0
0
0
0
-0.74001
-0.75017
-0.73836
-0.73836
-0.73836
-0.68654
-0.68654
0
-0.68654
-0.68654
-0.61045
-0.61045
-0.61045
0
0
0
0
10.5466
0
0
0
0
0
-2.2639
0
0
0
0
0
0
-0.75907
-0.75996
-0.75176
-0.75176
-0.75176
-0.69251
-0.69251
0
-0.69251
-0.69251
0
0
0
0
0
0
0
0
6.7857
-0.24136
0
0
0
0
0
0
0
0
0
0
-0.23191
0
0
0
0
0
0
0
0
0
0
0
0
0
0
0
0
0
-0.24136
0.57777
0
0
0
0
0
0
0
0
-0.1045
0
-2.6363
-2.7226
0
0
0
0
0
0
0
0
0
0
0
0
0
0
0
0
0
0
5.3589
0
0
0
0
0
0
0
0
0
0
0
0
0
0
0
0
-8.5197
0
0
0
0
0
0
0
0
0
0
0
0
0
8.5197
0
0
0
0
0
0
0
0
0
-7.3081
0
0
0
0
0
0
0
0
0
0
0
0
0
0
0
0
0
0
0
0
7.3081
0
0
0
0
0
0
0
0
0
0
0
0
0
0
0
0
0
0
0
0
0
0
0
0
-2.2639
0
0
0
0
0
2.2639
0
0
0
0
0
0
0
0
-6.9972
0
0
0
0
0
0
0
0
0
0
0
0
0
0
0
0
0
0
0
0
0
6.9972
0
0
0
0
0
0
0
0
0
0
0
0
-8.5197
0
0
0
0
0
0
0
0
0
0
0
0
0
0
0
0
0
8.5197
0
0
0
0
0
0
0
-6.9972
0
0
0
0
0
0
0
0
0
0
0
0
0
0
0
0
0
0
0
0
0
0
6.9972
0
0
0
0
0
0
0
-6.9972
0
0
0
0
0
0
0
0
0
0
0
0
0
0
0
0
0
0
0
0
0
0
6.9972
0
0
0
0
0
0
0
0
0
0
0
0
0
0
0
0
0
0
0
0
0
-0.1045
0
0
0
0
0
0
0
0
0.1045
0
0
0
0
0
0
0
0
0
0
0
0
0
0
0
-4.3036
0
0
0
0
0
0
0
0
0
0
0
0
0
0
4.3036
