23.2678
-0.62139
-0.66927
-0.63342
-0.63342
-0.63342
-0.6194
-0.63557
-0.65014
-0.65014
-0.65014
-0.5514
-0.5514
-0.5514
-0.5514
-0.40038
-0.67279
-0.61357
0
-1.4193
-1.8666
0
0
0
0
-9.6933
0
0
0
0
-0.62139
13.1714
-0.65557
-0.61687
-0.61687
-0.61687
-0.60332
-0.62634
-0.63813
-0.63813
-0.63813
-0.53483
-0.53483
-0.53483
-0.53483
-0.41858
-0.64614
-0.58759
0
-1.3904
-1.7178
0
0
0
0
0
0
0
0
0
-0.66927
-0.65557
19.589
-0.65704
-0.65704
-0.65704
-0.64118
-0.65544
-0.66925
-0.66925
-0.66925
-0.57147
-0.57147
-0.57147
-0.57147
-0.41069
-0.70214
-0.64052
0
0
0
0
0
0
0
0
-8.9495
0
0
0
-0.63342
-0.61687
-0.65704
10.0856
-0.60267
-0.60267
-0.60474
-0.63156
-0.63805
-0.63805
-0.63805
-0.53824
-0.53824
-0.53824
-0.53824
-0.41847
-0.65517
-0.59587
0
0
0
0
0
0
0
0
0
0
0
0
-0.63342
-0.61687
-0.65704
-0.60267
10.0856
-0.60267
-0.60474
-0.63156
-0.63805
-0.63805
-0.63805
-0.53824
-0.53824
-0.53824
-0.53824
-0.41847
-0.65517
-0.59587
0
0
0
0
0
0
0
0
0
0
0
0
-0.63342
-0.61687
-0.65704
-0.60267
-0.60267
10.0856
-0.60474
-0.63156
-0.63805
-0.63805
-0.63805
-0.53824
-0.53824
-0.53824
-0.53824
-0.41847
-0.65517
-0.59587
0
0
0
0
0
0
0
0
0
0
0
0
-0.6194
-0.60332
-0.64118
-0.60474
-0.60474
-0.60474
9.2873
-0.61051
-0.61872
-0.61872
-0.61872
-0.52443
-0.52443
-0.52443
-0.52443
-0.40554
-0.63931
0
0
0
0
0
0
0
0
0
0
0
0
0
-0.63557
-0.62634
-0.65544
-0.63156
-0.63156
-0.63156
-0.61051
16.1464
-0.62793
-0.62793
-0.62793
-0.54112
-0.54112
-0.54112
-0.54112
0
0
0
-0.1045
0
0
0
0
0
0
0
0
0
0
-7.5711
-0.65014
-0.63813
-0.66925
-0.63805
-0.63805
-0.63805
-0.61872
-0.62793
15.5188
-0.66221
-0.66221
-0.55173
-0.55173
-0.55173
-0.55173
0
0
0
0
0
0
0
0
-6.8691
0
0
0
0
0
0
-0.65014
-0.63813
-0.66925
-0.63805
-0.63805
-0.63805
-0.61872
-0.62793
-0.66221
15.5188
-0.66221
-0.55173
-0.55173
-0.55173
-0.55173
0
0
0
0
0
0
0
-6.8691
0
0
0
0
0
0
0
-0.65014
-0.63813
-0.66925
-0.63805
-0.63805
-0.63805
-0.61872
-0.62793
-0.66221
-0.66221
15.5188
-0.55173
-0.55173
-0.55173
-0.55173
0
0
0
0
0
0
0
0
0
0
0
0
-6.8691
0
0
-0.5514
-0.53483
-0.57147
-0.53824
-0.53824
-0.53824
-0.52443
-0.54112
-0.55173
-0.55173
-0.55173
7.2866
-0.43116
-0.43116
-0.43116
0
0
0
0
0
0
0
0
0
0
0
0
0
0
0
-0.5514
-0.53483
-0.57147
-0.53824
-0.53824
-0.53824
-0.52443
-0.54112
-0.55173
-0.55173
-0.55173
-0.43116
7.2866
-0.43116
-0.43116
0
0
0
0
0
0
0
0
0
0
0
0
0
0
0
-0.5514
-0.53483
-0.57147
-0.53824
-0.53824
-0.53824
-0.52443
-0.54112
-0.55173
-0.55173
-0.55173
-0.43116
-0.43116
7.2866
-0.43116
0
0
0
0
0
0
0
0
0
0
0
0
0
0
0
-0.5514
-0.53483
-0.57147
-0.53824
-0.53824
-0.53824
-0.52443
-0.54112
-0.55173
-0.55173
-0.55173
-0.43116
-0.43116
-0.43116
7.2866
0
0
0
0
0
0
0
0
0
0
0
0
0
0
0
-0.40038
-0.41858
-0.41069
-0.41847
-0.41847
-0.41847
-0.40554
0
0
0
0
0
0
0
0
16.0562
0
0
0
0
0
-6.5828
0
0
-6.5828
0
0
0
0
0
-0.67279
-0.64614
-0.70214
-0.65517
-0.65517
-0.65517
-0.63931
0
0
0
0
0
0
0
0
0
4.6259
0
0
0
0
0
0
0
0
0
0
0
0
0
-0.61357
-0.58759
-0.64052
-0.59587
-0.59587
-0.59587
0
0
0
0
0
0
0
0
0
0
0
3.6293
0
0
0
0
0
0
0
0
0
0
0
0
0
0
0
0
0
0
0
-0.1045
0
0
0
0
0
0
0
0
0
0
0.99535
-0.43548
0
0
0
0
0
0
0
0
-0.45536
0
-1.4193
-1.3904
0
0
0
0
0
0
0
0
0
0
0
0
0
0
0
0
-0.43548
3.2452
0
0
0
0
0
0
0
0
0
0
-1.8666
-1.7178
0
0
0
0
0
0
0
0
0
0
0
0
0
0
0
0
0
0
3.5843
0
0
0
0
0
0
0
0
0
0
0
0
0
0
0
0
0
0
0
0
0
0
0
0
-6.5828
0
0
0
0
0
6.5828
0
0
0
0
0
0
0
0
0
0
0
0
0
0
0
0
0
-6.8691
0
0
0
0
0
0
0
0
0
0
0
0
6.8691
0
0
0
0
0
0
0
0
0
0
0
0
0
0
0
-6.8691
0
0
0
0
0
0
0
0
0
0
0
0
0
0
6.8691
0
0
0
0
0
0
0
0
0
0
0
0
0
0
0
0
0
0
0
0
0
-6.5828
0
0
0
0
0
0
0
0
6.5828
0
0
0
0
0
-9.6933
0
0
0
0
0
0
0
0
0
0
0
0
0
0
0
0
0
0
0
0
0
0
0
0
9.6933
0
0
0
0
0
0
-8.9495
0
0
0
0
0
0
0
0
0
0
0
0
0
0
0
0
0
0
0
0
0
0
0
8.9495
0
0
0
0
0
0
0
0
0
0
0
0
0
-6.8691
0
0
0
0
0
0
0
0
0
0
0
0
0
0
0
0
6.8691
0
0
0
0
0
0
0
0
0
0
0
0
0
0
0
0
0
0
0
0
-0.45536
0
0
0
0
0
0
0
0
0
0.45536
0
0
0
0
0
0
0
0
-7.5711
0
0
0
0
0
0
0
0
0
0
0
0
0
0
0
0
0
0
0
0
0
7.5711
