25.0465
-0.6594
-0.66111
-0.59071
-0.59071
-0.59071
-0.59071
-0.68349
-0.6193
-0.57598
-0.62856
-0.6414
-0.66611
-0.6957
-0.64771
-0.6957
-0.54665
0
0
0
0
0
-4.8073
0
0
0
0
0
-10.1553
0
-0.6594
14.6474
-0.6531
-0.57623
-0.57623
-0.57623
-0.57623
-0.66593
-0.61951
-0.56354
-0.62775
-0.62677
-0.64919
-0.67974
-0.64217
-0.67974
-0.53255
0
0
0
0
0
-4.7431
0
0
0
0
0
0
0
-0.66111
-0.6531
9.9296
-0.56449
-0.56449
-0.56449
-0.56449
-0.64541
-0.615
-0.55339
-0.60166
-0.61662
-0.63793
-0.65206
-0.63299
-0.65206
-0.52482
0
0
0
-0.22546
0
0
0
0
0
0
0
0
0
-0.59071
-0.57623
-0.56449
8.5951
-0.47841
-0.47841
-0.47841
-0.57319
-0.53484
-0.48856
-0.54096
-0.54221
-0.56092
-0.58391
-0.55785
-0.58391
-0.46206
0
0
0
0
0
0
0
0
0
0
0
0
0
-0.59071
-0.57623
-0.56449
-0.47841
8.5951
-0.47841
-0.47841
-0.57319
-0.53484
-0.48856
-0.54096
-0.54221
-0.56092
-0.58391
-0.55785
-0.58391
-0.46206
0
0
0
0
0
0
0
0
0
0
0
0
0
-0.59071
-0.57623
-0.56449
-0.47841
-0.47841
8.5951
-0.47841
-0.57319
-0.53484
-0.48856
-0.54096
-0.54221
-0.56092
-0.58391
-0.55785
-0.58391
-0.46206
0
0
0
0
0
0
0
0
0
0
0
0
0
-0.59071
-0.57623
-0.56449
-0.47841
-0.47841
-0.47841
8.5951
-0.57319
-0.53484
-0.48856
-0.54096
-0.54221
-0.56092
-0.58391
-0.55785
-0.58391
-0.46206
0
0
0
0
0
0
0
0
0
0
0
0
0
-0.68349
-0.66593
-0.64541
-0.57319
-0.57319
-0.57319
-0.57319
15.3952
-0.64337
-0.53923
-0.62026
-0.62846
-0.67763
0
0
0
0
0
0
0
0
0
0
0
0
-7.9987
0
0
0
0
-0.6193
-0.61951
-0.615
-0.53484
-0.53484
-0.53484
-0.53484
-0.64337
6.6008
-0.52276
-0.54025
-0.57236
0
0
0
0
0
0
0
-0.1045
0
0
0
-0.22439
0
0
0
0
0
0
-0.57598
-0.56354
-0.55339
-0.48856
-0.48856
-0.48856
-0.48856
-0.53923
-0.52276
6.3065
-0.50835
-0.5272
-0.56187
0
0
0
0
0
0
0
0
0
0
0
0
0
0
0
0
0
-0.62856
-0.62775
-0.60166
-0.54096
-0.54096
-0.54096
-0.54096
-0.62026
-0.54025
-0.50835
24.7032
0
0
0
0
0
0
0
0
0
0
0
0
0
-9.5063
0
0
0
0
-9.5063
-0.6414
-0.62677
-0.61662
-0.54221
-0.54221
-0.54221
-0.54221
-0.62846
-0.57236
-0.5272
0
5.7816
0
0
0
0
0
0
0
0
0
0
0
0
0
0
0
0
0
0
-0.66611
-0.64919
-0.63793
-0.56092
-0.56092
-0.56092
-0.56092
-0.67763
0
-0.56187
0
0
5.4364
0
0
0
0
0
0
0
0
0
0
0
0
0
0
0
0
0
-0.6957
-0.67974
-0.65206
-0.58391
-0.58391
-0.58391
-0.58391
0
0
0
0
0
0
7.8136
0
0
0
0
0
0
0
0
0
0
0
0
0
-3.4504
0
0
-0.64771
-0.64217
-0.63299
-0.55785
-0.55785
-0.55785
-0.55785
0
0
0
0
0
0
0
4.2713
0
0
-0.11699
0
0
0
0
0
0
0
0
0
0
0
0
-0.6957
-0.67974
-0.65206
-0.58391
-0.58391
-0.58391
-0.58391
0
0
0
0
0
0
0
0
7.8136
0
0
0
0
0
0
0
0
0
0
-3.4504
0
0
0
-0.54665
-0.53255
-0.52482
-0.46206
-0.46206
-0.46206
-0.46206
0
0
0
0
0
0
0
0
0
3.4522
0
0
0
0
0
0
0
0
0
0
0
0
0
0
0
0
0
0
0
0
0
0
0
0
0
0
0
-0.11699
0
0
1.0099
-0.89296
0
0
0
0
0
0
0
0
0
0
0
0
0
0
0
0
0
0
0
0
0
0
0
0
0
0
0
0
-0.89296
1.6067
-0.71374
0
0
0
0
0
0
0
0
0
0
0
0
0
0
0
0
0
0
-0.1045
0
0
0
0
0
0
0
0
0
-0.71374
0.81824
0
0
0
0
0
0
0
0
0
0
0
0
-0.22546
0
0
0
0
0
0
0
0
0
0
0
0
0
0
0
0
0
1.9884
-1.7629
0
0
0
0
0
0
0
0
0
0
0
0
0
0
0
0
0
0
0
0
0
0
0
0
0
0
0
0
-1.7629
3.4596
0
-1.6967
0
0
0
0
0
0
-4.8073
-4.7431
0
0
0
0
0
0
0
0
0
0
0
0
0
0
0
0
0
0
0
0
9.5504
0
0
0
0
0
0
0
0
0
0
0
0
0
0
0
-0.22439
0
0
0
0
0
0
0
0
0
0
0
0
-1.6967
0
1.9211
0
0
0
0
0
0
0
0
0
0
0
0
0
0
0
0
-9.5063
0
0
0
0
0
0
0
0
0
0
0
0
0
9.5063
0
0
0
0
0
0
0
0
0
0
0
0
-7.9987
0
0
0
0
0
0
0
0
0
0
0
0
0
0
0
0
0
7.9987
0
0
0
0
0
0
0
0
0
0
0
0
0
0
0
0
0
0
0
-3.4504
0
0
0
0
0
0
0
0
0
0
3.4504
0
0
0
0
0
0
0
0
0
0
0
0
0
0
0
0
-3.4504
0
0
0
0
0
0
0
0
0
0
0
0
0
3.4504
0
0
-10.1553
0
0
0
0
0
0
0
0
0
0
0
0
0
0
0
0
0
0
0
0
0
0
0
0
0
0
0
10.1553
0
0
0
0
0
0
0
0
0
0
0
-9.5063
0
0
0
0
0
0
0
0
0
0
0
0
0
0
0
0
0
0
9.5063
