20.1315
-0.73399
-0.73399
-0.73399
-0.72676
-0.67546
-0.67354
-0.67354
-0.70572
-0.67354
-0.65851
-0.67148
-0.7077
-0.69211
-0.68903
-0.70301
-1.021
0
0
0
-0.63391
0
0
0
0
0
0
-8.0242
0
0
-0.73399
18.6667
-0.71716
-0.71716
-0.70098
-0.64588
-0.6497
-0.6497
-0.65747
-0.6497
-0.65444
-0.64677
-0.68254
-0.66405
-0.66087
-0.67672
-0.97974
0
0
0
0
0
0
0
0
0
0
0
-7.5798
0
-0.73399
-0.71716
18.6667
-0.71716
-0.70098
-0.64588
-0.6497
-0.6497
-0.65747
-0.6497
-0.65444
-0.64677
-0.68254
-0.66405
-0.66087
-0.67672
-0.97974
0
0
0
0
0
0
0
0
0
0
0
0
-7.5798
-0.73399
-0.71716
-0.71716
18.6667
-0.70098
-0.64588
-0.6497
-0.6497
-0.65747
-0.6497
-0.65444
-0.64677
-0.68254
-0.66405
-0.66087
-0.67672
-0.97974
0
0
0
0
0
0
0
0
0
-7.5798
0
0
0
-0.72676
-0.70098
-0.70098
-0.70098
11.0043
-0.64846
-0.64507
-0.64507
-0.65807
-0.64507
-0.66243
-0.6416
-0.68297
-0.65857
-0.65505
-0.6689
-0.96332
0
0
0
0
0
0
0
0
0
0
0
0
0
-0.67546
-0.64588
-0.64588
-0.64588
-0.64846
8.9941
-0.6082
-0.6082
-0.60754
-0.6082
-0.60821
-0.58824
-0.60824
-0.59979
-0.59691
0
0
0
-0.29906
0
0
0
0
0
0
0
0
0
0
0
-0.67354
-0.6497
-0.6497
-0.6497
-0.64507
-0.6082
9.2594
-0.55157
-0.61596
-0.55157
-0.61279
-0.59121
-0.62964
-0.60792
-0.60434
-0.61848
0
0
0
0
0
0
0
0
0
0
0
0
0
0
-0.67354
-0.6497
-0.6497
-0.6497
-0.64507
-0.6082
-0.55157
9.2594
-0.61596
-0.55157
-0.61279
-0.59121
-0.62964
-0.60792
-0.60434
-0.61848
0
0
0
0
0
0
0
0
0
0
0
0
0
0
-0.70572
-0.65747
-0.65747
-0.65747
-0.65807
-0.60754
-0.61596
-0.61596
11.7171
-0.61596
-0.60257
-0.59552
-0.61976
-0.60779
-0.60496
0
0
0
0
-2.8949
0
0
0
0
0
0
0
0
0
0
-0.67354
-0.6497
-0.6497
-0.6497
-0.64507
-0.6082
-0.55157
-0.55157
-0.61596
9.2594
-0.61279
-0.59121
-0.62964
-0.60792
-0.60434
-0.61848
0
0
0
0
0
0
0
0
0
0
0
0
0
0
-0.65851
-0.65444
-0.65444
-0.65444
-0.66243
-0.60821
-0.61279
-0.61279
-0.60257
-0.61279
12.7968
-0.59414
0
0
0
0
0
0
0
0
0
0
0
-0.1045
-5.7647
0
0
0
0
0
-0.67148
-0.64677
-0.64677
-0.64677
-0.6416
-0.58824
-0.59121
-0.59121
-0.59552
-0.59121
-0.59414
8.0265
-0.6198
-0.60182
0
0
0
0
0
0
0
0
0
0
0
0
0
0
0
0
-0.7077
-0.68254
-0.68254
-0.68254
-0.68297
-0.60824
-0.62964
-0.62964
-0.61976
-0.62964
0
-0.6198
11.712
0
0
0
0
0
0
0
0
0
0
0
0
-4.537
0
0
0
0
-0.69211
-0.66405
-0.66405
-0.66405
-0.65857
-0.59979
-0.60792
-0.60792
-0.60779
-0.60792
0
-0.60182
0
6.976
0
0
0
0
0
0
0
0
0
0
0
0
0
0
0
0
-0.68903
-0.66087
-0.66087
-0.66087
-0.65505
-0.59691
-0.60434
-0.60434
-0.60496
-0.60434
0
0
0
0
6.3416
0
0
0
0
0
0
0
0
0
0
0
0
0
0
0
-0.70301
-0.67672
-0.67672
-0.67672
-0.6689
0
-0.61848
-0.61848
0
-0.61848
0
0
0
0
0
5.2575
0
0
0
0
0
0
0
0
0
0
0
0
0
0
-1.021
-0.97974
-0.97974
-0.97974
-0.96332
0
0
0
0
0
0
0
0
0
0
0
4.9235
0
0
0
0
0
0
0
0
0
0
0
0
0
0
0
0
0
0
0
0
0
0
0
0
0
0
0
0
0
0
4.9085
-0.26233
-1.6186
0
0
-3.0276
0
0
0
0
0
0
0
0
0
0
0
0
-0.29906
0
0
0
0
0
0
0
0
0
0
0
-0.26233
0.96028
0
0
-0.39889
0
0
0
0
0
0
0
0
0
0
0
0
0
0
0
0
-2.8949
0
0
0
0
0
0
0
0
-1.6186
0
4.5134
0
0
0
0
0
0
0
0
0
0
-0.63391
0
0
0
0
0
0
0
0
0
0
0
0
0
0
0
0
0
0
0
2.5683
0
-1.9344
0
0
0
0
0
0
0
0
0
0
0
0
0
0
0
0
0
0
0
0
0
0
0
0
0
-0.39889
0
0
1.8287
0
-1.4298
0
0
0
0
0
0
0
0
0
0
0
0
0
0
0
0
0
0
0
0
0
0
0
-3.0276
0
0
-1.9344
0
4.962
0
0
0
0
0
0
0
0
0
0
0
0
0
0
0
0
0
-0.1045
0
0
0
0
0
0
0
0
0
0
-1.4298
0
1.5343
0
0
0
0
0
0
0
0
0
0
0
0
0
0
0
0
-5.7647
0
0
0
0
0
0
0
0
0
0
0
0
0
5.7647
0
0
0
0
0
0
0
0
0
0
0
0
0
0
0
0
0
-4.537
0
0
0
0
0
0
0
0
0
0
0
0
4.537
0
0
0
0
0
0
0
-7.5798
0
0
0
0
0
0
0
0
0
0
0
0
0
0
0
0
0
0
0
0
0
0
7.5798
0
0
0
-8.0242
0
0
0
0
0
0
0
0
0
0
0
0
0
0
0
0
0
0
0
0
0
0
0
0
0
0
8.0242
0
0
0
-7.5798
0
0
0
0
0
0
0
0
0
0
0
0
0
0
0
0
0
0
0
0
0
0
0
0
0
0
7.5798
0
0
0
-7.5798
0
0
0
0
0
0
0
0
0
0
0
0
0
0
0
0
0
0
0
0
0
0
0
0
0
0
7.5798
