18.2156
-0.6674
-0.67734
-0.69038
-0.68213
-0.66997
-0.67364
-0.66933
-0.67644
-0.67419
-0.66161
-0.67396
-0.67539
-0.69307
-0.59082
0
-0.59082
-1.2805
-1.2805
0
0
0
0
0
0
0
0
-5.6881
0
0
-0.6674
12.3069
-0.66896
-0.67998
-0.67277
-0.66396
-0.66523
-0.66124
-0.66745
-0.6656
-0.65403
-0.6651
-0.66676
-0.68217
-0.58883
0
-0.58883
-1.2243
-1.2243
0
0
0
0
0
0
0
0
0
0
0
-0.67734
-0.66896
9.388
-0.69016
-0.68287
-0.68188
-0.67372
-0.66974
-0.67693
-0.67494
-0.66212
-0.67459
-0.67523
-0.69244
0
-0.58703
0
0
0
0
0
0
0
0
0
0
0
0
0
0
-0.69038
-0.67998
-0.69016
13.853
-0.69362
-0.68721
-0.68193
-0.67761
-0.68696
-0.68443
-0.66926
-0.68331
-0.68563
-0.70184
0
0
0
0
0
0
0
0
-4.9407
0
0
0
0
0
0
0
-0.68213
-0.67277
-0.68287
-0.69362
12.7386
-0.6774
-0.67383
-0.66815
-0.67583
-0.67385
-0.66031
-0.67419
-0.67515
0
0
0
0
0
0
0
0
0
0
-4.6285
0
0
0
0
0
0
-0.66997
-0.66396
-0.68188
-0.68721
-0.6774
18.5876
-0.67411
-0.66652
-0.66921
-0.6624
-0.65775
0
0
0
0
-0.58452
0
0
0
0
0
0
0
0
0
-5.6463
0
0
-5.6463
0
-0.67364
-0.66523
-0.67372
-0.68193
-0.67383
-0.67411
8.7105
-0.66164
-0.66866
-0.66713
-0.65432
-0.66658
-0.66838
-0.68136
0
0
0
0
0
0
0
0
0
0
0
0
0
0
0
0
-0.66933
-0.66124
-0.66974
-0.67761
-0.66815
-0.66652
-0.66164
7.9746
-0.66563
-0.66122
-0.64918
-0.66149
-0.66282
0
0
0
0
0
0
0
0
0
0
0
0
0
0
0
0
0
-0.67644
-0.66745
-0.67693
-0.68696
-0.67583
-0.66921
-0.66866
-0.66563
11.4383
-0.66665
-0.65302
-0.66729
0
0
0
0
0
0
0
0
0
-4.0642
0
0
0
0
0
0
0
0
-0.67419
-0.6656
-0.67494
-0.68443
-0.67385
-0.6624
-0.66713
-0.66122
-0.66665
10.2984
-0.6488
0
0
0
0
0
0
0
0
0
0
0
0
0
0
0
0
0
0
-3.6192
-0.66161
-0.65403
-0.66212
-0.66926
-0.66031
-0.65775
-0.65432
-0.64918
-0.65302
-0.6488
7.223
-0.65262
0
0
0
0
0
0
0
0
0
0
0
0
0
0
0
0
0
0
-0.67396
-0.6651
-0.67459
-0.68331
-0.67419
0
-0.66658
-0.66149
-0.66729
0
-0.65262
6.0191
0
0
0
0
0
0
0
0
0
0
0
0
0
0
0
0
0
0
-0.67539
-0.66676
-0.67523
-0.68563
-0.67515
0
-0.66838
-0.66282
0
0
0
0
6.1873
0
0
0
0
0
0
0
0
0
0
0
-1.4779
0
0
0
0
0
-0.69307
-0.68217
-0.69244
-0.70184
0
0
-0.68136
0
0
0
0
0
0
3.4509
0
0
0
0
0
0
0
0
0
0
0
0
0
0
0
0
-0.59082
-0.58883
0
0
0
0
0
0
0
0
0
0
0
0
1.7426
0
0
0
0
0
0
0
0
0
0
0
-0.563
0
0
0
0
0
-0.58703
0
0
-0.58452
0
0
0
0
0
0
0
0
0
1.7238
0
0
0
0
-0.55225
0
0
0
0
0
0
0
0
0
-0.59082
-0.58883
0
0
0
0
0
0
0
0
0
0
0
0
0
0
1.7426
0
0
-0.563
0
0
0
0
0
0
0
0
0
0
-1.2805
-1.2243
0
0
0
0
0
0
0
0
0
0
0
0
0
0
0
2.5048
0
0
0
0
0
0
0
0
0
0
0
0
-1.2805
-1.2243
0
0
0
0
0
0
0
0
0
0
0
0
0
0
0
0
2.5048
0
0
0
0
0
0
0
0
0
0
0
0
0
0
0
0
0
0
0
0
0
0
0
0
0
0
0
-0.563
0
0
0.563
0
0
0
0
0
0
0
0
0
0
0
0
0
0
0
0
0
0
0
0
0
0
0
0
0
-0.55225
0
0
0
0
0.55225
0
0
0
0
0
0
0
0
0
0
0
0
0
0
0
0
0
-4.0642
0
0
0
0
0
0
0
0
0
0
0
0
4.0642
0
0
0
0
0
0
0
0
0
0
0
-4.9407
0
0
0
0
0
0
0
0
0
0
0
0
0
0
0
0
0
0
4.9407
0
0
0
0
0
0
0
0
0
0
0
-4.6285
0
0
0
0
0
0
0
0
0
0
0
0
0
0
0
0
0
0
4.6285
0
0
0
0
0
0
0
0
0
0
0
0
0
0
0
0
0
0
-1.4779
0
0
0
0
0
0
0
0
0
0
0
1.4779
0
0
0
0
0
0
0
0
0
0
-5.6463
0
0
0
0
0
0
0
0
0
0
0
0
0
0
0
0
0
0
0
5.6463
0
0
0
0
0
0
0
0
0
0
0
0
0
0
0
0
0
0
-0.563
0
0
0
0
0
0
0
0
0
0
0
0.563
0
0
0
-5.6881
0
0
0
0
0
0
0
0
0
0
0
0
0
0
0
0
0
0
0
0
0
0
0
0
0
0
5.6881
0
0
0
0
0
0
0
-5.6463
0
0
0
0
0
0
0
0
0
0
0
0
0
0
0
0
0
0
0
0
0
0
5.6463
0
0
0
0
0
0
0
0
0
0
-3.6192
0
0
0
0
0
0
0
0
0
0
0
0
0
0
0
0
0
0
0
3.6192
