20.7936
-0.80846
-0.79908
-0.81559
-0.81559
-0.79908
-0.65824
-0.65824
-0.65824
-0.65824
-0.66843
-0.7025
-0.70001
-0.68509
-0.68509
-0.78222
-0.70034
-0.70034
-0.22216
0
0
-8.2766
0
0
0
0
0
0
0
0
-0.80846
11.7236
-0.75677
-0.77356
-0.77356
-0.75677
-0.60491
-0.60491
-0.60491
-0.60491
-0.62499
-0.6587
-0.65565
-0.63247
-0.63247
-0.71966
-0.64327
-0.64327
-0.22438
0
0
0
0
0
0
0
0
0
0
0
-0.79908
-0.75677
11.7083
-0.77316
-0.77316
-0.71761
-0.60177
-0.60177
-0.60177
-0.60177
-0.62399
-0.65498
-0.65448
-0.62977
-0.62977
-0.71674
-0.64064
-0.64064
0
-0.29044
0
0
0
0
0
0
0
0
0
0
-0.81559
-0.77356
-0.77316
19.4993
-0.78688
-0.77316
-0.61807
-0.61807
-0.61807
-0.61807
-0.63228
-0.66198
-0.66189
-0.64576
-0.64576
-0.73662
-0.65929
-0.65929
0
0
0
0
0
0
-7.8018
0
0
0
0
0
-0.81559
-0.77356
-0.77316
-0.78688
19.4993
-0.77316
-0.61807
-0.61807
-0.61807
-0.61807
-0.63228
-0.66198
-0.66189
-0.64576
-0.64576
-0.73662
-0.65929
-0.65929
0
0
0
0
0
-7.8018
0
0
0
0
0
0
-0.79908
-0.75677
-0.71761
-0.77316
-0.77316
11.7083
-0.60177
-0.60177
-0.60177
-0.60177
-0.62399
-0.65498
-0.65448
-0.62977
-0.62977
-0.71674
-0.64064
-0.64064
0
-0.29044
0
0
0
0
0
0
0
0
0
0
-0.65824
-0.60491
-0.60177
-0.61807
-0.61807
-0.60177
9.3473
-0.4783
-0.4783
-0.4783
-0.50602
-0.52873
-0.53172
-0.51228
-0.51228
-0.58129
-0.51861
-0.51861
0
0
0
0
0
0
0
0
0
0
0
0
-0.65824
-0.60491
-0.60177
-0.61807
-0.61807
-0.60177
-0.4783
9.3473
-0.4783
-0.4783
-0.50602
-0.52873
-0.53172
-0.51228
-0.51228
-0.58129
-0.51861
-0.51861
0
0
0
0
0
0
0
0
0
0
0
0
-0.65824
-0.60491
-0.60177
-0.61807
-0.61807
-0.60177
-0.4783
-0.4783
9.3473
-0.4783
-0.50602
-0.52873
-0.53172
-0.51228
-0.51228
-0.58129
-0.51861
-0.51861
0
0
0
0
0
0
0
0
0
0
0
0
-0.65824
-0.60491
-0.60177
-0.61807
-0.61807
-0.60177
-0.4783
-0.4783
-0.4783
9.3473
-0.50602
-0.52873
-0.53172
-0.51228
-0.51228
-0.58129
-0.51861
-0.51861
0
0
0
0
0
0
0
0
0
0
0
0
-0.66843
-0.62499
-0.62399
-0.63228
-0.63228
-0.62399
-0.50602
-0.50602
-0.50602
-0.50602
14.8922
-0.49377
-0.5124
-0.51544
-0.51544
-0.58375
0
0
0
0
0
0
-6.4414
0
0
0
0
0
0
0
-0.7025
-0.6587
-0.65498
-0.66198
-0.66198
-0.65498
-0.52873
-0.52873
-0.52873
-0.52873
-0.49377
17.0689
-0.51847
-0.5272
-0.5272
0
0
0
0
0
-2.7959
0
0
0
0
0
0
0
0
-6.0963
-0.70001
-0.65565
-0.65448
-0.66189
-0.66189
-0.65448
-0.53172
-0.53172
-0.53172
-0.53172
-0.5124
-0.51847
14.0434
-0.55256
-0.55256
0
0
0
0
0
0
0
0
0
0
0
0
-5.7921
0
0
-0.68509
-0.63247
-0.62977
-0.64576
-0.64576
-0.62977
-0.51228
-0.51228
-0.51228
-0.51228
-0.51544
-0.5272
-0.55256
7.9985
-0.48556
0
0
0
0
0
0
0
0
0
0
0
0
0
0
0
-0.68509
-0.63247
-0.62977
-0.64576
-0.64576
-0.62977
-0.51228
-0.51228
-0.51228
-0.51228
-0.51544
-0.5272
-0.55256
-0.48556
7.9985
0
0
0
0
0
0
0
0
0
0
0
0
0
0
0
-0.78222
-0.71966
-0.71674
-0.73662
-0.73662
-0.71674
-0.58129
-0.58129
-0.58129
-0.58129
-0.58375
0
0
0
0
7.3175
0
0
0
0
0
0
0
0
0
0
0
0
0
0
-0.70034
-0.64327
-0.64064
-0.65929
-0.65929
-0.64064
-0.51861
-0.51861
-0.51861
-0.51861
0
0
0
0
0
0
6.0179
0
0
0
0
0
0
0
0
0
0
0
0
0
-0.70034
-0.64327
-0.64064
-0.65929
-0.65929
-0.64064
-0.51861
-0.51861
-0.51861
-0.51861
0
0
0
0
0
0
0
6.0179
0
0
0
0
0
0
0
0
0
0
0
0
-0.22216
-0.22438
0
0
0
0
0
0
0
0
0
0
0
0
0
0
0
0
21.4071
0
-2.7681
0
0
0
0
0
-9.0962
0
-9.0962
0
0
0
-0.29044
0
0
-0.29044
0
0
0
0
0
0
0
0
0
0
0
0
0
0.76539
0
0
0
0
0
-0.1845
0
0
0
0
0
0
0
0
0
0
0
0
0
0
0
-2.7959
0
0
0
0
0
0
-2.7681
0
5.5641
0
0
0
0
0
0
0
0
0
-8.2766
0
0
0
0
0
0
0
0
0
0
0
0
0
0
0
0
0
0
0
0
8.2766
0
0
0
0
0
0
0
0
0
0
0
0
0
0
0
0
0
0
-6.4414
0
0
0
0
0
0
0
0
0
0
0
6.4414
0
0
0
0
0
0
0
0
0
0
0
-7.8018
0
0
0
0
0
0
0
0
0
0
0
0
0
0
0
0
0
0
7.8018
0
0
0
0
0
0
0
0
0
-7.8018
0
0
0
0
0
0
0
0
0
0
0
0
0
0
0
0
0
0
0
0
7.8018
0
0
0
0
0
0
0
0
0
0
0
0
0
0
0
0
0
0
0
0
0
0
0
0
-0.1845
0
0
0
0
0
0.1845
0
0
0
0
0
0
0
0
0
0
0
0
0
0
0
0
0
0
0
0
0
0
-9.0962
0
0
0
0
0
0
0
9.0962
0
0
0
0
0
0
0
0
0
0
0
0
0
0
0
-5.7921
0
0
0
0
0
0
0
0
0
0
0
0
0
0
5.7921
0
0
0
0
0
0
0
0
0
0
0
0
0
0
0
0
0
0
0
0
-9.0962
0
0
0
0
0
0
0
0
0
9.0962
0
0
0
0
0
0
0
0
0
0
0
0
-6.0963
0
0
0
0
0
0
0
0
0
0
0
0
0
0
0
0
0
6.0963
