20.2188
-0.78144
-0.78144
-0.80359
-0.77875
-0.77884
-0.7979
-0.79068
-0.76146
-0.76146
-0.83024
-0.77039
-0.77039
-0.77039
-0.81563
-0.74022
-0.86111
-0.84539
0
0
0
0
0
0
0
0
-6.7795
0
0
0
-0.78144
13.0795
-0.75552
-0.77901
-0.75867
-0.75796
-0.77383
-0.7671
-0.74097
-0.74097
-0.80409
-0.74914
-0.74914
-0.74914
-0.78975
-0.72617
-0.83563
-0.82099
0
0
0
0
0
0
0
0
0
0
0
0
-0.78144
-0.75552
13.0795
-0.77901
-0.75867
-0.75796
-0.77383
-0.7671
-0.74097
-0.74097
-0.80409
-0.74914
-0.74914
-0.74914
-0.78975
-0.72617
-0.83563
-0.82099
0
0
0
0
0
0
0
0
0
0
0
0
-0.80359
-0.77901
-0.77901
18.1798
-0.77654
-0.77507
-0.79488
-0.78659
-0.75872
-0.75872
-0.82436
-0.76798
-0.76798
-0.76798
-0.81428
0
0
0
0
0
-0.74818
0
-6.4769
0
0
0
0
0
0
0
-0.77875
-0.75867
-0.75867
-0.77654
11.1408
-0.76429
-0.78242
-0.75357
-0.73445
-0.73445
-0.78956
-0.74285
-0.74285
-0.74285
0
0
0
0
0
-0.56045
-0.72041
0
0
0
0
0
0
0
0
0
-0.77884
-0.75796
-0.75796
-0.77507
-0.76429
11.2075
-0.77101
-0.75752
-0.73547
-0.73547
-0.79377
-0.74377
-0.74377
-0.74377
-0.78687
0
0
0
-0.562
0
0
0
0
0
0
0
0
0
0
0
-0.7979
-0.77383
-0.77383
-0.79488
-0.78242
-0.77101
17.0742
-0.77477
-0.74942
-0.74942
-0.81295
-0.75816
-0.75816
-0.75816
-0.80318
0
0
0
0
0
0
0
0
0
0
0
0
0
0
-6.2161
-0.79068
-0.7671
-0.7671
-0.78659
-0.75357
-0.75752
-0.77477
15.9581
-0.74506
-0.74506
-0.80778
-0.75474
-0.75474
-0.75474
0
0
0
0
0
0
0
0
0
0
0
-5.9987
0
0
0
0
-0.76146
-0.74097
-0.74097
-0.75872
-0.73445
-0.73547
-0.74942
-0.74506
9.6363
-0.71181
-0.77385
-0.72803
-0.72803
-0.72803
0
0
0
0
0
0
0
0
0
0
0
0
0
0
0
0
-0.76146
-0.74097
-0.74097
-0.75872
-0.73445
-0.73547
-0.74942
-0.74506
-0.71181
9.6363
-0.77385
-0.72803
-0.72803
-0.72803
0
0
0
0
0
0
0
0
0
0
0
0
0
0
0
0
-0.83024
-0.80409
-0.80409
-0.82436
-0.78956
-0.79377
-0.81295
-0.80778
-0.77385
-0.77385
13.2397
0
0
0
0
0
0
0
0
0
0
0
0
-5.2252
0
0
0
0
0
0
-0.77039
-0.74914
-0.74914
-0.76798
-0.74285
-0.74377
-0.75816
-0.75474
-0.72803
-0.72803
0
7.4922
0
0
0
0
0
0
0
0
0
0
0
0
0
0
0
0
0
0
-0.77039
-0.74914
-0.74914
-0.76798
-0.74285
-0.74377
-0.75816
-0.75474
-0.72803
-0.72803
0
0
7.4922
0
0
0
0
0
0
0
0
0
0
0
0
0
0
0
0
0
-0.77039
-0.74914
-0.74914
-0.76798
-0.74285
-0.74377
-0.75816
-0.75474
-0.72803
-0.72803
0
0
0
7.4922
0
0
0
0
0
0
0
0
0
0
0
0
0
0
0
0
-0.81563
-0.78975
-0.78975
-0.81428
0
-0.78687
-0.80318
0
0
0
0
0
0
0
4.7995
0
0
0
0
0
0
0
0
0
0
0
0
0
0
0
-0.74022
-0.72617
-0.72617
0
0
0
0
0
0
0
0
0
0
0
0
3.3842
0
0
0
0
0
-1.1917
0
0
0
0
0
0
0
0
-0.86111
-0.83563
-0.83563
0
0
0
0
0
0
0
0
0
0
0
0
0
3.4223
0
0
-0.88988
0
0
0
0
0
0
0
0
0
0
-0.84539
-0.82099
-0.82099
0
0
0
0
0
0
0
0
0
0
0
0
0
0
3.3475
-0.8601
0
0
0
0
0
0
0
0
0
0
0
0
0
0
0
0
-0.562
0
0
0
0
0
0
0
0
0
0
0
-0.8601
1.9748
0
0
0
0
0
0
0
0
0
-0.55272
0
0
0
0
0
-0.56045
0
0
0
0
0
0
0
0
0
0
0
-0.88988
0
0
2.0026
0
0
0
0
-0.55225
0
0
0
0
0
0
0
0
-0.74818
-0.72041
0
0
0
0
0
0
0
0
0
0
0
0
0
0
0
2.3088
0
0
0
0
0
0
-0.84026
0
0
0
0
0
0
0
0
0
0
0
0
0
0
0
0
0
-1.1917
0
0
0
0
0
1.1917
0
0
0
0
0
0
0
0
0
0
0
-6.4769
0
0
0
0
0
0
0
0
0
0
0
0
0
0
0
0
0
0
6.4769
0
0
0
0
0
0
0
0
0
0
0
0
0
0
0
0
0
-5.2252
0
0
0
0
0
0
0
0
0
0
0
0
5.2252
0
0
0
0
0
0
0
0
0
0
0
0
0
0
0
0
0
0
0
0
0
0
0
0
0
-0.55225
0
0
0
0
0.55225
0
0
0
0
0
0
0
0
0
0
0
0
-5.9987
0
0
0
0
0
0
0
0
0
0
0
0
0
0
0
0
0
5.9987
0
0
0
0
-6.7795
0
0
0
0
0
0
0
0
0
0
0
0
0
0
0
0
0
0
0
0
0
0
0
0
0
6.7795
0
0
0
0
0
0
0
0
0
0
0
0
0
0
0
0
0
0
0
0
0
0
0
-0.84026
0
0
0
0
0
0
0.84026
0
0
0
0
0
0
0
0
0
0
0
0
0
0
0
0
0
0
0
0
-0.55272
0
0
0
0
0
0
0
0
0
0.55272
0
0
0
0
0
0
0
-6.2161
0
0
0
0
0
0
0
0
0
0
0
0
0
0
0
0
0
0
0
0
0
0
6.2161
