13.4211
-0.70096
-0.71141
-0.70773
-0.70773
-0.74771
-0.74918
-0.73077
-0.7603
-0.82832
-0.7285
-0.7285
-0.69501
-0.7285
-0.66747
-0.71294
0
-0.78822
-0.93964
-0.78822
0
0
0
0
0
0
0
0
0
0
-0.70096
13.4211
-0.71141
-0.70773
-0.70773
-0.74771
-0.74918
-0.73077
-0.7603
-0.82832
-0.7285
-0.7285
-0.69501
-0.7285
-0.66747
-0.71294
0
-0.78822
-0.93964
-0.78822
0
0
0
0
0
0
0
0
0
0
-0.71141
-0.71141
18.4868
-0.71206
-0.71206
-0.75484
-0.75712
-0.73586
-0.76748
-0.84141
-0.73265
-0.73265
-0.70083
-0.73265
-0.67131
-0.7193
0
-0.79594
0
-0.79594
0
0
-5.9019
0
0
0
0
0
0
0
-0.70773
-0.70773
-0.71206
8.8151
-0.69644
-0.75107
-0.7478
-0.72737
-0.76488
-0.82365
-0.72545
-0.72545
0
-0.72545
0
0
0
0
0
0
0
0
0
0
0
0
0
0
0
0
-0.70773
-0.70773
-0.71206
-0.69644
8.8151
-0.75107
-0.7478
-0.72737
-0.76488
-0.82365
-0.72545
-0.72545
0
-0.72545
0
0
0
0
0
0
0
0
0
0
0
0
0
0
0
0
-0.74771
-0.74771
-0.75484
-0.75107
-0.75107
15.4461
-0.78017
-0.75071
0
0
0
0
0
0
0
0
0
0
0
0
0
0
0
-5.0814
0
0
0
0
0
-5.0814
-0.74918
-0.74918
-0.75712
-0.7478
-0.7478
-0.78017
9.6557
-0.73567
0
0
0
0
0
0
0
0
0
0
0
0
0
0
0
0
0
0
-4.3888
0
0
0
-0.73077
-0.73077
-0.73586
-0.72737
-0.72737
-0.75071
-0.73567
5.1385
0
0
0
0
0
0
0
0
0
0
0
0
0
0
0
0
0
0
0
0
0
0
-0.7603
-0.7603
-0.76748
-0.76488
-0.76488
0
0
0
4.4782
0
0
0
0
0
0
0
-0.66032
0
0
0
0
0
0
0
0
0
0
0
0
0
-0.82832
-0.82832
-0.84141
-0.82365
-0.82365
0
0
0
0
7.7036
0
0
0
0
0
0
0
0
0
0
0
0
0
0
0
0
0
0
-3.5582
0
-0.7285
-0.7285
-0.73265
-0.72545
-0.72545
0
0
0
0
0
3.6405
0
0
0
0
0
0
0
0
0
0
0
0
0
0
0
0
0
0
0
-0.7285
-0.7285
-0.73265
-0.72545
-0.72545
0
0
0
0
0
0
3.6405
0
0
0
0
0
0
0
0
0
0
0
0
0
0
0
0
0
0
-0.69501
-0.69501
-0.70083
0
0
0
0
0
0
0
0
0
3.3848
0
0
0
-0.65943
0
0
0
-0.63449
0
0
0
0
0
0
0
0
0
-0.7285
-0.7285
-0.73265
-0.72545
-0.72545
0
0
0
0
0
0
0
0
3.6405
0
0
0
0
0
0
0
0
0
0
0
0
0
0
0
0
-0.66747
-0.66747
-0.67131
0
0
0
0
0
0
0
0
0
0
0
2.629
0
0
0
0
0
-0.62273
0
0
0
0
0
0
0
0
0
-0.71294
-0.71294
-0.7193
0
0
0
0
0
0
0
0
0
0
0
0
3.5674
0
0
0
0
0
0
0
0
-1.4222
0
0
0
0
0
0
0
0
0
0
0
0
0
-0.66032
0
0
0
-0.65943
0
0
0
1.8953
0
0
0
0
-0.57554
0
0
0
0
0
0
0
0
-0.78822
-0.78822
-0.79594
0
0
0
0
0
0
0
0
0
0
0
0
0
0
2.3724
0
0
0
0
0
0
0
0
0
0
0
0
-0.93964
-0.93964
0
0
0
0
0
0
0
0
0
0
0
0
0
0
0
0
3.492
0
0
0
0
0
0
0
0
-1.6128
0
0
-0.78822
-0.78822
-0.79594
0
0
0
0
0
0
0
0
0
0
0
0
0
0
0
0
2.3724
0
0
0
0
0
0
0
0
0
0
0
0
0
0
0
0
0
0
0
0
0
0
-0.63449
0
-0.62273
0
0
0
0
0
1.8095
0
0
0
0
-0.55225
0
0
0
0
0
0
0
0
0
0
0
0
0
0
0
0
0
0
0
0
-0.57554
0
0
0
0
0.57554
0
0
0
0
0
0
0
0
0
0
-5.9019
0
0
0
0
0
0
0
0
0
0
0
0
0
0
0
0
0
0
0
5.9019
0
0
0
0
0
0
0
0
0
0
0
0
-5.0814
0
0
0
0
0
0
0
0
0
0
0
0
0
0
0
0
0
5.0814
0
0
0
0
0
0
0
0
0
0
0
0
0
0
0
0
0
0
0
0
0
-1.4222
0
0
0
0
0
0
0
0
1.4222
0
0
0
0
0
0
0
0
0
0
0
0
0
0
0
0
0
0
0
0
0
0
0
0
0
-0.55225
0
0
0
0
0.55225
0
0
0
0
0
0
0
0
0
0
-4.3888
0
0
0
0
0
0
0
0
0
0
0
0
0
0
0
0
0
0
0
4.3888
0
0
0
0
0
0
0
0
0
0
0
0
0
0
0
0
0
0
0
0
0
-1.6128
0
0
0
0
0
0
0
0
1.6128
0
0
0
0
0
0
0
0
0
0
0
-3.5582
0
0
0
0
0
0
0
0
0
0
0
0
0
0
0
0
0
0
3.5582
0
0
0
0
0
0
-5.0814
0
0
0
0
0
0
0
0
0
0
0
0
0
0
0
0
0
0
0
0
0
0
0
5.0814
