34.2924
-0.93251
-0.90839
-0.90839
-0.90839
-0.90839
-0.89916
-0.88414
-0.87559
-0.88414
-0.88414
-0.90798
-0.90798
-0.8646
-0.8646
-0.88703
-0.88703
-0.87764
-0.90044
-0.92455
-0.882
-0.75879
-0.86333
0
-7.3866
0
-7.3866
0
0
0
-0.93251
26.1609
-0.92409
-0.92409
-0.92409
-0.92409
-0.91328
-0.89818
-0.90009
-0.89818
-0.89818
-0.92312
-0.92312
-0.87845
-0.87845
-0.91439
-0.91439
-0.89037
-0.91352
-0.93791
-0.89293
-0.7943
-0.87221
0
0
0
0
0
-6.291
0
-0.90839
-0.92409
19.093
-0.88099
-0.88099
-0.88099
-0.87313
-0.85951
-0.86642
-0.85951
-0.85951
-0.88258
-0.88258
-0.84141
-0.84141
-0.88165
-0.88165
-0.8514
-0.87252
-0.89466
-0.85264
-0.78431
-0.83267
0
0
0
0
0
0
0
-0.90839
-0.92409
-0.88099
19.093
-0.88099
-0.88099
-0.87313
-0.85951
-0.86642
-0.85951
-0.85951
-0.88258
-0.88258
-0.84141
-0.84141
-0.88165
-0.88165
-0.8514
-0.87252
-0.89466
-0.85264
-0.78431
-0.83267
0
0
0
0
0
0
0
-0.90839
-0.92409
-0.88099
-0.88099
19.093
-0.88099
-0.87313
-0.85951
-0.86642
-0.85951
-0.85951
-0.88258
-0.88258
-0.84141
-0.84141
-0.88165
-0.88165
-0.8514
-0.87252
-0.89466
-0.85264
-0.78431
-0.83267
0
0
0
0
0
0
0
-0.90839
-0.92409
-0.88099
-0.88099
-0.88099
19.093
-0.87313
-0.85951
-0.86642
-0.85951
-0.85951
-0.88258
-0.88258
-0.84141
-0.84141
-0.88165
-0.88165
-0.8514
-0.87252
-0.89466
-0.85264
-0.78431
-0.83267
0
0
0
0
0
0
0
-0.89916
-0.91328
-0.87313
-0.87313
-0.87313
-0.87313
18.0802
-0.84738
-0.85507
-0.84738
-0.84738
-0.86952
-0.86952
-0.82925
-0.82925
-0.87045
-0.87045
-0.83857
-0.85909
-0.88061
-0.83947
0
-0.82182
0
0
0
0
0
0
0
-0.88414
-0.89818
-0.85951
-0.85951
-0.85951
-0.85951
-0.84738
16.9757
-0.85478
-0.82599
-0.82599
-0.85411
-0.85411
-0.8146
-0.8146
-0.85343
-0.85343
-0.82337
-0.84333
-0.86432
-0.8259
0
0
0
0
0
0
0
0
0
-0.87559
-0.90009
-0.86642
-0.86642
-0.86642
-0.86642
-0.85507
-0.85478
21.6066
-0.85478
-0.85478
-0.85717
-0.85717
-0.81676
-0.81676
-0.84578
-0.84578
-0.82588
-0.8464
-0.86822
0
0
0
0
0
0
0
0
0
-5.3659
-0.88414
-0.89818
-0.85951
-0.85951
-0.85951
-0.85951
-0.84738
-0.82599
-0.85478
16.9757
-0.82599
-0.85411
-0.85411
-0.8146
-0.8146
-0.85343
-0.85343
-0.82337
-0.84333
-0.86432
-0.8259
0
0
0
0
0
0
0
0
0
-0.88414
-0.89818
-0.85951
-0.85951
-0.85951
-0.85951
-0.84738
-0.82599
-0.85478
-0.82599
16.9757
-0.85411
-0.85411
-0.8146
-0.8146
-0.85343
-0.85343
-0.82337
-0.84333
-0.86432
-0.8259
0
0
0
0
0
0
0
0
0
-0.90798
-0.92312
-0.88258
-0.88258
-0.88258
-0.88258
-0.86952
-0.85411
-0.85717
-0.85411
-0.85411
15.7057
-0.875
-0.83772
-0.83772
-0.88945
-0.88945
-0.85324
-0.87271
0
0
0
0
0
0
0
0
0
0
0
-0.90798
-0.92312
-0.88258
-0.88258
-0.88258
-0.88258
-0.86952
-0.85411
-0.85717
-0.85411
-0.85411
-0.875
15.7057
-0.83772
-0.83772
-0.88945
-0.88945
-0.85324
-0.87271
0
0
0
0
0
0
0
0
0
0
0
-0.8646
-0.87845
-0.84141
-0.84141
-0.84141
-0.84141
-0.82925
-0.8146
-0.81676
-0.8146
-0.8146
-0.83772
-0.83772
14.1156
-0.77605
-0.83161
-0.83161
-0.80237
0
0
0
0
0
0
0
0
0
0
0
0
-0.8646
-0.87845
-0.84141
-0.84141
-0.84141
-0.84141
-0.82925
-0.8146
-0.81676
-0.8146
-0.8146
-0.83772
-0.83772
-0.77605
14.1156
-0.83161
-0.83161
-0.80237
0
0
0
0
0
0
0
0
0
0
0
0
-0.88703
-0.91439
-0.88165
-0.88165
-0.88165
-0.88165
-0.87045
-0.85343
-0.84578
-0.85343
-0.85343
-0.88945
-0.88945
-0.83161
-0.83161
16.901
0
0
0
0
0
0
0
0
0
0
0
-3.8544
0
0
-0.88703
-0.91439
-0.88165
-0.88165
-0.88165
-0.88165
-0.87045
-0.85343
-0.84578
-0.85343
-0.85343
-0.88945
-0.88945
-0.83161
-0.83161
0
16.901
0
0
0
0
0
0
-3.8544
0
0
0
0
0
0
-0.87764
-0.89037
-0.8514
-0.8514
-0.8514
-0.8514
-0.83857
-0.82337
-0.82588
-0.82337
-0.82337
-0.85324
-0.85324
-0.80237
-0.80237
0
0
12.6194
0
0
0
0
0
0
0
0
0
0
0
0
-0.90044
-0.91352
-0.87252
-0.87252
-0.87252
-0.87252
-0.85909
-0.84333
-0.8464
-0.84333
-0.84333
-0.87271
-0.87271
0
0
0
0
0
11.2849
0
0
0
0
0
0
0
0
0
0
0
-0.92455
-0.93791
-0.89466
-0.89466
-0.89466
-0.89466
-0.88061
-0.86432
-0.86822
-0.86432
-0.86432
0
0
0
0
0
0
0
0
9.7829
0
0
0
0
0
0
0
0
0
0
-0.882
-0.89293
-0.85264
-0.85264
-0.85264
-0.85264
-0.83947
-0.8259
0
-0.8259
-0.8259
0
0
0
0
0
0
0
0
0
8.5027
0
0
0
0
0
0
0
0
0
-0.75879
-0.7943
-0.78431
-0.78431
-0.78431
-0.78431
0
0
0
0
0
0
0
0
0
0
0
0
0
0
0
4.7948
0
0
0
-0.1045
0
0
0
0
-0.86333
-0.87221
-0.83267
-0.83267
-0.83267
-0.83267
-0.82182
0
0
0
0
0
0
0
0
0
0
0
0
0
0
0
5.8881
0
0
0
0
0
0
0
0
0
0
0
0
0
0
0
0
0
0
0
0
0
0
0
-3.8544
0
0
0
0
0
0
3.8544
0
0
0
0
0
0
-7.3866
0
0
0
0
0
0
0
0
0
0
0
0
0
0
0
0
0
0
0
0
0
0
0
7.3866
0
0
0
0
0
0
0
0
0
0
0
0
0
0
0
0
0
0
0
0
0
0
0
0
0
0
-0.1045
0
0
0
0.1045
0
0
0
0
-7.3866
0
0
0
0
0
0
0
0
0
0
0
0
0
0
0
0
0
0
0
0
0
0
0
0
0
7.3866
0
0
0
0
0
0
0
0
0
0
0
0
0
0
0
0
0
0
-3.8544
0
0
0
0
0
0
0
0
0
0
0
3.8544
0
0
0
-6.291
0
0
0
0
0
0
0
0
0
0
0
0
0
0
0
0
0
0
0
0
0
0
0
0
0
0
6.291
0
0
0
0
0
0
0
0
0
-5.3659
0
0
0
0
0
0
0
0
0
0
0
0
0
0
0
0
0
0
0
0
5.3659
