18.3888
-0.85379
-0.80482
-0.84172
-0.84172
-0.84172
-0.78568
-0.81277
-0.79072
-0.91304
-0.92384
-0.87521
-0.93706
-1.0301
-0.7836
-0.7836
-0.7836
-0.89042
-0.89042
-0.75885
-0.71424
0
-0.81765
0
-0.71424
0
0
0
0
0
-0.85379
19.702
-0.80762
-0.84672
-0.84672
-0.84672
-0.79003
-0.80973
-0.79463
-0.91302
-0.91493
-0.87928
-0.94365
-1.0315
-0.78925
-0.78925
-0.78925
-0.89946
-0.89946
-0.76764
-0.70285
-2.0836
0
0
-0.70285
0
0
0
0
0
-0.80482
-0.80762
16.7397
-0.80099
-0.80099
-0.80099
-0.74707
-0.76847
-0.75166
-0.86868
-0.88007
-0.83148
-0.88917
-0.97832
-0.74473
-0.74473
-0.74473
-0.84605
-0.84605
-0.72134
-0.68085
0
0
0
-0.68085
0
0
0
0
0
-0.84172
-0.84672
-0.80099
16.0612
-0.82356
-0.82356
-0.77953
-0.80818
-0.78714
-0.9096
-0.92695
-0.87295
-0.93508
-1.0222
-0.78237
-0.78237
-0.78237
-0.88954
-0.88954
-0.75678
0
0
0
0
0
0
0
0
0
0
-0.84172
-0.84672
-0.80099
-0.82356
16.0612
-0.82356
-0.77953
-0.80818
-0.78714
-0.9096
-0.92695
-0.87295
-0.93508
-1.0222
-0.78237
-0.78237
-0.78237
-0.88954
-0.88954
-0.75678
0
0
0
0
0
0
0
0
0
0
-0.84172
-0.84672
-0.80099
-0.82356
-0.82356
16.0612
-0.77953
-0.80818
-0.78714
-0.9096
-0.92695
-0.87295
-0.93508
-1.0222
-0.78237
-0.78237
-0.78237
-0.88954
-0.88954
-0.75678
0
0
0
0
0
0
0
0
0
0
-0.78568
-0.79003
-0.74707
-0.77953
-0.77953
-0.77953
14.2463
-0.74416
-0.72901
-0.83474
-0.84984
-0.80681
-0.86324
-0.93868
-0.72402
-0.72402
-0.72402
-0.8232
-0.8232
0
0
0
0
0
0
0
0
0
0
0
-0.81277
-0.80973
-0.76847
-0.80818
-0.80818
-0.80818
-0.74416
13.3282
-0.74344
-0.85862
-0.85606
-0.82643
-0.88587
-0.95272
-0.74337
-0.74337
-0.74337
0
0
0
0
0
0
-0.41531
0
0
0
0
0
0
-0.79072
-0.79463
-0.75166
-0.78714
-0.78714
-0.78714
-0.72901
-0.74344
12.6091
-0.8287
-0.84271
-0.80512
-0.86084
-0.9317
-0.72305
-0.72305
-0.72305
0
0
0
0
0
0
0
0
0
0
0
0
0
-0.91304
-0.91302
-0.86868
-0.9096
-0.9096
-0.9096
-0.83474
-0.85862
-0.8287
17.5477
0
-0.91063
0
0
0
0
0
0
0
0
0
0
-0.84323
0
0
-7.8483
0
0
0
0
-0.92384
-0.91493
-0.88007
-0.92695
-0.92695
-0.92695
-0.84984
-0.85606
-0.84271
0
18.5749
-0.92542
0
0
0
0
0
0
0
0
0
-1.9719
0
0
0
0
0
0
0
-7.6293
-0.87521
-0.87928
-0.83148
-0.87295
-0.87295
-0.87295
-0.80681
-0.82643
-0.80512
-0.91063
-0.92542
10.3957
-0.9165
0
0
0
0
0
0
0
0
0
0
0
0
0
0
0
0
0
-0.93706
-0.94365
-0.88917
-0.93508
-0.93508
-0.93508
-0.86324
-0.88587
-0.86084
0
0
-0.9165
9.1016
0
0
0
0
0
0
0
0
0
0
0
0
0
0
0
0
0
-1.0301
-1.0315
-0.97832
-1.0222
-1.0222
-1.0222
-0.93868
-0.95272
-0.9317
0
0
0
0
15.835
0
0
0
0
0
0
0
0
0
0
0
0
0
-6.9054
0
0
-0.7836
-0.78925
-0.74473
-0.78237
-0.78237
-0.78237
-0.72402
-0.74337
-0.72305
0
0
0
0
0
6.8551
0
0
0
0
0
0
0
0
0
0
0
0
0
0
0
-0.7836
-0.78925
-0.74473
-0.78237
-0.78237
-0.78237
-0.72402
-0.74337
-0.72305
0
0
0
0
0
0
6.8551
0
0
0
0
0
0
0
0
0
0
0
0
0
0
-0.7836
-0.78925
-0.74473
-0.78237
-0.78237
-0.78237
-0.72402
-0.74337
-0.72305
0
0
0
0
0
0
0
6.8551
0
0
0
0
0
0
0
0
0
0
0
0
0
-0.89042
-0.89946
-0.84605
-0.88954
-0.88954
-0.88954
-0.8232
0
0
0
0
0
0
0
0
0
0
6.1278
0
0
0
0
0
0
0
0
0
0
0
0
-0.89042
-0.89946
-0.84605
-0.88954
-0.88954
-0.88954
-0.8232
0
0
0
0
0
0
0
0
0
0
0
6.1278
0
0
0
0
0
0
0
0
0
0
0
-0.75885
-0.76764
-0.72134
-0.75678
-0.75678
-0.75678
0
0
0
0
0
0
0
0
0
0
0
0
0
4.5182
0
0
0
0
0
0
0
0
0
0
-0.71424
-0.70285
-0.68085
0
0
0
0
0
0
0
0
0
0
0
0
0
0
0
0
0
2.0979
0
0
0
0
0
0
0
0
0
0
-2.0836
0
0
0
0
0
0
0
0
-1.9719
0
0
0
0
0
0
0
0
0
0
7.6107
0
0
0
0
-3.5551
0
0
0
-0.81765
0
0
0
0
0
0
0
0
-0.84323
0
0
0
0
0
0
0
0
0
0
0
0
3.2417
-1.5808
0
0
0
0
0
0
0
0
0
0
0
0
0
-0.41531
0
0
0
0
0
0
0
0
0
0
0
0
0
0
-1.5808
2.5092
0
0
0
0
-0.51305
0
-0.71424
-0.70285
-0.68085
0
0
0
0
0
0
0
0
0
0
0
0
0
0
0
0
0
0
0
0
0
2.0979
0
0
0
0
0
0
0
0
0
0
0
0
0
0
-7.8483
0
0
0
0
0
0
0
0
0
0
0
0
0
0
0
7.8483
0
0
0
0
0
0
0
0
0
0
0
0
0
0
0
0
0
0
0
0
0
0
0
0
0
-3.5551
0
0
0
0
3.5551
0
0
0
0
0
0
0
0
0
0
0
0
0
0
0
0
-6.9054
0
0
0
0
0
0
0
0
0
0
0
0
0
6.9054
0
0
0
0
0
0
0
0
0
0
0
0
0
0
0
0
0
0
0
0
0
0
0
0
0
-0.51305
0
0
0
0
0.51305
0
0
0
0
0
0
0
0
0
0
0
-7.6293
0
0
0
0
0
0
0
0
0
0
0
0
0
0
0
0
0
0
7.6293
