9.9795
-0.63499
-0.6314
-0.6314
-0.62607
-0.62618
-0.62747
-0.63135
-0.62841
-0.63164
-0.63581
-0.6324
-0.63307
-0.63307
-0.57855
-0.62728
0
-0.57045
0
0
0
0
0
0
0
0
0
0
0
0
-0.63499
13.4116
-0.63504
-0.63504
-0.62897
-0.62911
-0.63116
-0.63506
-0.63276
-0.63433
-0.63674
-0.63564
-0.63637
-0.63637
-0.58008
-0.63025
0
0
0
0
0
0
0
0
0
-3.9597
0
0
0
0
-0.6314
-0.63504
18.1948
-0.63166
-0.62575
-0.62578
-0.62754
-0.62922
-0.62903
-0.62895
-0.63304
-0.63187
-0.63354
-0.63354
0
0
0
0
0
-4.9992
0
0
0
0
0
0
0
0
-4.9992
0
-0.6314
-0.63504
-0.63166
18.1948
-0.62575
-0.62578
-0.62754
-0.62922
-0.62903
-0.62895
-0.63304
-0.63187
-0.63354
-0.63354
0
0
0
0
0
0
0
0
0
-4.9992
0
0
0
0
0
-4.9992
-0.62607
-0.62897
-0.62575
-0.62575
8.7556
-0.62047
-0.62239
-0.62438
-0.62387
-0.62837
-0.62795
-0.62526
-0.62661
-0.62661
0
-0.62314
0
0
0
0
0
0
0
0
0
0
0
0
0
0
-0.62618
-0.62911
-0.62578
-0.62578
-0.62047
8.1311
-0.6222
-0.62421
-0.62379
-0.62875
-0.62764
-0.62467
-0.62626
-0.62626
0
0
0
0
0
0
0
0
0
0
0
0
0
0
0
0
-0.62747
-0.63116
-0.62754
-0.62754
-0.62239
-0.6222
6.8321
-0.62608
-0.62857
0
-0.62726
-0.62468
0
0
0
0
-0.56725
0
0
0
0
0
0
0
0
0
0
0
0
0
-0.63135
-0.63506
-0.62922
-0.62922
-0.62438
-0.62421
-0.62608
5.61
-0.62514
0
0
0
0
0
-0.58533
0
0
0
0
0
0
0
0
0
0
0
0
0
0
0
-0.62841
-0.63276
-0.62903
-0.62903
-0.62387
-0.62379
-0.62857
-0.62514
5.591
0
0
0
0
0
0
0
-0.57044
0
0
0
0
0
0
0
0
0
0
0
0
0
-0.63164
-0.63433
-0.62895
-0.62895
-0.62837
-0.62875
0
0
0
12.3076
0
0
0
0
0
0
0
0
-4.2633
0
-4.2633
0
0
0
0
0
0
0
0
0
-0.63581
-0.63674
-0.63304
-0.63304
-0.62795
-0.62764
-0.62726
0
0
0
5.0008
0
0
0
0
0
0
-0.57935
0
0
0
0
0
0
0
0
0
0
0
0
-0.6324
-0.63564
-0.63187
-0.63187
-0.62526
-0.62467
-0.62468
0
0
0
0
4.4064
0
0
0
0
0
0
0
0
0
0
0
0
0
0
0
0
0
0
-0.63307
-0.63637
-0.63354
-0.63354
-0.62661
-0.62626
0
0
0
0
0
0
3.7894
0
0
0
0
0
0
0
0
0
0
0
0
0
0
0
0
0
-0.63307
-0.63637
-0.63354
-0.63354
-0.62661
-0.62626
0
0
0
0
0
0
0
3.7894
0
0
0
0
0
0
0
0
0
0
0
0
0
0
0
0
-0.57855
-0.58008
0
0
0
0
0
-0.58533
0
0
0
0
0
0
8.7991
0
0
0
0
0
0
0
0
0
0
0
-3.5276
-3.5276
0
0
-0.62728
-0.63025
0
0
-0.62314
0
0
0
0
0
0
0
0
0
0
2.5208
0
0
0
0
0
0
0
0
-0.64008
0
0
0
0
0
0
0
0
0
0
0
-0.56725
0
-0.57044
0
0
0
0
0
0
0
1.6899
0
0
0
0
-0.55225
0
0
0
0
0
0
0
0
-0.57045
0
0
0
0
0
0
0
0
0
-0.57935
0
0
0
0
0
0
1.7075
0
0
0
0
-0.55767
0
0
0
0
0
0
0
0
0
0
0
0
0
0
0
0
-4.2633
0
0
0
0
0
0
0
0
4.2633
0
0
0
0
0
0
0
0
0
0
0
0
0
-4.9992
0
0
0
0
0
0
0
0
0
0
0
0
0
0
0
0
4.9992
0
0
0
0
0
0
0
0
0
0
0
0
0
0
0
0
0
0
0
-4.2633
0
0
0
0
0
0
0
0
0
0
4.2633
0
0
0
0
0
0
0
0
0
0
0
0
0
0
0
0
0
0
0
0
0
0
0
0
0
-0.55225
0
0
0
0
0.55225
0
0
0
0
0
0
0
0
0
0
0
0
0
0
0
0
0
0
0
0
0
0
0
0
0
-0.55767
0
0
0
0
0.55767
0
0
0
0
0
0
0
0
0
0
-4.9992
0
0
0
0
0
0
0
0
0
0
0
0
0
0
0
0
0
0
0
4.9992
0
0
0
0
0
0
0
0
0
0
0
0
0
0
0
0
0
0
0
0
0
-0.64008
0
0
0
0
0
0
0
0
0.64008
0
0
0
0
0
0
-3.9597
0
0
0
0
0
0
0
0
0
0
0
0
0
0
0
0
0
0
0
0
0
0
0
3.9597
0
0
0
0
0
0
0
0
0
0
0
0
0
0
0
0
0
0
-3.5276
0
0
0
0
0
0
0
0
0
0
0
3.5276
0
0
0
0
0
0
0
0
0
0
0
0
0
0
0
0
0
-3.5276
0
0
0
0
0
0
0
0
0
0
0
0
3.5276
0
0
0
0
-4.9992
0
0
0
0
0
0
0
0
0
0
0
0
0
0
0
0
0
0
0
0
0
0
0
0
0
4.9992
0
0
0
0
-4.9992
0
0
0
0
0
0
0
0
0
0
0
0
0
0
0
0
0
0
0
0
0
0
0
0
0
4.9992
