34.87
-0.82605
-0.81489
-0.79465
-0.79465
-0.80043
-0.81618
-0.81525
-0.79457
-0.79392
-0.78273
-0.80162
-0.80422
-0.7919
-0.81774
-0.81774
-0.74736
-0.71784
-0.79726
-0.91399
0
0
-9.8135
0
0
0
-9.8135
0
0
0
-0.82605
23.3616
-0.80469
-0.7798
-0.7798
-0.78624
-0.79993
-0.79885
-0.77924
-0.78789
-0.76652
-0.79796
-0.78721
-0.77547
-0.79925
-0.79925
-0.75037
-0.73065
-0.77646
-0.88436
0
0
0
0
-8.3516
0
0
0
0
0
-0.81489
-0.80469
15.0718
-0.76358
-0.76358
-0.76995
-0.78226
-0.78198
-0.76237
-0.77121
-0.74971
-0.78211
-0.77051
-0.75833
-0.78106
-0.78106
-0.7399
-0.72974
-0.75855
-0.8616
0
-0.34472
0
0
0
0
0
0
0
0
-0.79465
-0.7798
-0.76358
14.314
-0.73876
-0.74774
-0.75905
-0.75634
-0.73989
-0.74987
-0.72745
-0.76081
-0.74546
-0.73561
-0.75708
-0.75708
-0.72154
-0.71255
-0.735
-0.83174
0
0
0
0
0
0
0
0
0
0
-0.79465
-0.7798
-0.76358
-0.73876
14.314
-0.74774
-0.75905
-0.75634
-0.73989
-0.74987
-0.72745
-0.76081
-0.74546
-0.73561
-0.75708
-0.75708
-0.72154
-0.71255
-0.735
-0.83174
0
0
0
0
0
0
0
0
0
0
-0.80043
-0.78624
-0.76995
-0.74774
-0.74774
13.5765
-0.76506
-0.76149
-0.74499
-0.75486
-0.73236
-0.76571
-0.751
-0.74047
-0.76267
-0.76267
-0.72607
-0.71706
-0.73998
0
0
0
0
0
0
0
0
0
0
0
-0.81618
-0.79993
-0.78226
-0.75905
-0.75905
-0.76506
13.0695
-0.78067
-0.75496
-0.76955
-0.74209
-0.78026
-0.76268
-0.7504
-0.7736
-0.7736
-0.741
0
-0.75913
0
0
0
0
0
0
0
0
0
0
0
-0.81525
-0.79885
-0.78198
-0.75634
-0.75634
-0.76149
-0.78067
13.1757
-0.75334
-0.76858
-0.74029
-0.77827
-0.75798
-0.74886
-0.77113
-0.77113
-0.73981
0
0
0
-0.89542
0
0
0
0
0
0
0
0
0
-0.79457
-0.77924
-0.76237
-0.73989
-0.73989
-0.74499
-0.75496
-0.75334
11.9807
-0.75275
-0.7199
-0.7546
-0.73824
-0.72713
-0.74984
-0.74984
-0.71909
0
0
0
0
0
0
0
0
0
0
0
0
0
-0.79392
-0.78789
-0.77121
-0.74987
-0.74987
-0.75486
-0.76955
-0.76858
-0.75275
17.8813
-0.73029
-0.76038
-0.74822
-0.73628
-0.76209
-0.76209
0
0
0
0
0
0
0
-6.4834
0
0
0
0
0
0
-0.78273
-0.76652
-0.74971
-0.72745
-0.72745
-0.73236
-0.74209
-0.74029
-0.7199
-0.73029
11.0699
-0.74083
-0.72339
-0.71192
-0.7375
-0.7375
0
0
0
0
0
0
0
0
0
0
0
0
0
0
-0.80162
-0.79796
-0.78211
-0.76081
-0.76081
-0.76571
-0.78026
-0.77827
-0.7546
-0.76038
-0.74083
15.4255
-0.76643
-0.71693
0
0
0
0
0
0
0
0
0
0
0
0
0
0
0
-5.4587
-0.80422
-0.78721
-0.77051
-0.74546
-0.74546
-0.751
-0.76268
-0.75798
-0.73824
-0.74822
-0.72339
-0.76643
10.6728
-0.70156
0
0
0
0
0
0
-0.87045
0
0
0
0
0
0
0
0
0
-0.7919
-0.77547
-0.75833
-0.73561
-0.73561
-0.74047
-0.7504
-0.74886
-0.72713
-0.73628
-0.71192
-0.71693
-0.70156
9.6305
0
0
0
0
0
0
0
0
0
0
0
0
0
0
0
0
-0.81774
-0.79925
-0.78106
-0.75708
-0.75708
-0.76267
-0.7736
-0.77113
-0.74984
-0.76209
-0.7375
0
0
0
8.469
0
0
0
0
0
0
0
0
0
0
0
0
0
0
0
-0.81774
-0.79925
-0.78106
-0.75708
-0.75708
-0.76267
-0.7736
-0.77113
-0.74984
-0.76209
-0.7375
0
0
0
0
8.469
0
0
0
0
0
0
0
0
0
0
0
0
0
0
-0.74736
-0.75037
-0.7399
-0.72154
-0.72154
-0.72607
-0.741
-0.73981
-0.71909
0
0
0
0
0
0
0
8.4178
0
0
0
0
0
0
0
0
0
0
-1.8111
0
0
-0.71784
-0.73065
-0.72974
-0.71255
-0.71255
-0.71706
0
0
0
0
0
0
0
0
0
0
0
4.4249
0
0
0
0
0
0
0
0
0
0
-0.1045
0
-0.79726
-0.77646
-0.75855
-0.735
-0.735
-0.73998
-0.75913
0
0
0
0
0
0
0
0
0
0
0
5.3014
0
0
0
0
0
0
0
0
0
0
0
-0.91399
-0.88436
-0.8616
-0.83174
-0.83174
0
0
0
0
0
0
0
0
0
0
0
0
0
0
4.3234
0
0
0
0
0
0
0
0
0
0
0
0
0
0
0
0
0
-0.89542
0
0
0
0
-0.87045
0
0
0
0
0
0
0
2.367
-0.60116
0
0
0
0
0
0
0
0
0
0
-0.34472
0
0
0
0
0
0
0
0
0
0
0
0
0
0
0
0
0
-0.60116
1.4616
0
0
0
-0.51575
0
0
0
0
-9.8135
0
0
0
0
0
0
0
0
0
0
0
0
0
0
0
0
0
0
0
0
0
9.8135
0
0
0
0
0
0
0
0
0
0
0
0
0
0
0
0
-6.4834
0
0
0
0
0
0
0
0
0
0
0
0
0
6.4834
0
0
0
0
0
0
0
-8.3516
0
0
0
0
0
0
0
0
0
0
0
0
0
0
0
0
0
0
0
0
0
0
8.3516
0
0
0
0
0
0
0
0
0
0
0
0
0
0
0
0
0
0
0
0
0
0
0
0
0
0
-0.51575
0
0
0
0.51575
0
0
0
0
-9.8135
0
0
0
0
0
0
0
0
0
0
0
0
0
0
0
0
0
0
0
0
0
0
0
0
0
9.8135
0
0
0
0
0
0
0
0
0
0
0
0
0
0
0
0
0
0
0
-1.8111
0
0
0
0
0
0
0
0
0
0
1.8111
0
0
0
0
0
0
0
0
0
0
0
0
0
0
0
0
0
0
0
-0.1045
0
0
0
0
0
0
0
0
0
0
0.1045
0
0
0
0
0
0
0
0
0
0
0
0
-5.4587
0
0
0
0
0
0
0
0
0
0
0
0
0
0
0
0
0
5.4587
