11.7021
-0.61392
-0.61392
-0.62604
-0.59497
-0.57145
-0.66113
-0.61579
-0.62256
-0.62598
-0.61512
-0.64495
-0.63838
-0.77711
-0.74824
-0.54864
-0.71104
-0.54864
-0.54864
-0.37556
0
0
0
0
0
0
0
0
0
0
-0.61392
11.7021
-0.61392
-0.62604
-0.59497
-0.57145
-0.66113
-0.61579
-0.62256
-0.62598
-0.61512
-0.64495
-0.63838
-0.77711
-0.74824
-0.54864
-0.71104
-0.54864
-0.54864
-0.37556
0
0
0
0
0
0
0
0
0
0
-0.61392
-0.61392
11.7021
-0.62604
-0.59497
-0.57145
-0.66113
-0.61579
-0.62256
-0.62598
-0.61512
-0.64495
-0.63838
-0.77711
-0.74824
-0.54864
-0.71104
-0.54864
-0.54864
-0.37556
0
0
0
0
0
0
0
0
0
0
-0.62604
-0.62604
-0.62604
11.5012
-0.59162
-0.56953
-0.6575
-0.62236
-0.62047
-0.62249
-0.61306
-0.64167
-0.6363
-0.76788
-0.74253
-0.54487
-0.7022
-0.54487
-0.54487
0
-0.20092
0
0
0
0
0
0
0
0
0
-0.59497
-0.59497
-0.59497
-0.59162
21.4346
-0.54662
-0.6229
-0.5759
-0.58381
-0.58984
-0.57716
-0.60972
-0.59573
-0.73017
-0.69051
-0.52215
0
-0.52215
-0.52215
0
0
0
0
0
0
-11.3693
0
0
0
0
-0.57145
-0.57145
-0.57145
-0.56953
-0.54662
10.4241
-0.60354
-0.56402
-0.57029
-0.57631
-0.56385
-0.59015
-0.58263
-0.7043
-0.67505
-0.50466
-0.64951
-0.50466
-0.50466
0
0
0
0
0
0
0
0
0
0
0
-0.66113
-0.66113
-0.66113
-0.6575
-0.6229
-0.60354
18.6475
-0.63892
-0.64228
-0.66313
-0.63404
-0.67903
-0.65519
0
-0.78014
0
0
0
0
0
0
0
0
0
0
0
0
0
0
-10.0875
-0.61579
-0.61579
-0.61579
-0.62236
-0.5759
-0.56402
-0.63892
7.4687
-0.59381
-0.60836
-0.58557
-0.61497
-0.60484
0
0
0
0
0
0
0
-0.21254
0
0
0
0
0
0
0
0
0
-0.62256
-0.62256
-0.62256
-0.62047
-0.58381
-0.57029
-0.64228
-0.59381
7.2974
-0.62006
-0.58109
-0.61751
-0.60039
0
0
0
0
0
0
0
0
0
0
0
0
0
0
0
0
0
-0.62598
-0.62598
-0.62598
-0.62249
-0.58984
-0.57631
-0.66313
-0.60836
-0.62006
26.6187
-0.60509
0
0
0
0
0
0
0
0
0
0
0
0
-10.2278
0
0
-10.2278
0
0
0
-0.61512
-0.61512
-0.61512
-0.61306
-0.57716
-0.56385
-0.63404
-0.58557
-0.58109
-0.60509
6.604
-0.59875
0
0
0
0
0
0
0
0
0
0
0
0
0
0
0
0
0
0
-0.64495
-0.64495
-0.64495
-0.64167
-0.60972
-0.59015
-0.67903
-0.61497
-0.61751
0
-0.59875
14.3326
0
0
0
0
0
0
0
0
0
0
0
0
0
0
0
0
-8.046
0
-0.63838
-0.63838
-0.63838
-0.6363
-0.59573
-0.58263
-0.65519
-0.60484
-0.60039
0
0
0
5.5902
0
0
0
0
0
0
0
0
0
0
0
0
0
0
0
0
0
-0.77711
-0.77711
-0.77711
-0.76788
-0.73017
-0.7043
0
0
0
0
0
0
0
7.7176
0
0
0
0
0
0
0
0
0
0
0
0
0
-3.1839
0
0
-0.74824
-0.74824
-0.74824
-0.74253
-0.69051
-0.67505
-0.78014
0
0
0
0
0
0
0
5.133
0
0
0
0
0
0
0
0
0
0
0
0
0
0
0
-0.54864
-0.54864
-0.54864
-0.54487
-0.52215
-0.50466
0
0
0
0
0
0
0
0
0
3.2176
0
0
0
0
0
0
0
0
0
0
0
0
0
0
-0.71104
-0.71104
-0.71104
-0.7022
0
-0.64951
0
0
0
0
0
0
0
0
0
0
4.4237
0
0
0
0
-0.93889
0
0
0
0
0
0
0
0
-0.54864
-0.54864
-0.54864
-0.54487
-0.52215
-0.50466
0
0
0
0
0
0
0
0
0
0
0
3.2176
0
0
0
0
0
0
0
0
0
0
0
0
-0.54864
-0.54864
-0.54864
-0.54487
-0.52215
-0.50466
0
0
0
0
0
0
0
0
0
0
0
0
3.2176
0
0
0
0
0
0
0
0
0
0
0
-0.37556
-0.37556
-0.37556
0
0
0
0
0
0
0
0
0
0
0
0
0
0
0
0
1.2312
0
0
0
0
-0.1045
0
0
0
0
0
0
0
0
-0.20092
0
0
0
-0.21254
0
0
0
0
0
0
0
0
0
0
0
0
0.52219
0
-0.10873
0
0
0
0
0
0
0
0
0
0
0
0
0
0
0
0
0
0
0
0
0
0
0
-0.93889
0
0
0
0
0.93889
0
0
0
0
0
0
0
0
0
0
0
0
0
0
0
0
0
0
0
0
0
0
0
0
0
0
0
0
-0.10873
0
0.10873
0
0
0
0
0
0
0
0
0
0
0
0
0
0
0
0
-10.2278
0
0
0
0
0
0
0
0
0
0
0
0
0
10.2278
0
0
0
0
0
0
0
0
0
0
0
0
0
0
0
0
0
0
0
0
0
0
0
0
0
-0.1045
0
0
0
0
0.1045
0
0
0
0
0
0
0
0
0
-11.3693
0
0
0
0
0
0
0
0
0
0
0
0
0
0
0
0
0
0
0
0
11.3693
0
0
0
0
0
0
0
0
0
0
0
0
0
-10.2278
0
0
0
0
0
0
0
0
0
0
0
0
0
0
0
0
10.2278
0
0
0
0
0
0
0
0
0
0
0
0
0
0
0
0
-3.1839
0
0
0
0
0
0
0
0
0
0
0
0
0
3.1839
0
0
0
0
0
0
0
0
0
0
0
0
0
-8.046
0
0
0
0
0
0
0
0
0
0
0
0
0
0
0
0
8.046
0
0
0
0
0
0
0
-10.0875
0
0
0
0
0
0
0
0
0
0
0
0
0
0
0
0
0
0
0
0
0
0
10.0875
