26.7747
-0.75283
-0.81605
-0.72459
-0.72189
-0.72459
-0.72459
-0.72459
-0.61798
-0.79276
-0.95736
-0.8547
-0.72491
-0.72491
-0.72491
-0.72491
-0.59457
-1.3818
0
0
-0.81128
-0.82286
0
0
0
0
0
0
-11.8527
0
-0.75283
15.6045
-0.83428
-0.73939
-0.7391
-0.73939
-0.73939
-0.73939
-0.62715
-0.82739
-0.95164
-0.87844
-0.73669
-0.73669
-0.73669
-0.73669
-0.61296
0
-0.49923
0
0
0
0
0
0
-2.9771
0
0
0
0
-0.81605
-0.83428
14.4379
-0.78716
-0.7947
-0.78716
-0.78716
-0.78716
-0.66528
-0.87735
-1.0597
-0.94774
-0.78254
-0.78254
-0.78254
-0.78254
-0.66173
-1.5023
0
0
0
0
0
0
0
0
0
0
0
0
-0.72459
-0.73939
-0.78716
11.3279
-0.71711
-0.64426
-0.64426
-0.64426
-0.57449
-0.77495
-0.92611
-0.82784
-0.68549
-0.68549
-0.68549
-0.68549
-0.58155
0
0
0
0
0
0
0
0
0
0
0
0
0
-0.72189
-0.7391
-0.7947
-0.71711
11.716
-0.71711
-0.71711
-0.71711
-0.56959
-0.74973
-0.8934
-0.80498
-0.67525
-0.67525
-0.67525
-0.67525
0
0
0
0
-0.87312
0
0
0
0
0
0
0
0
0
-0.72459
-0.73939
-0.78716
-0.64426
-0.71711
11.3279
-0.64426
-0.64426
-0.57449
-0.77495
-0.92611
-0.82784
-0.68549
-0.68549
-0.68549
-0.68549
-0.58155
0
0
0
0
0
0
0
0
0
0
0
0
0
-0.72459
-0.73939
-0.78716
-0.64426
-0.71711
-0.64426
11.3279
-0.64426
-0.57449
-0.77495
-0.92611
-0.82784
-0.68549
-0.68549
-0.68549
-0.68549
-0.58155
0
0
0
0
0
0
0
0
0
0
0
0
0
-0.72459
-0.73939
-0.78716
-0.64426
-0.71711
-0.64426
-0.64426
11.3279
-0.57449
-0.77495
-0.92611
-0.82784
-0.68549
-0.68549
-0.68549
-0.68549
-0.58155
0
0
0
0
0
0
0
0
0
0
0
0
0
-0.61798
-0.62715
-0.66528
-0.57449
-0.56959
-0.57449
-0.57449
-0.57449
9.0745
-0.6186
-0.74668
-0.67649
-0.5637
-0.5637
-0.5637
-0.5637
0
0
0
0
0
0
0
0
0
0
0
0
0
0
-0.79276
-0.82739
-0.87735
-0.77495
-0.74973
-0.77495
-0.77495
-0.77495
-0.6186
9.0158
0
0
0
0
0
0
0
-1.4326
-0.61766
0
0
0
0
0
0
0
0
0
0
0
-0.95736
-0.95164
-1.0597
-0.92611
-0.8934
-0.92611
-0.92611
-0.92611
-0.74668
0
17.7933
0
0
0
0
0
0
0
0
0
0
0
0
0
0
0
0
-9.48
0
0
-0.8547
-0.87844
-0.94774
-0.82784
-0.80498
-0.82784
-0.82784
-0.82784
-0.67649
0
0
9.2134
0
0
0
0
0
0
0
-1.7397
0
0
0
0
0
0
0
0
0
0
-0.72491
-0.73669
-0.78254
-0.68549
-0.67525
-0.68549
-0.68549
-0.68549
-0.5637
0
0
0
6.2251
0
0
0
0
0
0
0
0
0
0
0
0
0
0
0
0
0
-0.72491
-0.73669
-0.78254
-0.68549
-0.67525
-0.68549
-0.68549
-0.68549
-0.5637
0
0
0
0
6.2251
0
0
0
0
0
0
0
0
0
0
0
0
0
0
0
0
-0.72491
-0.73669
-0.78254
-0.68549
-0.67525
-0.68549
-0.68549
-0.68549
-0.5637
0
0
0
0
0
6.2251
0
0
0
0
0
0
0
0
0
0
0
0
0
0
0
-0.72491
-0.73669
-0.78254
-0.68549
-0.67525
-0.68549
-0.68549
-0.68549
-0.5637
0
0
0
0
0
0
6.2251
0
0
0
0
0
0
0
0
0
0
0
0
0
0
-0.59457
-0.61296
-0.66173
-0.58155
0
-0.58155
-0.58155
-0.58155
0
0
0
0
0
0
0
0
5.3664
0
0
-1.171
0
0
0
0
0
0
0
0
0
0
-1.3818
0
-1.5023
0
0
0
0
0
0
-1.4326
0
0
0
0
0
0
0
5.6999
0
0
0
-1.3833
0
0
0
0
0
0
0
0
0
-0.49923
0
0
0
0
0
0
0
-0.61766
0
0
0
0
0
0
0
0
6.4192
0
0
0
0
-2.8904
0
0
-2.4119
0
0
0
0
0
0
0
0
0
0
0
0
0
0
-1.7397
0
0
0
0
-1.171
0
0
5.0574
0
0
0
0
-2.1468
0
0
0
0
0
-0.81128
0
0
0
-0.87312
0
0
0
0
0
0
0
0
0
0
0
0
0
0
0
3.172
0
-1.4876
0
0
0
0
0
0
0
-0.82286
0
0
0
0
0
0
0
0
0
0
0
0
0
0
0
0
-1.3833
0
0
0
4.3282
0
0
0
0
0
0
0
-2.1221
0
0
0
0
0
0
0
0
0
0
0
0
0
0
0
0
0
0
0
0
-1.4876
0
1.9044
-0.41682
0
0
0
0
0
0
0
0
0
0
0
0
0
0
0
0
0
0
0
0
0
0
0
0
-2.8904
0
0
0
-0.41682
3.3072
0
0
0
0
0
0
0
0
0
0
0
0
0
0
0
0
0
0
0
0
0
0
0
0
0
-2.1468
0
0
0
0
4.1031
-1.9562
0
0
0
0
0
-2.9771
0
0
0
0
0
0
0
0
0
0
0
0
0
0
0
0
0
0
0
0
0
0
-1.9562
4.9333
0
0
0
0
0
0
0
0
0
0
0
0
0
0
0
0
0
0
0
0
0
0
-2.4119
0
0
0
0
0
0
0
2.4119
0
0
0
0
0
0
0
0
0
0
0
0
0
-9.48
0
0
0
0
0
0
0
0
0
0
0
0
0
0
0
0
9.48
0
0
-11.8527
0
0
0
0
0
0
0
0
0
0
0
0
0
0
0
0
0
0
0
0
0
0
0
0
0
0
0
11.8527
0
0
0
0
0
0
0
0
0
0
0
0
0
0
0
0
0
0
0
0
0
0
-2.1221
0
0
0
0
0
0
0
2.1221
