18.1434
-0.9089
-0.94696
-0.9089
-0.85751
-0.87107
-0.8365
-0.8365
-0.88298
-0.90132
-0.89282
-0.82629
-0.82629
-0.8768
-0.83287
-0.83287
-0.98688
-0.92141
-0.78958
-0.97049
0
-1.4365
0
0
0
0
0
0
0
0
-0.9089
18.1434
-0.94696
-0.9089
-0.85751
-0.87107
-0.8365
-0.8365
-0.88298
-0.90132
-0.89282
-0.82629
-0.82629
-0.8768
-0.83287
-0.83287
-0.98688
-0.92141
-0.78958
-0.97049
0
-1.4365
0
0
0
0
0
0
0
0
-0.94696
-0.94696
18.3691
-0.94696
-0.8536
-0.86565
-0.83595
-0.83595
-0.87761
-0.89276
-0.88744
-0.82508
-0.82508
-0.87044
-0.83176
-0.83176
-0.97982
-0.92098
-0.79038
-0.98108
0
0
0
-1.6229
0
0
0
0
0
0
-0.9089
-0.9089
-0.94696
18.1434
-0.85751
-0.87107
-0.8365
-0.8365
-0.88298
-0.90132
-0.89282
-0.82629
-0.82629
-0.8768
-0.83287
-0.83287
-0.98688
-0.92141
-0.78958
-0.97049
0
-1.4365
0
0
0
0
0
0
0
0
-0.85751
-0.85751
-0.8536
-0.85751
16.9517
-0.78501
-0.76165
-0.76165
-0.78217
-0.81392
-0.81493
-0.7515
-0.7515
-0.79153
-0.75751
-0.75751
-0.88642
-0.83572
-0.71901
0
-2.5555
0
0
0
0
0
0
0
0
0
-0.87107
-0.87107
-0.86565
-0.87107
-0.78501
22.0741
-0.77219
-0.77219
-0.8092
-0.82571
-0.81764
-0.76269
-0.76269
-0.79082
-0.76965
-0.76965
-0.87682
-0.85134
-0.73091
0
0
0
0
0
0
0
0
0
0
-7.4987
-0.8365
-0.8365
-0.83595
-0.8365
-0.76165
-0.77219
14.1734
-0.74384
-0.78468
-0.80376
-0.79761
-0.74072
-0.74072
-0.78162
-0.7467
-0.7467
-0.8761
-0.82418
-0.70752
0
0
0
0
0
0
0
0
0
0
0
-0.8365
-0.8365
-0.83595
-0.8365
-0.76165
-0.77219
-0.74384
14.1734
-0.78468
-0.80376
-0.79761
-0.74072
-0.74072
-0.78162
-0.7467
-0.7467
-0.8761
-0.82418
-0.70752
0
0
0
0
0
0
0
0
0
0
0
-0.88298
-0.88298
-0.87761
-0.88298
-0.78217
-0.8092
-0.78468
-0.78468
17.6995
-0.84321
-0.83173
-0.77672
-0.77672
-0.82504
-0.78403
-0.78403
0
-0.87843
0
0
0
0
0
0
-4.5124
0
0
0
0
0
-0.90132
-0.90132
-0.89276
-0.90132
-0.81392
-0.82571
-0.80376
-0.80376
-0.84321
14.1573
-0.88688
-0.79209
-0.79209
-0.84675
-0.80431
-0.80431
0
0
0
0
0
0
0
-1.5439
0
0
0
0
0
0
-0.89282
-0.89282
-0.88744
-0.89282
-0.81493
-0.81764
-0.79761
-0.79761
-0.83173
-0.88688
12.8729
-0.78626
-0.78626
-0.83834
-0.79858
-0.79858
0
0
0
0
0
0
-0.35256
0
0
0
0
0
0
0
-0.82629
-0.82629
-0.82508
-0.82629
-0.7515
-0.76269
-0.74072
-0.74072
-0.77672
-0.79209
-0.78626
11.5531
-0.69536
-0.75752
-0.72278
-0.72278
0
0
0
0
0
0
0
0
0
0
0
0
0
0
-0.82629
-0.82629
-0.82508
-0.82629
-0.7515
-0.76269
-0.74072
-0.74072
-0.77672
-0.79209
-0.78626
-0.69536
11.5531
-0.75752
-0.72278
-0.72278
0
0
0
0
0
0
0
0
0
0
0
0
0
0
-0.8768
-0.8768
-0.87044
-0.8768
-0.79153
-0.79082
-0.78162
-0.78162
-0.82504
-0.84675
-0.83834
-0.75752
-0.75752
16.8686
0
0
0
0
0
0
0
0
0
0
0
0
-6.197
0
0
0
-0.83287
-0.83287
-0.83176
-0.83287
-0.75751
-0.76965
-0.7467
-0.7467
-0.78403
-0.80431
-0.79858
-0.72278
-0.72278
0
10.8904
-0.70702
0
0
0
0
0
0
0
0
0
0
0
0
0
0
-0.83287
-0.83287
-0.83176
-0.83287
-0.75751
-0.76965
-0.7467
-0.7467
-0.78403
-0.80431
-0.79858
-0.72278
-0.72278
0
-0.70702
10.8904
0
0
0
0
0
0
0
0
0
0
0
0
0
0
-0.98688
-0.98688
-0.97982
-0.98688
-0.88642
-0.87682
-0.8761
-0.8761
0
0
0
0
0
0
0
0
11.1482
0
0
0
0
0
0
0
0
0
0
-3.6923
0
0
-0.92141
-0.92141
-0.92098
-0.92141
-0.83572
-0.85134
-0.82418
-0.82418
-0.87843
0
0
0
0
0
0
0
0
7.8991
0
0
0
0
0
0
0
0
0
0
0
0
-0.78958
-0.78958
-0.79038
-0.78958
-0.71901
-0.73091
-0.70752
-0.70752
0
0
0
0
0
0
0
0
0
0
6.0241
0
0
0
0
0
0
0
0
0
0
0
-0.97049
-0.97049
-0.98108
-0.97049
0
0
0
0
0
0
0
0
0
0
0
0
0
0
0
3.8926
0
0
0
0
0
0
0
0
0
0
0
0
0
0
-2.5555
0
0
0
0
0
0
0
0
0
0
0
0
0
0
0
7.2084
0
-3.4983
0
-1.1546
0
0
0
0
0
-1.4365
-1.4365
0
-1.4365
0
0
0
0
0
0
0
0
0
0
0
0
0
0
0
0
0
4.3095
0
0
0
0
0
0
0
0
0
0
0
0
0
0
0
0
0
0
-0.35256
0
0
0
0
0
0
0
0
0
-3.4983
0
4.6834
0
0
0
0
0
-0.83256
0
0
0
-1.6229
0
0
0
0
0
0
-1.5439
0
0
0
0
0
0
0
0
0
0
0
0
0
5.7283
0
-2.5616
0
0
0
0
0
0
0
0
0
0
0
0
-4.5124
0
0
0
0
0
0
0
0
0
0
0
-1.1546
0
0
0
5.667
0
0
0
0
0
0
0
0
0
0
0
0
0
0
0
0
0
0
0
0
0
0
0
0
0
0
0
0
-2.5616
0
2.5616
0
0
0
0
0
0
0
0
0
0
0
0
0
0
0
0
0
-6.197
0
0
0
0
0
0
0
0
0
0
0
0
6.197
0
0
0
0
0
0
0
0
0
0
0
0
0
0
0
0
0
0
0
-3.6923
0
0
0
0
0
0
0
0
0
0
3.6923
0
0
0
0
0
0
0
0
0
0
0
0
0
0
0
0
0
0
0
0
0
0
0
0
-0.83256
0
0
0
0
0
0.83256
0
0
0
0
0
0
-7.4987
0
0
0
0
0
0
0
0
0
0
0
0
0
0
0
0
0
0
0
0
0
0
0
7.4987
