18.5674
-0.58431
-0.56825
-0.5439
-0.54816
-0.56578
-0.56578
-0.51026
-0.62203
-0.59905
-0.64017
-0.53053
-0.487
-0.53053
-0.85264
-0.53341
0
-0.63943
0
0
0
0
0
0
-9.2462
0
0
0
0
0
-0.58431
9.2234
-0.54717
-0.52462
-0.52981
-0.54681
-0.54681
-0.49394
-0.60865
-0.59255
-0.62186
-0.51097
-0.47388
-0.51097
-0.81639
-0.5105
-0.20646
-0.59773
0
0
0
0
0
0
0
0
0
0
0
0
-0.56825
-0.54717
16.6355
-0.51244
-0.51152
-0.52432
-0.52432
-0.47435
-0.57261
-0.55843
-0.5925
-0.49265
-0.45151
-0.49265
-0.78862
-0.49587
0
0
0
0
0
0
0
0
0
0
-8.5283
0
0
0
-0.5439
-0.52462
-0.51244
8.4327
-0.49437
-0.51187
-0.51187
-0.45955
-0.57392
-0.53891
-0.5798
-0.47422
-0.44516
-0.47422
-0.7544
-0.47264
0
-0.56083
0
0
0
0
0
0
0
0
0
0
0
0
-0.54816
-0.52981
-0.51152
-0.49437
7.9092
-0.51348
-0.51348
-0.46038
-0.57615
-0.54773
-0.5825
-0.476
-0.4466
-0.476
-0.75823
-0.47475
0
0
0
0
0
0
0
0
0
0
0
0
0
0
-0.56578
-0.54681
-0.52432
-0.51187
-0.51348
14.1719
-0.50434
-0.46014
-0.56895
-0.55956
-0.5973
-0.48177
-0.44075
-0.48177
0
0
0
0
0
0
0
0
0
0
0
0
0
-7.4151
0
0
-0.56578
-0.54681
-0.52432
-0.51187
-0.51348
-0.50434
14.1719
-0.46014
-0.56895
-0.55956
-0.5973
-0.48177
-0.44075
-0.48177
0
0
0
0
0
0
0
0
-7.4151
0
0
0
0
0
0
0
-0.51026
-0.49394
-0.47435
-0.45955
-0.46038
-0.46014
-0.46014
6.1323
-0.52592
-0.50244
-0.53446
-0.4258
-0.39916
-0.4258
0
0
0
0
0
0
0
0
0
0
0
0
0
0
0
0
-0.62203
-0.60865
-0.57261
-0.57392
-0.57615
-0.56895
-0.56895
-0.52592
11.5692
0
0
0
0
0
0
0
0
0
0
0
-3.1371
0
0
0
0
-3.8149
0
0
0
0
-0.59905
-0.59255
-0.55843
-0.53891
-0.54773
-0.55956
-0.55956
-0.50244
0
6.5468
0
0
0
0
0
0
-0.27199
0
-1.8165
0
0
0
0
0
0
0
0
0
0
0
-0.64017
-0.62186
-0.5925
-0.5798
-0.5825
-0.5973
-0.5973
-0.53446
0
0
5.7044
0
0
0
-0.85399
0
0
0
0
-0.1045
0
0
0
0
0
0
0
0
0
0
-0.53053
-0.51097
-0.49265
-0.47422
-0.476
-0.48177
-0.48177
-0.4258
0
0
0
4.3234
0
-0.44968
0
0
0
0
0
0
0
0
0
0
0
0
0
0
0
0
-0.487
-0.47388
-0.45151
-0.44516
-0.4466
-0.44075
-0.44075
-0.39916
0
0
0
0
5.2166
0
0
0
0
0
0
0
0
0
0
-1.6318
0
0
0
0
0
0
-0.53053
-0.51097
-0.49265
-0.47422
-0.476
-0.48177
-0.48177
-0.4258
0
0
0
-0.44968
0
4.3234
0
0
0
0
0
0
0
0
0
0
0
0
0
0
0
0
-0.85264
-0.81639
-0.78862
-0.7544
-0.75823
0
0
0
0
0
-0.85399
0
0
0
4.8243
0
0
0
0
0
0
0
0
0
0
0
0
0
0
0
-0.53341
-0.5105
-0.49587
-0.47264
-0.47475
0
0
0
0
0
0
0
0
0
0
2.4872
0
0
0
0
0
0
0
0
0
0
0
0
0
0
0
-0.20646
0
0
0
0
0
0
0
-0.27199
0
0
0
0
0
0
2.3822
0
-1.73
0
0
0
0
0
0
0
0
0
-0.17382
0
-0.63943
-0.59773
0
-0.56083
0
0
0
0
0
0
0
0
0
0
0
0
0
2.886
-1.088
0
0
0
0
0
0
0
0
0
0
0
0
0
0
0
0
0
0
0
0
-1.8165
0
0
0
0
0
0
-1.73
-1.088
9.1964
0
0
-4.5619
0
0
0
0
0
0
0
0
0
0
0
0
0
0
0
0
0
0
-0.1045
0
0
0
0
0
0
0
0
5.3298
-3.5151
0
0
0
0
0
0
0
0
-1.7101
0
0
0
0
0
0
0
0
-3.1371
0
0
0
0
0
0
0
0
0
0
-3.5151
10.0606
-3.4084
0
0
0
0
0
0
0
0
0
0
0
0
0
0
0
0
0
0
0
0
0
0
0
0
0
0
-4.5619
0
-3.4084
7.9703
0
0
0
0
0
0
0
0
0
0
0
0
0
0
-7.4151
0
0
0
0
0
0
0
0
0
0
0
0
0
0
0
7.4151
0
0
0
0
0
0
0
0
0
0
0
0
0
0
0
0
0
0
0
-1.6318
0
0
0
0
0
0
0
0
0
0
1.6318
0
0
0
0
0
0
-9.2462
0
0
0
0
0
0
0
0
0
0
0
0
0
0
0
0
0
0
0
0
0
0
0
9.2462
0
0
0
0
0
0
0
0
0
0
0
0
0
-3.8149
0
0
0
0
0
0
0
0
0
0
0
0
0
0
0
0
3.8149
0
0
0
0
0
0
-8.5283
0
0
0
0
0
0
0
0
0
0
0
0
0
0
0
0
0
0
0
0
0
0
0
8.5283
0
0
0
0
0
0
0
0
-7.4151
0
0
0
0
0
0
0
0
0
0
0
0
0
0
0
0
0
0
0
0
0
7.4151
0
0
0
0
0
0
0
0
0
0
0
0
0
0
0
0
0
0
-0.17382
0
0
0
0
0
0
0
0
0
0
0
0.17382
0
0
0
0
0
0
0
0
0
0
0
0
0
0
0
0
0
0
0
0
-1.7101
0
0
0
0
0
0
0
0
0
1.7101
