18.8479
-0.5898
-0.60242
-0.61475
-0.5963
-0.62119
-0.5996
-0.60242
-0.58125
-0.58426
-0.60783
0
0
-0.65489
0
0
0
0
0
0
0
-2.8991
0
-4.647
0
0
0
0
-4.647
0
-0.5898
15.4687
-0.59765
-0.60901
-0.59218
-0.62063
-0.59582
-0.59765
-0.57644
-0.57869
-0.60223
0
0
0
0
0
0
0
0
0
-1.4019
0
0
0
0
-4.0534
0
-4.0534
0
0
-0.60242
-0.59765
8.3313
-0.63738
-0.58016
-0.63889
-0.58314
-0.58264
-0.56604
-0.57546
-0.60797
0
0
0
0
0
0
0
0
0
0
0
0
0
-2.3595
0
0
0
0
0
-0.61475
-0.60901
-0.63738
7.0278
-0.59828
-0.62651
-0.6434
-0.63738
-0.59038
-0.57945
0
-0.92277
0
0
0
0
-0.56848
0
0
0
0
0
0
0
0
0
0
0
0
0
-0.5963
-0.59218
-0.58016
-0.59828
6.45
-0.6412
-0.58069
-0.58016
-0.56087
-0.56845
-0.5954
0
0
0
0
0
-0.55626
0
0
0
0
0
0
0
0
0
0
0
0
0
-0.62119
-0.62063
-0.63889
-0.62651
-0.6412
7.9869
-0.59754
-0.63889
-0.59172
-0.58033
0
0
0
-0.66643
0
0
0
0
0
-1.7635
0
0
0
0
0
0
0
0
0
0
-0.5996
-0.59582
-0.58314
-0.6434
-0.58069
-0.59754
6.5384
-0.58314
-0.56223
-0.56938
-0.59714
0
0
-0.6263
0
0
0
0
0
0
0
0
0
0
0
0
0
0
0
0
-0.60242
-0.59765
-0.58264
-0.63738
-0.58016
-0.63889
-0.58314
8.3313
-0.56604
-0.57546
-0.60797
0
0
0
0
0
0
0
0
0
0
0
0
0
0
0
-2.3595
0
0
0
-0.58125
-0.57644
-0.56604
-0.59038
-0.56087
-0.59172
-0.56223
-0.56604
5.7214
-0.55225
-0.57421
0
0
0
0
0
0
0
0
0
0
0
0
0
0
0
0
0
0
0
-0.58426
-0.57869
-0.57546
-0.57945
-0.56845
-0.58033
-0.56938
-0.57546
-0.55225
5.1637
0
0
0
0
0
0
0
0
0
0
0
0
0
0
0
0
0
0
0
0
-0.60783
-0.60223
-0.60797
0
-0.5954
0
-0.59714
-0.60797
-0.57421
0
5.2168
0
0
0
0
-1.0241
0
0
0
0
0
0
0
0
0
0
0
0
0
0
0
0
0
-0.92277
0
0
0
0
0
0
0
4.6807
-1.1021
0
-1.1218
0
0
0
0
0
0
-1.5341
0
0
0
0
0
0
0
0
0
0
0
0
0
0
0
0
0
0
0
-1.1021
5.7479
-0.58152
-1.4162
0
0
0
0
0
0
0
-2.6481
0
0
0
0
0
0
0
-0.65489
0
0
0
0
-0.66643
-0.6263
0
0
0
0
0
-0.58152
2.5292
0
0
0
0
0
0
0
0
0
0
0
0
0
0
0
0
0
0
0
0
0
0
0
0
0
0
0
-1.1218
-1.4162
0
3.2263
-0.68834
0
0
0
0
0
0
0
0
0
0
0
0
0
0
0
0
0
0
0
0
0
0
0
0
-1.0241
0
0
0
-0.68834
2.862
0
-1.1496
0
0
0
0
0
0
0
0
0
0
0
0
0
0
0
-0.56848
-0.55626
0
0
0
0
0
0
0
0
0
0
0
1.7653
0
0
0
0
0
0
0
0
0
0
0
0
-0.64052
0
0
0
0
0
0
0
0
0
0
0
0
0
0
0
-1.1496
0
5.1408
-2.7395
-1.2516
0
0
0
0
0
0
0
0
0
0
0
0
0
0
0
0
0
0
0
0
0
0
0
0
0
0
0
-2.7395
3.7223
0
-0.98273
0
0
0
0
0
0
0
0
0
0
0
0
0
0
-1.7635
0
0
0
0
0
0
0
0
0
0
0
-1.2516
0
3.0152
0
0
0
0
0
0
0
0
0
0
0
-1.4019
0
0
0
0
0
0
0
0
0
0
0
0
0
0
0
0
-0.98273
0
2.3846
0
0
0
0
0
0
0
0
0
-2.8991
0
0
0
0
0
0
0
0
0
0
-1.5341
0
0
0
0
0
0
0
0
0
4.4332
0
0
0
0
0
0
0
0
0
0
0
0
0
0
0
0
0
0
0
0
-2.6481
0
0
0
0
0
0
0
0
0
2.6481
0
0
0
0
0
0
0
-4.647
0
0
0
0
0
0
0
0
0
0
0
0
0
0
0
0
0
0
0
0
0
0
4.647
0
0
0
0
0
0
0
0
-2.3595
0
0
0
0
0
0
0
0
0
0
0
0
0
0
0
0
0
0
0
0
0
2.3595
0
0
0
0
0
0
-4.0534
0
0
0
0
0
0
0
0
0
0
0
0
0
0
0
0
0
0
0
0
0
0
0
4.0534
0
0
0
0
0
0
0
0
0
0
0
-2.3595
0
0
0
0
0
0
0
0
0
0
0
0
0
0
0
0
0
0
2.3595
0
0
0
0
-4.0534
0
0
0
0
0
0
0
0
0
0
0
0
0
0
0
0
0
0
0
0
0
0
0
0
0
4.0534
0
0
-4.647
0
0
0
0
0
0
0
0
0
0
0
0
0
0
0
0
0
0
0
0
0
0
0
0
0
0
0
4.647
0
0
0
0
0
0
0
0
0
0
0
0
0
0
0
0
0
-0.64052
0
0
0
0
0
0
0
0
0
0
0
0
0.64052
