31.4819
-1.115
-1.115
-1.115
-1.115
-1.115
-1.115
-1.115
-1.0004
-1.0121
-1.0004
-1.0644
-1.0663
-1.0644
-0.96307
-0.96307
-0.96307
-0.96307
-0.96307
-0.9845
-0.9845
-1.0743
-1.0112
-0.78615
0
-7.8132
0
0
0
0
-1.115
21.4647
-0.99674
-0.99674
-0.99674
-0.99674
-0.99674
-0.99674
-0.89784
-0.92721
-0.89784
-0.97379
-0.95979
-0.97379
-0.86698
-0.86698
-0.86698
-0.86698
-0.86698
-0.88588
-0.88588
-0.96485
-0.90488
-0.7627
0
0
0
0
0
0
-1.115
-0.99674
21.4647
-0.99674
-0.99674
-0.99674
-0.99674
-0.99674
-0.89784
-0.92721
-0.89784
-0.97379
-0.95979
-0.97379
-0.86698
-0.86698
-0.86698
-0.86698
-0.86698
-0.88588
-0.88588
-0.96485
-0.90488
-0.7627
0
0
0
0
0
0
-1.115
-0.99674
-0.99674
21.4647
-0.99674
-0.99674
-0.99674
-0.99674
-0.89784
-0.92721
-0.89784
-0.97379
-0.95979
-0.97379
-0.86698
-0.86698
-0.86698
-0.86698
-0.86698
-0.88588
-0.88588
-0.96485
-0.90488
-0.7627
0
0
0
0
0
0
-1.115
-0.99674
-0.99674
-0.99674
21.4647
-0.99674
-0.99674
-0.99674
-0.89784
-0.92721
-0.89784
-0.97379
-0.95979
-0.97379
-0.86698
-0.86698
-0.86698
-0.86698
-0.86698
-0.88588
-0.88588
-0.96485
-0.90488
-0.7627
0
0
0
0
0
0
-1.115
-0.99674
-0.99674
-0.99674
-0.99674
21.4647
-0.99674
-0.99674
-0.89784
-0.92721
-0.89784
-0.97379
-0.95979
-0.97379
-0.86698
-0.86698
-0.86698
-0.86698
-0.86698
-0.88588
-0.88588
-0.96485
-0.90488
-0.7627
0
0
0
0
0
0
-1.115
-0.99674
-0.99674
-0.99674
-0.99674
-0.99674
21.4647
-0.99674
-0.89784
-0.92721
-0.89784
-0.97379
-0.95979
-0.97379
-0.86698
-0.86698
-0.86698
-0.86698
-0.86698
-0.88588
-0.88588
-0.96485
-0.90488
-0.7627
0
0
0
0
0
0
-1.115
-0.99674
-0.99674
-0.99674
-0.99674
-0.99674
-0.99674
21.4647
-0.89784
-0.92721
-0.89784
-0.97379
-0.95979
-0.97379
-0.86698
-0.86698
-0.86698
-0.86698
-0.86698
-0.88588
-0.88588
-0.96485
-0.90488
-0.7627
0
0
0
0
0
0
-1.0004
-0.89784
-0.89784
-0.89784
-0.89784
-0.89784
-0.89784
-0.89784
18.4307
-0.80501
-0.79078
-0.84762
-0.84414
-0.84762
-0.76272
-0.76272
-0.76272
-0.76272
-0.76272
-0.77906
-0.77906
-0.84452
-0.79407
0
0
0
0
0
0
0
-1.0121
-0.92721
-0.92721
-0.92721
-0.92721
-0.92721
-0.92721
-0.92721
-0.80501
25.0639
-0.80501
-0.8424
-0.85913
-0.8424
-0.77531
-0.77531
-0.77531
-0.77531
-0.77531
-0.79196
-0.79196
-0.86076
0
0
0
0
0
0
-7.0861
0
-1.0004
-0.89784
-0.89784
-0.89784
-0.89784
-0.89784
-0.89784
-0.89784
-0.79078
-0.80501
18.4307
-0.84762
-0.84414
-0.84762
-0.76272
-0.76272
-0.76272
-0.76272
-0.76272
-0.77906
-0.77906
-0.84452
-0.79407
0
0
0
0
0
0
0
-1.0644
-0.97379
-0.97379
-0.97379
-0.97379
-0.97379
-0.97379
-0.97379
-0.84762
-0.8424
-0.84762
24.9317
-0.91768
-0.91547
-0.83003
-0.83003
-0.83003
-0.83003
-0.83003
-0.84801
-0.84801
0
0
0
-6.8338
0
0
0
0
0
-1.0663
-0.95979
-0.95979
-0.95979
-0.95979
-0.95979
-0.95979
-0.95979
-0.84414
-0.85913
-0.84414
-0.91768
18.8395
-0.91768
-0.81829
-0.81829
-0.81829
-0.81829
-0.81829
-0.83598
-0.83598
-0.90847
0
0
0
0
0
0
0
0
-1.0644
-0.97379
-0.97379
-0.97379
-0.97379
-0.97379
-0.97379
-0.97379
-0.84762
-0.8424
-0.84762
-0.91547
-0.91768
24.9317
-0.83003
-0.83003
-0.83003
-0.83003
-0.83003
-0.84801
-0.84801
0
0
0
0
0
0
0
0
-6.8338
-0.96307
-0.86698
-0.86698
-0.86698
-0.86698
-0.86698
-0.86698
-0.86698
-0.76272
-0.77531
-0.76272
-0.83003
-0.81829
-0.83003
16.1412
-0.71662
-0.71662
-0.71662
-0.71662
-0.73189
-0.73189
0
0
0
0
0
0
0
0
0
-0.96307
-0.86698
-0.86698
-0.86698
-0.86698
-0.86698
-0.86698
-0.86698
-0.76272
-0.77531
-0.76272
-0.83003
-0.81829
-0.83003
-0.71662
16.1412
-0.71662
-0.71662
-0.71662
-0.73189
-0.73189
0
0
0
0
0
0
0
0
0
-0.96307
-0.86698
-0.86698
-0.86698
-0.86698
-0.86698
-0.86698
-0.86698
-0.76272
-0.77531
-0.76272
-0.83003
-0.81829
-0.83003
-0.71662
-0.71662
16.1412
-0.71662
-0.71662
-0.73189
-0.73189
0
0
0
0
0
0
0
0
0
-0.96307
-0.86698
-0.86698
-0.86698
-0.86698
-0.86698
-0.86698
-0.86698
-0.76272
-0.77531
-0.76272
-0.83003
-0.81829
-0.83003
-0.71662
-0.71662
-0.71662
16.1412
-0.71662
-0.73189
-0.73189
0
0
0
0
0
0
0
0
0
-0.96307
-0.86698
-0.86698
-0.86698
-0.86698
-0.86698
-0.86698
-0.86698
-0.76272
-0.77531
-0.76272
-0.83003
-0.81829
-0.83003
-0.71662
-0.71662
-0.71662
-0.71662
16.1412
-0.73189
-0.73189
0
0
0
0
0
0
0
0
0
-0.9845
-0.88588
-0.88588
-0.88588
-0.88588
-0.88588
-0.88588
-0.88588
-0.77906
-0.79196
-0.77906
-0.84801
-0.83598
-0.84801
-0.73189
-0.73189
-0.73189
-0.73189
-0.73189
15.7272
0
0
0
0
0
0
0
0
0
0
-0.9845
-0.88588
-0.88588
-0.88588
-0.88588
-0.88588
-0.88588
-0.88588
-0.77906
-0.79196
-0.77906
-0.84801
-0.83598
-0.84801
-0.73189
-0.73189
-0.73189
-0.73189
-0.73189
0
15.7272
0
0
0
0
0
0
0
0
0
-1.0743
-0.96485
-0.96485
-0.96485
-0.96485
-0.96485
-0.96485
-0.96485
-0.84452
-0.86076
-0.84452
0
-0.90847
0
0
0
0
0
0
0
0
11.2864
0
0
0
0
0
0
0
0
-1.0112
-0.90488
-0.90488
-0.90488
-0.90488
-0.90488
-0.90488
-0.90488
-0.79407
0
-0.79407
0
0
0
0
0
0
0
0
0
0
0
8.9335
0
0
0
0
0
0
0
-0.78615
-0.7627
-0.7627
-0.7627
-0.7627
-0.7627
-0.7627
-0.7627
0
0
0
0
0
0
0
0
0
0
0
0
0
0
0
11.4071
0
0
-2.641
-2.641
0
0
0
0
0
0
0
0
0
0
0
0
0
-6.8338
0
0
0
0
0
0
0
0
0
0
0
0
6.8338
0
0
0
0
0
-7.8132
0
0
0
0
0
0
0
0
0
0
0
0
0
0
0
0
0
0
0
0
0
0
0
0
7.8132
0
0
0
0
0
0
0
0
0
0
0
0
0
0
0
0
0
0
0
0
0
0
0
0
0
0
0
-2.641
0
0
2.641
0
0
0
0
0
0
0
0
0
0
0
0
0
0
0
0
0
0
0
0
0
0
0
0
0
0
-2.641
0
0
0
2.641
0
0
0
0
0
0
0
0
0
0
0
-7.0861
0
0
0
0
0
0
0
0
0
0
0
0
0
0
0
0
0
0
7.0861
0
0
0
0
0
0
0
0
0
0
0
0
0
0
-6.8338
0
0
0
0
0
0
0
0
0
0
0
0
0
0
0
6.8338
