23.67
-0.66102
-0.6642
-0.66102
-0.64528
-0.61323
-0.60549
-0.70911
-0.67811
-0.69866
-0.61392
-0.61392
-0.61392
-0.68361
-0.51359
-0.60658
-0.62232
-0.90437
-0.99305
0
0
0
0
0
-11.5686
0
0
0
0
0
-0.66102
11.2505
-0.62095
-0.60312
-0.60138
-0.57344
-0.56333
-0.65498
-0.62772
-0.64683
-0.56866
-0.56866
-0.56866
-0.63954
-0.50391
-0.57173
-0.57536
-0.81696
-0.88423
0
0
0
0
0
0
0
0
0
0
0
-0.6642
-0.62095
11.0258
-0.62095
-0.5986
-0.57535
-0.56233
-0.64906
-0.62586
-0.64257
-0.56723
-0.56723
-0.56723
-0.63469
-0.49908
-0.56721
-0.57522
-0.82133
0
0
-0.66663
0
0
0
0
0
0
0
0
0
-0.66102
-0.60312
-0.62095
11.2505
-0.60138
-0.57344
-0.56333
-0.65498
-0.62772
-0.64683
-0.56866
-0.56866
-0.56866
-0.63954
-0.50391
-0.57173
-0.57536
-0.81696
-0.88423
0
0
0
0
0
0
0
0
0
0
0
-0.64528
-0.60138
-0.5986
-0.60138
19.9676
-0.54497
-0.53903
-0.61843
-0.60323
-0.61347
-0.54734
-0.54734
-0.54734
-0.59982
-0.45142
-0.53394
-0.55519
0
0
0
0
0
0
-10.8194
0
0
0
0
0
0
-0.61323
-0.57344
-0.57535
-0.57344
-0.54497
8.8993
-0.51736
-0.59295
-0.57649
-0.58401
-0.52341
-0.52341
-0.52341
-0.57476
-0.45357
-0.51448
-0.53048
0
0
-0.1045
0
0
0
0
0
0
0
0
0
0
-0.60549
-0.56333
-0.56233
-0.56333
-0.53903
-0.51736
8.6897
-0.5803
-0.56987
-0.5792
-0.5165
-0.5165
-0.5165
-0.5723
-0.45201
-0.51304
-0.52259
0
0
0
0
0
0
0
0
0
0
0
0
0
-0.70911
-0.65498
-0.64906
-0.65498
-0.61843
-0.59295
-0.5803
16.5022
-0.68328
-0.7141
-0.61483
-0.61483
-0.61483
0
0
0
0
0
0
0
-0.70065
-8.0998
0
0
0
0
0
0
0
0
-0.67811
-0.62772
-0.62586
-0.62772
-0.60323
-0.57649
-0.56987
-0.68328
8.0691
-0.68322
-0.58033
-0.58033
-0.58033
-0.65261
0
0
0
0
0
0
0
0
0
0
0
0
0
0
0
0
-0.69866
-0.64683
-0.64257
-0.64683
-0.61347
-0.58401
-0.5792
-0.7141
-0.68322
15.0515
-0.59816
-0.59816
-0.59816
0
0
0
0
0
0
0
0
0
0
0
0
0
0
0
-7.4481
0
-0.61392
-0.56866
-0.56723
-0.56866
-0.54734
-0.52341
-0.5165
-0.61483
-0.58033
-0.59816
6.6841
-0.49255
-0.49255
0
0
0
0
0
0
0
0
0
0
0
0
0
0
0
0
0
-0.61392
-0.56866
-0.56723
-0.56866
-0.54734
-0.52341
-0.5165
-0.61483
-0.58033
-0.59816
-0.49255
6.6841
-0.49255
0
0
0
0
0
0
0
0
0
0
0
0
0
0
0
0
0
-0.61392
-0.56866
-0.56723
-0.56866
-0.54734
-0.52341
-0.5165
-0.61483
-0.58033
-0.59816
-0.49255
-0.49255
6.6841
0
0
0
0
0
0
0
0
0
0
0
0
0
0
0
0
0
-0.68361
-0.63954
-0.63469
-0.63954
-0.59982
-0.57476
-0.5723
0
-0.65261
0
0
0
0
7.2897
0
0
0
0
0
0
0
0
-2.2929
0
0
0
0
0
0
0
-0.51359
-0.50391
-0.49908
-0.50391
-0.45142
-0.45357
-0.45201
0
0
0
0
0
0
0
18.7575
0
0
0
0
0
0
0
0
0
0
0
-7.69
-7.69
0
0
-0.60658
-0.57173
-0.56721
-0.57173
-0.53394
-0.51448
-0.51304
0
0
0
0
0
0
0
0
4.3657
0
0
0
0
0
0
0
0
0
0
0
0
0
-0.48695
-0.62232
-0.57536
-0.57522
-0.57536
-0.55519
-0.53048
-0.52259
0
0
0
0
0
0
0
0
0
3.9565
0
0
0
0
0
0
0
0
0
0
0
0
0
-0.90437
-0.81696
-0.82133
-0.81696
0
0
0
0
0
0
0
0
0
0
0
0
0
3.3596
0
0
0
0
0
0
0
0
0
0
0
0
-0.99305
-0.88423
0
-0.88423
0
0
0
0
0
0
0
0
0
0
0
0
0
0
2.7615
0
0
0
0
0
0
0
0
0
0
0
0
0
0
0
0
-0.1045
0
0
0
0
0
0
0
0
0
0
0
0
0
0.86127
-0.53907
0
0
0
0
-0.21769
0
0
0
0
0
0
-0.66663
0
0
0
0
-0.70065
0
0
0
0
0
0
0
0
0
0
0
-0.53907
1.9064
0
0
0
0
0
0
0
0
0
0
0
0
0
0
0
0
-8.0998
0
0
0
0
0
0
0
0
0
0
0
0
0
8.0998
0
0
0
0
0
0
0
0
0
0
0
0
0
0
0
0
0
0
0
0
0
-2.2929
0
0
0
0
0
0
0
0
2.2929
0
0
0
0
0
0
0
0
0
0
0
-10.8194
0
0
0
0
0
0
0
0
0
0
0
0
0
0
0
0
0
0
10.8194
0
0
0
0
0
0
-11.5686
0
0
0
0
0
0
0
0
0
0
0
0
0
0
0
0
0
0
0
0
0
0
0
11.5686
0
0
0
0
0
0
0
0
0
0
0
0
0
0
0
0
0
0
0
0
0
0
0
0
-0.21769
0
0
0
0
0
0.21769
0
0
0
0
0
0
0
0
0
0
0
0
0
0
0
0
0
0
-7.69
0
0
0
0
0
0
0
0
0
0
0
7.69
0
0
0
0
0
0
0
0
0
0
0
0
0
0
0
0
0
-7.69
0
0
0
0
0
0
0
0
0
0
0
0
7.69
0
0
0
0
0
0
0
0
0
0
0
-7.4481
0
0
0
0
0
0
0
0
0
0
0
0
0
0
0
0
0
0
7.4481
0
0
0
0
0
0
0
0
0
0
0
0
0
0
0
0
-0.48695
0
0
0
0
0
0
0
0
0
0
0
0
0
0.48695
