11.9424
-0.50684
-0.5164
-0.5049
-0.47994
-0.49396
-0.49498
-0.47761
-0.46125
-0.4949
-0.60388
-0.4941
-0.66513
0
-0.61596
0
0
0
-2.7468
-0.44868
-1.7044
-0.23265
0
0
0
0
0
0
0
0
-0.50684
7.3655
-0.56339
-0.52828
-0.50331
-0.55152
-0.51946
-0.5184
-0.48338
-0.51786
-0.63654
-0.5089
-0.68472
0
0
0
0
-0.30002
0
-0.54287
0
0
0
0
0
0
0
0
0
0
-0.5164
-0.56339
9.9954
-0.53825
-0.51659
-0.54566
-0.52757
-0.53847
-0.49411
-0.52609
-0.64282
-0.51836
-0.71024
0
0
0
0
0
-2.7953
-0.56218
0
0
0
0
0
0
0
0
0
0
-0.5049
-0.52828
-0.53825
13.2097
-0.47502
-0.49342
-0.48365
-0.49504
-0.46236
-0.48079
-0.58356
-0.46366
-0.66029
0
0
0
0
0
0
0
0
0
0
0
0
0
0
0
0
-7.0405
-0.47994
-0.50331
-0.51659
-0.47502
6.8436
-0.47413
-0.46353
-0.47187
-0.44317
-0.45961
-0.5565
-0.45028
-0.62004
-0.92963
0
0
0
0
0
0
0
0
0
0
0
0
0
0
0
0
-0.49396
-0.55152
-0.54566
-0.49342
-0.47413
9.9167
-0.4899
-0.46848
-0.45588
-0.47351
-0.58974
0
0
0
0
-1.1294
0
0
0
0
0
0
-3.7511
0
0
0
0
0
0
0
-0.49498
-0.51946
-0.52757
-0.48365
-0.46353
-0.4899
5.3832
-0.5057
-0.42782
-0.45137
-0.55637
-0.46286
0
0
0
0
0
0
0
0
0
0
0
0
0
0
0
0
0
0
-0.47761
-0.5184
-0.53847
-0.49504
-0.47187
-0.46848
-0.5057
7.916
-0.41571
-0.44291
0
0
0
0
0
0
-1.8491
0
0
0
-1.7327
0
0
0
0
0
0
0
0
0
-0.46125
-0.48338
-0.49411
-0.46236
-0.44317
-0.45588
-0.42782
-0.41571
4.3382
-0.41145
0
0
0
0
0
0
0
0
0
0
0
-0.28313
0
0
0
0
0
0
0
0
-0.4949
-0.51786
-0.52609
-0.48079
-0.45961
-0.47351
-0.45137
-0.44291
-0.41145
4.2585
0
0
0
0
0
0
0
0
0
0
0
0
0
0
0
0
0
0
0
0
-0.60388
-0.63654
-0.64282
-0.58356
-0.5565
-0.58974
-0.55637
0
0
0
4.1694
0
0
0
0
0
0
0
0
0
0
0
0
0
0
0
0
0
0
0
-0.4941
-0.5089
-0.51836
-0.46366
-0.45028
0
-0.46286
0
0
0
0
2.8982
0
0
0
0
0
0
0
0
0
0
0
0
0
0
0
0
0
0
-0.66513
-0.68472
-0.71024
-0.66029
-0.62004
0
0
0
0
0
0
0
4.5855
-1.2451
0
0
0
0
0
0
0
0
0
0
0
0
0
0
0
0
0
0
0
0
-0.92963
0
0
0
0
0
0
0
-1.2451
6.9202
0
0
0
0
0
0
0
-1.1333
0
0
0
0
0
0
-3.6122
0
-0.61596
0
0
0
0
0
0
0
0
0
0
0
0
0
9.3409
0
-2.1537
0
0
0
0
0
0
-3.352
0
-3.2192
0
0
0
0
0
0
0
0
0
-1.1294
0
0
0
0
0
0
0
0
0
8.9665
0
-1.9726
0
0
0
0
0
-2.3928
-3.4717
0
0
0
0
0
0
0
0
0
0
0
0
-1.8491
0
0
0
0
0
0
-2.1537
0
5.669
0
0
0
0
0
-1.6662
0
0
0
0
0
0
0
0
-0.30002
0
0
0
0
0
0
0
0
0
0
0
0
0
-1.9726
0
3.0172
0
0
0
0
0
0
0
0
-0.74458
0
0
0
-2.7468
0
-2.7953
0
0
0
0
0
0
0
0
0
0
0
0
0
0
0
9.9229
0
0
0
0
0
-4.3808
0
0
0
0
0
-0.44868
-0.54287
-0.56218
0
0
0
0
0
0
0
0
0
0
0
0
0
0
0
0
1.5537
0
0
0
0
0
0
0
0
0
0
-1.7044
0
0
0
0
0
0
-1.7327
0
0
0
0
0
0
0
0
0
0
0
0
6.9721
0
0
0
0
0
0
-3.5349
0
0
-0.23265
0
0
0
0
0
0
0
-0.28313
0
0
0
0
-1.1333
0
0
0
0
0
0
0
1.649
0
0
0
0
0
0
0
0
0
0
0
0
0
-3.7511
0
0
0
0
0
0
0
0
0
0
-1.6662
0
0
0
0
0
5.4173
0
0
0
0
0
0
0
0
0
0
0
0
0
0
0
0
0
0
0
0
0
-3.352
-2.3928
0
0
0
0
0
0
0
5.7448
0
0
0
0
0
0
0
0
0
0
0
0
0
0
0
0
0
0
0
0
0
-3.4717
0
0
-4.3808
0
0
0
0
0
7.8525
0
0
0
0
0
0
0
0
0
0
0
0
0
0
0
0
0
0
0
-3.2192
0
0
0
0
0
0
0
0
0
0
3.2192
0
0
0
0
0
0
0
0
0
0
0
0
0
0
0
0
0
0
0
0
0
-0.74458
0
0
0
0
0
0
0
0
0.74458
0
0
0
0
0
0
0
0
0
0
0
0
0
0
0
0
0
0
0
0
0
0
0
-3.5349
0
0
0
0
0
0
3.5349
0
0
0
0
0
0
0
0
0
0
0
0
0
0
0
-3.6122
0
0
0
0
0
0
0
0
0
0
0
0
0
0
3.6122
0
0
0
0
-7.0405
0
0
0
0
0
0
0
0
0
0
0
0
0
0
0
0
0
0
0
0
0
0
0
0
0
7.0405
