21.8944
-0.7462
-0.7462
-0.7163
-0.72798
-0.63111
-0.6894
-0.6894
-0.72697
-0.72697
-0.6647
-0.6647
-0.6647
-0.68839
-0.63346
-0.66588
-0.68661
-0.73803
-0.73803
-0.9914
-1.0854
0
0
0
0
0
0
0
0
-7.2726
-0.7462
14.3722
-0.72626
-0.70386
-0.72591
-0.67136
-0.67846
-0.67846
-0.72753
-0.72753
-0.65623
-0.65623
-0.65623
-0.69017
-0.6245
-0.66927
-0.67632
-0.71336
-0.71336
-0.93161
-0.99937
0
0
0
0
0
0
0
0
0
-0.7462
-0.72626
14.3722
-0.70386
-0.72591
-0.67136
-0.67846
-0.67846
-0.72753
-0.72753
-0.65623
-0.65623
-0.65623
-0.69017
-0.6245
-0.66927
-0.67632
-0.71336
-0.71336
-0.93161
-0.99937
0
0
0
0
0
0
0
0
0
-0.7163
-0.70386
-0.70386
12.8246
-0.691
-0.64879
-0.6467
-0.6467
-0.69086
-0.69086
-0.62714
-0.62714
-0.62714
-0.65591
-0.59659
-0.63597
-0.64655
-0.6853
-0.6853
-0.89868
0
0
0
0
0
0
0
0
0
0
-0.72798
-0.72591
-0.72591
-0.691
18.2863
-0.61001
-0.65668
-0.65668
-0.68774
-0.68774
-0.63524
-0.63524
-0.63524
-0.65177
-0.60512
-0.63016
-0.65685
-0.71259
-0.71259
0
0
0
0
0
-6.2418
0
0
0
0
0
-0.63111
-0.67136
-0.67136
-0.64879
-0.61001
43.2476
-0.60709
-0.60709
-0.58047
-0.58047
-0.57606
-0.57606
-0.57606
-0.5479
-0.55113
-0.5261
-0.60214
0
0
0
0
-11.2282
0
-11.2282
0
0
0
0
-11.2282
0
-0.6894
-0.67846
-0.67846
-0.6467
-0.65668
-0.60709
11.4641
-0.62277
-0.66098
-0.66098
-0.60319
-0.60319
-0.60319
-0.62879
-0.5733
-0.60954
-0.62205
-0.65966
-0.65966
0
0
0
0
0
0
0
0
0
0
0
-0.6894
-0.67846
-0.67846
-0.6467
-0.65668
-0.60709
-0.62277
11.4641
-0.66098
-0.66098
-0.60319
-0.60319
-0.60319
-0.62879
-0.5733
-0.60954
-0.62205
-0.65966
-0.65966
0
0
0
0
0
0
0
0
0
0
0
-0.72697
-0.72753
-0.72753
-0.69086
-0.68774
-0.58047
-0.66098
-0.66098
15.4531
-0.69553
-0.63592
-0.63592
-0.63592
-0.65535
-0.60563
-0.63215
-0.66143
0
0
0
0
0
-4.8322
0
0
0
0
0
0
0
-0.72697
-0.72753
-0.72753
-0.69086
-0.68774
-0.58047
-0.66098
-0.66098
-0.69553
15.4531
-0.63592
-0.63592
-0.63592
-0.65535
-0.60563
-0.63215
-0.66143
0
0
0
0
0
0
0
0
0
-4.8322
0
0
0
-0.6647
-0.65623
-0.65623
-0.62714
-0.63524
-0.57606
-0.60319
-0.60319
-0.63592
-0.63592
9.7244
-0.55249
-0.55249
-0.60323
-0.54333
-0.58215
-0.59689
0
0
0
0
0
0
0
0
0
0
0
0
0
-0.6647
-0.65623
-0.65623
-0.62714
-0.63524
-0.57606
-0.60319
-0.60319
-0.63592
-0.63592
-0.55249
9.7244
-0.55249
-0.60323
-0.54333
-0.58215
-0.59689
0
0
0
0
0
0
0
0
0
0
0
0
0
-0.6647
-0.65623
-0.65623
-0.62714
-0.63524
-0.57606
-0.60319
-0.60319
-0.63592
-0.63592
-0.55249
-0.55249
9.7244
-0.60323
-0.54333
-0.58215
-0.59689
0
0
0
0
0
0
0
0
0
0
0
0
0
-0.68839
-0.69017
-0.69017
-0.65591
-0.65177
-0.5479
-0.62879
-0.62879
-0.65535
-0.65535
-0.60323
-0.60323
-0.60323
11.4501
-0.51519
0
0
0
0
0
0
0
0
0
0
-2.6326
0
0
0
0
-0.63346
-0.6245
-0.6245
-0.59659
-0.60512
-0.55113
-0.5733
-0.5733
-0.60563
-0.60563
-0.54333
-0.54333
-0.54333
-0.51519
8.6932
0
-0.55482
0
0
0
0
0
0
0
0
0
0
0
0
0
-0.66588
-0.66927
-0.66927
-0.63597
-0.63016
-0.5261
-0.60954
-0.60954
-0.63215
-0.63215
-0.58215
-0.58215
-0.58215
0
0
9.462
0
0
0
0
0
0
0
0
0
0
0
-1.4355
0
0
-0.68661
-0.67632
-0.67632
-0.64655
-0.65685
-0.60214
-0.62205
-0.62205
-0.66143
-0.66143
-0.59689
-0.59689
-0.59689
0
-0.55482
0
8.8572
0
0
0
0
0
0
0
0
0
0
0
0
0
-0.73803
-0.71336
-0.71336
-0.6853
-0.71259
0
-0.65966
-0.65966
0
0
0
0
0
0
0
0
0
4.882
0
0
0
0
0
0
0
0
0
0
0
0
-0.73803
-0.71336
-0.71336
-0.6853
-0.71259
0
-0.65966
-0.65966
0
0
0
0
0
0
0
0
0
0
4.882
0
0
0
0
0
0
0
0
0
0
0
-0.9914
-0.93161
-0.93161
-0.89868
0
0
0
0
0
0
0
0
0
0
0
0
0
0
0
3.7533
0
0
0
0
0
0
0
0
0
0
-1.0854
-0.99937
-0.99937
0
0
0
0
0
0
0
0
0
0
0
0
0
0
0
0
0
3.0841
0
0
0
0
0
0
0
0
0
0
0
0
0
0
-11.2282
0
0
0
0
0
0
0
0
0
0
0
0
0
0
0
11.2282
0
0
0
0
0
0
0
0
0
0
0
0
0
0
0
0
-4.8322
0
0
0
0
0
0
0
0
0
0
0
0
0
4.8322
0
0
0
0
0
0
0
0
0
0
0
0
-11.2282
0
0
0
0
0
0
0
0
0
0
0
0
0
0
0
0
0
11.2282
0
0
0
0
0
0
0
0
0
0
-6.2418
0
0
0
0
0
0
0
0
0
0
0
0
0
0
0
0
0
0
0
6.2418
0
0
0
0
0
0
0
0
0
0
0
0
0
0
0
0
0
0
-2.6326
0
0
0
0
0
0
0
0
0
0
0
2.6326
0
0
0
0
0
0
0
0
0
0
0
0
0
-4.8322
0
0
0
0
0
0
0
0
0
0
0
0
0
0
0
0
4.8322
0
0
0
0
0
0
0
0
0
0
0
0
0
0
0
0
0
0
-1.4355
0
0
0
0
0
0
0
0
0
0
0
1.4355
0
0
0
0
0
0
0
-11.2282
0
0
0
0
0
0
0
0
0
0
0
0
0
0
0
0
0
0
0
0
0
0
11.2282
0
-7.2726
0
0
0
0
0
0
0
0
0
0
0
0
0
0
0
0
0
0
0
0
0
0
0
0
0
0
0
0
7.2726
