19.1835
-0.58609
-0.60968
-0.5358
-0.5358
-0.54243
-0.56468
-0.5553
-0.61693
-0.55292
-0.55292
-0.55292
-0.60682
-0.52536
-0.58777
-0.66076
-0.66076
0
0
0
0
0
0
0
0
0
0
0
-9.9365
0
-0.58609
9.2022
-0.58609
-0.51752
-0.51752
-0.52751
-0.54331
-0.53582
-0.58954
-0.53285
-0.53285
-0.53285
-0.5808
-0.5174
-0.56866
-0.63151
-0.63151
-0.27036
0
0
0
0
0
0
0
0
0
0
0
0
-0.60968
-0.58609
19.1835
-0.5358
-0.5358
-0.54243
-0.56468
-0.5553
-0.61693
-0.55292
-0.55292
-0.55292
-0.60682
-0.52536
-0.58777
-0.66076
-0.66076
0
0
0
0
-9.9365
0
0
0
0
0
0
0
0
-0.5358
-0.51752
-0.5358
8.2453
-0.47284
-0.48283
-0.49927
-0.49345
-0.54139
-0.4892
-0.4892
-0.4892
-0.53662
-0.48034
-0.52736
-0.57721
-0.57721
0
0
0
0
0
0
0
0
0
0
0
0
0
-0.5358
-0.51752
-0.5358
-0.47284
8.2453
-0.48283
-0.49927
-0.49345
-0.54139
-0.4892
-0.4892
-0.4892
-0.53662
-0.48034
-0.52736
-0.57721
-0.57721
0
0
0
0
0
0
0
0
0
0
0
0
0
-0.54243
-0.52751
-0.54243
-0.48283
-0.48283
6.9087
-0.49785
-0.49053
-0.52998
-0.48681
-0.48681
-0.48681
-0.52708
-0.46911
0
0
0
-0.25119
0
-0.1045
0
0
0
0
0
0
0
0
0
0
-0.56468
-0.54331
-0.56468
-0.49927
-0.49927
-0.49785
8.9352
-0.50557
-0.55616
-0.50227
-0.50227
-0.50227
-0.53484
-0.49785
0
0
0
0
-2.1649
0
0
0
0
0
0
0
0
0
0
0
-0.5553
-0.53582
-0.5553
-0.49345
-0.49345
-0.49053
-0.50557
6.695
-0.54232
-0.49355
-0.49355
-0.49355
-0.54783
-0.49478
0
0
0
0
0
0
0
0
0
0
0
0
0
0
0
0
-0.61693
-0.58954
-0.61693
-0.54139
-0.54139
-0.52998
-0.55616
-0.54232
13.0538
-0.56934
-0.56934
-0.56934
0
0
0
0
0
0
0
0
0
0
0
-6.8111
0
0
0
0
0
0
-0.55292
-0.53285
-0.55292
-0.4892
-0.4892
-0.48681
-0.50227
-0.49355
-0.56934
5.6316
-0.48124
-0.48124
0
0
0
0
0
0
0
0
0
0
0
0
0
0
0
0
0
0
-0.55292
-0.53285
-0.55292
-0.4892
-0.4892
-0.48681
-0.50227
-0.49355
-0.56934
-0.48124
5.6316
-0.48124
0
0
0
0
0
0
0
0
0
0
0
0
0
0
0
0
0
0
-0.55292
-0.53285
-0.55292
-0.4892
-0.4892
-0.48681
-0.50227
-0.49355
-0.56934
-0.48124
-0.48124
5.6316
0
0
0
0
0
0
0
0
0
0
0
0
0
0
0
0
0
0
-0.60682
-0.5808
-0.60682
-0.53662
-0.53662
-0.52708
-0.53484
-0.54783
0
0
0
0
15.6351
0
0
0
0
0
0
0
-5.6189
0
0
0
0
0
0
0
0
-5.5387
-0.52536
-0.5174
-0.52536
-0.48034
-0.48034
-0.46911
-0.49785
-0.49478
0
0
0
0
0
20.0644
0
0
0
0
0
0
0
0
-8.0369
0
0
-8.0369
0
0
0
0
-0.58777
-0.56866
-0.58777
-0.52736
-0.52736
0
0
0
0
0
0
0
0
0
3.1191
0
0
0
0
0
0
0
0
0
-0.32013
0
0
0
0
0
-0.66076
-0.63151
-0.66076
-0.57721
-0.57721
0
0
0
0
0
0
0
0
0
0
3.1075
0
0
0
0
0
0
0
0
0
0
0
0
0
0
-0.66076
-0.63151
-0.66076
-0.57721
-0.57721
0
0
0
0
0
0
0
0
0
0
0
3.1075
0
0
0
0
0
0
0
0
0
0
0
0
0
0
-0.27036
0
0
0
-0.25119
0
0
0
0
0
0
0
0
0
0
0
0.70624
0
0
0
0
0
0
0
0
0
-0.1847
0
0
0
0
0
0
0
0
-2.1649
0
0
0
0
0
0
0
0
0
0
0
4.948
-1.7451
-1.0379
0
0
0
0
0
0
0
0
0
0
0
0
0
0
-0.1045
0
0
0
0
0
0
0
0
0
0
0
0
-1.7451
2.5782
0
0
0
0
0
0
-0.72859
0
0
0
0
0
0
0
0
0
0
0
0
0
0
0
-5.6189
0
0
0
0
0
-1.0379
0
6.6568
0
0
0
0
0
0
0
0
0
0
0
-9.9365
0
0
0
0
0
0
0
0
0
0
0
0
0
0
0
0
0
0
9.9365
0
0
0
0
0
0
0
0
0
0
0
0
0
0
0
0
0
0
0
0
0
-8.0369
0
0
0
0
0
0
0
0
8.0369
0
0
0
0
0
0
0
0
0
0
0
0
0
0
0
-6.8111
0
0
0
0
0
0
0
0
0
0
0
0
0
0
6.8111
0
0
0
0
0
0
0
0
0
0
0
0
0
0
0
0
0
0
0
0
-0.32013
0
0
0
0
0
0
0
0
0
0.32013
0
0
0
0
0
0
0
0
0
0
0
0
0
0
0
0
0
0
-8.0369
0
0
0
0
0
0
0
0
0
0
0
8.0369
0
0
0
0
0
0
0
0
0
0
0
0
0
0
0
0
0
0
0
0
0
0
0
-0.72859
0
0
0
0
0
0
0.72859
0
0
0
0
0
0
0
0
0
0
0
0
0
0
0
0
0
0
0
0
-0.1847
0
0
0
0
0
0
0
0
0
0.1847
0
0
-9.9365
0
0
0
0
0
0
0
0
0
0
0
0
0
0
0
0
0
0
0
0
0
0
0
0
0
0
0
9.9365
0
0
0
0
0
0
0
0
0
0
0
0
0
-5.5387
0
0
0
0
0
0
0
0
0
0
0
0
0
0
0
0
5.5387
