23.3363
-0.92466
-0.88328
-0.93043
-0.93043
-0.97041
-0.8988
-0.91674
-0.8988
-0.8988
-0.8988
-0.80783
-0.88338
-0.88338
-0.84207
-0.84207
-0.89098
-0.89098
-0.88338
-1.0489
-1.0489
-1.0341
0
-2.0646
-2.0646
0
0
0
0
0
-0.92466
32.6112
-0.89805
-0.90721
-0.90721
-0.9394
-0.87578
-0.85907
-0.87578
-0.87578
-0.87578
-0.78681
-0.8606
-0.8606
-0.82019
-0.82019
-0.86738
-0.86738
-0.86335
-1.0295
-1.0295
0
0
0
0
0
-7.4335
0
0
-7.4335
-0.88328
-0.89805
21.4541
-0.88946
-0.88946
-0.92579
-0.85985
-0.87824
-0.85985
-0.85985
-0.85985
-0.77296
-0.84964
-0.84964
-0.80577
-0.80577
-0.85123
-0.85123
-0.84339
-0.99762
-0.99762
0
0
-2.0128
-2.0128
0
0
0
0
0
-0.93043
-0.90721
-0.88946
18.1059
-0.9223
-0.96555
-0.89662
-0.91196
-0.89662
-0.89662
-0.89662
-0.80403
-0.8867
-0.8867
-0.83901
-0.83901
-0.88727
-0.88727
-0.87937
-1.0416
-1.0416
0
0
0
0
0
0
0
0
0
-0.93043
-0.90721
-0.88946
-0.9223
18.1059
-0.96555
-0.89662
-0.91196
-0.89662
-0.89662
-0.89662
-0.80403
-0.8867
-0.8867
-0.83901
-0.83901
-0.88727
-0.88727
-0.87937
-1.0416
-1.0416
0
0
0
0
0
0
0
0
0
-0.97041
-0.9394
-0.92579
-0.96555
-0.96555
17.7394
-0.93661
-0.95313
-0.93661
-0.93661
-0.93661
-0.8369
-0.92192
-0.92192
-0.87507
-0.87507
-0.92815
-0.92815
-0.92036
0
0
-1.0656
0
0
0
0
0
0
0
0
-0.8988
-0.87578
-0.85985
-0.89662
-0.89662
-0.93661
15.4005
-0.91334
-0.834
-0.834
-0.834
-0.76608
-0.8507
-0.8507
-0.80347
-0.80347
-0.85023
-0.85023
-0.84597
0
0
0
0
0
0
0
0
0
0
0
-0.91674
-0.85907
-0.87824
-0.91196
-0.91196
-0.95313
-0.91334
21.2675
-0.91334
-0.91334
-0.91334
-0.76313
-0.83201
-0.83201
-0.79818
-0.79818
-0.84304
-0.84304
0
0
0
0
0
0
0
-6.4734
0
0
0
0
-0.8988
-0.87578
-0.85985
-0.89662
-0.89662
-0.93661
-0.834
-0.91334
15.4005
-0.834
-0.834
-0.76608
-0.8507
-0.8507
-0.80347
-0.80347
-0.85023
-0.85023
-0.84597
0
0
0
0
0
0
0
0
0
0
0
-0.8988
-0.87578
-0.85985
-0.89662
-0.89662
-0.93661
-0.834
-0.91334
-0.834
15.4005
-0.834
-0.76608
-0.8507
-0.8507
-0.80347
-0.80347
-0.85023
-0.85023
-0.84597
0
0
0
0
0
0
0
0
0
0
0
-0.8988
-0.87578
-0.85985
-0.89662
-0.89662
-0.93661
-0.834
-0.91334
-0.834
-0.834
15.4005
-0.76608
-0.8507
-0.8507
-0.80347
-0.80347
-0.85023
-0.85023
-0.84597
0
0
0
0
0
0
0
0
0
0
0
-0.80783
-0.78681
-0.77296
-0.80403
-0.80403
-0.8369
-0.76608
-0.76313
-0.76608
-0.76608
-0.76608
13.0253
-0.73684
-0.73684
-0.70923
-0.70923
-0.74656
-0.74656
0
0
0
0
0
0
0
0
0
0
0
0
-0.88338
-0.8606
-0.84964
-0.8867
-0.8867
-0.92192
-0.8507
-0.83201
-0.8507
-0.8507
-0.8507
-0.73684
13.3249
-0.86204
-0.77441
-0.77441
0
0
0
0
0
0
-0.65346
0
0
0
0
0
0
0
-0.88338
-0.8606
-0.84964
-0.8867
-0.8867
-0.92192
-0.8507
-0.83201
-0.8507
-0.8507
-0.8507
-0.73684
-0.86204
13.3249
-0.77441
-0.77441
0
0
0
0
0
0
-0.65346
0
0
0
0
0
0
0
-0.84207
-0.82019
-0.80577
-0.83901
-0.83901
-0.87507
-0.80347
-0.79818
-0.80347
-0.80347
-0.80347
-0.70923
-0.77441
-0.77441
11.9752
-0.68401
0
0
0
0
0
0
0
0
0
0
0
0
0
0
-0.84207
-0.82019
-0.80577
-0.83901
-0.83901
-0.87507
-0.80347
-0.79818
-0.80347
-0.80347
-0.80347
-0.70923
-0.77441
-0.77441
-0.68401
11.9752
0
0
0
0
0
0
0
0
0
0
0
0
0
0
-0.89098
-0.86738
-0.85123
-0.88727
-0.88727
-0.92815
-0.85023
-0.84304
-0.85023
-0.85023
-0.85023
-0.74656
0
0
0
0
10.3028
0
0
0
0
0
0
0
0
0
0
0
0
0
-0.89098
-0.86738
-0.85123
-0.88727
-0.88727
-0.92815
-0.85023
-0.84304
-0.85023
-0.85023
-0.85023
-0.74656
0
0
0
0
0
10.3028
0
0
0
0
0
0
0
0
0
0
0
0
-0.88338
-0.86335
-0.84339
-0.87937
-0.87937
-0.92036
-0.84597
0
-0.84597
-0.84597
-0.84597
0
0
0
0
0
0
0
8.6531
0
0
0
0
0
0
0
0
0
0
0
-1.0489
-1.0295
-0.99762
-1.0416
-1.0416
0
0
0
0
0
0
0
0
0
0
0
0
0
0
5.1591
0
0
0
0
0
0
0
0
0
0
-1.0489
-1.0295
-0.99762
-1.0416
-1.0416
0
0
0
0
0
0
0
0
0
0
0
0
0
0
0
5.1591
0
0
0
0
0
0
0
0
0
-1.0341
0
0
0
0
-1.0656
0
0
0
0
0
0
0
0
0
0
0
0
0
0
0
3.363
0
0
0
0
0
0
-1.2634
0
0
0
0
0
0
0
0
0
0
0
0
0
-0.65346
-0.65346
0
0
0
0
0
0
0
0
1.8803
0
0
0
0
-0.57343
0
0
-2.0646
0
-2.0128
0
0
0
0
0
0
0
0
0
0
0
0
0
0
0
0
0
0
0
0
4.0774
0
0
0
0
0
0
-2.0646
0
-2.0128
0
0
0
0
0
0
0
0
0
0
0
0
0
0
0
0
0
0
0
0
0
4.0774
0
0
0
0
0
0
0
0
0
0
0
0
-6.4734
0
0
0
0
0
0
0
0
0
0
0
0
0
0
0
0
0
6.4734
0
0
0
0
0
-7.4335
0
0
0
0
0
0
0
0
0
0
0
0
0
0
0
0
0
0
0
0
0
0
0
0
7.4335
0
0
0
0
0
0
0
0
0
0
0
0
0
0
0
0
0
0
0
0
0
0
0
0
0
-0.57343
0
0
0
0
0.57343
0
0
0
0
0
0
0
0
0
0
0
0
0
0
0
0
0
0
0
0
0
0
0
-1.2634
0
0
0
0
0
0
1.2634
0
0
-7.4335
0
0
0
0
0
0
0
0
0
0
0
0
0
0
0
0
0
0
0
0
0
0
0
0
0
0
0
7.4335
