27.4177
-0.75042
-0.77814
-0.67681
-0.68656
-0.68656
-0.75525
-0.75525
-0.67898
-0.67898
-0.72062
-0.77753
-0.74433
-0.73937
-0.73937
-0.63304
-0.61656
-0.90181
-0.61656
-2.0706
0
-0.51675
0
0
-11.8942
0
0
0
0
0
-0.75042
14.2188
-0.82569
-0.70468
-0.69771
-0.69771
-0.77258
-0.77258
-0.69287
-0.69287
-0.73562
-0.80851
-0.75883
-0.75367
-0.75367
-0.66843
-0.6262
-0.86523
-0.6262
0
0
0
-1.0153
0
0
0
0
0
0
0
-0.77814
-0.82569
25.2357
-0.72648
-0.73674
-0.73674
-0.79325
-0.79325
-0.7108
-0.7108
-0.75458
-0.81501
-0.77958
-0.77432
-0.77432
-0.68546
-0.64557
0
-0.64557
0
-0.68969
0
0
0
0
0
-11.8597
0
0
0
-0.67681
-0.70468
-0.72648
13.1286
-0.64233
-0.64233
-0.68088
-0.68088
-0.61034
-0.61034
-0.64776
-0.70883
-0.6678
-0.66327
-0.66327
-0.58339
-0.55287
0
-0.55287
-2.1135
0
0
0
0
0
0
0
0
0
0
-0.68656
-0.69771
-0.73674
-0.64233
11.8203
-0.61195
-0.68194
-0.68194
-0.61057
-0.61057
-0.64807
-0.71161
-0.668
-0.66344
-0.66344
-0.59566
-0.55098
-0.80779
-0.55098
0
0
0
0
0
0
0
0
0
0
0
-0.68656
-0.69771
-0.73674
-0.64233
-0.61195
11.8203
-0.68194
-0.68194
-0.61057
-0.61057
-0.64807
-0.71161
-0.668
-0.66344
-0.66344
-0.59566
-0.55098
-0.80779
-0.55098
0
0
0
0
0
0
0
0
0
0
0
-0.75525
-0.77258
-0.79325
-0.68088
-0.68194
-0.68194
10.9564
-0.75446
-0.68464
-0.68464
-0.7294
-0.80533
-0.7542
-0.74878
-0.74878
-0.68035
0
0
0
0
0
0
0
0
0
0
0
0
0
0
-0.75525
-0.77258
-0.79325
-0.68088
-0.68194
-0.68194
-0.75446
10.9564
-0.68464
-0.68464
-0.7294
-0.80533
-0.7542
-0.74878
-0.74878
-0.68035
0
0
0
0
0
0
0
0
0
0
0
0
0
0
-0.67898
-0.69287
-0.7108
-0.61034
-0.61057
-0.61057
-0.68464
-0.68464
9.1682
-0.5852
-0.63803
-0.6939
-0.65839
-0.65463
-0.65463
0
0
0
0
0
0
0
0
0
0
0
0
0
0
0
-0.67898
-0.69287
-0.7108
-0.61034
-0.61057
-0.61057
-0.68464
-0.68464
-0.5852
9.1682
-0.63803
-0.6939
-0.65839
-0.65463
-0.65463
0
0
0
0
0
0
0
0
0
0
0
0
0
0
0
-0.72062
-0.73562
-0.75458
-0.64776
-0.64807
-0.64807
-0.7294
-0.7294
-0.63803
-0.63803
8.3021
-0.72448
-0.68806
0
0
0
0
0
0
0
0
0
0
0
0
0
0
0
0
0
-0.77753
-0.80851
-0.81501
-0.70883
-0.71161
-0.71161
-0.80533
-0.80533
-0.6939
-0.6939
-0.72448
18.7781
0
0
0
0
0
0
0
0
0
0
0
-10.522
0
0
0
0
0
0
-0.74433
-0.75883
-0.77958
-0.6678
-0.668
-0.668
-0.7542
-0.7542
-0.65839
-0.65839
-0.68806
0
7.7998
0
0
0
0
0
0
0
0
0
0
0
0
0
0
0
0
0
-0.73937
-0.75367
-0.77432
-0.66327
-0.66344
-0.66344
-0.74878
-0.74878
-0.65463
-0.65463
0
0
0
7.0643
0
0
0
0
0
0
0
0
0
0
0
0
0
0
0
0
-0.73937
-0.75367
-0.77432
-0.66327
-0.66344
-0.66344
-0.74878
-0.74878
-0.65463
-0.65463
0
0
0
0
7.0643
0
0
0
0
0
0
0
0
0
0
0
0
0
0
0
-0.63304
-0.66843
-0.68546
-0.58339
-0.59566
-0.59566
-0.68035
-0.68035
0
0
0
0
0
0
0
5.9353
0
0
0
0
0
0
-0.81293
0
0
0
0
0
0
0
-0.61656
-0.6262
-0.64557
-0.55287
-0.55098
-0.55098
0
0
0
0
0
0
0
0
0
0
3.5432
0
0
0
0
0
0
0
0
0
0
0
0
0
-0.90181
-0.86523
0
0
-0.80779
-0.80779
0
0
0
0
0
0
0
0
0
0
0
6.9593
0
0
-1.8493
-1.7274
0
0
0
0
0
0
0
0
-0.61656
-0.6262
-0.64557
-0.55287
-0.55098
-0.55098
0
0
0
0
0
0
0
0
0
0
0
0
3.5432
0
0
0
0
0
0
0
0
0
0
0
-2.0706
0
0
-2.1135
0
0
0
0
0
0
0
0
0
0
0
0
0
0
0
8.1475
0
0
0
0
0
0
0
0
0
-3.9634
0
0
-0.68969
0
0
0
0
0
0
0
0
0
0
0
0
0
0
-1.8493
0
0
3.3817
0
0
0
0
0
0
0
-0.84275
0
-0.51675
0
0
0
0
0
0
0
0
0
0
0
0
0
0
0
0
-1.7274
0
0
0
2.7848
0
0
0
0
0
-0.54065
0
0
0
-1.0153
0
0
0
0
0
0
0
0
0
0
0
0
0
-0.81293
0
0
0
0
0
0
3.5056
0
0
-1.6773
0
0
0
0
0
0
0
0
0
0
0
0
0
0
0
-10.522
0
0
0
0
0
0
0
0
0
0
0
10.522
0
0
0
0
0
0
-11.8942
0
0
0
0
0
0
0
0
0
0
0
0
0
0
0
0
0
0
0
0
0
0
0
11.8942
0
0
0
0
0
0
0
0
0
0
0
0
0
0
0
0
0
0
0
0
0
0
0
0
0
0
0
-1.6773
0
0
1.6773
0
0
0
0
0
0
-11.8597
0
0
0
0
0
0
0
0
0
0
0
0
0
0
0
0
0
0
0
0
0
0
0
11.8597
0
0
0
0
0
0
0
0
0
0
0
0
0
0
0
0
0
0
0
0
0
0
0
0
-0.54065
0
0
0
0
0
0.54065
0
0
0
0
0
0
0
0
0
0
0
0
0
0
0
0
0
0
0
0
0
0
-0.84275
0
0
0
0
0
0
0
0.84275
0
0
0
0
0
0
0
0
0
0
0
0
0
0
0
0
0
0
0
0
-3.9634
0
0
0
0
0
0
0
0
0
3.9634
