34.7433
-0.86212
-0.87781
-0.92292
-0.92292
-0.92292
-0.92292
-0.92292
-0.82185
-0.82185
-0.87457
-0.89667
-0.81421
-0.81421
-0.81421
-0.81421
-0.81421
-0.83081
-0.87719
-0.89
-1.3381
0
0
-0.92107
-8.0228
0
0
-8.0228
0
0
-0.86212
25.1669
-0.85644
-0.90219
-0.90219
-0.90219
-0.90219
-0.90219
-0.80346
-0.80346
-0.8743
-0.87678
-0.79472
-0.79472
-0.79472
-0.79472
-0.79472
-0.8391
-0.85268
-0.86462
-1.2964
0
0
-0.88139
0
0
0
0
-6.8715
0
-0.87781
-0.85644
18.0957
-0.89119
-0.89119
-0.89119
-0.89119
-0.89119
-0.79308
-0.79308
-0.87976
-0.86589
-0.78331
-0.78331
-0.78331
-0.78331
-0.78331
-0.85615
-0.83678
-0.84871
-1.2628
0
0
-0.8527
0
0
0
0
0
0
-0.92292
-0.90219
-0.89119
16.8382
-0.92371
-0.92371
-0.92371
-0.92371
-0.83694
-0.83694
-0.94264
-0.92128
-0.83478
-0.83478
-0.83478
-0.83478
-0.83478
-0.91416
-0.89691
-0.90432
0
0
0
0
0
0
0
0
0
0
-0.92292
-0.90219
-0.89119
-0.92371
16.8382
-0.92371
-0.92371
-0.92371
-0.83694
-0.83694
-0.94264
-0.92128
-0.83478
-0.83478
-0.83478
-0.83478
-0.83478
-0.91416
-0.89691
-0.90432
0
0
0
0
0
0
0
0
0
0
-0.92292
-0.90219
-0.89119
-0.92371
-0.92371
16.8382
-0.92371
-0.92371
-0.83694
-0.83694
-0.94264
-0.92128
-0.83478
-0.83478
-0.83478
-0.83478
-0.83478
-0.91416
-0.89691
-0.90432
0
0
0
0
0
0
0
0
0
0
-0.92292
-0.90219
-0.89119
-0.92371
-0.92371
-0.92371
16.8382
-0.92371
-0.83694
-0.83694
-0.94264
-0.92128
-0.83478
-0.83478
-0.83478
-0.83478
-0.83478
-0.91416
-0.89691
-0.90432
0
0
0
0
0
0
0
0
0
0
-0.92292
-0.90219
-0.89119
-0.92371
-0.92371
-0.92371
-0.92371
16.8382
-0.83694
-0.83694
-0.94264
-0.92128
-0.83478
-0.83478
-0.83478
-0.83478
-0.83478
-0.91416
-0.89691
-0.90432
0
0
0
0
0
0
0
0
0
0
-0.82185
-0.80346
-0.79308
-0.83694
-0.83694
-0.83694
-0.83694
-0.83694
14.1543
-0.73609
-0.80327
-0.80865
-0.72779
-0.72779
-0.72779
-0.72779
-0.72779
-0.78654
-0.77768
0
0
0
0
0
0
0
0
0
0
0
-0.82185
-0.80346
-0.79308
-0.83694
-0.83694
-0.83694
-0.83694
-0.83694
-0.73609
14.1543
-0.80327
-0.80865
-0.72779
-0.72779
-0.72779
-0.72779
-0.72779
-0.78654
-0.77768
0
0
0
0
0
0
0
0
0
0
0
-0.87457
-0.8743
-0.87976
-0.94264
-0.94264
-0.94264
-0.94264
-0.94264
-0.80327
-0.80327
18.8134
-0.89755
-0.8206
-0.8206
-0.8206
-0.8206
-0.8206
0
0
0
0
0
0
0
0
0
0
0
0
-4.8645
-0.89667
-0.87678
-0.86589
-0.92128
-0.92128
-0.92128
-0.92128
-0.92128
-0.80865
-0.80865
-0.89755
14.6593
-0.8046
-0.8046
-0.8046
-0.8046
-0.8046
-0.87568
0
0
0
0
0
0
0
0
0
0
0
0
-0.81421
-0.79472
-0.78331
-0.83478
-0.83478
-0.83478
-0.83478
-0.83478
-0.72779
-0.72779
-0.8206
-0.8046
12.4283
-0.69536
-0.69536
-0.69536
-0.69536
0
0
0
0
0
0
0
0
0
0
0
0
0
-0.81421
-0.79472
-0.78331
-0.83478
-0.83478
-0.83478
-0.83478
-0.83478
-0.72779
-0.72779
-0.8206
-0.8046
-0.69536
12.4283
-0.69536
-0.69536
-0.69536
0
0
0
0
0
0
0
0
0
0
0
0
0
-0.81421
-0.79472
-0.78331
-0.83478
-0.83478
-0.83478
-0.83478
-0.83478
-0.72779
-0.72779
-0.8206
-0.8046
-0.69536
-0.69536
12.4283
-0.69536
-0.69536
0
0
0
0
0
0
0
0
0
0
0
0
0
-0.81421
-0.79472
-0.78331
-0.83478
-0.83478
-0.83478
-0.83478
-0.83478
-0.72779
-0.72779
-0.8206
-0.8046
-0.69536
-0.69536
-0.69536
12.4283
-0.69536
0
0
0
0
0
0
0
0
0
0
0
0
0
-0.81421
-0.79472
-0.78331
-0.83478
-0.83478
-0.83478
-0.83478
-0.83478
-0.72779
-0.72779
-0.8206
-0.8046
-0.69536
-0.69536
-0.69536
-0.69536
12.4283
0
0
0
0
0
0
0
0
0
0
0
0
0
-0.83081
-0.8391
-0.85615
-0.91416
-0.91416
-0.91416
-0.91416
-0.91416
-0.78654
-0.78654
0
-0.87568
0
0
0
0
0
12.104
0
0
0
0
-0.53101
0
0
-2.0273
0
0
0
0
-0.87719
-0.85268
-0.83678
-0.89691
-0.89691
-0.89691
-0.89691
-0.89691
-0.77768
-0.77768
0
0
0
0
0
0
0
0
9.8889
0
0
-1.2823
0
0
0
0
0
0
0
0
-0.89
-0.86462
-0.84871
-0.90432
-0.90432
-0.90432
-0.90432
-0.90432
0
0
0
0
0
0
0
0
0
0
0
7.1249
0
0
0
0
0
0
0
0
0
0
-1.3381
-1.2964
-1.2628
0
0
0
0
0
0
0
0
0
0
0
0
0
0
0
0
0
5.2024
-1.3051
0
0
0
0
0
0
0
0
0
0
0
0
0
0
0
0
0
0
0
0
0
0
0
0
0
0
-1.2823
0
-1.3051
4.1395
-1.5521
0
0
0
0
0
0
0
0
0
0
0
0
0
0
0
0
0
0
0
0
0
0
0
0
-0.53101
0
0
0
-1.5521
3.5196
0
0
0
-1.4365
0
0
0
-0.92107
-0.88139
-0.8527
0
0
0
0
0
0
0
0
0
0
0
0
0
0
0
0
0
0
0
0
2.6552
0
0
0
0
0
0
-8.0228
0
0
0
0
0
0
0
0
0
0
0
0
0
0
0
0
0
0
0
0
0
0
0
8.0228
0
0
0
0
0
0
0
0
0
0
0
0
0
0
0
0
0
0
0
0
0
0
-2.0273
0
0
0
0
0
0
0
2.0273
0
0
0
0
0
0
0
0
0
0
0
0
0
0
0
0
0
0
0
0
0
0
0
0
0
0
-1.4365
0
0
0
1.4365
0
0
0
-8.0228
0
0
0
0
0
0
0
0
0
0
0
0
0
0
0
0
0
0
0
0
0
0
0
0
0
0
8.0228
0
0
0
-6.8715
0
0
0
0
0
0
0
0
0
0
0
0
0
0
0
0
0
0
0
0
0
0
0
0
0
0
6.8715
0
0
0
0
0
0
0
0
0
0
0
-4.8645
0
0
0
0
0
0
0
0
0
0
0
0
0
0
0
0
0
0
4.8645
