30.1495
-1.0634
-0.97821
-0.97821
-0.98024
-0.97821
-0.93552
-0.94009
-0.94009
-0.97258
-0.97258
-0.97258
-0.97258
-0.97022
-0.99349
-1.0313
-0.97243
-0.97243
-0.97243
-1.0182
-1.0182
-1.0182
-0.98633
-1.0583
0
0
0
0
0
-7.4538
-1.0634
30.1495
-0.97821
-0.97821
-0.98024
-0.97821
-0.93552
-0.94009
-0.94009
-0.97258
-0.97258
-0.97258
-0.97258
-0.97022
-0.99349
-1.0313
-0.97243
-0.97243
-0.97243
-1.0182
-1.0182
-1.0182
-0.98633
-1.0583
0
0
0
0
-7.4538
0
-0.97821
-0.97821
20.6156
-0.87866
-0.8971
-0.87866
-0.84508
-0.84943
-0.84943
-0.87901
-0.87901
-0.87901
-0.87901
-0.91553
-0.89748
-0.92795
-0.87544
-0.87544
-0.87544
-0.91475
-0.91475
-0.91475
-0.88548
-0.94778
0
0
0
0
0
0
-0.97821
-0.97821
-0.87866
20.6156
-0.8971
-0.87866
-0.84508
-0.84943
-0.84943
-0.87901
-0.87901
-0.87901
-0.87901
-0.91553
-0.89748
-0.92795
-0.87544
-0.87544
-0.87544
-0.91475
-0.91475
-0.91475
-0.88548
-0.94778
0
0
0
0
0
0
-0.98024
-0.98024
-0.8971
-0.8971
20.0645
-0.8971
-0.84182
-0.84578
-0.84578
-0.87435
-0.87435
-0.87435
-0.87435
-0.90942
-0.89346
-0.92351
-0.8712
-0.8712
-0.8712
-0.91006
-0.91006
-0.91006
-0.88117
0
-0.4306
0
0
0
0
0
-0.97821
-0.97821
-0.87866
-0.87866
-0.8971
20.6156
-0.84508
-0.84943
-0.84943
-0.87901
-0.87901
-0.87901
-0.87901
-0.91553
-0.89748
-0.92795
-0.87544
-0.87544
-0.87544
-0.91475
-0.91475
-0.91475
-0.88548
-0.94778
0
0
0
0
0
0
-0.93552
-0.93552
-0.84508
-0.84508
-0.84182
-0.84508
18.7893
-0.81027
-0.81027
-0.83847
-0.83847
-0.83847
-0.83847
-0.8688
-0.85488
-0.88335
-0.83383
-0.83383
-0.83383
-0.87147
-0.87147
-0.87147
-0.84382
0
0
0
0
0
0
0
-0.94009
-0.94009
-0.84943
-0.84943
-0.84578
-0.84943
-0.81027
18.0268
-0.80866
-0.84389
-0.84389
-0.84389
-0.84389
-0.87149
-0.85861
-0.88714
-0.83747
-0.83747
-0.83747
-0.87611
-0.87611
-0.87611
0
0
0
0
0
0
0
0
-0.94009
-0.94009
-0.84943
-0.84943
-0.84578
-0.84943
-0.81027
-0.80866
18.0268
-0.84389
-0.84389
-0.84389
-0.84389
-0.87149
-0.85861
-0.88714
-0.83747
-0.83747
-0.83747
-0.87611
-0.87611
-0.87611
0
0
0
0
0
0
0
0
-0.97258
-0.97258
-0.87901
-0.87901
-0.87435
-0.87901
-0.83847
-0.84389
-0.84389
15.8843
-0.82866
-0.82866
-0.82866
-0.95007
-0.89306
-0.93342
-0.87967
-0.87967
-0.87967
0
0
0
0
0
0
0
0
0
0
0
-0.97258
-0.97258
-0.87901
-0.87901
-0.87435
-0.87901
-0.83847
-0.84389
-0.84389
-0.82866
15.8843
-0.82866
-0.82866
-0.95007
-0.89306
-0.93342
-0.87967
-0.87967
-0.87967
0
0
0
0
0
0
0
0
0
0
0
-0.97258
-0.97258
-0.87901
-0.87901
-0.87435
-0.87901
-0.83847
-0.84389
-0.84389
-0.82866
-0.82866
15.8843
-0.82866
-0.95007
-0.89306
-0.93342
-0.87967
-0.87967
-0.87967
0
0
0
0
0
0
0
0
0
0
0
-0.97258
-0.97258
-0.87901
-0.87901
-0.87435
-0.87901
-0.83847
-0.84389
-0.84389
-0.82866
-0.82866
-0.82866
15.8843
-0.95007
-0.89306
-0.93342
-0.87967
-0.87967
-0.87967
0
0
0
0
0
0
0
0
0
0
0
-0.97022
-0.97022
-0.91553
-0.91553
-0.90942
-0.91553
-0.8688
-0.87149
-0.87149
-0.95007
-0.95007
-0.95007
-0.95007
23.6853
-0.8841
0
0
0
0
0
0
0
0
0
-0.41922
0
-5.1867
-5.1867
0
0
-0.99349
-0.99349
-0.89748
-0.89748
-0.89346
-0.89748
-0.85488
-0.85861
-0.85861
-0.89306
-0.89306
-0.89306
-0.89306
-0.8841
13.497
-0.89565
0
0
0
0
0
0
0
0
0
0
0
0
0
0
-1.0313
-1.0313
-0.92795
-0.92795
-0.92351
-0.92795
-0.88335
-0.88714
-0.88714
-0.93342
-0.93342
-0.93342
-0.93342
0
-0.89565
13.0569
0
0
0
0
0
0
0
0
0
0
0
0
0
0
-0.97243
-0.97243
-0.87544
-0.87544
-0.8712
-0.87544
-0.83383
-0.83747
-0.83747
-0.87967
-0.87967
-0.87967
-0.87967
0
0
0
11.4698
0
0
0
0
0
0
0
0
0
0
0
0
0
-0.97243
-0.97243
-0.87544
-0.87544
-0.8712
-0.87544
-0.83383
-0.83747
-0.83747
-0.87967
-0.87967
-0.87967
-0.87967
0
0
0
0
11.4698
0
0
0
0
0
0
0
0
0
0
0
0
-0.97243
-0.97243
-0.87544
-0.87544
-0.8712
-0.87544
-0.83383
-0.83747
-0.83747
-0.87967
-0.87967
-0.87967
-0.87967
0
0
0
0
0
11.4698
0
0
0
0
0
0
0
0
0
0
0
-1.0182
-1.0182
-0.91475
-0.91475
-0.91006
-0.91475
-0.87147
-0.87611
-0.87611
0
0
0
0
0
0
0
0
0
0
8.3143
0
0
0
0
0
0
0
0
0
0
-1.0182
-1.0182
-0.91475
-0.91475
-0.91006
-0.91475
-0.87147
-0.87611
-0.87611
0
0
0
0
0
0
0
0
0
0
0
8.3143
0
0
0
0
0
0
0
0
0
-1.0182
-1.0182
-0.91475
-0.91475
-0.91006
-0.91475
-0.87147
-0.87611
-0.87611
0
0
0
0
0
0
0
0
0
0
0
0
8.3143
0
0
0
0
0
0
0
0
-0.98633
-0.98633
-0.88548
-0.88548
-0.88117
-0.88548
-0.84382
0
0
0
0
0
0
0
0
0
0
0
0
0
0
0
6.3541
0
0
0
0
0
0
0
-1.0583
-1.0583
-0.94778
-0.94778
0
-0.94778
0
0
0
0
0
0
0
0
0
0
0
0
0
0
0
0
0
4.96
0
0
0
0
0
0
0
0
0
0
-0.4306
0
0
0
0
0
0
0
0
-0.41922
0
0
0
0
0
0
0
0
0
0
1.0363
-0.18643
0
0
0
0
0
0
0
0
0
0
0
0
0
0
0
0
0
0
0
0
0
0
0
0
0
0
0
0
-0.18643
0.18643
0
0
0
0
0
0
0
0
0
0
0
0
0
0
0
0
0
-5.1867
0
0
0
0
0
0
0
0
0
0
0
0
5.1867
0
0
0
0
0
0
0
0
0
0
0
0
0
0
0
0
-5.1867
0
0
0
0
0
0
0
0
0
0
0
0
0
5.1867
0
0
0
-7.4538
0
0
0
0
0
0
0
0
0
0
0
0
0
0
0
0
0
0
0
0
0
0
0
0
0
0
7.4538
0
-7.4538
0
0
0
0
0
0
0
0
0
0
0
0
0
0
0
0
0
0
0
0
0
0
0
0
0
0
0
0
7.4538
