25.968
-0.96501
-1.0004
-0.954
-0.954
-0.92466
-0.92466
-0.77946
-0.77946
-0.77946
-0.77946
-0.77946
-0.77946
-0.73314
-0.79075
-0.79075
-0.79075
-0.81573
-0.82633
0
0
-0.61323
0
0
0
0
-10.2077
0
0
0
-0.96501
15.8284
-0.99297
-0.93393
-0.93393
-0.89522
-0.89522
-0.75973
-0.75973
-0.75973
-0.75973
-0.75973
-0.75973
-0.7154
-0.76902
-0.76902
-0.76902
-0.79737
-0.80387
-0.44312
0
-0.58685
0
0
0
0
0
0
0
0
-1.0004
-0.99297
39.0385
-0.95785
-0.95785
-0.94771
-0.94771
-0.79387
-0.79387
-0.79387
-0.79387
-0.79387
-0.79387
-0.74662
-0.80534
-0.80534
-0.80534
-0.83196
-0.84166
0
0
0
-11.8173
0
0
0
0
0
0
-11.8173
-0.954
-0.93393
-0.95785
24.7011
-0.93538
-0.91426
-0.91426
-0.75222
-0.75222
-0.75222
-0.75222
-0.75222
-0.75222
-0.70787
-0.76425
-0.76425
-0.76425
-0.79288
-0.79823
0
0
0
0
-9.9864
0
0
0
0
0
0
-0.954
-0.93393
-0.95785
-0.93538
24.7011
-0.91426
-0.91426
-0.75222
-0.75222
-0.75222
-0.75222
-0.75222
-0.75222
-0.70787
-0.76425
-0.76425
-0.76425
-0.79288
-0.79823
0
0
0
0
0
0
-9.9864
0
0
0
0
-0.92466
-0.89522
-0.94771
-0.91426
-0.91426
14.9025
-0.87724
-0.73112
-0.73112
-0.73112
-0.73112
-0.73112
-0.73112
-0.68806
-0.74312
-0.74312
-0.74312
-0.76448
-0.77612
0
-0.58439
0
0
0
0
0
0
0
0
0
-0.92466
-0.89522
-0.94771
-0.91426
-0.91426
-0.87724
14.9025
-0.73112
-0.73112
-0.73112
-0.73112
-0.73112
-0.73112
-0.68806
-0.74312
-0.74312
-0.74312
-0.76448
-0.77612
0
-0.58439
0
0
0
0
0
0
0
0
0
-0.77946
-0.75973
-0.79387
-0.75222
-0.75222
-0.73112
-0.73112
11.9272
-0.59143
-0.59143
-0.59143
-0.59143
-0.59143
-0.56566
-0.61087
-0.61087
-0.61087
-0.63456
-0.63749
0
0
0
0
0
0
0
0
0
0
0
-0.77946
-0.75973
-0.79387
-0.75222
-0.75222
-0.73112
-0.73112
-0.59143
11.9272
-0.59143
-0.59143
-0.59143
-0.59143
-0.56566
-0.61087
-0.61087
-0.61087
-0.63456
-0.63749
0
0
0
0
0
0
0
0
0
0
0
-0.77946
-0.75973
-0.79387
-0.75222
-0.75222
-0.73112
-0.73112
-0.59143
-0.59143
11.9272
-0.59143
-0.59143
-0.59143
-0.56566
-0.61087
-0.61087
-0.61087
-0.63456
-0.63749
0
0
0
0
0
0
0
0
0
0
0
-0.77946
-0.75973
-0.79387
-0.75222
-0.75222
-0.73112
-0.73112
-0.59143
-0.59143
-0.59143
11.9272
-0.59143
-0.59143
-0.56566
-0.61087
-0.61087
-0.61087
-0.63456
-0.63749
0
0
0
0
0
0
0
0
0
0
0
-0.77946
-0.75973
-0.79387
-0.75222
-0.75222
-0.73112
-0.73112
-0.59143
-0.59143
-0.59143
-0.59143
11.9272
-0.59143
-0.56566
-0.61087
-0.61087
-0.61087
-0.63456
-0.63749
0
0
0
0
0
0
0
0
0
0
0
-0.77946
-0.75973
-0.79387
-0.75222
-0.75222
-0.73112
-0.73112
-0.59143
-0.59143
-0.59143
-0.59143
-0.59143
11.9272
-0.56566
-0.61087
-0.61087
-0.61087
-0.63456
-0.63749
0
0
0
0
0
0
0
0
0
0
0
-0.73314
-0.7154
-0.74662
-0.70787
-0.70787
-0.68806
-0.68806
-0.56566
-0.56566
-0.56566
-0.56566
-0.56566
-0.56566
10.5882
-0.54889
-0.54889
-0.54889
-0.56054
0
0
0
0
0
0
0
0
0
0
0
0
-0.79075
-0.76902
-0.80534
-0.76425
-0.76425
-0.74312
-0.74312
-0.61087
-0.61087
-0.61087
-0.61087
-0.61087
-0.61087
-0.54889
10.7883
-0.59718
-0.59718
0
0
0
0
0
0
0
0
0
0
0
0
0
-0.79075
-0.76902
-0.80534
-0.76425
-0.76425
-0.74312
-0.74312
-0.61087
-0.61087
-0.61087
-0.61087
-0.61087
-0.61087
-0.54889
-0.59718
10.7883
-0.59718
0
0
0
0
0
0
0
0
0
0
0
0
0
-0.79075
-0.76902
-0.80534
-0.76425
-0.76425
-0.74312
-0.74312
-0.61087
-0.61087
-0.61087
-0.61087
-0.61087
-0.61087
-0.54889
-0.59718
-0.59718
10.7883
0
0
0
0
0
0
0
0
0
0
0
0
0
-0.81573
-0.79737
-0.83196
-0.79288
-0.79288
-0.76448
-0.76448
-0.63456
-0.63456
-0.63456
-0.63456
-0.63456
-0.63456
-0.56054
0
0
0
10.3327
0
-0.40502
0
0
0
0
0
0
0
0
0
0
-0.82633
-0.80387
-0.84166
-0.79823
-0.79823
-0.77612
-0.77612
-0.63749
-0.63749
-0.63749
-0.63749
-0.63749
-0.63749
0
0
0
0
0
9.4455
0
0
0
0
0
0
0
0
0
0
0
0
-0.44312
0
0
0
0
0
0
0
0
0
0
0
0
0
0
0
-0.40502
0
1.1625
0
0
0
0
0
0
0
0
-0.31438
0
0
0
0
0
0
-0.58439
-0.58439
0
0
0
0
0
0
0
0
0
0
0
0
0
1.6694
0
0
0
-0.50065
0
0
0
0
0
-0.61323
-0.58685
0
0
0
0
0
0
0
0
0
0
0
0
0
0
0
0
0
0
0
1.7008
0
0
0
0
0
-0.50071
0
0
0
0
-11.8173
0
0
0
0
0
0
0
0
0
0
0
0
0
0
0
0
0
0
0
11.8173
0
0
0
0
0
0
0
0
0
0
-9.9864
0
0
0
0
0
0
0
0
0
0
0
0
0
0
0
0
0
0
0
9.9864
0
0
0
0
0
0
0
0
0
0
0
0
0
0
0
0
0
0
0
0
0
0
0
0
0
0
-0.50065
0
0
0
0.50065
0
0
0
0
0
0
0
0
0
-9.9864
0
0
0
0
0
0
0
0
0
0
0
0
0
0
0
0
0
0
0
0
9.9864
0
0
0
0
-10.2077
0
0
0
0
0
0
0
0
0
0
0
0
0
0
0
0
0
0
0
0
0
0
0
0
0
10.2077
0
0
0
0
0
0
0
0
0
0
0
0
0
0
0
0
0
0
0
0
0
0
0
0
-0.50071
0
0
0
0
0
0.50071
0
0
0
0
0
0
0
0
0
0
0
0
0
0
0
0
0
0
0
0
0
-0.31438
0
0
0
0
0
0
0
0
0.31438
0
0
0
-11.8173
0
0
0
0
0
0
0
0
0
0
0
0
0
0
0
0
0
0
0
0
0
0
0
0
0
0
11.8173
