22.5524
-0.65975
-0.65975
-0.76158
-0.6859
-0.6859
-0.6859
-0.69925
-0.6859
-0.6859
-0.62206
-0.59481
-0.64438
-0.6186
-0.64741
-0.66773
-0.66773
-0.50482
-0.50482
-0.59939
0
0
0
-10.2708
0
0
0
0
0
0
-0.65975
11.612
-0.61731
-0.71124
-0.64488
-0.64488
-0.64488
-0.66227
-0.64488
-0.64488
-0.58636
-0.56275
-0.60942
-0.58248
-0.60843
-0.625
-0.625
-0.49031
-0.49031
-0.55698
0
0
0
0
0
0
0
0
0
0
-0.65975
-0.61731
11.612
-0.71124
-0.64488
-0.64488
-0.64488
-0.66227
-0.64488
-0.64488
-0.58636
-0.56275
-0.60942
-0.58248
-0.60843
-0.625
-0.625
-0.49031
-0.49031
-0.55698
0
0
0
0
0
0
0
0
0
0
-0.76158
-0.71124
-0.71124
21.0088
-0.76353
-0.76353
-0.76353
-0.78145
-0.76353
-0.76353
-0.68598
-0.65532
-0.72232
-0.67514
-0.71138
-0.73382
-0.73382
0
0
0
0
0
0
0
0
-9.3079
0
0
0
0
-0.6859
-0.64488
-0.64488
-0.76353
10.4999
-0.6497
-0.6497
-0.74188
-0.6497
-0.6497
-0.61435
-0.59187
-0.65732
-0.60384
-0.63807
-0.65731
-0.65731
0
0
0
0
0
0
0
0
0
0
0
0
0
-0.6859
-0.64488
-0.64488
-0.76353
-0.6497
10.4999
-0.6497
-0.74188
-0.6497
-0.6497
-0.61435
-0.59187
-0.65732
-0.60384
-0.63807
-0.65731
-0.65731
0
0
0
0
0
0
0
0
0
0
0
0
0
-0.6859
-0.64488
-0.64488
-0.76353
-0.6497
-0.6497
10.4999
-0.74188
-0.6497
-0.6497
-0.61435
-0.59187
-0.65732
-0.60384
-0.63807
-0.65731
-0.65731
0
0
0
0
0
0
0
0
0
0
0
0
0
-0.69925
-0.66227
-0.66227
-0.78145
-0.74188
-0.74188
-0.74188
30.9435
-0.74188
-0.74188
-0.59835
-0.58055
-0.62694
-0.6081
-0.64266
0
0
0
0
0
0
0
-10.6861
0
0
0
0
0
-10.6861
0
-0.6859
-0.64488
-0.64488
-0.76353
-0.6497
-0.6497
-0.6497
-0.74188
10.4999
-0.6497
-0.61435
-0.59187
-0.65732
-0.60384
-0.63807
-0.65731
-0.65731
0
0
0
0
0
0
0
0
0
0
0
0
0
-0.6859
-0.64488
-0.64488
-0.76353
-0.6497
-0.6497
-0.6497
-0.74188
-0.6497
10.4999
-0.61435
-0.59187
-0.65732
-0.60384
-0.63807
-0.65731
-0.65731
0
0
0
0
0
0
0
0
0
0
0
0
0
-0.62206
-0.58636
-0.58636
-0.68598
-0.61435
-0.61435
-0.61435
-0.59835
-0.61435
-0.61435
16.6818
-0.508
-0.54048
-0.54005
-0.55771
0
0
0
0
0
0
0
0
0
0
0
-8.3847
0
0
0
-0.59481
-0.56275
-0.56275
-0.65532
-0.59187
-0.59187
-0.59187
-0.58055
-0.59187
-0.59187
-0.508
8.2104
-0.52632
-0.51991
-0.53402
0
0
0
0
0
-0.20662
0
0
0
0
0
0
0
0
0
-0.64438
-0.60942
-0.60942
-0.72232
-0.65732
-0.65732
-0.65732
-0.62694
-0.65732
-0.65732
-0.54048
-0.52632
16.8659
-0.55375
0
0
0
0
0
0
-0.21527
0
0
0
-8.5311
0
0
0
0
0
-0.6186
-0.58248
-0.58248
-0.67514
-0.60384
-0.60384
-0.60384
-0.6081
-0.60384
-0.60384
-0.54005
-0.51991
-0.55375
8.2609
-0.56117
0
0
0
0
0
0
0
0
0
0
0
0
0
0
0
-0.64741
-0.60843
-0.60843
-0.71138
-0.63807
-0.63807
-0.63807
-0.64266
-0.63807
-0.63807
-0.55771
-0.53402
0
-0.56117
8.0616
0
0
0
0
0
0
0
0
0
0
0
0
0
0
0
-0.66773
-0.625
-0.625
-0.73382
-0.65731
-0.65731
-0.65731
0
-0.65731
-0.65731
0
0
0
0
0
5.9381
0
0
0
0
0
0
0
0
0
0
0
0
0
0
-0.66773
-0.625
-0.625
-0.73382
-0.65731
-0.65731
-0.65731
0
-0.65731
-0.65731
0
0
0
0
0
0
5.9381
0
0
0
0
0
0
0
0
0
0
0
0
0
-0.50482
-0.49031
-0.49031
0
0
0
0
0
0
0
0
0
0
0
0
0
0
1.6437
0
0
0
0
0
0
0
0
0
0
0
-0.15824
-0.50482
-0.49031
-0.49031
0
0
0
0
0
0
0
0
0
0
0
0
0
0
0
1.6437
0
0
-0.15824
0
0
0
0
0
0
0
0
-0.59939
-0.55698
-0.55698
0
0
0
0
0
0
0
0
0
0
0
0
0
0
0
0
1.7133
0
0
0
0
0
0
0
0
0
0
0
0
0
0
0
0
0
0
0
0
0
-0.20662
-0.21527
0
0
0
0
0
0
0
0.52639
0
0
0
0
0
0
-0.1045
0
0
0
0
0
0
0
0
0
0
0
0
0
0
0
0
0
0
0
0
-0.15824
0
0
0.15824
0
0
0
0
0
0
0
0
0
0
0
0
0
0
0
-10.6861
0
0
0
0
0
0
0
0
0
0
0
0
0
0
10.6861
0
0
0
0
0
0
0
-10.2708
0
0
0
0
0
0
0
0
0
0
0
0
0
0
0
0
0
0
0
0
0
0
10.2708
0
0
0
0
0
0
0
0
0
0
0
0
0
0
0
0
0
0
-8.5311
0
0
0
0
0
0
0
0
0
0
0
8.5311
0
0
0
0
0
0
0
0
-9.3079
0
0
0
0
0
0
0
0
0
0
0
0
0
0
0
0
0
0
0
0
0
9.3079
0
0
0
0
0
0
0
0
0
0
0
0
0
0
-8.3847
0
0
0
0
0
0
0
0
0
0
0
0
0
0
0
8.3847
0
0
0
0
0
0
0
0
0
0
0
0
0
0
0
0
0
0
0
0
0
0
0
-0.1045
0
0
0
0
0
0
0.1045
0
0
0
0
0
0
0
0
0
-10.6861
0
0
0
0
0
0
0
0
0
0
0
0
0
0
0
0
0
0
0
0
10.6861
0
0
0
0
0
0
0
0
0
0
0
0
0
0
0
0
0
0
-0.15824
0
0
0
0
0
0
0
0
0
0
0
0.15824
