14.2289
-0.80972
-0.80972
-0.80972
-0.80972
-0.76264
-0.78974
-0.8035
-0.78998
-0.81446
-0.83703
-0.8916
-1.0418
-0.9771
-0.87665
-0.68549
-0.91915
-0.80087
0
0
0
0
0
0
0
0
0
0
0
0
-0.80972
11.7822
-0.67127
-0.67127
-0.67127
-0.67514
-0.69672
-0.71954
-0.7018
-0.71921
-0.73644
-0.78551
-0.95048
-0.87301
-0.78195
-0.60716
0
-0.71166
0
0
0
0
0
0
0
0
0
0
0
0
-0.80972
-0.67127
11.7822
-0.67127
-0.67127
-0.67514
-0.69672
-0.71954
-0.7018
-0.71921
-0.73644
-0.78551
-0.95048
-0.87301
-0.78195
-0.60716
0
-0.71166
0
0
0
0
0
0
0
0
0
0
0
0
-0.80972
-0.67127
-0.67127
11.7822
-0.67127
-0.67514
-0.69672
-0.71954
-0.7018
-0.71921
-0.73644
-0.78551
-0.95048
-0.87301
-0.78195
-0.60716
0
-0.71166
0
0
0
0
0
0
0
0
0
0
0
0
-0.80972
-0.67127
-0.67127
-0.67127
11.7822
-0.67514
-0.69672
-0.71954
-0.7018
-0.71921
-0.73644
-0.78551
-0.95048
-0.87301
-0.78195
-0.60716
0
-0.71166
0
0
0
0
0
0
0
0
0
0
0
0
-0.76264
-0.67514
-0.67514
-0.67514
-0.67514
14.2139
-0.63705
-0.63265
-0.64249
-0.66938
-0.68496
-0.70431
-0.75024
0
-0.69424
-0.55449
0
0
0
0
0
-4.7809
0
0
0
0
0
0
0
0
-0.78974
-0.69672
-0.69672
-0.69672
-0.69672
-0.63705
9.7506
-0.67234
-0.67176
-0.66644
-0.69247
-0.75766
0
0
-0.70226
-0.57642
0
0
0
0
0
0
-0.79756
0
0
0
0
0
0
0
-0.8035
-0.71954
-0.71954
-0.71954
-0.71954
-0.63265
-0.67234
11.8971
-0.69151
-0.70797
-0.73328
-0.80721
0
0
0
0
-0.79484
0
0
0
0
0
0
-3.1757
0
0
0
0
0
0
-0.78998
-0.7018
-0.7018
-0.7018
-0.7018
-0.64249
-0.67176
-0.69151
8.7122
-0.68962
-0.70535
0
-0.89509
-0.81921
0
0
0
0
0
0
0
0
0
0
0
0
0
0
0
0
-0.81446
-0.71921
-0.71921
-0.71921
-0.71921
-0.66938
-0.66644
-0.70797
-0.68962
8.1036
-0.69272
0
0
0
0
0
0
0
0
0
0
0
0
0
0
0
0
-0.98615
0
0
-0.83703
-0.73644
-0.73644
-0.73644
-0.73644
-0.68496
-0.69247
-0.73328
-0.70535
-0.69272
7.2916
0
0
0
0
0
0
0
0
0
0
0
0
0
0
0
0
0
0
0
-0.8916
-0.78551
-0.78551
-0.78551
-0.78551
-0.70431
-0.75766
-0.80721
0
0
0
7.1424
0
0
0
0
0
0
-0.83953
0
0
0
0
0
0
0
0
0
0
0
-1.0418
-0.95048
-0.95048
-0.95048
-0.95048
-0.75024
0
0
-0.89509
0
0
0
12.2318
0
0
0
0
0
0
-0.92071
0
0
0
0
-4.822
0
0
0
0
0
-0.9771
-0.87301
-0.87301
-0.87301
-0.87301
0
0
0
-0.81921
0
0
0
0
8.943
0
0
-0.89003
0
0
0
0
0
0
0
0
0
-2.7646
0
0
0
-0.87665
-0.78195
-0.78195
-0.78195
-0.78195
-0.69424
-0.70226
0
0
0
0
0
0
0
6.264
0
-0.86303
0
0
0
0
0
0
0
0
0
0
0
0
0
-0.68549
-0.60716
-0.60716
-0.60716
-0.60716
-0.55449
-0.57642
0
0
0
0
0
0
0
0
4.2451
0
0
0
0
0
0
0
0
0
0
0
0
0
0
-0.91915
0
0
0
0
0
0
-0.79484
0
0
0
0
0
-0.89003
-0.86303
0
9.6398
-0.81352
0
0
0
0
-0.84793
0
0
0
0
0
0
-4.5113
-0.80087
-0.71166
-0.71166
-0.71166
-0.71166
0
0
0
0
0
0
0
0
0
0
0
-0.81352
5.3583
0
0
0
0
0
0
0
0
0
-0.8973
0
0
0
0
0
0
0
0
0
0
0
0
0
-0.83953
0
0
0
0
0
0
8.6571
-1.0733
-3.4966
0
0
0
0
-3.2476
0
0
0
0
0
0
0
0
0
0
0
0
0
0
0
0
-0.92071
0
0
0
0
0
-1.0733
4.7177
0
0
0
0
0
0
0
0
-2.7236
0
0
0
0
0
0
0
0
0
0
0
0
0
0
0
0
0
0
0
-3.4966
0
6.6136
0
0
-3.117
0
0
0
0
0
0
0
0
0
0
0
-4.7809
0
0
0
0
0
0
0
0
0
0
0
0
0
0
0
5.7966
0
0
-1.0157
0
0
0
0
0
0
0
0
0
0
0
-0.79756
0
0
0
0
0
0
0
0
0
-0.84793
0
0
0
0
0
1.6455
0
0
0
0
0
0
0
0
0
0
0
0
0
0
-3.1757
0
0
0
0
0
0
0
0
0
0
0
0
-3.117
0
0
6.2927
0
0
0
0
0
0
0
0
0
0
0
0
0
0
0
0
0
0
-4.822
0
0
0
0
0
0
0
0
-1.0157
0
0
5.8378
0
0
0
0
0
0
0
0
0
0
0
0
0
0
0
0
0
0
0
0
0
0
0
-3.2476
0
0
0
0
0
0
6.3265
-3.0788
0
0
0
0
0
0
0
0
0
0
0
0
0
0
0
0
-2.7646
0
0
0
0
0
0
0
0
0
0
0
-3.0788
5.8435
0
0
0
0
0
0
0
0
0
0
0
0
-0.98615
0
0
0
0
0
0
0
-0.8973
0
0
0
0
0
0
0
0
0
1.8834
0
0
0
0
0
0
0
0
0
0
0
0
0
0
0
0
0
0
0
0
0
-2.7236
0
0
0
0
0
0
0
0
2.7236
0
0
0
0
0
0
0
0
0
0
0
0
0
0
0
0
0
-4.5113
0
0
0
0
0
0
0
0
0
0
0
0
4.5113
