14.5619
-0.78232
-0.83556
-0.78232
-0.75693
-0.75693
-0.71119
-0.71119
-0.74419
-0.71119
-0.74715
-0.72823
-0.72823
-0.70554
-0.70554
-0.76239
-0.78778
-0.71554
-1.2467
-0.64295
0
0
0
0
0
0
0
0
0
0
-0.78232
14.5619
-0.83556
-0.78232
-0.75693
-0.75693
-0.71119
-0.71119
-0.74419
-0.71119
-0.74715
-0.72823
-0.72823
-0.70554
-0.70554
-0.76239
-0.78778
-0.71554
-1.2467
-0.64295
0
0
0
0
0
0
0
0
0
0
-0.83556
-0.83556
23.9807
-0.83556
-0.76773
-0.76773
-0.72933
-0.72933
-0.75658
-0.72933
-0.74097
-0.74781
-0.74781
-0.72476
-0.72476
-0.77483
-0.79647
-0.72245
-1.3067
0
0
0
0
0
0
-9.7074
0
0
0
0
-0.78232
-0.78232
-0.83556
14.5619
-0.75693
-0.75693
-0.71119
-0.71119
-0.74419
-0.71119
-0.74715
-0.72823
-0.72823
-0.70554
-0.70554
-0.76239
-0.78778
-0.71554
-1.2467
-0.64295
0
0
0
0
0
0
0
0
0
0
-0.75693
-0.75693
-0.76773
-0.75693
11.9645
-0.71842
-0.66452
-0.66452
-0.68225
-0.66452
-0.67492
-0.681
-0.681
-0.66056
-0.66056
-0.6976
-0.71824
-0.65339
0
0
0
0
-0.1045
0
0
0
0
0
0
0
-0.75693
-0.75693
-0.76773
-0.75693
-0.71842
11.9645
-0.66452
-0.66452
-0.68225
-0.66452
-0.67492
-0.681
-0.681
-0.66056
-0.66056
-0.6976
-0.71824
-0.65339
0
0
-0.1045
0
0
0
0
0
0
0
0
0
-0.71119
-0.71119
-0.72933
-0.71119
-0.66452
-0.66452
11.2025
-0.59966
-0.65106
-0.59966
-0.64926
-0.64292
-0.64292
-0.62316
-0.62316
-0.66593
-0.68704
-0.6258
0
0
0
0
0
0
0
0
0
0
0
0
-0.71119
-0.71119
-0.72933
-0.71119
-0.66452
-0.66452
-0.59966
11.2025
-0.65106
-0.59966
-0.64926
-0.64292
-0.64292
-0.62316
-0.62316
-0.66593
-0.68704
-0.6258
0
0
0
0
0
0
0
0
0
0
0
0
-0.74419
-0.74419
-0.75658
-0.74419
-0.68225
-0.68225
-0.65106
-0.65106
19.4535
-0.65106
-0.6394
-0.66272
-0.66272
-0.64047
-0.64047
-0.6778
-0.69712
0
0
0
0
0
0
0
-8.5259
0
0
0
0
0
-0.71119
-0.71119
-0.72933
-0.71119
-0.66452
-0.66452
-0.59966
-0.59966
-0.65106
11.2025
-0.64926
-0.64292
-0.64292
-0.62316
-0.62316
-0.66593
-0.68704
-0.6258
0
0
0
0
0
0
0
0
0
0
0
0
-0.74715
-0.74715
-0.74097
-0.74715
-0.67492
-0.67492
-0.64926
-0.64926
-0.6394
-0.64926
29.3336
-0.67456
-0.67456
-0.64195
-0.64195
0
0
0
0
0
0
0
0
0
0
0
-9.8905
-9.8905
0
0
-0.72823
-0.72823
-0.74781
-0.72823
-0.681
-0.681
-0.64292
-0.64292
-0.66272
-0.64292
-0.67456
10.1411
-0.65605
-0.62581
-0.62581
-0.67294
0
0
0
0
0
0
0
0
0
0
0
0
0
0
-0.72823
-0.72823
-0.74781
-0.72823
-0.681
-0.681
-0.64292
-0.64292
-0.66272
-0.64292
-0.67456
-0.65605
10.1411
-0.62581
-0.62581
-0.67294
0
0
0
0
0
0
0
0
0
0
0
0
0
0
-0.70554
-0.70554
-0.72476
-0.70554
-0.66056
-0.66056
-0.62316
-0.62316
-0.64047
-0.62316
-0.64195
-0.62581
-0.62581
9.1457
-0.5797
0
0
0
0
0
0
0
0
0
0
0
0
0
0
0
-0.70554
-0.70554
-0.72476
-0.70554
-0.66056
-0.66056
-0.62316
-0.62316
-0.64047
-0.62316
-0.64195
-0.62581
-0.62581
-0.5797
9.1457
0
0
0
0
0
0
0
0
0
0
0
0
0
0
0
-0.76239
-0.76239
-0.77483
-0.76239
-0.6976
-0.6976
-0.66593
-0.66593
-0.6778
-0.66593
0
-0.67294
-0.67294
0
0
13.7497
0
0
0
0
0
0
0
0
0
0
0
0
0
-5.271
-0.78778
-0.78778
-0.79647
-0.78778
-0.71824
-0.71824
-0.68704
-0.68704
-0.69712
-0.68704
0
0
0
0
0
0
10.5191
0
0
0
0
0
0
-3.1645
0
0
0
0
0
0
-0.71554
-0.71554
-0.72245
-0.71554
-0.65339
-0.65339
-0.6258
-0.6258
0
-0.6258
0
0
0
0
0
0
0
7.5091
0
0
0
0
0
0
0
0
0
0
-1.4558
0
-1.2467
-1.2467
-1.3067
-1.2467
0
0
0
0
0
0
0
0
0
0
0
0
0
0
5.0469
0
0
0
0
0
0
0
0
0
0
0
-0.64295
-0.64295
0
-0.64295
0
0
0
0
0
0
0
0
0
0
0
0
0
0
0
1.9289
0
0
0
0
0
0
0
0
0
0
0
0
0
0
0
-0.1045
0
0
0
0
0
0
0
0
0
0
0
0
0
0
2.2465
-2.142
0
0
0
0
0
0
0
0
0
0
0
0
0
0
0
0
0
0
0
0
0
0
0
0
0
0
0
0
-2.142
4.284
-2.142
0
0
0
0
0
0
0
0
0
0
0
-0.1045
0
0
0
0
0
0
0
0
0
0
0
0
0
0
0
0
-2.142
2.2465
0
0
0
0
0
0
0
0
0
0
0
0
0
0
0
0
0
0
0
0
0
0
0
-3.1645
0
0
0
0
0
0
3.1645
0
0
0
0
0
0
0
0
0
0
0
0
0
0
-8.5259
0
0
0
0
0
0
0
0
0
0
0
0
0
0
0
8.5259
0
0
0
0
0
0
0
-9.7074
0
0
0
0
0
0
0
0
0
0
0
0
0
0
0
0
0
0
0
0
0
0
9.7074
0
0
0
0
0
0
0
0
0
0
0
0
0
0
-9.8905
0
0
0
0
0
0
0
0
0
0
0
0
0
0
0
9.8905
0
0
0
0
0
0
0
0
0
0
0
0
0
-9.8905
0
0
0
0
0
0
0
0
0
0
0
0
0
0
0
0
9.8905
0
0
0
0
0
0
0
0
0
0
0
0
0
0
0
0
0
0
0
-1.4558
0
0
0
0
0
0
0
0
0
0
1.4558
0
0
0
0
0
0
0
0
0
0
0
0
0
0
0
0
-5.271
0
0
0
0
0
0
0
0
0
0
0
0
0
5.271
