25.2941
-0.79763
-0.78829
-0.78723
-0.78723
-0.7784
-0.72418
-0.72418
-0.79013
-0.77302
-0.79013
-0.78289
-0.82888
-0.78093
-0.78093
-0.71407
-0.7807
-0.7807
-0.7807
-0.7807
-0.88481
-2.6317
0
0
0
0
0
-7.0267
0
0
-0.79763
32.8722
-0.79262
-0.76597
-0.76597
-0.773
-0.71812
-0.71812
-0.78152
-0.7468
-0.78152
-0.75239
-0.82126
-0.77635
-0.77635
-0.68471
-0.78053
-0.78053
-0.78053
-0.78053
-0.90804
0
0
0
0
0
-8.6949
0
0
-8.6949
-0.78829
-0.79262
17.9899
-0.78348
-0.78348
-0.76782
-0.71471
-0.71471
-0.78081
-0.77235
-0.78081
-0.78527
-0.81783
-0.76954
-0.76954
-0.71861
-0.76724
-0.76724
-0.76724
-0.76724
-0.85746
-2.5236
0
0
0
0
0
0
0
0
-0.78723
-0.76597
-0.78348
20.7039
-0.77658
-0.77258
-0.70767
-0.70767
-0.77243
-0.75054
-0.77243
-0.75968
-0.80973
-0.76392
-0.76392
-0.69369
-0.76514
-0.76514
-0.76514
-0.76514
0
0
0
0
0
-6.2558
0
0
0
0
-0.78723
-0.76597
-0.78348
-0.77658
20.7039
-0.77258
-0.70767
-0.70767
-0.77243
-0.75054
-0.77243
-0.75968
-0.80973
-0.76392
-0.76392
-0.69369
-0.76514
-0.76514
-0.76514
-0.76514
0
0
0
0
-6.2558
0
0
0
0
0
-0.7784
-0.773
-0.76782
-0.77258
-0.77258
15.1688
-0.69955
-0.69955
-0.76414
-0.75158
-0.76414
-0.76374
-0.79999
-0.75361
-0.75361
-0.69955
-0.75238
-0.75238
-0.75238
-0.75238
-0.84546
0
0
0
0
0
0
0
0
0
-0.72418
-0.71812
-0.71471
-0.70767
-0.70767
-0.69955
13.2922
-0.64688
-0.70679
-0.6927
-0.70679
-0.70402
-0.73826
-0.6968
-0.6968
-0.64676
-0.69613
-0.69613
-0.69613
-0.69613
0
0
0
0
0
0
0
0
0
0
-0.72418
-0.71812
-0.71471
-0.70767
-0.70767
-0.69955
-0.64688
13.2922
-0.70679
-0.6927
-0.70679
-0.70402
-0.73826
-0.6968
-0.6968
-0.64676
-0.69613
-0.69613
-0.69613
-0.69613
0
0
0
0
0
0
0
0
0
0
-0.79013
-0.78152
-0.78081
-0.77243
-0.77243
-0.76414
-0.70679
-0.70679
11.3368
-0.79156
-0.72714
-0.75645
-0.79058
-0.74476
-0.74476
-0.70648
0
0
0
0
0
0
0
0
0
0
0
0
0
0
-0.77302
-0.7468
-0.77235
-0.75054
-0.75054
-0.75158
-0.6927
-0.6927
-0.79156
13.3658
-0.79156
-0.70561
-0.75578
-0.72951
-0.72951
0
0
0
0
0
0
0
-2.9321
0
0
0
0
0
0
0
-0.79013
-0.78152
-0.78081
-0.77243
-0.77243
-0.76414
-0.70679
-0.70679
-0.72714
-0.79156
11.3368
-0.75645
-0.79058
-0.74476
-0.74476
-0.70648
0
0
0
0
0
0
0
0
0
0
0
0
0
0
-0.78289
-0.75239
-0.78527
-0.75968
-0.75968
-0.76374
-0.70402
-0.70402
-0.75645
-0.70561
-0.75645
10.0432
-0.74255
0
0
0
0
0
0
0
0
0
0
-1.0705
0
0
0
0
0
0
-0.82888
-0.82126
-0.81783
-0.80973
-0.80973
-0.79999
-0.73826
-0.73826
-0.79058
-0.75578
-0.79058
-0.74255
9.4434
0
0
0
0
0
0
0
0
0
0
0
0
0
0
0
0
0
-0.78093
-0.77635
-0.76954
-0.76392
-0.76392
-0.75361
-0.6968
-0.6968
-0.74476
-0.72951
-0.74476
0
0
8.2209
0
0
0
0
0
0
0
0
0
0
0
0
0
0
0
0
-0.78093
-0.77635
-0.76954
-0.76392
-0.76392
-0.75361
-0.6968
-0.6968
-0.74476
-0.72951
-0.74476
0
0
0
8.2209
0
0
0
0
0
0
0
0
0
0
0
0
0
0
0
-0.71407
-0.68471
-0.71861
-0.69369
-0.69369
-0.69955
-0.64676
-0.64676
-0.70648
0
-0.70648
0
0
0
0
7.0153
0
0
0
0
0
0
0
0
0
0
0
0
-0.1045
0
-0.7807
-0.78053
-0.76724
-0.76514
-0.76514
-0.75238
-0.69613
-0.69613
0
0
0
0
0
0
0
0
6.0034
0
0
0
0
0
0
0
0
0
0
0
0
0
-0.7807
-0.78053
-0.76724
-0.76514
-0.76514
-0.75238
-0.69613
-0.69613
0
0
0
0
0
0
0
0
0
6.0034
0
0
0
0
0
0
0
0
0
0
0
0
-0.7807
-0.78053
-0.76724
-0.76514
-0.76514
-0.75238
-0.69613
-0.69613
0
0
0
0
0
0
0
0
0
0
6.0034
0
0
0
0
0
0
0
0
0
0
0
-0.7807
-0.78053
-0.76724
-0.76514
-0.76514
-0.75238
-0.69613
-0.69613
0
0
0
0
0
0
0
0
0
0
0
6.0034
0
0
0
0
0
0
0
0
0
0
-0.88481
-0.90804
-0.85746
0
0
-0.84546
0
0
0
0
0
0
0
0
0
0
0
0
0
0
3.4958
0
0
0
0
0
0
0
0
0
-2.6317
0
-2.5236
0
0
0
0
0
0
0
0
0
0
0
0
0
0
0
0
0
0
5.1553
0
0
0
0
0
0
0
0
0
0
0
0
0
0
0
0
0
-2.9321
0
0
0
0
0
0
0
0
0
0
0
0
2.9321
0
0
0
0
0
0
0
0
0
0
0
0
0
0
0
0
0
0
-1.0705
0
0
0
0
0
0
0
0
0
0
0
1.0705
0
0
0
0
0
0
0
0
0
0
-6.2558
0
0
0
0
0
0
0
0
0
0
0
0
0
0
0
0
0
0
0
6.2558
0
0
0
0
0
0
0
0
-6.2558
0
0
0
0
0
0
0
0
0
0
0
0
0
0
0
0
0
0
0
0
0
6.2558
0
0
0
0
0
-8.6949
0
0
0
0
0
0
0
0
0
0
0
0
0
0
0
0
0
0
0
0
0
0
0
0
8.6949
0
0
0
-7.0267
0
0
0
0
0
0
0
0
0
0
0
0
0
0
0
0
0
0
0
0
0
0
0
0
0
0
7.0267
0
0
0
0
0
0
0
0
0
0
0
0
0
0
0
0
0
-0.1045
0
0
0
0
0
0
0
0
0
0
0
0
0.1045
0
0
-8.6949
0
0
0
0
0
0
0
0
0
0
0
0
0
0
0
0
0
0
0
0
0
0
0
0
0
0
0
8.6949
