21.8442
-0.80963
-0.79448
-0.79509
-0.7751
-0.78694
-0.84471
-0.78348
-0.74175
-0.74175
-0.74175
-0.74175
-0.79654
-0.74769
-0.76519
-0.74061
-0.91398
-0.68413
0
0
0
-2.2386
0
-6.4011
0
0
0
0
0
0
-0.80963
15.656
-0.78148
-0.78757
-0.76311
-0.77781
-0.82478
-0.77544
-0.72771
-0.72771
-0.72771
-0.72771
-0.79615
-0.73528
-0.75014
-0.72976
-0.93371
-0.66919
-0.44026
0
0
-2.1708
0
0
0
0
0
0
0
0
-0.79448
-0.78148
15.4076
-0.7659
-0.74128
-0.75647
-0.78289
-0.75476
-0.71052
-0.71052
-0.71052
-0.71052
-0.76828
-0.71427
-0.7295
-0.71269
-0.87844
-0.65428
0
-2.7308
0
0
0
0
0
0
0
0
0
0
-0.79509
-0.78757
-0.7659
18.8099
-0.74809
-0.75554
-0.80999
-0.75244
-0.71707
-0.71707
-0.71707
-0.71707
-0.76276
-0.72114
-0.73791
-0.71402
-0.87844
-0.66252
0
0
0
0
0
0
-6.0502
0
0
0
0
0
-0.7751
-0.76311
-0.74128
-0.74809
12.45
-0.74318
-0.78241
-0.74003
-0.69963
-0.69963
-0.69963
-0.69963
-0.75015
-0.7005
-0.71542
-0.6963
-0.85383
-0.64208
0
0
0
0
0
0
0
0
0
0
0
0
-0.78694
-0.77781
-0.75647
-0.75554
-0.74318
17.4755
-0.79715
-0.74178
-0.71012
-0.71012
-0.71012
-0.71012
-0.74577
-0.71039
-0.72681
-0.70376
0
-0.65483
0
0
0
0
0
0
0
0
0
0
-5.7346
0
-0.84471
-0.82478
-0.78289
-0.80999
-0.78241
-0.79715
17.194
-0.81473
-0.76205
-0.76205
-0.76205
-0.76205
-0.82124
-0.75632
-0.7751
-0.75498
0
0
0
0
0
0
-5.3814
0
0
0
0
0
0
0
-0.78348
-0.77544
-0.75476
-0.75244
-0.74003
-0.74178
-0.81473
15.3723
-0.71002
-0.71002
-0.71002
-0.71002
-0.76249
-0.68339
-0.73278
0
0
0
0
0
0
0
0
0
0
0
0
0
0
-4.9909
-0.74175
-0.72771
-0.71052
-0.71707
-0.69963
-0.71012
-0.76205
-0.71002
10.444
-0.62846
-0.62846
-0.62846
-0.749
-0.66656
-0.69007
-0.6741
0
0
0
0
0
0
0
0
0
0
0
0
0
0
-0.74175
-0.72771
-0.71052
-0.71707
-0.69963
-0.71012
-0.76205
-0.71002
-0.62846
10.444
-0.62846
-0.62846
-0.749
-0.66656
-0.69007
-0.6741
0
0
0
0
0
0
0
0
0
0
0
0
0
0
-0.74175
-0.72771
-0.71052
-0.71707
-0.69963
-0.71012
-0.76205
-0.71002
-0.62846
-0.62846
10.444
-0.62846
-0.749
-0.66656
-0.69007
-0.6741
0
0
0
0
0
0
0
0
0
0
0
0
0
0
-0.74175
-0.72771
-0.71052
-0.71707
-0.69963
-0.71012
-0.76205
-0.71002
-0.62846
-0.62846
-0.62846
10.444
-0.749
-0.66656
-0.69007
-0.6741
0
0
0
0
0
0
0
0
0
0
0
0
0
0
-0.79654
-0.79615
-0.76828
-0.76276
-0.75015
-0.74577
-0.82124
-0.76249
-0.749
-0.749
-0.749
-0.749
15.2193
-0.66211
0
0
0
0
-0.41519
0
0
0
0
0
0
-4.9426
0
0
0
0
-0.74769
-0.73528
-0.71427
-0.72114
-0.7005
-0.71039
-0.75632
-0.68339
-0.66656
-0.66656
-0.66656
-0.66656
-0.66211
9.0973
0
0
0
0
0
0
0
0
0
0
0
0
0
0
0
0
-0.76519
-0.75014
-0.7295
-0.73791
-0.71542
-0.72681
-0.7751
-0.73278
-0.69007
-0.69007
-0.69007
-0.69007
0
0
8.6931
0
0
0
0
0
0
0
0
0
0
0
0
0
0
0
-0.74061
-0.72976
-0.71269
-0.71402
-0.6963
-0.70376
-0.75498
0
-0.6741
-0.6741
-0.6741
-0.6741
0
0
0
8.135
0
0
0
0
-0.38647
0
0
0
0
0
0
0
0
0
-0.91398
-0.93371
-0.87844
-0.87844
-0.85383
0
0
0
0
0
0
0
0
0
0
0
5.1926
0
-0.73422
0
0
0
0
0
0
0
0
0
0
0
-0.68413
-0.66919
-0.65428
-0.66252
-0.64208
-0.65483
0
0
0
0
0
0
0
0
0
0
0
3.967
0
0
0
0
0
0
0
0
0
0
0
0
0
-0.44026
0
0
0
0
0
0
0
0
0
0
-0.41519
0
0
0
-0.73422
0
1.6942
0
0
0
0
0
0
0
0
-0.1045
0
0
0
0
-2.7308
0
0
0
0
0
0
0
0
0
0
0
0
0
0
0
0
7.9305
-2.8967
0
-2.3029
0
0
0
0
0
0
0
0
0
0
0
0
0
0
0
0
0
0
0
0
0
0
-0.38647
0
0
0
-2.8967
5.5256
0
0
0
0
0
-2.2424
0
0
0
-2.2386
-2.1708
0
0
0
0
0
0
0
0
0
0
0
0
0
0
0
0
0
0
0
4.4094
0
0
0
0
0
0
0
0
0
0
0
0
0
0
-5.3814
0
0
0
0
0
0
0
0
0
0
0
0
-2.3029
0
0
7.6844
0
0
0
0
0
0
0
-6.4011
0
0
0
0
0
0
0
0
0
0
0
0
0
0
0
0
0
0
0
0
0
0
6.4011
0
0
0
0
0
0
0
0
0
-6.0502
0
0
0
0
0
0
0
0
0
0
0
0
0
0
0
0
0
0
0
0
6.0502
0
0
0
0
0
0
0
0
0
0
0
0
0
0
0
0
0
-4.9426
0
0
0
0
0
0
0
0
0
0
0
0
4.9426
0
0
0
0
0
0
0
0
0
0
0
0
0
0
0
0
0
0
0
0
0
0
0
0
-2.2424
0
0
0
0
0
2.2424
0
0
0
0
0
0
0
0
0
0
0
0
0
0
0
0
0
0
0
0
0
-0.1045
0
0
0
0
0
0
0
0
0.1045
0
0
0
0
0
0
0
-5.7346
0
0
0
0
0
0
0
0
0
0
0
0
0
0
0
0
0
0
0
0
0
0
5.7346
0
0
0
0
0
0
0
0
-4.9909
0
0
0
0
0
0
0
0
0
0
0
0
0
0
0
0
0
0
0
0
0
4.9909
