12.9119
-0.76324
-0.77133
-0.7559
-0.7712
-0.74367
-0.73188
-0.74367
-0.74367
-0.74367
-0.74367
-0.64198
-0.64198
-0.64198
-0.64198
-0.64198
-0.64198
-0.53601
-0.65976
-0.35232
0
0
0
0
0
0
0
0
0
0
-0.76324
20.7673
-0.78122
-0.77424
-0.79015
-0.76179
-0.74753
-0.76179
-0.76179
-0.76179
-0.76179
-0.65424
-0.65424
-0.65424
-0.65424
-0.65424
-0.65424
-0.53995
-0.69035
0
0
0
0
0
0
0
-7.9462
0
0
0
-0.77133
-0.78122
19.6058
-0.781
-0.79623
-0.7696
-0.7546
-0.7696
-0.7696
-0.7696
-0.7696
-0.65836
-0.65836
-0.65836
-0.65836
-0.65836
-0.65836
0
0
-0.35814
0
0
0
-7.5651
0
0
0
0
0
0
-0.7559
-0.77424
-0.781
12.7131
-0.78373
-0.75575
-0.73944
-0.75575
-0.75575
-0.75575
-0.75575
-0.64697
-0.64697
-0.64697
-0.64697
-0.64697
-0.64697
-0.54293
-0.67531
0
0
0
0
0
0
0
0
0
0
0
-0.7712
-0.79015
-0.79623
-0.78373
19.941
-0.77122
-0.75569
-0.77122
-0.77122
-0.77122
-0.77122
-0.6601
-0.6601
-0.6601
-0.6601
-0.6601
-0.6601
-0.54328
0
0
0
0
-7.684
0
0
0
0
0
0
0
-0.74367
-0.76179
-0.7696
-0.75575
-0.77122
18.2974
-0.73135
-0.7477
-0.7477
-0.7477
-0.7477
-0.63507
-0.63507
-0.63507
-0.63507
-0.63507
-0.63507
0
0
0
0
0
0
0
0
0
0
0
0
-6.9628
-0.73188
-0.74753
-0.7546
-0.73944
-0.75569
-0.73135
11.6645
-0.73135
-0.73135
-0.73135
-0.73135
-0.62516
-0.62516
-0.62516
-0.62516
-0.62516
-0.62516
-0.52768
0
0
0
0
0
0
0
0
0
0
0
0
-0.74367
-0.76179
-0.7696
-0.75575
-0.77122
-0.7477
-0.73135
18.2974
-0.7477
-0.7477
-0.7477
-0.63507
-0.63507
-0.63507
-0.63507
-0.63507
-0.63507
0
0
0
0
0
0
0
0
0
0
0
-6.9628
0
-0.74367
-0.76179
-0.7696
-0.75575
-0.77122
-0.7477
-0.73135
-0.7477
18.2974
-0.7477
-0.7477
-0.63507
-0.63507
-0.63507
-0.63507
-0.63507
-0.63507
0
0
0
-6.9628
0
0
0
0
0
0
0
0
0
-0.74367
-0.76179
-0.7696
-0.75575
-0.77122
-0.7477
-0.73135
-0.7477
-0.7477
18.2974
-0.7477
-0.63507
-0.63507
-0.63507
-0.63507
-0.63507
-0.63507
0
0
0
0
0
0
0
0
-6.9628
0
0
0
0
-0.74367
-0.76179
-0.7696
-0.75575
-0.77122
-0.7477
-0.73135
-0.7477
-0.7477
-0.7477
18.2974
-0.63507
-0.63507
-0.63507
-0.63507
-0.63507
-0.63507
0
0
0
0
-6.9628
0
0
0
0
0
0
0
0
-0.64198
-0.65424
-0.65836
-0.64697
-0.6601
-0.63507
-0.62516
-0.63507
-0.63507
-0.63507
-0.63507
9.7955
-0.54667
-0.54667
-0.54667
-0.54667
-0.54667
0
0
0
0
0
0
0
0
0
0
0
0
0
-0.64198
-0.65424
-0.65836
-0.64697
-0.6601
-0.63507
-0.62516
-0.63507
-0.63507
-0.63507
-0.63507
-0.54667
9.7955
-0.54667
-0.54667
-0.54667
-0.54667
0
0
0
0
0
0
0
0
0
0
0
0
0
-0.64198
-0.65424
-0.65836
-0.64697
-0.6601
-0.63507
-0.62516
-0.63507
-0.63507
-0.63507
-0.63507
-0.54667
-0.54667
9.7955
-0.54667
-0.54667
-0.54667
0
0
0
0
0
0
0
0
0
0
0
0
0
-0.64198
-0.65424
-0.65836
-0.64697
-0.6601
-0.63507
-0.62516
-0.63507
-0.63507
-0.63507
-0.63507
-0.54667
-0.54667
-0.54667
9.7955
-0.54667
-0.54667
0
0
0
0
0
0
0
0
0
0
0
0
0
-0.64198
-0.65424
-0.65836
-0.64697
-0.6601
-0.63507
-0.62516
-0.63507
-0.63507
-0.63507
-0.63507
-0.54667
-0.54667
-0.54667
-0.54667
9.7955
-0.54667
0
0
0
0
0
0
0
0
0
0
0
0
0
-0.64198
-0.65424
-0.65836
-0.64697
-0.6601
-0.63507
-0.62516
-0.63507
-0.63507
-0.63507
-0.63507
-0.54667
-0.54667
-0.54667
-0.54667
-0.54667
9.7955
0
0
0
0
0
0
0
0
0
0
0
0
0
-0.53601
-0.53995
0
-0.54293
-0.54328
0
-0.52768
0
0
0
0
0
0
0
0
0
0
2.7943
0
0
0
0
0
0
-0.1045
0
0
0
0
0
-0.65976
-0.69035
0
-0.67531
0
0
0
0
0
0
0
0
0
0
0
0
0
0
2.0254
0
0
0
0
0
0
0
0
0
0
0
-0.35232
0
-0.35814
0
0
0
0
0
0
0
0
0
0
0
0
0
0
0
0
0.95673
0
0
0
0
0
0
0
-0.24627
0
0
0
0
0
0
0
0
0
0
-6.9628
0
0
0
0
0
0
0
0
0
0
0
6.9628
0
0
0
0
0
0
0
0
0
0
0
0
0
0
0
0
0
0
0
-6.9628
0
0
0
0
0
0
0
0
0
0
6.9628
0
0
0
0
0
0
0
0
0
0
0
0
-7.684
0
0
0
0
0
0
0
0
0
0
0
0
0
0
0
0
0
7.684
0
0
0
0
0
0
0
0
0
-7.5651
0
0
0
0
0
0
0
0
0
0
0
0
0
0
0
0
0
0
0
0
7.5651
0
0
0
0
0
0
0
0
0
0
0
0
0
0
0
0
0
0
0
0
0
0
0
-0.1045
0
0
0
0
0
0
0.1045
0
0
0
0
0
0
0
0
0
0
0
0
0
0
-6.9628
0
0
0
0
0
0
0
0
0
0
0
0
0
0
0
6.9628
0
0
0
0
0
-7.9462
0
0
0
0
0
0
0
0
0
0
0
0
0
0
0
0
0
0
0
0
0
0
0
0
7.9462
0
0
0
0
0
0
0
0
0
0
0
0
0
0
0
0
0
0
0
0
0
0
-0.24627
0
0
0
0
0
0
0
0.24627
0
0
0
0
0
0
0
0
0
-6.9628
0
0
0
0
0
0
0
0
0
0
0
0
0
0
0
0
0
0
0
0
6.9628
0
0
0
0
0
0
-6.9628
0
0
0
0
0
0
0
0
0
0
0
0
0
0
0
0
0
0
0
0
0
0
0
6.9628
