26.6521
-0.8022
-0.80269
-0.80293
-0.82937
-0.78158
-0.76055
-0.76055
-0.76055
-0.78487
-0.73262
-0.7926
-0.75549
-0.74837
-0.80977
-0.78538
-0.80948
-0.75489
-0.82326
0
0
-2.5209
0
0
0
0
0
0
0
-10.0341
-0.8022
13.1536
-0.74663
-0.7378
-0.75949
-0.7091
-0.68995
-0.68995
-0.68995
-0.70814
-0.66321
-0.71621
-0.67975
-0.67692
-0.73068
-0.72122
-0.73084
-0.68252
-0.74301
-0.27597
0
0
0
0
0
0
0
0
0
0
-0.80269
-0.74663
15.371
-0.74693
-0.77182
-0.71583
-0.69715
-0.69715
-0.69715
-0.72348
-0.67752
-0.72434
-0.69275
-0.68344
-0.74998
-0.73187
-0.73646
-0.68628
-0.74443
0
0
-2.3451
0
0
0
0
0
0
0
0
-0.80293
-0.7378
-0.74693
13.1917
-0.76007
-0.70958
-0.69046
-0.69046
-0.69046
-0.70889
-0.66394
-0.7173
-0.68954
-0.67814
-0.73284
-0.70808
-0.73129
-0.68306
-0.74367
0
-0.30628
0
0
0
0
0
0
0
0
0
-0.82937
-0.75949
-0.77182
-0.76007
22.8756
-0.7308
-0.71109
-0.71109
-0.71109
-0.72659
-0.67912
-0.73957
-0.70433
-0.69881
-0.74907
-0.72632
-0.75567
-0.70585
-0.77023
0
0
0
0
-9.6352
0
0
0
0
0
0
-0.78158
-0.7091
-0.71583
-0.70958
-0.7308
12.5822
-0.67588
-0.67588
-0.67588
-0.69552
-0.65172
-0.70118
-0.67065
-0.66183
-0.7204
-0.70328
-0.71378
-0.66591
-0.72342
0
0
0
0
0
0
0
0
0
0
0
-0.76055
-0.68995
-0.69715
-0.69046
-0.71109
-0.67588
11.5135
-0.62718
-0.62718
-0.6852
-0.63489
-0.6832
-0.65362
-0.64451
-0.7016
-0.68514
-0.69581
-0.65005
0
0
0
0
0
0
0
0
0
0
0
0
-0.76055
-0.68995
-0.69715
-0.69046
-0.71109
-0.67588
-0.62718
11.5135
-0.62718
-0.6852
-0.63489
-0.6832
-0.65362
-0.64451
-0.7016
-0.68514
-0.69581
-0.65005
0
0
0
0
0
0
0
0
0
0
0
0
-0.76055
-0.68995
-0.69715
-0.69046
-0.71109
-0.67588
-0.62718
-0.62718
11.5135
-0.6852
-0.63489
-0.6832
-0.65362
-0.64451
-0.7016
-0.68514
-0.69581
-0.65005
0
0
0
0
0
0
0
0
0
0
0
0
-0.78487
-0.70814
-0.72348
-0.70889
-0.72659
-0.69552
-0.6852
-0.6852
-0.6852
19.9252
-0.6368
-0.69823
-0.66049
-0.65797
-0.70168
-0.6783
-0.71356
0
0
0
0
0
0
0
0
0
-8.7751
0
0
0
-0.73262
-0.66321
-0.67752
-0.66394
-0.67912
-0.65172
-0.63489
-0.63489
-0.63489
-0.6368
17.9044
-0.64352
-0.59748
-0.60144
-0.63725
-0.61382
0
0
0
0
0
0
0
0
0
0
0
-8.2013
0
0
-0.7926
-0.71621
-0.72434
-0.7173
-0.73957
-0.70118
-0.6832
-0.6832
-0.6832
-0.69823
-0.64352
9.8902
-0.71242
-0.67499
-0.72023
0
0
0
0
0
0
0
0
0
0
0
0
0
0
0
-0.75549
-0.67975
-0.69275
-0.68954
-0.70433
-0.67065
-0.65362
-0.65362
-0.65362
-0.66049
-0.59748
-0.71242
9.0635
-0.63894
0
0
0
0
0
0
-0.30078
0
0
0
0
0
0
0
0
0
-0.74837
-0.67692
-0.68344
-0.67814
-0.69881
-0.66183
-0.64451
-0.64451
-0.64451
-0.65797
-0.60144
-0.67499
-0.63894
8.6544
0
0
0
0
0
0
0
0
0
0
0
0
0
0
0
0
-0.80977
-0.73068
-0.74998
-0.73284
-0.74907
-0.7204
-0.7016
-0.7016
-0.7016
-0.70168
-0.63725
-0.72023
0
0
14.8782
0
0
0
0
0
0
0
0
0
-6.2216
0
0
0
0
0
-0.78538
-0.72122
-0.73187
-0.70808
-0.72632
-0.70328
-0.68514
-0.68514
-0.68514
-0.6783
-0.61382
0
0
0
0
13.962
0
0
0
-0.27059
0
0
-5.9677
0
0
0
0
0
0
0
-0.80948
-0.73084
-0.73646
-0.73129
-0.75567
-0.71378
-0.69581
-0.69581
-0.69581
-0.71356
0
0
0
0
0
0
7.2785
0
0
0
0
0
0
0
0
0
0
0
0
0
-0.75489
-0.68252
-0.68628
-0.68306
-0.70585
-0.66591
-0.65005
-0.65005
-0.65005
0
0
0
0
0
0
0
0
6.1286
0
0
0
0
0
0
0
0
0
0
0
0
-0.82326
-0.74301
-0.74443
-0.74367
-0.77023
-0.72342
0
0
0
0
0
0
0
0
0
0
0
0
4.548
0
0
0
0
0
0
0
0
0
0
0
0
-0.27597
0
0
0
0
0
0
0
0
0
0
0
0
0
-0.27059
0
0
0
0.65106
0
0
0
0
0
0
0
0
-0.1045
0
0
0
0
-0.30628
0
0
0
0
0
0
0
0
-0.30078
0
0
0
0
0
0
0
0.7755
0
0
0
0
-0.16844
0
0
0
0
-2.5209
0
-2.3451
0
0
0
0
0
0
0
0
0
0
0
0
0
0
0
0
0
0
4.866
0
0
0
0
0
0
0
0
0
0
0
0
0
0
0
0
0
0
0
0
0
0
0
-5.9677
0
0
0
0
0
0
5.9677
0
0
0
0
0
0
0
0
0
0
0
-9.6352
0
0
0
0
0
0
0
0
0
0
0
0
0
0
0
0
0
0
9.6352
0
0
0
0
0
0
0
0
0
0
0
0
0
0
0
0
0
0
0
0
-6.2216
0
0
0
0
0
0
0
0
0
6.2216
0
0
0
0
0
0
0
0
0
0
0
0
0
0
0
0
0
0
0
0
0
0
0
0
0
-0.16844
0
0
0
0
0.16844
0
0
0
0
0
0
0
0
0
0
0
0
0
-8.7751
0
0
0
0
0
0
0
0
0
0
0
0
0
0
0
0
8.7751
0
0
0
0
0
0
0
0
0
0
0
0
0
-8.2013
0
0
0
0
0
0
0
0
0
0
0
0
0
0
0
0
8.2013
0
0
0
0
0
0
0
0
0
0
0
0
0
0
0
0
0
0
0
0
0
-0.1045
0
0
0
0
0
0
0
0
0.1045
0
-10.0341
0
0
0
0
0
0
0
0
0
0
0
0
0
0
0
0
0
0
0
0
0
0
0
0
0
0
0
0
10.0341
