23.6857
-0.78967
-0.76908
-0.76908
-0.74586
-0.67655
-0.67655
-0.67655
-0.67655
-0.79848
-0.73219
-0.73219
-0.73219
-0.77374
-0.82935
-0.69616
-0.69616
-0.69616
-0.69616
-0.24722
0
0
0
0
0
0
0
0
-10.2757
0
-0.78967
23.8072
-0.76996
-0.76996
-0.75148
-0.67727
-0.67727
-0.67727
-0.67727
-0.80162
-0.73468
-0.73468
-0.73468
-0.75405
-0.83243
-0.69847
-0.69847
-0.69847
-0.69847
0
-0.34136
-10.2896
0
0
0
0
0
0
0
0
-0.76908
-0.76996
22.6835
-0.75582
-0.73314
-0.65796
-0.65796
-0.65796
-0.65796
-0.78099
-0.7137
-0.7137
-0.7137
-0.74125
-0.81126
-0.67859
-0.67859
-0.67859
-0.67859
0
0
0
-9.8347
0
0
0
0
0
0
0
-0.76908
-0.76996
-0.75582
22.6835
-0.73314
-0.65796
-0.65796
-0.65796
-0.65796
-0.78099
-0.7137
-0.7137
-0.7137
-0.74125
-0.81126
-0.67859
-0.67859
-0.67859
-0.67859
0
0
0
0
0
-9.8347
0
0
0
0
0
-0.74586
-0.75148
-0.73314
-0.73314
12.8639
-0.64105
-0.64105
-0.64105
-0.64105
-0.75889
-0.69427
-0.69427
-0.69427
-0.72232
-0.79306
-0.6605
-0.6605
-0.6605
-0.6605
0
-0.33696
0
0
0
0
0
0
0
0
0
-0.67655
-0.67727
-0.65796
-0.65796
-0.64105
11.3221
-0.57125
-0.57125
-0.57125
-0.6809
-0.62397
-0.62397
-0.62397
-0.65527
-0.71144
-0.59451
-0.59451
-0.59451
-0.59451
0
0
0
0
0
0
0
0
0
0
0
-0.67655
-0.67727
-0.65796
-0.65796
-0.64105
-0.57125
11.3221
-0.57125
-0.57125
-0.6809
-0.62397
-0.62397
-0.62397
-0.65527
-0.71144
-0.59451
-0.59451
-0.59451
-0.59451
0
0
0
0
0
0
0
0
0
0
0
-0.67655
-0.67727
-0.65796
-0.65796
-0.64105
-0.57125
-0.57125
11.3221
-0.57125
-0.6809
-0.62397
-0.62397
-0.62397
-0.65527
-0.71144
-0.59451
-0.59451
-0.59451
-0.59451
0
0
0
0
0
0
0
0
0
0
0
-0.67655
-0.67727
-0.65796
-0.65796
-0.64105
-0.57125
-0.57125
-0.57125
11.3221
-0.6809
-0.62397
-0.62397
-0.62397
-0.65527
-0.71144
-0.59451
-0.59451
-0.59451
-0.59451
0
0
0
0
0
0
0
0
0
0
0
-0.79848
-0.80162
-0.78099
-0.78099
-0.75889
-0.6809
-0.6809
-0.6809
-0.6809
15.0536
-0.74324
-0.74324
-0.74324
0
0
0
0
0
0
0
0
0
0
0
0
-6.1793
0
0
0
0
-0.73219
-0.73468
-0.7137
-0.7137
-0.69427
-0.62397
-0.62397
-0.62397
-0.62397
-0.74324
8.0885
-0.63044
-0.63044
0
0
0
0
0
0
0
0
0
0
0
0
0
0
0
0
0
-0.73219
-0.73468
-0.7137
-0.7137
-0.69427
-0.62397
-0.62397
-0.62397
-0.62397
-0.74324
-0.63044
8.0885
-0.63044
0
0
0
0
0
0
0
0
0
0
0
0
0
0
0
0
0
-0.73219
-0.73468
-0.7137
-0.7137
-0.69427
-0.62397
-0.62397
-0.62397
-0.62397
-0.74324
-0.63044
-0.63044
8.0885
0
0
0
0
0
0
0
0
0
0
0
0
0
0
0
0
0
-0.77374
-0.75405
-0.74125
-0.74125
-0.72232
-0.65527
-0.65527
-0.65527
-0.65527
0
0
0
0
10.7558
0
0
0
0
0
-0.27025
0
0
0
0
0
0
-4.1319
0
0
0
-0.82935
-0.83243
-0.81126
-0.81126
-0.79306
-0.71144
-0.71144
-0.71144
-0.71144
0
0
0
0
0
10.1571
0
0
0
0
0
0
0
0
-3.234
0
0
0
0
0
0
-0.69616
-0.69847
-0.67859
-0.67859
-0.6605
-0.59451
-0.59451
-0.59451
-0.59451
0
0
0
0
0
0
5.7904
0
0
0
0
0
0
0
0
0
0
0
0
0
0
-0.69616
-0.69847
-0.67859
-0.67859
-0.6605
-0.59451
-0.59451
-0.59451
-0.59451
0
0
0
0
0
0
0
5.7904
0
0
0
0
0
0
0
0
0
0
0
0
0
-0.69616
-0.69847
-0.67859
-0.67859
-0.6605
-0.59451
-0.59451
-0.59451
-0.59451
0
0
0
0
0
0
0
0
5.7904
0
0
0
0
0
0
0
0
0
0
0
0
-0.69616
-0.69847
-0.67859
-0.67859
-0.6605
-0.59451
-0.59451
-0.59451
-0.59451
0
0
0
0
0
0
0
0
0
5.7904
0
0
0
0
0
0
0
0
0
0
0
-0.24722
0
0
0
0
0
0
0
0
0
0
0
0
-0.27025
0
0
0
0
0
0.62197
0
0
0
0
0
0
0
-0.1045
0
0
0
-0.34136
0
0
-0.33696
0
0
0
0
0
0
0
0
0
0
0
0
0
0
0
0.88311
0
0
0
0
0
0
0
0
-0.2048
0
-10.2896
0
0
0
0
0
0
0
0
0
0
0
0
0
0
0
0
0
0
0
10.2896
0
0
0
0
0
0
0
0
0
0
-9.8347
0
0
0
0
0
0
0
0
0
0
0
0
0
0
0
0
0
0
0
9.8347
0
0
0
0
0
0
0
0
0
0
0
0
0
0
0
0
0
0
0
0
0
-3.234
0
0
0
0
0
0
0
0
3.234
0
0
0
0
0
0
0
0
0
-9.8347
0
0
0
0
0
0
0
0
0
0
0
0
0
0
0
0
0
0
0
0
9.8347
0
0
0
0
0
0
0
0
0
0
0
0
0
0
-6.1793
0
0
0
0
0
0
0
0
0
0
0
0
0
0
0
6.1793
0
0
0
0
0
0
0
0
0
0
0
0
0
0
0
0
0
-4.1319
0
0
0
0
0
0
0
0
0
0
0
0
4.1319
0
0
0
0
0
0
0
0
0
0
0
0
0
0
0
0
0
0
0
0
0
0
-0.1045
0
0
0
0
0
0
0
0.1045
0
0
-10.2757
0
0
0
0
0
0
0
0
0
0
0
0
0
0
0
0
0
0
0
0
0
0
0
0
0
0
0
10.2757
0
0
0
0
0
0
0
0
0
0
0
0
0
0
0
0
0
0
0
0
0
-0.2048
0
0
0
0
0
0
0
0
0.2048
