11.5495
-0.53665
-0.50483
-0.53591
-0.49824
-0.50523
-0.50193
-0.48545
-0.47938
-0.45199
-0.48784
-0.48784
-0.50008
-0.44244
-0.67281
-0.41346
0
-0.54276
0
-1.0135
-2.4892
0
0
0
0
0
0
0
0
0
-0.53665
27.8605
-0.50451
-0.5637
-0.52946
-0.52959
-0.54081
-0.51866
-0.53058
-0.48293
-0.5213
-0.5213
-0.49141
-0.3959
-0.72081
-0.37743
0
-0.53823
0
0
0
0
0
0
0
-9.7786
-9.7786
0
0
0
-0.50483
-0.50451
15.7485
-0.54566
-0.51575
-0.51933
-0.52378
-0.50241
-0.51309
-0.46741
-0.5045
-0.5045
-0.50769
-0.4203
-0.70314
0
0
-0.51667
0
0
0
0
0
-7.9949
0
0
0
0
0
0
-0.53591
-0.5637
-0.54566
7.7357
-0.54721
-0.56291
-0.5602
-0.53708
-0.54393
-0.4951
-0.53449
-0.53449
-0.5733
0
-0.75798
-0.44373
0
0
0
0
0
0
0
0
0
0
0
0
0
0
-0.49824
-0.52946
-0.51575
-0.54721
6.8034
-0.52976
-0.51954
-0.49041
-0.497
-0.45453
-0.49058
-0.49058
-0.53232
0
-0.70799
0
0
0
0
0
0
0
0
0
0
0
0
0
0
0
-0.50523
-0.52959
-0.51933
-0.56291
-0.52976
6.6192
-0.52642
-0.49718
-0.50349
-0.45997
-0.49646
-0.49646
-0.52452
-0.46793
0
0
0
0
0
0
0
0
0
0
0
0
0
0
0
0
-0.50193
-0.54081
-0.52378
-0.5602
-0.51954
-0.52642
7.0713
-0.4899
-0.49741
-0.45211
-0.48796
-0.48796
-0.54233
0
0
0
0
0
0
-0.94091
0
0
0
0
0
0
0
0
0
0
-0.48545
-0.51866
-0.50241
-0.53708
-0.49041
-0.49718
-0.4899
5.8209
-0.48158
-0.42399
-0.45762
-0.45762
0
0
0
0
-0.479
0
0
0
0
0
0
0
0
0
0
0
0
0
-0.47938
-0.53058
-0.51309
-0.54393
-0.497
-0.50349
-0.49741
-0.48158
7.7227
-0.43064
-0.46479
-0.46479
0
0
0
0
0
0
0
0
-2.316
0
0
0
0
0
0
0
0
0
-0.45199
-0.48293
-0.46741
-0.4951
-0.45453
-0.45997
-0.45211
-0.42399
-0.43064
4.9425
-0.41193
-0.41193
0
0
0
0
0
0
0
0
0
0
0
0
0
0
0
0
0
0
-0.48784
-0.5213
-0.5045
-0.53449
-0.49058
-0.49646
-0.48796
-0.45762
-0.46479
-0.41193
4.8575
0
0
0
0
0
0
0
0
0
0
0
0
0
0
0
0
0
0
0
-0.48784
-0.5213
-0.5045
-0.53449
-0.49058
-0.49646
-0.48796
-0.45762
-0.46479
-0.41193
0
4.8575
0
0
0
0
0
0
0
0
0
0
0
0
0
0
0
0
0
0
-0.50008
-0.49141
-0.50769
-0.5733
-0.53232
-0.52452
-0.54233
0
0
0
0
0
14.9242
0
0
0
0
0
0
0
0
-5.6489
0
0
-5.6036
0
0
0
0
0
-0.44244
-0.3959
-0.4203
0
0
-0.46793
0
0
0
0
0
0
0
13.9312
0
0
0
0
0
0
0
0
-6.1023
0
0
0
0
0
-6.1023
0
-0.67281
-0.72081
-0.70314
-0.75798
-0.70799
0
0
0
0
0
0
0
0
0
3.5627
0
0
0
0
0
0
0
0
0
0
0
0
0
0
0
-0.41346
-0.37743
0
-0.44373
0
0
0
0
0
0
0
0
0
0
0
1.8459
-0.49407
0
0
0
0
0
0
0
0
0
0
0
0
-0.11722
0
0
0
0
0
0
0
-0.479
0
0
0
0
0
0
0
-0.49407
2.1556
0
-0.25191
-0.93065
0
0
0
0
0
0
0
0
0
0
-0.54276
-0.53823
-0.51667
0
0
0
0
0
0
0
0
0
0
0
0
0
0
1.7022
-0.1045
0
0
0
0
0
0
0
0
0
0
0
0
0
0
0
0
0
0
0
0
0
0
0
0
0
0
0
-0.25191
-0.1045
0.58072
0
0
0
0
0
0
0
0
-0.2243
0
0
-1.0135
0
0
0
0
0
-0.94091
0
0
0
0
0
0
0
0
0
-0.93065
0
0
2.885
0
0
0
0
0
0
0
0
0
0
-2.4892
0
0
0
0
0
0
0
-2.316
0
0
0
0
0
0
0
0
0
0
0
6.139
-1.3338
0
0
0
0
0
0
0
0
0
0
0
0
0
0
0
0
0
0
0
0
-5.6489
0
0
0
0
0
0
0
-1.3338
6.9828
0
0
0
0
0
0
0
0
0
0
0
0
0
0
0
0
0
0
0
0
0
-6.1023
0
0
0
0
0
0
0
0
6.1023
0
0
0
0
0
0
0
0
0
-7.9949
0
0
0
0
0
0
0
0
0
0
0
0
0
0
0
0
0
0
0
0
7.9949
0
0
0
0
0
0
0
0
0
0
0
0
0
0
0
0
0
0
-5.6036
0
0
0
0
0
0
0
0
0
0
0
5.6036
0
0
0
0
0
0
-9.7786
0
0
0
0
0
0
0
0
0
0
0
0
0
0
0
0
0
0
0
0
0
0
0
9.7786
0
0
0
0
0
-9.7786
0
0
0
0
0
0
0
0
0
0
0
0
0
0
0
0
0
0
0
0
0
0
0
0
9.7786
0
0
0
0
0
0
0
0
0
0
0
0
0
0
0
0
0
0
0
0
0
-0.2243
0
0
0
0
0
0
0
0
0.2243
0
0
0
0
0
0
0
0
0
0
0
0
0
0
0
-6.1023
0
0
0
0
0
0
0
0
0
0
0
0
0
0
6.1023
0
0
0
0
0
0
0
0
0
0
0
0
0
0
0
0
-0.11722
0
0
0
0
0
0
0
0
0
0
0
0
0
0.11722
