26.5404
-0.71252
-0.70408
-0.74057
-0.73251
-0.69757
-0.70687
-0.73911
-0.69628
-0.75748
-0.75748
-0.78843
-0.78843
-0.78843
-0.64389
-0.79756
-0.67075
-0.6977
-0.85544
-0.331
-1.6935
-1.6935
0
0
0
0
0
-9.5472
0
0
-0.71252
16.3798
-0.67357
-0.71916
-0.7029
-0.67031
-0.68826
-0.71947
-0.66709
-0.72519
-0.72519
-0.75451
-0.75451
-0.75451
-0.64364
-0.77739
-0.64091
-0.66372
-0.80205
-0.34934
-1.6177
-1.6177
0
0
0
0
0
0
0
0
-0.70408
-0.67357
15.8092
-0.71308
-0.69339
-0.66125
-0.68392
-0.71513
-0.65802
-0.71518
-0.71518
-0.744
-0.744
-0.744
-0.64198
-0.7616
-0.63128
-0.65245
-0.78508
0
-1.586
-1.586
0
0
0
0
0
0
0
0
-0.74057
-0.71916
-0.71308
20.8026
-0.74345
-0.6947
-0.70465
-0.73521
-0.69533
-0.75643
-0.75643
-0.78733
-0.78733
-0.78733
-0.63904
-0.78777
-0.66977
-0.69709
0
0
0
0
0
0
0
0
-8.3879
0
0
0
-0.73251
-0.7029
-0.69339
-0.74345
13.0087
-0.67912
-0.70187
-0.73257
-0.67692
-0.73606
-0.73606
-0.76592
-0.76592
-0.76592
-0.6578
-0.78729
-0.64957
-0.67207
-0.80941
0
0
0
0
0
0
0
0
0
0
0
-0.69757
-0.67031
-0.66125
-0.6947
-0.67912
11.5909
-0.6624
-0.69106
-0.64225
-0.69778
-0.69778
-0.72576
-0.72576
-0.72576
-0.62183
-0.74312
-0.61652
-0.63797
0
0
0
0
0
0
0
0
0
0
0
0
-0.70687
-0.68826
-0.68392
-0.70465
-0.70187
-0.6624
17.7465
-0.69212
-0.65947
-0.71678
-0.71678
-0.74569
-0.74569
-0.74569
-0.60525
0
-0.6376
0
0
0
0
0
0
0
0
0
0
0
-7.3334
0
-0.73911
-0.71947
-0.71513
-0.73521
-0.73257
-0.69106
-0.69212
15.5957
-0.70279
-0.7647
-0.7647
-0.79601
-0.79601
-0.79601
0
0
0
0
0
0
0
0
0
0
0
-5.9508
0
0
0
0
-0.69628
-0.66709
-0.65802
-0.69533
-0.67692
-0.64225
-0.65947
-0.70279
8.9221
-0.68827
-0.68827
-0.71579
-0.71579
-0.71579
0
0
0
0
0
0
0
0
0
0
0
0
0
0
0
0
-0.75748
-0.72519
-0.71518
-0.75643
-0.73606
-0.69778
-0.71678
-0.7647
-0.68827
7.2937
-0.73587
0
0
0
0
0
0
0
0
0
0
0
0
0
0
0
0
0
0
0
-0.75748
-0.72519
-0.71518
-0.75643
-0.73606
-0.69778
-0.71678
-0.7647
-0.68827
-0.73587
7.2937
0
0
0
0
0
0
0
0
0
0
0
0
0
0
0
0
0
0
0
-0.78843
-0.75451
-0.744
-0.78733
-0.76592
-0.72576
-0.74569
-0.79601
-0.71579
0
0
6.8234
0
0
0
0
0
0
0
0
0
0
0
0
0
0
0
0
0
0
-0.78843
-0.75451
-0.744
-0.78733
-0.76592
-0.72576
-0.74569
-0.79601
-0.71579
0
0
0
6.8234
0
0
0
0
0
0
0
0
0
0
0
0
0
0
0
0
0
-0.78843
-0.75451
-0.744
-0.78733
-0.76592
-0.72576
-0.74569
-0.79601
-0.71579
0
0
0
0
6.8234
0
0
0
0
0
0
0
0
0
0
0
0
0
0
0
0
-0.64389
-0.64364
-0.64198
-0.63904
-0.6578
-0.62183
-0.60525
0
0
0
0
0
0
0
4.5579
0
0
0
0
0
0
0
0
0
-0.1045
0
0
0
0
0
-0.79756
-0.77739
-0.7616
-0.78777
-0.78729
-0.74312
0
0
0
0
0
0
0
0
0
6.6574
0
0
0
0
0
0
0
-2.0027
0
0
0
0
0
0
-0.67075
-0.64091
-0.63128
-0.66977
-0.64957
-0.61652
-0.6376
0
0
0
0
0
0
0
0
0
4.5164
0
0
0
0
0
0
0
0
0
0
0
0
0
-0.6977
-0.66372
-0.65245
-0.69709
-0.67207
-0.63797
0
0
0
0
0
0
0
0
0
0
0
4.021
0
0
0
0
0
0
0
0
0
0
0
0
-0.85544
-0.80205
-0.78508
0
-0.80941
0
0
0
0
0
0
0
0
0
0
0
0
0
3.252
0
0
0
0
0
0
0
0
0
0
0
-0.331
-0.34934
0
0
0
0
0
0
0
0
0
0
0
0
0
0
0
0
0
5.4226
0
0
-3.4659
0
0
0
0
0
0
-1.2764
-1.6935
-1.6177
-1.586
0
0
0
0
0
0
0
0
0
0
0
0
0
0
0
0
0
4.8973
0
0
0
0
0
0
0
0
0
-1.6935
-1.6177
-1.586
0
0
0
0
0
0
0
0
0
0
0
0
0
0
0
0
0
0
4.8973
0
0
0
0
0
0
0
0
0
0
0
0
0
0
0
0
0
0
0
0
0
0
0
0
0
0
0
-3.4659
0
0
3.5937
-0.12785
0
0
0
0
0
0
0
0
0
0
0
0
0
0
0
0
0
0
0
0
0
-2.0027
0
0
0
0
0
0
-0.12785
2.1305
0
0
0
0
0
0
0
0
0
0
0
0
0
0
0
0
0
0
0
0
-0.1045
0
0
0
0
0
0
0
0
0
0.1045
0
0
0
0
0
0
0
0
0
0
0
0
-5.9508
0
0
0
0
0
0
0
0
0
0
0
0
0
0
0
0
0
5.9508
0
0
0
0
0
0
0
-8.3879
0
0
0
0
0
0
0
0
0
0
0
0
0
0
0
0
0
0
0
0
0
0
8.3879
0
0
0
-9.5472
0
0
0
0
0
0
0
0
0
0
0
0
0
0
0
0
0
0
0
0
0
0
0
0
0
0
9.5472
0
0
0
0
0
0
0
0
-7.3334
0
0
0
0
0
0
0
0
0
0
0
0
0
0
0
0
0
0
0
0
0
7.3334
0
0
0
0
0
0
0
0
0
0
0
0
0
0
0
0
0
0
0
0
-1.2764
0
0
0
0
0
0
0
0
0
1.2764
