30.5476
-0.6373
-0.6373
-0.6373
-0.71796
-0.68964
-0.6195
-0.6195
-0.70448
-0.62438
-0.63902
-0.6382
-0.67027
-0.67027
0
0
-1.4127
-1.4127
0
-0.8989
0
0
0
0
-2.066
0
-8.1261
0
0
-8.1261
-0.6373
11.6246
-0.57679
-0.57679
-0.65694
-0.64143
-0.57372
-0.57372
-0.65393
-0.59917
-0.6327
-0.60018
-0.61298
-0.61298
-0.85819
0
-1.2841
-1.2841
-0.2496
0
0
0
0
0
0
0
0
0
0
0
-0.6373
-0.57679
11.6246
-0.57679
-0.65694
-0.64143
-0.57372
-0.57372
-0.65393
-0.59917
-0.6327
-0.60018
-0.61298
-0.61298
-0.85819
0
-1.2841
-1.2841
-0.2496
0
0
0
0
0
0
0
0
0
0
0
-0.6373
-0.57679
-0.57679
11.6246
-0.65694
-0.64143
-0.57372
-0.57372
-0.65393
-0.59917
-0.6327
-0.60018
-0.61298
-0.61298
-0.85819
0
-1.2841
-1.2841
-0.2496
0
0
0
0
0
0
0
0
0
0
0
-0.71796
-0.65694
-0.65694
-0.65694
10.5765
-0.70587
-0.60077
-0.60077
-0.69791
-0.63995
-0.67508
-0.66956
-0.65076
-0.65076
0
0
0
0
0
0
0
0
0
-1.9963
0
0
0
0
0
0
-0.68964
-0.64143
-0.64143
-0.64143
-0.70587
9.5466
-0.59824
-0.59824
-0.69415
-0.63349
-0.66606
-0.65645
-0.65088
-0.65088
0
0
0
0
0
-1.0784
0
0
0
0
0
0
0
0
0
0
-0.6195
-0.57372
-0.57372
-0.57372
-0.60077
-0.59824
7.4325
-0.48675
-0.6044
-0.54808
-0.57134
-0.56806
-0.55708
-0.55708
0
0
0
0
0
0
0
0
0
0
0
0
0
0
0
0
-0.6195
-0.57372
-0.57372
-0.57372
-0.60077
-0.59824
-0.48675
7.4325
-0.6044
-0.54808
-0.57134
-0.56806
-0.55708
-0.55708
0
0
0
0
0
0
0
0
0
0
0
0
0
0
0
0
-0.70448
-0.65393
-0.65393
-0.65393
-0.69791
-0.69415
-0.6044
-0.6044
7.1934
-0.6135
-0.63675
-0.67597
0
0
0
0
0
0
0
0
0
0
0
0
0
0
0
0
0
0
-0.62438
-0.59917
-0.59917
-0.59917
-0.63995
-0.63349
-0.54808
-0.54808
-0.6135
7.7606
-0.54012
0
0
0
0
0
0
0
0
0
0
0
-1.8155
0
0
0
0
0
0
0
-0.63902
-0.6327
-0.6327
-0.6327
-0.67508
-0.66606
-0.57134
-0.57134
-0.63675
-0.54012
12.4896
0
0
0
0
0
0
0
0
0
0
0
0
0
0
0
0
-6.2918
0
0
-0.6382
-0.60018
-0.60018
-0.60018
-0.66956
-0.65645
-0.56806
-0.56806
-0.67597
0
0
8.188
0
0
-0.83823
0
0
0
0
0
-1.7729
0
0
0
0
0
0
0
0
0
-0.67027
-0.61298
-0.61298
-0.61298
-0.65076
-0.65088
-0.55708
-0.55708
0
0
0
0
4.925
0
0
0
0
0
0
0
0
0
0
0
0
0
0
0
0
0
-0.67027
-0.61298
-0.61298
-0.61298
-0.65076
-0.65088
-0.55708
-0.55708
0
0
0
0
0
4.925
0
0
0
0
0
0
0
0
0
0
0
0
0
0
0
0
0
-0.85819
-0.85819
-0.85819
0
0
0
0
0
0
0
-0.83823
0
0
3.8767
-0.46392
0
0
0
0
0
0
0
0
0
0
0
0
0
0
0
0
0
0
0
0
0
0
0
0
0
0
0
0
-0.46392
8.4682
0
0
0
0
0
0
0
-3.182
-3.1354
0
0
0
-1.6869
0
-1.4127
-1.2841
-1.2841
-1.2841
0
0
0
0
0
0
0
0
0
0
0
0
5.2649
0
0
0
0
0
0
0
0
0
0
0
0
0
-1.4127
-1.2841
-1.2841
-1.2841
0
0
0
0
0
0
0
0
0
0
0
0
0
5.2649
0
0
0
0
0
0
0
0
0
0
0
0
0
-0.2496
-0.2496
-0.2496
0
0
0
0
0
0
0
0
0
0
0
0
0
0
0.7488
0
0
0
0
0
0
0
0
0
0
0
-0.8989
0
0
0
0
-1.0784
0
0
0
0
0
0
0
0
0
0
0
0
0
3.3254
0
0
0
0
0
-1.3481
0
0
0
0
0
0
0
0
0
0
0
0
0
0
0
-1.7729
0
0
0
0
0
0
0
0
4.1721
-2.3992
0
0
0
0
0
0
0
0
0
0
0
0
0
0
0
0
0
0
0
0
0
0
0
0
0
0
0
0
-2.3992
4.8065
-2.4073
0
0
0
0
0
0
0
0
0
0
0
0
0
0
0
0
-1.8155
0
0
0
0
0
0
0
0
0
0
0
-2.4073
4.2228
0
0
0
0
0
0
0
0
0
0
0
-1.9963
0
0
0
0
0
0
0
0
0
0
-3.182
0
0
0
0
0
0
0
5.1783
0
0
0
0
0
0
-2.066
0
0
0
0
0
0
0
0
0
0
0
0
0
0
-3.1354
0
0
0
0
0
0
0
0
5.2014
0
0
0
0
0
0
0
0
0
0
0
0
0
0
0
0
0
0
0
0
0
0
0
0
-1.3481
0
0
0
0
0
1.3481
0
0
0
0
-8.1261
0
0
0
0
0
0
0
0
0
0
0
0
0
0
0
0
0
0
0
0
0
0
0
0
0
8.1261
0
0
0
0
0
0
0
0
0
0
0
0
0
-6.2918
0
0
0
0
0
0
0
0
0
0
0
0
0
0
0
0
6.2918
0
0
0
0
0
0
0
0
0
0
0
0
0
0
0
0
0
-1.6869
0
0
0
0
0
0
0
0
0
0
0
0
1.6869
0
-8.1261
0
0
0
0
0
0
0
0
0
0
0
0
0
0
0
0
0
0
0
0
0
0
0
0
0
0
0
0
8.1261
