25.4805
-1.1843
-1.1757
-1.1524
-1.1741
-1.1843
-1.1843
-1.1741
-0.802
-0.802
-0.802
-0.802
-0.802
-0.8623
-0.85326
-0.811
-0.72578
-0.85713
-0.93323
0
0
0
0
0
-8.1987
0
0
0
0
0
-1.1843
25.4805
-1.1757
-1.1524
-1.1741
-1.1843
-1.1843
-1.1741
-0.802
-0.802
-0.802
-0.802
-0.802
-0.8623
-0.85326
-0.811
-0.72578
-0.85713
-0.93323
0
0
0
0
0
0
0
0
0
0
-8.1987
-1.1757
-1.1757
18.1448
-1.1521
-1.1629
-1.1757
-1.1757
-1.1629
-0.78653
-0.78653
-0.78653
-0.78653
-0.78653
-0.854
-0.84263
-0.76539
-0.71059
-0.82638
-0.90549
0
0
-1.127
0
0
0
0
0
0
0
0
-1.1524
-1.1524
-1.1521
17.3192
-1.1592
-1.1524
-1.1524
-1.1592
-0.78399
-0.78399
-0.78399
-0.78399
-0.78399
-0.83492
-0.84107
-0.79198
-0.70966
-0.83783
-0.91198
0
0
0
0
-0.39178
0
0
0
0
0
0
-1.1741
-1.1741
-1.1629
-1.1592
17.8374
-1.1741
-1.1741
-1.0756
-0.78613
-0.78613
-0.78613
-0.78613
-0.78613
-0.8488
-0.7991
-0.79917
-0.71219
-0.84137
-0.90778
-0.90417
0
0
0
0
0
0
0
0
0
0
-1.1843
-1.1843
-1.1757
-1.1524
-1.1741
25.4805
-1.1843
-1.1741
-0.802
-0.802
-0.802
-0.802
-0.802
-0.8623
-0.85326
-0.811
-0.72578
-0.85713
-0.93323
0
0
0
0
0
0
0
0
0
-8.1987
0
-1.1843
-1.1843
-1.1757
-1.1524
-1.1741
-1.1843
25.4805
-1.1741
-0.802
-0.802
-0.802
-0.802
-0.802
-0.8623
-0.85326
-0.811
-0.72578
-0.85713
-0.93323
0
0
0
0
0
0
-8.1987
0
0
0
0
-1.1741
-1.1741
-1.1629
-1.1592
-1.0756
-1.1741
-1.1741
17.8374
-0.78613
-0.78613
-0.78613
-0.78613
-0.78613
-0.8488
-0.7991
-0.79917
-0.71219
-0.84137
-0.90778
-0.90417
0
0
0
0
0
0
0
0
0
0
-0.802
-0.802
-0.78653
-0.78399
-0.78613
-0.802
-0.802
-0.78613
11.9087
-0.53141
-0.53141
-0.53141
-0.53141
-0.595
-0.58712
-0.5431
-0.4927
-0.58134
-0.63302
0
0
0
0
0
0
0
0
0
0
0
-0.802
-0.802
-0.78653
-0.78399
-0.78613
-0.802
-0.802
-0.78613
-0.53141
11.9087
-0.53141
-0.53141
-0.53141
-0.595
-0.58712
-0.5431
-0.4927
-0.58134
-0.63302
0
0
0
0
0
0
0
0
0
0
0
-0.802
-0.802
-0.78653
-0.78399
-0.78613
-0.802
-0.802
-0.78613
-0.53141
-0.53141
11.9087
-0.53141
-0.53141
-0.595
-0.58712
-0.5431
-0.4927
-0.58134
-0.63302
0
0
0
0
0
0
0
0
0
0
0
-0.802
-0.802
-0.78653
-0.78399
-0.78613
-0.802
-0.802
-0.78613
-0.53141
-0.53141
-0.53141
11.9087
-0.53141
-0.595
-0.58712
-0.5431
-0.4927
-0.58134
-0.63302
0
0
0
0
0
0
0
0
0
0
0
-0.802
-0.802
-0.78653
-0.78399
-0.78613
-0.802
-0.802
-0.78613
-0.53141
-0.53141
-0.53141
-0.53141
11.9087
-0.595
-0.58712
-0.5431
-0.4927
-0.58134
-0.63302
0
0
0
0
0
0
0
0
0
0
0
-0.8623
-0.8623
-0.854
-0.83492
-0.8488
-0.8623
-0.8623
-0.8488
-0.595
-0.595
-0.595
-0.595
-0.595
19.3992
-0.58256
-0.51477
-0.48825
-0.57076
0
0
0
0
0
0
0
0
0
-7.4322
0
0
-0.85326
-0.85326
-0.84263
-0.84107
-0.7991
-0.85326
-0.85326
-0.7991
-0.58712
-0.58712
-0.58712
-0.58712
-0.58712
-0.58256
12.4049
-0.50836
-0.48059
-0.56205
0
-0.64085
0
0
0
0
0
0
0
0
0
0
-0.811
-0.811
-0.76539
-0.79198
-0.79917
-0.811
-0.811
-0.79917
-0.5431
-0.5431
-0.5431
-0.5431
-0.5431
-0.51477
-0.50836
11.3588
-0.45819
0
0
0
0
-0.76223
0
0
0
0
0
0
0
0
-0.72578
-0.72578
-0.71059
-0.70966
-0.71219
-0.72578
-0.72578
-0.71219
-0.4927
-0.4927
-0.4927
-0.4927
-0.4927
-0.48825
-0.48059
-0.45819
10.149
-0.51074
0
0
0
0
0
0
0
0
0
0
0
0
-0.85713
-0.85713
-0.82638
-0.83783
-0.84137
-0.85713
-0.85713
-0.84137
-0.58134
-0.58134
-0.58134
-0.58134
-0.58134
-0.57076
-0.56205
0
-0.51074
11.3257
0
0
0
0
0
0
0
0
0
0
0
0
-0.93323
-0.93323
-0.90549
-0.91198
-0.90778
-0.93323
-0.93323
-0.90778
-0.63302
-0.63302
-0.63302
-0.63302
-0.63302
0
0
0
0
0
10.5311
0
0
0
0
0
0
0
0
0
0
0
0
0
0
0
-0.90417
0
0
-0.90417
0
0
0
0
0
0
-0.64085
0
0
0
0
3.2142
-0.37562
0
-0.38943
0
0
0
0
0
0
0
0
0
0
0
0
0
0
0
0
0
0
0
0
0
0
0
0
0
0
-0.37562
1.8616
-0.9572
0
0
0
0
-0.52881
0
0
0
0
0
-1.127
0
0
0
0
0
0
0
0
0
0
0
0
-0.76223
0
0
0
0
-0.9572
2.8464
0
0
0
0
0
0
0
0
0
0
0
0
0
0
0
0
0
0
0
0
0
0
0
0
0
0
0
-0.38943
0
0
2.7735
-2.384
0
0
0
0
0
0
0
0
0
-0.39178
0
0
0
0
0
0
0
0
0
0
0
0
0
0
0
0
0
0
-2.384
2.7758
0
0
0
0
0
0
-8.1987
0
0
0
0
0
0
0
0
0
0
0
0
0
0
0
0
0
0
0
0
0
0
0
8.1987
0
0
0
0
0
0
0
0
0
0
0
-8.1987
0
0
0
0
0
0
0
0
0
0
0
0
0
0
0
0
0
0
8.1987
0
0
0
0
0
0
0
0
0
0
0
0
0
0
0
0
0
0
0
0
0
0
0
0
-0.52881
0
0
0
0
0
0.52881
0
0
0
0
0
0
0
0
0
0
0
0
0
0
0
0
-7.4322
0
0
0
0
0
0
0
0
0
0
0
0
0
7.4322
0
0
0
0
0
0
0
-8.1987
0
0
0
0
0
0
0
0
0
0
0
0
0
0
0
0
0
0
0
0
0
0
8.1987
0
0
-8.1987
0
0
0
0
0
0
0
0
0
0
0
0
0
0
0
0
0
0
0
0
0
0
0
0
0
0
0
8.1987
