25.2615
-0.90923
-0.8821
-0.82097
-0.81737
-0.77446
-0.77446
-0.77446
-0.82165
-0.83713
-0.83409
-0.82165
-0.7791
-0.75994
-0.75994
-0.84259
-0.79908
-0.82013
-0.82013
0
0
0
-1.5067
0
0
0
-9.1063
0
0
0
-0.90923
24.0801
-0.91134
-0.81895
-0.81837
-0.77705
-0.77705
-0.77705
-0.82404
-0.83227
-0.83057
-0.82404
-0.77439
-0.76198
-0.76198
-0.84615
-0.8033
-0.825
-0.825
0
0
-0.5193
0
0
0
-8.863
0
0
0
0
-0.8821
-0.91134
17.6034
-0.81285
-0.8108
-0.76456
-0.76456
-0.76456
-0.81011
-0.83919
-0.82933
-0.81011
-0.78447
-0.75107
-0.75107
-0.83012
-0.78568
-0.80491
-0.80491
-1.7205
0
0
-1.3711
0
0
0
0
0
0
0
-0.82097
-0.81895
-0.81285
14.099
-0.75859
-0.71574
-0.71574
-0.71574
-0.76061
-0.77931
-0.77758
-0.76061
-0.72613
-0.70318
-0.70318
-0.77744
-0.73687
-0.75576
-0.75576
0
0
-0.50401
0
0
0
0
0
0
0
0
-0.81737
-0.81837
-0.8108
-0.75859
13.9641
-0.71546
-0.71546
-0.71546
-0.7605
-0.77815
-0.77769
-0.7605
-0.72476
-0.70286
-0.70286
-0.77722
-0.73677
-0.75581
-0.75581
0
-0.37965
0
0
0
0
0
0
0
0
0
-0.77446
-0.77705
-0.76456
-0.71574
-0.71546
12.836
-0.66263
-0.66263
-0.71878
-0.73706
-0.73278
-0.71878
-0.68598
-0.6625
-0.6625
-0.73101
-0.69265
-0.71071
-0.71071
0
0
0
0
0
0
0
0
0
0
0
-0.77446
-0.77705
-0.76456
-0.71574
-0.71546
-0.66263
12.836
-0.66263
-0.71878
-0.73706
-0.73278
-0.71878
-0.68598
-0.6625
-0.6625
-0.73101
-0.69265
-0.71071
-0.71071
0
0
0
0
0
0
0
0
0
0
0
-0.77446
-0.77705
-0.76456
-0.71574
-0.71546
-0.66263
-0.66263
12.836
-0.71878
-0.73706
-0.73278
-0.71878
-0.68598
-0.6625
-0.6625
-0.73101
-0.69265
-0.71071
-0.71071
0
0
0
0
0
0
0
0
0
0
0
-0.82165
-0.82404
-0.81011
-0.76061
-0.7605
-0.71878
-0.71878
-0.71878
12.0924
-0.78716
-0.83678
-0.7155
-0.71444
-0.69519
-0.69519
-0.77809
-0.73679
0
0
0
0
0
0
0
0
0
0
0
0
0
-0.83713
-0.83227
-0.83919
-0.77931
-0.77815
-0.73706
-0.73706
-0.73706
-0.78716
19.0414
-0.84117
-0.78716
-0.70293
-0.70812
-0.70812
-0.79843
0
0
0
0
0
0
0
0
0
0
0
0
-7.4311
0
-0.83409
-0.83057
-0.82933
-0.77758
-0.77769
-0.73278
-0.73278
-0.73278
-0.83678
-0.84117
19.7874
-0.83678
-0.67297
-0.69338
-0.69338
0
0
0
0
-1.6608
0
0
0
0
0
0
0
-7.3045
0
0
-0.82165
-0.82404
-0.81011
-0.76061
-0.7605
-0.71878
-0.71878
-0.71878
-0.7155
-0.78716
-0.83678
12.0924
-0.71444
-0.69519
-0.69519
-0.77809
-0.73679
0
0
0
0
0
0
0
0
0
0
0
0
0
-0.7791
-0.77439
-0.78447
-0.72613
-0.72476
-0.68598
-0.68598
-0.68598
-0.71444
-0.70293
-0.67297
-0.71444
16.8508
-0.67486
-0.67486
0
0
0
0
0
0
0
0
-6.8495
0
0
0
0
0
0
-0.75994
-0.76198
-0.75107
-0.70318
-0.70286
-0.6625
-0.6625
-0.6625
-0.69519
-0.70812
-0.69338
-0.69519
-0.67486
9.735
-0.60171
0
0
0
0
0
0
0
0
0
0
0
0
0
0
0
-0.75994
-0.76198
-0.75107
-0.70318
-0.70286
-0.6625
-0.6625
-0.6625
-0.69519
-0.70812
-0.69338
-0.69519
-0.67486
-0.60171
9.735
0
0
0
0
0
0
0
0
0
0
0
0
0
0
0
-0.84259
-0.84615
-0.83012
-0.77744
-0.77722
-0.73101
-0.73101
-0.73101
-0.77809
-0.79843
0
-0.77809
0
0
0
8.6212
0
0
0
0
0
0
0
0
0
0
0
0
0
0
-0.79908
-0.8033
-0.78568
-0.73687
-0.73677
-0.69265
-0.69265
-0.69265
-0.73679
0
0
-0.73679
0
0
0
0
7.4132
0
0
0
0
0
0
0
0
0
0
0
0
0
-0.82013
-0.825
-0.80491
-0.75576
-0.75581
-0.71071
-0.71071
-0.71071
0
0
0
0
0
0
0
0
0
6.0937
0
0
0
0
0
0
0
0
0
0
0
0
-0.82013
-0.825
-0.80491
-0.75576
-0.75581
-0.71071
-0.71071
-0.71071
0
0
0
0
0
0
0
0
0
0
6.0937
0
0
0
0
0
0
0
0
0
0
0
0
0
-1.7205
0
0
0
0
0
0
0
-1.6608
0
0
0
0
0
0
0
0
4.5579
-1.1766
0
0
0
0
0
0
0
0
0
0
0
0
0
-0.37965
0
0
0
0
0
0
0
0
0
0
0
0
0
0
-1.1766
2.7997
0
0
0
-1.2435
0
0
0
0
0
0
-0.5193
0
-0.50401
0
0
0
0
0
0
0
0
0
0
0
0
0
0
0
0
0
1.4589
0
0
0
0
0
0
0
-0.43559
-1.5067
0
-1.3711
0
0
0
0
0
0
0
0
0
0
0
0
0
0
0
0
0
0
0
2.8778
0
0
0
0
0
0
0
0
0
0
0
0
0
0
0
0
0
0
0
-6.8495
0
0
0
0
0
0
0
0
0
0
6.8495
0
0
0
0
0
0
0
0
0
0
0
0
0
0
0
0
0
0
0
0
0
0
0
0
0
0
-1.2435
0
0
0
1.2435
0
0
0
0
0
0
-8.863
0
0
0
0
0
0
0
0
0
0
0
0
0
0
0
0
0
0
0
0
0
0
0
8.863
0
0
0
0
-9.1063
0
0
0
0
0
0
0
0
0
0
0
0
0
0
0
0
0
0
0
0
0
0
0
0
0
9.1063
0
0
0
0
0
0
0
0
0
0
0
0
0
-7.3045
0
0
0
0
0
0
0
0
0
0
0
0
0
0
0
0
7.3045
0
0
0
0
0
0
0
0
0
0
0
-7.4311
0
0
0
0
0
0
0
0
0
0
0
0
0
0
0
0
0
0
7.4311
0
0
0
0
0
0
0
0
0
0
0
0
0
0
0
0
0
0
0
0
0
0
-0.43559
0
0
0
0
0
0
0
0.43559
