21.9719
-0.92938
-0.92938
-0.92938
-0.92938
-0.8856
-1.0224
-1.0303
-0.88317
-0.88317
-0.88317
-0.88317
-1.1012
-0.91588
-0.91588
-0.91588
-0.91588
-0.91588
-0.98097
-1.1015
-0.82522
-1.2031
-0.94666
0
-1.0452
0
0
0
0
0
-0.92938
19.3047
-0.84658
-0.84658
-0.84658
-0.8148
-0.93589
-0.94591
-0.8119
-0.8119
-0.8119
-0.8119
-1.0129
-0.84229
-0.84229
-0.84229
-0.84229
-0.84229
-0.90287
-1.0151
-0.75896
-1.1208
-0.86921
0
0
0
0
0
0
0
-0.92938
-0.84658
19.3047
-0.84658
-0.84658
-0.8148
-0.93589
-0.94591
-0.8119
-0.8119
-0.8119
-0.8119
-1.0129
-0.84229
-0.84229
-0.84229
-0.84229
-0.84229
-0.90287
-1.0151
-0.75896
-1.1208
-0.86921
0
0
0
0
0
0
0
-0.92938
-0.84658
-0.84658
19.3047
-0.84658
-0.8148
-0.93589
-0.94591
-0.8119
-0.8119
-0.8119
-0.8119
-1.0129
-0.84229
-0.84229
-0.84229
-0.84229
-0.84229
-0.90287
-1.0151
-0.75896
-1.1208
-0.86921
0
0
0
0
0
0
0
-0.92938
-0.84658
-0.84658
-0.84658
19.3047
-0.8148
-0.93589
-0.94591
-0.8119
-0.8119
-0.8119
-0.8119
-1.0129
-0.84229
-0.84229
-0.84229
-0.84229
-0.84229
-0.90287
-1.0151
-0.75896
-1.1208
-0.86921
0
0
0
0
0
0
0
-0.8856
-0.8148
-0.8148
-0.8148
-0.8148
27.0634
-0.86768
-0.88602
-0.76116
-0.76116
-0.76116
-0.76116
-0.945
-0.78933
-0.78933
-0.78933
-0.78933
-0.78933
-0.79489
-0.94978
-0.71398
0
0
0
0
0
-10.7699
0
0
0
-1.0224
-0.93589
-0.93589
-0.93589
-0.93589
-0.86768
16.4469
-1.0664
-0.89739
-0.89739
-0.89739
-0.89739
-1.1222
-0.93661
-0.93661
-0.93661
-0.93661
-0.93661
0
0
0
0
0
-0.352
0
0
0
0
0
0
-1.0303
-0.94591
-0.94591
-0.94591
-0.94591
-0.88602
-1.0664
17.3556
-0.90408
-0.90408
-0.90408
-0.90408
-1.1277
-0.94298
-0.94298
-0.94298
-0.94298
-0.94298
0
-1.1303
0
0
0
0
0
0
0
0
0
0
-0.88317
-0.8119
-0.8119
-0.8119
-0.8119
-0.76116
-0.89739
-0.90408
13.8122
-0.74437
-0.74437
-0.74437
-0.94028
-0.78909
-0.78909
-0.78909
-0.78909
-0.78909
0
0
0
0
0
0
0
0
0
0
0
0
-0.88317
-0.8119
-0.8119
-0.8119
-0.8119
-0.76116
-0.89739
-0.90408
-0.74437
13.8122
-0.74437
-0.74437
-0.94028
-0.78909
-0.78909
-0.78909
-0.78909
-0.78909
0
0
0
0
0
0
0
0
0
0
0
0
-0.88317
-0.8119
-0.8119
-0.8119
-0.8119
-0.76116
-0.89739
-0.90408
-0.74437
-0.74437
13.8122
-0.74437
-0.94028
-0.78909
-0.78909
-0.78909
-0.78909
-0.78909
0
0
0
0
0
0
0
0
0
0
0
0
-0.88317
-0.8119
-0.8119
-0.8119
-0.8119
-0.76116
-0.89739
-0.90408
-0.74437
-0.74437
-0.74437
13.8122
-0.94028
-0.78909
-0.78909
-0.78909
-0.78909
-0.78909
0
0
0
0
0
0
0
0
0
0
0
0
-1.1012
-1.0129
-1.0129
-1.0129
-1.0129
-0.945
-1.1222
-1.1277
-0.94028
-0.94028
-0.94028
-0.94028
13.2657
0
0
0
0
0
0
0
0
0
0
0
-1.1568
0
0
0
0
0
-0.91588
-0.84229
-0.84229
-0.84229
-0.84229
-0.78933
-0.93661
-0.94298
-0.78909
-0.78909
-0.78909
-0.78909
0
10.1103
0
0
0
0
0
0
0
0
0
0
0
0
0
0
0
0
-0.91588
-0.84229
-0.84229
-0.84229
-0.84229
-0.78933
-0.93661
-0.94298
-0.78909
-0.78909
-0.78909
-0.78909
0
0
10.1103
0
0
0
0
0
0
0
0
0
0
0
0
0
0
0
-0.91588
-0.84229
-0.84229
-0.84229
-0.84229
-0.78933
-0.93661
-0.94298
-0.78909
-0.78909
-0.78909
-0.78909
0
0
0
10.1103
0
0
0
0
0
0
0
0
0
0
0
0
0
0
-0.91588
-0.84229
-0.84229
-0.84229
-0.84229
-0.78933
-0.93661
-0.94298
-0.78909
-0.78909
-0.78909
-0.78909
0
0
0
0
10.1103
0
0
0
0
0
0
0
0
0
0
0
0
0
-0.91588
-0.84229
-0.84229
-0.84229
-0.84229
-0.78933
-0.93661
-0.94298
-0.78909
-0.78909
-0.78909
-0.78909
0
0
0
0
0
10.1103
0
0
0
0
0
0
0
0
0
0
0
0
-0.98097
-0.90287
-0.90287
-0.90287
-0.90287
-0.79489
0
0
0
0
0
0
0
0
0
0
0
0
17.8674
0
0
0
0
0
0
-6.24
0
0
-6.24
0
-1.1015
-1.0151
-1.0151
-1.0151
-1.0151
-0.94978
0
-1.1303
0
0
0
0
0
0
0
0
0
0
0
7.2421
0
0
0
0
0
0
0
0
0
0
-0.82522
-0.75896
-0.75896
-0.75896
-0.75896
-0.71398
0
0
0
0
0
0
0
0
0
0
0
0
0
0
4.5751
0
0
0
0
0
0
0
0
0
-1.2031
-1.1208
-1.1208
-1.1208
-1.1208
0
0
0
0
0
0
0
0
0
0
0
0
0
0
0
0
8.3696
0
0
0
0
0
-2.6831
0
0
-0.94666
-0.86921
-0.86921
-0.86921
-0.86921
0
0
0
0
0
0
0
0
0
0
0
0
0
0
0
0
0
4.4235
0
0
0
0
0
0
0
0
0
0
0
0
0
-0.352
0
0
0
0
0
0
0
0
0
0
0
0
0
0
0
0
1.3083
-0.56323
0
0
0
0
-0.39304
-1.0452
0
0
0
0
0
0
0
0
0
0
0
-1.1568
0
0
0
0
0
0
0
0
0
0
-0.56323
2.7652
0
0
0
0
0
0
0
0
0
0
0
0
0
0
0
0
0
0
0
0
0
0
0
-6.24
0
0
0
0
0
0
6.24
0
0
0
0
0
0
0
0
0
-10.7699
0
0
0
0
0
0
0
0
0
0
0
0
0
0
0
0
0
0
0
0
10.7699
0
0
0
0
0
0
0
0
0
0
0
0
0
0
0
0
0
0
0
0
0
0
0
0
-2.6831
0
0
0
0
0
2.6831
0
0
0
0
0
0
0
0
0
0
0
0
0
0
0
0
0
0
0
0
-6.24
0
0
0
0
0
0
0
0
0
6.24
0
0
0
0
0
0
0
0
0
0
0
0
0
0
0
0
0
0
0
0
0
0
0
0
-0.39304
0
0
0
0
0
0.39304
