30.0387
-0.68206
-0.68206
-0.68206
-0.68206
-0.62742
-0.62742
-0.63372
-0.65789
-0.65598
-0.64717
-0.64713
-0.66739
-0.65838
-0.65838
-0.67788
-0.60007
-0.64854
-0.64281
0
-9.1301
0
0
-9.1301
0
0
0
0
0
0
-0.68206
18.3677
-0.68851
-0.68851
-0.68851
-0.6222
-0.6222
-0.63566
-0.6594
-0.65852
-0.64205
-0.65182
-0.66209
-0.65221
-0.65221
-0.66995
-0.60793
-0.6399
-0.6327
0
0
0
0
0
-6.6113
0
0
0
0
0
-0.68206
-0.68851
18.3677
-0.68851
-0.68851
-0.6222
-0.6222
-0.63566
-0.6594
-0.65852
-0.64205
-0.65182
-0.66209
-0.65221
-0.65221
-0.66995
-0.60793
-0.6399
-0.6327
0
0
0
-6.6113
0
0
0
0
0
0
0
-0.68206
-0.68851
-0.68851
18.3677
-0.68851
-0.6222
-0.6222
-0.63566
-0.6594
-0.65852
-0.64205
-0.65182
-0.66209
-0.65221
-0.65221
-0.66995
-0.60793
-0.6399
-0.6327
0
0
0
0
0
0
0
-6.6113
0
0
0
-0.68206
-0.68851
-0.68851
-0.68851
18.3677
-0.6222
-0.6222
-0.63566
-0.6594
-0.65852
-0.64205
-0.65182
-0.66209
-0.65221
-0.65221
-0.66995
-0.60793
-0.6399
-0.6327
0
0
0
0
0
0
0
0
-6.6113
0
0
-0.62742
-0.6222
-0.6222
-0.6222
-0.6222
10.7847
-0.56838
-0.58419
-0.6005
-0.60075
-0.58729
-0.59674
-0.60405
-0.59553
-0.59553
-0.60998
-0.56246
-0.5846
-0.57852
0
0
0
0
0
0
0
0
0
0
0
-0.62742
-0.6222
-0.6222
-0.6222
-0.6222
-0.56838
10.7847
-0.58419
-0.6005
-0.60075
-0.58729
-0.59674
-0.60405
-0.59553
-0.59553
-0.60998
-0.56246
-0.5846
-0.57852
0
0
0
0
0
0
0
0
0
0
0
-0.63372
-0.63566
-0.63566
-0.63566
-0.63566
-0.58419
-0.58419
16.2484
-0.60555
-0.60566
-0.59394
-0.60068
-0.61099
-0.60256
-0.60256
-0.61754
-0.56292
-0.59168
0
-5.9096
0
0
0
0
0
0
0
0
0
0
-0.65789
-0.6594
-0.6594
-0.6594
-0.6594
-0.6005
-0.6005
-0.60555
13.8339
-0.64165
-0.624
-0.63557
-0.64302
-0.6343
-0.6343
-0.65396
0
0
0
0
0
0
0
0
0
0
0
0
-4.265
0
-0.65598
-0.65852
-0.65852
-0.65852
-0.65852
-0.60075
-0.60075
-0.60566
-0.64165
12.2792
-0.62146
-0.6343
-0.64096
-0.63289
-0.63289
0
0
0
0
0
0
-3.3778
0
0
0
0
0
0
0
0
-0.64717
-0.64205
-0.64205
-0.64205
-0.64205
-0.58729
-0.58729
-0.59394
-0.624
-0.62146
8.6831
-0.61224
-0.61923
-0.61115
-0.61115
0
0
0
0
0
0
0
0
0
0
0
0
0
0
0
-0.64713
-0.65182
-0.65182
-0.65182
-0.65182
-0.59674
-0.59674
-0.60068
-0.63557
-0.6343
-0.61224
8.7776
-0.61909
0
0
0
0
0
0
0
0
0
0
0
0
0
0
0
0
-1.2279
-0.66739
-0.66209
-0.66209
-0.66209
-0.66209
-0.60405
-0.60405
-0.61099
-0.64302
-0.64096
-0.61923
-0.61909
7.6572
0
0
0
0
0
0
0
0
0
0
0
0
0
0
0
0
0
-0.65838
-0.65221
-0.65221
-0.65221
-0.65221
-0.59553
-0.59553
-0.60256
-0.6343
-0.63289
-0.61115
0
0
6.9392
0
0
0
0
0
0
0
0
0
0
0
0
0
0
0
0
-0.65838
-0.65221
-0.65221
-0.65221
-0.65221
-0.59553
-0.59553
-0.60256
-0.6343
-0.63289
-0.61115
0
0
0
6.9392
0
0
0
0
0
0
0
0
0
0
0
0
0
0
0
-0.67788
-0.66995
-0.66995
-0.66995
-0.66995
-0.60998
-0.60998
-0.61754
-0.65396
0
0
0
0
0
0
5.8492
0
0
0
0
0
0
0
0
0
0
0
0
0
0
-0.60007
-0.60793
-0.60793
-0.60793
-0.60793
-0.56246
-0.56246
-0.56292
0
0
0
0
0
0
0
0
4.8241
0
0
0
0
0
0
0
0
-0.1045
0
0
0
0
-0.64854
-0.6399
-0.6399
-0.6399
-0.6399
-0.5846
-0.5846
-0.59168
0
0
0
0
0
0
0
0
0
4.969
0
0
0
0
0
0
0
0
0
0
0
0
-0.64281
-0.6327
-0.6327
-0.6327
-0.6327
-0.57852
-0.57852
0
0
0
0
0
0
0
0
0
0
0
4.3306
0
0
0
0
0
0
0
0
0
0
0
0
0
0
0
0
0
0
-5.9096
0
0
0
0
0
0
0
0
0
0
0
5.9096
0
0
0
0
0
0
0
0
0
0
-9.1301
0
0
0
0
0
0
0
0
0
0
0
0
0
0
0
0
0
0
0
9.1301
0
0
0
0
0
0
0
0
0
0
0
0
0
0
0
0
0
0
-3.3778
0
0
0
0
0
0
0
0
0
0
0
3.3778
0
0
0
0
0
0
0
0
0
0
-6.6113
0
0
0
0
0
0
0
0
0
0
0
0
0
0
0
0
0
0
0
6.6113
0
0
0
0
0
0
0
-9.1301
0
0
0
0
0
0
0
0
0
0
0
0
0
0
0
0
0
0
0
0
0
0
9.1301
0
0
0
0
0
0
0
-6.6113
0
0
0
0
0
0
0
0
0
0
0
0
0
0
0
0
0
0
0
0
0
0
6.6113
0
0
0
0
0
0
0
0
0
0
0
0
0
0
0
0
0
0
0
0
0
-0.1045
0
0
0
0
0
0
0
0
0.1045
0
0
0
0
0
0
0
-6.6113
0
0
0
0
0
0
0
0
0
0
0
0
0
0
0
0
0
0
0
0
0
0
6.6113
0
0
0
0
0
0
0
-6.6113
0
0
0
0
0
0
0
0
0
0
0
0
0
0
0
0
0
0
0
0
0
0
6.6113
0
0
0
0
0
0
0
0
0
0
-4.265
0
0
0
0
0
0
0
0
0
0
0
0
0
0
0
0
0
0
0
4.265
0
0
0
0
0
0
0
0
0
0
0
0
-1.2279
0
0
0
0
0
0
0
0
0
0
0
0
0
0
0
0
0
1.2279
