23.6773
-0.98488
-0.97481
-0.95831
-0.82839
-0.82839
-0.82839
-0.82839
-0.82839
-0.82839
-0.88967
-0.88151
-0.86062
-0.86959
-0.84073
-0.80374
-0.84895
-0.90124
-0.86027
-0.88147
-0.88147
0
0
0
0
-6.2697
0
0
0
0
-0.98488
23.6773
-0.97481
-0.95831
-0.82839
-0.82839
-0.82839
-0.82839
-0.82839
-0.82839
-0.88967
-0.88151
-0.86062
-0.86959
-0.84073
-0.80374
-0.84895
-0.90124
-0.86027
-0.88147
-0.88147
0
0
0
-6.2697
0
0
0
0
0
-0.97481
-0.97481
17.4831
-0.98617
-0.81609
-0.81609
-0.81609
-0.81609
-0.81609
-0.81609
-0.87553
-0.86737
-0.85467
-0.86374
-0.83672
-0.79202
-0.83552
-0.88418
-0.84416
-0.85961
-0.85961
-0.27764
0
0
0
0
0
0
0
0
-0.95831
-0.95831
-0.98617
42.8511
-0.85014
-0.85014
-0.85014
-0.85014
-0.85014
-0.85014
-0.87027
-0.86131
-0.83083
-0.80308
-0.77512
-0.78427
-0.83095
-0.88675
-0.84735
0
0
0
0
-9.1192
0
0
0
-9.1192
0
-9.1192
-0.82839
-0.82839
-0.81609
-0.85014
14.7165
-0.69055
-0.69055
-0.69055
-0.69055
-0.69055
-0.7424
-0.73558
-0.71866
-0.73228
-0.71098
-0.67357
-0.70838
-0.74724
-0.71524
-0.72819
-0.72819
0
0
0
0
0
0
0
0
0
-0.82839
-0.82839
-0.81609
-0.85014
-0.69055
14.7165
-0.69055
-0.69055
-0.69055
-0.69055
-0.7424
-0.73558
-0.71866
-0.73228
-0.71098
-0.67357
-0.70838
-0.74724
-0.71524
-0.72819
-0.72819
0
0
0
0
0
0
0
0
0
-0.82839
-0.82839
-0.81609
-0.85014
-0.69055
-0.69055
14.7165
-0.69055
-0.69055
-0.69055
-0.7424
-0.73558
-0.71866
-0.73228
-0.71098
-0.67357
-0.70838
-0.74724
-0.71524
-0.72819
-0.72819
0
0
0
0
0
0
0
0
0
-0.82839
-0.82839
-0.81609
-0.85014
-0.69055
-0.69055
-0.69055
14.7165
-0.69055
-0.69055
-0.7424
-0.73558
-0.71866
-0.73228
-0.71098
-0.67357
-0.70838
-0.74724
-0.71524
-0.72819
-0.72819
0
0
0
0
0
0
0
0
0
-0.82839
-0.82839
-0.81609
-0.85014
-0.69055
-0.69055
-0.69055
-0.69055
14.7165
-0.69055
-0.7424
-0.73558
-0.71866
-0.73228
-0.71098
-0.67357
-0.70838
-0.74724
-0.71524
-0.72819
-0.72819
0
0
0
0
0
0
0
0
0
-0.82839
-0.82839
-0.81609
-0.85014
-0.69055
-0.69055
-0.69055
-0.69055
-0.69055
14.7165
-0.7424
-0.73558
-0.71866
-0.73228
-0.71098
-0.67357
-0.70838
-0.74724
-0.71524
-0.72819
-0.72819
0
0
0
0
0
0
0
0
0
-0.88967
-0.88967
-0.87553
-0.87027
-0.7424
-0.7424
-0.7424
-0.7424
-0.7424
-0.7424
14.2069
-0.79724
-0.78345
-0.7978
-0.77218
-0.72432
-0.76648
-0.81101
-0.77491
0
0
0
0
0
0
0
0
0
0
0
-0.88151
-0.88151
-0.86737
-0.86131
-0.73558
-0.73558
-0.73558
-0.73558
-0.73558
-0.73558
-0.79724
13.3139
-0.78966
-0.80328
-0.75604
-0.70658
-0.75256
-0.80333
0
0
0
0
0
0
0
0
0
0
0
0
-0.86062
-0.86062
-0.85467
-0.83083
-0.71866
-0.71866
-0.71866
-0.71866
-0.71866
-0.71866
-0.78345
-0.78966
12.4763
-0.78409
-0.72962
-0.68532
-0.73187
0
0
0
0
-0.25362
0
0
0
0
0
0
0
0
-0.86959
-0.86959
-0.86374
-0.80308
-0.73228
-0.73228
-0.73228
-0.73228
-0.73228
-0.73228
-0.7978
-0.80328
-0.78409
16.8937
-0.73182
-0.69655
-0.74474
0
0
0
0
0
0
0
0
0
-4.5357
0
0
0
-0.84073
-0.84073
-0.83672
-0.77512
-0.71098
-0.71098
-0.71098
-0.71098
-0.71098
-0.71098
-0.77218
-0.75604
-0.72962
-0.73182
15.1834
-0.66571
0
0
0
0
0
0
-3.9689
0
0
0
0
0
0
0
-0.80374
-0.80374
-0.79202
-0.78427
-0.67357
-0.67357
-0.67357
-0.67357
-0.67357
-0.67357
-0.72432
-0.70658
-0.68532
-0.69655
-0.66571
11.3784
-0.6747
0
0
0
0
0
0
0
0
0
0
0
0
0
-0.84895
-0.84895
-0.83552
-0.83095
-0.70838
-0.70838
-0.70838
-0.70838
-0.70838
-0.70838
-0.76648
-0.75256
-0.73187
-0.74474
0
-0.6747
11.285
0
0
0
0
0
0
0
0
0
0
0
0
0
-0.90124
-0.90124
-0.88418
-0.88675
-0.74724
-0.74724
-0.74724
-0.74724
-0.74724
-0.74724
-0.81101
-0.80333
0
0
0
0
0
9.6712
0
0
0
0
0
0
0
0
0
0
0
0
-0.86027
-0.86027
-0.84416
-0.84735
-0.71524
-0.71524
-0.71524
-0.71524
-0.71524
-0.71524
-0.77491
0
0
0
0
0
0
0
8.4784
0
0
0
0
0
0
0
0
0
0
0
-0.88147
-0.88147
-0.85961
0
-0.72819
-0.72819
-0.72819
-0.72819
-0.72819
-0.72819
0
0
0
0
0
0
0
0
0
6.9917
0
0
0
0
0
0
0
0
0
0
-0.88147
-0.88147
-0.85961
0
-0.72819
-0.72819
-0.72819
-0.72819
-0.72819
-0.72819
0
0
0
0
0
0
0
0
0
0
6.9917
0
0
0
0
0
0
0
0
0
0
0
-0.27764
0
0
0
0
0
0
0
0
0
-0.25362
0
0
0
0
0
0
0
0
0.63577
0
0
0
0
0
0
-0.1045
0
0
0
0
0
0
0
0
0
0
0
0
0
0
0
-3.9689
0
0
0
0
0
0
0
3.9689
0
0
0
0
0
0
0
0
0
0
-9.1192
0
0
0
0
0
0
0
0
0
0
0
0
0
0
0
0
0
0
0
9.1192
0
0
0
0
0
0
0
-6.2697
0
0
0
0
0
0
0
0
0
0
0
0
0
0
0
0
0
0
0
0
0
0
6.2697
0
0
0
0
0
-6.2697
0
0
0
0
0
0
0
0
0
0
0
0
0
0
0
0
0
0
0
0
0
0
0
0
6.2697
0
0
0
0
0
0
0
0
0
0
0
0
0
0
0
0
0
-4.5357
0
0
0
0
0
0
0
0
0
0
0
0
4.5357
0
0
0
0
0
0
-9.1192
0
0
0
0
0
0
0
0
0
0
0
0
0
0
0
0
0
0
0
0
0
0
0
9.1192
0
0
0
0
0
0
0
0
0
0
0
0
0
0
0
0
0
0
0
0
0
0
0
-0.1045
0
0
0
0
0
0
0.1045
0
0
0
0
-9.1192
0
0
0
0
0
0
0
0
0
0
0
0
0
0
0
0
0
0
0
0
0
0
0
0
0
9.1192
