16.5442
-0.77567
-0.84145
-0.91875
-0.89743
-0.82121
-0.80249
-0.80249
-0.80249
-0.80249
-0.6909
-0.71093
-0.6909
-0.72574
-0.80189
-0.6871
-0.81601
-1.1912
-1.0119
-0.60642
0
-1.1467
0
0
0
0
0
0
0
0
-0.77567
16.5442
-0.84145
-0.91875
-0.89743
-0.82121
-0.80249
-0.80249
-0.80249
-0.80249
-0.6909
-0.71093
-0.6909
-0.72574
-0.80189
-0.6871
-0.81601
-1.1912
-1.0119
-0.60642
0
-1.1467
0
0
0
0
0
0
0
0
-0.84145
-0.84145
15.8408
-0.98321
-0.96476
-0.88417
-0.86489
-0.86489
-0.86489
-0.86489
-0.73881
-0.77256
-0.73881
-0.7811
-0.87082
-0.73351
-0.87071
0
-1.1077
0
0
-1.2522
0
0
0
0
0
0
0
0
-0.91875
-0.91875
-0.98321
23.641
-1.0689
-0.98517
-0.95797
-0.95797
-0.95797
-0.95797
-0.80126
-0.86149
-0.80126
-0.87166
-0.97103
-0.8067
0
0
0
-0.72979
0
0
0
0
0
0
0
0
0
-9.0912
-0.89743
-0.89743
-0.96476
-1.0689
15.7864
-0.96018
-0.92762
-0.92762
-0.92762
-0.92762
-0.78811
-0.81561
-0.78811
-0.84775
-0.95155
-0.78893
-0.93627
-1.3709
0
0
0
0
0
0
0
0
0
0
0
0
-0.82121
-0.82121
-0.88417
-0.98517
-0.96018
13.3792
-0.84685
-0.84685
-0.84685
-0.84685
-0.69475
-0.7547
-0.69475
-0.76259
-0.85072
-0.70398
0
0
-1.0584
0
0
0
0
0
0
0
0
0
0
0
-0.80249
-0.80249
-0.86489
-0.95797
-0.92762
-0.84685
12.7642
-0.7703
-0.7703
-0.7703
-0.68415
-0.75192
-0.68415
-0.75635
-0.85583
-0.69502
-0.82358
0
0
0
0
0
0
0
0
0
0
0
0
0
-0.80249
-0.80249
-0.86489
-0.95797
-0.92762
-0.84685
-0.7703
12.7642
-0.7703
-0.7703
-0.68415
-0.75192
-0.68415
-0.75635
-0.85583
-0.69502
-0.82358
0
0
0
0
0
0
0
0
0
0
0
0
0
-0.80249
-0.80249
-0.86489
-0.95797
-0.92762
-0.84685
-0.7703
-0.7703
12.7642
-0.7703
-0.68415
-0.75192
-0.68415
-0.75635
-0.85583
-0.69502
-0.82358
0
0
0
0
0
0
0
0
0
0
0
0
0
-0.80249
-0.80249
-0.86489
-0.95797
-0.92762
-0.84685
-0.7703
-0.7703
-0.7703
12.7642
-0.68415
-0.75192
-0.68415
-0.75635
-0.85583
-0.69502
-0.82358
0
0
0
0
0
0
0
0
0
0
0
0
0
-0.6909
-0.6909
-0.73881
-0.80126
-0.78811
-0.69475
-0.68415
-0.68415
-0.68415
-0.68415
10.1951
-0.61595
-0.5548
-0.61949
-0.68596
-0.57759
0
0
0
0
0
0
0
0
0
0
0
0
0
0
-0.71093
-0.71093
-0.77256
-0.86149
-0.81561
-0.7547
-0.75192
-0.75192
-0.75192
-0.75192
-0.61595
11.0901
-0.61595
-0.58978
0
-0.54361
0
-1.091
0
0
0
0
0
0
0
0
0
0
0
0
-0.6909
-0.6909
-0.73881
-0.80126
-0.78811
-0.69475
-0.68415
-0.68415
-0.68415
-0.68415
-0.5548
-0.61595
10.1951
-0.61949
-0.68596
-0.57759
0
0
0
0
0
0
0
0
0
0
0
0
0
0
-0.72574
-0.72574
-0.7811
-0.87166
-0.84775
-0.76259
-0.75635
-0.75635
-0.75635
-0.75635
-0.61949
-0.58978
-0.61949
13.8898
0
-0.54867
0
0
0
0
0
0
0
0
-3.7724
0
0
0
0
0
-0.80189
-0.80189
-0.87082
-0.97103
-0.95155
-0.85072
-0.85583
-0.85583
-0.85583
-0.85583
-0.68596
0
-0.68596
0
20.9021
0
0
0
0
0
-2.1728
0
0
0
0
-8.6861
0
0
0
0
-0.6871
-0.6871
-0.73351
-0.8067
-0.78893
-0.70398
-0.69502
-0.69502
-0.69502
-0.69502
-0.57759
-0.54361
-0.57759
-0.54867
0
9.4348
0
0
0
0
0
0
0
0
0
0
0
0
0
0
-0.81601
-0.81601
-0.87071
0
-0.93627
0
-0.82358
-0.82358
-0.82358
-0.82358
0
0
0
0
0
0
6.7333
0
0
0
0
0
0
0
0
0
0
0
0
0
-1.1912
-1.1912
0
0
-1.3709
0
0
0
0
0
0
-1.091
0
0
0
0
0
7.2352
0
0
0
0
0
0
0
0
0
0
-2.3908
0
-1.0119
-1.0119
-1.1077
0
0
-1.0584
0
0
0
0
0
0
0
0
0
0
0
0
5.0072
0
0
0
-0.81738
0
0
0
0
0
0
0
-0.60642
-0.60642
0
-0.72979
0
0
0
0
0
0
0
0
0
0
0
0
0
0
0
2.2436
0
0
0
0
0
0
0
-0.30093
0
0
0
0
0
0
0
0
0
0
0
0
0
0
0
0
-2.1728
0
0
0
0
0
9.1705
0
-1.8428
-3.0524
-2.1025
0
0
0
0
0
-1.1467
-1.1467
-1.2522
0
0
0
0
0
0
0
0
0
0
0
0
0
0
0
0
0
0
6.2782
0
-2.7327
0
0
0
0
0
0
0
0
0
0
0
0
0
0
0
0
0
0
0
0
0
0
0
0
-0.81738
0
-1.8428
0
3.6818
0
0
0
-1.0216
0
0
0
0
0
0
0
0
0
0
0
0
0
0
0
0
0
0
0
0
0
0
0
-3.0524
-2.7327
0
5.7851
0
0
0
0
0
0
0
0
0
0
0
0
0
0
0
0
0
0
0
-3.7724
0
0
0
0
0
0
-2.1025
0
0
0
5.8749
0
0
0
0
0
0
0
0
0
0
0
0
0
0
0
0
0
0
0
-8.6861
0
0
0
0
0
0
0
0
0
0
8.6861
0
0
0
0
0
0
0
0
0
0
0
0
0
0
0
0
0
0
0
0
0
0
0
0
0
0
-1.0216
0
0
0
1.0216
0
0
0
0
0
0
0
0
0
0
0
0
0
0
0
0
0
0
0
0
0
0
-0.30093
0
0
0
0
0
0
0
0.30093
0
0
0
0
0
0
0
0
0
0
0
0
0
0
0
0
0
0
0
-2.3908
0
0
0
0
0
0
0
0
0
0
2.3908
0
0
0
0
-9.0912
0
0
0
0
0
0
0
0
0
0
0
0
0
0
0
0
0
0
0
0
0
0
0
0
0
9.0912
