18.6727
-0.59999
-0.5607
-0.56487
-0.57795
-0.60464
-0.60959
-0.61441
-0.61441
-0.61441
-0.58516
-0.52359
-0.52359
-0.58759
-0.57595
-1.0796
-1.0796
-0.33297
0
0
0
0
-8.0237
0
0
0
0
0
0
0
-0.59999
10.5846
-0.54991
-0.54987
-0.57321
-0.59074
-0.59684
-0.60042
-0.60042
-0.60042
-0.57471
-0.51221
-0.51221
-0.58895
-0.56289
-1.0355
-1.0355
-0.30723
-0.19362
0
0
0
0
0
0
0
0
0
0
0
-0.5607
-0.54991
9.7857
-0.52008
-0.52758
-0.54857
-0.56056
-0.55831
-0.55831
-0.55831
-0.55495
-0.48225
-0.48225
-0.5412
-0.52871
-0.99653
-0.99653
0
0
-0.26091
0
0
0
0
0
0
0
0
0
0
-0.56487
-0.54987
-0.52008
9.8175
-0.54066
-0.557
-0.56178
-0.56807
-0.56807
-0.56807
-0.54409
-0.48352
-0.48352
-0.54303
-0.528
-0.9687
-0.9687
-0.29947
0
0
0
0
0
0
0
0
0
0
0
0
-0.57795
-0.57321
-0.52758
-0.54066
27.0674
-0.54186
-0.56526
-0.54676
-0.54676
-0.54676
-0.53401
-0.48356
-0.48356
-0.55153
-0.53984
0
0
0
0
0
0
0
0
-9.754
0
0
0
-9.754
0
0
-0.60464
-0.59074
-0.54857
-0.557
-0.54186
14.8295
-0.588
-0.58377
-0.58377
-0.58377
-0.5605
-0.50061
-0.50061
-0.57135
-0.55186
0
0
0
0
0
0
0
0
0
0
0
-6.9624
0
0
0
-0.60959
-0.59684
-0.56056
-0.56178
-0.56526
-0.588
8.0342
-0.60308
-0.60308
-0.60308
-0.58168
-0.50732
-0.50732
-0.58753
-0.55907
0
0
0
0
0
0
0
0
0
0
0
0
0
0
0
-0.61441
-0.60042
-0.55831
-0.56807
-0.54676
-0.58377
-0.60308
12.5002
-0.60547
-0.60547
-0.58261
-0.49453
-0.49453
0
0
0
0
0
0
0
0
0
0
0
0
0
0
0
0
-5.6428
-0.61441
-0.60042
-0.55831
-0.56807
-0.54676
-0.58377
-0.60308
-0.60547
12.5002
-0.60547
-0.58261
-0.49453
-0.49453
0
0
0
0
0
0
0
0
0
0
0
-5.6428
0
0
0
0
0
-0.61441
-0.60042
-0.55831
-0.56807
-0.54676
-0.58377
-0.60308
-0.60547
-0.60547
12.5002
-0.58261
-0.49453
-0.49453
0
0
0
0
0
0
0
0
0
0
0
0
-5.6428
0
0
0
0
-0.58516
-0.57471
-0.55495
-0.54409
-0.53401
-0.5605
-0.58168
-0.58261
-0.58261
-0.58261
6.9089
-0.47874
-0.47874
0
0
0
0
0
0
0
-0.26846
0
0
0
0
0
0
0
0
0
-0.52359
-0.51221
-0.48225
-0.48352
-0.48356
-0.50061
-0.50732
-0.49453
-0.49453
-0.49453
-0.47874
5.8601
-0.40469
0
0
0
0
0
0
0
0
0
0
0
0
0
0
0
0
0
-0.52359
-0.51221
-0.48225
-0.48352
-0.48356
-0.50061
-0.50732
-0.49453
-0.49453
-0.49453
-0.47874
-0.40469
5.8601
0
0
0
0
0
0
0
0
0
0
0
0
0
0
0
0
0
-0.58759
-0.58895
-0.5412
-0.54303
-0.55153
-0.57135
-0.58753
0
0
0
0
0
0
4.2152
0
0
0
0
-0.24399
0
0
0
0
0
0
0
0
0
0
0
-0.57595
-0.56289
-0.52871
-0.528
-0.53984
-0.55186
-0.55907
0
0
0
0
0
0
0
3.8463
0
0
0
0
0
0
0
0
0
0
0
0
0
0
0
-1.0796
-1.0355
-0.99653
-0.9687
0
0
0
0
0
0
0
0
0
0
0
4.0803
0
0
0
0
0
0
0
0
0
0
0
0
0
0
-1.0796
-1.0355
-0.99653
-0.9687
0
0
0
0
0
0
0
0
0
0
0
0
4.0803
0
0
0
0
0
0
0
0
0
0
0
0
0
-0.33297
-0.30723
0
-0.29947
0
0
0
0
0
0
0
0
0
0
0
0
0
0.93967
0
0
0
0
0
0
0
0
0
0
0
0
0
-0.19362
0
0
0
0
0
0
0
0
0
0
0
-0.24399
0
0
0
0
0.54211
0
0
0
0
0
0
0
0
0
-0.1045
0
0
0
-0.26091
0
0
0
0
0
0
0
0
0
0
0
0
0
0
0
0
2.587
0
-2.3261
0
0
0
0
0
0
0
0
0
0
0
0
0
0
0
0
0
0
-0.26846
0
0
0
0
0
0
0
0
0
2.6017
-2.3332
0
0
0
0
0
0
0
0
0
0
0
0
0
0
0
0
0
0
0
0
0
0
0
0
0
0
0
-2.3261
-2.3332
4.6593
0
0
0
0
0
0
0
0
-8.0237
0
0
0
0
0
0
0
0
0
0
0
0
0
0
0
0
0
0
0
0
0
8.0237
0
0
0
0
0
0
0
0
0
0
0
-9.754
0
0
0
0
0
0
0
0
0
0
0
0
0
0
0
0
0
0
9.754
0
0
0
0
0
0
0
0
0
0
0
0
0
0
-5.6428
0
0
0
0
0
0
0
0
0
0
0
0
0
0
0
5.6428
0
0
0
0
0
0
0
0
0
0
0
0
0
0
-5.6428
0
0
0
0
0
0
0
0
0
0
0
0
0
0
0
5.6428
0
0
0
0
0
0
0
0
0
-6.9624
0
0
0
0
0
0
0
0
0
0
0
0
0
0
0
0
0
0
0
0
6.9624
0
0
0
0
0
0
0
-9.754
0
0
0
0
0
0
0
0
0
0
0
0
0
0
0
0
0
0
0
0
0
0
9.754
0
0
0
0
0
0
0
0
0
0
0
0
0
0
0
0
0
0
0
0
-0.1045
0
0
0
0
0
0
0
0
0
0.1045
0
0
0
0
0
0
0
0
-5.6428
0
0
0
0
0
0
0
0
0
0
0
0
0
0
0
0
0
0
0
0
0
5.6428
