7.3932
-0.48508
-0.48508
-0.44281
-0.44281
-0.44281
-0.44281
-0.50744
-0.50744
-0.46412
-0.46161
-0.50449
-0.43106
-0.52159
-0.45482
-0.55758
-0.24168
0
0
0
0
0
0
0
0
0
0
0
0
0
-0.48508
7.1891
-0.47992
-0.44249
-0.44249
-0.44249
-0.44249
-0.50936
-0.50936
-0.48334
-0.45873
-0.50706
-0.44343
-0.52501
-0.45376
-0.56411
0
0
0
0
0
0
0
0
0
0
0
0
0
0
-0.48508
-0.47992
7.1891
-0.44249
-0.44249
-0.44249
-0.44249
-0.50936
-0.50936
-0.48334
-0.45873
-0.50706
-0.44343
-0.52501
-0.45376
-0.56411
0
0
0
0
0
0
0
0
0
0
0
0
0
0
-0.44281
-0.44249
-0.44249
6.0335
-0.38819
-0.38819
-0.38819
-0.46128
-0.46128
-0.44559
-0.41784
-0.45948
-0.40841
-0.47482
-0.41243
0
0
0
0
0
0
0
0
0
0
0
0
0
0
0
-0.44281
-0.44249
-0.44249
-0.38819
6.0335
-0.38819
-0.38819
-0.46128
-0.46128
-0.44559
-0.41784
-0.45948
-0.40841
-0.47482
-0.41243
0
0
0
0
0
0
0
0
0
0
0
0
0
0
0
-0.44281
-0.44249
-0.44249
-0.38819
-0.38819
6.0335
-0.38819
-0.46128
-0.46128
-0.44559
-0.41784
-0.45948
-0.40841
-0.47482
-0.41243
0
0
0
0
0
0
0
0
0
0
0
0
0
0
0
-0.44281
-0.44249
-0.44249
-0.38819
-0.38819
-0.38819
6.0335
-0.46128
-0.46128
-0.44559
-0.41784
-0.45948
-0.40841
-0.47482
-0.41243
0
0
0
0
0
0
0
0
0
0
0
0
0
0
0
-0.50744
-0.50936
-0.50936
-0.46128
-0.46128
-0.46128
-0.46128
14.4788
-0.54569
0
-0.47628
-0.54506
0
0
0
0
0
0
0
0
0
0
0
-9.5405
0
0
0
0
0
0
-0.50744
-0.50936
-0.50936
-0.46128
-0.46128
-0.46128
-0.46128
-0.54569
14.4788
0
-0.47628
-0.54506
0
0
0
0
0
0
0
0
0
0
0
0
0
-9.5405
0
0
0
0
-0.46412
-0.48334
-0.48334
-0.44559
-0.44559
-0.44559
-0.44559
0
0
26.0434
0
0
0
0
0
0
0
-0.21111
0
0
-0.2577
0
0
0
0
0
0
-11.1807
-11.1807
0
-0.46161
-0.45873
-0.45873
-0.41784
-0.41784
-0.41784
-0.41784
-0.47628
-0.47628
0
4.2574
0
0
0
0
0
-0.25444
0
0
0
0
0
0
0
0
0
0
0
0
0
-0.50449
-0.50706
-0.50706
-0.45948
-0.45948
-0.45948
-0.45948
-0.54506
-0.54506
0
0
13.3457
0
0
0
0
0
0
0
0
0
-8.8991
0
0
0
0
0
0
0
0
-0.43106
-0.44343
-0.44343
-0.40841
-0.40841
-0.40841
-0.40841
0
0
0
0
0
3.387
0
0
0
0
-0.20282
-0.23261
0
0
0
0
0
0
0
0
0
0
0
-0.52159
-0.52501
-0.52501
-0.47482
-0.47482
-0.47482
-0.47482
0
0
0
0
0
0
9.974
0
0
0
0
0
0
0
0
0
0
-6.5031
0
0
0
0
0
-0.45482
-0.45376
-0.45376
-0.41243
-0.41243
-0.41243
-0.41243
0
0
0
0
0
0
0
3.0121
0
0
0
0
0
0
0
0
0
0
0
0
0
0
0
-0.55758
-0.56411
-0.56411
0
0
0
0
0
0
0
0
0
0
0
0
2.5224
0
0
0
0
0
0
0
0
0
0
0
0
0
-0.83664
-0.24168
0
0
0
0
0
0
0
0
0
-0.25444
0
0
0
0
0
0.67691
0
0
0
0
0
-0.18079
0
0
0
0
0
0
0
0
0
0
0
0
0
0
0
0
-0.21111
0
0
-0.20282
0
0
0
0
0.51843
0
0
0
0
0
0
0
0
-0.1045
0
0
0
0
0
0
0
0
0
0
0
0
0
0
0
-0.23261
0
0
0
0
0
2.0209
-1.7883
0
0
0
0
0
0
0
0
0
0
0
0
0
0
0
0
0
0
0
0
0
0
0
0
0
0
0
0
-1.7883
3.4713
-1.6831
0
0
0
0
0
0
0
0
0
0
0
0
0
0
0
0
0
0
-0.2577
0
0
0
0
0
0
0
0
0
-1.6831
1.9408
0
0
0
0
0
0
0
0
0
0
0
0
0
0
0
0
0
0
0
0
-8.8991
0
0
0
0
0
0
0
0
0
8.8991
0
0
0
0
0
0
0
0
0
0
0
0
0
0
0
0
0
0
0
0
0
0
0
0
-0.18079
0
0
0
0
0
0.18079
0
0
0
0
0
0
0
0
0
0
0
0
0
0
-9.5405
0
0
0
0
0
0
0
0
0
0
0
0
0
0
0
9.5405
0
0
0
0
0
0
0
0
0
0
0
0
0
0
0
0
0
0
0
-6.5031
0
0
0
0
0
0
0
0
0
0
6.5031
0
0
0
0
0
0
0
0
0
0
0
0
0
-9.5405
0
0
0
0
0
0
0
0
0
0
0
0
0
0
0
0
9.5405
0
0
0
0
0
0
0
0
0
0
0
0
0
0
0
0
0
0
0
0
0
-0.1045
0
0
0
0
0
0
0
0
0.1045
0
0
0
0
0
0
0
0
0
0
0
0
-11.1807
0
0
0
0
0
0
0
0
0
0
0
0
0
0
0
0
0
11.1807
0
0
0
0
0
0
0
0
0
0
0
-11.1807
0
0
0
0
0
0
0
0
0
0
0
0
0
0
0
0
0
0
11.1807
0
0
0
0
0
0
0
0
0
0
0
0
0
0
0
0
-0.83664
0
0
0
0
0
0
0
0
0
0
0
0
0
0.83664
