27.9787
-0.46613
-0.46079
-0.47421
-0.47421
-0.47172
-0.57205
-0.51094
-0.55298
-0.50558
-0.52868
-0.52082
-0.56278
-0.38095
-0.48868
-0.48721
0
0
-0.1045
0
0
0
0
0
0
0
0
0
-10.2083
-10.2083
-0.46613
7.6458
-0.4463
-0.45966
-0.45966
-0.45597
-0.56742
-0.4925
-0.53051
-0.51155
-0.51264
-0.49962
-0.54698
-0.39201
-0.47002
-0.451
0
0
0
0
-0.38382
0
0
0
0
0
0
0
0
0
-0.46079
-0.4463
7.07
-0.44563
-0.44563
-0.44475
-0.53104
-0.47416
-0.51222
-0.48352
-0.5097
-0.48313
-0.54565
-0.39757
-0.45403
-0.43589
0
0
0
0
0
0
0
0
0
0
0
0
0
0
-0.47421
-0.45966
-0.44563
6.4259
-0.44494
-0.4628
-0.54768
-0.4887
-0.52969
-0.50175
-0.53293
-0.49804
-0.57113
0
-0.46871
0
0
0
0
0
0
0
0
0
0
0
0
0
0
0
-0.47421
-0.45966
-0.44563
-0.44494
6.4259
-0.4628
-0.54768
-0.4887
-0.52969
-0.50175
-0.53293
-0.49804
-0.57113
0
-0.46871
0
0
0
0
0
0
0
0
0
0
0
0
0
0
0
-0.47172
-0.45597
-0.44475
-0.4628
-0.4628
12.6278
-0.52366
-0.47338
-0.51335
-0.47842
-0.52391
-0.4897
0
0
0
0
0
0
0
0
0
0
0
-7.3273
0
0
0
0
0
0
-0.57205
-0.56742
-0.53104
-0.54768
-0.54768
-0.52366
6.6912
-0.5192
0
0
0
0
0
0
0
0
-2.8824
0
0
0
0
0
0
0
0
0
0
0
0
0
-0.51094
-0.4925
-0.47416
-0.4887
-0.4887
-0.47338
-0.5192
4.0466
-0.59906
0
0
0
0
0
0
0
0
0
0
0
0
0
0
0
0
0
0
0
0
0
-0.55298
-0.53051
-0.51222
-0.52969
-0.52969
-0.51335
0
-0.59906
3.7675
0
0
0
0
0
0
0
0
0
0
0
0
0
0
0
0
0
0
0
0
0
-0.50558
-0.51155
-0.48352
-0.50175
-0.50175
-0.47842
0
0
0
3.4695
0
0
0
0
0
0
0
-0.48695
0
0
0
0
0
0
0
0
0
0
0
0
-0.52868
-0.51264
-0.5097
-0.53293
-0.53293
-0.52391
0
0
0
0
7.2032
0
0
0
0
0
0
0
0
0
0
0
0
0
-4.0624
0
0
0
0
0
-0.52082
-0.49962
-0.48313
-0.49804
-0.49804
-0.4897
0
0
0
0
0
2.9894
0
0
0
0
0
0
0
0
0
0
0
0
0
0
0
0
0
0
-0.56278
-0.54698
-0.54565
-0.57113
-0.57113
0
0
0
0
0
0
0
5.4331
0
0
0
0
0
0
0
0
0
0
0
0
0
-2.6355
0
0
0
-0.38095
-0.39201
-0.39757
0
0
0
0
0
0
0
0
0
0
7.8187
0
0
0
0
0
0
0
0
-4.8587
0
0
-1.7895
0
0
0
0
-0.48868
-0.47002
-0.45403
-0.46871
-0.46871
0
0
0
0
0
0
0
0
0
2.3502
0
0
0
0
0
0
0
0
0
0
0
0
0
0
0
-0.48721
-0.451
-0.43589
0
0
0
0
0
0
0
0
0
0
0
0
1.3741
0
0
0
0
0
0
0
0
0
0
0
0
0
0
0
0
0
0
0
0
-2.8824
0
0
0
0
0
0
0
0
0
5.2107
0
0
-1.0135
0
0
-1.3148
0
0
0
0
0
0
0
0
0
0
0
0
0
0
0
0
-0.48695
0
0
0
0
0
0
0
3.5081
0
-0.50536
0
-2.5158
0
0
0
0
0
0
0
0
-0.1045
0
0
0
0
0
0
0
0
0
0
0
0
0
0
0
0
0
1.2879
-0.79878
0
0
0
0
0
0
0
-0.38465
0
0
0
0
0
0
0
0
0
0
0
0
0
0
0
0
0
0
-1.0135
-0.50536
-0.79878
2.3176
0
0
0
0
0
0
0
0
0
0
0
-0.38382
0
0
0
0
0
0
0
0
0
0
0
0
0
0
0
0
0
0
1.7184
-1.3346
0
0
0
0
0
0
0
0
0
0
0
0
0
0
0
0
0
0
0
0
0
0
0
0
0
-2.5158
0
0
-1.3346
3.8504
0
0
0
0
0
0
0
0
0
0
0
0
0
0
0
0
0
0
0
0
0
-4.8587
0
0
-1.3148
0
0
0
0
0
6.1735
0
0
0
0
0
0
0
0
0
0
0
0
-7.3273
0
0
0
0
0
0
0
0
0
0
0
0
0
0
0
0
0
7.3273
0
0
0
0
0
0
0
0
0
0
0
0
0
0
0
0
-4.0624
0
0
0
0
0
0
0
0
0
0
0
0
0
4.0624
0
0
0
0
0
0
0
0
0
0
0
0
0
0
0
0
0
0
-1.7895
0
0
0
0
0
0
0
0
0
0
0
1.7895
0
0
0
0
0
0
0
0
0
0
0
0
0
0
0
0
-2.6355
0
0
0
0
0
0
0
0
0
0
0
0
0
2.6355
0
0
0
0
0
0
0
0
0
0
0
0
0
0
0
0
0
0
0
0
0
-0.38465
0
0
0
0
0
0
0
0
0.38465
0
0
-10.2083
0
0
0
0
0
0
0
0
0
0
0
0
0
0
0
0
0
0
0
0
0
0
0
0
0
0
0
10.2083
0
-10.2083
0
0
0
0
0
0
0
0
0
0
0
0
0
0
0
0
0
0
0
0
0
0
0
0
0
0
0
0
10.2083
