31.4138
-1.0396
-1.0396
-1.0396
-1.0396
-1.0396
-1.0396
-1.0396
-0.94264
-0.98439
-0.98439
-0.99149
-1.0078
-1.0078
-1.0078
-0.97751
-0.97751
-1.0029
-1.0076
-1.0291
-1.049
-1.049
0
0
0
0
0
-10.1177
0
0
-1.0396
18.2041
-0.85744
-0.85744
-0.85744
-0.85744
-0.85744
-0.85744
-0.81099
-0.84037
-0.84037
-0.86791
-0.85824
-0.85824
-0.85824
-0.83274
-0.83274
-0.85886
-0.91076
-0.87394
-0.88821
-0.88821
0
0
0
0
0
0
0
0
-1.0396
-0.85744
18.2041
-0.85744
-0.85744
-0.85744
-0.85744
-0.85744
-0.81099
-0.84037
-0.84037
-0.86791
-0.85824
-0.85824
-0.85824
-0.83274
-0.83274
-0.85886
-0.91076
-0.87394
-0.88821
-0.88821
0
0
0
0
0
0
0
0
-1.0396
-0.85744
-0.85744
18.2041
-0.85744
-0.85744
-0.85744
-0.85744
-0.81099
-0.84037
-0.84037
-0.86791
-0.85824
-0.85824
-0.85824
-0.83274
-0.83274
-0.85886
-0.91076
-0.87394
-0.88821
-0.88821
0
0
0
0
0
0
0
0
-1.0396
-0.85744
-0.85744
-0.85744
18.2041
-0.85744
-0.85744
-0.85744
-0.81099
-0.84037
-0.84037
-0.86791
-0.85824
-0.85824
-0.85824
-0.83274
-0.83274
-0.85886
-0.91076
-0.87394
-0.88821
-0.88821
0
0
0
0
0
0
0
0
-1.0396
-0.85744
-0.85744
-0.85744
-0.85744
18.2041
-0.85744
-0.85744
-0.81099
-0.84037
-0.84037
-0.86791
-0.85824
-0.85824
-0.85824
-0.83274
-0.83274
-0.85886
-0.91076
-0.87394
-0.88821
-0.88821
0
0
0
0
0
0
0
0
-1.0396
-0.85744
-0.85744
-0.85744
-0.85744
-0.85744
18.2041
-0.85744
-0.81099
-0.84037
-0.84037
-0.86791
-0.85824
-0.85824
-0.85824
-0.83274
-0.83274
-0.85886
-0.91076
-0.87394
-0.88821
-0.88821
0
0
0
0
0
0
0
0
-1.0396
-0.85744
-0.85744
-0.85744
-0.85744
-0.85744
-0.85744
18.2041
-0.81099
-0.84037
-0.84037
-0.86791
-0.85824
-0.85824
-0.85824
-0.83274
-0.83274
-0.85886
-0.91076
-0.87394
-0.88821
-0.88821
0
0
0
0
0
0
0
0
-0.94264
-0.81099
-0.81099
-0.81099
-0.81099
-0.81099
-0.81099
-0.81099
15.4505
-0.75189
-0.75189
-0.73338
-0.75616
-0.75616
-0.75616
-0.73257
-0.73257
-0.74477
-0.77055
-0.76686
0
0
0
-0.57799
0
0
0
0
0
0
-0.98439
-0.84037
-0.84037
-0.84037
-0.84037
-0.84037
-0.84037
-0.84037
-0.75189
15.5797
-0.77312
-0.8162
-0.79687
-0.79687
-0.79687
-0.7707
-0.7707
-0.79074
-0.83738
-0.81146
0
0
0
0
0
0
0
0
0
0
-0.98439
-0.84037
-0.84037
-0.84037
-0.84037
-0.84037
-0.84037
-0.84037
-0.75189
-0.77312
15.5797
-0.8162
-0.79687
-0.79687
-0.79687
-0.7707
-0.7707
-0.79074
-0.83738
-0.81146
0
0
0
0
0
0
0
0
0
0
-0.99149
-0.86791
-0.86791
-0.86791
-0.86791
-0.86791
-0.86791
-0.86791
-0.73338
-0.8162
-0.8162
23.6828
-0.79901
-0.79901
-0.79901
-0.77009
-0.77009
-0.77486
0
0
0
0
0
-0.57866
0
0
0
0
0
-8.9595
-1.0078
-0.85824
-0.85824
-0.85824
-0.85824
-0.85824
-0.85824
-0.85824
-0.75616
-0.79687
-0.79687
-0.79901
14.2017
-0.79428
-0.79428
-0.80547
-0.80547
-0.83778
0
0
0
0
0
0
0
0
0
0
0
0
-1.0078
-0.85824
-0.85824
-0.85824
-0.85824
-0.85824
-0.85824
-0.85824
-0.75616
-0.79687
-0.79687
-0.79901
-0.79428
14.2017
-0.79428
-0.80547
-0.80547
-0.83778
0
0
0
0
0
0
0
0
0
0
0
0
-1.0078
-0.85824
-0.85824
-0.85824
-0.85824
-0.85824
-0.85824
-0.85824
-0.75616
-0.79687
-0.79687
-0.79901
-0.79428
-0.79428
14.2017
-0.80547
-0.80547
-0.83778
0
0
0
0
0
0
0
0
0
0
0
0
-0.97751
-0.83274
-0.83274
-0.83274
-0.83274
-0.83274
-0.83274
-0.83274
-0.73257
-0.7707
-0.7707
-0.77009
-0.80547
-0.80547
-0.80547
12.9898
-0.72271
0
0
0
0
0
0
0
0
0
0
0
0
0
-0.97751
-0.83274
-0.83274
-0.83274
-0.83274
-0.83274
-0.83274
-0.83274
-0.73257
-0.7707
-0.7707
-0.77009
-0.80547
-0.80547
-0.80547
-0.72271
12.9898
0
0
0
0
0
0
0
0
0
0
0
0
0
-1.0029
-0.85886
-0.85886
-0.85886
-0.85886
-0.85886
-0.85886
-0.85886
-0.74477
-0.79074
-0.79074
-0.77486
-0.83778
-0.83778
-0.83778
0
0
13.0776
0
0
0
0
-0.4483
0
0
0
0
0
0
0
-1.0076
-0.91076
-0.91076
-0.91076
-0.91076
-0.91076
-0.91076
-0.91076
-0.77055
-0.83738
-0.83738
0
0
0
0
0
0
0
25.3792
0
0
0
-0.42794
0
0
0
-7.5615
0
-7.5615
0
-1.0291
-0.87394
-0.87394
-0.87394
-0.87394
-0.87394
-0.87394
-0.87394
-0.76686
-0.81146
-0.81146
0
0
0
0
0
0
0
0
9.5364
0
0
0
0
0
0
0
0
0
0
-1.049
-0.88821
-0.88821
-0.88821
-0.88821
-0.88821
-0.88821
-0.88821
0
0
0
0
0
0
0
0
0
0
0
0
7.2664
0
0
0
0
0
0
0
0
0
-1.049
-0.88821
-0.88821
-0.88821
-0.88821
-0.88821
-0.88821
-0.88821
0
0
0
0
0
0
0
0
0
0
0
0
0
7.2664
0
0
0
0
0
0
0
0
0
0
0
0
0
0
0
0
0
0
0
0
0
0
0
0
0
-0.4483
-0.42794
0
0
0
1.109
0
0
-0.23275
0
0
0
0
0
0
0
0
0
0
0
0
-0.57799
0
0
-0.57866
0
0
0
0
0
0
0
0
0
0
0
1.6843
-0.5277
0
0
0
0
0
0
0
0
0
0
0
0
0
0
0
0
0
0
0
0
0
0
0
0
0
0
0
0
-0.5277
0.5277
0
0
0
0
0
0
0
0
0
0
0
0
0
0
0
0
0
0
0
0
0
0
0
0
0
0
0
-0.23275
0
0
0.23275
0
0
0
0
0
0
0
0
0
0
0
0
0
0
0
0
0
0
0
0
0
0
-7.5615
0
0
0
0
0
0
0
7.5615
0
0
0
-10.1177
0
0
0
0
0
0
0
0
0
0
0
0
0
0
0
0
0
0
0
0
0
0
0
0
0
0
10.1177
0
0
0
0
0
0
0
0
0
0
0
0
0
0
0
0
0
0
0
0
-7.5615
0
0
0
0
0
0
0
0
0
7.5615
0
0
0
0
0
0
0
0
0
0
0
0
-8.9595
0
0
0
0
0
0
0
0
0
0
0
0
0
0
0
0
0
8.9595
