19.2288
-0.75989
-0.7926
-0.84005
-0.78027
-0.80938
-0.78027
-0.78027
-0.68128
-0.68128
-0.75268
-0.75268
-0.75268
-0.75268
-0.75268
-0.72597
-0.78958
-0.72493
-0.76452
-2.4026
0
-1.5762
-1.5762
0
0
0
0
0
0
0
-0.75989
19.2288
-0.7926
-0.84005
-0.78027
-0.80938
-0.78027
-0.78027
-0.68128
-0.68128
-0.75268
-0.75268
-0.75268
-0.75268
-0.75268
-0.72597
-0.78958
-0.72493
-0.76452
-2.4026
0
-1.5762
-1.5762
0
0
0
0
0
0
0
-0.7926
-0.7926
20.878
-0.78302
-0.76307
-0.72258
-0.76307
-0.76307
-0.66406
-0.66406
-0.73816
-0.73816
-0.73816
-0.73816
-0.73816
-0.63257
-0.77428
-0.71889
-0.76266
0
-0.4963
0
0
0
0
0
0
-7.0944
0
0
-0.84005
-0.84005
-0.78302
21.155
-0.8153
-0.78468
-0.8153
-0.8153
-0.70649
-0.70649
-0.78676
-0.78676
-0.78676
-0.78676
-0.78676
-0.67961
-0.82553
-0.76599
-0.81218
0
0
0
0
0
0
-7.0312
0
0
0
0
-0.78027
-0.78027
-0.76307
-0.8153
13.3266
-0.82099
-0.74727
-0.74727
-0.65505
-0.65505
-0.72997
-0.72997
-0.72997
-0.72997
-0.72997
-0.69014
-0.76565
-0.70939
-0.74706
0
0
0
0
0
0
0
0
0
0
0
-0.80938
-0.80938
-0.72258
-0.78468
-0.82099
27.5278
-0.82099
-0.82099
-0.67441
-0.67441
-0.73772
-0.73772
-0.73772
-0.73772
-0.73772
-0.57177
-0.77382
0
0
0
0
0
0
-7.7779
0
0
0
0
-7.7779
0
-0.78027
-0.78027
-0.76307
-0.8153
-0.74727
-0.82099
13.3266
-0.74727
-0.65505
-0.65505
-0.72997
-0.72997
-0.72997
-0.72997
-0.72997
-0.69014
-0.76565
-0.70939
-0.74706
0
0
0
0
0
0
0
0
0
0
0
-0.78027
-0.78027
-0.76307
-0.8153
-0.74727
-0.82099
-0.74727
13.3266
-0.65505
-0.65505
-0.72997
-0.72997
-0.72997
-0.72997
-0.72997
-0.69014
-0.76565
-0.70939
-0.74706
0
0
0
0
0
0
0
0
0
0
0
-0.68128
-0.68128
-0.66406
-0.70649
-0.65505
-0.67441
-0.65505
-0.65505
10.9239
-0.56297
-0.62709
-0.62709
-0.62709
-0.62709
-0.62709
-0.58811
-0.65752
-0.60719
0
0
0
0
0
0
0
0
0
0
0
0
-0.68128
-0.68128
-0.66406
-0.70649
-0.65505
-0.67441
-0.65505
-0.65505
-0.56297
10.9239
-0.62709
-0.62709
-0.62709
-0.62709
-0.62709
-0.58811
-0.65752
-0.60719
0
0
0
0
0
0
0
0
0
0
0
0
-0.75268
-0.75268
-0.73816
-0.78676
-0.72997
-0.73772
-0.72997
-0.72997
-0.62709
-0.62709
10.0502
-0.70952
-0.70952
-0.70952
-0.70952
0
0
0
0
0
0
0
0
0
0
0
0
0
0
0
-0.75268
-0.75268
-0.73816
-0.78676
-0.72997
-0.73772
-0.72997
-0.72997
-0.62709
-0.62709
-0.70952
10.0502
-0.70952
-0.70952
-0.70952
0
0
0
0
0
0
0
0
0
0
0
0
0
0
0
-0.75268
-0.75268
-0.73816
-0.78676
-0.72997
-0.73772
-0.72997
-0.72997
-0.62709
-0.62709
-0.70952
-0.70952
10.0502
-0.70952
-0.70952
0
0
0
0
0
0
0
0
0
0
0
0
0
0
0
-0.75268
-0.75268
-0.73816
-0.78676
-0.72997
-0.73772
-0.72997
-0.72997
-0.62709
-0.62709
-0.70952
-0.70952
-0.70952
10.0502
-0.70952
0
0
0
0
0
0
0
0
0
0
0
0
0
0
0
-0.75268
-0.75268
-0.73816
-0.78676
-0.72997
-0.73772
-0.72997
-0.72997
-0.62709
-0.62709
-0.70952
-0.70952
-0.70952
-0.70952
10.0502
0
0
0
0
0
0
0
0
0
0
0
0
0
0
0
-0.72597
-0.72597
-0.63257
-0.67961
-0.69014
-0.57177
-0.69014
-0.69014
-0.58811
-0.58811
0
0
0
0
0
16.0938
0
0
0
0
0
0
0
0
0
0
-4.7556
0
0
-4.7556
-0.78958
-0.78958
-0.77428
-0.82553
-0.76565
-0.77382
-0.76565
-0.76565
-0.65752
-0.65752
0
0
0
0
0
0
7.5648
0
0
0
0
0
0
0
0
0
0
0
0
0
-0.72493
-0.72493
-0.71889
-0.76599
-0.70939
0
-0.70939
-0.70939
-0.60719
-0.60719
0
0
0
0
0
0
0
6.2773
0
0
0
0
0
0
0
0
0
0
0
0
-0.76452
-0.76452
-0.76266
-0.81218
-0.74706
0
-0.74706
-0.74706
0
0
0
0
0
0
0
0
0
0
5.3451
0
0
0
0
0
0
0
0
0
0
0
-2.4026
-2.4026
0
0
0
0
0
0
0
0
0
0
0
0
0
0
0
0
0
5.6331
-0.82786
0
0
0
0
0
0
0
0
0
0
0
-0.4963
0
0
0
0
0
0
0
0
0
0
0
0
0
0
0
0
-0.82786
3.4079
0
0
0
-2.0837
0
0
0
0
0
-1.5762
-1.5762
0
0
0
0
0
0
0
0
0
0
0
0
0
0
0
0
0
0
0
3.1525
0
0
0
0
0
0
0
0
-1.5762
-1.5762
0
0
0
0
0
0
0
0
0
0
0
0
0
0
0
0
0
0
0
0
3.1525
0
0
0
0
0
0
0
0
0
0
0
0
-7.7779
0
0
0
0
0
0
0
0
0
0
0
0
0
0
0
0
0
7.7779
0
0
0
0
0
0
0
0
0
0
0
0
0
0
0
0
0
0
0
0
0
0
0
0
0
0
-2.0837
0
0
0
2.0837
0
0
0
0
0
0
0
0
-7.0312
0
0
0
0
0
0
0
0
0
0
0
0
0
0
0
0
0
0
0
0
0
7.0312
0
0
0
0
0
0
0
0
0
0
0
0
0
0
0
0
0
0
0
-4.7556
0
0
0
0
0
0
0
0
0
0
4.7556
0
0
0
0
0
-7.0944
0
0
0
0
0
0
0
0
0
0
0
0
0
0
0
0
0
0
0
0
0
0
0
0
7.0944
0
0
0
0
0
0
0
-7.7779
0
0
0
0
0
0
0
0
0
0
0
0
0
0
0
0
0
0
0
0
0
0
7.7779
0
0
0
0
0
0
0
0
0
0
0
0
0
0
0
0
-4.7556
0
0
0
0
0
0
0
0
0
0
0
0
0
4.7556
