26.9077
-0.93634
-0.93924
-0.8466
-0.8466
-0.8466
-0.8466
-0.8466
-0.80745
-0.87091
-0.87091
-0.89881
-0.88659
-0.84367
-0.84367
-0.92411
-0.86396
-0.86396
-0.93182
-0.91887
-0.80592
-0.80592
-0.29184
0
0
0
0
0
-8.3707
0
-0.93634
18.6259
-0.95116
-0.84671
-0.84671
-0.84671
-0.84671
-0.84671
-0.83279
-0.87146
-0.87146
-0.8996
-0.90003
-0.8444
-0.8444
-0.92378
-0.86354
-0.86354
-0.93106
-0.94572
-0.80263
-0.80263
-0.30782
0
0
0
0
0
0
0
-0.93924
-0.95116
26.8063
-0.86249
-0.86249
-0.86249
-0.86249
-0.86249
-0.83286
-0.88848
-0.88848
-0.91728
-0.90858
-0.86054
-0.86054
-0.94296
-0.88109
-0.88109
-0.95077
-0.94316
-0.82119
-0.82119
0
-8.2053
0
0
0
0
0
0
-0.8466
-0.84671
-0.86249
16.6035
-0.75577
-0.75577
-0.75577
-0.75577
-0.75903
-0.78703
-0.78703
-0.8116
-0.81499
-0.7634
-0.7634
-0.83207
-0.77969
-0.77969
-0.83828
-0.85711
-0.72567
-0.72567
0
0
0
0
0
0
0
0
-0.8466
-0.84671
-0.86249
-0.75577
16.6035
-0.75577
-0.75577
-0.75577
-0.75903
-0.78703
-0.78703
-0.8116
-0.81499
-0.7634
-0.7634
-0.83207
-0.77969
-0.77969
-0.83828
-0.85711
-0.72567
-0.72567
0
0
0
0
0
0
0
0
-0.8466
-0.84671
-0.86249
-0.75577
-0.75577
16.6035
-0.75577
-0.75577
-0.75903
-0.78703
-0.78703
-0.8116
-0.81499
-0.7634
-0.7634
-0.83207
-0.77969
-0.77969
-0.83828
-0.85711
-0.72567
-0.72567
0
0
0
0
0
0
0
0
-0.8466
-0.84671
-0.86249
-0.75577
-0.75577
-0.75577
16.6035
-0.75577
-0.75903
-0.78703
-0.78703
-0.8116
-0.81499
-0.7634
-0.7634
-0.83207
-0.77969
-0.77969
-0.83828
-0.85711
-0.72567
-0.72567
0
0
0
0
0
0
0
0
-0.8466
-0.84671
-0.86249
-0.75577
-0.75577
-0.75577
-0.75577
16.6035
-0.75903
-0.78703
-0.78703
-0.8116
-0.81499
-0.7634
-0.7634
-0.83207
-0.77969
-0.77969
-0.83828
-0.85711
-0.72567
-0.72567
0
0
0
0
0
0
0
0
-0.80745
-0.83279
-0.83286
-0.75903
-0.75903
-0.75903
-0.75903
-0.75903
31.2122
-0.75632
-0.75632
-0.77933
-0.74887
-0.73295
-0.73295
-0.80074
-0.75115
-0.75115
-0.80885
0
0
0
0
0
0
-8.6627
0
-8.6627
0
0
-0.87091
-0.87146
-0.88848
-0.78703
-0.78703
-0.78703
-0.78703
-0.78703
-0.75632
13.8408
-0.80224
-0.83856
-0.8415
-0.78587
-0.78587
-0.85788
-0.80328
-0.80328
0
0
0
0
0
0
0
0
0
0
0
0
-0.87091
-0.87146
-0.88848
-0.78703
-0.78703
-0.78703
-0.78703
-0.78703
-0.75632
-0.80224
13.8408
-0.83856
-0.8415
-0.78587
-0.78587
-0.85788
-0.80328
-0.80328
0
0
0
0
0
0
0
0
0
0
0
0
-0.89881
-0.8996
-0.91728
-0.8116
-0.8116
-0.8116
-0.8116
-0.8116
-0.77933
-0.83856
-0.83856
12.6502
-0.91033
-0.80684
-0.80684
-0.8961
0
0
0
0
0
0
0
0
0
0
0
0
0
0
-0.88659
-0.90003
-0.90858
-0.81499
-0.81499
-0.81499
-0.81499
-0.81499
-0.74887
-0.8415
-0.8415
-0.91033
17.0851
-0.79773
-0.79773
0
0
0
0
0
0
0
0
0
0
0
0
0
0
-5.3772
-0.84367
-0.8444
-0.86054
-0.7634
-0.7634
-0.7634
-0.7634
-0.7634
-0.73295
-0.78587
-0.78587
-0.80684
-0.79773
10.9759
-0.70106
0
0
0
0
0
0
0
0
0
0
0
0
0
0
0
-0.84367
-0.8444
-0.86054
-0.7634
-0.7634
-0.7634
-0.7634
-0.7634
-0.73295
-0.78587
-0.78587
-0.80684
-0.79773
-0.70106
10.9759
0
0
0
0
0
0
0
0
0
0
0
0
0
0
0
-0.92411
-0.92378
-0.94296
-0.83207
-0.83207
-0.83207
-0.83207
-0.83207
-0.80074
-0.85788
-0.85788
-0.8961
0
0
0
10.3638
0
0
0
0
0
0
0
0
0
0
0
0
0
0
-0.86396
-0.86354
-0.88109
-0.77969
-0.77969
-0.77969
-0.77969
-0.77969
-0.75115
-0.80328
-0.80328
0
0
0
0
0
8.8648
0
0
0
0
0
0
0
0
0
0
0
0
0
-0.86396
-0.86354
-0.88109
-0.77969
-0.77969
-0.77969
-0.77969
-0.77969
-0.75115
-0.80328
-0.80328
0
0
0
0
0
0
8.8648
0
0
0
0
0
0
0
0
0
0
0
0
-0.93182
-0.93106
-0.95077
-0.83828
-0.83828
-0.83828
-0.83828
-0.83828
-0.80885
0
0
0
0
0
0
0
0
0
7.8139
0
0
0
0
0
0
0
0
0
0
0
-0.91887
-0.94572
-0.94316
-0.85711
-0.85711
-0.85711
-0.85711
-0.85711
0
0
0
0
0
0
0
0
0
0
0
7.5221
0
0
0
0
0
0
-0.42873
0
0
0
-0.80592
-0.80263
-0.82119
-0.72567
-0.72567
-0.72567
-0.72567
-0.72567
0
0
0
0
0
0
0
0
0
0
0
0
6.0581
0
0
0
0
0
0
0
0
0
-0.80592
-0.80263
-0.82119
-0.72567
-0.72567
-0.72567
-0.72567
-0.72567
0
0
0
0
0
0
0
0
0
0
0
0
0
6.0581
0
0
0
0
0
0
0
0
-0.29184
-0.30782
0
0
0
0
0
0
0
0
0
0
0
0
0
0
0
0
0
0
0
0
0.70417
0
-0.1045
0
0
0
0
0
0
0
-8.2053
0
0
0
0
0
0
0
0
0
0
0
0
0
0
0
0
0
0
0
0
8.2053
0
0
0
0
0
0
0
0
0
0
0
0
0
0
0
0
0
0
0
0
0
0
0
0
0
0
0
0
-0.1045
0
0.1045
0
0
0
0
0
0
0
0
0
0
0
0
0
-8.6627
0
0
0
0
0
0
0
0
0
0
0
0
0
0
0
0
8.6627
0
0
0
0
0
0
0
0
0
0
0
0
0
0
0
0
0
0
0
0
0
0
0
-0.42873
0
0
0
0
0
0
0.42873
0
0
0
0
0
0
0
0
0
0
0
-8.6627
0
0
0
0
0
0
0
0
0
0
0
0
0
0
0
0
0
0
8.6627
0
0
-8.3707
0
0
0
0
0
0
0
0
0
0
0
0
0
0
0
0
0
0
0
0
0
0
0
0
0
0
0
8.3707
0
0
0
0
0
0
0
0
0
0
0
0
0
-5.3772
0
0
0
0
0
0
0
0
0
0
0
0
0
0
0
0
5.3772
