41.1911
-0.40208
-0.3882
-0.38277
-0.38947
-0.3882
-0.37598
-0.37829
-0.38526
-0.33973
-0.38102
-0.39444
-0.38619
-0.36974
-0.39168
-0.32477
0
0
0
0
0
0
-11.8378
0
0
-11.8378
0
-11.8378
0
0
-0.40208
14.0054
-0.40979
-0.4077
-0.42297
-0.40979
-0.40636
-0.39963
-0.40697
-0.38055
-0.41496
-0.41456
-0.40646
-0.40444
-0.40886
-0.35391
-0.47987
0
0
0
0
0
0
0
0
0
0
0
-7.4765
0
-0.3882
-0.40979
6.1914
-0.38906
-0.39942
-0.37953
-0.38252
-0.37835
-0.38508
-0.36468
-0.39039
-0.3911
-0.38532
-0.38137
-0.38603
-0.33762
-0.44299
0
0
0
0
0
0
0
0
0
0
0
0
0
-0.38277
-0.4077
-0.38906
5.9112
-0.39625
-0.38906
-0.37847
-0.37654
-0.38317
-0.35803
-0.38484
-0.38876
-0.38975
-0.37556
-0.38424
-0.33273
0
-0.1943
0
0
0
0
0
0
0
0
0
0
0
0
-0.38947
-0.42297
-0.39942
-0.39625
12.9947
-0.39942
-0.39021
-0.38554
-0.39239
-0.3651
-0.39791
-0.39915
-0.39272
-0.38804
-0.39403
-0.34139
0
0
-7.1407
0
0
0
0
0
0
0
0
0
0
0
-0.3882
-0.40979
-0.37953
-0.38906
-0.39942
6.1914
-0.38252
-0.37835
-0.38508
-0.36468
-0.39039
-0.3911
-0.38532
-0.38137
-0.38603
-0.33762
-0.44299
0
0
0
0
0
0
0
0
0
0
0
0
0
-0.37598
-0.40636
-0.38252
-0.37847
-0.39021
-0.38252
11.4444
-0.3716
-0.37714
-0.35222
-0.38241
-0.38254
-0.37594
-0.37353
-0.37769
0
0
0
0
0
0
0
0
-6.1353
0
0
0
0
0
0
-0.37829
-0.39963
-0.37835
-0.37654
-0.38554
-0.37835
-0.3716
5.2842
-0.37613
-0.35521
-0.37994
-0.38084
-0.37647
-0.37114
-0.37614
0
0
0
0
0
0
0
0
0
0
0
0
0
0
0
-0.38526
-0.40697
-0.38508
-0.38317
-0.39239
-0.38508
-0.37714
-0.37613
4.6161
-0.37128
-0.37741
-0.39244
-0.38374
0
0
0
0
0
0
0
0
0
0
0
0
0
0
0
0
0
-0.33973
-0.38055
-0.36468
-0.35803
-0.3651
-0.36468
-0.35222
-0.35521
-0.37128
18.0055
-0.36477
0
0
0
0
0
0
0
0
-7.1946
0
0
0
0
0
0
-7.1946
0
0
0
-0.38102
-0.41496
-0.39039
-0.38484
-0.39791
-0.39039
-0.38241
-0.37994
-0.37741
-0.36477
7.6152
-0.39529
0
0
0
0
0
0
0
0
0
0
0
0
0
0
0
0
0
-3.3558
-0.39444
-0.41456
-0.3911
-0.38876
-0.39915
-0.3911
-0.38254
-0.38084
-0.39244
0
-0.39529
3.9302
0
0
0
0
0
0
0
0
0
0
0
0
0
0
0
0
0
0
-0.38619
-0.40646
-0.38532
-0.38975
-0.39272
-0.38532
-0.37594
-0.37647
-0.38374
0
0
0
3.686
0
0
0
0
-0.2041
0
0
0
0
0
0
0
0
0
0
0
0
-0.36974
-0.40444
-0.38137
-0.37556
-0.38804
-0.38137
-0.37353
-0.37114
0
0
0
0
0
3.2823
0
0
0
0
0
0
0
0
0
0
-0.23713
0
0
0
0
0
-0.39168
-0.40886
-0.38603
-0.38424
-0.39403
-0.38603
-0.37769
-0.37614
0
0
0
0
0
0
3.1047
0
0
0
0
0
0
0
0
0
0
0
0
0
0
0
-0.32477
-0.35391
-0.33762
-0.33273
-0.34139
-0.33762
0
0
0
0
0
0
0
0
0
2.1325
0
0
0
0
-0.1045
0
0
0
0
0
0
0
0
0
0
-0.47987
-0.44299
0
0
-0.44299
0
0
0
0
0
0
0
0
0
0
1.3659
0
0
0
0
0
0
0
0
0
0
0
0
0
0
0
0
-0.1943
0
0
0
0
0
0
0
0
-0.2041
0
0
0
0
0.54676
0
0
0
-0.14836
0
0
0
0
0
0
0
0
0
0
0
0
-7.1407
0
0
0
0
0
0
0
0
0
0
0
0
0
7.1407
0
0
0
0
0
0
0
0
0
0
0
0
0
0
0
0
0
0
0
0
-7.1946
0
0
0
0
0
0
0
0
0
7.1946
0
0
0
0
0
0
0
0
0
0
0
0
0
0
0
0
0
0
0
0
0
0
0
0
0
-0.1045
0
0
0
0
0.1045
0
0
0
0
0
0
0
0
0
0
0
0
0
0
0
0
0
0
0
0
0
0
0
0
0
0
-0.14836
0
0
0
0.14836
0
0
0
0
0
0
0
0
-11.8378
0
0
0
0
0
0
0
0
0
0
0
0
0
0
0
0
0
0
0
0
0
11.8378
0
0
0
0
0
0
0
0
0
0
0
0
0
-6.1353
0
0
0
0
0
0
0
0
0
0
0
0
0
0
0
0
6.1353
0
0
0
0
0
0
0
0
0
0
0
0
0
0
0
0
0
0
0
-0.23713
0
0
0
0
0
0
0
0
0
0
0.23713
0
0
0
0
0
-11.8378
0
0
0
0
0
0
0
0
0
0
0
0
0
0
0
0
0
0
0
0
0
0
0
0
11.8378
0
0
0
0
0
0
0
0
0
0
0
0
0
-7.1946
0
0
0
0
0
0
0
0
0
0
0
0
0
0
0
0
7.1946
0
0
0
-11.8378
0
0
0
0
0
0
0
0
0
0
0
0
0
0
0
0
0
0
0
0
0
0
0
0
0
0
11.8378
0
0
0
-7.4765
0
0
0
0
0
0
0
0
0
0
0
0
0
0
0
0
0
0
0
0
0
0
0
0
0
0
7.4765
0
0
0
0
0
0
0
0
0
0
0
-3.3558
0
0
0
0
0
0
0
0
0
0
0
0
0
0
0
0
0
0
3.3558
