35.1116
-0.79153
-0.79153
-0.79153
-0.83864
-0.83864
-0.80782
-0.80782
-0.80782
-0.80818
-0.78164
-0.77886
-0.77886
-0.74192
-0.74192
-0.74192
-0.74192
-0.78724
-0.79466
-0.534
-0.534
-0.81032
0
-9.5304
0
0
0
0
-9.5304
0
-0.79153
15.7462
-0.7713
-0.7713
-0.82479
-0.82479
-0.78711
-0.78711
-0.78711
-0.79691
-0.77229
-0.75945
-0.75945
-0.7242
-0.7242
-0.7242
-0.7242
-0.76658
-0.77208
-0.55093
-0.55093
-0.77578
0
0
0
0
0
0
0
0
-0.79153
-0.7713
15.7462
-0.7713
-0.82479
-0.82479
-0.78711
-0.78711
-0.78711
-0.79691
-0.77229
-0.75945
-0.75945
-0.7242
-0.7242
-0.7242
-0.7242
-0.76658
-0.77208
-0.55093
-0.55093
-0.77578
0
0
0
0
0
0
0
0
-0.79153
-0.7713
-0.7713
15.7462
-0.82479
-0.82479
-0.78711
-0.78711
-0.78711
-0.79691
-0.77229
-0.75945
-0.75945
-0.7242
-0.7242
-0.7242
-0.7242
-0.76658
-0.77208
-0.55093
-0.55093
-0.77578
0
0
0
0
0
0
0
0
-0.83864
-0.82479
-0.82479
-0.82479
22.4182
-0.90414
-0.85294
-0.85294
-0.85294
-0.86964
-0.83981
-0.82016
-0.82016
-0.77952
-0.77952
-0.77952
-0.77952
-0.82883
-0.83538
0
0
0
0
0
0
-7.5102
0
0
0
0
-0.83864
-0.82479
-0.82479
-0.82479
-0.90414
22.4182
-0.85294
-0.85294
-0.85294
-0.86964
-0.83981
-0.82016
-0.82016
-0.77952
-0.77952
-0.77952
-0.77952
-0.82883
-0.83538
0
0
0
-7.5102
0
0
0
0
0
0
0
-0.80782
-0.78711
-0.78711
-0.78711
-0.85294
-0.85294
14.1598
-0.79754
-0.79754
-0.83412
-0.79337
-0.77342
-0.77342
-0.73681
-0.73681
-0.73681
-0.73681
-0.78072
-0.78741
0
0
0
0
0
0
0
0
0
0
0
-0.80782
-0.78711
-0.78711
-0.78711
-0.85294
-0.85294
-0.79754
14.1598
-0.79754
-0.83412
-0.79337
-0.77342
-0.77342
-0.73681
-0.73681
-0.73681
-0.73681
-0.78072
-0.78741
0
0
0
0
0
0
0
0
0
0
0
-0.80782
-0.78711
-0.78711
-0.78711
-0.85294
-0.85294
-0.79754
-0.79754
14.1598
-0.83412
-0.79337
-0.77342
-0.77342
-0.73681
-0.73681
-0.73681
-0.73681
-0.78072
-0.78741
0
0
0
0
0
0
0
0
0
0
0
-0.80818
-0.79691
-0.79691
-0.79691
-0.86964
-0.86964
-0.83412
-0.83412
-0.83412
20.742
-0.79577
-0.78273
-0.78273
-0.74475
-0.74475
-0.74475
-0.74475
-0.78954
0
0
0
0
0
0
0
0
0
0
0
-7.1717
-0.78164
-0.77229
-0.77229
-0.77229
-0.83981
-0.83981
-0.79337
-0.79337
-0.79337
-0.79577
19.147
-0.76274
-0.76274
-0.71737
-0.71737
-0.71737
-0.71737
0
0
0
0
0
0
0
0
0
-6.7981
0
0
0
-0.77886
-0.75945
-0.75945
-0.75945
-0.82016
-0.82016
-0.77342
-0.77342
-0.77342
-0.78273
-0.76274
12.8864
-0.74194
-0.708
-0.708
-0.708
-0.708
-0.74923
0
0
0
0
0
0
0
0
0
0
0
0
-0.77886
-0.75945
-0.75945
-0.75945
-0.82016
-0.82016
-0.77342
-0.77342
-0.77342
-0.78273
-0.76274
-0.74194
12.8864
-0.708
-0.708
-0.708
-0.708
-0.74923
0
0
0
0
0
0
0
0
0
0
0
0
-0.74192
-0.7242
-0.7242
-0.7242
-0.77952
-0.77952
-0.73681
-0.73681
-0.73681
-0.74475
-0.71737
-0.708
-0.708
11.5432
-0.66037
-0.66037
-0.66037
0
0
0
0
0
0
0
0
0
0
0
0
0
-0.74192
-0.7242
-0.7242
-0.7242
-0.77952
-0.77952
-0.73681
-0.73681
-0.73681
-0.74475
-0.71737
-0.708
-0.708
-0.66037
11.5432
-0.66037
-0.66037
0
0
0
0
0
0
0
0
0
0
0
0
0
-0.74192
-0.7242
-0.7242
-0.7242
-0.77952
-0.77952
-0.73681
-0.73681
-0.73681
-0.74475
-0.71737
-0.708
-0.708
-0.66037
-0.66037
11.5432
-0.66037
0
0
0
0
0
0
0
0
0
0
0
0
0
-0.74192
-0.7242
-0.7242
-0.7242
-0.77952
-0.77952
-0.73681
-0.73681
-0.73681
-0.74475
-0.71737
-0.708
-0.708
-0.66037
-0.66037
-0.66037
11.5432
0
0
0
0
0
0
0
0
0
0
0
0
0
-0.78724
-0.76658
-0.76658
-0.76658
-0.82883
-0.82883
-0.78072
-0.78072
-0.78072
-0.78954
0
-0.74923
-0.74923
0
0
0
0
9.3748
0
0
0
0
0
0
0
0
0
0
0
0
-0.79466
-0.77208
-0.77208
-0.77208
-0.83538
-0.83538
-0.78741
-0.78741
-0.78741
0
0
0
0
0
0
0
0
0
7.1439
0
0
0
0
0
0
0
0
0
0
0
-0.534
-0.55093
-0.55093
-0.55093
0
0
0
0
0
0
0
0
0
0
0
0
0
0
0
2.2913
0
0
0
0
0
0
0
-0.1045
0
0
-0.534
-0.55093
-0.55093
-0.55093
0
0
0
0
0
0
0
0
0
0
0
0
0
0
0
0
2.2913
0
0
0
-0.1045
0
0
0
0
0
-0.81032
-0.77578
-0.77578
-0.77578
0
0
0
0
0
0
0
0
0
0
0
0
0
0
0
0
0
3.1377
0
0
0
0
0
0
0
0
0
0
0
0
0
-7.5102
0
0
0
0
0
0
0
0
0
0
0
0
0
0
0
0
7.5102
0
0
0
0
0
0
0
-9.5304
0
0
0
0
0
0
0
0
0
0
0
0
0
0
0
0
0
0
0
0
0
0
9.5304
0
0
0
0
0
0
0
0
0
0
0
0
0
0
0
0
0
0
0
0
0
0
0
0
0
0
-0.1045
0
0
0
0.1045
0
0
0
0
0
0
0
0
0
-7.5102
0
0
0
0
0
0
0
0
0
0
0
0
0
0
0
0
0
0
0
0
7.5102
0
0
0
0
0
0
0
0
0
0
0
0
0
0
-6.7981
0
0
0
0
0
0
0
0
0
0
0
0
0
0
0
6.7981
0
0
0
0
0
0
0
0
0
0
0
0
0
0
0
0
0
0
0
0
0
0
-0.1045
0
0
0
0
0
0
0
0.1045
0
0
-9.5304
0
0
0
0
0
0
0
0
0
0
0
0
0
0
0
0
0
0
0
0
0
0
0
0
0
0
0
9.5304
0
0
0
0
0
0
0
0
0
0
-7.1717
0
0
0
0
0
0
0
0
0
0
0
0
0
0
0
0
0
0
0
7.1717
