9.2248
-0.74436
-0.10908
-0.15695
-0.10746
-0.26402
-0.25746
-0.30087
-0.57216
-0.20919
-0.45602
-0.62783
-0.50812
-0.80768
-0.81827
-0.80857
-1.9387
0
0
-0.53808
0
0
0
0
0
0
0
0
0
0
-0.74436
15.6569
-0.78932
-0.21239
-0.78351
-0.28047
-0.4382
-0.43576
-0.11318
-0.44399
-0.5835
-0.25841
-0.73786
-1.1074
-0.88738
0
0
0
0
0
0
-2.9169
0
0
0
0
-4.9244
0
0
0
-0.10908
-0.78932
9.6013
-0.18382
-0.18776
-0.79707
-0.50625
-0.17612
-0.53229
-0.15525
-0.16895
-0.69125
-1.2347
-0.865
-0.42718
-0.78255
-1.9947
0
0
0
0
0
0
0
0
0
0
0
0
0
-0.15695
-0.21239
-0.18382
8.1019
-0.4834
-0.11474
-0.11932
-0.12157
-0.51784
-0.13033
-0.16331
-0.6349
-1.0272
-0.73901
-0.99005
-1.2445
0
0
-1.2626
0
0
0
0
0
0
0
0
0
0
0
-0.10746
-0.78351
-0.18776
-0.4834
9.4045
-0.16757
-0.17051
-0.43611
-0.59784
-0.54971
-0.69825
-0.65432
-0.13373
-0.87092
-0.79201
-0.76696
-2.0044
0
0
0
0
0
0
0
0
0
0
0
0
0
-0.26402
-0.28047
-0.79707
-0.11474
-0.16757
8.1853
-0.11618
-0.11908
-0.60645
-0.12509
-1.2433
-0.66299
-0.16607
-0.87848
-1.0153
-1.6284
0
0
0
0
0
0
0
0
0
0
0
0
0
0
-0.25746
-0.4382
-0.50625
-0.11932
-0.17051
-0.11618
6.1512
-0.10865
-0.80104
-0.11281
-0.16644
-0.92871
-0.31545
-1.0103
-1.0998
0
0
0
0
0
0
0
0
0
0
0
0
0
0
0
-0.30087
-0.43576
-0.17612
-0.12157
-0.43611
-0.11908
-0.10865
6.4185
-0.80532
-0.11336
-0.53458
-0.90761
-0.17937
-1.0502
-1.1299
0
0
0
0
0
0
0
0
0
0
0
0
0
0
0
-0.57216
-0.11318
-0.53229
-0.51784
-0.59784
-0.60645
-0.80104
-0.80532
16.2514
-0.63196
-0.72717
-2.3707
-0.85778
0
0
0
0
-1.4988
0
0
0
0
0
0
0
0
0
0
0
-5.6188
-0.20919
-0.44399
-0.15525
-0.13033
-0.54971
-0.12509
-0.11281
-0.11336
-0.63196
6.7011
-0.13384
-0.99332
-1.7959
-1.0793
-0.22703
0
0
0
0
0
0
0
0
0
0
0
0
0
0
0
-0.45602
-0.5835
-0.16895
-0.16331
-0.69825
-1.2433
-0.16644
-0.53458
-0.72717
-0.13384
6.5467
-0.92482
-0.74646
0
0
0
0
0
0
0
0
0
0
0
0
0
0
0
0
0
-0.62783
-0.25841
-0.69125
-0.6349
-0.65432
-0.66299
-0.92871
-0.90761
-2.3707
-0.99332
-0.92482
14.9983
0
0
0
0
0
0
0
0
0
0
0
0
0
0
0
-5.3434
0
0
-0.50812
-0.73786
-1.2347
-1.0272
-0.13373
-0.16607
-0.31545
-0.17937
-0.85778
-1.7959
-0.74646
0
7.7027
0
0
0
0
0
0
0
0
0
0
0
0
0
0
0
0
0
-0.80768
-1.1074
-0.865
-0.73901
-0.87092
-0.87848
-1.0103
-1.0502
0
-1.0793
0
0
0
13.1596
0
0
0
0
0
0
0
0
0
0
-4.7513
0
0
0
0
0
-0.81827
-0.88738
-0.42718
-0.99005
-0.79201
-1.0153
-1.0998
-1.1299
0
-0.22703
0
0
0
0
7.387
0
0
0
0
0
0
0
0
0
0
0
0
0
0
0
-0.80857
0
-0.78255
-1.2445
-0.76696
-1.6284
0
0
0
0
0
0
0
0
0
9.2222
0
0
0
0
0
0
0
0
0
0
0
0
-3.9912
0
-1.9387
0
-1.9947
0
-2.0044
0
0
0
0
0
0
0
0
0
0
0
8.8152
0
0
0
0
0
-2.8774
0
0
0
0
0
0
0
0
0
0
0
0
0
0
0
-1.4988
0
0
0
0
0
0
0
0
9.9196
0
-1.8082
-2.6001
0
0
-4.0124
0
0
0
0
0
0
0
0
0
-1.2626
0
0
0
0
0
0
0
0
0
0
0
0
0
0
7.6067
-2.9369
0
0
0
0
0
-3.4072
0
0
0
0
-0.53808
0
0
0
0
0
0
0
0
0
0
0
0
0
0
0
0
-1.8082
-2.9369
5.2832
0
0
0
0
0
0
0
0
0
0
0
0
0
0
0
0
0
0
0
0
0
0
0
0
0
0
0
-2.6001
0
0
9.2096
-3.1627
-3.4467
0
0
0
0
0
0
0
0
-2.9169
0
0
0
0
0
0
0
0
0
0
0
0
0
0
0
0
0
0
-3.1627
6.0796
0
0
0
0
0
0
0
0
0
0
0
0
0
0
0
0
0
0
0
0
0
0
0
0
-2.8774
0
0
0
-3.4467
0
6.3241
0
0
0
0
0
0
0
0
0
0
0
0
0
0
0
0
0
0
0
0
0
0
0
0
-4.0124
0
0
0
0
0
4.0124
0
0
0
0
0
0
0
0
0
0
0
0
0
0
0
0
0
0
0
-4.7513
0
0
0
0
0
0
0
0
0
0
4.7513
0
0
0
0
0
0
0
0
0
0
0
0
0
0
0
0
0
0
0
0
0
0
0
-3.4072
0
0
0
0
0
0
3.4072
0
0
0
0
0
-4.9244
0
0
0
0
0
0
0
0
0
0
0
0
0
0
0
0
0
0
0
0
0
0
0
0
4.9244
0
0
0
0
0
0
0
0
0
0
0
0
0
0
-5.3434
0
0
0
0
0
0
0
0
0
0
0
0
0
0
0
5.3434
0
0
0
0
0
0
0
0
0
0
0
0
0
0
0
0
0
-3.9912
0
0
0
0
0
0
0
0
0
0
0
0
3.9912
0
0
0
0
0
0
0
0
0
-5.6188
0
0
0
0
0
0
0
0
0
0
0
0
0
0
0
0
0
0
0
0
5.6188
