6.8891
-0.41191
-0.42044
-0.40887
-0.33853
-0.45634
-0.42249
-0.41251
-0.35293
-0.39941
-0.39941
-0.53136
-0.32425
0
-0.32425
0
0
-1.6864
0
0
0
0
0
0
0
0
0
0
0
0
-0.41191
5.5848
-0.41822
-0.40871
-0.33756
-0.44843
-0.41572
-0.41611
-0.34746
-0.39522
-0.39522
-0.52379
-0.3357
0
-0.3357
-0.39506
0
0
0
0
0
0
0
0
0
0
0
0
0
0
-0.42044
-0.41822
14.4299
-0.42104
-0.35096
-0.47145
-0.43042
-0.42786
-0.36383
-0.41227
-0.41227
-0.54753
-0.3399
0
-0.3399
0
0
0
0
0
0
0
0
0
0
0
0
0
-9.0739
0
-0.40887
-0.40871
-0.42104
7.6852
-0.33819
-0.44879
-0.41173
-0.41752
-0.34817
-0.39722
-0.39722
-0.52871
-0.33165
0
-0.33165
0
0
0
0
0
0
0
-2.4957
0
0
0
0
0
0
0
-0.33853
-0.33756
-0.35096
-0.33819
4.3244
-0.3674
-0.34361
-0.33798
-0.28237
-0.3294
-0.3294
-0.44108
-0.26395
0
-0.26395
0
0
0
0
0
0
0
0
0
0
0
0
0
0
0
-0.45634
-0.44843
-0.47145
-0.44879
-0.3674
15.169
-0.44565
-0.42629
-0.36836
-0.41674
-0.41674
0
0
0
0
0
0
0
0
-2.6537
0
0
0
0
0
0
-8.2491
0
0
0
-0.42249
-0.41572
-0.43042
-0.41173
-0.34361
-0.44565
6.62
-0.38966
-0.33021
-0.39149
-0.39149
0
0
0
0
0
0
0
0
0
0
-2.6475
0
0
0
0
0
0
0
0
-0.41251
-0.41611
-0.42786
-0.41752
-0.33798
-0.42629
-0.38966
11.7622
0
-0.40238
-0.40238
0
0
0
0
0
-0.24651
0
0
0
0
0
0
0
0
-7.883
0
0
0
0
-0.35293
-0.34746
-0.36383
-0.34817
-0.28237
-0.36836
-0.33021
0
4.1503
-0.29956
-0.29956
0
0
0
0
0
0
0
-1.1579
0
0
0
0
0
0
0
0
0
0
0
-0.39941
-0.39522
-0.41227
-0.39722
-0.3294
-0.41674
-0.39149
-0.40238
-0.29956
3.7814
-0.33772
0
0
0
0
0
0
0
0
0
0
0
0
0
0
0
0
0
0
0
-0.39941
-0.39522
-0.41227
-0.39722
-0.3294
-0.41674
-0.39149
-0.40238
-0.29956
-0.33772
3.7814
0
0
0
0
0
0
0
0
0
0
0
0
0
0
0
0
0
0
0
-0.53136
-0.52379
-0.54753
-0.52871
-0.44108
0
0
0
0
0
0
8.6299
0
0
0
0
0
0
-1.4903
0
0
0
0
0
0
0
0
0
0
-4.5671
-0.32425
-0.3357
-0.3399
-0.33165
-0.26395
0
0
0
0
0
0
0
1.5955
0
0
0
0
0
0
0
0
0
0
0
0
0
0
0
0
0
0
0
0
0
0
0
0
0
0
0
0
0
0
15.6214
0
0
0
-1.116
0
-3.5136
-3.6624
-3.5683
0
0
-3.7611
0
0
0
0
0
-0.32425
-0.3357
-0.3399
-0.33165
-0.26395
0
0
0
0
0
0
0
0
0
1.5955
0
0
0
0
0
0
0
0
0
0
0
0
0
0
0
0
-0.39506
0
0
0
0
0
0
0
0
0
0
0
0
0
3.2711
-0.97847
-0.94921
0
0
0
0
0
0
0
0
0
-0.94833
0
0
0
0
0
0
0
0
0
-0.24651
0
0
0
0
0
0
0
-0.97847
4.9362
0
0
0
0
0
-2.5952
-1.116
0
0
0
0
0
0
-1.6864
0
0
0
0
0
0
0
0
0
0
0
0
-1.116
0
-0.94921
0
3.7516
0
0
0
0
0
0
0
0
0
0
0
0
0
0
0
0
0
0
0
0
-1.1579
0
0
-1.4903
0
0
0
0
0
0
3.1671
0
-0.51894
0
0
0
0
0
0
0
0
0
0
0
0
0
0
-2.6537
0
0
0
0
0
0
0
-3.5136
0
0
0
0
0
6.1673
0
0
0
0
0
0
0
0
0
0
0
0
0
0
0
0
0
0
0
0
0
0
0
-3.6624
0
0
0
0
-0.51894
0
4.1814
0
0
0
0
0
0
0
0
0
0
0
0
0
0
0
-2.6475
0
0
0
0
0
0
-3.5683
0
0
0
0
0
0
0
6.2158
0
0
0
0
0
0
0
0
0
0
0
-2.4957
0
0
0
0
0
0
0
0
0
0
0
0
-2.5952
0
0
0
0
0
5.0909
0
0
0
0
0
0
0
0
0
0
0
0
0
0
0
0
0
0
0
0
0
0
0
-1.116
0
0
0
0
0
0
1.116
0
0
0
0
0
0
0
0
0
0
0
0
0
0
0
0
0
0
0
-3.7611
0
0
0
0
0
0
0
0
0
0
3.7611
0
0
0
0
0
0
0
0
0
0
0
0
-7.883
0
0
0
0
0
0
0
0
0
0
0
0
0
0
0
0
0
7.883
0
0
0
0
0
0
0
0
0
-8.2491
0
0
0
0
0
0
0
0
0
0
0
0
0
0
0
0
0
0
0
0
8.2491
0
0
0
0
0
0
0
0
0
0
0
0
0
0
0
0
0
0
-0.94833
0
0
0
0
0
0
0
0
0
0
0
0.94833
0
0
0
0
-9.0739
0
0
0
0
0
0
0
0
0
0
0
0
0
0
0
0
0
0
0
0
0
0
0
0
0
9.0739
0
0
0
0
0
0
0
0
0
0
0
0
-4.5671
0
0
0
0
0
0
0
0
0
0
0
0
0
0
0
0
0
4.5671
