37.6949
-0.45864
-0.40178
-0.40178
-0.39635
-0.37065
-0.37065
-0.37065
-0.29642
-0.40027
-0.39422
-0.40347
-0.66857
-0.50159
0
0
0
0
-1.0879
0
-1.8583
0
0
0
0
-9.7712
-9.7712
0
-9.7712
0
-0.45864
11.9154
-0.42637
-0.42637
-0.45093
-0.39976
-0.39976
-0.39976
-0.43428
-0.47841
-0.42167
-0.41359
-0.60992
-0.56341
0
0
0
0
0
0
0
0
0
-6.0325
0
0
0
0
0
0
-0.40178
-0.42637
5.3118
-0.36366
-0.39967
-0.35499
-0.35499
-0.35499
-0.37366
-0.41841
-0.37466
-0.36883
-0.62522
-0.49453
0
0
0
0
0
0
0
0
0
0
0
0
0
0
0
0
-0.40178
-0.42637
-0.36366
5.3118
-0.39967
-0.35499
-0.35499
-0.35499
-0.37366
-0.41841
-0.37466
-0.36883
-0.62522
-0.49453
0
0
0
0
0
0
0
0
0
0
0
0
0
0
0
0
-0.39635
-0.45093
-0.39967
-0.39967
4.4274
-0.36376
-0.36376
-0.36376
-0.37106
-0.43188
-0.38066
-0.37577
0
0
-0.13008
0
0
0
0
0
0
0
0
0
0
0
0
0
0
0
-0.37065
-0.39976
-0.35499
-0.35499
-0.36376
3.8083
-0.27406
-0.27406
-0.3541
-0.38488
-0.34113
-0.33589
0
0
0
0
0
0
0
0
0
0
0
0
0
0
0
0
0
0
-0.37065
-0.39976
-0.35499
-0.35499
-0.36376
-0.27406
3.8083
-0.27406
-0.3541
-0.38488
-0.34113
-0.33589
0
0
0
0
0
0
0
0
0
0
0
0
0
0
0
0
0
0
-0.37065
-0.39976
-0.35499
-0.35499
-0.36376
-0.27406
-0.27406
3.8083
-0.3541
-0.38488
-0.34113
-0.33589
0
0
0
0
0
0
0
0
0
0
0
0
0
0
0
0
0
0
-0.29642
-0.43428
-0.37366
-0.37366
-0.37106
-0.3541
-0.3541
-0.3541
4.4123
0
-0.3283
0
0
0
0
0
0
0
0
0
0
0
0
0
0
0
0
0
0
-1.1726
-0.40027
-0.47841
-0.41841
-0.41841
-0.43188
-0.38488
-0.38488
-0.38488
0
4.7062
0
0
0
0
0
0
0
0
0
0
0
-1.4042
0
0
0
0
0
0
0
0
-0.39422
-0.42167
-0.37466
-0.37466
-0.38066
-0.34113
-0.34113
-0.34113
-0.3283
0
3.2975
0
0
0
0
0
0
0
0
0
0
0
0
0
0
0
0
0
0
0
-0.40347
-0.41359
-0.36883
-0.36883
-0.37577
-0.33589
-0.33589
-0.33589
0
0
0
2.9382
0
0
0
0
0
0
0
0
0
0
0
0
0
0
0
0
0
0
-0.66857
-0.60992
-0.62522
-0.62522
0
0
0
0
0
0
0
0
5.7367
0
0
0
-2.1604
0
-1.0474
0
0
0
0
0
0
0
0
0
0
0
-0.50159
-0.56341
-0.49453
-0.49453
0
0
0
0
0
0
0
0
0
2.8769
0
0
0
-0.82289
0
0
0
0
0
0
0
0
0
0
0
0
0
0
0
0
-0.13008
0
0
0
0
0
0
0
0
0
5.9132
-0.12651
0
0
0
-1.5673
0
0
-1.7759
0
0
0
0
-2.3133
0
0
0
0
0
0
0
0
0
0
0
0
0
0
0
0
-0.12651
6.4803
-2.9833
0
-0.51236
0
0
0
0
0
-2.858
0
0
0
0
0
0
0
0
0
0
0
0
0
0
0
0
0
-2.1604
0
0
-2.9833
6.8759
0
0
0
0
0
0
-1.7322
0
0
0
0
0
0
0
0
0
0
0
0
0
0
0
0
0
0
0
-0.82289
0
0
0
5.4056
0
-2.1859
-2.3968
0
0
0
0
0
0
0
0
0
-1.0879
0
0
0
0
0
0
0
0
0
0
0
-1.0474
0
0
-0.51236
0
0
2.6477
0
0
0
0
0
0
0
0
0
0
0
0
0
0
0
0
0
0
0
0
0
0
0
0
0
-1.5673
0
0
-2.1859
0
3.7533
0
0
0
0
0
0
0
0
0
0
-1.8583
0
0
0
0
0
0
0
0
0
0
0
0
0
0
0
0
-2.3968
0
0
4.2552
0
0
0
0
0
0
0
0
0
0
0
0
0
0
0
0
0
0
-1.4042
0
0
0
0
0
0
0
0
0
0
0
2.4104
-1.0062
0
0
0
0
0
0
0
0
0
0
0
0
0
0
0
0
0
0
0
0
0
-1.7759
0
0
0
0
0
0
-1.0062
2.7822
0
0
0
0
0
0
0
0
-6.0325
0
0
0
0
0
0
0
0
0
0
0
0
0
0
-1.7322
0
0
0
0
0
0
7.7647
0
0
0
0
0
0
0
0
0
0
0
0
0
0
0
0
0
0
0
0
0
-2.858
0
0
0
0
0
0
0
0
2.858
0
0
0
0
0
-9.7712
0
0
0
0
0
0
0
0
0
0
0
0
0
0
0
0
0
0
0
0
0
0
0
0
9.7712
0
0
0
0
-9.7712
0
0
0
0
0
0
0
0
0
0
0
0
0
0
0
0
0
0
0
0
0
0
0
0
0
9.7712
0
0
0
0
0
0
0
0
0
0
0
0
0
0
0
0
0
-2.3133
0
0
0
0
0
0
0
0
0
0
0
0
2.3133
0
0
-9.7712
0
0
0
0
0
0
0
0
0
0
0
0
0
0
0
0
0
0
0
0
0
0
0
0
0
0
0
9.7712
0
0
0
0
0
0
0
0
0
-1.1726
0
0
0
0
0
0
0
0
0
0
0
0
0
0
0
0
0
0
0
0
1.1726
