24.6898
-0.82226
-0.81496
-0.74554
-0.75896
-0.75598
-0.75827
-0.73711
-0.76456
-0.77236
-0.73078
-0.70651
-0.70651
-0.70651
-0.78287
-0.78594
-0.8306
-1.6238
0
0
0
0
0
0
0
0
-10.8862
0
0
0
-0.82226
14.9495
-0.79337
-0.7231
-0.7228
-0.73779
-0.73602
-0.71602
-0.74795
-0.75439
-0.71238
-0.68509
-0.68509
-0.68509
-0.76748
-0.77622
-0.79955
-1.5755
-1.5095
0
0
0
0
0
0
0
0
0
0
0
-0.81496
-0.79337
13.8834
-0.719
-0.73155
-0.72976
-0.73171
-0.71109
-0.74064
-0.74593
-0.70599
-0.68167
-0.68167
-0.68167
-0.75393
-0.76756
-0.79731
-1.5662
0
0
-0.52937
0
0
0
0
0
0
0
0
0
-0.74554
-0.7231
-0.719
12.4328
-0.6753
-0.67786
-0.67787
-0.65839
-0.68447
-0.69146
-0.65448
-0.62924
-0.62924
-0.62924
-0.69956
-0.71102
-0.73258
-1.4944
0
0
0
0
0
0
0
0
0
0
0
0
-0.75896
-0.7228
-0.73155
-0.6753
12.3822
-0.67578
-0.67754
-0.65802
-0.68288
-0.69045
-0.65196
-0.62859
-0.62859
-0.62859
-0.70289
-0.70948
-0.73084
0
-1.428
0
0
0
0
0
0
0
0
0
0
0
-0.75598
-0.73779
-0.72976
-0.67786
-0.67578
11.1194
-0.6822
-0.66082
-0.68067
-0.69049
-0.65883
-0.63306
-0.63306
-0.63306
-0.69437
-0.70444
0
0
0
0
0
0
0
-0.87124
0
0
0
0
0
0
-0.75827
-0.73602
-0.73171
-0.67787
-0.67754
-0.6822
11.0161
-0.66082
-0.69177
-0.69621
-0.65683
-0.63186
-0.63186
-0.63186
-0.70318
-0.71368
-0.73443
0
0
0
0
0
0
0
0
0
0
0
0
0
-0.73711
-0.71602
-0.71109
-0.65839
-0.65802
-0.66082
-0.66082
9.9689
-0.68444
-0.6662
-0.62376
-0.60913
-0.60913
-0.60913
-0.67799
-0.68683
0
0
0
0
0
0
0
0
0
0
0
0
0
0
-0.76456
-0.74795
-0.74064
-0.68447
-0.68288
-0.68067
-0.69177
-0.68444
19.2268
-0.71584
-0.61039
-0.62314
-0.62314
-0.62314
0
0
0
0
0
0
-0.48562
0
0
0
0
-9.8682
0
0
0
0
-0.77236
-0.75439
-0.74593
-0.69146
-0.69045
-0.69049
-0.69621
-0.6662
-0.71584
19.5807
-0.63919
-0.63602
-0.63602
-0.63602
-0.7014
0
0
0
0
0
0
0
0
0
0
0
0
0
-9.9087
0
-0.73078
-0.71238
-0.70599
-0.65448
-0.65196
-0.65883
-0.65683
-0.62376
-0.61039
-0.63919
9.3671
-0.62784
-0.62784
-0.62784
0
0
0
0
0
0
0
0
-0.83899
0
0
0
0
0
0
0
-0.70651
-0.68509
-0.68167
-0.62924
-0.62859
-0.63306
-0.63186
-0.60913
-0.62314
-0.63602
-0.62784
8.196
-0.55195
-0.55195
0
0
0
0
0
0
0
0
0
0
0
0
0
0
0
0
-0.70651
-0.68509
-0.68167
-0.62924
-0.62859
-0.63306
-0.63186
-0.60913
-0.62314
-0.63602
-0.62784
-0.55195
8.196
-0.55195
0
0
0
0
0
0
0
0
0
0
0
0
0
0
0
0
-0.70651
-0.68509
-0.68167
-0.62924
-0.62859
-0.63306
-0.63186
-0.60913
-0.62314
-0.63602
-0.62784
-0.55195
-0.55195
8.196
0
0
0
0
0
0
0
0
0
0
0
0
0
0
0
0
-0.78287
-0.76748
-0.75393
-0.69956
-0.70289
-0.69437
-0.70318
-0.67799
0
-0.7014
0
0
0
0
6.8129
0
0
0
0
-0.32925
0
0
0
0
0
0
0
0
0
0
-0.78594
-0.77622
-0.76756
-0.71102
-0.70948
-0.70444
-0.71368
-0.68683
0
0
0
0
0
0
0
12.6351
0
0
0
0
0
0
0
0
0
0
0
-6.78
0
0
-0.8306
-0.79955
-0.79731
-0.73258
-0.73084
0
-0.73443
0
0
0
0
0
0
0
0
0
4.6253
0
0
0
0
0
0
0
0
0
0
0
0
0
-1.6238
-1.5755
-1.5662
-1.4944
0
0
0
0
0
0
0
0
0
0
0
0
0
6.26
0
0
0
0
0
0
0
0
0
0
0
0
0
-1.5095
0
0
-1.428
0
0
0
0
0
0
0
0
0
0
0
0
0
4.39
-1.4525
0
0
0
0
0
0
0
0
0
0
0
0
0
0
0
0
0
0
0
0
0
0
0
0
-0.32925
0
0
0
-1.4525
3.1811
0
0
0
0
-1.3994
0
0
0
0
0
0
0
-0.52937
0
0
0
0
0
-0.48562
0
0
0
0
0
0
0
0
0
0
0
1.5064
0
0
0
0
0
0
0
0
-0.49144
0
0
0
0
0
0
0
0
0
0
0
0
0
0
0
0
0
0
0
0
0
2.1701
-1.0915
-1.0785
0
0
0
0
0
0
0
0
0
0
0
0
0
0
0
0
-0.83899
0
0
0
0
0
0
0
0
0
0
-1.0915
1.9305
0
0
0
0
0
0
0
0
0
0
0
0
-0.87124
0
0
0
0
0
0
0
0
0
0
0
0
0
0
0
-1.0785
0
1.9498
0
0
0
0
0
0
0
0
0
0
0
0
0
0
0
0
0
0
0
0
0
0
0
0
0
-1.3994
0
0
0
0
1.3994
0
0
0
0
0
0
0
0
0
0
0
0
0
-9.8682
0
0
0
0
0
0
0
0
0
0
0
0
0
0
0
0
9.8682
0
0
0
0
-10.8862
0
0
0
0
0
0
0
0
0
0
0
0
0
0
0
0
0
0
0
0
0
0
0
0
0
10.8862
0
0
0
0
0
0
0
0
0
0
0
0
0
0
0
0
0
0
-6.78
0
0
0
0
0
0
0
0
0
0
0
6.78
0
0
0
0
0
0
0
0
0
0
0
-9.9087
0
0
0
0
0
0
0
0
0
0
0
0
0
0
0
0
0
0
9.9087
0
0
0
0
0
0
0
0
0
0
0
0
0
0
0
0
0
0
0
0
0
-0.49144
0
0
0
0
0
0
0
0
0.49144
