14.6543
-0.63136
-0.62279
-0.64648
-0.67435
-0.67318
-0.67017
-0.6786
-0.78538
-0.71894
-0.69456
-1.194
-0.85077
-0.85077
0
-1.1765
-0.75478
0
-0.46268
-0.46268
-1.2288
0
-0.87752
0
0
0
0
0
0
0
-0.63136
13.255
-0.5875
-0.60309
-0.61733
-0.61498
-0.60906
-0.62006
-0.7216
-0.64555
-0.63038
-1.1071
-0.81016
-0.81016
0
-1.1385
0
-1.0449
-0.44873
-0.44873
-1.1659
0
0
0
0
0
0
0
0
0
-0.62279
-0.5875
12.8575
-0.60037
-0.61942
-0.62568
-0.61903
-0.62866
-0.72209
-0.661
-0.64066
-1.1174
-0.79582
-0.79582
0
-1.1044
-0.70013
0
-0.42686
-0.42686
-1.163
0
0
0
0
0
0
0
0
0
-0.64648
-0.60309
-0.60037
11.2731
-0.63562
-0.63792
-0.63193
-0.63922
-0.73864
-0.67227
-0.64689
-1.1238
-0.81428
-0.81428
0
-1.1484
0
0
-0.45992
-0.45992
0
0
0
0
0
0
0
0
0
0
-0.67435
-0.61733
-0.61942
-0.63562
20.3827
-0.65104
-0.63811
-0.63597
-0.7362
-0.67056
-0.65934
-1.1494
-0.82916
-0.82916
-1.1373
0
0
0
0
0
0
0
0
0
0
-9.8998
0
0
0
0
-0.67318
-0.61498
-0.62568
-0.63792
-0.65104
10.6269
-0.65019
-0.63354
-0.74619
-0.69801
-0.64274
-1.0987
0
0
0
0
-0.83312
0
0
0
0
0
0
-2.1216
0
0
0
0
0
0
-0.67017
-0.60906
-0.61903
-0.63193
-0.63811
-0.65019
8.5751
-0.61804
-0.72692
-0.66238
-0.62507
0
0
0
-1.1912
0
0
0
0
0
0
0
-0.93301
0
0
0
0
0
0
0
-0.6786
-0.62006
-0.62866
-0.63922
-0.63597
-0.63354
-0.61804
9.6183
-0.68653
-0.6219
-0.57348
0
0
0
0
0
0
0
0
0
0
0
0
0
-3.2823
0
0
0
0
0
-0.78538
-0.7216
-0.72209
-0.73864
-0.7362
-0.74619
-0.72692
-0.68653
13.5269
0
0
0
0
0
0
0
0
0
0
0
0
0
0
0
0
0
0
0
-7.6634
0
-0.71894
-0.64555
-0.661
-0.67227
-0.67056
-0.69801
-0.66238
-0.6219
0
6.4754
0
0
0
0
-1.1247
0
0
0
0
0
0
0
0
0
0
0
0
0
0
0
-0.69456
-0.63038
-0.64066
-0.64689
-0.65934
-0.64274
-0.62507
-0.57348
0
0
5.1131
0
0
0
0
0
0
0
0
0
0
0
0
0
0
0
0
0
0
0
-1.194
-1.1071
-1.1174
-1.1238
-1.1494
-1.0987
0
0
0
0
0
6.7904
0
0
0
0
0
0
0
0
0
0
0
0
0
0
0
0
0
0
-0.85077
-0.81016
-0.79582
-0.81428
-0.82916
0
0
0
0
0
0
0
4.1002
0
0
0
0
0
0
0
0
0
0
0
0
0
0
0
0
0
-0.85077
-0.81016
-0.79582
-0.81428
-0.82916
0
0
0
0
0
0
0
0
4.1002
0
0
0
0
0
0
0
0
0
0
0
0
0
0
0
0
0
0
0
0
-1.1373
0
-1.1912
0
0
-1.1247
0
0
0
0
6.8556
0
0
0
0
0
0
-0.85432
0
0
-2.548
0
0
0
0
0
-1.1765
-1.1385
-1.1044
-1.1484
0
0
0
0
0
0
0
0
0
0
0
7.5749
0
0
0
0
0
0
0
0
0
0
0
0
0
-3.0071
-0.75478
0
-0.70013
0
0
-0.83312
0
0
0
0
0
0
0
0
0
0
2.87
0
0
0
0
0
0
0
0
0
-0.58201
0
0
0
0
-1.0449
0
0
0
0
0
0
0
0
0
0
0
0
0
0
0
4.9112
0
0
0
-1.3631
-1.2739
-1.2293
0
0
0
0
0
0
-0.46268
-0.44873
-0.42686
-0.45992
0
0
0
0
0
0
0
0
0
0
0
0
0
0
1.7982
0
0
0
0
0
0
0
0
0
0
0
-0.46268
-0.44873
-0.42686
-0.45992
0
0
0
0
0
0
0
0
0
0
0
0
0
0
0
1.7982
0
0
0
0
0
0
0
0
0
0
-1.2288
-1.1659
-1.163
0
0
0
0
0
0
0
0
0
0
0
0
0
0
0
0
0
3.5576
0
0
0
0
0
0
0
0
0
0
0
0
0
0
0
0
0
0
0
0
0
0
0
-0.85432
0
0
-1.3631
0
0
0
3.0422
0
0
0
0
0
-0.82476
0
0
-0.87752
0
0
0
0
0
-0.93301
0
0
0
0
0
0
0
0
0
0
-1.2739
0
0
0
0
3.0845
0
0
0
0
0
0
0
0
0
0
0
0
-2.1216
0
0
0
0
0
0
0
0
0
0
0
-1.2293
0
0
0
0
0
3.3509
0
0
0
0
0
0
0
0
0
0
0
0
0
-3.2823
0
0
0
0
0
0
-2.548
0
0
0
0
0
0
0
0
0
5.8304
0
0
0
0
0
0
0
0
0
-9.8998
0
0
0
0
0
0
0
0
0
0
0
0
0
0
0
0
0
0
0
0
9.8998
0
0
0
0
0
0
0
0
0
0
0
0
0
0
0
0
0
0
0
0
-0.58201
0
0
0
0
0
0
0
0
0
0.58201
0
0
0
0
0
0
0
0
0
0
0
0
0
0
0
0
0
0
0
0
0
0
0
0
-0.82476
0
0
0
0
0
0.82476
0
0
0
0
0
0
0
0
0
0
-7.6634
0
0
0
0
0
0
0
0
0
0
0
0
0
0
0
0
0
0
0
7.6634
0
0
0
0
0
0
0
0
0
0
0
0
0
0
0
0
-3.0071
0
0
0
0
0
0
0
0
0
0
0
0
0
3.0071
