29.0846
-0.92664
-0.92664
-0.92664
-0.92664
-0.92664
-0.92664
-0.92664
-0.82285
-0.9147
-0.94384
-0.94075
-0.94075
-0.85756
-0.85756
-0.85756
-0.85756
-0.85756
-0.91657
-0.89935
-0.64624
-0.84076
0
0
-10.4445
0
0
0
0
0
-0.92664
15.9054
-0.7639
-0.7639
-0.7639
-0.7639
-0.7639
-0.7639
-0.69566
-0.79765
-0.80585
-0.79677
-0.79677
-0.72733
-0.72733
-0.72733
-0.72733
-0.72733
-0.78764
-0.77938
-0.58923
-0.70977
0
0
0
0
0
0
0
0
-0.92664
-0.7639
15.9054
-0.7639
-0.7639
-0.7639
-0.7639
-0.7639
-0.69566
-0.79765
-0.80585
-0.79677
-0.79677
-0.72733
-0.72733
-0.72733
-0.72733
-0.72733
-0.78764
-0.77938
-0.58923
-0.70977
0
0
0
0
0
0
0
0
-0.92664
-0.7639
-0.7639
15.9054
-0.7639
-0.7639
-0.7639
-0.7639
-0.69566
-0.79765
-0.80585
-0.79677
-0.79677
-0.72733
-0.72733
-0.72733
-0.72733
-0.72733
-0.78764
-0.77938
-0.58923
-0.70977
0
0
0
0
0
0
0
0
-0.92664
-0.7639
-0.7639
-0.7639
15.9054
-0.7639
-0.7639
-0.7639
-0.69566
-0.79765
-0.80585
-0.79677
-0.79677
-0.72733
-0.72733
-0.72733
-0.72733
-0.72733
-0.78764
-0.77938
-0.58923
-0.70977
0
0
0
0
0
0
0
0
-0.92664
-0.7639
-0.7639
-0.7639
-0.7639
15.9054
-0.7639
-0.7639
-0.69566
-0.79765
-0.80585
-0.79677
-0.79677
-0.72733
-0.72733
-0.72733
-0.72733
-0.72733
-0.78764
-0.77938
-0.58923
-0.70977
0
0
0
0
0
0
0
0
-0.92664
-0.7639
-0.7639
-0.7639
-0.7639
-0.7639
15.9054
-0.7639
-0.69566
-0.79765
-0.80585
-0.79677
-0.79677
-0.72733
-0.72733
-0.72733
-0.72733
-0.72733
-0.78764
-0.77938
-0.58923
-0.70977
0
0
0
0
0
0
0
0
-0.92664
-0.7639
-0.7639
-0.7639
-0.7639
-0.7639
-0.7639
15.9054
-0.69566
-0.79765
-0.80585
-0.79677
-0.79677
-0.72733
-0.72733
-0.72733
-0.72733
-0.72733
-0.78764
-0.77938
-0.58923
-0.70977
0
0
0
0
0
0
0
0
-0.82285
-0.69566
-0.69566
-0.69566
-0.69566
-0.69566
-0.69566
-0.69566
13.5969
-0.67434
-0.69563
-0.69607
-0.69607
-0.63354
-0.63354
-0.63354
-0.63354
-0.63354
-0.68525
-0.67434
0
-0.61504
0
0
0
0
0
0
0
0
-0.9147
-0.79765
-0.79765
-0.79765
-0.79765
-0.79765
-0.79765
-0.79765
-0.67434
34.7979
-0.77727
-0.79887
-0.79887
-0.73423
-0.73423
-0.73423
-0.73423
-0.73423
0
0
0
0
0
0
0
-10.7895
0
-10.7895
0
0
-0.94384
-0.80585
-0.80585
-0.80585
-0.80585
-0.80585
-0.80585
-0.80585
-0.69563
-0.77727
22.7864
-0.80915
-0.80915
-0.73745
-0.73745
-0.73745
-0.73745
-0.73745
-0.78972
0
0
0
-8.6334
0
0
0
0
0
0
0
-0.94075
-0.79677
-0.79677
-0.79677
-0.79677
-0.79677
-0.79677
-0.79677
-0.69607
-0.79887
-0.80915
14.0686
-0.80266
-0.72972
-0.72972
-0.72972
-0.72972
-0.72972
-0.79513
0
0
0
0
0
0
0
0
0
0
0
-0.94075
-0.79677
-0.79677
-0.79677
-0.79677
-0.79677
-0.79677
-0.79677
-0.69607
-0.79887
-0.80915
-0.80266
14.0686
-0.72972
-0.72972
-0.72972
-0.72972
-0.72972
-0.79513
0
0
0
0
0
0
0
0
0
0
0
-0.85756
-0.72733
-0.72733
-0.72733
-0.72733
-0.72733
-0.72733
-0.72733
-0.63354
-0.73423
-0.73745
-0.72972
-0.72972
12.062
-0.63711
-0.63711
-0.63711
-0.63711
0
0
0
0
0
0
0
0
0
0
0
0
-0.85756
-0.72733
-0.72733
-0.72733
-0.72733
-0.72733
-0.72733
-0.72733
-0.63354
-0.73423
-0.73745
-0.72972
-0.72972
-0.63711
12.062
-0.63711
-0.63711
-0.63711
0
0
0
0
0
0
0
0
0
0
0
0
-0.85756
-0.72733
-0.72733
-0.72733
-0.72733
-0.72733
-0.72733
-0.72733
-0.63354
-0.73423
-0.73745
-0.72972
-0.72972
-0.63711
-0.63711
12.062
-0.63711
-0.63711
0
0
0
0
0
0
0
0
0
0
0
0
-0.85756
-0.72733
-0.72733
-0.72733
-0.72733
-0.72733
-0.72733
-0.72733
-0.63354
-0.73423
-0.73745
-0.72972
-0.72972
-0.63711
-0.63711
-0.63711
12.062
-0.63711
0
0
0
0
0
0
0
0
0
0
0
0
-0.85756
-0.72733
-0.72733
-0.72733
-0.72733
-0.72733
-0.72733
-0.72733
-0.63354
-0.73423
-0.73745
-0.72972
-0.72972
-0.63711
-0.63711
-0.63711
-0.63711
12.062
0
0
0
0
0
0
0
0
0
0
0
0
-0.91657
-0.78764
-0.78764
-0.78764
-0.78764
-0.78764
-0.78764
-0.78764
-0.68525
0
-0.78972
-0.79513
-0.79513
0
0
0
0
0
13.4713
0
0
0
0
-3.976
0
0
0
0
0
0
-0.89935
-0.77938
-0.77938
-0.77938
-0.77938
-0.77938
-0.77938
-0.77938
-0.67434
0
0
0
0
0
0
0
0
0
0
7.2823
0
0
0
0
0
0
0
0
0
-0.25303
-0.64624
-0.58923
-0.58923
-0.58923
-0.58923
-0.58923
-0.58923
-0.58923
0
0
0
0
0
0
0
0
0
0
0
0
15.3281
0
0
0
0
0
-5.2786
0
-5.2786
0
-0.84076
-0.70977
-0.70977
-0.70977
-0.70977
-0.70977
-0.70977
-0.70977
-0.61504
0
0
0
0
0
0
0
0
0
0
0
0
6.4242
0
0
0
0
0
0
0
0
0
0
0
0
0
0
0
0
0
0
-8.6334
0
0
0
0
0
0
0
0
0
0
0
8.6334
0
0
0
0
0
0
0
0
0
0
0
0
0
0
0
0
0
0
0
0
0
0
0
0
0
-3.976
0
0
0
0
3.976
0
0
0
0
0
0
-10.4445
0
0
0
0
0
0
0
0
0
0
0
0
0
0
0
0
0
0
0
0
0
0
0
10.4445
0
0
0
0
0
0
0
0
0
0
0
0
0
0
-10.7895
0
0
0
0
0
0
0
0
0
0
0
0
0
0
0
10.7895
0
0
0
0
0
0
0
0
0
0
0
0
0
0
0
0
0
0
0
0
0
0
0
0
-5.2786
0
0
0
0
0
5.2786
0
0
0
0
0
0
0
0
0
0
0
0
-10.7895
0
0
0
0
0
0
0
0
0
0
0
0
0
0
0
0
0
10.7895
0
0
0
0
0
0
0
0
0
0
0
0
0
0
0
0
0
0
0
0
0
0
-5.2786
0
0
0
0
0
0
0
5.2786
0
0
0
0
0
0
0
0
0
0
0
0
0
0
0
0
0
0
0
0
-0.25303
0
0
0
0
0
0
0
0
0
0.25303
