14.0125
-0.90539
-0.73084
-0.72732
-0.72732
-0.72732
-0.72732
-0.75516
-0.70894
-0.83138
-0.80178
-0.80238
-1.013
-0.80238
-0.6749
-0.6749
-0.69445
-0.81844
0
0
0
0
-0.88929
0
0
0
0
0
0
0
-0.90539
25.978
-0.77785
-0.75608
-0.75608
-0.75608
-0.75608
-0.7774
-0.73864
-0.86715
-0.8332
-0.8362
-1.0049
-0.8362
-0.70291
-0.70291
-0.72494
-0.85657
0
0
0
0
0
0
0
0
0
-12.3894
0
0
-0.73084
-0.77785
11.2512
-0.62479
-0.62479
-0.62479
-0.62479
-0.62558
-0.59247
-0.69853
-0.67233
-0.67116
-0.84032
-0.67116
-0.56512
-0.56512
-0.58894
0
0
0
0
0
-0.75262
0
0
0
0
0
0
0
-0.72732
-0.75608
-0.62479
11.0059
-0.57275
-0.57275
-0.57275
-0.63807
-0.59581
-0.69928
-0.67286
-0.67151
-0.82789
-0.67151
-0.56541
-0.56541
-0.58129
-0.69038
0
0
0
0
0
0
0
0
0
0
0
0
-0.72732
-0.75608
-0.62479
-0.57275
11.0059
-0.57275
-0.57275
-0.63807
-0.59581
-0.69928
-0.67286
-0.67151
-0.82789
-0.67151
-0.56541
-0.56541
-0.58129
-0.69038
0
0
0
0
0
0
0
0
0
0
0
0
-0.72732
-0.75608
-0.62479
-0.57275
-0.57275
11.0059
-0.57275
-0.63807
-0.59581
-0.69928
-0.67286
-0.67151
-0.82789
-0.67151
-0.56541
-0.56541
-0.58129
-0.69038
0
0
0
0
0
0
0
0
0
0
0
0
-0.72732
-0.75608
-0.62479
-0.57275
-0.57275
-0.57275
11.0059
-0.63807
-0.59581
-0.69928
-0.67286
-0.67151
-0.82789
-0.67151
-0.56541
-0.56541
-0.58129
-0.69038
0
0
0
0
0
0
0
0
0
0
0
0
-0.75516
-0.7774
-0.62558
-0.63807
-0.63807
-0.63807
-0.63807
21.6054
-0.56097
-0.65077
-0.63635
-0.65463
0
-0.65463
-0.55116
-0.55116
0
0
0
-0.96415
0
0
0
-11.6712
0
0
0
0
0
0
-0.70894
-0.73864
-0.59247
-0.59581
-0.59581
-0.59581
-0.59581
-0.56097
10.0406
-0.63947
-0.61987
-0.63441
0
-0.63441
-0.53405
-0.53405
0
0
-1.46
0
0
0
0
0
0
0
0
0
0
0
-0.83138
-0.86715
-0.69853
-0.69928
-0.69928
-0.69928
-0.69928
-0.65077
-0.63947
8.0455
0
0
0
0
0
0
0
0
-1.561
0
0
0
0
0
0
0
0
0
0
0
-0.80178
-0.8332
-0.67233
-0.67286
-0.67286
-0.67286
-0.67286
-0.63635
-0.61987
0
7.42
0
0
0
0
0
0
0
0
0
0
-1.165
0
0
0
0
0
0
0
0
-0.80238
-0.8362
-0.67116
-0.67151
-0.67151
-0.67151
-0.67151
-0.65463
-0.63441
0
0
7.2625
0
-0.9777
0
0
0
0
0
0
0
0
0
0
0
0
0
0
0
0
-1.013
-1.0049
-0.84032
-0.82789
-0.82789
-0.82789
-0.82789
0
0
0
0
0
17.6078
0
0
0
0
0
0
0
-0.41424
-1.2782
0
0
0
0
0
0
-9.7456
0
-0.80238
-0.8362
-0.67116
-0.67151
-0.67151
-0.67151
-0.67151
-0.65463
-0.63441
0
0
-0.9777
0
7.2625
0
0
0
0
0
0
0
0
0
0
0
0
0
0
0
0
-0.6749
-0.70291
-0.56512
-0.56541
-0.56541
-0.56541
-0.56541
-0.55116
-0.53405
0
0
0
0
0
5.2898
0
0
0
0
0
0
0
0
0
0
0
0
0
0
0
-0.6749
-0.70291
-0.56512
-0.56541
-0.56541
-0.56541
-0.56541
-0.55116
-0.53405
0
0
0
0
0
0
5.2898
0
0
0
0
0
0
0
0
0
0
0
0
0
0
-0.69445
-0.72494
-0.58894
-0.58129
-0.58129
-0.58129
-0.58129
0
0
0
0
0
0
0
0
0
4.3335
0
0
0
0
0
0
0
0
0
0
0
0
0
-0.81844
-0.85657
0
-0.69038
-0.69038
-0.69038
-0.69038
0
0
0
0
0
0
0
0
0
0
5.6075
0
-1.171
0
0
0
0
0
0
0
0
0
0
0
0
0
0
0
0
0
0
-1.46
-1.561
0
0
0
0
0
0
0
0
5.8632
0
0
0
0
0
-2.8421
0
0
0
0
0
0
0
0
0
0
0
0
-0.96415
0
0
0
0
0
0
0
0
0
-1.171
0
3.8654
0
0
0
0
0
-1.7303
0
0
0
0
0
0
0
0
0
0
0
0
0
0
0
0
-0.41424
0
0
0
0
0
0
0
2.9125
0
-1.7861
0
0
0
-0.7121
0
0
0
0
0
0
0
0
0
0
0
0
0
-1.165
0
-1.2782
0
0
0
0
0
0
0
0
4.1266
0
0
0
0
0
0
0
-1.6835
-0.88929
0
-0.75262
0
0
0
0
0
0
0
0
0
0
0
0
0
0
0
0
0
-1.7861
0
3.428
0
0
0
0
0
0
0
0
0
0
0
0
0
0
-11.6712
0
0
0
0
0
0
0
0
0
0
0
0
0
0
0
11.6712
0
0
0
0
0
0
0
0
0
0
0
0
0
0
0
0
0
0
0
0
0
0
0
0
-2.8421
0
0
0
0
0
2.8421
0
0
0
0
0
0
0
0
0
0
0
0
0
0
0
0
0
0
0
0
0
0
0
0
-1.7303
0
0
0
0
0
1.7303
0
0
0
0
0
0
0
0
0
0
0
0
0
0
0
0
0
0
0
0
0
0
0
0
-0.7121
0
0
0
0
0
0.7121
0
0
0
0
-12.3894
0
0
0
0
0
0
0
0
0
0
0
0
0
0
0
0
0
0
0
0
0
0
0
0
0
12.3894
0
0
0
0
0
0
0
0
0
0
0
0
0
0
-9.7456
0
0
0
0
0
0
0
0
0
0
0
0
0
0
0
9.7456
0
0
0
0
0
0
0
0
0
0
0
0
0
0
0
0
0
0
0
0
0
0
-1.6835
0
0
0
0
0
0
0
1.6835
