18.1445
-0.41583
-0.43563
-0.41064
-0.4254
-0.45492
-0.42282
-0.44455
-0.41496
-0.43211
-0.32649
-0.43281
-0.39354
-0.39354
-0.45806
-0.53859
-0.53859
-0.35773
0
0
0
-10.8483
0
0
0
0
0
0
0
0
-0.41583
7.1652
-0.41583
-0.39774
-0.42378
-0.43228
-0.40936
-0.42272
-0.40182
-0.4189
-0.32118
-0.41969
-0.37795
-0.37795
-0.44585
-0.51755
-0.51755
-0.34477
0
-0.1045
0
0
0
0
0
0
0
0
0
0
-0.43563
-0.41583
18.1445
-0.41064
-0.4254
-0.45492
-0.42282
-0.44455
-0.41496
-0.43211
-0.32649
-0.43281
-0.39354
-0.39354
-0.45806
-0.53859
-0.53859
-0.35773
0
0
0
0
-10.8483
0
0
0
0
0
0
0
-0.41064
-0.39774
-0.41064
6.6501
-0.41818
-0.42758
-0.40299
-0.41946
-0.39563
-0.41194
-0.32101
-0.41249
-0.37716
-0.37716
-0.43709
-0.51522
-0.51522
0
0
0
0
0
0
0
0
0
0
0
0
0
-0.4254
-0.42378
-0.4254
-0.41818
16.5422
-0.43449
-0.41392
-0.42315
-0.40612
-0.42416
-0.31166
-0.42476
-0.37541
-0.37541
-0.45185
0
0
0
0
0
-0.10585
0
0
0
0
0
0
0
0
-10.7027
-0.45492
-0.43228
-0.45492
-0.42758
-0.43449
10.8292
-0.44441
-0.48125
-0.4344
-0.45549
0
-0.45664
0
0
0
0
0
0
0
0
0
0
0
0
0
0
-6.3528
0
0
0
-0.42282
-0.40936
-0.42282
-0.40299
-0.41392
-0.44441
4.1934
-0.43601
-0.39938
-0.42064
0
-0.42109
0
0
0
0
0
0
0
0
0
0
0
0
0
0
0
0
0
0
-0.44455
-0.42272
-0.44455
-0.41946
-0.42315
-0.48125
-0.43601
7.7288
-0.40913
0
0
0
0
0
0
0
0
0
0
0
0
0
0
0
-4.2479
0
0
0
0
0
-0.41496
-0.40182
-0.41496
-0.39563
-0.40612
-0.4344
-0.39938
-0.40913
3.6812
-0.4048
0
0
0
0
0
0
0
0
0
0
0
0
0
0
0
0
0
0
0
0
-0.43211
-0.4189
-0.43211
-0.41194
-0.42416
-0.45549
-0.42064
0
-0.4048
3.4001
0
0
0
0
0
0
0
0
0
0
0
0
0
0
0
0
0
0
0
0
-0.32649
-0.32118
-0.32649
-0.32101
-0.31166
0
0
0
0
0
16.5927
0
0
0
0
0
0
0
0
0
0
0
0
0
0
0
0
-7.4929
-7.4929
0
-0.43281
-0.41969
-0.43281
-0.41249
-0.42476
-0.45664
-0.42109
0
0
0
0
3.0003
0
0
0
0
0
0
0
0
0
0
0
0
0
0
0
0
0
0
-0.39354
-0.37795
-0.39354
-0.37716
-0.37541
0
0
0
0
0
0
0
2.0957
0
0
0
0
0
0
0
0
0
0
0
0
-0.17808
0
0
0
0
-0.39354
-0.37795
-0.39354
-0.37716
-0.37541
0
0
0
0
0
0
0
0
2.0957
0
0
0
0
0
0
0
0
0
-0.17808
0
0
0
0
0
0
-0.45806
-0.44585
-0.45806
-0.43709
-0.45185
0
0
0
0
0
0
0
0
0
2.2509
0
0
0
0
0
0
0
0
0
0
0
0
0
0
0
-0.53859
-0.51755
-0.53859
-0.51522
0
0
0
0
0
0
0
0
0
0
0
2.1099
0
0
0
0
0
0
0
0
0
0
0
0
0
0
-0.53859
-0.51755
-0.53859
-0.51522
0
0
0
0
0
0
0
0
0
0
0
0
2.1099
0
0
0
0
0
0
0
0
0
0
0
0
0
-0.35773
-0.34477
-0.35773
0
0
0
0
0
0
0
0
0
0
0
0
0
0
1.0602
0
0
0
0
0
0
0
0
0
0
0
0
0
0
0
0
0
0
0
0
0
0
0
0
0
0
0
0
0
0
1.8265
-0.90676
-0.91974
0
0
0
0
0
0
0
0
0
0
-0.1045
0
0
0
0
0
0
0
0
0
0
0
0
0
0
0
0
-0.90676
1.0113
0
0
0
0
0
0
0
0
0
0
0
0
0
0
-0.10585
0
0
0
0
0
0
0
0
0
0
0
0
0
-0.91974
0
1.0256
0
0
0
0
0
0
0
0
0
-10.8483
0
0
0
0
0
0
0
0
0
0
0
0
0
0
0
0
0
0
0
0
10.8483
0
0
0
0
0
0
0
0
0
0
-10.8483
0
0
0
0
0
0
0
0
0
0
0
0
0
0
0
0
0
0
0
10.8483
0
0
0
0
0
0
0
0
0
0
0
0
0
0
0
0
0
0
0
0
-0.17808
0
0
0
0
0
0
0
0
0
0.17808
0
0
0
0
0
0
0
0
0
0
0
0
0
-4.2479
0
0
0
0
0
0
0
0
0
0
0
0
0
0
0
0
4.2479
0
0
0
0
0
0
0
0
0
0
0
0
0
0
0
0
0
-0.17808
0
0
0
0
0
0
0
0
0
0
0
0
0.17808
0
0
0
0
0
0
0
0
0
-6.3528
0
0
0
0
0
0
0
0
0
0
0
0
0
0
0
0
0
0
0
0
6.3528
0
0
0
0
0
0
0
0
0
0
0
0
0
-7.4929
0
0
0
0
0
0
0
0
0
0
0
0
0
0
0
0
7.4929
0
0
0
0
0
0
0
0
0
0
0
0
-7.4929
0
0
0
0
0
0
0
0
0
0
0
0
0
0
0
0
0
7.4929
0
0
0
0
0
-10.7027
0
0
0
0
0
0
0
0
0
0
0
0
0
0
0
0
0
0
0
0
0
0
0
0
10.7027
