12.374
-0.66204
-0.66204
-0.66449
-0.69454
-0.73207
-0.69454
-0.72155
-0.72155
-0.72155
-0.72155
-0.65892
-0.65892
-0.77458
-0.65892
-0.65892
-0.65892
-0.65892
-0.65
0
0
0
0
0
0
0
0
0
0
0
-0.66204
12.374
-0.66204
-0.66449
-0.69454
-0.73207
-0.69454
-0.72155
-0.72155
-0.72155
-0.72155
-0.65892
-0.65892
-0.77458
-0.65892
-0.65892
-0.65892
-0.65892
-0.65
0
0
0
0
0
0
0
0
0
0
0
-0.66204
-0.66204
12.374
-0.66449
-0.69454
-0.73207
-0.69454
-0.72155
-0.72155
-0.72155
-0.72155
-0.65892
-0.65892
-0.77458
-0.65892
-0.65892
-0.65892
-0.65892
-0.65
0
0
0
0
0
0
0
0
0
0
0
-0.66449
-0.66449
-0.66449
19.6734
-0.69632
-0.73626
-0.69632
-0.72752
-0.72752
-0.72752
-0.72752
-0.65433
-0.65433
0
-0.65433
-0.65433
-0.65433
-0.65433
0
0
0
-8.7149
0
0
0
0
0
0
0
0
-0.69454
-0.69454
-0.69454
-0.69632
9.2948
-0.76363
0
0
0
0
0
0
0
0
0
0
0
0
0
-0.58972
0
0
0
0
0
0
0
0
-5.1616
0
-0.73207
-0.73207
-0.73207
-0.73626
-0.76363
9.5861
-0.76363
0
0
0
0
0
0
0
0
0
0
0
0
0
0
0
0
0
0
-5.1264
0
0
0
0
-0.69454
-0.69454
-0.69454
-0.69632
0
-0.76363
9.2948
0
0
0
0
0
0
0
0
0
0
0
0
-0.58972
0
0
0
0
-5.1616
0
0
0
0
0
-0.72155
-0.72155
-0.72155
-0.72752
0
0
0
4.3584
0
0
0
0
0
0
0
0
0
0
0
0
0
0
0
0
0
0
0
-1.4662
0
0
-0.72155
-0.72155
-0.72155
-0.72752
0
0
0
0
4.3584
0
0
0
0
0
0
0
0
0
0
0
0
0
0
0
0
0
0
0
0
-1.4662
-0.72155
-0.72155
-0.72155
-0.72752
0
0
0
0
0
4.3584
0
0
0
0
0
0
0
0
0
0
0
0
-1.4662
0
0
0
0
0
0
0
-0.72155
-0.72155
-0.72155
-0.72752
0
0
0
0
0
0
4.3584
0
0
0
0
0
0
0
0
0
0
0
0
0
0
0
-1.4662
0
0
0
-0.65892
-0.65892
-0.65892
-0.65433
0
0
0
0
0
0
0
2.6311
0
0
0
0
0
0
0
0
0
0
0
0
0
0
0
0
0
0
-0.65892
-0.65892
-0.65892
-0.65433
0
0
0
0
0
0
0
0
2.6311
0
0
0
0
0
0
0
0
0
0
0
0
0
0
0
0
0
-0.77458
-0.77458
-0.77458
0
0
0
0
0
0
0
0
0
0
2.9347
0
0
0
0
0
0
-0.61094
0
0
0
0
0
0
0
0
0
-0.65892
-0.65892
-0.65892
-0.65433
0
0
0
0
0
0
0
0
0
0
2.6311
0
0
0
0
0
0
0
0
0
0
0
0
0
0
0
-0.65892
-0.65892
-0.65892
-0.65433
0
0
0
0
0
0
0
0
0
0
0
2.6311
0
0
0
0
0
0
0
0
0
0
0
0
0
0
-0.65892
-0.65892
-0.65892
-0.65433
0
0
0
0
0
0
0
0
0
0
0
0
2.6311
0
0
0
0
0
0
0
0
0
0
0
0
0
-0.65892
-0.65892
-0.65892
-0.65433
0
0
0
0
0
0
0
0
0
0
0
0
0
2.6311
0
0
0
0
0
0
0
0
0
0
0
0
-0.65
-0.65
-0.65
0
0
0
0
0
0
0
0
0
0
0
0
0
0
0
1.95
0
0
0
0
0
0
0
0
0
0
0
0
0
0
0
-0.58972
0
-0.58972
0
0
0
0
0
0
0
0
0
0
0
0
1.7317
0
0
0
-0.55225
0
0
0
0
0
0
0
0
0
0
0
0
0
0
0
0
0
0
0
-0.61094
0
0
0
0
0
0
0.61094
0
0
0
0
0
0
0
0
0
0
0
0
-8.7149
0
0
0
0
0
0
0
0
0
0
0
0
0
0
0
0
0
8.7149
0
0
0
0
0
0
0
0
0
0
0
0
0
0
0
0
0
-1.4662
0
0
0
0
0
0
0
0
0
0
0
0
1.4662
0
0
0
0
0
0
0
0
0
0
0
0
0
0
0
0
0
0
0
0
0
0
0
0
0
0
-0.55225
0
0
0
0.55225
0
0
0
0
0
0
0
0
0
0
0
0
-5.1616
0
0
0
0
0
0
0
0
0
0
0
0
0
0
0
0
0
5.1616
0
0
0
0
0
0
0
0
0
0
-5.1264
0
0
0
0
0
0
0
0
0
0
0
0
0
0
0
0
0
0
0
5.1264
0
0
0
0
0
0
0
0
0
0
0
0
0
0
-1.4662
0
0
0
0
0
0
0
0
0
0
0
0
0
0
0
1.4662
0
0
0
0
0
0
0
0
0
0
-1.4662
0
0
0
0
0
0
0
0
0
0
0
0
0
0
0
0
0
0
0
1.4662
0
0
0
0
0
0
-5.1616
0
0
0
0
0
0
0
0
0
0
0
0
0
0
0
0
0
0
0
0
0
0
0
5.1616
0
0
0
0
0
0
0
0
0
-1.4662
0
0
0
0
0
0
0
0
0
0
0
0
0
0
0
0
0
0
0
0
1.4662
