22.7108
-1.0054
-0.98737
-0.98737
-1.022
-1.0201
-1.0212
-1.0201
-1.0201
-0.88676
-0.88676
-0.88676
-0.88676
-0.92346
-0.92006
-0.93039
-0.91237
-0.94671
-0.94279
-0.94279
-0.98845
-1.0021
-1.3524
0
-1.2187
0
0
0
0
0
-1.0054
25.8085
-0.96856
-0.96856
-0.96681
-0.98791
-0.98072
-0.98791
-0.98791
-0.8582
-0.8582
-0.8582
-0.8582
-0.87489
-0.89002
-0.88006
-0.88242
-0.91698
-0.91506
-0.91506
-0.96518
-0.98427
0
0
0
0
0
-6.298
0
0
-0.98737
-0.96856
20.6484
-0.93909
-0.9773
-0.97813
-0.97498
-0.97813
-0.97813
-0.85048
-0.85048
-0.85048
-0.85048
-0.88581
-0.88231
-0.89233
-0.87489
-0.90763
-0.9039
-0.9039
-0.94694
-0.95626
-1.3108
0
0
0
0
0
0
0
-0.98737
-0.96856
-0.93909
20.6484
-0.9773
-0.97813
-0.97498
-0.97813
-0.97813
-0.85048
-0.85048
-0.85048
-0.85048
-0.88581
-0.88231
-0.89233
-0.87489
-0.90763
-0.9039
-0.9039
-0.94694
-0.95626
-1.3108
0
0
0
0
0
0
0
-1.022
-0.96681
-0.9773
-0.9773
25.0381
-1.0091
-1.0116
-1.0091
-1.0091
-0.87641
-0.87641
-0.87641
-0.87641
-0.89493
-0.91007
-0.89925
-0.9021
-0.93823
-0.93683
-0.93683
0
0
0
0
-1.1982
0
0
0
0
-5.9338
-1.0201
-0.98791
-0.97813
-0.97813
-1.0091
18.9519
-1.0324
-1.0054
-1.0054
-0.87479
-0.87479
-0.87479
-0.87479
-0.91578
-0.91044
-0.92069
-0.90251
-0.93745
-0.9344
-0.9344
-0.98048
0
0
0
0
0
0
0
0
0
-1.0212
-0.98072
-0.97498
-0.97498
-1.0116
-1.0324
18.6885
-1.0324
-1.0324
-0.87071
-0.87071
-0.87071
-0.87071
-0.9072
-0.90627
-0.91195
-0.89822
-0.93322
-0.93052
-0.93052
0
0
0
-0.72696
0
0
0
0
0
0
-1.0201
-0.98791
-0.97813
-0.97813
-1.0091
-1.0054
-1.0324
18.9519
-1.0054
-0.87479
-0.87479
-0.87479
-0.87479
-0.91578
-0.91044
-0.92069
-0.90251
-0.93745
-0.9344
-0.9344
-0.98048
0
0
0
0
0
0
0
0
0
-1.0201
-0.98791
-0.97813
-0.97813
-1.0091
-1.0054
-1.0324
-1.0054
18.9519
-0.87479
-0.87479
-0.87479
-0.87479
-0.91578
-0.91044
-0.92069
-0.90251
-0.93745
-0.9344
-0.9344
-0.98048
0
0
0
0
0
0
0
0
0
-0.88676
-0.8582
-0.85048
-0.85048
-0.87641
-0.87479
-0.87071
-0.87479
-0.87479
15.5609
-0.74038
-0.74038
-0.74038
-0.77938
-0.78146
-0.78466
-0.77403
-0.80283
-0.79998
-0.79998
0
0
0
0
0
0
0
0
0
0
-0.88676
-0.8582
-0.85048
-0.85048
-0.87641
-0.87479
-0.87071
-0.87479
-0.87479
-0.74038
15.5609
-0.74038
-0.74038
-0.77938
-0.78146
-0.78466
-0.77403
-0.80283
-0.79998
-0.79998
0
0
0
0
0
0
0
0
0
0
-0.88676
-0.8582
-0.85048
-0.85048
-0.87641
-0.87479
-0.87071
-0.87479
-0.87479
-0.74038
-0.74038
15.5609
-0.74038
-0.77938
-0.78146
-0.78466
-0.77403
-0.80283
-0.79998
-0.79998
0
0
0
0
0
0
0
0
0
0
-0.88676
-0.8582
-0.85048
-0.85048
-0.87641
-0.87479
-0.87071
-0.87479
-0.87479
-0.74038
-0.74038
-0.74038
15.5609
-0.77938
-0.78146
-0.78466
-0.77403
-0.80283
-0.79998
-0.79998
0
0
0
0
0
0
0
0
0
0
-0.92346
-0.87489
-0.88581
-0.88581
-0.89493
-0.91578
-0.9072
-0.91578
-0.91578
-0.77938
-0.77938
-0.77938
-0.77938
19.3698
-0.79685
-0.77164
-0.78322
-0.81418
0
0
0
0
0
0
0
-4.967
0
0
0
0
-0.92006
-0.89002
-0.88231
-0.88231
-0.91007
-0.91044
-0.90627
-0.91044
-0.91044
-0.78146
-0.78146
-0.78146
-0.78146
-0.79685
14.4743
-0.81728
-0.78703
-0.82499
0
0
0
0
0
0
0
0
0
0
0
0
-0.93039
-0.88006
-0.89233
-0.89233
-0.89925
-0.92069
-0.91195
-0.92069
-0.92069
-0.78466
-0.78466
-0.78466
-0.78466
-0.77164
-0.81728
18.2713
-0.7725
0
0
0
0
0
0
0
0
0
0
0
-4.6029
0
-0.91237
-0.88242
-0.87489
-0.87489
-0.9021
-0.90251
-0.89822
-0.90251
-0.90251
-0.77403
-0.77403
-0.77403
-0.77403
-0.78322
-0.78703
-0.7725
13.4913
0
0
0
0
0
0
0
0
0
0
0
0
0
-0.94671
-0.91698
-0.90763
-0.90763
-0.93823
-0.93745
-0.93322
-0.93745
-0.93745
-0.80283
-0.80283
-0.80283
-0.80283
-0.81418
-0.82499
0
0
13.2132
0
0
0
0
0
0
0
0
0
0
0
0
-0.94279
-0.91506
-0.9039
-0.9039
-0.93683
-0.9344
-0.93052
-0.9344
-0.9344
-0.79998
-0.79998
-0.79998
-0.79998
0
0
0
0
0
11.5361
0
0
0
0
0
0
0
0
0
0
0
-0.94279
-0.91506
-0.9039
-0.9039
-0.93683
-0.9344
-0.93052
-0.9344
-0.9344
-0.79998
-0.79998
-0.79998
-0.79998
0
0
0
0
0
0
11.5361
0
0
0
0
0
0
0
0
0
0
-0.98845
-0.96518
-0.94694
-0.94694
0
-0.98048
0
-0.98048
-0.98048
0
0
0
0
0
0
0
0
0
0
0
6.789
0
0
0
0
0
0
0
0
0
-1.0021
-0.98427
-0.95626
-0.95626
0
0
0
0
0
0
0
0
0
0
0
0
0
0
0
0
0
3.8989
0
0
0
0
0
0
0
0
-1.3524
0
-1.3108
-1.3108
0
0
0
0
0
0
0
0
0
0
0
0
0
0
0
0
0
0
3.974
0
0
0
0
0
0
0
0
0
0
0
0
0
-0.72696
0
0
0
0
0
0
0
0
0
0
0
0
0
0
0
0
3.6562
-1.8162
0
-1.1131
0
0
0
-1.2187
0
0
0
-1.1982
0
0
0
0
0
0
0
0
0
0
0
0
0
0
0
0
0
0
-1.8162
4.233
0
0
0
0
0
0
0
0
0
0
0
0
0
0
0
0
0
0
-4.967
0
0
0
0
0
0
0
0
0
0
0
4.967
0
0
0
0
0
0
0
0
0
0
0
0
0
0
0
0
0
0
0
0
0
0
0
0
0
0
0
-1.1131
0
0
1.1131
0
0
0
0
-6.298
0
0
0
0
0
0
0
0
0
0
0
0
0
0
0
0
0
0
0
0
0
0
0
0
0
6.298
0
0
0
0
0
0
0
0
0
0
0
0
0
0
0
0
0
-4.6029
0
0
0
0
0
0
0
0
0
0
0
0
4.6029
0
0
0
0
0
-5.9338
0
0
0
0
0
0
0
0
0
0
0
0
0
0
0
0
0
0
0
0
0
0
0
0
5.9338
