13.8486
-0.73789
-0.73789
-0.73789
-0.71141
-0.73664
-0.7191
-0.7191
-0.7191
-0.68304
-0.71107
-0.72149
-0.72149
-0.70168
-0.72575
-0.71649
-0.71649
-0.63558
-0.82094
-0.87558
0
0
0
0
0
0
0
0
0
0
-0.73789
13.8486
-0.73789
-0.73789
-0.71141
-0.73664
-0.7191
-0.7191
-0.7191
-0.68304
-0.71107
-0.72149
-0.72149
-0.70168
-0.72575
-0.71649
-0.71649
-0.63558
-0.82094
-0.87558
0
0
0
0
0
0
0
0
0
0
-0.73789
-0.73789
13.8486
-0.73789
-0.71141
-0.73664
-0.7191
-0.7191
-0.7191
-0.68304
-0.71107
-0.72149
-0.72149
-0.70168
-0.72575
-0.71649
-0.71649
-0.63558
-0.82094
-0.87558
0
0
0
0
0
0
0
0
0
0
-0.73789
-0.73789
-0.73789
13.8486
-0.71141
-0.73664
-0.7191
-0.7191
-0.7191
-0.68304
-0.71107
-0.72149
-0.72149
-0.70168
-0.72575
-0.71649
-0.71649
-0.63558
-0.82094
-0.87558
0
0
0
0
0
0
0
0
0
0
-0.71141
-0.71141
-0.71141
-0.71141
12.332
-0.69376
-0.67808
-0.67808
-0.67808
-0.64722
-0.66736
-0.68285
-0.68285
-0.66327
-0.6835
-0.6779
-0.6779
-0.60188
-0.77367
0
0
0
0
0
0
0
0
0
0
0
-0.73664
-0.73664
-0.73664
-0.73664
-0.69376
19.8625
-0.68977
-0.68977
-0.68977
-0.66086
-0.66212
-0.69769
-0.69769
-0.67556
-0.69413
-0.69528
-0.69528
-0.60331
0
0
0
-8.071
0
0
0
0
0
0
0
0
-0.7191
-0.7191
-0.7191
-0.7191
-0.67808
-0.68977
18.3425
-0.67022
-0.67022
-0.64357
-0.6495
-0.68234
-0.68234
-0.65976
-0.6797
-0.67921
-0.67921
0
0
0
0
0
0
0
0
0
0
0
0
-7.4022
-0.7191
-0.7191
-0.7191
-0.7191
-0.67808
-0.68977
-0.67022
18.3425
-0.67022
-0.64357
-0.6495
-0.68234
-0.68234
-0.65976
-0.6797
-0.67921
-0.67921
0
0
0
0
0
0
0
0
0
0
-7.4022
0
0
-0.7191
-0.7191
-0.7191
-0.7191
-0.67808
-0.68977
-0.67022
-0.67022
18.3425
-0.64357
-0.6495
-0.68234
-0.68234
-0.65976
-0.6797
-0.67921
-0.67921
0
0
0
0
0
0
0
-7.4022
0
0
0
0
0
-0.68304
-0.68304
-0.68304
-0.68304
-0.64722
-0.66086
-0.64357
-0.64357
-0.64357
10.4858
-0.63017
-0.65557
-0.65557
-0.63028
-0.64932
-0.64696
-0.64696
0
0
0
0
0
0
0
0
0
0
0
0
0
-0.71107
-0.71107
-0.71107
-0.71107
-0.66736
-0.66212
-0.6495
-0.6495
-0.6495
-0.63017
24.5465
-0.67706
-0.67706
0
0
0
0
0
0
0
-0.25502
0
0
0
0
-8.0925
-8.0925
0
0
0
-0.72149
-0.72149
-0.72149
-0.72149
-0.68285
-0.69769
-0.68234
-0.68234
-0.68234
-0.65557
-0.67706
9.6664
-0.67935
-0.66109
-0.67985
0
0
0
0
0
0
0
0
0
0
0
0
0
0
0
-0.72149
-0.72149
-0.72149
-0.72149
-0.68285
-0.69769
-0.68234
-0.68234
-0.68234
-0.65557
-0.67706
-0.67935
9.6664
-0.66109
-0.67985
0
0
0
0
0
0
0
0
0
0
0
0
0
0
0
-0.70168
-0.70168
-0.70168
-0.70168
-0.66327
-0.67556
-0.65976
-0.65976
-0.65976
-0.63028
0
-0.66109
-0.66109
8.3456
0
0
0
0
0
0
-0.26832
0
0
0
0
0
0
0
0
0
-0.72575
-0.72575
-0.72575
-0.72575
-0.6835
-0.69413
-0.6797
-0.6797
-0.6797
-0.64932
0
-0.67985
-0.67985
0
13.1797
0
0
0
0
0
0
0
-4.851
0
0
0
0
0
0
0
-0.71649
-0.71649
-0.71649
-0.71649
-0.6779
-0.69528
-0.67921
-0.67921
-0.67921
-0.64696
0
0
0
0
0
6.9238
0
0
0
0
0
0
0
0
0
0
0
0
0
0
-0.71649
-0.71649
-0.71649
-0.71649
-0.6779
-0.69528
-0.67921
-0.67921
-0.67921
-0.64696
0
0
0
0
0
0
6.9238
0
0
0
0
0
0
0
0
0
0
0
0
0
-0.63558
-0.63558
-0.63558
-0.63558
-0.60188
-0.60331
0
0
0
0
0
0
0
0
0
0
0
3.852
0
0
0
0
0
-0.1045
0
0
0
0
0
0
-0.82094
-0.82094
-0.82094
-0.82094
-0.77367
0
0
0
0
0
0
0
0
0
0
0
0
0
4.0574
0
0
0
0
0
0
0
0
0
0
0
-0.87558
-0.87558
-0.87558
-0.87558
0
0
0
0
0
0
0
0
0
0
0
0
0
0
0
3.5023
0
0
0
0
0
0
0
0
0
0
0
0
0
0
0
0
0
0
0
0
-0.25502
0
0
-0.26832
0
0
0
0
0
0
0.66935
0
0
0
0
0
0
0
-0.14602
0
0
0
0
0
0
-8.071
0
0
0
0
0
0
0
0
0
0
0
0
0
0
0
8.071
0
0
0
0
0
0
0
0
0
0
0
0
0
0
0
0
0
0
0
0
0
0
-4.851
0
0
0
0
0
0
0
4.851
0
0
0
0
0
0
0
0
0
0
0
0
0
0
0
0
0
0
0
0
0
0
0
0
-0.1045
0
0
0
0
0
0.1045
0
0
0
0
0
0
0
0
0
0
0
0
0
0
-7.4022
0
0
0
0
0
0
0
0
0
0
0
0
0
0
0
7.4022
0
0
0
0
0
0
0
0
0
0
0
0
0
0
0
-8.0925
0
0
0
0
0
0
0
0
0
0
0
0
0
0
8.0925
0
0
0
0
0
0
0
0
0
0
0
0
0
0
-8.0925
0
0
0
0
0
0
0
0
0
0
0
0
0
0
0
8.0925
0
0
0
0
0
0
0
0
0
0
-7.4022
0
0
0
0
0
0
0
0
0
0
0
0
0
0
0
0
0
0
0
7.4022
0
0
0
0
0
0
0
0
0
0
0
0
0
0
0
0
0
0
0
0
0
0
-0.14602
0
0
0
0
0
0
0
0.14602
0
0
0
0
0
0
0
-7.4022
0
0
0
0
0
0
0
0
0
0
0
0
0
0
0
0
0
0
0
0
0
0
7.4022
