20.2586
-0.57308
-0.57922
-0.5882
-0.59183
-0.57463
-0.57463
-0.55846
-0.54038
-0.53375
-0.53375
-0.48877
-0.55429
-0.55071
-0.52795
-0.58679
0
-0.19653
-1.0498
-1.741
0
0
0
0
0
0
0
-8.9148
0
0
-0.57308
19.296
-0.57527
-0.58074
-0.5885
-0.56955
-0.56955
-0.55526
-0.53537
-0.52858
-0.52858
-0.48603
-0.54854
-0.54503
-0.52572
-0.57923
0
0
-1.0282
-1.7372
0
0
0
-8.2416
0
0
0
0
0
0
-0.57922
-0.57527
17.2656
-0.58559
-0.59003
-0.57404
-0.57404
-0.55639
-0.53841
-0.53179
-0.53179
-0.48686
-0.55103
-0.54888
-0.52613
-0.58506
0
0
-1.0432
0
0
0
0
0
-7.8879
0
0
0
0
0
-0.5882
-0.58074
-0.58559
9.4409
-0.60353
-0.58424
-0.58424
-0.56849
-0.54722
-0.54104
-0.54104
-0.51151
-0.55725
-0.55884
-0.53925
-0.59429
-0.95541
0
0
0
0
0
0
0
0
0
0
0
0
0
-0.59183
-0.5885
-0.59003
-0.60353
14.5487
-0.58413
-0.58413
-0.56627
-0.54298
-0.54042
-0.54042
-0.50018
-0.56696
-0.56339
-0.53602
0
0
0
0
0
0
0
0
0
0
-6.65
0
0
0
0
-0.57463
-0.56955
-0.57404
-0.58424
-0.58413
8.2823
-0.54771
-0.55398
-0.52939
-0.52644
-0.52644
-0.50431
-0.55494
-0.54692
-0.5278
-0.57779
0
0
0
0
0
0
0
0
0
0
0
0
0
0
-0.57463
-0.56955
-0.57404
-0.58424
-0.58413
-0.54771
8.2823
-0.55398
-0.52939
-0.52644
-0.52644
-0.50431
-0.55494
-0.54692
-0.5278
-0.57779
0
0
0
0
0
0
0
0
0
0
0
0
0
0
-0.55846
-0.55526
-0.55639
-0.56849
-0.56627
-0.55398
-0.55398
12.3846
-0.50932
-0.5072
-0.5072
-0.46511
-0.52293
-0.52343
0
0
0
0
0
0
0
0
-5.4365
0
0
0
0
0
0
0
-0.54038
-0.53537
-0.53841
-0.54722
-0.54298
-0.52939
-0.52939
-0.50932
7.2356
-0.49333
-0.49333
-0.46627
-0.51111
-0.50917
-0.48994
0
0
0
0
0
0
0
0
0
0
0
0
0
0
0
-0.53375
-0.52858
-0.53179
-0.54104
-0.54042
-0.52644
-0.52644
-0.5072
-0.49333
6.6625
-0.47212
-0.46039
-0.50124
-0.49974
0
0
0
0
0
0
0
0
0
0
0
0
0
0
0
0
-0.53375
-0.52858
-0.53179
-0.54104
-0.54042
-0.52644
-0.52644
-0.5072
-0.49333
-0.47212
6.6625
-0.46039
-0.50124
-0.49974
0
0
0
0
0
0
0
0
0
0
0
0
0
0
0
0
-0.48877
-0.48603
-0.48686
-0.51151
-0.50018
-0.50431
-0.50431
-0.46511
-0.46627
-0.46039
-0.46039
20.78
0
0
0
0
0
0
0
0
-7.7229
0
0
0
0
0
-7.7229
0
0
0
-0.55429
-0.54854
-0.55103
-0.55725
-0.56696
-0.55494
-0.55494
-0.52293
-0.51111
-0.50124
-0.50124
0
10.5101
0
0
0
-0.83675
0
0
0
0
0
0
0
0
0
0
0
-3.7488
0
-0.55071
-0.54503
-0.54888
-0.55884
-0.56339
-0.54692
-0.54692
-0.52343
-0.50917
-0.49974
-0.49974
0
0
5.8928
0
0
0
0
0
0
0
0
0
0
0
0
0
0
0
0
-0.52795
-0.52572
-0.52613
-0.53925
-0.53602
-0.5278
-0.5278
0
-0.48994
0
0
0
0
0
4.3051
0
0
0
0
0
0
-0.1045
0
0
0
0
0
0
0
0
-0.58679
-0.57923
-0.58506
-0.59429
0
-0.57779
-0.57779
0
0
0
0
0
0
0
0
3.501
0
0
0
0
0
0
0
0
0
0
0
0
0
0
0
0
0
-0.95541
0
0
0
0
0
0
0
0
-0.83675
0
0
0
2.2791
-0.48693
0
0
0
0
0
0
0
0
0
0
0
0
-0.19653
0
0
0
0
0
0
0
0
0
0
0
0
0
0
0
-0.48693
1.0333
0
0
0
0
0
0
0
0
0
0
0
-0.34984
-1.0498
-1.0282
-1.0432
0
0
0
0
0
0
0
0
0
0
0
0
0
0
0
3.1212
0
0
0
0
0
0
0
0
0
0
0
-1.741
-1.7372
0
0
0
0
0
0
0
0
0
0
0
0
0
0
0
0
0
3.4782
0
0
0
0
0
0
0
0
0
0
0
0
0
0
0
0
0
0
0
0
0
-7.7229
0
0
0
0
0
0
0
0
7.7229
0
0
0
0
0
0
0
0
0
0
0
0
0
0
0
0
0
0
0
0
0
0
0
-0.1045
0
0
0
0
0
0
0.1045
0
0
0
0
0
0
0
0
0
0
0
0
0
0
0
-5.4365
0
0
0
0
0
0
0
0
0
0
0
0
0
0
5.4365
0
0
0
0
0
0
0
0
-8.2416
0
0
0
0
0
0
0
0
0
0
0
0
0
0
0
0
0
0
0
0
0
8.2416
0
0
0
0
0
0
0
0
-7.8879
0
0
0
0
0
0
0
0
0
0
0
0
0
0
0
0
0
0
0
0
0
7.8879
0
0
0
0
0
0
0
0
0
-6.65
0
0
0
0
0
0
0
0
0
0
0
0
0
0
0
0
0
0
0
0
6.65
0
0
0
0
0
0
0
0
0
0
0
0
0
0
0
-7.7229
0
0
0
0
0
0
0
0
0
0
0
0
0
0
7.7229
0
0
0
-8.9148
0
0
0
0
0
0
0
0
0
0
0
0
0
0
0
0
0
0
0
0
0
0
0
0
0
0
8.9148
0
0
0
0
0
0
0
0
0
0
0
0
0
0
-3.7488
0
0
0
0
0
0
0
0
0
0
0
0
0
0
0
3.7488
0
0
0
0
0
0
0
0
0
0
0
0
0
0
0
0
0
0
-0.34984
0
0
0
0
0
0
0
0
0
0
0
0.34984
