16.9558
-0.6218
-0.64182
-0.64072
-0.574
-0.57872
-0.59535
-0.59535
-0.5831
-0.5831
-0.5831
-0.53441
-0.53441
-0.53441
-0.53441
-0.60858
-0.86262
0
0
0
-7.3499
0
0
0
0
0
0
0
0
0
-0.6218
9.5837
-0.6218
-0.63172
-0.55877
-0.56669
-0.57765
-0.57765
-0.56756
-0.56756
-0.56756
-0.52169
-0.52169
-0.52169
-0.52169
-0.58964
-0.81725
0
-0.23127
0
0
0
0
0
0
0
0
0
0
0
-0.64182
-0.6218
16.9558
-0.64072
-0.574
-0.57872
-0.59535
-0.59535
-0.5831
-0.5831
-0.5831
-0.53441
-0.53441
-0.53441
-0.53441
-0.60858
-0.86262
0
0
0
0
0
0
-7.3499
0
0
0
0
0
0
-0.64072
-0.63172
-0.64072
27.9089
-0.57627
-0.56321
-0.57521
-0.57521
-0.55486
-0.55486
-0.55486
-0.52123
-0.52123
-0.52123
-0.52123
0
0
-0.20957
0
-9.8734
0
0
0
0
0
-9.8734
0
0
0
0
-0.574
-0.55877
-0.574
-0.57627
8.6977
-0.53122
-0.53815
-0.53815
-0.52591
-0.52591
-0.52591
-0.48651
-0.48651
-0.48651
-0.48651
-0.5453
-0.73811
0
0
0
0
0
0
0
0
0
0
0
0
0
-0.57872
-0.56669
-0.57872
-0.56321
-0.53122
7.7895
-0.53991
-0.53991
-0.51382
-0.51382
-0.51382
-0.48144
-0.48144
-0.48144
-0.48144
0
0
-0.20317
-0.22072
0
0
0
0
0
0
0
0
0
0
0
-0.59535
-0.57765
-0.59535
-0.57521
-0.53815
-0.53991
14.8954
-0.54852
-0.53424
-0.53424
-0.53424
-0.49546
-0.49546
-0.49546
-0.49546
-0.55904
0
0
0
0
0
0
-6.7816
0
0
0
0
0
0
0
-0.59535
-0.57765
-0.59535
-0.57521
-0.53815
-0.53991
-0.54852
14.8954
-0.53424
-0.53424
-0.53424
-0.49546
-0.49546
-0.49546
-0.49546
-0.55904
0
0
0
0
0
0
0
0
0
0
0
0
-6.7816
0
-0.5831
-0.56756
-0.5831
-0.55486
-0.52591
-0.51382
-0.53424
-0.53424
13.5081
-0.52931
-0.52931
-0.4895
-0.4895
-0.4895
-0.4895
0
0
0
0
0
0
0
0
0
0
0
0
0
0
-6.0947
-0.5831
-0.56756
-0.5831
-0.55486
-0.52591
-0.51382
-0.53424
-0.53424
-0.52931
13.5081
-0.52931
-0.4895
-0.4895
-0.4895
-0.4895
0
0
0
0
0
0
0
0
0
0
0
-6.0947
0
0
0
-0.5831
-0.56756
-0.5831
-0.55486
-0.52591
-0.51382
-0.53424
-0.53424
-0.52931
-0.52931
13.5081
-0.4895
-0.4895
-0.4895
-0.4895
0
0
0
0
0
0
0
0
0
0
0
0
-6.0947
0
0
-0.53441
-0.52169
-0.53441
-0.52123
-0.48651
-0.48144
-0.49546
-0.49546
-0.4895
-0.4895
-0.4895
6.8522
-0.4377
-0.4377
-0.4377
0
0
0
0
0
0
0
0
0
0
0
0
0
0
0
-0.53441
-0.52169
-0.53441
-0.52123
-0.48651
-0.48144
-0.49546
-0.49546
-0.4895
-0.4895
-0.4895
-0.4377
6.8522
-0.4377
-0.4377
0
0
0
0
0
0
0
0
0
0
0
0
0
0
0
-0.53441
-0.52169
-0.53441
-0.52123
-0.48651
-0.48144
-0.49546
-0.49546
-0.4895
-0.4895
-0.4895
-0.4377
-0.4377
6.8522
-0.4377
0
0
0
0
0
0
0
0
0
0
0
0
0
0
0
-0.53441
-0.52169
-0.53441
-0.52123
-0.48651
-0.48144
-0.49546
-0.49546
-0.4895
-0.4895
-0.4895
-0.4377
-0.4377
-0.4377
6.8522
0
0
0
0
0
0
0
0
0
0
0
0
0
0
0
-0.60858
-0.58964
-0.60858
0
-0.5453
0
-0.55904
-0.55904
0
0
0
0
0
0
0
3.4702
0
0
0
0
0
0
0
0
0
0
0
0
0
0
-0.86262
-0.81725
-0.86262
0
-0.73811
0
0
0
0
0
0
0
0
0
0
0
3.2806
0
0
0
0
0
0
0
0
0
0
0
0
0
0
0
0
-0.20957
0
-0.20317
0
0
0
0
0
0
0
0
0
0
0
0.51724
0
0
0
-0.1045
0
0
0
0
0
0
0
0
0
-0.23127
0
0
0
-0.22072
0
0
0
0
0
0
0
0
0
0
0
0
0.58519
0
0
0
0
0
-0.1332
0
0
0
0
0
0
0
0
-9.8734
0
0
0
0
0
0
0
0
0
0
0
0
0
0
0
9.8734
0
0
0
0
0
0
0
0
0
0
-7.3499
0
0
0
0
0
0
0
0
0
0
0
0
0
0
0
0
0
0
0
7.3499
0
0
0
0
0
0
0
0
0
0
0
0
0
0
0
0
0
0
0
0
0
0
0
0
0
0
-0.1045
0
0
0
0.1045
0
0
0
0
0
0
0
0
0
0
0
0
0
0
-6.7816
0
0
0
0
0
0
0
0
0
0
0
0
0
0
0
6.7816
0
0
0
0
0
0
0
0
0
-7.3499
0
0
0
0
0
0
0
0
0
0
0
0
0
0
0
0
0
0
0
0
7.3499
0
0
0
0
0
0
0
0
0
0
0
0
0
0
0
0
0
0
0
0
0
0
0
0
-0.1332
0
0
0
0
0
0.1332
0
0
0
0
0
0
0
0
-9.8734
0
0
0
0
0
0
0
0
0
0
0
0
0
0
0
0
0
0
0
0
0
9.8734
0
0
0
0
0
0
0
0
0
0
0
0
0
-6.0947
0
0
0
0
0
0
0
0
0
0
0
0
0
0
0
0
6.0947
0
0
0
0
0
0
0
0
0
0
0
0
0
-6.0947
0
0
0
0
0
0
0
0
0
0
0
0
0
0
0
0
6.0947
0
0
0
0
0
0
0
0
0
-6.7816
0
0
0
0
0
0
0
0
0
0
0
0
0
0
0
0
0
0
0
0
6.7816
0
0
0
0
0
0
0
0
0
-6.0947
0
0
0
0
0
0
0
0
0
0
0
0
0
0
0
0
0
0
0
0
6.0947
