26.3004
-1.0616
-1.0244
-1.0244
-1.0244
-1.0176
-1.0176
-0.90133
-0.91307
-0.90133
-0.90133
-0.90133
-0.81731
-0.81731
-0.83433
-0.81731
-0.79122
-0.84309
-0.86754
-0.89911
-0.91788
-1.0992
-6.9076
0
0
0
0
0
0
0
-1.0616
26.3004
-1.0244
-1.0244
-1.0244
-1.0176
-1.0176
-0.90133
-0.91307
-0.90133
-0.90133
-0.90133
-0.81731
-0.81731
-0.83433
-0.81731
-0.79122
-0.84309
-0.86754
-0.89911
-0.91788
-1.0992
0
0
0
0
0
0
0
-6.9076
-1.0244
-1.0244
23.9869
-0.99202
-0.99202
-0.99113
-0.99113
-0.86156
-0.87224
-0.86156
-0.86156
-0.86156
-0.78134
-0.78134
-0.79727
-0.78134
-0.75645
-0.80469
-0.83001
-0.86011
-0.87799
0
0
0
0
0
0
0
-6.3828
0
-1.0244
-1.0244
-0.99202
23.9869
-0.99202
-0.99113
-0.99113
-0.86156
-0.87224
-0.86156
-0.86156
-0.86156
-0.78134
-0.78134
-0.79727
-0.78134
-0.75645
-0.80469
-0.83001
-0.86011
-0.87799
0
0
0
0
0
-6.3828
0
0
0
-1.0244
-1.0244
-0.99202
-0.99202
23.9869
-0.99113
-0.99113
-0.86156
-0.87224
-0.86156
-0.86156
-0.86156
-0.78134
-0.78134
-0.79727
-0.78134
-0.75645
-0.80469
-0.83001
-0.86011
-0.87799
0
0
0
0
-6.3828
0
0
0
0
-1.0176
-1.0176
-0.99113
-0.99113
-0.99113
18.468
-0.95137
-0.85155
-0.8741
-0.85155
-0.85155
-0.85155
-0.77272
-0.77272
-0.79973
-0.77272
-0.74826
-0.80829
-0.82008
-0.8488
-0.86458
-1.0197
0
0
0
0
0
0
0
0
-1.0176
-1.0176
-0.99113
-0.99113
-0.99113
-0.95137
18.468
-0.85155
-0.8741
-0.85155
-0.85155
-0.85155
-0.77272
-0.77272
-0.79973
-0.77272
-0.74826
-0.80829
-0.82008
-0.8488
-0.86458
-1.0197
0
0
0
0
0
0
0
0
-0.90133
-0.90133
-0.86156
-0.86156
-0.86156
-0.85155
-0.85155
15.4496
-0.77712
-0.74397
-0.74397
-0.74397
-0.68109
-0.68109
-0.7036
-0.68109
-0.65951
-0.71013
-0.72315
-0.74797
-0.76248
0
0
0
0
0
0
0
0
0
-0.91307
-0.91307
-0.87224
-0.87224
-0.87224
-0.8741
-0.8741
-0.77712
20.5462
-0.77712
-0.77712
-0.77712
-0.68282
-0.68282
-0.69225
-0.68282
-0.65988
-0.6981
-0.7247
-0.74983
0
0
0
-5.6734
0
0
0
0
0
0
-0.90133
-0.90133
-0.86156
-0.86156
-0.86156
-0.85155
-0.85155
-0.74397
-0.77712
15.4496
-0.74397
-0.74397
-0.68109
-0.68109
-0.7036
-0.68109
-0.65951
-0.71013
-0.72315
-0.74797
-0.76248
0
0
0
0
0
0
0
0
0
-0.90133
-0.90133
-0.86156
-0.86156
-0.86156
-0.85155
-0.85155
-0.74397
-0.77712
-0.74397
15.4496
-0.74397
-0.68109
-0.68109
-0.7036
-0.68109
-0.65951
-0.71013
-0.72315
-0.74797
-0.76248
0
0
0
0
0
0
0
0
0
-0.90133
-0.90133
-0.86156
-0.86156
-0.86156
-0.85155
-0.85155
-0.74397
-0.77712
-0.74397
-0.74397
15.4496
-0.68109
-0.68109
-0.7036
-0.68109
-0.65951
-0.71013
-0.72315
-0.74797
-0.76248
0
0
0
0
0
0
0
0
0
-0.81731
-0.81731
-0.78134
-0.78134
-0.78134
-0.77272
-0.77272
-0.68109
-0.68282
-0.68109
-0.68109
-0.68109
13.2873
-0.59907
-0.63132
-0.59907
-0.58675
-0.62776
-0.64474
-0.66735
0
0
0
0
0
0
0
0
0
0
-0.81731
-0.81731
-0.78134
-0.78134
-0.78134
-0.77272
-0.77272
-0.68109
-0.68282
-0.68109
-0.68109
-0.68109
-0.59907
13.2873
-0.63132
-0.59907
-0.58675
-0.62776
-0.64474
-0.66735
0
0
0
0
0
0
0
0
0
0
-0.83433
-0.83433
-0.79727
-0.79727
-0.79727
-0.79973
-0.79973
-0.7036
-0.69225
-0.7036
-0.7036
-0.7036
-0.63132
-0.63132
17.8045
-0.63132
-0.57851
-0.59936
-0.63648
0
0
0
0
0
0
0
0
-4.9296
0
0
-0.81731
-0.81731
-0.78134
-0.78134
-0.78134
-0.77272
-0.77272
-0.68109
-0.68282
-0.68109
-0.68109
-0.68109
-0.59907
-0.59907
-0.63132
13.2873
-0.58675
-0.62776
-0.64474
-0.66735
0
0
0
0
0
0
0
0
0
0
-0.79122
-0.79122
-0.75645
-0.75645
-0.75645
-0.74826
-0.74826
-0.65951
-0.65988
-0.65951
-0.65951
-0.65951
-0.58675
-0.58675
-0.57851
-0.58675
12.1796
-0.5817
-0.61289
0
0
0
0
0
0
0
0
0
0
0
-0.84309
-0.84309
-0.80469
-0.80469
-0.80469
-0.80829
-0.80829
-0.71013
-0.6981
-0.71013
-0.71013
-0.71013
-0.62776
-0.62776
-0.59936
-0.62776
-0.5817
16.5461
0
0
0
0
0
0
-4.2263
0
0
0
0
0
-0.86754
-0.86754
-0.83001
-0.83001
-0.83001
-0.82008
-0.82008
-0.72315
-0.7247
-0.72315
-0.72315
-0.72315
-0.64474
-0.64474
-0.63648
-0.64474
-0.61289
0
12.6662
0
0
0
0
0
0
0
0
0
0
0
-0.89911
-0.89911
-0.86011
-0.86011
-0.86011
-0.8488
-0.8488
-0.74797
-0.74983
-0.74797
-0.74797
-0.74797
-0.66735
-0.66735
0
-0.66735
0
0
0
11.8199
0
0
0
0
0
0
0
0
0
0
-0.91788
-0.91788
-0.87799
-0.87799
-0.87799
-0.86458
-0.86458
-0.76248
0
-0.76248
-0.76248
-0.76248
0
0
0
0
0
0
0
0
9.2488
0
0
0
0
0
0
0
0
0
-1.0992
-1.0992
0
0
0
-1.0197
-1.0197
0
0
0
0
0
0
0
0
0
0
0
0
0
0
4.2379
0
0
0
0
0
0
0
0
-6.9076
0
0
0
0
0
0
0
0
0
0
0
0
0
0
0
0
0
0
0
0
0
6.9076
0
0
0
0
0
0
0
0
0
0
0
0
0
0
0
-5.6734
0
0
0
0
0
0
0
0
0
0
0
0
0
0
5.6734
0
0
0
0
0
0
0
0
0
0
0
0
0
0
0
0
0
0
0
0
0
0
0
-4.2263
0
0
0
0
0
0
4.2263
0
0
0
0
0
0
0
0
0
-6.3828
0
0
0
0
0
0
0
0
0
0
0
0
0
0
0
0
0
0
0
0
6.3828
0
0
0
0
0
0
0
-6.3828
0
0
0
0
0
0
0
0
0
0
0
0
0
0
0
0
0
0
0
0
0
0
6.3828
0
0
0
0
0
0
0
0
0
0
0
0
0
0
0
0
0
-4.9296
0
0
0
0
0
0
0
0
0
0
0
0
4.9296
0
0
0
0
-6.3828
0
0
0
0
0
0
0
0
0
0
0
0
0
0
0
0
0
0
0
0
0
0
0
0
0
6.3828
0
0
-6.9076
0
0
0
0
0
0
0
0
0
0
0
0
0
0
0
0
0
0
0
0
0
0
0
0
0
0
0
6.9076
