30.7754
-0.79235
-0.80263
-0.79877
-0.79877
-0.68071
-0.68071
-0.68071
-0.65659
-0.77991
-0.77535
-0.79613
-0.77535
-0.76994
-0.8052
-0.71953
-0.71953
-0.65808
0
0
0
0
0
0
0
0
-9.0426
-9.0426
0
0
-0.79235
12.119
-0.759
-0.76041
-0.76041
-0.62163
-0.62163
-0.62163
-0.60033
-0.70879
-0.70467
-0.77144
-0.70467
-0.72507
-0.73157
-0.65422
-0.65422
-0.59774
-0.32927
0
0
0
0
0
0
0
0
0
0
0
-0.80263
-0.759
15.6041
-0.76965
-0.76965
-0.62812
-0.62812
-0.62812
-0.6067
-0.71366
-0.70952
-0.78558
-0.70952
-0.76246
-0.73661
-0.65871
-0.65871
-0.60157
0
0
0
-3.6757
0
0
0
0
0
0
0
0
-0.79877
-0.76041
-0.76965
19.09
-0.77602
-0.6343
-0.6343
-0.6343
-0.61242
-0.72477
-0.72055
-0.7737
-0.72055
-0.72547
-0.7481
-0.66892
-0.66892
-0.61143
0
0
0
0
0
0
-7.1075
0
0
0
0
0
-0.79877
-0.76041
-0.76965
-0.77602
19.09
-0.6343
-0.6343
-0.6343
-0.61242
-0.72477
-0.72055
-0.7737
-0.72055
-0.72547
-0.7481
-0.66892
-0.66892
-0.61143
0
0
0
0
0
0
0
-7.1075
0
0
0
0
-0.68071
-0.62163
-0.62812
-0.6343
-0.6343
10.0362
-0.52077
-0.52077
-0.50814
-0.59934
-0.59587
-0.65712
-0.59587
-0.60941
-0.61852
-0.55318
-0.55318
-0.50502
0
0
0
0
0
0
0
0
0
0
0
0
-0.68071
-0.62163
-0.62812
-0.6343
-0.6343
-0.52077
10.0362
-0.52077
-0.50814
-0.59934
-0.59587
-0.65712
-0.59587
-0.60941
-0.61852
-0.55318
-0.55318
-0.50502
0
0
0
0
0
0
0
0
0
0
0
0
-0.68071
-0.62163
-0.62812
-0.6343
-0.6343
-0.52077
-0.52077
10.0362
-0.50814
-0.59934
-0.59587
-0.65712
-0.59587
-0.60941
-0.61852
-0.55318
-0.55318
-0.50502
0
0
0
0
0
0
0
0
0
0
0
0
-0.65659
-0.60033
-0.6067
-0.61242
-0.61242
-0.50814
-0.50814
-0.50814
9.1755
-0.57318
-0.56985
-0.62103
-0.56985
-0.57935
-0.59154
-0.52893
-0.52893
0
0
0
0
0
0
0
0
0
0
0
0
0
-0.77991
-0.70879
-0.71366
-0.72477
-0.72477
-0.59934
-0.59934
-0.59934
-0.57318
8.1758
-0.70856
0
-0.70856
0
-0.73562
0
0
0
0
0
0
0
0
0
0
0
0
0
0
0
-0.77535
-0.70467
-0.70952
-0.72055
-0.72055
-0.59587
-0.59587
-0.59587
-0.56985
-0.70856
7.3713
0
-0.67467
0
0
0
0
0
0
0
0
0
0
0
0
0
0
0
0
0
-0.79613
-0.77144
-0.78558
-0.7737
-0.7737
-0.65712
-0.65712
-0.65712
-0.62103
0
0
14.0579
0
0
0
0
0
0
0
0
0
0
0
-4.2229
0
0
0
0
0
-3.3421
-0.77535
-0.70467
-0.70952
-0.72055
-0.72055
-0.59587
-0.59587
-0.59587
-0.56985
-0.70856
-0.67467
0
7.3713
0
0
0
0
0
0
0
0
0
0
0
0
0
0
0
0
0
-0.76994
-0.72507
-0.76246
-0.72547
-0.72547
-0.60941
-0.60941
-0.60941
-0.57935
0
0
0
0
6.6698
0
0
0
0
0
0
-0.55377
0
0
0
0
0
0
0
0
0
-0.8052
-0.73157
-0.73661
-0.7481
-0.7481
-0.61852
-0.61852
-0.61852
-0.59154
-0.73562
0
0
0
0
6.9523
0
0
0
0
0
0
0
0
0
0
0
0
0
0
0
-0.71953
-0.65422
-0.65871
-0.66892
-0.66892
-0.55318
-0.55318
-0.55318
-0.52893
0
0
0
0
0
0
5.5588
0
0
0
0
0
0
0
0
0
0
0
0
0
0
-0.71953
-0.65422
-0.65871
-0.66892
-0.66892
-0.55318
-0.55318
-0.55318
-0.52893
0
0
0
0
0
0
0
5.5588
0
0
0
0
0
0
0
0
0
0
0
0
0
-0.65808
-0.59774
-0.60157
-0.61143
-0.61143
-0.50502
-0.50502
-0.50502
0
0
0
0
0
0
0
0
0
4.5953
0
0
0
0
0
0
0
0
0
0
0
0
0
-0.32927
0
0
0
0
0
0
0
0
0
0
0
0
0
0
0
0
4.9098
-0.43354
0
0
0
-3.3252
0
0
0
0
-0.8218
0
0
0
0
0
0
0
0
0
0
0
0
0
0
0
0
0
0
0
-0.43354
5.5208
0
-2.2758
-2.8114
0
0
0
0
0
0
0
0
0
0
0
0
0
0
0
0
0
0
0
0
-0.55377
0
0
0
0
0
0
2.537
0
-1.9832
0
0
0
0
0
0
0
0
0
-3.6757
0
0
0
0
0
0
0
0
0
0
0
0
0
0
0
0
-2.2758
0
5.9516
0
0
0
0
0
0
0
0
0
0
0
0
0
0
0
0
0
0
0
0
0
0
0
0
0
0
0
-2.8114
-1.9832
0
4.7947
0
0
0
0
0
0
0
0
0
0
0
0
0
0
0
0
0
0
-4.2229
0
0
0
0
0
0
-3.3252
0
0
0
0
7.5481
0
0
0
0
0
0
0
0
0
-7.1075
0
0
0
0
0
0
0
0
0
0
0
0
0
0
0
0
0
0
0
0
7.1075
0
0
0
0
0
0
0
0
0
-7.1075
0
0
0
0
0
0
0
0
0
0
0
0
0
0
0
0
0
0
0
0
7.1075
0
0
0
0
-9.0426
0
0
0
0
0
0
0
0
0
0
0
0
0
0
0
0
0
0
0
0
0
0
0
0
0
9.0426
0
0
0
-9.0426
0
0
0
0
0
0
0
0
0
0
0
0
0
0
0
0
0
0
0
0
0
0
0
0
0
0
9.0426
0
0
0
0
0
0
0
0
0
0
0
0
0
0
0
0
0
0
0
0
-0.8218
0
0
0
0
0
0
0
0
0
0.8218
0
0
0
0
0
0
0
0
0
0
0
0
-3.3421
0
0
0
0
0
0
0
0
0
0
0
0
0
0
0
0
0
3.3421
