11.9443
-0.69086
-0.71365
-0.71365
-0.62209
-0.62209
-0.71365
-0.62209
-0.52145
-0.52145
-0.62408
-0.67491
-0.68471
-0.68471
-0.68471
-0.67866
-0.67866
-0.5896
-0.90334
0
0
0
0
0
0
0
0
0
0
0
-0.69086
11.3061
-0.7046
-0.7046
-0.69086
-0.69086
-0.7046
-0.69086
-0.52458
-0.52458
-0.6154
-0.67078
-0.68607
-0.68607
-0.68607
-0.67002
-0.67002
-0.59076
0
0
-0.1045
0
0
0
0
0
0
0
0
0
-0.71365
-0.7046
21.6223
-0.72829
-0.71365
-0.71365
-0.72829
-0.71365
-0.54061
-0.54061
-0.60632
-0.6838
-0.70946
-0.70946
-0.70946
-0.6899
-0.6899
-0.61046
0
0
0
0
0
0
-10.1166
0
0
0
0
0
-0.71365
-0.7046
-0.72829
21.6223
-0.71365
-0.71365
-0.72829
-0.71365
-0.54061
-0.54061
-0.60632
-0.6838
-0.70946
-0.70946
-0.70946
-0.6899
-0.6899
-0.61046
0
0
0
0
0
0
0
-10.1166
0
0
0
0
-0.62209
-0.69086
-0.71365
-0.71365
11.9443
-0.62209
-0.71365
-0.62209
-0.52145
-0.52145
-0.62408
-0.67491
-0.68471
-0.68471
-0.68471
-0.67866
-0.67866
-0.5896
-0.90334
0
0
0
0
0
0
0
0
0
0
0
-0.62209
-0.69086
-0.71365
-0.71365
-0.62209
11.9443
-0.71365
-0.62209
-0.52145
-0.52145
-0.62408
-0.67491
-0.68471
-0.68471
-0.68471
-0.67866
-0.67866
-0.5896
-0.90334
0
0
0
0
0
0
0
0
0
0
0
-0.71365
-0.7046
-0.72829
-0.72829
-0.71365
-0.71365
21.6223
-0.71365
-0.54061
-0.54061
-0.60632
-0.6838
-0.70946
-0.70946
-0.70946
-0.6899
-0.6899
-0.61046
0
0
0
-10.1166
0
0
0
0
0
0
0
0
-0.62209
-0.69086
-0.71365
-0.71365
-0.62209
-0.62209
-0.71365
11.9443
-0.52145
-0.52145
-0.62408
-0.67491
-0.68471
-0.68471
-0.68471
-0.67866
-0.67866
-0.5896
-0.90334
0
0
0
0
0
0
0
0
0
0
0
-0.52145
-0.52458
-0.54061
-0.54061
-0.52145
-0.52145
-0.54061
-0.52145
8.6627
-0.41239
-0.46352
-0.50707
-0.52298
-0.52298
-0.52298
-0.51352
-0.51352
-0.45151
0
0
0
0
0
0
0
0
0
0
0
0
-0.52145
-0.52458
-0.54061
-0.54061
-0.52145
-0.52145
-0.54061
-0.52145
-0.41239
8.6627
-0.46352
-0.50707
-0.52298
-0.52298
-0.52298
-0.51352
-0.51352
-0.45151
0
0
0
0
0
0
0
0
0
0
0
0
-0.62408
-0.6154
-0.60632
-0.60632
-0.62408
-0.62408
-0.60632
-0.62408
-0.46352
-0.46352
24.4672
0
0
0
0
0
0
0
0
-0.79236
0
0
-8.9086
0
0
0
0
0
0
-8.9086
-0.67491
-0.67078
-0.6838
-0.6838
-0.67491
-0.67491
-0.6838
-0.67491
-0.50707
-0.50707
0
11.1426
0
0
0
0
0
0
0
-0.76096
0
0
0
0
0
0
0
0
-3.9457
0
-0.68471
-0.68607
-0.70946
-0.70946
-0.68471
-0.68471
-0.70946
-0.68471
-0.52298
-0.52298
0
0
8.0581
-0.72943
-0.72943
0
0
0
0
0
0
0
0
0
0
0
0
0
0
0
-0.68471
-0.68607
-0.70946
-0.70946
-0.68471
-0.68471
-0.70946
-0.68471
-0.52298
-0.52298
0
0
-0.72943
8.0581
-0.72943
0
0
0
0
0
0
0
0
0
0
0
0
0
0
0
-0.68471
-0.68607
-0.70946
-0.70946
-0.68471
-0.68471
-0.70946
-0.68471
-0.52298
-0.52298
0
0
-0.72943
-0.72943
8.0581
0
0
0
0
0
0
0
0
0
0
0
0
0
0
0
-0.67866
-0.67002
-0.6899
-0.6899
-0.67866
-0.67866
-0.6899
-0.67866
-0.51352
-0.51352
0
0
0
0
0
9.3908
0
0
0
0
0
0
0
0
0
0
-2.9094
0
0
0
-0.67866
-0.67002
-0.6899
-0.6899
-0.67866
-0.67866
-0.6899
-0.67866
-0.51352
-0.51352
0
0
0
0
0
0
9.3908
0
0
0
0
0
0
-2.9094
0
0
0
0
0
0
-0.5896
-0.59076
-0.61046
-0.61046
-0.5896
-0.5896
-0.61046
-0.5896
-0.45151
-0.45151
0
0
0
0
0
0
0
5.6836
0
0
0
0
0
0
0
0
0
0
0
0
-0.90334
0
0
0
-0.90334
-0.90334
0
-0.90334
0
0
0
0
0
0
0
0
0
0
3.6134
0
0
0
0
0
0
0
0
0
0
0
0
0
0
0
0
0
0
0
0
0
-0.79236
-0.76096
0
0
0
0
0
0
0
1.9694
-0.41613
0
0
0
0
0
0
0
0
0
0
-0.1045
0
0
0
0
0
0
0
0
0
0
0
0
0
0
0
0
0
-0.41613
0.74082
0
0
0
0
0
0
-0.22019
0
0
0
0
0
0
0
0
-10.1166
0
0
0
0
0
0
0
0
0
0
0
0
0
0
10.1166
0
0
0
0
0
0
0
0
0
0
0
0
0
0
0
0
0
0
-8.9086
0
0
0
0
0
0
0
0
0
0
0
8.9086
0
0
0
0
0
0
0
0
0
0
0
0
0
0
0
0
0
0
0
0
0
0
0
-2.9094
0
0
0
0
0
0
2.9094
0
0
0
0
0
0
0
0
-10.1166
0
0
0
0
0
0
0
0
0
0
0
0
0
0
0
0
0
0
0
0
0
10.1166
0
0
0
0
0
0
0
0
-10.1166
0
0
0
0
0
0
0
0
0
0
0
0
0
0
0
0
0
0
0
0
0
10.1166
0
0
0
0
0
0
0
0
0
0
0
0
0
0
0
0
0
0
0
-2.9094
0
0
0
0
0
0
0
0
0
0
2.9094
0
0
0
0
0
0
0
0
0
0
0
0
0
0
0
0
0
0
0
0
0
0
0
-0.22019
0
0
0
0
0
0
0.22019
0
0
0
0
0
0
0
0
0
0
0
0
0
-3.9457
0
0
0
0
0
0
0
0
0
0
0
0
0
0
0
0
3.9457
0
0
0
0
0
0
0
0
0
0
0
-8.9086
0
0
0
0
0
0
0
0
0
0
0
0
0
0
0
0
0
0
8.9086
