13.3587
-0.7229
-0.69544
-0.71596
-0.704
-0.7147
-0.704
-0.72124
-0.68947
-0.72741
-0.71037
-0.70639
-0.7164
-0.7164
0
0
0
0
0
-2.057
-2.057
0
0
0
0
0
0
0
0
0
-0.7229
10.2889
-0.7229
-0.69912
-0.69193
-0.69672
-0.69193
-0.70284
-0.68364
-0.70707
-0.69861
-0.683
-0.70501
-0.70501
-0.59741
-0.58087
0
0
0
0
0
0
0
0
0
0
0
0
0
0
-0.69544
-0.7229
13.3587
-0.71596
-0.704
-0.7147
-0.704
-0.72124
-0.68947
-0.72741
-0.71037
-0.70639
-0.7164
-0.7164
0
0
0
0
0
-2.057
-2.057
0
0
0
0
0
0
0
0
0
-0.71596
-0.69912
-0.71596
14.1055
-0.69592
-0.69365
-0.69592
-0.70566
-0.67679
-0.71073
-0.69948
-0.68407
-0.70795
-0.70795
0
0
0
0
0
0
0
0
0
-4.9964
0
0
0
0
0
0
-0.704
-0.69193
-0.704
-0.69592
8.9966
-0.69919
-0.6777
-0.6941
-0.67125
-0.69823
-0.68706
-0.68326
-0.695
-0.695
0
0
0
0
0
0
0
0
0
0
0
0
0
0
0
0
-0.7147
-0.69672
-0.7147
-0.69365
-0.69919
12.9181
-0.69919
-0.68935
-0.66841
-0.69212
-0.68734
0
0
0
-0.59169
-0.57941
0
0
0
0
0
0
0
0
-4.7916
0
0
0
0
0
-0.704
-0.69193
-0.704
-0.69592
-0.6777
-0.69919
8.9966
-0.6941
-0.67125
-0.69823
-0.68706
-0.68326
-0.695
-0.695
0
0
0
0
0
0
0
0
0
0
0
0
0
0
0
0
-0.72124
-0.70284
-0.72124
-0.70566
-0.6941
-0.68935
-0.6941
11.2543
-0.68005
-0.71121
-0.69861
0
0
0
0
0
0
0
0
0
0
0
0
0
0
0
-4.2359
0
0
0
-0.68947
-0.68364
-0.68947
-0.67679
-0.67125
-0.66841
-0.67125
-0.68005
6.8134
0
0
0
0
0
0
0
0
0
-0.69151
0
0
-0.69151
0
0
0
0
0
0
0
0
-0.72741
-0.70707
-0.72741
-0.71073
-0.69823
-0.69212
-0.69823
-0.71121
0
10.2973
-0.70805
0
0
0
0
0
0
0
0
0
0
0
0
0
0
0
0
0
0
-3.9168
-0.71037
-0.69861
-0.71037
-0.69948
-0.68706
-0.68734
-0.68706
-0.69861
0
-0.70805
6.2869
0
0
0
0
0
0
0
0
0
0
0
0
0
0
0
0
0
0
0
-0.70639
-0.683
-0.70639
-0.68407
-0.68326
0
-0.68326
0
0
0
0
13.0183
0
0
0
0
0
0
0
0
0
0
0
0
0
-4.436
0
0
-4.436
0
-0.7164
-0.70501
-0.7164
-0.70795
-0.695
0
-0.695
0
0
0
0
0
4.2357
0
0
0
0
0
0
0
0
0
0
0
0
0
0
0
0
0
-0.7164
-0.70501
-0.7164
-0.70795
-0.695
0
-0.695
0
0
0
0
0
0
4.2357
0
0
0
0
0
0
0
0
0
0
0
0
0
0
0
0
0
-0.59741
0
0
0
-0.59169
0
0
0
0
0
0
0
0
2.3983
0
0
-0.65696
0
0
0
0
-0.55225
0
0
0
0
0
0
0
0
-0.58087
0
0
0
-0.57941
0
0
0
0
0
0
0
0
0
1.7138
0
0
0
0
0
0
0
0
0
0
0
-0.55351
0
0
0
0
0
0
0
0
0
0
0
0
0
0
0
0
0
0
2.7682
-0.6793
-1.0445
0
0
-1.0445
0
0
0
0
0
0
0
0
0
0
0
0
0
0
0
0
0
0
0
0
0
0
-0.65696
0
-0.6793
1.3363
0
0
0
0
0
0
0
0
0
0
0
0
0
0
0
0
0
0
0
0
-0.69151
0
0
0
0
0
0
0
-1.0445
0
1.736
0
0
0
0
0
0
0
0
0
0
0
-2.057
0
-2.057
0
0
0
0
0
0
0
0
0
0
0
0
0
0
0
0
4.1141
0
0
0
0
0
0
0
0
0
0
-2.057
0
-2.057
0
0
0
0
0
0
0
0
0
0
0
0
0
0
0
0
0
4.1141
0
0
0
0
0
0
0
0
0
0
0
0
0
0
0
0
0
-0.69151
0
0
0
0
0
0
0
-1.0445
0
0
0
0
1.736
0
0
0
0
0
0
0
0
0
0
0
0
0
0
0
0
0
0
0
0
0
0
-0.55225
0
0
0
0
0
0
0
0.55225
0
0
0
0
0
0
0
0
0
0
-4.9964
0
0
0
0
0
0
0
0
0
0
0
0
0
0
0
0
0
0
0
4.9964
0
0
0
0
0
0
0
0
0
0
0
-4.7916
0
0
0
0
0
0
0
0
0
0
0
0
0
0
0
0
0
0
4.7916
0
0
0
0
0
0
0
0
0
0
0
0
0
0
0
0
-4.436
0
0
0
0
0
0
0
0
0
0
0
0
0
4.436
0
0
0
0
0
0
0
0
0
0
0
-4.2359
0
0
0
0
0
0
0
0
0
0
0
0
0
0
0
0
0
0
4.2359
0
0
0
0
0
0
0
0
0
0
0
0
0
0
0
0
0
0
-0.55351
0
0
0
0
0
0
0
0
0
0
0
0.55351
0
0
0
0
0
0
0
0
0
0
0
0
0
-4.436
0
0
0
0
0
0
0
0
0
0
0
0
0
0
0
0
4.436
0
0
0
0
0
0
0
0
0
0
-3.9168
0
0
0
0
0
0
0
0
0
0
0
0
0
0
0
0
0
0
0
3.9168
