42.1784
-0.60132
-0.53649
-0.60581
-0.59655
-0.62458
-0.63854
-0.5274
-0.5274
-0.5274
-0.5274
-0.5274
-0.5274
-0.47924
-0.54511
-0.5561
-0.5122
0
0
0
0
0
-11.106
0
-11.106
-11.106
0
0
0
0
-0.60132
16.0521
-0.65386
-0.69505
-0.67464
-0.66776
-0.68014
-0.56635
-0.56635
-0.56635
-0.56635
-0.56635
-0.56635
-0.51124
-0.5889
-0.59409
-0.58733
-1.1978
0
0
-5.2019
0
0
0
0
0
0
0
0
0
-0.53649
-0.65386
26.4354
-0.65864
-0.63641
-0.65009
-0.66344
-0.54833
-0.54833
-0.54833
-0.54833
-0.54833
-0.54833
-0.49625
-0.56673
-0.57672
-0.55028
0
0
0
0
-8.5782
0
0
0
0
0
0
0
-8.5782
-0.60581
-0.69505
-0.65864
17.6468
-0.67715
-0.6677
-0.66715
-0.56405
-0.56405
-0.56405
-0.56405
-0.56405
-0.56405
-0.50906
-0.58401
-0.59138
-0.59053
0
0
-2.8505
0
0
0
0
0
0
0
-5.1655
0
0
-0.59655
-0.67464
-0.63641
-0.67715
14.3431
-0.67773
-0.68793
-0.56542
-0.56542
-0.56542
-0.56542
-0.56542
-0.56542
-0.5094
-0.5891
-0.59429
-0.5876
0
0
0
0
0
0
0
0
0
-4.7198
0
0
0
-0.62458
-0.66776
-0.65009
-0.6677
-0.67773
10.7411
-0.67054
-0.5586
-0.5586
-0.5586
-0.5586
-0.5586
-0.5586
-0.50262
-0.5861
-0.58633
-0.58754
-1.1685
0
0
0
0
0
0
0
0
0
0
0
0
-0.63854
-0.68014
-0.66344
-0.66715
-0.68793
-0.67054
12.3275
-0.56165
-0.56165
-0.56165
-0.56165
-0.56165
-0.56165
-0.50529
-0.58737
-0.58907
-0.59745
0
0
-2.6706
0
0
0
0
0
0
0
0
0
0
-0.5274
-0.56635
-0.54833
-0.56405
-0.56542
-0.5586
-0.56165
8.0156
-0.44455
-0.44455
-0.44455
-0.44455
-0.44455
-0.41839
-0.49498
-0.4942
-0.49351
0
0
0
0
0
0
0
0
0
0
0
0
0
-0.5274
-0.56635
-0.54833
-0.56405
-0.56542
-0.5586
-0.56165
-0.44455
8.0156
-0.44455
-0.44455
-0.44455
-0.44455
-0.41839
-0.49498
-0.4942
-0.49351
0
0
0
0
0
0
0
0
0
0
0
0
0
-0.5274
-0.56635
-0.54833
-0.56405
-0.56542
-0.5586
-0.56165
-0.44455
-0.44455
8.0156
-0.44455
-0.44455
-0.44455
-0.41839
-0.49498
-0.4942
-0.49351
0
0
0
0
0
0
0
0
0
0
0
0
0
-0.5274
-0.56635
-0.54833
-0.56405
-0.56542
-0.5586
-0.56165
-0.44455
-0.44455
-0.44455
8.0156
-0.44455
-0.44455
-0.41839
-0.49498
-0.4942
-0.49351
0
0
0
0
0
0
0
0
0
0
0
0
0
-0.5274
-0.56635
-0.54833
-0.56405
-0.56542
-0.5586
-0.56165
-0.44455
-0.44455
-0.44455
-0.44455
8.0156
-0.44455
-0.41839
-0.49498
-0.4942
-0.49351
0
0
0
0
0
0
0
0
0
0
0
0
0
-0.5274
-0.56635
-0.54833
-0.56405
-0.56542
-0.5586
-0.56165
-0.44455
-0.44455
-0.44455
-0.44455
-0.44455
8.0156
-0.41839
-0.49498
-0.4942
-0.49351
0
0
0
0
0
0
0
0
0
0
0
0
0
-0.47924
-0.51124
-0.49625
-0.50906
-0.5094
-0.50262
-0.50529
-0.41839
-0.41839
-0.41839
-0.41839
-0.41839
-0.41839
6.7882
-0.35782
-0.40697
0
0
0
0
0
0
0
0
0
0
0
0
0
0
-0.54511
-0.5889
-0.56673
-0.58401
-0.5891
-0.5861
-0.58737
-0.49498
-0.49498
-0.49498
-0.49498
-0.49498
-0.49498
-0.35782
7.4795
0
0
0
-0.1045
0
0
0
0
0
0
0
0
0
0
0
-0.5561
-0.59409
-0.57672
-0.59138
-0.59429
-0.58633
-0.58907
-0.4942
-0.4942
-0.4942
-0.4942
-0.4942
-0.4942
-0.40697
0
7.4602
0
0
0
0
0
0
0
0
0
0
0
0
0
0
-0.5122
-0.58733
-0.55028
-0.59053
-0.5876
-0.58754
-0.59745
-0.49351
-0.49351
-0.49351
-0.49351
-0.49351
-0.49351
0
0
0
9.0312
0
0
0
0
0
0
0
0
0
0
0
-2.0573
0
0
-1.1978
0
0
0
-1.1685
0
0
0
0
0
0
0
0
0
0
0
2.8077
-0.44141
0
0
0
0
0
0
0
0
0
0
0
0
0
0
0
0
0
0
0
0
0
0
0
0
0
-0.1045
0
0
-0.44141
1.0105
0
0
0
0
-0.46462
0
0
0
0
0
0
0
0
0
-2.8505
0
0
-2.6706
0
0
0
0
0
0
0
0
0
0
0
0
5.5211
0
0
0
0
0
0
0
0
0
0
0
-5.2019
0
0
0
0
0
0
0
0
0
0
0
0
0
0
0
0
0
0
5.2019
0
0
0
0
0
0
0
0
0
0
0
-8.5782
0
0
0
0
0
0
0
0
0
0
0
0
0
0
0
0
0
0
8.5782
0
0
0
0
0
0
0
0
-11.106
0
0
0
0
0
0
0
0
0
0
0
0
0
0
0
0
0
0
0
0
0
11.106
0
0
0
0
0
0
0
0
0
0
0
0
0
0
0
0
0
0
0
0
0
0
0
0
0
-0.46462
0
0
0
0
0.46462
0
0
0
0
0
0
-11.106
0
0
0
0
0
0
0
0
0
0
0
0
0
0
0
0
0
0
0
0
0
0
0
11.106
0
0
0
0
0
-11.106
0
0
0
0
0
0
0
0
0
0
0
0
0
0
0
0
0
0
0
0
0
0
0
0
11.106
0
0
0
0
0
0
0
0
-4.7198
0
0
0
0
0
0
0
0
0
0
0
0
0
0
0
0
0
0
0
0
0
4.7198
0
0
0
0
0
0
-5.1655
0
0
0
0
0
0
0
0
0
0
0
0
0
0
0
0
0
0
0
0
0
0
0
5.1655
0
0
0
0
0
0
0
0
0
0
0
0
0
0
0
0
0
0
-2.0573
0
0
0
0
0
0
0
0
0
0
0
2.0573
0
0
0
-8.5782
0
0
0
0
0
0
0
0
0
0
0
0
0
0
0
0
0
0
0
0
0
0
0
0
0
0
8.5782
