38.2724
-0.40814
-0.41547
-0.41327
-0.40737
-0.40737
-0.41212
-0.40247
-0.40247
-0.40247
-0.40372
-0.36735
-0.41155
-0.40935
-0.4086
-0.43039
0
0
0
-10.7234
0
0
0
0
-10.7234
0
-10.7234
0
0
0
-0.40814
23.4695
-0.42837
-0.4253
-0.41603
-0.41603
-0.42441
-0.40979
-0.40979
-0.40979
-0.41665
-0.38313
-0.41829
-0.41545
-0.41462
-0.43482
0
0
0
0
-8.6194
0
0
0
0
0
0
0
-8.6194
0
-0.41547
-0.42837
6.6461
-0.42062
-0.41481
-0.41481
-0.42055
-0.40657
-0.40657
-0.40657
-0.42184
-0.38941
-0.41452
-0.41054
-0.40977
-0.42783
-0.25417
-0.18369
0
0
0
0
0
0
0
0
0
0
0
0
-0.41327
-0.4253
-0.42062
11.6502
-0.40999
-0.40999
-0.41762
-0.40186
-0.40186
-0.40186
-0.41094
-0.38483
-0.40837
-0.40491
-0.40413
-0.42162
0
0
0
0
0
0
0
0
0
-5.5131
0
0
0
0
-0.40737
-0.41603
-0.41481
-0.40999
6.2872
-0.39806
-0.40819
-0.39507
-0.39507
-0.39507
-0.40327
-0.38091
-0.40147
-0.39835
-0.39759
-0.41472
-0.25125
0
0
0
0
0
0
0
0
0
0
0
0
0
-0.40737
-0.41603
-0.41481
-0.40999
-0.39806
6.2872
-0.40819
-0.39507
-0.39507
-0.39507
-0.40327
-0.38091
-0.40147
-0.39835
-0.39759
-0.41472
-0.25125
0
0
0
0
0
0
0
0
0
0
0
0
0
-0.41212
-0.42441
-0.42055
-0.41762
-0.40819
-0.40819
10.7004
-0.40336
-0.40336
-0.40336
-0.41109
-0.38498
-0.40853
-0.40492
-0.40424
0
0
0
0
0
0
0
0
-4.9855
0
0
0
0
0
0
-0.40247
-0.40979
-0.40657
-0.40186
-0.39507
-0.39507
-0.40336
5.5244
-0.37718
-0.37718
-0.39977
-0.37878
-0.39443
-0.3918
-0.39108
0
0
0
0
0
0
0
0
0
0
0
0
0
0
0
-0.40247
-0.40979
-0.40657
-0.40186
-0.39507
-0.39507
-0.40336
-0.37718
5.5244
-0.37718
-0.39977
-0.37878
-0.39443
-0.3918
-0.39108
0
0
0
0
0
0
0
0
0
0
0
0
0
0
0
-0.40247
-0.40979
-0.40657
-0.40186
-0.39507
-0.39507
-0.40336
-0.37718
-0.37718
5.5244
-0.39977
-0.37878
-0.39443
-0.3918
-0.39108
0
0
0
0
0
0
0
0
0
0
0
0
0
0
0
-0.40372
-0.41665
-0.42184
-0.41094
-0.40327
-0.40327
-0.41109
-0.39977
-0.39977
-0.39977
8.2738
0
-0.39321
0
0
0
0
-0.18727
0
0
0
-3.6232
0
0
0
0
0
0
0
0
-0.36735
-0.38313
-0.38941
-0.38483
-0.38091
-0.38091
-0.38498
-0.37878
-0.37878
-0.37878
0
17.3477
0
0
0
0
0
0
-6.7699
0
0
0
-6.7699
0
0
0
0
0
0
0
-0.41155
-0.41829
-0.41452
-0.40837
-0.40147
-0.40147
-0.40853
-0.39443
-0.39443
-0.39443
-0.39321
0
4.8461
-0.40539
0
0
0
0
0
0
0
0
0
0
0
0
0
0
0
0
-0.40935
-0.41545
-0.41054
-0.40491
-0.39835
-0.39835
-0.40492
-0.3918
-0.3918
-0.3918
0
0
-0.40539
4.4227
0
0
0
0
0
0
0
0
0
0
0
0
0
0
0
0
-0.4086
-0.41462
-0.40977
-0.40413
-0.39759
-0.39759
-0.40424
-0.39108
-0.39108
-0.39108
0
0
0
0
4.0098
0
0
0
0
0
0
0
0
0
0
0
0
0
0
0
-0.43039
-0.43482
-0.42783
-0.42162
-0.41472
-0.41472
0
0
0
0
0
0
0
0
0
2.5441
0
0
0
0
0
0
0
0
0
0
0
0
0
0
0
0
-0.25417
0
-0.25125
-0.25125
0
0
0
0
0
0
0
0
0
0
0.86117
0
0
0
0
0
0
0
0
0
0
-0.1045
0
0
0
0
-0.18369
0
0
0
0
0
0
0
-0.18727
0
0
0
0
0
0
0.50201
0
0
0
0
0
0
0
0
0
0
0
-0.13105
0
0
0
0
0
0
0
0
0
0
0
-6.7699
0
0
0
0
0
0
6.7699
0
0
0
0
0
0
0
0
0
0
0
-10.7234
0
0
0
0
0
0
0
0
0
0
0
0
0
0
0
0
0
0
10.7234
0
0
0
0
0
0
0
0
0
0
0
-8.6194
0
0
0
0
0
0
0
0
0
0
0
0
0
0
0
0
0
0
8.6194
0
0
0
0
0
0
0
0
0
0
0
0
0
0
0
0
0
0
0
-3.6232
0
0
0
0
0
0
0
0
0
0
3.6232
0
0
0
0
0
0
0
0
0
0
0
0
0
0
0
0
0
0
0
-6.7699
0
0
0
0
0
0
0
0
0
0
6.7699
0
0
0
0
0
0
0
0
0
0
0
0
0
-4.9855
0
0
0
0
0
0
0
0
0
0
0
0
0
0
0
0
4.9855
0
0
0
0
0
0
-10.7234
0
0
0
0
0
0
0
0
0
0
0
0
0
0
0
0
0
0
0
0
0
0
0
10.7234
0
0
0
0
0
0
0
0
-5.5131
0
0
0
0
0
0
0
0
0
0
0
0
0
0
0
0
0
0
0
0
0
5.5131
0
0
0
0
-10.7234
0
0
0
0
0
0
0
0
0
0
0
0
0
0
0
0
0
0
0
0
0
0
0
0
0
10.7234
0
0
0
0
0
0
0
0
0
0
0
0
0
0
0
0
0
0
0
-0.1045
0
0
0
0
0
0
0
0
0
0
0.1045
0
0
0
-8.6194
0
0
0
0
0
0
0
0
0
0
0
0
0
0
0
0
0
0
0
0
0
0
0
0
0
0
8.6194
0
0
0
0
0
0
0
0
0
0
0
0
0
0
0
0
0
0
-0.13105
0
0
0
0
0
0
0
0
0
0
0
0.13105
