21.9284
-0.57072
-0.57403
-0.55495
-0.57364
-0.58573
-0.61689
-0.62476
-0.62476
-0.55224
-0.55224
-0.55224
-0.41249
-0.56207
-0.56207
-0.73714
-0.58166
-0.74573
-0.6635
0
-2.0824
0
-9.1991
0
0
0
0
0
0
0
-0.57072
12.3114
-0.55761
-0.54001
-0.56248
-0.57667
-0.61136
-0.6166
-0.6166
-0.53752
-0.53752
-0.53752
-0.4261
-0.54139
-0.54139
-0.71736
-0.55628
-0.70245
-0.6185
0
-1.9433
0
0
0
0
0
0
0
0
0
-0.57403
-0.55761
10.3745
-0.53923
-0.55926
-0.5724
-0.60618
-0.61104
-0.61104
-0.53699
-0.53699
-0.53699
-0.42253
-0.54349
-0.54349
-0.72067
-0.55969
-0.71057
-0.63231
0
0
0
0
0
0
0
0
0
0
0
-0.55495
-0.54001
-0.53923
9.4042
-0.53922
-0.54818
-0.58189
-0.58448
-0.58448
-0.51727
-0.51727
-0.51727
-0.40555
-0.52391
-0.52391
-0.70596
-0.53917
-0.68144
0
0
0
0
0
0
0
0
0
0
0
0
-0.57364
-0.56248
-0.55926
-0.53922
17.0302
-0.55415
-0.58278
-0.58892
-0.58892
-0.53039
-0.53039
-0.53039
-0.38987
-0.54443
-0.54443
-0.72071
-0.56418
0
0
0
0
0
0
0
0
0
0
0
0
-8.126
-0.58573
-0.57667
-0.5724
-0.54818
-0.55415
14.832
-0.58423
-0.59576
-0.59576
-0.5382
-0.5382
-0.5382
-0.39466
-0.5613
-0.5613
0
0
0
0
0
0
0
0
0
0
0
0
-7.0873
0
0
-0.61689
-0.61136
-0.60618
-0.58189
-0.58278
-0.58423
12.3365
-0.63574
-0.63574
-0.56983
-0.56983
-0.56983
0
0
0
0
0
0
0
-0.18726
0
-5.585
0
0
0
0
0
0
0
0
-0.62476
-0.6166
-0.61104
-0.58448
-0.58892
-0.59576
-0.63574
11.3967
-0.65913
-0.56697
-0.56697
-0.56697
0
0
0
0
0
0
0
0
0
0
0
-4.7793
0
0
0
0
0
0
-0.62476
-0.6166
-0.61104
-0.58448
-0.58892
-0.59576
-0.63574
-0.65913
11.3967
-0.56697
-0.56697
-0.56697
0
0
0
0
0
0
0
0
0
0
0
0
-4.7793
0
0
0
0
0
-0.55224
-0.53752
-0.53699
-0.51727
-0.53039
-0.5382
-0.56983
-0.56697
-0.56697
5.8448
-0.46419
-0.46419
0
0
0
0
0
0
0
0
0
0
0
0
0
0
0
0
0
0
-0.55224
-0.53752
-0.53699
-0.51727
-0.53039
-0.5382
-0.56983
-0.56697
-0.56697
-0.46419
5.8448
-0.46419
0
0
0
0
0
0
0
0
0
0
0
0
0
0
0
0
0
0
-0.55224
-0.53752
-0.53699
-0.51727
-0.53039
-0.5382
-0.56983
-0.56697
-0.56697
-0.46419
-0.46419
5.8448
0
0
0
0
0
0
0
0
0
0
0
0
0
0
0
0
0
0
-0.41249
-0.4261
-0.42253
-0.40555
-0.38987
-0.39466
0
0
0
0
0
0
14.7728
0
0
0
0
0
0
0
0
0
0
0
0
-6.1608
-6.1608
0
0
0
-0.56207
-0.54139
-0.54349
-0.52391
-0.54443
-0.5613
0
0
0
0
0
0
0
3.2766
0
0
0
0
0
0
0
0
0
0
0
0
0
0
0
0
-0.56207
-0.54139
-0.54349
-0.52391
-0.54443
-0.5613
0
0
0
0
0
0
0
0
3.2766
0
0
0
0
0
0
0
0
0
0
0
0
0
0
0
-0.73714
-0.71736
-0.72067
-0.70596
-0.72071
0
0
0
0
0
0
0
0
0
0
3.9379
0
0
0
-0.33604
0
0
0
0
0
0
0
0
0
0
-0.58166
-0.55628
-0.55969
-0.53917
-0.56418
0
0
0
0
0
0
0
0
0
0
0
2.801
0
0
0
0
0
0
0
0
0
0
0
0
0
-0.74573
-0.70245
-0.71057
-0.68144
0
0
0
0
0
0
0
0
0
0
0
0
0
2.8402
0
0
0
0
0
0
0
0
0
0
0
0
-0.6635
-0.6185
-0.63231
0
0
0
0
0
0
0
0
0
0
0
0
0
0
0
1.9143
0
0
0
0
0
0
0
0
0
0
0
0
0
0
0
0
0
-0.18726
0
0
0
0
0
0
0
0
-0.33604
0
0
0
0.62779
0
0
0
0
0
0
0
0
-0.1045
0
-2.0824
-1.9433
0
0
0
0
0
0
0
0
0
0
0
0
0
0
0
0
0
0
4.0258
0
0
0
0
0
0
0
0
0
0
0
0
0
0
0
-5.585
0
0
0
0
0
0
0
0
0
0
0
0
0
0
5.585
0
0
0
0
0
0
0
0
-9.1991
0
0
0
0
0
0
0
0
0
0
0
0
0
0
0
0
0
0
0
0
0
9.1991
0
0
0
0
0
0
0
0
0
0
0
0
0
0
-4.7793
0
0
0
0
0
0
0
0
0
0
0
0
0
0
0
4.7793
0
0
0
0
0
0
0
0
0
0
0
0
0
0
-4.7793
0
0
0
0
0
0
0
0
0
0
0
0
0
0
0
4.7793
0
0
0
0
0
0
0
0
0
0
0
0
0
0
0
0
0
-6.1608
0
0
0
0
0
0
0
0
0
0
0
0
6.1608
0
0
0
0
0
0
0
0
0
0
0
0
0
0
0
0
-6.1608
0
0
0
0
0
0
0
0
0
0
0
0
0
6.1608
0
0
0
0
0
0
0
0
-7.0873
0
0
0
0
0
0
0
0
0
0
0
0
0
0
0
0
0
0
0
0
0
7.0873
0
0
0
0
0
0
0
0
0
0
0
0
0
0
0
0
0
0
0
0
0
-0.1045
0
0
0
0
0
0
0
0
0.1045
0
0
0
0
0
-8.126
0
0
0
0
0
0
0
0
0
0
0
0
0
0
0
0
0
0
0
0
0
0
0
0
8.126
