28.1493
-0.84861
-0.85642
-0.85357
-0.8658
-0.86763
-0.83721
-0.83721
-0.83721
-0.83721
-0.79734
-0.85069
-0.85069
-0.84803
-0.85475
-0.82216
-0.89457
-0.82072
-0.82759
-0.94267
-0.5226
-1.1657
-1.9397
0
0
0
0
-8.3713
0
0
-0.84861
19.3906
-0.83989
-0.83773
-0.85123
-0.8499
-0.8208
-0.8208
-0.8208
-0.8208
-0.78182
-0.8329
-0.8329
-0.83476
-0.84209
-0.80503
-0.88311
-0.8124
-0.80968
-0.91747
-0.52654
-1.1259
-1.8754
0
0
0
0
0
0
0
-0.85642
-0.83989
17.62
-0.84293
-0.85482
-0.85551
-0.82591
-0.82591
-0.82591
-0.82591
-0.78645
-0.83856
-0.83856
-0.8377
-0.84488
-0.81045
-0.8858
-0.81462
-0.81551
-0.92601
-0.52784
-1.1404
0
0
0
0
0
0
0
0
-0.85357
-0.83773
-0.84293
16.4028
-0.85306
-0.85157
-0.82188
-0.82188
-0.82188
-0.82188
-0.78244
-0.83448
-0.83448
-0.83193
-0.83891
-0.80658
-0.87909
-0.80894
-0.81179
-0.92198
-0.52574
0
0
0
0
0
0
0
0
0
-0.8658
-0.85123
-0.85482
-0.85306
23.7772
-0.86736
-0.83645
-0.83645
-0.83645
-0.83645
-0.79586
-0.84998
-0.84998
-0.84552
-0.8521
-0.82123
-0.8917
-0.81862
-0.82688
-0.94297
0
0
0
0
0
0
0
0
-7.6442
0
-0.86763
-0.8499
-0.85551
-0.85157
-0.86736
16.1786
-0.83812
-0.83812
-0.83812
-0.83812
-0.79663
-0.85157
-0.85157
-0.85232
-0.85974
-0.82225
-0.90247
-0.82924
-0.82742
-0.94098
0
0
0
0
0
0
0
0
0
0
-0.83721
-0.8208
-0.82591
-0.82188
-0.83645
-0.83812
14.6813
-0.79388
-0.79388
-0.79388
-0.76735
-0.82133
-0.82133
-0.82142
-0.82817
-0.79358
-0.86785
-0.79968
-0.79856
0
0
0
0
0
0
0
0
0
0
0
-0.83721
-0.8208
-0.82591
-0.82188
-0.83645
-0.83812
-0.79388
14.6813
-0.79388
-0.79388
-0.76735
-0.82133
-0.82133
-0.82142
-0.82817
-0.79358
-0.86785
-0.79968
-0.79856
0
0
0
0
0
0
0
0
0
0
0
-0.83721
-0.8208
-0.82591
-0.82188
-0.83645
-0.83812
-0.79388
-0.79388
14.6813
-0.79388
-0.76735
-0.82133
-0.82133
-0.82142
-0.82817
-0.79358
-0.86785
-0.79968
-0.79856
0
0
0
0
0
0
0
0
0
0
0
-0.83721
-0.8208
-0.82591
-0.82188
-0.83645
-0.83812
-0.79388
-0.79388
-0.79388
14.6813
-0.76735
-0.82133
-0.82133
-0.82142
-0.82817
-0.79358
-0.86785
-0.79968
-0.79856
0
0
0
0
0
0
0
0
0
0
0
-0.79734
-0.78182
-0.78645
-0.78244
-0.79586
-0.79663
-0.76735
-0.76735
-0.76735
-0.76735
13.2044
-0.77405
-0.77405
-0.76506
-0.77226
-0.74556
-0.80905
0
-0.75445
0
0
0
0
0
0
0
0
0
0
0
-0.85069
-0.8329
-0.83856
-0.83448
-0.84998
-0.85157
-0.82133
-0.82133
-0.82133
-0.82133
-0.77405
12.4215
-0.80883
-0.85639
-0.84505
-0.79366
0
0
0
0
0
0
0
0
0
0
0
0
0
0
-0.85069
-0.8329
-0.83856
-0.83448
-0.84998
-0.85157
-0.82133
-0.82133
-0.82133
-0.82133
-0.77405
-0.80883
12.4215
-0.85639
-0.84505
-0.79366
0
0
0
0
0
0
0
0
0
0
0
0
0
0
-0.84803
-0.83476
-0.8377
-0.83193
-0.84552
-0.85232
-0.82142
-0.82142
-0.82142
-0.82142
-0.76506
-0.85639
-0.85639
17.1006
0
-0.76459
0
0
0
0
0
0
0
0
0
-5.5223
0
0
0
0
-0.85475
-0.84209
-0.84488
-0.83891
-0.8521
-0.85974
-0.82817
-0.82817
-0.82817
-0.82817
-0.77226
-0.84505
-0.84505
0
15.9009
0
0
0
0
0
0
0
0
-5.0334
0
0
0
0
0
0
-0.82216
-0.80503
-0.81045
-0.80658
-0.82123
-0.82225
-0.79358
-0.79358
-0.79358
-0.79358
-0.74556
-0.79366
-0.79366
-0.76459
0
11.1595
0
0
0
0
0
0
0
0
0
0
0
0
0
0
-0.89457
-0.88311
-0.8858
-0.87909
-0.8917
-0.90247
-0.86785
-0.86785
-0.86785
-0.86785
-0.80905
0
0
0
0
0
13.4077
0
0
0
0
0
0
0
0
0
-3.7905
0
0
0
-0.82072
-0.8124
-0.81462
-0.80894
-0.81862
-0.82924
-0.79968
-0.79968
-0.79968
-0.79968
0
0
0
0
0
0
0
10.9318
0
0
0
0
0
0
-2.8285
0
0
0
0
0
-0.82759
-0.80968
-0.81551
-0.81179
-0.82688
-0.82742
-0.79856
-0.79856
-0.79856
-0.79856
-0.75445
0
0
0
0
0
0
0
8.8676
0
0
0
0
0
0
0
0
0
0
0
-0.94267
-0.91747
-0.92601
-0.92198
-0.94297
-0.94098
0
0
0
0
0
0
0
0
0
0
0
0
0
5.5921
0
0
0
0
0
0
0
0
0
0
-0.5226
-0.52654
-0.52784
-0.52574
0
0
0
0
0
0
0
0
0
0
0
0
0
0
0
0
2.2072
0
0
0
0
0
0
0
0
-0.1045
-1.1657
-1.1259
-1.1404
0
0
0
0
0
0
0
0
0
0
0
0
0
0
0
0
0
0
3.432
0
0
0
0
0
0
0
0
-1.9397
-1.8754
0
0
0
0
0
0
0
0
0
0
0
0
0
0
0
0
0
0
0
0
3.8151
0
0
0
0
0
0
0
0
0
0
0
0
0
0
0
0
0
0
0
0
0
-5.0334
0
0
0
0
0
0
0
0
5.0334
0
0
0
0
0
0
0
0
0
0
0
0
0
0
0
0
0
0
0
0
0
0
0
-2.8285
0
0
0
0
0
0
2.8285
0
0
0
0
0
0
0
0
0
0
0
0
0
0
0
0
0
0
-5.5223
0
0
0
0
0
0
0
0
0
0
0
5.5223
0
0
0
0
0
0
0
0
0
0
0
0
0
0
0
0
0
0
0
0
-3.7905
0
0
0
0
0
0
0
0
0
3.7905
0
0
0
-8.3713
0
0
0
0
0
0
0
0
0
0
0
0
0
0
0
0
0
0
0
0
0
0
0
0
0
0
8.3713
0
0
0
0
0
0
-7.6442
0
0
0
0
0
0
0
0
0
0
0
0
0
0
0
0
0
0
0
0
0
0
0
7.6442
0
0
0
0
0
0
0
0
0
0
0
0
0
0
0
0
0
0
0
0
0
-0.1045
0
0
0
0
0
0
0
0
0.1045
