13.8528
-0.36382
-0.35355
-0.37765
-0.36293
-0.35516
-0.36937
-0.35749
-0.3514
-0.35749
-0.33867
-0.33867
-0.33867
-0.28999
-0.27023
0
-0.41207
-1.8617
0
0
0
0
0
0
0
0
0
0
0
-6.754
-0.36382
11.6745
-0.3499
-0.36778
-0.35527
-0.34376
-0.36207
-0.34781
-0.34414
-0.34781
-0.33177
-0.33177
-0.33177
-0.28316
-0.2648
0
-0.40889
0
0
0
0
0
0
0
0
0
-6.54
0
0
0
-0.35355
-0.3499
6.7872
-0.36514
-0.35253
-0.34538
-0.35829
-0.34466
-0.34044
-0.34466
-0.3274
-0.3274
-0.3274
-0.28921
-0.26572
0
-0.38692
-1.7086
0
0
0
0
0
0
0
0
0
0
0
0
-0.37765
-0.36778
-0.36514
9.9459
-0.36764
-0.3744
-0.36983
-0.36362
-0.35324
-0.36362
-0.34396
-0.34396
-0.34396
-0.29719
0
0
0
0
0
0
0
0
0
0
-5.3139
0
0
0
0
0
-0.36293
-0.35527
-0.35253
-0.36764
4.7013
-0.36363
-0.3621
-0.3502
-0.34492
-0.3502
-0.33425
-0.33425
-0.33425
-0.30204
0
-0.18705
0
0
0
0
0
0
0
0
0
0
0
0
0
0
-0.35516
-0.34376
-0.34538
-0.3744
-0.36363
20.6433
-0.3658
-0.34191
-0.34376
-0.34191
-0.32911
-0.32911
-0.32911
0
0
0
0
0
0
0
0
0
0
0
0
0
0
-8.2401
-8.2401
0
-0.36937
-0.36207
-0.35829
-0.36983
-0.3621
-0.3658
4.821
-0.35394
-0.34688
-0.35394
-0.33693
-0.33693
-0.33693
-0.29847
-0.26955
0
0
0
0
0
0
0
0
0
0
0
0
0
0
0
-0.35749
-0.34781
-0.34466
-0.36362
-0.3502
-0.34191
-0.35394
8.4587
-0.33894
-0.34478
-0.32502
-0.32502
-0.32502
0
0
0
0
0
0
0
-4.3403
0
0
0
0
0
0
0
0
0
-0.3514
-0.34414
-0.34044
-0.35324
-0.34492
-0.34376
-0.34688
-0.33894
4.3574
-0.33894
-0.32235
-0.32235
-0.32235
-0.28769
0
0
0
0
0
0
0
0
0
0
0
0
0
0
0
0
-0.35749
-0.34781
-0.34466
-0.36362
-0.3502
-0.34191
-0.35394
-0.34478
-0.33894
8.4587
-0.32502
-0.32502
-0.32502
0
0
0
0
0
0
0
0
0
0
0
0
-4.3403
0
0
0
0
-0.33867
-0.33177
-0.3274
-0.34396
-0.33425
-0.32911
-0.33693
-0.32502
-0.32235
-0.32502
3.9232
-0.30437
-0.30437
0
0
0
0
0
0
0
0
0
0
0
0
0
0
0
0
0
-0.33867
-0.33177
-0.3274
-0.34396
-0.33425
-0.32911
-0.33693
-0.32502
-0.32235
-0.32502
-0.30437
3.9232
-0.30437
0
0
0
0
0
0
0
0
0
0
0
0
0
0
0
0
0
-0.33867
-0.33177
-0.3274
-0.34396
-0.33425
-0.32911
-0.33693
-0.32502
-0.32235
-0.32502
-0.30437
-0.30437
3.9232
0
0
0
0
0
0
0
0
0
0
0
0
0
0
0
0
0
-0.28999
-0.28316
-0.28921
-0.29719
-0.30204
0
-0.29847
0
-0.28769
0
0
0
0
31.1455
0
-0.17563
0
0
-9.6407
-9.6407
0
0
0
-9.6407
0
0
0
0
0
0
-0.27023
-0.2648
-0.26572
0
0
0
-0.26955
0
0
0
0
0
0
0
1.1748
0
0
0
0
0
0
-0.1045
0
0
0
0
0
0
0
0
0
0
0
0
-0.18705
0
0
0
0
0
0
0
0
-0.17563
0
0.49914
0
0
0
0
0
0
-0.13646
0
0
0
0
0
0
0
-0.41207
-0.40889
-0.38692
0
0
0
0
0
0
0
0
0
0
0
0
0
1.2079
0
0
0
0
0
0
0
0
0
0
0
0
0
-1.8617
0
-1.7086
0
0
0
0
0
0
0
0
0
0
0
0
0
0
3.5703
0
0
0
0
0
0
0
0
0
0
0
0
0
0
0
0
0
0
0
0
0
0
0
0
0
-9.6407
0
0
0
0
9.6407
0
0
0
0
0
0
0
0
0
0
0
0
0
0
0
0
0
0
0
0
0
0
0
0
-9.6407
0
0
0
0
0
9.6407
0
0
0
0
0
0
0
0
0
0
0
0
0
0
0
0
0
-4.3403
0
0
0
0
0
0
0
0
0
0
0
0
4.3403
0
0
0
0
0
0
0
0
0
0
0
0
0
0
0
0
0
0
0
0
0
0
0
-0.1045
0
0
0
0
0
0
0.1045
0
0
0
0
0
0
0
0
0
0
0
0
0
0
0
0
0
0
0
0
0
0
0
-0.13646
0
0
0
0
0
0
0.13646
0
0
0
0
0
0
0
0
0
0
0
0
0
0
0
0
0
0
0
0
-9.6407
0
0
0
0
0
0
0
0
0
9.6407
0
0
0
0
0
0
0
0
0
-5.3139
0
0
0
0
0
0
0
0
0
0
0
0
0
0
0
0
0
0
0
0
5.3139
0
0
0
0
0
0
0
0
0
0
0
0
0
0
-4.3403
0
0
0
0
0
0
0
0
0
0
0
0
0
0
0
4.3403
0
0
0
0
0
-6.54
0
0
0
0
0
0
0
0
0
0
0
0
0
0
0
0
0
0
0
0
0
0
0
0
6.54
0
0
0
0
0
0
0
0
-8.2401
0
0
0
0
0
0
0
0
0
0
0
0
0
0
0
0
0
0
0
0
0
8.2401
0
0
0
0
0
0
0
-8.2401
0
0
0
0
0
0
0
0
0
0
0
0
0
0
0
0
0
0
0
0
0
0
8.2401
0
-6.754
0
0
0
0
0
0
0
0
0
0
0
0
0
0
0
0
0
0
0
0
0
0
0
0
0
0
0
0
6.754
