30.5779
-1.2734
-1.2734
-1.2662
-1.0231
-1.0231
-1.0231
-1.0231
-1.0231
-1.0231
-1.0231
-1.0231
-1.0231
-0.90358
-1.0397
-1.0507
-1.055
-1.0507
-1.017
-1.1166
-1.0919
-1.0568
-0.98374
0
0
0
-7.1916
0
0
0
-1.2734
26.0779
-1.2445
-1.2734
-1.0144
-1.0144
-1.0144
-1.0144
-1.0144
-1.0144
-1.0144
-1.0144
-1.0144
-0.8948
-1.0283
-1.0597
-1.0438
-1.0597
-1.0059
-1.1028
-1.078
-1.0712
-1.0004
-2.8124
0
0
0
0
0
0
-1.2734
-1.2445
26.0779
-1.2734
-1.0144
-1.0144
-1.0144
-1.0144
-1.0144
-1.0144
-1.0144
-1.0144
-1.0144
-0.8948
-1.0283
-1.0597
-1.0438
-1.0597
-1.0059
-1.1028
-1.078
-1.0712
-1.0004
-2.8124
0
0
0
0
0
0
-1.2662
-1.2734
-1.2734
30.5779
-1.0231
-1.0231
-1.0231
-1.0231
-1.0231
-1.0231
-1.0231
-1.0231
-1.0231
-0.90358
-1.0397
-1.0507
-1.055
-1.0507
-1.017
-1.1166
-1.0919
-1.0568
-0.98374
0
0
-7.1916
0
0
0
0
-1.0231
-1.0144
-1.0144
-1.0231
18.3432
-0.77522
-0.77522
-0.77522
-0.77522
-0.77522
-0.77522
-0.77522
-0.77522
-0.7002
-0.80372
-0.82251
-0.8159
-0.82251
-0.78634
-0.86382
-0.84331
-0.8317
-0.77656
0
0
0
0
0
0
0
-1.0231
-1.0144
-1.0144
-1.0231
-0.77522
18.3432
-0.77522
-0.77522
-0.77522
-0.77522
-0.77522
-0.77522
-0.77522
-0.7002
-0.80372
-0.82251
-0.8159
-0.82251
-0.78634
-0.86382
-0.84331
-0.8317
-0.77656
0
0
0
0
0
0
0
-1.0231
-1.0144
-1.0144
-1.0231
-0.77522
-0.77522
18.3432
-0.77522
-0.77522
-0.77522
-0.77522
-0.77522
-0.77522
-0.7002
-0.80372
-0.82251
-0.8159
-0.82251
-0.78634
-0.86382
-0.84331
-0.8317
-0.77656
0
0
0
0
0
0
0
-1.0231
-1.0144
-1.0144
-1.0231
-0.77522
-0.77522
-0.77522
18.3432
-0.77522
-0.77522
-0.77522
-0.77522
-0.77522
-0.7002
-0.80372
-0.82251
-0.8159
-0.82251
-0.78634
-0.86382
-0.84331
-0.8317
-0.77656
0
0
0
0
0
0
0
-1.0231
-1.0144
-1.0144
-1.0231
-0.77522
-0.77522
-0.77522
-0.77522
18.3432
-0.77522
-0.77522
-0.77522
-0.77522
-0.7002
-0.80372
-0.82251
-0.8159
-0.82251
-0.78634
-0.86382
-0.84331
-0.8317
-0.77656
0
0
0
0
0
0
0
-1.0231
-1.0144
-1.0144
-1.0231
-0.77522
-0.77522
-0.77522
-0.77522
-0.77522
18.3432
-0.77522
-0.77522
-0.77522
-0.7002
-0.80372
-0.82251
-0.8159
-0.82251
-0.78634
-0.86382
-0.84331
-0.8317
-0.77656
0
0
0
0
0
0
0
-1.0231
-1.0144
-1.0144
-1.0231
-0.77522
-0.77522
-0.77522
-0.77522
-0.77522
-0.77522
18.3432
-0.77522
-0.77522
-0.7002
-0.80372
-0.82251
-0.8159
-0.82251
-0.78634
-0.86382
-0.84331
-0.8317
-0.77656
0
0
0
0
0
0
0
-1.0231
-1.0144
-1.0144
-1.0231
-0.77522
-0.77522
-0.77522
-0.77522
-0.77522
-0.77522
-0.77522
18.3432
-0.77522
-0.7002
-0.80372
-0.82251
-0.8159
-0.82251
-0.78634
-0.86382
-0.84331
-0.8317
-0.77656
0
0
0
0
0
0
0
-1.0231
-1.0144
-1.0144
-1.0231
-0.77522
-0.77522
-0.77522
-0.77522
-0.77522
-0.77522
-0.77522
-0.77522
18.3432
-0.7002
-0.80372
-0.82251
-0.8159
-0.82251
-0.78634
-0.86382
-0.84331
-0.8317
-0.77656
0
0
0
0
0
0
0
-0.90358
-0.8948
-0.8948
-0.90358
-0.7002
-0.7002
-0.7002
-0.7002
-0.7002
-0.7002
-0.7002
-0.7002
-0.7002
15.4817
-0.6905
-0.68887
-0.69722
-0.68887
-0.66922
-0.73141
-0.71507
-0.70204
0
0
0
0
0
0
0
0
-1.0397
-1.0283
-1.0283
-1.0397
-0.80372
-0.80372
-0.80372
-0.80372
-0.80372
-0.80372
-0.80372
-0.80372
-0.80372
-0.6905
16.9633
-0.81208
-0.81097
-0.81208
-0.77486
-0.85499
-0.83836
0
0
0
0
0
0
0
0
0
-1.0507
-1.0597
-1.0597
-1.0507
-0.82251
-0.82251
-0.82251
-0.82251
-0.82251
-0.82251
-0.82251
-0.82251
-0.82251
-0.68887
-0.81208
20.7031
-0.83174
-0.8107
-0.75545
0
0
0
0
0
-5.181
0
0
0
0
0
-1.055
-1.0438
-1.0438
-1.055
-0.8159
-0.8159
-0.8159
-0.8159
-0.8159
-0.8159
-0.8159
-0.8159
-0.8159
-0.69722
-0.81097
-0.83174
16.3518
-0.83174
-0.77174
-0.86762
0
0
0
0
0
0
0
0
0
0
-1.0507
-1.0597
-1.0597
-1.0507
-0.82251
-0.82251
-0.82251
-0.82251
-0.82251
-0.82251
-0.82251
-0.82251
-0.82251
-0.68887
-0.81208
-0.8107
-0.83174
20.7031
-0.75545
0
0
0
0
0
0
0
0
0
-5.181
0
-1.017
-1.0059
-1.0059
-1.017
-0.78634
-0.78634
-0.78634
-0.78634
-0.78634
-0.78634
-0.78634
-0.78634
-0.78634
-0.66922
-0.77486
-0.75545
-0.77174
-0.75545
14.8497
0
0
0
0
0
0
0
0
0
0
0
-1.1166
-1.1028
-1.1028
-1.1166
-0.86382
-0.86382
-0.86382
-0.86382
-0.86382
-0.86382
-0.86382
-0.86382
-0.86382
-0.73141
-0.85499
0
-0.86762
0
0
14.667
0
0
0
0
0
0
0
0
0
0
-1.0919
-1.078
-1.078
-1.0919
-0.84331
-0.84331
-0.84331
-0.84331
-0.84331
-0.84331
-0.84331
-0.84331
-0.84331
-0.71507
-0.83836
0
0
0
0
0
13.483
0
0
0
0
0
0
0
0
0
-1.0568
-1.0712
-1.0712
-1.0568
-0.8317
-0.8317
-0.8317
-0.8317
-0.8317
-0.8317
-0.8317
-0.8317
-0.8317
-0.70204
0
0
0
0
0
0
0
15.0681
0
0
0
0
0
-2.6248
0
0
-0.98374
-1.0004
-1.0004
-0.98374
-0.77656
-0.77656
-0.77656
-0.77656
-0.77656
-0.77656
-0.77656
-0.77656
-0.77656
0
0
0
0
0
0
0
0
0
12.6454
0
0
0
0
0
0
-1.6881
0
-2.8124
-2.8124
0
0
0
0
0
0
0
0
0
0
0
0
0
0
0
0
0
0
0
0
5.6249
0
0
0
0
0
0
0
0
0
0
0
0
0
0
0
0
0
0
0
0
0
-5.181
0
0
0
0
0
0
0
0
5.181
0
0
0
0
0
0
0
0
-7.1916
0
0
0
0
0
0
0
0
0
0
0
0
0
0
0
0
0
0
0
0
0
7.1916
0
0
0
0
-7.1916
0
0
0
0
0
0
0
0
0
0
0
0
0
0
0
0
0
0
0
0
0
0
0
0
0
7.1916
0
0
0
0
0
0
0
0
0
0
0
0
0
0
0
0
0
0
0
0
0
0
0
0
-2.6248
0
0
0
0
0
2.6248
0
0
0
0
0
0
0
0
0
0
0
0
0
0
0
0
0
0
0
-5.181
0
0
0
0
0
0
0
0
0
0
5.181
0
0
0
0
0
0
0
0
0
0
0
0
0
0
0
0
0
0
0
0
0
0
0
-1.6881
0
0
0
0
0
0
1.6881
