30.574
-0.60052
-0.65437
-0.66105
-0.66105
-0.61727
-0.6137
-0.6137
-0.60868
-0.53855
-0.53855
-0.53855
-0.53855
-0.60616
-0.58724
-0.58724
-0.64695
0
-0.77457
0
0
0
-10.0937
0
0
-10.0937
0
0
0
0
-0.60052
28.7131
-0.66484
-0.67304
-0.67304
-0.63186
-0.62994
-0.62994
-0.63123
-0.55016
-0.55016
-0.55016
-0.55016
-0.61934
-0.60221
-0.60221
0
0
0
-0.22985
0
-9.6622
0
-9.6622
0
0
0
0
0
0
-0.65437
-0.66484
10.2756
-0.71205
-0.71205
-0.6592
-0.63938
-0.63938
-0.64254
-0.55912
-0.55912
-0.55912
-0.55912
-0.65637
-0.61212
-0.61212
-0.66136
-0.17336
0
0
0
0
0
0
0
0
0
0
0
0
-0.66105
-0.67304
-0.71205
17.0143
-0.73344
-0.67742
-0.65642
-0.65642
-0.65802
-0.57322
-0.57322
-0.57322
-0.57322
-0.66832
-0.62824
-0.62824
-0.68265
0
0
0
0
0
0
0
0
0
0
0
0
-6.6862
-0.66105
-0.67304
-0.71205
-0.73344
17.0143
-0.67742
-0.65642
-0.65642
-0.65802
-0.57322
-0.57322
-0.57322
-0.57322
-0.66832
-0.62824
-0.62824
-0.68265
0
0
0
0
0
0
0
0
0
0
0
-6.6862
0
-0.61727
-0.63186
-0.6592
-0.67742
-0.67742
15.0488
-0.61509
-0.61509
-0.60837
-0.52787
-0.52787
-0.52787
-0.52787
-0.61722
-0.58254
-0.58254
0
0
0
0
-6.0533
0
0
0
0
0
0
0
0
0
-0.6137
-0.62994
-0.63938
-0.65642
-0.65642
-0.61509
9.4211
-0.57711
-0.59902
-0.5177
-0.5177
-0.5177
-0.5177
-0.61042
-0.57037
-0.57037
-0.61203
0
0
0
0
0
0
0
0
0
0
0
0
0
-0.6137
-0.62994
-0.63938
-0.65642
-0.65642
-0.61509
-0.57711
9.4211
-0.59902
-0.5177
-0.5177
-0.5177
-0.5177
-0.61042
-0.57037
-0.57037
-0.61203
0
0
0
0
0
0
0
0
0
0
0
0
0
-0.60868
-0.63123
-0.64254
-0.65802
-0.65802
-0.60837
-0.59902
-0.59902
9.0408
-0.51538
-0.51538
-0.51538
-0.51538
-0.60236
-0.56825
-0.56825
0
0
0
-0.23552
0
0
0
0
0
0
0
0
0
0
-0.53855
-0.55016
-0.55912
-0.57322
-0.57322
-0.52787
-0.5177
-0.5177
-0.51538
7.6987
-0.43867
-0.43867
-0.43867
-0.51875
-0.49549
-0.49549
0
0
0
0
0
0
0
0
0
0
0
0
0
0
-0.53855
-0.55016
-0.55912
-0.57322
-0.57322
-0.52787
-0.5177
-0.5177
-0.51538
-0.43867
7.6987
-0.43867
-0.43867
-0.51875
-0.49549
-0.49549
0
0
0
0
0
0
0
0
0
0
0
0
0
0
-0.53855
-0.55016
-0.55912
-0.57322
-0.57322
-0.52787
-0.5177
-0.5177
-0.51538
-0.43867
-0.43867
7.6987
-0.43867
-0.51875
-0.49549
-0.49549
0
0
0
0
0
0
0
0
0
0
0
0
0
0
-0.53855
-0.55016
-0.55912
-0.57322
-0.57322
-0.52787
-0.5177
-0.5177
-0.51538
-0.43867
-0.43867
-0.43867
7.6987
-0.51875
-0.49549
-0.49549
0
0
0
0
0
0
0
0
0
0
0
0
0
0
-0.60616
-0.61934
-0.65637
-0.66832
-0.66832
-0.61722
-0.61042
-0.61042
-0.60236
-0.51875
-0.51875
-0.51875
-0.51875
13.7626
0
0
0
0
-0.72924
0
0
0
0
0
0
0
0
-5.2995
0
0
-0.58724
-0.60221
-0.61212
-0.62824
-0.62824
-0.58254
-0.57037
-0.57037
-0.56825
-0.49549
-0.49549
-0.49549
-0.49549
0
7.3315
0
0
0
0
0
0
0
0
0
0
0
0
0
0
0
-0.58724
-0.60221
-0.61212
-0.62824
-0.62824
-0.58254
-0.57037
-0.57037
-0.56825
-0.49549
-0.49549
-0.49549
-0.49549
0
0
7.3315
0
0
0
0
0
0
0
0
0
0
0
0
0
0
-0.64695
0
-0.66136
-0.68265
-0.68265
0
-0.61203
-0.61203
0
0
0
0
0
0
0
0
3.8977
0
0
0
0
0
0
0
0
0
0
0
0
0
0
0
-0.17336
0
0
0
0
0
0
0
0
0
0
0
0
0
0
1.0585
-0.58693
0
0
0
0
0
0
0
-0.29824
0
0
0
-0.77457
0
0
0
0
0
0
0
0
0
0
0
0
-0.72924
0
0
0
-0.58693
2.0907
0
0
0
0
0
0
0
0
0
0
0
0
-0.22985
0
0
0
0
0
0
-0.23552
0
0
0
0
0
0
0
0
0
0
0.56987
0
0
0
0
-0.1045
0
0
0
0
0
0
0
0
0
0
-6.0533
0
0
0
0
0
0
0
0
0
0
0
0
0
0
6.0533
0
0
0
0
0
0
0
0
0
0
-9.6622
0
0
0
0
0
0
0
0
0
0
0
0
0
0
0
0
0
0
0
9.6622
0
0
0
0
0
0
0
0
-10.0937
0
0
0
0
0
0
0
0
0
0
0
0
0
0
0
0
0
0
0
0
0
10.0937
0
0
0
0
0
0
0
0
-9.6622
0
0
0
0
0
0
0
0
0
0
0
0
0
0
0
0
0
0
0
0
0
9.6622
0
0
0
0
0
0
0
0
0
0
0
0
0
0
0
0
0
0
0
0
0
0
0
0
0
-0.1045
0
0
0
0
0.1045
0
0
0
0
0
-10.0937
0
0
0
0
0
0
0
0
0
0
0
0
0
0
0
0
0
0
0
0
0
0
0
0
10.0937
0
0
0
0
0
0
0
0
0
0
0
0
0
0
0
0
0
0
0
0
0
-0.29824
0
0
0
0
0
0
0
0
0.29824
0
0
0
0
0
0
0
0
0
0
0
0
0
0
0
0
-5.2995
0
0
0
0
0
0
0
0
0
0
0
0
0
5.2995
0
0
0
0
0
0
-6.6862
0
0
0
0
0
0
0
0
0
0
0
0
0
0
0
0
0
0
0
0
0
0
0
6.6862
0
0
0
0
-6.6862
0
0
0
0
0
0
0
0
0
0
0
0
0
0
0
0
0
0
0
0
0
0
0
0
0
6.6862
