20.0116
-0.75028
-0.75028
-0.75028
-0.75028
-0.66294
-0.66683
-0.66683
-0.67098
-0.69897
-0.70568
-0.73909
-0.71229
-0.73909
-0.66664
-0.70921
-0.66589
-0.66589
-0.70352
-0.70352
0
0
0
0
0
0
0
-6.6331
0
0
-0.75028
20.0116
-0.75028
-0.75028
-0.75028
-0.66294
-0.66683
-0.66683
-0.67098
-0.69897
-0.70568
-0.73909
-0.71229
-0.73909
-0.66664
-0.70921
-0.66589
-0.66589
-0.70352
-0.70352
-6.6331
0
0
0
0
0
0
0
0
0
-0.75028
-0.75028
20.0116
-0.75028
-0.75028
-0.66294
-0.66683
-0.66683
-0.67098
-0.69897
-0.70568
-0.73909
-0.71229
-0.73909
-0.66664
-0.70921
-0.66589
-0.66589
-0.70352
-0.70352
0
0
0
0
0
0
0
0
-6.6331
0
-0.75028
-0.75028
-0.75028
20.0116
-0.75028
-0.66294
-0.66683
-0.66683
-0.67098
-0.69897
-0.70568
-0.73909
-0.71229
-0.73909
-0.66664
-0.70921
-0.66589
-0.66589
-0.70352
-0.70352
0
0
0
0
0
0
0
0
0
-6.6331
-0.75028
-0.75028
-0.75028
-0.75028
20.0116
-0.66294
-0.66683
-0.66683
-0.67098
-0.69897
-0.70568
-0.73909
-0.71229
-0.73909
-0.66664
-0.70921
-0.66589
-0.66589
-0.70352
-0.70352
0
0
0
0
-6.6331
0
0
0
0
0
-0.66294
-0.66294
-0.66294
-0.66294
-0.66294
26.8664
-0.60689
-0.60689
-0.58535
-0.6203
-0.62687
-0.65389
-0.61332
-0.65389
-0.57638
-0.62973
-0.59446
-0.59446
0
0
0
-8.0946
0
0
0
0
-8.0946
0
0
0
-0.66683
-0.66683
-0.66683
-0.66683
-0.66683
-0.60689
12.08
-0.60138
-0.60483
-0.62843
-0.6334
-0.66093
-0.64504
-0.66093
-0.60832
-0.63633
-0.60029
-0.60029
-0.62939
-0.62939
0
0
0
0
0
0
0
0
0
0
-0.66683
-0.66683
-0.66683
-0.66683
-0.66683
-0.60689
-0.60138
12.08
-0.60483
-0.62843
-0.6334
-0.66093
-0.64504
-0.66093
-0.60832
-0.63633
-0.60029
-0.60029
-0.62939
-0.62939
0
0
0
0
0
0
0
0
0
0
-0.67098
-0.67098
-0.67098
-0.67098
-0.67098
-0.58535
-0.60483
-0.60483
16.2209
-0.62803
-0.63354
-0.66108
-0.6364
-0.66108
-0.59918
-0.63647
-0.60038
-0.60038
0
0
0
0
0
-5.4144
0
0
0
0
0
0
-0.69897
-0.69897
-0.69897
-0.69897
-0.69897
-0.6203
-0.62843
-0.62843
-0.62803
9.431
-0.67164
-0.70221
-0.68007
-0.70221
0
-0.67488
0
0
0
0
0
0
0
0
0
0
0
0
0
0
-0.70568
-0.70568
-0.70568
-0.70568
-0.70568
-0.62687
-0.6334
-0.6334
-0.63354
-0.67164
8.139
-0.70589
0
-0.70589
0
0
0
0
0
0
0
0
0
0
0
0
0
0
0
0
-0.73909
-0.73909
-0.73909
-0.73909
-0.73909
-0.65389
-0.66093
-0.66093
-0.66108
-0.70221
-0.70589
7.7404
0
0
0
0
0
0
0
0
0
0
0
0
0
0
0
0
0
0
-0.71229
-0.71229
-0.71229
-0.71229
-0.71229
-0.61332
-0.64504
-0.64504
-0.6364
-0.68007
0
0
6.9799
0
0
0
0
0
0
0
0
0
-0.19858
0
0
0
0
0
0
0
-0.73909
-0.73909
-0.73909
-0.73909
-0.73909
-0.65389
-0.66093
-0.66093
-0.66108
-0.70221
-0.70589
0
0
7.7404
0
0
0
0
0
0
0
0
0
0
0
0
0
0
0
0
-0.66664
-0.66664
-0.66664
-0.66664
-0.66664
-0.57638
-0.60832
-0.60832
-0.59918
0
0
0
0
0
5.8299
0
0
0
0
0
0
0
0
0
0
-0.1045
0
0
0
0
-0.70921
-0.70921
-0.70921
-0.70921
-0.70921
-0.62973
-0.63633
-0.63633
-0.63647
-0.67488
0
0
0
0
0
6.7598
0
0
0
0
0
0
0
0
0
0
0
0
0
0
-0.66589
-0.66589
-0.66589
-0.66589
-0.66589
-0.59446
-0.60029
-0.60029
-0.60038
0
0
0
0
0
0
0
5.7249
0
0
0
0
0
0
0
0
0
0
0
0
0
-0.66589
-0.66589
-0.66589
-0.66589
-0.66589
-0.59446
-0.60029
-0.60029
-0.60038
0
0
0
0
0
0
0
0
5.7249
0
0
0
0
0
0
0
0
0
0
0
0
-0.70352
-0.70352
-0.70352
-0.70352
-0.70352
0
-0.62939
-0.62939
0
0
0
0
0
0
0
0
0
0
4.7764
0
0
0
0
0
0
0
0
0
0
0
-0.70352
-0.70352
-0.70352
-0.70352
-0.70352
0
-0.62939
-0.62939
0
0
0
0
0
0
0
0
0
0
0
4.7764
0
0
0
0
0
0
0
0
0
0
0
-6.6331
0
0
0
0
0
0
0
0
0
0
0
0
0
0
0
0
0
0
6.6331
0
0
0
0
0
0
0
0
0
0
0
0
0
0
-8.0946
0
0
0
0
0
0
0
0
0
0
0
0
0
0
0
8.0946
0
0
0
0
0
0
0
0
0
0
0
0
0
0
0
0
0
0
0
0
-0.19858
0
0
0
0
0
0
0
0
0
0.19858
0
0
0
0
0
0
0
0
0
0
0
0
0
0
0
-5.4144
0
0
0
0
0
0
0
0
0
0
0
0
0
0
5.4144
0
0
0
0
0
0
0
0
0
0
-6.6331
0
0
0
0
0
0
0
0
0
0
0
0
0
0
0
0
0
0
0
6.6331
0
0
0
0
0
0
0
0
0
0
0
0
0
0
0
0
0
0
0
-0.1045
0
0
0
0
0
0
0
0
0
0
0.1045
0
0
0
0
0
0
0
0
0
-8.0946
0
0
0
0
0
0
0
0
0
0
0
0
0
0
0
0
0
0
0
0
8.0946
0
0
0
-6.6331
0
0
0
0
0
0
0
0
0
0
0
0
0
0
0
0
0
0
0
0
0
0
0
0
0
0
6.6331
0
0
0
0
-6.6331
0
0
0
0
0
0
0
0
0
0
0
0
0
0
0
0
0
0
0
0
0
0
0
0
0
6.6331
0
0
0
0
-6.6331
0
0
0
0
0
0
0
0
0
0
0
0
0
0
0
0
0
0
0
0
0
0
0
0
0
6.6331
