14.7518
-0.68102
-0.65138
-0.65138
-0.67279
-0.60756
-0.66098
-0.6633
-0.68672
-0.66225
-0.66558
-0.65485
-0.61198
-0.65333
-1.0251
-0.73338
-0.74758
-0.62863
0
0
0
0
-3.094
0
0
0
0
0
0
0
-0.68102
14.3705
-0.66504
-0.66504
-0.6949
-0.61877
-0.67989
-0.67827
-0.70463
-0.67928
-0.67994
-0.6824
-0.62505
-0.66703
-1.0405
-0.75324
-0.75921
0
0
0
0
0
-3.0963
0
0
0
0
0
0
0
-0.65138
-0.66504
10.5508
-0.59013
-0.67046
-0.57281
-0.62908
-0.63265
-0.64835
-0.63259
-0.63281
-0.63215
-0.5814
-0.62121
-0.97119
-0.70747
-0.71207
0
0
0
0
0
0
0
0
0
0
0
0
0
-0.65138
-0.66504
-0.59013
10.5508
-0.67046
-0.57281
-0.62908
-0.63265
-0.64835
-0.63259
-0.63281
-0.63215
-0.5814
-0.62121
-0.97119
-0.70747
-0.71207
0
0
0
0
0
0
0
0
0
0
0
0
0
-0.67279
-0.6949
-0.67046
-0.67046
22.6315
-0.59649
-0.60178
-0.64319
-0.64773
-0.63212
-0.64745
-0.5599
-0.59424
-0.63832
-1.0316
0
0
0
0
0
0
0
0
0
0
-6.6651
0
0
0
-6.6651
-0.60756
-0.61877
-0.57281
-0.57281
-0.59649
9.1535
-0.58256
-0.58985
-0.59638
-0.58212
-0.58453
-0.57938
-0.53627
-0.57309
-0.9035
0
-0.65738
0
0
0
0
0
0
0
0
0
0
0
0
0
-0.66098
-0.67989
-0.62908
-0.62908
-0.60178
-0.58256
12.666
-0.6335
-0.63574
-0.61838
-0.62492
-0.58713
-0.57218
-0.61324
0
0
0
0
0
0
0
0
0
0
0
0
0
-4.5975
0
0
-0.6633
-0.67827
-0.63265
-0.63265
-0.64319
-0.58985
-0.6335
8.2046
-0.64217
-0.62747
-0.62566
-0.6506
-0.57158
-0.61371
0
0
0
0
0
0
0
0
0
0
0
0
0
0
0
0
-0.68672
-0.70463
-0.64835
-0.64835
-0.64773
-0.59638
-0.63574
-0.64217
12.8668
-0.64696
-0.68096
0
-0.57548
0
0
0
0
0
0
0
0
0
0
-5.7533
0
0
0
0
0
0
-0.66225
-0.67928
-0.63259
-0.63259
-0.63212
-0.58212
-0.61838
-0.62747
-0.64696
9.4485
-0.66682
0
-0.56254
0
0
0
0
0
0
-2.5054
0
0
0
0
0
0
0
0
0
0
-0.66558
-0.67994
-0.63281
-0.63281
-0.64745
-0.58453
-0.62492
-0.62566
-0.68096
-0.66682
7.6469
0
-0.57485
-0.63056
0
0
0
0
0
0
0
0
0
0
0
0
0
0
0
0
-0.65485
-0.6824
-0.63215
-0.63215
-0.5599
-0.57938
-0.58713
-0.6506
0
0
0
13.9049
0
0
0
0
0
0
-3.4804
0
-0.13286
-1.9248
0
0
0
0
0
0
-3.3882
0
-0.61198
-0.62505
-0.5814
-0.5814
-0.59424
-0.53627
-0.57218
-0.57158
-0.57548
-0.56254
-0.57485
0
6.387
0
0
0
0
0
0
0
0
0
0
0
0
0
0
0
0
0
-0.65333
-0.66703
-0.62121
-0.62121
-0.63832
-0.57309
-0.61324
-0.61371
0
0
-0.63056
0
0
5.6317
0
0
0
0
0
0
0
0
0
0
0
0
0
0
0
0
-1.0251
-1.0405
-0.97119
-0.97119
-1.0316
-0.9035
0
0
0
0
0
0
0
0
5.9431
0
0
0
0
0
0
0
0
0
0
0
0
0
0
0
-0.73338
-0.75324
-0.70747
-0.70747
0
0
0
0
0
0
0
0
0
0
0
3.5589
0
-0.65733
0
0
0
0
0
0
0
0
0
0
0
0
-0.74758
-0.75921
-0.71207
-0.71207
0
-0.65738
0
0
0
0
0
0
0
0
0
0
3.5883
0
0
0
0
0
0
0
0
0
0
0
0
0
-0.62863
0
0
0
0
0
0
0
0
0
0
0
0
0
0
-0.65733
0
4.5223
0
0
0
-1.8225
0
0
-1.4138
0
0
0
0
0
0
0
0
0
0
0
0
0
0
0
0
-3.4804
0
0
0
0
0
0
7.6117
-2.1943
0
0
0
-1.9371
0
0
0
0
0
0
0
0
0
0
0
0
0
0
0
-2.5054
0
0
0
0
0
0
0
0
-2.1943
6.0817
-1.382
0
0
0
0
0
0
0
0
0
0
0
0
0
0
0
0
0
0
0
0
-0.13286
0
0
0
0
0
0
0
-1.382
2.5432
0
0
0
0
0
-1.0283
0
0
0
0
0
0
0
0
0
0
0
0
0
0
-1.9248
0
0
0
0
0
-1.8225
0
0
0
3.7473
0
0
0
0
0
0
0
0
-3.094
-3.0963
0
0
0
0
0
0
0
0
0
0
0
0
0
0
0
0
0
0
0
0
6.1902
0
0
0
0
0
0
0
0
0
0
0
0
0
0
0
-5.7533
0
0
0
0
0
0
0
0
0
-1.9371
0
0
0
0
7.6903
0
0
0
0
0
0
0
0
0
0
0
0
0
0
0
0
0
0
0
0
0
0
0
-1.4138
0
0
0
0
0
0
1.4138
0
0
0
0
0
0
0
0
0
-6.6651
0
0
0
0
0
0
0
0
0
0
0
0
0
0
0
0
0
0
0
0
6.6651
0
0
0
0
0
0
0
0
0
0
0
0
0
0
0
0
0
0
0
0
0
0
0
0
-1.0283
0
0
0
0
0
1.0283
0
0
0
0
0
0
0
0
0
-4.5975
0
0
0
0
0
0
0
0
0
0
0
0
0
0
0
0
0
0
0
0
4.5975
0
0
0
0
0
0
0
0
0
0
0
0
0
-3.3882
0
0
0
0
0
0
0
0
0
0
0
0
0
0
0
0
3.3882
0
0
0
0
0
-6.6651
0
0
0
0
0
0
0
0
0
0
0
0
0
0
0
0
0
0
0
0
0
0
0
0
6.6651
