29.3953
-1.2177
-0.99504
-0.99504
-0.99504
-1.0274
-0.99504
-0.99504
-0.99504
-0.99504
-0.99504
-0.99504
-0.78685
-0.83683
-1.0085
-1.0085
-1.0085
-0.89322
-0.99313
-0.98046
-0.9812
-0.90823
-8.7893
0
0
0
0
0
0
0
-1.2177
29.3953
-0.99504
-0.99504
-0.99504
-1.0274
-0.99504
-0.99504
-0.99504
-0.99504
-0.99504
-0.99504
-0.78685
-0.83683
-1.0085
-1.0085
-1.0085
-0.89322
-0.99313
-0.98046
-0.9812
-0.90823
0
0
0
0
0
0
0
-8.7893
-0.99504
-0.99504
16.2974
-0.75311
-0.75311
-0.83598
-0.75311
-0.75311
-0.75311
-0.75311
-0.75311
-0.75311
-0.61733
-0.6699
-0.78993
-0.78993
-0.78993
-0.73344
-0.78949
-0.76867
-0.76893
-0.72882
0
0
0
0
0
0
0
0
-0.99504
-0.99504
-0.75311
16.2974
-0.75311
-0.83598
-0.75311
-0.75311
-0.75311
-0.75311
-0.75311
-0.75311
-0.61733
-0.6699
-0.78993
-0.78993
-0.78993
-0.73344
-0.78949
-0.76867
-0.76893
-0.72882
0
0
0
0
0
0
0
0
-0.99504
-0.99504
-0.75311
-0.75311
16.2974
-0.83598
-0.75311
-0.75311
-0.75311
-0.75311
-0.75311
-0.75311
-0.61733
-0.6699
-0.78993
-0.78993
-0.78993
-0.73344
-0.78949
-0.76867
-0.76893
-0.72882
0
0
0
0
0
0
0
0
-1.0274
-1.0274
-0.83598
-0.83598
-0.83598
24.0706
-0.83598
-0.83598
-0.83598
-0.83598
-0.83598
-0.83598
-0.61463
-0.64752
-0.78226
-0.78226
-0.78226
-0.68554
-0.76553
-0.76123
-0.76119
0
0
0
0
-7.9095
0
0
0
0
-0.99504
-0.99504
-0.75311
-0.75311
-0.75311
-0.83598
16.2974
-0.75311
-0.75311
-0.75311
-0.75311
-0.75311
-0.61733
-0.6699
-0.78993
-0.78993
-0.78993
-0.73344
-0.78949
-0.76867
-0.76893
-0.72882
0
0
0
0
0
0
0
0
-0.99504
-0.99504
-0.75311
-0.75311
-0.75311
-0.83598
-0.75311
16.2974
-0.75311
-0.75311
-0.75311
-0.75311
-0.61733
-0.6699
-0.78993
-0.78993
-0.78993
-0.73344
-0.78949
-0.76867
-0.76893
-0.72882
0
0
0
0
0
0
0
0
-0.99504
-0.99504
-0.75311
-0.75311
-0.75311
-0.83598
-0.75311
-0.75311
16.2974
-0.75311
-0.75311
-0.75311
-0.61733
-0.6699
-0.78993
-0.78993
-0.78993
-0.73344
-0.78949
-0.76867
-0.76893
-0.72882
0
0
0
0
0
0
0
0
-0.99504
-0.99504
-0.75311
-0.75311
-0.75311
-0.83598
-0.75311
-0.75311
-0.75311
16.2974
-0.75311
-0.75311
-0.61733
-0.6699
-0.78993
-0.78993
-0.78993
-0.73344
-0.78949
-0.76867
-0.76893
-0.72882
0
0
0
0
0
0
0
0
-0.99504
-0.99504
-0.75311
-0.75311
-0.75311
-0.83598
-0.75311
-0.75311
-0.75311
-0.75311
16.2974
-0.75311
-0.61733
-0.6699
-0.78993
-0.78993
-0.78993
-0.73344
-0.78949
-0.76867
-0.76893
-0.72882
0
0
0
0
0
0
0
0
-0.99504
-0.99504
-0.75311
-0.75311
-0.75311
-0.83598
-0.75311
-0.75311
-0.75311
-0.75311
-0.75311
16.2974
-0.61733
-0.6699
-0.78993
-0.78993
-0.78993
-0.73344
-0.78949
-0.76867
-0.76893
-0.72882
0
0
0
0
0
0
0
0
-0.78685
-0.78685
-0.61733
-0.61733
-0.61733
-0.61463
-0.61733
-0.61733
-0.61733
-0.61733
-0.61733
-0.61733
12.3529
-0.49597
-0.60046
-0.60046
-0.60046
-0.54841
-0.59548
-0.58447
-0.58287
0
0
0
0
0
0
0
0
0
-0.83683
-0.83683
-0.6699
-0.6699
-0.6699
-0.64752
-0.6699
-0.6699
-0.6699
-0.6699
-0.6699
-0.6699
-0.49597
19.5826
-0.61454
-0.61454
-0.61454
-0.52694
-0.59553
-0.59818
0
0
0
0
0
0
-7.1721
0
0
0
-1.0085
-1.0085
-0.78993
-0.78993
-0.78993
-0.78226
-0.78993
-0.78993
-0.78993
-0.78993
-0.78993
-0.78993
-0.60046
-0.61454
12.7384
-0.80734
-0.80734
0
0
0
0
0
0
0
0
0
0
0
0
0
-1.0085
-1.0085
-0.78993
-0.78993
-0.78993
-0.78226
-0.78993
-0.78993
-0.78993
-0.78993
-0.78993
-0.78993
-0.60046
-0.61454
-0.80734
12.7384
-0.80734
0
0
0
0
0
0
0
0
0
0
0
0
0
-1.0085
-1.0085
-0.78993
-0.78993
-0.78993
-0.78226
-0.78993
-0.78993
-0.78993
-0.78993
-0.78993
-0.78993
-0.60046
-0.61454
-0.80734
-0.80734
12.7384
0
0
0
0
0
0
0
0
0
0
0
0
0
-0.89322
-0.89322
-0.73344
-0.73344
-0.73344
-0.68554
-0.73344
-0.73344
-0.73344
-0.73344
-0.73344
-0.73344
-0.54841
-0.52694
0
0
0
25.0018
0
0
0
0
0
0
0
0
0
-7.4267
-7.4267
0
-0.99313
-0.99313
-0.78949
-0.78949
-0.78949
-0.76553
-0.78949
-0.78949
-0.78949
-0.78949
-0.78949
-0.78949
-0.59548
-0.59553
0
0
0
0
14.5372
0
0
0
0
0
-3.489
0
0
0
0
0
-0.98046
-0.98046
-0.76867
-0.76867
-0.76867
-0.76123
-0.76867
-0.76867
-0.76867
-0.76867
-0.76867
-0.76867
-0.58447
-0.59818
0
0
0
0
0
10.8229
0
0
0
0
0
0
0
0
0
0
-0.9812
-0.9812
-0.76893
-0.76893
-0.76893
-0.76119
-0.76893
-0.76893
-0.76893
-0.76893
-0.76893
-0.76893
-0.58287
0
0
0
0
0
0
0
10.2268
0
0
0
0
0
0
0
0
0
-0.90823
-0.90823
-0.72882
-0.72882
-0.72882
0
-0.72882
-0.72882
-0.72882
-0.72882
-0.72882
-0.72882
0
0
0
0
0
0
0
0
0
8.5483
0
-0.17245
0
0
0
0
0
0
-8.7893
0
0
0
0
0
0
0
0
0
0
0
0
0
0
0
0
0
0
0
0
0
8.7893
0
0
0
0
0
0
0
0
0
0
0
0
0
0
0
0
0
0
0
0
0
0
0
0
0
0
0
0
-0.17245
0
0.17245
0
0
0
0
0
0
0
0
0
0
0
0
0
0
0
0
0
0
0
0
0
0
0
0
-3.489
0
0
0
0
0
3.489
0
0
0
0
0
0
0
0
0
0
-7.9095
0
0
0
0
0
0
0
0
0
0
0
0
0
0
0
0
0
0
0
7.9095
0
0
0
0
0
0
0
0
0
0
0
0
0
0
0
0
0
-7.1721
0
0
0
0
0
0
0
0
0
0
0
0
7.1721
0
0
0
0
0
0
0
0
0
0
0
0
0
0
0
0
0
0
0
0
-7.4267
0
0
0
0
0
0
0
0
0
7.4267
0
0
0
0
0
0
0
0
0
0
0
0
0
0
0
0
0
0
0
-7.4267
0
0
0
0
0
0
0
0
0
0
7.4267
0
0
-8.7893
0
0
0
0
0
0
0
0
0
0
0
0
0
0
0
0
0
0
0
0
0
0
0
0
0
0
0
8.7893
