15.1525
-0.91227
-0.86192
-0.86192
-0.88247
-0.80913
-0.80913
-0.80913
-0.80913
-0.71012
-0.71012
-0.71012
-0.71012
-0.72528
-0.74883
-0.72315
-0.81705
-0.77756
-0.8052
-0.81858
0
-0.1412
0
0
0
0
0
0
0
0
-0.91227
39.3015
-0.90241
-0.90241
-0.90502
-0.8475
-0.8475
-0.8475
-0.8475
-0.74563
-0.74563
-0.74563
-0.74563
-0.75982
-0.76747
-0.76116
-0.83165
-0.81593
-0.79844
0
0
0
0
-12.2862
0
0
0
0
0
-12.2862
-0.86192
-0.90241
14.8277
-0.84402
-0.8826
-0.80065
-0.80065
-0.80065
-0.80065
-0.70175
-0.70175
-0.70175
-0.70175
-0.72097
-0.74517
-0.71514
-0.81315
-0.7727
-0.80191
-0.75812
0
0
0
0
0
0
0
0
0
0
-0.86192
-0.90241
-0.84402
14.8277
-0.8826
-0.80065
-0.80065
-0.80065
-0.80065
-0.70175
-0.70175
-0.70175
-0.70175
-0.72097
-0.74517
-0.71514
-0.81315
-0.7727
-0.80191
-0.75812
0
0
0
0
0
0
0
0
0
0
-0.88247
-0.90502
-0.8826
-0.8826
24.5934
-0.82397
-0.82397
-0.82397
-0.82397
-0.72255
-0.72255
-0.72255
-0.72255
-0.74007
-0.76052
-0.73705
-0.82742
-0.79344
-0.80545
0
0
0
0
0
0
0
0
0
-10.1907
0
-0.80913
-0.8475
-0.80065
-0.80065
-0.82397
13.2245
-0.73772
-0.73772
-0.73772
-0.65658
-0.65658
-0.65658
-0.65658
-0.68128
-0.70237
-0.67292
-0.76539
-0.7294
-0.75175
0
0
0
0
0
0
0
0
0
0
0
-0.80913
-0.8475
-0.80065
-0.80065
-0.82397
-0.73772
13.2245
-0.73772
-0.73772
-0.65658
-0.65658
-0.65658
-0.65658
-0.68128
-0.70237
-0.67292
-0.76539
-0.7294
-0.75175
0
0
0
0
0
0
0
0
0
0
0
-0.80913
-0.8475
-0.80065
-0.80065
-0.82397
-0.73772
-0.73772
13.2245
-0.73772
-0.65658
-0.65658
-0.65658
-0.65658
-0.68128
-0.70237
-0.67292
-0.76539
-0.7294
-0.75175
0
0
0
0
0
0
0
0
0
0
0
-0.80913
-0.8475
-0.80065
-0.80065
-0.82397
-0.73772
-0.73772
-0.73772
13.2245
-0.65658
-0.65658
-0.65658
-0.65658
-0.68128
-0.70237
-0.67292
-0.76539
-0.7294
-0.75175
0
0
0
0
0
0
0
0
0
0
0
-0.71012
-0.74563
-0.70175
-0.70175
-0.72255
-0.65658
-0.65658
-0.65658
-0.65658
10.9089
-0.5505
-0.5505
-0.5505
-0.58391
-0.60297
-0.57956
-0.65749
-0.62529
0
0
0
0
0
0
0
0
0
0
0
0
-0.71012
-0.74563
-0.70175
-0.70175
-0.72255
-0.65658
-0.65658
-0.65658
-0.65658
-0.5505
10.9089
-0.5505
-0.5505
-0.58391
-0.60297
-0.57956
-0.65749
-0.62529
0
0
0
0
0
0
0
0
0
0
0
0
-0.71012
-0.74563
-0.70175
-0.70175
-0.72255
-0.65658
-0.65658
-0.65658
-0.65658
-0.5505
-0.5505
10.9089
-0.5505
-0.58391
-0.60297
-0.57956
-0.65749
-0.62529
0
0
0
0
0
0
0
0
0
0
0
0
-0.71012
-0.74563
-0.70175
-0.70175
-0.72255
-0.65658
-0.65658
-0.65658
-0.65658
-0.5505
-0.5505
-0.5505
10.9089
-0.58391
-0.60297
-0.57956
-0.65749
-0.62529
0
0
0
0
0
0
0
0
0
0
0
0
-0.72528
-0.75982
-0.72097
-0.72097
-0.74007
-0.68128
-0.68128
-0.68128
-0.68128
-0.58391
-0.58391
-0.58391
-0.58391
10.2607
-0.57524
-0.56804
0
0
0
0
-0.38958
0
0
0
0
0
0
0
0
0
-0.74883
-0.76747
-0.74517
-0.74517
-0.76052
-0.70237
-0.70237
-0.70237
-0.70237
-0.60297
-0.60297
-0.60297
-0.60297
-0.57524
18.4542
-0.58809
0
0
0
0
0
0
0
0
0
0
0
-8.3023
0
0
-0.72315
-0.76116
-0.71514
-0.71514
-0.73705
-0.67292
-0.67292
-0.67292
-0.67292
-0.57956
-0.57956
-0.57956
-0.57956
-0.56804
-0.58809
9.8177
0
0
0
0
0
0
0
0
0
0
0
0
0
0
-0.81705
-0.83165
-0.81315
-0.81315
-0.82742
-0.76539
-0.76539
-0.76539
-0.76539
-0.65749
-0.65749
-0.65749
-0.65749
0
0
0
17.023
0
0
0
0
0
0
0
-7.229
0
0
0
0
0
-0.77756
-0.81593
-0.7727
-0.7727
-0.79344
-0.7294
-0.7294
-0.7294
-0.7294
-0.62529
-0.62529
-0.62529
-0.62529
0
0
0
0
9.7804
0
0
-0.42933
0
0
0
0
0
0
0
0
0
-0.8052
-0.79844
-0.80191
-0.80191
-0.80545
-0.75175
-0.75175
-0.75175
-0.75175
0
0
0
0
0
0
0
0
0
10.3899
0
0
0
0
0
0
0
-3.37
0
0
0
-0.81858
0
-0.75812
-0.75812
0
0
0
0
0
0
0
0
0
0
0
0
0
0
0
2.7919
0
-0.45705
0
0
0
0
0
0
0
0
0
0
0
0
0
0
0
0
0
0
0
0
0
-0.38958
0
0
0
-0.42933
0
0
1.2692
0
-0.45028
0
0
0
0
0
0
0
-0.1412
0
0
0
0
0
0
0
0
0
0
0
0
0
0
0
0
0
0
-0.45705
0
0.73024
0
0
0
-0.13199
0
0
0
0
0
0
0
0
0
0
0
0
0
0
0
0
0
0
0
0
0
0
0
0
-0.45028
0
0.45028
0
0
0
0
0
0
0
0
-12.2862
0
0
0
0
0
0
0
0
0
0
0
0
0
0
0
0
0
0
0
0
0
12.2862
0
0
0
0
0
0
0
0
0
0
0
0
0
0
0
0
0
0
0
0
0
0
-7.229
0
0
0
0
0
0
0
7.229
0
0
0
0
0
0
0
0
0
0
0
0
0
0
0
0
0
0
0
0
0
0
0
0
0
0
-0.13199
0
0
0
0.13199
0
0
0
0
0
0
0
0
0
0
0
0
0
0
0
0
0
0
0
0
0
0
-3.37
0
0
0
0
0
0
0
3.37
0
0
0
0
0
0
0
0
0
0
0
0
0
0
0
0
0
-8.3023
0
0
0
0
0
0
0
0
0
0
0
0
8.3023
0
0
0
0
0
0
-10.1907
0
0
0
0
0
0
0
0
0
0
0
0
0
0
0
0
0
0
0
0
0
0
0
10.1907
0
0
-12.2862
0
0
0
0
0
0
0
0
0
0
0
0
0
0
0
0
0
0
0
0
0
0
0
0
0
0
0
12.2862
