20.2799
-1.0797
-0.99466
-0.99466
-1.0127
-1.0127
-1.0177
-0.85637
-0.85637
-0.85637
-0.85637
-0.80821
-0.80821
-0.92927
-0.92927
-0.92927
-0.88049
-0.91429
-0.91429
-0.90512
0
-0.42124
-2.3027
0
0
0
0
0
0
0
-1.0797
26.7849
-1.0262
-1.0262
-1.0124
-1.0124
-1.0199
-0.86832
-0.86832
-0.86832
-0.86832
-0.81925
-0.81925
-0.94562
-0.94562
-0.94562
-0.84273
-0.93033
-0.93033
-0.92157
-3.4995
0
0
0
0
0
0
0
-5.5352
0
-0.99466
-1.0262
18.752
-0.91855
-0.96681
-0.96681
-0.97226
-0.79885
-0.79885
-0.79885
-0.79885
-0.75452
-0.75452
-0.86666
-0.86666
-0.86666
-0.82733
-0.85285
-0.85285
-0.84409
0
0
-2.2252
0
0
0
0
0
0
0
-0.99466
-1.0262
-0.91855
18.752
-0.96681
-0.96681
-0.97226
-0.79885
-0.79885
-0.79885
-0.79885
-0.75452
-0.75452
-0.86666
-0.86666
-0.86666
-0.82733
-0.85285
-0.85285
-0.84409
0
0
-2.2252
0
0
0
0
0
0
0
-1.0127
-1.0124
-0.96681
-0.96681
21.464
-0.95337
-0.97783
-0.80297
-0.80297
-0.80297
-0.80297
-0.75813
-0.75813
-0.87381
-0.87381
-0.87381
-0.78334
-0.85987
-0.85987
-0.85164
0
0
0
0
0
0
0
-4.8697
0
0
-1.0127
-1.0124
-0.96681
-0.96681
-0.95337
21.464
-0.97783
-0.80297
-0.80297
-0.80297
-0.80297
-0.75813
-0.75813
-0.87381
-0.87381
-0.87381
-0.78334
-0.85987
-0.85987
-0.85164
0
0
0
0
0
0
-4.8697
0
0
0
-1.0177
-1.0199
-0.97226
-0.97226
-0.97783
-0.97783
23.4744
-0.808
-0.808
-0.808
-0.808
-0.76299
-0.76299
-0.87696
-0.87696
-0.87696
-0.82827
-0.86296
-0.86296
-0.8542
0
0
0
-6.7394
0
0
0
0
0
0
-0.85637
-0.86832
-0.79885
-0.79885
-0.80297
-0.80297
-0.808
14.1091
-0.67361
-0.67361
-0.67361
-0.64138
-0.64138
-0.73558
-0.73558
-0.73558
-0.69768
-0.72408
-0.72408
-0.71665
0
0
0
0
0
0
0
0
0
0
-0.85637
-0.86832
-0.79885
-0.79885
-0.80297
-0.80297
-0.808
-0.67361
14.1091
-0.67361
-0.67361
-0.64138
-0.64138
-0.73558
-0.73558
-0.73558
-0.69768
-0.72408
-0.72408
-0.71665
0
0
0
0
0
0
0
0
0
0
-0.85637
-0.86832
-0.79885
-0.79885
-0.80297
-0.80297
-0.808
-0.67361
-0.67361
14.1091
-0.67361
-0.64138
-0.64138
-0.73558
-0.73558
-0.73558
-0.69768
-0.72408
-0.72408
-0.71665
0
0
0
0
0
0
0
0
0
0
-0.85637
-0.86832
-0.79885
-0.79885
-0.80297
-0.80297
-0.808
-0.67361
-0.67361
-0.67361
14.1091
-0.64138
-0.64138
-0.73558
-0.73558
-0.73558
-0.69768
-0.72408
-0.72408
-0.71665
0
0
0
0
0
0
0
0
0
0
-0.80821
-0.81925
-0.75452
-0.75452
-0.75813
-0.75813
-0.76299
-0.64138
-0.64138
-0.64138
-0.64138
12.602
-0.59203
-0.68193
-0.68193
-0.68193
-0.64029
-0.67131
-0.67131
0
0
0
0
0
0
0
0
0
0
0
-0.80821
-0.81925
-0.75452
-0.75452
-0.75813
-0.75813
-0.76299
-0.64138
-0.64138
-0.64138
-0.64138
-0.59203
12.602
-0.68193
-0.68193
-0.68193
-0.64029
-0.67131
-0.67131
0
0
0
0
0
0
0
0
0
0
0
-0.92927
-0.94562
-0.86666
-0.86666
-0.87381
-0.87381
-0.87696
-0.73558
-0.73558
-0.73558
-0.73558
-0.68193
-0.68193
12.181
-0.82101
-0.82101
0
0
0
0
0
0
0
0
0
0
0
0
0
0
-0.92927
-0.94562
-0.86666
-0.86666
-0.87381
-0.87381
-0.87696
-0.73558
-0.73558
-0.73558
-0.73558
-0.68193
-0.68193
-0.82101
12.181
-0.82101
0
0
0
0
0
0
0
0
0
0
0
0
0
0
-0.92927
-0.94562
-0.86666
-0.86666
-0.87381
-0.87381
-0.87696
-0.73558
-0.73558
-0.73558
-0.73558
-0.68193
-0.68193
-0.82101
-0.82101
12.181
0
0
0
0
0
0
0
0
0
0
0
0
0
0
-0.88049
-0.84273
-0.82733
-0.82733
-0.78334
-0.78334
-0.82827
-0.69768
-0.69768
-0.69768
-0.69768
-0.64029
-0.64029
0
0
0
17.8063
0
0
0
0
0
0
0
0
-3.9811
0
0
0
-3.9811
-0.91429
-0.93033
-0.85285
-0.85285
-0.85987
-0.85987
-0.86296
-0.72408
-0.72408
-0.72408
-0.72408
-0.67131
-0.67131
0
0
0
0
10.3719
0
0
0
0
0
0
0
0
0
0
0
0
-0.91429
-0.93033
-0.85285
-0.85285
-0.85987
-0.85987
-0.86296
-0.72408
-0.72408
-0.72408
-0.72408
-0.67131
-0.67131
0
0
0
0
0
10.3719
0
0
0
0
0
0
0
0
0
0
0
-0.90512
-0.92157
-0.84409
-0.84409
-0.85164
-0.85164
-0.8542
-0.71665
-0.71665
-0.71665
-0.71665
0
0
0
0
0
0
0
0
8.9389
0
0
0
0
0
0
0
0
0
0
0
-3.4995
0
0
0
0
0
0
0
0
0
0
0
0
0
0
0
0
0
0
7.3783
-2.7432
0
-1.1357
0
0
0
0
0
0
-0.42124
0
0
0
0
0
0
0
0
0
0
0
0
0
0
0
0
0
0
0
-2.7432
4.6387
0
0
-1.4743
0
0
0
0
0
-2.3027
0
-2.2252
-2.2252
0
0
0
0
0
0
0
0
0
0
0
0
0
0
0
0
0
0
6.7531
0
0
0
0
0
0
0
0
0
0
0
0
0
-6.7394
0
0
0
0
0
0
0
0
0
0
0
0
0
-1.1357
0
0
7.8751
0
0
0
0
0
0
0
0
0
0
0
0
0
0
0
0
0
0
0
0
0
0
0
0
0
0
0
-1.4743
0
0
1.4743
0
0
0
0
0
0
0
0
0
0
0
0
0
0
0
0
0
0
0
0
0
-3.9811
0
0
0
0
0
0
0
0
3.9811
0
0
0
0
0
0
0
0
0
-4.8697
0
0
0
0
0
0
0
0
0
0
0
0
0
0
0
0
0
0
0
0
4.8697
0
0
0
0
0
0
0
-4.8697
0
0
0
0
0
0
0
0
0
0
0
0
0
0
0
0
0
0
0
0
0
0
4.8697
0
0
0
-5.5352
0
0
0
0
0
0
0
0
0
0
0
0
0
0
0
0
0
0
0
0
0
0
0
0
0
0
5.5352
0
0
0
0
0
0
0
0
0
0
0
0
0
0
0
0
0
-3.9811
0
0
0
0
0
0
0
0
0
0
0
0
3.9811
