11.8775
-0.71596
-0.70423
-0.70423
-0.70979
-0.7257
-0.72015
-0.74869
-0.725
-0.72972
-0.71123
-0.75294
-0.73061
-0.73061
-0.91954
-0.91954
-0.6295
0
0
0
0
0
0
0
0
0
0
0
0
0
-0.71596
11.9506
-0.71596
-0.71596
-0.70967
-0.72204
-0.72027
-0.74895
-0.72634
-0.72319
-0.71234
-0.73955
-0.73308
-0.73308
-0.93273
-0.93273
0
0
0
0
-0.66878
0
0
0
0
0
0
0
0
0
-0.70423
-0.71596
11.8775
-0.70423
-0.70979
-0.7257
-0.72015
-0.74869
-0.725
-0.72972
-0.71123
-0.75294
-0.73061
-0.73061
-0.91954
-0.91954
-0.6295
0
0
0
0
0
0
0
0
0
0
0
0
0
-0.70423
-0.71596
-0.70423
11.8775
-0.70979
-0.7257
-0.72015
-0.74869
-0.725
-0.72972
-0.71123
-0.75294
-0.73061
-0.73061
-0.91954
-0.91954
-0.6295
0
0
0
0
0
0
0
0
0
0
0
0
0
-0.70979
-0.70967
-0.70979
-0.70979
9.8833
-0.7053
-0.70921
-0.7192
-0.71488
-0.71132
-0.70716
-0.72592
-0.72096
-0.72096
0
0
0
-0.60938
0
0
0
0
0
0
0
0
0
0
0
0
-0.7257
-0.72204
-0.7257
-0.7257
-0.7053
14.4348
-0.72081
-0.7251
-0.72661
-0.72262
-0.71466
-0.72977
-0.73554
-0.73554
0
0
0
0
0
0
0
0
-5.0197
0
0
0
0
0
0
0
-0.72015
-0.72027
-0.72015
-0.72015
-0.70921
-0.72081
7.8126
-0.7324
-0.72557
-0.73024
-0.70947
0
0
0
0
0
0
0
-0.6042
0
0
0
0
0
0
0
0
0
0
0
-0.74869
-0.74895
-0.74869
-0.74869
-0.7192
-0.7251
-0.7324
16.5913
-0.75019
0
0
0
0
0
0
0
0
0
0
-0.67398
0
0
0
0
0
0
-4.9977
0
-4.9977
0
-0.725
-0.72634
-0.725
-0.725
-0.71488
-0.72661
-0.72557
-0.75019
7.2577
-0.72796
-0.71114
0
0
0
0
0
0
0
0
0
0
0
0
0
0
0
0
0
0
0
-0.72972
-0.72319
-0.72972
-0.72972
-0.71132
-0.72262
-0.73024
0
-0.72796
10.4728
0
0
0
0
0
0
0
0
-0.60657
0
0
0
0
-4.0617
0
0
0
0
0
0
-0.71123
-0.71234
-0.71123
-0.71123
-0.70716
-0.71466
-0.70947
0
-0.71114
0
6.3148
0
0
0
0
0
0
-0.62636
0
0
0
0
0
0
0
0
0
0
0
0
-0.75294
-0.73955
-0.75294
-0.75294
-0.72592
-0.72977
0
0
0
0
0
13.7595
0
0
0
0
0
0
0
0
0
0
0
0
-4.6527
0
0
0
0
-4.6527
-0.73061
-0.73308
-0.73061
-0.73061
-0.72096
-0.73554
0
0
0
0
0
0
4.3814
0
0
0
0
0
0
0
0
0
0
0
0
0
0
0
0
0
-0.73061
-0.73308
-0.73061
-0.73061
-0.72096
-0.73554
0
0
0
0
0
0
0
4.3814
0
0
0
0
0
0
0
0
0
0
0
0
0
0
0
0
-0.91954
-0.93273
-0.91954
-0.91954
0
0
0
0
0
0
0
0
0
0
3.6914
0
0
0
0
0
0
0
0
0
0
0
0
0
0
0
-0.91954
-0.93273
-0.91954
-0.91954
0
0
0
0
0
0
0
0
0
0
0
3.6914
0
0
0
0
0
0
0
0
0
0
0
0
0
0
-0.6295
0
-0.6295
-0.6295
0
0
0
0
0
0
0
0
0
0
0
0
1.8885
0
0
0
0
0
0
0
0
0
0
0
0
0
0
0
0
0
-0.60938
0
0
0
0
0
-0.62636
0
0
0
0
0
0
1.8188
0
0
0
0
0
0
0
0
0
-0.58307
0
0
0
0
0
0
0
0
-0.6042
0
0
-0.60657
0
0
0
0
0
0
0
0
1.763
0
0
0
0
0
0
-0.55225
0
0
0
0
0
0
0
0
0
0
0
-0.67398
0
0
0
0
0
0
0
0
0
0
0
2.4909
0
-1.8169
0
0
0
0
0
0
0
0
0
-0.66878
0
0
0
0
0
0
0
0
0
0
0
0
0
0
0
0
0
0
2.5589
-1.8901
0
0
0
0
0
0
0
0
0
0
0
0
0
0
0
0
0
0
0
0
0
0
0
0
0
0
0
-1.8169
-1.8901
3.707
0
0
0
0
0
0
0
0
0
0
0
0
0
-5.0197
0
0
0
0
0
0
0
0
0
0
0
0
0
0
0
0
5.0197
0
0
0
0
0
0
0
0
0
0
0
0
0
0
0
0
-4.0617
0
0
0
0
0
0
0
0
0
0
0
0
0
4.0617
0
0
0
0
0
0
0
0
0
0
0
0
0
0
0
0
0
-4.6527
0
0
0
0
0
0
0
0
0
0
0
0
4.6527
0
0
0
0
0
0
0
0
0
0
0
0
0
0
0
0
0
0
0
0
0
0
0
-0.55225
0
0
0
0
0
0
0.55225
0
0
0
0
0
0
0
0
0
0
0
-4.9977
0
0
0
0
0
0
0
0
0
0
0
0
0
0
0
0
0
0
4.9977
0
0
0
0
0
0
0
0
0
0
0
0
0
0
0
0
0
0
0
0
-0.58307
0
0
0
0
0
0
0
0
0
0.58307
0
0
0
0
0
0
0
0
0
-4.9977
0
0
0
0
0
0
0
0
0
0
0
0
0
0
0
0
0
0
0
0
4.9977
0
0
0
0
0
0
0
0
0
0
0
0
-4.6527
0
0
0
0
0
0
0
0
0
0
0
0
0
0
0
0
0
4.6527
