20.5211
-0.78196
-0.78196
-0.78196
-0.78018
-0.65547
-0.66926
-0.68339
-0.66926
-0.62263
-0.69806
-0.62202
-0.71309
-0.73101
-0.73019
-0.73019
-0.68823
-0.67944
-0.72853
0
-0.1045
0
0
-7.6698
0
0
0
0
0
0
-0.78196
19.4065
-0.76362
-0.76362
-0.75821
-0.63934
-0.64305
-0.6579
-0.64305
-0.59803
-0.67149
-0.59999
-0.68587
-0.7027
-0.70194
-0.70194
-0.66167
-0.6533
-0.70055
0
0
0
0
0
0
0
-7.0783
0
0
0
-0.78196
-0.76362
19.4065
-0.76362
-0.75821
-0.63934
-0.64305
-0.6579
-0.64305
-0.59803
-0.67149
-0.59999
-0.68587
-0.7027
-0.70194
-0.70194
-0.66167
-0.6533
-0.70055
0
0
0
0
0
-7.0783
0
0
0
0
0
-0.78196
-0.76362
-0.76362
19.4065
-0.75821
-0.63934
-0.64305
-0.6579
-0.64305
-0.59803
-0.67149
-0.59999
-0.68587
-0.7027
-0.70194
-0.70194
-0.66167
-0.6533
-0.70055
0
0
0
0
0
0
0
0
-7.0783
0
0
-0.78018
-0.75821
-0.75821
-0.75821
13.1223
-0.65242
-0.63149
-0.63222
-0.63149
-0.588
-0.66065
-0.62601
-0.67532
-0.68857
-0.68747
-0.68747
-0.64773
-0.63586
-0.67921
-0.94362
0
0
0
0
0
0
0
0
0
0
-0.65547
-0.63934
-0.63934
-0.63934
-0.65242
27.7596
-0.56769
-0.57184
-0.56769
-0.50075
-0.55528
-0.44303
-0.56505
-0.58124
-0.58166
-0.58166
-0.54892
0
0
0
0
0
0
0
0
-9.2344
0
0
0
-9.2344
-0.66926
-0.64305
-0.64305
-0.64305
-0.63149
-0.56769
10.4947
-0.55412
-0.53333
-0.50081
-0.56479
-0.52842
-0.57674
-0.5873
-0.58653
-0.58653
-0.5528
-0.54412
-0.58164
0
0
0
0
0
0
0
0
0
0
0
-0.68339
-0.6579
-0.6579
-0.6579
-0.63222
-0.57184
-0.55412
10.7919
-0.55412
-0.4997
-0.5643
-0.52668
-0.57596
-0.58605
-0.58539
-0.58539
-0.55172
-0.54336
0
-0.80397
0
0
0
0
0
0
0
0
0
0
-0.66926
-0.64305
-0.64305
-0.64305
-0.63149
-0.56769
-0.53333
-0.55412
10.4947
-0.50081
-0.56479
-0.52842
-0.57674
-0.5873
-0.58653
-0.58653
-0.5528
-0.54412
-0.58164
0
0
0
0
0
0
0
0
0
0
0
-0.62263
-0.59803
-0.59803
-0.59803
-0.588
-0.50075
-0.50081
-0.4997
-0.50081
9.2012
-0.52534
-0.48653
-0.53537
-0.54441
-0.54397
-0.54397
-0.5127
-0.50215
0
0
0
0
0
0
0
0
0
0
0
0
-0.69806
-0.67149
-0.67149
-0.67149
-0.66065
-0.55528
-0.56479
-0.5643
-0.56479
-0.52534
9.2164
-0.56892
-0.61418
-0.62803
-0.6288
-0.6288
0
0
0
0
0
0
0
0
0
0
0
0
0
0
-0.62202
-0.59999
-0.59999
-0.59999
-0.62601
-0.44303
-0.52842
-0.52668
-0.52842
-0.48653
-0.56892
20.9808
-0.57233
0
0
0
0
0
0
0
0
-7.1393
0
0
0
0
0
0
-7.1393
0
-0.71309
-0.68587
-0.68587
-0.68587
-0.67532
-0.56505
-0.57674
-0.57596
-0.57674
-0.53537
-0.61418
-0.57233
8.0833
-0.62094
0
0
0
0
0
0
0
0
0
0
0
0
0
0
0
0
-0.73101
-0.7027
-0.7027
-0.7027
-0.68857
-0.58124
-0.5873
-0.58605
-0.5873
-0.54441
-0.62803
0
-0.62094
7.663
0
0
0
0
0
0
0
0
0
0
0
0
0
0
0
0
-0.73019
-0.70194
-0.70194
-0.70194
-0.68747
-0.58166
-0.58653
-0.58539
-0.58653
-0.54397
-0.6288
0
0
0
7.0364
0
0
0
0
0
0
0
0
0
0
0
0
0
0
0
-0.73019
-0.70194
-0.70194
-0.70194
-0.68747
-0.58166
-0.58653
-0.58539
-0.58653
-0.54397
-0.6288
0
0
0
0
7.0364
0
0
0
0
0
0
0
0
0
0
0
0
0
0
-0.68823
-0.66167
-0.66167
-0.66167
-0.64773
-0.54892
-0.5528
-0.55172
-0.5528
-0.5127
0
0
0
0
0
0
6.0399
0
0
0
0
0
0
0
0
0
0
0
0
0
-0.67944
-0.6533
-0.6533
-0.6533
-0.63586
0
-0.54412
-0.54336
-0.54412
-0.50215
0
0
0
0
0
0
0
5.409
0
0
0
0
0
0
0
0
0
0
0
0
-0.72853
-0.70055
-0.70055
-0.70055
-0.67921
0
-0.58164
0
-0.58164
0
0
0
0
0
0
0
0
0
4.6727
0
0
0
0
0
0
0
0
0
0
0
0
0
0
0
-0.94362
0
0
-0.80397
0
0
0
0
0
0
0
0
0
0
0
2.2745
-0.52695
0
0
0
0
0
0
0
0
0
-0.1045
0
0
0
0
0
0
0
0
0
0
0
0
0
0
0
0
0
0
-0.52695
0.98094
0
-0.34949
0
0
0
0
0
0
0
0
0
0
0
0
0
0
0
0
0
0
-7.1393
0
0
0
0
0
0
0
0
0
7.1393
0
0
0
0
0
0
0
0
0
0
0
0
0
0
0
0
0
0
0
0
0
0
0
0
0
0
0
0
-0.34949
0
0.34949
0
0
0
0
0
0
0
-7.6698
0
0
0
0
0
0
0
0
0
0
0
0
0
0
0
0
0
0
0
0
0
0
7.6698
0
0
0
0
0
0
0
0
-7.0783
0
0
0
0
0
0
0
0
0
0
0
0
0
0
0
0
0
0
0
0
0
7.0783
0
0
0
0
0
0
0
0
0
0
-9.2344
0
0
0
0
0
0
0
0
0
0
0
0
0
0
0
0
0
0
0
9.2344
0
0
0
0
0
-7.0783
0
0
0
0
0
0
0
0
0
0
0
0
0
0
0
0
0
0
0
0
0
0
0
0
7.0783
0
0
0
0
0
0
-7.0783
0
0
0
0
0
0
0
0
0
0
0
0
0
0
0
0
0
0
0
0
0
0
0
7.0783
0
0
0
0
0
0
0
0
0
0
0
0
0
-7.1393
0
0
0
0
0
0
0
0
0
0
0
0
0
0
0
0
7.1393
0
0
0
0
0
0
-9.2344
0
0
0
0
0
0
0
0
0
0
0
0
0
0
0
0
0
0
0
0
0
0
0
9.2344
