26.8547
-0.60698
-0.60463
-0.58717
-0.56469
-0.56469
-0.6484
-0.63111
-0.61172
-0.61172
-0.57303
-0.57303
-0.57303
-0.6192
-0.42403
-0.66799
-0.79486
-0.33306
0
0
0
0
0
-8.4327
-8.4327
0
0
0
0
0
-0.60698
11.6725
-0.58339
-0.58744
-0.53826
-0.53826
-0.62081
-0.62541
-0.57615
-0.57615
-0.53961
-0.53961
-0.53961
-0.5832
-0.50006
-0.62565
-0.73793
-0.39072
-1.9632
0
0
0
0
0
0
0
0
0
0
0
-0.60463
-0.58339
9.5659
-0.58554
-0.52562
-0.52562
-0.60742
-0.59471
-0.56164
-0.56164
-0.52597
-0.52597
-0.52597
-0.56853
-0.50676
-0.63434
-0.72283
-0.40531
0
0
0
0
0
0
0
0
0
0
0
0
-0.58717
-0.58744
-0.58554
15.6697
-0.53755
-0.53755
-0.62109
-0.60267
-0.57908
-0.57908
-0.54237
-0.54237
-0.54237
-0.58617
-0.46429
-0.64485
-0.75012
0
0
0
0
0
0
0
0
0
-6.3799
0
0
0
-0.56469
-0.53826
-0.52562
-0.53755
8.4394
-0.47232
-0.55851
-0.53879
-0.51237
-0.51237
-0.47954
-0.47954
-0.47954
-0.51869
-0.47868
-0.58266
-0.66023
0
0
0
0
0
0
0
0
0
0
0
0
0
-0.56469
-0.53826
-0.52562
-0.53755
-0.47232
8.4394
-0.55851
-0.53879
-0.51237
-0.51237
-0.47954
-0.47954
-0.47954
-0.51869
-0.47868
-0.58266
-0.66023
0
0
0
0
0
0
0
0
0
0
0
0
0
-0.6484
-0.62081
-0.60742
-0.62109
-0.55851
-0.55851
8.2817
-0.65473
-0.59071
-0.59071
-0.55331
-0.55331
-0.55331
-0.59794
-0.57299
0
0
0
0
0
0
0
0
0
0
0
0
0
0
0
-0.63111
-0.62541
-0.59471
-0.60267
-0.53879
-0.53879
-0.65473
8.6377
-0.57729
-0.57729
-0.54069
-0.54069
-0.54069
-0.58436
0
0
0
0
0
0
0
0
-1.0904
0
0
0
0
0
0
0
-0.61172
-0.57615
-0.56164
-0.57908
-0.51237
-0.51237
-0.59071
-0.57729
7.1155
-0.5381
-0.5038
-0.5038
-0.5038
-0.54471
0
0
0
0
0
0
0
0
0
0
0
0
0
0
0
0
-0.61172
-0.57615
-0.56164
-0.57908
-0.51237
-0.51237
-0.59071
-0.57729
-0.5381
7.1155
-0.5038
-0.5038
-0.5038
-0.54471
0
0
0
0
0
0
0
0
0
0
0
0
0
0
0
0
-0.57303
-0.53961
-0.52597
-0.54237
-0.47954
-0.47954
-0.55331
-0.54069
-0.5038
-0.5038
6.1198
-0.43908
-0.43908
0
0
0
0
0
0
0
0
0
0
0
0
0
0
0
0
0
-0.57303
-0.53961
-0.52597
-0.54237
-0.47954
-0.47954
-0.55331
-0.54069
-0.5038
-0.5038
-0.43908
6.1198
-0.43908
0
0
0
0
0
0
0
0
0
0
0
0
0
0
0
0
0
-0.57303
-0.53961
-0.52597
-0.54237
-0.47954
-0.47954
-0.55331
-0.54069
-0.5038
-0.5038
-0.43908
-0.43908
6.1198
0
0
0
0
0
0
0
0
0
0
0
0
0
0
0
0
0
-0.6192
-0.5832
-0.56853
-0.58617
-0.51869
-0.51869
-0.59794
-0.58436
-0.54471
-0.54471
0
0
0
5.6662
0
0
0
0
0
0
0
0
0
0
0
0
0
0
0
0
-0.42403
-0.50006
-0.50676
-0.46429
-0.47868
-0.47868
-0.57299
0
0
0
0
0
0
0
23.5193
0
0
0
0
0
0
0
0
0
0
-6.6979
0
-6.6979
-6.6979
0
-0.66799
-0.62565
-0.63434
-0.64485
-0.58266
-0.58266
0
0
0
0
0
0
0
0
0
5.4415
0
0
-1.7034
0
0
0
0
0
0
0
0
0
0
0
-0.79486
-0.73793
-0.72283
-0.75012
-0.66023
-0.66023
0
0
0
0
0
0
0
0
0
0
4.3262
0
0
0
0
0
0
0
0
0
0
0
0
0
-0.33306
-0.39072
-0.40531
0
0
0
0
0
0
0
0
0
0
0
0
0
0
7.2967
0
0
-5.4936
0
0
0
0
0
0
0
0
-0.67402
0
-1.9632
0
0
0
0
0
0
0
0
0
0
0
0
0
-1.7034
0
0
6.6979
0
-2.542
-0.48929
0
0
0
0
0
0
0
0
0
0
0
0
0
0
0
0
0
0
0
0
0
0
0
0
0
0
0
6.6361
0
-4.5874
-2.0487
0
0
0
0
0
0
0
0
0
0
0
0
0
0
0
0
0
0
0
0
0
0
0
0
-5.4936
-2.542
0
8.0355
0
0
0
0
0
0
0
0
0
0
0
0
0
0
0
0
0
0
0
0
0
0
0
0
0
0
0
-0.48929
-4.5874
0
5.0767
0
0
0
0
0
0
0
0
0
0
0
0
0
0
0
-1.0904
0
0
0
0
0
0
0
0
0
0
0
-2.0487
0
0
3.1391
0
0
0
0
0
0
0
-8.4327
0
0
0
0
0
0
0
0
0
0
0
0
0
0
0
0
0
0
0
0
0
0
8.4327
0
0
0
0
0
0
-8.4327
0
0
0
0
0
0
0
0
0
0
0
0
0
0
0
0
0
0
0
0
0
0
0
8.4327
0
0
0
0
0
0
0
0
0
0
0
0
0
0
0
0
0
0
0
-6.6979
0
0
0
0
0
0
0
0
0
0
6.6979
0
0
0
0
0
0
0
-6.3799
0
0
0
0
0
0
0
0
0
0
0
0
0
0
0
0
0
0
0
0
0
0
6.3799
0
0
0
0
0
0
0
0
0
0
0
0
0
0
0
0
0
-6.6979
0
0
0
0
0
0
0
0
0
0
0
0
6.6979
0
0
0
0
0
0
0
0
0
0
0
0
0
0
0
0
-6.6979
0
0
0
0
0
0
0
0
0
0
0
0
0
6.6979
0
0
0
0
0
0
0
0
0
0
0
0
0
0
0
0
0
0
-0.67402
0
0
0
0
0
0
0
0
0
0
0
0.67402
