20.7186
-1.0594
-0.904
-0.904
-0.904
-0.91041
-0.904
-0.904
-0.95299
-0.96247
-0.96247
-0.96247
-1.004
-0.96276
-0.96276
-0.85078
-0.95819
-1.0728
-0.97696
-0.97696
-0.90491
-0.88274
-0.83561
0
0
0
0
0
0
0
-1.0594
20.7186
-0.904
-0.904
-0.904
-0.91041
-0.904
-0.904
-0.95299
-0.96247
-0.96247
-0.96247
-1.004
-0.96276
-0.96276
-0.85078
-0.95819
-1.0728
-0.97696
-0.97696
-0.90491
-0.88274
-0.83561
0
0
0
0
0
0
0
-0.904
-0.904
16.9444
-0.75282
-0.75282
-0.79213
-0.75282
-0.75282
-0.80572
-0.81367
-0.81367
-0.81367
-0.84906
-0.81526
-0.81526
-0.72097
-0.80819
-0.92034
-0.82347
-0.82347
-0.76424
-0.74601
0
0
0
0
0
0
0
0
-0.904
-0.904
-0.75282
16.9444
-0.75282
-0.79213
-0.75282
-0.75282
-0.80572
-0.81367
-0.81367
-0.81367
-0.84906
-0.81526
-0.81526
-0.72097
-0.80819
-0.92034
-0.82347
-0.82347
-0.76424
-0.74601
0
0
0
0
0
0
0
0
-0.904
-0.904
-0.75282
-0.75282
16.9444
-0.79213
-0.75282
-0.75282
-0.80572
-0.81367
-0.81367
-0.81367
-0.84906
-0.81526
-0.81526
-0.72097
-0.80819
-0.92034
-0.82347
-0.82347
-0.76424
-0.74601
0
0
0
0
0
0
0
0
-0.91041
-0.91041
-0.79213
-0.79213
-0.79213
16.5142
-0.79213
-0.79213
-0.79544
-0.8028
-0.8028
-0.8028
-0.82961
-0.79668
-0.79668
-0.71091
-0.79745
-0.91295
-0.81349
-0.81349
-0.75526
0
0
-0.30233
0
0
0
0
0
0
-0.904
-0.904
-0.75282
-0.75282
-0.75282
-0.79213
16.9444
-0.75282
-0.80572
-0.81367
-0.81367
-0.81367
-0.84906
-0.81526
-0.81526
-0.72097
-0.80819
-0.92034
-0.82347
-0.82347
-0.76424
-0.74601
0
0
0
0
0
0
0
0
-0.904
-0.904
-0.75282
-0.75282
-0.75282
-0.79213
-0.75282
16.9444
-0.80572
-0.81367
-0.81367
-0.81367
-0.84906
-0.81526
-0.81526
-0.72097
-0.80819
-0.92034
-0.82347
-0.82347
-0.76424
-0.74601
0
0
0
0
0
0
0
0
-0.95299
-0.95299
-0.80572
-0.80572
-0.80572
-0.79544
-0.80572
-0.80572
15.2699
-0.86203
-0.86203
-0.86203
-0.89417
-0.85827
-0.85827
-0.75568
-0.84909
0
-0.86915
-0.86915
0
0
0
0
0
0
0
0
0
0
-0.96247
-0.96247
-0.81367
-0.81367
-0.81367
-0.8028
-0.81367
-0.81367
-0.86203
13.645
-0.80842
-0.80842
-0.94152
-0.90335
-0.90335
-0.74803
-0.87377
0
0
0
0
0
0
0
0
0
0
0
0
0
-0.96247
-0.96247
-0.81367
-0.81367
-0.81367
-0.8028
-0.81367
-0.81367
-0.86203
-0.80842
13.645
-0.80842
-0.94152
-0.90335
-0.90335
-0.74803
-0.87377
0
0
0
0
0
0
0
0
0
0
0
0
0
-0.96247
-0.96247
-0.81367
-0.81367
-0.81367
-0.8028
-0.81367
-0.81367
-0.86203
-0.80842
-0.80842
13.645
-0.94152
-0.90335
-0.90335
-0.74803
-0.87377
0
0
0
0
0
0
0
0
0
0
0
0
0
-1.004
-1.004
-0.84906
-0.84906
-0.84906
-0.82961
-0.84906
-0.84906
-0.89417
-0.94152
-0.94152
-0.94152
22.8881
-0.87824
-0.87824
-0.75248
0
0
0
0
0
0
0
0
0
0
0
0
0
-9.5775
-0.96276
-0.96276
-0.81526
-0.81526
-0.81526
-0.79668
-0.81526
-0.81526
-0.85827
-0.90335
-0.90335
-0.90335
-0.87824
21.0528
0
-0.72295
0
0
0
0
0
0
0
0
0
0
-9.0848
0
0
0
-0.96276
-0.96276
-0.81526
-0.81526
-0.81526
-0.79668
-0.81526
-0.81526
-0.85827
-0.90335
-0.90335
-0.90335
-0.87824
0
21.0528
-0.72295
0
0
0
0
0
0
0
0
0
0
0
0
-9.0848
0
-0.85078
-0.85078
-0.72097
-0.72097
-0.72097
-0.71091
-0.72097
-0.72097
-0.75568
-0.74803
-0.74803
-0.74803
-0.75248
-0.72295
-0.72295
11.2155
0
0
0
0
0
0
0
0
0
0
0
0
0
0
-0.95819
-0.95819
-0.80819
-0.80819
-0.80819
-0.79745
-0.80819
-0.80819
-0.84909
-0.87377
-0.87377
-0.87377
0
0
0
0
10.2251
0
0
0
0
0
0
0
0
0
0
0
0
0
-1.0728
-1.0728
-0.92034
-0.92034
-0.92034
-0.91295
-0.92034
-0.92034
0
0
0
0
0
0
0
0
0
13.6719
0
0
0
0
0
-0.40913
0
-5.6026
0
0
0
0
-0.97696
-0.97696
-0.82347
-0.82347
-0.82347
-0.81349
-0.82347
-0.82347
-0.86915
0
0
0
0
0
0
0
0
0
7.7539
0
0
0
0
0
0
0
0
0
0
0
-0.97696
-0.97696
-0.82347
-0.82347
-0.82347
-0.81349
-0.82347
-0.82347
-0.86915
0
0
0
0
0
0
0
0
0
0
7.7539
0
0
0
0
0
0
0
0
0
0
-0.90491
-0.90491
-0.76424
-0.76424
-0.76424
-0.75526
-0.76424
-0.76424
0
0
0
0
0
0
0
0
0
0
0
0
6.3863
0
0
0
0
0
0
0
0
0
-0.88274
-0.88274
-0.74601
-0.74601
-0.74601
0
-0.74601
-0.74601
0
0
0
0
0
0
0
0
0
0
0
0
0
5.4955
0
0
0
0
0
0
0
0
-0.83561
-0.83561
0
0
0
0
0
0
0
0
0
0
0
0
0
0
0
0
0
0
0
0
2.5135
0
0
0
0
-0.84225
0
0
0
0
0
0
0
-0.30233
0
0
0
0
0
0
0
0
0
0
0
-0.40913
0
0
0
0
0
0.81596
-0.1045
0
0
0
0
0
0
0
0
0
0
0
0
0
0
0
0
0
0
0
0
0
0
0
0
0
0
0
0
-0.1045
0.1045
0
0
0
0
0
0
0
0
0
0
0
0
0
0
0
0
0
0
0
0
0
0
-5.6026
0
0
0
0
0
0
0
5.6026
0
0
0
0
0
0
0
0
0
0
0
0
0
0
0
0
0
-9.0848
0
0
0
0
0
0
0
0
0
0
0
0
9.0848
0
0
0
0
0
0
0
0
0
0
0
0
0
0
0
0
0
0
0
0
0
0
0
0
0
-0.84225
0
0
0
0
0.84225
0
0
0
0
0
0
0
0
0
0
0
0
0
0
0
0
-9.0848
0
0
0
0
0
0
0
0
0
0
0
0
0
9.0848
0
0
0
0
0
0
0
0
0
0
0
0
0
-9.5775
0
0
0
0
0
0
0
0
0
0
0
0
0
0
0
0
9.5775
