27.5826
-1.0759
-1.0484
-1.076
-1.0484
-1.0759
-1.0759
-1.0619
-0.83129
-0.83129
-0.83129
-0.83129
-0.84791
-0.75818
-0.75818
-0.75818
-0.75818
-0.8877
0
0
0
0
-2.9769
0
0
0
-9.05
0
0
0
-1.0759
23.172
-0.99445
-1.0042
-0.99445
-1.0104
-1.0104
-0.99532
-0.75813
-0.75813
-0.75813
-0.75813
-0.77291
-0.69071
-0.69071
-0.69071
-0.69071
-0.80908
0
0
0
0
0
0
0
0
0
0
0
-8.7095
-1.0484
-0.99445
14.9848
-0.97666
-0.89343
-0.99445
-0.99445
-0.97017
-0.73914
-0.73914
-0.73914
-0.73914
-0.75294
-0.67479
-0.67479
-0.67479
-0.67479
-0.78431
0
-0.91985
0
0
0
0
0
0
0
0
0
0
-1.076
-1.0042
-0.97666
17.1976
-0.97666
-1.0042
-1.0042
-0.98776
-0.74553
-0.74553
-0.74553
-0.74553
-0.75951
-0.67932
-0.67932
-0.67932
-0.67932
-0.79485
0
0
0
-2.9141
0
0
0
0
0
0
0
0
-1.0484
-0.99445
-0.89343
-0.97666
14.9848
-0.99445
-0.99445
-0.97017
-0.73914
-0.73914
-0.73914
-0.73914
-0.75294
-0.67479
-0.67479
-0.67479
-0.67479
-0.78431
0
-0.91985
0
0
0
0
0
0
0
0
0
0
-1.0759
-1.0104
-0.99445
-1.0042
-0.99445
23.172
-1.0104
-0.99532
-0.75813
-0.75813
-0.75813
-0.75813
-0.77291
-0.69071
-0.69071
-0.69071
-0.69071
-0.80908
0
0
0
0
0
0
-8.7095
0
0
0
0
0
-1.0759
-1.0104
-0.99445
-1.0042
-0.99445
-1.0104
23.172
-0.99532
-0.75813
-0.75813
-0.75813
-0.75813
-0.77291
-0.69071
-0.69071
-0.69071
-0.69071
-0.80908
0
0
0
0
0
0
0
-8.7095
0
0
0
0
-1.0619
-0.99532
-0.97017
-0.98776
-0.97017
-0.99532
-0.99532
14.6543
-0.74189
-0.74189
-0.74189
-0.74189
-0.75479
-0.67624
-0.67624
-0.67624
-0.67624
-0.78912
-0.462
0
0
0
0
0
0
0
0
0
0
0
-0.83129
-0.75813
-0.73914
-0.74553
-0.73914
-0.75813
-0.75813
-0.74189
11.1743
-0.58052
-0.58052
-0.58052
-0.60688
-0.53225
-0.53225
-0.53225
-0.53225
-0.62549
0
0
0
0
0
0
0
0
0
0
0
0
-0.83129
-0.75813
-0.73914
-0.74553
-0.73914
-0.75813
-0.75813
-0.74189
-0.58052
11.1743
-0.58052
-0.58052
-0.60688
-0.53225
-0.53225
-0.53225
-0.53225
-0.62549
0
0
0
0
0
0
0
0
0
0
0
0
-0.83129
-0.75813
-0.73914
-0.74553
-0.73914
-0.75813
-0.75813
-0.74189
-0.58052
-0.58052
11.1743
-0.58052
-0.60688
-0.53225
-0.53225
-0.53225
-0.53225
-0.62549
0
0
0
0
0
0
0
0
0
0
0
0
-0.83129
-0.75813
-0.73914
-0.74553
-0.73914
-0.75813
-0.75813
-0.74189
-0.58052
-0.58052
-0.58052
11.1743
-0.60688
-0.53225
-0.53225
-0.53225
-0.53225
-0.62549
0
0
0
0
0
0
0
0
0
0
0
0
-0.84791
-0.77291
-0.75294
-0.75951
-0.75294
-0.77291
-0.77291
-0.75479
-0.60688
-0.60688
-0.60688
-0.60688
11.2432
-0.50946
-0.50946
-0.50946
-0.50946
0
0
0
-0.59098
0
0
0
0
0
0
0
0
0
-0.75818
-0.69071
-0.67479
-0.67932
-0.67479
-0.69071
-0.69071
-0.67624
-0.53225
-0.53225
-0.53225
-0.53225
-0.50946
9.555
-0.46034
-0.46034
-0.46034
0
0
0
0
0
0
0
0
0
0
0
0
0
-0.75818
-0.69071
-0.67479
-0.67932
-0.67479
-0.69071
-0.69071
-0.67624
-0.53225
-0.53225
-0.53225
-0.53225
-0.50946
-0.46034
9.555
-0.46034
-0.46034
0
0
0
0
0
0
0
0
0
0
0
0
0
-0.75818
-0.69071
-0.67479
-0.67932
-0.67479
-0.69071
-0.69071
-0.67624
-0.53225
-0.53225
-0.53225
-0.53225
-0.50946
-0.46034
-0.46034
9.555
-0.46034
0
0
0
0
0
0
0
0
0
0
0
0
0
-0.75818
-0.69071
-0.67479
-0.67932
-0.67479
-0.69071
-0.69071
-0.67624
-0.53225
-0.53225
-0.53225
-0.53225
-0.50946
-0.46034
-0.46034
-0.46034
9.555
0
0
0
0
0
0
0
0
0
0
0
0
0
-0.8877
-0.80908
-0.78431
-0.79485
-0.78431
-0.80908
-0.80908
-0.78912
-0.62549
-0.62549
-0.62549
-0.62549
0
0
0
0
0
9.599
0
0
-0.6295
0
0
0
0
0
0
0
0
0
0
0
0
0
0
0
0
-0.462
0
0
0
0
0
0
0
0
0
0
8.8413
0
0
-2.9431
-2.8565
0
0
0
0
0
-2.5797
0
0
0
-0.91985
0
-0.91985
0
0
0
0
0
0
0
0
0
0
0
0
0
0
3.0308
0
0
0
-1.1911
0
0
0
0
0
0
0
0
0
0
0
0
0
0
0
0
0
0
-0.59098
0
0
0
0
-0.6295
0
0
2.0146
0
0
0
0
0
0
-0.79407
0
0
0
0
0
-2.9141
0
0
0
0
0
0
0
0
0
0
0
0
0
0
-2.9431
0
0
5.8572
0
0
0
0
0
0
0
0
-2.9769
0
0
0
0
0
0
0
0
0
0
0
0
0
0
0
0
0
-2.8565
0
0
0
5.8334
0
0
0
0
0
0
0
0
0
0
0
0
0
0
0
0
0
0
0
0
0
0
0
0
0
0
-1.1911
0
0
0
1.1911
0
0
0
0
0
0
0
0
0
0
0
-8.7095
0
0
0
0
0
0
0
0
0
0
0
0
0
0
0
0
0
0
8.7095
0
0
0
0
0
0
0
0
0
0
0
-8.7095
0
0
0
0
0
0
0
0
0
0
0
0
0
0
0
0
0
0
8.7095
0
0
0
0
-9.05
0
0
0
0
0
0
0
0
0
0
0
0
0
0
0
0
0
0
0
0
0
0
0
0
0
9.05
0
0
0
0
0
0
0
0
0
0
0
0
0
0
0
0
0
0
0
0
0
0
0
-0.79407
0
0
0
0
0
0
0.79407
0
0
0
0
0
0
0
0
0
0
0
0
0
0
0
0
0
0
0
0
-2.5797
0
0
0
0
0
0
0
0
0
2.5797
0
0
-8.7095
0
0
0
0
0
0
0
0
0
0
0
0
0
0
0
0
0
0
0
0
0
0
0
0
0
0
0
8.7095
