16.934
-0.81753
-0.81753
-0.80485
-0.80434
-0.76623
-0.81181
-0.81181
-0.81181
-0.81181
-0.73866
-0.83848
-0.79682
-0.87619
-0.87619
-0.76593
-0.77141
-0.92174
-0.92174
-0.56505
0
-0.80205
-0.80205
0
0
0
0
0
0
0
-0.81753
16.934
-0.81753
-0.80485
-0.80434
-0.76623
-0.81181
-0.81181
-0.81181
-0.81181
-0.73866
-0.83848
-0.79682
-0.87619
-0.87619
-0.76593
-0.77141
-0.92174
-0.92174
-0.56505
0
-0.80205
-0.80205
0
0
0
0
0
0
0
-0.81753
-0.81753
16.934
-0.80485
-0.80434
-0.76623
-0.81181
-0.81181
-0.81181
-0.81181
-0.73866
-0.83848
-0.79682
-0.87619
-0.87619
-0.76593
-0.77141
-0.92174
-0.92174
-0.56505
0
-0.80205
-0.80205
0
0
0
0
0
0
0
-0.80485
-0.80485
-0.80485
23.9761
-0.76834
-0.73738
-0.78186
-0.78186
-0.78186
-0.78186
-0.71212
-0.79329
-0.76877
-0.82598
-0.82598
-0.74066
-0.74622
-0.89307
-0.89307
0
-0.47189
0
0
0
0
0
0
0
0
-9.2573
-0.80434
-0.80434
-0.80434
-0.76834
24.1391
-0.73698
-0.78171
-0.78171
-0.78171
-0.78171
-0.71207
-0.79448
-0.76853
-0.82731
-0.82731
-0.74032
-0.74583
-0.89146
-0.89146
-0.52672
0
0
0
0
-9.3684
0
0
0
0
0
-0.76623
-0.76623
-0.76623
-0.73738
-0.73698
14.1855
-0.75248
-0.75248
-0.75248
-0.75248
-0.68624
-0.76806
-0.73877
-0.80044
-0.80044
-0.71164
-0.71667
-0.85233
-0.85233
0
-0.47563
0
0
0
0
0
0
0
0
0
-0.81181
-0.81181
-0.81181
-0.78186
-0.78171
-0.75248
12.7047
-0.77647
-0.77647
-0.77647
-0.72327
-0.83539
-0.79291
-0.87223
-0.87223
-0.76212
-0.76568
0
0
0
0
0
0
0
0
0
0
0
0
0
-0.81181
-0.81181
-0.81181
-0.78186
-0.78171
-0.75248
-0.77647
12.7047
-0.77647
-0.77647
-0.72327
-0.83539
-0.79291
-0.87223
-0.87223
-0.76212
-0.76568
0
0
0
0
0
0
0
0
0
0
0
0
0
-0.81181
-0.81181
-0.81181
-0.78186
-0.78171
-0.75248
-0.77647
-0.77647
12.7047
-0.77647
-0.72327
-0.83539
-0.79291
-0.87223
-0.87223
-0.76212
-0.76568
0
0
0
0
0
0
0
0
0
0
0
0
0
-0.81181
-0.81181
-0.81181
-0.78186
-0.78171
-0.75248
-0.77647
-0.77647
-0.77647
12.7047
-0.72327
-0.83539
-0.79291
-0.87223
-0.87223
-0.76212
-0.76568
0
0
0
0
0
0
0
0
0
0
0
0
0
-0.73866
-0.73866
-0.73866
-0.71212
-0.71207
-0.68624
-0.72327
-0.72327
-0.72327
-0.72327
10.8218
-0.72195
-0.70073
-0.75372
-0.75372
-0.67225
0
0
0
0
0
0
0
0
0
0
0
0
0
0
-0.83848
-0.83848
-0.83848
-0.79329
-0.79448
-0.76806
-0.83539
-0.83539
-0.83539
-0.83539
-0.72195
16.35
-0.82361
0
0
0
0
0
0
0
0
0
0
0
0
0
0
-6.5916
0
0
-0.79682
-0.79682
-0.79682
-0.76877
-0.76853
-0.73877
-0.79291
-0.79291
-0.79291
-0.79291
-0.70073
-0.82361
9.3625
0
0
0
0
0
0
0
0
0
0
0
0
0
0
0
0
0
-0.87619
-0.87619
-0.87619
-0.82598
-0.82731
-0.80044
-0.87223
-0.87223
-0.87223
-0.87223
-0.75372
0
0
15.3721
0
0
0
0
0
0
0
0
0
-6.0471
0
0
0
0
0
0
-0.87619
-0.87619
-0.87619
-0.82598
-0.82731
-0.80044
-0.87223
-0.87223
-0.87223
-0.87223
-0.75372
0
0
0
15.3721
0
0
0
0
0
0
0
0
0
0
-6.0471
0
0
0
0
-0.76593
-0.76593
-0.76593
-0.74066
-0.74032
-0.71164
-0.76212
-0.76212
-0.76212
-0.76212
-0.67225
0
0
0
0
8.2112
0
0
0
0
0
0
0
0
0
0
0
0
0
0
-0.77141
-0.77141
-0.77141
-0.74622
-0.74583
-0.71667
-0.76568
-0.76568
-0.76568
-0.76568
0
0
0
0
0
0
7.5857
0
0
0
0
0
0
0
0
0
0
0
0
0
-0.92174
-0.92174
-0.92174
-0.89307
-0.89146
-0.85233
0
0
0
0
0
0
0
0
0
0
0
5.4021
0
0
0
0
0
0
0
0
0
0
0
0
-0.92174
-0.92174
-0.92174
-0.89307
-0.89146
-0.85233
0
0
0
0
0
0
0
0
0
0
0
0
5.4021
0
0
0
0
0
0
0
0
0
0
0
-0.56505
-0.56505
-0.56505
0
-0.52672
0
0
0
0
0
0
0
0
0
0
0
0
0
0
2.3264
0
0
0
0
0
0
0
0
-0.1045
0
0
0
0
-0.47189
0
-0.47563
0
0
0
0
0
0
0
0
0
0
0
0
0
0
1.2958
0
0
0
0
0
-0.34824
0
0
0
-0.80205
-0.80205
-0.80205
0
0
0
0
0
0
0
0
0
0
0
0
0
0
0
0
0
0
2.4062
0
0
0
0
0
0
0
0
-0.80205
-0.80205
-0.80205
0
0
0
0
0
0
0
0
0
0
0
0
0
0
0
0
0
0
0
2.4062
0
0
0
0
0
0
0
0
0
0
0
0
0
0
0
0
0
0
0
0
-6.0471
0
0
0
0
0
0
0
0
0
6.0471
0
0
0
0
0
0
0
0
0
0
-9.3684
0
0
0
0
0
0
0
0
0
0
0
0
0
0
0
0
0
0
0
9.3684
0
0
0
0
0
0
0
0
0
0
0
0
0
0
0
0
0
0
0
-6.0471
0
0
0
0
0
0
0
0
0
0
6.0471
0
0
0
0
0
0
0
0
0
0
0
0
0
0
0
0
0
0
0
0
0
0
0
0
-0.34824
0
0
0
0
0
0.34824
0
0
0
0
0
0
0
0
0
0
0
0
0
0
-6.5916
0
0
0
0
0
0
0
0
0
0
0
0
0
0
0
6.5916
0
0
0
0
0
0
0
0
0
0
0
0
0
0
0
0
0
0
0
0
0
-0.1045
0
0
0
0
0
0
0
0
0.1045
0
0
0
0
-9.2573
0
0
0
0
0
0
0
0
0
0
0
0
0
0
0
0
0
0
0
0
0
0
0
0
0
9.2573
