40.6598
-0.66894
-0.62909
-0.62947
-0.60108
-0.65821
-0.65821
-0.65821
-0.67545
-0.67909
-0.64023
-0.62634
-0.74894
-0.61794
-0.6107
-0.50143
-0.68276
-0.52226
-0.52226
-0.52226
0
0
-1.6995
0
0
0
-13.5537
0
-13.5537
0
-0.66894
13.98
-0.62172
-0.61695
-0.58004
-0.63014
-0.63014
-0.63014
-0.64415
-0.62736
-0.61156
-0.6226
-0.86648
-0.59129
-0.58528
-0.64384
0
-0.50072
-0.50072
-0.50072
0
-2.9072
0
0
0
0
0
0
0
0
-0.62909
-0.62172
10.6371
-0.58941
-0.54269
-0.58926
-0.58926
-0.58926
-0.60083
-0.60324
-0.57094
-0.58852
-0.83752
-0.5462
-0.54204
0
-0.79556
-0.46719
-0.46719
-0.46719
0
0
0
0
0
0
0
0
0
0
-0.62947
-0.61695
-0.58941
10.4328
-0.5427
-0.59133
-0.59133
-0.59133
-0.60512
-0.6066
-0.57368
-0.58219
-0.81641
-0.55233
-0.54636
-0.60133
0
-0.46541
-0.46541
-0.46541
0
0
0
0
0
0
0
0
0
0
-0.60108
-0.58004
-0.54269
-0.5427
9.1997
-0.54862
-0.54862
-0.54862
-0.55866
-0.56105
-0.53114
-0.55017
-0.77489
-0.50637
-0.50311
0
0
-0.43398
-0.43398
-0.43398
0
0
0
0
0
0
0
0
0
0
-0.65821
-0.63014
-0.58926
-0.59133
-0.54862
7.7018
-0.56144
-0.56144
-0.61774
-0.62616
-0.58406
-0.61804
0
-0.55952
-0.55582
0
0
0
0
0
0
0
0
0
0
0
0
0
0
0
-0.65821
-0.63014
-0.58926
-0.59133
-0.54862
-0.56144
7.7018
-0.56144
-0.61774
-0.62616
-0.58406
-0.61804
0
-0.55952
-0.55582
0
0
0
0
0
0
0
0
0
0
0
0
0
0
0
-0.65821
-0.63014
-0.58926
-0.59133
-0.54862
-0.56144
-0.56144
7.7018
-0.61774
-0.62616
-0.58406
-0.61804
0
-0.55952
-0.55582
0
0
0
0
0
0
0
0
0
0
0
0
0
0
0
-0.67545
-0.64415
-0.60083
-0.60512
-0.55866
-0.61774
-0.61774
-0.61774
6.7399
-0.65674
-0.55999
0
0
-0.58574
0
0
0
0
0
0
0
0
0
0
0
0
0
0
0
0
-0.67909
-0.62736
-0.60324
-0.6066
-0.56105
-0.62616
-0.62616
-0.62616
-0.65674
8.7767
-0.54575
0
0
0
0
0
0
0
0
0
0
-2.6184
0
0
0
0
0
0
0
0
-0.64023
-0.61156
-0.57094
-0.57368
-0.53114
-0.58406
-0.58406
-0.58406
-0.55999
-0.54575
5.7855
0
0
0
0
0
0
0
0
0
0
0
0
0
0
0
0
0
0
0
-0.62634
-0.6226
-0.58852
-0.58219
-0.55017
-0.61804
-0.61804
-0.61804
0
0
0
5.3482
0
0
0
-0.5243
0
0
0
0
0
0
0
0
0
0
0
0
0
0
-0.74894
-0.86648
-0.83752
-0.81641
-0.77489
0
0
0
0
0
0
0
11.8469
0
0
0
-1.1798
0
0
0
-0.32037
0
-1.8353
0
0
0
0
-4.4672
0
0
-0.61794
-0.59129
-0.5462
-0.55233
-0.50637
-0.55952
-0.55952
-0.55952
-0.58574
0
0
0
0
5.0784
0
0
0
0
0
0
0
0
0
0
0
0
0
0
0
0
-0.6107
-0.58528
-0.54204
-0.54636
-0.50311
-0.55582
-0.55582
-0.55582
0
0
0
0
0
0
4.4549
0
0
0
0
0
0
0
0
0
0
0
0
0
0
0
-0.50143
-0.64384
0
-0.60133
0
0
0
0
0
0
0
-0.5243
0
0
0
16.2427
0
0
0
0
0
0
0
-6.9859
0
-6.9859
0
0
0
0
-0.68276
0
-0.79556
0
0
0
0
0
0
0
0
0
-1.1798
0
0
0
3.9599
0
0
0
-0.95036
0
0
0
-0.35139
0
0
0
0
0
-0.52226
-0.50072
-0.46719
-0.46541
-0.43398
0
0
0
0
0
0
0
0
0
0
0
0
2.3896
0
0
0
0
0
0
0
0
0
0
0
0
-0.52226
-0.50072
-0.46719
-0.46541
-0.43398
0
0
0
0
0
0
0
0
0
0
0
0
0
2.3896
0
0
0
0
0
0
0
0
0
0
0
-0.52226
-0.50072
-0.46719
-0.46541
-0.43398
0
0
0
0
0
0
0
0
0
0
0
0
0
0
2.3896
0
0
0
0
0
0
0
0
0
0
0
0
0
0
0
0
0
0
0
0
0
0
-0.32037
0
0
0
-0.95036
0
0
0
1.4479
0
0
0
0
0
0
0
0
-0.17718
0
-2.9072
0
0
0
0
0
0
0
-2.6184
0
0
0
0
0
0
0
0
0
0
0
5.5257
0
0
0
0
0
0
0
0
-1.6995
0
0
0
0
0
0
0
0
0
0
0
-1.8353
0
0
0
0
0
0
0
0
0
3.5348
0
0
0
0
0
0
0
0
0
0
0
0
0
0
0
0
0
0
0
0
0
0
-6.9859
0
0
0
0
0
0
0
6.9859
0
0
0
0
0
0
0
0
0
0
0
0
0
0
0
0
0
0
0
0
0
0
-0.35139
0
0
0
0
0
0
0
0.35139
0
0
0
0
0
0
0
0
0
0
0
0
0
0
0
0
0
0
0
0
-6.9859
0
0
0
0
0
0
0
0
0
6.9859
0
0
0
0
-13.5537
0
0
0
0
0
0
0
0
0
0
0
0
0
0
0
0
0
0
0
0
0
0
0
0
0
13.5537
0
0
0
0
0
0
0
0
0
0
0
0
0
0
0
-4.4672
0
0
0
0
0
0
0
0
0
0
0
0
0
0
4.4672
0
0
-13.5537
0
0
0
0
0
0
0
0
0
0
0
0
0
0
0
0
0
0
0
0
0
0
0
0
0
0
0
13.5537
0
0
0
0
0
0
0
0
0
0
0
0
0
0
0
0
0
0
0
0
0
-0.17718
0
0
0
0
0
0
0
0
0.17718
