19.3951
-1.1798
-1.1796
-1.0447
-1.0447
-1.0713
-1.0447
-1.0696
-1.0648
-0.85151
-0.85151
-0.85151
-0.88811
-0.9401
-0.9251
-0.9251
-0.97004
-0.97594
0
0
-1.0669
-1.4499
0
0
0
0
0
0
0
0
-1.1798
18.8881
-1.1947
-1.0441
-1.0441
-1.0726
-1.0441
-1.0683
-1.0642
-0.85117
-0.85117
-0.85117
-0.88453
-0.93554
-0.92443
-0.92443
-0.96983
-0.97608
-0.94338
0
-1.0645
0
0
0
0
0
0
0
0
0
-1.1796
-1.1947
19.7402
-1.0601
-1.0601
-1.0733
-1.0601
-1.0775
-1.0535
-0.85387
-0.85387
-0.85387
-0.89297
-0.93894
-0.92486
-0.92486
-0.95902
-0.97661
0
-1.3837
0
-1.4187
0
0
0
0
0
0
0
0
-1.0447
-1.0441
-1.0601
15.78
-0.88224
-0.95174
-0.88224
-0.94858
-0.94882
-0.73811
-0.73811
-0.73811
-0.77108
-0.81324
-0.8032
-0.8032
-0.84072
-0.84604
0
0
-0.92561
0
0
0
0
0
0
0
0
0
-1.0447
-1.0441
-1.0601
-0.88224
15.78
-0.95174
-0.88224
-0.94858
-0.94882
-0.73811
-0.73811
-0.73811
-0.77108
-0.81324
-0.8032
-0.8032
-0.84072
-0.84604
0
0
-0.92561
0
0
0
0
0
0
0
0
0
-1.0713
-1.0726
-1.0733
-0.95174
-0.95174
18.7368
-0.95174
-0.95866
-0.95863
-0.74464
-0.74464
-0.74464
-0.775
-0.81846
-0.81003
-0.81003
-0.83953
-0.85199
0
0
0
0
0
0
0
-3.6081
0
0
0
0
-1.0447
-1.0441
-1.0601
-0.88224
-0.88224
-0.95174
15.78
-0.94858
-0.94882
-0.73811
-0.73811
-0.73811
-0.77108
-0.81324
-0.8032
-0.8032
-0.84072
-0.84604
0
0
-0.92561
0
0
0
0
0
0
0
0
0
-1.0696
-1.0683
-1.0775
-0.94858
-0.94858
-0.95866
-0.94858
17.974
-0.95774
-0.74213
-0.74213
-0.74213
-0.75669
-0.79747
-0.80623
-0.80623
-0.84458
-0.85124
0
0
0
0
0
0
-2.9077
0
0
0
0
0
-1.0648
-1.0642
-1.0535
-0.94882
-0.94882
-0.95863
-0.94882
-0.95774
16.2899
-0.7417
-0.7417
-0.7417
-0.76997
-0.80462
-0.80001
-0.80001
-0.82686
-0.84248
0
-1.2754
0
0
0
0
0
0
0
0
0
0
-0.85151
-0.85117
-0.85387
-0.73811
-0.73811
-0.74464
-0.73811
-0.74213
-0.7417
12.0897
-0.58456
-0.58456
-0.62263
-0.64616
-0.64927
-0.64927
-0.67212
-0.68181
0
0
0
0
0
0
0
0
0
0
0
0
-0.85151
-0.85117
-0.85387
-0.73811
-0.73811
-0.74464
-0.73811
-0.74213
-0.7417
-0.58456
12.0897
-0.58456
-0.62263
-0.64616
-0.64927
-0.64927
-0.67212
-0.68181
0
0
0
0
0
0
0
0
0
0
0
0
-0.85151
-0.85117
-0.85387
-0.73811
-0.73811
-0.74464
-0.73811
-0.74213
-0.7417
-0.58456
-0.58456
12.0897
-0.62263
-0.64616
-0.64927
-0.64927
-0.67212
-0.68181
0
0
0
0
0
0
0
0
0
0
0
0
-0.88811
-0.88453
-0.89297
-0.77108
-0.77108
-0.775
-0.77108
-0.75669
-0.76997
-0.62263
-0.62263
-0.62263
14.7494
-0.5961
-0.64439
-0.64439
-0.65928
0
0
0
0
0
0
0
0
0
-3.0569
0
0
0
-0.9401
-0.93554
-0.93894
-0.81324
-0.81324
-0.81846
-0.81324
-0.79747
-0.80462
-0.64616
-0.64616
-0.64616
-0.5961
14.2431
-0.71382
-0.71382
0
0
0
0
0
0
0
0
0
0
0
-2.606
0
0
-0.9251
-0.92443
-0.92486
-0.8032
-0.8032
-0.81003
-0.8032
-0.80623
-0.80001
-0.64927
-0.64927
-0.64927
-0.64439
-0.71382
11.5849
-0.67869
0
0
0
0
0
0
0
0
0
0
0
0
0
0
-0.9251
-0.92443
-0.92486
-0.8032
-0.8032
-0.81003
-0.8032
-0.80623
-0.80001
-0.64927
-0.64927
-0.64927
-0.64439
-0.71382
-0.67869
11.5849
0
0
0
0
0
0
0
0
0
0
0
0
0
0
-0.97004
-0.96983
-0.95902
-0.84072
-0.84072
-0.83953
-0.84072
-0.84458
-0.82686
-0.67212
-0.67212
-0.67212
-0.65928
0
0
0
11.7613
0
0
-1.1536
0
0
0
0
0
0
0
0
0
0
-0.97594
-0.97608
-0.97661
-0.84604
-0.84604
-0.85199
-0.84604
-0.85124
-0.84248
-0.68181
-0.68181
-0.68181
0
0
0
0
0
10.0579
0
0
0
0
0
0
0
0
0
0
0
0
0
-0.94338
0
0
0
0
0
0
0
0
0
0
0
0
0
0
0
0
15.3774
0
0
-1.1618
-2.8811
-2.9373
0
0
0
0
-3.7269
-3.7269
0
0
-1.3837
0
0
0
0
0
-1.2754
0
0
0
0
0
0
0
-1.1536
0
0
10.3164
0
-1.2459
0
-2.4863
0
-2.7715
0
0
0
0
-1.0669
-1.0645
0
-0.92561
-0.92561
0
-0.92561
0
0
0
0
0
0
0
0
0
0
0
0
0
4.9082
0
0
0
0
0
0
0
0
0
-1.4499
0
-1.4187
0
0
0
0
0
0
0
0
0
0
0
0
0
0
0
-1.1618
-1.2459
0
5.2763
0
0
0
0
0
0
0
0
0
0
0
0
0
0
0
0
0
0
0
0
0
0
0
0
0
0
-2.8811
0
0
0
4.2801
0
-1.399
0
0
0
0
0
0
0
0
0
0
0
0
0
0
0
0
0
0
0
0
0
0
0
-2.9373
-2.4863
0
0
0
5.4236
0
0
0
0
0
0
0
0
0
0
0
0
0
-2.9077
0
0
0
0
0
0
0
0
0
0
0
0
0
0
-1.399
0
4.3067
0
0
0
0
0
0
0
0
0
0
-3.6081
0
0
0
0
0
0
0
0
0
0
0
0
0
-2.7715
0
0
0
0
0
6.3796
0
0
0
0
0
0
0
0
0
0
0
0
0
0
0
0
-3.0569
0
0
0
0
0
0
0
0
0
0
0
0
0
3.0569
0
0
0
0
0
0
0
0
0
0
0
0
0
0
0
0
-2.606
0
0
0
0
0
0
0
0
0
0
0
0
0
2.606
0
0
0
0
0
0
0
0
0
0
0
0
0
0
0
0
0
0
0
0
-3.7269
0
0
0
0
0
0
0
0
0
3.7269
0
0
0
0
0
0
0
0
0
0
0
0
0
0
0
0
0
0
0
-3.7269
0
0
0
0
0
0
0
0
0
0
3.7269
