43.0758
-0.82366
-0.76733
-0.76733
-0.73638
-0.76733
-0.78445
-0.74033
-0.79247
-0.79053
-0.79053
-0.79053
-0.7608
-0.76806
-0.7608
-0.84754
-0.80634
-0.93035
-0.93035
-0.93035
-0.93035
-0.64859
0
0
0
0
-8.7371
-8.7371
0
-8.7371
-0.82366
17.8072
-0.79292
-0.79292
-0.80578
-0.79292
-0.87163
-0.82617
-0.82619
-0.8245
-0.8245
-0.8245
-0.79254
-0.81915
-0.79254
-0.88263
-0.83108
-0.94132
-0.94132
-0.94132
-0.94132
-0.64521
-0.27306
0
0
0
0
0
0
0
-0.76733
-0.79292
16.0972
-0.71978
-0.75255
-0.71978
-0.79752
-0.75717
-0.75447
-0.75326
-0.75326
-0.75326
-0.72408
-0.74217
-0.72408
-0.80562
-0.7587
-0.85782
-0.85782
-0.85782
-0.85782
-0.59
0
0
0
0
0
0
0
0
-0.76733
-0.79292
-0.71978
16.0972
-0.75255
-0.71978
-0.79752
-0.75717
-0.75447
-0.75326
-0.75326
-0.75326
-0.72408
-0.74217
-0.72408
-0.80562
-0.7587
-0.85782
-0.85782
-0.85782
-0.85782
-0.59
0
0
0
0
0
0
0
0
-0.73638
-0.80578
-0.75255
-0.75255
21.6217
-0.75255
-0.78514
-0.74425
-0.76001
-0.7585
-0.7585
-0.7585
-0.72942
-0.74143
-0.72942
-0.81192
-0.76728
-0.87459
-0.87459
-0.87459
-0.87459
0
0
0
-5.9791
0
0
0
0
0
-0.76733
-0.79292
-0.71978
-0.71978
-0.75255
16.0972
-0.79752
-0.75717
-0.75447
-0.75326
-0.75326
-0.75326
-0.72408
-0.74217
-0.72408
-0.80562
-0.7587
-0.85782
-0.85782
-0.85782
-0.85782
-0.59
0
0
0
0
0
0
0
0
-0.78445
-0.87163
-0.79752
-0.79752
-0.78514
-0.79752
17.405
-0.80703
-0.8193
-0.81804
-0.81804
-0.81804
-0.78456
-0.80297
-0.78456
-0.87559
-0.82649
0
0
0
0
0
0
0
0
0
0
0
-4.4166
0
-0.74033
-0.82617
-0.75717
-0.75717
-0.74425
-0.75717
-0.80703
15.3295
-0.79467
-0.76509
-0.76509
-0.76509
-0.73104
-0.7449
-0.73104
-0.81649
0
0
0
0
0
0
0
0
0
-3.8268
0
0
0
0
-0.79247
-0.82619
-0.75447
-0.75447
-0.76001
-0.75447
-0.8193
-0.79467
12.3452
-0.7641
-0.7641
-0.7641
-0.73046
-0.75226
-0.73046
-0.81482
-0.76888
0
0
0
0
0
0
0
0
0
0
0
0
0
-0.79053
-0.8245
-0.75326
-0.75326
-0.7585
-0.75326
-0.81804
-0.76509
-0.7641
10.7229
-0.73023
-0.73023
-0.74789
-0.78607
-0.74789
0
0
0
0
0
0
0
0
0
0
0
0
0
0
0
-0.79053
-0.8245
-0.75326
-0.75326
-0.7585
-0.75326
-0.81804
-0.76509
-0.7641
-0.73023
10.7229
-0.73023
-0.74789
-0.78607
-0.74789
0
0
0
0
0
0
0
0
0
0
0
0
0
0
0
-0.79053
-0.8245
-0.75326
-0.75326
-0.7585
-0.75326
-0.81804
-0.76509
-0.7641
-0.73023
-0.73023
10.7229
-0.74789
-0.78607
-0.74789
0
0
0
0
0
0
0
0
0
0
0
0
0
0
0
-0.7608
-0.79254
-0.72408
-0.72408
-0.72942
-0.72408
-0.78456
-0.73104
-0.73046
-0.74789
-0.74789
-0.74789
9.5953
0
-0.6506
0
0
0
0
0
0
0
0
0
0
0
0
0
0
0
-0.76806
-0.81915
-0.74217
-0.74217
-0.74143
-0.74217
-0.80297
-0.7449
-0.75226
-0.78607
-0.78607
-0.78607
0
9.4888
0
0
0
0
0
0
0
0
-0.27531
0
0
0
0
0
0
0
-0.7608
-0.79254
-0.72408
-0.72408
-0.72942
-0.72408
-0.78456
-0.73104
-0.73046
-0.74789
-0.74789
-0.74789
-0.6506
0
9.5953
0
0
0
0
0
0
0
0
0
0
0
0
0
0
0
-0.84754
-0.88263
-0.80562
-0.80562
-0.81192
-0.80562
-0.87559
-0.81649
-0.81482
0
0
0
0
0
0
7.4658
0
0
0
0
0
0
0
0
0
0
0
0
0
0
-0.80634
-0.83108
-0.7587
-0.7587
-0.76728
-0.7587
-0.82649
0
-0.76888
0
0
0
0
0
0
0
6.2762
0
0
0
0
0
0
0
0
0
0
0
0
0
-0.93035
-0.94132
-0.85782
-0.85782
-0.87459
-0.85782
0
0
0
0
0
0
0
0
0
0
0
5.3197
0
0
0
0
0
0
0
0
0
0
0
0
-0.93035
-0.94132
-0.85782
-0.85782
-0.87459
-0.85782
0
0
0
0
0
0
0
0
0
0
0
0
5.3197
0
0
0
0
0
0
0
0
0
0
0
-0.93035
-0.94132
-0.85782
-0.85782
-0.87459
-0.85782
0
0
0
0
0
0
0
0
0
0
0
0
0
5.3197
0
0
0
0
0
0
0
0
0
0
-0.93035
-0.94132
-0.85782
-0.85782
-0.87459
-0.85782
0
0
0
0
0
0
0
0
0
0
0
0
0
0
5.3197
0
0
0
0
0
0
0
0
0
-0.64859
-0.64521
-0.59
-0.59
0
-0.59
0
0
0
0
0
0
0
0
0
0
0
0
0
0
0
3.0638
0
0
0
0
0
0
0
0
0
-0.27306
0
0
0
0
0
0
0
0
0
0
0
-0.27531
0
0
0
0
0
0
0
0
0.65287
-0.1045
0
0
0
0
0
0
0
0
0
0
0
0
0
0
0
0
0
0
0
0
0
0
0
0
0
0
0
0
-0.1045
0.1045
0
0
0
0
0
0
0
0
0
0
-5.9791
0
0
0
0
0
0
0
0
0
0
0
0
0
0
0
0
0
0
0
5.9791
0
0
0
0
0
0
0
0
0
0
0
0
-3.8268
0
0
0
0
0
0
0
0
0
0
0
0
0
0
0
0
0
3.8268
0
0
0
0
-8.7371
0
0
0
0
0
0
0
0
0
0
0
0
0
0
0
0
0
0
0
0
0
0
0
0
0
8.7371
0
0
0
-8.7371
0
0
0
0
0
0
0
0
0
0
0
0
0
0
0
0
0
0
0
0
0
0
0
0
0
0
8.7371
0
0
0
0
0
0
0
0
-4.4166
0
0
0
0
0
0
0
0
0
0
0
0
0
0
0
0
0
0
0
0
0
4.4166
0
-8.7371
0
0
0
0
0
0
0
0
0
0
0
0
0
0
0
0
0
0
0
0
0
0
0
0
0
0
0
0
8.7371
