20.0737
-0.64981
-0.74361
-0.71002
-0.73401
-0.77259
-0.76242
-0.67601
-0.67601
-0.70551
-0.6259
-0.6259
-0.65402
-0.65402
-0.71693
0
-1.7916
-1.7916
-0.77446
0
0
-3.0046
0
0
-3.0046
0
0
0
0
0
-0.64981
20.0737
-0.74361
-0.71002
-0.73401
-0.77259
-0.76242
-0.67601
-0.67601
-0.70551
-0.6259
-0.6259
-0.65402
-0.65402
-0.71693
0
-1.7916
-1.7916
-0.77446
0
0
-3.0046
0
0
-3.0046
0
0
0
0
0
-0.74361
-0.74361
14.35
-0.78718
-0.80121
-0.84559
-0.8296
-0.72839
-0.72839
-0.76125
-0.67257
-0.67257
-0.70359
-0.70359
-0.77615
0
-1.9264
-1.9264
0
0
0
0
0
0
0
0
0
0
0
0
-0.71002
-0.71002
-0.78718
10.2557
-0.76489
-0.75718
-0.7677
-0.68041
-0.68041
-0.6788
-0.61737
-0.61737
-0.64498
-0.64498
0
0
0
0
0
0
-0.59716
0
-0.59716
0
0
0
0
0
0
0
-0.73401
-0.73401
-0.80121
-0.76489
10.358
-0.80507
-0.75937
-0.67872
-0.67872
-0.70495
-0.63075
-0.63075
-0.65916
-0.65916
-0.73295
-0.38428
0
0
0
0
0
0
0
0
0
0
0
0
0
0
-0.77259
-0.77259
-0.84559
-0.75718
-0.80507
23.1845
-0.79201
-0.72022
-0.72022
-0.69732
-0.65123
-0.65123
-0.68091
-0.68091
0
0
0
0
0
0
0
0
0
0
0
0
-6.8187
0
0
-6.8187
-0.76242
-0.76242
-0.8296
-0.7677
-0.75937
-0.79201
16.4067
-0.69618
-0.69618
-0.70965
-0.64584
-0.64584
-0.67518
-0.67518
-0.76144
0
0
0
0
0
0
0
0
0
0
0
0
-6.2277
0
0
-0.67601
-0.67601
-0.72839
-0.68041
-0.67872
-0.72022
-0.69618
9.1581
-0.62254
-0.65751
-0.57704
-0.57704
-0.60229
-0.60229
-0.66341
0
0
0
0
0
0
0
0
0
0
0
0
0
0
0
-0.67601
-0.67601
-0.72839
-0.68041
-0.67872
-0.72022
-0.69618
-0.62254
9.1581
-0.65751
-0.57704
-0.57704
-0.60229
-0.60229
-0.66341
0
0
0
0
0
0
0
0
0
0
0
0
0
0
0
-0.70551
-0.70551
-0.76125
-0.6788
-0.70495
-0.69732
-0.70965
-0.65751
-0.65751
14.4056
-0.58774
-0.58774
-0.6136
-0.6136
0
0
0
0
0
0
0
0
0
0
0
-5.7248
0
0
0
0
-0.6259
-0.6259
-0.67257
-0.61737
-0.63075
-0.65123
-0.64584
-0.57704
-0.57704
-0.58774
7.8214
-0.52188
-0.54407
-0.54407
0
0
0
0
0
0
0
0
0
0
0
0
0
0
0
0
-0.6259
-0.6259
-0.67257
-0.61737
-0.63075
-0.65123
-0.64584
-0.57704
-0.57704
-0.58774
-0.52188
7.8214
-0.54407
-0.54407
0
0
0
0
0
0
0
0
0
0
0
0
0
0
0
0
-0.65402
-0.65402
-0.70359
-0.64498
-0.65916
-0.68091
-0.67518
-0.60229
-0.60229
-0.6136
-0.54407
-0.54407
7.5782
0
0
0
0
0
0
0
0
0
0
0
0
0
0
0
0
0
-0.65402
-0.65402
-0.70359
-0.64498
-0.65916
-0.68091
-0.67518
-0.60229
-0.60229
-0.6136
-0.54407
-0.54407
0
7.5782
0
0
0
0
0
0
0
0
0
0
0
0
0
0
0
0
-0.71693
-0.71693
-0.77615
0
-0.73295
0
-0.76144
-0.66341
-0.66341
0
0
0
0
0
5.0312
0
0
0
0
0
0
0
0
0
0
0
0
0
0
0
0
0
0
0
-0.38428
0
0
0
0
0
0
0
0
0
0
1.7172
0
0
-0.87558
0
0
0
0
-0.35288
0
0
0
0
-0.1045
0
-1.7916
-1.7916
-1.9264
0
0
0
0
0
0
0
0
0
0
0
0
0
5.5096
0
0
0
0
0
0
0
0
0
0
0
0
0
-1.7916
-1.7916
-1.9264
0
0
0
0
0
0
0
0
0
0
0
0
0
0
5.5096
0
0
0
0
0
0
0
0
0
0
0
0
-0.77446
-0.77446
0
0
0
0
0
0
0
0
0
0
0
0
0
-0.87558
0
0
2.4245
0
0
0
0
0
0
0
0
0
0
0
0
0
0
0
0
0
0
0
0
0
0
0
0
0
0
0
0
0
0
3.1621
-1.4184
0
-1.4184
-0.32544
0
0
0
0
0
0
0
0
0
-0.59716
0
0
0
0
0
0
0
0
0
0
0
0
0
0
0
-1.4184
2.0155
0
0
0
0
0
0
0
0
0
-3.0046
-3.0046
0
0
0
0
0
0
0
0
0
0
0
0
0
0
0
0
0
0
0
6.0093
0
0
0
0
0
0
0
0
0
0
0
-0.59716
0
0
0
0
0
0
0
0
0
0
0
0
0
0
0
-1.4184
0
0
2.0155
0
0
0
0
0
0
0
0
0
0
0
0
0
0
0
0
0
0
0
0
0
0
-0.35288
0
0
0
-0.32544
0
0
0
0.67832
0
0
0
0
0
0
-3.0046
-3.0046
0
0
0
0
0
0
0
0
0
0
0
0
0
0
0
0
0
0
0
0
0
0
6.0093
0
0
0
0
0
0
0
0
0
0
0
0
0
0
-5.7248
0
0
0
0
0
0
0
0
0
0
0
0
0
0
0
5.7248
0
0
0
0
0
0
0
0
0
-6.8187
0
0
0
0
0
0
0
0
0
0
0
0
0
0
0
0
0
0
0
0
6.8187
0
0
0
0
0
0
0
0
0
-6.2277
0
0
0
0
0
0
0
0
0
0
0
0
0
0
0
0
0
0
0
0
6.2277
0
0
0
0
0
0
0
0
0
0
0
0
0
0
0
0
0
-0.1045
0
0
0
0
0
0
0
0
0
0
0
0
0.1045
0
0
0
0
0
0
-6.8187
0
0
0
0
0
0
0
0
0
0
0
0
0
0
0
0
0
0
0
0
0
0
0
6.8187
