22.1615
-0.71267
-0.68123
-0.70536
-0.74067
-0.63804
-0.63168
-0.63804
-0.6809
-0.63189
-0.63774
-0.63774
-0.61742
-0.61742
-0.63807
-0.71246
-0.64729
-0.83667
0
-0.42007
0
0
0
0
0
0
-10.3362
0
0
0
-0.71267
22.1615
-0.68123
-0.70536
-0.74067
-0.63804
-0.63168
-0.63804
-0.6809
-0.63189
-0.63774
-0.63774
-0.61742
-0.61742
-0.63807
-0.71246
-0.64729
-0.83667
0
-0.42007
0
0
0
0
0
0
0
-10.3362
0
0
-0.68123
-0.68123
11.4176
-0.68237
-0.71251
-0.61232
-0.60993
-0.61232
-0.66924
-0.6167
-0.61115
-0.61115
-0.59172
-0.59172
-0.61146
-0.67908
-0.61611
-0.83608
0
-0.39128
0
0
0
0
0
0
0
0
0
0
-0.70536
-0.70536
-0.68237
10.9786
-0.75216
-0.64534
-0.65176
-0.64534
-0.70569
-0.68191
-0.64386
-0.64386
-0.62334
-0.62334
-0.6442
-0.71864
-0.65142
0
0
0
-0.25463
0
0
0
0
0
0
0
0
0
-0.74067
-0.74067
-0.71251
-0.75216
20.8147
-0.67016
-0.67607
-0.67016
-0.73036
-0.68536
-0.66814
-0.66814
-0.64678
-0.64678
-0.66848
-0.74993
-0.68005
0
0
0
0
0
0
0
0
-9.7082
0
0
0
0
-0.63804
-0.63804
-0.61232
-0.64534
-0.67016
9.5357
-0.56637
-0.53013
-0.64232
-0.60393
-0.56426
-0.56426
-0.54636
-0.54636
-0.56455
-0.63186
-0.57137
0
0
0
0
0
0
0
0
0
0
0
0
0
-0.63168
-0.63168
-0.60993
-0.65176
-0.67607
-0.56637
9.1828
-0.56637
-0.63868
-0.5713
-0.56143
-0.56143
-0.54361
-0.54361
-0.56172
-0.629
0
0
-0.23819
0
0
0
0
0
0
0
0
0
0
0
-0.63804
-0.63804
-0.61232
-0.64534
-0.67016
-0.53013
-0.56637
9.5357
-0.64232
-0.60393
-0.56426
-0.56426
-0.54636
-0.54636
-0.56455
-0.63186
-0.57137
0
0
0
0
0
0
0
0
0
0
0
0
0
-0.6809
-0.6809
-0.66924
-0.70569
-0.73036
-0.64232
-0.63868
-0.64232
31.3497
-0.61261
-0.59975
-0.59975
-0.5807
-0.5807
-0.60006
0
0
0
0
0
0
0
0
-11.1929
0
0
0
0
-11.1929
0
-0.63189
-0.63189
-0.6167
-0.68191
-0.68536
-0.60393
-0.5713
-0.60393
-0.61261
8.8414
-0.56139
-0.56139
-0.54358
-0.54358
-0.56168
0
0
0
-0.2191
0
0
-0.21113
0
0
0
0
0
0
0
0
-0.63774
-0.63774
-0.61115
-0.64386
-0.66814
-0.56426
-0.56143
-0.56426
-0.59975
-0.56139
8.3417
-0.58217
-0.56369
-0.56369
-0.58247
0
0
0
0
0
0
0
0
0
0
0
0
0
0
0
-0.63774
-0.63774
-0.61115
-0.64386
-0.66814
-0.56426
-0.56143
-0.56426
-0.59975
-0.56139
-0.58217
8.3417
-0.56369
-0.56369
-0.58247
0
0
0
0
0
0
0
0
0
0
0
0
0
0
0
-0.61742
-0.61742
-0.59172
-0.62334
-0.64678
-0.54636
-0.54361
-0.54636
-0.5807
-0.54358
-0.56369
-0.56369
7.4961
-0.51143
0
0
0
0
0
0
0
0
0
0
0
0
0
0
0
0
-0.61742
-0.61742
-0.59172
-0.62334
-0.64678
-0.54636
-0.54361
-0.54636
-0.5807
-0.54358
-0.56369
-0.56369
-0.51143
7.4961
0
0
0
0
0
0
0
0
0
0
0
0
0
0
0
0
-0.63807
-0.63807
-0.61146
-0.6442
-0.66848
-0.56455
-0.56172
-0.56455
-0.60006
-0.56168
-0.58247
-0.58247
0
0
7.2178
0
0
0
0
0
0
0
0
0
0
0
0
0
0
0
-0.71246
-0.71246
-0.67908
-0.71864
-0.74993
-0.63186
-0.629
-0.63186
0
0
0
0
0
0
0
5.4653
0
0
0
0
0
0
0
0
0
0
0
0
0
0
-0.64729
-0.64729
-0.61611
-0.65142
-0.68005
-0.57137
0
-0.57137
0
0
0
0
0
0
0
0
4.3849
0
0
0
0
0
0
0
0
0
0
0
0
0
-0.83667
-0.83667
-0.83608
0
0
0
0
0
0
0
0
0
0
0
0
0
0
3.4372
0
0
0
0
0
0
-0.92774
0
0
0
0
0
0
0
0
0
0
0
-0.23819
0
0
-0.2191
0
0
0
0
0
0
0
0
0.56178
0
0
0
0
0
0
0
0
0
0
-0.1045
-0.42007
-0.42007
-0.39128
0
0
0
0
0
0
0
0
0
0
0
0
0
0
0
0
1.2314
0
0
0
0
0
0
0
0
0
0
0
0
0
-0.25463
0
0
0
0
0
0
0
0
0
0
0
0
0
0
0
0
2.7184
0
-2.4637
0
0
0
0
0
0
0
0
0
0
0
0
0
0
0
0
-0.21113
0
0
0
0
0
0
0
0
0
0
0
2.6387
-2.4275
0
0
0
0
0
0
0
0
0
0
0
0
0
0
0
0
0
0
0
0
0
0
0
0
0
0
0
-2.4637
-2.4275
4.8913
0
0
0
0
0
0
0
0
0
0
0
0
0
0
0
-11.1929
0
0
0
0
0
0
0
0
0
0
0
0
0
0
11.1929
0
0
0
0
0
0
0
0
0
0
0
0
0
0
0
0
0
0
0
0
0
0
0
-0.92774
0
0
0
0
0
0
0.92774
0
0
0
0
0
0
0
0
0
-9.7082
0
0
0
0
0
0
0
0
0
0
0
0
0
0
0
0
0
0
0
0
9.7082
0
0
0
0
-10.3362
0
0
0
0
0
0
0
0
0
0
0
0
0
0
0
0
0
0
0
0
0
0
0
0
0
10.3362
0
0
0
0
-10.3362
0
0
0
0
0
0
0
0
0
0
0
0
0
0
0
0
0
0
0
0
0
0
0
0
0
10.3362
0
0
0
0
0
0
0
0
0
0
-11.1929
0
0
0
0
0
0
0
0
0
0
0
0
0
0
0
0
0
0
0
11.1929
0
0
0
0
0
0
0
0
0
0
0
0
0
0
0
0
0
0
0
-0.1045
0
0
0
0
0
0
0
0
0
0
0.1045
