18.4678
-0.59101
-0.58738
-0.57453
-0.58888
-0.53815
-0.53815
-0.53815
-0.53815
-0.50893
-0.512
-0.55963
-0.55963
-0.55793
-0.55793
-0.56641
-0.5111
-0.53959
-0.20545
0
0
0
0
-8.8948
0
0
0
0
0
0
-0.59101
17.5283
-0.58921
-0.57291
-0.58474
-0.53608
-0.53608
-0.53608
-0.53608
-0.5051
-0.50771
-0.55742
-0.55742
-0.55371
-0.55371
-0.56449
-0.50976
0
-0.20798
0
0
-8.5288
0
0
0
0
0
0
0
0
-0.58738
-0.58921
17.5561
-0.57261
-0.58823
-0.53576
-0.53576
-0.53576
-0.53576
-0.50974
-0.51251
-0.55652
-0.55652
-0.55827
-0.55827
-0.56279
-0.50752
-0.54657
0
0
-8.2068
0
0
0
0
0
0
0
0
0
-0.57453
-0.57291
-0.57261
9.1781
-0.57631
-0.52523
-0.52523
-0.52523
-0.52523
-0.50883
-0.51236
-0.54604
-0.54604
-0.54746
-0.54746
-0.55106
-0.49664
-0.52496
0
0
0
0
0
0
0
0
0
0
0
0
-0.58888
-0.58474
-0.58823
-0.57631
16.6372
-0.53762
-0.53762
-0.53762
-0.53762
-0.51137
-0.51307
-0.55917
-0.55917
-0.55938
-0.55938
-0.56591
-0.51056
0
0
0
0
0
0
0
0
0
0
-7.8105
0
0
-0.53815
-0.53608
-0.53576
-0.52523
-0.53762
8.0956
-0.47834
-0.47834
-0.47834
-0.47767
-0.47894
-0.51193
-0.51193
-0.51141
-0.51141
-0.51667
-0.46778
0
0
0
0
0
0
0
0
0
0
0
0
0
-0.53815
-0.53608
-0.53576
-0.52523
-0.53762
-0.47834
8.0956
-0.47834
-0.47834
-0.47767
-0.47894
-0.51193
-0.51193
-0.51141
-0.51141
-0.51667
-0.46778
0
0
0
0
0
0
0
0
0
0
0
0
0
-0.53815
-0.53608
-0.53576
-0.52523
-0.53762
-0.47834
-0.47834
8.0956
-0.47834
-0.47767
-0.47894
-0.51193
-0.51193
-0.51141
-0.51141
-0.51667
-0.46778
0
0
0
0
0
0
0
0
0
0
0
0
0
-0.53815
-0.53608
-0.53576
-0.52523
-0.53762
-0.47834
-0.47834
-0.47834
8.0956
-0.47767
-0.47894
-0.51193
-0.51193
-0.51141
-0.51141
-0.51667
-0.46778
0
0
0
0
0
0
0
0
0
0
0
0
0
-0.50893
-0.5051
-0.50974
-0.50883
-0.51137
-0.47767
-0.47767
-0.47767
-0.47767
24.063
-0.41838
-0.48402
-0.48402
0
0
-0.50597
0
0
0
-8.858
0
0
0
0
0
0
0
0
-8.858
0
-0.512
-0.50771
-0.51251
-0.51236
-0.51307
-0.47894
-0.47894
-0.47894
-0.47894
-0.41838
22.6169
-0.49048
-0.49048
0
0
0
0
0
0
0
0
0
-8.3721
0
-8.3721
0
0
0
0
0
-0.55963
-0.55742
-0.55652
-0.54604
-0.55917
-0.51193
-0.51193
-0.51193
-0.51193
-0.48402
-0.49048
6.3083
-0.5073
0
0
0
0
0
0
0
0
0
0
0
0
0
0
0
0
0
-0.55963
-0.55742
-0.55652
-0.54604
-0.55917
-0.51193
-0.51193
-0.51193
-0.51193
-0.48402
-0.49048
-0.5073
6.3083
0
0
0
0
0
0
0
0
0
0
0
0
0
0
0
0
0
-0.55793
-0.55371
-0.55827
-0.54746
-0.55938
-0.51141
-0.51141
-0.51141
-0.51141
0
0
0
0
5.1684
0
0
0
0
0
0
0
0
0
0
0
0
-0.34604
0
0
0
-0.55793
-0.55371
-0.55827
-0.54746
-0.55938
-0.51141
-0.51141
-0.51141
-0.51141
0
0
0
0
0
5.1684
0
0
0
0
0
0
0
0
0
0
0
0
0
0
-0.34604
-0.56641
-0.56449
-0.56279
-0.55106
-0.56591
-0.51667
-0.51667
-0.51667
-0.51667
-0.50597
0
0
0
0
0
5.3833
0
0
0
0
0
0
0
0
0
0
0
0
0
0
-0.5111
-0.50976
-0.50752
-0.49664
-0.51056
-0.46778
-0.46778
-0.46778
-0.46778
0
0
0
0
0
0
0
4.4067
0
0
0
0
0
0
0
0
0
0
0
0
0
-0.53959
0
-0.54657
-0.52496
0
0
0
0
0
0
0
0
0
0
0
0
0
1.6111
0
0
0
0
0
0
0
0
0
0
0
0
-0.20545
-0.20798
0
0
0
0
0
0
0
0
0
0
0
0
0
0
0
0
0.51793
0
0
0
0
0
0
-0.1045
0
0
0
0
0
0
0
0
0
0
0
0
0
-8.858
0
0
0
0
0
0
0
0
0
8.858
0
0
0
0
0
0
0
0
0
0
0
0
-8.2068
0
0
0
0
0
0
0
0
0
0
0
0
0
0
0
0
0
8.2068
0
0
0
0
0
0
0
0
0
0
-8.5288
0
0
0
0
0
0
0
0
0
0
0
0
0
0
0
0
0
0
0
8.5288
0
0
0
0
0
0
0
0
0
0
0
0
0
0
0
0
0
0
-8.3721
0
0
0
0
0
0
0
0
0
0
0
8.3721
0
0
0
0
0
0
0
-8.8948
0
0
0
0
0
0
0
0
0
0
0
0
0
0
0
0
0
0
0
0
0
0
8.8948
0
0
0
0
0
0
0
0
0
0
0
0
0
0
0
0
-8.3721
0
0
0
0
0
0
0
0
0
0
0
0
0
8.3721
0
0
0
0
0
0
0
0
0
0
0
0
0
0
0
0
0
0
0
0
0
0
0
-0.1045
0
0
0
0
0
0
0.1045
0
0
0
0
0
0
0
0
0
0
0
0
0
0
0
0
0
-0.34604
0
0
0
0
0
0
0
0
0
0
0
0
0.34604
0
0
0
0
0
0
0
-7.8105
0
0
0
0
0
0
0
0
0
0
0
0
0
0
0
0
0
0
0
0
0
0
7.8105
0
0
0
0
0
0
0
0
0
0
0
-8.858
0
0
0
0
0
0
0
0
0
0
0
0
0
0
0
0
0
0
8.858
0
0
0
0
0
0
0
0
0
0
0
0
0
0
0
-0.34604
0
0
0
0
0
0
0
0
0
0
0
0
0
0
0.34604
