36.0962
-0.61605
-0.63601
-0.63601
-0.63601
-0.56443
-0.56443
-0.61635
-0.59149
-0.59563
-0.58698
-0.5882
-0.58665
-0.67125
-0.59836
-0.58093
-0.80625
0
0
0
0
0
-13.1106
0
0
-13.1106
0
0
0
0
-0.61605
9.3264
-0.65838
-0.65838
-0.65838
-0.55959
-0.55959
-0.60232
-0.60024
-0.5827
-0.57542
-0.57458
-0.57613
-0.64213
-0.58978
0
0
-0.57733
0
-0.29544
0
0
0
0
0
0
0
0
0
0
-0.63601
-0.65838
9.7821
-0.60039
-0.60039
-0.54872
-0.54872
-0.62016
-0.61365
-0.58694
-0.57903
-0.57985
-0.58833
-0.66727
-0.59802
-0.59062
-0.76556
0
0
0
0
0
0
0
0
0
0
0
0
0
-0.63601
-0.65838
-0.60039
9.7821
-0.60039
-0.54872
-0.54872
-0.62016
-0.61365
-0.58694
-0.57903
-0.57985
-0.58833
-0.66727
-0.59802
-0.59062
-0.76556
0
0
0
0
0
0
0
0
0
0
0
0
0
-0.63601
-0.65838
-0.60039
-0.60039
9.7821
-0.54872
-0.54872
-0.62016
-0.61365
-0.58694
-0.57903
-0.57985
-0.58833
-0.66727
-0.59802
-0.59062
-0.76556
0
0
0
0
0
0
0
0
0
0
0
0
0
-0.56443
-0.55959
-0.54872
-0.54872
-0.54872
8.0195
-0.4855
-0.53755
-0.53424
-0.5217
-0.51379
-0.51347
-0.5182
-0.58225
-0.52548
-0.5171
0
0
0
0
0
0
0
0
0
0
0
0
0
0
-0.56443
-0.55959
-0.54872
-0.54872
-0.54872
-0.4855
8.0195
-0.53755
-0.53424
-0.5217
-0.51379
-0.51347
-0.5182
-0.58225
-0.52548
-0.5171
0
0
0
0
0
0
0
0
0
0
0
0
0
0
-0.61635
-0.60232
-0.62016
-0.62016
-0.62016
-0.53755
-0.53755
16.7774
-0.58257
-0.57232
-0.56287
-0.56003
-0.57157
0
0
0
0
0
-0.14336
0
0
0
0
0
0
0
-9.6304
0
0
0
-0.59149
-0.60024
-0.61365
-0.61365
-0.61365
-0.53424
-0.53424
-0.58257
17.7973
-0.57122
-0.57592
-0.54463
0
0
0
0
0
0
0
0
0
-1.0701
0
0
0
0
0
0
-10.3517
0
-0.59563
-0.5827
-0.58694
-0.58694
-0.58694
-0.5217
-0.5217
-0.57232
-0.57122
7.3741
-0.54326
-0.54029
-0.54747
-0.61702
0
0
0
0
0
0
0
0
0
0
0
0
0
0
0
0
-0.58698
-0.57542
-0.57903
-0.57903
-0.57903
-0.51379
-0.51379
-0.56287
-0.57592
-0.54326
6.6412
-0.50892
-0.52315
0
0
0
0
0
0
0
0
0
0
0
0
0
0
0
0
0
-0.5882
-0.57458
-0.57985
-0.57985
-0.57985
-0.51347
-0.51347
-0.56003
-0.54463
-0.54029
-0.50892
6.0831
0
0
0
0
0
0
0
0
0
0
0
0
0
0
0
0
0
0
-0.58665
-0.57613
-0.58833
-0.58833
-0.58833
-0.5182
-0.5182
-0.57157
0
-0.54747
-0.52315
0
6.1633
0
0
0
0
-0.55699
0
0
0
0
0
0
0
0
0
0
0
0
-0.67125
-0.64213
-0.66727
-0.66727
-0.66727
-0.58225
-0.58225
0
0
-0.61702
0
0
0
10.1595
0
0
0
0
0
0
0
0
0
0
0
0
0
0
0
-5.0628
-0.59836
-0.58978
-0.59802
-0.59802
-0.59802
-0.52548
-0.52548
0
0
0
0
0
0
0
4.353
0
0
0
0
-0.31978
0
0
0
0
0
0
0
0
0
0
-0.58093
0
-0.59062
-0.59062
-0.59062
-0.5171
-0.5171
0
0
0
0
0
0
0
0
5.216
0
0
0
0
0
0
0
0
-1.829
0
0
0
0
0
-0.80625
0
-0.76556
-0.76556
-0.76556
0
0
0
0
0
0
0
0
0
0
0
3.1029
0
0
0
0
0
0
0
0
0
0
0
0
0
0
-0.57733
0
0
0
0
0
0
0
0
0
0
-0.55699
0
0
0
0
2.7027
-0.41432
0
-1.1541
0
0
0
0
0
0
0
0
0
0
0
0
0
0
0
0
-0.14336
0
0
0
0
0
0
0
0
0
-0.41432
0.66218
0
0
0
0
-0.1045
0
0
0
0
0
0
0
-0.29544
0
0
0
0
0
0
0
0
0
0
0
0
-0.31978
0
0
0
0
0.90295
0
0
0
0
0
0
0
-0.28772
0
0
0
0
0
0
0
0
0
0
0
0
0
0
0
0
0
0
0
-1.1541
0
0
1.9266
-0.77247
0
0
0
0
0
0
0
0
0
0
0
0
0
0
0
0
-1.0701
0
0
0
0
0
0
0
0
0
0
0
-0.77247
1.8426
0
0
0
0
0
0
0
0
-13.1106
0
0
0
0
0
0
0
0
0
0
0
0
0
0
0
0
0
0
0
0
0
13.1106
0
0
0
0
0
0
0
0
0
0
0
0
0
0
0
0
0
0
0
0
0
0
0
0
0
-0.1045
0
0
0
0
0.1045
0
0
0
0
0
0
0
0
0
0
0
0
0
0
0
0
0
0
0
0
0
-1.829
0
0
0
0
0
0
0
0
1.829
0
0
0
0
0
-13.1106
0
0
0
0
0
0
0
0
0
0
0
0
0
0
0
0
0
0
0
0
0
0
0
0
13.1106
0
0
0
0
0
0
0
0
0
0
0
-9.6304
0
0
0
0
0
0
0
0
0
0
0
0
0
0
0
0
0
0
9.6304
0
0
0
0
0
0
0
0
0
0
0
0
0
0
0
0
0
0
0
0
0
0
-0.28772
0
0
0
0
0
0
0
0.28772
0
0
0
0
0
0
0
0
0
0
-10.3517
0
0
0
0
0
0
0
0
0
0
0
0
0
0
0
0
0
0
0
10.3517
0
0
0
0
0
0
0
0
0
0
0
0
0
0
-5.0628
0
0
0
0
0
0
0
0
0
0
0
0
0
0
0
5.0628
