20.1707
-0.55525
-0.48506
-0.48506
-0.50195
-0.48506
-0.53137
-0.54037
-0.49921
-0.46371
-0.46371
-0.49451
-0.42277
-0.48201
-0.55579
-0.41978
0
0
0
0
-0.6484
0
0
0
0
-12.1367
0
0
0
0
-0.55525
18.6949
-0.49832
-0.49832
-0.52807
-0.49832
-0.52369
-0.55479
-0.51177
-0.47313
-0.47313
-0.50455
-0.45924
-0.49977
-0.53841
-0.45363
0
0
0
0
0
0
0
-11.1245
0
0
0
0
0
0
-0.48506
-0.49832
6.6093
-0.40728
-0.48122
-0.40728
-0.45475
-0.47844
-0.43951
-0.40696
-0.40696
-0.43365
-0.40189
-0.435
-0.48334
-0.38968
0
0
0
0
0
0
0
0
0
0
0
0
0
0
-0.48506
-0.49832
-0.40728
6.6093
-0.48122
-0.40728
-0.45475
-0.47844
-0.43951
-0.40696
-0.40696
-0.43365
-0.40189
-0.435
-0.48334
-0.38968
0
0
0
0
0
0
0
0
0
0
0
0
0
0
-0.50195
-0.52807
-0.48122
-0.48122
16.5768
-0.48122
-0.44642
-0.48774
-0.4343
-0.41278
-0.41278
-0.44026
-0.409
-0.42455
0
0
0
0
-1.0131
0
0
0
0
0
0
0
0
0
0
-9.6221
-0.48506
-0.49832
-0.40728
-0.40728
-0.48122
6.6093
-0.45475
-0.47844
-0.43951
-0.40696
-0.40696
-0.43365
-0.40189
-0.435
-0.48334
-0.38968
0
0
0
0
0
0
0
0
0
0
0
0
0
0
-0.53137
-0.52369
-0.45475
-0.45475
-0.44642
-0.45475
5.6919
-0.54861
-0.48659
-0.43731
-0.43731
-0.47449
0
0
0
0
0
0
0
-0.44184
0
0
0
0
0
0
0
0
0
0
-0.54037
-0.55479
-0.47844
-0.47844
-0.48774
-0.47844
-0.54861
5.9756
-0.51
-0.45684
-0.45684
-0.49483
-0.4903
0
0
0
0
0
0
0
0
0
0
0
0
0
0
0
0
0
-0.49921
-0.51177
-0.43951
-0.43951
-0.4343
-0.43951
-0.48659
-0.51
5.5741
-0.41179
-0.41179
0
0
0
0
0
0
0
-0.99014
0
0
0
0
0
0
0
0
0
0
0
-0.46371
-0.47313
-0.40696
-0.40696
-0.41278
-0.40696
-0.43731
-0.45684
-0.41179
4.6307
-0.34726
-0.40697
0
0
0
0
0
0
0
0
0
0
0
0
0
0
0
0
0
0
-0.46371
-0.47313
-0.40696
-0.40696
-0.41278
-0.40696
-0.43731
-0.45684
-0.41179
-0.34726
4.6307
-0.40697
0
0
0
0
0
0
0
0
0
0
0
0
0
0
0
0
0
0
-0.49451
-0.50455
-0.43365
-0.43365
-0.44026
-0.43365
-0.47449
-0.49483
0
-0.40697
-0.40697
4.5235
0
0
0
0
0
0
0
0
0
0
0
0
0
0
0
0
0
0
-0.42277
-0.45924
-0.40189
-0.40189
-0.409
-0.40189
0
-0.4903
0
0
0
0
22.5359
0
0
0
0
0
0
0
0
0
-9.7745
0
0
0
0
-9.7745
0
0
-0.48201
-0.49977
-0.435
-0.435
-0.42455
-0.435
0
0
0
0
0
0
0
2.8158
0
0
-0.1045
0
0
0
0
0
0
0
0
0
0
0
0
0
-0.55579
-0.53841
-0.48334
-0.48334
0
-0.48334
0
0
0
0
0
0
0
0
4.9973
0
0
0
0
0
0
-0.41773
0
0
0
0
0
0
-2.0354
0
-0.41978
-0.45363
-0.38968
-0.38968
0
-0.38968
0
0
0
0
0
0
0
0
0
2.3781
0
0
0
0
0
0
0
0
-0.33567
0
0
0
0
0
0
0
0
0
0
0
0
0
0
0
0
0
0
-0.1045
0
0
0.66719
0
-0.13938
0
0
0
0
0
0
0
-0.42331
0
0
0
0
0
0
0
0
0
0
0
0
0
0
0
0
0
0
0
0
6.7157
0
-2.2769
-2.4872
-1.9517
0
0
0
0
0
0
0
0
0
0
0
0
-1.0131
0
0
0
-0.99014
0
0
0
0
0
0
0
-0.13938
0
2.1426
0
0
0
0
0
0
0
0
0
0
0
0
0
0
0
0
0
-0.44184
0
0
0
0
0
0
0
0
0
0
-2.2769
0
2.7187
0
0
0
0
0
0
0
0
0
0
-0.6484
0
0
0
0
0
0
0
0
0
0
0
0
0
0
0
0
-2.4872
0
0
3.1355
0
0
0
0
0
0
0
0
0
0
0
0
0
0
0
0
0
0
0
0
0
0
0
-0.41773
0
0
-1.9517
0
0
0
2.3694
0
0
0
0
0
0
0
0
0
0
0
0
0
0
0
0
0
0
0
0
-9.7745
0
0
0
0
0
0
0
0
0
9.7745
0
0
0
0
0
0
0
0
-11.1245
0
0
0
0
0
0
0
0
0
0
0
0
0
0
0
0
0
0
0
0
0
11.1245
0
0
0
0
0
0
0
0
0
0
0
0
0
0
0
0
0
0
0
0
0
-0.33567
0
0
0
0
0
0
0
0
0.33567
0
0
0
0
0
-12.1367
0
0
0
0
0
0
0
0
0
0
0
0
0
0
0
0
0
0
0
0
0
0
0
0
12.1367
0
0
0
0
0
0
0
0
0
0
0
0
0
0
0
0
0
0
0
0
-0.42331
0
0
0
0
0
0
0
0
0
0.42331
0
0
0
0
0
0
0
0
0
0
0
0
0
0
0
-9.7745
0
0
0
0
0
0
0
0
0
0
0
0
0
0
9.7745
0
0
0
0
0
0
0
0
0
0
0
0
0
0
0
0
-2.0354
0
0
0
0
0
0
0
0
0
0
0
0
0
2.0354
0
0
0
0
0
-9.6221
0
0
0
0
0
0
0
0
0
0
0
0
0
0
0
0
0
0
0
0
0
0
0
0
9.6221
