32.6712
-0.3937
-0.35359
-0.39958
-0.3759
-0.3759
-0.3759
-0.30371
-0.35739
-0.35739
-0.34902
-0.34902
-0.33429
-0.33429
-0.36583
-0.1045
-0.36718
-3.0032
-3.0032
0
-10.5838
0
0
-10.5838
0
0
0
0
0
0
-0.3937
11.6849
-0.42674
-0.459
-0.41915
-0.41915
-0.41915
-0.37668
-0.40958
-0.40958
-0.3858
-0.3858
-0.36979
-0.36979
-0.40031
-0.15582
-0.39425
-2.7453
-2.7453
0
0
0
0
0
0
0
0
0
0
0
-0.35359
-0.42674
24.0467
-0.41881
-0.39123
-0.39123
-0.39123
-0.32132
-0.37436
-0.37436
-0.36622
-0.36622
-0.35035
-0.35035
-0.38431
0
-0.38711
0
0
0
0
0
0
0
0
-9.1996
0
0
-9.1996
0
-0.39958
-0.459
-0.41881
11.944
-0.4189
-0.4189
-0.4189
-0.36052
-0.40472
-0.40472
-0.38792
-0.38792
-0.37152
-0.37152
-0.40472
-0.14087
-0.40267
0
0
0
0
0
0
0
0
0
0
0
0
-5.7728
-0.3759
-0.41915
-0.39123
-0.4189
5.7206
-0.37666
-0.37666
-0.34524
-0.37355
-0.37355
-0.35592
-0.35592
-0.34066
-0.34066
-0.37042
-0.13948
-0.3667
0
0
0
0
0
0
0
0
0
0
0
0
0
-0.3759
-0.41915
-0.39123
-0.4189
-0.37666
5.7206
-0.37666
-0.34524
-0.37355
-0.37355
-0.35592
-0.35592
-0.34066
-0.34066
-0.37042
-0.13948
-0.3667
0
0
0
0
0
0
0
0
0
0
0
0
0
-0.3759
-0.41915
-0.39123
-0.4189
-0.37666
-0.37666
5.7206
-0.34524
-0.37355
-0.37355
-0.35592
-0.35592
-0.34066
-0.34066
-0.37042
-0.13948
-0.3667
0
0
0
0
0
0
0
0
0
0
0
0
0
-0.30371
-0.37668
-0.32132
-0.36052
-0.34524
-0.34524
-0.34524
20.236
-0.31797
-0.31797
-0.32226
-0.32226
-0.29519
-0.29519
0
0
0
0
0
0
0
0
-7.9836
0
0
0
-7.9836
0
0
0
-0.35739
-0.40958
-0.37436
-0.40472
-0.37355
-0.37355
-0.37355
-0.31797
8.7573
-0.35393
-0.34462
-0.34462
-0.32692
-0.32692
-0.35594
0
0
0
0
0
0
-3.7197
0
0
0
0
0
0
0
0
-0.35739
-0.40958
-0.37436
-0.40472
-0.37355
-0.37355
-0.37355
-0.31797
-0.35393
8.7573
-0.34462
-0.34462
-0.32692
-0.32692
-0.35594
0
0
0
0
0
0
0
0
0
0
0
0
-3.7197
0
0
-0.34902
-0.3858
-0.36622
-0.38792
-0.35592
-0.35592
-0.35592
-0.32226
-0.34462
-0.34462
4.8285
-0.32376
-0.30228
-0.30228
-0.33196
0
0
0
0
0
0
0
0
0
0
0
0
0
0
0
-0.34902
-0.3858
-0.36622
-0.38792
-0.35592
-0.35592
-0.35592
-0.32226
-0.34462
-0.34462
-0.32376
4.8285
-0.30228
-0.30228
-0.33196
0
0
0
0
0
0
0
0
0
0
0
0
0
0
0
-0.33429
-0.36979
-0.35035
-0.37152
-0.34066
-0.34066
-0.34066
-0.29519
-0.32692
-0.32692
-0.30228
-0.30228
4.2809
-0.27943
0
0
0
0
0
0
0
0
0
0
0
0
0
0
0
0
-0.33429
-0.36979
-0.35035
-0.37152
-0.34066
-0.34066
-0.34066
-0.29519
-0.32692
-0.32692
-0.30228
-0.30228
-0.27943
4.2809
0
0
0
0
0
0
0
0
0
0
0
0
0
0
0
0
-0.36583
-0.40031
-0.38431
-0.40472
-0.37042
-0.37042
-0.37042
0
-0.35594
-0.35594
-0.33196
-0.33196
0
0
4.0422
0
0
0
0
0
0
0
0
0
0
0
0
0
0
0
-0.1045
-0.15582
0
-0.14087
-0.13948
-0.13948
-0.13948
0
0
0
0
0
0
0
0
10.2025
0
0
0
-4.6914
0
0
0
0
-4.6914
0
0
0
0
0
-0.36718
-0.39425
-0.38711
-0.40267
-0.3667
-0.3667
-0.3667
0
0
0
0
0
0
0
0
0
2.6513
0
0
0
0
0
0
0
0
0
0
0
0
0
-3.0032
-2.7453
0
0
0
0
0
0
0
0
0
0
0
0
0
0
0
5.7485
0
0
0
0
0
0
0
0
0
0
0
0
-3.0032
-2.7453
0
0
0
0
0
0
0
0
0
0
0
0
0
0
0
0
5.7485
0
0
0
0
0
0
0
0
0
0
0
0
0
0
0
0
0
0
0
0
0
0
0
0
0
0
-4.6914
0
0
0
4.6914
0
0
0
0
0
0
0
0
0
0
-10.5838
0
0
0
0
0
0
0
0
0
0
0
0
0
0
0
0
0
0
0
10.5838
0
0
0
0
0
0
0
0
0
0
0
0
0
0
0
0
0
-3.7197
0
0
0
0
0
0
0
0
0
0
0
0
3.7197
0
0
0
0
0
0
0
0
0
0
0
0
0
0
0
-7.9836
0
0
0
0
0
0
0
0
0
0
0
0
0
0
7.9836
0
0
0
0
0
0
0
-10.5838
0
0
0
0
0
0
0
0
0
0
0
0
0
0
0
0
0
0
0
0
0
0
10.5838
0
0
0
0
0
0
0
0
0
0
0
0
0
0
0
0
0
0
0
0
0
-4.6914
0
0
0
0
0
0
0
0
4.6914
0
0
0
0
0
0
0
-9.1996
0
0
0
0
0
0
0
0
0
0
0
0
0
0
0
0
0
0
0
0
0
0
9.1996
0
0
0
0
0
0
0
0
0
0
0
-7.9836
0
0
0
0
0
0
0
0
0
0
0
0
0
0
0
0
0
0
7.9836
0
0
0
0
0
0
0
0
0
0
0
0
-3.7197
0
0
0
0
0
0
0
0
0
0
0
0
0
0
0
0
0
3.7197
0
0
0
0
-9.1996
0
0
0
0
0
0
0
0
0
0
0
0
0
0
0
0
0
0
0
0
0
0
0
0
0
9.1996
0
0
0
0
-5.7728
0
0
0
0
0
0
0
0
0
0
0
0
0
0
0
0
0
0
0
0
0
0
0
0
0
5.7728
