20.2976
-0.54109
-0.55777
-0.58512
-0.53423
-0.58512
-0.53792
-0.45671
-0.48381
-0.5193
-0.45671
-0.52024
-0.43846
-0.54709
0
0
0
0
0
-1.0767
-1.0747
0
0
0
-11.3825
0
0
0
0
0
-0.54109
9.278
-0.53621
-0.56916
-0.5166
-0.56916
-0.51911
-0.44173
-0.46681
-0.5051
-0.44173
-0.51497
-0.42343
-0.53849
0
0
0
-0.77664
0
-1.0033
-0.91441
0
0
0
0
0
0
0
0
0
-0.55777
-0.53621
8.6081
-0.58247
-0.53045
-0.58247
-0.53677
-0.44984
-0.48043
-0.51225
-0.44984
-0.52274
-0.4309
-0.54264
0
0
0
-0.8326
0
-1.0607
0
0
0
0
0
0
0
0
0
0
-0.58512
-0.56916
-0.58247
17.4242
-0.56973
-0.53881
-0.51748
-0.44025
-0.50608
-0.52821
-0.44025
-0.52922
-0.43093
-0.54713
0
0
0
0
0
0
0
0
0
0
0
-10.6393
0
0
0
0
-0.53423
-0.5166
-0.53045
-0.56973
7.1113
-0.56973
-0.49537
-0.4326
-0.43205
-0.49083
-0.4326
-0.4763
-0.39678
0
-0.7846
-0.44944
0
0
0
0
0
0
0
0
0
0
0
0
0
0
-0.58512
-0.56916
-0.58247
-0.53881
-0.56973
17.4242
-0.51748
-0.44025
-0.50608
-0.52821
-0.44025
-0.52922
-0.43093
-0.54713
0
0
0
0
0
0
0
0
0
-10.6393
0
0
0
0
0
0
-0.53792
-0.51911
-0.53677
-0.51748
-0.49537
-0.51748
7.1433
-0.41475
-0.4611
-0.51278
-0.41475
-0.50379
-0.40478
-0.51897
-0.78825
0
0
0
0
0
0
0
0
0
0
0
0
0
0
0
-0.45671
-0.44173
-0.44984
-0.44025
-0.4326
-0.44025
-0.41475
5.3766
-0.39287
-0.40837
-0.32169
-0.41321
-0.33416
-0.43012
0
0
0
0
0
0
0
0
0
0
0
0
0
0
0
0
-0.48381
-0.46681
-0.48043
-0.50608
-0.43205
-0.50608
-0.4611
-0.39287
5.9612
-0.39495
-0.39287
0
-0.35715
0
-0.68399
-0.40301
0
0
0
0
0
0
0
0
0
0
0
0
0
0
-0.5193
-0.5051
-0.51225
-0.52821
-0.49083
-0.52821
-0.51278
-0.40837
-0.39495
14.711
-0.40837
0
-0.37605
0
0
0
0
0
-0.2087
0
0
0
-9.3179
0
0
0
0
0
0
0
-0.45671
-0.44173
-0.44984
-0.44025
-0.4326
-0.44025
-0.41475
-0.32169
-0.39287
-0.40837
5.3766
-0.41321
-0.33416
-0.43012
0
0
0
0
0
0
0
0
0
0
0
0
0
0
0
0
-0.52024
-0.51497
-0.52274
-0.52922
-0.4763
-0.52922
-0.50379
-0.41321
0
0
-0.41321
13.3932
-0.37998
0
0
0
-0.1045
0
0
0
0
-8.4859
0
0
0
0
0
0
0
0
-0.43846
-0.42343
-0.4309
-0.43093
-0.39678
-0.43093
-0.40478
-0.33416
-0.35715
-0.37605
-0.33416
-0.37998
4.7377
0
0
0
0
0
0
0
0
0
0
0
0
0
0
0
0
0
-0.54709
-0.53849
-0.54264
-0.54713
0
-0.54713
-0.51897
-0.43012
0
0
-0.43012
0
0
9.1822
0
0
0
0
0
0
0
0
0
0
0
0
0
0
-5.0805
0
0
0
0
0
-0.7846
0
-0.78825
0
-0.68399
0
0
0
0
0
3.0816
0
0
0
-0.82477
0
0
0
0
0
0
0
0
0
0
0
0
0
0
0
-0.44944
0
0
0
-0.40301
0
0
0
0
0
0
1.5621
0
0
0
0
0
0
0
0
0
0
0
0
0
-0.70967
0
0
0
0
0
0
0
0
0
0
0
-0.1045
0
0
0
0
1.2732
-0.75794
0
0
0
0
0
0
0
0
0
-0.41081
0
0
0
-0.77664
-0.8326
0
0
0
0
0
0
0
0
0
0
0
0
0
-0.75794
2.3672
0
0
0
0
0
0
0
0
0
0
0
0
0
0
0
0
0
0
0
0
0
-0.2087
0
0
0
0
-0.82477
0
0
0
1.4642
0
0
0
0
0
0
0
-0.43071
0
0
0
-1.0767
-1.0033
-1.0607
0
0
0
0
0
0
0
0
0
0
0
0
0
0
0
0
3.1408
0
0
0
0
0
0
0
0
0
0
-1.0747
-0.91441
0
0
0
0
0
0
0
0
0
0
0
0
0
0
0
0
0
0
1.9892
0
0
0
0
0
0
0
0
0
0
0
0
0
0
0
0
0
0
0
0
-8.4859
0
0
0
0
0
0
0
0
0
8.4859
0
0
0
0
0
0
0
0
0
0
0
0
0
0
0
0
0
-9.3179
0
0
0
0
0
0
0
0
0
0
0
0
9.3179
0
0
0
0
0
0
0
0
0
0
0
0
-10.6393
0
0
0
0
0
0
0
0
0
0
0
0
0
0
0
0
0
10.6393
0
0
0
0
0
0
-11.3825
0
0
0
0
0
0
0
0
0
0
0
0
0
0
0
0
0
0
0
0
0
0
0
11.3825
0
0
0
0
0
0
0
0
-10.6393
0
0
0
0
0
0
0
0
0
0
0
0
0
0
0
0
0
0
0
0
0
10.6393
0
0
0
0
0
0
0
0
0
0
0
0
0
0
0
0
0
0
0
0
0
0
-0.43071
0
0
0
0
0
0
0
0.43071
0
0
0
0
0
0
0
0
0
0
0
0
0
0
0
0
0
0
0
-0.41081
0
0
0
0
0
0
0
0
0
0
0.41081
0
0
0
0
0
0
0
0
0
0
0
0
0
0
0
-5.0805
0
0
0
0
0
0
0
0
0
0
0
0
0
0
5.0805
0
0
0
0
0
0
0
0
0
0
0
0
0
0
0
0
-0.70967
0
0
0
0
0
0
0
0
0
0
0
0
0
0.70967
