23.6972
-0.79333
-0.77136
-0.76224
-0.67074
-0.67074
-0.67074
-0.67074
-0.69022
-0.69022
-0.78728
-0.78728
-0.72778
-0.72778
-0.72778
-0.66702
-0.72023
-0.34628
0
0
0
0
0
0
0
0
0
0
0
-11.8154
-0.79333
22.318
-0.78783
-0.77533
-0.6725
-0.6725
-0.6725
-0.6725
-0.68163
-0.68163
-0.77629
-0.77629
-0.71869
-0.71869
-0.71869
-0.65639
0
0
-0.23333
0
0
0
0
0
0
-11.3098
0
0
0
0
-0.77136
-0.78783
13.0946
-0.73894
-0.64093
-0.64093
-0.64093
-0.64093
-0.66131
-0.66131
-0.75821
-0.75821
-0.69603
-0.69603
-0.69603
-0.64368
-0.70231
0
0
0
0
-1.9597
0
0
0
0
0
0
0
0
-0.76224
-0.77533
-0.73894
11.4505
-0.63646
-0.63646
-0.63646
-0.63646
-0.65689
-0.65689
-0.74354
-0.74354
-0.6927
-0.6927
-0.6927
-0.64509
-0.68712
0
0
0
0
0
-0.41698
0
0
0
0
0
0
0
-0.67074
-0.6725
-0.64093
-0.63646
9.7153
-0.54973
-0.54973
-0.54973
-0.57643
-0.57643
-0.65484
-0.65484
-0.6045
-0.6045
-0.6045
-0.55827
-0.61119
0
0
0
0
0
0
0
0
0
0
0
0
0
-0.67074
-0.6725
-0.64093
-0.63646
-0.54973
9.7153
-0.54973
-0.54973
-0.57643
-0.57643
-0.65484
-0.65484
-0.6045
-0.6045
-0.6045
-0.55827
-0.61119
0
0
0
0
0
0
0
0
0
0
0
0
0
-0.67074
-0.6725
-0.64093
-0.63646
-0.54973
-0.54973
9.7153
-0.54973
-0.57643
-0.57643
-0.65484
-0.65484
-0.6045
-0.6045
-0.6045
-0.55827
-0.61119
0
0
0
0
0
0
0
0
0
0
0
0
0
-0.67074
-0.6725
-0.64093
-0.63646
-0.54973
-0.54973
-0.54973
9.7153
-0.57643
-0.57643
-0.65484
-0.65484
-0.6045
-0.6045
-0.6045
-0.55827
-0.61119
0
0
0
0
0
0
0
0
0
0
0
0
0
-0.69022
-0.68163
-0.66131
-0.65689
-0.57643
-0.57643
-0.57643
-0.57643
8.7944
-0.57247
-0.67278
-0.67278
-0.62687
-0.62687
-0.62687
0
0
0
0
0
0
0
0
0
0
0
0
0
0
0
-0.69022
-0.68163
-0.66131
-0.65689
-0.57643
-0.57643
-0.57643
-0.57643
-0.57247
8.7944
-0.67278
-0.67278
-0.62687
-0.62687
-0.62687
0
0
0
0
0
0
0
0
0
0
0
0
0
0
0
-0.78728
-0.77629
-0.75821
-0.74354
-0.65484
-0.65484
-0.65484
-0.65484
-0.67278
-0.67278
16.9022
-0.69689
0
0
0
0
0
0
0
0
0
0
0
0
-9.1751
0
0
0
0
0
-0.78728
-0.77629
-0.75821
-0.74354
-0.65484
-0.65484
-0.65484
-0.65484
-0.67278
-0.67278
-0.69689
16.9022
0
0
0
0
0
0
0
0
0
0
0
0
0
0
0
-9.1751
0
0
-0.72778
-0.71869
-0.69603
-0.6927
-0.6045
-0.6045
-0.6045
-0.6045
-0.62687
-0.62687
0
0
6.5069
0
0
0
0
0
0
0
0
0
0
0
0
0
0
0
0
0
-0.72778
-0.71869
-0.69603
-0.6927
-0.6045
-0.6045
-0.6045
-0.6045
-0.62687
-0.62687
0
0
0
6.5069
0
0
0
0
0
0
0
0
0
0
0
0
0
0
0
0
-0.72778
-0.71869
-0.69603
-0.6927
-0.6045
-0.6045
-0.6045
-0.6045
-0.62687
-0.62687
0
0
0
0
6.5069
0
0
0
0
0
0
0
0
0
0
0
0
0
0
0
-0.66702
-0.65639
-0.64368
-0.64509
-0.55827
-0.55827
-0.55827
-0.55827
0
0
0
0
0
0
0
5.1795
0
-0.33425
0
0
0
0
0
0
0
0
0
0
0
0
-0.72023
0
-0.70231
-0.68712
-0.61119
-0.61119
-0.61119
-0.61119
0
0
0
0
0
0
0
0
9.1935
0
0
0
0
0
0
0
0
0
0
0
-4.6391
0
-0.34628
0
0
0
0
0
0
0
0
0
0
0
0
0
0
-0.33425
0
1.28
0
-0.49496
0
0
0
-0.1045
0
0
0
0
0
0
0
-0.23333
0
0
0
0
0
0
0
0
0
0
0
0
0
0
0
0
3.063
-0.54018
0
-1.9711
0
0
0
0
-0.31837
0
0
0
0
0
0
0
0
0
0
0
0
0
0
0
0
0
0
0
0
-0.49496
-0.54018
1.9155
-0.88034
0
0
0
0
0
0
0
0
0
0
0
0
0
0
0
0
0
0
0
0
0
0
0
0
0
0
0
0
-0.88034
2.514
0
-1.6337
0
0
0
0
0
0
0
0
0
-1.9597
0
0
0
0
0
0
0
0
0
0
0
0
0
0
0
-1.9711
0
0
3.9308
0
0
0
0
0
0
0
0
0
0
0
-0.41698
0
0
0
0
0
0
0
0
0
0
0
0
0
0
0
0
-1.6337
0
2.0507
0
0
0
0
0
0
0
0
0
0
0
0
0
0
0
0
0
0
0
0
0
0
0
0
-0.1045
0
0
0
0
0
0.1045
0
0
0
0
0
0
0
0
0
0
0
0
0
0
0
0
-9.1751
0
0
0
0
0
0
0
0
0
0
0
0
0
9.1751
0
0
0
0
0
0
-11.3098
0
0
0
0
0
0
0
0
0
0
0
0
0
0
0
0
0
0
0
0
0
0
0
11.3098
0
0
0
0
0
0
0
0
0
0
0
0
0
0
0
0
0
0
0
0
0
0
-0.31837
0
0
0
0
0
0
0
0.31837
0
0
0
0
0
0
0
0
0
0
0
0
0
0
-9.1751
0
0
0
0
0
0
0
0
0
0
0
0
0
0
0
9.1751
0
0
0
0
0
0
0
0
0
0
0
0
0
0
0
0
0
0
-4.6391
0
0
0
0
0
0
0
0
0
0
0
4.6391
0
-11.8154
0
0
0
0
0
0
0
0
0
0
0
0
0
0
0
0
0
0
0
0
0
0
0
0
0
0
0
0
11.8154
