26.156
-0.68743
-0.68744
-0.68437
-0.68437
-0.67931
-0.68533
-0.68633
-0.71131
-0.67513
-0.67513
-0.70797
-0.70477
-0.67604
-0.70477
-0.71214
-0.64112
-0.59419
0
0
-7.2794
0
0
0
0
0
0
0
-7.2794
0
-0.68743
11.5205
-0.68231
-0.67906
-0.67906
-0.67425
-0.67938
-0.68022
-0.70538
-0.6697
-0.6697
-0.70368
-0.69652
-0.67718
-0.69652
-0.7043
-0.64082
-0.59495
0
0
0
0
0
0
0
0
0
0
0
0
-0.68744
-0.68231
10.9394
-0.67945
-0.67945
-0.67461
-0.67955
-0.67978
-0.70831
-0.66931
-0.66931
-0.7073
-0.69826
-0.68027
-0.69826
-0.7034
-0.64232
0
0
0
0
0
0
0
0
0
0
0
0
0
-0.68437
-0.67906
-0.67945
10.2511
-0.67379
-0.67129
-0.67619
-0.67588
-0.70536
-0.66583
-0.66583
-0.70511
-0.69547
-0.67948
-0.69547
-0.69852
0
0
0
0
0
0
0
0
0
0
0
0
0
0
-0.68437
-0.67906
-0.67945
-0.67379
10.2511
-0.67129
-0.67619
-0.67588
-0.70536
-0.66583
-0.66583
-0.70511
-0.69547
-0.67948
-0.69547
-0.69852
0
0
0
0
0
0
0
0
0
0
0
0
0
0
-0.67931
-0.67425
-0.67461
-0.67129
-0.67129
9.477
-0.67063
-0.66962
-0.69695
-0.66023
-0.66023
-0.69763
-0.68866
-0.67368
-0.68866
0
0
0
0
0
0
0
0
0
0
0
0
0
0
0
-0.68533
-0.67938
-0.67955
-0.67619
-0.67619
-0.67063
8.1665
-0.67749
-0.70049
-0.66726
-0.66726
0
-0.69334
0
-0.69334
0
0
0
0
0
0
0
0
0
0
0
0
0
0
0
-0.68633
-0.68022
-0.67978
-0.67588
-0.67588
-0.66962
-0.67749
6.1192
0
-0.687
-0.687
0
0
0
0
0
0
0
0
0
0
0
0
0
0
0
0
0
0
0
-0.71131
-0.70538
-0.70831
-0.70536
-0.70536
-0.69695
-0.70049
0
9.4313
0
0
0
0
0
0
0
0
0
-0.5843
0
0
0
0
-3.9138
0
0
0
0
0
0
-0.67513
-0.6697
-0.66931
-0.66583
-0.66583
-0.66023
-0.66726
-0.687
0
5.3603
0
0
0
0
0
0
0
0
0
0
0
0
0
0
0
0
0
0
0
0
-0.67513
-0.6697
-0.66931
-0.66583
-0.66583
-0.66023
-0.66726
-0.687
0
0
5.3603
0
0
0
0
0
0
0
0
0
0
0
0
0
0
0
0
0
0
0
-0.70797
-0.70368
-0.7073
-0.70511
-0.70511
-0.69763
0
0
0
0
0
8.0723
0
0
0
0
0
0
-0.58776
0
0
-3.2577
0
0
0
0
0
0
0
0
-0.70477
-0.69652
-0.69826
-0.69547
-0.69547
-0.68866
-0.69334
0
0
0
0
0
7.9184
0
0
0
0
0
0
0
0
0
-3.0459
0
0
0
0
0
0
0
-0.67604
-0.67718
-0.68027
-0.67948
-0.67948
-0.67368
0
0
0
0
0
0
0
14.059
0
0
0
0
0
0
0
0
0
0
0
-4.9964
-4.9964
0
0
0
-0.70477
-0.69652
-0.69826
-0.69547
-0.69547
-0.68866
-0.69334
0
0
0
0
0
0
0
7.9184
0
0
0
0
0
0
0
0
0
-3.0459
0
0
0
0
0
-0.71214
-0.7043
-0.7034
-0.69852
-0.69852
0
0
0
0
0
0
0
0
0
0
3.5169
0
0
0
0
0
0
0
0
0
0
0
0
0
0
-0.64112
-0.64082
-0.64232
0
0
0
0
0
0
0
0
0
0
0
0
0
2.4957
0
0
0
0
0
0
0
0
0
0
-0.57144
0
0
-0.59419
-0.59495
0
0
0
0
0
0
0
0
0
0
0
0
0
0
0
1.7563
0
-0.56718
0
0
0
0
0
0
0
0
0
0
0
0
0
0
0
0
0
0
-0.5843
0
0
-0.58776
0
0
0
0
0
0
1.7243
0
0
0
0
0
0
0
0
0
0
-0.55225
0
0
0
0
0
0
0
0
0
0
0
0
0
0
0
0
0
-0.56718
0
0.56718
0
0
0
0
0
0
0
0
0
0
-7.2794
0
0
0
0
0
0
0
0
0
0
0
0
0
0
0
0
0
0
0
7.2794
0
0
0
0
0
0
0
0
0
0
0
0
0
0
0
0
0
0
0
0
-3.2577
0
0
0
0
0
0
0
0
0
3.2577
0
0
0
0
0
0
0
0
0
0
0
0
0
0
0
0
0
0
0
0
-3.0459
0
0
0
0
0
0
0
0
0
3.0459
0
0
0
0
0
0
0
0
0
0
0
0
0
0
0
-3.9138
0
0
0
0
0
0
0
0
0
0
0
0
0
0
3.9138
0
0
0
0
0
0
0
0
0
0
0
0
0
0
0
0
0
0
0
0
-3.0459
0
0
0
0
0
0
0
0
0
3.0459
0
0
0
0
0
0
0
0
0
0
0
0
0
0
0
0
0
0
-4.9964
0
0
0
0
0
0
0
0
0
0
0
4.9964
0
0
0
0
0
0
0
0
0
0
0
0
0
0
0
0
0
-4.9964
0
0
0
0
0
0
0
0
0
0
0
0
4.9964
0
0
0
0
0
0
0
0
0
0
0
0
0
0
0
0
0
0
0
-0.57144
0
0
0
0
0
0
0
0
0
0
0.57144
0
0
-7.2794
0
0
0
0
0
0
0
0
0
0
0
0
0
0
0
0
0
0
0
0
0
0
0
0
0
0
0
7.2794
0
0
0
0
0
0
0
0
0
0
0
0
0
0
0
0
0
0
0
-0.55225
0
0
0
0
0
0
0
0
0
0
0.55225
