14.4637
-0.69931
-0.69931
-0.74401
-0.72606
-0.71508
-0.69137
-0.69137
-0.68506
-0.7069
-0.67742
-0.73851
-0.7179
-0.71655
-0.71
-0.70104
-0.70104
-0.67137
-0.52713
-0.97212
-0.97212
0
0
0
0
0
0
0
0
0
-0.69931
14.4637
-0.69931
-0.74401
-0.72606
-0.71508
-0.69137
-0.69137
-0.68506
-0.7069
-0.67742
-0.73851
-0.7179
-0.71655
-0.71
-0.70104
-0.70104
-0.67137
-0.52713
-0.97212
-0.97212
0
0
0
0
0
0
0
0
0
-0.69931
-0.69931
14.4637
-0.74401
-0.72606
-0.71508
-0.69137
-0.69137
-0.68506
-0.7069
-0.67742
-0.73851
-0.7179
-0.71655
-0.71
-0.70104
-0.70104
-0.67137
-0.52713
-0.97212
-0.97212
0
0
0
0
0
0
0
0
0
-0.74401
-0.74401
-0.74401
30.5531
-0.72059
-0.72025
-0.69813
-0.69813
-0.69095
-0.69597
-0.64126
-0.72121
-0.70416
-0.72424
-0.72306
-0.71686
-0.71686
-0.6872
-0.50795
0
0
0
0
-8.9771
-8.9771
0
0
0
0
0
-0.72606
-0.72606
-0.72606
-0.72059
19.0579
-0.73136
-0.70586
-0.70586
-0.69956
-0.71922
-0.67813
-0.74929
-0.72988
-0.73397
-0.72909
-0.72083
-0.72083
-0.68949
0
0
0
0
-6.8458
0
0
0
0
0
0
0
-0.71508
-0.71508
-0.71508
-0.72025
-0.73136
12.5692
-0.69414
-0.69414
-0.68811
-0.70786
-0.67708
-0.73861
-0.71838
-0.72128
-0.71527
-0.70689
-0.70689
-0.67663
-0.52705
0
0
0
0
0
0
0
0
0
0
0
-0.69137
-0.69137
-0.69137
-0.69813
-0.70586
-0.69414
11.67
-0.66746
-0.66607
-0.68616
-0.65971
-0.7156
-0.6965
-0.697
-0.69052
-0.68245
-0.68245
-0.65382
0
0
0
0
0
0
0
0
0
0
0
0
-0.69137
-0.69137
-0.69137
-0.69813
-0.70586
-0.69414
-0.66746
11.67
-0.66607
-0.68616
-0.65971
-0.7156
-0.6965
-0.697
-0.69052
-0.68245
-0.68245
-0.65382
0
0
0
0
0
0
0
0
0
0
0
0
-0.68506
-0.68506
-0.68506
-0.69095
-0.69956
-0.68811
-0.66607
-0.66607
10.9141
-0.67767
-0.65107
-0.70603
-0.68784
-0.68983
-0.6832
-0.67625
-0.67625
0
0
0
0
0
0
0
0
0
0
0
0
0
-0.7069
-0.7069
-0.7069
-0.69597
-0.71922
-0.70786
-0.68616
-0.68616
-0.67767
15.1881
-0.64696
-0.71375
-0.69853
-0.70699
-0.70011
0
0
0
0
0
0
0
0
0
0
0
0
0
-5.428
0
-0.67742
-0.67742
-0.67742
-0.64126
-0.67813
-0.67708
-0.65971
-0.65971
-0.65107
-0.64696
21.1581
-0.66326
0
-0.6872
0
0
0
0
0
0
0
0
0
0
0
0
0
-6.5807
0
-6.5807
-0.73851
-0.73851
-0.73851
-0.72121
-0.74929
-0.73861
-0.7156
-0.7156
-0.70603
-0.71375
-0.66326
11.0507
0
0
0
0
0
0
0
0
0
-3.1118
0
0
0
0
0
0
0
0
-0.7179
-0.7179
-0.7179
-0.70416
-0.72988
-0.71838
-0.6965
-0.6965
-0.68784
-0.69853
0
0
8.9411
0
0
0
0
0
0
0
0
0
0
0
0
-1.8556
0
0
0
0
-0.71655
-0.71655
-0.71655
-0.72424
-0.73397
-0.72128
-0.697
-0.697
-0.68983
-0.70699
-0.6872
0
0
7.8072
0
0
0
0
0
0
0
0
0
0
0
0
0
0
0
0
-0.71
-0.71
-0.71
-0.72306
-0.72909
-0.71527
-0.69052
-0.69052
-0.6832
-0.70011
0
0
0
0
7.0617
0
0
0
0
0
0
0
0
0
0
0
0
0
0
0
-0.70104
-0.70104
-0.70104
-0.71686
-0.72083
-0.70689
-0.68245
-0.68245
-0.67625
0
0
0
0
0
0
6.2889
0
0
0
0
0
0
0
0
0
0
0
0
0
0
-0.70104
-0.70104
-0.70104
-0.71686
-0.72083
-0.70689
-0.68245
-0.68245
-0.67625
0
0
0
0
0
0
0
6.2889
0
0
0
0
0
0
0
0
0
0
0
0
0
-0.67137
-0.67137
-0.67137
-0.6872
-0.68949
-0.67663
-0.65382
-0.65382
0
0
0
0
0
0
0
0
0
5.3751
0
0
0
0
0
0
0
0
0
0
0
0
-0.52713
-0.52713
-0.52713
-0.50795
0
-0.52705
0
0
0
0
0
0
0
0
0
0
0
0
2.7209
0
0
0
0
0
0
0
-0.1045
0
0
0
-0.97212
-0.97212
-0.97212
0
0
0
0
0
0
0
0
0
0
0
0
0
0
0
0
2.9164
0
0
0
0
0
0
0
0
0
0
-0.97212
-0.97212
-0.97212
0
0
0
0
0
0
0
0
0
0
0
0
0
0
0
0
0
2.9164
0
0
0
0
0
0
0
0
0
0
0
0
0
0
0
0
0
0
0
0
-3.1118
0
0
0
0
0
0
0
0
0
3.1118
0
0
0
0
0
0
0
0
0
0
0
0
-6.8458
0
0
0
0
0
0
0
0
0
0
0
0
0
0
0
0
0
6.8458
0
0
0
0
0
0
0
0
0
0
-8.9771
0
0
0
0
0
0
0
0
0
0
0
0
0
0
0
0
0
0
0
8.9771
0
0
0
0
0
0
0
0
0
-8.9771
0
0
0
0
0
0
0
0
0
0
0
0
0
0
0
0
0
0
0
0
8.9771
0
0
0
0
0
0
0
0
0
0
0
0
0
0
0
0
0
-1.8556
0
0
0
0
0
0
0
0
0
0
0
0
1.8556
0
0
0
0
0
0
0
0
0
0
0
0
0
0
0
0
0
0
0
0
0
0
-0.1045
0
0
0
0
0
0
0
0.1045
0
0
0
0
0
0
0
0
0
0
0
0
0
-6.5807
0
0
0
0
0
0
0
0
0
0
0
0
0
0
0
0
6.5807
0
0
0
0
0
0
0
0
0
0
0
-5.428
0
0
0
0
0
0
0
0
0
0
0
0
0
0
0
0
0
0
5.428
0
0
0
0
0
0
0
0
0
0
0
-6.5807
0
0
0
0
0
0
0
0
0
0
0
0
0
0
0
0
0
0
6.5807
