27.2987
-0.99632
-0.90238
-0.90238
-0.90238
-0.90238
-0.90238
-0.90238
-0.80358
-0.88305
-0.88393
-0.8978
-0.89143
-0.87922
-0.91217
-0.91217
-0.89412
-0.90302
-0.90302
-0.82012
-0.93773
-0.85543
0
0
-0.253
0
0
0
-8.2583
0
-0.99632
28.3435
-0.95644
-0.95644
-0.95644
-0.95644
-0.95644
-0.95644
-0.85072
-0.92409
-0.9376
-0.96338
-0.94586
-0.93277
-0.96811
-0.96811
-0.94874
-0.95745
-0.95745
-0.88374
-0.99673
-0.90813
0
0
0
-8.4656
0
0
0
0
-0.90238
-0.95644
17.5668
-0.82629
-0.82629
-0.82629
-0.82629
-0.82629
-0.74681
-0.81612
-0.82077
-0.85889
-0.82806
-0.81685
-0.84709
-0.84709
-0.83053
-0.83618
-0.83618
-0.83207
-0.86819
-0.79174
0
0
0
0
0
0
0
0
-0.90238
-0.95644
-0.82629
17.5668
-0.82629
-0.82629
-0.82629
-0.82629
-0.74681
-0.81612
-0.82077
-0.85889
-0.82806
-0.81685
-0.84709
-0.84709
-0.83053
-0.83618
-0.83618
-0.83207
-0.86819
-0.79174
0
0
0
0
0
0
0
0
-0.90238
-0.95644
-0.82629
-0.82629
17.5668
-0.82629
-0.82629
-0.82629
-0.74681
-0.81612
-0.82077
-0.85889
-0.82806
-0.81685
-0.84709
-0.84709
-0.83053
-0.83618
-0.83618
-0.83207
-0.86819
-0.79174
0
0
0
0
0
0
0
0
-0.90238
-0.95644
-0.82629
-0.82629
-0.82629
17.5668
-0.82629
-0.82629
-0.74681
-0.81612
-0.82077
-0.85889
-0.82806
-0.81685
-0.84709
-0.84709
-0.83053
-0.83618
-0.83618
-0.83207
-0.86819
-0.79174
0
0
0
0
0
0
0
0
-0.90238
-0.95644
-0.82629
-0.82629
-0.82629
-0.82629
17.5668
-0.82629
-0.74681
-0.81612
-0.82077
-0.85889
-0.82806
-0.81685
-0.84709
-0.84709
-0.83053
-0.83618
-0.83618
-0.83207
-0.86819
-0.79174
0
0
0
0
0
0
0
0
-0.90238
-0.95644
-0.82629
-0.82629
-0.82629
-0.82629
-0.82629
17.5668
-0.74681
-0.81612
-0.82077
-0.85889
-0.82806
-0.81685
-0.84709
-0.84709
-0.83053
-0.83618
-0.83618
-0.83207
-0.86819
-0.79174
0
0
0
0
0
0
0
0
-0.80358
-0.85072
-0.74681
-0.74681
-0.74681
-0.74681
-0.74681
-0.74681
14.9066
-0.70437
-0.71965
-0.7467
-0.72568
-0.71598
-0.74211
-0.74211
-0.72781
-0.73215
-0.73215
-0.72354
-0.75919
0
0
0
0
0
0
0
0
0
-0.88305
-0.92409
-0.81612
-0.81612
-0.81612
-0.81612
-0.81612
-0.81612
-0.70437
14.8078
-0.78434
-0.80951
-0.79065
-0.78001
-0.80872
-0.80872
-0.793
-0.8012
-0.8012
0
0
0
-0.22221
0
0
0
0
0
0
0
-0.88393
-0.9376
-0.82077
-0.82077
-0.82077
-0.82077
-0.82077
-0.82077
-0.71965
-0.78434
14.7232
-0.8277
-0.79966
-0.78887
-0.81795
-0.81795
-0.80203
-0.80948
-0.80948
0
0
0
0
0
0
0
0
0
0
0
-0.8978
-0.96338
-0.85889
-0.85889
-0.85889
-0.85889
-0.85889
-0.85889
-0.7467
-0.80951
-0.8277
20.5429
-0.84168
-0.83026
-0.86108
-0.86108
-0.8442
0
0
0
0
0
0
0
0
0
0
-6.9062
0
0
-0.89143
-0.94586
-0.82806
-0.82806
-0.82806
-0.82806
-0.82806
-0.82806
-0.72568
-0.79065
-0.79966
-0.84168
13.1972
-0.79061
-0.81976
-0.81976
-0.8038
0
0
0
0
0
0
0
0
0
0
0
0
0
-0.87922
-0.93277
-0.81685
-0.81685
-0.81685
-0.81685
-0.81685
-0.81685
-0.71598
-0.78001
-0.78887
-0.83026
-0.79061
12.2127
-0.79697
-0.79697
0
0
0
0
0
0
0
0
0
0
0
0
0
0
-0.91217
-0.96811
-0.84709
-0.84709
-0.84709
-0.84709
-0.84709
-0.84709
-0.74211
-0.80872
-0.81795
-0.86108
-0.81976
-0.79697
11.8094
0
0
0
0
0
0
0
0
0
0
0
0
0
0
0
-0.91217
-0.96811
-0.84709
-0.84709
-0.84709
-0.84709
-0.84709
-0.84709
-0.74211
-0.80872
-0.81795
-0.86108
-0.81976
-0.79697
0
11.8094
0
0
0
0
0
0
0
0
0
0
0
0
0
0
-0.89412
-0.94874
-0.83053
-0.83053
-0.83053
-0.83053
-0.83053
-0.83053
-0.72781
-0.793
-0.80203
-0.8442
-0.8038
0
0
0
10.7968
0
0
0
0
0
0
0
0
0
0
0
0
0
-0.90302
-0.95745
-0.83618
-0.83618
-0.83618
-0.83618
-0.83618
-0.83618
-0.73215
-0.8012
-0.80948
0
0
0
0
0
0
9.2204
0
0
0
0
0
0
0
0
0
0
0
0
-0.90302
-0.95745
-0.83618
-0.83618
-0.83618
-0.83618
-0.83618
-0.83618
-0.73215
-0.8012
-0.80948
0
0
0
0
0
0
0
9.2204
0
0
0
0
0
0
0
0
0
0
0
-0.82012
-0.88374
-0.83207
-0.83207
-0.83207
-0.83207
-0.83207
-0.83207
-0.72354
0
0
0
0
0
0
0
0
0
0
17.9332
0
0
0
0
0
0
-5.2567
0
0
-5.2567
-0.93773
-0.99673
-0.86819
-0.86819
-0.86819
-0.86819
-0.86819
-0.86819
-0.75919
0
0
0
0
0
0
0
0
0
0
0
7.9028
0
0
0
0
0
0
0
0
0
-0.85543
-0.90813
-0.79174
-0.79174
-0.79174
-0.79174
-0.79174
-0.79174
0
0
0
0
0
0
0
0
0
0
0
0
0
6.514
0
0
0
0
0
0
0
0
0
0
0
0
0
0
0
0
0
-0.22221
0
0
0
0
0
0
0
0
0
0
0
0
1.9586
-1.7364
0
0
0
0
0
0
0
0
0
0
0
0
0
0
0
0
0
0
0
0
0
0
0
0
0
0
0
0
-1.7364
3.3707
-1.6343
0
0
0
0
0
-0.253
0
0
0
0
0
0
0
0
0
0
0
0
0
0
0
0
0
0
0
0
0
0
-1.6343
1.8873
0
0
0
0
0
0
-8.4656
0
0
0
0
0
0
0
0
0
0
0
0
0
0
0
0
0
0
0
0
0
0
0
8.4656
0
0
0
0
0
0
0
0
0
0
0
0
0
0
0
0
0
0
0
0
0
0
0
-5.2567
0
0
0
0
0
0
5.2567
0
0
0
0
0
0
0
0
0
0
0
0
0
0
-6.9062
0
0
0
0
0
0
0
0
0
0
0
0
0
0
0
6.9062
0
0
-8.2583
0
0
0
0
0
0
0
0
0
0
0
0
0
0
0
0
0
0
0
0
0
0
0
0
0
0
0
8.2583
0
0
0
0
0
0
0
0
0
0
0
0
0
0
0
0
0
0
0
0
-5.2567
0
0
0
0
0
0
0
0
0
5.2567
