14.7826
-0.63119
-0.63828
-0.67093
-0.58956
-0.58956
-0.58956
-0.64039
-0.72663
-0.78403
-0.72663
-0.71684
-0.71684
-0.77303
0
-1.3057
0
0
0
-1.9268
0
0
0
0
0
-2.7566
0
0
0
0
-0.63119
13.2632
-0.63228
-0.65815
-0.58219
-0.58219
-0.58219
-0.62557
-0.72095
-0.73135
-0.72095
-0.71438
-0.71438
-0.66487
0
-1.2284
0
0
0
0
0
0
-3.4741
0
0
0
0
0
0
0
-0.63828
-0.63228
12.2129
-0.669
-0.58502
-0.58502
-0.58502
-0.63435
-0.72315
-0.76354
-0.72315
-0.71235
-0.71235
0
0
0
0
0
0
-1.7818
0
0
0
0
0
0
-2.4676
0
0
0
-0.67093
-0.65815
-0.669
10.933
-0.61609
-0.61609
-0.61609
-0.67042
-0.7653
-0.79758
-0.7653
-0.75626
-0.75626
0
0
0
0
0
0
0
0
0
0
0
0
0
0
-2.5756
0
0
-0.58956
-0.58219
-0.58502
-0.61609
7.2601
-0.49413
-0.49413
-0.58293
-0.66245
-0.68468
-0.66245
-0.65324
-0.65324
0
0
0
0
0
0
0
0
0
0
0
0
0
0
0
0
0
-0.58956
-0.58219
-0.58502
-0.61609
-0.49413
7.2601
-0.49413
-0.58293
-0.66245
-0.68468
-0.66245
-0.65324
-0.65324
0
0
0
0
0
0
0
0
0
0
0
0
0
0
0
0
0
-0.58956
-0.58219
-0.58502
-0.61609
-0.49413
-0.49413
7.2601
-0.58293
-0.66245
-0.68468
-0.66245
-0.65324
-0.65324
0
0
0
0
0
0
0
0
0
0
0
0
0
0
0
0
0
-0.64039
-0.62557
-0.63435
-0.67042
-0.58293
-0.58293
-0.58293
6.7663
-0.65124
0
-0.65124
0
0
0
0
0
-1.1444
0
0
0
0
0
0
0
0
0
0
0
0
0
-0.72663
-0.72095
-0.72315
-0.7653
-0.66245
-0.66245
-0.66245
-0.65124
5.5746
0
0
0
0
0
0
0
0
0
0
0
0
0
0
0
0
0
0
0
0
0
-0.78403
-0.73135
-0.76354
-0.79758
-0.68468
-0.68468
-0.68468
0
0
6.3242
0
0
0
0
0
0
0
0
0
0
-1.1937
0
0
0
0
0
0
0
0
0
-0.72663
-0.72095
-0.72315
-0.7653
-0.66245
-0.66245
-0.66245
-0.65124
0
0
5.5746
0
0
0
0
0
0
0
0
0
0
0
0
0
0
0
0
0
0
0
-0.71684
-0.71438
-0.71235
-0.75626
-0.65324
-0.65324
-0.65324
0
0
0
0
4.8596
0
0
0
0
0
0
0
0
0
0
0
0
0
0
0
0
0
0
-0.71684
-0.71438
-0.71235
-0.75626
-0.65324
-0.65324
-0.65324
0
0
0
0
0
4.8596
0
0
0
0
0
0
0
0
0
0
0
0
0
0
0
0
0
-0.77303
-0.66487
0
0
0
0
0
0
0
0
0
0
0
3.9075
0
0
-0.78995
-0.53302
-1.1466
0
0
0
0
0
0
0
0
0
0
0
0
0
0
0
0
0
0
0
0
0
0
0
0
0
7.5512
0
0
-0.88616
-1.5399
0
0
-1.3021
0
-1.0439
-2.7791
0
0
0
0
0
-1.3057
-1.2284
0
0
0
0
0
0
0
0
0
0
0
0
0
6.9263
0
0
0
0
0
0
0
-2.0012
0
0
0
0
-2.3909
0
0
0
0
0
0
0
0
-1.1444
0
0
0
0
0
-0.78995
0
0
7.0448
0
0
0
0
0
0
0
0
0
-2.5255
-2.5849
0
0
0
0
0
0
0
0
0
0
0
0
0
0
0
-0.53302
-0.88616
0
0
6.4695
-2.6307
0
0
0
0
0
0
0
0
0
0
-2.4196
0
0
0
0
0
0
0
0
0
0
0
0
0
-1.1466
-1.5399
0
0
-2.6307
5.3173
0
0
0
0
0
0
0
0
0
0
0
-1.9268
0
-1.7818
0
0
0
0
0
0
0
0
0
0
0
0
0
0
0
0
4.7489
0
-1.0403
0
0
0
0
0
0
0
0
0
0
0
0
0
0
0
0
0
-1.1937
0
0
0
0
0
0
0
0
0
0
3.8402
0
-1.3398
0
-1.3067
0
0
0
0
0
0
0
0
0
0
0
0
0
0
0
0
0
0
0
-1.3021
0
0
0
0
-1.0403
0
4.9703
0
0
0
-2.6278
0
0
0
0
0
-3.4741
0
0
0
0
0
0
0
0
0
0
0
0
0
0
0
0
0
0
-1.3398
0
4.8139
0
0
0
0
0
0
0
0
0
0
0
0
0
0
0
0
0
0
0
0
0
-1.0439
-2.0012
0
0
0
0
0
0
0
3.0451
0
0
0
0
0
0
0
0
0
0
0
0
0
0
0
0
0
0
0
0
-2.7791
0
0
0
0
0
-1.3067
0
0
0
4.0858
0
0
0
0
0
-2.7566
0
0
0
0
0
0
0
0
0
0
0
0
0
0
0
0
0
0
0
0
-2.6278
0
0
0
5.3844
0
0
0
0
0
0
-2.4676
0
0
0
0
0
0
0
0
0
0
0
0
0
-2.5255
0
0
0
0
0
0
0
0
0
4.9931
0
0
0
0
0
0
-2.5756
0
0
0
0
0
0
0
0
0
0
0
0
-2.5849
0
0
0
0
0
0
0
0
0
0
5.1605
0
0
0
0
0
0
0
0
0
0
0
0
0
0
0
0
0
-2.3909
0
0
0
0
0
0
0
0
0
0
0
0
2.3909
0
0
0
0
0
0
0
0
0
0
0
0
0
0
0
0
0
0
-2.4196
0
0
0
0
0
0
0
0
0
0
0
2.4196
