16.5264
-0.81892
-0.84118
-0.80983
-0.84118
-0.80983
-0.72371
-0.75826
-0.81909
-0.80089
-0.89376
-0.81376
-0.84003
-0.80159
-0.80527
-0.85769
-0.75921
-0.8581
-0.72973
-1.5544
0
0
-0.38992
0
0
0
0
0
0
0
-0.81892
13.8661
-0.77113
-0.75065
-0.77113
-0.75065
-0.64424
-0.67692
-0.73246
-0.71292
-0.79955
-0.72338
-0.74576
-0.71296
-0.71512
-0.75942
-0.67275
-0.75046
-0.64644
0
0
-0.71127
0
0
0
0
0
0
0
0
-0.84118
-0.77113
24.3135
-0.77053
-0.78695
-0.77053
-0.66371
-0.6933
-0.7474
-0.73546
-0.81233
-0.74619
-0.77016
-0.73829
-0.73876
-0.78622
-0.69615
-0.77218
-0.66968
0
0
0
0
0
0
0
0
-10.8033
0
0
-0.80983
-0.75065
-0.77053
14.6389
-0.77053
-0.70785
-0.64817
-0.68044
-0.73579
-0.71863
-0.8028
-0.72967
-0.75234
-0.71857
-0.7217
-0.76725
-0.67954
-0.7574
-0.65343
-1.4638
0
0
0
0
0
0
0
0
0
0
-0.84118
-0.77113
-0.78695
-0.77053
24.3135
-0.77053
-0.66371
-0.6933
-0.7474
-0.73546
-0.81233
-0.74619
-0.77016
-0.73829
-0.73876
-0.78622
-0.69615
-0.77218
-0.66968
0
0
0
0
0
0
0
0
0
0
-10.8033
-0.80983
-0.75065
-0.77053
-0.70785
-0.77053
14.6389
-0.64817
-0.68044
-0.73579
-0.71863
-0.8028
-0.72967
-0.75234
-0.71857
-0.7217
-0.76725
-0.67954
-0.7574
-0.65343
-1.4638
0
0
0
0
0
0
0
0
0
0
-0.72371
-0.64424
-0.66371
-0.64817
-0.66371
-0.64817
11.6775
-0.59782
-0.64957
-0.63477
-0.70907
-0.64362
-0.66295
-0.63429
-0.63621
-0.67524
-0.5987
-0.66833
-0.57518
0
0
0
0
0
0
0
0
0
0
0
-0.75826
-0.67692
-0.6933
-0.68044
-0.6933
-0.68044
-0.59782
11.0278
-0.67837
-0.66769
-0.73899
-0.67595
-0.69721
-0.67021
-0.66874
-0.71103
-0.6346
0
0
0
-0.1045
0
0
0
0
0
0
0
0
0
-0.81909
-0.73246
-0.7474
-0.73579
-0.7474
-0.73579
-0.64957
-0.67837
20.0312
-0.75797
-0.78214
-0.72767
-0.75245
-0.72117
-0.72034
0
0
0
0
0
0
0
0
-9.7236
0
0
0
0
0
0
-0.80089
-0.71292
-0.73546
-0.71863
-0.73546
-0.71863
-0.63477
-0.66769
-0.75797
10.8944
-0.78626
-0.71542
-0.73832
-0.70615
-0.70736
-0.75841
0
0
0
0
0
0
0
0
0
0
0
0
0
0
-0.89376
-0.79955
-0.81233
-0.8028
-0.81233
-0.8028
-0.70907
-0.73899
-0.78214
-0.78626
17.2447
-0.78702
0
0
0
0
0
0
0
0
0
0
0
0
0
0
-8.5177
0
0
0
-0.81376
-0.72338
-0.74619
-0.72967
-0.74619
-0.72967
-0.64362
-0.67595
-0.72767
-0.71542
-0.78702
8.823
-0.78441
0
0
0
0
0
0
0
0
0
0
0
0
0
0
0
0
0
-0.84003
-0.74576
-0.77016
-0.75234
-0.77016
-0.75234
-0.66295
-0.69721
-0.75245
-0.73832
0
-0.78441
8.2661
0
0
0
0
0
0
0
0
0
0
0
0
0
0
0
0
0
-0.80159
-0.71296
-0.73829
-0.71857
-0.73829
-0.71857
-0.63429
-0.67021
-0.72117
-0.70615
0
0
0
7.8599
0
0
0
0
0
0
0
-0.69987
0
0
0
0
0
0
0
0
-0.80527
-0.71512
-0.73876
-0.7217
-0.73876
-0.7217
-0.63621
-0.66874
-0.72034
-0.70736
0
0
0
0
7.174
0
0
0
0
0
0
0
0
0
0
0
0
0
0
0
-0.85769
-0.75942
-0.78622
-0.76725
-0.78622
-0.76725
-0.67524
-0.71103
0
-0.75841
0
0
0
0
0
6.8687
0
0
0
0
0
0
0
0
0
0
0
0
0
0
-0.75921
-0.67275
-0.69615
-0.67954
-0.69615
-0.67954
-0.5987
-0.6346
0
0
0
0
0
0
0
0
5.4166
0
0
0
0
0
0
0
0
0
0
0
0
0
-0.8581
-0.75046
-0.77218
-0.7574
-0.77218
-0.7574
-0.66833
0
0
0
0
0
0
0
0
0
0
5.7786
0
0
0
0
-0.44261
0
0
0
0
0
0
0
-0.72973
-0.64644
-0.66968
-0.65343
-0.66968
-0.65343
-0.57518
0
0
0
0
0
0
0
0
0
0
0
4.5976
0
0
0
0
0
0
0
0
0
0
0
-1.5544
0
0
-1.4638
0
-1.4638
0
0
0
0
0
0
0
0
0
0
0
0
0
7.3364
0
0
0
0
-2.8543
0
0
0
0
0
0
0
0
0
0
0
0
-0.1045
0
0
0
0
0
0
0
0
0
0
0
0
0.65349
-0.33718
0
0
0
-0.21181
0
0
0
0
0
-0.71127
0
0
0
0
0
0
0
0
0
0
0
-0.69987
0
0
0
0
0
0
-0.33718
1.7483
0
0
0
0
0
0
0
0
-0.38992
0
0
0
0
0
0
0
0
0
0
0
0
0
0
0
0
-0.44261
0
0
0
0
1.1115
0
0
0
0
0
-0.27893
0
0
0
0
0
0
0
0
0
-9.7236
0
0
0
0
0
0
0
0
0
0
0
0
0
0
9.7236
0
0
0
0
0
0
0
0
0
0
0
0
0
0
0
0
0
0
0
0
0
0
0
0
0
-2.8543
0
0
0
0
2.8543
0
0
0
0
0
0
0
0
0
0
0
0
0
0
0
0
0
0
0
0
0
0
0
0
0
-0.21181
0
0
0
0
0.21181
0
0
0
0
0
0
0
0
0
0
0
0
0
0
-8.5177
0
0
0
0
0
0
0
0
0
0
0
0
0
0
0
8.5177
0
0
0
0
0
-10.8033
0
0
0
0
0
0
0
0
0
0
0
0
0
0
0
0
0
0
0
0
0
0
0
0
10.8033
0
0
0
0
0
0
0
0
0
0
0
0
0
0
0
0
0
0
0
0
0
0
0
0
-0.27893
0
0
0
0
0
0.27893
0
0
0
0
0
-10.8033
0
0
0
0
0
0
0
0
0
0
0
0
0
0
0
0
0
0
0
0
0
0
0
0
10.8033
