22.718
-0.58613
-0.60336
-0.60775
-0.59285
-0.63673
-0.62484
-0.65657
-0.63673
-0.54018
-0.54018
-0.54018
-0.60629
-0.57275
-0.62594
-0.51208
-0.55185
-0.62301
0
0
-1.4856
0
0
0
-11.175
0
0
0
0
0
-0.58613
11.3298
-0.58581
-0.58688
-0.57459
-0.61467
-0.60376
-0.62916
-0.61467
-0.52296
-0.52296
-0.52296
-0.5821
-0.55422
-0.60377
-0.50251
-0.55157
-0.61884
0
-0.1565
-1.3957
0
0
0
0
0
0
0
0
0
-0.60336
-0.58581
10.0336
-0.60783
-0.59072
-0.63467
-0.62481
-0.64805
-0.63467
-0.53753
-0.53753
-0.53753
-0.5995
-0.57038
-0.62206
-0.52031
-0.55905
-0.61982
0
0
0
0
0
0
0
0
0
0
0
0
-0.60775
-0.58688
-0.60783
31.125
-0.61128
-0.64269
-0.62622
-0.6503
-0.64269
-0.54196
-0.54196
-0.54196
-0.60242
-0.57541
-0.61327
0
0
0
0
0
0
0
-11.3662
0
0
0
0
-11.3662
0
0
-0.59285
-0.57459
-0.59072
-0.61128
9.291
-0.61875
-0.6063
-0.63029
-0.61875
-0.52295
-0.52295
-0.52295
-0.58531
-0.55418
-0.60933
-0.51888
0
-0.61095
0
0
0
0
0
0
0
0
0
0
0
0
-0.63673
-0.61467
-0.63467
-0.64269
-0.61875
8.7749
-0.69198
-0.71974
-0.639
-0.55636
-0.55636
-0.55636
-0.63998
-0.5973
-0.67031
0
0
0
0
0
0
0
0
0
0
0
0
0
0
0
-0.62484
-0.60376
-0.62481
-0.62622
-0.6063
-0.69198
8.9777
-0.71341
-0.69198
-0.5478
-0.5478
-0.5478
-0.62593
-0.58762
0
0
0
0
-0.93745
0
0
0
0
0
0
0
0
0
0
0
-0.65657
-0.62916
-0.64805
-0.6503
-0.63029
-0.71974
-0.71341
17.2735
-0.71974
-0.56721
-0.56721
-0.56721
-0.655
-0.60852
0
0
0
0
0
0
0
-8.9411
0
0
0
0
0
0
0
0
-0.63673
-0.61467
-0.63467
-0.64269
-0.61875
-0.639
-0.69198
-0.71974
8.7749
-0.55636
-0.55636
-0.55636
-0.63998
-0.5973
-0.67031
0
0
0
0
0
0
0
0
0
0
0
0
0
0
0
-0.54018
-0.52296
-0.53753
-0.54196
-0.52295
-0.55636
-0.5478
-0.56721
-0.55636
6.8151
-0.45217
-0.45217
-0.52142
-0.49602
0
0
0
0
0
0
0
0
0
0
0
0
0
0
0
0
-0.54018
-0.52296
-0.53753
-0.54196
-0.52295
-0.55636
-0.5478
-0.56721
-0.55636
-0.45217
6.8151
-0.45217
-0.52142
-0.49602
0
0
0
0
0
0
0
0
0
0
0
0
0
0
0
0
-0.54018
-0.52296
-0.53753
-0.54196
-0.52295
-0.55636
-0.5478
-0.56721
-0.55636
-0.45217
-0.45217
6.8151
-0.52142
-0.49602
0
0
0
0
0
0
0
0
0
0
0
0
0
0
0
0
-0.60629
-0.5821
-0.5995
-0.60242
-0.58531
-0.63998
-0.62593
-0.655
-0.63998
-0.52142
-0.52142
-0.52142
15.4052
0
0
0
0
0
0
0
0
0
0
0
0
0
-8.3044
0
0
0
-0.57275
-0.55422
-0.57038
-0.57541
-0.55418
-0.5973
-0.58762
-0.60852
-0.5973
-0.49602
-0.49602
-0.49602
0
6.7058
0
0
0
0
0
0
0
0
0
0
0
0
0
0
0
0
-0.62594
-0.60377
-0.62206
-0.61327
-0.60933
-0.67031
0
0
-0.67031
0
0
0
0
0
7.6229
0
0
0
0
0
0
0
0
0
0
0
0
0
0
-3.2079
-0.51208
-0.50251
-0.52031
0
-0.51888
0
0
0
0
0
0
0
0
0
0
3.0074
0
0
-0.76907
0
0
0
0
-0.18455
0
0
0
0
0
0
-0.55185
-0.55157
-0.55905
0
0
0
0
0
0
0
0
0
0
0
0
0
1.767
0
0
0
0
0
0
0
0
-0.1045
0
0
0
0
-0.62301
-0.61884
-0.61982
0
-0.61095
0
0
0
0
0
0
0
0
0
0
0
0
2.4726
0
0
0
0
0
0
0
0
0
0
0
0
0
0
0
0
0
0
-0.93745
0
0
0
0
0
0
0
0
-0.76907
0
0
1.9386
-0.2321
0
0
0
0
0
0
0
0
0
0
0
-0.1565
0
0
0
0
0
0
0
0
0
0
0
0
0
0
0
0
-0.2321
0.59713
0
0
0
0
0
0
0
0
-0.20853
0
-1.4856
-1.3957
0
0
0
0
0
0
0
0
0
0
0
0
0
0
0
0
0
0
2.8813
0
0
0
0
0
0
0
0
0
0
0
0
0
0
0
0
-8.9411
0
0
0
0
0
0
0
0
0
0
0
0
0
8.9411
0
0
0
0
0
0
0
0
0
0
0
-11.3662
0
0
0
0
0
0
0
0
0
0
0
0
0
0
0
0
0
0
11.3662
0
0
0
0
0
0
0
0
0
0
0
0
0
0
0
0
0
0
0
0
0
0
-0.18455
0
0
0
0
0
0
0
0.18455
0
0
0
0
0
0
-11.175
0
0
0
0
0
0
0
0
0
0
0
0
0
0
0
0
0
0
0
0
0
0
0
11.175
0
0
0
0
0
0
0
0
0
0
0
0
0
0
0
0
0
0
0
0
0
-0.1045
0
0
0
0
0
0
0
0
0.1045
0
0
0
0
0
0
0
0
0
0
0
0
0
0
0
0
-8.3044
0
0
0
0
0
0
0
0
0
0
0
0
0
8.3044
0
0
0
0
0
0
-11.3662
0
0
0
0
0
0
0
0
0
0
0
0
0
0
0
0
0
0
0
0
0
0
0
11.3662
0
0
0
0
0
0
0
0
0
0
0
0
0
0
0
0
0
0
0
0
0
-0.20853
0
0
0
0
0
0
0
0
0.20853
0
0
0
0
0
0
0
0
0
0
0
0
0
0
0
-3.2079
0
0
0
0
0
0
0
0
0
0
0
0
0
0
3.2079
