19.3707
-0.52123
-0.52123
-0.48165
-0.48165
-0.4602
-0.49202
-0.51427
-0.52162
-0.52162
-0.52162
-0.52621
-0.54136
-0.47147
-0.50972
-0.55902
0
-0.52919
0
0
0
0
0
0
-11.1966
0
0
0
0
0
-0.52123
7.9378
-0.51611
-0.46095
-0.46095
-0.44022
-0.46322
-0.4922
-0.49098
-0.49098
-0.49098
-0.49815
-0.50937
-0.45549
-0.49051
-0.53982
0
-0.51216
-0.1045
0
0
0
0
0
0
0
0
0
0
0
-0.52123
-0.51611
7.9378
-0.46095
-0.46095
-0.44022
-0.46322
-0.4922
-0.49098
-0.49098
-0.49098
-0.49815
-0.50937
-0.45549
-0.49051
-0.53982
0
-0.51216
0
-0.1045
0
0
0
0
0
0
0
0
0
0
-0.48165
-0.46095
-0.46095
7.2617
-0.42288
-0.40634
-0.43148
-0.45536
-0.4584
-0.4584
-0.4584
-0.46604
-0.47542
-0.41965
-0.44857
-0.49122
0
-0.46604
0
0
0
0
0
0
0
0
0
0
0
0
-0.48165
-0.46095
-0.46095
-0.42288
7.2617
-0.40634
-0.43148
-0.45536
-0.4584
-0.4584
-0.4584
-0.46604
-0.47542
-0.41965
-0.44857
-0.49122
0
-0.46604
0
0
0
0
0
0
0
0
0
0
0
0
-0.4602
-0.44022
-0.44022
-0.40634
-0.40634
6.463
-0.40588
-0.43191
-0.4322
-0.4322
-0.4322
-0.44204
-0.44815
-0.40162
-0.42285
-0.46063
0
0
0
0
0
0
0
0
0
0
0
0
0
0
-0.49202
-0.46322
-0.46322
-0.43148
-0.43148
-0.40588
16.409
-0.44846
-0.45169
-0.45169
-0.45169
-0.45587
-0.46843
-0.41571
-0.44398
0
0
0
0
0
0
0
0
-10.1342
0
0
0
0
0
0
-0.51427
-0.4922
-0.4922
-0.45536
-0.45536
-0.43191
-0.44846
5.4247
-0.4908
-0.4908
-0.4908
0
-0.50919
0
0
0
-0.15337
0
0
0
0
0
0
0
0
0
0
0
0
0
-0.52162
-0.49098
-0.49098
-0.4584
-0.4584
-0.4322
-0.45169
-0.4908
10.5244
-0.47089
-0.47089
0
0
0
0
0
0
0
0
0
0
0
0
0
0
0
0
0
0
-5.7876
-0.52162
-0.49098
-0.49098
-0.4584
-0.4584
-0.4322
-0.45169
-0.4908
-0.47089
10.5244
-0.47089
0
0
0
0
0
0
0
0
0
0
0
0
0
0
0
0
0
-5.7876
0
-0.52162
-0.49098
-0.49098
-0.4584
-0.4584
-0.4322
-0.45169
-0.4908
-0.47089
-0.47089
10.5244
0
0
0
0
0
0
0
0
0
0
0
0
0
0
0
-5.7876
0
0
0
-0.52621
-0.49815
-0.49815
-0.46604
-0.46604
-0.44204
-0.45587
0
0
0
0
5.2756
0
0
0
0
-0.17324
0
0
0
0
0
-1.7498
0
0
0
0
0
0
0
-0.54136
-0.50937
-0.50937
-0.47542
-0.47542
-0.44815
-0.46843
-0.50919
0
0
0
0
5.8538
0
0
0
0
0
0
0
0
0
0
0
0
0
0
-1.917
0
0
-0.47147
-0.45549
-0.45549
-0.41965
-0.41965
-0.40162
-0.41571
0
0
0
0
0
0
3.207
0
0
-0.16794
0
0
0
0
0
0
0
0
0
0
0
0
0
-0.50972
-0.49051
-0.49051
-0.44857
-0.44857
-0.42285
-0.44398
0
0
0
0
0
0
0
3.2547
0
0
0
0
0
0
0
0
0
0
0
0
0
0
0
-0.55902
-0.53982
-0.53982
-0.49122
-0.49122
-0.46063
0
0
0
0
0
0
0
0
0
3.0817
0
0
0
0
0
0
0
0
0
0
0
0
0
0
0
0
0
0
0
0
0
-0.15337
0
0
0
-0.17324
0
-0.16794
0
0
20.856
0
0
0
0
-10.1807
0
0
0
-10.1807
0
0
0
0
-0.52919
-0.51216
-0.51216
-0.46604
-0.46604
0
0
0
0
0
0
0
0
0
0
0
0
2.4856
0
0
0
0
0
0
0
0
0
0
0
0
0
-0.1045
0
0
0
0
0
0
0
0
0
0
0
0
0
0
0
0
1.4582
0
-1.3537
0
0
0
0
0
0
0
0
0
0
0
-0.1045
0
0
0
0
0
0
0
0
0
0
0
0
0
0
0
0
1.4582
-1.3537
0
0
0
0
0
0
0
0
0
0
0
0
0
0
0
0
0
0
0
0
0
0
0
0
0
0
0
-1.3537
-1.3537
2.7074
0
0
0
0
0
0
0
0
0
0
0
0
0
0
0
0
0
0
0
0
0
0
0
0
0
-10.1807
0
0
0
0
10.1807
0
0
0
0
0
0
0
0
0
0
0
0
0
0
0
0
0
0
0
-1.7498
0
0
0
0
0
0
0
0
0
0
1.7498
0
0
0
0
0
0
0
0
0
0
0
0
0
-10.1342
0
0
0
0
0
0
0
0
0
0
0
0
0
0
0
0
10.1342
0
0
0
0
0
0
-11.1966
0
0
0
0
0
0
0
0
0
0
0
0
0
0
0
0
0
0
0
0
0
0
0
11.1966
0
0
0
0
0
0
0
0
0
0
0
0
0
0
0
0
0
0
0
0
0
-10.1807
0
0
0
0
0
0
0
0
10.1807
0
0
0
0
0
0
0
0
0
0
0
0
0
0
-5.7876
0
0
0
0
0
0
0
0
0
0
0
0
0
0
0
5.7876
0
0
0
0
0
0
0
0
0
0
0
0
0
0
0
-1.917
0
0
0
0
0
0
0
0
0
0
0
0
0
0
1.917
0
0
0
0
0
0
0
0
0
0
0
-5.7876
0
0
0
0
0
0
0
0
0
0
0
0
0
0
0
0
0
0
5.7876
0
0
0
0
0
0
0
0
0
-5.7876
0
0
0
0
0
0
0
0
0
0
0
0
0
0
0
0
0
0
0
0
5.7876
