28.5309
-0.57014
-0.57542
-0.57542
-0.50706
-0.52766
-0.50907
-0.50706
-0.50706
-0.50706
-0.52981
-0.48711
-0.52612
-0.52612
-0.50428
-0.52227
0
0
0
0
0
0
0
0
0
0
-10.3246
-10.3246
0
0
-0.57014
16.6772
-0.58132
-0.58132
-0.50885
-0.53333
-0.51256
-0.50885
-0.50885
-0.50885
-0.53139
-0.5032
-0.52611
-0.52611
-0.51502
-0.52884
-0.35256
0
0
-8.3799
0
0
0
0
0
0
0
0
0
0
-0.57542
-0.58132
15.8292
-0.59418
-0.51678
-0.54461
-0.52165
-0.51678
-0.51678
-0.51678
-0.54155
-0.51601
-0.53461
-0.53461
-0.51814
-0.53324
0
0
0
0
0
0
0
0
0
0
0
0
0
-7.7668
-0.57542
-0.58132
-0.59418
15.8292
-0.51678
-0.54461
-0.52165
-0.51678
-0.51678
-0.51678
-0.54155
-0.51601
-0.53461
-0.53461
-0.51814
-0.53324
0
0
0
0
0
0
0
0
0
0
0
0
-7.7668
0
-0.50706
-0.50885
-0.51678
-0.51678
7.1031
-0.47341
-0.46071
-0.43157
-0.43157
-0.43157
-0.47984
-0.46619
-0.47182
-0.47182
-0.46342
-0.47176
0
0
0
0
0
0
0
0
0
0
0
0
0
0
-0.52766
-0.53333
-0.54461
-0.54461
-0.47341
14.0485
-0.46786
-0.47341
-0.47341
-0.47341
-0.48949
-0.46855
-0.48662
-0.48662
-0.46949
0
0
0
0
0
0
0
0
0
-7.136
0
0
0
0
0
-0.50907
-0.51256
-0.52165
-0.52165
-0.46071
-0.46786
6.9868
-0.46071
-0.46071
-0.46071
-0.47665
-0.45567
-0.46907
-0.46907
-0.45302
0
0
-0.28771
0
0
0
0
0
0
0
0
0
0
0
0
-0.50706
-0.50885
-0.51678
-0.51678
-0.43157
-0.47341
-0.46071
7.1031
-0.43157
-0.43157
-0.47984
-0.46619
-0.47182
-0.47182
-0.46342
-0.47176
0
0
0
0
0
0
0
0
0
0
0
0
0
0
-0.50706
-0.50885
-0.51678
-0.51678
-0.43157
-0.47341
-0.46071
-0.43157
7.1031
-0.43157
-0.47984
-0.46619
-0.47182
-0.47182
-0.46342
-0.47176
0
0
0
0
0
0
0
0
0
0
0
0
0
0
-0.50706
-0.50885
-0.51678
-0.51678
-0.43157
-0.47341
-0.46071
-0.43157
-0.43157
7.1031
-0.47984
-0.46619
-0.47182
-0.47182
-0.46342
-0.47176
0
0
0
0
0
0
0
0
0
0
0
0
0
0
-0.52981
-0.53139
-0.54155
-0.54155
-0.47984
-0.48949
-0.47665
-0.47984
-0.47984
-0.47984
6.3274
0
-0.49826
-0.49826
0
0
0
-0.30106
0
0
0
0
0
0
0
0
0
0
0
0
-0.48711
-0.5032
-0.51601
-0.51601
-0.46619
-0.46855
-0.45567
-0.46619
-0.46619
-0.46619
0
21.7431
0
0
0
0
0
0
0
0
0
0
0
-8.4659
0
-8.4659
0
0
0
0
-0.52612
-0.52611
-0.53461
-0.53461
-0.47182
-0.48662
-0.46907
-0.47182
-0.47182
-0.47182
-0.49826
0
5.9497
-0.48702
0
0
0
0
0
0
0
0
0
0
0
0
0
0
0
0
-0.52612
-0.52611
-0.53461
-0.53461
-0.47182
-0.48662
-0.46907
-0.47182
-0.47182
-0.47182
-0.49826
0
-0.48702
5.9497
0
0
0
0
0
0
0
0
0
0
0
0
0
0
0
0
-0.50428
-0.51502
-0.51814
-0.51814
-0.46342
-0.46949
-0.45302
-0.46342
-0.46342
-0.46342
0
0
0
0
5.3991
0
-0.35681
0
-0.2105
0
0
0
0
0
0
0
0
0
0
0
-0.52227
-0.52884
-0.53324
-0.53324
-0.47176
0
0
-0.47176
-0.47176
-0.47176
0
0
0
0
0
4.3532
-0.34857
0
0
0
0
0
0
0
0
0
0
0
0
0
0
-0.35256
0
0
0
0
0
0
0
0
0
0
0
0
-0.35681
-0.34857
1.4032
0
-0.24078
0
0
-0.1045
0
0
0
0
0
0
0
0
0
0
0
0
0
0
-0.28771
0
0
0
-0.30106
0
0
0
0
0
0
0.83154
0
0
-0.24277
0
0
0
0
0
0
0
0
0
0
0
0
0
0
0
0
0
0
0
0
0
0
0
-0.2105
0
-0.24078
0
0.60097
0
0
0
-0.14968
0
0
0
0
0
0
0
0
-8.3799
0
0
0
0
0
0
0
0
0
0
0
0
0
0
0
0
0
8.3799
0
0
0
0
0
0
0
0
0
0
0
0
0
0
0
0
0
0
0
0
0
0
0
0
0
0
0
-0.24277
0
0
0.24277
0
0
0
0
0
0
0
0
0
0
0
0
0
0
0
0
0
0
0
0
0
0
0
0
0
-0.1045
0
0
0
0
0.1045
0
0
0
0
0
0
0
0
0
0
0
0
0
0
0
0
0
0
0
0
0
0
0
0
0
0
-0.14968
0
0
0
0.14968
0
0
0
0
0
0
0
0
0
0
0
0
0
0
0
0
0
0
-8.4659
0
0
0
0
0
0
0
0
0
0
0
8.4659
0
0
0
0
0
0
0
0
0
0
0
-7.136
0
0
0
0
0
0
0
0
0
0
0
0
0
0
0
0
0
0
7.136
0
0
0
0
0
0
0
0
0
0
0
0
0
0
0
0
-8.4659
0
0
0
0
0
0
0
0
0
0
0
0
0
8.4659
0
0
0
0
-10.3246
0
0
0
0
0
0
0
0
0
0
0
0
0
0
0
0
0
0
0
0
0
0
0
0
0
10.3246
0
0
0
-10.3246
0
0
0
0
0
0
0
0
0
0
0
0
0
0
0
0
0
0
0
0
0
0
0
0
0
0
10.3246
0
0
0
0
0
-7.7668
0
0
0
0
0
0
0
0
0
0
0
0
0
0
0
0
0
0
0
0
0
0
0
0
7.7668
0
0
0
-7.7668
0
0
0
0
0
0
0
0
0
0
0
0
0
0
0
0
0
0
0
0
0
0
0
0
0
0
7.7668
