13.6031
-0.37759
-0.44102
-0.41533
-0.46394
-0.43898
-0.43898
-0.43898
-0.48929
-0.36161
-0.46376
0
-1.0763
0
-0.8983
-0.98377
-2.6805
-0.62994
0
0
0
0
0
-1.5024
-1.5024
0
0
0
0
0
-0.37759
13.6031
-0.44102
-0.41533
-0.46394
-0.43898
-0.43898
-0.43898
-0.48929
-0.36161
-0.46376
0
-1.0763
0
-0.8983
-0.98377
-2.6805
-0.62994
0
0
0
0
0
-1.5024
-1.5024
0
0
0
0
0
-0.44102
-0.44102
15.1226
-0.44523
-0.4774
-0.44713
-0.44713
-0.44713
-0.49704
-0.36659
-0.4685
-0.57102
-1.1059
0
0
0
0
-0.65897
0
0
0
0
0
0
0
0
-8.3085
0
0
0
-0.41533
-0.41533
-0.44523
4.9105
-0.49282
-0.41345
-0.41345
-0.41345
-0.45796
-0.33441
-0.43285
0
0
0
0
0
0
0
-0.57169
0
-0.1045
0
0
0
0
0
0
0
0
0
-0.46394
-0.46394
-0.4774
-0.49282
13.4951
-0.45898
-0.45898
-0.45898
-0.52548
-0.36295
0
-0.59615
0
-0.56859
0
0
0
0
0
0
0
0
0
0
0
0
0
-8.167
0
0
-0.43898
-0.43898
-0.44713
-0.41345
-0.45898
4.264
-0.38704
-0.38704
-0.54935
-0.31488
-0.42816
0
0
0
0
0
0
0
0
0
0
0
0
0
0
0
0
0
0
0
-0.43898
-0.43898
-0.44713
-0.41345
-0.45898
-0.38704
4.264
-0.38704
-0.54935
-0.31488
-0.42816
0
0
0
0
0
0
0
0
0
0
0
0
0
0
0
0
0
0
0
-0.43898
-0.43898
-0.44713
-0.41345
-0.45898
-0.38704
-0.38704
4.264
-0.54935
-0.31488
-0.42816
0
0
0
0
0
0
0
0
0
0
0
0
0
0
0
0
0
0
0
-0.48929
-0.48929
-0.49704
-0.45796
-0.52548
-0.54935
-0.54935
-0.54935
8.3729
-0.31221
0
0
0
0
0
0
0
0
0
0
0
-3.9536
0
0
0
0
0
0
0
0
-0.36161
-0.36161
-0.36659
-0.33441
-0.36295
-0.31488
-0.31488
-0.31488
-0.31221
3.044
0
0
0
0
0
0
0
0
0
0
0
0
0
0
0
0
0
0
0
0
-0.46376
-0.46376
-0.4685
-0.43285
0
-0.42816
-0.42816
-0.42816
0
0
3.1134
0
0
0
0
0
0
0
0
0
0
0
0
0
0
0
0
0
0
0
0
0
-0.57102
0
-0.59615
0
0
0
0
0
0
3.1175
-1.1743
0
0
0
0
0
0
0
0
0
-0.77606
0
0
0
0
0
0
0
-1.0763
-1.0763
-1.1059
0
0
0
0
0
0
0
0
-1.1743
4.4328
0
0
0
0
0
0
0
0
0
0
0
0
0
0
0
0
0
0
0
0
0
-0.56859
0
0
0
0
0
0
0
0
3.4648
0
-0.8592
0
0
-0.80964
0
0
0
0
0
0
0
0
0
0
-1.2274
-0.8983
-0.8983
0
0
0
0
0
0
0
0
0
0
0
0
3.8804
0
0
0
0
0
0
0
0
0
0
0
0
0
-2.0838
0
-0.98377
-0.98377
0
0
0
0
0
0
0
0
0
0
0
-0.8592
0
2.8267
0
0
0
0
0
0
0
0
0
0
0
0
0
0
-2.6805
-2.6805
0
0
0
0
0
0
0
0
0
0
0
0
0
0
10.7562
0
0
0
0
0
0
0
0
-5.3951
0
0
0
0
-0.62994
-0.62994
-0.65897
0
0
0
0
0
0
0
0
0
0
0
0
0
0
1.9188
0
0
0
0
0
0
0
0
0
0
0
0
0
0
0
-0.57169
0
0
0
0
0
0
0
0
0
-0.80964
0
0
0
0
1.3813
0
0
0
0
0
0
0
0
0
0
0
0
0
0
0
0
0
0
0
0
0
0
0
0
0
0
0
0
0
0
3.2987
-1.3608
0
-1.9379
0
0
0
0
0
0
0
0
0
0
-0.1045
0
0
0
0
0
0
0
0
0
0
0
0
0
0
0
-1.3608
1.4653
0
0
0
0
0
0
0
0
0
0
0
0
0
0
0
0
0
-3.9536
0
0
0
0
0
0
0
0
0
0
0
0
8.7244
0
0
0
-4.7708
0
0
0
0
0
0
0
0
0
0
0
0
0
0
0
-0.77606
0
0
0
0
0
0
0
-1.9379
0
0
2.7139
0
0
0
0
0
0
0
-1.5024
-1.5024
0
0
0
0
0
0
0
0
0
0
0
0
0
0
0
0
0
0
0
0
0
3.0048
0
0
0
0
0
0
-1.5024
-1.5024
0
0
0
0
0
0
0
0
0
0
0
0
0
0
0
0
0
0
0
0
0
0
3.0048
0
0
0
0
0
0
0
0
0
0
0
0
0
0
0
0
0
0
0
0
0
-5.3951
0
0
0
0
-4.7708
0
0
0
10.166
0
0
0
0
0
0
-8.3085
0
0
0
0
0
0
0
0
0
0
0
0
0
0
0
0
0
0
0
0
0
0
0
8.3085
0
0
0
0
0
0
0
-8.167
0
0
0
0
0
0
0
0
0
0
0
0
0
0
0
0
0
0
0
0
0
0
8.167
0
0
0
0
0
0
0
0
0
0
0
0
0
0
0
0
-2.0838
0
0
0
0
0
0
0
0
0
0
0
0
0
2.0838
0
0
0
0
0
0
0
0
0
0
0
0
0
0
-1.2274
0
0
0
0
0
0
0
0
0
0
0
0
0
0
0
1.2274
