35.3604
-0.71158
-0.6927
-0.70012
-0.6927
-0.65668
-0.65668
-0.64612
-0.63939
-0.63018
-0.65793
-0.65793
-0.5369
-0.66136
-0.66596
-0.66596
-0.68005
-0.68005
-0.72531
-0.65467
-1.1485
-10.7998
0
0
0
0
-10.7998
0
0
0
-0.71158
21.9586
-0.73469
-0.72457
-0.73469
-0.68151
-0.68151
-0.67124
-0.68066
-0.65519
-0.68509
-0.68509
-0.59904
-0.70966
-0.68835
-0.68835
-0.70173
-0.70173
-0.74433
-0.67021
-1.1207
0
0
-7.6887
0
0
0
0
0
0
-0.6927
-0.73469
19.9495
-0.71773
-0.72274
-0.66293
-0.66293
-0.65317
-0.66057
-0.63747
-0.66682
-0.66682
-0.58035
-0.68803
-0.67018
-0.67018
-0.6833
-0.6833
-0.72508
-0.653
0
0
0
0
0
0
0
-7.1175
0
0
-0.70012
-0.72457
-0.71773
13.7453
-0.71773
-0.65284
-0.65284
-0.64358
-0.65905
-0.62846
-0.6579
-0.6579
-0.60508
-0.6907
-0.65749
-0.65749
-0.66947
-0.66947
-0.70776
-0.63645
-1.0387
0
0
0
0
0
0
0
0
0
-0.6927
-0.73469
-0.72274
-0.71773
19.9495
-0.66293
-0.66293
-0.65317
-0.66057
-0.63747
-0.66682
-0.66682
-0.58035
-0.68803
-0.67018
-0.67018
-0.6833
-0.6833
-0.72508
-0.653
0
0
0
0
0
0
0
0
-7.1175
0
-0.65668
-0.68151
-0.66293
-0.65284
-0.66293
11.9191
-0.61019
-0.60298
-0.61457
-0.5884
-0.61633
-0.61633
-0.56384
-0.6439
-0.61579
-0.61579
-0.62716
-0.62716
-0.66323
-0.59653
0
0
0
0
0
0
0
0
0
0
-0.65668
-0.68151
-0.66293
-0.65284
-0.66293
-0.61019
11.9191
-0.60298
-0.61457
-0.5884
-0.61633
-0.61633
-0.56384
-0.6439
-0.61579
-0.61579
-0.62716
-0.62716
-0.66323
-0.59653
0
0
0
0
0
0
0
0
0
0
-0.64612
-0.67124
-0.65317
-0.64358
-0.65317
-0.60298
-0.60298
11.1456
-0.60865
-0.57722
-0.60572
-0.60572
-0.55173
-0.63057
-0.60445
-0.60445
-0.61586
-0.61586
-0.65214
0
0
0
0
0
0
0
0
0
0
0
-0.63939
-0.68066
-0.66057
-0.65905
-0.66057
-0.61457
-0.61457
-0.60865
16.2496
-0.58437
-0.6131
-0.6131
-0.52597
-0.62717
-0.61502
-0.61502
-0.62756
-0.62756
0
0
0
0
-5.6627
0
0
0
0
0
0
0
-0.63018
-0.65519
-0.63747
-0.62846
-0.63747
-0.5884
-0.5884
-0.57722
-0.58437
10.2205
-0.59032
-0.59032
-0.53276
-0.61022
-0.58653
-0.58653
-0.59832
-0.59832
0
0
0
0
0
0
0
0
0
0
0
0
-0.65793
-0.68509
-0.66682
-0.6579
-0.66682
-0.61633
-0.61633
-0.60572
-0.6131
-0.59032
9.4235
-0.57018
-0.57488
-0.6521
-0.62498
-0.62498
0
0
0
0
0
0
0
0
0
0
0
0
0
0
-0.65793
-0.68509
-0.66682
-0.6579
-0.66682
-0.61633
-0.61633
-0.60572
-0.6131
-0.59032
-0.57018
9.4235
-0.57488
-0.6521
-0.62498
-0.62498
0
0
0
0
0
0
0
0
0
0
0
0
0
0
-0.5369
-0.59904
-0.58035
-0.60508
-0.58035
-0.56384
-0.56384
-0.55173
-0.52597
-0.53276
-0.57488
-0.57488
18.8806
0
0
0
0
0
0
0
0
0
0
0
-6.0455
0
0
0
0
-6.0455
-0.66136
-0.70966
-0.68803
-0.6907
-0.68803
-0.6439
-0.6439
-0.63057
-0.62717
-0.61022
-0.6521
-0.6521
0
8.3972
0
0
0
0
0
0
0
0
0
0
0
-0.4995
0
0
0
0
-0.66596
-0.68835
-0.67018
-0.65749
-0.67018
-0.61579
-0.61579
-0.60445
-0.61502
-0.58653
-0.62498
-0.62498
0
0
7.6397
0
0
0
0
0
0
0
0
0
0
0
0
0
0
0
-0.66596
-0.68835
-0.67018
-0.65749
-0.67018
-0.61579
-0.61579
-0.60445
-0.61502
-0.58653
-0.62498
-0.62498
0
0
0
7.6397
0
0
0
0
0
0
0
0
0
0
0
0
0
0
-0.68005
-0.70173
-0.6833
-0.66947
-0.6833
-0.62716
-0.62716
-0.61586
-0.62756
-0.59832
0
0
0
0
0
0
6.5139
0
0
0
0
0
0
0
0
0
0
0
0
0
-0.68005
-0.70173
-0.6833
-0.66947
-0.6833
-0.62716
-0.62716
-0.61586
-0.62756
-0.59832
0
0
0
0
0
0
0
6.5139
0
0
0
0
0
0
0
0
0
0
0
0
-0.72531
-0.74433
-0.72508
-0.70776
-0.72508
-0.66323
-0.66323
-0.65214
0
0
0
0
0
0
0
0
0
0
5.6062
0
0
0
0
0
0
0
0
0
0
0
-0.65467
-0.67021
-0.653
-0.63645
-0.653
-0.59653
-0.59653
0
0
0
0
0
0
0
0
0
0
0
0
4.4604
0
0
0
0
0
0
0
0
0
0
-1.1485
-1.1207
0
-1.0387
0
0
0
0
0
0
0
0
0
0
0
0
0
0
0
0
3.3079
0
0
0
0
0
0
0
0
0
-10.7998
0
0
0
0
0
0
0
0
0
0
0
0
0
0
0
0
0
0
0
0
10.7998
0
0
0
0
0
0
0
0
0
0
0
0
0
0
0
0
-5.6627
0
0
0
0
0
0
0
0
0
0
0
0
0
5.6627
0
0
0
0
0
0
0
0
-7.6887
0
0
0
0
0
0
0
0
0
0
0
0
0
0
0
0
0
0
0
0
0
7.6887
0
0
0
0
0
0
0
0
0
0
0
0
0
0
0
0
0
0
-6.0455
0
0
0
0
0
0
0
0
0
0
0
6.0455
0
0
0
0
0
0
0
0
0
0
0
0
0
0
0
0
0
0
-0.4995
0
0
0
0
0
0
0
0
0
0
0
0.4995
0
0
0
0
-10.7998
0
0
0
0
0
0
0
0
0
0
0
0
0
0
0
0
0
0
0
0
0
0
0
0
0
10.7998
0
0
0
0
0
-7.1175
0
0
0
0
0
0
0
0
0
0
0
0
0
0
0
0
0
0
0
0
0
0
0
0
7.1175
0
0
0
0
0
0
-7.1175
0
0
0
0
0
0
0
0
0
0
0
0
0
0
0
0
0
0
0
0
0
0
0
7.1175
0
0
0
0
0
0
0
0
0
0
0
0
0
-6.0455
0
0
0
0
0
0
0
0
0
0
0
0
0
0
0
0
6.0455
