52.7993
-0.59063
-0.59063
-0.58991
-0.60537
-0.58712
-0.60628
-0.58581
-0.58581
-0.57688
-0.58437
-0.56826
-0.61242
-0.61242
-0.58383
-0.58382
-0.6918
-0.53701
-0.42166
-0.24865
0
0
-10.5091
-10.5091
0
-10.5091
0
-10.5091
0
0
-0.59063
16.9015
-0.6299
-0.6044
-0.61696
-0.62335
-0.61875
-0.59781
-0.59781
-0.58861
-0.59205
-0.61686
-0.62275
-0.62275
-0.59335
-0.59297
-0.69644
-0.53706
-0.46618
0
0
0
0
0
0
0
0
0
-6.0929
0
-0.59063
-0.6299
16.9015
-0.6044
-0.61696
-0.62335
-0.61875
-0.59781
-0.59781
-0.58861
-0.59205
-0.61686
-0.62275
-0.62275
-0.59335
-0.59297
-0.69644
-0.53706
-0.46618
0
0
0
0
0
-6.0929
0
0
0
0
0
-0.58991
-0.6044
-0.6044
10.4716
-0.5941
-0.60094
-0.59579
-0.57622
-0.57622
-0.56765
-0.57307
-0.59891
-0.59904
-0.59904
-0.57141
-0.57096
-0.66537
-0.51766
-0.46654
0
0
0
0
0
0
0
0
0
0
0
-0.60537
-0.61696
-0.61696
-0.5941
10.2095
-0.61675
-0.60831
-0.58768
-0.58768
-0.57881
-0.5855
-0.61598
-0.61143
-0.61143
-0.58266
-0.58208
-0.67953
-0.52823
0
0
0
0
0
0
0
0
0
0
0
0
-0.58712
-0.62335
-0.62335
-0.60094
-0.61675
13.8647
-0.62594
-0.5959
-0.5959
-0.58683
-0.59157
-0.61871
-0.62155
-0.62155
-0.59225
-0.59163
0
0
0
0
0
-4.7713
0
0
0
0
0
0
0
0
-0.60628
-0.61875
-0.61875
-0.59579
-0.60831
-0.62594
9.7231
-0.58962
-0.58962
-0.5808
-0.58816
-0.61826
-0.6142
-0.6142
-0.58523
-0.58457
-0.68457
0
0
0
0
0
0
0
0
0
0
0
0
0
-0.58581
-0.59781
-0.59781
-0.57622
-0.58768
-0.5959
-0.58962
8.7127
-0.5625
-0.55828
-0.56491
-0.59251
-0.58962
-0.58962
-0.56259
-0.56186
0
0
0
0
0
0
0
0
0
0
0
0
0
0
-0.58581
-0.59781
-0.59781
-0.57622
-0.58768
-0.5959
-0.58962
-0.5625
8.7127
-0.55828
-0.56491
-0.59251
-0.58962
-0.58962
-0.56259
-0.56186
0
0
0
0
0
0
0
0
0
0
0
0
0
0
-0.57688
-0.58861
-0.58861
-0.56765
-0.57881
-0.58683
-0.5808
-0.55828
-0.55828
8.0235
-0.55169
-0.57831
-0.57852
-0.57852
-0.55171
0
0
0
0
0
0
0
0
0
0
0
0
0
0
0
-0.58437
-0.59205
-0.59205
-0.57307
-0.5855
-0.59157
-0.58816
-0.56491
-0.56491
-0.55169
7.2299
0
-0.58548
-0.58548
0
0
0
0
0
-0.27064
0
0
0
0
0
0
0
0
0
0
-0.56826
-0.61686
-0.61686
-0.59891
-0.61598
-0.61871
-0.61826
-0.59251
-0.59251
-0.57831
0
7.7562
0
0
0
0
0
0
0
0
-1.739
0
0
0
0
0
0
0
0
0
-0.61242
-0.62275
-0.62275
-0.59904
-0.61143
-0.62155
-0.6142
-0.58962
-0.58962
-0.57852
-0.58548
0
6.6474
0
0
0
0
0
0
0
0
0
0
0
0
0
0
0
0
0
-0.61242
-0.62275
-0.62275
-0.59904
-0.61143
-0.62155
-0.6142
-0.58962
-0.58962
-0.57852
-0.58548
0
0
6.6474
0
0
0
0
0
0
0
0
0
0
0
0
0
0
0
0
-0.58383
-0.59335
-0.59335
-0.57141
-0.58266
-0.59225
-0.58523
-0.56259
-0.56259
-0.55171
0
0
0
0
5.779
0
0
0
0
0
0
0
0
0
0
0
0
0
0
0
-0.58382
-0.59297
-0.59297
-0.57096
-0.58208
-0.59163
-0.58457
-0.56186
-0.56186
0
0
0
0
0
0
5.2227
0
0
0
0
0
0
0
0
0
0
0
0
0
0
-0.6918
-0.69644
-0.69644
-0.66537
-0.67953
0
-0.68457
0
0
0
0
0
0
0
0
0
4.1141
0
0
0
0
0
0
0
0
0
0
0
0
0
-0.53701
-0.53706
-0.53706
-0.51766
-0.52823
0
0
0
0
0
0
0
0
0
0
0
0
2.657
0
0
0
0
0
0
0
0
0
0
0
0
-0.42166
-0.46618
-0.46618
-0.46654
0
0
0
0
0
0
0
0
0
0
0
0
0
0
1.9251
0
0
0
0
0
0
0
0
0
0
-0.1045
-0.24865
0
0
0
0
0
0
0
0
0
-0.27064
0
0
0
0
0
0
0
0
0.69163
0
0
0
0
0
0
-0.17234
0
0
0
0
0
0
0
0
0
0
0
0
0
0
-1.739
0
0
0
0
0
0
0
0
1.739
0
0
0
0
0
0
0
0
0
0
0
0
0
0
-4.7713
0
0
0
0
0
0
0
0
0
0
0
0
0
0
0
4.7713
0
0
0
0
0
0
0
0
-10.5091
0
0
0
0
0
0
0
0
0
0
0
0
0
0
0
0
0
0
0
0
0
10.5091
0
0
0
0
0
0
0
-10.5091
0
0
0
0
0
0
0
0
0
0
0
0
0
0
0
0
0
0
0
0
0
0
10.5091
0
0
0
0
0
0
0
0
-6.0929
0
0
0
0
0
0
0
0
0
0
0
0
0
0
0
0
0
0
0
0
0
6.0929
0
0
0
0
0
-10.5091
0
0
0
0
0
0
0
0
0
0
0
0
0
0
0
0
0
0
0
0
0
0
0
0
10.5091
0
0
0
0
0
0
0
0
0
0
0
0
0
0
0
0
0
0
0
0
0
0
0
-0.17234
0
0
0
0
0
0
0.17234
0
0
0
-10.5091
0
0
0
0
0
0
0
0
0
0
0
0
0
0
0
0
0
0
0
0
0
0
0
0
0
0
10.5091
0
0
0
-6.0929
0
0
0
0
0
0
0
0
0
0
0
0
0
0
0
0
0
0
0
0
0
0
0
0
0
0
6.0929
0
0
0
0
0
0
0
0
0
0
0
0
0
0
0
0
0
0
0
-0.1045
0
0
0
0
0
0
0
0
0
0
0.1045
