17.7824
-0.75426
-0.76346
-0.7649
-0.75136
-0.74199
-0.74199
-0.73483
-0.74199
-0.74199
-0.64353
-0.68414
-0.68843
-0.68843
-0.70963
-0.70654
-0.71887
0
0
-0.55668
-1.5013
0
-4.1481
0
0
0
0
0
0
0
-0.75426
19.4089
-0.7091
-0.72749
-0.68514
-0.68637
-0.68637
-0.66202
-0.68637
-0.68637
-0.59246
-0.62938
-0.63331
-0.63331
-0.65277
-0.6459
-0.65966
0
0
0
-1.506
0
0
0
0
-7.1727
0
0
0
0
-0.76346
-0.7091
29.6869
-0.70744
-0.72131
-0.69106
-0.69106
-0.637
-0.69106
-0.69106
-0.59539
-0.63218
-0.63613
-0.63613
-0.65568
-0.65477
-0.66517
0
0
0
0
0
0
0
-9.4545
0
0
0
0
-9.4545
-0.7649
-0.72749
-0.70744
18.7957
-0.72207
-0.68583
-0.68583
-0.65139
-0.68583
-0.68583
-0.5941
-0.63116
-0.63511
-0.63511
-0.65462
-0.64812
-0.66186
0
-1.0509
0
0
0
0
0
0
0
0
-6.9681
0
0
-0.75136
-0.68514
-0.72131
-0.72207
12.2446
-0.67292
-0.67292
-0.65893
-0.67292
-0.67292
-0.58065
-0.61695
-0.62081
-0.62081
-0.63988
-0.63833
-0.64535
-0.2072
0
0
-1.4441
0
0
0
0
0
0
0
0
0
-0.74199
-0.68637
-0.69106
-0.68583
-0.67292
10.5584
-0.65514
-0.7563
-0.65514
-0.65514
-0.57063
-0.61494
-0.61879
-0.61879
-0.6378
-0.64401
-0.65355
0
0
0
0
0
0
0
0
0
0
0
0
0
-0.74199
-0.68637
-0.69106
-0.68583
-0.67292
-0.65514
10.5584
-0.7563
-0.65514
-0.65514
-0.57063
-0.61494
-0.61879
-0.61879
-0.6378
-0.64401
-0.65355
0
0
0
0
0
0
0
0
0
0
0
0
0
-0.73483
-0.66202
-0.637
-0.65139
-0.65893
-0.7563
-0.7563
16.2951
-0.7563
-0.7563
-0.57074
-0.59312
-0.59683
-0.59683
-0.61517
0
0
0
-1.0117
0
0
0
0
-5.9414
0
0
0
0
0
0
-0.74199
-0.68637
-0.69106
-0.68583
-0.67292
-0.65514
-0.65514
-0.7563
10.5584
-0.65514
-0.57063
-0.61494
-0.61879
-0.61879
-0.6378
-0.64401
-0.65355
0
0
0
0
0
0
0
0
0
0
0
0
0
-0.74199
-0.68637
-0.69106
-0.68583
-0.67292
-0.65514
-0.65514
-0.7563
-0.65514
10.5584
-0.57063
-0.61494
-0.61879
-0.61879
-0.6378
-0.64401
-0.65355
0
0
0
0
0
0
0
0
0
0
0
0
0
-0.64353
-0.59246
-0.59539
-0.5941
-0.58065
-0.57063
-0.57063
-0.57074
-0.57063
-0.57063
8.5653
-0.52948
-0.53282
-0.53282
-0.54928
0
-0.56152
0
0
0
0
0
0
0
0
0
0
0
0
0
-0.68414
-0.62938
-0.63218
-0.63116
-0.61695
-0.61494
-0.61494
-0.59312
-0.61494
-0.61494
-0.52948
8.5269
-0.57764
-0.57764
-0.5954
0
0
0
0
0
0
0
0
0
0
0
0
0
0
0
-0.68843
-0.63331
-0.63613
-0.63511
-0.62081
-0.61879
-0.61879
-0.59683
-0.61879
-0.61879
-0.53282
-0.57764
7.9637
-0.56743
0
0
0
0
0
0
0
0
0
0
0
0
0
0
0
0
-0.68843
-0.63331
-0.63613
-0.63511
-0.62081
-0.61879
-0.61879
-0.59683
-0.61879
-0.61879
-0.53282
-0.57764
-0.56743
7.9637
0
0
0
0
0
0
0
0
0
0
0
0
0
0
0
0
-0.70963
-0.65277
-0.65568
-0.65462
-0.63988
-0.6378
-0.6378
-0.61517
-0.6378
-0.6378
-0.54928
-0.5954
0
0
7.6236
0
0
0
0
0
0
0
0
0
0
0
0
0
0
0
-0.70654
-0.6459
-0.65477
-0.64812
-0.63833
-0.64401
-0.64401
0
-0.64401
-0.64401
0
0
0
0
0
6.369
0
0
0
-0.49928
0
0
0
0
0
0
0
0
0
0
-0.71887
-0.65966
-0.66517
-0.66186
-0.64535
-0.65355
-0.65355
0
-0.65355
-0.65355
-0.56152
0
0
0
0
0
6.5267
0
0
0
0
0
0
0
0
0
0
0
0
0
0
0
0
0
-0.2072
0
0
0
0
0
0
0
0
0
0
0
0
8.3943
0
-0.66689
0
-4.8549
0
0
0
0
0
0
-2.6653
0
0
0
0
-1.0509
0
0
0
-1.0117
0
0
0
0
0
0
0
0
0
0
3.8878
0
0
0
0
0
0
0
-1.8252
0
0
0
-0.55668
0
0
0
0
0
0
0
0
0
0
0
0
0
0
-0.49928
0
-0.66689
0
1.7228
0
0
0
0
0
0
0
0
0
0
-1.5013
-1.506
0
0
-1.4441
0
0
0
0
0
0
0
0
0
0
0
0
0
0
0
4.4513
0
0
0
0
0
0
0
0
0
0
0
0
0
0
0
0
0
0
0
0
0
0
0
0
0
0
-4.8549
0
0
0
5.3915
-0.5366
0
0
0
0
0
0
0
-4.1481
0
0
0
0
0
0
0
0
0
0
0
0
0
0
0
0
0
0
0
0
-0.5366
4.6847
0
0
0
0
0
0
0
0
0
0
0
0
0
0
-5.9414
0
0
0
0
0
0
0
0
0
0
0
0
0
0
0
5.9414
0
0
0
0
0
0
0
0
-9.4545
0
0
0
0
0
0
0
0
0
0
0
0
0
0
0
0
0
0
0
0
0
9.4545
0
0
0
0
0
0
-7.1727
0
0
0
0
0
0
0
0
0
0
0
0
0
0
0
0
0
0
0
0
0
0
0
7.1727
0
0
0
0
0
0
0
0
0
0
0
0
0
0
0
0
0
0
0
0
0
0
-1.8252
0
0
0
0
0
0
0
1.8252
0
0
0
0
0
0
-6.9681
0
0
0
0
0
0
0
0
0
0
0
0
0
0
0
0
0
0
0
0
0
0
0
6.9681
0
0
0
0
0
0
0
0
0
0
0
0
0
0
0
0
0
0
0
-2.6653
0
0
0
0
0
0
0
0
0
0
2.6653
0
0
0
-9.4545
0
0
0
0
0
0
0
0
0
0
0
0
0
0
0
0
0
0
0
0
0
0
0
0
0
0
9.4545
