25.0931
-0.85945
-0.85945
-0.85945
-0.78342
-0.78342
-0.84134
-0.80528
-0.80528
-0.81281
-0.83054
-0.81603
-0.84881
-0.84881
-0.85671
-0.83932
-0.80332
-0.7811
-0.77511
-0.7075
-0.81658
-0.81658
0
0
0
-7.9427
0
0
0
0
-0.85945
25.0931
-0.85945
-0.85945
-0.78342
-0.78342
-0.84134
-0.80528
-0.80528
-0.81281
-0.83054
-0.81603
-0.84881
-0.84881
-0.85671
-0.83932
-0.80332
-0.7811
-0.77511
-0.7075
-0.81658
-0.81658
0
0
0
0
-7.9427
0
0
0
-0.85945
-0.85945
25.0931
-0.85945
-0.78342
-0.78342
-0.84134
-0.80528
-0.80528
-0.81281
-0.83054
-0.81603
-0.84881
-0.84881
-0.85671
-0.83932
-0.80332
-0.7811
-0.77511
-0.7075
-0.81658
-0.81658
0
0
0
0
0
-7.9427
0
0
-0.85945
-0.85945
-0.85945
25.0931
-0.78342
-0.78342
-0.84134
-0.80528
-0.80528
-0.81281
-0.83054
-0.81603
-0.84881
-0.84881
-0.85671
-0.83932
-0.80332
-0.7811
-0.77511
-0.7075
-0.81658
-0.81658
0
-7.9427
0
0
0
0
0
0
-0.78342
-0.78342
-0.78342
-0.78342
15.8203
-0.72217
-0.77149
-0.74058
-0.74058
-0.74635
-0.76077
-0.74848
-0.7762
-0.7762
-0.78285
-0.77676
-0.73769
-0.72822
-0.71358
-0.66962
-0.74753
-0.74753
0
0
0
0
0
0
0
0
-0.78342
-0.78342
-0.78342
-0.78342
-0.72217
15.8203
-0.77149
-0.74058
-0.74058
-0.74635
-0.76077
-0.74848
-0.7762
-0.7762
-0.78285
-0.77676
-0.73769
-0.72822
-0.71358
-0.66962
-0.74753
-0.74753
0
0
0
0
0
0
0
0
-0.84134
-0.84134
-0.84134
-0.84134
-0.77149
-0.77149
21.4387
-0.79911
-0.79911
-0.80708
-0.82461
-0.81029
-0.84262
-0.84262
-0.85041
-0.83556
-0.79775
-0.7787
-0.76979
0
0
0
0
0
0
0
0
0
-6.7726
0
-0.80528
-0.80528
-0.80528
-0.80528
-0.74058
-0.74058
-0.79911
14.0105
-0.75655
-0.76592
-0.78094
-0.76803
-0.79717
-0.79717
-0.80417
-0.80065
-0.7567
-0.75054
-0.73129
0
0
0
0
0
0
0
0
0
0
0
-0.80528
-0.80528
-0.80528
-0.80528
-0.74058
-0.74058
-0.79911
-0.75655
14.0105
-0.76592
-0.78094
-0.76803
-0.79717
-0.79717
-0.80417
-0.80065
-0.7567
-0.75054
-0.73129
0
0
0
0
0
0
0
0
0
0
0
-0.81281
-0.81281
-0.81281
-0.81281
-0.74635
-0.74635
-0.80708
-0.76592
-0.76592
12.6518
-0.79006
-0.77686
-0.80665
-0.80665
-0.81381
-0.80963
-0.76528
0
0
0
0
0
0
0
0
0
0
0
0
0
-0.83054
-0.83054
-0.83054
-0.83054
-0.76077
-0.76077
-0.82461
-0.78094
-0.78094
-0.79006
11.3176
-0.79885
-0.8303
-0.8303
-0.83786
0
0
0
0
0
0
0
0
0
0
0
0
0
0
0
-0.81603
-0.81603
-0.81603
-0.81603
-0.74848
-0.74848
-0.81029
-0.76803
-0.76803
-0.77686
-0.79885
10.271
-0.79393
-0.79393
0
0
0
0
0
0
0
0
0
0
0
0
0
0
0
0
-0.84881
-0.84881
-0.84881
-0.84881
-0.7762
-0.7762
-0.84262
-0.79717
-0.79717
-0.80665
-0.8303
-0.79393
9.8155
0
0
0
0
0
0
0
0
0
0
0
0
0
0
0
0
0
-0.84881
-0.84881
-0.84881
-0.84881
-0.7762
-0.7762
-0.84262
-0.79717
-0.79717
-0.80665
-0.8303
-0.79393
0
9.8155
0
0
0
0
0
0
0
0
0
0
0
0
0
0
0
0
-0.85671
-0.85671
-0.85671
-0.85671
-0.78285
-0.78285
-0.85041
-0.80417
-0.80417
-0.81381
-0.83786
0
0
0
9.1029
0
0
0
0
0
0
0
0
0
0
0
0
0
0
0
-0.83932
-0.83932
-0.83932
-0.83932
-0.77676
-0.77676
-0.83556
-0.80065
-0.80065
-0.80963
0
0
0
0
0
9.4744
0
0
0
0
0
0
0
0
-1.3171
0
0
0
0
0
-0.80332
-0.80332
-0.80332
-0.80332
-0.73769
-0.73769
-0.79775
-0.7567
-0.7567
-0.76528
0
0
0
0
0
0
7.7651
0
0
0
0
0
0
0
0
0
0
0
0
0
-0.7811
-0.7811
-0.7811
-0.7811
-0.72822
-0.72822
-0.7787
-0.75054
-0.75054
0
0
0
0
0
0
0
0
7.3263
0
0
0
0
-0.46571
0
0
0
0
0
0
0
-0.77511
-0.77511
-0.77511
-0.77511
-0.71358
-0.71358
-0.76979
-0.73129
-0.73129
0
0
0
0
0
0
0
0
0
6.76
0
0
0
0
0
0
0
0
0
0
0
-0.7075
-0.7075
-0.7075
-0.7075
-0.66962
-0.66962
0
0
0
0
0
0
0
0
0
0
0
0
0
4.2737
0
0
0
0
0
0
0
0
0
-0.1045
-0.81658
-0.81658
-0.81658
-0.81658
-0.74753
-0.74753
0
0
0
0
0
0
0
0
0
0
0
0
0
0
4.7614
0
0
0
0
0
0
0
0
0
-0.81658
-0.81658
-0.81658
-0.81658
-0.74753
-0.74753
0
0
0
0
0
0
0
0
0
0
0
0
0
0
0
4.7614
0
0
0
0
0
0
0
0
0
0
0
0
0
0
0
0
0
0
0
0
0
0
0
0
0
-0.46571
0
0
0
0
0.46571
0
0
0
0
0
0
0
0
0
0
-7.9427
0
0
0
0
0
0
0
0
0
0
0
0
0
0
0
0
0
0
0
7.9427
0
0
0
0
0
0
0
0
0
0
0
0
0
0
0
0
0
0
0
0
0
-1.3171
0
0
0
0
0
0
0
0
1.3171
0
0
0
0
0
-7.9427
0
0
0
0
0
0
0
0
0
0
0
0
0
0
0
0
0
0
0
0
0
0
0
0
7.9427
0
0
0
0
0
-7.9427
0
0
0
0
0
0
0
0
0
0
0
0
0
0
0
0
0
0
0
0
0
0
0
0
7.9427
0
0
0
0
0
-7.9427
0
0
0
0
0
0
0
0
0
0
0
0
0
0
0
0
0
0
0
0
0
0
0
0
7.9427
0
0
0
0
0
0
0
0
-6.7726
0
0
0
0
0
0
0
0
0
0
0
0
0
0
0
0
0
0
0
0
0
6.7726
0
0
0
0
0
0
0
0
0
0
0
0
0
0
0
0
0
0
0
0
-0.1045
0
0
0
0
0
0
0
0
0
0.1045
