20.8458
-0.3532
-0.34004
-0.34004
-0.34316
-0.35057
-0.35699
-0.33598
-0.31001
-0.31001
-0.5905
0
-0.37063
-0.46634
0
-0.99997
0
0
0
0
0
0
0
0
0
0
0
-7.6892
0
-7.6892
-0.3532
5.7492
-0.33888
-0.33888
-0.34744
-0.37288
-0.3632
-0.36709
-0.30945
-0.30945
-0.68321
0
-0.35283
-0.43775
0
-1.175
0
0
0
0
0
0
0
0
0
0
0
0
0
0
-0.34004
-0.33888
4.2657
-0.28259
-0.31674
-0.34854
-0.33296
-0.3399
-0.28253
-0.28253
-0.66584
0
-0.33294
-0.40219
0
0
0
0
0
0
0
0
0
0
0
0
0
0
0
0
-0.34004
-0.33888
-0.28259
4.2657
-0.31674
-0.34854
-0.33296
-0.3399
-0.28253
-0.28253
-0.66584
0
-0.33294
-0.40219
0
0
0
0
0
0
0
0
0
0
0
0
0
0
0
0
-0.34316
-0.34744
-0.31674
-0.31674
3.5884
-0.34216
-0.31551
-0.31895
-0.27461
-0.27461
0
0
-0.31521
0
-0.42322
0
0
0
0
0
0
0
0
0
0
0
0
0
0
0
-0.35057
-0.37288
-0.34854
-0.34854
-0.34216
7.5527
-0.29621
0
-0.29178
-0.29178
0
-0.39757
0
0
0
0
0
0
0
0
-4.5127
0
0
0
0
0
0
0
0
0
-0.35699
-0.3632
-0.33296
-0.33296
-0.31551
-0.29621
5.0009
-0.32185
-0.31729
-0.31729
0
0
0
0
0
0
0
0
-2.0466
0
0
0
0
0
0
0
0
0
0
0
-0.33598
-0.36709
-0.3399
-0.3399
-0.31895
0
-0.32185
8.3453
-0.29989
-0.29989
0
0
0
0
-0.39762
0
0
0
0
0
0
0
0
0
0
0
0
0
-5.3242
0
-0.31001
-0.30945
-0.28253
-0.28253
-0.27461
-0.29178
-0.31729
-0.29989
2.5024
-0.13434
0
0
0
0
0
0
0
0
0
0
0
0
0
0
0
0
0
0
0
0
-0.31001
-0.30945
-0.28253
-0.28253
-0.27461
-0.29178
-0.31729
-0.29989
-0.13434
2.5024
0
0
0
0
0
0
0
0
0
0
0
0
0
0
0
0
0
0
0
0
-0.5905
-0.68321
-0.66584
-0.66584
0
0
0
0
0
0
8.0537
0
0
0
0
0
0
0
0
-2.3583
0
0
0
0
-3.0901
0
0
0
0
0
0
0
0
0
0
-0.39757
0
0
0
0
0
14.48
0
0
0
0
0
0
-1.9658
0
0
-4.6729
0
-3.0742
0
0
-4.3694
0
0
0
-0.37063
-0.35283
-0.33294
-0.33294
-0.31521
0
0
0
0
0
0
0
1.7045
0
0
0
0
0
0
0
0
0
0
0
0
0
0
0
0
0
-0.46634
-0.43775
-0.40219
-0.40219
0
0
0
0
0
0
0
0
0
1.7085
0
0
0
0
0
0
0
0
0
0
0
0
0
0
0
0
0
0
0
0
-0.42322
0
0
-0.39762
0
0
0
0
0
0
1.8563
0
-0.27008
-0.76536
0
0
0
0
0
0
0
0
0
0
0
0
-0.99997
-1.175
0
0
0
0
0
0
0
0
0
0
0
0
0
5.3963
-0.3315
0
0
0
0
-2.8899
0
0
0
0
0
0
0
0
0
0
0
0
0
0
0
0
0
0
0
0
0
0
-0.27008
-0.3315
0.77146
0
0
0
0
0
0
0
0
-0.16988
0
0
0
0
0
0
0
0
0
0
0
0
0
0
0
0
0
0
-0.76536
0
0
5.9277
0
0
0
0
-3.5095
-1.6528
0
0
0
0
0
0
0
0
0
0
0
0
-2.0466
0
0
0
0
-1.9658
0
0
0
0
0
0
4.6163
0
-0.60387
0
0
0
0
0
0
0
0
0
0
0
0
0
0
0
0
0
0
0
-2.3583
0
0
0
0
0
0
0
0
3.9887
0
0
-1.6304
0
0
0
0
0
0
0
0
0
0
0
0
-4.5127
0
0
0
0
0
0
0
0
0
0
0
0
-0.60387
0
5.1166
0
0
0
0
0
0
0
0
0
0
0
0
0
0
0
0
0
0
0
0
-4.6729
0
0
0
-2.8899
0
0
0
0
0
7.5628
0
0
0
0
0
0
0
0
0
0
0
0
0
0
0
0
0
0
0
0
0
0
0
0
0
-3.5095
0
-1.6304
0
0
5.1398
0
0
0
0
0
0
0
0
0
0
0
0
0
0
0
0
0
0
-3.0742
0
0
0
0
0
-1.6528
0
0
0
0
0
4.727
0
0
0
0
0
0
0
0
0
0
0
0
0
0
0
0
-3.0901
0
0
0
0
0
0
0
0
0
0
0
0
0
3.0901
0
0
0
0
0
0
0
0
0
0
0
0
0
0
0
0
0
0
0
0
0
-0.16988
0
0
0
0
0
0
0
0
0.16988
0
0
0
0
0
0
0
0
0
0
0
0
0
0
0
-4.3694
0
0
0
0
0
0
0
0
0
0
0
0
0
0
4.3694
0
0
0
-7.6892
0
0
0
0
0
0
0
0
0
0
0
0
0
0
0
0
0
0
0
0
0
0
0
0
0
0
7.6892
0
0
0
0
0
0
0
0
0
-5.3242
0
0
0
0
0
0
0
0
0
0
0
0
0
0
0
0
0
0
0
0
5.3242
0
-7.6892
0
0
0
0
0
0
0
0
0
0
0
0
0
0
0
0
0
0
0
0
0
0
0
0
0
0
0
0
7.6892
