37.1482
-0.83161
-0.83176
-0.79171
-0.79171
-0.82262
-0.81254
-0.82597
-0.82597
-0.82597
-0.82597
-0.75796
-0.88713
-0.768
-0.82033
-0.82033
-0.82033
-0.97881
-0.97881
-0.69738
-0.72218
-0.77793
-0.2971
0
0
-9.8181
0
0
-9.8181
0
-0.83161
17.4055
-0.84085
-0.78298
-0.78298
-0.81113
-0.80161
-0.81557
-0.81557
-0.81557
-0.81557
-0.74713
-0.90134
-0.7826
-0.8065
-0.8065
-0.8065
-0.95685
-0.95685
-0.74314
-0.70756
-0.76007
-0.31698
0
0
0
0
0
0
0
-0.83176
-0.84085
26.1509
-0.79777
-0.79777
-0.82801
-0.81808
-0.83229
-0.83229
-0.83229
-0.83229
-0.76214
-0.91419
-0.79172
-0.82387
-0.82387
-0.82387
-0.98093
-0.98093
-0.73405
-0.72267
-0.7774
0
0
0
0
-8.7718
0
0
0
-0.79171
-0.78298
-0.79777
16.255
-0.74276
-0.7695
-0.76069
-0.77367
-0.77367
-0.77367
-0.77367
-0.70992
-0.85617
-0.74681
-0.7645
-0.7645
-0.7645
-0.90151
-0.90151
-0.71204
-0.67253
-0.72091
0
0
0
0
0
0
0
0
-0.79171
-0.78298
-0.79777
-0.74276
16.255
-0.7695
-0.76069
-0.77367
-0.77367
-0.77367
-0.77367
-0.70992
-0.85617
-0.74681
-0.7645
-0.7645
-0.7645
-0.90151
-0.90151
-0.71204
-0.67253
-0.72091
0
0
0
0
0
0
0
0
-0.82262
-0.81113
-0.82801
-0.7695
-0.7695
15.3786
-0.79004
-0.80441
-0.80441
-0.80441
-0.80441
-0.73596
-0.89527
-0.77956
-0.79397
-0.79397
-0.79397
-0.93992
-0.93992
0
-0.69765
0
0
0
0
0
0
0
0
0
-0.81254
-0.80161
-0.81808
-0.76069
-0.76069
-0.79004
14.5152
-0.79544
-0.79544
-0.79544
-0.79544
-0.72714
-0.8821
-0.76963
-0.78448
-0.78448
-0.78448
-0.92874
-0.92874
0
0
0
0
0
0
0
0
0
0
0
-0.82597
-0.81557
-0.83229
-0.77367
-0.77367
-0.80441
-0.79544
12.832
-0.78625
-0.78625
-0.78625
-0.73926
-0.90788
-0.79181
-0.80444
-0.80444
-0.80444
0
0
0
0
0
0
0
0
0
0
0
0
0
-0.82597
-0.81557
-0.83229
-0.77367
-0.77367
-0.80441
-0.79544
-0.78625
12.832
-0.78625
-0.78625
-0.73926
-0.90788
-0.79181
-0.80444
-0.80444
-0.80444
0
0
0
0
0
0
0
0
0
0
0
0
0
-0.82597
-0.81557
-0.83229
-0.77367
-0.77367
-0.80441
-0.79544
-0.78625
-0.78625
12.832
-0.78625
-0.73926
-0.90788
-0.79181
-0.80444
-0.80444
-0.80444
0
0
0
0
0
0
0
0
0
0
0
0
0
-0.82597
-0.81557
-0.83229
-0.77367
-0.77367
-0.80441
-0.79544
-0.78625
-0.78625
-0.78625
12.832
-0.73926
-0.90788
-0.79181
-0.80444
-0.80444
-0.80444
0
0
0
0
0
0
0
0
0
0
0
0
0
-0.75796
-0.74713
-0.76214
-0.70992
-0.70992
-0.73596
-0.72714
-0.73926
-0.73926
-0.73926
-0.73926
10.9966
-0.76304
0
-0.70879
-0.70879
-0.70879
0
0
0
0
0
0
0
0
0
0
0
0
0
-0.88713
-0.90134
-0.91419
-0.85617
-0.85617
-0.89527
-0.8821
-0.90788
-0.90788
-0.90788
-0.90788
-0.76304
16.1741
0
0
0
0
0
0
0
0
0
0
-5.5871
0
0
0
0
0
0
-0.768
-0.7826
-0.79172
-0.74681
-0.74681
-0.77956
-0.76963
-0.79181
-0.79181
-0.79181
-0.79181
0
0
13.3293
0
0
0
0
0
0
0
0
0
0
-4.7769
0
0
0
0
0
-0.82033
-0.8065
-0.82387
-0.7645
-0.7645
-0.79397
-0.78448
-0.80444
-0.80444
-0.80444
-0.80444
-0.70879
0
0
9.4847
0
0
0
0
0
0
0
0
0
0
0
0
0
0
0
-0.82033
-0.8065
-0.82387
-0.7645
-0.7645
-0.79397
-0.78448
-0.80444
-0.80444
-0.80444
-0.80444
-0.70879
0
0
0
9.4847
0
0
0
0
0
0
0
0
0
0
0
0
0
0
-0.82033
-0.8065
-0.82387
-0.7645
-0.7645
-0.79397
-0.78448
-0.80444
-0.80444
-0.80444
-0.80444
-0.70879
0
0
0
0
9.4847
0
0
0
0
0
0
0
0
0
0
0
0
0
-0.97881
-0.95685
-0.98093
-0.90151
-0.90151
-0.93992
-0.92874
0
0
0
0
0
0
0
0
0
0
6.5883
0
0
0
0
0
0
0
0
0
0
0
0
-0.97881
-0.95685
-0.98093
-0.90151
-0.90151
-0.93992
-0.92874
0
0
0
0
0
0
0
0
0
0
0
6.5883
0
0
0
0
0
0
0
0
0
0
0
-0.69738
-0.74314
-0.73405
-0.71204
-0.71204
0
0
0
0
0
0
0
0
0
0
0
0
0
0
3.7031
0
0
0
0
0
0
0
-0.1045
0
0
-0.72218
-0.70756
-0.72267
-0.67253
-0.67253
-0.69765
0
0
0
0
0
0
0
0
0
0
0
0
0
0
4.1951
0
0
0
0
0
0
0
0
0
-0.77793
-0.76007
-0.7774
-0.72091
-0.72091
0
0
0
0
0
0
0
0
0
0
0
0
0
0
0
0
3.7572
0
0
0
0
0
0
0
0
-0.2971
-0.31698
0
0
0
0
0
0
0
0
0
0
0
0
0
0
0
0
0
0
0
0
0.75754
0
0
0
0
0
0
-0.14346
0
0
0
0
0
0
0
0
0
0
0
0
-5.5871
0
0
0
0
0
0
0
0
0
0
5.5871
0
0
0
0
0
0
0
0
0
0
0
0
0
0
0
0
0
0
0
-4.7769
0
0
0
0
0
0
0
0
0
0
4.7769
0
0
0
0
0
-9.8181
0
0
0
0
0
0
0
0
0
0
0
0
0
0
0
0
0
0
0
0
0
0
0
0
9.8181
0
0
0
0
0
0
-8.7718
0
0
0
0
0
0
0
0
0
0
0
0
0
0
0
0
0
0
0
0
0
0
0
8.7718
0
0
0
0
0
0
0
0
0
0
0
0
0
0
0
0
0
0
0
0
0
0
-0.1045
0
0
0
0
0
0
0
0.1045
0
0
-9.8181
0
0
0
0
0
0
0
0
0
0
0
0
0
0
0
0
0
0
0
0
0
0
0
0
0
0
0
9.8181
0
0
0
0
0
0
0
0
0
0
0
0
0
0
0
0
0
0
0
0
0
0
0
-0.14346
0
0
0
0
0
0
0.14346
