24.224
-0.75407
-0.75407
-0.68342
-0.68342
-0.72364
-0.69784
-0.69784
-0.74903
-0.75134
-0.72005
-0.69445
-0.69445
-0.74131
-0.74473
-0.74473
-0.66735
-0.84721
-0.60157
-0.59408
0
0
0
0
0
0
-10.6794
0
0
0
-0.75407
24.224
-0.75407
-0.68342
-0.68342
-0.72364
-0.69784
-0.69784
-0.74903
-0.75134
-0.72005
-0.69445
-0.69445
-0.74131
-0.74473
-0.74473
-0.66735
-0.84721
-0.60157
-0.59408
0
0
-10.6794
0
0
0
0
0
0
0
-0.75407
-0.75407
24.224
-0.68342
-0.68342
-0.72364
-0.69784
-0.69784
-0.74903
-0.75134
-0.72005
-0.69445
-0.69445
-0.74131
-0.74473
-0.74473
-0.66735
-0.84721
-0.60157
-0.59408
0
-10.6794
0
0
0
0
0
0
0
0
-0.68342
-0.68342
-0.68342
12.4436
-0.62634
-0.66161
-0.63936
-0.63936
-0.68057
-0.68324
-0.6588
-0.6357
-0.6357
-0.67502
-0.68154
-0.68154
-0.61209
-0.76913
-0.55506
-0.55829
0
0
0
0
0
0
0
0
0
0
-0.68342
-0.68342
-0.68342
-0.62634
12.4436
-0.66161
-0.63936
-0.63936
-0.68057
-0.68324
-0.6588
-0.6357
-0.6357
-0.67502
-0.68154
-0.68154
-0.61209
-0.76913
-0.55506
-0.55829
0
0
0
0
0
0
0
0
0
0
-0.72364
-0.72364
-0.72364
-0.66161
-0.66161
11.7513
-0.67515
-0.67515
-0.72548
-0.7289
-0.69823
-0.67245
-0.67245
-0.71576
-0.72917
-0.72917
-0.64589
0
-0.58941
0
0
0
0
0
0
0
0
0
0
0
-0.69784
-0.69784
-0.69784
-0.63936
-0.63936
-0.67515
10.7683
-0.64184
-0.69614
-0.69989
-0.67187
-0.64875
-0.64875
-0.68926
-0.70031
-0.70031
-0.6238
0
0
0
0
0
0
0
0
0
0
0
0
0
-0.69784
-0.69784
-0.69784
-0.63936
-0.63936
-0.67515
-0.64184
10.7683
-0.69614
-0.69989
-0.67187
-0.64875
-0.64875
-0.68926
-0.70031
-0.70031
-0.6238
0
0
0
0
0
0
0
0
0
0
0
0
0
-0.74903
-0.74903
-0.74903
-0.68057
-0.68057
-0.72548
-0.69614
-0.69614
16.6413
-0.76469
-0.72498
-0.69446
-0.69446
-0.77343
0
0
0
0
0
0
0
0
0
0
0
0
0
0
0
-7.2633
-0.75134
-0.75134
-0.75134
-0.68324
-0.68324
-0.7289
-0.69989
-0.69989
-0.76469
15.1636
-0.73242
-0.67955
-0.67955
0
0
0
0
0
0
0
0
0
0
0
0
0
0
-6.5582
0
0
-0.72005
-0.72005
-0.72005
-0.6588
-0.6588
-0.69823
-0.67187
-0.67187
-0.72498
-0.73242
8.5776
-0.65326
-0.65326
0
0
0
0
0
0
0
-0.29399
0
0
0
0
0
0
0
0
0
-0.69445
-0.69445
-0.69445
-0.6357
-0.6357
-0.67245
-0.64875
-0.64875
-0.69446
-0.67955
-0.65326
7.9477
-0.59577
0
0
0
0
0
0
0
0
0
0
0
0
0
0
0
0
0
-0.69445
-0.69445
-0.69445
-0.6357
-0.6357
-0.67245
-0.64875
-0.64875
-0.69446
-0.67955
-0.65326
-0.59577
7.9477
0
0
0
0
0
0
0
0
0
0
0
0
0
0
0
0
0
-0.74131
-0.74131
-0.74131
-0.67502
-0.67502
-0.71576
-0.68926
-0.68926
-0.77343
0
0
0
0
6.4417
0
0
0
0
0
0
0
0
0
0
0
0
0
0
0
0
-0.74473
-0.74473
-0.74473
-0.68154
-0.68154
-0.72917
-0.70031
-0.70031
0
0
0
0
0
0
7.6638
0
0
0
0
0
0
0
0
-1.9367
0
0
0
0
0
0
-0.74473
-0.74473
-0.74473
-0.68154
-0.68154
-0.72917
-0.70031
-0.70031
0
0
0
0
0
0
0
7.6638
0
0
0
0
0
0
0
0
-1.9367
0
0
0
0
0
-0.66735
-0.66735
-0.66735
-0.61209
-0.61209
-0.64589
-0.6238
-0.6238
0
0
0
0
0
0
0
0
5.1197
0
0
0
0
0
0
0
0
0
0
0
0
0
-0.84721
-0.84721
-0.84721
-0.76913
-0.76913
0
0
0
0
0
0
0
0
0
0
0
0
4.4886
0
0
-0.40874
0
0
0
0
0
0
0
0
0
-0.60157
-0.60157
-0.60157
-0.55506
-0.55506
-0.58941
0
0
0
0
0
0
0
0
0
0
0
0
3.5043
0
0
0
0
0
0
0
0
0
0
0
-0.59408
-0.59408
-0.59408
-0.55829
-0.55829
0
0
0
0
0
0
0
0
0
0
0
0
0
0
3.0033
0
0
0
0
0
-0.1045
0
0
0
0
0
0
0
0
0
0
0
0
0
0
-0.29399
0
0
0
0
0
0
-0.40874
0
0
0.92724
0
0
0
0
0
0
0
-0.22451
0
0
0
-10.6794
0
0
0
0
0
0
0
0
0
0
0
0
0
0
0
0
0
0
10.6794
0
0
0
0
0
0
0
0
0
-10.6794
0
0
0
0
0
0
0
0
0
0
0
0
0
0
0
0
0
0
0
0
10.6794
0
0
0
0
0
0
0
0
0
0
0
0
0
0
0
0
0
0
0
0
0
-1.9367
0
0
0
0
0
0
0
0
1.9367
0
0
0
0
0
0
0
0
0
0
0
0
0
0
0
0
0
0
0
0
0
-1.9367
0
0
0
0
0
0
0
0
1.9367
0
0
0
0
0
0
0
0
0
0
0
0
0
0
0
0
0
0
0
0
0
0
0
0
-0.1045
0
0
0
0
0
0.1045
0
0
0
0
-10.6794
0
0
0
0
0
0
0
0
0
0
0
0
0
0
0
0
0
0
0
0
0
0
0
0
0
10.6794
0
0
0
0
0
0
0
0
0
0
0
0
-6.5582
0
0
0
0
0
0
0
0
0
0
0
0
0
0
0
0
0
6.5582
0
0
0
0
0
0
0
0
0
0
0
0
0
0
0
0
0
0
0
0
0
0
-0.22451
0
0
0
0
0
0
0
0.22451
0
0
0
0
0
0
0
0
0
-7.2633
0
0
0
0
0
0
0
0
0
0
0
0
0
0
0
0
0
0
0
0
7.2633
