31.3153
-0.51065
-0.52566
-0.50091
-0.52497
-0.54737
-0.52875
-0.54196
-0.48241
-0.51782
-0.48643
-0.51782
-0.5546
-0.4858
-0.53685
-0.478
-0.53685
-0.57322
-0.57322
0
0
0
0
0
0
-10.946
0
-10.946
0
0
-0.51065
9.1775
-0.50064
-0.47657
-0.49935
-0.52072
-0.50303
-0.51866
-0.47691
-0.4937
-0.47279
-0.4937
-0.52076
-0.47135
-0.50143
-0.47034
-0.50143
-0.52859
-0.52859
-0.1883
0
0
0
0
0
0
0
0
0
0
-0.52566
-0.50064
18.4679
-0.48813
-0.51416
-0.53356
-0.51487
-0.53316
-0.4841
-0.50473
-0.47528
-0.50473
-0.53559
-0.48332
-0.51705
-0.47964
-0.51705
-0.54744
-0.54744
0
0
0
0
0
-9.2614
0
0
0
0
0
-0.50091
-0.47657
-0.48813
8.795
-0.48814
-0.50788
-0.49042
-0.50686
-0.46836
-0.48123
-0.45478
-0.48123
-0.5076
-0.46436
-0.49005
-0.465
-0.49005
-0.51672
-0.51672
0
0
0
0
0
0
0
0
0
0
0
-0.52497
-0.49935
-0.51416
-0.48814
15.6061
-0.53065
-0.51114
-0.53087
-0.48335
-0.50106
-0.47204
-0.50106
-0.52889
-0.48317
-0.51949
0
-0.51949
0
0
0
0
0
-7.9982
0
0
0
0
0
0
0
-0.54737
-0.52072
-0.53356
-0.50788
-0.53065
6.8272
-0.52876
-0.55561
-0.51734
-0.51859
-0.49374
-0.51859
-0.54697
-0.5074
0
0
0
0
0
0
0
0
0
0
0
0
0
0
0
0
-0.52875
-0.50303
-0.51487
-0.49042
-0.51114
-0.52876
6.0919
-0.51876
-0.50439
-0.49224
-0.47357
-0.49224
-0.5337
0
0
0
0
0
0
0
0
0
0
0
0
0
0
0
0
0
-0.54196
-0.51866
-0.53316
-0.50686
-0.53087
-0.55561
-0.51876
11.1561
-0.51053
-0.50675
-0.48514
-0.50675
0
0
0
0
0
0
0
0
0
0
0
0
0
0
-5.4411
0
0
0
-0.48241
-0.47691
-0.4841
-0.46836
-0.48335
-0.51734
-0.50439
-0.51053
20.8997
-0.48766
0
-0.48766
0
0
0
0
0
0
0
0
0
0
0
0
0
0
0
0
-7.9985
-7.9985
-0.51782
-0.4937
-0.50473
-0.48123
-0.50106
-0.51859
-0.49224
-0.50675
-0.48766
5.4251
-0.45246
-0.46881
0
0
0
0
0
0
0
0
0
0
0
0
0
0
0
0
0
0
-0.48643
-0.47279
-0.47528
-0.45478
-0.47204
-0.49374
-0.47357
-0.48514
0
-0.45246
4.9177
-0.45246
0
0
0
0
0
0
0
-0.19899
0
0
0
0
0
0
0
0
0
0
-0.51782
-0.4937
-0.50473
-0.48123
-0.50106
-0.51859
-0.49224
-0.50675
-0.48766
-0.46881
-0.45246
5.4251
0
0
0
0
0
0
0
0
0
0
0
0
0
0
0
0
0
0
-0.5546
-0.52076
-0.53559
-0.5076
-0.52889
-0.54697
-0.5337
0
0
0
0
0
3.7281
0
0
0
0
0
0
0
0
0
0
0
0
0
0
0
0
0
-0.4858
-0.47135
-0.48332
-0.46436
-0.48317
-0.5074
0
0
0
0
0
0
0
3.1378
0
0
0
0
0
0
0
0
0
-0.24243
0
0
0
0
0
0
-0.53685
-0.50143
-0.51705
-0.49005
-0.51949
0
0
0
0
0
0
0
0
0
2.5649
0
0
0
0
0
0
0
0
0
0
0
0
0
0
0
-0.478
-0.47034
-0.47964
-0.465
0
0
0
0
0
0
0
0
0
0
0
1.9975
0
0
0
0
-0.1045
0
0
0
0
0
0
0
0
0
-0.53685
-0.50143
-0.51705
-0.49005
-0.51949
0
0
0
0
0
0
0
0
0
0
0
2.5649
0
0
0
0
0
0
0
0
0
0
0
0
0
-0.57322
-0.52859
-0.54744
-0.51672
0
0
0
0
0
0
0
0
0
0
0
0
0
2.166
0
0
0
0
0
0
0
0
0
0
0
0
-0.57322
-0.52859
-0.54744
-0.51672
0
0
0
0
0
0
0
0
0
0
0
0
0
0
2.166
0
0
0
0
0
0
0
0
0
0
0
0
-0.1883
0
0
0
0
0
0
0
0
-0.19899
0
0
0
0
0
0
0
0
0.51053
0
-0.12324
0
0
0
0
0
0
0
0
0
0
0
0
0
0
0
0
0
0
0
0
0
0
0
-0.1045
0
0
0
0
0.1045
0
0
0
0
0
0
0
0
0
0
0
0
0
0
0
0
0
0
0
0
0
0
0
0
0
0
0
0
-0.12324
0
0.12324
0
0
0
0
0
0
0
0
0
0
0
0
-7.9982
0
0
0
0
0
0
0
0
0
0
0
0
0
0
0
0
0
7.9982
0
0
0
0
0
0
0
0
0
0
0
0
0
0
0
0
0
0
0
0
-0.24243
0
0
0
0
0
0
0
0
0
0.24243
0
0
0
0
0
0
0
0
-9.2614
0
0
0
0
0
0
0
0
0
0
0
0
0
0
0
0
0
0
0
0
0
9.2614
0
0
0
0
0
-10.946
0
0
0
0
0
0
0
0
0
0
0
0
0
0
0
0
0
0
0
0
0
0
0
0
10.946
0
0
0
0
0
0
0
0
0
0
0
-5.4411
0
0
0
0
0
0
0
0
0
0
0
0
0
0
0
0
0
0
5.4411
0
0
0
-10.946
0
0
0
0
0
0
0
0
0
0
0
0
0
0
0
0
0
0
0
0
0
0
0
0
0
0
10.946
0
0
0
0
0
0
0
0
0
0
-7.9985
0
0
0
0
0
0
0
0
0
0
0
0
0
0
0
0
0
0
0
7.9985
0
0
0
0
0
0
0
0
0
-7.9985
0
0
0
0
0
0
0
0
0
0
0
0
0
0
0
0
0
0
0
0
7.9985
