21.6135
-0.59618
-0.60439
-0.55724
-0.55724
-0.56638
-0.60379
-0.63459
-0.57357
-0.57357
-0.57357
-0.55659
-0.56476
-0.66739
-0.59589
-0.59589
0
0
0
0
0
0
0
0
0
-12.7925
0
0
0
0
-0.59618
8.5538
-0.57193
-0.52796
-0.52796
-0.53848
-0.56482
-0.59131
-0.54384
-0.54384
-0.54384
-0.52124
-0.53717
-0.62176
-0.5564
-0.5564
0
0
0
-0.21066
0
0
0
0
0
0
0
0
0
0
-0.60439
-0.57193
9.2591
-0.52988
-0.52988
-0.52921
-0.55996
-0.59392
-0.54192
-0.54192
-0.54192
-0.52409
-0.53434
-0.63964
-0.56259
-0.56259
-0.89085
0
0
0
0
0
0
0
0
0
0
0
0
0
-0.55724
-0.52796
-0.52988
7.7413
-0.48406
-0.49157
-0.51652
-0.54337
-0.50238
-0.50238
-0.50238
-0.48022
-0.49301
-0.57675
-0.51682
-0.51682
0
0
0
0
0
0
0
0
0
0
0
0
0
0
-0.55724
-0.52796
-0.52988
-0.48406
7.7413
-0.49157
-0.51652
-0.54337
-0.50238
-0.50238
-0.50238
-0.48022
-0.49301
-0.57675
-0.51682
-0.51682
0
0
0
0
0
0
0
0
0
0
0
0
0
0
-0.56638
-0.53848
-0.52921
-0.49157
-0.49157
7.0513
-0.49013
-0.52935
-0.49732
-0.49732
-0.49732
-0.47341
-0.4817
0
0
0
-0.76586
0
0
-0.2017
0
0
0
0
0
0
0
0
0
0
-0.60379
-0.56482
-0.55996
-0.51652
-0.51652
-0.49013
30.9988
-0.56188
-0.53051
-0.53051
-0.53051
0
0
0
0
0
-0.80375
-0.64237
0
0
0
0
0
0
0
0
0
-12.0738
-12.0738
0
-0.63459
-0.59131
-0.59392
-0.54337
-0.54337
-0.52935
-0.56188
17.1378
-0.57278
-0.57278
-0.57278
-0.53022
-0.53534
0
0
0
0
0
0
0
0
0
0
0
-10.3561
0
0
0
0
0
-0.57357
-0.54384
-0.54192
-0.50238
-0.50238
-0.49732
-0.53051
-0.57278
6.2213
-0.50126
-0.50126
-0.47084
-0.48321
0
0
0
0
0
0
0
0
0
0
0
0
0
0
0
0
0
-0.57357
-0.54384
-0.54192
-0.50238
-0.50238
-0.49732
-0.53051
-0.57278
-0.50126
6.2213
-0.50126
-0.47084
-0.48321
0
0
0
0
0
0
0
0
0
0
0
0
0
0
0
0
0
-0.57357
-0.54384
-0.54192
-0.50238
-0.50238
-0.49732
-0.53051
-0.57278
-0.50126
-0.50126
6.2213
-0.47084
-0.48321
0
0
0
0
0
0
0
0
0
0
0
0
0
0
0
0
0
-0.55659
-0.52124
-0.52409
-0.48022
-0.48022
-0.47341
0
-0.53022
-0.47084
-0.47084
-0.47084
8.3639
0
0
0
0
0
0
0
0
0
-3.3854
0
0
0
0
0
0
0
0
-0.56476
-0.53717
-0.53434
-0.49301
-0.49301
-0.4817
0
-0.53534
-0.48321
-0.48321
-0.48321
0
5.089
0
0
0
0
0
0
0
0
0
0
0
0
0
0
0
0
0
-0.66739
-0.62176
-0.63964
-0.57675
-0.57675
0
0
0
0
0
0
0
0
6.7257
0
0
0
0
-0.16533
0
-3.4781
0
0
0
0
0
0
0
0
0
-0.59589
-0.5564
-0.56259
-0.51682
-0.51682
0
0
0
0
0
0
0
0
0
3.4488
0
0
0
0
0
0
0
0
0
0
0
-0.70026
0
0
0
-0.59589
-0.5564
-0.56259
-0.51682
-0.51682
0
0
0
0
0
0
0
0
0
0
3.4488
0
0
0
0
0
0
0
0
0
0
0
0
0
-0.70026
0
0
-0.89085
0
0
-0.76586
-0.80375
0
0
0
0
0
0
0
0
0
3.0805
-0.62
0
0
0
0
0
0
0
0
0
0
0
0
0
0
0
0
0
0
-0.64237
0
0
0
0
0
0
0
0
0
-0.62
1.9962
-0.73379
0
0
0
0
0
0
0
0
0
0
0
0
0
0
0
0
0
0
0
0
0
0
0
0
-0.16533
0
0
0
-0.73379
1.3046
0
0
0
-0.40549
0
0
0
0
0
0
0
0
-0.21066
0
0
0
-0.2017
0
0
0
0
0
0
0
0
0
0
0
0
0
0.51685
0
0
0
-0.1045
0
0
0
0
0
0
0
0
0
0
0
0
0
0
0
0
0
0
0
-3.4781
0
0
0
0
0
0
4.0756
-0.59745
0
0
0
0
0
0
0
0
0
0
0
0
0
0
0
0
0
0
0
-3.3854
0
0
0
0
0
0
0
0
-0.59745
3.9829
0
0
0
0
0
0
0
0
0
0
0
0
0
0
0
0
0
0
0
0
0
0
0
0
0
0
-0.40549
0
0
0
0.40549
0
0
0
0
0
0
0
0
0
0
0
0
0
0
0
0
0
0
0
0
0
0
0
0
0
0
-0.1045
0
0
0
0.1045
0
0
0
0
0
0
0
0
0
0
0
0
0
-10.3561
0
0
0
0
0
0
0
0
0
0
0
0
0
0
0
0
10.3561
0
0
0
0
0
-12.7925
0
0
0
0
0
0
0
0
0
0
0
0
0
0
0
0
0
0
0
0
0
0
0
0
12.7925
0
0
0
0
0
0
0
0
0
0
0
0
0
0
0
0
0
0
-0.70026
0
0
0
0
0
0
0
0
0
0
0
0.70026
0
0
0
0
0
0
0
0
0
-12.0738
0
0
0
0
0
0
0
0
0
0
0
0
0
0
0
0
0
0
0
0
12.0738
0
0
0
0
0
0
0
0
-12.0738
0
0
0
0
0
0
0
0
0
0
0
0
0
0
0
0
0
0
0
0
0
12.0738
0
0
0
0
0
0
0
0
0
0
0
0
0
0
0
0
-0.70026
0
0
0
0
0
0
0
0
0
0
0
0
0
0.70026
