26.612
-0.92764
-0.89364
-0.88611
-0.85546
-0.85546
-0.84819
-0.85567
-0.93039
-0.9369
-0.87993
-0.87993
-0.83897
-0.83897
-0.83897
-0.88594
-0.93293
-0.95073
-0.82159
-0.80888
-0.90423
0
0
-1.4601
-7.5814
0
0
0
0
0
-0.92764
26.612
-0.89364
-0.88611
-0.85546
-0.85546
-0.84819
-0.85567
-0.93039
-0.9369
-0.87993
-0.87993
-0.83897
-0.83897
-0.83897
-0.88594
-0.93293
-0.95073
-0.82159
-0.80888
-0.90423
0
0
-1.4601
0
0
0
-7.5814
0
0
-0.89364
-0.89364
24.1143
-0.85819
-0.82352
-0.82352
-0.81672
-0.82396
-0.89136
-0.90045
-0.84628
-0.84628
-0.80734
-0.80734
-0.80734
-0.85199
-0.90949
-0.91365
-0.79096
-0.77754
-0.86927
0
0
0
0
-7.1618
0
0
0
0
-0.88611
-0.88611
-0.85819
18.4819
-0.81325
-0.81325
-0.80666
-0.81208
-0.89128
-0.88757
-0.8345
-0.8345
-0.79626
-0.79626
-0.79626
-0.8401
-0.88754
-0.89897
-0.77863
-0.79599
-0.85477
0
-1.7137
0
0
0
0
0
0
0
-0.85546
-0.85546
-0.82352
-0.81325
16.1805
-0.78104
-0.77707
-0.78219
-0.8565
-0.85334
-0.8028
-0.8028
-0.76639
-0.76639
-0.76639
-0.80813
-0.86775
-0.86386
-0.74939
-0.76754
-0.82122
0
0
0
0
0
0
0
0
0
-0.85546
-0.85546
-0.82352
-0.81325
-0.78104
16.1805
-0.77707
-0.78219
-0.8565
-0.85334
-0.8028
-0.8028
-0.76639
-0.76639
-0.76639
-0.80813
-0.86775
-0.86386
-0.74939
-0.76754
-0.82122
0
0
0
0
0
0
0
0
0
-0.84819
-0.84819
-0.81672
-0.80666
-0.77707
-0.77707
15.22
-0.77455
-0.8459
-0.84502
-0.79484
-0.79484
-0.75889
-0.75889
-0.75889
-0.8001
-0.85763
-0.85505
-0.74194
-0.75962
0
0
0
0
0
0
0
0
0
0
-0.85567
-0.85567
-0.82396
-0.81208
-0.78219
-0.78219
-0.77455
14.5629
-0.85292
-0.85183
-0.80047
-0.80047
-0.7642
-0.7642
-0.7642
-0.80578
-0.86348
-0.86074
-0.74829
0
0
0
0
0
0
0
0
0
0
0
-0.93039
-0.93039
-0.89136
-0.89128
-0.8565
-0.8565
-0.8459
-0.85292
18.7215
-0.98757
-0.89217
-0.89217
-0.85046
-0.85046
-0.85046
-0.89828
0
0
0
0
0
0
0
0
0
0
-5.4446
0
0
0
-0.9369
-0.9369
-0.90045
-0.88757
-0.85334
-0.85334
-0.84502
-0.85183
-0.98757
14.2088
-0.88562
-0.88562
-0.84431
-0.84431
-0.84431
-0.89168
0
-0.95999
0
0
0
0
0
0
0
0
0
0
0
0
-0.87993
-0.87993
-0.84628
-0.8345
-0.8028
-0.8028
-0.79484
-0.80047
-0.89217
-0.88562
12.4056
-0.81855
-0.78123
-0.78123
-0.78123
-0.82401
0
0
0
0
0
0
0
0
0
0
0
0
0
0
-0.87993
-0.87993
-0.84628
-0.8345
-0.8028
-0.8028
-0.79484
-0.80047
-0.89217
-0.88562
-0.81855
12.4056
-0.78123
-0.78123
-0.78123
-0.82401
0
0
0
0
0
0
0
0
0
0
0
0
0
0
-0.83897
-0.83897
-0.80734
-0.79626
-0.76639
-0.76639
-0.75889
-0.7642
-0.85046
-0.84431
-0.78123
-0.78123
11.0173
-0.71131
-0.71131
0
0
0
0
0
0
0
0
0
0
0
0
0
0
0
-0.83897
-0.83897
-0.80734
-0.79626
-0.76639
-0.76639
-0.75889
-0.7642
-0.85046
-0.84431
-0.78123
-0.78123
-0.71131
11.0173
-0.71131
0
0
0
0
0
0
0
0
0
0
0
0
0
0
0
-0.83897
-0.83897
-0.80734
-0.79626
-0.76639
-0.76639
-0.75889
-0.7642
-0.85046
-0.84431
-0.78123
-0.78123
-0.71131
-0.71131
11.0173
0
0
0
0
0
0
0
0
0
0
0
0
0
0
0
-0.88594
-0.88594
-0.85199
-0.8401
-0.80813
-0.80813
-0.8001
-0.80578
-0.89828
-0.89168
-0.82401
-0.82401
0
0
0
10.1241
0
0
0
0
0
0
0
0
0
0
0
0
0
0
-0.93293
-0.93293
-0.90949
-0.88754
-0.86775
-0.86775
-0.85763
-0.86348
0
0
0
0
0
0
0
0
9.3534
0
0
0
0
-0.68622
-1.5477
0
0
0
0
0
0
0
-0.95073
-0.95073
-0.91365
-0.89897
-0.86386
-0.86386
-0.85505
-0.86074
0
-0.95999
0
0
0
0
0
0
0
8.1176
0
0
0
0
0
0
0
0
0
0
0
0
-0.82159
-0.82159
-0.79096
-0.77863
-0.74939
-0.74939
-0.74194
-0.74829
0
0
0
0
0
0
0
0
0
0
6.2018
0
0
0
0
0
0
0
0
0
0
0
-0.80888
-0.80888
-0.77754
-0.79599
-0.76754
-0.76754
-0.75962
0
0
0
0
0
0
0
0
0
0
0
0
5.5905
0
0
0
0
0
0
0
0
-0.1045
0
-0.90423
-0.90423
-0.86927
-0.85477
-0.82122
-0.82122
0
0
0
0
0
0
0
0
0
0
0
0
0
0
5.1749
0
0
0
0
0
0
0
0
0
0
0
0
0
0
0
0
0
0
0
0
0
0
0
0
0
-0.68622
0
0
0
0
3.6556
-0.91541
0
0
0
0
0
0
-2.054
0
0
0
-1.7137
0
0
0
0
0
0
0
0
0
0
0
0
-1.5477
0
0
0
0
-0.91541
4.1768
0
0
0
0
0
0
0
-1.4601
-1.4601
0
0
0
0
0
0
0
0
0
0
0
0
0
0
0
0
0
0
0
0
0
2.9202
0
0
0
0
0
0
-7.5814
0
0
0
0
0
0
0
0
0
0
0
0
0
0
0
0
0
0
0
0
0
0
0
7.5814
0
0
0
0
0
0
0
-7.1618
0
0
0
0
0
0
0
0
0
0
0
0
0
0
0
0
0
0
0
0
0
0
7.1618
0
0
0
0
0
0
0
0
0
0
0
0
-5.4446
0
0
0
0
0
0
0
0
0
0
0
0
0
0
0
0
0
5.4446
0
0
0
0
-7.5814
0
0
0
0
0
0
0
0
0
0
0
0
0
0
0
0
0
0
0
0
0
0
0
0
0
7.5814
0
0
0
0
0
0
0
0
0
0
0
0
0
0
0
0
0
0
0
0
0
-0.1045
0
0
0
0
0
0
0
0
0.1045
0
0
0
0
0
0
0
0
0
0
0
0
0
0
0
0
0
0
0
0
0
0
-2.054
0
0
0
0
0
0
0
2.054
