15.0201
-0.53023
-0.47829
-0.48086
-0.48487
-0.4433
-0.4433
-0.43897
-0.46316
-0.46316
-0.56262
-0.47928
-0.43557
0
0
0
0
0
0
-2.0299
-2.5095
0
0
0
0
-4.7771
0
0
0
0
-0.53023
17.6421
-0.47885
-0.50365
-0.4803
-0.44909
-0.44909
-0.43598
-0.46809
-0.46809
-0.58387
-0.48438
-0.44136
0
0
-2.6601
0
0
0
0
0
-4.4562
0
0
0
0
0
0
-4.7529
0
-0.47829
-0.47885
10.1593
-0.48073
-0.4682
-0.43012
-0.43012
-0.42633
-0.44998
-0.44998
-0.52835
-0.46565
-0.42381
-0.6336
0
0
0
0
0
0
0
0
0
0
0
0
0
-4.0153
0
0
-0.48086
-0.50365
-0.48073
7.8748
-0.4914
-0.42991
-0.42991
-0.45512
-0.44841
-0.44841
-0.53521
-0.46403
-0.42022
0
0
0
0
0
0
0
-2.287
0
0
0
0
0
0
0
0
0
-0.48487
-0.4803
-0.4682
-0.4914
9.634
-0.43399
-0.43399
-0.4389
-0.45238
-0.45238
-0.53782
-0.46813
-0.42737
0
0
0
0
0
0
0
0
0
0
0
-4.0643
0
0
0
0
0
-0.4433
-0.44909
-0.43012
-0.42991
-0.43399
5.0137
-0.36815
-0.41444
-0.39532
-0.39532
-0.47116
-0.4092
-0.37365
0
0
0
0
0
0
0
0
0
0
0
0
0
0
0
0
0
-0.4433
-0.44909
-0.43012
-0.42991
-0.43399
-0.36815
5.0137
-0.41444
-0.39532
-0.39532
-0.47116
-0.4092
-0.37365
0
0
0
0
0
0
0
0
0
0
0
0
0
0
0
0
0
-0.43897
-0.43598
-0.42633
-0.45512
-0.4389
-0.41444
-0.41444
7.4125
-0.38102
-0.38102
0
-0.39444
0
0
0
0
0
-0.1045
0
0
0
0
0
0
0
0
-3.1274
0
0
0
-0.46316
-0.46809
-0.44998
-0.44841
-0.45238
-0.39532
-0.39532
-0.38102
3.8884
-0.43472
0
0
0
0
0
0
0
0
0
0
0
0
0
0
0
0
0
0
0
0
-0.46316
-0.46809
-0.44998
-0.44841
-0.45238
-0.39532
-0.39532
-0.38102
-0.43472
3.8884
0
0
0
0
0
0
0
0
0
0
0
0
0
0
0
0
0
0
0
0
-0.56262
-0.58387
-0.52835
-0.53521
-0.53782
-0.47116
-0.47116
0
0
0
6.7796
0
0
0
0
0
0
0
0
0
0
0
-3.0894
0
0
0
0
0
0
0
-0.47928
-0.48438
-0.46565
-0.46403
-0.46813
-0.4092
-0.4092
-0.39444
0
0
0
3.5743
0
0
0
0
0
0
0
0
0
0
0
0
0
0
0
0
0
0
-0.43557
-0.44136
-0.42381
-0.42022
-0.42737
-0.37365
-0.37365
0
0
0
0
0
2.8956
0
0
0
0
0
0
0
0
0
0
0
0
0
0
0
0
0
0
0
-0.6336
0
0
0
0
0
0
0
0
0
0
5.6579
-1.4996
0
0
0
0
0
0
0
-2.2363
-1.2884
0
0
0
0
0
0
0
0
0
0
0
0
0
0
0
0
0
0
0
-1.4996
9.7677
0
-1.8252
0
-3.8981
0
0
0
0
-2.5447
0
0
0
0
0
0
0
-2.6601
0
0
0
0
0
0
0
0
0
0
0
0
0
6.6144
0
0
-1.9768
-1.9776
0
0
0
0
0
0
0
0
0
0
0
0
0
0
0
0
0
0
0
0
0
0
0
0
-1.8252
0
4.9841
-1.0554
0
-2.1035
0
0
0
0
0
0
0
0
0
0
0
0
0
0
0
0
0
-0.1045
0
0
0
0
0
0
0
0
-1.0554
2.2027
0
0
0
0
0
0
0
0
0
0
0
-1.0429
0
0
0
0
0
0
0
0
0
0
0
0
0
0
-3.8981
-1.9768
0
0
7.7746
0
0
-1.8997
0
0
0
0
0
0
0
0
-2.0299
0
0
0
0
0
0
0
0
0
0
0
0
0
0
-1.9776
-2.1035
0
0
6.1111
0
0
0
0
0
0
0
0
0
0
-2.5095
0
0
-2.287
0
0
0
0
0
0
0
0
0
0
0
0
0
0
0
0
4.7965
0
0
0
0
0
0
0
0
0
0
-4.4562
0
0
0
0
0
0
0
0
0
0
0
0
0
0
0
0
-1.8997
0
0
6.3559
0
0
0
0
0
0
0
0
0
0
0
0
0
0
0
0
0
0
-3.0894
0
0
-2.2363
0
0
0
0
0
0
0
0
5.3257
0
0
0
0
0
0
0
0
0
0
0
0
0
0
0
0
0
0
0
0
-1.2884
-2.5447
0
0
0
0
0
0
0
0
3.8331
0
0
0
0
0
0
0
0
0
0
-4.0643
0
0
0
0
0
0
0
0
0
0
0
0
0
0
0
0
0
0
0
4.0643
0
0
0
0
0
-4.7771
0
0
0
0
0
0
0
0
0
0
0
0
0
0
0
0
0
0
0
0
0
0
0
0
4.7771
0
0
0
0
0
0
0
0
0
0
0
-3.1274
0
0
0
0
0
0
0
0
0
0
0
0
0
0
0
0
0
0
3.1274
0
0
0
0
0
-4.0153
0
0
0
0
0
0
0
0
0
0
0
0
0
0
0
0
0
0
0
0
0
0
0
0
4.0153
0
0
0
-4.7529
0
0
0
0
0
0
0
0
0
0
0
0
0
0
0
0
0
0
0
0
0
0
0
0
0
0
4.7529
0
0
0
0
0
0
0
0
0
0
0
0
0
0
0
0
0
0
-1.0429
0
0
0
0
0
0
0
0
0
0
0
1.0429
