23.5509
-0.8341
-0.77472
-0.78522
-0.77472
-0.77472
-0.70778
-0.75661
-0.79012
-0.7677
-0.75968
-0.73494
-0.73494
-0.73494
-0.77381
-0.84732
-0.84732
-0.72628
-0.95086
0
0
0
0
-0.37913
-9.0959
0
0
0
0
0
-0.8341
23.6722
-0.80208
-0.81469
-0.80208
-0.80208
-0.73058
-0.78223
-0.82465
-0.80064
-0.786
-0.75995
-0.75995
-0.75995
-0.80769
-0.87524
-0.87524
-0.75399
-0.98238
0
0
0
0
0
0
-9.1187
0
0
0
0
-0.77472
-0.80208
13.2771
-0.79397
-0.70669
-0.70669
-0.65714
-0.70799
-0.75666
-0.72406
-0.71167
-0.68656
-0.68656
-0.68656
-0.74981
-0.78624
-0.78624
-0.67813
-0.87532
0
0
0
0
0
0
0
0
0
0
0
-0.78522
-0.81469
-0.79397
20.732
-0.79397
-0.79397
-0.68113
-0.72121
-0.74338
-0.72078
-0.72249
-0.69867
-0.69867
-0.69867
-0.72734
-0.80605
-0.80605
0
0
0
0
-0.36809
0
0
0
0
0
0
0
-8.3577
-0.77472
-0.80208
-0.70669
-0.79397
13.2771
-0.70669
-0.65714
-0.70799
-0.75666
-0.72406
-0.71167
-0.68656
-0.68656
-0.68656
-0.74981
-0.78624
-0.78624
-0.67813
-0.87532
0
0
0
0
0
0
0
0
0
0
0
-0.77472
-0.80208
-0.70669
-0.79397
-0.70669
13.2771
-0.65714
-0.70799
-0.75666
-0.72406
-0.71167
-0.68656
-0.68656
-0.68656
-0.74981
-0.78624
-0.78624
-0.67813
-0.87532
0
0
0
0
0
0
0
0
0
0
0
-0.70778
-0.73058
-0.65714
-0.68113
-0.65714
-0.65714
11.311
-0.64693
-0.68432
-0.65008
-0.64753
-0.62405
-0.62405
-0.62405
-0.6782
-0.71384
-0.71384
-0.61317
0
0
0
0
0
0
0
0
0
0
0
0
-0.75661
-0.78223
-0.70799
-0.72121
-0.70799
-0.70799
-0.64693
11.4794
-0.74116
-0.7099
-0.69846
-0.67346
-0.67346
-0.67346
-0.73244
-0.77307
-0.77307
0
0
0
0
0
0
0
0
0
0
0
0
0
-0.79012
-0.82465
-0.75666
-0.74338
-0.75666
-0.75666
-0.68432
-0.74116
17.9109
-0.76429
-0.73334
-0.71052
-0.71052
-0.71052
-0.75021
0
0
0
0
0
0
0
0
0
0
0
-7.4779
0
0
0
-0.7677
-0.80064
-0.72406
-0.72078
-0.72406
-0.72406
-0.65008
-0.7099
-0.76429
11.5608
-0.71693
-0.68382
-0.68382
-0.68382
0
0
0
0
0
-0.34604
-1.8608
0
0
0
0
0
0
0
0
0
-0.75968
-0.786
-0.71167
-0.72249
-0.71167
-0.71167
-0.64753
-0.69846
-0.73334
-0.71693
9.9059
-0.66101
-0.66101
-0.66101
-0.72345
0
0
0
0
0
0
0
0
0
0
0
0
0
0
0
-0.73494
-0.75995
-0.68656
-0.69867
-0.68656
-0.68656
-0.62405
-0.67346
-0.71052
-0.68382
-0.66101
8.8386
-0.61625
-0.61625
0
0
0
0
0
0
0
0
0
0
0
0
0
0
0
0
-0.73494
-0.75995
-0.68656
-0.69867
-0.68656
-0.68656
-0.62405
-0.67346
-0.71052
-0.68382
-0.66101
-0.61625
8.8386
-0.61625
0
0
0
0
0
0
0
0
0
0
0
0
0
0
0
0
-0.73494
-0.75995
-0.68656
-0.69867
-0.68656
-0.68656
-0.62405
-0.67346
-0.71052
-0.68382
-0.66101
-0.61625
-0.61625
8.8386
0
0
0
0
0
0
0
0
0
0
0
0
0
0
0
0
-0.77381
-0.80769
-0.74981
-0.72734
-0.74981
-0.74981
-0.6782
-0.73244
-0.75021
0
-0.72345
0
0
0
12.1777
0
0
0
0
0
0
0
0
0
0
0
0
0
-4.7352
0
-0.84732
-0.87524
-0.78624
-0.80605
-0.78624
-0.78624
-0.71384
-0.77307
0
0
0
0
0
0
0
6.3742
0
0
0
0
0
0
0
0
0
0
0
0
0
0
-0.84732
-0.87524
-0.78624
-0.80605
-0.78624
-0.78624
-0.71384
-0.77307
0
0
0
0
0
0
0
0
6.3742
0
0
0
0
0
0
0
0
0
0
0
0
0
-0.72628
-0.75399
-0.67813
0
-0.67813
-0.67813
-0.61317
0
0
0
0
0
0
0
0
0
0
5.4744
0
0
-1.3465
0
0
0
0
0
0
0
0
0
-0.95086
-0.98238
-0.87532
0
-0.87532
-0.87532
0
0
0
0
0
0
0
0
0
0
0
0
4.5592
0
0
0
0
0
0
0
0
0
0
0
0
0
0
0
0
0
0
0
0
-0.34604
0
0
0
0
0
0
0
0
0
3.5064
-1.1525
0
0
0
0
0
0
-2.0079
0
0
0
0
0
0
0
0
0
0
0
-1.8608
0
0
0
0
0
0
0
-1.3465
0
-1.1525
4.3599
0
0
0
0
0
0
0
0
0
0
0
0
-0.36809
0
0
0
0
0
0
0
0
0
0
0
0
0
0
0
0
0
1.1556
-0.78749
0
0
0
0
0
0
0
0
0
0
0
0
0
0
0
0
0
0
0
0
0
0
0
0
0
0
0
0
-0.78749
1.5816
-0.79415
0
0
0
0
0
0
-0.37913
0
0
0
0
0
0
0
0
0
0
0
0
0
0
0
0
0
0
0
0
0
-0.79415
1.1733
0
0
0
0
0
0
-9.0959
0
0
0
0
0
0
0
0
0
0
0
0
0
0
0
0
0
0
0
0
0
0
0
9.0959
0
0
0
0
0
0
-9.1187
0
0
0
0
0
0
0
0
0
0
0
0
0
0
0
0
0
0
0
0
0
0
0
9.1187
0
0
0
0
0
0
0
0
0
0
0
0
-7.4779
0
0
0
0
0
0
0
0
0
0
0
0
0
0
0
0
0
7.4779
0
0
0
0
0
0
0
0
0
0
0
0
0
0
0
0
0
0
0
0
0
0
-2.0079
0
0
0
0
0
0
0
2.0079
0
0
0
0
0
0
0
0
0
0
0
0
0
0
0
0
-4.7352
0
0
0
0
0
0
0
0
0
0
0
0
0
4.7352
0
0
0
0
-8.3577
0
0
0
0
0
0
0
0
0
0
0
0
0
0
0
0
0
0
0
0
0
0
0
0
0
8.3577
