20.1207
-0.61734
-0.5645
-0.60952
-0.60742
-0.59529
-0.70255
-0.70255
-0.58017
-0.58017
-0.58017
-0.58017
-0.58017
-0.64442
-0.5078
-0.83492
-1.5498
-0.29325
-0.29325
-0.53023
-0.29325
0
0
0
0
-7.8737
0
0
0
0
-0.61734
30.2929
-0.57327
-0.58384
-0.6066
-0.59411
-0.70112
-0.70112
-0.57899
-0.57899
-0.57899
-0.57899
-0.57899
-0.64311
-0.50676
-0.83388
-1.5576
-0.33095
-0.33095
0
-0.33095
0
0
0
-9.2431
0
0
0
-9.2431
0
-0.5645
-0.57327
11.344
-0.58828
-0.54881
-0.53841
-0.63531
-0.63531
-0.52447
-0.52447
-0.52447
-0.52447
-0.52447
-0.58279
-0.45843
-0.75471
-1.4288
-0.27387
-0.27387
0
-0.27387
0
0
-0.59142
0
0
0
0
0
0
-0.60952
-0.58384
-0.58828
23.5457
-0.63509
-0.61405
-0.71441
-0.71441
-0.58995
-0.58995
-0.58995
-0.58995
-0.58995
-0.65527
-0.51644
0
0
0
0
0
0
-0.68515
0
0
0
0
-7.1397
0
0
-7.1397
-0.60742
-0.6066
-0.54881
-0.63509
10.5147
-0.57064
-0.6679
-0.6679
-0.55153
-0.55153
-0.55153
-0.55153
-0.55153
-0.61269
-0.48245
-0.89278
-1.4648
0
0
0
0
0
0
0
0
0
0
0
0
0
-0.59529
-0.59411
-0.53841
-0.61405
-0.57064
8.7794
-0.64471
-0.64471
-0.53229
-0.53229
-0.53229
-0.53229
-0.53229
-0.59143
-0.46538
-0.8592
0
0
0
0
0
0
0
0
0
0
0
0
0
0
-0.70255
-0.70112
-0.63531
-0.71441
-0.6679
-0.64471
8.8135
-0.78566
-0.64832
-0.64832
-0.64832
-0.64832
-0.64832
-0.72023
0
0
0
0
0
0
0
0
0
0
0
0
0
0
0
0
-0.70255
-0.70112
-0.63531
-0.71441
-0.6679
-0.64471
-0.78566
8.8135
-0.64832
-0.64832
-0.64832
-0.64832
-0.64832
-0.72023
0
0
0
0
0
0
0
0
0
0
0
0
0
0
0
0
-0.58017
-0.57899
-0.52447
-0.58995
-0.55153
-0.53229
-0.64832
-0.64832
6.615
-0.49023
-0.49023
-0.49023
-0.49023
0
0
0
0
0
0
0
0
0
0
0
0
0
0
0
0
0
-0.58017
-0.57899
-0.52447
-0.58995
-0.55153
-0.53229
-0.64832
-0.64832
-0.49023
6.615
-0.49023
-0.49023
-0.49023
0
0
0
0
0
0
0
0
0
0
0
0
0
0
0
0
0
-0.58017
-0.57899
-0.52447
-0.58995
-0.55153
-0.53229
-0.64832
-0.64832
-0.49023
-0.49023
6.615
-0.49023
-0.49023
0
0
0
0
0
0
0
0
0
0
0
0
0
0
0
0
0
-0.58017
-0.57899
-0.52447
-0.58995
-0.55153
-0.53229
-0.64832
-0.64832
-0.49023
-0.49023
-0.49023
6.615
-0.49023
0
0
0
0
0
0
0
0
0
0
0
0
0
0
0
0
0
-0.58017
-0.57899
-0.52447
-0.58995
-0.55153
-0.53229
-0.64832
-0.64832
-0.49023
-0.49023
-0.49023
-0.49023
6.615
0
0
0
0
0
0
0
0
0
0
0
0
0
0
0
0
0
-0.64442
-0.64311
-0.58279
-0.65527
-0.61269
-0.59143
-0.72023
-0.72023
0
0
0
0
0
5.1702
0
0
0
0
0
0
0
0
0
0
0
0
0
0
0
0
-0.5078
-0.50676
-0.45843
-0.51644
-0.48245
-0.46538
0
0
0
0
0
0
0
0
2.9372
0
0
0
0
0
0
0
0
0
0
0
0
0
0
0
-0.83492
-0.83388
-0.75471
0
-0.89278
-0.8592
0
0
0
0
0
0
0
0
0
5.0488
0
0
0
-0.87328
0
0
0
0
0
0
0
0
0
0
-1.5498
-1.5576
-1.4288
0
-1.4648
0
0
0
0
0
0
0
0
0
0
0
6.001
0
0
0
0
0
0
0
0
0
0
0
0
0
-0.29325
-0.33095
-0.27387
0
0
0
0
0
0
0
0
0
0
0
0
0
0
0.89807
0
0
0
0
0
0
0
0
0
0
0
0
-0.29325
-0.33095
-0.27387
0
0
0
0
0
0
0
0
0
0
0
0
0
0
0
0.89807
0
0
0
0
0
0
0
0
0
0
0
-0.53023
0
0
0
0
0
0
0
0
0
0
0
0
0
0
-0.87328
0
0
0
2.5987
0
0
0
0
0
0
0
-1.1952
0
0
-0.29325
-0.33095
-0.27387
0
0
0
0
0
0
0
0
0
0
0
0
0
0
0
0
0
0.89807
0
0
0
0
0
0
0
0
0
0
0
0
-0.68515
0
0
0
0
0
0
0
0
0
0
0
0
0
0
0
0
0
5.8959
-5.2107
0
0
0
0
0
0
0
0
0
0
0
0
0
0
0
0
0
0
0
0
0
0
0
0
0
0
0
0
-5.2107
10.5698
-5.3591
0
0
0
0
0
0
0
0
-0.59142
0
0
0
0
0
0
0
0
0
0
0
0
0
0
0
0
0
0
0
-5.3591
5.9505
0
0
0
0
0
0
0
-9.2431
0
0
0
0
0
0
0
0
0
0
0
0
0
0
0
0
0
0
0
0
0
0
9.2431
0
0
0
0
0
-7.8737
0
0
0
0
0
0
0
0
0
0
0
0
0
0
0
0
0
0
0
0
0
0
0
0
7.8737
0
0
0
0
0
0
0
-7.1397
0
0
0
0
0
0
0
0
0
0
0
0
0
0
0
0
0
0
0
0
0
0
7.1397
0
0
0
0
0
0
0
0
0
0
0
0
0
0
0
0
0
0
0
0
0
0
-1.1952
0
0
0
0
0
0
0
1.1952
0
0
0
-9.2431
0
0
0
0
0
0
0
0
0
0
0
0
0
0
0
0
0
0
0
0
0
0
0
0
0
0
9.2431
0
0
0
0
-7.1397
0
0
0
0
0
0
0
0
0
0
0
0
0
0
0
0
0
0
0
0
0
0
0
0
0
7.1397
