24.2652
-0.67467
-0.68411
-0.67102
-0.68079
-0.67299
-0.67299
-0.67299
-0.68729
-0.68168
-0.68168
-0.67449
-0.75581
0
-0.80565
-0.60228
0
0
-1.5702
0
0
0
0
0
0
0
-6.5383
-6.5383
0
0
-0.67467
11.0612
-0.67722
-0.66714
-0.67366
-0.66653
-0.66653
-0.66653
-0.67999
-0.67436
-0.67436
-0.66756
-0.75454
0
-0.79178
-0.60108
0
0
-1.5252
0
0
0
0
0
0
0
0
0
0
0
-0.68411
-0.67722
14.2676
-0.67902
-0.69007
-0.67355
-0.67355
-0.67355
-0.68803
-0.68212
-0.68212
-0.6749
0
-0.6653
0
0
-0.59418
0
0
0
0
-5.5299
0
0
0
0
0
0
0
0
-0.67102
-0.66714
-0.67902
8.6547
-0.67401
-0.66003
-0.66003
-0.66003
-0.677
-0.66525
-0.66525
-0.65894
0
0
-0.7647
0
0
0
0
0
-0.55225
0
0
0
0
0
0
0
0
0
-0.68079
-0.67366
-0.69007
-0.67401
13.2671
-0.66738
-0.66738
-0.66738
-0.68105
-0.67331
-0.67331
-0.66657
0
0
0
0
-0.59911
0
0
0
0
0
0
0
0
0
0
0
-5.253
0
-0.67299
-0.66653
-0.67355
-0.66003
-0.66738
7.309
-0.64681
-0.64681
-0.68169
-0.66654
-0.66654
-0.66016
0
0
0
0
0
0
0
0
0
0
0
0
0
0
0
0
0
0
-0.67299
-0.66653
-0.67355
-0.66003
-0.66738
-0.64681
7.309
-0.64681
-0.68169
-0.66654
-0.66654
-0.66016
0
0
0
0
0
0
0
0
0
0
0
0
0
0
0
0
0
0
-0.67299
-0.66653
-0.67355
-0.66003
-0.66738
-0.64681
-0.64681
7.309
-0.68169
-0.66654
-0.66654
-0.66016
0
0
0
0
0
0
0
0
0
0
0
0
0
0
0
0
0
0
-0.68729
-0.67999
-0.68803
-0.677
-0.68105
-0.68169
-0.68169
-0.68169
10.7107
0
0
0
0
-0.66731
0
0
0
0
0
0
0
0
0
0
0
0
0
0
0
-4.585
-0.68168
-0.67436
-0.68212
-0.66525
-0.67331
-0.66654
-0.66654
-0.66654
0
6.0635
-0.68719
0
0
0
0
0
0
0
0
0
0
0
0
0
0
0
0
0
0
0
-0.68168
-0.67436
-0.68212
-0.66525
-0.67331
-0.66654
-0.66654
-0.66654
0
-0.68719
6.0635
0
0
0
0
0
0
0
0
0
0
0
0
0
0
0
0
0
0
0
-0.67449
-0.66756
-0.6749
-0.65894
-0.66657
-0.66016
-0.66016
-0.66016
0
0
0
5.3229
0
0
0
0
0
0
0
0
0
0
0
0
0
0
0
0
0
0
-0.75581
-0.75454
0
0
0
0
0
0
0
0
0
0
3.5376
-0.74927
0
0
0
0
0
0
0
0
0
-1.278
0
0
0
0
0
0
0
0
-0.6653
0
0
0
0
0
-0.66731
0
0
0
-0.74927
2.6981
0
0
0
-0.61625
0
0
0
0
0
0
0
0
0
0
0
0
-0.80565
-0.79178
0
-0.7647
0
0
0
0
0
0
0
0
0
0
3.8727
0
0
0
0
0
0
0
-1.5106
0
0
0
0
0
0
0
-0.60228
-0.60108
0
0
0
0
0
0
0
0
0
0
0
0
0
1.7776
0
0
0
0
0
0
0
0
0
-0.57421
0
0
0
0
0
0
-0.59418
0
-0.59911
0
0
0
0
0
0
0
0
0
0
0
1.7609
0
0
0
0
0
0
0
-0.56758
0
0
0
0
0
0
0
0
0
0
0
0
0
0
0
0
0
0
-0.61625
0
0
0
2.0423
0
-1.4261
0
0
0
0
0
0
0
0
0
0
-1.5702
-1.5252
0
0
0
0
0
0
0
0
0
0
0
0
0
0
0
0
3.0955
0
0
0
0
0
0
0
0
0
0
0
0
0
0
0
0
0
0
0
0
0
0
0
0
0
0
0
0
-1.4261
0
2.0554
-0.62929
0
0
0
0
0
0
0
0
0
0
0
0
-0.55225
0
0
0
0
0
0
0
0
0
0
0
0
0
0
0
-0.62929
1.1815
0
0
0
0
0
0
0
0
0
0
0
-5.5299
0
0
0
0
0
0
0
0
0
0
0
0
0
0
0
0
0
0
5.5299
0
0
0
0
0
0
0
0
0
0
0
0
0
0
0
0
0
0
0
0
0
0
-1.5106
0
0
0
0
0
0
0
1.5106
0
0
0
0
0
0
0
0
0
0
0
0
0
0
0
0
0
0
0
-1.278
0
0
0
0
0
0
0
0
0
0
1.278
0
0
0
0
0
0
0
0
0
0
0
0
0
0
0
0
0
0
0
0
0
0
-0.56758
0
0
0
0
0
0
0
0.56758
0
0
0
0
0
0
0
0
0
0
0
0
0
0
0
0
0
0
0
0
-0.57421
0
0
0
0
0
0
0
0
0
0.57421
0
0
0
0
-6.5383
0
0
0
0
0
0
0
0
0
0
0
0
0
0
0
0
0
0
0
0
0
0
0
0
0
6.5383
0
0
0
-6.5383
0
0
0
0
0
0
0
0
0
0
0
0
0
0
0
0
0
0
0
0
0
0
0
0
0
0
6.5383
0
0
0
0
0
0
-5.253
0
0
0
0
0
0
0
0
0
0
0
0
0
0
0
0
0
0
0
0
0
0
0
5.253
0
0
0
0
0
0
0
0
0
-4.585
0
0
0
0
0
0
0
0
0
0
0
0
0
0
0
0
0
0
0
0
4.585
