14.501
-0.55895
-0.55895
-0.56636
-0.54897
-0.535
-0.51303
-0.51303
-0.59014
-0.63543
-0.66285
-0.49141
-0.56636
-0.56636
-0.59948
-0.71323
0
-1.211
0
0
0
-4.6704
0
0
0
0
0
0
0
0
-0.55895
9.4369
-0.52387
-0.54358
-0.51293
-0.51053
-0.4901
-0.4901
-0.57038
-0.62469
-0.61536
-0.46898
-0.54587
-0.54587
-0.5701
-0.68877
0
-1.1768
0
0
0
0
0
0
0
0
0
0
0
0
-0.55895
-0.52387
9.4369
-0.54358
-0.51293
-0.51053
-0.4901
-0.4901
-0.57038
-0.62469
-0.61536
-0.46898
-0.54587
-0.54587
-0.5701
-0.68877
0
-1.1768
0
0
0
0
0
0
0
0
0
0
0
0
-0.56636
-0.54358
-0.54358
18.8431
-0.49955
-0.50326
-0.48211
-0.48211
-0.54751
-0.5992
-0.59863
-0.46054
-0.53315
-0.53315
-0.56387
0
0
0
0
0
0
0
0
-11.3865
0
0
0
0
0
0
-0.54897
-0.51293
-0.51293
-0.49955
7.9602
-0.47669
-0.45666
-0.45666
-0.51506
-0.59148
-0.56235
-0.43525
-0.50089
-0.50089
-0.53204
0
-0.85787
0
0
0
0
0
0
0
0
0
0
0
0
0
-0.535
-0.51053
-0.51053
-0.50326
-0.47669
7.0915
-0.4567
-0.4567
-0.51974
-0.57647
-0.56893
-0.43494
-0.50529
-0.50529
-0.53147
0
0
0
0
0
0
0
0
0
0
0
0
0
0
0
-0.51303
-0.4901
-0.4901
-0.48211
-0.45666
-0.4567
6.2537
-0.3974
-0.49446
-0.54938
-0.54275
-0.4152
-0.48292
-0.48292
0
0
0
0
0
0
0
0
0
0
0
0
0
0
0
0
-0.51303
-0.4901
-0.4901
-0.48211
-0.45666
-0.4567
-0.3974
6.2537
-0.49446
-0.54938
-0.54275
-0.4152
-0.48292
-0.48292
0
0
0
0
0
0
0
0
0
0
0
0
0
0
0
0
-0.59014
-0.57038
-0.57038
-0.54751
-0.51506
-0.51974
-0.49446
-0.49446
12.452
0
0
-0.53917
0
0
0
0
0
0
0
-0.11803
0
0
0
0
0
0
-7.4927
0
0
0
-0.63543
-0.62469
-0.62469
-0.5992
-0.59148
-0.57647
-0.54938
-0.54938
0
12.0267
0
0
0
0
0
0
0
0
-1.5609
0
0
0
0
0
0
-5.7151
0
0
0
0
-0.66285
-0.61536
-0.61536
-0.59863
-0.56235
-0.56893
-0.54275
-0.54275
0
0
11.2768
0
0
0
0
0
-0.95418
0
0
0
0
0
0
0
0
0
0
0
0
-5.6137
-0.49141
-0.46898
-0.46898
-0.46054
-0.43525
-0.43494
-0.4152
-0.4152
-0.53917
0
0
4.1297
0
0
0
0
0
0
0
0
0
0
0
0
0
0
0
0
0
0
-0.56636
-0.54587
-0.54587
-0.53315
-0.50089
-0.50529
-0.48292
-0.48292
0
0
0
0
9.004
0
0
0
0
0
0
0
0
0
0
0
0
0
0
-4.8407
0
0
-0.56636
-0.54587
-0.54587
-0.53315
-0.50089
-0.50529
-0.48292
-0.48292
0
0
0
0
0
9.004
0
0
0
0
0
0
0
0
0
0
-4.8407
0
0
0
0
0
-0.59948
-0.5701
-0.5701
-0.56387
-0.53204
-0.53147
0
0
0
0
0
0
0
0
3.3671
0
0
0
0
0
0
0
0
0
0
0
0
0
0
0
-0.71323
-0.68877
-0.68877
0
0
0
0
0
0
0
0
0
0
0
0
2.7823
0
0
0
-0.69151
0
0
0
0
0
0
0
0
0
0
0
0
0
0
-0.85787
0
0
0
0
0
-0.95418
0
0
0
0
0
2.3694
0
0
0
0
0
-0.55737
0
0
0
0
0
0
0
-1.211
-1.1768
-1.1768
0
0
0
0
0
0
0
0
0
0
0
0
0
0
3.5647
0
0
0
0
0
0
0
0
0
0
0
0
0
0
0
0
0
0
0
0
0
-1.5609
0
0
0
0
0
0
0
0
5.6195
0
-2.3566
-1.702
0
0
0
0
0
0
0
0
0
0
0
0
0
0
0
0
-0.11803
0
0
0
0
0
0
-0.69151
0
0
0
0.91405
0
0
0
0
0
0
0
0
-0.1045
0
0
0
0
0
0
0
0
0
0
0
0
0
0
0
0
0
0
0
-2.3566
0
5.573
0
-3.2164
0
0
0
0
0
0
0
-4.6704
0
0
0
0
0
0
0
0
0
0
0
0
0
0
0
0
0
-1.702
0
0
6.3724
0
0
0
0
0
0
0
0
0
0
0
0
0
0
0
0
0
0
0
0
0
0
0
0
-0.55737
0
0
0
-3.2164
0
3.7738
0
0
0
0
0
0
0
0
0
0
-11.3865
0
0
0
0
0
0
0
0
0
0
0
0
0
0
0
0
0
0
0
11.3865
0
0
0
0
0
0
0
0
0
0
0
0
0
0
0
0
0
0
0
-4.8407
0
0
0
0
0
0
0
0
0
0
4.8407
0
0
0
0
0
0
0
0
0
0
0
0
0
0
-5.7151
0
0
0
0
0
0
0
0
0
0
0
0
0
0
0
5.7151
0
0
0
0
0
0
0
0
0
0
0
0
-7.4927
0
0
0
0
0
0
0
0
0
0
0
0
0
0
0
0
0
7.4927
0
0
0
0
0
0
0
0
0
0
0
0
0
0
0
-4.8407
0
0
0
0
0
0
0
0
0
0
0
0
0
0
4.8407
0
0
0
0
0
0
0
0
0
0
0
0
0
0
0
0
0
0
0
0
0
-0.1045
0
0
0
0
0
0
0
0
0.1045
0
0
0
0
0
0
0
0
0
0
0
-5.6137
0
0
0
0
0
0
0
0
0
0
0
0
0
0
0
0
0
0
5.6137
