23.3917
-0.96155
-0.9342
-0.97126
-0.97126
-0.97126
-0.97126
-0.97126
-0.85346
-0.85346
-0.97615
-0.95311
-0.91095
-0.91095
-0.95019
-0.95019
-0.95019
-0.95019
-0.94753
-1.0017
-1.0017
-1.0017
-0.87257
-1.3073
-0.67865
-0.56966
0
0
0
0
-0.96155
23.3917
-0.9342
-0.97126
-0.97126
-0.97126
-0.97126
-0.97126
-0.85346
-0.85346
-0.97615
-0.95311
-0.91095
-0.91095
-0.95019
-0.95019
-0.95019
-0.95019
-0.94753
-1.0017
-1.0017
-1.0017
-0.87257
-1.3073
-0.67865
-0.56966
0
0
0
0
-0.9342
-0.9342
22.0478
-0.94017
-0.94017
-0.94017
-0.94017
-0.94017
-0.82625
-0.82625
-0.94665
-0.92228
-0.88173
-0.88173
-0.91947
-0.91947
-0.91947
-0.91947
-0.91691
-0.96864
-0.96864
-0.96864
-0.85012
-1.2915
0
-0.5514
0
0
0
0
-0.97126
-0.97126
-0.94017
21.0345
-0.97613
-0.97613
-0.97613
-0.97613
-0.86141
-0.86141
-0.99146
-0.96354
-0.92084
-0.92084
-0.96058
-0.96058
-0.96058
-0.96058
-0.95789
-1.0125
-1.0125
-1.0125
-0.8901
0
0
0
0
0
0
0
-0.97126
-0.97126
-0.94017
-0.97613
21.0345
-0.97613
-0.97613
-0.97613
-0.86141
-0.86141
-0.99146
-0.96354
-0.92084
-0.92084
-0.96058
-0.96058
-0.96058
-0.96058
-0.95789
-1.0125
-1.0125
-1.0125
-0.8901
0
0
0
0
0
0
0
-0.97126
-0.97126
-0.94017
-0.97613
-0.97613
21.0345
-0.97613
-0.97613
-0.86141
-0.86141
-0.99146
-0.96354
-0.92084
-0.92084
-0.96058
-0.96058
-0.96058
-0.96058
-0.95789
-1.0125
-1.0125
-1.0125
-0.8901
0
0
0
0
0
0
0
-0.97126
-0.97126
-0.94017
-0.97613
-0.97613
-0.97613
21.0345
-0.97613
-0.86141
-0.86141
-0.99146
-0.96354
-0.92084
-0.92084
-0.96058
-0.96058
-0.96058
-0.96058
-0.95789
-1.0125
-1.0125
-1.0125
-0.8901
0
0
0
0
0
0
0
-0.97126
-0.97126
-0.94017
-0.97613
-0.97613
-0.97613
-0.97613
21.0345
-0.86141
-0.86141
-0.99146
-0.96354
-0.92084
-0.92084
-0.96058
-0.96058
-0.96058
-0.96058
-0.95789
-1.0125
-1.0125
-1.0125
-0.8901
0
0
0
0
0
0
0
-0.85346
-0.85346
-0.82625
-0.86141
-0.86141
-0.86141
-0.86141
-0.86141
17.6171
-0.74522
-0.84753
-0.83173
-0.79572
-0.79572
-0.82924
-0.82924
-0.82924
-0.82924
-0.82697
-0.87232
-0.87232
-0.87232
0
0
0
0
0
0
0
0
-0.85346
-0.85346
-0.82625
-0.86141
-0.86141
-0.86141
-0.86141
-0.86141
-0.74522
17.6171
-0.84753
-0.83173
-0.79572
-0.79572
-0.82924
-0.82924
-0.82924
-0.82924
-0.82697
-0.87232
-0.87232
-0.87232
0
0
0
0
0
0
0
0
-0.97615
-0.97615
-0.94665
-0.99146
-0.99146
-0.99146
-0.99146
-0.99146
-0.84753
-0.84753
27.1248
-0.96738
-0.92447
-0.92447
-0.96441
-0.96441
-0.96441
-0.96441
-0.9617
0
0
0
0
0
0
0
0
0
-9.9378
0
-0.95311
-0.95311
-0.92228
-0.96354
-0.96354
-0.96354
-0.96354
-0.96354
-0.83173
-0.83173
-0.96738
16.7563
-0.89841
-0.89841
-0.93701
-0.93701
-0.93701
-0.93701
-0.93439
0
0
0
0
0
0
0
0
0
0
0
-0.91095
-0.91095
-0.88173
-0.92084
-0.92084
-0.92084
-0.92084
-0.92084
-0.79572
-0.79572
-0.92447
-0.89841
15.0868
-0.84424
-0.88011
-0.88011
-0.88011
-0.88011
0
0
0
0
0
0
0
0
0
0
0
0
-0.91095
-0.91095
-0.88173
-0.92084
-0.92084
-0.92084
-0.92084
-0.92084
-0.79572
-0.79572
-0.92447
-0.89841
-0.84424
15.0868
-0.88011
-0.88011
-0.88011
-0.88011
0
0
0
0
0
0
0
0
0
0
0
0
-0.95019
-0.95019
-0.91947
-0.96058
-0.96058
-0.96058
-0.96058
-0.96058
-0.82924
-0.82924
-0.96441
-0.93701
-0.88011
-0.88011
12.9429
0
0
0
0
0
0
0
0
0
0
0
0
0
0
0
-0.95019
-0.95019
-0.91947
-0.96058
-0.96058
-0.96058
-0.96058
-0.96058
-0.82924
-0.82924
-0.96441
-0.93701
-0.88011
-0.88011
0
12.9429
0
0
0
0
0
0
0
0
0
0
0
0
0
0
-0.95019
-0.95019
-0.91947
-0.96058
-0.96058
-0.96058
-0.96058
-0.96058
-0.82924
-0.82924
-0.96441
-0.93701
-0.88011
-0.88011
0
0
12.9429
0
0
0
0
0
0
0
0
0
0
0
0
0
-0.95019
-0.95019
-0.91947
-0.96058
-0.96058
-0.96058
-0.96058
-0.96058
-0.82924
-0.82924
-0.96441
-0.93701
-0.88011
-0.88011
0
0
0
12.9429
0
0
0
0
0
0
0
0
0
0
0
0
-0.94753
-0.94753
-0.91691
-0.95789
-0.95789
-0.95789
-0.95789
-0.95789
-0.82697
-0.82697
-0.9617
-0.93439
0
0
0
0
0
0
11.1514
0
0
0
0
0
0
0
0
0
0
0
-1.0017
-1.0017
-0.96864
-1.0125
-1.0125
-1.0125
-1.0125
-1.0125
-0.87232
-0.87232
0
0
0
0
0
0
0
0
0
9.7792
0
0
0
0
0
0
0
0
0
0
-1.0017
-1.0017
-0.96864
-1.0125
-1.0125
-1.0125
-1.0125
-1.0125
-0.87232
-0.87232
0
0
0
0
0
0
0
0
0
0
9.7792
0
0
0
0
0
0
0
0
0
-1.0017
-1.0017
-0.96864
-1.0125
-1.0125
-1.0125
-1.0125
-1.0125
-0.87232
-0.87232
0
0
0
0
0
0
0
0
0
0
0
9.7792
0
0
0
0
0
0
0
0
-0.87257
-0.87257
-0.85012
-0.8901
-0.8901
-0.8901
-0.8901
-0.8901
0
0
0
0
0
0
0
0
0
0
0
0
0
0
13.702
0
0
0
-6.6563
0
0
0
-1.3073
-1.3073
-1.2915
0
0
0
0
0
0
0
0
0
0
0
0
0
0
0
0
0
0
0
0
5.977
0
0
0
-2.071
0
0
-0.67865
-0.67865
0
0
0
0
0
0
0
0
0
0
0
0
0
0
0
0
0
0
0
0
0
0
1.8848
0
0
0
0
-0.52748
-0.56966
-0.56966
-0.5514
0
0
0
0
0
0
0
0
0
0
0
0
0
0
0
0
0
0
0
0
0
0
1.6907
0
0
0
0
0
0
0
0
0
0
0
0
0
0
0
0
0
0
0
0
0
0
0
0
0
0
-6.6563
0
0
0
6.6563
0
0
0
0
0
0
0
0
0
0
0
0
0
0
0
0
0
0
0
0
0
0
0
0
0
0
-2.071
0
0
0
2.071
0
0
0
0
0
0
0
0
0
0
0
0
-9.9378
0
0
0
0
0
0
0
0
0
0
0
0
0
0
0
0
0
9.9378
0
0
0
0
0
0
0
0
0
0
0
0
0
0
0
0
0
0
0
0
0
0
0
0
0
-0.52748
0
0
0
0
0.52748
