21.8914
-0.73761
-0.73761
-0.73761
-0.73761
-0.69303
-0.71842
-0.67525
-0.67525
-0.67525
-0.67475
-0.68106
-0.69219
-0.69771
-0.76667
-0.68775
-0.68775
-0.80537
-0.80537
0
0
0
0
0
0
0
-9.0052
0
0
0
-0.73761
11.9934
-0.66537
-0.66537
-0.66537
-0.64754
-0.67026
-0.62763
-0.62763
-0.62763
-0.6469
-0.64041
-0.66785
-0.65193
-0.71613
-0.63614
-0.63614
-0.73176
-0.73176
0
0
0
0
0
0
0
0
0
0
0
-0.73761
-0.66537
11.9934
-0.66537
-0.66537
-0.64754
-0.67026
-0.62763
-0.62763
-0.62763
-0.6469
-0.64041
-0.66785
-0.65193
-0.71613
-0.63614
-0.63614
-0.73176
-0.73176
0
0
0
0
0
0
0
0
0
0
0
-0.73761
-0.66537
-0.66537
11.9934
-0.66537
-0.64754
-0.67026
-0.62763
-0.62763
-0.62763
-0.6469
-0.64041
-0.66785
-0.65193
-0.71613
-0.63614
-0.63614
-0.73176
-0.73176
0
0
0
0
0
0
0
0
0
0
0
-0.73761
-0.66537
-0.66537
-0.66537
11.9934
-0.64754
-0.67026
-0.62763
-0.62763
-0.62763
-0.6469
-0.64041
-0.66785
-0.65193
-0.71613
-0.63614
-0.63614
-0.73176
-0.73176
0
0
0
0
0
0
0
0
0
0
0
-0.69303
-0.64754
-0.64754
-0.64754
-0.64754
10.1337
-0.61465
-0.58621
-0.58621
-0.58621
-0.58742
-0.59594
-0.6031
-0.60479
-0.65101
-0.58943
-0.58943
0
0
-0.25611
0
0
0
0
0
0
0
0
0
0
-0.71842
-0.67026
-0.67026
-0.67026
-0.67026
-0.61465
18.4372
-0.60453
-0.60453
-0.60453
-0.59283
-0.60382
-0.60691
-0.61993
-0.67348
-0.61205
-0.61205
0
0
0
0
0
-8.2884
0
0
0
0
0
0
0
-0.67525
-0.62763
-0.62763
-0.62763
-0.62763
-0.58621
-0.60453
9.6159
-0.55143
-0.55143
-0.5798
-0.57803
-0.59733
-0.58934
-0.64123
-0.57539
-0.57539
0
0
0
0
0
0
0
0
0
0
0
0
0
-0.67525
-0.62763
-0.62763
-0.62763
-0.62763
-0.58621
-0.60453
-0.55143
9.6159
-0.55143
-0.5798
-0.57803
-0.59733
-0.58934
-0.64123
-0.57539
-0.57539
0
0
0
0
0
0
0
0
0
0
0
0
0
-0.67525
-0.62763
-0.62763
-0.62763
-0.62763
-0.58621
-0.60453
-0.55143
-0.55143
9.6159
-0.5798
-0.57803
-0.59733
-0.58934
-0.64123
-0.57539
-0.57539
0
0
0
0
0
0
0
0
0
0
0
0
0
-0.67475
-0.6469
-0.6469
-0.6469
-0.6469
-0.58742
-0.59283
-0.5798
-0.5798
-0.5798
26.5935
-0.54681
-0.52198
-0.57435
0
0
0
0
0
0
0
-9.3842
0
0
0
0
0
0
-9.3842
0
-0.68106
-0.64041
-0.64041
-0.64041
-0.64041
-0.59594
-0.60382
-0.57803
-0.57803
-0.57803
-0.54681
7.8072
0
-0.59998
0
0
0
0
0
-0.26644
-0.21741
0
0
0
0
0
0
0
0
0
-0.69219
-0.66785
-0.66785
-0.66785
-0.66785
-0.6031
-0.60691
-0.59733
-0.59733
-0.59733
-0.52198
0
24.2895
0
0
0
0
0
0
0
0
0
0
-8.701
0
0
0
0
0
-8.701
-0.69771
-0.65193
-0.65193
-0.65193
-0.65193
-0.60479
-0.61993
-0.58934
-0.58934
-0.58934
-0.57435
-0.59998
0
7.6947
0
0
0
0
0
0
-0.22218
0
0
0
0
0
0
0
0
0
-0.76667
-0.71613
-0.71613
-0.71613
-0.71613
-0.65101
-0.67348
-0.64123
-0.64123
-0.64123
0
0
0
0
11.2314
0
0
0
0
0
0
0
0
0
0
0
0
-4.3521
0
0
-0.68775
-0.63614
-0.63614
-0.63614
-0.63614
-0.58943
-0.61205
-0.57539
-0.57539
-0.57539
0
0
0
0
0
6.16
0
0
0
0
0
0
0
0
0
0
0
0
0
0
-0.68775
-0.63614
-0.63614
-0.63614
-0.63614
-0.58943
-0.61205
-0.57539
-0.57539
-0.57539
0
0
0
0
0
0
6.16
0
0
0
0
0
0
0
0
0
0
0
0
0
-0.80537
-0.73176
-0.73176
-0.73176
-0.73176
0
0
0
0
0
0
0
0
0
0
0
0
3.7324
0
0
0
0
0
0
0
0
0
0
0
0
-0.80537
-0.73176
-0.73176
-0.73176
-0.73176
0
0
0
0
0
0
0
0
0
0
0
0
0
3.7324
0
0
0
0
0
0
0
0
0
0
0
0
0
0
0
0
-0.25611
0
0
0
0
0
-0.26644
0
0
0
0
0
0
0
0.68674
0
0
0
0
-0.16419
0
0
0
0
0
0
0
0
0
0
0
0
0
0
0
0
-0.21741
0
-0.22218
0
0
0
0
0
0
0.54409
0
0
0
0
-0.1045
0
0
0
0
0
0
0
0
0
0
0
0
0
0
-9.3842
0
0
0
0
0
0
0
0
0
0
9.3842
0
0
0
0
0
0
0
0
0
0
0
0
0
0
-8.2884
0
0
0
0
0
0
0
0
0
0
0
0
0
0
0
8.2884
0
0
0
0
0
0
0
0
0
0
0
0
0
0
0
0
0
0
0
-8.701
0
0
0
0
0
0
0
0
0
0
8.701
0
0
0
0
0
0
0
0
0
0
0
0
0
0
0
0
0
0
0
0
0
0
0
0
0
-0.16419
0
0
0
0
0.16419
0
0
0
0
0
0
0
0
0
0
0
0
0
0
0
0
0
0
0
0
0
0
0
0
0
-0.1045
0
0
0
0
0.1045
0
0
0
0
-9.0052
0
0
0
0
0
0
0
0
0
0
0
0
0
0
0
0
0
0
0
0
0
0
0
0
0
9.0052
0
0
0
0
0
0
0
0
0
0
0
0
0
0
0
0
0
-4.3521
0
0
0
0
0
0
0
0
0
0
0
0
4.3521
0
0
0
0
0
0
0
0
0
0
0
0
-9.3842
0
0
0
0
0
0
0
0
0
0
0
0
0
0
0
0
0
9.3842
0
0
0
0
0
0
0
0
0
0
0
0
0
-8.701
0
0
0
0
0
0
0
0
0
0
0
0
0
0
0
0
8.701
