11.1217
-0.5188
-0.43128
-0.10001
-0.10011
-0.10001
-0.29277
-0.24957
-0.42959
-0.68177
-0.52569
-0.57639
-0.56316
-0.1
-0.87563
-0.94577
-1.6077
0
-3.0234
0
0
0
0
0
0
0
0
0
0
0
-0.5188
13.9209
-0.10006
-0.25541
-0.47553
-0.82946
-0.504
-0.56556
-0.62973
-0.67528
-0.71382
-0.73516
-1.0141
-0.1
-0.95361
-1.0265
0
0
0
0
0
0
0
0
0
0
0
0
-4.8239
0
-0.43128
-0.10006
10.964
-0.245
-0.10002
-0.76663
-0.36533
-0.33055
-0.47792
-0.37065
-0.55248
-0.589
-0.73371
-0.1
-0.94363
-1.0473
0
0
0
0
0
0
0
0
0
0
-3.8104
0
0
0
-0.10001
-0.25541
-0.245
8.021
-0.17976
-0.25833
-0.10007
-1.055
-0.24498
-0.4145
-0.47139
-0.44281
-0.50442
0
-0.82269
-1.0142
-1.9124
0
0
0
0
0
0
0
0
0
0
0
0
0
-0.10011
-0.47553
-0.10002
-0.17976
12.5991
-0.71105
-0.47272
-0.51137
-0.61267
-0.58393
-0.7097
-0.73337
-0.90304
0
-1.025
-1.1117
0
0
0
0
0
0
0
0
0
-4.3691
0
0
0
0
-0.10001
-0.82946
-0.76663
-0.25833
-0.71105
10.9277
-0.717
-0.38611
-0.61224
-0.42603
-0.4343
-0.68512
-0.1
0
0
0
0
-1.8677
0
0
0
0
0
0
-3.0336
0
0
0
0
0
-0.29277
-0.504
-0.36533
-0.10007
-0.47272
-0.717
7.7127
-0.713
-0.23606
-0.21358
-0.67793
-0.68294
-0.55473
0
-0.9748
-1.2078
0
0
0
0
0
0
0
0
0
0
0
0
0
0
-0.24957
-0.56556
-0.33055
-1.055
-0.51137
-0.38611
-0.713
9.9525
-0.66117
-1.1516
-0.66249
-0.6904
-0.52432
0
0
0
0
0
0
0
-2.4513
0
0
0
0
0
0
0
0
0
-0.42959
-0.62973
-0.47792
-0.24498
-0.61267
-0.61224
-0.23606
-0.66117
7.1245
-0.36657
-0.62479
-0.63022
-0.53686
0
-1.0617
0
0
0
0
0
0
0
0
0
0
0
0
0
0
0
-0.68177
-0.67528
-0.37065
-0.4145
-0.58393
-0.42603
-0.21358
-1.1516
-0.36657
8.5541
-0.57818
-0.59986
-0.49191
0
0
0
0
0
0
-2.0002
0
0
0
0
0
0
0
0
0
0
-0.52569
-0.71382
-0.55248
-0.47139
-0.7097
-0.4343
-0.67793
-0.66249
-0.62479
-0.57818
6.7881
-0.23695
-0.60036
0
0
0
0
0
0
0
0
0
0
0
0
0
0
0
0
0
-0.57639
-0.73516
-0.589
-0.44281
-0.73337
-0.68512
-0.68294
-0.6904
-0.63022
-0.59986
-0.23695
6.7022
0
-0.1
0
0
0
0
0
0
0
0
0
0
0
0
0
0
0
0
-0.56316
-1.0141
-0.73371
-0.50442
-0.90304
-0.1
-0.55473
-0.52432
-0.53686
-0.49191
-0.60036
0
9.2408
0
0
0
0
0
0
0
0
0
0
0
-2.7142
0
0
0
0
0
-0.1
-0.1
-0.1
0
0
0
0
0
0
0
0
-0.1
0
14.3016
0
0
0
0
0
-3.2631
-3.5499
-2.913
0
0
0
0
0
0
0
-4.1756
-0.87563
-0.95361
-0.94363
-0.82269
-1.025
0
-0.9748
0
-1.0617
0
0
0
0
0
6.657
0
0
0
0
0
0
0
0
0
0
0
0
0
0
0
-0.94577
-1.0265
-1.0473
-1.0142
-1.1117
0
-1.2078
0
0
0
0
0
0
0
0
6.3533
0
0
0
0
0
0
0
0
0
0
0
0
0
0
-1.6077
0
0
-1.9124
0
0
0
0
0
0
0
0
0
0
0
0
8.8464
-1.7199
0
0
0
0
0
0
0
0
0
-3.6064
0
0
0
0
0
0
0
-1.8677
0
0
0
0
0
0
0
0
0
0
-1.7199
8.7546
-2.6652
0
0
0
-2.5018
0
0
0
0
0
0
0
-3.0234
0
0
0
0
0
0
0
0
0
0
0
0
0
0
0
0
-2.6652
5.6886
0
0
0
0
0
0
0
0
0
0
0
0
0
0
0
0
0
0
0
0
-2.0002
0
0
0
-3.2631
0
0
0
0
0
5.2633
0
0
0
0
0
0
0
0
0
0
0
0
0
0
0
0
0
-2.4513
0
0
0
0
0
-3.5499
0
0
0
0
0
0
6.0012
0
0
0
0
0
0
0
0
0
0
0
0
0
0
0
0
0
0
0
0
0
0
-2.913
0
0
0
0
0
0
0
5.9004
0
-2.9874
0
0
0
0
0
0
0
0
0
0
0
0
0
0
0
0
0
0
0
0
0
0
0
-2.5018
0
0
0
0
5.7926
-3.2908
0
0
0
0
0
0
0
0
0
0
0
0
0
0
0
0
0
0
0
0
0
0
0
0
0
0
0
-2.9874
-3.2908
6.2782
0
0
0
0
0
0
0
0
0
0
0
-3.0336
0
0
0
0
0
0
-2.7142
0
0
0
0
0
0
0
0
0
0
0
5.7478
0
0
0
0
0
0
0
0
0
-4.3691
0
0
0
0
0
0
0
0
0
0
0
0
0
0
0
0
0
0
0
0
4.3691
0
0
0
0
0
0
-3.8104
0
0
0
0
0
0
0
0
0
0
0
0
0
0
0
0
0
0
0
0
0
0
0
3.8104
0
0
0
0
0
0
0
0
0
0
0
0
0
0
0
0
0
0
0
-3.6064
0
0
0
0
0
0
0
0
0
0
3.6064
0
0
0
-4.8239
0
0
0
0
0
0
0
0
0
0
0
0
0
0
0
0
0
0
0
0
0
0
0
0
0
0
4.8239
0
0
0
0
0
0
0
0
0
0
0
0
0
0
-4.1756
0
0
0
0
0
0
0
0
0
0
0
0
0
0
0
4.1756
