16.1456
-0.28794
-1.0929
-0.51477
-0.35544
-1.2324
-0.72045
-0.70636
-0.70306
-0.52202
-0.59011
-0.16822
-0.58709
-0.58926
-0.3928
0
0
0
-1.6563
-0.5565
0
0
0
0
0
0
0
0
-5.47
0
-0.28794
11.7407
-0.19292
-0.13411
-0.40409
-0.90674
-0.13031
-0.12502
-0.12807
-1.0237
-0.13919
-0.4052
-1.1473
-1.1406
-1.5233
-0.10984
-1.1995
0
0
0
-2.743
0
0
0
0
0
0
0
0
0
-1.0929
-0.19292
11.4464
-0.48147
-0.89935
-0.11328
-0.93774
-0.43606
-0.26106
-0.20321
-0.22253
-0.11917
-0.15865
-0.16199
-0.78584
-0.31161
-1.5661
0
0
0
0
0
-3.5025
0
0
0
0
0
0
0
-0.51477
-0.13411
-0.48147
9.8588
-0.16183
-0.14464
-0.16671
-1.0758
-0.99198
-0.19056
-0.15851
-0.3193
-0.20162
-0.19503
-0.13911
-1.7489
0
0
0
-3.2345
0
0
0
0
0
0
0
0
0
0
-0.35544
-0.40409
-0.89935
-0.16183
11.8918
-0.16103
-1.0456
-0.57848
-0.58061
-0.11942
-1.2651
-0.11274
-0.59207
-0.64858
-0.10872
-2.2939
0
-2.5649
0
0
0
0
0
0
0
0
0
0
0
0
-1.2324
-0.90674
-0.11328
-0.14464
-0.16103
11.1422
-0.21076
-0.55028
-0.7622
-0.33117
-0.30153
-1.0583
-0.26949
-0.23106
-0.18823
0
0
0
0
0
0
-1.2566
-3.4244
0
0
0
0
0
0
0
-0.72045
-0.13031
-0.93774
-0.16671
-1.0456
-0.21076
9.2341
-0.26734
-0.20426
-1.7128
-0.27629
-0.11518
-0.69764
-0.31766
-0.44139
-0.60505
-1.3848
0
0
0
0
0
0
0
0
0
0
0
0
0
-0.70636
-0.12502
-0.43606
-1.0758
-0.57848
-0.55028
-0.26734
8.7031
-0.17944
-0.27519
-0.34315
-0.11467
-0.32026
-1.1094
-0.82267
-0.41969
-1.3794
0
0
0
0
0
0
0
0
0
0
0
0
0
-0.70306
-0.12807
-0.26106
-0.99198
-0.58061
-0.7622
-0.20426
-0.17944
8.1322
-0.36552
-0.29229
-0.11486
-0.43577
-0.48227
-0.8424
-0.42436
-1.3641
0
0
0
0
0
0
0
0
0
0
0
0
0
-0.52202
-1.0237
-0.20321
-0.19056
-0.11942
-0.33117
-1.7128
-0.27519
-0.36552
9.4886
-0.2625
-0.25852
-0.45188
-0.52434
-0.25502
0
0
0
0
-2.9927
0
0
0
0
0
0
0
0
0
0
-0.59011
-0.13919
-0.22253
-0.15851
-1.2651
-0.30153
-0.27629
-0.34315
-0.29229
-0.2625
8.0615
-1.629
-0.22081
-0.19322
-0.69861
-1.4687
0
0
0
0
0
0
0
0
0
0
0
0
0
0
-0.16822
-0.4052
-0.11917
-0.3193
-0.11274
-1.0583
-0.11518
-0.11467
-0.11486
-0.25852
-1.629
6.9993
-0.70735
-0.36215
0
0
0
0
-1.5146
0
0
0
0
0
0
0
0
0
0
0
-0.58709
-1.1473
-0.15865
-0.20162
-0.59207
-0.26949
-0.69764
-0.32026
-0.43577
-0.45188
-0.22081
-0.70735
7.417
-0.15785
-1.4692
0
0
0
0
0
0
0
0
0
0
0
0
0
0
0
-0.58926
-1.1406
-0.16199
-0.19503
-0.64858
-0.23106
-0.31766
-1.1094
-0.48227
-0.52434
-0.19322
-0.36215
-0.15785
7.6482
-1.5349
0
0
0
0
0
0
0
0
0
0
0
0
0
0
0
-0.3928
-1.5233
-0.78584
-0.13911
-0.10872
-0.18823
-0.44139
-0.82267
-0.8424
-0.25502
-0.69861
0
-1.4692
-1.5349
11.6766
0
0
-2.4744
0
0
0
0
0
0
0
0
0
0
0
0
0
-0.10984
-0.31161
-1.7489
-2.2939
0
-0.60505
-0.41969
-0.42436
0
-1.4687
0
0
0
0
9.9422
0
0
0
0
-2.5602
0
0
0
0
0
0
0
0
0
0
-1.1995
-1.5661
0
0
0
-1.3848
-1.3794
-1.3641
0
0
0
0
0
0
0
13.7588
0
0
0
-1.9576
0
0
-4.9074
0
0
0
0
0
0
0
0
0
0
-2.5649
0
0
0
0
0
0
0
0
0
-2.4744
0
0
18.5776
0
-1.8966
0
0
0
0
0
0
-5.8218
0
0
-5.8199
-1.6563
0
0
0
0
0
0
0
0
0
0
-1.5146
0
0
0
0
0
0
11.2563
0
0
-3.5548
0
0
-4.5306
0
0
0
0
0
-0.5565
0
0
-3.2345
0
0
0
0
0
-2.9927
0
0
0
0
0
0
0
-1.8966
0
8.6803
0
0
0
0
0
0
0
0
0
0
0
-2.743
0
0
0
0
0
0
0
0
0
0
0
0
0
-2.5602
-1.9576
0
0
0
12.2123
0
0
0
0
-4.9515
0
0
0
0
0
0
0
0
0
-1.2566
0
0
0
0
0
0
0
0
0
0
0
0
-3.5548
0
0
9.3514
0
0
0
0
0
-4.5401
0
0
0
0
-3.5025
0
0
-3.4244
0
0
0
0
0
0
0
0
0
0
0
0
0
0
0
0
6.9269
0
0
0
0
0
0
0
0
0
0
0
0
0
0
0
0
0
0
0
0
0
0
0
-4.9074
0
0
0
0
0
0
6.7409
-1.8335
0
0
0
0
0
0
0
0
0
0
0
0
0
0
0
0
0
0
0
0
0
0
0
-4.5306
0
0
0
0
-1.8335
6.3641
0
0
0
0
0
0
0
0
0
0
0
0
0
0
0
0
0
0
0
0
0
0
0
0
0
-4.9515
0
0
0
0
4.9515
0
0
0
0
0
0
0
0
0
0
0
0
0
0
0
0
0
0
0
0
0
-5.8218
0
0
0
0
0
0
0
0
5.8218
0
0
0
0
0
0
0
0
0
0
0
0
0
0
0
0
0
0
0
0
0
0
0
0
-4.5401
0
0
0
0
0
4.5401
0
0
-5.47
0
0
0
0
0
0
0
0
0
0
0
0
0
0
0
0
0
0
0
0
0
0
0
0
0
0
0
5.47
0
0
0
0
0
0
0
0
0
0
0
0
0
0
0
0
0
0
-5.8199
0
0
0
0
0
0
0
0
0
0
0
5.8199
