16.9966
-0.63292
-0.70963
-0.66628
-0.65012
-0.57382
-0.60554
-0.59962
-0.63377
-0.63377
-0.58983
-0.57047
-0.60565
-0.61738
-0.57434
-0.74318
0
0
0
0
0
0
0
0
0
0
-7.5903
0
0
0
-0.63292
9.2215
-0.67275
-0.63292
-0.62481
-0.55556
-0.57416
-0.5922
-0.61355
-0.61355
-0.58348
-0.55405
-0.58664
-0.58852
-0.53946
-0.72122
0
0
0
0
0
-0.13576
0
0
0
0
0
0
0
0
-0.70963
-0.67275
27.1161
-0.70963
-0.70412
-0.59166
-0.57811
-0.58289
-0.62781
-0.62781
-0.57432
-0.56305
-0.5977
-0.60971
0
0
0
0
0
-0.25515
0
0
0
-9.3559
0
0
0
0
0
-9.3559
-0.66628
-0.63292
-0.70963
16.9966
-0.65012
-0.57382
-0.60554
-0.59962
-0.63377
-0.63377
-0.58983
-0.57047
-0.60565
-0.61738
-0.57434
-0.74318
0
0
0
0
0
0
0
0
0
0
0
-7.5903
0
0
-0.65012
-0.62481
-0.70412
-0.65012
11.2546
-0.56417
-0.59211
-0.59221
-0.62297
-0.62297
-0.58275
-0.56212
-0.59632
-0.59625
-0.5598
-0.73012
0
-2.0036
0
0
0
0
0
0
0
0
0
0
0
0
-0.57382
-0.55556
-0.59166
-0.57382
-0.56417
8.2961
-0.53291
-0.52995
-0.56013
-0.56013
-0.5233
-0.50571
-0.53442
-0.53993
-0.50923
-0.64138
0
0
0
0
0
0
0
0
0
0
0
0
0
0
-0.60554
-0.57416
-0.57811
-0.60554
-0.59211
-0.53291
17.1121
-0.53287
-0.57157
-0.57157
-0.52645
-0.51409
-0.5444
-0.54761
0
0
-2.1195
0
0
0
0
0
0
0
0
-7.6956
0
0
0
0
-0.59962
-0.5922
-0.58289
-0.59962
-0.59221
-0.52995
-0.53287
7.237
-0.61556
-0.61556
-0.54483
-0.51759
-0.55364
0
0
0
0
0
-0.36043
0
0
0
0
0
0
0
0
0
0
0
-0.63377
-0.61355
-0.62781
-0.63377
-0.62297
-0.56013
-0.57157
-0.61556
7.7816
-0.58264
-0.58358
-0.54513
-0.58794
-0.60322
0
0
0
0
0
0
0
0
0
0
0
0
0
0
0
0
-0.63377
-0.61355
-0.62781
-0.63377
-0.62297
-0.56013
-0.57157
-0.61556
-0.58264
7.7816
-0.58358
-0.54513
-0.58794
-0.60322
0
0
0
0
0
0
0
0
0
0
0
0
0
0
0
0
-0.58983
-0.58348
-0.57432
-0.58983
-0.58275
-0.5233
-0.52645
-0.54483
-0.58358
-0.58358
6.5348
-0.49697
0
0
0
0
0
0
-0.35592
0
0
0
0
0
0
0
0
0
0
0
-0.57047
-0.55405
-0.56305
-0.57047
-0.56212
-0.50571
-0.51409
-0.51759
-0.54513
-0.54513
-0.49697
6.4627
-0.51789
0
0
0
0
0
0
0
0
0
0
0
0
0
0
0
0
0
-0.60565
-0.58664
-0.5977
-0.60565
-0.59632
-0.53442
-0.5444
-0.55364
-0.58794
-0.58794
0
-0.51789
6.3182
0
0
0
0
0
0
0
0
0
0
0
0
0
0
0
0
0
-0.61738
-0.58852
-0.60971
-0.61738
-0.59625
-0.53993
-0.54761
0
-0.60322
-0.60322
0
0
0
7.1831
0
0
-1.8599
0
0
0
0
0
0
0
0
0
0
0
0
0
-0.57434
-0.53946
0
-0.57434
-0.5598
-0.50923
0
0
0
0
0
0
0
0
2.8617
0
0
0
0
0
0
0
0
0
0
0
0
0
-0.1045
0
-0.74318
-0.72122
0
-0.74318
-0.73012
-0.64138
0
0
0
0
0
0
0
0
0
3.5791
0
0
0
0
0
0
0
0
0
0
0
0
0
0
0
0
0
0
0
0
-2.1195
0
0
0
0
0
0
-1.8599
0
0
5.8749
0
0
0
0
0
-1.8955
0
0
0
0
0
0
0
0
0
0
0
-2.0036
0
0
0
0
0
0
0
0
0
0
0
0
6.943
0
-1.9907
0
0
-2.9487
0
0
0
0
0
0
0
0
0
0
0
0
0
0
-0.36043
0
0
-0.35592
0
0
0
0
0
0
0
1.1912
0
-0.47485
0
0
0
0
0
0
0
0
0
0
0
-0.25515
0
0
0
0
0
0
0
0
0
0
0
0
0
0
-1.9907
0
3.3296
0
0
0
0
-1.0837
0
0
0
0
0
0
0
0
0
0
0
0
0
0
0
0
0
0
0
0
0
0
0
-0.47485
0
1.3234
-0.84855
0
0
0
0
0
0
0
0
0
-0.13576
0
0
0
0
0
0
0
0
0
0
0
0
0
0
0
0
0
0
-0.84855
0.98431
0
0
0
0
0
0
0
0
0
0
0
0
0
0
0
0
0
0
0
0
0
0
0
0
-1.8955
-2.9487
0
0
0
0
4.8441
0
0
0
0
0
0
0
0
0
-9.3559
0
0
0
0
0
0
0
0
0
0
0
0
0
0
0
0
0
0
0
0
9.3559
0
0
0
0
0
0
0
0
0
0
0
0
0
0
0
0
0
0
0
0
0
0
0
0
0
-1.0837
0
0
0
0
1.0837
0
0
0
0
0
0
0
0
0
0
0
-7.6956
0
0
0
0
0
0
0
0
0
0
0
0
0
0
0
0
0
0
7.6956
0
0
0
0
-7.5903
0
0
0
0
0
0
0
0
0
0
0
0
0
0
0
0
0
0
0
0
0
0
0
0
0
7.5903
0
0
0
0
0
0
-7.5903
0
0
0
0
0
0
0
0
0
0
0
0
0
0
0
0
0
0
0
0
0
0
0
7.5903
0
0
0
0
0
0
0
0
0
0
0
0
0
0
0
0
-0.1045
0
0
0
0
0
0
0
0
0
0
0
0
0
0.1045
0
0
0
-9.3559
0
0
0
0
0
0
0
0
0
0
0
0
0
0
0
0
0
0
0
0
0
0
0
0
0
0
9.3559
