11.3894
-0.67727
-0.66535
-0.67034
-0.67979
-0.67806
-0.67132
-0.67447
-0.67256
-0.67092
-0.67256
-0.67997
-0.64991
-0.67619
-0.66177
-0.72023
0
0
-1.2687
0
0
0
0
0
0
0
0
0
0
0
-0.67727
15.9844
-0.67727
-0.67445
-0.67989
-0.681
-0.6758
-0.67743
-0.67708
-0.6746
-0.67708
-0.68237
-0.65075
-0.68091
-0.66779
-0.73864
0
0
0
-5.792
0
0
0
0
0
0
0
0
0
0
-0.66535
-0.67727
11.3894
-0.67034
-0.67979
-0.67806
-0.67132
-0.67447
-0.67256
-0.67092
-0.67256
-0.67997
-0.64991
-0.67619
-0.66177
-0.72023
0
0
-1.2687
0
0
0
0
0
0
0
0
0
0
0
-0.67034
-0.67445
-0.67034
14.9607
-0.66796
-0.66997
-0.66612
-0.6674
-0.66731
-0.66406
-0.66731
-0.6708
-0.64347
-0.67506
-0.65772
0
0
0
0
0
-5.6284
0
0
0
0
0
0
0
0
0
-0.67979
-0.67989
-0.67979
-0.66796
19.3111
-0.67801
-0.67588
-0.67344
-0.67746
-0.67107
-0.67746
-0.67622
0
0
0
0
0
0
0
0
0
0
0
0
0
0
-5.9371
0
-5.9371
0
-0.67806
-0.681
-0.67806
-0.66997
-0.67801
11.752
-0.67672
-0.6683
-0.67407
-0.6681
-0.67407
0
0
0
0
0
0
-0.59026
0
0
0
0
0
0
0
-4.4154
0
0
0
0
-0.67132
-0.6758
-0.67132
-0.66612
-0.67588
-0.67672
8.0401
-0.66771
-0.66861
-0.66421
-0.66861
-0.67415
0
0
-0.65966
0
0
0
0
0
0
0
0
0
0
0
0
0
0
0
-0.67447
-0.67743
-0.67447
-0.6674
-0.67344
-0.6683
-0.66771
10.4259
-0.67371
0
-0.67371
0
0
0
0
0
-0.57964
0
0
0
0
0
0
-3.7956
0
0
0
0
0
0
-0.67256
-0.67708
-0.67256
-0.66731
-0.67746
-0.67407
-0.66861
-0.67371
6.7158
-0.66412
-0.66838
0
0
0
0
0
0
0
0
0
0
0
0
0
0
0
0
0
0
0
-0.67092
-0.6746
-0.67092
-0.66406
-0.67107
-0.6681
-0.66421
0
-0.66412
9.0859
-0.66412
0
0
0
0
0
0
0
0
0
0
0
-3.0737
0
0
0
0
0
0
0
-0.67256
-0.67708
-0.67256
-0.66731
-0.67746
-0.67407
-0.66861
-0.67371
-0.66838
-0.66412
6.7158
0
0
0
0
0
0
0
0
0
0
0
0
0
0
0
0
0
0
0
-0.67997
-0.68237
-0.67997
-0.6708
-0.67622
0
-0.67415
0
0
0
0
4.7218
0
0
0
0
0
0
0
0
0
0
0
0
-0.65836
0
0
0
0
0
-0.64991
-0.65075
-0.64991
-0.64347
0
0
0
0
0
0
0
0
3.7408
0
0
0
0
-0.59452
0
0
0
0
0
0
0
0
0
-0.55225
0
0
-0.67619
-0.68091
-0.67619
-0.67506
0
0
0
0
0
0
0
0
0
3.314
0
0
-0.60561
0
0
0
0
0
0
0
0
0
0
0
0
0
-0.66177
-0.66779
-0.66177
-0.65772
0
0
-0.65966
0
0
0
0
0
0
0
3.3087
0
0
0
0
0
0
0
0
0
0
0
0
0
0
0
-0.72023
-0.73864
-0.72023
0
0
0
0
0
0
0
0
0
0
0
0
2.1791
0
0
0
0
0
0
0
0
0
0
0
0
0
0
0
0
0
0
0
0
0
-0.57964
0
0
0
0
0
-0.60561
0
0
1.7472
0
0
0
0
0
0
0
0
0
0
0
0
-0.56193
0
0
0
0
0
-0.59026
0
0
0
0
0
0
-0.59452
0
0
0
0
1.7567
0
0
0
-0.57187
0
0
0
0
0
0
0
0
-1.2687
0
-1.2687
0
0
0
0
0
0
0
0
0
0
0
0
0
0
0
2.5374
0
0
0
0
0
0
0
0
0
0
0
0
-5.792
0
0
0
0
0
0
0
0
0
0
0
0
0
0
0
0
0
5.792
0
0
0
0
0
0
0
0
0
0
0
0
0
-5.6284
0
0
0
0
0
0
0
0
0
0
0
0
0
0
0
0
5.6284
0
0
0
0
0
0
0
0
0
0
0
0
0
0
0
0
0
0
0
0
0
0
0
0
0
0
-0.57187
0
0
0
0.57187
0
0
0
0
0
0
0
0
0
0
0
0
0
0
0
0
0
-3.0737
0
0
0
0
0
0
0
0
0
0
0
0
3.0737
0
0
0
0
0
0
0
0
0
0
0
0
0
0
-3.7956
0
0
0
0
0
0
0
0
0
0
0
0
0
0
0
3.7956
0
0
0
0
0
0
0
0
0
0
0
0
0
0
0
0
0
-0.65836
0
0
0
0
0
0
0
0
0
0
0
0
0.65836
0
0
0
0
0
0
0
0
0
0
-4.4154
0
0
0
0
0
0
0
0
0
0
0
0
0
0
0
0
0
0
0
4.4154
0
0
0
0
0
0
0
0
-5.9371
0
0
0
0
0
0
0
0
0
0
0
0
0
0
0
0
0
0
0
0
0
5.9371
0
0
0
0
0
0
0
0
0
0
0
0
0
0
0
-0.55225
0
0
0
0
0
0
0
0
0
0
0
0
0
0
0.55225
0
0
0
0
0
0
-5.9371
0
0
0
0
0
0
0
0
0
0
0
0
0
0
0
0
0
0
0
0
0
0
0
5.9371
0
0
0
0
0
0
0
0
0
0
0
0
0
0
0
0
0
-0.56193
0
0
0
0
0
0
0
0
0
0
0
0
0.56193
