22.7442
-0.7119
-0.72049
-0.72049
-0.72986
-0.73499
-0.70934
-0.7243
-0.77515
-0.78003
-0.78003
-0.72134
-0.68772
-0.77036
-0.77036
-0.77036
-0.77036
0
0
0
-1.8668
-1.8668
-1.8668
-5.2669
0
0
0
0
0
0
-0.7119
17.1325
-0.71287
-0.71287
-0.73112
-0.7279
-0.71333
-0.72652
-0.76549
-0.76702
-0.76702
-0.71532
-0.68799
-0.75261
-0.75261
-0.75261
-0.75261
0
0
0
-1.7942
-1.7942
-1.7942
0
0
0
0
0
0
0
-0.72049
-0.71287
11.6585
-0.70302
-0.72285
-0.72062
-0.70776
-0.71895
-0.75631
-0.75754
-0.75754
-0.71673
-0.68196
-0.74548
-0.74548
-0.74548
-0.74548
0
0
0
0
0
0
0
0
0
0
0
0
0
-0.72049
-0.71287
-0.70302
11.6585
-0.72285
-0.72062
-0.70776
-0.71895
-0.75631
-0.75754
-0.75754
-0.71673
-0.68196
-0.74548
-0.74548
-0.74548
-0.74548
0
0
0
0
0
0
0
0
0
0
0
0
0
-0.72986
-0.73112
-0.72285
-0.72285
15.4896
-0.71917
-0.68652
-0.70334
-0.75342
-0.76284
-0.76284
0
0
0
0
0
0
0
0
0
0
0
0
0
0
-4.0974
0
0
-4.0974
0
-0.73499
-0.7279
-0.72062
-0.72062
-0.71917
7.2755
-0.7072
-0.71845
-0.74063
-0.74294
-0.74294
0
0
0
0
0
0
0
0
0
0
0
0
0
0
0
0
0
0
0
-0.70934
-0.71333
-0.70776
-0.70776
-0.68652
-0.7072
11.7068
0
-0.72391
0
0
0
0
0
0
0
0
0
0
0
0
0
0
0
0
0
0
-3.3755
0
-3.3755
-0.7243
-0.72652
-0.71895
-0.71895
-0.70334
-0.71845
0
6.3319
0
0
0
0
0
0
0
0
0
0
-0.55225
0
0
0
0
0
-1.4691
0
0
0
0
0
-0.77515
-0.76549
-0.75631
-0.75631
-0.75342
-0.74063
-0.72391
0
5.2712
0
0
0
0
0
0
0
0
0
0
0
0
0
0
0
0
0
0
0
0
0
-0.78003
-0.76702
-0.75754
-0.75754
-0.76284
-0.74294
0
0
0
4.5679
0
0
0
0
0
0
0
0
0
0
0
0
0
0
0
0
0
0
0
0
-0.78003
-0.76702
-0.75754
-0.75754
-0.76284
-0.74294
0
0
0
0
4.5679
0
0
0
0
0
0
0
0
0
0
0
0
0
0
0
0
0
0
0
-0.72134
-0.71532
-0.71673
-0.71673
0
0
0
0
0
0
0
3.4521
0
0
0
0
0
-0.58194
0
0
0
0
0
0
0
0
0
0
0
0
-0.68772
-0.68799
-0.68196
-0.68196
0
0
0
0
0
0
0
0
3.307
0
0
0
0
0
0
0
0
0
0
0
0
0
-0.56739
0
0
0
-0.77036
-0.75261
-0.74548
-0.74548
0
0
0
0
0
0
0
0
0
3.0139
0
0
0
0
0
0
0
0
0
0
0
0
0
0
0
0
-0.77036
-0.75261
-0.74548
-0.74548
0
0
0
0
0
0
0
0
0
0
3.0139
0
0
0
0
0
0
0
0
0
0
0
0
0
0
0
-0.77036
-0.75261
-0.74548
-0.74548
0
0
0
0
0
0
0
0
0
0
0
3.0139
0
0
0
0
0
0
0
0
0
0
0
0
0
0
-0.77036
-0.75261
-0.74548
-0.74548
0
0
0
0
0
0
0
0
0
0
0
0
3.0139
0
0
0
0
0
0
0
0
0
0
0
0
0
0
0
0
0
0
0
0
0
0
0
0
-0.58194
0
0
0
0
0
1.1872
0
-0.60525
0
0
0
0
0
0
0
0
0
0
0
0
0
0
0
0
0
-0.55225
0
0
0
0
0
0
0
0
0
0
1.1542
-0.60194
0
0
0
0
0
0
0
0
0
0
0
0
0
0
0
0
0
0
0
0
0
0
0
0
0
0
0
-0.60525
-0.60194
1.2072
0
0
0
0
0
0
0
0
0
0
-1.8668
-1.7942
0
0
0
0
0
0
0
0
0
0
0
0
0
0
0
0
0
0
3.661
0
0
0
0
0
0
0
0
0
-1.8668
-1.7942
0
0
0
0
0
0
0
0
0
0
0
0
0
0
0
0
0
0
0
3.661
0
0
0
0
0
0
0
0
-1.8668
-1.7942
0
0
0
0
0
0
0
0
0
0
0
0
0
0
0
0
0
0
0
0
3.661
0
0
0
0
0
0
0
-5.2669
0
0
0
0
0
0
0
0
0
0
0
0
0
0
0
0
0
0
0
0
0
0
5.2669
0
0
0
0
0
0
0
0
0
0
0
0
0
-1.4691
0
0
0
0
0
0
0
0
0
0
0
0
0
0
0
0
1.4691
0
0
0
0
0
0
0
0
0
-4.0974
0
0
0
0
0
0
0
0
0
0
0
0
0
0
0
0
0
0
0
0
4.0974
0
0
0
0
0
0
0
0
0
0
0
0
0
0
0
0
-0.56739
0
0
0
0
0
0
0
0
0
0
0
0
0
0.56739
0
0
0
0
0
0
0
0
0
-3.3755
0
0
0
0
0
0
0
0
0
0
0
0
0
0
0
0
0
0
0
0
3.3755
0
0
0
0
0
0
-4.0974
0
0
0
0
0
0
0
0
0
0
0
0
0
0
0
0
0
0
0
0
0
0
0
4.0974
0
0
0
0
0
0
0
-3.3755
0
0
0
0
0
0
0
0
0
0
0
0
0
0
0
0
0
0
0
0
0
0
3.3755
