25.8364
-0.90065
-0.90065
-0.94737
-0.94737
-0.94737
-0.92057
-0.89428
-0.89428
-0.89428
-0.93431
-0.95347
-0.87781
-0.87781
-0.89574
-0.89574
-0.98519
-0.89092
-0.89092
-1.0098
-0.95934
-1.3889
-1.3889
-0.97306
-1.8338
-1.8338
0
0
0
0
-0.90065
25.8364
-0.90065
-0.94737
-0.94737
-0.94737
-0.92057
-0.89428
-0.89428
-0.89428
-0.93431
-0.95347
-0.87781
-0.87781
-0.89574
-0.89574
-0.98519
-0.89092
-0.89092
-1.0098
-0.95934
-1.3889
-1.3889
-0.97306
-1.8338
-1.8338
0
0
0
0
-0.90065
-0.90065
25.8364
-0.94737
-0.94737
-0.94737
-0.92057
-0.89428
-0.89428
-0.89428
-0.93431
-0.95347
-0.87781
-0.87781
-0.89574
-0.89574
-0.98519
-0.89092
-0.89092
-1.0098
-0.95934
-1.3889
-1.3889
-0.97306
-1.8338
-1.8338
0
0
0
0
-0.94737
-0.94737
-0.94737
19.0621
-0.97907
-0.97907
-0.95278
-0.92521
-0.92521
-0.92521
-0.97044
-0.9881
-0.90827
-0.90827
-0.92708
-0.92708
-1.0207
-0.92195
-0.92195
-1.0455
-0.99408
0
0
0
0
0
0
0
0
0
-0.94737
-0.94737
-0.94737
-0.97907
19.0621
-0.97907
-0.95278
-0.92521
-0.92521
-0.92521
-0.97044
-0.9881
-0.90827
-0.90827
-0.92708
-0.92708
-1.0207
-0.92195
-0.92195
-1.0455
-0.99408
0
0
0
0
0
0
0
0
0
-0.94737
-0.94737
-0.94737
-0.97907
-0.97907
19.0621
-0.95278
-0.92521
-0.92521
-0.92521
-0.97044
-0.9881
-0.90827
-0.90827
-0.92708
-0.92708
-1.0207
-0.92195
-0.92195
-1.0455
-0.99408
0
0
0
0
0
0
0
0
0
-0.92057
-0.92057
-0.92057
-0.95278
-0.95278
-0.95278
17.5314
-0.89504
-0.89504
-0.89504
-0.93703
-0.95554
-0.87902
-0.87902
-0.89699
-0.89699
-0.98648
-0.89199
-0.89199
-1.0112
0
0
0
0
0
0
0
0
0
0
-0.89428
-0.89428
-0.89428
-0.92521
-0.92521
-0.92521
-0.89504
16.0113
-0.8592
-0.8592
-0.90314
-0.92401
-0.85021
-0.85021
-0.86736
-0.86736
-0.95233
-0.86235
-0.86235
0
0
0
0
0
0
0
0
0
0
0
-0.89428
-0.89428
-0.89428
-0.92521
-0.92521
-0.92521
-0.89504
-0.8592
16.0113
-0.8592
-0.90314
-0.92401
-0.85021
-0.85021
-0.86736
-0.86736
-0.95233
-0.86235
-0.86235
0
0
0
0
0
0
0
0
0
0
0
-0.89428
-0.89428
-0.89428
-0.92521
-0.92521
-0.92521
-0.89504
-0.8592
-0.8592
16.0113
-0.90314
-0.92401
-0.85021
-0.85021
-0.86736
-0.86736
-0.95233
-0.86235
-0.86235
0
0
0
0
0
0
0
0
0
0
0
-0.93431
-0.93431
-0.93431
-0.97044
-0.97044
-0.97044
-0.93703
-0.90314
-0.90314
-0.90314
14.331
-1.0132
-0.89401
-0.89401
-0.9124
-0.9124
0
0
0
0
0
0
0
0
0
0
-0.34424
0
0
0
-0.95347
-0.95347
-0.95347
-0.9881
-0.9881
-0.9881
-0.95554
-0.92401
-0.92401
-0.92401
-1.0132
15.295
-0.91412
-0.91412
-0.9331
-0.9331
-1.0351
0
0
0
0
0
0
0
0
0
0
0
0
0
-0.87781
-0.87781
-0.87781
-0.90827
-0.90827
-0.90827
-0.87902
-0.85021
-0.85021
-0.85021
-0.89401
-0.91412
13.0476
-0.80655
-0.82251
-0.82251
0
0
0
0
0
0
0
0
0
0
0
0
0
0
-0.87781
-0.87781
-0.87781
-0.90827
-0.90827
-0.90827
-0.87902
-0.85021
-0.85021
-0.85021
-0.89401
-0.91412
-0.80655
13.0476
-0.82251
-0.82251
0
0
0
0
0
0
0
0
0
0
0
0
0
0
-0.89574
-0.89574
-0.89574
-0.92708
-0.92708
-0.92708
-0.89699
-0.86736
-0.86736
-0.86736
-0.9124
-0.9331
-0.82251
-0.82251
12.458
0
0
0
0
0
0
0
0
0
0
0
0
0
0
0
-0.89574
-0.89574
-0.89574
-0.92708
-0.92708
-0.92708
-0.89699
-0.86736
-0.86736
-0.86736
-0.9124
-0.9331
-0.82251
-0.82251
0
12.458
0
0
0
0
0
0
0
0
0
0
0
0
0
0
-0.98519
-0.98519
-0.98519
-1.0207
-1.0207
-1.0207
-0.98648
-0.95233
-0.95233
-0.95233
0
-1.0351
0
0
0
0
10.8963
0
0
0
0
0
0
0
0
0
0
0
0
0
-0.89092
-0.89092
-0.89092
-0.92195
-0.92195
-0.92195
-0.89199
-0.86235
-0.86235
-0.86235
0
0
0
0
0
0
0
8.9177
0
0
0
0
0
0
0
0
0
0
0
0
-0.89092
-0.89092
-0.89092
-0.92195
-0.92195
-0.92195
-0.89199
-0.86235
-0.86235
-0.86235
0
0
0
0
0
0
0
0
8.9177
0
0
0
0
0
0
0
0
0
0
0
-1.0098
-1.0098
-1.0098
-1.0455
-1.0455
-1.0455
-1.0112
0
0
0
0
0
0
0
0
0
0
0
0
7.1772
0
0
0
0
0
0
0
0
0
0
-0.95934
-0.95934
-0.95934
-0.99408
-0.99408
-0.99408
0
0
0
0
0
0
0
0
0
0
0
0
0
0
5.8603
0
0
0
0
0
0
0
0
0
-1.3889
-1.3889
-1.3889
0
0
0
0
0
0
0
0
0
0
0
0
0
0
0
0
0
0
8.2254
0
0
0
0
0
-4.0587
0
0
-1.3889
-1.3889
-1.3889
0
0
0
0
0
0
0
0
0
0
0
0
0
0
0
0
0
0
0
8.2254
0
0
0
0
0
-4.0587
0
-0.97306
-0.97306
-0.97306
0
0
0
0
0
0
0
0
0
0
0
0
0
0
0
0
0
0
0
0
5.064
0
0
-2.1448
0
0
0
-1.8338
-1.8338
-1.8338
0
0
0
0
0
0
0
0
0
0
0
0
0
0
0
0
0
0
0
0
0
5.5015
0
0
0
0
0
-1.8338
-1.8338
-1.8338
0
0
0
0
0
0
0
0
0
0
0
0
0
0
0
0
0
0
0
0
0
0
5.5015
0
0
0
0
0
0
0
0
0
0
0
0
0
0
-0.34424
0
0
0
0
0
0
0
0
0
0
0
0
-2.1448
0
0
2.5935
0
0
-0.1045
0
0
0
0
0
0
0
0
0
0
0
0
0
0
0
0
0
0
0
0
0
-4.0587
0
0
0
0
0
4.0587
0
0
0
0
0
0
0
0
0
0
0
0
0
0
0
0
0
0
0
0
0
0
0
0
-4.0587
0
0
0
0
0
4.0587
0
0
0
0
0
0
0
0
0
0
0
0
0
0
0
0
0
0
0
0
0
0
0
0
0
0
0
-0.1045
0
0
0.1045
