36.7359
-0.63219
-0.63219
-0.60612
-0.63756
-0.61325
-0.58515
-0.58515
-0.63971
-0.65522
-0.58539
-0.59741
-0.62738
-0.64141
-0.68455
-0.57794
0
-1.1974
-0.6793
-0.98472
0
0
0
0
0
0
-12.2869
0
-12.2869
0
-0.63219
11.9273
-0.60102
-0.60893
-0.61129
-0.60557
-0.56253
-0.56253
-0.6416
-0.62783
-0.56073
-0.58466
-0.60028
-0.66346
-0.65082
-0.54868
0
-1.2996
-0.67124
-0.89438
0
0
0
0
0
0
0
0
0
0
-0.63219
-0.60102
11.9273
-0.60893
-0.61129
-0.60557
-0.56253
-0.56253
-0.6416
-0.62783
-0.56073
-0.58466
-0.60028
-0.66346
-0.65082
-0.54868
0
-1.2996
-0.67124
-0.89438
0
0
0
0
0
0
0
0
0
0
-0.60612
-0.60893
-0.60893
9.3254
-0.60125
-0.60575
-0.54972
-0.54972
-0.61318
-0.61511
-0.55004
-0.57141
-0.58819
-0.62775
-0.63829
-0.5397
-0.18512
0
0
0
-0.26622
0
0
0
0
0
0
0
0
0
-0.63756
-0.61129
-0.61129
-0.60125
9.8667
-0.61188
-0.55089
-0.55089
-0.63596
-0.6172
-0.55013
-0.57472
-0.58956
-0.66174
-0.63795
-0.53779
0
0
0
-0.88657
0
0
0
0
0
0
0
0
0
0
-0.61325
-0.60557
-0.60557
-0.60575
-0.61188
9.1516
-0.5466
-0.5466
-0.61766
-0.61387
-0.54682
-0.56609
-0.5866
-0.63706
-0.63674
-0.53699
0
0
0
0
0
0
-0.27458
0
0
0
0
0
0
0
-0.58515
-0.56253
-0.56253
-0.54972
-0.55089
-0.5466
8.1845
-0.48818
-0.57072
-0.56042
-0.4973
-0.51847
-0.53338
-0.59551
-0.57703
-0.48604
0
0
0
0
0
0
0
0
0
0
0
0
0
0
-0.58515
-0.56253
-0.56253
-0.54972
-0.55089
-0.5466
-0.48818
8.1845
-0.57072
-0.56042
-0.4973
-0.51847
-0.53338
-0.59551
-0.57703
-0.48604
0
0
0
0
0
0
0
0
0
0
0
0
0
0
-0.63971
-0.6416
-0.6416
-0.61318
-0.63596
-0.61766
-0.57072
-0.57072
15.7976
-0.69087
-0.5469
-0.58922
-0.60449
0
0
0
0
0
0
0
0
0
0
0
0
0
0
0
0
-8.435
-0.65522
-0.62783
-0.62783
-0.61511
-0.6172
-0.61387
-0.56042
-0.56042
-0.69087
7.9862
-0.54617
-0.59354
-0.60069
0
-0.677
0
0
0
0
0
0
0
0
0
0
0
0
0
0
0
-0.58539
-0.56073
-0.56073
-0.55004
-0.55013
-0.54682
-0.4973
-0.4973
-0.5469
-0.54617
6.4233
-0.48011
-0.50166
0
0
0
0
0
0
0
0
0
0
0
0
0
0
0
0
0
-0.59741
-0.58466
-0.58466
-0.57141
-0.57472
-0.56609
-0.51847
-0.51847
-0.58922
-0.59354
-0.48011
6.3916
0
0
0
0
-0.2128
0
0
0
0
0
0
0
0
0
0
0
0
0
-0.62738
-0.60028
-0.60028
-0.58819
-0.58956
-0.5866
-0.53338
-0.53338
-0.60449
-0.60069
-0.50166
0
6.3659
0
0
0
0
0
0
0
0
0
0
0
0
0
0
0
0
0
-0.64141
-0.66346
-0.66346
-0.62775
-0.66174
-0.63706
-0.59551
-0.59551
0
0
0
0
0
10.8803
0
0
0
0
0
0
0
0
0
-5.7944
0
0
0
0
0
0
-0.68455
-0.65082
-0.65082
-0.63829
-0.63795
-0.63674
-0.57703
-0.57703
0
-0.677
0
0
0
0
5.7302
0
0
0
0
0
0
0
0
0
0
0
0
0
0
0
-0.57794
-0.54868
-0.54868
-0.5397
-0.53779
-0.53699
-0.48604
-0.48604
0
0
0
0
0
0
0
4.2619
0
0
0
0
0
0
0
0
0
0
0
0
0
0
0
0
0
-0.18512
0
0
0
0
0
0
0
-0.2128
0
0
0
0
14.6664
0
-0.44077
0
0
0
0
0
-6.9139
-6.9139
0
0
0
0
-1.1974
-1.2996
-1.2996
0
0
0
0
0
0
0
0
0
0
0
0
0
0
5.5867
0
0
0
0
0
0
0
0
0
-1.7901
0
0
-0.6793
-0.67124
-0.67124
0
0
0
0
0
0
0
0
0
0
0
0
0
-0.44077
0
2.4625
0
0
0
0
0
0
0
0
0
0
0
-0.98472
-0.89438
-0.89438
0
-0.88657
0
0
0
0
0
0
0
0
0
0
0
0
0
0
3.6601
0
0
0
0
0
0
0
0
0
0
0
0
0
-0.26622
0
0
0
0
0
0
0
0
0
0
0
0
0
0
0
0
0.63424
-0.36802
0
0
0
0
0
0
0
0
0
0
0
0
0
0
0
0
0
0
0
0
0
0
0
0
0
0
0
0
-0.36802
0.76105
-0.39303
0
0
0
0
0
0
0
0
0
0
0
0
-0.27458
0
0
0
0
0
0
0
0
0
0
0
0
0
0
0
-0.39303
0.66761
0
0
0
0
0
0
0
0
0
0
0
0
0
0
0
0
0
0
0
0
-5.7944
0
0
0
0
0
0
0
0
0
5.7944
0
0
0
0
0
0
0
0
0
0
0
0
0
0
0
0
0
0
0
0
0
0
-6.9139
0
0
0
0
0
0
0
6.9139
0
0
0
0
0
0
0
0
0
0
0
0
0
0
0
0
0
0
0
0
0
-6.9139
0
0
0
0
0
0
0
0
6.9139
0
0
0
0
-12.2869
0
0
0
0
0
0
0
0
0
0
0
0
0
0
0
0
0
0
0
0
0
0
0
0
0
12.2869
0
0
0
0
0
0
0
0
0
0
0
0
0
0
0
0
0
0
0
0
-1.7901
0
0
0
0
0
0
0
0
0
1.7901
0
0
-12.2869
0
0
0
0
0
0
0
0
0
0
0
0
0
0
0
0
0
0
0
0
0
0
0
0
0
0
0
12.2869
0
0
0
0
0
0
0
0
0
-8.435
0
0
0
0
0
0
0
0
0
0
0
0
0
0
0
0
0
0
0
0
8.435
