19.9061
-0.65969
-0.60212
-0.59667
-0.61401
-0.61401
-0.60129
-0.60352
-0.59036
-0.5808
-0.58383
-0.61922
-0.58092
-0.59713
-0.64758
-0.67414
-0.48977
0
-0.46781
0
0
0
0
0
0
0
0
0
0
-9.7832
-0.65969
19.9061
-0.60212
-0.59667
-0.61401
-0.61401
-0.60129
-0.60352
-0.59036
-0.5808
-0.58383
-0.61922
-0.58092
-0.59713
-0.64758
-0.67414
-0.48977
0
-0.46781
0
0
0
0
0
-9.7832
0
0
0
0
0
-0.60212
-0.60212
9.3683
-0.55328
-0.56401
-0.56401
-0.55295
-0.5565
-0.543
-0.53765
-0.53647
-0.57174
-0.53851
-0.54825
-0.59276
-0.61639
-0.4654
0
-0.42308
0
0
0
0
0
0
0
0
0
0
0
-0.59667
-0.59667
-0.55328
9.0675
-0.5558
-0.5558
-0.54952
-0.5476
-0.53948
-0.53705
-0.5333
-0.56213
-0.52911
-0.54557
-0.59052
-0.61451
-0.48717
-0.17334
0
0
0
0
0
0
0
0
0
0
0
0
-0.61401
-0.61401
-0.56401
-0.5558
17.2887
-0.57345
-0.55856
-0.55637
-0.5474
-0.53247
-0.54019
-0.57036
-0.53592
-0.55254
-0.60005
-0.62545
0
0
0
0
0
0
0
0
0
0
-8.7481
0
0
0
-0.61401
-0.61401
-0.56401
-0.5558
-0.57345
17.2887
-0.55856
-0.55637
-0.5474
-0.53247
-0.54019
-0.57036
-0.53592
-0.55254
-0.60005
-0.62545
0
0
0
0
0
0
0
0
0
0
0
-8.7481
0
0
-0.60129
-0.60129
-0.55295
-0.54952
-0.55856
-0.55856
8.4434
-0.55488
-0.54097
-0.53382
-0.5336
-0.56818
-0.53589
-0.54575
-0.59179
-0.61632
0
0
0
0
0
0
0
0
0
0
0
0
0
0
-0.60352
-0.60352
-0.5565
-0.5476
-0.55637
-0.55637
-0.55488
14.4746
-0.55574
-0.54127
-0.51799
-0.53876
-0.51022
-0.52829
0
0
0
0
0
0
0
0
0
0
0
0
0
0
-7.3036
0
-0.59036
-0.59036
-0.543
-0.53948
-0.5474
-0.5474
-0.54097
-0.55574
7.6589
-0.53542
-0.51361
-0.54178
-0.51334
-0.52413
-0.57592
0
0
0
0
0
0
0
0
0
0
0
0
0
0
0
-0.5808
-0.5808
-0.53765
-0.53705
-0.53247
-0.53247
-0.53382
-0.54127
-0.53542
7.3097
-0.49951
-0.51771
-0.49166
-0.50965
0
0
0
0
0
-0.37941
0
0
0
0
0
0
0
0
0
0
-0.58383
-0.58383
-0.53647
-0.5333
-0.54019
-0.54019
-0.5336
-0.51799
-0.51361
-0.49951
6.469
-0.53947
0
-0.547
0
0
0
0
0
0
0
0
0
0
0
0
0
0
0
0
-0.61922
-0.61922
-0.57174
-0.56213
-0.57036
-0.57036
-0.56818
-0.53876
-0.54178
-0.51771
-0.53947
11.3316
0
0
0
0
0
0
0
0
0
0
0
-5.1127
0
0
0
0
0
0
-0.58092
-0.58092
-0.53851
-0.52911
-0.53592
-0.53592
-0.53589
-0.51022
-0.51334
-0.49166
0
0
9.1704
0
0
0
0
0
0
0
0
0
0
0
0
-3.818
0
0
0
0
-0.59713
-0.59713
-0.54825
-0.54557
-0.55254
-0.55254
-0.54575
-0.52829
-0.52413
-0.50965
-0.547
0
0
6.048
0
0
0
0
0
0
0
0
0
0
0
0
0
0
0
0
-0.64758
-0.64758
-0.59276
-0.59052
-0.60005
-0.60005
-0.59179
0
-0.57592
0
0
0
0
0
4.8462
0
0
0
0
0
0
0
0
0
0
0
0
0
0
0
-0.67414
-0.67414
-0.61639
-0.61451
-0.62545
-0.62545
-0.61632
0
0
0
0
0
0
0
0
4.4464
0
0
0
0
0
0
0
0
0
0
0
0
0
0
-0.48977
-0.48977
-0.4654
-0.48717
0
0
0
0
0
0
0
0
0
0
0
0
2.3946
-0.21337
0
0
0
-0.24917
0
0
0
0
0
0
0
0
0
0
0
-0.17334
0
0
0
0
0
0
0
0
0
0
0
0
-0.21337
0.49121
0
0
0
0
-0.1045
0
0
0
0
0
0
0
-0.46781
-0.46781
-0.42308
0
0
0
0
0
0
0
0
0
0
0
0
0
0
0
1.3587
0
0
0
0
0
0
0
0
0
0
0
0
0
0
0
0
0
0
0
0
-0.37941
0
0
0
0
0
0
0
0
0
3.7284
-3.349
0
0
0
0
0
0
0
0
0
0
0
0
0
0
0
0
0
0
0
0
0
0
0
0
0
0
0
0
-3.349
7.351
-4.002
0
0
0
0
0
0
0
0
0
0
0
0
0
0
0
0
0
0
0
0
0
0
0
0
-0.24917
0
0
0
-4.002
4.2512
0
0
0
0
0
0
0
0
0
0
0
0
0
0
0
0
0
0
0
0
0
0
0
0
0
-0.1045
0
0
0
0
0.1045
0
0
0
0
0
0
0
0
0
0
0
0
0
0
0
0
0
0
-5.1127
0
0
0
0
0
0
0
0
0
0
0
5.1127
0
0
0
0
0
0
0
-9.7832
0
0
0
0
0
0
0
0
0
0
0
0
0
0
0
0
0
0
0
0
0
0
9.7832
0
0
0
0
0
0
0
0
0
0
0
0
0
0
0
0
0
-3.818
0
0
0
0
0
0
0
0
0
0
0
0
3.818
0
0
0
0
0
0
0
0
-8.7481
0
0
0
0
0
0
0
0
0
0
0
0
0
0
0
0
0
0
0
0
0
8.7481
0
0
0
0
0
0
0
0
-8.7481
0
0
0
0
0
0
0
0
0
0
0
0
0
0
0
0
0
0
0
0
0
8.7481
0
0
0
0
0
0
0
0
0
-7.3036
0
0
0
0
0
0
0
0
0
0
0
0
0
0
0
0
0
0
0
0
7.3036
0
-9.7832
0
0
0
0
0
0
0
0
0
0
0
0
0
0
0
0
0
0
0
0
0
0
0
0
0
0
0
0
9.7832
