14.2897
-0.85913
-0.90046
-0.76114
-0.73204
-0.74219
-0.73204
-0.73204
-0.78809
-0.73189
-0.73189
-0.7998
-0.81096
-0.74504
-0.74504
-0.74504
-0.76292
-0.77909
-0.8506
0
0
0
-0.34027
0
0
0
0
0
0
0
-0.85913
23.8037
-0.9039
-0.78606
-0.75237
-0.76176
-0.75237
-0.75237
-0.81439
-0.7521
-0.7521
-0.82501
-0.83431
-0.76561
-0.76561
-0.76561
-0.78035
-0.8037
-0.8797
0
0
0
0
0
0
0
-9.4973
0
0
0
-0.90046
-0.9039
22.9873
-0.79683
-0.78071
-0.7755
-0.78071
-0.78071
-0.79356
-0.74888
-0.74888
-0.80319
-0.82993
-0.76331
-0.76331
-0.76331
-0.75748
0
0
-0.27084
0
-0.34442
0
0
0
-9.6814
0
0
0
0
-0.76114
-0.78606
-0.79683
20.8961
-0.67998
-0.67351
-0.67998
-0.67998
-0.68985
-0.64961
-0.64961
-0.70332
-0.71615
-0.66016
-0.66016
-0.66016
-0.66754
-0.69318
0
0
0
0
0
0
-9.0889
0
0
0
0
0
-0.73204
-0.75237
-0.78071
-0.67998
12.2229
-0.6599
-0.63066
-0.63066
-0.68111
-0.63536
-0.63536
-0.69532
-0.70029
-0.64538
-0.64538
-0.64538
-0.66705
-0.67382
-0.73217
0
0
0
0
0
0
0
0
0
0
0
-0.74219
-0.76176
-0.7755
-0.67351
-0.6599
11.7713
-0.6599
-0.6599
-0.67274
-0.63346
-0.63346
-0.6872
-0.69788
-0.64361
-0.64361
-0.64361
-0.65823
-0.67263
0
-0.25221
0
0
0
0
0
0
0
0
0
0
-0.73204
-0.75237
-0.78071
-0.67998
-0.63066
-0.6599
12.2229
-0.63066
-0.68111
-0.63536
-0.63536
-0.69532
-0.70029
-0.64538
-0.64538
-0.64538
-0.66705
-0.67382
-0.73217
0
0
0
0
0
0
0
0
0
0
0
-0.73204
-0.75237
-0.78071
-0.67998
-0.63066
-0.6599
-0.63066
12.2229
-0.68111
-0.63536
-0.63536
-0.69532
-0.70029
-0.64538
-0.64538
-0.64538
-0.66705
-0.67382
-0.73217
0
0
0
0
0
0
0
0
0
0
0
-0.78809
-0.81439
-0.79356
-0.68985
-0.68111
-0.67274
-0.68111
-0.68111
19.0551
-0.70093
-0.70093
-0.77029
-0.77647
-0.71655
-0.71655
-0.71655
0
0
0
0
0
0
0
0
0
0
0
0
0
-8.1549
-0.73189
-0.7521
-0.74888
-0.64961
-0.63536
-0.63346
-0.63536
-0.63536
-0.70093
10.1108
-0.62816
-0.70046
-0.70486
-0.65146
-0.65146
-0.65146
0
0
0
0
0
0
0
0
0
0
0
0
0
0
-0.73189
-0.7521
-0.74888
-0.64961
-0.63536
-0.63346
-0.63536
-0.63536
-0.70093
-0.62816
10.1108
-0.70046
-0.70486
-0.65146
-0.65146
-0.65146
0
0
0
0
0
0
0
0
0
0
0
0
0
0
-0.7998
-0.82501
-0.80319
-0.70332
-0.69532
-0.6872
-0.69532
-0.69532
-0.77029
-0.70046
-0.70046
15.341
-0.72162
0
0
0
0
0
0
0
0
0
0
0
0
0
0
0
-6.5437
0
-0.81096
-0.83431
-0.82993
-0.71615
-0.70029
-0.69788
-0.70029
-0.70029
-0.77647
-0.70486
-0.70486
-0.72162
8.8979
0
0
0
0
0
0
0
0
0
0
0
0
0
0
0
0
0
-0.74504
-0.76561
-0.76331
-0.66016
-0.64538
-0.64361
-0.64538
-0.64538
-0.71655
-0.65146
-0.65146
0
0
7.5333
0
0
0
0
0
0
0
0
0
0
0
0
0
0
0
0
-0.74504
-0.76561
-0.76331
-0.66016
-0.64538
-0.64361
-0.64538
-0.64538
-0.71655
-0.65146
-0.65146
0
0
0
7.5333
0
0
0
0
0
0
0
0
0
0
0
0
0
0
0
-0.74504
-0.76561
-0.76331
-0.66016
-0.64538
-0.64361
-0.64538
-0.64538
-0.71655
-0.65146
-0.65146
0
0
0
0
7.5333
0
0
0
0
0
0
0
0
0
0
0
0
0
0
-0.76292
-0.78035
-0.75748
-0.66754
-0.66705
-0.65823
-0.66705
-0.66705
0
0
0
0
0
0
0
0
8.0728
0
0
0
0
0
0
0
0
0
0
-2.4451
0
0
-0.77909
-0.8037
0
-0.69318
-0.67382
-0.67263
-0.67382
-0.67382
0
0
0
0
0
0
0
0
0
4.9701
0
0
0
0
0
0
0
0
0
0
0
0
-0.8506
-0.8797
0
0
-0.73217
0
-0.73217
-0.73217
0
0
0
0
0
0
0
0
0
0
3.9268
0
0
0
0
0
0
0
0
0
0
0
0
0
-0.27084
0
0
-0.25221
0
0
0
0
0
0
0
0
0
0
0
0
0
0.62754
0
0
0
-0.1045
0
0
0
0
0
0
0
0
0
0
0
0
0
0
0
0
0
0
0
0
0
0
0
0
0
0
3.8348
-1.8855
-1.9492
0
0
0
0
0
0
0
0
0
-0.34442
0
0
0
0
0
0
0
0
0
0
0
0
0
0
0
0
0
-1.8855
2.23
0
0
0
0
0
0
0
0
-0.34027
0
0
0
0
0
0
0
0
0
0
0
0
0
0
0
0
0
0
0
-1.9492
0
2.2895
0
0
0
0
0
0
0
0
0
0
0
0
0
0
0
0
0
0
0
0
0
0
0
0
0
0
-0.1045
0
0
0
0.1045
0
0
0
0
0
0
0
0
0
-9.0889
0
0
0
0
0
0
0
0
0
0
0
0
0
0
0
0
0
0
0
0
9.0889
0
0
0
0
0
0
0
-9.6814
0
0
0
0
0
0
0
0
0
0
0
0
0
0
0
0
0
0
0
0
0
0
9.6814
0
0
0
0
0
-9.4973
0
0
0
0
0
0
0
0
0
0
0
0
0
0
0
0
0
0
0
0
0
0
0
0
9.4973
0
0
0
0
0
0
0
0
0
0
0
0
0
0
0
0
0
0
0
-2.4451
0
0
0
0
0
0
0
0
0
0
2.4451
0
0
0
0
0
0
0
0
0
0
0
0
0
-6.5437
0
0
0
0
0
0
0
0
0
0
0
0
0
0
0
0
6.5437
0
0
0
0
0
0
0
0
0
-8.1549
0
0
0
0
0
0
0
0
0
0
0
0
0
0
0
0
0
0
0
0
8.1549
