31.1501
-0.78114
-0.7309
-0.7309
-0.7309
-0.7309
-0.7309
-0.62213
-0.65721
-0.7199
-0.7199
-0.71416
-0.77765
-0.72205
-0.70975
-0.7264
-0.68262
-0.76639
-0.76639
0
0
0
0
0
0
0
-9.065
0
-9.065
0
-0.78114
20.5811
-0.76624
-0.76624
-0.76624
-0.76624
-0.76624
-0.67483
-0.72636
-0.75428
-0.75428
-0.74818
-0.81545
-0.75662
-0.74357
-0.7665
-0.71879
-0.79454
-0.79454
0
0
0
0
0
0
0
0
0
0
-6.9208
-0.7309
-0.76624
12.1061
-0.64298
-0.64298
-0.64298
-0.64298
-0.60872
-0.68421
-0.66522
-0.66522
-0.6597
-0.71668
-0.6673
-0.65568
-0.68469
-0.64135
-0.69413
-0.69413
0
0
0
0
0
0
0
0
0
0
0
-0.7309
-0.76624
-0.64298
12.1061
-0.64298
-0.64298
-0.64298
-0.60872
-0.68421
-0.66522
-0.66522
-0.6597
-0.71668
-0.6673
-0.65568
-0.68469
-0.64135
-0.69413
-0.69413
0
0
0
0
0
0
0
0
0
0
0
-0.7309
-0.76624
-0.64298
-0.64298
12.1061
-0.64298
-0.64298
-0.60872
-0.68421
-0.66522
-0.66522
-0.6597
-0.71668
-0.6673
-0.65568
-0.68469
-0.64135
-0.69413
-0.69413
0
0
0
0
0
0
0
0
0
0
0
-0.7309
-0.76624
-0.64298
-0.64298
-0.64298
12.1061
-0.64298
-0.60872
-0.68421
-0.66522
-0.66522
-0.6597
-0.71668
-0.6673
-0.65568
-0.68469
-0.64135
-0.69413
-0.69413
0
0
0
0
0
0
0
0
0
0
0
-0.7309
-0.76624
-0.64298
-0.64298
-0.64298
-0.64298
12.1061
-0.60872
-0.68421
-0.66522
-0.66522
-0.6597
-0.71668
-0.6673
-0.65568
-0.68469
-0.64135
-0.69413
-0.69413
0
0
0
0
0
0
0
0
0
0
0
-0.62213
-0.67483
-0.60872
-0.60872
-0.60872
-0.60872
-0.60872
15.3393
-0.52712
-0.58562
-0.58562
-0.58078
-0.628
-0.58652
-0.57624
-0.58887
-0.55362
0
0
0
0
0
-5.7864
0
0
0
0
0
0
0
-0.65721
-0.72636
-0.68421
-0.68421
-0.68421
-0.68421
-0.68421
-0.52712
14.9076
-0.61374
-0.61374
-0.60454
-0.65158
-0.61154
-0.59791
0
0
0
0
-0.22403
-0.40684
0
0
0
0
0
0
-5.2519
0
0
-0.7199
-0.75428
-0.66522
-0.66522
-0.66522
-0.66522
-0.66522
-0.58562
-0.61374
9.3181
-0.61299
-0.67376
-0.71737
-0.66353
-0.65087
0
0
0
0
0
0
0
0
0
0
0
0
0
0
0
-0.7199
-0.75428
-0.66522
-0.66522
-0.66522
-0.66522
-0.66522
-0.58562
-0.61374
-0.61299
9.3181
-0.67376
-0.71737
-0.66353
-0.65087
0
0
0
0
0
0
0
0
0
0
0
0
0
0
0
-0.71416
-0.74818
-0.6597
-0.6597
-0.6597
-0.6597
-0.6597
-0.58078
-0.60454
-0.67376
-0.67376
8.5763
0
-0.62857
0
-0.65398
0
0
0
0
0
0
0
0
0
0
0
0
0
0
-0.77765
-0.81545
-0.71668
-0.71668
-0.71668
-0.71668
-0.71668
-0.628
-0.65158
-0.71737
-0.71737
0
10.5798
0
0
0
0
0
0
0
0
-2.689
0
0
0
0
0
0
0
0
-0.72205
-0.75662
-0.6673
-0.6673
-0.6673
-0.6673
-0.6673
-0.58652
-0.61154
-0.66353
-0.66353
-0.62857
0
7.9689
0
0
0
0
0
0
0
0
0
0
0
0
0
0
0
0
-0.70975
-0.74357
-0.65568
-0.65568
-0.65568
-0.65568
-0.65568
-0.57624
-0.59791
-0.65087
-0.65087
0
0
0
7.2076
0
0
0
0
0
0
0
0
0
0
0
0
0
0
0
-0.7264
-0.7665
-0.68469
-0.68469
-0.68469
-0.68469
-0.68469
-0.58887
0
0
0
-0.65398
0
0
0
6.4864
0
0
0
-0.32714
0
0
0
0
0
0
0
0
0
0
-0.68262
-0.71879
-0.64135
-0.64135
-0.64135
-0.64135
-0.64135
-0.55362
0
0
0
0
0
0
0
0
5.6394
0
0
0
-0.47768
0
0
0
0
0
0
0
0
0
-0.76639
-0.79454
-0.69413
-0.69413
-0.69413
-0.69413
-0.69413
0
0
0
0
0
0
0
0
0
0
5.0316
0
0
0
0
0
0
0
0
0
0
0
0
-0.76639
-0.79454
-0.69413
-0.69413
-0.69413
-0.69413
-0.69413
0
0
0
0
0
0
0
0
0
0
0
5.0316
0
0
0
0
0
0
0
0
0
0
0
0
0
0
0
0
0
0
0
-0.22403
0
0
0
0
0
0
-0.32714
0
0
0
16.0922
0
-2.7402
0
0
-6.4005
-6.4005
0
0
0
0
0
0
0
0
0
0
0
0
-0.40684
0
0
0
0
0
0
0
-0.47768
0
0
0
1.4034
0
0
-0.51887
0
0
0
0
0
0
0
0
0
0
0
0
0
0
0
0
0
0
-2.689
0
0
0
0
0
0
-2.7402
0
5.4291
0
0
0
0
0
0
0
0
0
0
0
0
0
0
0
-5.7864
0
0
0
0
0
0
0
0
0
0
0
0
0
0
5.7864
0
0
0
0
0
0
0
0
0
0
0
0
0
0
0
0
0
0
0
0
0
0
0
0
0
0
0
-0.51887
0
0
0.51887
0
0
0
0
0
0
0
0
0
0
0
0
0
0
0
0
0
0
0
0
0
0
0
0
0
-6.4005
0
0
0
0
6.4005
0
0
0
0
0
0
0
0
0
0
0
0
0
0
0
0
0
0
0
0
0
0
0
0
-6.4005
0
0
0
0
0
6.4005
0
0
0
0
-9.065
0
0
0
0
0
0
0
0
0
0
0
0
0
0
0
0
0
0
0
0
0
0
0
0
0
9.065
0
0
0
0
0
0
0
0
0
0
0
-5.2519
0
0
0
0
0
0
0
0
0
0
0
0
0
0
0
0
0
0
5.2519
0
0
-9.065
0
0
0
0
0
0
0
0
0
0
0
0
0
0
0
0
0
0
0
0
0
0
0
0
0
0
0
9.065
0
0
-6.9208
0
0
0
0
0
0
0
0
0
0
0
0
0
0
0
0
0
0
0
0
0
0
0
0
0
0
0
6.9208
