27.9749
-0.72809
-0.72809
-0.72809
-0.65062
-0.65062
-0.65062
-0.65062
-0.64358
-0.66113
-0.58457
-0.58299
-0.58481
-0.58481
-0.58481
-0.81087
-0.63362
0
0
0
0
0
0
0
0
-8.7585
0
0
0
-8.7585
-0.72809
16.9037
-0.76761
-0.76761
-0.67025
-0.67025
-0.67025
-0.67025
-0.68873
-0.69116
-0.61775
-0.60357
-0.60182
-0.60182
-0.60182
-0.82656
-0.64901
0
0
0
0
0
0
0
0
0
0
-6.0772
0
0
-0.72809
-0.76761
16.9037
-0.76761
-0.67025
-0.67025
-0.67025
-0.67025
-0.68873
-0.69116
-0.61775
-0.60357
-0.60182
-0.60182
-0.60182
-0.82656
-0.64901
0
0
0
0
0
-6.0772
0
0
0
0
0
0
0
-0.72809
-0.76761
-0.76761
16.9037
-0.67025
-0.67025
-0.67025
-0.67025
-0.68873
-0.69116
-0.61775
-0.60357
-0.60182
-0.60182
-0.60182
-0.82656
-0.64901
0
0
0
0
0
0
0
-6.0772
0
0
0
0
0
-0.65062
-0.67025
-0.67025
-0.67025
9.3784
-0.55137
-0.55137
-0.55137
-0.61889
-0.61047
-0.52994
-0.5145
-0.51627
-0.51627
-0.51627
-0.68393
-0.55637
0
0
0
0
0
0
0
0
0
0
0
0
0
-0.65062
-0.67025
-0.67025
-0.67025
-0.55137
9.3784
-0.55137
-0.55137
-0.61889
-0.61047
-0.52994
-0.5145
-0.51627
-0.51627
-0.51627
-0.68393
-0.55637
0
0
0
0
0
0
0
0
0
0
0
0
0
-0.65062
-0.67025
-0.67025
-0.67025
-0.55137
-0.55137
9.3784
-0.55137
-0.61889
-0.61047
-0.52994
-0.5145
-0.51627
-0.51627
-0.51627
-0.68393
-0.55637
0
0
0
0
0
0
0
0
0
0
0
0
0
-0.65062
-0.67025
-0.67025
-0.67025
-0.55137
-0.55137
-0.55137
9.3784
-0.61889
-0.61047
-0.52994
-0.5145
-0.51627
-0.51627
-0.51627
-0.68393
-0.55637
0
0
0
0
0
0
0
0
0
0
0
0
0
-0.64358
-0.68873
-0.68873
-0.68873
-0.61889
-0.61889
-0.61889
-0.61889
13.82
-0.61066
-0.50561
-0.49574
-0.51481
-0.51481
-0.51481
0
0
0
0
-0.34193
0
0
0
0
0
0
-5.1363
0
0
0
-0.66113
-0.69116
-0.69116
-0.69116
-0.61047
-0.61047
-0.61047
-0.61047
-0.61066
11.971
-0.51181
-0.49941
-0.51211
-0.51211
-0.51211
0
0
-3.2864
0
-0.34992
0
0
0
0
0
0
0
0
0
0
-0.58457
-0.61775
-0.61775
-0.61775
-0.52994
-0.52994
-0.52994
-0.52994
-0.50561
-0.51181
11.9553
-0.47385
-0.48772
-0.48772
-0.48772
0
0
0
0
0
0
-4.4433
0
0
0
0
0
0
0
0
-0.58299
-0.60357
-0.60357
-0.60357
-0.5145
-0.5145
-0.5145
-0.5145
-0.49574
-0.49941
-0.47385
7.45
-0.47494
-0.47494
-0.47494
0
0
0
-0.1045
0
0
0
0
0
0
0
0
0
0
0
-0.58481
-0.60182
-0.60182
-0.60182
-0.51627
-0.51627
-0.51627
-0.51627
-0.51481
-0.51211
-0.48772
-0.47494
7.3362
-0.44562
-0.44562
0
0
0
0
0
0
0
0
0
0
0
0
0
0
0
-0.58481
-0.60182
-0.60182
-0.60182
-0.51627
-0.51627
-0.51627
-0.51627
-0.51481
-0.51211
-0.48772
-0.47494
-0.44562
7.3362
-0.44562
0
0
0
0
0
0
0
0
0
0
0
0
0
0
0
-0.58481
-0.60182
-0.60182
-0.60182
-0.51627
-0.51627
-0.51627
-0.51627
-0.51481
-0.51211
-0.48772
-0.47494
-0.44562
-0.44562
7.3362
0
0
0
0
0
0
0
0
0
0
0
0
0
0
0
-0.81087
-0.82656
-0.82656
-0.82656
-0.68393
-0.68393
-0.68393
-0.68393
0
0
0
0
0
0
0
13.3035
0
0
0
0
-7.2772
0
0
0
0
0
0
0
0
0
-0.63362
-0.64901
-0.64901
-0.64901
-0.55637
-0.55637
-0.55637
-0.55637
0
0
0
0
0
0
0
0
4.8061
0
0
0
0
0
0
0
0
0
0
0
0
0
0
0
0
0
0
0
0
0
0
-3.2864
0
0
0
0
0
0
0
8.5711
-3.2786
0
-2.0061
0
0
0
0
0
0
0
0
0
0
0
0
0
0
0
0
0
0
0
0
-0.1045
0
0
0
0
0
-3.2786
5.7015
0
0
0
0
-2.3184
0
0
0
0
0
0
0
0
0
0
0
0
0
0
-0.34193
-0.34992
0
0
0
0
0
0
0
0
0
0.98765
0
0
0
0
0
0
0
0
-0.29581
0
0
0
0
0
0
0
0
0
0
0
0
0
0
0
0
-7.2772
0
-2.0061
0
0
9.2833
0
0
0
0
0
0
0
0
0
0
0
0
0
0
0
0
0
0
0
-4.4433
0
0
0
0
0
0
0
0
0
0
4.4433
0
0
0
0
0
0
0
0
0
0
-6.0772
0
0
0
0
0
0
0
0
0
0
0
0
0
0
0
0
0
0
0
6.0772
0
0
0
0
0
0
0
0
0
0
0
0
0
0
0
0
0
0
0
0
0
0
0
0
0
-2.3184
0
0
0
0
2.3184
0
0
0
0
0
0
0
0
0
-6.0772
0
0
0
0
0
0
0
0
0
0
0
0
0
0
0
0
0
0
0
0
6.0772
0
0
0
0
0
-8.7585
0
0
0
0
0
0
0
0
0
0
0
0
0
0
0
0
0
0
0
0
0
0
0
0
8.7585
0
0
0
0
0
0
0
0
0
0
0
0
-5.1363
0
0
0
0
0
0
0
0
0
0
0
0
0
0
0
0
0
5.1363
0
0
0
0
-6.0772
0
0
0
0
0
0
0
0
0
0
0
0
0
0
0
0
0
0
0
0
0
0
0
0
0
6.0772
0
0
0
0
0
0
0
0
0
0
0
0
0
0
0
0
0
0
0
0
0
-0.29581
0
0
0
0
0
0
0
0
0.29581
0
-8.7585
0
0
0
0
0
0
0
0
0
0
0
0
0
0
0
0
0
0
0
0
0
0
0
0
0
0
0
0
8.7585
