19.3462
-0.96283
-0.97608
-0.89424
-0.91411
-0.89424
-0.89424
-0.89185
-0.75597
-0.75597
-0.75597
-0.875
-0.89602
-0.89602
-1.0006
-0.96796
-0.79374
-0.79374
-0.79374
-0.93459
-0.62734
0
-2.072
0
0
0
0
0
0
0
-0.96283
18.4926
-1.0341
-0.93104
-0.93997
-0.93104
-0.93104
-0.93155
-0.78682
-0.78682
-0.78682
-0.92733
-0.93427
-0.93427
-1.0617
-1.0098
-0.82584
-0.82584
-0.82584
-0.97394
0
-1.1517
0
0
0
0
0
0
0
0
-0.97608
-1.0341
26.8335
-0.95253
-0.95699
-0.95253
-0.95253
-0.95814
-0.80258
-0.80258
-0.80258
-0.92645
-0.95485
-0.95485
-1.0524
-1.0318
-0.84553
-0.84553
-0.84553
-1.0029
0
0
0
0
0
0
0
0
0
-9.1831
-0.89424
-0.93104
-0.95253
15.9167
-0.8812
-0.83699
-0.83699
-0.88039
-0.71478
-0.71478
-0.71478
-0.84432
-0.8481
-0.8481
-0.96812
-0.91549
-0.7503
-0.7503
-0.7503
-0.884
0
0
0
0
0
0
0
0
0
0
-0.91411
-0.93997
-0.95699
-0.8812
17.4041
-0.8812
-0.8812
-0.87771
-0.7131
-0.7131
-0.7131
-0.83189
-0.8463
-0.8463
-0.95189
-0.91352
-0.74935
-0.74935
-0.74935
0
0
0
0
-2.2945
0
0
0
0
0
0
-0.89424
-0.93104
-0.95253
-0.83699
-0.8812
15.9167
-0.83699
-0.88039
-0.71478
-0.71478
-0.71478
-0.84432
-0.8481
-0.8481
-0.96812
-0.91549
-0.7503
-0.7503
-0.7503
-0.884
0
0
0
0
0
0
0
0
0
0
-0.89424
-0.93104
-0.95253
-0.83699
-0.8812
-0.83699
15.9167
-0.88039
-0.71478
-0.71478
-0.71478
-0.84432
-0.8481
-0.8481
-0.96812
-0.91549
-0.7503
-0.7503
-0.7503
-0.884
0
0
0
0
0
0
0
0
0
0
-0.89185
-0.93155
-0.95814
-0.88039
-0.87771
-0.88039
-0.88039
16.1267
-0.71224
-0.71224
-0.71224
-0.83405
-0.84497
-0.84497
-0.95533
-0.91206
-0.74791
-0.74791
-0.74791
0
0
-1.0544
0
0
0
0
0
0
0
0
-0.75597
-0.78682
-0.80258
-0.71478
-0.7131
-0.71478
-0.71478
-0.71224
12.6322
-0.59103
-0.59103
-0.69606
-0.70494
-0.70494
-0.79712
-0.75966
-0.62412
-0.62412
-0.62412
0
0
0
0
0
0
0
0
0
0
0
-0.75597
-0.78682
-0.80258
-0.71478
-0.7131
-0.71478
-0.71478
-0.71224
-0.59103
12.6322
-0.59103
-0.69606
-0.70494
-0.70494
-0.79712
-0.75966
-0.62412
-0.62412
-0.62412
0
0
0
0
0
0
0
0
0
0
0
-0.75597
-0.78682
-0.80258
-0.71478
-0.7131
-0.71478
-0.71478
-0.71224
-0.59103
-0.59103
12.6322
-0.69606
-0.70494
-0.70494
-0.79712
-0.75966
-0.62412
-0.62412
-0.62412
0
0
0
0
0
0
0
0
0
0
0
-0.875
-0.92733
-0.92645
-0.84432
-0.83189
-0.84432
-0.84432
-0.83405
-0.69606
-0.69606
-0.69606
19.1208
-0.84986
-0.84986
0
-0.91741
0
0
0
0
0
0
0
0
0
0
0
0
-7.4878
0
-0.89602
-0.93427
-0.95485
-0.8481
-0.8463
-0.8481
-0.8481
-0.84497
-0.70494
-0.70494
-0.70494
-0.84986
10.8005
-0.81509
0
0
0
0
0
0
0
0
0
0
0
0
0
0
0
0
-0.89602
-0.93427
-0.95485
-0.8481
-0.8463
-0.8481
-0.8481
-0.84497
-0.70494
-0.70494
-0.70494
-0.84986
-0.81509
10.8005
0
0
0
0
0
0
0
0
0
0
0
0
0
0
0
0
-1.0006
-1.0617
-1.0524
-0.96812
-0.95189
-0.96812
-0.96812
-0.95533
-0.79712
-0.79712
-0.79712
0
0
0
16.4695
0
0
0
0
0
0
0
0
0
0
0
-6.1519
0
0
0
-0.96796
-1.0098
-1.0318
-0.91549
-0.91352
-0.91549
-0.91549
-0.91206
-0.75966
-0.75966
-0.75966
-0.91741
0
0
0
10.778
0
0
0
0
0
0
0
0
0
0
0
0
0
0
-0.79374
-0.82584
-0.84553
-0.7503
-0.74935
-0.7503
-0.7503
-0.74791
-0.62412
-0.62412
-0.62412
0
0
0
0
0
8.0856
0
0
0
0
0
0
0
0
0
0
0
0
0
-0.79374
-0.82584
-0.84553
-0.7503
-0.74935
-0.7503
-0.7503
-0.74791
-0.62412
-0.62412
-0.62412
0
0
0
0
0
0
8.0856
0
0
0
0
0
0
0
0
0
0
0
0
-0.79374
-0.82584
-0.84553
-0.7503
-0.74935
-0.7503
-0.7503
-0.74791
-0.62412
-0.62412
-0.62412
0
0
0
0
0
0
0
8.0856
0
0
0
0
0
0
0
0
0
0
0
-0.93459
-0.97394
-1.0029
-0.884
0
-0.884
-0.884
0
0
0
0
0
0
0
0
0
0
0
0
5.5634
0
0
0
0
0
0
0
0
0
0
-0.62734
0
0
0
0
0
0
0
0
0
0
0
0
0
0
0
0
0
0
0
7.1582
0
0
0
-3.1468
-3.3841
0
0
0
0
0
-1.1517
0
0
0
0
0
-1.0544
0
0
0
0
0
0
0
0
0
0
0
0
0
3.9084
0
0
0
0
0
-1.7023
0
0
-2.072
0
0
0
0
0
0
0
0
0
0
0
0
0
0
0
0
0
0
0
0
0
3.0233
0
-0.95125
0
0
0
0
0
0
0
0
0
-2.2945
0
0
0
0
0
0
0
0
0
0
0
0
0
0
0
0
0
0
3.2789
0
-0.98445
0
0
0
0
0
0
0
0
0
0
0
0
0
0
0
0
0
0
0
0
0
0
0
0
-3.1468
0
-0.95125
0
4.098
0
0
0
0
0
0
0
0
0
0
0
0
0
0
0
0
0
0
0
0
0
0
0
0
0
-3.3841
0
0
-0.98445
0
4.3686
0
0
0
0
0
0
0
0
0
0
0
0
0
0
0
0
0
0
-6.1519
0
0
0
0
0
0
0
0
0
0
0
6.1519
0
0
0
0
0
0
0
0
0
0
0
0
0
0
0
0
0
0
0
0
0
0
0
0
-1.7023
0
0
0
0
0
1.7023
0
0
0
0
0
0
0
0
0
0
0
0
0
-7.4878
0
0
0
0
0
0
0
0
0
0
0
0
0
0
0
0
7.4878
0
0
0
-9.1831
0
0
0
0
0
0
0
0
0
0
0
0
0
0
0
0
0
0
0
0
0
0
0
0
0
0
9.1831
