23.1372
-0.76321
-0.72982
-0.72794
-0.72982
-0.74519
-0.74021
-0.74519
-0.69858
-0.70401
-0.74304
-0.75751
-0.74848
-0.72238
-0.72238
-0.72238
-0.76606
-0.76606
-0.43015
-1.0127
-1.0127
0
0
0
-8.1494
0
0
0
0
0
-0.76321
22.7316
-0.73585
-0.74103
-0.73585
-0.7534
-0.74748
-0.7534
-0.70414
-0.70993
-0.75139
-0.76741
-0.75474
-0.72837
-0.72837
-0.72837
-0.77443
-0.77443
0
-1.0171
-1.0171
0
0
0
0
0
0
0
-8.0455
0
-0.72982
-0.73585
13.8007
-0.7274
-0.6783
-0.70637
-0.71257
-0.70637
-0.66297
-0.6655
-0.70805
-0.73777
-0.70705
-0.68052
-0.68052
-0.68052
-0.71769
-0.71769
0
-0.92285
-0.92285
0
0
0
0
0
0
0
0
0
-0.72794
-0.74103
-0.7274
19.6998
-0.7274
-0.71412
-0.69251
-0.71412
-0.66213
-0.67118
-0.71867
-0.71697
-0.71342
-0.68718
-0.68718
-0.68718
-0.73084
-0.73084
0
0
0
-0.254
0
0
0
0
-7.3957
0
0
0
-0.72982
-0.73585
-0.6783
-0.7274
13.8007
-0.70637
-0.71257
-0.70637
-0.66297
-0.6655
-0.70805
-0.73777
-0.70705
-0.68052
-0.68052
-0.68052
-0.71769
-0.71769
0
-0.92285
-0.92285
0
0
0
0
0
0
0
0
0
-0.74519
-0.7534
-0.70637
-0.71412
-0.70637
12.1725
-0.76695
-0.70569
-0.67677
-0.6748
-0.72046
-0.74641
-0.71657
-0.69076
-0.69076
-0.69076
-0.73357
-0.73357
0
0
0
0
0
0
0
0
0
0
0
0
-0.74021
-0.74748
-0.71257
-0.69251
-0.71257
-0.76695
17.641
-0.76695
-0.66801
-0.67628
-0.71304
-0.71876
-0.71659
-0.6952
-0.6952
-0.6952
0
0
-0.41854
0
0
0
0
-6.5049
0
0
0
0
0
0
-0.74519
-0.7534
-0.70637
-0.71412
-0.70637
-0.70569
-0.76695
12.1725
-0.67677
-0.6748
-0.72046
-0.74641
-0.71657
-0.69076
-0.69076
-0.69076
-0.73357
-0.73357
0
0
0
0
0
0
0
0
0
0
0
0
-0.69858
-0.70414
-0.66297
-0.66213
-0.66297
-0.67677
-0.66801
-0.67677
10.4064
-0.62813
-0.66583
-0.68523
-0.66457
-0.64331
-0.64331
-0.64331
0
0
-0.42039
0
0
0
0
0
0
0
0
0
0
0
-0.70401
-0.70993
-0.6655
-0.67118
-0.6655
-0.6748
-0.67628
-0.6748
-0.62813
10.0442
-0.67197
-0.69469
-0.66729
-0.6467
-0.6467
-0.6467
0
0
0
0
0
0
0
0
0
0
0
0
0
0
-0.74304
-0.75139
-0.70805
-0.71867
-0.70805
-0.72046
-0.71304
-0.72046
-0.66583
-0.67197
8.8185
-0.75374
-0.65255
0
0
0
0
0
0
0
0
-0.29126
0
0
0
0
0
0
0
0
-0.75751
-0.76741
-0.73777
-0.71697
-0.73777
-0.74641
-0.71876
-0.74641
-0.68523
-0.69469
-0.75374
13.2534
-0.67185
0
0
0
0
0
0
0
0
0
0
0
0
0
0
-4.5189
0
0
-0.74848
-0.75474
-0.70705
-0.71342
-0.70705
-0.71657
-0.71659
-0.71657
-0.66457
-0.66729
-0.65255
-0.67185
8.4367
0
0
0
0
0
0
0
0
0
0
0
0
0
0
0
0
0
-0.72238
-0.72837
-0.68052
-0.68718
-0.68052
-0.69076
-0.6952
-0.69076
-0.64331
-0.6467
0
0
0
6.8657
0
0
0
0
0
0
0
0
0
0
0
0
0
0
0
0
-0.72238
-0.72837
-0.68052
-0.68718
-0.68052
-0.69076
-0.6952
-0.69076
-0.64331
-0.6467
0
0
0
0
6.8657
0
0
0
0
0
0
0
0
0
0
0
0
0
0
0
-0.72238
-0.72837
-0.68052
-0.68718
-0.68052
-0.69076
-0.6952
-0.69076
-0.64331
-0.6467
0
0
0
0
0
6.8657
0
0
0
0
0
0
0
0
0
0
0
0
0
0
-0.76606
-0.77443
-0.71769
-0.73084
-0.71769
-0.73357
0
-0.73357
0
0
0
0
0
0
0
0
5.1738
0
0
0
0
0
0
0
0
0
0
0
0
0
-0.76606
-0.77443
-0.71769
-0.73084
-0.71769
-0.73357
0
-0.73357
0
0
0
0
0
0
0
0
0
5.1738
0
0
0
0
0
0
0
0
0
0
0
0
-0.43015
0
0
0
0
0
-0.41854
0
-0.42039
0
0
0
0
0
0
0
0
0
13.5447
0
0
0
-6.1378
0
0
0
0
0
0
-6.1378
-1.0127
-1.0171
-0.92285
0
-0.92285
0
0
0
0
0
0
0
0
0
0
0
0
0
0
3.8755
0
0
0
0
0
0
0
0
0
0
-1.0127
-1.0171
-0.92285
0
-0.92285
0
0
0
0
0
0
0
0
0
0
0
0
0
0
0
3.8755
0
0
0
0
0
0
0
0
0
0
0
0
-0.254
0
0
0
0
0
0
-0.29126
0
0
0
0
0
0
0
0
0
0
0.64976
0
0
0
-0.1045
0
0
0
0
0
0
0
0
0
0
0
0
0
0
0
0
0
0
0
0
0
0
-6.1378
0
0
0
6.1378
0
0
0
0
0
0
0
0
0
0
0
0
0
-6.5049
0
0
0
0
0
0
0
0
0
0
0
0
0
0
0
0
6.5049
0
0
0
0
0
0
-8.1494
0
0
0
0
0
0
0
0
0
0
0
0
0
0
0
0
0
0
0
0
0
0
0
8.1494
0
0
0
0
0
0
0
0
0
0
0
0
0
0
0
0
0
0
0
0
0
0
0
0
0
0
-0.1045
0
0
0
0.1045
0
0
0
0
0
0
0
-7.3957
0
0
0
0
0
0
0
0
0
0
0
0
0
0
0
0
0
0
0
0
0
0
7.3957
0
0
0
0
0
0
0
0
0
0
0
0
0
0
-4.5189
0
0
0
0
0
0
0
0
0
0
0
0
0
0
0
4.5189
0
0
0
-8.0455
0
0
0
0
0
0
0
0
0
0
0
0
0
0
0
0
0
0
0
0
0
0
0
0
0
0
8.0455
0
0
0
0
0
0
0
0
0
0
0
0
0
0
0
0
0
0
0
-6.1378
0
0
0
0
0
0
0
0
0
0
6.1378
