24.4634
-0.62426
-0.65259
-0.65259
-0.60799
-0.63275
-0.62918
-0.64571
-0.64086
-0.63226
-0.63226
-0.66259
-0.65433
-0.60344
-0.64857
-0.60677
-0.78043
-0.35456
-1.0064
-1.0714
0
0
-1.0714
0
0
0
0
-10.6531
0
0
-0.62426
13.1193
-0.64856
-0.64856
-0.60055
-0.62381
-0.61992
-0.64245
-0.62992
-0.62154
-0.62154
-0.65107
-0.65911
-0.59347
-0.63614
-0.62295
-0.7687
0
-0.93579
-0.98549
0
0
-0.98549
0
0
0
0
0
0
0
-0.65259
-0.64856
20.0936
-0.676
-0.62015
-0.64748
-0.63532
-0.65995
-0.65426
-0.64538
-0.64538
-0.67673
-0.66759
-0.61564
-0.66445
-0.61992
-0.8095
0
0
0
0
0
0
0
0
0
-9.5547
0
0
0
-0.65259
-0.64856
-0.676
20.0936
-0.62015
-0.64748
-0.63532
-0.65995
-0.65426
-0.64538
-0.64538
-0.67673
-0.66759
-0.61564
-0.66445
-0.61992
-0.8095
0
0
0
0
0
0
0
0
-9.5547
0
0
0
0
-0.60799
-0.60055
-0.62015
-0.62015
9.813
-0.60007
-0.59056
-0.61131
-0.60434
-0.59649
-0.59649
-0.62416
-0.62652
-0.57012
-0.61153
-0.59517
-0.7374
0
0
0
0
0
0
0
0
0
0
0
0
0
-0.63275
-0.62381
-0.64748
-0.64748
-0.60007
8.7972
-0.64203
-0.66555
-0.61694
-0.60883
-0.60883
-0.63741
-0.64603
-0.58163
-0.63833
0
0
0
0
0
0
0
0
0
0
0
0
0
0
0
-0.62918
-0.61992
-0.63532
-0.63532
-0.59056
-0.64203
8.4111
-0.65579
-0.60963
-0.60167
-0.60167
-0.62971
-0.62964
-0.57495
0
0
0
-0.35567
0
0
0
0
0
0
0
0
0
0
0
0
-0.64571
-0.64245
-0.65995
-0.65995
-0.61131
-0.66555
-0.65579
16.1833
-0.63067
-0.62228
-0.62228
-0.65186
-0.6463
-0.59416
0
0
0
0
0
0
0
0
0
0
0
0
0
0
0
-7.875
-0.64086
-0.62992
-0.65426
-0.65426
-0.60434
-0.61694
-0.60963
-0.63067
6.9804
-0.63631
-0.63631
-0.66695
0
0
0
0
0
0
0
0
0
0
0
0
0
0
0
0
0
0
-0.63226
-0.62154
-0.64538
-0.64538
-0.59649
-0.60883
-0.60167
-0.62228
-0.63631
6.2023
-0.59212
0
0
0
0
0
0
0
0
0
0
0
0
0
0
0
0
0
0
0
-0.63226
-0.62154
-0.64538
-0.64538
-0.59649
-0.60883
-0.60167
-0.62228
-0.63631
-0.59212
6.2023
0
0
0
0
0
0
0
0
0
0
0
0
0
0
0
0
0
0
0
-0.66259
-0.65107
-0.67673
-0.67673
-0.62416
-0.63741
-0.62971
-0.65186
-0.66695
0
0
5.8772
0
0
0
0
0
0
0
0
0
0
0
0
0
0
0
0
0
0
-0.65433
-0.65911
-0.66759
-0.66759
-0.62652
-0.64603
-0.62964
-0.6463
0
0
0
0
8.6208
0
0
0
0
0
0
0
0
0
0
0
0
0
0
0
-3.4237
0
-0.60344
-0.59347
-0.61564
-0.61564
-0.57012
-0.58163
-0.57495
-0.59416
0
0
0
0
0
4.7491
0
0
0
0
0
0
0
0
0
0
0
0
0
0
0
0
-0.64857
-0.63614
-0.66445
-0.66445
-0.61153
-0.63833
0
0
0
0
0
0
0
0
3.8635
0
0
0
0
0
0
0
0
0
0
0
0
0
0
0
-0.60677
-0.62295
-0.61992
-0.61992
-0.59517
0
0
0
0
0
0
0
0
0
0
3.1692
0
0
0
0
0
0
0
-0.1045
0
0
0
0
0
0
-0.78043
-0.7687
-0.8095
-0.8095
-0.7374
0
0
0
0
0
0
0
0
0
0
0
3.9055
0
0
0
0
0
0
0
0
0
0
0
0
0
-0.35456
0
0
0
0
0
-0.35567
0
0
0
0
0
0
0
0
0
0
1.2205
0
0
-0.34479
0
0
0
-0.16551
0
0
0
0
0
-1.0064
-0.93579
0
0
0
0
0
0
0
0
0
0
0
0
0
0
0
0
2.376
0
0
-0.43379
0
0
0
0
0
0
0
0
-1.0714
-0.98549
0
0
0
0
0
0
0
0
0
0
0
0
0
0
0
0
0
2.0569
0
0
0
0
0
0
0
0
0
0
0
0
0
0
0
0
0
0
0
0
0
0
0
0
0
0
0
-0.34479
0
0
4.1624
-3.8176
0
0
0
0
0
0
0
0
0
0
0
0
0
0
0
0
0
0
0
0
0
0
0
0
0
0
-0.43379
0
-3.8176
4.2514
0
0
0
0
0
0
0
0
-1.0714
-0.98549
0
0
0
0
0
0
0
0
0
0
0
0
0
0
0
0
0
0
0
0
2.0569
0
0
0
0
0
0
0
0
0
0
0
0
0
0
0
0
0
0
0
0
0
0
-0.1045
0
0
0
0
0
0
0
0.1045
0
0
0
0
0
0
0
0
0
0
0
0
0
0
0
0
0
0
0
0
0
0
0
-0.16551
0
0
0
0
0
0
0.16551
0
0
0
0
0
0
0
0
-9.5547
0
0
0
0
0
0
0
0
0
0
0
0
0
0
0
0
0
0
0
0
0
9.5547
0
0
0
0
0
0
-9.5547
0
0
0
0
0
0
0
0
0
0
0
0
0
0
0
0
0
0
0
0
0
0
0
9.5547
0
0
0
-10.6531
0
0
0
0
0
0
0
0
0
0
0
0
0
0
0
0
0
0
0
0
0
0
0
0
0
0
10.6531
0
0
0
0
0
0
0
0
0
0
0
0
0
0
-3.4237
0
0
0
0
0
0
0
0
0
0
0
0
0
0
0
3.4237
0
0
0
0
0
0
0
0
-7.875
0
0
0
0
0
0
0
0
0
0
0
0
0
0
0
0
0
0
0
0
0
7.875
