40.0652
-0.80483
-0.80175
-0.81093
-0.81163
-0.88609
-0.86917
-0.86917
-0.86917
-0.75822
-0.75822
-0.75822
-0.78531
-0.81362
-0.80321
-0.80321
-0.83025
-1.3232
0
-0.58573
-0.78858
-0.45366
0
-3.3448
-10.2681
-10.2681
0
0
0
0
-0.80483
18.8041
-0.78193
-0.7666
-0.7716
-0.83622
-0.82053
-0.82053
-0.82053
-0.71684
-0.71684
-0.71684
-0.7511
-0.76866
-0.75829
-0.75829
-0.78319
-1.263
0
-0.55355
-0.83798
-0.48918
0
-3.2676
0
0
0
0
0
0
-0.80175
-0.78193
15.9271
-0.7686
-0.76666
-0.8317
-0.81639
-0.81639
-0.81639
-0.71378
-0.71378
-0.71378
-0.74929
-0.76593
-0.75465
-0.75465
-0.77987
-1.2539
-0.47986
-0.54486
-0.82109
-0.48181
0
0
0
0
0
0
0
0
-0.81093
-0.7666
-0.7686
15.1396
-0.77894
-0.82628
-0.81066
-0.81066
-0.81066
-0.70811
-0.70811
-0.70811
-0.74935
-0.75905
-0.74847
-0.74847
-0.77256
-1.2501
0
-0.54852
0
0
-1.0554
0
0
0
0
0
0
0
-0.81163
-0.7716
-0.76666
-0.77894
14.9515
-0.82798
-0.81236
-0.81236
-0.81236
-0.70959
-0.70959
-0.70959
-0.74627
-0.76068
-0.7504
-0.7504
-0.77483
-1.2522
0
-0.54788
-0.84616
0
0
0
0
0
0
0
0
0
-0.88609
-0.83622
-0.8317
-0.82628
-0.82798
14.7671
-0.89649
-0.89649
-0.89649
-0.7801
-0.7801
-0.7801
-0.82958
-0.83788
-0.82751
-0.82751
-0.8541
-1.3525
0
0
0
0
0
0
0
0
0
0
0
0
-0.86917
-0.82053
-0.81639
-0.81066
-0.81236
-0.89649
13.0853
-0.86167
-0.86167
-0.75647
-0.75647
-0.75647
-0.81158
-0.81445
-0.80565
-0.80565
-0.82961
0
0
0
0
0
0
0
0
0
0
0
0
0
-0.86917
-0.82053
-0.81639
-0.81066
-0.81236
-0.89649
-0.86167
13.0853
-0.86167
-0.75647
-0.75647
-0.75647
-0.81158
-0.81445
-0.80565
-0.80565
-0.82961
0
0
0
0
0
0
0
0
0
0
0
0
0
-0.86917
-0.82053
-0.81639
-0.81066
-0.81236
-0.89649
-0.86167
-0.86167
13.0853
-0.75647
-0.75647
-0.75647
-0.81158
-0.81445
-0.80565
-0.80565
-0.82961
0
0
0
0
0
0
0
0
0
0
0
0
0
-0.75822
-0.71684
-0.71378
-0.70811
-0.70959
-0.7801
-0.75647
-0.75647
-0.75647
10.6381
-0.62328
-0.62328
-0.67942
-0.69061
-0.68274
-0.68274
0
0
0
0
0
0
0
0
0
0
0
0
0
0
-0.75822
-0.71684
-0.71378
-0.70811
-0.70959
-0.7801
-0.75647
-0.75647
-0.75647
-0.62328
10.6381
-0.62328
-0.67942
-0.69061
-0.68274
-0.68274
0
0
0
0
0
0
0
0
0
0
0
0
0
0
-0.75822
-0.71684
-0.71378
-0.70811
-0.70959
-0.7801
-0.75647
-0.75647
-0.75647
-0.62328
-0.62328
10.6381
-0.67942
-0.69061
-0.68274
-0.68274
0
0
0
0
0
0
0
0
0
0
0
0
0
0
-0.78531
-0.7511
-0.74929
-0.74935
-0.74627
-0.82958
-0.81158
-0.81158
-0.81158
-0.67942
-0.67942
-0.67942
10.2623
-0.68689
0
0
0
0
-0.49153
0
0
0
0
0
0
0
0
0
0
0
-0.81362
-0.76866
-0.76593
-0.75905
-0.76068
-0.83788
-0.81445
-0.81445
-0.81445
-0.69061
-0.69061
-0.69061
-0.68689
9.9079
0
0
0
0
0
0
0
0
0
0
0
0
0
0
0
0
-0.80321
-0.75829
-0.75465
-0.74847
-0.7504
-0.82751
-0.80565
-0.80565
-0.80565
-0.68274
-0.68274
-0.68274
0
0
9.1077
0
0
0
0
0
0
0
0
0
0
0
0
0
0
0
-0.80321
-0.75829
-0.75465
-0.74847
-0.7504
-0.82751
-0.80565
-0.80565
-0.80565
-0.68274
-0.68274
-0.68274
0
0
0
9.1077
0
0
0
0
0
0
0
0
0
0
0
0
0
0
-0.83025
-0.78319
-0.77987
-0.77256
-0.77483
-0.8541
-0.82961
-0.82961
-0.82961
0
0
0
0
0
0
0
7.2836
0
0
0
0
0
0
0
0
0
0
0
0
0
-1.3232
-1.263
-1.2539
-1.2501
-1.2522
-1.3525
0
0
0
0
0
0
0
0
0
0
0
7.695
0
0
0
0
0
0
0
0
0
0
0
0
0
0
-0.47986
0
0
0
0
0
0
0
0
0
-0.49153
0
0
0
0
0
13.602
0
0
0
-1.7514
0
0
0
0
0
-5.4396
-5.4396
-0.58573
-0.55355
-0.54486
-0.54852
-0.54788
0
0
0
0
0
0
0
0
0
0
0
0
0
0
2.7805
0
0
0
0
0
0
0
0
0
0
-0.78858
-0.83798
-0.82109
0
-0.84616
0
0
0
0
0
0
0
0
0
0
0
0
0
0
0
4.1268
0
0
0
0
0
-0.83301
0
0
0
-0.45366
-0.48918
-0.48181
0
0
0
0
0
0
0
0
0
0
0
0
0
0
0
0
0
0
1.5292
0
0
0
0
0
-0.1045
0
0
0
0
0
-1.0554
0
0
0
0
0
0
0
0
0
0
0
0
0
0
-1.7514
0
0
0
2.8068
0
0
0
0
0
0
0
-3.3448
-3.2676
0
0
0
0
0
0
0
0
0
0
0
0
0
0
0
0
0
0
0
0
0
6.6124
0
0
0
0
0
0
-10.2681
0
0
0
0
0
0
0
0
0
0
0
0
0
0
0
0
0
0
0
0
0
0
0
10.2681
0
0
0
0
0
-10.2681
0
0
0
0
0
0
0
0
0
0
0
0
0
0
0
0
0
0
0
0
0
0
0
0
10.2681
0
0
0
0
0
0
0
0
0
0
0
0
0
0
0
0
0
0
0
0
0
0
0
0
-0.83301
0
0
0
0
0
0.83301
0
0
0
0
0
0
0
0
0
0
0
0
0
0
0
0
0
0
0
0
0
0
0
0
-0.1045
0
0
0
0
0
0.1045
0
0
0
0
0
0
0
0
0
0
0
0
0
0
0
0
0
0
0
0
-5.4396
0
0
0
0
0
0
0
0
0
5.4396
0
0
0
0
0
0
0
0
0
0
0
0
0
0
0
0
0
0
0
-5.4396
0
0
0
0
0
0
0
0
0
0
5.4396
