32.9691
-0.72602
-0.74562
-0.72812
-0.75075
-0.73001
-0.75075
-0.68533
-0.68533
-0.67413
-0.63429
-0.64699
-0.66917
-0.68148
-0.7045
-0.67861
-0.7321
-0.76018
0
-0.34549
0
0
0
0
-10.3201
-10.3201
0
0
0
0
-0.72602
21.8932
-0.71103
-0.72205
-0.72444
-0.70405
-0.72444
-0.66058
-0.66058
-0.67335
-0.63528
-0.62351
-0.64331
-0.65695
-0.67941
-0.65197
-0.69797
-0.72188
0
0
0
-1.7874
0
-8.489
0
0
0
0
0
0
-0.74562
-0.71103
14.6368
-0.72383
-0.7161
-0.70457
-0.7161
-0.65352
-0.65352
-0.67822
-0.64151
-0.61729
-0.62758
-0.65003
-0.6722
-0.6444
-0.68685
-0.70916
-1.477
0
0
-1.6084
0
0
0
0
0
0
0
0
-0.72812
-0.72205
-0.72383
19.8397
-0.74284
-0.71845
-0.74284
-0.67459
-0.67459
-0.68378
-0.64466
-0.63615
-0.65997
-0.67051
-0.6934
-0.66599
-0.71386
-0.7387
0
0
0
0
-8.0054
0
0
0
0
0
0
0
-0.75075
-0.72444
-0.7161
-0.74284
11.8193
-0.75503
-0.72388
-0.66552
-0.66552
-0.69188
-0.65265
-0.6299
-0.65462
-0.66459
-0.6876
-0.65935
-0.7066
-0.72799
0
0
0
0
0
0
0
0
0
0
0
0
-0.73001
-0.70405
-0.70457
-0.71845
-0.75503
10.8429
-0.75503
-0.66824
-0.66824
-0.67507
-0.63336
-0.61992
-0.6442
-0.65431
-0.67725
-0.65023
0
0
0
-0.36462
-0.22028
0
0
0
0
0
0
0
0
0
-0.75075
-0.72444
-0.7161
-0.74284
-0.72388
-0.75503
11.8193
-0.66552
-0.66552
-0.69188
-0.65265
-0.6299
-0.65462
-0.66459
-0.6876
-0.65935
-0.7066
-0.72799
0
0
0
0
0
0
0
0
0
0
0
0
-0.68533
-0.66058
-0.65352
-0.67459
-0.66552
-0.66824
-0.66552
10.0962
-0.59227
-0.63652
-0.58645
-0.56798
-0.58774
-0.59956
-0.6201
-0.59443
-0.6378
0
0
0
0
0
0
0
0
0
0
0
0
0
-0.68533
-0.66058
-0.65352
-0.67459
-0.66552
-0.66824
-0.66552
-0.59227
10.0962
-0.63652
-0.58645
-0.56798
-0.58774
-0.59956
-0.6201
-0.59443
-0.6378
0
0
0
0
0
0
0
0
0
0
0
0
0
-0.67413
-0.67335
-0.67822
-0.68378
-0.69188
-0.67507
-0.69188
-0.63652
-0.63652
16.5371
-0.58003
-0.57745
-0.59444
-0.6087
-0.62929
-0.60406
0
0
0
0
0
0
0
0
0
0
0
0
-6.9018
0
-0.63429
-0.63528
-0.64151
-0.64466
-0.65265
-0.63336
-0.65265
-0.58645
-0.58645
-0.58003
14.7235
-0.55272
-0.53791
-0.56435
-0.58231
0
0
0
0
0
0
0
0
0
0
0
-6.2389
0
0
0
-0.64699
-0.62351
-0.61729
-0.63615
-0.6299
-0.61992
-0.6299
-0.56798
-0.56798
-0.57745
-0.55272
8.9011
-0.54071
-0.55916
-0.57698
-0.55443
0
0
0
0
0
0
0
0
0
0
0
0
0
0
-0.66917
-0.64331
-0.62758
-0.65997
-0.65462
-0.6442
-0.65462
-0.58774
-0.58774
-0.59444
-0.53791
-0.54071
9.3489
-0.57719
0
0
0
0
-1.3697
0
0
0
0
0
0
0
0
0
0
0
-0.68148
-0.65695
-0.65003
-0.67051
-0.66459
-0.65431
-0.66459
-0.59956
-0.59956
-0.6087
-0.56435
-0.55916
-0.57719
8.151
0
0
0
0
0
0
0
0
0
0
0
0
0
0
0
0
-0.7045
-0.67941
-0.6722
-0.6934
-0.6876
-0.67725
-0.6876
-0.6201
-0.6201
-0.62929
-0.58231
-0.57698
0
0
7.8307
0
0
0
0
0
0
0
0
0
0
0
0
0
0
0
-0.67861
-0.65197
-0.6444
-0.66599
-0.65935
-0.65023
-0.65935
-0.59443
-0.59443
-0.60406
0
-0.55443
0
0
0
6.9573
0
0
0
0
0
0
0
0
0
0
0
0
0
0
-0.7321
-0.69797
-0.68685
-0.71386
-0.7066
0
-0.7066
-0.6378
-0.6378
0
0
0
0
0
0
0
5.5196
0
0
0
0
0
0
0
0
0
0
0
0
0
-0.76018
-0.72188
-0.70916
-0.7387
-0.72799
0
-0.72799
0
0
0
0
0
0
0
0
0
0
4.3859
0
0
0
0
0
0
0
0
0
0
0
0
0
0
-1.477
0
0
0
0
0
0
0
0
0
-1.3697
0
0
0
0
0
3.8167
0
-0.97005
0
0
0
0
0
0
0
0
0
-0.34549
0
0
0
0
-0.36462
0
0
0
0
0
0
0
0
0
0
0
0
0
0.92483
0
0
0
0
0
0
0
0
0
-0.21471
0
0
0
0
0
-0.22028
0
0
0
0
0
0
0
0
0
0
0
0
-0.97005
0
2.0978
0
0
0
0
0
0
-0.90751
0
0
0
-1.7874
-1.6084
0
0
0
0
0
0
0
0
0
0
0
0
0
0
0
0
0
0
3.3958
0
0
0
0
0
0
0
0
0
0
0
-8.0054
0
0
0
0
0
0
0
0
0
0
0
0
0
0
0
0
0
0
8.0054
0
0
0
0
0
0
0
0
-8.489
0
0
0
0
0
0
0
0
0
0
0
0
0
0
0
0
0
0
0
0
0
8.489
0
0
0
0
0
0
-10.3201
0
0
0
0
0
0
0
0
0
0
0
0
0
0
0
0
0
0
0
0
0
0
0
10.3201
0
0
0
0
0
-10.3201
0
0
0
0
0
0
0
0
0
0
0
0
0
0
0
0
0
0
0
0
0
0
0
0
10.3201
0
0
0
0
0
0
0
0
0
0
0
0
0
0
-6.2389
0
0
0
0
0
0
0
0
0
0
0
0
0
0
0
6.2389
0
0
0
0
0
0
0
0
0
0
0
0
0
0
0
0
0
0
0
0
0
0
0
-0.90751
0
0
0
0
0
0
0.90751
0
0
0
0
0
0
0
0
0
0
0
-6.9018
0
0
0
0
0
0
0
0
0
0
0
0
0
0
0
0
0
0
6.9018
0
0
0
0
0
0
0
0
0
0
0
0
0
0
0
0
0
0
0
0
-0.21471
0
0
0
0
0
0
0
0
0
0.21471
