35.575
-0.76393
-0.74589
-0.74229
-0.74229
-0.78341
-0.75657
-0.74154
-0.75657
-0.75655
-0.75655
-0.75655
-0.72321
-0.72321
-0.74688
-0.74795
-0.77634
-0.62044
-0.88226
-0.88226
-0.89519
0
-10.1376
0
0
0
0
-10.1376
0
0
-0.76393
24.4051
-0.74616
-0.73649
-0.73649
-0.77857
-0.75025
-0.75325
-0.75025
-0.74984
-0.74984
-0.74984
-0.71696
-0.71696
-0.7403
-0.75941
-0.76643
-0.63513
-0.86495
-0.86495
-0.87095
-0.24914
0
0
0
-8.955
0
0
0
0
-0.74589
-0.74616
22.5105
-0.73719
-0.73719
-0.76667
-0.73899
-0.73302
-0.73899
-0.73703
-0.73703
-0.73703
-0.70503
-0.70503
-0.72776
-0.75019
-0.75415
-0.62865
-0.85216
-0.85216
0
0
0
0
-8.3802
0
0
0
0
0
-0.74229
-0.73649
-0.73719
14.7479
-0.70798
-0.75425
-0.72594
-0.72794
-0.72594
-0.7232
-0.7232
-0.7232
-0.69214
-0.69214
-0.7142
-0.75267
-0.73859
-0.63714
-0.83032
-0.83032
-0.83273
0
0
0
0
0
0
0
0
0
-0.74229
-0.73649
-0.73719
-0.70798
14.7479
-0.75425
-0.72594
-0.72794
-0.72594
-0.7232
-0.7232
-0.7232
-0.69214
-0.69214
-0.7142
-0.75267
-0.73859
-0.63714
-0.83032
-0.83032
-0.83273
0
0
0
0
0
0
0
0
0
-0.78341
-0.77857
-0.76667
-0.75425
-0.75425
12.9288
-0.77169
-0.78092
-0.77169
-0.7652
-0.7652
-0.7652
-0.73125
-0.73125
-0.75536
-0.79701
-0.7834
-0.67344
0
0
0
0
0
0
0
0
0
0
0
0
-0.75657
-0.75025
-0.73899
-0.72594
-0.72594
-0.77169
11.7927
-0.77684
-0.72837
-0.72905
-0.72905
-0.72905
-0.69759
-0.69759
-0.71993
-0.76679
-0.74905
0
0
0
0
0
0
0
0
0
0
0
0
0
-0.74154
-0.75325
-0.73302
-0.72794
-0.72794
-0.78092
-0.77684
17.0527
-0.77684
-0.72657
-0.72657
-0.72657
-0.69528
-0.69528
-0.7175
0
0
0
0
0
0
-0.25851
0
0
0
0
-6.4881
0
0
0
-0.75657
-0.75025
-0.73899
-0.72594
-0.72594
-0.77169
-0.72837
-0.77684
11.7927
-0.72905
-0.72905
-0.72905
-0.69759
-0.69759
-0.71993
-0.76679
-0.74905
0
0
0
0
0
0
0
0
0
0
0
0
0
-0.75655
-0.74984
-0.73703
-0.7232
-0.7232
-0.7652
-0.72905
-0.72657
-0.72905
10.2358
-0.73376
-0.73376
-0.70199
-0.70199
-0.72455
0
0
0
0
0
0
0
0
0
0
0
0
0
0
0
-0.75655
-0.74984
-0.73703
-0.7232
-0.7232
-0.7652
-0.72905
-0.72657
-0.72905
-0.73376
10.2358
-0.73376
-0.70199
-0.70199
-0.72455
0
0
0
0
0
0
0
0
0
0
0
0
0
0
0
-0.75655
-0.74984
-0.73703
-0.7232
-0.7232
-0.7652
-0.72905
-0.72657
-0.72905
-0.73376
-0.73376
10.2358
-0.70199
-0.70199
-0.72455
0
0
0
0
0
0
0
0
0
0
0
0
0
0
0
-0.72321
-0.71696
-0.70503
-0.69214
-0.69214
-0.73125
-0.69759
-0.69528
-0.69759
-0.70199
-0.70199
-0.70199
9.083
-0.62579
0
0
0
0
0
0
0
0
0
0
0
0
0
0
0
0
-0.72321
-0.71696
-0.70503
-0.69214
-0.69214
-0.73125
-0.69759
-0.69528
-0.69759
-0.70199
-0.70199
-0.70199
-0.62579
9.083
0
0
0
0
0
0
0
0
0
0
0
0
0
0
0
0
-0.74688
-0.7403
-0.72776
-0.7142
-0.7142
-0.75536
-0.71993
-0.7175
-0.71993
-0.72455
-0.72455
-0.72455
0
0
8.7297
0
0
0
0
0
0
0
0
0
0
0
0
0
0
0
-0.74795
-0.75941
-0.75019
-0.75267
-0.75267
-0.79701
-0.76679
0
-0.76679
0
0
0
0
0
0
7.0278
0
0
0
0
0
0
0
-0.93428
0
0
0
0
0
0
-0.77634
-0.76643
-0.75415
-0.73859
-0.73859
-0.7834
-0.74905
0
-0.74905
0
0
0
0
0
0
0
6.0556
0
0
0
0
0
0
0
0
0
0
0
0
0
-0.62044
-0.63513
-0.62865
-0.63714
-0.63714
-0.67344
0
0
0
0
0
0
0
0
0
0
0
3.9364
0
0
0
0
0
0
0
0
0
0
-0.1045
0
-0.88226
-0.86495
-0.85216
-0.83032
-0.83032
0
0
0
0
0
0
0
0
0
0
0
0
0
4.26
0
0
0
0
0
0
0
0
0
0
0
-0.88226
-0.86495
-0.85216
-0.83032
-0.83032
0
0
0
0
0
0
0
0
0
0
0
0
0
0
4.26
0
0
0
0
0
0
0
0
0
0
-0.89519
-0.87095
0
-0.83273
-0.83273
0
0
0
0
0
0
0
0
0
0
0
0
0
0
0
3.4316
0
0
0
0
0
0
0
0
0
0
-0.24914
0
0
0
0
0
-0.25851
0
0
0
0
0
0
0
0
0
0
0
0
0
0.62141
0
0
0
0
0
0
0
-0.11376
-10.1376
0
0
0
0
0
0
0
0
0
0
0
0
0
0
0
0
0
0
0
0
0
10.1376
0
0
0
0
0
0
0
0
0
0
0
0
0
0
0
0
0
0
0
0
0
0
-0.93428
0
0
0
0
0
0
0
0.93428
0
0
0
0
0
0
0
0
-8.3802
0
0
0
0
0
0
0
0
0
0
0
0
0
0
0
0
0
0
0
0
0
8.3802
0
0
0
0
0
0
-8.955
0
0
0
0
0
0
0
0
0
0
0
0
0
0
0
0
0
0
0
0
0
0
0
8.955
0
0
0
0
0
0
0
0
0
0
0
-6.4881
0
0
0
0
0
0
0
0
0
0
0
0
0
0
0
0
0
0
6.4881
0
0
0
-10.1376
0
0
0
0
0
0
0
0
0
0
0
0
0
0
0
0
0
0
0
0
0
0
0
0
0
0
10.1376
0
0
0
0
0
0
0
0
0
0
0
0
0
0
0
0
0
0
0
-0.1045
0
0
0
0
0
0
0
0
0
0
0.1045
0
0
0
0
0
0
0
0
0
0
0
0
0
0
0
0
0
0
0
0
0
0
-0.11376
0
0
0
0
0
0
0
0.11376
