23.1008
-0.78463
-0.75493
-0.75493
-0.74602
-0.73286
-0.77266
-0.68682
-0.68529
-0.66637
-0.70092
-0.7956
-0.70367
-0.70367
-0.72979
-0.87998
-0.97595
-1.487
0
0
0
0
0
0
0
0
0
0
0
-9.5397
-0.78463
13.7475
-0.73071
-0.73071
-0.72844
-0.71039
-0.77402
-0.66694
-0.66907
-0.64793
-0.68123
-0.78731
-0.68332
-0.68332
-0.70718
-0.84283
-0.9294
-1.4247
0
-0.56539
0
0
0
0
0
0
0
0
0
0
-0.75493
-0.73071
12.7268
-0.6962
-0.70714
-0.68332
-0.75098
-0.64017
-0.64613
-0.62177
-0.65803
-0.76056
-0.65613
-0.65613
-0.67841
-0.80649
-0.8887
-1.391
0
0
0
0
0
0
0
0
0
0
0
0
-0.75493
-0.73071
-0.6962
12.7268
-0.70714
-0.68332
-0.75098
-0.64017
-0.64613
-0.62177
-0.65803
-0.76056
-0.65613
-0.65613
-0.67841
-0.80649
-0.8887
-1.391
0
0
0
0
0
0
0
0
0
0
0
0
-0.74602
-0.72844
-0.70714
-0.70714
11.6503
-0.69134
-0.72318
-0.63619
-0.62693
-0.60543
-0.61976
-0.68461
-0.63355
-0.63355
0
0
0
0
0
-0.47481
-1.4485
0
0
-0.98365
0
0
0
0
0
0
-0.73286
-0.71039
-0.68332
-0.68332
-0.69134
10.9159
-0.7184
-0.60949
-0.6167
-0.59321
-0.62836
-0.72459
-0.62799
-0.62799
-0.65027
-0.77113
-0.84651
0
0
0
0
0
0
0
0
0
0
0
0
0
-0.77266
-0.77402
-0.75098
-0.75098
-0.72318
-0.7184
29.7219
-0.66202
-0.64663
-0.6318
-0.66339
-0.71977
-0.67355
-0.67355
-0.702
0
0
0
0
0
0
0
0
0
0
-9.9295
0
0
-9.9295
0
-0.68682
-0.66694
-0.64017
-0.64017
-0.63619
-0.60949
-0.66202
9.3967
-0.58025
-0.54965
-0.57922
-0.66317
-0.58242
-0.58242
-0.60211
-0.71566
0
0
0
0
0
0
0
0
0
0
0
0
0
0
-0.68529
-0.66907
-0.64613
-0.64613
-0.62693
-0.6167
-0.64663
-0.58025
9.574
-0.54674
-0.56867
-0.64364
-0.58064
-0.58064
-0.60207
0
0
0
0
0
0
-0.93449
0
0
0
0
0
0
0
0
-0.66637
-0.64793
-0.62177
-0.62177
-0.60543
-0.59321
-0.6318
-0.54965
-0.54674
8.3868
-0.55756
-0.63451
-0.5645
-0.5645
-0.58106
0
0
0
0
0
0
0
0
0
0
0
0
0
0
0
-0.70092
-0.68123
-0.65803
-0.65803
-0.61976
-0.62836
-0.66339
-0.57922
-0.56867
-0.55756
7.792
0
-0.59119
-0.59119
0
0
0
0
-0.29445
0
0
0
0
0
0
0
0
0
0
0
-0.7956
-0.78731
-0.76056
-0.76056
-0.68461
-0.72459
-0.71977
-0.66317
-0.64364
-0.63451
0
16.1979
0
0
0
0
0
0
0
0
-1.5063
0
0
0
-7.5173
0
0
0
0
0
-0.70367
-0.68332
-0.65613
-0.65613
-0.63355
-0.62799
-0.67355
-0.58242
-0.58064
-0.5645
-0.59119
0
6.9531
0
0
0
0
0
0
0
0
0
0
0
0
0
0
0
0
0
-0.70367
-0.68332
-0.65613
-0.65613
-0.63355
-0.62799
-0.67355
-0.58242
-0.58064
-0.5645
-0.59119
0
0
6.9531
0
0
0
0
0
0
0
0
0
0
0
0
0
0
0
0
-0.72979
-0.70718
-0.67841
-0.67841
0
-0.65027
-0.702
-0.60211
-0.60207
-0.58106
0
0
0
0
5.9313
0
0
0
0
0
0
0
0
0
0
0
0
0
0
0
-0.87998
-0.84283
-0.80649
-0.80649
0
-0.77113
0
-0.71566
0
0
0
0
0
0
0
4.8226
0
0
0
0
0
0
0
0
0
0
0
0
0
0
-0.97595
-0.9294
-0.8887
-0.8887
0
-0.84651
0
0
0
0
0
0
0
0
0
0
4.5293
0
0
0
0
0
0
0
0
0
0
0
0
0
-1.487
-1.4247
-1.391
-1.391
0
0
0
0
0
0
0
0
0
0
0
0
0
5.6937
0
0
0
0
0
0
0
0
0
0
0
0
0
0
0
0
0
0
0
0
0
0
-0.29445
0
0
0
0
0
0
0
2.7496
0
-1.2424
0
0
0
0
0
0
-1.2127
0
0
0
-0.56539
0
0
-0.47481
0
0
0
0
0
0
0
0
0
0
0
0
0
0
1.5691
0
0
0
0
0
0
-0.52894
0
0
0
0
0
0
0
-1.4485
0
0
0
0
0
0
-1.5063
0
0
0
0
0
0
-1.2424
0
4.1973
0
0
0
0
0
0
0
0
0
0
0
0
0
0
0
0
0
-0.93449
0
0
0
0
0
0
0
0
0
0
0
0
1.972
-1.0375
0
0
0
0
0
0
0
0
0
0
0
0
0
0
0
0
0
0
0
0
0
0
0
0
0
0
0
0
-1.0375
2.044
-1.0065
0
0
0
0
0
0
0
0
0
0
-0.98365
0
0
0
0
0
0
0
0
0
0
0
0
0
0
0
0
0
-1.0065
1.9902
0
0
0
0
0
0
0
0
0
0
0
0
0
0
0
0
0
-7.5173
0
0
0
0
0
0
0
0
0
0
0
0
7.5173
0
0
0
0
0
0
0
0
0
0
0
-9.9295
0
0
0
0
0
0
0
0
0
0
0
0
0
0
0
0
0
0
9.9295
0
0
0
0
0
0
0
0
0
0
0
0
0
0
0
0
0
0
0
0
0
0
0
-0.52894
0
0
0
0
0
0
0.52894
0
0
0
0
0
0
0
0
0
0
0
0
0
0
0
0
0
0
0
0
0
-1.2127
0
0
0
0
0
0
0
0
1.2127
0
0
0
0
0
0
0
0
-9.9295
0
0
0
0
0
0
0
0
0
0
0
0
0
0
0
0
0
0
0
0
0
9.9295
0
-9.5397
0
0
0
0
0
0
0
0
0
0
0
0
0
0
0
0
0
0
0
0
0
0
0
0
0
0
0
0
9.5397
