34.0872
-0.91996
-0.91599
-0.91996
-0.91996
-0.94335
-0.94335
-0.94335
-0.94335
-0.94335
-0.88777
-0.84962
-0.88958
-0.84962
-0.91577
-0.88733
-0.88733
-0.92594
-0.92096
-0.92096
-1.25
-1.25
-0.77311
0
0
0
-6.7433
0
0
-6.7433
-0.91996
19.963
-0.90707
-0.8793
-0.8793
-0.91212
-0.91212
-0.91212
-0.91212
-0.91212
-0.85859
-0.85945
-0.86057
-0.85945
-0.8856
-0.85873
-0.85873
-0.88861
-0.88242
-0.88242
-1.1965
-1.1965
-0.7293
0
0
0
0
0
0
0
-0.91599
-0.90707
19.8701
-0.90707
-0.90707
-0.91134
-0.91134
-0.91134
-0.91134
-0.91134
-0.85779
-0.85409
-0.85948
-0.85409
-0.88507
-0.85752
-0.85752
-0.88791
-0.88174
-0.88174
-1.1985
-1.1985
0
-0.60226
0
0
0
0
0
0
-0.91996
-0.8793
-0.90707
19.963
-0.8793
-0.91212
-0.91212
-0.91212
-0.91212
-0.91212
-0.85859
-0.85945
-0.86057
-0.85945
-0.8856
-0.85873
-0.85873
-0.88861
-0.88242
-0.88242
-1.1965
-1.1965
-0.7293
0
0
0
0
0
0
0
-0.91996
-0.8793
-0.90707
-0.8793
19.963
-0.91212
-0.91212
-0.91212
-0.91212
-0.91212
-0.85859
-0.85945
-0.86057
-0.85945
-0.8856
-0.85873
-0.85873
-0.88861
-0.88242
-0.88242
-1.1965
-1.1965
-0.7293
0
0
0
0
0
0
0
-0.94335
-0.91212
-0.91134
-0.91212
-0.91212
17.2469
-0.9124
-0.9124
-0.9124
-0.9124
-0.89794
-0.89201
-0.88742
-0.89201
-0.91758
-0.88664
-0.88664
-0.91923
-0.91337
-0.91337
0
0
0
0
0
0
0
0
0
0
-0.94335
-0.91212
-0.91134
-0.91212
-0.91212
-0.9124
17.2469
-0.9124
-0.9124
-0.9124
-0.89794
-0.89201
-0.88742
-0.89201
-0.91758
-0.88664
-0.88664
-0.91923
-0.91337
-0.91337
0
0
0
0
0
0
0
0
0
0
-0.94335
-0.91212
-0.91134
-0.91212
-0.91212
-0.9124
-0.9124
17.2469
-0.9124
-0.9124
-0.89794
-0.89201
-0.88742
-0.89201
-0.91758
-0.88664
-0.88664
-0.91923
-0.91337
-0.91337
0
0
0
0
0
0
0
0
0
0
-0.94335
-0.91212
-0.91134
-0.91212
-0.91212
-0.9124
-0.9124
-0.9124
17.2469
-0.9124
-0.89794
-0.89201
-0.88742
-0.89201
-0.91758
-0.88664
-0.88664
-0.91923
-0.91337
-0.91337
0
0
0
0
0
0
0
0
0
0
-0.94335
-0.91212
-0.91134
-0.91212
-0.91212
-0.9124
-0.9124
-0.9124
-0.9124
17.2469
-0.89794
-0.89201
-0.88742
-0.89201
-0.91758
-0.88664
-0.88664
-0.91923
-0.91337
-0.91337
0
0
0
0
0
0
0
0
0
0
-0.88777
-0.85859
-0.85779
-0.85859
-0.85859
-0.89794
-0.89794
-0.89794
-0.89794
-0.89794
15.6781
-0.80952
-0.8183
-0.80952
-0.82692
-0.80812
-0.80812
-0.83712
0
0
0
0
0
0
-1.1494
0
0
0
0
0
-0.84962
-0.85945
-0.85409
-0.85945
-0.85945
-0.89201
-0.89201
-0.89201
-0.89201
-0.89201
-0.80952
17.7819
-0.83555
-0.80994
-0.79884
-0.79069
-0.79069
0
0
0
0
0
0
0
0
0
0
-4.2046
0
0
-0.88958
-0.86057
-0.85948
-0.86057
-0.86057
-0.88742
-0.88742
-0.88742
-0.88742
-0.88742
-0.8183
-0.83555
14.5376
-0.83555
-0.8225
-0.80671
-0.80671
-0.84437
0
0
0
0
0
0
0
0
0
0
0
0
-0.84962
-0.85945
-0.85409
-0.85945
-0.85945
-0.89201
-0.89201
-0.89201
-0.89201
-0.89201
-0.80952
-0.80994
-0.83555
17.7819
-0.79884
-0.79069
-0.79069
0
0
0
0
0
0
0
0
-4.2046
0
0
0
0
-0.91577
-0.8856
-0.88507
-0.8856
-0.8856
-0.91758
-0.91758
-0.91758
-0.91758
-0.91758
-0.82692
-0.79884
-0.8225
-0.79884
13.4675
0
0
0
0
0
0
0
0
0
-1.1749
0
0
0
0
0
-0.88733
-0.85873
-0.85752
-0.85873
-0.85873
-0.88664
-0.88664
-0.88664
-0.88664
-0.88664
-0.80812
-0.79069
-0.80671
-0.79069
0
11.9505
0
0
0
0
0
0
0
0
0
0
0
0
0
0
-0.88733
-0.85873
-0.85752
-0.85873
-0.85873
-0.88664
-0.88664
-0.88664
-0.88664
-0.88664
-0.80812
-0.79069
-0.80671
-0.79069
0
0
11.9505
0
0
0
0
0
0
0
0
0
0
0
0
0
-0.92594
-0.88861
-0.88791
-0.88861
-0.88861
-0.91923
-0.91923
-0.91923
-0.91923
-0.91923
-0.83712
0
-0.84437
0
0
0
0
10.7573
0
0
0
0
0
0
0
0
0
0
0
0
-0.92096
-0.88242
-0.88174
-0.88242
-0.88242
-0.91337
-0.91337
-0.91337
-0.91337
-0.91337
0
0
0
0
0
0
0
0
9.0168
0
0
0
0
0
0
0
0
0
0
0
-0.92096
-0.88242
-0.88174
-0.88242
-0.88242
-0.91337
-0.91337
-0.91337
-0.91337
-0.91337
0
0
0
0
0
0
0
0
0
9.0168
0
0
0
0
0
0
0
0
0
0
-1.25
-1.1965
-1.1985
-1.1965
-1.1965
0
0
0
0
0
0
0
0
0
0
0
0
0
0
0
6.0379
0
0
0
0
0
0
0
0
0
-1.25
-1.1965
-1.1985
-1.1965
-1.1965
0
0
0
0
0
0
0
0
0
0
0
0
0
0
0
0
6.0379
0
0
0
0
0
0
0
0
-0.77311
-0.7293
0
-0.7293
-0.7293
0
0
0
0
0
0
0
0
0
0
0
0
0
0
0
0
0
2.961
0
0
0
0
0
0
0
0
0
-0.60226
0
0
0
0
0
0
0
0
0
0
0
0
0
0
0
0
0
0
0
0
2.6629
-1.0472
0
0
0
-1.0134
0
0
0
0
0
0
0
0
0
0
0
-1.1494
0
0
0
-1.1749
0
0
0
0
0
0
0
0
-1.0472
3.3715
0
0
0
0
0
0
0
0
0
0
0
0
0
0
0
0
0
0
-4.2046
0
0
0
0
0
0
0
0
0
0
0
4.2046
0
0
0
0
-6.7433
0
0
0
0
0
0
0
0
0
0
0
0
0
0
0
0
0
0
0
0
0
0
0
0
0
6.7433
0
0
0
0
0
0
0
0
0
0
0
0
0
0
-4.2046
0
0
0
0
0
0
0
0
0
0
0
0
0
0
0
4.2046
0
0
0
0
0
0
0
0
0
0
0
0
0
0
0
0
0
0
0
0
0
0
0
0
0
-1.0134
0
0
0
0
1.0134
0
-6.7433
0
0
0
0
0
0
0
0
0
0
0
0
0
0
0
0
0
0
0
0
0
0
0
0
0
0
0
0
6.7433
