16.2754
-0.10002
-0.10002
-0.31708
-0.11327
-0.48251
-0.234
-0.12002
-0.78913
-0.77466
-1.0685
-1.6857
0
0
0
0
0
-3.6183
0
0
0
0
0
0
0
0
-3.2537
0
0
-3.6183
-0.10002
8.1837
-0.1
-0.10006
-0.14712
-0.31507
-0.5367
-0.1
-0.23487
-0.54375
-0.75095
0
0
-1.2807
-1.9872
0
0
0
0
0
0
0
0
-1.9872
0
0
0
0
0
0
-0.10002
-0.1
11.432
-0.27913
-0.10004
-0.43975
-1.248
-0.51409
-0.6465
-0.67888
-0.88049
-1.11
0
0
0
0
0
0
-2.6676
0
0
0
0
0
0
0
0
-2.6676
0
0
-0.31708
-0.10006
-0.27913
8.6106
-0.10001
-0.38932
-0.71475
-0.68972
-0.70185
-0.61135
-0.81181
-1.0323
0
0
0
0
0
0
0
0
0
0
-2.8632
0
0
0
0
0
0
0
-0.11327
-0.14712
-0.10004
-0.10001
4.8077
-0.38787
-0.54485
-0.48678
-0.33837
-0.5797
-0.76557
-0.61556
-0.62861
0
0
0
0
0
0
0
0
0
0
0
0
0
0
0
0
0
-0.48251
-0.31507
-0.43975
-0.38932
-0.38787
4.384
-0.54916
-0.55437
-0.34054
-0.40216
0
0
-0.52322
0
0
0
0
0
0
0
0
0
0
0
0
0
0
0
0
0
-0.234
-0.5367
-1.248
-0.71475
-0.54485
-0.54916
10.2209
0
0
-0.68946
0
0
0
0
0
0
-2.852
0
0
0
0
0
0
0
-2.852
0
0
0
0
0
-0.12002
-0.1
-0.51409
-0.68972
-0.48678
-0.55437
0
6.8502
0
0
0
0
0
0
0
0
0
0
0
-2.1926
0
-2.1926
0
0
0
0
0
0
0
0
-0.78913
-0.23487
-0.6465
-0.70185
-0.33837
-0.34054
0
0
6.0339
0
0
0
0
-0.94522
0
0
0
0
0
0
0
0
0
0
0
0
0
0
-2.0374
0
-0.77466
-0.54375
-0.67888
-0.61135
-0.5797
-0.40216
-0.68946
0
0
4.28
0
0
0
0
0
0
0
0
0
0
0
0
0
0
0
0
0
0
0
0
-1.0685
-0.75095
-0.88049
-0.81181
-0.76557
0
0
0
0
0
4.2773
0
0
0
0
0
0
0
0
0
0
0
0
0
0
0
0
0
0
0
-1.6857
0
-1.11
-1.0323
-0.61556
0
0
0
0
0
0
7.0011
0
0
0
0
0
0
0
0
0
0
0
0
0
-2.5575
0
0
0
0
0
0
0
0
-0.62861
-0.52322
0
0
0
0
0
0
3.3022
0
0
0
0
0
0
0
-2.1504
0
0
0
0
0
0
0
0
0
0
-1.2807
0
0
0
0
0
0
-0.94522
0
0
0
0
2.5346
0
-0.30863
0
0
0
0
0
0
0
0
0
0
0
0
0
0
0
-1.9872
0
0
0
0
0
0
0
0
0
0
0
0
1.9872
0
0
0
0
0
0
0
0
0
0
0
0
0
0
0
0
0
0
0
0
0
0
0
0
0
0
0
0
-0.30863
0
0.30863
0
0
0
0
0
0
0
0
0
0
0
0
0
0
0
0
0
0
0
0
-2.852
0
0
0
0
0
0
0
0
0
2.852
0
0
0
0
0
0
0
0
0
0
0
0
0
-3.6183
0
0
0
0
0
0
0
0
0
0
0
0
0
0
0
0
3.6183
0
0
0
0
0
0
0
0
0
0
0
0
0
0
-2.6676
0
0
0
0
0
0
0
0
0
0
0
0
0
0
0
2.6676
0
0
0
0
0
0
0
0
0
0
0
0
0
0
0
0
0
0
-2.1926
0
0
0
0
0
0
0
0
0
0
0
2.1926
0
0
0
0
0
0
0
0
0
0
0
0
0
0
0
0
0
0
0
0
0
0
-2.1504
0
0
0
0
0
0
0
2.1504
0
0
0
0
0
0
0
0
0
0
0
0
0
0
0
0
-2.1926
0
0
0
0
0
0
0
0
0
0
0
0
0
2.1926
0
0
0
0
0
0
0
0
0
0
0
-2.8632
0
0
0
0
0
0
0
0
0
0
0
0
0
0
0
0
0
0
2.8632
0
0
0
0
0
0
0
0
-1.9872
0
0
0
0
0
0
0
0
0
0
0
0
0
0
0
0
0
0
0
0
0
1.9872
0
0
0
0
0
0
0
0
0
0
0
0
-2.852
0
0
0
0
0
0
0
0
0
0
0
0
0
0
0
0
0
2.852
0
0
0
0
0
0
0
0
0
0
0
0
0
0
0
0
-2.5575
0
0
0
0
0
0
0
0
0
0
0
0
0
2.5575
0
0
0
0
-3.2537
0
0
0
0
0
0
0
0
0
0
0
0
0
0
0
0
0
0
0
0
0
0
0
0
0
3.2537
0
0
0
0
0
-2.6676
0
0
0
0
0
0
0
0
0
0
0
0
0
0
0
0
0
0
0
0
0
0
0
0
2.6676
0
0
0
0
0
0
0
0
0
0
-2.0374
0
0
0
0
0
0
0
0
0
0
0
0
0
0
0
0
0
0
0
2.0374
0
-3.6183
0
0
0
0
0
0
0
0
0
0
0
0
0
0
0
0
0
0
0
0
0
0
0
0
0
0
0
0
3.6183
