29.01
-0.57576
-0.57523
-0.57523
-0.57516
-0.57516
-0.57405
-0.57405
-0.57471
-0.57475
-0.57462
-0.57462
-0.57405
-0.57453
0
0
0
0
0
0
-7.1794
0
0
-7.1794
0
0
0
-7.1794
0
0
-0.57576
13.7302
-0.5781
-0.5781
-0.57757
-0.57757
-0.57584
-0.57584
-0.57807
-0.57661
-0.57693
-0.57693
-0.57638
-0.57603
-0.56322
-0.55888
0
0
0
0
0
0
0
0
-5.1084
0
0
0
0
0
-0.57523
-0.5781
12.671
-0.57791
-0.57728
-0.57728
-0.57548
-0.57548
-0.57687
-0.57622
-0.57675
-0.57675
-0.57622
-0.5757
-0.56319
0
0
0
0
-4.6126
0
0
0
0
0
0
0
0
0
0
-0.57523
-0.5781
-0.57791
12.671
-0.57728
-0.57728
-0.57548
-0.57548
-0.57687
-0.57622
-0.57675
-0.57675
-0.57622
-0.5757
-0.56319
0
0
0
0
0
0
-4.6126
0
0
0
0
0
0
0
0
-0.57516
-0.57757
-0.57728
-0.57728
11.5243
-0.57715
-0.5752
-0.5752
-0.5767
-0.57597
-0.57665
-0.57665
-0.57613
-0.5754
0
0
0
0
0
0
0
0
-4.032
0
0
0
0
0
0
0
-0.57516
-0.57757
-0.57728
-0.57728
-0.57715
11.5243
-0.5752
-0.5752
-0.5767
-0.57597
-0.57665
-0.57665
-0.57613
-0.5754
0
0
-4.032
0
0
0
0
0
0
0
0
0
0
0
0
0
-0.57405
-0.57584
-0.57548
-0.57548
-0.5752
-0.5752
7.4716
-0.5732
-0.5749
-0.57443
-0.57477
-0.57477
-0.57437
-0.57393
0
0
0
0
0
0
0
0
0
0
0
0
0
0
0
0
-0.57405
-0.57584
-0.57548
-0.57548
-0.5752
-0.5752
-0.5732
7.4716
-0.5749
-0.57443
-0.57477
-0.57477
-0.57437
-0.57393
0
0
0
0
0
0
0
0
0
0
0
0
0
0
0
0
-0.57471
-0.57807
-0.57687
-0.57687
-0.5767
-0.5767
-0.5749
-0.5749
7.7336
-0.57551
0
0
0
0
0
-0.55948
0
0
0
0
0
0
0
0
0
-1.9889
0
0
0
0
-0.57475
-0.57661
-0.57622
-0.57622
-0.57597
-0.57597
-0.57443
-0.57443
-0.57551
6.3315
-0.57568
-0.57568
0
0
0
0
0
0
0
0
0
0
0
0
0
0
0
0
0
0
-0.57462
-0.57693
-0.57675
-0.57675
-0.57665
-0.57665
-0.57477
-0.57477
0
-0.57568
6.2331
0
0
0
0
0
0
-1.0495
0
0
0
0
0
0
0
0
0
0
0
0
-0.57462
-0.57693
-0.57675
-0.57675
-0.57665
-0.57665
-0.57477
-0.57477
0
-0.57568
0
6.2331
0
0
0
0
0
0
0
0
0
0
0
0
0
0
0
0
0
-1.0495
-0.57405
-0.57638
-0.57622
-0.57622
-0.57613
-0.57613
-0.57437
-0.57437
0
0
0
0
5.1759
0
0
0
0
0
-0.57205
0
0
0
0
0
0
0
0
0
0
0
-0.57453
-0.57603
-0.5757
-0.5757
-0.5754
-0.5754
-0.57393
-0.57393
0
0
0
0
0
4.6006
0
0
0
0
0
0
0
0
0
0
0
0
0
0
0
0
0
-0.56322
-0.56319
-0.56319
0
0
0
0
0
0
0
0
0
0
2.2419
0
0
0
0
0
0
0
0
0
0
0
0
0
-0.55225
0
0
-0.55888
0
0
0
0
0
0
-0.55948
0
0
0
0
0
0
1.6733
0
0
0
0
0
0
0
0
0
0
-0.55494
0
0
0
0
0
0
0
0
-4.032
0
0
0
0
0
0
0
0
0
0
4.032
0
0
0
0
0
0
0
0
0
0
0
0
0
0
0
0
0
0
0
0
0
0
0
-1.0495
0
0
0
0
0
0
1.0495
0
0
0
0
0
0
0
0
0
0
0
0
0
0
0
0
0
0
0
0
0
0
0
0
-0.57205
0
0
0
0
0
0.57205
0
0
0
0
0
0
0
0
0
0
0
0
0
-4.6126
0
0
0
0
0
0
0
0
0
0
0
0
0
0
0
0
4.6126
0
0
0
0
0
0
0
0
0
0
-7.1794
0
0
0
0
0
0
0
0
0
0
0
0
0
0
0
0
0
0
0
7.1794
0
0
0
0
0
0
0
0
0
0
0
0
-4.6126
0
0
0
0
0
0
0
0
0
0
0
0
0
0
0
0
0
4.6126
0
0
0
0
0
0
0
0
0
0
0
0
-4.032
0
0
0
0
0
0
0
0
0
0
0
0
0
0
0
0
0
4.032
0
0
0
0
0
0
0
-7.1794
0
0
0
0
0
0
0
0
0
0
0
0
0
0
0
0
0
0
0
0
0
0
7.1794
0
0
0
0
0
0
0
-5.1084
0
0
0
0
0
0
0
0
0
0
0
0
0
0
0
0
0
0
0
0
0
0
5.1084
0
0
0
0
0
0
0
0
0
0
0
0
0
-1.9889
0
0
0
0
0
0
0
0
0
0
0
0
0
0
0
0
1.9889
0
0
0
0
0
0
0
0
0
0
0
0
0
0
0
0
0
0
0
-0.55494
0
0
0
0
0
0
0
0
0
0
0.55494
0
0
0
-7.1794
0
0
0
0
0
0
0
0
0
0
0
0
0
0
0
0
0
0
0
0
0
0
0
0
0
0
7.1794
0
0
0
0
0
0
0
0
0
0
0
0
0
0
0
0
-0.55225
0
0
0
0
0
0
0
0
0
0
0
0
0
0.55225
0
0
0
0
0
0
0
0
0
0
0
0
-1.0495
0
0
0
0
0
0
0
0
0
0
0
0
0
0
0
0
0
1.0495
