22.2098
-0.92257
-0.92257
-0.88539
-0.89295
-0.88762
-0.92634
-0.92634
-0.96443
-0.95184
-0.95184
-0.95184
-0.86004
-0.83824
-0.85576
-0.90198
-0.91831
-1.1218
-1.1218
-0.69821
-1.0561
-1.0561
0
-1.2989
-1.2989
0
0
0
0
0
-0.92257
22.2098
-0.92257
-0.88539
-0.89295
-0.88762
-0.92634
-0.92634
-0.96443
-0.95184
-0.95184
-0.95184
-0.86004
-0.83824
-0.85576
-0.90198
-0.91831
-1.1218
-1.1218
-0.69821
-1.0561
-1.0561
0
-1.2989
-1.2989
0
0
0
0
0
-0.92257
-0.92257
22.2098
-0.88539
-0.89295
-0.88762
-0.92634
-0.92634
-0.96443
-0.95184
-0.95184
-0.95184
-0.86004
-0.83824
-0.85576
-0.90198
-0.91831
-1.1218
-1.1218
-0.69821
-1.0561
-1.0561
0
-1.2989
-1.2989
0
0
0
0
0
-0.88539
-0.88539
-0.88539
20.3413
-0.83982
-0.83417
-0.86998
-0.86998
-0.90163
-0.8936
-0.8936
-0.8936
-0.80668
-0.78755
-0.80378
-0.84695
-0.86227
-1.0583
-1.0583
-0.65644
-0.99309
-0.99309
0
0
0
-1.8223
0
0
0
0
-0.89295
-0.89295
-0.89295
-0.83982
18.7725
-0.84658
-0.88331
-0.88331
-0.91642
-0.90762
-0.90762
-0.90762
-0.82013
-0.7994
-0.81591
-0.8598
-0.87528
-1.0735
-1.0735
-0.66869
-1.0076
-1.0076
0
0
0
0
0
0
0
0
-0.88762
-0.88762
-0.88762
-0.83417
-0.84658
18.0165
-0.87891
-0.87891
-0.91428
-0.90377
-0.90377
-0.90377
-0.81626
-0.79553
-0.81195
-0.8556
-0.87062
-1.0654
-1.0654
0
-1.0043
-1.0043
0
0
0
0
0
0
0
0
-0.92634
-0.92634
-0.92634
-0.86998
-0.88331
-0.87891
16.6739
-0.91053
-0.95505
-0.94694
-0.94694
-0.94694
-0.85553
-0.82944
-0.84656
-0.89331
-0.90887
-1.1113
-1.1113
0
0
0
0
0
0
0
0
0
0
0
-0.92634
-0.92634
-0.92634
-0.86998
-0.88331
-0.87891
-0.91053
16.6739
-0.95505
-0.94694
-0.94694
-0.94694
-0.85553
-0.82944
-0.84656
-0.89331
-0.90887
-1.1113
-1.1113
0
0
0
0
0
0
0
0
0
0
0
-0.96443
-0.96443
-0.96443
-0.90163
-0.91642
-0.91428
-0.95505
-0.95505
20.8103
-1.0476
-1.0476
-1.0476
-0.84997
-0.82355
-0.84174
-0.89149
0
0
0
0
0
0
0
0
0
0
0
0
0
-6.725
-0.95184
-0.95184
-0.95184
-0.8936
-0.90762
-0.90377
-0.94694
-0.94694
-1.0476
14.7939
-0.92829
-0.92829
-0.8886
-0.83796
-0.85917
-0.91266
-0.9369
0
0
0
0
0
0
0
0
0
0
0
0
0
-0.95184
-0.95184
-0.95184
-0.8936
-0.90762
-0.90377
-0.94694
-0.94694
-1.0476
-0.92829
14.7939
-0.92829
-0.8886
-0.83796
-0.85917
-0.91266
-0.9369
0
0
0
0
0
0
0
0
0
0
0
0
0
-0.95184
-0.95184
-0.95184
-0.8936
-0.90762
-0.90377
-0.94694
-0.94694
-1.0476
-0.92829
-0.92829
14.7939
-0.8886
-0.83796
-0.85917
-0.91266
-0.9369
0
0
0
0
0
0
0
0
0
0
0
0
0
-0.86004
-0.86004
-0.86004
-0.80668
-0.82013
-0.81626
-0.85553
-0.85553
-0.84997
-0.8886
-0.8886
-0.8886
12.281
-0.73179
-0.71708
0
0
0
0
0
0
0
-0.58209
0
0
0
0
0
0
0
-0.83824
-0.83824
-0.83824
-0.78755
-0.7994
-0.79553
-0.82944
-0.82944
-0.82355
-0.83796
-0.83796
-0.83796
-0.73179
12.1229
-0.72815
-0.76945
0
0
0
0
0
0
0
0
0
0
0
0
0
0
-0.85576
-0.85576
-0.85576
-0.80378
-0.81591
-0.81195
-0.84656
-0.84656
-0.84174
-0.85917
-0.85917
-0.85917
-0.71708
-0.72815
11.5565
0
0
0
0
0
0
0
0
0
0
0
0
0
0
0
-0.90198
-0.90198
-0.90198
-0.84695
-0.8598
-0.8556
-0.89331
-0.89331
-0.89149
-0.91266
-0.91266
-0.91266
0
-0.76945
0
11.4538
0
0
0
0
0
0
0
0
0
0
0
0
0
0
-0.91831
-0.91831
-0.91831
-0.86227
-0.87528
-0.87062
-0.90887
-0.90887
0
-0.9369
-0.9369
-0.9369
0
0
0
0
9.9915
0
0
0
0
0
0
0
0
0
0
0
0
0
-1.1218
-1.1218
-1.1218
-1.0583
-1.0735
-1.0654
-1.1113
-1.1113
0
0
0
0
0
0
0
0
0
8.785
0
0
0
0
0
0
0
0
0
0
0
0
-1.1218
-1.1218
-1.1218
-1.0583
-1.0735
-1.0654
-1.1113
-1.1113
0
0
0
0
0
0
0
0
0
0
8.785
0
0
0
0
0
0
0
0
0
0
0
-0.69821
-0.69821
-0.69821
-0.65644
-0.66869
0
0
0
0
0
0
0
0
0
0
0
0
0
0
4.0105
0
0
-0.4588
0
0
0
-0.13198
0
0
0
-1.0561
-1.0561
-1.0561
-0.99309
-1.0076
-1.0043
0
0
0
0
0
0
0
0
0
0
0
0
0
0
6.1735
0
0
0
0
0
0
0
0
0
-1.0561
-1.0561
-1.0561
-0.99309
-1.0076
-1.0043
0
0
0
0
0
0
0
0
0
0
0
0
0
0
0
6.1735
0
0
0
0
0
0
0
0
0
0
0
0
0
0
0
0
0
0
0
0
-0.58209
0
0
0
0
0
0
-0.4588
0
0
11.4677
0
0
-1.3084
0
-4.5592
-4.5592
0
-1.2989
-1.2989
-1.2989
0
0
0
0
0
0
0
0
0
0
0
0
0
0
0
0
0
0
0
0
3.8967
0
0
0
0
0
0
-1.2989
-1.2989
-1.2989
0
0
0
0
0
0
0
0
0
0
0
0
0
0
0
0
0
0
0
0
0
3.8967
0
0
0
0
0
0
0
0
-1.8223
0
0
0
0
0
0
0
0
0
0
0
0
0
0
0
0
0
0
-1.3084
0
0
3.1308
0
0
0
0
0
0
0
0
0
0
0
0
0
0
0
0
0
0
0
0
0
0
0
-0.13198
0
0
0
0
0
0
0.13198
0
0
0
0
0
0
0
0
0
0
0
0
0
0
0
0
0
0
0
0
0
0
0
0
0
-4.5592
0
0
0
0
4.5592
0
0
0
0
0
0
0
0
0
0
0
0
0
0
0
0
0
0
0
0
0
0
0
0
-4.5592
0
0
0
0
0
4.5592
0
0
0
0
0
0
0
0
0
-6.725
0
0
0
0
0
0
0
0
0
0
0
0
0
0
0
0
0
0
0
0
6.725
