21.0314
-1.034
-0.93401
-0.93401
-0.93401
-0.93401
-0.90361
-1.0033
-1.0033
-0.92131
-0.92451
-0.92131
-0.92131
-0.85103
-0.87643
-0.93584
-0.93584
-0.93584
-0.8684
-0.94618
-1.0489
-1.0489
-0.84081
-0.3744
0
0
0
0
0
0
-1.034
27.8484
-0.94724
-0.94724
-0.94724
-0.94724
-0.9158
-0.97822
-0.97822
-0.93314
-0.9297
-0.93314
-0.93314
-0.86067
-0.8864
-0.94662
-0.94662
-0.94662
-0.87826
-0.96658
-1.0755
-1.0755
-0.86433
0
0
-6.977
0
0
0
0
-0.93401
-0.94724
18.9191
-0.84436
-0.84436
-0.84436
-0.82459
-0.91787
-0.91787
-0.84249
-0.84245
-0.84249
-0.84249
-0.77775
-0.80067
-0.85416
-0.85416
-0.85416
-0.79343
-0.86216
-0.95568
-0.95568
-0.76672
0
0
0
0
0
0
0
-0.93401
-0.94724
-0.84436
18.9191
-0.84436
-0.84436
-0.82459
-0.91787
-0.91787
-0.84249
-0.84245
-0.84249
-0.84249
-0.77775
-0.80067
-0.85416
-0.85416
-0.85416
-0.79343
-0.86216
-0.95568
-0.95568
-0.76672
0
0
0
0
0
0
0
-0.93401
-0.94724
-0.84436
-0.84436
18.9191
-0.84436
-0.82459
-0.91787
-0.91787
-0.84249
-0.84245
-0.84249
-0.84249
-0.77775
-0.80067
-0.85416
-0.85416
-0.85416
-0.79343
-0.86216
-0.95568
-0.95568
-0.76672
0
0
0
0
0
0
0
-0.93401
-0.94724
-0.84436
-0.84436
-0.84436
18.9191
-0.82459
-0.91787
-0.91787
-0.84249
-0.84245
-0.84249
-0.84249
-0.77775
-0.80067
-0.85416
-0.85416
-0.85416
-0.79343
-0.86216
-0.95568
-0.95568
-0.76672
0
0
0
0
0
0
0
-0.90361
-0.9158
-0.82459
-0.82459
-0.82459
-0.82459
17.5547
-0.87328
-0.87328
-0.81494
-0.81251
-0.81494
-0.81494
-0.75042
-0.77245
-0.82381
-0.82381
-0.82381
-0.76549
-0.83021
-0.92153
-0.92153
0
0
0
0
0
0
0
0
-1.0033
-0.97822
-0.91787
-0.91787
-0.91787
-0.91787
-0.87328
29.7915
-0.89882
-0.91541
-0.91142
-0.91541
-0.91541
-0.82668
-0.85124
-0.90865
-0.90865
-0.90865
-0.84347
0
0
0
0
0
0
0
0
-6.7307
-6.7307
0
-1.0033
-0.97822
-0.91787
-0.91787
-0.91787
-0.91787
-0.87328
-0.89882
29.7915
-0.91541
-0.91142
-0.91541
-0.91541
-0.82668
-0.85124
-0.90865
-0.90865
-0.90865
-0.84347
0
0
0
0
0
-6.7307
0
-6.7307
0
0
0
-0.92131
-0.93314
-0.84249
-0.84249
-0.84249
-0.84249
-0.81494
-0.91541
-0.91541
15.9449
-0.84877
-0.81718
-0.81718
-0.74905
-0.77104
-0.82229
-0.82229
-0.82229
-0.76409
-0.84056
0
0
0
0
0
0
0
0
0
0
-0.92451
-0.9297
-0.84245
-0.84245
-0.84245
-0.84245
-0.81251
-0.91142
-0.91142
-0.84877
15.422
-0.84877
-0.84877
-0.73793
-0.75957
-0.80996
-0.80996
-0.80996
-0.75273
0
0
0
0
-0.33622
0
0
0
0
0
0
-0.92131
-0.93314
-0.84249
-0.84249
-0.84249
-0.84249
-0.81494
-0.91541
-0.91541
-0.81718
-0.84877
15.9449
-0.81718
-0.74905
-0.77104
-0.82229
-0.82229
-0.82229
-0.76409
-0.84056
0
0
0
0
0
0
0
0
0
0
-0.92131
-0.93314
-0.84249
-0.84249
-0.84249
-0.84249
-0.81494
-0.91541
-0.91541
-0.81718
-0.84877
-0.81718
15.9449
-0.74905
-0.77104
-0.82229
-0.82229
-0.82229
-0.76409
-0.84056
0
0
0
0
0
0
0
0
0
0
-0.85103
-0.86067
-0.77775
-0.77775
-0.77775
-0.77775
-0.75042
-0.82668
-0.82668
-0.74905
-0.73793
-0.74905
-0.74905
13.896
-0.71006
-0.75687
-0.75687
-0.75687
-0.70371
0
0
0
0
0
0
0
0
0
0
0
-0.87643
-0.8864
-0.80067
-0.80067
-0.80067
-0.80067
-0.77245
-0.85124
-0.85124
-0.77104
-0.75957
-0.77104
-0.77104
-0.71006
13.5983
-0.7917
-0.7917
-0.7917
0
0
0
0
0
0
0
0
0
0
0
0
-0.93584
-0.94662
-0.85416
-0.85416
-0.85416
-0.85416
-0.82381
-0.90865
-0.90865
-0.82229
-0.80996
-0.82229
-0.82229
-0.75687
-0.7917
12.7656
0
0
0
0
0
0
0
0
0
0
0
0
0
0
-0.93584
-0.94662
-0.85416
-0.85416
-0.85416
-0.85416
-0.82381
-0.90865
-0.90865
-0.82229
-0.80996
-0.82229
-0.82229
-0.75687
-0.7917
0
12.7656
0
0
0
0
0
0
0
0
0
0
0
0
0
-0.93584
-0.94662
-0.85416
-0.85416
-0.85416
-0.85416
-0.82381
-0.90865
-0.90865
-0.82229
-0.80996
-0.82229
-0.82229
-0.75687
-0.7917
0
0
12.7656
0
0
0
0
0
0
0
0
0
0
0
0
-0.8684
-0.87826
-0.79343
-0.79343
-0.79343
-0.79343
-0.76549
-0.84347
-0.84347
-0.76409
-0.75273
-0.76409
-0.76409
-0.70371
0
0
0
0
11.1215
0
0
0
0
0
0
0
0
0
0
0
-0.94618
-0.96658
-0.86216
-0.86216
-0.86216
-0.86216
-0.83021
0
0
-0.84056
0
-0.84056
-0.84056
0
0
0
0
0
0
8.7133
0
0
0
0
0
0
0
0
0
0
-1.0489
-1.0755
-0.95568
-0.95568
-0.95568
-0.95568
-0.92153
0
0
0
0
0
0
0
0
0
0
0
0
0
6.8686
0
0
0
0
0
0
0
0
0
-1.0489
-1.0755
-0.95568
-0.95568
-0.95568
-0.95568
-0.92153
0
0
0
0
0
0
0
0
0
0
0
0
0
0
6.8686
0
0
0
0
0
0
0
0
-0.84081
-0.86433
-0.76672
-0.76672
-0.76672
-0.76672
0
0
0
0
0
0
0
0
0
0
0
0
0
0
0
0
4.772
0
0
0
0
0
0
0
-0.3744
0
0
0
0
0
0
0
0
0
-0.33622
0
0
0
0
0
0
0
0
0
0
0
0
0.8624
0
0
0
0
0
-0.15178
0
0
0
0
0
0
0
0
-6.7307
0
0
0
0
0
0
0
0
0
0
0
0
0
0
0
6.7307
0
0
0
0
0
0
-6.977
0
0
0
0
0
0
0
0
0
0
0
0
0
0
0
0
0
0
0
0
0
0
0
6.977
0
0
0
0
0
0
0
0
0
0
0
0
-6.7307
0
0
0
0
0
0
0
0
0
0
0
0
0
0
0
0
0
6.7307
0
0
0
0
0
0
0
0
0
0
-6.7307
0
0
0
0
0
0
0
0
0
0
0
0
0
0
0
0
0
0
0
6.7307
0
0
0
0
0
0
0
0
0
-6.7307
0
0
0
0
0
0
0
0
0
0
0
0
0
0
0
0
0
0
0
0
6.7307
0
0
0
0
0
0
0
0
0
0
0
0
0
0
0
0
0
0
0
0
0
0
0
0
-0.15178
0
0
0
0
0
0.15178
