21.0529
-0.55766
-0.55489
-0.56279
-0.59636
-0.54473
-0.5766
-0.56681
-0.60189
-0.5587
-0.5806
-0.65759
-0.55893
-0.59605
-0.55169
-0.92443
-0.36766
0
0
0
0
0
0
0
0
0
-11.6955
0
0
0
-0.55766
8.4447
-0.50355
-0.51131
-0.55202
-0.48393
-0.51642
-0.50821
-0.53076
-0.5009
-0.52174
-0.57912
-0.50472
-0.53083
-0.49562
-0.80335
-0.34457
0
0
0
0
0
0
0
0
0
0
0
0
0
-0.55489
-0.50355
8.2155
-0.50302
-0.54706
-0.48071
-0.51071
-0.50254
-0.52551
-0.49626
-0.508
-0.57305
-0.51969
-0.52396
-0.49144
-0.79252
0
-0.18258
0
0
0
0
0
0
0
0
0
0
0
0
-0.56279
-0.51131
-0.50302
8.4645
-0.55815
-0.48308
-0.51676
-0.50875
-0.52904
-0.50076
-0.52827
-0.57658
-0.5028
-0.52836
-0.49532
-0.79614
0
0
-0.3634
0
0
0
0
0
0
0
0
0
0
0
-0.59636
-0.55202
-0.54706
-0.55815
19.3101
-0.50273
-0.53296
-0.52407
-0.55365
-0.51638
-0.53089
-0.60237
-0.51607
-0.54987
-0.51058
0
0
0
0
-0.45751
0
0
0
-11.2595
0
0
0
0
0
0
-0.54473
-0.48393
-0.48071
-0.48308
-0.50273
17.746
-0.49343
-0.48479
-0.51366
-0.47822
-0.49034
-0.55824
-0.48231
-0.51194
-0.47146
0
0
0
0
0
0
0
0
0
0
-10.7664
0
0
0
0
-0.5766
-0.51642
-0.51071
-0.51676
-0.53296
-0.49343
5.934
-0.53386
-0.56808
-0.52654
-0.54621
-0.6124
0
0
0
0
0
0
0
0
0
0
0
0
0
0
0
0
0
0
-0.56681
-0.50821
-0.50254
-0.50875
-0.52407
-0.48479
-0.53386
5.2171
-0.56025
-0.50273
-0.5251
0
0
0
0
0
0
0
0
0
0
0
0
0
0
0
0
0
0
0
-0.60189
-0.53076
-0.52551
-0.52904
-0.55365
-0.51366
-0.56808
-0.56025
12.1542
-0.50215
0
0
0
0
0
0
0
0
0
0
0
0
0
0
0
0
0
0
-7.2692
0
-0.5587
-0.5009
-0.49626
-0.50076
-0.51638
-0.47822
-0.52654
-0.50273
-0.50215
4.5827
0
0
0
0
0
0
0
0
0
0
0
0
0
0
0
0
0
0
0
0
-0.5806
-0.52174
-0.508
-0.52827
-0.53089
-0.49034
-0.54621
-0.5251
0
0
4.7199
0
0
0
0
0
0
0
0
-0.4887
0
0
0
0
0
0
0
0
0
0
-0.65759
-0.57912
-0.57305
-0.57658
-0.60237
-0.55824
-0.6124
0
0
0
0
9.4416
0
0
0
0
0
0
0
0
0
0
0
0
0
0
0
0
0
-5.2823
-0.55893
-0.50472
-0.51969
-0.5028
-0.51607
-0.48231
0
0
0
0
0
0
3.316
0
0
0
0
-0.23143
0
0
0
0
0
0
0
0
0
0
0
0
-0.59605
-0.53083
-0.52396
-0.52836
-0.54987
-0.51194
0
0
0
0
0
0
0
6.878
0
0
0
0
0
0
0
0
-3.637
0
0
0
0
0
0
0
-0.55169
-0.49562
-0.49144
-0.49532
-0.51058
-0.47146
0
0
0
0
0
0
0
0
3.0161
0
0
0
0
0
0
0
0
0
0
0
0
0
0
0
-0.92443
-0.80335
-0.79252
-0.79614
0
0
0
0
0
0
0
0
0
0
0
3.3164
0
0
0
0
0
0
0
0
0
0
0
0
0
0
-0.36766
-0.34457
0
0
0
0
0
0
0
0
0
0
0
0
0
0
1.5566
0
-0.64529
0
0
0
0
0
-0.19911
0
0
0
0
0
0
0
-0.18258
0
0
0
0
0
0
0
0
0
-0.23143
0
0
0
0
0.51852
0
0
0
0
0
0
0
0
0
-0.1045
0
0
0
0
0
-0.3634
0
0
0
0
0
0
0
0
0
0
0
0
-0.64529
0
1.2734
0
-0.26468
0
0
0
0
0
0
0
0
0
0
0
0
0
-0.45751
0
0
0
0
0
-0.4887
0
0
0
0
0
0
0
0
1.2792
0
-0.33297
0
0
0
0
0
0
0
0
0
0
0
0
0
0
0
0
0
0
0
0
0
0
0
0
0
0
-0.26468
0
2.6404
-2.3757
0
0
0
0
0
0
0
0
0
0
0
0
0
0
0
0
0
0
0
0
0
0
0
0
0
0
0
-0.33297
-2.3757
2.7087
0
0
0
0
0
0
0
0
0
0
0
0
0
0
0
0
0
0
0
0
0
-3.637
0
0
0
0
0
0
0
0
3.637
0
0
0
0
0
0
0
0
0
0
0
-11.2595
0
0
0
0
0
0
0
0
0
0
0
0
0
0
0
0
0
0
11.2595
0
0
0
0
0
0
0
0
0
0
0
0
0
0
0
0
0
0
0
0
0
0
-0.19911
0
0
0
0
0
0
0
0.19911
0
0
0
0
0
0
0
0
0
0
-10.7664
0
0
0
0
0
0
0
0
0
0
0
0
0
0
0
0
0
0
0
10.7664
0
0
0
0
-11.6955
0
0
0
0
0
0
0
0
0
0
0
0
0
0
0
0
0
0
0
0
0
0
0
0
0
11.6955
0
0
0
0
0
0
0
0
0
0
0
0
0
0
0
0
0
0
0
0
-0.1045
0
0
0
0
0
0
0
0
0
0.1045
0
0
0
0
0
0
0
0
0
0
-7.2692
0
0
0
0
0
0
0
0
0
0
0
0
0
0
0
0
0
0
0
7.2692
0
0
0
0
0
0
0
0
0
0
0
0
-5.2823
0
0
0
0
0
0
0
0
0
0
0
0
0
0
0
0
0
5.2823
