12.0508
-0.64543
-0.64543
-0.64543
-0.61937
-0.67305
-0.70712
-0.60545
-0.60545
-0.60545
-0.56129
-0.66301
-0.71654
-0.65823
-0.62314
-0.74513
-0.59499
-1.0538
0
0
0
-0.68248
0
0
0
0
0
0
0
0
-0.64543
10.3578
-0.5757
-0.5757
-0.57182
-0.62787
-0.65548
-0.5604
-0.5604
-0.5604
-0.51721
-0.61506
-0.67079
-0.62241
-0.57512
-0.71194
-0.55029
0
-0.76174
0
0
0
0
0
0
0
0
0
0
0
-0.64543
-0.5757
10.3578
-0.5757
-0.57182
-0.62787
-0.65548
-0.5604
-0.5604
-0.5604
-0.51721
-0.61506
-0.67079
-0.62241
-0.57512
-0.71194
-0.55029
0
-0.76174
0
0
0
0
0
0
0
0
0
0
0
-0.64543
-0.5757
-0.5757
10.3578
-0.57182
-0.62787
-0.65548
-0.5604
-0.5604
-0.5604
-0.51721
-0.61506
-0.67079
-0.62241
-0.57512
-0.71194
-0.55029
0
-0.76174
0
0
0
0
0
0
0
0
0
0
0
-0.61937
-0.57182
-0.57182
-0.57182
9.2223
-0.59983
-0.61048
-0.53593
-0.53593
-0.53593
-0.49219
-0.58718
-0.63439
-0.58443
-0.54788
-0.68399
-0.53933
0
0
0
0
0
0
0
0
0
0
0
0
0
-0.67305
-0.62787
-0.62787
-0.62787
-0.59983
9.8028
-0.6858
-0.58324
-0.58324
-0.58324
-0.53768
-0.64917
-0.6979
-0.6481
-0.60276
0
0
-1.0752
0
0
0
0
0
0
0
0
0
0
0
0
-0.70712
-0.65548
-0.65548
-0.65548
-0.61048
-0.6858
20.6951
-0.61633
-0.61633
-0.61633
-0.55915
-0.69621
-0.72656
0
-0.6451
0
0
0
0
-0.16791
0
0
0
0
0
0
0
-12.0814
0
0
-0.60545
-0.5604
-0.5604
-0.5604
-0.53593
-0.58324
-0.61633
7.7421
-0.48037
-0.48037
-0.46612
-0.57041
-0.61726
-0.57786
-0.52755
0
0
0
0
0
0
0
0
0
0
0
0
0
0
0
-0.60545
-0.5604
-0.5604
-0.5604
-0.53593
-0.58324
-0.61633
-0.48037
7.7421
-0.48037
-0.46612
-0.57041
-0.61726
-0.57786
-0.52755
0
0
0
0
0
0
0
0
0
0
0
0
0
0
0
-0.60545
-0.5604
-0.5604
-0.5604
-0.53593
-0.58324
-0.61633
-0.48037
-0.48037
7.7421
-0.46612
-0.57041
-0.61726
-0.57786
-0.52755
0
0
0
0
0
0
0
0
0
0
0
0
0
0
0
-0.56129
-0.51721
-0.51721
-0.51721
-0.49219
-0.53768
-0.55915
-0.46612
-0.46612
-0.46612
6.5953
-0.48585
-0.52993
0
-0.47921
0
0
0
0
0
0
0
0
0
0
0
0
0
0
0
-0.66301
-0.61506
-0.61506
-0.61506
-0.58718
-0.64917
-0.69621
-0.57041
-0.57041
-0.57041
-0.48585
7.308
0
0
0
0
0
0
0
0
0
-0.67013
0
0
0
0
0
0
0
0
-0.71654
-0.67079
-0.67079
-0.67079
-0.63439
-0.6979
-0.72656
-0.61726
-0.61726
-0.61726
-0.52993
0
17.934
0
0
0
0
0
0
0
0
0
0
0
0
0
-10.7646
0
0
0
-0.65823
-0.62241
-0.62241
-0.62241
-0.58443
-0.6481
0
-0.57786
-0.57786
-0.57786
0
0
0
28.6921
0
0
0
0
0
0
0
0
0
-11.6003
0
-11.6003
0
0
0
0
-0.62314
-0.57512
-0.57512
-0.57512
-0.54788
-0.60276
-0.6451
-0.52755
-0.52755
-0.52755
-0.47921
0
0
0
6.2061
0
0
0
0
0
0
0
0
0
0
0
0
0
0
0
-0.74513
-0.71194
-0.71194
-0.71194
-0.68399
0
0
0
0
0
0
0
0
0
0
9.62
0
0
0
0
-0.3536
0
-5.7015
0
0
0
0
0
0
0
-0.59499
-0.55029
-0.55029
-0.55029
-0.53933
0
0
0
0
0
0
0
0
0
0
0
3.0678
0
0
0
-0.28258
0
0
0
0
0
0
0
0
0
-1.0538
0
0
0
0
-1.0752
0
0
0
0
0
0
0
0
0
0
0
4.1404
0
0
0
0
0
0
0
0
0
0
0
-2.0114
0
-0.76174
-0.76174
-0.76174
0
0
0
0
0
0
0
0
0
0
0
0
0
0
2.2852
0
0
0
0
0
0
0
0
0
0
0
0
0
0
0
0
0
-0.16791
0
0
0
0
0
0
0
0
0
0
0
0
2.065
0
-1.4871
0
0
0
0
0
0
-0.40993
0
0
0
0
0
0
0
0
0
0
0
0
0
0
0
0
-0.3536
-0.28258
0
0
0
0.82134
0
0
0
-0.18517
0
0
0
0
0
-0.68248
0
0
0
0
0
0
0
0
0
0
-0.67013
0
0
0
0
0
0
0
-1.4871
0
2.8397
0
0
0
0
0
0
0
0
0
0
0
0
0
0
0
0
0
0
0
0
0
0
0
-5.7015
0
0
0
0
0
0
5.7015
0
0
0
0
0
0
0
0
0
0
0
0
0
0
0
0
0
0
0
0
-11.6003
0
0
0
0
0
0
0
0
0
11.6003
0
0
0
0
0
0
0
0
0
0
0
0
0
0
0
0
0
0
0
0
0
0
0
0
0
0
-0.18517
0
0
0
0.18517
0
0
0
0
0
0
0
0
0
0
0
0
0
0
0
0
0
0
-11.6003
0
0
0
0
0
0
0
0
0
0
0
11.6003
0
0
0
0
0
0
0
0
0
0
0
0
0
0
0
0
-10.7646
0
0
0
0
0
0
0
0
0
0
0
0
0
10.7646
0
0
0
0
0
0
0
0
0
-12.0814
0
0
0
0
0
0
0
0
0
0
0
0
0
0
0
0
0
0
0
0
12.0814
0
0
0
0
0
0
0
0
0
0
0
0
0
0
0
0
0
0
0
0
0
-0.40993
0
0
0
0
0
0
0
0
0.40993
0
0
0
0
0
0
0
0
0
0
0
0
0
0
0
0
0
0
-2.0114
0
0
0
0
0
0
0
0
0
0
0
2.0114
