7.7666
-0.10001
-0.26317
-0.26317
-0.25721
-0.16837
-0.52454
-0.79914
-0.72778
-0.80534
-0.23397
0
0
0
-0.92097
-0.88122
0
0
0
0
0
0
-1.8217
0
0
0
0
0
0
0
-0.10001
7.0142
-0.10001
-0.10001
-0.1
-0.10002
-0.25883
-0.63029
-0.86243
-0.86475
-0.74553
-0.7393
-1.4242
-0.98888
0
0
0
0
0
0
0
0
0
0
0
0
0
0
0
0
-0.26317
-0.10001
7.0137
-0.10002
-0.1
-0.46392
-0.4948
-0.79029
-1.031
-0.78747
-0.8107
-0.8581
0
-1.2142
0
0
0
0
0
0
0
0
0
0
0
0
0
0
0
0
-0.26317
-0.10001
-0.10002
7.0137
-0.1
-0.46392
-0.4948
-0.79029
-1.031
-0.78747
-0.8107
-0.8581
0
-1.2142
0
0
0
0
0
0
0
0
0
0
0
0
0
0
0
0
-0.25721
-0.1
-0.1
-0.1
5.5454
-0.48501
-0.28193
-0.75327
-0.91435
-0.67494
-1.0604
0
0
-0.8183
0
0
0
0
0
0
0
0
0
0
0
0
0
0
0
0
-0.16837
-0.10002
-0.46392
-0.46392
-0.48501
6.284
-0.56929
0
0
0
0
-0.51639
-0.83337
0
-0.80357
0
-1.8801
0
0
0
0
0
0
0
0
0
0
0
0
0
-0.52454
-0.25883
-0.4948
-0.4948
-0.28193
-0.56929
4.9158
0
-0.85754
0
0
0
0
0
0
0
0
-1.4341
0
0
0
0
0
0
0
0
0
0
0
0
-0.79914
-0.63029
-0.79029
-0.79029
-0.75327
0
0
9.8153
0
0
0
0
0
0
0
0
0
0
0
0
0
0
0
-0.86311
-2.3021
0
-2.8869
0
0
0
-0.72778
-0.86243
-1.031
-1.031
-0.91435
0
-0.85754
0
8.716
0
0
0
0
0
0
0
0
0
0
0
0
0
0
0
0
0
0
0
-3.2919
0
-0.80534
-0.86475
-0.78747
-0.78747
-0.67494
0
0
0
0
8.3252
0
0
0
0
0
0
0
0
0
0
0
0
0
-1.6775
0
-2.7278
0
0
0
0
-0.23397
-0.74553
-0.8107
-0.8107
-1.0604
0
0
0
0
0
5.5763
0
0
0
0
0
0
0
0
0
0
-1.915
0
0
0
0
0
0
0
0
0
-0.7393
-0.8581
-0.8581
0
-0.51639
0
0
0
0
0
5.8418
0
0
-1.062
0
0
0
-1.8079
0
0
0
0
0
0
0
0
0
0
0
0
-1.4242
0
0
0
-0.83337
0
0
0
0
0
0
5.6944
0
0
-1.7326
0
0
0
-1.4912
-0.21304
0
0
0
0
0
0
0
0
0
0
-0.98888
-1.2142
-1.2142
-0.8183
0
0
0
0
0
0
0
0
4.2355
0
0
0
0
0
0
0
0
0
0
0
0
0
0
0
0
-0.92097
0
0
0
0
-0.80357
0
0
0
0
0
-1.062
0
0
4.1512
0
0
0
0
0
-1.3646
0
0
0
0
0
0
0
0
0
-0.88122
0
0
0
0
0
0
0
0
0
0
0
-1.7326
0
0
5.3403
0
0
-1.5129
0
0
0
-1.2136
0
0
0
0
0
0
0
0
0
0
0
0
-1.8801
0
0
0
0
0
0
0
0
0
0
6.299
0
0
-1.7481
0
0
0
0
0
0
0
-2.6708
0
0
0
0
0
0
0
0
-1.4341
0
0
0
0
0
0
0
0
0
0
5.1083
0
-1.8545
0
0
0
-1.8197
0
0
0
0
0
0
0
0
0
0
0
0
0
0
0
0
0
-1.8079
0
0
0
-1.5129
0
0
4.8159
0
0
-1.4951
0
0
0
0
0
0
0
0
0
0
0
0
0
0
0
0
0
0
0
0
-1.4912
0
0
0
-1.7481
-1.8545
0
5.0937
0
0
0
0
0
0
0
0
0
0
0
0
0
0
0
0
0
0
0
0
0
0
-0.21304
0
-1.3646
0
0
0
0
0
3.8913
0
0
0
0
0
0
0
0
-2.3136
0
0
0
0
0
0
0
0
0
0
-1.915
0
0
0
0
0
0
0
-1.4951
0
0
5.0254
-1.6153
0
0
0
0
0
0
0
-1.8217
0
0
0
0
0
0
0
0
0
0
0
0
0
0
-1.2136
0
0
0
0
0
-1.6153
4.6506
0
0
0
0
0
0
0
0
0
0
0
0
0
0
-0.86311
0
-1.6775
0
0
0
0
0
0
0
-1.8197
0
0
0
0
0
4.3603
0
0
0
0
0
0
0
0
0
0
0
0
0
-2.3021
0
0
0
0
0
0
0
0
0
0
0
0
0
0
0
0
3.9585
-1.6564
0
0
0
0
0
0
0
0
0
0
0
0
0
-2.7278
0
0
0
0
0
0
0
0
0
0
0
0
0
0
-1.6564
4.3842
0
0
0
0
0
0
0
0
0
0
0
-2.8869
0
0
0
0
0
0
0
0
0
0
0
0
0
0
0
0
0
0
2.8869
0
0
0
0
0
0
0
0
0
0
0
0
0
0
0
0
0
0
0
-2.6708
0
0
0
0
0
0
0
0
0
0
2.6708
0
0
0
0
0
0
0
0
0
0
-3.2919
0
0
0
0
0
0
0
0
0
0
0
0
0
0
0
0
0
0
0
3.2919
0
0
0
0
0
0
0
0
0
0
0
0
0
0
0
0
0
0
0
0
0
-2.3136
0
0
0
0
0
0
0
0
2.3136
