12.4376
-0.74218
-0.70574
-0.64349
-0.64349
-0.64349
-0.70937
-0.70937
-0.68708
-0.66151
-0.66151
-0.66151
-0.65098
-0.65659
-0.65098
-0.71748
-0.70331
-0.66057
-0.65007
0
-0.27891
0
0
0
0
0
0
0
0
0
-0.74218
23.1469
-0.74218
-0.66884
-0.66884
-0.66884
-0.73166
-0.73166
-0.70682
-0.6801
-0.6801
-0.6801
-0.66846
-0.68517
-0.66846
-0.73555
-0.7074
0
-0.66602
-0.23174
0
0
0
0
-11.0828
0
0
0
0
0
-0.70574
-0.74218
12.4376
-0.64349
-0.64349
-0.64349
-0.70937
-0.70937
-0.68708
-0.66151
-0.66151
-0.66151
-0.65098
-0.65659
-0.65098
-0.71748
-0.70331
-0.66057
-0.65007
0
-0.27891
0
0
0
0
0
0
0
0
0
-0.64349
-0.66884
-0.64349
11.0994
-0.58137
-0.58137
-0.64264
-0.64264
-0.62319
-0.6005
-0.6005
-0.6005
-0.59068
-0.59937
-0.59068
-0.65278
-0.64163
-0.60798
-0.58779
0
0
0
0
0
0
0
0
0
0
0
-0.64349
-0.66884
-0.64349
-0.58137
11.0994
-0.58137
-0.64264
-0.64264
-0.62319
-0.6005
-0.6005
-0.6005
-0.59068
-0.59937
-0.59068
-0.65278
-0.64163
-0.60798
-0.58779
0
0
0
0
0
0
0
0
0
0
0
-0.64349
-0.66884
-0.64349
-0.58137
-0.58137
11.0994
-0.64264
-0.64264
-0.62319
-0.6005
-0.6005
-0.6005
-0.59068
-0.59937
-0.59068
-0.65278
-0.64163
-0.60798
-0.58779
0
0
0
0
0
0
0
0
0
0
0
-0.70937
-0.73166
-0.70937
-0.64264
-0.64264
-0.64264
20.0788
-0.735
-0.69078
-0.66441
-0.66441
-0.66441
-0.6526
-0.66124
-0.6526
-0.72622
0
0
0
0
0
0
0
0
0
0
0
0
0
-9.8888
-0.70937
-0.73166
-0.70937
-0.64264
-0.64264
-0.64264
-0.735
20.0788
-0.69078
-0.66441
-0.66441
-0.66441
-0.6526
-0.66124
-0.6526
-0.72622
0
0
0
0
0
0
0
0
0
0
0
-9.8888
0
0
-0.68708
-0.70682
-0.68708
-0.62319
-0.62319
-0.62319
-0.69078
-0.69078
9.8628
-0.64122
-0.64122
-0.64122
-0.62924
-0.64281
-0.62924
-0.70572
0
0
0
0
0
0
0
0
0
0
0
0
0
0
-0.66151
-0.6801
-0.66151
-0.6005
-0.6005
-0.6005
-0.66441
-0.66441
-0.64122
8.798
-0.5919
-0.5919
-0.60746
-0.62462
-0.60746
0
0
0
0
0
0
0
0
0
0
0
0
0
0
0
-0.66151
-0.6801
-0.66151
-0.6005
-0.6005
-0.6005
-0.66441
-0.66441
-0.64122
-0.5919
8.798
-0.5919
-0.60746
-0.62462
-0.60746
0
0
0
0
0
0
0
0
0
0
0
0
0
0
0
-0.66151
-0.6801
-0.66151
-0.6005
-0.6005
-0.6005
-0.66441
-0.66441
-0.64122
-0.5919
-0.5919
8.798
-0.60746
-0.62462
-0.60746
0
0
0
0
0
0
0
0
0
0
0
0
0
0
0
-0.65098
-0.66846
-0.65098
-0.59068
-0.59068
-0.59068
-0.6526
-0.6526
-0.62924
-0.60746
-0.60746
-0.60746
8.0605
0
-0.56118
0
0
0
0
0
0
0
0
0
0
0
0
0
0
0
-0.65659
-0.68517
-0.65659
-0.59937
-0.59937
-0.59937
-0.66124
-0.66124
-0.64281
-0.62462
-0.62462
-0.62462
0
7.8702
0
0
0
0
0
-0.23464
0
0
0
0
0
0
0
0
0
0
-0.65098
-0.66846
-0.65098
-0.59068
-0.59068
-0.59068
-0.6526
-0.6526
-0.62924
-0.60746
-0.60746
-0.60746
-0.56118
0
8.0605
0
0
0
0
0
0
0
0
0
0
0
0
0
0
0
-0.71748
-0.73555
-0.71748
-0.65278
-0.65278
-0.65278
-0.72622
-0.72622
-0.70572
0
0
0
0
0
0
12.9796
0
0
0
0
0
0
-6.6926
0
0
0
0
0
0
0
-0.70331
-0.7074
-0.70331
-0.64163
-0.64163
-0.64163
0
0
0
0
0
0
0
0
0
0
6.9707
0
0
0
0
-2.9318
0
0
0
0
0
0
0
0
-0.66057
0
-0.66057
-0.60798
-0.60798
-0.60798
0
0
0
0
0
0
0
0
0
0
0
19.8617
0
0
0
0
0
0
0
-8.3583
0
0
-8.3583
0
-0.65007
-0.66602
-0.65007
-0.58779
-0.58779
-0.58779
0
0
0
0
0
0
0
0
0
0
0
0
3.7295
0
0
0
0
0
0
0
0
0
0
0
0
-0.23174
0
0
0
0
0
0
0
0
0
0
0
-0.23464
0
0
0
0
0
0.57088
0
0
0
0
0
0
-0.1045
0
0
0
-0.27891
0
-0.27891
0
0
0
0
0
0
0
0
0
0
0
0
0
0
0
0
0
0.7068
0
0
-0.14898
0
0
0
0
0
0
0
0
0
0
0
0
0
0
0
0
0
0
0
0
0
0
-2.9318
0
0
0
0
2.9318
0
0
0
0
0
0
0
0
0
0
0
0
0
0
0
0
0
0
0
0
0
0
0
-6.6926
0
0
0
0
0
0
6.6926
0
0
0
0
0
0
0
0
0
0
0
0
0
0
0
0
0
0
0
0
0
0
0
0
0
0
0
-0.14898
0
0
0.14898
0
0
0
0
0
0
0
-11.0828
0
0
0
0
0
0
0
0
0
0
0
0
0
0
0
0
0
0
0
0
0
0
11.0828
0
0
0
0
0
0
0
0
0
0
0
0
0
0
0
0
0
0
0
0
0
0
-8.3583
0
0
0
0
0
0
0
8.3583
0
0
0
0
0
0
0
0
0
0
0
0
0
0
0
0
0
0
0
0
0
0
0
-0.1045
0
0
0
0
0
0
0.1045
0
0
0
0
0
0
0
0
0
0
-9.8888
0
0
0
0
0
0
0
0
0
0
0
0
0
0
0
0
0
0
0
9.8888
0
0
0
0
0
0
0
0
0
0
0
0
0
0
0
0
0
0
0
-8.3583
0
0
0
0
0
0
0
0
0
0
8.3583
0
0
0
0
0
0
0
-9.8888
0
0
0
0
0
0
0
0
0
0
0
0
0
0
0
0
0
0
0
0
0
0
9.8888
