23.4808
-0.76217
-0.76217
-0.74189
-0.69479
-0.73578
-0.72527
-0.71477
-0.71477
-0.71188
-0.71188
-0.71188
-0.7515
-0.7515
-0.70669
-0.74576
-0.70968
-0.63319
-0.77772
-0.77772
0
0
0
0
0
0
-9.6398
0
0
0
-0.76217
23.4808
-0.76217
-0.74189
-0.69479
-0.73578
-0.72527
-0.71477
-0.71477
-0.71188
-0.71188
-0.71188
-0.7515
-0.7515
-0.70669
-0.74576
-0.70968
-0.63319
-0.77772
-0.77772
0
0
0
0
0
0
0
0
-9.6398
0
-0.76217
-0.76217
23.4808
-0.74189
-0.69479
-0.73578
-0.72527
-0.71477
-0.71477
-0.71188
-0.71188
-0.71188
-0.7515
-0.7515
-0.70669
-0.74576
-0.70968
-0.63319
-0.77772
-0.77772
0
-9.6398
0
0
0
0
0
0
0
0
-0.74189
-0.74189
-0.74189
13.793
-0.67843
-0.71658
-0.71427
-0.69701
-0.69701
-0.69404
-0.69404
-0.69404
-0.7311
-0.7311
-0.68918
-0.72887
-0.69204
-0.62568
-0.75409
-0.75409
-0.27579
0
0
0
0
0
0
0
0
0
-0.69479
-0.69479
-0.69479
-0.67843
12.8183
-0.67874
-0.67019
-0.66086
-0.66086
-0.658
-0.658
-0.658
-0.69335
-0.69335
-0.65286
-0.69231
-0.65546
-0.59909
-0.71219
-0.71219
0
0
0
0
0
0
0
0
0
0
-0.73578
-0.73578
-0.73578
-0.71658
-0.67874
20.8675
-0.70561
-0.6969
-0.6969
-0.69459
-0.69459
-0.69459
-0.73017
-0.73017
-0.68914
-0.72456
-0.6924
-0.61724
0
0
0
0
0
0
-8.898
0
0
0
0
0
-0.72527
-0.72527
-0.72527
-0.71427
-0.67019
-0.70561
11.5381
-0.69041
-0.69041
-0.68903
-0.68903
-0.68903
-0.72561
-0.72561
-0.68304
-0.72452
-0.68635
0
0
0
-0.27918
0
0
0
0
0
0
0
0
0
-0.71477
-0.71477
-0.71477
-0.69701
-0.66086
-0.6969
-0.69041
11.0575
-0.66819
-0.67542
-0.67542
-0.67542
-0.71125
-0.71125
-0.66751
-0.71229
-0.67128
0
0
0
0
0
0
0
0
0
0
0
0
0
-0.71477
-0.71477
-0.71477
-0.69701
-0.66086
-0.6969
-0.69041
-0.66819
11.0575
-0.67542
-0.67542
-0.67542
-0.71125
-0.71125
-0.66751
-0.71229
-0.67128
0
0
0
0
0
0
0
0
0
0
0
0
0
-0.71188
-0.71188
-0.71188
-0.69404
-0.658
-0.69459
-0.68903
-0.67542
-0.67542
9.6322
-0.64351
-0.64351
-0.72556
-0.72556
-0.67197
0
0
0
0
0
0
0
0
0
0
0
0
0
0
0
-0.71188
-0.71188
-0.71188
-0.69404
-0.658
-0.69459
-0.68903
-0.67542
-0.67542
-0.64351
9.6322
-0.64351
-0.72556
-0.72556
-0.67197
0
0
0
0
0
0
0
0
0
0
0
0
0
0
0
-0.71188
-0.71188
-0.71188
-0.69404
-0.658
-0.69459
-0.68903
-0.67542
-0.67542
-0.64351
-0.64351
9.6322
-0.72556
-0.72556
-0.67197
0
0
0
0
0
0
0
0
0
0
0
0
0
0
0
-0.7515
-0.7515
-0.7515
-0.7311
-0.69335
-0.73017
-0.72561
-0.71125
-0.71125
-0.72556
-0.72556
-0.72556
13.9812
0
0
0
0
0
0
0
0
0
0
0
0
-5.2473
0
0
0
0
-0.7515
-0.7515
-0.7515
-0.7311
-0.69335
-0.73017
-0.72561
-0.71125
-0.71125
-0.72556
-0.72556
-0.72556
0
13.9812
0
0
0
0
0
0
0
0
-5.2473
0
0
0
0
0
0
0
-0.70669
-0.70669
-0.70669
-0.68918
-0.65286
-0.68914
-0.68304
-0.66751
-0.66751
-0.67197
-0.67197
-0.67197
0
0
8.1852
0
0
0
0
0
0
0
0
0
0
0
0
0
0
0
-0.74576
-0.74576
-0.74576
-0.72887
-0.69231
-0.72456
-0.72452
-0.71229
-0.71229
0
0
0
0
0
0
8.486
0
0
0
0
0
0
0
0
0
0
0
-1.9539
0
0
-0.70968
-0.70968
-0.70968
-0.69204
-0.65546
-0.6924
-0.68635
-0.67128
-0.67128
0
0
0
0
0
0
0
6.1978
0
0
0
0
0
0
0
0
0
0
0
0
0
-0.63319
-0.63319
-0.63319
-0.62568
-0.59909
-0.61724
0
0
0
0
0
0
0
0
0
0
0
3.8461
0
0
0
0
0
0
0
0
0
0
0
-0.1045
-0.77772
-0.77772
-0.77772
-0.75409
-0.71219
0
0
0
0
0
0
0
0
0
0
0
0
0
3.7995
0
0
0
0
0
0
0
0
0
0
0
-0.77772
-0.77772
-0.77772
-0.75409
-0.71219
0
0
0
0
0
0
0
0
0
0
0
0
0
0
3.7995
0
0
0
0
0
0
0
0
0
0
0
0
0
-0.27579
0
0
-0.27918
0
0
0
0
0
0
0
0
0
0
0
0
0
0.71857
0
0
-0.16361
0
0
0
0
0
0
0
0
-9.6398
0
0
0
0
0
0
0
0
0
0
0
0
0
0
0
0
0
0
9.6398
0
0
0
0
0
0
0
0
0
0
0
0
0
0
0
0
0
0
0
0
0
-5.2473
0
0
0
0
0
0
0
0
5.2473
0
0
0
0
0
0
0
0
0
0
0
0
0
0
0
0
0
0
0
0
0
0
0
0
0
0
0
-0.16361
0
0
0.16361
0
0
0
0
0
0
0
0
0
0
0
-8.898
0
0
0
0
0
0
0
0
0
0
0
0
0
0
0
0
0
0
8.898
0
0
0
0
0
0
0
0
0
0
0
0
0
0
0
0
0
-5.2473
0
0
0
0
0
0
0
0
0
0
0
0
5.2473
0
0
0
0
-9.6398
0
0
0
0
0
0
0
0
0
0
0
0
0
0
0
0
0
0
0
0
0
0
0
0
0
9.6398
0
0
0
0
0
0
0
0
0
0
0
0
0
0
0
0
0
0
-1.9539
0
0
0
0
0
0
0
0
0
0
0
1.9539
0
0
0
-9.6398
0
0
0
0
0
0
0
0
0
0
0
0
0
0
0
0
0
0
0
0
0
0
0
0
0
0
9.6398
0
0
0
0
0
0
0
0
0
0
0
0
0
0
0
0
0
0
-0.1045
0
0
0
0
0
0
0
0
0
0
0
0.1045
