11.4922
-0.1
-0.14417
-0.38586
-0.1146
-0.10001
-0.45118
-0.502
-0.77241
-0.96403
0
-1.0141
-1.5554
0
0
0
0
0
0
0
0
0
0
0
0
-2.6942
-2.6942
0
0
0
-0.1
6.3992
-0.1
-0.1
-0.10006
-0.10001
-0.15473
-0.292
-0.39779
-0.52055
0
-0.70078
-1.349
0
-1.559
-0.92532
0
0
0
0
0
0
0
0
0
0
0
0
0
0
-0.14417
-0.1
8.6878
-0.1
-0.16199
-0.52485
-0.57421
-0.51624
-0.67485
-0.71715
0
-0.92883
0
0
-1.6389
0
0
0
0
0
0
0
-2.6066
0
0
0
0
0
0
0
-0.38586
-0.1
-0.1
5.8233
-0.38129
-0.10008
-0.76532
-0.26778
-0.61815
0
-0.91793
0
0
-0.44587
0
0
0
-1.741
0
0
0
0
0
0
0
0
0
0
0
0
-0.1146
-0.10006
-0.16199
-0.38129
4.822
-0.5461
-0.7351
-0.17598
-0.42039
-1.0649
0
-1.1216
0
0
0
0
0
0
0
0
0
0
0
0
0
0
0
0
0
0
-0.10001
-0.10001
-0.52485
-0.10008
-0.5461
6.7412
-0.44565
-0.70918
0
0
0
0
0
-0.22196
0
-1.5867
0
0
0
0
0
0
0
0
0
0
0
0
0
-2.4067
-0.45118
-0.15473
-0.57421
-0.76532
-0.7351
-0.44565
5.3802
-0.66128
0
0
0
0
0
0
0
0
-1.5927
0
0
0
0
0
0
0
0
0
0
0
0
0
-0.502
-0.292
-0.51624
-0.26778
-0.17598
-0.70918
-0.66128
4.0292
-0.90474
0
0
0
0
0
0
0
0
0
0
0
0
0
0
0
0
0
0
0
0
0
-0.77241
-0.39779
-0.67485
-0.61815
-0.42039
0
0
-0.90474
3.7883
0
0
0
0
0
0
0
0
0
0
0
0
0
0
0
0
0
0
0
0
0
-0.96403
-0.52055
-0.71715
0
-1.0649
0
0
0
0
4.1016
-0.83498
0
0
0
0
0
0
0
0
0
0
0
0
0
0
0
0
0
0
0
0
0
0
-0.91793
0
0
0
0
0
-0.83498
9.204
0
0
0
0
0
0
0
0
-2.3316
-2.245
-2.8746
0
0
0
0
0
0
0
0
-1.0141
-0.70078
-0.92883
0
-1.1216
0
0
0
0
0
0
3.7653
0
0
0
0
0
0
0
0
0
0
0
0
0
0
0
0
0
0
-1.5554
-1.349
0
0
0
0
0
0
0
0
0
0
7.6572
0
0
0
0
0
-2.0317
0
0
0
0
0
-2.721
0
0
0
0
0
0
0
0
-0.44587
0
-0.22196
0
0
0
0
0
0
0
2.1816
0
0
0
0
0
0
0
0
0
0
0
0
0
-1.5137
0
0
0
-1.559
-1.6389
0
0
0
0
0
0
0
0
0
0
0
5.6469
0
0
0
0
0
0
0
0
-2.449
0
0
0
0
0
0
0
-0.92532
0
0
0
-1.5867
0
0
0
0
0
0
0
0
0
4.8464
0
0
0
0
0
0
0
0
0
0
0
0
-2.3344
0
0
0
0
0
0
0
-1.5927
0
0
0
0
0
0
0
0
0
5.2946
0
-1.888
0
-1.8139
0
0
0
0
0
0
0
0
0
0
0
0
-1.741
0
0
0
0
0
0
0
0
0
0
0
0
0
3.6378
0
-1.8967
0
0
0
0
0
0
0
0
0
0
0
0
0
0
0
0
0
0
0
0
0
0
-2.0317
0
0
0
-1.888
0
3.9198
0
0
0
0
0
0
0
0
0
0
0
0
0
0
0
0
0
0
0
0
0
-2.3316
0
0
0
0
0
0
-1.8967
0
4.2283
0
0
0
0
0
0
0
0
0
0
0
0
0
0
0
0
0
0
0
0
-2.245
0
0
0
0
0
-1.8139
0
0
0
4.0588
0
0
0
0
0
0
0
0
0
0
0
0
0
0
0
0
0
0
0
-2.8746
0
0
0
0
0
0
0
0
0
0
2.8746
0
0
0
0
0
0
0
0
0
0
-2.6066
0
0
0
0
0
0
0
0
0
0
0
0
0
0
0
0
0
0
0
2.6066
0
0
0
0
0
0
0
0
0
0
0
0
0
0
0
0
0
0
0
0
0
-2.449
0
0
0
0
0
0
0
0
2.449
0
0
0
0
0
0
0
0
0
0
0
0
0
0
0
0
0
0
-2.721
0
0
0
0
0
0
0
0
0
0
0
2.721
0
0
0
0
0
-2.6942
0
0
0
0
0
0
0
0
0
0
0
0
0
0
0
0
0
0
0
0
0
0
0
0
2.6942
0
0
0
0
-2.6942
0
0
0
0
0
0
0
0
0
0
0
0
0
0
0
0
0
0
0
0
0
0
0
0
0
2.6942
0
0
0
0
0
0
0
0
0
0
0
0
0
0
0
0
-1.5137
0
0
0
0
0
0
0
0
0
0
0
0
0
1.5137
0
0
0
0
0
0
0
0
0
0
0
0
0
0
0
0
0
-2.3344
0
0
0
0
0
0
0
0
0
0
0
0
2.3344
0
0
0
0
0
0
-2.4067
0
0
0
0
0
0
0
0
0
0
0
0
0
0
0
0
0
0
0
0
0
0
0
2.4067
