14.1897
-0.82151
-0.75602
-0.7784
-0.72783
-0.72783
-0.72783
-0.6939
-0.70169
-0.71943
-0.71943
-0.66272
-0.70708
-0.71884
-0.71884
-0.71884
-0.77974
-0.74571
-0.69797
-0.65922
0
-0.40689
0
0
0
0
0
0
0
0
-0.82151
37.8487
-0.79238
-0.80057
-0.76168
-0.76168
-0.76168
-0.72844
-0.73387
-0.73443
-0.73443
-0.69224
-0.73975
-0.75213
-0.75213
-0.75213
-0.82081
-0.78453
-0.7344
0
0
0
-12.095
0
0
-12.095
0
0
0
0
-0.75602
-0.79238
13.4801
-0.76182
-0.70746
-0.70746
-0.70746
-0.67524
-0.68183
-0.70247
-0.70247
-0.64375
-0.68686
-0.69991
-0.69991
-0.69991
-0.75805
-0.72491
-0.67827
-0.69387
0
0
0
0
0
0
0
0
0
0
-0.7784
-0.80057
-0.76182
23.4105
-0.72798
-0.72798
-0.72798
-0.70012
-0.70162
-0.71784
-0.71784
-0.66243
-0.71443
-0.71968
-0.71968
-0.71968
-0.78073
-0.74535
-0.69698
0
0
0
0
0
0
0
0
0
-10.2894
0
-0.72783
-0.76168
-0.70746
-0.72798
12.2432
-0.66504
-0.66504
-0.65281
-0.6499
-0.67412
-0.67412
-0.61424
-0.66956
-0.66741
-0.66741
-0.66741
-0.72106
-0.68769
-0.64249
0
0
0
0
0
0
0
0
0
0
0
-0.72783
-0.76168
-0.70746
-0.72798
-0.66504
12.2432
-0.66504
-0.65281
-0.6499
-0.67412
-0.67412
-0.61424
-0.66956
-0.66741
-0.66741
-0.66741
-0.72106
-0.68769
-0.64249
0
0
0
0
0
0
0
0
0
0
0
-0.72783
-0.76168
-0.70746
-0.72798
-0.66504
-0.66504
12.2432
-0.65281
-0.6499
-0.67412
-0.67412
-0.61424
-0.66956
-0.66741
-0.66741
-0.66741
-0.72106
-0.68769
-0.64249
0
0
0
0
0
0
0
0
0
0
0
-0.6939
-0.72844
-0.67524
-0.70012
-0.65281
-0.65281
-0.65281
10.7829
-0.62636
-0.63558
-0.63558
-0.58389
-0.6356
-0.63448
-0.63448
-0.63448
-0.68703
0
0
0
-0.31928
0
0
0
0
0
0
0
0
0
-0.70169
-0.73387
-0.68183
-0.70162
-0.6499
-0.6499
-0.6499
-0.62636
11.1772
-0.64374
-0.64374
-0.58748
-0.6383
-0.63956
-0.63956
-0.63956
-0.69088
-0.65926
0
0
0
0
0
0
0
0
0
0
0
0
-0.71943
-0.73443
-0.70247
-0.71784
-0.67412
-0.67412
-0.67412
-0.63558
-0.64374
19.2409
-0.65374
-0.59324
-0.63765
-0.65205
-0.65205
-0.65205
0
0
0
0
0
0
0
-9.2242
0
0
0
0
0
0
-0.71943
-0.73443
-0.70247
-0.71784
-0.67412
-0.67412
-0.67412
-0.63558
-0.64374
-0.65374
19.2409
-0.59324
-0.63765
-0.65205
-0.65205
-0.65205
0
0
0
0
0
0
0
0
0
0
-9.2242
0
0
0
-0.66272
-0.69224
-0.64375
-0.66243
-0.61424
-0.61424
-0.61424
-0.58389
-0.58748
-0.59324
-0.59324
9.2225
-0.57888
-0.59395
-0.59395
-0.59395
0
0
0
0
0
0
0
0
0
0
0
0
0
0
-0.70708
-0.73975
-0.68686
-0.71443
-0.66956
-0.66956
-0.66956
-0.6356
-0.6383
-0.63765
-0.63765
-0.57888
8.7107
0
0
0
0
0
0
0
-0.3272
-0.39859
0
0
0
0
0
0
0
0
-0.71884
-0.75213
-0.69991
-0.71968
-0.66741
-0.66741
-0.66741
-0.63448
-0.63956
-0.65205
-0.65205
-0.59395
0
8.0649
0
0
0
0
0
0
0
0
0
0
0
0
0
0
0
0
-0.71884
-0.75213
-0.69991
-0.71968
-0.66741
-0.66741
-0.66741
-0.63448
-0.63956
-0.65205
-0.65205
-0.59395
0
0
8.0649
0
0
0
0
0
0
0
0
0
0
0
0
0
0
0
-0.71884
-0.75213
-0.69991
-0.71968
-0.66741
-0.66741
-0.66741
-0.63448
-0.63956
-0.65205
-0.65205
-0.59395
0
0
0
8.0649
0
0
0
0
0
0
0
0
0
0
0
0
0
0
-0.77974
-0.82081
-0.75805
-0.78073
-0.72106
-0.72106
-0.72106
-0.68703
-0.69088
0
0
0
0
0
0
0
6.6804
0
0
0
0
0
0
0
0
0
0
0
0
0
-0.74571
-0.78453
-0.72491
-0.74535
-0.68769
-0.68769
-0.68769
0
-0.65926
0
0
0
0
0
0
0
0
5.7228
0
0
0
0
0
0
0
0
0
0
0
0
-0.69797
-0.7344
-0.67827
-0.69698
-0.64249
-0.64249
-0.64249
0
0
0
0
0
0
0
0
0
0
0
4.7351
0
0
0
0
0
0
0
0
0
0
0
-0.65922
0
-0.69387
0
0
0
0
0
0
0
0
0
0
0
0
0
0
0
0
2.2363
0
0
0
0
-0.88323
0
0
0
0
0
0
0
0
0
0
0
0
-0.31928
0
0
0
0
-0.3272
0
0
0
0
0
0
0
0.85802
0
0
0
0
0
0
0
0
-0.21154
-0.40689
0
0
0
0
0
0
0
0
0
0
0
-0.39859
0
0
0
0
0
0
0
0
1.1609
0
0
0
0
0
-0.35542
0
0
0
-12.095
0
0
0
0
0
0
0
0
0
0
0
0
0
0
0
0
0
0
0
0
12.095
0
0
0
0
0
0
0
0
0
0
0
0
0
0
0
0
-9.2242
0
0
0
0
0
0
0
0
0
0
0
0
0
9.2242
0
0
0
0
0
0
0
0
0
0
0
0
0
0
0
0
0
0
0
0
0
0
0
0
0
-0.88323
0
0
0
0
0.88323
0
0
0
0
0
0
-12.095
0
0
0
0
0
0
0
0
0
0
0
0
0
0
0
0
0
0
0
0
0
0
0
12.095
0
0
0
0
0
0
0
0
0
0
0
0
0
0
-9.2242
0
0
0
0
0
0
0
0
0
0
0
0
0
0
0
9.2242
0
0
0
0
0
0
0
0
0
0
0
0
0
0
0
0
0
0
0
0
0
0
0
0
-0.35542
0
0
0
0
0
0.35542
0
0
0
0
0
-10.2894
0
0
0
0
0
0
0
0
0
0
0
0
0
0
0
0
0
0
0
0
0
0
0
0
10.2894
0
0
0
0
0
0
0
0
0
0
0
0
0
0
0
0
0
0
0
0
0
-0.21154
0
0
0
0
0
0
0
0
0.21154
