12.452
-0.67576
-0.67576
-0.64446
-0.64446
-0.65451
-0.65256
-0.6851
-0.64487
-0.64464
-0.68508
-0.71013
-0.69747
-0.66806
-0.66806
-0.64751
-0.75273
-0.61888
-0.67761
-0.4043
0
0
0
0
0
0
0
0
0
0
-0.67576
12.452
-0.67576
-0.64446
-0.64446
-0.65451
-0.65256
-0.6851
-0.64487
-0.64464
-0.68508
-0.71013
-0.69747
-0.66806
-0.66806
-0.64751
-0.75273
-0.61888
-0.67761
-0.4043
0
0
0
0
0
0
0
0
0
0
-0.67576
-0.67576
12.452
-0.64446
-0.64446
-0.65451
-0.65256
-0.6851
-0.64487
-0.64464
-0.68508
-0.71013
-0.69747
-0.66806
-0.66806
-0.64751
-0.75273
-0.61888
-0.67761
-0.4043
0
0
0
0
0
0
0
0
0
0
-0.64446
-0.64446
-0.64446
11.4254
-0.60814
-0.61956
-0.61592
-0.64627
-0.60955
-0.60928
-0.64981
-0.66993
-0.65798
-0.62922
-0.62922
-0.61047
-0.71016
-0.58315
-0.64339
0
0
0
0
0
0
0
0
0
0
0
-0.64446
-0.64446
-0.64446
-0.60814
11.4254
-0.61956
-0.61592
-0.64627
-0.60955
-0.60928
-0.64981
-0.66993
-0.65798
-0.62922
-0.62922
-0.61047
-0.71016
-0.58315
-0.64339
0
0
0
0
0
0
0
0
0
0
0
-0.65451
-0.65451
-0.65451
-0.61956
-0.61956
10.9221
-0.62325
-0.65402
-0.61536
-0.61527
-0.66124
-0.67867
-0.66746
-0.63549
-0.63549
-0.61603
-0.72123
-0.59588
0
0
0
0
0
0
0
0
0
0
0
0
-0.65256
-0.65256
-0.65256
-0.61592
-0.61592
-0.62325
9.7728
-0.65052
-0.61092
-0.61145
-0.64937
-0.66876
-0.67748
-0.63238
-0.63238
-0.61263
0
0
0
0
-0.21411
0
0
0
0
0
0
0
0
0
-0.6851
-0.6851
-0.6851
-0.64627
-0.64627
-0.65402
-0.65052
20.9723
-0.63908
-0.63989
-0.69016
-0.7149
-0.69939
-0.66272
-0.66272
-0.641
0
0
0
0
0
0
-10.97
0
0
0
0
0
0
0
-0.64487
-0.64487
-0.64487
-0.60955
-0.60955
-0.61536
-0.61092
-0.63908
9.4319
-0.60258
-0.64731
-0.66282
-0.65203
-0.62261
-0.62261
-0.6029
0
0
0
0
0
0
0
0
0
0
0
0
0
0
-0.64464
-0.64464
-0.64464
-0.60928
-0.60928
-0.61527
-0.61145
-0.63989
-0.60258
8.8248
-0.64373
-0.66074
-0.64878
-0.62497
-0.62497
0
0
0
0
0
0
0
0
0
0
0
0
0
0
0
-0.68508
-0.68508
-0.68508
-0.64981
-0.64981
-0.66124
-0.64937
-0.69016
-0.64731
-0.64373
29.2858
-0.69736
0
0
0
0
0
0
0
0
0
0
0
-10.9709
0
-10.9709
0
0
0
0
-0.71013
-0.71013
-0.71013
-0.66993
-0.66993
-0.67867
-0.66876
-0.7149
-0.66282
-0.66074
-0.69736
16.6491
0
0
0
0
0
0
0
0
0
0
0
0
-9.0956
0
0
0
0
0
-0.69747
-0.69747
-0.69747
-0.65798
-0.65798
-0.66746
-0.67748
-0.69939
-0.65203
-0.64878
0
0
16.0072
0
0
0
0
0
0
0
-0.23512
0
0
0
0
0
0
0
-9.0186
0
-0.66806
-0.66806
-0.66806
-0.62922
-0.62922
-0.63549
-0.63238
-0.66272
-0.62261
-0.62497
0
0
0
6.4408
0
0
0
0
0
0
0
0
0
0
0
0
0
0
0
0
-0.66806
-0.66806
-0.66806
-0.62922
-0.62922
-0.63549
-0.63238
-0.66272
-0.62261
-0.62497
0
0
0
0
6.4408
0
0
0
0
0
0
0
0
0
0
0
0
0
0
0
-0.64751
-0.64751
-0.64751
-0.61047
-0.61047
-0.61603
-0.61263
-0.641
-0.6029
0
0
0
0
0
0
5.636
0
0
0
0
0
0
0
0
0
0
0
0
0
0
-0.75273
-0.75273
-0.75273
-0.71016
-0.71016
-0.72123
0
0
0
0
0
0
0
0
0
0
7.1741
0
0
0
0
-2.7744
0
0
0
0
0
0
0
0
-0.61888
-0.61888
-0.61888
-0.58315
-0.58315
-0.59588
0
0
0
0
0
0
0
0
0
0
0
3.6188
0
0
0
0
0
0
0
0
0
0
0
0
-0.67761
-0.67761
-0.67761
-0.64339
-0.64339
0
0
0
0
0
0
0
0
0
0
0
0
0
4.0122
0
0
0
0
0
0
0
0
0
0
-0.69261
-0.4043
-0.4043
-0.4043
0
0
0
0
0
0
0
0
0
0
0
0
0
0
0
0
1.3174
0
0
0
0
0
0
0
-0.1045
0
0
0
0
0
0
0
0
-0.21411
0
0
0
0
0
-0.23512
0
0
0
0
0
0
0
0.56939
0
0
0
0
0
-0.12016
0
0
0
0
0
0
0
0
0
0
0
0
0
0
0
0
0
0
0
-2.7744
0
0
0
0
2.7744
0
0
0
0
0
0
0
0
0
0
0
0
0
0
0
-10.97
0
0
0
0
0
0
0
0
0
0
0
0
0
0
10.97
0
0
0
0
0
0
0
0
0
0
0
0
0
0
0
0
0
-10.9709
0
0
0
0
0
0
0
0
0
0
0
0
10.9709
0
0
0
0
0
0
0
0
0
0
0
0
0
0
0
0
0
-9.0956
0
0
0
0
0
0
0
0
0
0
0
0
9.0956
0
0
0
0
0
0
0
0
0
0
0
0
0
0
0
-10.9709
0
0
0
0
0
0
0
0
0
0
0
0
0
0
10.9709
0
0
0
0
0
0
0
0
0
0
0
0
0
0
0
0
0
0
0
0
0
0
0
0
-0.12016
0
0
0
0
0
0.12016
0
0
0
0
0
0
0
0
0
0
0
0
0
0
0
0
0
0
0
0
0
0
-0.1045
0
0
0
0
0
0
0
0.1045
0
0
0
0
0
0
0
0
0
0
0
0
0
0
-9.0186
0
0
0
0
0
0
0
0
0
0
0
0
0
0
0
9.0186
0
0
0
0
0
0
0
0
0
0
0
0
0
0
0
0
0
0
0
-0.69261
0
0
0
0
0
0
0
0
0
0
0.69261
