23.6308
-0.67087
-0.67266
-0.67557
-0.67185
-0.67195
-0.68267
-0.67975
-0.67975
-0.66788
-0.68249
-0.68249
-0.61121
-0.71365
0
0
-0.95405
0
-0.95405
-0.95405
-0.95405
0
-5.5259
0
0
0
0
-5.5259
0
0
-0.67087
11.4447
-0.68188
-0.67997
-0.67426
-0.67209
-0.68771
-0.67934
-0.67934
-0.67544
-0.68095
-0.68095
-0.6173
0
0
0
-0.84115
0
-0.84115
-0.84115
-0.84115
0
0
0
0
0
0
0
0
0
-0.67266
-0.68188
17.5112
-0.66885
-0.6695
-0.66893
-0.67897
-0.67646
-0.67646
-0.66602
-0.67911
-0.67911
-0.61202
0
0
0
0
0
0
0
0
0
0
0
-4.7406
0
-4.7406
0
0
0
-0.67557
-0.67997
-0.66885
12.4435
-0.67332
-0.66799
-0.67829
-0.67529
-0.67529
-0.66745
-0.67781
-0.67781
0
0
0
-0.79327
0
0
0
0
0
0
0
0
0
-4.2326
0
0
0
0
-0.67185
-0.67426
-0.6695
-0.67332
8.1148
-0.66372
-0.6751
-0.67051
-0.67051
-0.66699
-0.67249
-0.67249
0
-0.73408
0
0
0
0
0
0
0
0
0
0
0
0
0
0
0
0
-0.67195
-0.67209
-0.66893
-0.66799
-0.66372
7.3524
-0.67257
-0.66683
-0.66683
-0.66495
-0.66828
-0.66828
0
0
0
0
0
0
0
0
0
0
0
0
0
0
0
0
0
0
-0.68267
-0.68771
-0.67897
-0.67829
-0.6751
-0.67257
7.4343
-0.68129
-0.68129
0
0
0
0
0
0
0
0
0
0
0
0
0
0
0
0
0
0
0
-1.9964
0
-0.67975
-0.67934
-0.67646
-0.67529
-0.67051
-0.66683
-0.68129
5.3954
-0.6659
0
0
0
0
0
0
0
0
0
0
0
0
0
0
0
0
0
0
0
0
0
-0.67975
-0.67934
-0.67646
-0.67529
-0.67051
-0.66683
-0.68129
-0.6659
5.3954
0
0
0
0
0
0
0
0
0
0
0
0
0
0
0
0
0
0
0
0
0
-0.66788
-0.67544
-0.66602
-0.66745
-0.66699
-0.66495
0
0
0
5.8785
0
0
0
0
-0.60835
0
0
0
0
0
0
0
0
0
0
0
0
0
0
-1.2614
-0.68249
-0.68095
-0.67911
-0.67781
-0.67249
-0.66828
0
0
0
0
4.0611
0
0
0
0
0
0
0
0
0
0
0
0
0
0
0
0
0
0
0
-0.68249
-0.68095
-0.67911
-0.67781
-0.67249
-0.66828
0
0
0
0
0
4.0611
0
0
0
0
0
0
0
0
0
0
0
0
0
0
0
0
0
0
-0.61121
-0.6173
-0.61202
0
0
0
0
0
0
0
0
0
2.3928
0
0
0
0
0
0
0
0
-0.55225
0
0
0
0
0
0
0
0
-0.71365
0
0
0
-0.73408
0
0
0
0
0
0
0
0
2.8039
-0.63224
0
0
-0.72389
0
0
0
0
0
0
0
0
0
0
0
0
0
0
0
0
0
0
0
0
0
-0.60835
0
0
0
-0.63224
1.8924
0
0
0
0
0
0
0
0
-0.65178
0
0
0
0
0
0
0
0
0
-0.79327
0
0
0
0
0
0
0
0
0
0
0
2.9243
0
-2.131
0
0
0
0
0
0
0
0
0
0
0
0
-0.95405
-0.84115
0
0
0
0
0
0
0
0
0
0
0
0
0
0
1.7952
0
0
0
0
0
0
0
0
0
0
0
0
0
0
0
0
0
0
0
0
0
0
0
0
0
0
-0.72389
0
-2.131
0
2.8549
0
0
0
0
0
0
0
0
0
0
0
0
-0.95405
-0.84115
0
0
0
0
0
0
0
0
0
0
0
0
0
0
0
0
1.7952
0
0
0
0
0
0
0
0
0
0
0
-0.95405
-0.84115
0
0
0
0
0
0
0
0
0
0
0
0
0
0
0
0
0
1.7952
0
0
0
0
0
0
0
0
0
0
-0.95405
-0.84115
0
0
0
0
0
0
0
0
0
0
0
0
0
0
0
0
0
0
1.7952
0
0
0
0
0
0
0
0
0
0
0
0
0
0
0
0
0
0
0
0
0
-0.55225
0
0
0
0
0
0
0
0
0.55225
0
0
0
0
0
0
0
0
-5.5259
0
0
0
0
0
0
0
0
0
0
0
0
0
0
0
0
0
0
0
0
0
5.5259
0
0
0
0
0
0
0
0
0
0
0
0
0
0
0
0
0
0
0
0
0
-0.65178
0
0
0
0
0
0
0
0
0.65178
0
0
0
0
0
0
0
0
-4.7406
0
0
0
0
0
0
0
0
0
0
0
0
0
0
0
0
0
0
0
0
0
4.7406
0
0
0
0
0
0
0
0
-4.2326
0
0
0
0
0
0
0
0
0
0
0
0
0
0
0
0
0
0
0
0
0
4.2326
0
0
0
0
0
0
-4.7406
0
0
0
0
0
0
0
0
0
0
0
0
0
0
0
0
0
0
0
0
0
0
0
4.7406
0
0
0
-5.5259
0
0
0
0
0
0
0
0
0
0
0
0
0
0
0
0
0
0
0
0
0
0
0
0
0
0
5.5259
0
0
0
0
0
0
0
0
-1.9964
0
0
0
0
0
0
0
0
0
0
0
0
0
0
0
0
0
0
0
0
0
1.9964
0
0
0
0
0
0
0
0
0
0
-1.2614
0
0
0
0
0
0
0
0
0
0
0
0
0
0
0
0
0
0
0
1.2614
