30.0221
-0.99586
-0.99586
-0.99586
-0.92048
-1.0073
-0.92603
-0.92603
-0.92603
-0.92603
-0.92603
-0.91841
-0.91841
-0.98872
-0.93487
-0.93487
-0.93487
-0.98765
-0.98765
-0.98765
-0.8712
-0.88658
-0.59733
-0.94244
0
0
0
-8.5859
0
0
-0.99586
22.3529
-0.95923
-0.95923
-0.9085
-0.99077
-0.91146
-0.91146
-0.91146
-0.91146
-0.91146
-0.90258
-0.90258
-0.99682
-0.91901
-0.91901
-0.91901
-0.96868
-0.96868
-0.96868
-0.88784
-0.86959
-0.63328
-0.92063
-1.2057
0
0
0
0
0
-0.99586
-0.95923
22.3529
-0.95923
-0.9085
-0.99077
-0.91146
-0.91146
-0.91146
-0.91146
-0.91146
-0.90258
-0.90258
-0.99682
-0.91901
-0.91901
-0.91901
-0.96868
-0.96868
-0.96868
-0.88784
-0.86959
-0.63328
-0.92063
-1.2057
0
0
0
0
0
-0.99586
-0.95923
-0.95923
22.3529
-0.9085
-0.99077
-0.91146
-0.91146
-0.91146
-0.91146
-0.91146
-0.90258
-0.90258
-0.99682
-0.91901
-0.91901
-0.91901
-0.96868
-0.96868
-0.96868
-0.88784
-0.86959
-0.63328
-0.92063
-1.2057
0
0
0
0
0
-0.92048
-0.9085
-0.9085
-0.9085
19.9018
-0.92995
-0.85575
-0.85575
-0.85575
-0.85575
-0.85575
-0.84731
-0.84731
-0.93175
-0.86256
-0.86256
-0.86256
-0.9087
-0.9087
-0.9087
-0.83122
-0.81671
-0.59452
-0.86449
0
0
0
0
0
0
-1.0073
-0.99077
-0.99077
-0.99077
-0.92995
21.1269
-0.94028
-0.94028
-0.94028
-0.94028
-0.94028
-0.93179
-0.93179
-1.0335
-0.94922
-0.94922
-0.94922
-1.0007
-1.0007
-1.0007
-0.92153
-0.89758
0
-0.94987
0
0
0
0
0
0
-0.92603
-0.91146
-0.91146
-0.91146
-0.85575
-0.94028
18.5155
-0.85131
-0.85131
-0.85131
-0.85131
-0.85207
-0.85207
-0.94145
-0.86782
-0.86782
-0.86782
-0.91396
-0.91396
-0.91396
-0.84178
-0.82115
0
0
0
0
0
0
0
0
-0.92603
-0.91146
-0.91146
-0.91146
-0.85575
-0.94028
-0.85131
18.5155
-0.85131
-0.85131
-0.85131
-0.85207
-0.85207
-0.94145
-0.86782
-0.86782
-0.86782
-0.91396
-0.91396
-0.91396
-0.84178
-0.82115
0
0
0
0
0
0
0
0
-0.92603
-0.91146
-0.91146
-0.91146
-0.85575
-0.94028
-0.85131
-0.85131
18.5155
-0.85131
-0.85131
-0.85207
-0.85207
-0.94145
-0.86782
-0.86782
-0.86782
-0.91396
-0.91396
-0.91396
-0.84178
-0.82115
0
0
0
0
0
0
0
0
-0.92603
-0.91146
-0.91146
-0.91146
-0.85575
-0.94028
-0.85131
-0.85131
-0.85131
18.5155
-0.85131
-0.85207
-0.85207
-0.94145
-0.86782
-0.86782
-0.86782
-0.91396
-0.91396
-0.91396
-0.84178
-0.82115
0
0
0
0
0
0
0
0
-0.92603
-0.91146
-0.91146
-0.91146
-0.85575
-0.94028
-0.85131
-0.85131
-0.85131
-0.85131
18.5155
-0.85207
-0.85207
-0.94145
-0.86782
-0.86782
-0.86782
-0.91396
-0.91396
-0.91396
-0.84178
-0.82115
0
0
0
0
0
0
0
0
-0.91841
-0.90258
-0.90258
-0.90258
-0.84731
-0.93179
-0.85207
-0.85207
-0.85207
-0.85207
-0.85207
16.7045
-0.83414
-0.92502
-0.85723
-0.85723
-0.85723
-0.90269
-0.90269
-0.90269
0
0
0
0
0
0
0
0
0
0
-0.91841
-0.90258
-0.90258
-0.90258
-0.84731
-0.93179
-0.85207
-0.85207
-0.85207
-0.85207
-0.85207
-0.83414
16.7045
-0.92502
-0.85723
-0.85723
-0.85723
-0.90269
-0.90269
-0.90269
0
0
0
0
0
0
0
0
0
0
-0.98872
-0.99682
-0.99682
-0.99682
-0.93175
-1.0335
-0.94145
-0.94145
-0.94145
-0.94145
-0.94145
-0.92502
-0.92502
22.1356
-0.9627
-0.9627
-0.9627
0
0
0
0
0
0
0
0
-6.7458
0
0
0
0
-0.93487
-0.91901
-0.91901
-0.91901
-0.86256
-0.94922
-0.86782
-0.86782
-0.86782
-0.86782
-0.86782
-0.85723
-0.85723
-0.9627
14.1647
-0.82237
-0.82237
0
0
0
0
0
0
0
0
0
0
0
0
0
-0.93487
-0.91901
-0.91901
-0.91901
-0.86256
-0.94922
-0.86782
-0.86782
-0.86782
-0.86782
-0.86782
-0.85723
-0.85723
-0.9627
-0.82237
14.1647
-0.82237
0
0
0
0
0
0
0
0
0
0
0
0
0
-0.93487
-0.91901
-0.91901
-0.91901
-0.86256
-0.94922
-0.86782
-0.86782
-0.86782
-0.86782
-0.86782
-0.85723
-0.85723
-0.9627
-0.82237
-0.82237
14.1647
0
0
0
0
0
0
0
0
0
0
0
0
0
-0.98765
-0.96868
-0.96868
-0.96868
-0.9087
-1.0007
-0.91396
-0.91396
-0.91396
-0.91396
-0.91396
-0.90269
-0.90269
0
0
0
0
12.1783
0
0
0
0
0
0
0
0
0
0
0
0
-0.98765
-0.96868
-0.96868
-0.96868
-0.9087
-1.0007
-0.91396
-0.91396
-0.91396
-0.91396
-0.91396
-0.90269
-0.90269
0
0
0
0
0
12.1783
0
0
0
0
0
0
0
0
0
0
0
-0.98765
-0.96868
-0.96868
-0.96868
-0.9087
-1.0007
-0.91396
-0.91396
-0.91396
-0.91396
-0.91396
-0.90269
-0.90269
0
0
0
0
0
0
12.1783
0
0
0
0
0
0
0
0
0
0
-0.8712
-0.88784
-0.88784
-0.88784
-0.83122
-0.92153
-0.84178
-0.84178
-0.84178
-0.84178
-0.84178
0
0
0
0
0
0
0
0
0
13.2436
0
0
0
0
0
-3.7472
0
0
0
-0.88658
-0.86959
-0.86959
-0.86959
-0.81671
-0.89758
-0.82115
-0.82115
-0.82115
-0.82115
-0.82115
0
0
0
0
0
0
0
0
0
0
9.3154
0
0
0
0
0
0
0
0
-0.59733
-0.63328
-0.63328
-0.63328
-0.59452
0
0
0
0
0
0
0
0
0
0
0
0
0
0
0
0
0
9.5286
0
0
0
0
0
-3.2185
-3.2185
-0.94244
-0.92063
-0.92063
-0.92063
-0.86449
-0.94987
0
0
0
0
0
0
0
0
0
0
0
0
0
0
0
0
0
5.5187
0
0
0
0
0
0
0
-1.2057
-1.2057
-1.2057
0
0
0
0
0
0
0
0
0
0
0
0
0
0
0
0
0
0
0
0
3.617
0
0
0
0
0
0
0
0
0
0
0
0
0
0
0
0
0
0
-6.7458
0
0
0
0
0
0
0
0
0
0
0
6.7458
0
0
0
0
0
0
0
0
0
0
0
0
0
0
0
0
0
0
0
0
0
0
0
0
-3.7472
0
0
0
0
0
3.7472
0
0
0
-8.5859
0
0
0
0
0
0
0
0
0
0
0
0
0
0
0
0
0
0
0
0
0
0
0
0
0
0
8.5859
0
0
0
0
0
0
0
0
0
0
0
0
0
0
0
0
0
0
0
0
0
0
0
0
-3.2185
0
0
0
0
0
3.2185
0
0
0
0
0
0
0
0
0
0
0
0
0
0
0
0
0
0
0
0
0
0
0
-3.2185
0
0
0
0
0
0
3.2185
