30.9968
-0.91902
-0.94085
-0.97501
-0.96062
-0.96552
-0.97501
-0.74823
-0.72664
-0.73093
-0.73093
-0.73093
-0.73093
-0.73093
-0.73093
-0.73093
-0.73093
-0.73093
-0.80508
0
0
0
-2.5673
0
0
0
-6.9176
0
-6.9176
0
-0.91902
24.4265
-1.0893
-1.1181
-1.1129
-1.1186
-1.1181
-0.86847
-0.86028
-0.84248
-0.84248
-0.84248
-0.84248
-0.84248
-0.84248
-0.84248
-0.84248
-0.84248
0
0
0
0
0
-2.7036
0
0
0
-5.9359
0
0
-0.94085
-1.0893
17.6329
-1.1006
-1.095
-1.0941
-1.1006
-0.84692
-0.85697
-0.82499
-0.82499
-0.82499
-0.82499
-0.82499
-0.82499
-0.82499
-0.82499
-0.82499
-0.8868
-1.1967
0
0
0
0
0
0
0
0
0
0
-0.97501
-1.1181
-1.1006
16.8216
-1.1362
-1.1367
-1.1085
-0.88178
-0.89318
-0.84113
-0.84113
-0.84113
-0.84113
-0.84113
-0.84113
-0.84113
-0.84113
-0.84113
-0.90147
0
0
0
0
0
0
0
0
0
0
0
-0.96062
-1.1129
-1.095
-1.1362
16.7651
-1.137
-1.1362
-0.88234
-0.88907
-0.84244
-0.84244
-0.84244
-0.84244
-0.84244
-0.84244
-0.84244
-0.84244
-0.84244
0
0
-0.83389
0
0
0
0
0
0
0
0
0
-0.96552
-1.1186
-1.0941
-1.1367
-1.137
18.0106
-1.1367
-0.85244
-0.90229
-0.84425
-0.84425
-0.84425
-0.84425
-0.84425
-0.84425
-0.84425
-0.84425
-0.84425
0
0
0
-2.0691
0
0
0
0
0
0
0
0
-0.97501
-1.1181
-1.1006
-1.1085
-1.1362
-1.1367
16.8216
-0.88178
-0.89318
-0.84113
-0.84113
-0.84113
-0.84113
-0.84113
-0.84113
-0.84113
-0.84113
-0.84113
-0.90147
0
0
0
0
0
0
0
0
0
0
0
-0.74823
-0.86847
-0.84692
-0.88178
-0.88234
-0.85244
-0.88178
13.6267
0
-0.65562
-0.65562
-0.65562
-0.65562
-0.65562
-0.65562
-0.65562
-0.65562
-0.65562
0
0
0
-1.7642
0
0
0
0
0
0
0
0
-0.72664
-0.86028
-0.85697
-0.89318
-0.88907
-0.90229
-0.89318
0
17.1943
-0.66187
-0.66187
-0.66187
-0.66187
-0.66187
-0.66187
-0.66187
-0.66187
-0.66187
0
0
0
0
0
0
0
-5.2158
0
0
0
0
-0.73093
-0.84248
-0.82499
-0.84113
-0.84244
-0.84425
-0.84113
-0.65562
-0.66187
11.888
-0.60039
-0.60039
-0.60039
-0.60039
-0.60039
-0.60039
-0.60039
-0.60039
0
0
0
0
0
0
0
0
0
0
0
0
-0.73093
-0.84248
-0.82499
-0.84113
-0.84244
-0.84425
-0.84113
-0.65562
-0.66187
-0.60039
11.888
-0.60039
-0.60039
-0.60039
-0.60039
-0.60039
-0.60039
-0.60039
0
0
0
0
0
0
0
0
0
0
0
0
-0.73093
-0.84248
-0.82499
-0.84113
-0.84244
-0.84425
-0.84113
-0.65562
-0.66187
-0.60039
-0.60039
11.888
-0.60039
-0.60039
-0.60039
-0.60039
-0.60039
-0.60039
0
0
0
0
0
0
0
0
0
0
0
0
-0.73093
-0.84248
-0.82499
-0.84113
-0.84244
-0.84425
-0.84113
-0.65562
-0.66187
-0.60039
-0.60039
-0.60039
11.888
-0.60039
-0.60039
-0.60039
-0.60039
-0.60039
0
0
0
0
0
0
0
0
0
0
0
0
-0.73093
-0.84248
-0.82499
-0.84113
-0.84244
-0.84425
-0.84113
-0.65562
-0.66187
-0.60039
-0.60039
-0.60039
-0.60039
11.888
-0.60039
-0.60039
-0.60039
-0.60039
0
0
0
0
0
0
0
0
0
0
0
0
-0.73093
-0.84248
-0.82499
-0.84113
-0.84244
-0.84425
-0.84113
-0.65562
-0.66187
-0.60039
-0.60039
-0.60039
-0.60039
-0.60039
11.888
-0.60039
-0.60039
-0.60039
0
0
0
0
0
0
0
0
0
0
0
0
-0.73093
-0.84248
-0.82499
-0.84113
-0.84244
-0.84425
-0.84113
-0.65562
-0.66187
-0.60039
-0.60039
-0.60039
-0.60039
-0.60039
-0.60039
11.888
-0.60039
-0.60039
0
0
0
0
0
0
0
0
0
0
0
0
-0.73093
-0.84248
-0.82499
-0.84113
-0.84244
-0.84425
-0.84113
-0.65562
-0.66187
-0.60039
-0.60039
-0.60039
-0.60039
-0.60039
-0.60039
-0.60039
11.888
-0.60039
0
0
0
0
0
0
0
0
0
0
0
0
-0.73093
-0.84248
-0.82499
-0.84113
-0.84244
-0.84425
-0.84113
-0.65562
-0.66187
-0.60039
-0.60039
-0.60039
-0.60039
-0.60039
-0.60039
-0.60039
-0.60039
11.888
0
0
0
0
0
0
0
0
0
0
0
0
-0.80508
0
-0.8868
-0.90147
0
0
-0.90147
0
0
0
0
0
0
0
0
0
0
0
3.4948
0
0
0
0
0
0
0
0
0
0
0
0
0
-1.1967
0
0
0
0
0
0
0
0
0
0
0
0
0
0
0
0
9.6279
0
0
-2.6277
-2.6603
0
0
0
0
0
-3.1431
0
0
0
0
-0.83389
0
0
0
0
0
0
0
0
0
0
0
0
0
0
0
3.9505
-1.0452
0
0
-2.0714
0
0
0
0
0
0
0
0
0
0
-2.0691
0
-1.7642
0
0
0
0
0
0
0
0
0
0
0
0
-1.0452
4.8785
0
0
0
0
0
0
0
0
-2.5673
0
0
0
0
0
0
0
0
0
0
0
0
0
0
0
0
0
0
-2.6277
0
0
5.195
0
0
0
0
0
0
0
0
-2.7036
0
0
0
0
0
0
0
0
0
0
0
0
0
0
0
0
0
-2.6603
0
0
0
5.3639
0
0
0
0
0
0
0
0
0
0
0
0
0
0
0
0
0
0
0
0
0
0
0
0
0
0
-2.0714
0
0
0
2.0714
0
0
0
0
0
0
0
0
0
0
0
0
0
-5.2158
0
0
0
0
0
0
0
0
0
0
0
0
0
0
0
0
5.2158
0
0
0
0
-6.9176
0
0
0
0
0
0
0
0
0
0
0
0
0
0
0
0
0
0
0
0
0
0
0
0
0
6.9176
0
0
0
0
-5.9359
0
0
0
0
0
0
0
0
0
0
0
0
0
0
0
0
0
0
0
0
0
0
0
0
0
5.9359
0
0
-6.9176
0
0
0
0
0
0
0
0
0
0
0
0
0
0
0
0
0
0
0
0
0
0
0
0
0
0
0
6.9176
0
0
0
0
0
0
0
0
0
0
0
0
0
0
0
0
0
0
0
0
-3.1431
0
0
0
0
0
0
0
0
0
3.1431
