16.7106
-1.2735
-0.8492
-0.70846
-0.7817
-0.26243
-0.65049
-0.36178
-0.3584
-0.36636
-0.35514
-0.33366
-0.65176
-0.64409
-0.61749
-0.95577
-0.63995
-0.92367
-0.50479
-0.82455
-0.6469
-1.1821
-2.8184
0
0
0
0
0
0
0
-1.2735
16.7361
-0.91777
-0.67971
-0.75164
-0.25847
-0.64937
-0.35936
-0.35392
-0.35926
-0.34596
-0.33777
-0.65019
-0.64114
-0.62984
-0.94872
-0.63735
-0.89875
-0.523
-0.79381
-0.70843
-1.2067
-2.8115
0
0
0
0
0
0
0
-0.8492
-0.91777
16.2812
-0.66769
-0.73467
-0.26185
-0.66203
-0.37853
-0.34636
-0.3662
-0.34772
-0.3344
-0.64937
-0.64273
-0.62802
-0.94595
-0.637
-0.91708
-0.49713
-0.77031
-0.70052
-1.2086
-2.8181
0
0
0
0
0
0
0
-0.70846
-0.67971
-0.66769
14.9757
-0.50782
-0.2349
-0.44913
-0.22636
-0.26802
-0.2299
-0.3341
-0.42967
-0.82326
-0.6011
-0.61252
-1.0308
-0.60714
-0.34233
-0.76422
-0.26556
-3.0118
-2.1812
0
0
0
0
0
0
0
0
-0.7817
-0.75164
-0.73467
-0.50782
15.4322
-0.23162
-0.33496
-0.2694
-0.34723
-0.26516
-0.51696
-0.67684
-0.80516
-0.44461
-0.49779
-1.0068
-0.45204
-0.38756
-0.78305
-1.5761
-1.8487
-2.2124
0
0
0
0
0
0
0
0
-0.26243
-0.25847
-0.26185
-0.2349
-0.23162
13.4914
-0.51734
-0.39826
-0.58937
-0.35024
-0.98432
-0.71897
-1.2457
-0.32851
-0.33523
-1.4239
-0.31971
-0.22496
-0.32265
-3.8009
-0.68209
0
0
0
0
0
0
0
0
0
-0.65049
-0.64937
-0.66203
-0.44913
-0.33496
-0.51734
14.7035
-0.21642
-0.27436
-0.26048
-0.43881
-0.95268
-0.77838
-0.77942
-0.7994
-0.93699
-0.77613
-0.81207
-0.92535
0
0
0
0
0
-3.4897
0
0
0
0
0
-0.36178
-0.35936
-0.37853
-0.22636
-0.2694
-0.39826
-0.21642
10.5892
-0.16637
-0.15545
-0.20336
-0.66108
-1.1225
-0.56895
-0.62005
-1.3171
-0.57857
-1.033
-1.9526
0
0
0
0
0
0
0
0
0
0
0
-0.3584
-0.35392
-0.34636
-0.26802
-0.34723
-0.58937
-0.27436
-0.16637
11.5773
-0.16139
-0.53542
-0.23588
-1.0953
-1.5509
-1.2399
-1.3319
-1.5767
-0.79172
-0.35409
0
0
0
0
0
0
0
0
0
0
0
-0.36636
-0.35926
-0.3662
-0.2299
-0.26516
-0.35024
-0.26048
-0.15545
-0.16139
10.317
-0.19127
-0.64053
-1.0692
-0.92783
-0.88652
-1.3024
-0.91215
-0.9515
-0.92112
0
0
0
0
0
0
0
0
0
0
0
-0.35514
-0.34596
-0.34772
-0.3341
-0.51696
-0.98432
-0.43881
-0.20336
-0.53542
-0.19127
12.8741
-0.66219
-1.114
-1.3315
-1.309
-1.3578
-1.3331
-1.0672
-0.44625
0
0
0
0
0
0
0
0
0
0
0
-0.33366
-0.33777
-0.3344
-0.42967
-0.67684
-0.71897
-0.95268
-0.66108
-0.23588
-0.64053
-0.66219
11.0746
-1.0316
-1.5387
-1.0089
0
-1.5118
0
0
0
0
0
0
0
0
0
0
0
0
0
-0.65176
-0.65019
-0.64937
-0.82326
-0.80516
-1.2457
-0.77838
-1.1225
-1.0953
-1.0692
-1.114
-1.0316
20.8665
0
0
0
0
0
0
0
0
0
0
0
0
-3.4964
0
0
0
-6.3335
-0.64409
-0.64114
-0.64273
-0.6011
-0.44461
-0.32851
-0.77942
-0.56895
-1.5509
-0.92783
-1.3315
-1.5387
0
9.9995
0
0
0
0
0
0
0
0
0
0
0
0
0
0
0
0
-0.61749
-0.62984
-0.62802
-0.61252
-0.49779
-0.33523
-0.7994
-0.62005
-1.2399
-0.88652
-1.309
-1.0089
0
0
9.1846
0
0
0
0
0
0
0
0
0
0
0
0
0
0
0
-0.95577
-0.94872
-0.94595
-1.0308
-1.0068
-1.4239
-0.93699
-1.3171
-1.3319
-1.3024
-1.3578
0
0
0
0
19.4845
0
0
0
0
0
0
0
0
0
0
0
0
-6.9264
0
-0.63995
-0.63735
-0.637
-0.60714
-0.45204
-0.31971
-0.77613
-0.57857
-1.5767
-0.91215
-1.3331
-1.5118
0
0
0
0
9.9817
0
0
0
0
0
0
0
0
0
0
0
0
0
-0.92367
-0.89875
-0.91708
-0.34233
-0.38756
-0.22496
-0.81207
-1.033
-0.79172
-0.9515
-1.0672
0
0
0
0
0
0
8.3499
0
0
0
0
0
0
0
0
0
0
0
0
-0.50479
-0.523
-0.49713
-0.76422
-0.78305
-0.32265
-0.92535
-1.9526
-0.35409
-0.92112
-0.44625
0
0
0
0
0
0
0
7.9943
0
0
0
0
0
0
0
0
0
0
0
-0.82455
-0.79381
-0.77031
-0.26556
-1.5761
-3.8009
0
0
0
0
0
0
0
0
0
0
0
0
0
8.0312
0
0
0
0
0
0
0
0
0
0
-0.6469
-0.70843
-0.70052
-3.0118
-1.8487
-0.68209
0
0
0
0
0
0
0
0
0
0
0
0
0
0
7.5984
0
0
0
0
0
0
0
0
0
-1.1821
-1.2067
-1.2086
-2.1812
-2.2124
0
0
0
0
0
0
0
0
0
0
0
0
0
0
0
0
14.0739
0
0
0
0
-6.083
0
0
0
-2.8184
-2.8115
-2.8181
0
0
0
0
0
0
0
0
0
0
0
0
0
0
0
0
0
0
0
11.8367
-3.3887
0
0
0
0
0
0
0
0
0
0
0
0
0
0
0
0
0
0
0
0
0
0
0
0
0
0
0
0
-3.3887
12.5642
-4.6288
-4.5468
0
0
0
0
0
0
0
0
0
0
-3.4897
0
0
0
0
0
0
0
0
0
0
0
0
0
0
0
0
-4.6288
14.002
0
0
-5.8835
0
0
0
0
0
0
0
0
0
0
0
0
0
0
-3.4964
0
0
0
0
0
0
0
0
0
0
-4.5468
0
8.0432
0
0
0
0
0
0
0
0
0
0
0
0
0
0
0
0
0
0
0
0
0
0
0
0
0
-6.083
0
0
0
0
6.083
0
0
0
0
0
0
0
0
0
0
0
0
0
0
0
0
0
0
0
0
0
0
0
0
0
0
0
-5.8835
0
0
5.8835
0
0
0
0
0
0
0
0
0
0
0
0
0
0
0
0
0
-6.9264
0
0
0
0
0
0
0
0
0
0
0
0
6.9264
0
0
0
0
0
0
0
0
0
0
0
0
0
-6.3335
0
0
0
0
0
0
0
0
0
0
0
0
0
0
0
0
6.3335
