9.8476
-0.10001
-0.10001
-0.5154
-0.25435
-0.25497
-0.25737
-0.25102
-0.25744
-0.28403
-0.42643
-0.66466
-0.10001
-0.54794
0
-1.6277
-1.6624
0
0
-2.544
0
0
0
0
0
0
0
0
0
0
-0.10001
14.197
-0.10001
-0.9103
-0.45629
-0.458
-0.45794
-0.45808
-0.45794
-0.79218
-0.52475
-0.95355
-0.62916
-0.66596
0
-2.6455
0
0
0
0
0
0
0
0
0
0
-4.5873
0
0
0
-0.10001
-0.10001
8.6944
-0.19288
-0.45872
-0.46751
-0.4701
-0.46325
-0.47016
-0.10003
-0.30872
-0.58606
-0.38155
-0.56606
0
-1.654
0
0
0
0
-2.3754
0
0
0
0
0
0
0
0
0
-0.5154
-0.9103
-0.19288
11.7495
-0.59639
-0.59744
-0.59698
-0.59819
-0.59697
-0.71281
-0.63847
-0.60064
0
-0.85953
-0.22111
0
0
0
0
0
0
0
0
-4.1124
0
0
0
0
0
0
-0.25435
-0.45629
-0.45872
-0.59639
5.6134
-0.11073
-0.11136
-0.11059
-0.11135
-0.7636
-0.65481
-0.70855
-0.68574
-0.59096
0
0
0
0
0
0
0
0
0
0
0
0
0
0
0
0
-0.25497
-0.458
-0.46751
-0.59744
-0.11073
6.1004
-0.3068
-0.27443
-0.28339
-0.78787
-0.43708
-0.70649
-0.68433
-0.73132
0
0
0
0
0
0
0
0
0
0
0
0
0
0
0
0
-0.25737
-0.45794
-0.4701
-0.59698
-0.11136
-0.3068
7.2592
-0.60661
-1.0681
-0.79234
-0.42919
-0.70596
-0.67974
-0.77676
0
0
0
0
0
0
0
0
0
0
0
0
0
0
0
0
-0.25102
-0.45808
-0.46325
-0.59819
-0.11059
-0.27443
-0.60661
6.6538
-0.60499
-0.78045
-0.45086
-0.70739
-0.69193
-0.65598
0
0
0
0
0
0
0
0
0
0
0
0
0
0
0
0
-0.25744
-0.45794
-0.47016
-0.59697
-0.11135
-0.28339
-1.0681
-0.60499
7.2353
-0.79247
-0.42889
-0.70595
-0.67962
-0.77804
0
0
0
0
0
0
0
0
0
0
0
0
0
0
0
0
-0.28403
-0.79218
-0.10003
-0.71281
-0.7636
-0.78787
-0.79234
-0.78045
-0.79247
13.4681
-0.68935
0
0
0
0
0
0
0
-2.8758
0
0
0
0
0
0
0
0
0
0
-4.0972
-0.42643
-0.52475
-0.30872
-0.63847
-0.65481
-0.43708
-0.42919
-0.45086
-0.42889
-0.68935
5.5566
0
0
0
-0.56801
0
0
0
0
0
0
0
0
0
0
0
0
0
0
0
-0.66466
-0.95355
-0.58606
-0.60064
-0.70855
-0.70649
-0.70596
-0.70739
-0.70595
0
0
9.9014
0
0
0
0
0
0
0
0
0
0
0
0
0
0
0
0
-3.5622
0
-0.10001
-0.62916
-0.38155
0
-0.68574
-0.68433
-0.67974
-0.69193
-0.67962
0
0
0
7.8615
0
0
0
-1.0397
-2.2898
0
0
0
0
0
0
0
0
0
0
0
0
-0.54794
-0.66596
-0.56606
-0.85953
-0.59096
-0.73132
-0.77676
-0.65598
-0.77804
0
0
0
0
6.1726
0
0
0
0
0
0
0
0
0
0
0
0
0
0
0
0
0
0
0
-0.22111
0
0
0
0
0
0
-0.56801
0
0
0
11.4321
0
-1.7475
0
0
0
0
0
0
0
-4.4478
0
0
-4.4478
0
0
-1.6277
-2.6455
-1.654
0
0
0
0
0
0
0
0
0
0
0
0
9.9471
0
0
0
0
0
0
0
0
0
-4.02
0
0
0
0
-1.6624
0
0
0
0
0
0
0
0
0
0
0
-1.0397
0
-1.7475
0
4.4495
0
0
0
0
0
0
0
0
0
0
0
0
0
0
0
0
0
0
0
0
0
0
0
0
0
-2.2898
0
0
0
0
5.073
0
0
0
-2.7833
0
0
0
0
0
0
0
0
0
0
0
0
0
0
0
0
0
-2.8758
0
0
0
0
0
0
0
0
6.0846
0
0
0
-3.2088
0
0
0
0
0
0
0
-2.544
0
0
0
0
0
0
0
0
0
0
0
0
0
0
0
0
0
0
5.1882
0
0
-2.6443
0
0
0
0
0
0
0
0
0
-2.3754
0
0
0
0
0
0
0
0
0
0
0
0
0
0
0
0
0
4.9896
-2.6142
0
0
0
0
0
0
0
0
0
0
0
0
0
0
0
0
0
0
0
0
0
0
0
0
0
-2.7833
0
0
-2.6142
5.3975
0
0
0
0
0
0
0
0
0
0
0
0
0
0
0
0
0
0
0
0
0
0
0
0
0
0
-3.2088
-2.6443
0
0
5.8531
0
0
0
0
0
0
0
0
0
0
-4.1124
0
0
0
0
0
0
0
0
0
0
0
0
0
0
0
0
0
0
0
4.1124
0
0
0
0
0
0
0
0
0
0
0
0
0
0
0
0
0
0
0
0
-4.4478
0
0
0
0
0
0
0
0
0
4.4478
0
0
0
0
0
0
0
0
0
0
0
0
0
0
0
0
0
0
0
0
-4.02
0
0
0
0
0
0
0
0
0
4.02
0
0
0
0
0
-4.5873
0
0
0
0
0
0
0
0
0
0
0
0
0
0
0
0
0
0
0
0
0
0
0
0
4.5873
0
0
0
0
0
0
0
0
0
0
0
0
0
0
0
0
0
-4.4478
0
0
0
0
0
0
0
0
0
0
0
0
4.4478
0
0
0
0
0
0
0
0
0
0
0
0
0
-3.5622
0
0
0
0
0
0
0
0
0
0
0
0
0
0
0
0
3.5622
0
0
0
0
0
0
0
0
0
0
-4.0972
0
0
0
0
0
0
0
0
0
0
0
0
0
0
0
0
0
0
0
4.0972
