17.2797
-1.0967
-1.0554
-0.99682
-0.89738
-0.91794
-0.89424
-0.89738
-0.71104
-0.71104
-0.84855
-0.79414
-0.71104
-0.71104
-0.82822
-0.84762
-1.3413
0
0
0
0
0
0
-3.0199
0
0
0
0
0
0
-1.0967
26.2975
-1.0621
-1.0949
-0.95155
-0.93419
-0.95969
-0.95155
-0.73559
-0.73559
-0.85864
-0.78622
-0.73559
-0.73559
-0.85748
-0.89072
0
0
-2.6518
0
0
0
0
0
0
0
0
0
-10.2596
0
-1.0554
-1.0621
14.2535
-1.0527
-0.90397
-0.88171
-0.92069
-0.90397
-0.70187
-0.70187
-0.83956
-0.77043
-0.70187
-0.70187
-0.81595
-0.85513
0
0
0
0
-0.9257
0
0
0
-0.45877
0
0
0
0
0
-0.99682
-1.0949
-1.0527
16.9287
-0.89428
-0.91281
-0.91217
-0.89428
-0.70839
-0.70839
-0.84359
-0.78987
-0.70839
-0.70839
-0.82471
-0.82919
-1.3389
0
0
0
0
0
-2.7109
0
0
0
0
0
0
0
-0.89738
-0.95155
-0.90397
-0.89428
12.7579
-0.82266
-0.82134
-0.78785
-0.62786
-0.62786
-0.75425
-0.70623
-0.62786
-0.62786
-0.73688
-0.76598
-1.2041
0
0
0
0
0
0
0
0
0
0
0
0
0
-0.91794
-0.93419
-0.88171
-0.91281
-0.82266
12.3425
-0.83907
-0.82266
-0.63805
-0.63805
-0.72907
-0.66922
-0.63805
-0.63805
-0.71976
0
0
-0.67884
0
0
-0.86238
0
0
0
0
0
0
0
0
0
-0.89424
-0.95969
-0.92069
-0.91217
-0.82134
-0.83907
14.5656
-0.82134
-0.63315
-0.63315
-0.76499
-0.71249
-0.63315
-0.63315
-0.74489
-0.76279
0
0
0
0
0
0
0
-2.8793
0
0
0
0
0
0
-0.89738
-0.95155
-0.90397
-0.89428
-0.78785
-0.82266
-0.82134
12.7579
-0.62786
-0.62786
-0.75425
-0.70623
-0.62786
-0.62786
-0.73688
-0.76598
-1.2041
0
0
0
0
0
0
0
0
0
0
0
0
0
-0.71104
-0.73559
-0.70187
-0.70839
-0.62786
-0.63805
-0.63315
-0.62786
9.0429
-0.45302
-0.58979
-0.53739
-0.45302
-0.45302
-0.57872
-0.59412
0
0
0
0
0
0
0
0
0
0
0
0
0
0
-0.71104
-0.73559
-0.70187
-0.70839
-0.62786
-0.63805
-0.63315
-0.62786
-0.45302
9.0429
-0.58979
-0.53739
-0.45302
-0.45302
-0.57872
-0.59412
0
0
0
0
0
0
0
0
0
0
0
0
0
0
-0.84855
-0.85864
-0.83956
-0.84359
-0.75425
-0.72907
-0.76499
-0.75425
-0.58979
-0.58979
10.4686
-0.59019
-0.58979
-0.58979
0
0
0
-0.65789
0
-0.46841
0
0
0
0
0
0
0
0
0
0
-0.79414
-0.78622
-0.77043
-0.78987
-0.70623
-0.66922
-0.71249
-0.70623
-0.53739
-0.53739
-0.59019
11.5972
-0.53739
-0.53739
-0.61863
0
0
0
-2.304
0
0
0
0
0
0
0
0
0
0
0
-0.71104
-0.73559
-0.70187
-0.70839
-0.62786
-0.63805
-0.63315
-0.62786
-0.45302
-0.45302
-0.58979
-0.53739
9.0429
-0.45302
-0.57872
-0.59412
0
0
0
0
0
0
0
0
0
0
0
0
0
0
-0.71104
-0.73559
-0.70187
-0.70839
-0.62786
-0.63805
-0.63315
-0.62786
-0.45302
-0.45302
-0.58979
-0.53739
-0.45302
9.0429
-0.57872
-0.59412
0
0
0
0
0
0
0
0
0
0
0
0
0
0
-0.82822
-0.85748
-0.81595
-0.82471
-0.73688
-0.71976
-0.74489
-0.73688
-0.57872
-0.57872
0
-0.61863
-0.57872
-0.57872
9.1983
0
0
0
0
0
0
0
0
0
0
0
0
0
0
0
-0.84762
-0.89072
-0.85513
-0.82919
-0.76598
0
-0.76279
-0.76598
-0.59412
-0.59412
0
0
-0.59412
-0.59412
0
10.4713
0
0
0
0
0
0
-2.3775
0
0
0
0
0
0
0
-1.3413
0
0
-1.3389
-1.2041
0
0
-1.2041
0
0
0
0
0
0
0
0
11.8354
0
0
0
0
0
0
0
0
0
0
-6.7469
0
0
0
0
0
0
0
-0.67884
0
0
0
0
-0.65789
0
0
0
0
0
0
4.738
0
-0.9854
-0.93927
0
0
0
0
-1.4766
0
0
0
0
0
-2.6518
0
0
0
0
0
0
0
0
0
-2.304
0
0
0
0
0
0
9.5841
0
0
0
0
0
0
0
-4.6283
0
0
0
0
0
0
0
0
0
0
0
0
0
-0.46841
0
0
0
0
0
0
-0.9854
0
1.9622
0
0
0
0
0
0
0
0
0
-0.50838
0
0
-0.9257
0
0
-0.86238
0
0
0
0
0
0
0
0
0
0
0
-0.93927
0
0
2.7274
0
0
0
0
0
0
0
0
0
0
0
0
0
0
0
0
0
0
0
0
0
0
0
0
0
0
0
0
0
0
4.4983
0
0
-2.605
-1.8933
0
0
0
0
0
0
0
-2.7109
0
0
0
0
0
0
0
0
0
0
0
-2.3775
0
0
0
0
0
0
5.0884
0
0
0
0
0
0
0
-3.0199
0
0
0
0
0
-2.8793
0
0
0
0
0
0
0
0
0
0
0
0
0
0
0
0
5.8991
0
0
0
0
0
0
0
0
-0.45877
0
0
0
0
0
0
0
0
0
0
0
0
0
0
0
0
0
0
-2.605
0
0
3.0638
0
0
0
0
0
0
0
0
0
0
0
0
0
0
0
0
0
0
0
0
0
0
-1.4766
0
0
0
-1.8933
0
0
0
3.3699
0
0
0
0
0
0
0
0
0
0
0
0
0
0
0
0
0
0
0
0
0
0
-4.6283
0
0
0
0
0
0
0
4.6283
0
0
0
0
0
0
0
0
0
0
0
0
0
0
0
0
0
0
0
-6.7469
0
0
0
0
0
0
0
0
0
0
6.7469
0
0
0
-10.2596
0
0
0
0
0
0
0
0
0
0
0
0
0
0
0
0
0
0
0
0
0
0
0
0
0
0
10.2596
0
0
0
0
0
0
0
0
0
0
0
0
0
0
0
0
0
0
0
0
-0.50838
0
0
0
0
0
0
0
0
0
0.50838
