19.0338
-0.85915
-0.86638
-0.87519
-0.77637
-0.77637
-0.80487
-0.77637
-0.77637
-0.77637
-0.73888
-0.68775
-0.68775
-0.68775
-0.68775
-0.68775
-0.73024
-0.71961
-0.78424
0
0
0
-5.3347
0
0
0
0
0
0
0
-0.85915
13.7405
-0.863
-0.85915
-0.76275
-0.76275
-0.79085
-0.76275
-0.76275
-0.76275
-0.74917
-0.6768
-0.6768
-0.6768
-0.6768
-0.6768
-0.71409
-0.70948
-0.7636
-0.23421
0
0
0
0
0
0
0
0
0
0
-0.86638
-0.863
28.639
-0.86638
-0.77685
-0.77685
-0.77979
-0.77685
-0.77685
-0.77685
-0.68208
-0.6752
-0.6752
-0.6752
-0.6752
-0.6752
-0.70485
-0.70644
0
0
0
0
0
0
0
0
-7.9549
0
0
-7.9549
-0.87519
-0.85915
-0.86638
19.0338
-0.77637
-0.77637
-0.80487
-0.77637
-0.77637
-0.77637
-0.73888
-0.68775
-0.68775
-0.68775
-0.68775
-0.68775
-0.73024
-0.71961
-0.78424
0
0
0
0
0
0
0
0
0
-5.3347
0
-0.77637
-0.76275
-0.77685
-0.77637
12.2763
-0.68594
-0.72048
-0.68594
-0.68594
-0.68594
-0.68243
-0.61184
-0.61184
-0.61184
-0.61184
-0.61184
-0.65
-0.64079
-0.68731
0
0
0
0
0
0
0
0
0
0
0
-0.77637
-0.76275
-0.77685
-0.77637
-0.68594
12.2763
-0.72048
-0.68594
-0.68594
-0.68594
-0.68243
-0.61184
-0.61184
-0.61184
-0.61184
-0.61184
-0.65
-0.64079
-0.68731
0
0
0
0
0
0
0
0
0
0
0
-0.80487
-0.79085
-0.77979
-0.80487
-0.72048
-0.72048
16.6733
-0.72048
-0.72048
-0.72048
-0.67159
-0.61962
-0.61962
-0.61962
-0.61962
-0.61962
-0.66181
-0.65344
0
0
0
0
0
0
-4.8055
0
0
0
0
0
-0.77637
-0.76275
-0.77685
-0.77637
-0.68594
-0.68594
-0.72048
12.2763
-0.68594
-0.68594
-0.68243
-0.61184
-0.61184
-0.61184
-0.61184
-0.61184
-0.65
-0.64079
-0.68731
0
0
0
0
0
0
0
0
0
0
0
-0.77637
-0.76275
-0.77685
-0.77637
-0.68594
-0.68594
-0.72048
-0.68594
12.2763
-0.68594
-0.68243
-0.61184
-0.61184
-0.61184
-0.61184
-0.61184
-0.65
-0.64079
-0.68731
0
0
0
0
0
0
0
0
0
0
0
-0.77637
-0.76275
-0.77685
-0.77637
-0.68594
-0.68594
-0.72048
-0.68594
-0.68594
12.2763
-0.68243
-0.61184
-0.61184
-0.61184
-0.61184
-0.61184
-0.65
-0.64079
-0.68731
0
0
0
0
0
0
0
0
0
0
0
-0.73888
-0.74917
-0.68208
-0.73888
-0.68243
-0.68243
-0.67159
-0.68243
-0.68243
-0.68243
38.0178
-0.59713
-0.59713
-0.59713
-0.59713
-0.59713
0
0
0
0
0
-9.3464
0
0
0
-9.3464
0
-9.3464
0
0
-0.68775
-0.6768
-0.6752
-0.68775
-0.61184
-0.61184
-0.61962
-0.61184
-0.61184
-0.61184
-0.59713
10.3003
-0.53935
-0.53935
-0.53935
-0.53935
-0.57336
-0.56606
0
0
0
0
0
0
0
0
0
0
0
0
-0.68775
-0.6768
-0.6752
-0.68775
-0.61184
-0.61184
-0.61962
-0.61184
-0.61184
-0.61184
-0.59713
-0.53935
10.3003
-0.53935
-0.53935
-0.53935
-0.57336
-0.56606
0
0
0
0
0
0
0
0
0
0
0
0
-0.68775
-0.6768
-0.6752
-0.68775
-0.61184
-0.61184
-0.61962
-0.61184
-0.61184
-0.61184
-0.59713
-0.53935
-0.53935
10.3003
-0.53935
-0.53935
-0.57336
-0.56606
0
0
0
0
0
0
0
0
0
0
0
0
-0.68775
-0.6768
-0.6752
-0.68775
-0.61184
-0.61184
-0.61962
-0.61184
-0.61184
-0.61184
-0.59713
-0.53935
-0.53935
-0.53935
10.3003
-0.53935
-0.57336
-0.56606
0
0
0
0
0
0
0
0
0
0
0
0
-0.68775
-0.6768
-0.6752
-0.68775
-0.61184
-0.61184
-0.61962
-0.61184
-0.61184
-0.61184
-0.59713
-0.53935
-0.53935
-0.53935
-0.53935
10.3003
-0.57336
-0.56606
0
0
0
0
0
0
0
0
0
0
0
0
-0.73024
-0.71409
-0.70485
-0.73024
-0.65
-0.65
-0.66181
-0.65
-0.65
-0.65
0
-0.57336
-0.57336
-0.57336
-0.57336
-0.57336
13.0191
0
0
0
0
0
0
-3.3611
0
0
0
0
0
0
-0.71961
-0.70948
-0.70644
-0.71961
-0.64079
-0.64079
-0.65344
-0.64079
-0.64079
-0.64079
0
-0.56606
-0.56606
-0.56606
-0.56606
-0.56606
0
9.7528
0
-0.20999
0
0
0
0
0
0
0
0
0
0
-0.78424
-0.7636
0
-0.78424
-0.68731
-0.68731
0
-0.68731
-0.68731
-0.68731
0
0
0
0
0
0
0
0
5.7686
0
0
0
0
0
0
0
0
0
0
0
0
-0.23421
0
0
0
0
0
0
0
0
0
0
0
0
0
0
0
-0.20999
0
0.5487
-0.1045
0
0
0
0
0
0
0
0
0
0
0
0
0
0
0
0
0
0
0
0
0
0
0
0
0
0
0
0
-0.1045
0.1045
0
0
0
0
0
0
0
0
0
0
0
0
0
0
0
0
0
0
0
-9.3464
0
0
0
0
0
0
0
0
0
0
9.3464
0
0
0
0
0
0
0
0
-5.3347
0
0
0
0
0
0
0
0
0
0
0
0
0
0
0
0
0
0
0
0
0
5.3347
0
0
0
0
0
0
0
0
0
0
0
0
0
0
0
0
0
0
0
0
0
0
0
-3.3611
0
0
0
0
0
0
3.3611
0
0
0
0
0
0
0
0
0
0
0
0
-4.8055
0
0
0
0
0
0
0
0
0
0
0
0
0
0
0
0
0
4.8055
0
0
0
0
0
0
0
0
0
0
0
0
0
0
0
-9.3464
0
0
0
0
0
0
0
0
0
0
0
0
0
0
9.3464
0
0
0
0
0
0
-7.9549
0
0
0
0
0
0
0
0
0
0
0
0
0
0
0
0
0
0
0
0
0
0
0
7.9549
0
0
0
0
0
0
0
0
0
0
0
0
0
-9.3464
0
0
0
0
0
0
0
0
0
0
0
0
0
0
0
0
9.3464
0
0
0
0
0
-5.3347
0
0
0
0
0
0
0
0
0
0
0
0
0
0
0
0
0
0
0
0
0
0
0
0
5.3347
0
0
0
-7.9549
0
0
0
0
0
0
0
0
0
0
0
0
0
0
0
0
0
0
0
0
0
0
0
0
0
0
7.9549
