18.5109
-0.70907
-0.7013
-0.66963
-0.70328
-0.70152
-0.70152
-0.70152
-0.6616
-0.6616
-0.68162
-0.61413
-0.61413
-0.61413
-0.69697
-0.75667
0
-1.84
-0.5305
0
0
-1.8627
-4.0891
0
0
0
0
0
0
0
-0.70907
22.3197
-0.71856
-0.68668
-0.709
-0.70628
-0.70628
-0.70628
-0.67354
-0.67354
-0.68666
-0.61851
-0.61851
-0.61851
-0.69982
-0.75072
0
0
-0.54676
0
0
-1.9403
0
0
0
-9.5506
0
0
0
0
-0.7013
-0.71856
21.8812
-0.71513
-0.70127
-0.70191
-0.70191
-0.70191
-0.67618
-0.67618
-0.68219
-0.61432
-0.61432
-0.61432
-0.69208
-0.73817
0
0
0
-1.965
0
0
0
-9.6665
0
0
0
0
0
0
-0.66963
-0.68668
-0.71513
11.8534
-0.67424
-0.67956
-0.67956
-0.67956
-0.64531
-0.64531
-0.66014
-0.59466
-0.59466
-0.59466
-0.67219
-0.72208
0
-1.8355
0
0
-0.1045
0
0
0
0
0
0
0
0
0
-0.70328
-0.709
-0.70127
-0.67424
10.6403
-0.69112
-0.69112
-0.69112
-0.66763
-0.66763
-0.67021
-0.60333
-0.60333
-0.60333
-0.67992
-0.74409
0
0
-0.53964
0
0
0
0
0
0
0
0
0
0
0
-0.70152
-0.70628
-0.70191
-0.67956
-0.69112
10.0719
-0.66972
-0.66972
-0.67815
-0.67815
-0.66947
-0.60233
-0.60233
-0.60233
-0.67864
-0.74067
0
0
0
0
0
0
0
0
0
0
0
0
0
0
-0.70152
-0.70628
-0.70191
-0.67956
-0.69112
-0.66972
10.0719
-0.66972
-0.67815
-0.67815
-0.66947
-0.60233
-0.60233
-0.60233
-0.67864
-0.74067
0
0
0
0
0
0
0
0
0
0
0
0
0
0
-0.70152
-0.70628
-0.70191
-0.67956
-0.69112
-0.66972
-0.66972
10.0719
-0.67815
-0.67815
-0.66947
-0.60233
-0.60233
-0.60233
-0.67864
-0.74067
0
0
0
0
0
0
0
0
0
0
0
0
0
0
-0.6616
-0.67354
-0.67618
-0.64531
-0.66763
-0.67815
-0.67815
-0.67815
9.9531
-0.63203
-0.65662
-0.56497
-0.56497
-0.56497
0
0
-1.6109
0
0
0
0
0
0
0
0
0
0
0
0
0
-0.6616
-0.67354
-0.67618
-0.64531
-0.66763
-0.67815
-0.67815
-0.67815
-0.63203
9.9531
-0.65662
-0.56497
-0.56497
-0.56497
0
0
-1.6109
0
0
0
0
0
0
0
0
0
0
0
0
0
-0.68162
-0.68666
-0.68219
-0.66014
-0.67021
-0.66947
-0.66947
-0.66947
-0.65662
-0.65662
9.0765
-0.57059
-0.57059
-0.57059
-0.66226
0
0
0
0
0
0
0
0
0
0
0
0
0
0
0
-0.61413
-0.61851
-0.61432
-0.59466
-0.60333
-0.60233
-0.60233
-0.60233
-0.56497
-0.56497
-0.57059
7.5205
-0.48398
-0.48398
0
0
0
0
0
0
0
0
0
0
0
0
0
0
0
0
-0.61413
-0.61851
-0.61432
-0.59466
-0.60333
-0.60233
-0.60233
-0.60233
-0.56497
-0.56497
-0.57059
-0.48398
7.5205
-0.48398
0
0
0
0
0
0
0
0
0
0
0
0
0
0
0
0
-0.61413
-0.61851
-0.61432
-0.59466
-0.60333
-0.60233
-0.60233
-0.60233
-0.56497
-0.56497
-0.57059
-0.48398
-0.48398
7.5205
0
0
0
0
0
0
0
0
0
0
0
0
0
0
0
0
-0.69697
-0.69982
-0.69208
-0.67219
-0.67992
-0.67864
-0.67864
-0.67864
0
0
-0.66226
0
0
0
6.1392
0
0
0
0
0
0
0
0
0
0
0
0
0
0
0
-0.75667
-0.75072
-0.73817
-0.72208
-0.74409
-0.74067
-0.74067
-0.74067
0
0
0
0
0
0
0
13.5909
0
0
0
0
0
0
0
0
0
0
0
0
-7.6571
0
0
0
0
0
0
0
0
0
-1.6109
-1.6109
0
0
0
0
0
0
6.0985
0
0
0
0
0
0
0
0
0
-2.8767
0
0
0
-1.84
0
0
-1.8355
0
0
0
0
0
0
0
0
0
0
0
0
0
7.0232
0
0
0
0
0
0
0
0
0
0
0
-3.3477
-0.5305
-0.54676
0
0
-0.53964
0
0
0
0
0
0
0
0
0
0
0
0
0
1.6169
0
0
0
0
0
0
0
0
0
0
0
0
0
-1.965
0
0
0
0
0
0
0
0
0
0
0
0
0
0
0
0
4.9465
-2.5375
0
-0.44395
0
0
0
0
0
0
0
0
0
0
-0.1045
0
0
0
0
0
0
0
0
0
0
0
0
0
0
0
-2.5375
2.8942
0
0
0
0
0
0
-0.25221
0
0
-1.8627
-1.9403
0
0
0
0
0
0
0
0
0
0
0
0
0
0
0
0
0
0
0
7.3222
0
0
-3.5191
0
0
0
0
0
-4.0891
0
0
0
0
0
0
0
0
0
0
0
0
0
0
0
0
0
0
-0.44395
0
0
4.533
0
0
0
0
0
0
0
0
0
-9.6665
0
0
0
0
0
0
0
0
0
0
0
0
0
0
0
0
0
0
0
0
9.6665
0
0
0
0
0
0
0
0
0
0
0
0
0
0
0
0
0
0
0
0
0
0
0
0
0
0
0
-3.5191
0
0
3.5191
0
0
0
0
0
0
-9.5506
0
0
0
0
0
0
0
0
0
0
0
0
0
0
0
0
0
0
0
0
0
0
0
9.5506
0
0
0
0
0
0
0
0
0
0
0
0
0
0
0
0
0
0
0
0
-2.8767
0
0
0
0
0
0
0
0
0
2.8767
0
0
0
0
0
0
0
0
0
0
0
0
0
0
0
0
0
0
0
0
0
0
0
-0.25221
0
0
0
0
0
0
0.25221
0
0
0
0
0
0
0
0
0
0
0
0
0
0
0
0
0
-7.6571
0
0
0
0
0
0
0
0
0
0
0
0
7.6571
0
0
0
0
0
0
0
0
0
0
0
0
0
0
0
0
0
0
-3.3477
0
0
0
0
0
0
0
0
0
0
0
3.3477
