13.5799
-0.4769
-0.52973
-0.52973
-0.51486
-0.51139
-0.4718
-0.45339
-0.45339
-0.54136
-0.4902
-0.47695
-0.47695
-0.45986
-0.46666
0
0
0
-2.2422
-2.2422
-2.2422
0
0
0
0
0
0
0
0
0
-0.4769
13.5799
-0.52973
-0.52973
-0.51486
-0.51139
-0.4718
-0.45339
-0.45339
-0.54136
-0.4902
-0.47695
-0.47695
-0.45986
-0.46666
0
0
0
-2.2422
-2.2422
-2.2422
0
0
0
0
0
0
0
0
0
-0.52973
-0.52973
16.5652
-0.47578
-0.46682
-0.44227
-0.44816
-0.43367
-0.43367
-0.47676
-0.46061
-0.45939
-0.45939
-0.44297
-0.4049
0
-1.0164
0
0
0
0
-9.0849
0
0
0
0
0
0
0
0
-0.52973
-0.52973
-0.47578
16.5652
-0.46682
-0.44227
-0.44816
-0.43367
-0.43367
-0.47676
-0.46061
-0.45939
-0.45939
-0.44297
-0.4049
0
-1.0164
0
0
0
0
0
0
0
0
-9.0849
0
0
0
0
-0.51486
-0.51486
-0.46682
-0.46682
14.8981
-0.43911
-0.43308
-0.41943
-0.41943
-0.46091
-0.44177
-0.44289
-0.44289
-0.42708
-0.3939
0
0
0
0
0
0
0
0
0
0
0
0
-8.6143
0
0
-0.51139
-0.51139
-0.44227
-0.44227
-0.43911
26.3535
-0.42231
-0.41171
-0.41171
-0.43357
-0.42671
-0.43602
-0.43602
-0.42047
0
0
0
0
0
0
0
0
0
-10.3043
0
0
0
0
0
-10.3043
-0.4718
-0.4718
-0.44816
-0.44816
-0.43308
-0.42231
6.0084
-0.39898
-0.39898
-0.45308
-0.43013
-0.41935
-0.41935
-0.40441
-0.38877
0
0
0
0
0
0
0
0
0
0
0
0
0
0
0
-0.45339
-0.45339
-0.43367
-0.43367
-0.41943
-0.41171
-0.39898
5.4126
-0.35536
-0.44233
-0.41741
-0.40254
-0.40254
-0.3882
0
0
0
0
0
0
0
0
0
0
0
0
0
0
0
0
-0.45339
-0.45339
-0.43367
-0.43367
-0.41943
-0.41171
-0.39898
-0.35536
5.4126
-0.44233
-0.41741
-0.40254
-0.40254
-0.3882
0
0
0
0
0
0
0
0
0
0
0
0
0
0
0
0
-0.54136
-0.54136
-0.47676
-0.47676
-0.46091
-0.43357
-0.45308
-0.44233
-0.44233
9.4503
0
0
0
0
0
-0.20198
0
0
0
0
0
0
0
0
0
0
0
0
-4.9799
0
-0.4902
-0.4902
-0.46061
-0.46061
-0.44177
-0.42671
-0.43013
-0.41741
-0.41741
0
4.3598
0
0
0
0
-0.19911
0
-0.12566
0
0
0
0
0
0
0
0
0
0
0
0
-0.47695
-0.47695
-0.45939
-0.45939
-0.44289
-0.43602
-0.41935
-0.40254
-0.40254
0
0
4.4471
-0.47105
0
0
0
0
0
0
0
0
0
0
0
0
0
0
0
0
0
-0.47695
-0.47695
-0.45939
-0.45939
-0.44289
-0.43602
-0.41935
-0.40254
-0.40254
0
0
-0.47105
4.4471
0
0
0
0
0
0
0
0
0
0
0
0
0
0
0
0
0
-0.45986
-0.45986
-0.44297
-0.44297
-0.42708
-0.42047
-0.40441
-0.3882
-0.3882
0
0
0
0
3.834
0
0
0
0
0
0
0
0
0
0
0
0
0
0
0
0
-0.46666
-0.46666
-0.4049
-0.4049
-0.3939
0
-0.38877
0
0
0
0
0
0
0
2.6303
0
0
0
0
0
0
0
0
0
-0.1045
0
0
0
0
0
0
0
0
0
0
0
0
0
0
-0.20198
-0.19911
0
0
0
0
0.54514
0
0
0
0
0
0
0
0
0
0
-0.14405
0
0
0
0
0
-1.0164
-1.0164
0
0
0
0
0
0
0
0
0
0
0
0
2.529
-0.49624
0
0
0
0
0
0
0
0
0
0
0
0
0
0
0
0
0
0
0
0
0
0
-0.12566
0
0
0
0
0
-0.49624
0.96464
0
0
0
0
-0.34275
0
0
0
0
0
0
0
-2.2422
-2.2422
0
0
0
0
0
0
0
0
0
0
0
0
0
0
0
0
4.4844
0
0
0
0
0
0
0
0
0
0
0
-2.2422
-2.2422
0
0
0
0
0
0
0
0
0
0
0
0
0
0
0
0
0
4.4844
0
0
0
0
0
0
0
0
0
0
-2.2422
-2.2422
0
0
0
0
0
0
0
0
0
0
0
0
0
0
0
0
0
0
4.4844
0
0
0
0
0
0
0
0
0
0
0
-9.0849
0
0
0
0
0
0
0
0
0
0
0
0
0
0
0
0
0
0
9.0849
0
0
0
0
0
0
0
0
0
0
0
0
0
0
0
0
0
0
0
0
0
0
0
0
0
-0.34275
0
0
0
0
0.34275
0
0
0
0
0
0
0
0
0
0
0
0
-10.3043
0
0
0
0
0
0
0
0
0
0
0
0
0
0
0
0
0
10.3043
0
0
0
0
0
0
0
0
0
0
0
0
0
0
0
0
0
0
0
0
-0.1045
0
0
0
0
0
0
0
0
0
0.1045
0
0
0
0
0
0
0
0
-9.0849
0
0
0
0
0
0
0
0
0
0
0
0
0
0
0
0
0
0
0
0
0
9.0849
0
0
0
0
0
0
0
0
0
0
0
0
0
0
0
0
0
0
0
-0.14405
0
0
0
0
0
0
0
0
0
0
0.14405
0
0
0
0
0
0
0
-8.6143
0
0
0
0
0
0
0
0
0
0
0
0
0
0
0
0
0
0
0
0
0
0
8.6143
0
0
0
0
0
0
0
0
0
0
0
-4.9799
0
0
0
0
0
0
0
0
0
0
0
0
0
0
0
0
0
0
4.9799
0
0
0
0
0
0
-10.3043
0
0
0
0
0
0
0
0
0
0
0
0
0
0
0
0
0
0
0
0
0
0
0
10.3043
