8.4535
-0.6017
-0.60779
-0.61172
-0.60811
-0.60308
-0.60236
-0.60923
-0.60952
-0.60459
-0.60207
-0.61507
-0.57574
-0.60128
-0.60128
0
0
0
0
0
0
0
0
0
0
0
0
0
0
0
-0.6017
8.4535
-0.60779
-0.61172
-0.60811
-0.60308
-0.60236
-0.60923
-0.60952
-0.60459
-0.60207
-0.61507
-0.57574
-0.60128
-0.60128
0
0
0
0
0
0
0
0
0
0
0
0
0
0
0
-0.60779
-0.60779
13.993
-0.61772
-0.61364
-0.60655
-0.60572
-0.6127
-0.61457
-0.60755
-0.60508
-0.62203
0
-0.60636
-0.60636
0
0
0
0
0
0
-6.0591
0
0
0
0
0
0
0
0
-0.61172
-0.61172
-0.61772
12.0329
-0.61915
-0.60928
-0.61022
-0.6191
-0.62056
-0.61061
-0.60898
-0.62823
0
0
0
0
0
0
0
0
0
0
0
0
0
0
-5.2656
0
0
0
-0.60811
-0.60811
-0.61364
-0.61915
10.8051
-0.60356
-0.60201
-0.61622
-0.61576
-0.60587
-0.605
0
0
0
0
0
0
0
0
-4.7077
0
0
0
0
0
0
0
0
0
0
-0.60308
-0.60308
-0.60655
-0.60928
-0.60356
6.6584
-0.59901
-0.60945
-0.60894
-0.60198
-0.60102
-0.61239
0
0
0
0
0
0
0
0
0
0
0
0
0
0
0
0
0
0
-0.60236
-0.60236
-0.60572
-0.61022
-0.60201
-0.59901
6.603
-0.60755
-0.60678
-0.60107
-0.60283
0
0
0
0
-0.56311
0
0
0
0
0
0
0
0
0
0
0
0
0
0
-0.60923
-0.60923
-0.6127
-0.6191
-0.61622
-0.60945
-0.60755
10.994
0
-0.60573
0
0
-0.57869
0
0
0
0
0
-0.57587
0
-4.9502
0
0
0
0
0
0
0
0
0
-0.60952
-0.60952
-0.61457
-0.62056
-0.61576
-0.60894
-0.60678
0
8.8368
0
0
0
0
0
0
0
0
-0.57718
0
0
0
0
0
0
0
0
0
0
0
-3.9739
-0.60459
-0.60459
-0.60755
-0.61061
-0.60587
-0.60198
-0.60107
-0.60573
0
4.842
0
0
0
0
0
0
0
0
0
0
0
0
0
0
0
0
0
0
0
0
-0.60207
-0.60207
-0.60508
-0.60898
-0.605
-0.60102
-0.60283
0
0
0
4.7929
0
0
0
0
-0.56584
0
0
0
0
0
0
0
0
0
0
0
0
0
0
-0.61507
-0.61507
-0.62203
-0.62823
0
-0.61239
0
0
0
0
0
4.8274
0
0
0
0
0
0
0
0
0
0
0
0
0
0
0
0
-1.7346
0
-0.57574
-0.57574
0
0
0
0
0
-0.57869
0
0
0
0
11.0228
0
0
0
0
0
0
0
0
0
0
0
-4.6463
-4.6463
0
0
0
0
-0.60128
-0.60128
-0.60636
0
0
0
0
0
0
0
0
0
0
2.395
0
0
0
0
0
0
0
0
0
-0.58606
0
0
0
0
0
0
-0.60128
-0.60128
-0.60636
0
0
0
0
0
0
0
0
0
0
0
2.395
0
0
0
0
0
0
0
0
0
0
0
0
-0.58606
0
0
0
0
0
0
0
0
-0.56311
0
0
0
-0.56584
0
0
0
0
1.6812
0
0
0
0
0
0
-0.55225
0
0
0
0
0
0
0
0
0
0
0
0
0
0
0
0
0
0
0
0
0
0
0
2.1763
-1.1208
-1.0555
0
0
0
0
0
0
0
0
0
0
0
0
0
0
0
0
0
0
0
-0.57718
0
0
0
0
0
0
0
-1.1208
1.698
0
0
0
0
0
0
0
0
0
0
0
0
0
0
0
0
0
0
0
-0.57587
0
0
0
0
0
0
0
0
-1.0555
0
1.6314
0
0
0
0
0
0
0
0
0
0
0
0
0
0
0
-4.7077
0
0
0
0
0
0
0
0
0
0
0
0
0
0
4.7077
0
0
0
0
0
0
0
0
0
0
0
0
0
0
0
0
0
-4.9502
0
0
0
0
0
0
0
0
0
0
0
0
4.9502
0
0
0
0
0
0
0
0
0
0
0
-6.0591
0
0
0
0
0
0
0
0
0
0
0
0
0
0
0
0
0
0
6.0591
0
0
0
0
0
0
0
0
0
0
0
0
0
0
0
0
0
0
0
0
0
0
0
-0.55225
0
0
0
0
0
0
0.55225
0
0
0
0
0
0
0
0
0
0
0
0
0
0
0
0
0
0
0
0
-0.58606
0
0
0
0
0
0
0
0
0
0.58606
0
0
0
0
0
0
0
0
0
0
0
0
0
0
0
0
0
0
-4.6463
0
0
0
0
0
0
0
0
0
0
0
4.6463
0
0
0
0
0
0
0
0
0
0
0
0
0
0
0
0
0
-4.6463
0
0
0
0
0
0
0
0
0
0
0
0
4.6463
0
0
0
0
0
0
0
-5.2656
0
0
0
0
0
0
0
0
0
0
0
0
0
0
0
0
0
0
0
0
0
0
5.2656
0
0
0
0
0
0
0
0
0
0
0
0
0
0
0
0
0
-0.58606
0
0
0
0
0
0
0
0
0
0
0
0
0.58606
0
0
0
0
0
0
0
0
0
0
0
0
0
-1.7346
0
0
0
0
0
0
0
0
0
0
0
0
0
0
0
0
1.7346
0
0
0
0
0
0
0
0
0
-3.9739
0
0
0
0
0
0
0
0
0
0
0
0
0
0
0
0
0
0
0
0
3.9739
