30.1771
-0.60567
-0.60554
-0.59129
-0.59129
-0.5708
-0.5708
-0.53594
-0.60781
-0.60566
-0.56015
-0.56015
-0.56015
-0.56015
-0.57227
-0.59354
-0.59354
-0.51499
-0.32028
-0.21774
0
0
0
0
0
-9.9197
0
-9.9197
0
0
-0.60567
10.4413
-0.63535
-0.60301
-0.60301
-0.58378
-0.58378
-0.58753
-0.62669
-0.63689
-0.57121
-0.57121
-0.57121
-0.57121
-0.62135
-0.5956
-0.5956
-0.5098
-0.3684
0
0
0
0
0
0
0
0
0
0
0
-0.60554
-0.63535
17.3988
-0.61559
-0.61559
-0.5944
-0.5944
-0.58602
-0.63298
-0.64933
-0.58232
-0.58232
-0.58232
-0.58232
-0.62561
-0.61032
-0.61032
-0.53257
0
0
0
0
0
0
0
0
0
0
-7.1615
0
-0.59129
-0.60301
-0.61559
9.7836
-0.57975
-0.56491
-0.56491
-0.57585
-0.60239
-0.61893
-0.55289
-0.55289
-0.55289
-0.55289
-0.60674
-0.57397
-0.57397
-0.50078
0
0
0
0
0
0
0
0
0
0
0
0
-0.59129
-0.60301
-0.61559
-0.57975
9.7836
-0.56491
-0.56491
-0.57585
-0.60239
-0.61893
-0.55289
-0.55289
-0.55289
-0.55289
-0.60674
-0.57397
-0.57397
-0.50078
0
0
0
0
0
0
0
0
0
0
0
0
-0.5708
-0.58378
-0.5944
-0.56491
-0.56491
8.9655
-0.53847
-0.56412
-0.57643
-0.59009
-0.53239
-0.53239
-0.53239
-0.53239
-0.58152
-0.55325
-0.55325
0
0
0
0
0
0
0
0
0
0
0
0
0
-0.5708
-0.58378
-0.5944
-0.56491
-0.56491
-0.53847
8.9655
-0.56412
-0.57643
-0.59009
-0.53239
-0.53239
-0.53239
-0.53239
-0.58152
-0.55325
-0.55325
0
0
0
0
0
0
0
0
0
0
0
0
0
-0.53594
-0.58753
-0.58602
-0.57585
-0.57585
-0.56412
-0.56412
24.4504
-0.56029
-0.55929
-0.52987
-0.52987
-0.52987
-0.52987
0
0
0
0
0
-0.21867
-8.5016
0
0
0
0
0
-8.5016
0
0
0
-0.60781
-0.62669
-0.63298
-0.60239
-0.60239
-0.57643
-0.57643
-0.56029
8.1603
-0.6691
-0.58145
-0.58145
-0.58145
-0.58145
0
0
0
0
-0.38
0
0
0
0
0
0
0
0
0
0
0
-0.60566
-0.63689
-0.64933
-0.61893
-0.61893
-0.59009
-0.59009
-0.55929
-0.6691
12.9606
-0.59516
-0.59516
-0.59516
-0.59516
0
0
0
0
0
0
0
-5.0416
0
0
0
0
0
0
0
0
-0.56015
-0.57121
-0.58232
-0.55289
-0.55289
-0.53239
-0.53239
-0.52987
-0.58145
-0.59516
7.0941
-0.50113
-0.50113
-0.50113
0
0
0
0
0
0
0
0
0
0
0
0
0
0
0
0
-0.56015
-0.57121
-0.58232
-0.55289
-0.55289
-0.53239
-0.53239
-0.52987
-0.58145
-0.59516
-0.50113
7.0941
-0.50113
-0.50113
0
0
0
0
0
0
0
0
0
0
0
0
0
0
0
0
-0.56015
-0.57121
-0.58232
-0.55289
-0.55289
-0.53239
-0.53239
-0.52987
-0.58145
-0.59516
-0.50113
-0.50113
7.0941
-0.50113
0
0
0
0
0
0
0
0
0
0
0
0
0
0
0
0
-0.56015
-0.57121
-0.58232
-0.55289
-0.55289
-0.53239
-0.53239
-0.52987
-0.58145
-0.59516
-0.50113
-0.50113
-0.50113
7.0941
0
0
0
0
0
0
0
0
0
0
0
0
0
0
0
0
-0.57227
-0.62135
-0.62561
-0.60674
-0.60674
-0.58152
-0.58152
0
0
0
0
0
0
0
4.4452
0
0
0
0
0
0
0
-0.24948
0
0
0
0
0
0
0
-0.59354
-0.5956
-0.61032
-0.57397
-0.57397
-0.55325
-0.55325
0
0
0
0
0
0
0
0
4.0539
0
0
0
0
0
0
0
0
0
0
0
0
0
0
-0.59354
-0.5956
-0.61032
-0.57397
-0.57397
-0.55325
-0.55325
0
0
0
0
0
0
0
0
0
4.0539
0
0
0
0
0
0
0
0
0
0
0
0
0
-0.51499
-0.5098
-0.53257
-0.50078
-0.50078
0
0
0
0
0
0
0
0
0
0
0
0
2.5589
0
0
0
0
0
0
0
0
0
0
0
0
-0.32028
-0.3684
0
0
0
0
0
0
-0.38
0
0
0
0
0
0
0
0
0
15.2766
0
0
0
0
-7.104
0
0
0
0
0
-7.104
-0.21774
0
0
0
0
0
0
-0.21867
0
0
0
0
0
0
0
0
0
0
0
0.54091
0
0
0
0
-0.1045
0
0
0
0
0
0
0
0
0
0
0
0
-8.5016
0
0
0
0
0
0
0
0
0
0
0
0
8.5016
0
0
0
0
0
0
0
0
0
0
0
0
0
0
0
0
0
0
-5.0416
0
0
0
0
0
0
0
0
0
0
0
5.0416
0
0
0
0
0
0
0
0
0
0
0
0
0
0
0
0
0
0
0
0
0
0
-0.24948
0
0
0
0
0
0
0
0.24948
0
0
0
0
0
0
0
0
0
0
0
0
0
0
0
0
0
0
0
0
0
0
0
0
0
-7.104
0
0
0
0
7.104
0
0
0
0
0
0
0
0
0
0
0
0
0
0
0
0
0
0
0
0
0
0
0
0
0
-0.1045
0
0
0
0
0.1045
0
0
0
0
0
-9.9197
0
0
0
0
0
0
0
0
0
0
0
0
0
0
0
0
0
0
0
0
0
0
0
0
9.9197
0
0
0
0
0
0
0
0
0
0
0
-8.5016
0
0
0
0
0
0
0
0
0
0
0
0
0
0
0
0
0
0
8.5016
0
0
0
-9.9197
0
0
0
0
0
0
0
0
0
0
0
0
0
0
0
0
0
0
0
0
0
0
0
0
0
0
9.9197
0
0
0
0
-7.1615
0
0
0
0
0
0
0
0
0
0
0
0
0
0
0
0
0
0
0
0
0
0
0
0
0
7.1615
0
0
0
0
0
0
0
0
0
0
0
0
0
0
0
0
0
0
0
-7.104
0
0
0
0
0
0
0
0
0
0
7.104
