24.8383
-0.73012
-0.67688
-0.67688
-0.68875
-0.60511
-0.58488
-0.60511
-0.6616
-0.63489
-0.64605
-0.61116
-0.64267
-0.59239
-0.6639
-0.66432
-0.66432
0
0
0
-7.5178
0
0
0
0
0
-6.9715
0
0
0
-0.73012
17.0378
-0.66516
-0.66516
-0.6763
-0.59761
-0.5792
-0.59761
-0.65273
-0.62463
-0.63705
-0.59957
-0.65449
-0.58573
-0.65325
-0.65229
-0.65229
-0.45611
0
0
0
0
0
0
0
-6.3585
0
0
0
0
-0.67688
-0.66516
15.5025
-0.62309
-0.63238
-0.55455
-0.53979
-0.55455
-0.60729
-0.58204
-0.59117
-0.55562
-0.60988
-0.54343
-0.60631
-0.6059
-0.6059
0
0
0
0
0
0
-5.9485
0
0
0
0
0
0
-0.67688
-0.66516
-0.62309
15.5025
-0.63238
-0.55455
-0.53979
-0.55455
-0.60729
-0.58204
-0.59117
-0.55562
-0.60988
-0.54343
-0.60631
-0.6059
-0.6059
0
0
0
0
0
0
0
0
0
0
0
0
-5.9485
-0.68875
-0.6763
-0.63238
-0.63238
12.378
-0.54807
-0.57028
-0.54807
-0.60035
-0.58187
-0.58896
-0.52367
-0.60549
-0.53835
-0.59969
-0.59278
-0.59278
0
0
0
0
-2.8578
0
0
0
0
0
0
0
0
-0.60511
-0.59761
-0.55455
-0.55455
-0.54807
8.487
-0.51307
-0.4762
-0.53473
-0.51182
-0.51904
-0.47866
-0.53095
-0.4762
-0.53044
-0.52802
-0.52802
0
0
0
0
0
0
0
0
0
0
0
0
0
-0.58488
-0.5792
-0.53979
-0.53979
-0.57028
-0.51307
22.0831
-0.51307
-0.52503
-0.48927
-0.49835
-0.47599
-0.51362
-0.46324
-0.51604
0
0
0
0
0
0
0
-7.3807
0
-7.3807
0
0
0
0
0
-0.60511
-0.59761
-0.55455
-0.55455
-0.54807
-0.4762
-0.51307
8.487
-0.53473
-0.51182
-0.51904
-0.47866
-0.53095
-0.4762
-0.53044
-0.52802
-0.52802
0
0
0
0
0
0
0
0
0
0
0
0
0
-0.6616
-0.65273
-0.60729
-0.60729
-0.60035
-0.53473
-0.52503
-0.53473
8.1132
-0.58274
-0.59133
-0.51519
-0.60448
-0.51081
-0.58489
0
0
0
0
0
0
0
0
0
0
0
0
0
0
0
-0.63489
-0.62463
-0.58204
-0.58204
-0.58187
-0.51182
-0.48927
-0.51182
-0.58274
7.3554
-0.57523
-0.49305
-0.59343
-0.48811
0
0
0
0
-0.1045
0
0
0
0
0
0
0
0
0
0
0
-0.64605
-0.63705
-0.59117
-0.59117
-0.58896
-0.51904
-0.49835
-0.51904
-0.59133
-0.57523
7.1767
-0.49871
0
-0.49536
0
0
0
-0.42528
0
0
0
0
0
0
0
0
0
0
0
0
-0.61116
-0.59957
-0.55562
-0.55562
-0.52367
-0.47866
-0.47599
-0.47866
-0.51519
-0.49305
-0.49871
8.9083
-0.51387
0
0
0
0
0
0
0
0
-2.6085
0
0
0
0
0
0
0
0
-0.64267
-0.65449
-0.60988
-0.60988
-0.60549
-0.53095
-0.51362
-0.53095
-0.60448
-0.59343
0
-0.51387
10.0991
-0.50582
0
0
0
0
0
-3.1836
0
0
0
0
0
0
0
0
0
0
-0.59239
-0.58573
-0.54343
-0.54343
-0.53835
-0.4762
-0.46324
-0.4762
-0.51081
-0.48811
-0.49536
0
-0.50582
6.2191
0
0
0
0
0
0
0
0
0
0
0
0
0
0
0
0
-0.6639
-0.65325
-0.60631
-0.60631
-0.59969
-0.53044
-0.51604
-0.53044
-0.58489
0
0
0
0
0
5.2913
0
0
0
0
0
0
0
0
0
0
0
0
0
0
0
-0.66432
-0.65229
-0.6059
-0.6059
-0.59278
-0.52802
0
-0.52802
0
0
0
0
0
0
0
4.1772
0
0
0
0
0
0
0
0
0
0
0
0
0
0
-0.66432
-0.65229
-0.6059
-0.6059
-0.59278
-0.52802
0
-0.52802
0
0
0
0
0
0
0
0
4.1772
0
0
0
0
0
0
0
0
0
0
0
0
0
0
-0.45611
0
0
0
0
0
0
0
0
-0.42528
0
0
0
0
0
0
1.3595
0
0
0
0
0
0
0
0
0
-0.47811
0
0
0
0
0
0
0
0
0
0
0
-0.1045
0
0
0
0
0
0
0
0
5.2144
-2.934
0
0
0
0
0
0
0
0
-2.176
0
0
0
0
0
0
0
0
0
0
0
0
0
-3.1836
0
0
0
0
0
-2.934
8.0415
-1.924
0
0
0
0
0
0
0
0
0
-7.5178
0
0
0
0
0
0
0
0
0
0
0
0
0
0
0
0
0
0
-1.924
9.4419
0
0
0
0
0
0
0
0
0
0
0
0
0
-2.8578
0
0
0
0
0
0
-2.6085
0
0
0
0
0
0
0
0
0
5.4663
0
0
0
0
0
0
0
0
0
0
0
0
0
0
-7.3807
0
0
0
0
0
0
0
0
0
0
0
0
0
0
0
7.3807
0
0
0
0
0
0
0
0
0
-5.9485
0
0
0
0
0
0
0
0
0
0
0
0
0
0
0
0
0
0
0
0
5.9485
0
0
0
0
0
0
0
0
0
0
0
0
-7.3807
0
0
0
0
0
0
0
0
0
0
0
0
0
0
0
0
0
7.3807
0
0
0
0
0
0
-6.3585
0
0
0
0
0
0
0
0
0
0
0
0
0
0
0
0
0
0
0
0
0
0
0
6.3585
0
0
0
0
-6.9715
0
0
0
0
0
0
0
0
0
0
0
0
0
0
0
0
0
0
0
0
0
0
0
0
0
6.9715
0
0
0
0
0
0
0
0
0
0
0
0
0
0
0
0
0
0
0
0
-0.47811
0
0
0
0
0
0
0
0
0
0.47811
0
0
0
0
0
0
0
0
0
0
0
0
0
0
0
0
0
0
0
0
-2.176
0
0
0
0
0
0
0
0
0
2.176
0
0
0
0
-5.9485
0
0
0
0
0
0
0
0
0
0
0
0
0
0
0
0
0
0
0
0
0
0
0
0
0
5.9485
