23.8016
-0.38344
-0.52569
-0.54222
-0.53052
-0.5886
-0.46195
-0.49031
-0.54222
-0.34923
-0.34923
-0.34923
-0.34923
-0.34923
-0.27887
0
0
-0.59283
0
0
0
0
0
-8.5594
0
0
0
0
-8.5594
0
-0.38344
21.5874
-0.54334
-0.57758
-0.57049
-0.64045
0
-0.5248
-0.57758
-0.3777
-0.3777
-0.3777
-0.3777
-0.3777
0
-0.47176
0
0
0
0
0
0
0
0
-7.7047
-7.7047
0
0
0
0
-0.52569
-0.54334
7.6534
-0.60793
-0.61202
-0.6427
-0.51505
-0.61607
-0.60793
-0.39118
-0.39118
-0.39118
-0.39118
-0.39118
-0.43499
0
0
-0.59179
0
0
0
0
0
0
0
0
0
0
0
0
-0.54222
-0.57758
-0.60793
7.3794
-0.6533
-0.68456
-0.52166
-0.66658
-0.58494
-0.38447
-0.38447
-0.38447
-0.38447
-0.38447
0
0
0
-0.61827
0
0
0
0
0
0
0
0
0
0
0
0
-0.53052
-0.57049
-0.61202
-0.6533
7.5551
-0.69353
-0.56331
-0.66218
-0.6533
-0.39071
-0.39071
-0.39071
-0.39071
-0.39071
0
-0.66295
0
0
0
0
0
0
0
0
0
0
0
0
0
0
-0.5886
-0.64045
-0.6427
-0.68456
-0.69353
15.4429
-0.51921
-0.72167
-0.68456
-0.40399
-0.40399
-0.40399
-0.40399
-0.40399
0
0
0
0
0
0
0
-8.2477
0
0
0
0
0
0
0
0
-0.46195
0
-0.51505
-0.52166
-0.56331
-0.51921
8.7661
-0.53909
-0.52166
-0.33166
-0.33166
-0.33166
-0.33166
-0.33166
0
0
-0.13941
0
-3.3265
0
0
0
0
0
0
0
0
0
0
0
-0.49031
-0.5248
-0.61607
-0.66658
-0.66218
-0.72167
-0.53909
11.3723
-0.66658
-0.39191
-0.39191
-0.39191
-0.39191
-0.39191
0
0
0
0
0
0
0
0
0
0
0
0
-4.5254
0
0
0
-0.54222
-0.57758
-0.60793
-0.58494
-0.6533
-0.68456
-0.52166
-0.66658
7.3794
-0.38447
-0.38447
-0.38447
-0.38447
-0.38447
0
0
0
-0.61827
0
0
0
0
0
0
0
0
0
0
0
0
-0.34923
-0.3777
-0.39118
-0.38447
-0.39071
-0.40399
-0.33166
-0.39191
-0.38447
4.2317
-0.20661
-0.20661
-0.20661
-0.20661
0
0
0
0
0
0
0
0
0
0
0
0
0
0
0
0
-0.34923
-0.3777
-0.39118
-0.38447
-0.39071
-0.40399
-0.33166
-0.39191
-0.38447
-0.20661
4.2317
-0.20661
-0.20661
-0.20661
0
0
0
0
0
0
0
0
0
0
0
0
0
0
0
0
-0.34923
-0.3777
-0.39118
-0.38447
-0.39071
-0.40399
-0.33166
-0.39191
-0.38447
-0.20661
-0.20661
4.2317
-0.20661
-0.20661
0
0
0
0
0
0
0
0
0
0
0
0
0
0
0
0
-0.34923
-0.3777
-0.39118
-0.38447
-0.39071
-0.40399
-0.33166
-0.39191
-0.38447
-0.20661
-0.20661
-0.20661
4.2317
-0.20661
0
0
0
0
0
0
0
0
0
0
0
0
0
0
0
0
-0.34923
-0.3777
-0.39118
-0.38447
-0.39071
-0.40399
-0.33166
-0.39191
-0.38447
-0.20661
-0.20661
-0.20661
-0.20661
4.2317
0
0
0
0
0
0
0
0
0
0
0
0
0
0
0
0
-0.27887
0
-0.43499
0
0
0
0
0
0
0
0
0
0
0
2.1587
-0.42157
0
0
0
0
-0.63899
0
0
0
0
0
0
-0.38429
0
0
0
-0.47176
0
0
-0.66295
0
0
0
0
0
0
0
0
0
-0.42157
2.3231
-0.1589
0
0
-0.60795
0
0
0
0
0
0
0
0
0
0
0
0
0
0
0
0
-0.13941
0
0
0
0
0
0
0
0
-0.1589
18.7007
0
-3.5819
0
0
0
-7.4103
0
0
0
0
0
0
-7.4103
-0.59283
0
-0.59179
-0.61827
0
0
0
0
-0.61827
0
0
0
0
0
0
0
0
2.4212
0
0
0
0
0
0
0
0
0
0
0
0
0
0
0
0
0
0
-3.3265
0
0
0
0
0
0
0
0
0
-3.5819
0
9.28
0
0
-2.3717
0
0
0
0
0
0
0
0
0
0
0
0
0
0
0
0
0
0
0
0
0
0
0
-0.60795
0
0
0
1.0555
-0.44752
0
0
0
0
0
0
0
0
0
0
0
0
0
0
0
0
0
0
0
0
0
0
0
-0.63899
0
0
0
0
-0.44752
1.0865
0
0
0
0
0
0
0
0
0
0
0
0
0
0
-8.2477
0
0
0
0
0
0
0
0
0
0
0
0
-2.3717
0
0
10.6194
0
0
0
0
0
0
0
0
0
0
0
0
0
0
0
0
0
0
0
0
0
0
0
0
-7.4103
0
0
0
0
0
7.4103
0
0
0
0
0
0
0
-8.5594
0
0
0
0
0
0
0
0
0
0
0
0
0
0
0
0
0
0
0
0
0
0
8.5594
0
0
0
0
0
0
0
-7.7047
0
0
0
0
0
0
0
0
0
0
0
0
0
0
0
0
0
0
0
0
0
0
7.7047
0
0
0
0
0
0
-7.7047
0
0
0
0
0
0
0
0
0
0
0
0
0
0
0
0
0
0
0
0
0
0
0
7.7047
0
0
0
0
0
0
0
0
0
0
0
-4.5254
0
0
0
0
0
0
0
0
0
0
0
0
0
0
0
0
0
0
4.5254
0
0
0
0
0
0
0
0
0
0
0
0
0
0
0
0
0
-0.38429
0
0
0
0
0
0
0
0
0
0
0
0
0.38429
0
0
-8.5594
0
0
0
0
0
0
0
0
0
0
0
0
0
0
0
0
0
0
0
0
0
0
0
0
0
0
0
8.5594
0
0
0
0
0
0
0
0
0
0
0
0
0
0
0
0
0
-7.4103
0
0
0
0
0
0
0
0
0
0
0
0
7.4103
