9.0036
-0.4996
-0.48874
-0.5246
-0.49458
-0.51817
-0.54712
-0.5089
-0.4948
-0.4948
-0.49973
-0.74417
-0.45734
-0.42712
-0.55304
-0.55402
-0.52049
-0.67639
0
0
0
0
0
0
0
0
0
0
0
0
-0.4996
9.0036
-0.48874
-0.5246
-0.49458
-0.51817
-0.54712
-0.5089
-0.4948
-0.4948
-0.49973
-0.74417
-0.45734
-0.42712
-0.55304
-0.55402
-0.52049
-0.67639
0
0
0
0
0
0
0
0
0
0
0
0
-0.48874
-0.48874
8.1371
-0.50369
-0.47727
-0.49839
-0.52559
-0.48857
-0.47545
-0.47545
-0.47971
-0.71219
-0.43338
-0.41151
0
-0.53073
-0.5053
-0.64243
0
0
0
0
0
0
0
0
0
0
0
0
-0.5246
-0.5246
-0.50369
30.5581
-0.51058
-0.54483
-0.57098
-0.52036
-0.51203
-0.51203
-0.51512
-0.77717
0
-0.44618
0
-0.57363
0
0
0
0
0
0
0
0
0
0
0
-11.7612
0
-11.7612
-0.49458
-0.49458
-0.47727
-0.51058
7.1321
-0.5016
-0.52815
-0.49124
-0.47823
-0.47823
-0.48081
-0.72138
0
-0.41642
-0.52706
-0.532
0
0
0
0
0
0
0
0
0
0
0
0
0
0
-0.51817
-0.51817
-0.49839
-0.54483
-0.5016
16.2348
-0.5571
-0.51002
-0.49871
-0.49871
-0.49903
-0.76749
0
-0.43146
0
0
0
0
0
0
0
0
-9.8911
0
0
0
0
0
0
0
-0.54712
-0.54712
-0.52559
-0.57098
-0.52815
-0.5571
14.053
-0.56513
-0.53624
-0.53624
0
0
-0.47913
0
0
0
0
0
0
0
0
0
0
-8.6602
0
0
0
0
0
0
-0.5089
-0.5089
-0.48857
-0.52036
-0.49124
-0.51002
-0.56513
5.2395
-0.48623
-0.48623
-0.49059
0
0
0
0
0
0
0
-0.18338
0
0
0
0
0
0
0
0
0
0
0
-0.4948
-0.4948
-0.47545
-0.51203
-0.47823
-0.49871
-0.53624
-0.48623
4.8899
-0.44519
-0.46822
0
0
0
0
0
0
0
0
0
0
0
0
0
0
0
0
0
0
0
-0.4948
-0.4948
-0.47545
-0.51203
-0.47823
-0.49871
-0.53624
-0.48623
-0.44519
4.8899
-0.46822
0
0
0
0
0
0
0
0
0
0
0
0
0
0
0
0
0
0
0
-0.49973
-0.49973
-0.47971
-0.51512
-0.48081
-0.49903
0
-0.49059
-0.46822
-0.46822
4.4012
0
0
0
0
0
0
0
0
0
0
0
0
0
0
0
0
0
0
0
-0.74417
-0.74417
-0.71219
-0.77717
-0.72138
-0.76749
0
0
0
0
0
9.7366
0
0
0
0
0
0
0
0
0
0
0
0
0
0
0
0
-5.27
0
-0.45734
-0.45734
-0.43338
0
0
0
-0.47913
0
0
0
0
0
2.2898
0
0
0
0
0
-0.22947
0
0
-0.23317
0
0
0
0
0
0
0
0
-0.42712
-0.42712
-0.41151
-0.44618
-0.41642
-0.43146
0
0
0
0
0
0
0
2.5598
0
0
0
0
0
0
0
0
0
0
0
0
0
0
0
0
-0.55304
-0.55304
0
0
-0.52706
0
0
0
0
0
0
0
0
0
4.9643
0
0
-0.80319
0
-0.35556
0
0
0
0
-2.1724
0
0
0
0
0
-0.55402
-0.55402
-0.53073
-0.57363
-0.532
0
0
0
0
0
0
0
0
0
0
2.7444
0
0
0
0
0
0
0
0
0
0
0
0
0
0
-0.52049
-0.52049
-0.5053
0
0
0
0
0
0
0
0
0
0
0
0
0
1.8983
0
0
0
0
0
0
0
0
0
-0.35201
0
0
0
-0.67639
-0.67639
-0.64243
0
0
0
0
0
0
0
0
0
0
0
-0.80319
0
0
2.7984
0
0
0
0
0
0
0
0
0
0
0
0
0
0
0
0
0
0
0
-0.18338
0
0
0
0
-0.22947
0
0
0
0
0
0.51735
0
0
0
0
0
0
-0.1045
0
0
0
0
0
0
0
0
0
0
0
0
0
0
0
0
0
0
-0.35556
0
0
0
0
1.8601
-1.5046
0
0
0
0
0
0
0
0
0
0
0
0
0
0
0
0
0
0
0
0
0
0
0
0
0
0
0
0
-1.5046
3.1934
-1.6888
0
0
0
0
0
0
0
0
0
0
0
0
0
0
0
0
0
0
0
0
-0.23317
0
0
0
0
0
0
0
-1.6888
1.922
0
0
0
0
0
0
0
0
0
0
0
0
0
-9.8911
0
0
0
0
0
0
0
0
0
0
0
0
0
0
0
0
9.8911
0
0
0
0
0
0
0
0
0
0
0
0
0
-8.6602
0
0
0
0
0
0
0
0
0
0
0
0
0
0
0
0
8.6602
0
0
0
0
0
0
0
0
0
0
0
0
0
0
0
0
0
0
0
0
-2.1724
0
0
0
0
0
0
0
0
0
2.1724
0
0
0
0
0
0
0
0
0
0
0
0
0
0
0
0
0
0
0
0
0
0
0
-0.1045
0
0
0
0
0
0
0.1045
0
0
0
0
0
0
0
0
0
0
0
0
0
0
0
0
0
0
0
0
-0.35201
0
0
0
0
0
0
0
0
0
0.35201
0
0
0
0
0
0
-11.7612
0
0
0
0
0
0
0
0
0
0
0
0
0
0
0
0
0
0
0
0
0
0
0
11.7612
0
0
0
0
0
0
0
0
0
0
0
0
0
-5.27
0
0
0
0
0
0
0
0
0
0
0
0
0
0
0
0
5.27
0
0
0
0
-11.7612
0
0
0
0
0
0
0
0
0
0
0
0
0
0
0
0
0
0
0
0
0
0
0
0
0
11.7612
