17.6868
-0.55639
-0.54087
-0.52136
-0.52136
-0.5456
-0.53044
-0.53044
-0.48265
-0.54918
-0.56248
-0.58315
-0.51522
-0.51522
-0.51522
-0.61867
-0.61867
-0.65934
0
0
-0.10986
0
-8.2107
0
0
0
0
0
0
0
-0.55639
16.8422
-0.54663
-0.51325
-0.51325
-0.52359
-0.52295
-0.52295
-0.48115
-0.54691
-0.55402
-0.58148
-0.50634
-0.50634
-0.50634
-0.61002
-0.61002
-0.64767
0
0
0
-7.5929
0
0
0
0
0
0
0
0
-0.54087
-0.54663
28.7158
-0.51109
-0.51109
-0.5029
-0.51403
-0.51403
-0.44781
-0.52271
-0.54388
-0.55392
-0.50351
-0.50351
-0.50351
-0.61669
-0.61669
0
0
0
0
0
0
-10.1315
0
0
0
0
-10.1315
0
-0.52136
-0.51325
-0.51109
8.678
-0.47721
-0.49346
-0.49053
-0.49053
-0.46412
-0.51407
-0.51879
-0.54524
-0.47321
-0.47321
-0.47321
-0.56344
-0.56344
-0.59181
0
0
0
0
0
0
0
0
0
0
0
0
-0.52136
-0.51325
-0.51109
-0.47721
8.678
-0.49346
-0.49053
-0.49053
-0.46412
-0.51407
-0.51879
-0.54524
-0.47321
-0.47321
-0.47321
-0.56344
-0.56344
-0.59181
0
0
0
0
0
0
0
0
0
0
0
0
-0.5456
-0.52359
-0.5029
-0.49346
-0.49346
13.8016
-0.49194
-0.49194
-0.44285
-0.50337
-0.5187
-0.53208
-0.47826
-0.47826
-0.47826
0
0
0
0
-0.1045
0
0
0
0
0
-6.7225
0
0
0
0
-0.53044
-0.52295
-0.51403
-0.49053
-0.49053
-0.49194
7.01
-0.47515
-0.46931
-0.51779
-0.52266
-0.54787
-0.47893
-0.47893
-0.47893
0
0
0
0
0
0
0
0
0
0
0
0
0
0
0
-0.53044
-0.52295
-0.51403
-0.49053
-0.49053
-0.49194
-0.47515
7.01
-0.46931
-0.51779
-0.52266
-0.54787
-0.47893
-0.47893
-0.47893
0
0
0
0
0
0
0
0
0
0
0
0
0
0
0
-0.48265
-0.48115
-0.44781
-0.46412
-0.46412
-0.44285
-0.46931
-0.46931
19.1378
-0.46357
-0.47493
0
0
0
0
0
0
0
0
0
0
0
0
0
0
0
0
-7.239
0
-7.239
-0.54918
-0.54691
-0.52271
-0.51407
-0.51407
-0.50337
-0.51779
-0.51779
-0.46357
7.2048
-0.50107
0
0
0
0
0
0
0
0
0
0
0
0
0
-2.0543
0
0
0
0
0
-0.56248
-0.55402
-0.54388
-0.51879
-0.51879
-0.5187
-0.52266
-0.52266
-0.47493
-0.50107
5.238
0
0
0
0
0
0
0
0
0
0
0
0
0
0
0
0
0
0
0
-0.58315
-0.58148
-0.55392
-0.54524
-0.54524
-0.53208
-0.54787
-0.54787
0
0
0
4.6377
0
0
0
0
0
0
0
0
0
0
0
0
0
0
-0.20083
0
0
0
-0.51522
-0.50634
-0.50351
-0.47321
-0.47321
-0.47826
-0.47893
-0.47893
0
0
0
0
3.9076
0
0
0
0
0
0
0
0
0
0
0
0
0
0
0
0
0
-0.51522
-0.50634
-0.50351
-0.47321
-0.47321
-0.47826
-0.47893
-0.47893
0
0
0
0
0
3.9076
0
0
0
0
0
0
0
0
0
0
0
0
0
0
0
0
-0.51522
-0.50634
-0.50351
-0.47321
-0.47321
-0.47826
-0.47893
-0.47893
0
0
0
0
0
0
3.9076
0
0
0
0
0
0
0
0
0
0
0
0
0
0
0
-0.61867
-0.61002
-0.61669
-0.56344
-0.56344
0
0
0
0
0
0
0
0
0
0
2.9723
0
0
0
0
0
0
0
0
0
0
0
0
0
0
-0.61867
-0.61002
-0.61669
-0.56344
-0.56344
0
0
0
0
0
0
0
0
0
0
0
2.9723
0
0
0
0
0
0
0
0
0
0
0
0
0
-0.65934
-0.64767
0
-0.59181
-0.59181
0
0
0
0
0
0
0
0
0
0
0
0
2.4906
0
0
0
0
0
0
0
0
0
0
0
0
0
0
0
0
0
0
0
0
0
0
0
0
0
0
0
0
0
0
1.7325
-0.88554
-0.84697
0
0
0
0
0
0
0
0
0
0
0
0
0
0
-0.1045
0
0
0
0
0
0
0
0
0
0
0
0
-0.88554
0.99004
0
0
0
0
0
0
0
0
0
0
-0.10986
0
0
0
0
0
0
0
0
0
0
0
0
0
0
0
0
0
-0.84697
0
0.95683
0
0
0
0
0
0
0
0
0
0
-7.5929
0
0
0
0
0
0
0
0
0
0
0
0
0
0
0
0
0
0
0
7.5929
0
0
0
0
0
0
0
0
-8.2107
0
0
0
0
0
0
0
0
0
0
0
0
0
0
0
0
0
0
0
0
0
8.2107
0
0
0
0
0
0
0
0
0
-10.1315
0
0
0
0
0
0
0
0
0
0
0
0
0
0
0
0
0
0
0
0
10.1315
0
0
0
0
0
0
0
0
0
0
0
0
0
0
0
-2.0543
0
0
0
0
0
0
0
0
0
0
0
0
0
0
2.0543
0
0
0
0
0
0
0
0
0
0
-6.7225
0
0
0
0
0
0
0
0
0
0
0
0
0
0
0
0
0
0
0
6.7225
0
0
0
0
0
0
0
0
0
0
0
0
0
0
0
-0.20083
0
0
0
0
0
0
0
0
0
0
0
0
0
0
0.20083
0
0
0
0
0
0
0
0
0
0
0
-7.239
0
0
0
0
0
0
0
0
0
0
0
0
0
0
0
0
0
0
7.239
0
0
0
0
-10.1315
0
0
0
0
0
0
0
0
0
0
0
0
0
0
0
0
0
0
0
0
0
0
0
0
0
10.1315
0
0
0
0
0
0
0
0
0
-7.239
0
0
0
0
0
0
0
0
0
0
0
0
0
0
0
0
0
0
0
0
7.239
