23.8553
-2.5699
-1.4617
-0.99919
-1.4218
-0.10023
-0.4271
-0.46136
-0.10014
-0.45674
-0.64773
-0.17147
-0.64773
-0.66119
-0.66119
-0.5393
-0.10005
-0.92449
-0.92448
-0.96394
-1.4731
0
0
0
0
0
0
0
0
-8.1425
-2.5699
23.8554
-1.4617
-0.99917
-1.4218
-0.10023
-0.4271
-0.46135
-0.10014
-0.45674
-0.64773
-0.17149
-0.64773
-0.66119
-0.66119
-0.53931
-0.10005
-0.92447
-0.92447
-0.96396
-1.4731
0
0
0
0
-8.1426
0
0
0
0
-1.4617
-1.4617
21.0526
-0.63615
-0.9425
-0.16936
-0.45734
-0.46934
-0.10006
-0.42189
-0.63962
-0.10014
-0.63962
-0.65071
-0.65071
-0.52441
-0.10004
-0.94769
-0.94769
-0.99192
-1.5573
0
-7.1827
0
0
0
0
0
0
0
-0.99919
-0.99917
-0.63615
17.0884
-0.62494
-0.70895
-0.46304
-0.452
-0.10006
-0.35839
-0.57229
-0.10011
-0.5723
-0.58304
-0.58304
-0.4824
-0.10004
-0.92212
-0.92212
-1.0061
0
0
0
0
0
0
0
-5.903
0
0
-1.4218
-1.4218
-0.9425
-0.62494
19.41
-0.85318
-0.44925
-0.46155
-0.10009
-0.41297
-0.61208
-0.10039
-0.61208
-0.62473
-0.62473
-0.51232
-0.10005
-0.92182
-0.92183
-0.99349
0
0
0
0
-6.6985
0
0
0
0
0
-0.10023
-0.10023
-0.16936
-0.70895
-0.85318
12.8899
-0.12461
-0.26336
-0.45326
-0.39241
-0.49992
-0.55035
-0.50001
-0.53311
-0.53311
-0.42703
-0.38092
-0.92191
-0.9219
-1.2399
-3.2162
0
0
0
0
0
0
0
0
0
-0.4271
-0.4271
-0.45734
-0.46304
-0.44925
-0.12461
12.0855
-0.21881
-0.57602
-0.51952
-0.48772
-0.62808
-0.48738
-0.53425
-0.53425
-0.44242
-0.67396
-1.3489
-1.3489
-1.9369
0
0
0
0
0
0
0
0
0
0
-0.46136
-0.46135
-0.46934
-0.452
-0.46155
-0.26336
-0.21881
11.855
-0.69453
-0.67168
-0.54459
-0.69181
-0.54489
-0.60982
-0.60982
-0.56384
-0.98802
-1.5741
-1.5741
0
0
0
0
0
0
0
0
0
0
0
-0.10014
-0.10014
-0.10006
-0.10006
-0.10009
-0.45326
-0.57602
-0.69453
14.4641
-0.97119
-0.69801
-1.2788
-0.69802
-0.73986
-0.73986
-0.44443
-1.4532
0
0
0
0
0
0
-5.2164
0
0
0
0
0
0
-0.45674
-0.45674
-0.42189
-0.35839
-0.41297
-0.39241
-0.51952
-0.67168
-0.97119
10.7316
-0.60458
-0.81375
-0.60454
-0.71937
-0.71937
-0.79159
-1.8168
0
0
0
0
0
0
0
0
0
0
0
0
0
-0.64773
-0.64773
-0.63962
-0.57229
-0.61208
-0.49992
-0.48772
-0.54459
-0.69801
-0.60458
10.4578
-0.96742
-0.67668
-0.90543
-0.90543
-1.0485
0
0
0
0
0
0
0
0
0
0
0
0
0
0
-0.17147
-0.17149
-0.10014
-0.10011
-0.10039
-0.55035
-0.62808
-0.69181
-1.2788
-0.81375
-0.96742
13.6799
-0.96743
-1.0255
-1.0255
0
0
0
0
0
0
0
0
0
0
0
0
0
-5.0877
0
-0.64773
-0.64773
-0.63962
-0.5723
-0.61208
-0.50001
-0.48738
-0.54489
-0.69802
-0.60454
-0.67668
-0.96743
10.4576
-0.90534
-0.90534
-1.0485
0
0
0
0
0
0
0
0
0
0
0
0
0
0
-0.66119
-0.66119
-0.65071
-0.58304
-0.62473
-0.53311
-0.53425
-0.60982
-0.73986
-0.71937
-0.90543
-1.0255
-0.90534
9.4766
-0.32304
0
0
0
0
0
0
0
0
0
0
0
0
0
0
0
-0.66119
-0.66119
-0.65071
-0.58304
-0.62473
-0.53311
-0.53425
-0.60982
-0.73986
-0.71937
-0.90543
-1.0255
-0.90534
-0.32304
9.4766
0
0
0
0
0
0
0
0
0
0
0
0
0
0
0
-0.5393
-0.53931
-0.52441
-0.4824
-0.51232
-0.42703
-0.44242
-0.56384
-0.44443
-0.79159
-1.0485
0
-1.0485
0
0
8.9292
0
0
0
0
0
0
0
0
0
0
-1.5652
0
0
0
-0.10005
-0.10005
-0.10004
-0.10004
-0.10005
-0.38092
-0.67396
-0.98802
-1.4532
-1.8168
0
0
0
0
0
0
10.6612
0
0
0
0
-4.8479
0
0
0
0
0
0
0
0
-0.92449
-0.92447
-0.94769
-0.92212
-0.92182
-0.92191
-1.3489
-1.5741
0
0
0
0
0
0
0
0
0
8.4855
0
0
0
0
0
0
0
0
0
0
0
0
-0.92448
-0.92447
-0.94769
-0.92212
-0.92183
-0.9219
-1.3489
-1.5741
0
0
0
0
0
0
0
0
0
0
8.4855
0
0
0
0
0
0
0
0
0
0
0
-0.96394
-0.96396
-0.99192
-1.0061
-0.99349
-1.2399
-1.9369
0
0
0
0
0
0
0
0
0
0
0
0
8.0962
0
0
0
0
0
0
0
0
0
0
-1.4731
-1.4731
-1.5573
0
0
-3.2162
0
0
0
0
0
0
0
0
0
0
0
0
0
0
7.7198
0
0
0
0
0
0
0
0
0
0
0
0
0
0
0
0
0
0
0
0
0
0
0
0
0
-4.8479
0
0
0
0
4.8479
0
0
0
0
0
0
0
0
0
0
-7.1827
0
0
0
0
0
0
0
0
0
0
0
0
0
0
0
0
0
0
0
7.1827
0
0
0
0
0
0
0
0
0
0
0
0
0
0
0
-5.2164
0
0
0
0
0
0
0
0
0
0
0
0
0
0
5.2164
0
0
0
0
0
0
0
0
0
0
-6.6985
0
0
0
0
0
0
0
0
0
0
0
0
0
0
0
0
0
0
0
6.6985
0
0
0
0
0
0
-8.1426
0
0
0
0
0
0
0
0
0
0
0
0
0
0
0
0
0
0
0
0
0
0
0
8.1426
0
0
0
0
0
0
0
0
0
0
0
0
0
0
0
0
0
0
0
-1.5652
0
0
0
0
0
0
0
0
0
0
1.5652
0
0
0
0
0
0
-5.903
0
0
0
0
0
0
0
0
0
0
0
0
0
0
0
0
0
0
0
0
0
0
0
5.903
0
0
0
0
0
0
0
0
0
0
0
0
0
-5.0877
0
0
0
0
0
0
0
0
0
0
0
0
0
0
0
0
5.0877
0
-8.1425
0
0
0
0
0
0
0
0
0
0
0
0
0
0
0
0
0
0
0
0
0
0
0
0
0
0
0
0
8.1425
