21.2461
-0.50111
-0.57223
-0.53925
-0.51995
-0.51995
-0.48884
-0.49642
-0.50411
-0.58194
-0.56913
-0.51679
-0.51679
-0.48706
-0.66239
0
0
-0.62991
-0.1045
0
-1.8262
-1.8262
0
0
0
0
0
0
0
-9.3833
-0.50111
11.4848
-0.56868
-0.53798
-0.51038
-0.51038
-0.47964
-0.49927
-0.4928
-0.56319
-0.55806
-0.5056
-0.5056
-0.49468
-0.6396
0
0
-0.68238
0
0
-1.7177
-1.7177
0
0
0
0
0
0
0
0
-0.57223
-0.56868
16.4134
-0.5908
-0.56407
-0.56407
-0.52823
-0.55629
-0.54615
-0.62737
-0.63125
-0.56105
-0.56105
-0.53136
-0.71918
0
0
0
0
0
0
0
0
0
-8.2916
0
0
0
0
0
-0.53925
-0.53798
-0.5908
14.7437
-0.52662
-0.52662
-0.48885
-0.51949
-0.50718
-0.57938
-0.58435
-0.52103
-0.52103
-0.4927
0
0
0
0
0
0
0
0
0
0
0
0
0
0
-7.8084
0
-0.51995
-0.51038
-0.56407
-0.52662
7.3012
-0.4716
-0.46935
-0.51119
-0.4873
-0.55615
-0.56076
-0.50067
-0.50067
-0.49042
-0.6321
0
0
0
0
0
0
0
0
0
0
0
0
0
0
0
-0.51995
-0.51038
-0.56407
-0.52662
-0.4716
7.3012
-0.46935
-0.51119
-0.4873
-0.55615
-0.56076
-0.50067
-0.50067
-0.49042
-0.6321
0
0
0
0
0
0
0
0
0
0
0
0
0
0
0
-0.48884
-0.47964
-0.52823
-0.48885
-0.46935
-0.46935
6.2298
-0.47093
-0.44833
-0.50599
-0.51089
-0.45982
-0.45982
-0.44976
0
0
0
0
0
0
0
0
0
0
0
0
0
0
0
0
-0.49642
-0.49927
-0.55629
-0.51949
-0.51119
-0.51119
-0.47093
12.7365
-0.4585
-0.50568
0
-0.47402
-0.47402
0
0
0
-0.39368
0
0
0
0
0
0
0
0
0
0
-6.8658
0
0
-0.50411
-0.4928
-0.54615
-0.50718
-0.4873
-0.4873
-0.44833
-0.4585
5.4346
-0.51937
0
-0.49178
-0.49178
0
0
0
0
0
0
0
0
0
0
0
0
0
0
0
0
0
-0.58194
-0.56319
-0.62737
-0.57938
-0.55615
-0.55615
-0.50599
-0.50568
-0.51937
7.4208
0
0
0
0
0
-2.4256
0
0
0
0
0
0
0
0
0
0
0
0
0
0
-0.56913
-0.55806
-0.63125
-0.58435
-0.56076
-0.56076
-0.51089
0
0
0
9.7412
0
0
0
0
0
-0.43947
0
0
-5.3265
0
0
0
0
0
0
0
0
0
0
-0.51679
-0.5056
-0.56105
-0.52103
-0.50067
-0.50067
-0.45982
-0.47402
-0.49178
0
0
4.5314
0
0
0
0
0
0
0
0
0
0
0
0
0
0
0
0
0
0
-0.51679
-0.5056
-0.56105
-0.52103
-0.50067
-0.50067
-0.45982
-0.47402
-0.49178
0
0
0
4.5314
0
0
0
0
0
0
0
0
0
0
0
0
0
0
0
0
0
-0.48706
-0.49468
-0.53136
-0.4927
-0.49042
-0.49042
-0.44976
0
0
0
0
0
0
6.3156
0
0
0
0
0
0
0
0
0
0
0
0
-2.8792
0
0
0
-0.66239
-0.6396
-0.71918
0
-0.6321
-0.6321
0
0
0
0
0
0
0
0
3.2854
0
0
0
0
0
0
0
0
0
0
0
0
0
0
0
0
0
0
0
0
0
0
0
0
-2.4256
0
0
0
0
0
6.7848
0
0
-2.4939
-1.8653
0
0
0
0
0
0
0
0
0
0
0
0
0
0
0
0
0
-0.39368
0
0
-0.43947
0
0
0
0
0
1.3439
0
0
0
0
0
-0.5107
0
0
0
0
0
0
0
-0.62991
-0.68238
0
0
0
0
0
0
0
0
0
0
0
0
0
0
0
2.58
0
0
0
0
0
-1.2677
0
0
0
0
0
0
-0.1045
0
0
0
0
0
0
0
0
0
0
0
0
0
0
-2.4939
0
0
3.943
0
0
0
0
0
0
-1.3446
0
0
0
0
0
0
0
0
0
0
0
0
0
0
-5.3265
0
0
0
0
-1.8653
0
0
0
7.1918
0
0
0
0
0
0
0
0
0
0
-1.8262
-1.7177
0
0
0
0
0
0
0
0
0
0
0
0
0
0
0
0
0
0
3.544
0
0
0
0
0
0
0
0
0
-1.8262
-1.7177
0
0
0
0
0
0
0
0
0
0
0
0
0
0
0
0
0
0
0
3.544
0
0
0
0
0
0
0
0
0
0
0
0
0
0
0
0
0
0
0
0
0
0
0
0
-0.5107
0
0
0
0
0
0.5107
0
0
0
0
0
0
0
0
0
0
0
0
0
0
0
0
0
0
0
0
0
0
0
0
-1.2677
0
0
0
0
0
1.2677
0
0
0
0
0
0
0
0
-8.2916
0
0
0
0
0
0
0
0
0
0
0
0
0
0
0
0
0
0
0
0
0
8.2916
0
0
0
0
0
0
0
0
0
0
0
0
0
0
0
0
0
0
0
0
0
0
0
-1.3446
0
0
0
0
0
0
1.3446
0
0
0
0
0
0
0
0
0
0
0
0
0
0
0
0
0
-2.8792
0
0
0
0
0
0
0
0
0
0
0
0
2.8792
0
0
0
0
0
0
0
0
0
0
-6.8658
0
0
0
0
0
0
0
0
0
0
0
0
0
0
0
0
0
0
0
6.8658
0
0
0
0
0
-7.8084
0
0
0
0
0
0
0
0
0
0
0
0
0
0
0
0
0
0
0
0
0
0
0
0
7.8084
0
-9.3833
0
0
0
0
0
0
0
0
0
0
0
0
0
0
0
0
0
0
0
0
0
0
0
0
0
0
0
0
9.3833
