31.9889
-0.73321
-0.69492
-0.69492
-0.71182
-0.71182
-0.70346
-0.70666
-0.69708
-0.65127
-0.62452
-0.62452
-0.62452
-0.65586
-0.6556
-0.67256
-0.54747
0
0
0
0
0
-10.6394
0
0
-10.6394
0
0
0
0
-0.73321
20.5025
-0.68373
-0.68373
-0.71625
-0.71625
-0.69515
-0.69874
-0.69096
-0.64365
-0.61805
-0.61805
-0.61805
-0.66186
-0.65089
-0.66543
-0.56984
0
-0.82792
0
0
0
0
0
0
0
0
-9.0107
0
0
-0.69492
-0.68373
10.9111
-0.64389
-0.67722
-0.67722
-0.65536
-0.66075
-0.65495
-0.6079
-0.58542
-0.58542
-0.58542
-0.62786
-0.61806
-0.6335
-0.55877
0
-0.76071
0
0
0
0
0
0
0
0
0
0
0
-0.69492
-0.68373
-0.64389
10.9111
-0.67722
-0.67722
-0.65536
-0.66075
-0.65495
-0.6079
-0.58542
-0.58542
-0.58542
-0.62786
-0.61806
-0.6335
-0.55877
0
-0.76071
0
0
0
0
0
0
0
0
0
0
0
-0.71182
-0.71625
-0.67722
-0.67722
18.1794
-0.71059
-0.68859
-0.69283
-0.68577
-0.63801
-0.61096
-0.61096
-0.61096
-0.6562
-0.64479
-0.66215
0
0
0
0
0
0
0
0
0
0
0
0
-8.1851
0
-0.71182
-0.71625
-0.67722
-0.67722
-0.71059
18.1794
-0.68859
-0.69283
-0.68577
-0.63801
-0.61096
-0.61096
-0.61096
-0.6562
-0.64479
-0.66215
0
0
0
0
0
0
0
0
0
0
0
0
0
-8.1851
-0.70346
-0.69515
-0.65536
-0.65536
-0.68859
-0.68859
9.7948
-0.67267
-0.67038
-0.608
-0.58822
-0.58822
-0.58822
-0.64351
-0.63358
0
0
0
0
-0.71547
0
0
0
0
0
0
0
0
0
0
-0.70666
-0.69874
-0.66075
-0.66075
-0.69283
-0.69283
-0.67267
9.7834
-0.67348
-0.62204
-0.59243
-0.59243
-0.59243
-0.64247
-0.63239
-0.65056
0
0
0
0
0
0
0
0
0
0
0
0
0
0
-0.69708
-0.69096
-0.65495
-0.65495
-0.68577
-0.68577
-0.67038
-0.67348
9.4409
-0.61941
-0.58837
-0.58837
-0.58837
-0.63691
-0.62859
0
0
0
0
0
-0.37756
0
0
0
0
0
0
0
0
0
-0.65127
-0.64365
-0.6079
-0.6079
-0.63801
-0.63801
-0.608
-0.62204
-0.61941
8.4663
-0.54854
-0.54854
-0.54854
-0.53939
0
0
0
0
0
-0.64511
0
0
0
0
0
0
0
0
0
0
-0.62452
-0.61805
-0.58542
-0.58542
-0.61096
-0.61096
-0.58822
-0.59243
-0.58837
-0.54854
8.0571
-0.4925
-0.4925
-0.56298
-0.55625
0
0
0
0
0
0
0
0
0
0
0
0
0
0
0
-0.62452
-0.61805
-0.58542
-0.58542
-0.61096
-0.61096
-0.58822
-0.59243
-0.58837
-0.54854
-0.4925
8.0571
-0.4925
-0.56298
-0.55625
0
0
0
0
0
0
0
0
0
0
0
0
0
0
0
-0.62452
-0.61805
-0.58542
-0.58542
-0.61096
-0.61096
-0.58822
-0.59243
-0.58837
-0.54854
-0.4925
-0.4925
8.0571
-0.56298
-0.55625
0
0
0
0
0
0
0
0
0
0
0
0
0
0
0
-0.65586
-0.66186
-0.62786
-0.62786
-0.6562
-0.6562
-0.64351
-0.64247
-0.63691
-0.53939
-0.56298
-0.56298
-0.56298
15.1598
0
0
0
0
0
0
0
0
0
-7.1228
0
0
0
0
0
0
-0.6556
-0.65089
-0.61806
-0.61806
-0.64479
-0.64479
-0.63358
-0.63239
-0.62859
0
-0.55625
-0.55625
-0.55625
0
7.6191
0
0
-0.22363
0
0
0
0
0
0
0
0
0
0
0
0
-0.67256
-0.66543
-0.6335
-0.6335
-0.66215
-0.66215
0
-0.65056
0
0
0
0
0
0
0
4.9681
0
0
0
0
-0.38822
0
0
0
0
0
0
0
0
0
-0.54747
-0.56984
-0.55877
-0.55877
0
0
0
0
0
0
0
0
0
0
0
0
2.3394
0
0
0
0
0
0
0
0
0
-0.1045
0
0
0
0
0
0
0
0
0
0
0
0
0
0
0
0
0
-0.22363
0
0
1.4115
0
-0.79722
0
0
0
0
-0.39064
0
0
0
0
0
0
-0.82792
-0.76071
-0.76071
0
0
0
0
0
0
0
0
0
0
0
0
0
0
2.3493
0
0
0
0
0
0
0
0
0
0
0
0
0
0
0
0
0
-0.71547
0
0
-0.64511
0
0
0
0
0
0
0
-0.79722
0
2.1578
0
0
0
0
0
0
0
0
0
0
0
0
0
0
0
0
0
0
-0.37756
0
0
0
0
0
0
-0.38822
0
0
0
0
1.077
-0.31121
0
0
0
0
0
0
0
0
0
0
0
0
0
0
0
0
0
0
0
0
0
0
0
0
0
0
0
0
-0.31121
0.31121
0
0
0
0
0
0
0
0
-10.6394
0
0
0
0
0
0
0
0
0
0
0
0
0
0
0
0
0
0
0
0
0
10.6394
0
0
0
0
0
0
0
0
0
0
0
0
0
0
0
0
0
0
0
0
-7.1228
0
0
0
0
0
0
0
0
0
7.1228
0
0
0
0
0
0
0
0
0
0
0
0
0
0
0
0
0
0
0
0
0
0
0
-0.39064
0
0
0
0
0
0
0.39064
0
0
0
0
0
-10.6394
0
0
0
0
0
0
0
0
0
0
0
0
0
0
0
0
0
0
0
0
0
0
0
0
10.6394
0
0
0
0
0
0
0
0
0
0
0
0
0
0
0
0
0
0
0
0
-0.1045
0
0
0
0
0
0
0
0
0
0.1045
0
0
0
0
-9.0107
0
0
0
0
0
0
0
0
0
0
0
0
0
0
0
0
0
0
0
0
0
0
0
0
0
9.0107
0
0
0
0
0
0
-8.1851
0
0
0
0
0
0
0
0
0
0
0
0
0
0
0
0
0
0
0
0
0
0
0
8.1851
0
0
0
0
0
0
-8.1851
0
0
0
0
0
0
0
0
0
0
0
0
0
0
0
0
0
0
0
0
0
0
0
8.1851
