25.7072
-0.9165
-0.9165
-0.9165
-0.89712
-0.89712
-0.89712
-0.88682
-0.82293
-0.82293
-0.82293
-0.82293
-0.80638
-0.85655
-0.91312
-0.88212
-0.88289
-0.88289
-0.82431
-0.83108
-0.77106
-0.59521
0
-7.8422
0
0
0
0
0
0
-0.9165
17.6372
-0.89969
-0.89969
-0.88732
-0.88732
-0.88732
-0.87238
-0.81052
-0.81052
-0.81052
-0.81052
-0.79439
-0.84313
-0.90326
-0.87385
-0.86845
-0.86845
-0.81802
-0.81816
-0.75612
-0.60105
0
0
0
0
0
0
0
0
-0.9165
-0.89969
17.6372
-0.89969
-0.88732
-0.88732
-0.88732
-0.87238
-0.81052
-0.81052
-0.81052
-0.81052
-0.79439
-0.84313
-0.90326
-0.87385
-0.86845
-0.86845
-0.81802
-0.81816
-0.75612
-0.60105
0
0
0
0
0
0
0
0
-0.9165
-0.89969
-0.89969
17.6372
-0.88732
-0.88732
-0.88732
-0.87238
-0.81052
-0.81052
-0.81052
-0.81052
-0.79439
-0.84313
-0.90326
-0.87385
-0.86845
-0.86845
-0.81802
-0.81816
-0.75612
-0.60105
0
0
0
0
0
0
0
0
-0.89712
-0.88732
-0.88732
-0.88732
23.1604
-0.87359
-0.87359
-0.86278
-0.79445
-0.79445
-0.79445
-0.79445
-0.77941
-0.82701
-0.88101
-0.85249
-0.85162
-0.85162
-0.79861
-0.80308
0
0
0
0
0
0
0
0
-7.1687
0
-0.89712
-0.88732
-0.88732
-0.88732
-0.87359
23.1604
-0.87359
-0.86278
-0.79445
-0.79445
-0.79445
-0.79445
-0.77941
-0.82701
-0.88101
-0.85249
-0.85162
-0.85162
-0.79861
-0.80308
0
0
0
0
0
0
-7.1687
0
0
0
-0.89712
-0.88732
-0.88732
-0.88732
-0.87359
-0.87359
23.1604
-0.86278
-0.79445
-0.79445
-0.79445
-0.79445
-0.77941
-0.82701
-0.88101
-0.85249
-0.85162
-0.85162
-0.79861
-0.80308
0
0
0
0
-7.1687
0
0
0
0
0
-0.88682
-0.87238
-0.87238
-0.87238
-0.86278
-0.86278
-0.86278
16.5217
-0.78341
-0.78341
-0.78341
-0.78341
-0.76838
-0.81421
-0.87276
-0.84571
-0.83766
-0.83766
-0.79364
-0.79061
-0.73517
0
0
0
0
0
0
0
0
0
-0.82293
-0.81052
-0.81052
-0.81052
-0.79445
-0.79445
-0.79445
-0.78341
14.6838
-0.72466
-0.72466
-0.72466
-0.71662
-0.75684
-0.80507
-0.78224
-0.77704
-0.77704
-0.73752
-0.73618
0
0
0
0
0
0
0
0
0
0
-0.82293
-0.81052
-0.81052
-0.81052
-0.79445
-0.79445
-0.79445
-0.78341
-0.72466
14.6838
-0.72466
-0.72466
-0.71662
-0.75684
-0.80507
-0.78224
-0.77704
-0.77704
-0.73752
-0.73618
0
0
0
0
0
0
0
0
0
0
-0.82293
-0.81052
-0.81052
-0.81052
-0.79445
-0.79445
-0.79445
-0.78341
-0.72466
-0.72466
14.6838
-0.72466
-0.71662
-0.75684
-0.80507
-0.78224
-0.77704
-0.77704
-0.73752
-0.73618
0
0
0
0
0
0
0
0
0
0
-0.82293
-0.81052
-0.81052
-0.81052
-0.79445
-0.79445
-0.79445
-0.78341
-0.72466
-0.72466
-0.72466
14.6838
-0.71662
-0.75684
-0.80507
-0.78224
-0.77704
-0.77704
-0.73752
-0.73618
0
0
0
0
0
0
0
0
0
0
-0.80638
-0.79439
-0.79439
-0.79439
-0.77941
-0.77941
-0.77941
-0.76838
-0.71662
-0.71662
-0.71662
-0.71662
13.6611
-0.73656
-0.77682
-0.75663
-0.7555
-0.7555
0
-0.71751
0
0
0
0
0
0
0
0
0
0
-0.85655
-0.84313
-0.84313
-0.84313
-0.82701
-0.82701
-0.82701
-0.81421
-0.75684
-0.75684
-0.75684
-0.75684
-0.73656
12.9158
-0.82999
0
-0.82038
-0.82038
0
0
0
0
0
0
0
0
0
0
0
0
-0.91312
-0.90326
-0.90326
-0.90326
-0.88101
-0.88101
-0.88101
-0.87276
-0.80507
-0.80507
-0.80507
-0.80507
-0.77682
-0.82999
16.8117
0
0
0
0
0
0
0
0
0
0
0
0
-4.8459
0
0
-0.88212
-0.87385
-0.87385
-0.87385
-0.85249
-0.85249
-0.85249
-0.84571
-0.78224
-0.78224
-0.78224
-0.78224
-0.75663
0
0
14.9914
0
0
0
0
0
0
-4.199
0
0
0
0
0
0
0
-0.88289
-0.86845
-0.86845
-0.86845
-0.85162
-0.85162
-0.85162
-0.83766
-0.77704
-0.77704
-0.77704
-0.77704
-0.7555
-0.82038
0
0
11.5648
0
0
0
0
0
0
0
0
0
0
0
0
0
-0.88289
-0.86845
-0.86845
-0.86845
-0.85162
-0.85162
-0.85162
-0.83766
-0.77704
-0.77704
-0.77704
-0.77704
-0.7555
-0.82038
0
0
0
11.5648
0
0
0
0
0
0
0
0
0
0
0
0
-0.82431
-0.81802
-0.81802
-0.81802
-0.79861
-0.79861
-0.79861
-0.79364
-0.73752
-0.73752
-0.73752
-0.73752
0
0
0
0
0
0
12.8143
0
0
0
0
0
0
0
0
0
0
-3.3964
-0.83108
-0.81816
-0.81816
-0.81816
-0.80308
-0.80308
-0.80308
-0.79061
-0.73618
-0.73618
-0.73618
-0.73618
-0.71751
0
0
0
0
0
0
10.1477
0
0
0
0
0
0
0
0
0
0
-0.77106
-0.75612
-0.75612
-0.75612
0
0
0
-0.73517
0
0
0
0
0
0
0
0
0
0
0
0
3.7746
0
0
0
0
0
0
0
0
0
-0.59521
-0.60105
-0.60105
-0.60105
0
0
0
0
0
0
0
0
0
0
0
0
0
0
0
0
0
2.5029
0
0
0
-0.1045
0
0
0
0
0
0
0
0
0
0
0
0
0
0
0
0
0
0
0
-4.199
0
0
0
0
0
0
4.199
0
0
0
0
0
0
0
-7.8422
0
0
0
0
0
0
0
0
0
0
0
0
0
0
0
0
0
0
0
0
0
0
7.8422
0
0
0
0
0
0
0
0
0
0
0
0
-7.1687
0
0
0
0
0
0
0
0
0
0
0
0
0
0
0
0
0
7.1687
0
0
0
0
0
0
0
0
0
0
0
0
0
0
0
0
0
0
0
0
0
0
0
0
0
0
-0.1045
0
0
0
0.1045
0
0
0
0
0
0
0
0
0
-7.1687
0
0
0
0
0
0
0
0
0
0
0
0
0
0
0
0
0
0
0
0
7.1687
0
0
0
0
0
0
0
0
0
0
0
0
0
0
0
0
0
-4.8459
0
0
0
0
0
0
0
0
0
0
0
0
4.8459
0
0
0
0
0
0
-7.1687
0
0
0
0
0
0
0
0
0
0
0
0
0
0
0
0
0
0
0
0
0
0
0
7.1687
0
0
0
0
0
0
0
0
0
0
0
0
0
0
0
0
0
0
0
-3.3964
0
0
0
0
0
0
0
0
0
0
3.3964
