17.2459
-0.10013
-0.1002
-0.10034
-0.10059
-0.39436
-0.10279
-0.10024
-0.46946
-0.45919
-0.46176
-0.27261
-0.60119
-0.60049
-0.59376
-1.8816
0
0
-3.0927
-2.2014
0
-1.5981
0
-4.0151
0
0
0
0
0
0
-0.10013
11.7026
-0.11033
-0.10048
-0.10151
-0.10427
-0.19799
-0.19061
-0.43087
-0.31449
-0.3679
-0.48886
-0.41078
-0.40469
-0.32498
0
0
-1.942
-2.0834
0
-2.096
-1.9333
0
0
0
0
0
0
0
0
-0.1002
-0.11033
16.2484
-0.41226
-0.25171
-0.57863
-0.4105
-0.56905
-0.69051
-0.68876
-0.68956
-1.1151
-0.77403
-0.7751
-0.7759
-2.5971
-0.21355
0
0
0
0
0
0
0
-5.4961
0
0
0
0
0
-0.10034
-0.10048
-0.41226
11.5199
-0.38019
-0.459
-0.19037
-0.41544
-0.53305
-0.62392
-0.58486
-0.84538
-0.67249
-0.68274
-0.74806
0
0
0
-2.0406
0
0
-2.7308
0
0
0
0
0
0
0
0
-0.10059
-0.10151
-0.25171
-0.38019
10.3614
-0.49607
-0.29703
-0.4785
-0.65173
-0.67616
-0.67015
-0.85811
-0.91444
-0.92324
-0.95255
-2.6094
0
0
0
0
0
0
0
0
0
0
0
0
0
0
-0.39436
-0.10427
-0.57863
-0.459
-0.49607
9.0277
-0.50587
-0.72531
-0.30469
-0.33745
-0.32823
-0.91818
-0.80191
-0.80496
-0.87877
0
-1.39
0
0
0
0
0
0
0
0
0
0
0
0
0
-0.10279
-0.19799
-0.4105
-0.19037
-0.29703
-0.50587
9.0447
-0.10141
-0.43532
-0.53828
-0.46953
-0.80307
-0.74155
-0.71349
-0.78804
0
0
0
0
0
-2.7495
0
0
0
0
0
0
0
0
0
-0.10024
-0.19061
-0.56905
-0.41544
-0.4785
-0.72531
-0.10141
9.3534
-0.39323
-0.50834
-0.46215
-0.90664
-0.68485
-0.69467
-0.8014
0
0
-2.3216
0
0
0
0
0
0
0
0
0
0
0
0
-0.46946
-0.43087
-0.69051
-0.53305
-0.65173
-0.30469
-0.43532
-0.39323
6.4693
-0.10434
-0.10369
-0.96486
-0.58225
-0.24387
-0.5614
0
0
0
0
0
0
0
0
0
0
0
0
0
0
0
-0.45919
-0.31449
-0.68876
-0.62392
-0.67616
-0.33745
-0.53828
-0.50834
-0.10434
7.1545
-0.10474
-1.0078
-0.13023
-1.4481
-0.21276
0
0
0
0
0
0
0
0
0
0
0
0
0
0
0
-0.46176
-0.3679
-0.68956
-0.58486
-0.67015
-0.32823
-0.46953
-0.46215
-0.10369
-0.10474
6.8667
-0.99407
-1.0397
-0.13643
-0.45392
0
0
0
0
0
0
0
0
0
0
0
0
0
0
0
-0.27261
-0.48886
-1.1151
-0.84538
-0.85811
-0.91818
-0.80307
-0.90664
-0.96486
-1.0078
-0.99407
14.9663
0
0
0
0
-0.49534
0
0
0
0
0
0
0
0
0
-5.2963
0
0
0
-0.60119
-0.41078
-0.77403
-0.67249
-0.91444
-0.80191
-0.74155
-0.68485
-0.58225
-0.13023
-1.0397
0
7.4585
-0.10507
0
0
0
0
0
0
0
0
0
0
0
0
0
0
0
0
-0.60049
-0.40469
-0.7751
-0.68274
-0.92324
-0.80496
-0.71349
-0.69467
-0.24387
-1.4481
-0.13643
0
-0.10507
7.5328
0
0
0
0
0
0
0
0
0
0
0
0
0
0
0
0
-0.59376
-0.32498
-0.7759
-0.74806
-0.95255
-0.87877
-0.78804
-0.8014
-0.5614
-0.21276
-0.45392
0
0
0
7.0915
0
0
0
0
0
0
0
0
0
0
0
0
0
0
0
-1.8816
0
-2.5971
0
-2.6094
0
0
0
0
0
0
0
0
0
0
12.1996
0
0
0
0
0
0
0
0
0
0
0
-5.1115
0
0
0
0
-0.21355
0
0
-1.39
0
0
0
0
0
-0.49534
0
0
0
0
5.1989
0
0
0
0
0
-3.1
0
0
0
0
0
0
0
0
-1.942
0
0
0
0
0
-2.3216
0
0
0
0
0
0
0
0
0
8.9624
0
-3.2158
0
0
-1.483
0
0
0
0
0
0
0
-3.0927
-2.0834
0
-2.0406
0
0
0
0
0
0
0
0
0
0
0
0
0
0
12.5038
0
0
0
0
0
0
0
0
0
-5.2872
0
-2.2014
0
0
0
0
0
0
0
0
0
0
0
0
0
0
0
0
-3.2158
0
7.2222
0
0
0
-1.805
0
0
0
0
0
0
0
-2.096
0
0
0
0
-2.7495
0
0
0
0
0
0
0
0
0
0
0
0
0
8.7131
0
0
0
0
-3.8676
0
0
0
0
-1.5981
-1.9333
0
-2.7308
0
0
0
0
0
0
0
0
0
0
0
0
0
0
0
0
0
6.2622
0
0
0
0
0
0
0
0
0
0
0
0
0
0
0
0
0
0
0
0
0
0
0
0
-3.1
-1.483
0
0
0
0
8.2991
0
0
0
0
0
0
-3.7161
-4.0151
0
0
0
0
0
0
0
0
0
0
0
0
0
0
0
0
0
0
-1.805
0
0
0
5.8202
0
0
0
0
0
0
0
0
-5.4961
0
0
0
0
0
0
0
0
0
0
0
0
0
0
0
0
0
0
0
0
0
5.4961
0
0
0
0
0
0
0
0
0
0
0
0
0
0
0
0
0
0
0
0
0
0
0
0
0
-3.8676
0
0
0
0
3.8676
0
0
0
0
0
0
0
0
0
0
0
0
0
0
0
-5.2963
0
0
0
0
0
0
0
0
0
0
0
0
0
0
5.2963
0
0
0
0
0
0
0
0
0
0
0
0
0
0
0
0
0
0
-5.1115
0
0
0
0
0
0
0
0
0
0
0
5.1115
0
0
0
0
0
0
0
0
0
0
0
0
0
0
0
0
0
0
0
0
-5.2872
0
0
0
0
0
0
0
0
0
5.2872
0
0
0
0
0
0
0
0
0
0
0
0
0
0
0
0
0
0
0
0
0
0
0
-3.7161
0
0
0
0
0
0
3.7161
