19.3589
-0.61096
-0.61096
-0.55096
-0.54848
-0.54848
-0.54848
-0.56573
-0.5554
-0.56738
-0.61188
-0.57307
-0.592
-0.52844
-0.5443
0
-0.38066
0
-0.20117
0
0
0
0
0
-10.8206
0
0
0
0
0
-0.61096
12.7579
-0.53119
-0.55135
-0.53664
-0.53664
-0.53664
-0.56629
-0.54631
-0.55839
-0.6227
-0.55357
-0.56427
-0.51759
-0.53123
0
0
-0.33139
0
-2.3314
-2.3314
0
0
0
0
0
0
0
0
0
-0.61096
-0.53119
12.7579
-0.55135
-0.53664
-0.53664
-0.53664
-0.56629
-0.54631
-0.55839
-0.6227
-0.55357
-0.56427
-0.51759
-0.53123
0
0
-0.33139
0
-2.3314
-2.3314
0
0
0
0
0
0
0
0
0
-0.55096
-0.55135
-0.55135
18.6472
-0.51793
-0.51793
-0.51793
-0.53459
-0.52346
-0.53571
-0.5793
-0.52764
-0.5628
-0.49859
-0.51294
-0.69474
0
0
0
0
0
0
0
0
0
0
-10.47
0
0
0
-0.54848
-0.53664
-0.53664
-0.51793
7.3617
-0.47392
-0.47392
-0.55437
-0.51826
-0.53941
-0.58671
-0.53257
-0.54917
-0.48967
-0.50405
0
0
0
0
0
0
0
0
0
0
0
0
0
0
0
-0.54848
-0.53664
-0.53664
-0.51793
-0.47392
7.3617
-0.47392
-0.55437
-0.51826
-0.53941
-0.58671
-0.53257
-0.54917
-0.48967
-0.50405
0
0
0
0
0
0
0
0
0
0
0
0
0
0
0
-0.54848
-0.53664
-0.53664
-0.51793
-0.47392
-0.47392
7.3617
-0.55437
-0.51826
-0.53941
-0.58671
-0.53257
-0.54917
-0.48967
-0.50405
0
0
0
0
0
0
0
0
0
0
0
0
0
0
0
-0.56573
-0.56629
-0.56629
-0.53459
-0.55437
-0.55437
-0.55437
17.1455
-0.5344
-0.54565
-0.59161
-0.5415
-0.56318
-0.50486
0
0
0
0
0
0
0
0
0
-9.9683
0
0
0
0
0
0
-0.5554
-0.54631
-0.54631
-0.52346
-0.51826
-0.51826
-0.51826
-0.5344
5.4347
-0.56248
-0.61155
0
0
0
0
0
0
0
0
0
0
0
0
0
0
0
0
0
0
0
-0.56738
-0.55839
-0.55839
-0.53571
-0.53941
-0.53941
-0.53941
-0.54565
-0.56248
5.6758
0
0
0
0
0
-0.72957
0
0
0
0
0
0
0
0
0
0
0
0
0
0
-0.61188
-0.6227
-0.6227
-0.5793
-0.58671
-0.58671
-0.58671
-0.59161
-0.61155
0
13.7211
0
0
0
0
0
0
0
0
0
0
0
0
0
0
0
0
0
0
-8.3213
-0.57307
-0.55357
-0.55357
-0.52764
-0.53257
-0.53257
-0.53257
-0.5415
0
0
0
4.6016
0
0
0
0
0
0
-0.25449
0
0
0
0
0
0
0
0
0
0
0
-0.592
-0.56427
-0.56427
-0.5628
-0.54917
-0.54917
-0.54917
-0.56318
0
0
0
0
5.891
0
0
0
0
0
0
0
0
-1.397
0
0
0
0
0
0
0
0
-0.52844
-0.51759
-0.51759
-0.49859
-0.48967
-0.48967
-0.48967
-0.50486
0
0
0
0
0
4.0361
0
0
0
0
0
0
0
0
0
0
0
0
0
0
0
0
-0.5443
-0.53123
-0.53123
-0.51294
-0.50405
-0.50405
-0.50405
0
0
0
0
0
0
0
3.6318
0
0
0
0
0
0
0
0
0
0
0
0
0
0
0
0
0
0
-0.69474
0
0
0
0
0
-0.72957
0
0
0
0
0
4.9097
-0.93879
0
0
0
0
0
0
0
0
0
0
-2.5466
0
0
-0.38066
0
0
0
0
0
0
0
0
0
0
0
0
0
0
-0.93879
4.9729
0
0
0
0
-2.194
0
0
0
-1.4594
0
0
0
0
0
-0.33139
-0.33139
0
0
0
0
0
0
0
0
0
0
0
0
0
0
0.93393
0
0
0
0
-0.27116
0
0
0
0
0
0
0
-0.20117
0
0
0
0
0
0
0
0
0
0
-0.25449
0
0
0
0
0
0
0.56016
0
0
0
0
0
0
0
0
0
-0.1045
0
0
-2.3314
-2.3314
0
0
0
0
0
0
0
0
0
0
0
0
0
0
0
0
4.6628
0
0
0
0
0
0
0
0
0
0
0
-2.3314
-2.3314
0
0
0
0
0
0
0
0
0
0
0
0
0
0
0
0
0
4.6628
0
0
0
0
0
0
0
0
0
0
0
0
0
0
0
0
0
0
0
0
0
-1.397
0
0
0
-2.194
0
0
0
0
3.591
0
0
0
0
0
0
0
0
0
0
0
0
0
0
0
0
0
0
0
0
0
0
0
0
0
-0.27116
0
0
0
0
0.27116
0
0
0
0
0
0
0
0
0
0
0
0
0
0
-9.9683
0
0
0
0
0
0
0
0
0
0
0
0
0
0
0
9.9683
0
0
0
0
0
0
-10.8206
0
0
0
0
0
0
0
0
0
0
0
0
0
0
0
0
0
0
0
0
0
0
0
10.8206
0
0
0
0
0
0
0
0
0
0
0
0
0
0
0
0
0
0
0
0
0
-1.4594
0
0
0
0
0
0
0
0
1.4594
0
0
0
0
0
0
0
-10.47
0
0
0
0
0
0
0
0
0
0
0
0
0
0
0
0
0
0
0
0
0
0
10.47
0
0
0
0
0
0
0
0
0
0
0
0
0
0
0
0
0
0
-2.5466
0
0
0
0
0
0
0
0
0
0
0
2.5466
0
0
0
0
0
0
0
0
0
0
0
0
0
0
0
0
0
0
0
0
-0.1045
0
0
0
0
0
0
0
0
0
0.1045
0
0
0
0
0
0
0
0
0
0
0
-8.3213
0
0
0
0
0
0
0
0
0
0
0
0
0
0
0
0
0
0
8.3213
