24.8746
-0.72448
-0.68687
-0.68687
-0.70384
-0.70384
-0.68832
-0.69974
-0.8995
-0.96522
-0.70733
-0.70733
-0.70733
-0.82178
-0.76683
-0.59397
-0.63684
-0.64984
-1.1694
-1.1694
-0.24317
0
0
0
0
0
-9.9427
0
0
0
-0.72448
24.3752
-0.68518
-0.68518
-0.70213
-0.70213
-0.68884
-0.69858
-0.90529
-0.96921
-0.70504
-0.70504
-0.70504
-0.7979
-0.77663
-0.59198
-0.63874
-0.6471
-1.1727
-1.1727
0
0
0
0
0
0
0
-9.7013
0
0
-0.68687
-0.68518
13.8774
-0.64236
-0.66276
-0.66276
-0.6512
-0.65762
-0.85764
-0.91929
-0.66181
-0.66181
-0.66181
-0.75292
-0.7401
-0.55691
-0.61608
-0.60687
-1.0967
-1.0967
0
0
0
0
0
0
0
0
0
0
-0.68687
-0.68518
-0.64236
13.8774
-0.66276
-0.66276
-0.6512
-0.65762
-0.85764
-0.91929
-0.66181
-0.66181
-0.66181
-0.75292
-0.7401
-0.55691
-0.61608
-0.60687
-1.0967
-1.0967
0
0
0
0
0
0
0
0
0
0
-0.70384
-0.70213
-0.66276
-0.66276
11.858
-0.66157
-0.66141
-0.66591
-0.87196
-0.92964
-0.67055
-0.67055
-0.67055
-0.76911
-0.75433
-0.56315
-0.62436
-0.61345
0
0
0
0
0
0
0
0
0
0
0
0
-0.70384
-0.70213
-0.66276
-0.66276
-0.66157
11.858
-0.66141
-0.66591
-0.87196
-0.92964
-0.67055
-0.67055
-0.67055
-0.76911
-0.75433
-0.56315
-0.62436
-0.61345
0
0
0
0
0
0
0
0
0
0
0
0
-0.68832
-0.68884
-0.6512
-0.6512
-0.66141
-0.66141
18.8305
-0.64878
-0.83032
-0.88317
-0.65625
-0.65625
-0.65625
-0.74226
-0.72287
-0.55361
0
0
0
0
0
0
0
0
-8.4784
0
0
0
0
0
-0.69974
-0.69858
-0.65762
-0.65762
-0.66591
-0.66591
-0.64878
8.5036
-0.83493
-0.89682
-0.69255
-0.69255
-0.69255
0
0
0
0
0
0
0
0
0
0
0
0
0
0
0
0
0
-0.8995
-0.90529
-0.85764
-0.85764
-0.87196
-0.87196
-0.83032
-0.83493
7.5081
0
0
0
0
0
0
0
0
0
0
0
0
-0.57886
0
0
0
0
0
0
0
0
-0.96522
-0.96921
-0.91929
-0.91929
-0.92964
-0.92964
-0.88317
-0.89682
0
12.4043
0
0
0
0
0
0
0
0
0
0
0
0
0
0
0
0
0
0
0
-4.992
-0.70733
-0.70504
-0.66181
-0.66181
-0.67055
-0.67055
-0.65625
-0.69255
0
0
5.4259
0
0
0
0
0
0
0
0
0
0
0
0
0
0
0
0
0
0
0
-0.70733
-0.70504
-0.66181
-0.66181
-0.67055
-0.67055
-0.65625
-0.69255
0
0
0
5.4259
0
0
0
0
0
0
0
0
0
0
0
0
0
0
0
0
0
0
-0.70733
-0.70504
-0.66181
-0.66181
-0.67055
-0.67055
-0.65625
-0.69255
0
0
0
0
5.4259
0
0
0
0
0
0
0
0
0
0
0
0
0
0
0
0
0
-0.82178
-0.7979
-0.75292
-0.75292
-0.76911
-0.76911
-0.74226
0
0
0
0
0
0
5.7821
0
0
0
0
0
0
-0.37612
0
0
0
0
0
0
0
0
0
-0.76683
-0.77663
-0.7401
-0.7401
-0.75433
-0.75433
-0.72287
0
0
0
0
0
0
0
5.731
0
0
0
0
0
0
0
-0.47581
0
0
0
0
0
0
0
-0.59397
-0.59198
-0.55691
-0.55691
-0.56315
-0.56315
-0.55361
0
0
0
0
0
0
0
0
3.9797
0
0
0
0
0
0
0
0
0
0
0
0
0
0
-0.63684
-0.63874
-0.61608
-0.61608
-0.62436
-0.62436
0
0
0
0
0
0
0
0
0
0
5.7042
0
0
0
0
0
0
0
0
-1.9477
0
0
0
0
-0.64984
-0.6471
-0.60687
-0.60687
-0.61345
-0.61345
0
0
0
0
0
0
0
0
0
0
0
3.7376
0
0
0
0
0
0
0
0
0
0
0
0
-1.1694
-1.1727
-1.0967
-1.0967
0
0
0
0
0
0
0
0
0
0
0
0
0
0
4.5355
0
0
0
0
0
0
0
0
0
0
0
-1.1694
-1.1727
-1.0967
-1.0967
0
0
0
0
0
0
0
0
0
0
0
0
0
0
0
4.5355
0
0
0
0
0
0
0
0
0
0
-0.24317
0
0
0
0
0
0
0
0
0
0
0
0
-0.37612
0
0
0
0
0
0
0.7238
0
0
0
0
0
0
0
-0.1045
0
0
0
0
0
0
0
0
0
-0.57886
0
0
0
0
0
0
0
0
0
0
0
0
2.2626
0
-1.6837
0
0
0
0
0
0
0
0
0
0
0
0
0
0
0
0
0
0
0
0
-0.47581
0
0
0
0
0
0
0
2.1943
-1.7185
0
0
0
0
0
0
0
0
0
0
0
0
0
0
0
0
0
0
0
0
0
0
0
0
0
0
0
-1.6837
-1.7185
3.4022
0
0
0
0
0
0
0
0
0
0
0
0
-8.4784
0
0
0
0
0
0
0
0
0
0
0
0
0
0
0
0
0
8.4784
0
0
0
0
0
0
0
0
0
0
0
0
0
0
0
0
0
0
0
0
0
-1.9477
0
0
0
0
0
0
0
0
1.9477
0
0
0
0
-9.9427
0
0
0
0
0
0
0
0
0
0
0
0
0
0
0
0
0
0
0
0
0
0
0
0
0
9.9427
0
0
0
0
-9.7013
0
0
0
0
0
0
0
0
0
0
0
0
0
0
0
0
0
0
0
0
0
0
0
0
0
9.7013
0
0
0
0
0
0
0
0
0
0
0
0
0
0
0
0
0
0
0
0
0
0
-0.1045
0
0
0
0
0
0
0
0.1045
0
0
0
0
0
0
0
0
0
0
-4.992
0
0
0
0
0
0
0
0
0
0
0
0
0
0
0
0
0
0
0
4.992
