14.289
-0.60294
-0.6862
-0.66701
-0.66701
-0.66701
-0.62688
-0.51973
-0.51973
-0.51973
-0.59094
-0.63508
-0.57457
-0.65359
-0.55227
-0.55227
0
-0.47485
0
-0.50396
-2.1376
-2.1376
0
0
0
0
0
0
0
0
-0.60294
13.6966
-0.67584
-0.66609
-0.66609
-0.66609
-0.62601
-0.51572
-0.51572
-0.51572
-0.58843
-0.63477
-0.57078
-0.65028
-0.5484
-0.5484
0
-0.51129
0
0
-2.097
-2.097
0
0
0
0
0
0
0
0
-0.6862
-0.67584
20.5993
-0.7238
-0.7238
-0.7238
-0.69829
-0.57115
-0.57115
-0.57115
-0.66187
-0.68077
-0.633
-0.73534
-0.61063
-0.61063
0
0
0
-0.55067
0
0
0
0
0
-10.1712
0
0
0
0
-0.66701
-0.66609
-0.7238
19.3956
-0.71609
-0.71609
-0.69292
-0.54422
-0.54422
-0.54422
-0.63418
-0.65252
-0.60571
-0.70423
-0.58392
-0.58392
0
0
0
0
0
0
0
0
-9.8165
0
0
0
0
0
-0.66701
-0.66609
-0.7238
-0.71609
19.3956
-0.71609
-0.69292
-0.54422
-0.54422
-0.54422
-0.63418
-0.65252
-0.60571
-0.70423
-0.58392
-0.58392
0
0
0
0
0
0
0
0
0
0
0
0
-9.8165
0
-0.66701
-0.66609
-0.7238
-0.71609
-0.71609
19.3956
-0.69292
-0.54422
-0.54422
-0.54422
-0.63418
-0.65252
-0.60571
-0.70423
-0.58392
-0.58392
0
0
0
0
0
0
0
-9.8165
0
0
0
0
0
0
-0.62688
-0.62601
-0.69829
-0.69292
-0.69292
-0.69292
9.442
-0.52298
-0.52298
-0.52298
-0.61448
-0.63557
-0.58271
-0.68201
-0.5606
-0.5606
0
0
-0.20717
0
0
0
0
0
0
0
0
0
0
0
-0.51973
-0.51572
-0.57115
-0.54422
-0.54422
-0.54422
-0.52298
7.4796
-0.40576
-0.40576
-0.48723
-0.51165
-0.46815
-0.54095
-0.44891
-0.44891
0
0
0
0
0
0
0
0
0
0
0
0
0
0
-0.51973
-0.51572
-0.57115
-0.54422
-0.54422
-0.54422
-0.52298
-0.40576
7.4796
-0.40576
-0.48723
-0.51165
-0.46815
-0.54095
-0.44891
-0.44891
0
0
0
0
0
0
0
0
0
0
0
0
0
0
-0.51973
-0.51572
-0.57115
-0.54422
-0.54422
-0.54422
-0.52298
-0.40576
-0.40576
7.4796
-0.48723
-0.51165
-0.46815
-0.54095
-0.44891
-0.44891
0
0
0
0
0
0
0
0
0
0
0
0
0
0
-0.59094
-0.58843
-0.66187
-0.63418
-0.63418
-0.63418
-0.61448
-0.48723
-0.48723
-0.48723
8.2594
-0.61965
-0.51006
0
0
0
-1.3098
0
0
0
0
0
0
0
0
0
0
0
0
0
-0.63508
-0.63477
-0.68077
-0.65252
-0.65252
-0.65252
-0.63557
-0.51165
-0.51165
-0.51165
-0.61965
15.3688
-0.53429
0
0
0
0
0
0
0
0
0
0
0
0
0
-8.1362
0
0
0
-0.57457
-0.57078
-0.633
-0.60571
-0.60571
-0.60571
-0.58271
-0.46815
-0.46815
-0.46815
-0.51006
-0.53429
6.627
0
0
0
0
0
0
0
0
0
0
0
0
0
0
0
0
0
-0.65359
-0.65028
-0.73534
-0.70423
-0.70423
-0.70423
-0.68201
-0.54095
-0.54095
-0.54095
0
0
0
7.8474
0
0
-1.3906
0
0
0
0
0
0
0
0
0
0
0
0
0
-0.55227
-0.5484
-0.61063
-0.58392
-0.58392
-0.58392
-0.5606
-0.44891
-0.44891
-0.44891
0
0
0
0
5.3704
0
0
0
0
0
0
0
0
0
0
0
0
0
0
0
-0.55227
-0.5484
-0.61063
-0.58392
-0.58392
-0.58392
-0.5606
-0.44891
-0.44891
-0.44891
0
0
0
0
0
5.3704
0
0
0
0
0
0
0
0
0
0
0
0
0
0
0
0
0
0
0
0
0
0
0
0
-1.3098
0
0
-1.3906
0
0
4.2212
0
-1.5207
0
0
0
0
0
0
0
0
0
0
0
-0.47485
-0.51129
0
0
0
0
0
0
0
0
0
0
0
0
0
0
0
1.6795
0
0
0
0
0
0
0
0
0
0
0
-0.69339
0
0
0
0
0
0
-0.20717
0
0
0
0
0
0
0
0
0
-1.5207
0
2.542
0
0
0
0
0
0
0
0
-0.81408
0
0
-0.50396
0
-0.55067
0
0
0
0
0
0
0
0
0
0
0
0
0
0
0
0
1.6911
0
0
-0.63645
0
0
0
0
0
0
0
-2.1376
-2.097
0
0
0
0
0
0
0
0
0
0
0
0
0
0
0
0
0
0
4.2346
0
0
0
0
0
0
0
0
0
-2.1376
-2.097
0
0
0
0
0
0
0
0
0
0
0
0
0
0
0
0
0
0
0
4.2346
0
0
0
0
0
0
0
0
0
0
0
0
0
0
0
0
0
0
0
0
0
0
0
0
0
0
0
-0.63645
0
0
0.63645
0
0
0
0
0
0
0
0
0
0
0
0
-9.8165
0
0
0
0
0
0
0
0
0
0
0
0
0
0
0
0
0
9.8165
0
0
0
0
0
0
0
0
0
-9.8165
0
0
0
0
0
0
0
0
0
0
0
0
0
0
0
0
0
0
0
0
9.8165
0
0
0
0
0
0
0
-10.1712
0
0
0
0
0
0
0
0
0
0
0
0
0
0
0
0
0
0
0
0
0
0
10.1712
0
0
0
0
0
0
0
0
0
0
0
0
0
0
0
-8.1362
0
0
0
0
0
0
0
0
0
0
0
0
0
0
8.1362
0
0
0
0
0
0
0
0
0
0
0
0
0
0
0
0
0
0
0
0
0
-0.81408
0
0
0
0
0
0
0
0
0.81408
0
0
0
0
0
0
-9.8165
0
0
0
0
0
0
0
0
0
0
0
0
0
0
0
0
0
0
0
0
0
0
0
9.8165
0
0
0
0
0
0
0
0
0
0
0
0
0
0
0
0
0
0
-0.69339
0
0
0
0
0
0
0
0
0
0
0
0.69339
