23.9263
-1.0502
-1.0502
-1.0096
-1.0266
-1.0266
-0.9872
-0.9872
-0.9872
-0.97089
-0.97089
-0.98359
-1.005
-0.99135
-0.93129
-0.93129
-0.93129
-0.93129
-0.94331
-0.94331
-0.99099
-1.0216
-0.9098
-1.2032
-1.1424
0
0
0
0
0
-1.0502
23.9263
-1.0502
-1.0096
-1.0266
-1.0266
-0.9872
-0.9872
-0.9872
-0.97089
-0.97089
-0.98359
-1.005
-0.99135
-0.93129
-0.93129
-0.93129
-0.93129
-0.94331
-0.94331
-0.99099
-1.0216
-0.9098
-1.2032
-1.1424
0
0
0
0
0
-1.0502
-1.0502
23.9263
-1.0096
-1.0266
-1.0266
-0.9872
-0.9872
-0.9872
-0.97089
-0.97089
-0.98359
-1.005
-0.99135
-0.93129
-0.93129
-0.93129
-0.93129
-0.94331
-0.94331
-0.99099
-1.0216
-0.9098
-1.2032
-1.1424
0
0
0
0
0
-1.0096
-1.0096
-1.0096
21.8216
-0.98
-0.98
-0.94255
-0.94255
-0.94255
-0.92724
-0.92724
-0.93684
-0.95665
-0.94636
-0.89005
-0.89005
-0.89005
-0.89005
-0.90133
-0.90133
-0.94608
-0.97512
-0.86768
-1.1591
0
0
0
0
0
0
-1.0266
-1.0266
-1.0266
-0.98
26.5929
-0.97642
-0.95096
-0.95096
-0.95096
-0.93685
-0.93685
-0.93316
-0.95197
-0.95611
-0.89895
-0.89895
-0.89895
-0.89895
-0.91039
-0.91039
-0.95697
-0.98817
-0.84869
0
0
0
0
0
-5.7783
0
-1.0266
-1.0266
-1.0266
-0.98
-0.97642
26.5929
-0.95096
-0.95096
-0.95096
-0.93685
-0.93685
-0.93316
-0.95197
-0.95611
-0.89895
-0.89895
-0.89895
-0.89895
-0.91039
-0.91039
-0.95697
-0.98817
-0.84869
0
0
-5.7783
0
0
0
0
-0.9872
-0.9872
-0.9872
-0.94255
-0.95096
-0.95096
20.1721
-0.91753
-0.91753
-0.9047
-0.9047
-0.91303
-0.93135
-0.92313
-0.86873
-0.86873
-0.86873
-0.86873
-0.87964
-0.87964
-0.9229
-0.95108
-0.84583
0
0
0
0
0
0
0
-0.9872
-0.9872
-0.9872
-0.94255
-0.95096
-0.95096
-0.91753
20.1721
-0.91753
-0.9047
-0.9047
-0.91303
-0.93135
-0.92313
-0.86873
-0.86873
-0.86873
-0.86873
-0.87964
-0.87964
-0.9229
-0.95108
-0.84583
0
0
0
0
0
0
0
-0.9872
-0.9872
-0.9872
-0.94255
-0.95096
-0.95096
-0.91753
-0.91753
20.1721
-0.9047
-0.9047
-0.91303
-0.93135
-0.92313
-0.86873
-0.86873
-0.86873
-0.86873
-0.87964
-0.87964
-0.9229
-0.95108
-0.84583
0
0
0
0
0
0
0
-0.97089
-0.97089
-0.97089
-0.92724
-0.93685
-0.93685
-0.9047
-0.9047
-0.9047
19.0147
-0.88547
-0.90387
-0.91221
-0.90636
-0.85315
-0.85315
-0.85315
-0.85315
-0.86379
-0.86379
-0.90541
-0.93351
0
0
0
0
0
0
0
0
-0.97089
-0.97089
-0.97089
-0.92724
-0.93685
-0.93685
-0.9047
-0.9047
-0.9047
-0.88547
19.0147
-0.90387
-0.91221
-0.90636
-0.85315
-0.85315
-0.85315
-0.85315
-0.86379
-0.86379
-0.90541
-0.93351
0
0
0
0
0
0
0
0
-0.98359
-0.98359
-0.98359
-0.93684
-0.93316
-0.93316
-0.91303
-0.91303
-0.91303
-0.90387
-0.90387
23.3647
-0.90129
-0.91228
-0.85833
-0.85833
-0.85833
-0.85833
-0.86906
-0.86906
-0.91183
0
0
0
0
0
0
0
0
-5.1671
-1.005
-1.005
-1.005
-0.95665
-0.95197
-0.95197
-0.93135
-0.93135
-0.93135
-0.91221
-0.91221
-0.90129
22.5599
-0.93536
-0.88578
-0.88578
-0.88578
-0.88578
-0.89699
-0.89699
0
0
0
0
0
0
-4.892
0
0
0
-0.99135
-0.99135
-0.99135
-0.94636
-0.95611
-0.95611
-0.92313
-0.92313
-0.92313
-0.90636
-0.90636
-0.91228
-0.93536
18.4582
-0.87426
-0.87426
-0.87426
-0.87426
-0.88527
-0.88527
-0.92826
0
0
0
0
0
0
0
0
0
-0.93129
-0.93129
-0.93129
-0.89005
-0.89895
-0.89895
-0.86873
-0.86873
-0.86873
-0.85315
-0.85315
-0.85833
-0.88578
-0.87426
16.4495
-0.80344
-0.80344
-0.80344
-0.81325
-0.81325
0
0
0
0
0
0
0
0
0
0
-0.93129
-0.93129
-0.93129
-0.89005
-0.89895
-0.89895
-0.86873
-0.86873
-0.86873
-0.85315
-0.85315
-0.85833
-0.88578
-0.87426
-0.80344
16.4495
-0.80344
-0.80344
-0.81325
-0.81325
0
0
0
0
0
0
0
0
0
0
-0.93129
-0.93129
-0.93129
-0.89005
-0.89895
-0.89895
-0.86873
-0.86873
-0.86873
-0.85315
-0.85315
-0.85833
-0.88578
-0.87426
-0.80344
-0.80344
16.4495
-0.80344
-0.81325
-0.81325
0
0
0
0
0
0
0
0
0
0
-0.93129
-0.93129
-0.93129
-0.89005
-0.89895
-0.89895
-0.86873
-0.86873
-0.86873
-0.85315
-0.85315
-0.85833
-0.88578
-0.87426
-0.80344
-0.80344
-0.80344
16.4495
-0.81325
-0.81325
0
0
0
0
0
0
0
0
0
0
-0.94331
-0.94331
-0.94331
-0.90133
-0.91039
-0.91039
-0.87964
-0.87964
-0.87964
-0.86379
-0.86379
-0.86906
-0.89699
-0.88527
-0.81325
-0.81325
-0.81325
-0.81325
15.8229
0
0
0
0
0
0
0
0
0
0
0
-0.94331
-0.94331
-0.94331
-0.90133
-0.91039
-0.91039
-0.87964
-0.87964
-0.87964
-0.86379
-0.86379
-0.86906
-0.89699
-0.88527
-0.81325
-0.81325
-0.81325
-0.81325
0
15.8229
0
0
0
0
0
0
0
0
0
0
-0.99099
-0.99099
-0.99099
-0.94608
-0.95697
-0.95697
-0.9229
-0.9229
-0.9229
-0.90541
-0.90541
-0.91183
0
-0.92826
0
0
0
0
0
0
12.2526
0
0
0
0
0
0
0
0
0
-1.0216
-1.0216
-1.0216
-0.97512
-0.98817
-0.98817
-0.95108
-0.95108
-0.95108
-0.93351
-0.93351
0
0
0
0
0
0
0
0
0
0
10.7364
0
0
0
0
0
0
0
0
-0.9098
-0.9098
-0.9098
-0.86768
-0.84869
-0.84869
-0.84583
-0.84583
-0.84583
0
0
0
0
0
0
0
0
0
0
0
0
0
7.9364
0
0
0
0
-0.1045
0
0
-1.2032
-1.2032
-1.2032
-1.1591
0
0
0
0
0
0
0
0
0
0
0
0
0
0
0
0
0
0
0
4.7687
0
0
0
0
0
0
-1.1424
-1.1424
-1.1424
0
0
0
0
0
0
0
0
0
0
0
0
0
0
0
0
0
0
0
0
0
3.4271
0
0
0
0
0
0
0
0
0
0
-5.7783
0
0
0
0
0
0
0
0
0
0
0
0
0
0
0
0
0
0
0
5.7783
0
0
0
0
0
0
0
0
0
0
0
0
0
0
0
0
-4.892
0
0
0
0
0
0
0
0
0
0
0
0
0
4.892
0
0
0
0
0
0
0
0
0
0
0
0
0
0
0
0
0
0
0
0
0
0
0
0
0
-0.1045
0
0
0
0
0.1045
0
0
0
0
0
0
-5.7783
0
0
0
0
0
0
0
0
0
0
0
0
0
0
0
0
0
0
0
0
0
0
0
5.7783
0
0
0
0
0
0
0
0
0
0
0
0
-5.1671
0
0
0
0
0
0
0
0
0
0
0
0
0
0
0
0
0
5.1671
