26.6471
-0.93189
-0.80409
-0.80409
-0.80409
-0.80409
-0.80409
-0.80409
-0.80409
-0.68822
-0.84572
-0.81243
-0.85034
-0.86022
-0.90831
-0.87014
-0.75111
-0.78549
-0.73321
0
-1.1986
0
0
0
0
-10.7828
0
0
0
0
-0.93189
16.2478
-0.8554
-0.8554
-0.8554
-0.8554
-0.8554
-0.8554
-0.8554
-0.747
-0.91484
-0.86952
-0.904
-0.92405
-0.98882
-0.94423
-0.80606
-0.83151
-0.77412
-0.62398
0
0
0
0
0
0
0
0
0
0
-0.80409
-0.8554
13.1804
-0.68427
-0.68427
-0.68427
-0.68427
-0.68427
-0.68427
-0.63693
-0.78292
-0.74361
-0.76709
-0.7891
-0.84561
-0.79764
-0.69089
-0.70511
-0.6564
0
0
0
0
0
0
0
0
0
0
0
-0.80409
-0.8554
-0.68427
13.1804
-0.68427
-0.68427
-0.68427
-0.68427
-0.68427
-0.63693
-0.78292
-0.74361
-0.76709
-0.7891
-0.84561
-0.79764
-0.69089
-0.70511
-0.6564
0
0
0
0
0
0
0
0
0
0
0
-0.80409
-0.8554
-0.68427
-0.68427
13.1804
-0.68427
-0.68427
-0.68427
-0.68427
-0.63693
-0.78292
-0.74361
-0.76709
-0.7891
-0.84561
-0.79764
-0.69089
-0.70511
-0.6564
0
0
0
0
0
0
0
0
0
0
0
-0.80409
-0.8554
-0.68427
-0.68427
-0.68427
13.1804
-0.68427
-0.68427
-0.68427
-0.63693
-0.78292
-0.74361
-0.76709
-0.7891
-0.84561
-0.79764
-0.69089
-0.70511
-0.6564
0
0
0
0
0
0
0
0
0
0
0
-0.80409
-0.8554
-0.68427
-0.68427
-0.68427
-0.68427
13.1804
-0.68427
-0.68427
-0.63693
-0.78292
-0.74361
-0.76709
-0.7891
-0.84561
-0.79764
-0.69089
-0.70511
-0.6564
0
0
0
0
0
0
0
0
0
0
0
-0.80409
-0.8554
-0.68427
-0.68427
-0.68427
-0.68427
-0.68427
13.1804
-0.68427
-0.63693
-0.78292
-0.74361
-0.76709
-0.7891
-0.84561
-0.79764
-0.69089
-0.70511
-0.6564
0
0
0
0
0
0
0
0
0
0
0
-0.80409
-0.8554
-0.68427
-0.68427
-0.68427
-0.68427
-0.68427
-0.68427
13.1804
-0.63693
-0.78292
-0.74361
-0.76709
-0.7891
-0.84561
-0.79764
-0.69089
-0.70511
-0.6564
0
0
0
0
0
0
0
0
0
0
0
-0.68822
-0.747
-0.63693
-0.63693
-0.63693
-0.63693
-0.63693
-0.63693
-0.63693
14.2353
-0.61178
-0.58588
-0.62502
-0.62253
-0.65989
-0.63568
0
-0.57878
0
0
0
0
0
-4.0221
0
0
0
0
0
0
-0.84572
-0.91484
-0.78292
-0.78292
-0.78292
-0.78292
-0.78292
-0.78292
-0.78292
-0.61178
18.292
-0.71365
-0.82524
0
0
0
0
0
0
0
0
0
0
0
-8.9003
0
0
0
0
0
-0.81243
-0.86952
-0.74361
-0.74361
-0.74361
-0.74361
-0.74361
-0.74361
-0.74361
-0.58588
-0.71365
10.1181
-0.78681
0
0
0
0
0
0
0
-1.1446
0
0
0
0
0
0
0
0
0
-0.85034
-0.904
-0.76709
-0.76709
-0.76709
-0.76709
-0.76709
-0.76709
-0.76709
-0.62502
-0.82524
-0.78681
10.1952
-0.83418
0
0
0
0
0
0
0
0
0
0
0
0
0
0
0
0
-0.86022
-0.92405
-0.7891
-0.7891
-0.7891
-0.7891
-0.7891
-0.7891
-0.7891
-0.62253
0
0
-0.83418
9.4994
0
0
0
0
0
0
0
-0.73471
0
0
0
0
0
0
0
0
-0.90831
-0.98882
-0.84561
-0.84561
-0.84561
-0.84561
-0.84561
-0.84561
-0.84561
-0.65989
0
0
0
0
16.4972
0
0
0
0
0
0
0
0
0
0
0
0
-8.0209
0
0
-0.87014
-0.94423
-0.79764
-0.79764
-0.79764
-0.79764
-0.79764
-0.79764
-0.79764
-0.63568
0
0
0
0
0
8.6533
0
0
0
-0.61979
0
0
0
0
0
0
0
0
0
0
-0.75111
-0.80606
-0.69089
-0.69089
-0.69089
-0.69089
-0.69089
-0.69089
-0.69089
0
0
0
0
0
0
0
7.0201
0
0
0
0
-0.6267
0
0
0
0
0
0
0
0
-0.78549
-0.83151
-0.70511
-0.70511
-0.70511
-0.70511
-0.70511
-0.70511
-0.70511
-0.57878
0
0
0
0
0
0
0
7.1315
0
0
0
0
0
0
0
0
0
0
0
0
-0.73321
-0.77412
-0.6564
-0.6564
-0.6564
-0.6564
-0.6564
-0.6564
-0.6564
0
0
0
0
0
0
0
0
0
6.1021
0
0
0
0
0
0
0
0
0
0
0
0
-0.62398
0
0
0
0
0
0
0
0
0
0
0
0
0
-0.61979
0
0
0
9.9672
0
0
-5.1673
0
0
0
0
0
-3.5562
0
-1.1986
0
0
0
0
0
0
0
0
0
0
-1.1446
0
0
0
0
0
0
0
0
4.3657
0
0
0
0
0
-2.0225
0
0
0
0
0
0
0
0
0
0
0
0
0
0
0
0
-0.73471
0
0
-0.6267
0
0
0
0
2.4582
0
0
0
0
0
0
0
-1.0968
0
0
0
0
0
0
0
0
0
0
0
0
0
0
0
0
0
0
0
-5.1673
0
0
5.5361
-0.36884
0
0
0
0
0
0
0
0
0
0
0
0
0
0
0
-4.0221
0
0
0
0
0
0
0
0
0
0
0
0
-0.36884
4.3909
0
0
0
0
0
0
0
0
0
0
0
0
0
0
0
0
-8.9003
0
0
0
0
0
0
0
0
0
0
0
0
0
8.9003
0
0
0
0
0
-10.7828
0
0
0
0
0
0
0
0
0
0
0
0
0
0
0
0
0
0
0
0
0
0
0
0
10.7828
0
0
0
0
0
0
0
0
0
0
0
0
0
0
0
0
0
0
0
0
0
0
0
0
-2.0225
0
0
0
0
0
2.0225
0
0
0
0
0
0
0
0
0
0
0
0
0
0
0
0
0
-8.0209
0
0
0
0
0
0
0
0
0
0
0
0
8.0209
0
0
0
0
0
0
0
0
0
0
0
0
0
0
0
0
0
0
0
0
0
-3.5562
0
0
0
0
0
0
0
0
3.5562
0
0
0
0
0
0
0
0
0
0
0
0
0
0
0
0
0
0
0
0
0
0
-1.0968
0
0
0
0
0
0
0
1.0968
