36.2251
-0.85349
-0.82961
-0.84209
-0.85748
-0.85748
-0.86861
-0.86861
-0.86861
-0.86861
-0.86861
-0.82807
-0.82807
-0.82807
-0.82807
-0.85542
-0.85542
-1.0329
-1.0329
-0.99902
-0.79873
-0.69131
-0.69131
0
-0.26845
0
0
-8.5521
0
-8.5521
-0.85349
18.6779
-0.80758
-0.8433
-0.83277
-0.83277
-0.84371
-0.84371
-0.84371
-0.84371
-0.84371
-0.8045
-0.8045
-0.8045
-0.8045
-0.83096
-0.83096
-1.0031
-1.0031
-0.96194
-0.8476
-0.66159
-0.66159
-0.27056
0
0
0
0
0
0
-0.82961
-0.80758
17.8826
-0.82128
-0.80678
-0.80678
-0.81723
-0.81723
-0.81723
-0.81723
-0.81723
-0.7794
-0.7794
-0.7794
-0.7794
-0.80493
-0.80493
-0.97066
-0.97066
-0.9295
-0.84728
-0.63941
-0.63941
0
0
0
0
0
0
0
-0.84209
-0.8433
-0.82128
23.586
-0.88393
-0.88393
-0.85661
-0.85661
-0.85661
-0.85661
-0.85661
-0.81672
-0.81672
-0.81672
-0.81672
-0.84364
-0.84364
-1.0187
-1.0187
0
0
0
0
0
0
0
0
0
-8.0369
0
-0.85748
-0.83277
-0.80678
-0.88393
16.2739
-0.83212
-0.84325
-0.84325
-0.84325
-0.84325
-0.84325
-0.80406
-0.80406
-0.80406
-0.80406
-0.8305
-0.8305
-1.0025
-1.0025
-0.9623
0
0
0
0
0
0
0
0
0
0
-0.85748
-0.83277
-0.80678
-0.88393
-0.83212
16.2739
-0.84325
-0.84325
-0.84325
-0.84325
-0.84325
-0.80406
-0.80406
-0.80406
-0.80406
-0.8305
-0.8305
-1.0025
-1.0025
-0.9623
0
0
0
0
0
0
0
0
0
0
-0.86861
-0.84371
-0.81723
-0.85661
-0.84325
-0.84325
13.4248
-0.85369
-0.85369
-0.85369
-0.85369
-0.81395
-0.81395
-0.81395
-0.81395
-0.84077
-0.84077
0
0
0
0
0
0
0
0
0
0
0
0
0
-0.86861
-0.84371
-0.81723
-0.85661
-0.84325
-0.84325
-0.85369
13.4248
-0.85369
-0.85369
-0.85369
-0.81395
-0.81395
-0.81395
-0.81395
-0.84077
-0.84077
0
0
0
0
0
0
0
0
0
0
0
0
0
-0.86861
-0.84371
-0.81723
-0.85661
-0.84325
-0.84325
-0.85369
-0.85369
13.4248
-0.85369
-0.85369
-0.81395
-0.81395
-0.81395
-0.81395
-0.84077
-0.84077
0
0
0
0
0
0
0
0
0
0
0
0
0
-0.86861
-0.84371
-0.81723
-0.85661
-0.84325
-0.84325
-0.85369
-0.85369
-0.85369
13.4248
-0.85369
-0.81395
-0.81395
-0.81395
-0.81395
-0.84077
-0.84077
0
0
0
0
0
0
0
0
0
0
0
0
0
-0.86861
-0.84371
-0.81723
-0.85661
-0.84325
-0.84325
-0.85369
-0.85369
-0.85369
-0.85369
13.4248
-0.81395
-0.81395
-0.81395
-0.81395
-0.84077
-0.84077
0
0
0
0
0
0
0
0
0
0
0
0
0
-0.82807
-0.8045
-0.7794
-0.81672
-0.80406
-0.80406
-0.81395
-0.81395
-0.81395
-0.81395
-0.81395
11.1724
-0.75528
-0.75528
-0.75528
0
0
0
0
0
0
0
0
0
0
0
0
0
0
0
-0.82807
-0.8045
-0.7794
-0.81672
-0.80406
-0.80406
-0.81395
-0.81395
-0.81395
-0.81395
-0.81395
-0.75528
11.1724
-0.75528
-0.75528
0
0
0
0
0
0
0
0
0
0
0
0
0
0
0
-0.82807
-0.8045
-0.7794
-0.81672
-0.80406
-0.80406
-0.81395
-0.81395
-0.81395
-0.81395
-0.81395
-0.75528
-0.75528
11.1724
-0.75528
0
0
0
0
0
0
0
0
0
0
0
0
0
0
0
-0.82807
-0.8045
-0.7794
-0.81672
-0.80406
-0.80406
-0.81395
-0.81395
-0.81395
-0.81395
-0.81395
-0.75528
-0.75528
-0.75528
11.1724
0
0
0
0
0
0
0
0
0
0
0
0
0
0
0
-0.85542
-0.83096
-0.80493
-0.84364
-0.8305
-0.8305
-0.84077
-0.84077
-0.84077
-0.84077
-0.84077
0
0
0
0
9.1998
0
0
0
0
0
0
0
0
0
0
0
0
0
0
-0.85542
-0.83096
-0.80493
-0.84364
-0.8305
-0.8305
-0.84077
-0.84077
-0.84077
-0.84077
-0.84077
0
0
0
0
0
9.1998
0
0
0
0
0
0
0
0
0
0
0
0
0
-1.0329
-1.0031
-0.97066
-1.0187
-1.0025
-1.0025
0
0
0
0
0
0
0
0
0
0
0
6.0304
0
0
0
0
0
0
0
0
0
0
0
0
-1.0329
-1.0031
-0.97066
-1.0187
-1.0025
-1.0025
0
0
0
0
0
0
0
0
0
0
0
0
6.0304
0
0
0
0
0
0
0
0
0
0
0
-0.99902
-0.96194
-0.9295
0
-0.9623
-0.9623
0
0
0
0
0
0
0
0
0
0
0
0
0
4.8151
0
0
0
0
0
0
0
0
0
0
-0.79873
-0.8476
-0.84728
0
0
0
0
0
0
0
0
0
0
0
0
0
0
0
0
0
3.0796
0
0
0
0
0
-0.58602
0
0
0
-0.69131
-0.66159
-0.63941
0
0
0
0
0
0
0
0
0
0
0
0
0
0
0
0
0
0
1.9923
0
0
0
0
0
0
0
0
-0.69131
-0.66159
-0.63941
0
0
0
0
0
0
0
0
0
0
0
0
0
0
0
0
0
0
0
1.9923
0
0
0
0
0
0
0
0
-0.27056
0
0
0
0
0
0
0
0
0
0
0
0
0
0
0
0
0
0
0
0
0
3.4719
0
-3.2014
0
0
0
0
-0.26845
0
0
0
0
0
0
0
0
0
0
0
0
0
0
0
0
0
0
0
0
0
0
0
3.3978
-3.1294
0
0
0
0
0
0
0
0
0
0
0
0
0
0
0
0
0
0
0
0
0
0
0
0
0
0
0
-3.2014
-3.1294
6.3307
0
0
0
0
0
0
0
0
0
0
0
0
0
0
0
0
0
0
0
0
0
0
0
0
-0.58602
0
0
0
0
0
0.58602
0
0
0
-8.5521
0
0
0
0
0
0
0
0
0
0
0
0
0
0
0
0
0
0
0
0
0
0
0
0
0
0
8.5521
0
0
0
0
0
-8.0369
0
0
0
0
0
0
0
0
0
0
0
0
0
0
0
0
0
0
0
0
0
0
0
0
8.0369
0
-8.5521
0
0
0
0
0
0
0
0
0
0
0
0
0
0
0
0
0
0
0
0
0
0
0
0
0
0
0
0
8.5521
