12.6766
-0.86141
-0.69769
-0.69769
-0.69769
-0.69769
-0.69769
-0.77512
-0.74876
-0.71035
-0.74678
-0.74759
-0.74862
-0.78968
-0.77418
-0.75736
-0.80526
0
0
-0.723
0
0
0
0
0
0
0
0
0
0
-0.86141
14.4154
-0.71203
-0.71203
-0.71203
-0.71203
-0.71203
-0.77701
-0.75636
-0.71025
-0.73701
-0.75518
-0.76338
-0.76158
-0.78041
-0.77094
0
0
-0.37642
0
0
-2.8053
0
0
0
0
0
0
0
0
-0.69769
-0.71203
9.8397
-0.53782
-0.53782
-0.53782
-0.53782
-0.65764
-0.61591
-0.5861
-0.60221
-0.61417
-0.6229
-0.64626
-0.6564
-0.62048
-0.65655
0
0
0
0
0
0
0
0
0
0
0
0
0
-0.69769
-0.71203
-0.53782
9.8397
-0.53782
-0.53782
-0.53782
-0.65764
-0.61591
-0.5861
-0.60221
-0.61417
-0.6229
-0.64626
-0.6564
-0.62048
-0.65655
0
0
0
0
0
0
0
0
0
0
0
0
0
-0.69769
-0.71203
-0.53782
-0.53782
9.8397
-0.53782
-0.53782
-0.65764
-0.61591
-0.5861
-0.60221
-0.61417
-0.6229
-0.64626
-0.6564
-0.62048
-0.65655
0
0
0
0
0
0
0
0
0
0
0
0
0
-0.69769
-0.71203
-0.53782
-0.53782
-0.53782
9.8397
-0.53782
-0.65764
-0.61591
-0.5861
-0.60221
-0.61417
-0.6229
-0.64626
-0.6564
-0.62048
-0.65655
0
0
0
0
0
0
0
0
0
0
0
0
0
-0.69769
-0.71203
-0.53782
-0.53782
-0.53782
-0.53782
9.8397
-0.65764
-0.61591
-0.5861
-0.60221
-0.61417
-0.6229
-0.64626
-0.6564
-0.62048
-0.65655
0
0
0
0
0
0
0
0
0
0
0
0
0
-0.77512
-0.77701
-0.65764
-0.65764
-0.65764
-0.65764
-0.65764
30.668
-0.71512
-0.60983
-0.6368
-0.66423
-0.65046
0
0
0
0
0
0
0
0
0
0
0
0
0
0
-11.2756
0
-11.2756
-0.74876
-0.75636
-0.61591
-0.61591
-0.61591
-0.61591
-0.61591
-0.71512
9.1653
-0.60621
-0.62192
-0.63647
-0.64422
-0.6765
0
-0.68021
0
0
0
0
0
0
0
0
0
0
0
0
0
0
-0.71035
-0.71025
-0.5861
-0.5861
-0.5861
-0.5861
-0.5861
-0.60983
-0.60621
9.8135
-0.56802
-0.59028
-0.5815
0
0
0
0
0
0
0
0
0
0
0
-2.5065
0
0
0
0
0
-0.74678
-0.73701
-0.60221
-0.60221
-0.60221
-0.60221
-0.60221
-0.6368
-0.62192
-0.56802
7.828
-0.60714
0
0
0
0
0
-0.89928
0
0
0
0
0
0
0
0
0
0
0
0
-0.74759
-0.75518
-0.61417
-0.61417
-0.61417
-0.61417
-0.61417
-0.66423
-0.63647
-0.59028
-0.60714
7.0718
0
0
0
0
0
0
0
0
0
0
0
0
0
0
0
0
0
0
-0.74862
-0.76338
-0.6229
-0.6229
-0.6229
-0.6229
-0.6229
-0.65046
-0.64422
-0.5815
0
0
6.8719
0
0
0
0
0
-0.3692
0
0
0
0
0
0
0
0
0
0
0
-0.78968
-0.76158
-0.64626
-0.64626
-0.64626
-0.64626
-0.64626
0
-0.6765
0
0
0
0
13.2642
0
0
0
-0.92553
0
0
0
0
0
0
0
0
-6.8796
0
0
0
-0.77418
-0.78041
-0.6564
-0.6564
-0.6564
-0.6564
-0.6564
0
0
0
0
0
0
0
10.2254
0
0
0
0
0
0
0
0
0
0
0
0
0
-5.3888
0
-0.75736
-0.77094
-0.62048
-0.62048
-0.62048
-0.62048
-0.62048
0
-0.68021
0
0
0
0
0
0
5.3109
0
0
0
0
0
0
0
0
0
0
0
0
0
0
-0.80526
0
-0.65655
-0.65655
-0.65655
-0.65655
-0.65655
0
0
0
0
0
0
0
0
0
4.088
0
0
0
0
0
0
0
0
0
0
0
0
0
0
0
0
0
0
0
0
0
0
0
-0.89928
0
0
-0.92553
0
0
0
2.7047
0
0
0
0
-0.8799
0
0
0
0
0
0
0
0
-0.37642
0
0
0
0
0
0
0
0
0
0
-0.3692
0
0
0
0
0
1.0494
0
0
0
0
0
0
-0.30374
0
0
0
0
-0.723
0
0
0
0
0
0
0
0
0
0
0
0
0
0
0
0
0
0
3.706
-2.3724
0
0
-0.61062
0
0
0
0
0
0
0
0
0
0
0
0
0
0
0
0
0
0
0
0
0
0
0
0
0
-2.3724
5.4598
-1.5423
0
0
-1.5451
0
0
0
0
0
0
-2.8053
0
0
0
0
0
0
0
0
0
0
0
0
0
0
0
0
0
0
-1.5423
4.3476
0
0
0
0
0
0
0
0
0
0
0
0
0
0
0
0
0
0
0
0
0
0
0
0
0
-0.8799
0
0
0
0
4.6148
-3.7349
0
0
0
0
0
0
0
0
0
0
0
0
0
0
0
0
0
0
0
0
0
0
0
0
0
-0.61062
0
0
-3.7349
4.3455
0
0
0
0
0
0
0
0
0
0
0
0
0
0
0
-2.5065
0
0
0
0
0
0
0
0
0
0
-1.5451
0
0
0
4.0516
0
0
0
0
0
0
0
0
0
0
0
0
0
0
0
0
0
0
0
0
0
0
0
-0.30374
0
0
0
0
0
0
0.30374
0
0
0
0
0
0
0
0
0
0
0
0
0
0
0
0
0
-6.8796
0
0
0
0
0
0
0
0
0
0
0
0
6.8796
0
0
0
0
0
0
0
0
0
0
-11.2756
0
0
0
0
0
0
0
0
0
0
0
0
0
0
0
0
0
0
0
11.2756
0
0
0
0
0
0
0
0
0
0
0
0
0
0
0
0
-5.3888
0
0
0
0
0
0
0
0
0
0
0
0
0
5.3888
0
0
0
0
0
0
0
0
-11.2756
0
0
0
0
0
0
0
0
0
0
0
0
0
0
0
0
0
0
0
0
0
11.2756
