14.254
-0.58011
-0.6112
-0.57776
-0.60116
-0.57613
-0.5908
-0.5908
-0.57561
-0.59102
-0.61601
-0.57718
-1.2818
-0.93569
-0.7763
-0.71413
0
-1.534
0
-0.30542
-2.2188
0
0
0
0
0
0
0
0
0
-0.58011
11.9187
-0.62357
-0.58031
-0.61112
-0.59206
-0.5923
-0.5923
-0.59134
-0.59366
-0.61008
-0.57641
-1.3451
-0.93222
-0.82112
-0.72836
0
-1.5486
0
0
0
0
0
0
0
0
0
0
0
0
-0.6112
-0.62357
13.7094
-0.70035
-0.68566
-0.70485
-0.60019
-0.60019
-0.5885
-0.59774
-0.60816
-0.57781
-1.3125
0
-0.80756
0
0
0
0
0
0
0
0
0
0
0
0
-4.6912
0
0
-0.57776
-0.58031
-0.70035
9.5989
-0.63336
-0.5607
-0.56514
-0.56514
-0.56256
-0.56386
-0.58002
-0.54553
0
-0.88264
0
-0.69917
0
-1.5823
0
0
0
0
0
0
0
0
0
0
0
0
-0.60116
-0.61112
-0.68566
-0.63336
14.1625
-0.63037
-0.58584
-0.58584
-0.57728
-0.58405
-0.59706
-0.56489
0
-0.90914
0
0
0
0
0
0
0
-1.8553
0
0
0
0
0
0
0
-4.7415
-0.57613
-0.59206
-0.70485
-0.5607
-0.63037
10.2829
-0.56492
-0.56492
-0.55214
-0.56334
-0.57962
-0.54649
0
-0.87209
0
-0.70664
0
0
0
0
-2.2686
0
0
0
0
0
0
0
0
0
-0.5908
-0.5923
-0.60019
-0.56514
-0.58584
-0.56492
6.3586
-0.50633
-0.60415
-0.57821
-0.61209
-0.55859
0
0
0
0
0
0
0
0
0
0
0
0
0
0
0
0
0
0
-0.5908
-0.5923
-0.60019
-0.56514
-0.58584
-0.56492
-0.50633
6.3586
-0.60415
-0.57821
-0.61209
-0.55859
0
0
0
0
0
0
0
0
0
0
0
0
0
0
0
0
0
0
-0.57561
-0.59134
-0.5885
-0.56256
-0.57728
-0.55214
-0.60415
-0.60415
6.8682
-0.56072
0
0
0
0
0
0
-1.6517
0
0
0
0
0
0
0
0
0
0
0
0
0
-0.59102
-0.59366
-0.59774
-0.56386
-0.58405
-0.56334
-0.57821
-0.57821
-0.56072
5.2108
0
0
0
0
0
0
0
0
0
0
0
0
0
0
0
0
0
0
0
0
-0.61601
-0.61008
-0.60816
-0.58002
-0.59706
-0.57962
-0.61209
-0.61209
0
0
5.2345
0
0
0
0
0
0
0
0
-0.41939
0
0
0
0
0
0
0
0
0
0
-0.57718
-0.57641
-0.57781
-0.54553
-0.56489
-0.54649
-0.55859
-0.55859
0
0
0
4.5055
0
0
0
0
0
0
0
0
0
0
0
0
0
0
0
0
0
0
-1.2818
-1.3451
-1.3125
0
0
0
0
0
0
0
0
0
9.0779
0
0
0
-1.7439
0
0
0
0
0
0
0
0
-3.3946
0
0
0
0
-0.93569
-0.93222
0
-0.88264
-0.90914
-0.87209
0
0
0
0
0
0
0
4.5318
0
0
0
0
0
0
0
0
0
0
0
0
0
0
0
0
-0.7763
-0.82112
-0.80756
0
0
0
0
0
0
0
0
0
0
0
5.0935
0
0
0
-0.59097
0
0
0
-2.0975
0
0
0
0
0
0
0
-0.71413
-0.72836
0
-0.69917
0
-0.70664
0
0
0
0
0
0
0
0
0
2.8483
0
0
0
0
0
0
0
0
0
0
0
0
0
0
0
0
0
0
0
0
0
0
-1.6517
0
0
0
-1.7439
0
0
0
8.9632
0
-1.6318
0
0
0
0
0
-3.9357
0
0
0
0
0
-1.534
-1.5486
0
-1.5823
0
0
0
0
0
0
0
0
0
0
0
0
0
8.6941
0
0
0
0
0
-4.0292
0
0
0
0
0
0
0
0
0
0
0
0
0
0
0
0
0
0
0
0
-0.59097
0
-1.6318
0
2.471
0
0
0
0
0
0
0
0
0
-0.24819
0
-0.30542
0
0
0
0
0
0
0
0
0
-0.41939
0
0
0
0
0
0
0
0
0.98093
0
0
0
0
0
0
-0.25613
0
0
0
-2.2188
0
0
0
0
-2.2686
0
0
0
0
0
0
0
0
0
0
0
0
0
0
7.3038
0
0
0
-2.8164
0
0
0
0
0
0
0
0
0
-1.8553
0
0
0
0
0
0
0
0
0
0
0
0
0
0
0
0
6.1415
-2.1564
0
0
-2.1299
0
0
0
0
0
0
0
0
0
0
0
0
0
0
0
0
0
0
-2.0975
0
0
0
0
0
0
-2.1564
6.7214
-2.4675
0
0
0
0
0
0
0
0
0
0
0
0
0
0
0
0
0
0
0
0
0
0
0
-4.0292
0
0
0
0
-2.4675
6.4966
0
0
0
0
0
0
0
0
0
0
0
0
0
0
0
0
0
0
0
0
0
0
-3.9357
0
0
0
-2.8164
0
0
0
6.7521
0
0
0
0
0
0
0
0
0
0
0
0
0
0
0
0
0
-3.3946
0
0
0
0
0
0
0
0
-2.1299
0
0
0
5.5244
0
0
0
0
0
0
0
0
0
0
0
0
0
0
0
0
0
0
0
0
0
0
0
-0.25613
0
0
0
0
0
0
0.25613
0
0
0
0
0
-4.6912
0
0
0
0
0
0
0
0
0
0
0
0
0
0
0
0
0
0
0
0
0
0
0
0
4.6912
0
0
0
0
0
0
0
0
0
0
0
0
0
0
0
0
0
0
0
0
-0.24819
0
0
0
0
0
0
0
0
0
0.24819
0
0
0
0
0
-4.7415
0
0
0
0
0
0
0
0
0
0
0
0
0
0
0
0
0
0
0
0
0
0
0
0
4.7415
