14.7896
-0.5628
-0.68802
-0.61594
-0.64333
-0.6497
-0.61594
-0.52942
-0.52942
-0.5262
-0.61494
-0.57469
-0.57469
-0.61585
-0.61585
-0.52375
-0.74109
-0.31545
-2.0283
0
-1.4121
-1.4121
0
0
0
0
0
0
0
0
-0.5628
14.0236
-0.67075
-0.59783
-0.62727
-0.63455
-0.59783
-0.51256
-0.51256
-0.50932
-0.6025
-0.55598
-0.55598
-0.59585
-0.59585
-0.50506
-0.71367
0
-1.9881
0
-1.3425
-1.3425
0
0
0
0
0
0
0
0
-0.68802
-0.67075
19.0232
-0.69279
-0.69305
-0.70176
-0.69279
-0.58767
-0.58767
-0.58521
-0.60513
-0.65059
-0.65059
-0.6972
-0.6972
-0.58627
-0.87183
0
0
0
0
0
0
-8.3646
0
0
0
0
0
0
-0.61594
-0.59783
-0.69279
9.6866
-0.69374
-0.65037
-0.58841
-0.51961
-0.51961
-0.52285
-0.61066
-0.57803
-0.57803
-0.61943
-0.61943
-0.52957
-0.75033
0
0
0
0
0
0
0
0
0
0
0
0
0
-0.64333
-0.62727
-0.69305
-0.69374
16.3742
-0.6882
-0.69374
-0.55192
-0.55192
-0.53275
-0.51904
-0.59577
-0.59577
-0.63841
-0.63841
0
0
0
0
-0.26998
0
0
0
0
0
-7.4409
0
0
0
0
-0.6497
-0.63455
-0.70176
-0.65037
-0.6882
16.9233
-0.65037
-0.53476
-0.53476
-0.53843
-0.54765
-0.60117
-0.60117
-0.64419
-0.64419
-0.54621
0
0
0
0
0
0
0
0
0
0
0
0
0
-7.7558
-0.61594
-0.59783
-0.69279
-0.58841
-0.69374
-0.65037
9.6866
-0.51961
-0.51961
-0.52285
-0.61066
-0.57803
-0.57803
-0.61943
-0.61943
-0.52957
-0.75033
0
0
0
0
0
0
0
0
0
0
0
0
0
-0.52942
-0.51256
-0.58767
-0.51961
-0.55192
-0.53476
-0.51961
7.5934
-0.43363
-0.44067
-0.50113
-0.48742
-0.48742
-0.52275
-0.52275
-0.44208
0
0
0
0
0
0
0
0
0
0
0
0
0
0
-0.52942
-0.51256
-0.58767
-0.51961
-0.55192
-0.53476
-0.51961
-0.43363
7.5934
-0.44067
-0.50113
-0.48742
-0.48742
-0.52275
-0.52275
-0.44208
0
0
0
0
0
0
0
0
0
0
0
0
0
0
-0.5262
-0.50932
-0.58521
-0.52285
-0.53275
-0.53843
-0.52285
-0.44067
-0.44067
7.1166
-0.47986
-0.4868
-0.4868
-0.52208
-0.52208
0
0
0
0
0
0
0
0
0
0
0
0
0
0
0
-0.61494
-0.6025
-0.60513
-0.61066
-0.51904
-0.54765
-0.61066
-0.50113
-0.50113
-0.47986
32.6854
0
0
0
0
0
0
0
0
0
0
0
-9.0309
0
-9.0309
0
-9.0309
0
0
0
-0.57469
-0.55598
-0.65059
-0.57803
-0.59577
-0.60117
-0.57803
-0.48742
-0.48742
-0.4868
0
6.0751
-0.47921
0
0
0
0
0
0
0
0
0
0
0
0
0
0
0
0
0
-0.57469
-0.55598
-0.65059
-0.57803
-0.59577
-0.60117
-0.57803
-0.48742
-0.48742
-0.4868
0
-0.47921
6.0751
0
0
0
0
0
0
0
0
0
0
0
0
0
0
0
0
0
-0.61585
-0.59585
-0.6972
-0.61943
-0.63841
-0.64419
-0.61943
-0.52275
-0.52275
-0.52208
0
0
0
5.9979
0
0
0
0
0
0
0
0
0
0
0
0
0
0
0
0
-0.61585
-0.59585
-0.6972
-0.61943
-0.63841
-0.64419
-0.61943
-0.52275
-0.52275
-0.52208
0
0
0
0
5.9979
0
0
0
0
0
0
0
0
0
0
0
0
0
0
0
-0.52375
-0.50506
-0.58627
-0.52957
0
-0.54621
-0.52957
-0.44208
-0.44208
0
0
0
0
0
0
4.3723
0
-0.26771
0
0
0
0
0
0
0
0
0
0
0
0
-0.74109
-0.71367
-0.87183
-0.75033
0
0
-0.75033
0
0
0
0
0
0
0
0
0
3.8273
0
0
0
0
0
0
0
0
0
0
0
0
0
-0.31545
0
0
0
0
0
0
0
0
0
0
0
0
0
0
-0.26771
0
0.92706
0
0
0
0
0
0
0
0
0
-0.34389
0
0
-2.0283
-1.9881
0
0
0
0
0
0
0
0
0
0
0
0
0
0
0
0
4.7441
-0.72771
0
0
0
0
0
0
0
0
0
0
0
0
0
0
-0.26998
0
0
0
0
0
0
0
0
0
0
0
0
0
-0.72771
2.4889
0
0
0
0
0
0
0
0
-1.4912
0
-1.4121
-1.3425
0
0
0
0
0
0
0
0
0
0
0
0
0
0
0
0
0
0
2.7547
0
0
0
0
0
0
0
0
0
-1.4121
-1.3425
0
0
0
0
0
0
0
0
0
0
0
0
0
0
0
0
0
0
0
2.7547
0
0
0
0
0
0
0
0
0
0
0
0
0
0
0
0
0
0
-9.0309
0
0
0
0
0
0
0
0
0
0
0
9.0309
0
0
0
0
0
0
0
0
0
-8.3646
0
0
0
0
0
0
0
0
0
0
0
0
0
0
0
0
0
0
0
0
8.3646
0
0
0
0
0
0
0
0
0
0
0
0
0
0
0
0
-9.0309
0
0
0
0
0
0
0
0
0
0
0
0
0
9.0309
0
0
0
0
0
0
0
0
0
-7.4409
0
0
0
0
0
0
0
0
0
0
0
0
0
0
0
0
0
0
0
0
7.4409
0
0
0
0
0
0
0
0
0
0
0
0
0
0
-9.0309
0
0
0
0
0
0
0
0
0
0
0
0
0
0
0
9.0309
0
0
0
0
0
0
0
0
0
0
0
0
0
0
0
0
0
0
0
0
-0.34389
0
0
0
0
0
0
0
0
0
0.34389
0
0
0
0
0
0
0
0
0
0
0
0
0
0
0
0
0
0
0
0
0
-1.4912
0
0
0
0
0
0
0
0
1.4912
0
0
0
0
0
0
-7.7558
0
0
0
0
0
0
0
0
0
0
0
0
0
0
0
0
0
0
0
0
0
0
0
7.7558
