31.6106
-0.67491
-0.6713
-0.64319
-0.64319
-0.63066
-0.63201
-0.71997
-0.67788
-0.66265
-0.58766
-0.63237
-0.64455
-0.68078
-0.75346
-0.62495
-0.71811
-0.65969
0
0
0
0
0
0
0
-10.1766
0
0
0
-10.1766
-0.67491
18.4728
-0.68329
-0.61977
-0.61977
-0.6096
-0.61304
-0.69706
-0.65324
-0.66674
-0.5675
-0.60946
-0.62277
-0.67172
-0.73353
-0.60218
-0.6874
-0.62239
0
0
0
0
0
0
0
0
0
-7.5185
0
0
-0.6713
-0.68329
18.3596
-0.62986
-0.62986
-0.61535
-0.61401
-0.70304
-0.65761
-0.6644
-0.57153
-0.61362
-0.6273
-0.68376
-0.7375
-0.6094
-0.69696
0
-0.69842
0
0
0
0
0
-7.2524
0
0
0
0
0
-0.64319
-0.61977
-0.62986
10.1059
-0.5617
-0.55778
-0.56259
-0.63807
-0.5934
-0.624
-0.51767
-0.5537
-0.56865
-0.62481
-0.68058
-0.54946
-0.62347
-0.55724
0
0
0
0
0
0
0
0
0
0
0
0
-0.64319
-0.61977
-0.62986
-0.5617
10.1059
-0.55778
-0.56259
-0.63807
-0.5934
-0.624
-0.51767
-0.5537
-0.56865
-0.62481
-0.68058
-0.54946
-0.62347
-0.55724
0
0
0
0
0
0
0
0
0
0
0
0
-0.63066
-0.6096
-0.61535
-0.55778
-0.55778
9.3782
-0.55
-0.62707
-0.58199
-0.60958
-0.50691
-0.54367
-0.55718
-0.61066
-0.672
-0.53791
-0.61009
0
0
0
0
0
0
0
0
0
0
0
0
0
-0.63201
-0.61304
-0.61401
-0.56259
-0.56259
-0.55
8.288
-0.62322
-0.59499
-0.6149
-0.50783
-0.55336
-0.56141
0
-0.6627
-0.53088
0
0
0
-0.1045
0
0
0
0
0
0
0
0
0
0
-0.71997
-0.69706
-0.70304
-0.63807
-0.63807
-0.62707
-0.62322
8.6613
-0.73189
-0.74928
-0.56183
-0.63197
-0.63816
-0.70168
0
0
0
0
0
0
0
0
0
0
0
0
0
0
0
0
-0.67788
-0.65324
-0.65761
-0.5934
-0.5934
-0.58199
-0.59499
-0.73189
7.9564
-0.72038
-0.52402
-0.56088
-0.57992
0
0
0
0
0
0
0
-0.48679
0
0
0
0
0
0
0
0
0
-0.66265
-0.66674
-0.6644
-0.624
-0.624
-0.60958
-0.6149
-0.74928
-0.72038
12.3026
-0.54474
-0.61265
-0.61981
0
0
0
0
0
0
0
0
0
0
0
0
0
-4.5895
0
0
0
-0.58766
-0.5675
-0.57153
-0.51767
-0.51767
-0.50691
-0.50783
-0.56183
-0.52402
-0.54474
6.3783
-0.47104
-0.49991
0
0
0
0
0
0
0
0
0
0
0
0
0
0
0
0
0
-0.63237
-0.60946
-0.61362
-0.5537
-0.5537
-0.54367
-0.55336
-0.63197
-0.56088
-0.61265
-0.47104
6.7851
0
0
0
0
0
0
0
0
-0.44869
0
0
0
0
0
0
0
0
0
-0.64455
-0.62277
-0.6273
-0.56865
-0.56865
-0.55718
-0.56141
-0.63816
-0.57992
-0.61981
-0.49991
0
6.4883
0
0
0
0
0
0
0
0
0
0
0
0
0
0
0
0
0
-0.68078
-0.67172
-0.68376
-0.62481
-0.62481
-0.61066
0
-0.70168
0
0
0
0
0
8.7475
0
-0.66943
0
0
0
0
0
-3.4798
0
0
0
0
0
0
0
0
-0.75346
-0.73353
-0.7375
-0.68058
-0.68058
-0.672
-0.6627
0
0
0
0
0
0
0
5.6762
0
0
0
-0.75581
0
0
0
0
0
0
0
0
0
0
0
-0.62495
-0.60218
-0.6094
-0.54946
-0.54946
-0.53791
-0.53088
0
0
0
0
0
0
-0.66943
0
4.6737
0
0
0
0
0
0
0
0
0
0
0
0
0
0
-0.71811
-0.6874
-0.69696
-0.62347
-0.62347
-0.61009
0
0
0
0
0
0
0
0
0
0
3.9595
0
0
0
0
0
0
0
0
0
0
0
0
0
-0.65969
-0.62239
0
-0.55724
-0.55724
0
0
0
0
0
0
0
0
0
0
0
0
2.3966
0
0
0
0
0
0
0
0
0
0
0
0
0
0
-0.69842
0
0
0
0
0
0
0
0
0
0
0
-0.75581
0
0
0
9.5254
0
0
0
-4.7292
0
0
0
0
0
-3.342
0
0
0
0
0
0
0
-0.1045
0
0
0
0
0
0
0
0
0
0
0
0
0.80209
-0.41717
0
0
-0.28042
0
0
0
0
0
0
0
0
0
0
0
0
0
0
-0.48679
0
0
-0.44869
0
0
0
0
0
0
0
-0.41717
1.3527
0
0
0
0
0
0
0
0
0
0
0
0
0
0
0
0
0
0
0
0
0
0
-3.4798
0
0
0
0
0
0
0
6.6938
-3.214
0
0
0
0
0
0
0
0
0
0
0
0
0
0
0
0
0
0
0
0
0
0
0
0
0
-4.7292
0
0
-3.214
7.9432
0
0
0
0
0
0
0
0
0
0
0
0
0
0
0
0
0
0
0
0
0
0
0
0
0
0
-0.28042
0
0
0
0.28042
0
0
0
0
0
0
0
0
-7.2524
0
0
0
0
0
0
0
0
0
0
0
0
0
0
0
0
0
0
0
0
0
7.2524
0
0
0
0
0
-10.1766
0
0
0
0
0
0
0
0
0
0
0
0
0
0
0
0
0
0
0
0
0
0
0
0
10.1766
0
0
0
0
0
0
0
0
0
0
0
0
0
-4.5895
0
0
0
0
0
0
0
0
0
0
0
0
0
0
0
0
4.5895
0
0
0
0
-7.5185
0
0
0
0
0
0
0
0
0
0
0
0
0
0
0
0
0
0
0
0
0
0
0
0
0
7.5185
0
0
0
0
0
0
0
0
0
0
0
0
0
0
0
0
0
0
0
0
-3.342
0
0
0
0
0
0
0
0
0
3.342
0
-10.1766
0
0
0
0
0
0
0
0
0
0
0
0
0
0
0
0
0
0
0
0
0
0
0
0
0
0
0
0
10.1766
