15.8775
-0.87805
-0.82129
-0.87805
-0.82129
-0.77238
-0.77238
-0.75565
-0.75565
-0.75565
-0.79619
-0.81089
-0.81089
-0.81089
-0.72606
-0.72606
-0.80919
-0.77805
-0.77805
-0.8842
0
-0.73662
0
0
0
0
0
0
0
0
-0.87805
24.6153
-0.87805
-0.88846
-0.87805
-0.78502
-0.78502
-0.7719
-0.7719
-0.7719
-0.80002
-0.81516
-0.81516
-0.81516
-0.74133
-0.74133
-0.80946
-0.80009
-0.80009
-0.91997
0
0
0
0
0
0
0
0
0
-9.1492
-0.82129
-0.87805
15.8775
-0.87805
-0.82129
-0.77238
-0.77238
-0.75565
-0.75565
-0.75565
-0.79619
-0.81089
-0.81089
-0.81089
-0.72606
-0.72606
-0.80919
-0.77805
-0.77805
-0.8842
0
-0.73662
0
0
0
0
0
0
0
0
-0.87805
-0.88846
-0.87805
24.6153
-0.87805
-0.78502
-0.78502
-0.7719
-0.7719
-0.7719
-0.80002
-0.81516
-0.81516
-0.81516
-0.74133
-0.74133
-0.80946
-0.80009
-0.80009
-0.91997
0
0
0
-9.1492
0
0
0
0
0
0
-0.82129
-0.87805
-0.82129
-0.87805
15.8775
-0.77238
-0.77238
-0.75565
-0.75565
-0.75565
-0.79619
-0.81089
-0.81089
-0.81089
-0.72606
-0.72606
-0.80919
-0.77805
-0.77805
-0.8842
0
-0.73662
0
0
0
0
0
0
0
0
-0.77238
-0.78502
-0.77238
-0.78502
-0.77238
13.2711
-0.70051
-0.68863
-0.68863
-0.68863
-0.71367
-0.72683
-0.72683
-0.72683
-0.66043
-0.66043
-0.72452
-0.70985
-0.70985
0
-0.25832
0
0
0
0
0
0
0
0
0
-0.77238
-0.78502
-0.77238
-0.78502
-0.77238
-0.70051
13.2711
-0.68863
-0.68863
-0.68863
-0.71367
-0.72683
-0.72683
-0.72683
-0.66043
-0.66043
-0.72452
-0.70985
-0.70985
0
-0.25832
0
0
0
0
0
0
0
0
0
-0.75565
-0.7719
-0.75565
-0.7719
-0.75565
-0.68863
-0.68863
12.8111
-0.66632
-0.66632
-0.70813
-0.72119
-0.72119
-0.72119
-0.65112
-0.65112
-0.71911
-0.69872
-0.69872
0
0
0
0
0
0
0
0
0
0
0
-0.75565
-0.7719
-0.75565
-0.7719
-0.75565
-0.68863
-0.68863
-0.66632
12.8111
-0.66632
-0.70813
-0.72119
-0.72119
-0.72119
-0.65112
-0.65112
-0.71911
-0.69872
-0.69872
0
0
0
0
0
0
0
0
0
0
0
-0.75565
-0.7719
-0.75565
-0.7719
-0.75565
-0.68863
-0.68863
-0.66632
-0.66632
12.8111
-0.70813
-0.72119
-0.72119
-0.72119
-0.65112
-0.65112
-0.71911
-0.69872
-0.69872
0
0
0
0
0
0
0
0
0
0
0
-0.79619
-0.80002
-0.79619
-0.80002
-0.79619
-0.71367
-0.71367
-0.70813
-0.70813
-0.70813
19.4034
-0.7366
-0.7366
-0.7366
-0.6719
-0.6719
-0.7294
0
0
0
0
0
0
0
0
0
-7.5801
0
0
0
-0.81089
-0.81516
-0.81089
-0.81516
-0.81089
-0.72683
-0.72683
-0.72119
-0.72119
-0.72119
-0.7366
18.0638
-0.77206
-0.77206
-0.67479
-0.67479
0
0
0
0
0
0
0
0
0
0
0
0
-6.7533
0
-0.81089
-0.81516
-0.81089
-0.81516
-0.81089
-0.72683
-0.72683
-0.72119
-0.72119
-0.72119
-0.7366
-0.77206
18.0638
-0.77206
-0.67479
-0.67479
0
0
0
0
0
0
0
0
0
-6.7533
0
0
0
0
-0.81089
-0.81516
-0.81089
-0.81516
-0.81089
-0.72683
-0.72683
-0.72119
-0.72119
-0.72119
-0.7366
-0.77206
-0.77206
18.0638
-0.67479
-0.67479
0
0
0
0
0
0
0
0
0
0
0
-6.7533
0
0
-0.72606
-0.74133
-0.72606
-0.74133
-0.72606
-0.66043
-0.66043
-0.65112
-0.65112
-0.65112
-0.6719
-0.67479
-0.67479
-0.67479
10.2105
-0.57914
0
0
0
0
0
0
0
0
0
0
0
0
0
0
-0.72606
-0.74133
-0.72606
-0.74133
-0.72606
-0.66043
-0.66043
-0.65112
-0.65112
-0.65112
-0.6719
-0.67479
-0.67479
-0.67479
-0.57914
10.2105
0
0
0
0
0
0
0
0
0
0
0
0
0
0
-0.80919
-0.80946
-0.80919
-0.80946
-0.80919
-0.72452
-0.72452
-0.71911
-0.71911
-0.71911
-0.7294
0
0
0
0
0
11.0304
0
0
0
0
0
0
0
-2.6481
0
0
0
0
0
-0.77805
-0.80009
-0.77805
-0.80009
-0.77805
-0.70985
-0.70985
-0.69872
-0.69872
-0.69872
0
0
0
0
0
0
0
7.4502
0
0
0
0
0
0
0
0
0
0
0
0
-0.77805
-0.80009
-0.77805
-0.80009
-0.77805
-0.70985
-0.70985
-0.69872
-0.69872
-0.69872
0
0
0
0
0
0
0
0
7.4502
0
0
0
0
0
0
0
0
0
0
0
-0.8842
-0.91997
-0.8842
-0.91997
-0.8842
0
0
0
0
0
0
0
0
0
0
0
0
0
0
4.4925
0
0
0
0
0
0
0
0
0
0
0
0
0
0
0
-0.25832
-0.25832
0
0
0
0
0
0
0
0
0
0
0
0
0
0.62115
0
-0.1045
0
0
0
0
0
0
0
-0.73662
0
-0.73662
0
-0.73662
0
0
0
0
0
0
0
0
0
0
0
0
0
0
0
0
2.2098
0
0
0
0
0
0
0
0
0
0
0
0
0
0
0
0
0
0
0
0
0
0
0
0
0
0
0
0
-0.1045
0
0.1045
0
0
0
0
0
0
0
0
0
0
-9.1492
0
0
0
0
0
0
0
0
0
0
0
0
0
0
0
0
0
0
0
9.1492
0
0
0
0
0
0
0
0
0
0
0
0
0
0
0
0
0
0
0
0
0
0
-2.6481
0
0
0
0
0
0
0
2.6481
0
0
0
0
0
0
0
0
0
0
0
0
0
0
0
0
0
-6.7533
0
0
0
0
0
0
0
0
0
0
0
0
6.7533
0
0
0
0
0
0
0
0
0
0
0
0
0
0
-7.5801
0
0
0
0
0
0
0
0
0
0
0
0
0
0
0
7.5801
0
0
0
0
0
0
0
0
0
0
0
0
0
0
0
0
-6.7533
0
0
0
0
0
0
0
0
0
0
0
0
0
6.7533
0
0
0
0
0
0
0
0
0
0
0
0
0
-6.7533
0
0
0
0
0
0
0
0
0
0
0
0
0
0
0
0
6.7533
0
0
-9.1492
0
0
0
0
0
0
0
0
0
0
0
0
0
0
0
0
0
0
0
0
0
0
0
0
0
0
0
9.1492
