30.0261
-1.1872
-1.175
-1.1824
-1.0042
-1.0042
-1.0042
-1.0042
-1.0042
-1.0042
-1.0042
-1.0042
-1.0042
-1.0042
-0.83015
-0.88797
-0.83015
-0.88797
-0.86018
-0.86018
-0.98781
-0.98345
-0.59601
0
0
-8.7154
0
0
0
0
-1.1872
22.8463
-1.2554
-1.2706
-1.0768
-1.0768
-1.0768
-1.0768
-1.0768
-1.0768
-1.0768
-1.0768
-1.0768
-1.0768
-0.88934
-0.97396
-0.88934
-0.97396
-0.92353
-0.92353
-1.0616
-1.0559
-0.67416
0
0
0
0
0
0
0
-1.175
-1.2554
22.593
-1.2698
-1.0758
-1.0758
-1.0758
-1.0758
-1.0758
-1.0758
-1.0758
-1.0758
-1.0758
-1.0758
-0.88844
-0.97336
-0.88844
-0.97336
-0.92266
-0.92266
-1.0608
-1.0551
0
-0.44962
0
0
0
0
0
0
-1.1824
-1.2706
-1.2698
31.2738
-1.0958
-1.0958
-1.0958
-1.0958
-1.0958
-1.0958
-1.0958
-1.0958
-1.0958
-1.0958
-0.90587
-0.98301
-0.90587
-0.98301
-0.9409
-0.9409
-1.0819
-1.0765
0
0
0
0
0
0
-8.7755
0
-1.0042
-1.0768
-1.0758
-1.0958
18.4883
-0.8717
-0.8717
-0.8717
-0.8717
-0.8717
-0.8717
-0.8717
-0.8717
-0.8717
-0.736
-0.81544
-0.736
-0.81544
-0.76686
-0.76686
-0.88041
-0.87346
0
0
0
0
0
0
0
0
-1.0042
-1.0768
-1.0758
-1.0958
-0.8717
18.4883
-0.8717
-0.8717
-0.8717
-0.8717
-0.8717
-0.8717
-0.8717
-0.8717
-0.736
-0.81544
-0.736
-0.81544
-0.76686
-0.76686
-0.88041
-0.87346
0
0
0
0
0
0
0
0
-1.0042
-1.0768
-1.0758
-1.0958
-0.8717
-0.8717
18.4883
-0.8717
-0.8717
-0.8717
-0.8717
-0.8717
-0.8717
-0.8717
-0.736
-0.81544
-0.736
-0.81544
-0.76686
-0.76686
-0.88041
-0.87346
0
0
0
0
0
0
0
0
-1.0042
-1.0768
-1.0758
-1.0958
-0.8717
-0.8717
-0.8717
18.4883
-0.8717
-0.8717
-0.8717
-0.8717
-0.8717
-0.8717
-0.736
-0.81544
-0.736
-0.81544
-0.76686
-0.76686
-0.88041
-0.87346
0
0
0
0
0
0
0
0
-1.0042
-1.0768
-1.0758
-1.0958
-0.8717
-0.8717
-0.8717
-0.8717
18.4883
-0.8717
-0.8717
-0.8717
-0.8717
-0.8717
-0.736
-0.81544
-0.736
-0.81544
-0.76686
-0.76686
-0.88041
-0.87346
0
0
0
0
0
0
0
0
-1.0042
-1.0768
-1.0758
-1.0958
-0.8717
-0.8717
-0.8717
-0.8717
-0.8717
18.4883
-0.8717
-0.8717
-0.8717
-0.8717
-0.736
-0.81544
-0.736
-0.81544
-0.76686
-0.76686
-0.88041
-0.87346
0
0
0
0
0
0
0
0
-1.0042
-1.0768
-1.0758
-1.0958
-0.8717
-0.8717
-0.8717
-0.8717
-0.8717
-0.8717
18.4883
-0.8717
-0.8717
-0.8717
-0.736
-0.81544
-0.736
-0.81544
-0.76686
-0.76686
-0.88041
-0.87346
0
0
0
0
0
0
0
0
-1.0042
-1.0768
-1.0758
-1.0958
-0.8717
-0.8717
-0.8717
-0.8717
-0.8717
-0.8717
-0.8717
18.4883
-0.8717
-0.8717
-0.736
-0.81544
-0.736
-0.81544
-0.76686
-0.76686
-0.88041
-0.87346
0
0
0
0
0
0
0
0
-1.0042
-1.0768
-1.0758
-1.0958
-0.8717
-0.8717
-0.8717
-0.8717
-0.8717
-0.8717
-0.8717
-0.8717
18.4883
-0.8717
-0.736
-0.81544
-0.736
-0.81544
-0.76686
-0.76686
-0.88041
-0.87346
0
0
0
0
0
0
0
0
-1.0042
-1.0768
-1.0758
-1.0958
-0.8717
-0.8717
-0.8717
-0.8717
-0.8717
-0.8717
-0.8717
-0.8717
-0.8717
18.4883
-0.736
-0.81544
-0.736
-0.81544
-0.76686
-0.76686
-0.88041
-0.87346
0
0
0
0
0
0
0
0
-0.83015
-0.88934
-0.88844
-0.90587
-0.736
-0.736
-0.736
-0.736
-0.736
-0.736
-0.736
-0.736
-0.736
-0.736
14.61
-0.61816
-0.59173
-0.61816
-0.61052
-0.61052
-0.68712
0
0
0
0
0
0
0
0
0
-0.88797
-0.97396
-0.97336
-0.98301
-0.81544
-0.81544
-0.81544
-0.81544
-0.81544
-0.81544
-0.81544
-0.81544
-0.81544
-0.81544
-0.61816
23.088
-0.61816
-0.60657
-0.62767
-0.62767
0
0
0
0
-8.0171
0
0
0
0
0
-0.83015
-0.88934
-0.88844
-0.90587
-0.736
-0.736
-0.736
-0.736
-0.736
-0.736
-0.736
-0.736
-0.736
-0.736
-0.59173
-0.61816
14.61
-0.61816
-0.61052
-0.61052
-0.68712
0
0
0
0
0
0
0
0
0
-0.88797
-0.97396
-0.97336
-0.98301
-0.81544
-0.81544
-0.81544
-0.81544
-0.81544
-0.81544
-0.81544
-0.81544
-0.81544
-0.81544
-0.61816
-0.60657
-0.61816
23.088
-0.62767
-0.62767
0
0
0
0
0
0
0
-8.0171
0
0
-0.86018
-0.92353
-0.92266
-0.9409
-0.76686
-0.76686
-0.76686
-0.76686
-0.76686
-0.76686
-0.76686
-0.76686
-0.76686
-0.76686
-0.61052
-0.62767
-0.61052
-0.62767
14.4128
-0.62057
0
0
0
0
0
0
0
0
0
0
-0.86018
-0.92353
-0.92266
-0.9409
-0.76686
-0.76686
-0.76686
-0.76686
-0.76686
-0.76686
-0.76686
-0.76686
-0.76686
-0.76686
-0.61052
-0.62767
-0.61052
-0.62767
-0.62057
14.4128
0
0
0
0
0
0
0
0
0
0
-0.98781
-1.0616
-1.0608
-1.0819
-0.88041
-0.88041
-0.88041
-0.88041
-0.88041
-0.88041
-0.88041
-0.88041
-0.88041
-0.88041
-0.68712
0
-0.68712
0
0
0
14.3704
0
0
0
0
0
0
0
0
0
-0.98345
-1.0559
-1.0551
-1.0765
-0.87346
-0.87346
-0.87346
-0.87346
-0.87346
-0.87346
-0.87346
-0.87346
-0.87346
-0.87346
0
0
0
0
0
0
0
12.9056
0
0
0
0
0
0
0
0
-0.59601
-0.67416
0
0
0
0
0
0
0
0
0
0
0
0
0
0
0
0
0
0
0
0
1.8177
-0.44306
0
0
-0.1045
0
0
0
0
0
-0.44962
0
0
0
0
0
0
0
0
0
0
0
0
0
0
0
0
0
0
0
-0.44306
1.1627
0
0
0
0
0
-0.27
0
0
0
0
0
0
0
0
0
0
0
0
0
0
0
-8.0171
0
0
0
0
0
0
0
0
8.0171
0
0
0
0
0
-8.7154
0
0
0
0
0
0
0
0
0
0
0
0
0
0
0
0
0
0
0
0
0
0
0
0
8.7154
0
0
0
0
0
0
0
0
0
0
0
0
0
0
0
0
0
0
0
0
0
0
0
0
0
0
-0.1045
0
0
0
0.1045
0
0
0
0
0
0
0
0
0
0
0
0
0
0
0
0
0
0
0
0
-8.0171
0
0
0
0
0
0
0
0
0
8.0171
0
0
0
0
0
-8.7755
0
0
0
0
0
0
0
0
0
0
0
0
0
0
0
0
0
0
0
0
0
0
0
0
8.7755
0
0
0
0
0
0
0
0
0
0
0
0
0
0
0
0
0
0
0
0
0
0
0
0
-0.27
0
0
0
0
0
0.27
