12.0717
-0.4346
-0.35801
-0.1005
-0.3522
-0.31776
-0.36436
-0.75872
-0.38771
-0.33187
-0.63212
-0.21541
-0.85918
-0.81267
0
0
0
0
-2.2781
0
0
0
0
0
0
0
0
0
0
-3.8686
-0.4346
14.1744
-0.42043
-0.10004
-0.41112
-0.42046
-0.41688
-1.0958
-0.7446
-0.4111
-1.2008
-0.61414
-0.79802
-0.76689
0
-1.5576
0
0
0
0
0
0
0
0
-4.782
0
0
0
0
0
-0.35801
-0.42043
6.1368
-0.10004
-0.10001
-0.10003
-0.10002
-0.3841
-0.69401
-0.10075
-0.74356
-0.7006
-0.72649
-0.6103
-0.99845
0
0
0
0
0
0
0
0
0
0
0
0
0
0
0
-0.1005
-0.10004
-0.10004
7.1969
-0.10003
-0.37588
-0.10003
-0.6222
-0.60859
-0.60032
-0.68162
-0.5874
-0.89147
-1.2233
0
-1.1055
0
0
0
0
0
0
0
0
0
0
0
0
0
0
-0.3522
-0.41112
-0.10001
-0.10003
5.7503
-0.10002
-0.10002
-0.4028
-0.67813
-0.10019
-0.72339
-0.66243
-0.62745
-0.52963
-0.8629
0
0
0
0
0
0
0
0
0
0
0
0
0
0
0
-0.31776
-0.42046
-0.10003
-0.37588
-0.10002
7.8304
-0.74584
-0.25782
-0.68076
-0.39833
-0.74223
-0.7851
-0.93505
-0.68148
-1.2896
0
0
0
0
0
0
0
0
0
0
0
0
0
0
0
-0.36436
-0.41688
-0.10002
-0.10003
-0.10002
-0.74584
7.0042
-0.41697
-0.72066
-0.11836
-0.7718
-0.71851
-0.72647
-0.70574
-0.99853
0
0
0
0
0
0
0
0
0
0
0
0
0
0
0
-0.75872
-1.0958
-0.3841
-0.6222
-0.4028
-0.25782
-0.41697
8.5727
-0.6158
-0.57772
-0.82762
0
0
0
0
0
0
0
0
-2.6131
0
0
0
0
0
0
0
0
0
0
-0.38771
-0.7446
-0.69401
-0.60859
-0.67813
-0.68076
-0.72066
-0.6158
9.533
0
0
0
0
0
0
-0.97461
0
0
0
0
0
0
0
0
0
0
0
-3.4281
0
0
-0.33187
-0.4111
-0.10075
-0.60032
-0.10019
-0.39833
-0.11836
-0.57772
0
4.1614
0
0
0
0
0
0
0
-1.5227
0
0
0
0
0
0
0
0
0
0
0
0
-0.63212
-1.2008
-0.74356
-0.68162
-0.72339
-0.74223
-0.7718
-0.82762
0
0
9.9577
0
0
0
0
0
0
0
0
0
0
0
0
0
0
-3.6345
0
0
0
0
-0.21541
-0.61414
-0.7006
-0.5874
-0.66243
-0.7851
-0.71851
0
0
0
0
12.5416
0
0
0
0
0
0
0
0
0
0
0
0
0
0
-4.129
0
-4.129
0
-0.85918
-0.79802
-0.72649
-0.89147
-0.62745
-0.93505
-0.72647
0
0
0
0
0
5.5641
0
0
0
0
0
0
0
0
0
0
0
0
0
0
0
0
0
-0.81267
-0.76689
-0.6103
-1.2233
-0.52963
-0.68148
-0.70574
0
0
0
0
0
0
5.33
0
0
0
0
0
0
0
0
0
0
0
0
0
0
0
0
0
0
-0.99845
0
-0.8629
-1.2896
-0.99853
0
0
0
0
0
0
0
5.9035
0
-1.4356
-0.31844
0
0
0
0
0
0
0
0
0
0
0
0
0
-1.5576
0
-1.1055
0
0
0
0
-0.97461
0
0
0
0
0
0
9.7008
-2.3846
0
0
0
0
0
0
-3.6786
0
0
0
0
0
0
0
0
0
0
0
0
0
0
0
0
0
0
0
0
-1.4356
-2.3846
8.6799
0
0
-2.5373
-2.3225
0
0
0
0
0
0
0
0
0
0
0
0
0
0
0
0
0
0
-1.5227
0
0
0
0
-0.31844
0
0
4.4504
0
0
0
0
-2.6092
0
0
0
0
0
0
0
-2.2781
0
0
0
0
0
0
0
0
0
0
0
0
0
0
0
0
0
5.1845
0
0
-2.9064
0
0
0
0
0
0
0
0
0
0
0
0
0
0
0
-2.6131
0
0
0
0
0
0
0
0
-2.5373
0
0
5.1504
0
0
0
0
0
0
0
0
0
0
0
0
0
0
0
0
0
0
0
0
0
0
0
0
0
0
-2.3225
0
0
0
5.1312
-2.8087
0
0
0
0
0
0
0
0
0
0
0
0
0
0
0
0
0
0
0
0
0
0
0
0
0
0
-2.9064
0
-2.8087
5.7151
0
0
0
0
0
0
0
0
0
0
0
0
0
0
0
0
0
0
0
0
0
0
0
0
0
-2.6092
0
0
0
0
2.6092
0
0
0
0
0
0
0
0
0
0
0
0
0
0
0
0
0
0
0
0
0
0
-3.6786
0
0
0
0
0
0
0
3.6786
0
0
0
0
0
0
0
-4.782
0
0
0
0
0
0
0
0
0
0
0
0
0
0
0
0
0
0
0
0
0
0
4.782
0
0
0
0
0
0
0
0
0
0
0
0
0
0
0
-3.6345
0
0
0
0
0
0
0
0
0
0
0
0
0
0
3.6345
0
0
0
0
0
0
0
0
0
0
0
0
0
0
0
-4.129
0
0
0
0
0
0
0
0
0
0
0
0
0
0
4.129
0
0
0
0
0
0
0
0
0
0
0
-3.4281
0
0
0
0
0
0
0
0
0
0
0
0
0
0
0
0
0
0
3.4281
0
0
0
0
0
0
0
0
0
0
0
0
0
-4.129
0
0
0
0
0
0
0
0
0
0
0
0
0
0
0
0
4.129
0
-3.8686
0
0
0
0
0
0
0
0
0
0
0
0
0
0
0
0
0
0
0
0
0
0
0
0
0
0
0
0
3.8686
