23.034
-0.66492
-0.63342
-0.58588
-0.64482
-0.59336
-0.58959
-0.66309
-0.62892
-0.67304
-0.7509
-0.76079
-0.69159
-0.69159
-0.69159
-0.45912
-0.49179
-0.53683
0
0
0
0
0
0
0
0
0
0
0
-12.2828
-0.66492
23.034
-0.63342
-0.58588
-0.64482
-0.59336
-0.58959
-0.66309
-0.62892
-0.67304
-0.7509
-0.76079
-0.69159
-0.69159
-0.69159
-0.45912
-0.49179
-0.53683
0
0
0
0
0
-12.2828
0
0
0
0
0
0
-0.63342
-0.63342
11.504
-0.56701
-0.60876
-0.57106
-0.57275
-0.63858
-0.61185
-0.64774
-0.70526
-0.73102
-0.66544
-0.66544
-0.66544
-0.48715
-0.47334
-0.51354
0
0
-1.1128
0
0
0
0
0
0
0
0
0
-0.58588
-0.58588
-0.56701
9.7137
-0.56856
-0.53299
-0.53229
-0.5941
-0.56887
-0.60265
-0.66755
-0.67765
-0.61794
-0.61794
-0.61794
-0.44073
-0.44169
-0.49403
0
0
0
0
0
0
0
0
0
0
0
0
-0.64482
-0.64482
-0.60876
-0.56856
20.3921
-0.57957
-0.57631
-0.64598
-0.6137
-0.65474
-0.7561
-0.7398
-0.67394
-0.67394
-0.67394
0
-0.47982
0
0
0
0
0
0
0
0
0
0
-10.8573
0
0
-0.59336
-0.59336
-0.57106
-0.53299
-0.57957
8.8186
-0.54776
-0.59146
-0.5672
-0.59895
-0.68307
-0.67361
-0.61524
-0.61524
-0.61524
0
-0.44054
0
0
0
0
0
0
0
0
0
0
0
0
0
-0.58959
-0.58959
-0.57275
-0.53229
-0.57631
-0.54776
10.0308
-0.59306
-0.57095
-0.60012
-0.65887
-0.67524
-0.61764
-0.61764
-0.61764
0
0
0
0
0
0
0
-1.6713
0
0
0
0
0
0
0
-0.66309
-0.66309
-0.63858
-0.5941
-0.64598
-0.59146
-0.59306
6.3957
-0.66291
-0.60325
0
-0.74022
0
0
0
0
0
0
0
0
0
0
0
0
0
0
0
0
0
0
-0.62892
-0.62892
-0.61185
-0.56887
-0.6137
-0.5672
-0.57095
-0.66291
5.5726
-0.54455
0
0
0
0
0
0
0
0
-0.17472
0
0
0
0
0
0
0
0
0
0
0
-0.67304
-0.67304
-0.64774
-0.60265
-0.65474
-0.59895
-0.60012
-0.60325
-0.54455
5.5981
0
0
0
0
0
0
0
0
0
0
0
0
0
0
0
0
0
0
0
0
-0.7509
-0.7509
-0.70526
-0.66755
-0.7561
-0.68307
-0.65887
0
0
0
10.2887
0
0
0
0
0
0
0
0
0
0
0
0
0
0
-5.3161
0
0
0
0
-0.76079
-0.76079
-0.73102
-0.67765
-0.7398
-0.67361
-0.67524
-0.74022
0
0
0
5.7591
0
0
0
0
0
0
0
0
0
0
0
0
0
0
0
0
0
0
-0.69159
-0.69159
-0.66544
-0.61794
-0.67394
-0.61524
-0.61764
0
0
0
0
0
4.5734
0
0
0
0
0
0
0
0
0
0
0
0
0
0
0
0
0
-0.69159
-0.69159
-0.66544
-0.61794
-0.67394
-0.61524
-0.61764
0
0
0
0
0
0
4.5734
0
0
0
0
0
0
0
0
0
0
0
0
0
0
0
0
-0.69159
-0.69159
-0.66544
-0.61794
-0.67394
-0.61524
-0.61764
0
0
0
0
0
0
0
4.5734
0
0
0
0
0
0
0
0
0
0
0
0
0
0
0
-0.45912
-0.45912
-0.48715
-0.44073
0
0
0
0
0
0
0
0
0
0
0
5.1406
0
0
0
0
0
-1.8427
0
0
0
0
0
0
-1.4517
0
-0.49179
-0.49179
-0.47334
-0.44169
-0.47982
-0.44054
0
0
0
0
0
0
0
0
0
0
2.819
0
0
0
0
0
0
0
0
0
0
0
0
0
-0.53683
-0.53683
-0.51354
-0.49403
0
0
0
0
0
0
0
0
0
0
0
0
0
2.1857
0
0
0
0
0
0
-0.1045
0
0
0
0
0
0
0
0
0
0
0
0
0
-0.17472
0
0
0
0
0
0
0
0
0
1.033
0
-0.41885
0
0
0
0
0
-0.4394
0
0
0
0
0
0
0
0
0
0
0
0
0
0
0
0
0
0
0
0
0
0
3.59
-1.0863
-1.2373
-1.2664
0
0
0
0
0
0
0
0
0
-1.1128
0
0
0
0
0
0
0
0
0
0
0
0
0
0
0
-0.41885
-1.0863
2.6179
0
0
0
0
0
0
0
0
0
0
0
0
0
0
0
0
0
0
0
0
0
0
0
0
-1.8427
0
0
0
-1.2373
0
3.08
0
0
0
0
0
0
0
0
0
0
0
0
0
0
-1.6713
0
0
0
0
0
0
0
0
0
0
0
0
-1.2664
0
0
2.9377
0
0
0
0
0
0
0
0
-12.2828
0
0
0
0
0
0
0
0
0
0
0
0
0
0
0
0
0
0
0
0
0
12.2828
0
0
0
0
0
0
0
0
0
0
0
0
0
0
0
0
0
0
0
0
0
0
0
-0.1045
0
0
0
0
0
0
0.1045
0
0
0
0
0
0
0
0
0
0
0
0
0
0
0
-5.3161
0
0
0
0
0
0
0
0
0
0
0
0
0
0
5.3161
0
0
0
0
0
0
0
0
0
0
0
0
0
0
0
0
0
0
0
0
0
0
-0.4394
0
0
0
0
0
0
0
0.4394
0
0
0
0
0
0
0
-10.8573
0
0
0
0
0
0
0
0
0
0
0
0
0
0
0
0
0
0
0
0
0
0
10.8573
0
0
0
0
0
0
0
0
0
0
0
0
0
0
0
0
0
-1.4517
0
0
0
0
0
0
0
0
0
0
0
0
1.4517
0
-12.2828
0
0
0
0
0
0
0
0
0
0
0
0
0
0
0
0
0
0
0
0
0
0
0
0
0
0
0
0
12.2828
