12.8538
-0.72987
-0.69131
-0.74941
-0.60023
-0.60023
-0.67351
-0.69969
-0.73014
-0.8003
-0.70626
-0.85621
-0.92075
-0.63653
-0.89076
-0.63653
-0.67906
-0.67906
0
0
0
-0.57392
0
0
0
0
0
0
0
0
-0.72987
13.0891
-0.72987
-0.7508
-0.60115
-0.60115
-0.6715
-0.69724
-0.72916
-0.80262
-0.71531
-0.84899
-0.91041
-0.63479
-0.90813
-0.63479
-0.67492
-0.67492
-0.77349
0
0
0
0
0
0
0
0
0
0
0
-0.69131
-0.72987
12.8538
-0.74941
-0.60023
-0.60023
-0.67351
-0.69969
-0.73014
-0.8003
-0.70626
-0.85621
-0.92075
-0.63653
-0.89076
-0.63653
-0.67906
-0.67906
0
0
0
-0.57392
0
0
0
0
0
0
0
0
-0.74941
-0.7508
-0.74941
22.072
-0.61744
-0.61744
-0.69225
-0.71934
-0.75279
-0.82005
-0.72523
-0.88099
-0.94076
-0.65445
-0.91689
-0.65445
-0.69843
-0.69843
0
0
0
0
0
0
-9.4334
0
0
0
0
0
-0.60023
-0.60115
-0.60023
-0.61744
10.3706
-0.5002
-0.56495
-0.58612
-0.61359
-0.67232
-0.59458
-0.71279
-0.76819
-0.53019
-0.74739
-0.53019
-0.56555
-0.56555
0
0
0
0
0
0
0
0
0
0
0
0
-0.60023
-0.60115
-0.60023
-0.61744
-0.5002
10.3706
-0.56495
-0.58612
-0.61359
-0.67232
-0.59458
-0.71279
-0.76819
-0.53019
-0.74739
-0.53019
-0.56555
-0.56555
0
0
0
0
0
0
0
0
0
0
0
0
-0.67351
-0.6715
-0.67351
-0.69225
-0.56495
-0.56495
9.4113
-0.64771
-0.68167
-0.74178
-0.65471
-0.79133
-0.85445
-0.59949
0
-0.59949
0
0
0
0
0
0
0
0
0
0
0
0
0
0
-0.69969
-0.69724
-0.69969
-0.71934
-0.58612
-0.58612
-0.64771
7.5312
-0.60137
-0.80089
-0.66922
-0.82387
0
0
0
0
0
0
0
0
0
0
0
0
0
0
0
0
0
0
-0.73014
-0.72916
-0.73014
-0.75279
-0.61359
-0.61359
-0.68167
-0.60137
11.2908
-0.80759
-0.67075
0
0
0
0
0
0
0
0
0
0
0
0
-4.36
0
0
0
0
0
0
-0.8003
-0.80262
-0.8003
-0.82005
-0.67232
-0.67232
-0.74178
-0.80089
-0.80759
17.9134
0
0
0
0
0
0
0
0
0
0
0
0
-3.006
0
0
0
-7.9892
0
0
0
-0.70626
-0.71531
-0.70626
-0.72523
-0.59458
-0.59458
-0.65471
-0.66922
-0.67075
0
6.3787
0
0
0
0
0
0
0
0
-0.34184
0
0
0
0
0
0
0
0
0
0
-0.85621
-0.84899
-0.85621
-0.88099
-0.71279
-0.71279
-0.79133
-0.82387
0
0
0
6.4832
0
0
0
0
0
0
0
0
0
0
0
0
0
0
0
0
0
0
-0.92075
-0.91041
-0.92075
-0.94076
-0.76819
-0.76819
-0.85445
0
0
0
0
0
12.8985
0
0
0
0
0
0
0
0
0
0
0
0
0
0
-6.815
0
0
-0.63653
-0.63479
-0.63653
-0.65445
-0.53019
-0.53019
-0.59949
0
0
0
0
0
0
4.2222
0
0
0
0
0
0
0
0
0
0
0
0
0
0
0
0
-0.89076
-0.90813
-0.89076
-0.91689
-0.74739
-0.74739
0
0
0
0
0
0
0
0
6.243
0
0
0
-1.1417
0
0
0
0
0
0
0
0
0
0
0
-0.63653
-0.63479
-0.63653
-0.65445
-0.53019
-0.53019
-0.59949
0
0
0
0
0
0
0
0
4.2222
0
0
0
0
0
0
0
0
0
0
0
0
0
0
-0.67906
-0.67492
-0.67906
-0.69843
-0.56555
-0.56555
0
0
0
0
0
0
0
0
0
0
3.8626
0
0
0
0
0
0
0
0
0
0
0
0
0
-0.67906
-0.67492
-0.67906
-0.69843
-0.56555
-0.56555
0
0
0
0
0
0
0
0
0
0
0
3.8626
0
0
0
0
0
0
0
0
0
0
0
0
0
-0.77349
0
0
0
0
0
0
0
0
0
0
0
0
-1.1417
0
0
0
6.349
0
-2.136
0
0
0
0
0
0
0
0
-2.2978
0
0
0
0
0
0
0
0
0
0
-0.34184
0
0
0
0
0
0
0
0
6.8115
-2.102
0
-2.3337
0
0
-2.034
0
0
0
0
0
0
0
0
0
0
0
0
0
0
0
0
0
0
0
0
0
0
-2.136
-2.102
5.1575
0
0
-0.91946
0
0
0
0
0
0
-0.57392
0
-0.57392
0
0
0
0
0
0
0
0
0
0
0
0
0
0
0
0
0
0
1.8558
0
0
0
0
0
0
-0.708
0
0
0
0
0
0
0
0
0
0
-3.006
0
0
0
0
0
0
0
0
0
-2.3337
0
0
5.3397
0
0
0
0
0
0
0
0
0
0
0
0
0
0
0
-4.36
0
0
0
0
0
0
0
0
0
0
0
-0.91946
0
0
5.2795
0
0
0
0
0
0
0
0
0
-9.4334
0
0
0
0
0
0
0
0
0
0
0
0
0
0
0
0
0
0
0
0
9.4334
0
0
0
0
0
0
0
0
0
0
0
0
0
0
0
0
0
0
0
0
0
0
0
0
-2.034
0
0
0
0
0
2.034
0
0
0
0
0
0
0
0
0
0
0
0
0
-7.9892
0
0
0
0
0
0
0
0
0
0
0
0
0
0
0
0
7.9892
0
0
0
0
0
0
0
0
0
0
0
0
0
0
0
-6.815
0
0
0
0
0
0
0
0
0
0
0
0
0
0
6.815
0
0
0
0
0
0
0
0
0
0
0
0
0
0
0
0
0
0
0
0
0
0
0
-0.708
0
0
0
0
0
0
0.708
0
0
0
0
0
0
0
0
0
0
0
0
0
0
0
0
0
0
0
-2.2978
0
0
0
0
0
0
0
0
0
0
2.2978
