22.6955
-0.84718
-0.82508
-0.82508
-0.78334
-0.76587
-0.76587
-0.75899
-0.77365
-0.78001
-0.79071
-0.79193
-0.79071
-0.74186
-0.74186
-0.74186
-0.78749
-0.78434
-0.78903
-0.60175
0
0
0
-8.0089
0
0
0
0
0
0
-0.84718
32.7517
-0.83214
-0.83214
-0.77484
-0.76734
-0.76734
-0.7568
-0.76437
-0.77751
-0.78807
-0.78189
-0.78807
-0.73995
-0.73995
-0.73995
-0.7748
-0.78319
-0.78924
0
0
0
0
0
0
0
-9.3535
0
-9.3535
0
-0.82508
-0.83214
14.7252
-0.80036
-0.76589
-0.75035
-0.75035
-0.74318
-0.75675
-0.76339
-0.77368
-0.77434
-0.77368
-0.72669
-0.72669
-0.72669
-0.77156
-0.76754
-0.77209
-0.59855
-0.32615
0
0
0
0
0
0
0
0
0
-0.82508
-0.83214
-0.80036
14.7252
-0.76589
-0.75035
-0.75035
-0.74318
-0.75675
-0.76339
-0.77368
-0.77434
-0.77368
-0.72669
-0.72669
-0.72669
-0.77156
-0.76754
-0.77209
-0.59855
-0.32615
0
0
0
0
0
0
0
0
0
-0.78334
-0.77484
-0.76589
-0.76589
20.6103
-0.72078
-0.72078
-0.70894
-0.72071
-0.72733
-0.73678
-0.73725
-0.73678
-0.69317
-0.69317
-0.69317
-0.73461
-0.73021
-0.73387
0
0
0
0
0
0
0
0
0
0
-7.4328
-0.76587
-0.76734
-0.75035
-0.75035
-0.72078
13.5329
-0.70268
-0.6974
-0.70924
-0.7153
-0.72447
-0.72518
-0.72447
-0.68225
-0.68225
-0.68225
-0.72384
-0.71816
-0.72171
-0.56903
0
0
0
0
0
0
0
0
0
0
-0.76587
-0.76734
-0.75035
-0.75035
-0.72078
-0.70268
13.5329
-0.6974
-0.70924
-0.7153
-0.72447
-0.72518
-0.72447
-0.68225
-0.68225
-0.68225
-0.72384
-0.71816
-0.72171
-0.56903
0
0
0
0
0
0
0
0
0
0
-0.75899
-0.7568
-0.74318
-0.74318
-0.70894
-0.6974
-0.6974
12.8337
-0.70483
-0.70796
-0.71696
-0.71714
-0.71696
-0.67466
-0.67466
-0.67466
-0.71707
-0.70971
-0.71317
0
0
0
0
0
0
0
0
0
0
0
-0.77365
-0.76437
-0.75675
-0.75675
-0.72071
-0.70924
-0.70924
-0.70483
19.3734
-0.72024
-0.72952
-0.72713
-0.72952
-0.68569
-0.68569
-0.68569
-0.72524
-0.72219
0
0
0
-7.0669
0
0
0
0
0
0
0
0
-0.78001
-0.77751
-0.76339
-0.76339
-0.72733
-0.7153
-0.7153
-0.70796
-0.72024
12.4468
-0.74065
-0.74049
-0.74065
-0.69428
-0.69428
-0.69428
-0.73974
-0.73201
0
0
0
0
0
0
0
0
0
0
0
0
-0.79071
-0.78807
-0.77368
-0.77368
-0.73678
-0.72447
-0.72447
-0.71696
-0.72952
-0.74065
11.8722
-0.77155
-0.74137
-0.70212
-0.70212
-0.70212
-0.75391
0
0
0
0
0
0
0
0
0
0
0
0
0
-0.79193
-0.78189
-0.77434
-0.77434
-0.73725
-0.72518
-0.72518
-0.71714
-0.72713
-0.74049
-0.77155
17.2126
-0.77155
-0.69909
-0.69909
-0.69909
0
0
0
0
0
0
0
0
0
0
0
-6.0773
0
0
-0.79071
-0.78807
-0.77368
-0.77368
-0.73678
-0.72447
-0.72447
-0.71696
-0.72952
-0.74065
-0.74137
-0.77155
11.8722
-0.70212
-0.70212
-0.70212
-0.75391
0
0
0
0
0
0
0
0
0
0
0
0
0
-0.74186
-0.73995
-0.72669
-0.72669
-0.69317
-0.68225
-0.68225
-0.67466
-0.68569
-0.69428
-0.70212
-0.69909
-0.70212
10.4325
-0.64084
-0.64084
0
0
0
0
0
0
0
0
0
0
0
0
0
0
-0.74186
-0.73995
-0.72669
-0.72669
-0.69317
-0.68225
-0.68225
-0.67466
-0.68569
-0.69428
-0.70212
-0.69909
-0.70212
-0.64084
10.4325
-0.64084
0
0
0
0
0
0
0
0
0
0
0
0
0
0
-0.74186
-0.73995
-0.72669
-0.72669
-0.69317
-0.68225
-0.68225
-0.67466
-0.68569
-0.69428
-0.70212
-0.69909
-0.70212
-0.64084
-0.64084
10.4325
0
0
0
0
0
0
0
0
0
0
0
0
0
0
-0.78749
-0.7748
-0.77156
-0.77156
-0.73461
-0.72384
-0.72384
-0.71707
-0.72524
-0.73974
-0.75391
0
-0.75391
0
0
0
13.2702
0
0
0
0
0
0
0
-4.2926
0
0
0
0
0
-0.78434
-0.78319
-0.76754
-0.76754
-0.73021
-0.71816
-0.71816
-0.70971
-0.72219
-0.73201
0
0
0
0
0
0
0
7.4331
0
0
0
0
0
0
0
0
0
0
0
0
-0.78903
-0.78924
-0.77209
-0.77209
-0.73387
-0.72171
-0.72171
-0.71317
0
0
0
0
0
0
0
0
0
0
6.0129
0
0
0
0
0
0
0
0
0
0
0
-0.60175
0
-0.59855
-0.59855
0
-0.56903
-0.56903
0
0
0
0
0
0
0
0
0
0
0
0
3.0414
0
0
0
0
0
-0.1045
0
0
0
0
0
0
-0.32615
-0.32615
0
0
0
0
0
0
0
0
0
0
0
0
0
0
0
0
0.86132
0
-0.20902
0
0
0
0
0
0
0
0
0
0
0
0
0
0
0
-7.0669
0
0
0
0
0
0
0
0
0
0
0
0
7.0669
0
0
0
0
0
0
0
0
0
0
0
0
0
0
0
0
0
0
0
0
0
0
0
0
0
0
0
0
-0.20902
0
0.20902
0
0
0
0
0
0
0
-8.0089
0
0
0
0
0
0
0
0
0
0
0
0
0
0
0
0
0
0
0
0
0
0
8.0089
0
0
0
0
0
0
0
0
0
0
0
0
0
0
0
0
0
0
0
0
0
0
-4.2926
0
0
0
0
0
0
0
4.2926
0
0
0
0
0
0
0
0
0
0
0
0
0
0
0
0
0
0
0
0
0
0
0
0
-0.1045
0
0
0
0
0
0.1045
0
0
0
0
0
-9.3535
0
0
0
0
0
0
0
0
0
0
0
0
0
0
0
0
0
0
0
0
0
0
0
0
9.3535
0
0
0
0
0
0
0
0
0
0
0
0
0
0
-6.0773
0
0
0
0
0
0
0
0
0
0
0
0
0
0
0
6.0773
0
0
0
-9.3535
0
0
0
0
0
0
0
0
0
0
0
0
0
0
0
0
0
0
0
0
0
0
0
0
0
0
9.3535
0
0
0
0
0
-7.4328
0
0
0
0
0
0
0
0
0
0
0
0
0
0
0
0
0
0
0
0
0
0
0
0
7.4328
