28.7744
-1.1498
-1.0062
-1.0062
-1.0062
-1.0062
-1.0062
-1.0062
-1.0091
-1.0051
-1.0065
-1.039
-1.0327
-1.0223
-1.0139
-1.0038
-1.0461
-1.0177
-1.0347
-1.0347
-1.0568
-1.0568
-1.0568
0
0
0
0
-6.1512
0
0
-1.1498
28.7744
-1.0062
-1.0062
-1.0062
-1.0062
-1.0062
-1.0062
-1.0091
-1.0051
-1.0065
-1.039
-1.0327
-1.0223
-1.0139
-1.0038
-1.0461
-1.0177
-1.0347
-1.0347
-1.0568
-1.0568
-1.0568
0
0
0
0
0
0
-6.1512
-1.0062
-1.0062
19.4092
-0.84584
-0.84584
-0.84584
-0.84584
-0.84584
-0.85845
-0.86942
-0.85894
-0.90055
-0.88055
-0.87167
-0.86324
-0.85615
-0.8919
-0.86765
-0.88034
-0.88034
-0.89614
-0.89614
-0.89614
0
0
0
0
0
0
0
-1.0062
-1.0062
-0.84584
19.4092
-0.84584
-0.84584
-0.84584
-0.84584
-0.85845
-0.86942
-0.85894
-0.90055
-0.88055
-0.87167
-0.86324
-0.85615
-0.8919
-0.86765
-0.88034
-0.88034
-0.89614
-0.89614
-0.89614
0
0
0
0
0
0
0
-1.0062
-1.0062
-0.84584
-0.84584
19.4092
-0.84584
-0.84584
-0.84584
-0.85845
-0.86942
-0.85894
-0.90055
-0.88055
-0.87167
-0.86324
-0.85615
-0.8919
-0.86765
-0.88034
-0.88034
-0.89614
-0.89614
-0.89614
0
0
0
0
0
0
0
-1.0062
-1.0062
-0.84584
-0.84584
-0.84584
19.4092
-0.84584
-0.84584
-0.85845
-0.86942
-0.85894
-0.90055
-0.88055
-0.87167
-0.86324
-0.85615
-0.8919
-0.86765
-0.88034
-0.88034
-0.89614
-0.89614
-0.89614
0
0
0
0
0
0
0
-1.0062
-1.0062
-0.84584
-0.84584
-0.84584
-0.84584
19.4092
-0.84584
-0.85845
-0.86942
-0.85894
-0.90055
-0.88055
-0.87167
-0.86324
-0.85615
-0.8919
-0.86765
-0.88034
-0.88034
-0.89614
-0.89614
-0.89614
0
0
0
0
0
0
0
-1.0062
-1.0062
-0.84584
-0.84584
-0.84584
-0.84584
-0.84584
19.4092
-0.85845
-0.86942
-0.85894
-0.90055
-0.88055
-0.87167
-0.86324
-0.85615
-0.8919
-0.86765
-0.88034
-0.88034
-0.89614
-0.89614
-0.89614
0
0
0
0
0
0
0
-1.0091
-1.0091
-0.85845
-0.85845
-0.85845
-0.85845
-0.85845
-0.85845
17.7582
-0.87199
-0.86343
-0.87206
-0.85936
-0.85058
-0.83851
-0.83568
-0.86998
-0.84651
-0.85809
-0.85809
0
0
0
0
-1.165
0
0
0
0
0
-1.0051
-1.0051
-0.86942
-0.86942
-0.86942
-0.86942
-0.86942
-0.86942
-0.87199
21.9535
-0.86753
-0.86541
-0.87034
-0.86159
-0.85191
-0.84544
-0.88075
-0.85683
-0.87063
-0.87063
0
0
0
0
0
0
-5.2138
0
0
0
-1.0065
-1.0065
-0.85894
-0.85894
-0.85894
-0.85894
-0.85894
-0.85894
-0.86343
-0.86753
17.2071
-0.87119
-0.86082
-0.85219
-0.84276
-0.83617
-0.8711
-0.84748
-0.8596
-0.8596
0
0
0
-0.60855
0
0
0
0
0
0
-1.039
-1.039
-0.90055
-0.90055
-0.90055
-0.90055
-0.90055
-0.90055
-0.87206
-0.86541
-0.87119
20.1743
-0.91963
-0.91138
-0.90814
-0.89189
-0.93231
-0.9064
0
0
0
0
0
0
0
-4.6147
0
0
0
0
-1.0327
-1.0327
-0.88055
-0.88055
-0.88055
-0.88055
-0.88055
-0.88055
-0.85936
-0.87034
-0.86082
-0.91963
15.2771
-0.88629
-0.88193
-0.86467
-0.90504
-0.88022
0
0
0
0
0
0
0
0
0
0
0
0
-1.0223
-1.0223
-0.87167
-0.87167
-0.87167
-0.87167
-0.87167
-0.87167
-0.85058
-0.86159
-0.85219
-0.91138
-0.88629
14.251
-0.88368
-0.83874
-0.89193
0
0
0
0
0
0
0
0
0
0
0
0
0
-1.0139
-1.0139
-0.86324
-0.86324
-0.86324
-0.86324
-0.86324
-0.86324
-0.83851
-0.85191
-0.84276
-0.90814
-0.88193
-0.88368
14.3795
-0.80426
0
0
0
0
0
0
0
0
-1.161
0
0
0
0
0
-1.0038
-1.0038
-0.85615
-0.85615
-0.85615
-0.85615
-0.85615
-0.85615
-0.83568
-0.84544
-0.83617
-0.89189
-0.86467
-0.83874
-0.80426
13.0614
0
0
0
0
0
0
0
0
0
0
0
0
0
0
-1.0461
-1.0461
-0.8919
-0.8919
-0.8919
-0.8919
-0.8919
-0.8919
-0.86998
-0.88075
-0.8711
-0.93231
-0.90504
-0.89193
0
0
12.7947
0
0
0
0
0
0
0
0
0
0
0
0
0
-1.0177
-1.0177
-0.86765
-0.86765
-0.86765
-0.86765
-0.86765
-0.86765
-0.84651
-0.85683
-0.84748
-0.9064
-0.88022
0
0
0
0
11.5787
0
0
0
0
0
0
0
0
0
0
0
0
-1.0347
-1.0347
-0.88034
-0.88034
-0.88034
-0.88034
-0.88034
-0.88034
-0.85809
-0.87063
-0.8596
0
0
0
0
0
0
0
9.9398
0
0
0
0
0
0
0
0
0
0
0
-1.0347
-1.0347
-0.88034
-0.88034
-0.88034
-0.88034
-0.88034
-0.88034
-0.85809
-0.87063
-0.8596
0
0
0
0
0
0
0
0
9.9398
0
0
0
0
0
0
0
0
0
0
-1.0568
-1.0568
-0.89614
-0.89614
-0.89614
-0.89614
-0.89614
-0.89614
0
0
0
0
0
0
0
0
0
0
0
0
7.4904
0
0
0
0
0
0
0
0
0
-1.0568
-1.0568
-0.89614
-0.89614
-0.89614
-0.89614
-0.89614
-0.89614
0
0
0
0
0
0
0
0
0
0
0
0
0
7.4904
0
0
0
0
0
0
0
0
-1.0568
-1.0568
-0.89614
-0.89614
-0.89614
-0.89614
-0.89614
-0.89614
0
0
0
0
0
0
0
0
0
0
0
0
0
0
7.4904
0
0
0
0
0
0
0
0
0
0
0
0
0
0
0
0
0
-0.60855
0
0
0
0
0
0
0
0
0
0
0
0
2.6806
-0.99731
0
0
0
-1.0747
0
0
0
0
0
0
0
0
0
-1.165
0
0
0
0
0
-1.161
0
0
0
0
0
0
0
0
-0.99731
3.3233
0
0
0
0
0
0
0
0
0
0
0
0
0
0
0
0
-4.6147
0
0
0
0
0
0
0
0
0
0
0
0
0
4.6147
0
0
0
0
0
0
0
0
0
0
0
0
0
-5.2138
0
0
0
0
0
0
0
0
0
0
0
0
0
0
0
0
5.2138
0
0
0
-6.1512
0
0
0
0
0
0
0
0
0
0
0
0
0
0
0
0
0
0
0
0
0
0
0
0
0
0
6.1512
0
0
0
0
0
0
0
0
0
0
0
0
0
0
0
0
0
0
0
0
0
0
0
0
0
-1.0747
0
0
0
0
1.0747
0
0
-6.1512
0
0
0
0
0
0
0
0
0
0
0
0
0
0
0
0
0
0
0
0
0
0
0
0
0
0
0
6.1512
