18.4336
-0.6448
-0.64684
-0.60256
-0.60256
-0.60667
-0.60256
-0.62659
-0.62221
-0.57431
-0.57431
-0.57431
-0.59594
-0.58369
-0.58369
-0.56811
-0.60525
0
0
-0.71921
-8.1
0
0
0
0
0
0
0
0
0
-0.6448
30.0053
-0.64403
-0.60001
-0.60001
-0.5834
-0.60001
-0.61008
-0.61012
-0.57242
-0.57242
-0.57242
-0.59155
-0.58194
-0.58194
-0.54759
-0.61336
0
0
0
0
-10.2396
0
0
-10.2396
0
0
0
0
0
-0.64684
-0.64403
10.395
-0.6067
-0.6067
-0.6217
-0.6067
-0.63534
-0.63105
-0.57509
-0.57509
-0.57509
-0.59924
-0.5843
-0.5843
-0.57805
-0.60415
0
0
-0.72068
0
0
0
0
0
0
0
0
0
0
-0.60256
-0.60001
-0.6067
8.9728
-0.52844
-0.58855
-0.52844
-0.59778
-0.59903
-0.53121
-0.53121
-0.53121
-0.55064
-0.53859
-0.53859
-0.53776
-0.56205
0
0
0
0
0
0
0
0
0
0
0
0
0
-0.60256
-0.60001
-0.6067
-0.52844
8.9728
-0.58855
-0.52844
-0.59778
-0.59903
-0.53121
-0.53121
-0.53121
-0.55064
-0.53859
-0.53859
-0.53776
-0.56205
0
0
0
0
0
0
0
0
0
0
0
0
0
-0.60667
-0.5834
-0.6217
-0.58855
-0.58855
26.9922
-0.58855
-0.59231
-0.59382
-0.53985
-0.53985
-0.53985
-0.55099
-0.54638
-0.54638
0
0
0
0
0
0
0
0
0
0
-9.4827
0
-9.4827
0
0
-0.60256
-0.60001
-0.6067
-0.52844
-0.52844
-0.58855
8.9728
-0.59778
-0.59903
-0.53121
-0.53121
-0.53121
-0.55064
-0.53859
-0.53859
-0.53776
-0.56205
0
0
0
0
0
0
0
0
0
0
0
0
0
-0.62659
-0.61008
-0.63534
-0.59778
-0.59778
-0.59231
-0.59778
15.5651
-0.60969
-0.54582
-0.54582
-0.54582
-0.55889
-0.55237
-0.55237
0
0
0
-0.20477
0
0
0
0
0
0
0
0
0
-7.1919
0
-0.62221
-0.61012
-0.63105
-0.59903
-0.59903
-0.59382
-0.59903
-0.60969
15.5972
-0.54471
-0.54471
-0.54471
-0.56421
-0.55012
-0.55012
0
0
-0.26748
0
0
0
0
-7.1671
0
0
0
0
0
0
0
-0.57431
-0.57242
-0.57509
-0.53121
-0.53121
-0.53985
-0.53121
-0.54582
-0.54471
7.5461
-0.49802
-0.49802
-0.5445
-0.52985
-0.52985
0
0
0
0
0
0
0
0
0
0
0
0
0
0
0
-0.57431
-0.57242
-0.57509
-0.53121
-0.53121
-0.53985
-0.53121
-0.54582
-0.54471
-0.49802
7.5461
-0.49802
-0.5445
-0.52985
-0.52985
0
0
0
0
0
0
0
0
0
0
0
0
0
0
0
-0.57431
-0.57242
-0.57509
-0.53121
-0.53121
-0.53985
-0.53121
-0.54582
-0.54471
-0.49802
-0.49802
7.5461
-0.5445
-0.52985
-0.52985
0
0
0
0
0
0
0
0
0
0
0
0
0
0
0
-0.59594
-0.59155
-0.59924
-0.55064
-0.55064
-0.55099
-0.55064
-0.55889
-0.56421
-0.5445
-0.5445
-0.5445
7.0177
0
0
0
0
-0.27144
0
0
0
0
0
0
0
0
0
0
0
0
-0.58369
-0.58194
-0.5843
-0.53859
-0.53859
-0.54638
-0.53859
-0.55237
-0.55012
-0.52985
-0.52985
-0.52985
0
6.6041
0
0
0
0
0
0
0
0
0
0
0
0
0
0
0
0
-0.58369
-0.58194
-0.5843
-0.53859
-0.53859
-0.54638
-0.53859
-0.55237
-0.55012
-0.52985
-0.52985
-0.52985
0
0
6.6041
0
0
0
0
0
0
0
0
0
0
0
0
0
0
0
-0.56811
-0.54759
-0.57805
-0.53776
-0.53776
0
-0.53776
0
0
0
0
0
0
0
0
3.4115
0
0
0
0
0
0
0
0
0
0
0
0
0
-0.1045
-0.60525
-0.61336
-0.60415
-0.56205
-0.56205
0
-0.56205
0
0
0
0
0
0
0
0
0
3.5089
0
0
0
0
0
0
0
0
0
0
0
0
0
0
0
0
0
0
0
0
0
-0.26748
0
0
0
-0.27144
0
0
0
0
0.71451
0
0
0
0
0
0
0
0
-0.17559
0
0
0
0
0
0
0
0
0
0
-0.20477
0
0
0
0
0
0
0
0
0
0
1.0878
-0.57249
0
0
0
-0.31052
0
0
0
0
0
0
-0.71921
0
-0.72068
0
0
0
0
0
0
0
0
0
0
0
0
0
0
0
-0.57249
2.0124
0
0
0
0
0
0
0
0
0
0
-8.1
0
0
0
0
0
0
0
0
0
0
0
0
0
0
0
0
0
0
0
8.1
0
0
0
0
0
0
0
0
0
0
-10.2396
0
0
0
0
0
0
0
0
0
0
0
0
0
0
0
0
0
0
0
10.2396
0
0
0
0
0
0
0
0
0
0
0
0
0
0
0
0
-7.1671
0
0
0
0
0
0
0
0
0
0
0
0
0
7.1671
0
0
0
0
0
0
0
0
0
0
0
0
0
0
0
0
0
0
0
0
0
0
0
0
0
-0.31052
0
0
0
0
0.31052
0
0
0
0
0
0
0
-10.2396
0
0
0
0
0
0
0
0
0
0
0
0
0
0
0
0
0
0
0
0
0
0
10.2396
0
0
0
0
0
0
0
0
0
0
-9.4827
0
0
0
0
0
0
0
0
0
0
0
0
0
0
0
0
0
0
0
9.4827
0
0
0
0
0
0
0
0
0
0
0
0
0
0
0
0
0
0
0
0
0
-0.17559
0
0
0
0
0
0
0
0
0.17559
0
0
0
0
0
0
0
0
-9.4827
0
0
0
0
0
0
0
0
0
0
0
0
0
0
0
0
0
0
0
0
0
9.4827
0
0
0
0
0
0
0
0
0
-7.1919
0
0
0
0
0
0
0
0
0
0
0
0
0
0
0
0
0
0
0
0
7.1919
0
0
0
0
0
0
0
0
0
0
0
0
0
0
0
0
-0.1045
0
0
0
0
0
0
0
0
0
0
0
0
0
0.1045
