22.551
-0.79508
-0.78261
-0.78261
-0.73569
-0.73569
-0.73569
-0.73569
-0.75426
-0.75426
-0.69367
-0.69367
-0.69367
-0.70213
-0.69367
-0.70213
-0.69367
-0.68494
-0.68494
-0.33542
0
0
0
-9.1615
0
0
0
0
0
0
-0.79508
21.7609
-0.78353
-0.78353
-0.73628
-0.73628
-0.73628
-0.73628
-0.75866
-0.75866
-0.69477
-0.69477
-0.69477
-0.70604
-0.69477
-0.70604
-0.69477
-0.68894
-0.68894
0
0
0
0
0
0
0
0
-8.6725
0
0
-0.78261
-0.78353
13.1468
-0.76076
-0.71888
-0.71888
-0.71888
-0.71888
-0.73897
-0.73897
-0.67836
-0.67836
-0.67836
-0.6885
-0.67836
-0.6885
-0.67836
-0.6783
-0.6783
-0.34105
0
0
0
0
0
0
0
0
0
0
-0.78261
-0.78353
-0.76076
13.1468
-0.71888
-0.71888
-0.71888
-0.71888
-0.73897
-0.73897
-0.67836
-0.67836
-0.67836
-0.6885
-0.67836
-0.6885
-0.67836
-0.6783
-0.6783
-0.34105
0
0
0
0
0
0
0
0
0
0
-0.73569
-0.73628
-0.71888
-0.71888
12.1074
-0.66961
-0.66961
-0.66961
-0.69734
-0.69734
-0.64088
-0.64088
-0.64088
-0.65125
-0.64088
-0.65125
-0.64088
-0.6436
-0.6436
0
0
0
0
0
0
0
0
0
0
0
-0.73569
-0.73628
-0.71888
-0.71888
-0.66961
12.1074
-0.66961
-0.66961
-0.69734
-0.69734
-0.64088
-0.64088
-0.64088
-0.65125
-0.64088
-0.65125
-0.64088
-0.6436
-0.6436
0
0
0
0
0
0
0
0
0
0
0
-0.73569
-0.73628
-0.71888
-0.71888
-0.66961
-0.66961
12.1074
-0.66961
-0.69734
-0.69734
-0.64088
-0.64088
-0.64088
-0.65125
-0.64088
-0.65125
-0.64088
-0.6436
-0.6436
0
0
0
0
0
0
0
0
0
0
0
-0.73569
-0.73628
-0.71888
-0.71888
-0.66961
-0.66961
-0.66961
12.1074
-0.69734
-0.69734
-0.64088
-0.64088
-0.64088
-0.65125
-0.64088
-0.65125
-0.64088
-0.6436
-0.6436
0
0
0
0
0
0
0
0
0
0
0
-0.75426
-0.75866
-0.73897
-0.73897
-0.69734
-0.69734
-0.69734
-0.69734
18.1898
-0.71504
-0.65978
-0.65978
-0.65978
-0.66711
-0.65978
-0.66711
-0.65978
0
0
0
0
0
0
0
0
0
0
0
0
-7.0614
-0.75426
-0.75866
-0.73897
-0.73897
-0.69734
-0.69734
-0.69734
-0.69734
-0.71504
18.1898
-0.65978
-0.65978
-0.65978
-0.66711
-0.65978
-0.66711
-0.65978
0
0
0
0
0
0
0
0
0
-7.0614
0
0
0
-0.69367
-0.69477
-0.67836
-0.67836
-0.64088
-0.64088
-0.64088
-0.64088
-0.65978
-0.65978
10.2107
-0.58686
-0.58686
-0.61748
-0.58686
-0.61748
-0.58686
0
0
0
0
0
0
0
0
0
0
0
0
0
-0.69367
-0.69477
-0.67836
-0.67836
-0.64088
-0.64088
-0.64088
-0.64088
-0.65978
-0.65978
-0.58686
10.2107
-0.58686
-0.61748
-0.58686
-0.61748
-0.58686
0
0
0
0
0
0
0
0
0
0
0
0
0
-0.69367
-0.69477
-0.67836
-0.67836
-0.64088
-0.64088
-0.64088
-0.64088
-0.65978
-0.65978
-0.58686
-0.58686
10.2107
-0.61748
-0.58686
-0.61748
-0.58686
0
0
0
0
0
0
0
0
0
0
0
0
0
-0.70213
-0.70604
-0.6885
-0.6885
-0.65125
-0.65125
-0.65125
-0.65125
-0.66711
-0.66711
-0.61748
-0.61748
-0.61748
15.9618
-0.61748
0
-0.61748
0
0
0
0
0
0
0
-6.1501
0
0
0
0
0
-0.69367
-0.69477
-0.67836
-0.67836
-0.64088
-0.64088
-0.64088
-0.64088
-0.65978
-0.65978
-0.58686
-0.58686
-0.58686
-0.61748
10.2107
-0.61748
-0.58686
0
0
0
0
0
0
0
0
0
0
0
0
0
-0.70213
-0.70604
-0.6885
-0.6885
-0.65125
-0.65125
-0.65125
-0.65125
-0.66711
-0.66711
-0.61748
-0.61748
-0.61748
0
-0.61748
15.9618
-0.61748
0
0
0
0
0
-6.1501
0
0
0
0
0
0
0
-0.69367
-0.69477
-0.67836
-0.67836
-0.64088
-0.64088
-0.64088
-0.64088
-0.65978
-0.65978
-0.58686
-0.58686
-0.58686
-0.61748
-0.58686
-0.61748
10.2107
0
0
0
0
0
0
0
0
0
0
0
0
0
-0.68494
-0.68894
-0.6783
-0.6783
-0.6436
-0.6436
-0.6436
-0.6436
0
0
0
0
0
0
0
0
0
5.4094
0
0
0
0
0
0
0
0
0
0
-0.1045
0
-0.68494
-0.68894
-0.6783
-0.6783
-0.6436
-0.6436
-0.6436
-0.6436
0
0
0
0
0
0
0
0
0
0
5.4094
0
-0.1045
0
0
0
0
0
0
0
0
0
-0.33542
0
-0.34105
-0.34105
0
0
0
0
0
0
0
0
0
0
0
0
0
0
0
17.6708
0
-8.3266
0
0
0
-8.3266
0
0
0
0
0
0
0
0
0
0
0
0
0
0
0
0
0
0
0
0
0
0
-0.1045
0
0.1045
0
0
0
0
0
0
0
0
0
0
0
0
0
0
0
0
0
0
0
0
0
0
0
0
0
0
0
0
-8.3266
0
8.3266
0
0
0
0
0
0
0
0
0
0
0
0
0
0
0
0
0
0
0
0
0
0
0
-6.1501
0
0
0
0
0
0
6.1501
0
0
0
0
0
0
0
-9.1615
0
0
0
0
0
0
0
0
0
0
0
0
0
0
0
0
0
0
0
0
0
0
9.1615
0
0
0
0
0
0
0
0
0
0
0
0
0
0
0
0
0
0
0
-6.1501
0
0
0
0
0
0
0
0
0
0
6.1501
0
0
0
0
0
0
0
0
0
0
0
0
0
0
0
0
0
0
0
0
0
0
0
0
-8.3266
0
0
0
0
0
8.3266
0
0
0
0
0
0
0
0
0
0
0
0
0
-7.0614
0
0
0
0
0
0
0
0
0
0
0
0
0
0
0
0
7.0614
0
0
0
0
-8.6725
0
0
0
0
0
0
0
0
0
0
0
0
0
0
0
0
0
0
0
0
0
0
0
0
0
8.6725
0
0
0
0
0
0
0
0
0
0
0
0
0
0
0
0
0
0
0
-0.1045
0
0
0
0
0
0
0
0
0
0
0.1045
0
0
0
0
0
0
0
0
0
-7.0614
0
0
0
0
0
0
0
0
0
0
0
0
0
0
0
0
0
0
0
0
7.0614
