19.4019
-1.0241
-1.0241
-0.90128
-0.90128
-0.90128
-0.90128
-0.90128
-0.90128
-0.8133
-0.84287
-0.81158
-0.81158
-0.86504
-0.93089
-0.9205
-0.84841
-0.84841
-1.0344
-0.85647
-0.79973
-1.5628
0
0
0
0
0
0
0
0
-1.0241
18.766
-1.076
-0.94785
-0.94785
-0.94785
-0.94785
-0.94785
-0.94785
-0.86351
-0.89084
-0.85215
-0.85215
-0.92651
-0.98447
-0.98157
-0.89316
-0.89316
-1.0897
-0.89863
-0.85296
0
0
0
0
0
0
0
0
0
-1.0241
-1.076
18.766
-0.94785
-0.94785
-0.94785
-0.94785
-0.94785
-0.94785
-0.86351
-0.89084
-0.85215
-0.85215
-0.92651
-0.98447
-0.98157
-0.89316
-0.89316
-1.0897
-0.89863
-0.85296
0
0
0
0
0
0
0
0
0
-0.90128
-0.94785
-0.94785
15.7377
-0.80295
-0.80295
-0.80295
-0.80295
-0.80295
-0.76487
-0.78611
-0.7498
-0.7498
-0.81416
-0.86559
-0.86677
-0.78812
-0.78812
-0.96032
-0.79236
0
0
0
0
0
0
0
0
0
0
-0.90128
-0.94785
-0.94785
-0.80295
15.7377
-0.80295
-0.80295
-0.80295
-0.80295
-0.76487
-0.78611
-0.7498
-0.7498
-0.81416
-0.86559
-0.86677
-0.78812
-0.78812
-0.96032
-0.79236
0
0
0
0
0
0
0
0
0
0
-0.90128
-0.94785
-0.94785
-0.80295
-0.80295
15.7377
-0.80295
-0.80295
-0.80295
-0.76487
-0.78611
-0.7498
-0.7498
-0.81416
-0.86559
-0.86677
-0.78812
-0.78812
-0.96032
-0.79236
0
0
0
0
0
0
0
0
0
0
-0.90128
-0.94785
-0.94785
-0.80295
-0.80295
-0.80295
15.7377
-0.80295
-0.80295
-0.76487
-0.78611
-0.7498
-0.7498
-0.81416
-0.86559
-0.86677
-0.78812
-0.78812
-0.96032
-0.79236
0
0
0
0
0
0
0
0
0
0
-0.90128
-0.94785
-0.94785
-0.80295
-0.80295
-0.80295
-0.80295
15.7377
-0.80295
-0.76487
-0.78611
-0.7498
-0.7498
-0.81416
-0.86559
-0.86677
-0.78812
-0.78812
-0.96032
-0.79236
0
0
0
0
0
0
0
0
0
0
-0.90128
-0.94785
-0.94785
-0.80295
-0.80295
-0.80295
-0.80295
-0.80295
15.7377
-0.76487
-0.78611
-0.7498
-0.7498
-0.81416
-0.86559
-0.86677
-0.78812
-0.78812
-0.96032
-0.79236
0
0
0
0
0
0
0
0
0
0
-0.8133
-0.86351
-0.86351
-0.76487
-0.76487
-0.76487
-0.76487
-0.76487
-0.76487
13.897
-0.67568
-0.6632
-0.6632
-0.67971
-0.74497
-0.74576
-0.68758
-0.68758
0
0
0
0
0
-1.2198
0
0
0
0
0
0
-0.84287
-0.89084
-0.89084
-0.78611
-0.78611
-0.78611
-0.78611
-0.78611
-0.78611
-0.67568
23.4666
-0.6834
-0.6834
-0.7084
-0.76103
-0.76834
-0.70859
-0.70859
0
0
0
0
0
0
0
0
0
0
-10.4279
0
-0.81158
-0.85215
-0.85215
-0.7498
-0.7498
-0.7498
-0.7498
-0.7498
-0.7498
-0.6632
-0.6834
12.5976
-0.64612
-0.69971
-0.75424
-0.75378
-0.69125
-0.69125
0
0
0
0
0
0
0
0
0
0
0
0
-0.81158
-0.85215
-0.85215
-0.7498
-0.7498
-0.7498
-0.7498
-0.7498
-0.7498
-0.6632
-0.6834
-0.64612
12.5976
-0.69971
-0.75424
-0.75378
-0.69125
-0.69125
0
0
0
0
0
0
0
0
0
0
0
0
-0.86504
-0.92651
-0.92651
-0.81416
-0.81416
-0.81416
-0.81416
-0.81416
-0.81416
-0.67971
-0.7084
-0.69971
-0.69971
12.7685
-0.7657
0
0
0
0
0
0
-1.3475
-0.26475
0
0
0
0
0
0
0
-0.93089
-0.98447
-0.98447
-0.86559
-0.86559
-0.86559
-0.86559
-0.86559
-0.86559
-0.74497
-0.76103
-0.75424
-0.75424
-0.7657
21.823
0
0
0
0
0
0
0
0
0
0
0
0
-9.9495
0
0
-0.9205
-0.98157
-0.98157
-0.86677
-0.86677
-0.86677
-0.86677
-0.86677
-0.86677
-0.74576
-0.76834
-0.75378
-0.75378
0
0
12.4676
0
0
0
0
0
0
0
-1.3616
0
0
0
0
0
0
-0.84841
-0.89316
-0.89316
-0.78812
-0.78812
-0.78812
-0.78812
-0.78812
-0.78812
-0.68758
-0.70859
-0.69125
-0.69125
0
0
0
10.1421
0
0
0
0
0
0
0
0
0
0
0
0
0
-0.84841
-0.89316
-0.89316
-0.78812
-0.78812
-0.78812
-0.78812
-0.78812
-0.78812
-0.68758
-0.70859
-0.69125
-0.69125
0
0
0
0
10.1421
0
0
0
0
0
0
0
0
0
0
0
0
-1.0344
-1.0897
-1.0897
-0.96032
-0.96032
-0.96032
-0.96032
-0.96032
-0.96032
0
0
0
0
0
0
0
0
0
17.227
0
0
0
0
0
-8.2513
0
0
0
0
0
-0.85647
-0.89863
-0.89863
-0.79236
-0.79236
-0.79236
-0.79236
-0.79236
-0.79236
0
0
0
0
0
0
0
0
0
0
7.4079
0
0
0
0
0
0
0
0
0
0
-0.79973
-0.85296
-0.85296
0
0
0
0
0
0
0
0
0
0
0
0
0
0
0
0
0
3.3701
0
-0.86442
0
0
0
0
0
0
0
-1.5628
0
0
0
0
0
0
0
0
0
0
0
0
-1.3475
0
0
0
0
0
0
0
5.28
0
0
0
0
0
0
0
-2.3697
0
0
0
0
0
0
0
0
0
0
0
0
0
-0.26475
0
0
0
0
0
0
-0.86442
0
1.3117
0
0
0
-0.18258
0
0
0
0
0
0
0
0
0
0
0
0
-1.2198
0
0
0
0
0
-1.3616
0
0
0
0
0
0
0
4.7708
0
-2.1893
0
0
0
0
0
0
0
0
0
0
0
0
0
0
0
0
0
0
0
0
0
0
-8.2513
0
0
0
0
0
8.2513
0
0
0
0
0
0
0
0
0
0
0
0
0
0
0
0
0
0
0
0
0
0
0
0
0
0
0
0
-2.1893
0
2.1893
0
0
0
0
0
0
0
0
0
0
0
0
0
0
0
0
0
0
0
0
0
0
0
0
0
0
-0.18258
0
0
0
0.18258
0
0
0
0
0
0
0
0
0
0
0
0
0
0
0
0
0
-9.9495
0
0
0
0
0
0
0
0
0
0
0
0
9.9495
0
0
0
0
0
0
0
0
0
0
0
0
-10.4279
0
0
0
0
0
0
0
0
0
0
0
0
0
0
0
0
0
10.4279
0
0
0
0
0
0
0
0
0
0
0
0
0
0
0
0
0
0
0
0
0
0
-2.3697
0
0
0
0
0
0
0
2.3697
