17.2067
-0.74789
-0.78176
-0.77073
-0.75577
-0.7508
-0.78615
-0.77261
-0.69857
-0.70031
-0.70031
-0.62459
-0.62459
-0.62459
-0.62459
-0.72715
0
-1.4425
0
-0.32435
0
-1.0069
0
0
-3.7425
0
0
0
0
0
-0.74789
16.406
-0.79981
-0.79008
-0.77619
-0.76572
-0.81517
-0.79962
-0.71735
-0.71454
-0.71454
-0.63728
-0.63728
-0.63728
-0.63728
-0.73931
0
-1.451
0
-0.335
0
0
0
0
-3.6906
0
0
0
0
0
-0.78176
-0.79981
13.0615
-0.8175
-0.80013
-0.79318
-0.83948
-0.82562
-0.73872
-0.73263
-0.73263
-0.65359
-0.65359
-0.65359
-0.65359
-0.76126
0
-1.4815
0
-0.34289
0
0
0
0
0
0
0
0
0
0
-0.77073
-0.79008
-0.8175
13.1871
-0.80103
-0.78936
-0.82502
-0.81392
-0.73537
-0.7335
-0.7335
-0.65457
-0.65457
-0.65457
-0.65457
-0.76626
-0.48643
-1.5061
0
0
0
0
0
0
0
0
0
0
0
0
-0.75577
-0.77619
-0.80013
-0.80103
13.7622
-0.74397
-0.79207
-0.79302
-0.70612
-0.6986
-0.6986
-0.6254
-0.6254
-0.6254
-0.6254
-0.73904
0
0
-2.9561
0
0
0
0
0
0
0
0
0
0
0
-0.7508
-0.76572
-0.79318
-0.78936
-0.74397
11.8155
-0.78736
-0.78059
-0.69534
-0.69195
-0.69195
-0.6194
-0.6194
-0.6194
-0.6194
-0.73204
0
0
0
0
-1.1156
0
0
0
0
0
0
0
0
0
-0.78615
-0.81517
-0.83948
-0.82502
-0.79207
-0.78736
21.3653
-0.74169
-0.71637
-0.72896
-0.72896
-0.63973
-0.63973
-0.63973
-0.63973
0
0
0
0
0
0
0
0
-5.7014
0
-5.3437
0
0
0
0
-0.77261
-0.79962
-0.82562
-0.81392
-0.79302
-0.78059
-0.74169
20.485
-0.70754
-0.72054
-0.72054
-0.63258
-0.63258
-0.63258
-0.63258
0
0
0
0
0
0
0
0
0
0
0
0
-5.1395
-5.1395
0
-0.69857
-0.71735
-0.73872
-0.73537
-0.70612
-0.69534
-0.71637
-0.70754
9.7538
-0.6583
-0.6583
-0.57322
-0.57322
-0.57322
-0.57322
0
-0.42897
0
0
0
0
0
0
0
0
0
0
0
0
0
-0.70031
-0.71454
-0.73263
-0.7335
-0.6986
-0.69195
-0.72896
-0.72054
-0.6583
10.0013
-0.64425
-0.57589
-0.57589
-0.57589
-0.57589
-0.6742
0
0
0
0
0
0
0
0
0
0
0
0
0
0
-0.70031
-0.71454
-0.73263
-0.7335
-0.6986
-0.69195
-0.72896
-0.72054
-0.6583
-0.64425
10.0013
-0.57589
-0.57589
-0.57589
-0.57589
-0.6742
0
0
0
0
0
0
0
0
0
0
0
0
0
0
-0.62459
-0.63728
-0.65359
-0.65457
-0.6254
-0.6194
-0.63973
-0.63258
-0.57322
-0.57589
-0.57589
8.2581
-0.482
-0.482
-0.482
0
0
0
0
0
0
0
0
0
0
0
0
0
0
0
-0.62459
-0.63728
-0.65359
-0.65457
-0.6254
-0.6194
-0.63973
-0.63258
-0.57322
-0.57589
-0.57589
-0.482
8.2581
-0.482
-0.482
0
0
0
0
0
0
0
0
0
0
0
0
0
0
0
-0.62459
-0.63728
-0.65359
-0.65457
-0.6254
-0.6194
-0.63973
-0.63258
-0.57322
-0.57589
-0.57589
-0.482
-0.482
8.2581
-0.482
0
0
0
0
0
0
0
0
0
0
0
0
0
0
0
-0.62459
-0.63728
-0.65359
-0.65457
-0.6254
-0.6194
-0.63973
-0.63258
-0.57322
-0.57589
-0.57589
-0.482
-0.482
-0.482
8.2581
0
0
0
0
0
0
0
0
0
0
0
0
0
0
0
-0.72715
-0.73931
-0.76126
-0.76626
-0.73904
-0.73204
0
0
0
-0.6742
-0.6742
0
0
0
0
5.8134
0
0
0
0
0
0
0
0
0
0
0
0
0
0
0
0
0
-0.48643
0
0
0
0
-0.42897
0
0
0
0
0
0
0
10.6451
0
-2.4687
0
0
0
0
0
0
0
-3.6305
0
0
-3.6305
-1.4425
-1.451
-1.4815
-1.5061
0
0
0
0
0
0
0
0
0
0
0
0
0
5.8812
0
0
0
0
0
0
0
0
0
0
0
0
0
0
0
0
-2.9561
0
0
0
0
0
0
0
0
0
0
0
-2.4687
0
7.6458
0
0
0
0
-2.221
0
0
0
0
0
0
-0.32435
-0.335
-0.34289
0
0
0
0
0
0
0
0
0
0
0
0
0
0
0
0
1.0022
0
0
0
0
0
0
0
0
0
0
0
0
0
0
0
-1.1156
0
0
0
0
0
0
0
0
0
0
0
0
0
0
4.2086
0
-3.093
0
0
0
0
0
0
0
-1.0069
0
0
0
0
0
0
0
0
0
0
0
0
0
0
0
0
0
0
0
0
4.2
-3.1931
0
0
0
0
0
0
0
0
0
0
0
0
0
0
0
0
0
0
0
0
0
0
0
0
0
0
0
-3.093
-3.1931
6.2861
0
0
0
0
0
0
0
0
0
0
0
0
0
-5.7014
0
0
0
0
0
0
0
0
0
0
0
-2.221
0
0
0
0
7.9224
0
0
0
0
0
0
-3.7425
-3.6906
0
0
0
0
0
0
0
0
0
0
0
0
0
0
0
0
0
0
0
0
0
0
7.4331
0
0
0
0
0
0
0
0
0
0
0
-5.3437
0
0
0
0
0
0
0
0
0
0
0
0
0
0
0
0
0
0
5.3437
0
0
0
0
0
0
0
0
0
0
0
0
0
0
0
0
0
0
0
0
-3.6305
0
0
0
0
0
0
0
0
0
3.6305
0
0
0
0
0
0
0
0
0
0
-5.1395
0
0
0
0
0
0
0
0
0
0
0
0
0
0
0
0
0
0
0
5.1395
0
0
0
0
0
0
0
0
0
-5.1395
0
0
0
0
0
0
0
0
0
0
0
0
0
0
0
0
0
0
0
0
5.1395
0
0
0
0
0
0
0
0
0
0
0
0
0
0
0
0
0
-3.6305
0
0
0
0
0
0
0
0
0
0
0
0
3.6305
