19.9786
-0.67478
-0.68252
-0.60704
-0.60704
-0.63485
-0.60075
-0.64375
-0.5426
-0.5426
-0.58341
-0.58341
-0.58341
-0.60492
-0.60689
0
-1.1058
0
0
0
0
0
-0.1045
0
0
-10.2704
0
0
0
0
-0.67478
19.4701
-0.69559
-0.62849
-0.62849
-0.67198
-0.63044
-0.68253
-0.55914
-0.55914
-0.60149
-0.60149
-0.60149
-0.63721
-0.62879
0
-1.14
0
0
0
0
0
0
0
0
0
0
0
-9.529
0
-0.68252
-0.69559
19.007
-0.63878
-0.63878
-0.65442
-0.64909
-0.67799
-0.56191
-0.56191
-0.5934
-0.5934
-0.5934
-0.60139
0
-0.42361
0
-0.3153
0
0
0
0
0
0
-10.1255
0
0
0
0
0
-0.60704
-0.62849
-0.63878
8.9012
-0.53815
-0.59123
-0.56537
-0.62571
-0.49449
-0.49449
-0.53305
-0.53305
-0.53305
-0.56207
-0.5585
0
-0.99776
0
0
0
0
0
0
0
0
0
0
0
0
0
-0.60704
-0.62849
-0.63878
-0.53815
8.9012
-0.59123
-0.56537
-0.62571
-0.49449
-0.49449
-0.53305
-0.53305
-0.53305
-0.56207
-0.5585
0
-0.99776
0
0
0
0
0
0
0
0
0
0
0
0
0
-0.63485
-0.67198
-0.65442
-0.59123
-0.59123
17.2918
-0.57807
-0.64808
-0.51129
-0.51129
-0.55214
-0.55214
-0.55214
-0.58038
-0.58148
0
0
0
0
0
0
0
0
0
0
0
0
0
0
-9.0811
-0.60075
-0.63044
-0.64909
-0.56537
-0.56537
-0.57807
8.1108
-0.6174
-0.49122
-0.49122
-0.53053
-0.53053
-0.53053
-0.54874
-0.55603
0
0
0
0
-0.22549
0
0
0
0
0
0
0
0
0
0
-0.64375
-0.68253
-0.67799
-0.62571
-0.62571
-0.64808
-0.6174
17.1768
-0.53187
-0.53187
-0.55423
-0.55423
-0.55423
-0.5733
0
0
0
0
-0.15652
0
0
0
0
-9.1994
0
0
0
0
0
0
-0.5426
-0.55914
-0.56191
-0.49449
-0.49449
-0.51129
-0.49122
-0.53187
7.0267
-0.4411
-0.47141
-0.47141
-0.47141
-0.49273
-0.49168
0
0
0
0
0
0
0
0
0
0
0
0
0
0
0
-0.5426
-0.55914
-0.56191
-0.49449
-0.49449
-0.51129
-0.49122
-0.53187
-0.4411
7.0267
-0.47141
-0.47141
-0.47141
-0.49273
-0.49168
0
0
0
0
0
0
0
0
0
0
0
0
0
0
0
-0.58341
-0.60149
-0.5934
-0.53305
-0.53305
-0.55214
-0.53053
-0.55423
-0.47141
-0.47141
6.4704
-0.52314
-0.52314
0
0
0
0
0
0
0
0
0
0
0
0
0
0
0
0
0
-0.58341
-0.60149
-0.5934
-0.53305
-0.53305
-0.55214
-0.53053
-0.55423
-0.47141
-0.47141
-0.52314
6.4704
-0.52314
0
0
0
0
0
0
0
0
0
0
0
0
0
0
0
0
0
-0.58341
-0.60149
-0.5934
-0.53305
-0.53305
-0.55214
-0.53053
-0.55423
-0.47141
-0.47141
-0.52314
-0.52314
6.4704
0
0
0
0
0
0
0
0
0
0
0
0
0
0
0
0
0
-0.60492
-0.63721
-0.60139
-0.56207
-0.56207
-0.58038
-0.54874
-0.5733
-0.49273
-0.49273
0
0
0
11.8556
0
0
0
0
0
0
0
0
0
0
0
0
0
-6.2
0
0
-0.60689
-0.62879
0
-0.5585
-0.5585
-0.58148
-0.55603
0
-0.49168
-0.49168
0
0
0
0
4.4736
0
0
0
0
0
0
0
0
0
0
0
0
0
0
0
0
0
-0.42361
0
0
0
0
0
0
0
0
0
0
0
0
1.5091
0
-0.40637
-0.26896
0
0
-0.41012
0
0
0
0
0
0
0
0
-1.1058
-1.14
0
-0.99776
-0.99776
0
0
0
0
0
0
0
0
0
0
0
4.2413
0
0
0
0
0
0
0
0
0
0
0
0
0
0
0
-0.3153
0
0
0
0
0
0
0
0
0
0
0
0
-0.40637
0
1.1315
0
0
-0.40985
0
0
0
0
0
0
0
0
0
0
0
0
0
0
0
0
-0.15652
0
0
0
0
0
0
0
-0.26896
0
0
0.53617
0
0
0
0
0
0
0
-0.11069
0
0
0
0
0
0
0
0
0
-0.22549
0
0
0
0
0
0
0
0
0
0
0
0
1.2539
0
-1.0284
0
0
0
0
0
0
0
0
0
0
0
0
0
0
0
0
0
0
0
0
0
0
0
0
0
-0.40985
0
0
1.5236
0
-1.1138
0
0
0
0
0
0
0
0
0
0
0
0
0
0
0
0
0
0
0
0
0
0
-0.41012
0
0
0
-1.0284
0
1.4385
0
0
0
0
0
0
0
0
-0.1045
0
0
0
0
0
0
0
0
0
0
0
0
0
0
0
0
0
0
0
-1.1138
0
1.2183
0
0
0
0
0
0
0
0
0
0
0
0
0
0
-9.1994
0
0
0
0
0
0
0
0
0
0
0
0
0
0
0
9.1994
0
0
0
0
0
0
0
0
-10.1255
0
0
0
0
0
0
0
0
0
0
0
0
0
0
0
0
0
0
0
0
0
10.1255
0
0
0
0
0
-10.2704
0
0
0
0
0
0
0
0
0
0
0
0
0
0
0
0
0
0
0
0
0
0
0
0
10.2704
0
0
0
0
0
0
0
0
0
0
0
0
0
0
0
0
0
0
0
0
0
0
-0.11069
0
0
0
0
0
0
0
0.11069
0
0
0
0
0
0
0
0
0
0
0
0
0
0
0
0
-6.2
0
0
0
0
0
0
0
0
0
0
0
0
0
6.2
0
0
0
-9.529
0
0
0
0
0
0
0
0
0
0
0
0
0
0
0
0
0
0
0
0
0
0
0
0
0
0
9.529
0
0
0
0
0
0
-9.0811
0
0
0
0
0
0
0
0
0
0
0
0
0
0
0
0
0
0
0
0
0
0
0
9.0811
