17.8254
-0.63918
-0.56818
-0.56818
-0.58138
-0.63416
-0.60395
-0.5993
-0.58406
-0.53859
-0.61964
-0.61964
-0.56337
-0.56337
-0.74183
-0.36551
-0.71081
-0.71081
0
0
0
0
0
-7.6134
0
0
0
0
0
0
-0.63918
13.1567
-0.5606
-0.5606
-0.57949
-0.63491
-0.59374
-0.60473
-0.58398
-0.53411
-0.62857
-0.62857
-0.55635
-0.55635
-0.64973
-0.38261
-0.69565
-0.69565
0
-3.0718
0
0
0
0
0
0
0
0
0
0
-0.56818
-0.5606
9.0846
-0.49396
-0.52191
-0.56342
-0.53345
-0.53552
-0.51876
-0.4774
-0.55659
-0.55659
-0.49727
-0.49727
-0.62758
-0.34437
-0.61584
-0.61584
0
0
0
0
0
0
0
0
0
0
0
0
-0.56818
-0.5606
-0.49396
9.0846
-0.52191
-0.56342
-0.53345
-0.53552
-0.51876
-0.4774
-0.55659
-0.55659
-0.49727
-0.49727
-0.62758
-0.34437
-0.61584
-0.61584
0
0
0
0
0
0
0
0
0
0
0
0
-0.58138
-0.57949
-0.52191
-0.52191
15.95
-0.56889
-0.54373
-0.53907
-0.52357
-0.4849
-0.55785
-0.55785
-0.50631
-0.50631
-0.6612
0
-0.63177
-0.63177
0
0
0
0
0
0
0
0
0
0
-7.032
0
-0.63416
-0.63491
-0.56342
-0.56342
-0.56889
14.4593
-0.59948
-0.59984
-0.58482
-0.53162
-0.6172
-0.6172
-0.55969
-0.55969
-0.74286
0
0
0
0
0
0
-6.082
0
0
0
0
0
0
0
0
-0.60395
-0.59374
-0.53345
-0.53345
-0.54373
-0.59948
7.8994
-0.58248
-0.5639
-0.49155
-0.58118
-0.58118
-0.51581
-0.51581
-0.65965
0
0
0
0
0
0
0
0
0
0
0
0
0
0
0
-0.5993
-0.60473
-0.53552
-0.53552
-0.53907
-0.59984
-0.58248
12.3026
-0.56474
-0.4904
-0.56415
-0.56415
-0.51751
-0.51751
0
0
0
0
0
0
0
0
0
0
0
-5.0877
0
0
0
0
-0.58406
-0.58398
-0.51876
-0.51876
-0.52357
-0.58482
-0.5639
-0.56474
7.1368
-0.47635
-0.55509
-0.55509
-0.50161
-0.50161
0
0
0
0
-0.1045
0
0
0
0
0
0
0
0
0
0
0
-0.53859
-0.53411
-0.4774
-0.4774
-0.4849
-0.53162
-0.49155
-0.4904
-0.47635
6.4181
-0.50411
-0.50411
-0.4538
-0.4538
0
0
0
0
0
0
0
0
0
0
0
0
0
0
0
0
-0.61964
-0.62857
-0.55659
-0.55659
-0.55785
-0.6172
-0.58118
-0.56415
-0.55509
-0.50411
7.962
0
0
0
0
0
0
0
0
0
0
0
-2.221
0
0
0
0
0
0
0
-0.61964
-0.62857
-0.55659
-0.55659
-0.55785
-0.6172
-0.58118
-0.56415
-0.55509
-0.50411
0
7.962
0
0
0
0
0
0
0
0
0
0
0
0
0
0
-2.221
0
0
0
-0.56337
-0.55635
-0.49727
-0.49727
-0.50631
-0.55969
-0.51581
-0.51751
-0.50161
-0.4538
0
0
5.169
0
0
0
0
0
0
0
0
0
0
0
0
0
0
0
0
0
-0.56337
-0.55635
-0.49727
-0.49727
-0.50631
-0.55969
-0.51581
-0.51751
-0.50161
-0.4538
0
0
0
5.169
0
0
0
0
0
0
0
0
0
0
0
0
0
0
0
0
-0.74183
-0.64973
-0.62758
-0.62758
-0.6612
-0.74286
-0.65965
0
0
0
0
0
0
0
11.5654
0
0
0
0
0
-6.855
0
0
0
0
0
0
0
0
0
-0.36551
-0.38261
-0.34437
-0.34437
0
0
0
0
0
0
0
0
0
0
0
15.4515
0
0
0
0
0
0
0
0
-7.0073
0
0
-7.0073
0
0
-0.71081
-0.69565
-0.61584
-0.61584
-0.63177
0
0
0
0
0
0
0
0
0
0
0
3.2699
0
0
0
0
0
0
0
0
0
0
0
0
0
-0.71081
-0.69565
-0.61584
-0.61584
-0.63177
0
0
0
0
0
0
0
0
0
0
0
0
3.2699
0
0
0
0
0
0
0
0
0
0
0
0
0
0
0
0
0
0
0
0
-0.1045
0
0
0
0
0
0
0
0
0
4.5123
-2.4085
0
0
0
0
0
0
0
0
0
-1.9994
0
-3.0718
0
0
0
0
0
0
0
0
0
0
0
0
0
0
0
0
-2.4085
7.3528
-1.8725
0
0
0
0
0
0
0
0
0
0
0
0
0
0
0
0
0
0
0
0
0
0
0
-6.855
0
0
0
0
-1.8725
8.7275
0
0
0
0
0
0
0
0
0
0
0
0
0
0
-6.082
0
0
0
0
0
0
0
0
0
0
0
0
0
0
0
6.082
0
0
0
0
0
0
0
0
0
0
0
0
0
0
0
0
0
0
-2.221
0
0
0
0
0
0
0
0
0
0
0
2.221
0
0
0
0
0
0
0
-7.6134
0
0
0
0
0
0
0
0
0
0
0
0
0
0
0
0
0
0
0
0
0
0
7.6134
0
0
0
0
0
0
0
0
0
0
0
0
0
0
0
0
0
0
0
0
0
-7.0073
0
0
0
0
0
0
0
0
7.0073
0
0
0
0
0
0
0
0
0
0
0
0
-5.0877
0
0
0
0
0
0
0
0
0
0
0
0
0
0
0
0
0
5.0877
0
0
0
0
0
0
0
0
0
0
0
0
0
0
0
-2.221
0
0
0
0
0
0
0
0
0
0
0
0
0
0
2.221
0
0
0
0
0
0
0
0
0
0
0
0
0
0
0
0
0
0
-7.0073
0
0
0
0
0
0
0
0
0
0
0
7.0073
0
0
0
0
0
0
-7.032
0
0
0
0
0
0
0
0
0
0
0
0
0
0
0
0
0
0
0
0
0
0
0
7.032
0
0
0
0
0
0
0
0
0
0
0
0
0
0
0
0
0
0
0
-1.9994
0
0
0
0
0
0
0
0
0
0
1.9994
