39.3392
-0.503
-0.43715
-0.53529
-0.55625
-0.55162
-0.55625
-0.55625
-0.47029
-0.47029
-0.47029
-0.47029
-0.48675
-0.44326
-0.49486
-0.5562
0
-1.129
-0.18727
-1.6029
-9.6207
0
0
0
0
0
-9.6207
-9.6207
0
0
-0.503
14.1764
-0.50468
-0.57593
-0.57639
-0.56824
-0.57639
-0.57639
-0.48648
-0.48648
-0.48648
-0.48648
-0.50948
-0.45658
-0.51074
-0.56149
-0.17579
0
0
-1.4638
0
0
0
0
0
-4.6716
0
0
0
0
-0.43715
-0.50468
34.0647
-0.53331
-0.567
-0.56164
-0.567
-0.567
-0.4813
-0.4813
-0.4813
-0.4813
-0.50324
-0.45102
-0.50562
0
0
0
0
0
0
0
0
-8.9806
-8.9806
0
0
0
0
-8.9806
-0.53529
-0.57593
-0.53331
12.0966
-0.62613
-0.61732
-0.62613
-0.62613
-0.52391
-0.52391
-0.52391
-0.52391
-0.55385
-0.49014
-0.55096
-0.60488
0
0
0
0
0
0
-3.6609
0
0
0
0
0
0
0
-0.55625
-0.57639
-0.567
-0.62613
8.3853
-0.63814
-0.60589
-0.60589
-0.51317
-0.51317
-0.51317
-0.51317
-0.54928
-0.47923
-0.54087
-0.58756
0
0
0
0
0
0
0
0
0
0
0
0
0
0
-0.55162
-0.56824
-0.56164
-0.61732
-0.63814
8.0378
-0.63814
-0.63814
-0.50777
-0.50777
-0.50777
-0.50777
-0.53955
-0.47272
-0.53344
0
0
0
-0.24781
0
0
0
0
0
0
0
0
0
0
0
-0.55625
-0.57639
-0.567
-0.62613
-0.60589
-0.63814
8.3853
-0.60589
-0.51317
-0.51317
-0.51317
-0.51317
-0.54928
-0.47923
-0.54087
-0.58756
0
0
0
0
0
0
0
0
0
0
0
0
0
0
-0.55625
-0.57639
-0.567
-0.62613
-0.60589
-0.63814
-0.60589
8.3853
-0.51317
-0.51317
-0.51317
-0.51317
-0.54928
-0.47923
-0.54087
-0.58756
0
0
0
0
0
0
0
0
0
0
0
0
0
0
-0.47029
-0.48648
-0.4813
-0.52391
-0.51317
-0.50777
-0.51317
-0.51317
6.5397
-0.41246
-0.41246
-0.41246
-0.45684
-0.39113
-0.44513
0
0
0
0
0
0
0
0
0
0
0
0
0
0
0
-0.47029
-0.48648
-0.4813
-0.52391
-0.51317
-0.50777
-0.51317
-0.51317
-0.41246
6.5397
-0.41246
-0.41246
-0.45684
-0.39113
-0.44513
0
0
0
0
0
0
0
0
0
0
0
0
0
0
0
-0.47029
-0.48648
-0.4813
-0.52391
-0.51317
-0.50777
-0.51317
-0.51317
-0.41246
-0.41246
6.5397
-0.41246
-0.45684
-0.39113
-0.44513
0
0
0
0
0
0
0
0
0
0
0
0
0
0
0
-0.47029
-0.48648
-0.4813
-0.52391
-0.51317
-0.50777
-0.51317
-0.51317
-0.41246
-0.41246
-0.41246
6.5397
-0.45684
-0.39113
-0.44513
0
0
0
0
0
0
0
0
0
0
0
0
0
0
0
-0.48675
-0.50948
-0.50324
-0.55385
-0.54928
-0.53955
-0.54928
-0.54928
-0.45684
-0.45684
-0.45684
-0.45684
7.471
-0.3603
0
0
0
-1.0426
0
0
0
0
0
0
0
0
0
0
0
0
-0.44326
-0.45658
-0.45102
-0.49014
-0.47923
-0.47272
-0.47923
-0.47923
-0.39113
-0.39113
-0.39113
-0.39113
-0.3603
5.6762
0
0
0
0
0
0
0
0
0
0
0
0
0
0
0
0
-0.49486
-0.51074
-0.50562
-0.55096
-0.54087
-0.53344
-0.54087
-0.54087
-0.44513
-0.44513
-0.44513
-0.44513
0
0
5.9988
0
0
0
0
0
0
0
0
0
0
0
0
0
0
0
-0.5562
-0.56149
0
-0.60488
-0.58756
0
-0.58756
-0.58756
0
0
0
0
0
0
0
3.4852
0
0
0
0
0
0
0
0
0
0
0
0
0
0
0
-0.17579
0
0
0
0
0
0
0
0
0
0
0
0
0
0
1.2481
-0.5727
0
0
0
-0.4996
0
0
0
0
0
0
0
0
-1.129
0
0
0
0
0
0
0
0
0
0
0
-1.0426
0
0
0
-0.5727
2.7444
0
0
0
0
0
0
0
0
0
0
0
0
-0.18727
0
0
0
0
-0.24781
0
0
0
0
0
0
0
0
0
0
0
0
0.53958
0
0
0
0
0
0
0
0
0
-0.1045
0
-1.6029
-1.4638
0
0
0
0
0
0
0
0
0
0
0
0
0
0
0
0
0
3.0667
0
0
0
0
0
0
0
0
0
0
-9.6207
0
0
0
0
0
0
0
0
0
0
0
0
0
0
0
0
0
0
0
9.6207
0
0
0
0
0
0
0
0
0
0
0
0
0
0
0
0
0
0
0
0
0
0
0
0
0
-0.4996
0
0
0
0
0.4996
0
0
0
0
0
0
0
0
0
0
0
-3.6609
0
0
0
0
0
0
0
0
0
0
0
0
0
0
0
0
0
0
3.6609
0
0
0
0
0
0
0
0
0
-8.9806
0
0
0
0
0
0
0
0
0
0
0
0
0
0
0
0
0
0
0
0
8.9806
0
0
0
0
0
0
0
0
-8.9806
0
0
0
0
0
0
0
0
0
0
0
0
0
0
0
0
0
0
0
0
0
8.9806
0
0
0
0
0
0
-4.6716
0
0
0
0
0
0
0
0
0
0
0
0
0
0
0
0
0
0
0
0
0
0
0
4.6716
0
0
0
0
-9.6207
0
0
0
0
0
0
0
0
0
0
0
0
0
0
0
0
0
0
0
0
0
0
0
0
0
9.6207
0
0
0
-9.6207
0
0
0
0
0
0
0
0
0
0
0
0
0
0
0
0
0
0
0
0
0
0
0
0
0
0
9.6207
0
0
0
0
0
0
0
0
0
0
0
0
0
0
0
0
0
0
0
0
-0.1045
0
0
0
0
0
0
0
0
0
0.1045
0
0
0
-8.9806
0
0
0
0
0
0
0
0
0
0
0
0
0
0
0
0
0
0
0
0
0
0
0
0
0
0
8.9806
