18.6664
-0.66716
-0.61616
-0.59037
-0.61616
-0.61616
-0.61616
-0.49331
-0.5238
-0.48952
-0.49022
-0.51119
-0.50503
-0.50503
-0.56105
-0.62708
-0.58941
0
0
-1.14
-0.12449
0
0
0
0
0
-8.384
0
0
0
-0.66716
18.1613
-0.72845
-0.70199
-0.72845
-0.72845
-0.72845
-0.59077
-0.62956
-0.5877
-0.5801
-0.59695
-0.59071
-0.59071
-0.65732
-0.74778
-0.68387
0
0
0
0
0
0
0
0
-7.6229
0
0
0
0
-0.61616
-0.72845
9.5506
-0.70415
-0.61176
-0.61176
-0.61176
-0.56891
-0.58487
-0.52872
-0.52527
-0.53501
-0.53157
-0.53157
-0.59086
-0.66385
-0.60591
0
0
0
0
0
0
0
0
0
0
0
0
0
-0.59037
-0.70199
-0.70415
28.2752
-0.70415
-0.70415
-0.70415
-0.48361
-0.5397
-0.52184
-0.51216
-0.5349
-0.53036
-0.53036
-0.60094
0
0
0
0
0
0
0
0
0
0
0
0
-9.9562
-9.9562
0
-0.61616
-0.72845
-0.61176
-0.70415
9.5506
-0.61176
-0.61176
-0.56891
-0.58487
-0.52872
-0.52527
-0.53501
-0.53157
-0.53157
-0.59086
-0.66385
-0.60591
0
0
0
0
0
0
0
0
0
0
0
0
0
-0.61616
-0.72845
-0.61176
-0.70415
-0.61176
9.5506
-0.61176
-0.56891
-0.58487
-0.52872
-0.52527
-0.53501
-0.53157
-0.53157
-0.59086
-0.66385
-0.60591
0
0
0
0
0
0
0
0
0
0
0
0
0
-0.61616
-0.72845
-0.61176
-0.70415
-0.61176
-0.61176
9.5506
-0.56891
-0.58487
-0.52872
-0.52527
-0.53501
-0.53157
-0.53157
-0.59086
-0.66385
-0.60591
0
0
0
0
0
0
0
0
0
0
0
0
0
-0.49331
-0.59077
-0.56891
-0.48361
-0.56891
-0.56891
-0.56891
25.0158
-0.39594
-0.42108
-0.41266
-0.4398
-0.4306
-0.4306
0
0
0
0
0
0
0
0
0
0
-9.3209
0
0
0
0
-9.3209
-0.5238
-0.62956
-0.58487
-0.5397
-0.58487
-0.58487
-0.58487
-0.39594
13.4382
-0.42846
-0.4237
-0.4513
-0.44161
-0.44161
0
0
0
0
-0.69623
0
0
0
0
-6.1268
0
0
0
0
0
0
-0.48952
-0.5877
-0.52872
-0.52184
-0.52872
-0.52872
-0.52872
-0.42108
-0.42846
7.7117
-0.39182
-0.42665
-0.42025
-0.42025
-0.4621
0
0
0
0
-1.0271
0
0
0
0
0
0
0
0
0
0
-0.49022
-0.5801
-0.52527
-0.51216
-0.52527
-0.52527
-0.52527
-0.41266
-0.4237
-0.39182
6.8287
-0.42356
-0.41719
-0.41719
-0.45961
0
0
-0.19939
0
0
0
0
0
0
0
0
0
0
0
0
-0.51119
-0.59695
-0.53501
-0.5349
-0.53501
-0.53501
-0.53501
-0.4398
-0.4513
-0.42665
-0.42356
6.8674
-0.43308
-0.43308
-0.47686
0
0
0
0
0
0
0
0
0
0
0
0
0
0
0
-0.50503
-0.59071
-0.53157
-0.53036
-0.53157
-0.53157
-0.53157
-0.4306
-0.44161
-0.42025
-0.41719
-0.43308
6.2982
-0.40309
0
0
0
0
0
0
0
0
0
0
0
0
0
0
0
0
-0.50503
-0.59071
-0.53157
-0.53036
-0.53157
-0.53157
-0.53157
-0.4306
-0.44161
-0.42025
-0.41719
-0.43308
-0.40309
6.2982
0
0
0
0
0
0
0
0
0
0
0
0
0
0
0
0
-0.56105
-0.65732
-0.59086
-0.60094
-0.59086
-0.59086
-0.59086
0
0
-0.4621
-0.45961
-0.47686
0
0
5.5813
0
0
0
0
0
0
0
0
0
0
0
0
0
0
0
-0.62708
-0.74778
-0.66385
0
-0.66385
-0.66385
-0.66385
0
0
0
0
0
0
0
0
4.8179
0
0
-0.78769
0
0
0
0
0
0
0
0
0
0
0
-0.58941
-0.68387
-0.60591
0
-0.60591
-0.60591
-0.60591
0
0
0
0
0
0
0
0
0
3.6969
0
0
0
0
0
0
0
0
0
0
0
0
0
0
0
0
0
0
0
0
0
0
0
-0.19939
0
0
0
0
0
0
2.0959
0
-0.95178
0
0
-0.9447
0
0
0
0
0
0
0
0
0
0
0
0
0
0
0
-0.69623
0
0
0
0
0
0
-0.78769
0
0
1.9028
0
-0.41887
0
0
0
0
0
0
0
0
0
-1.14
0
0
0
0
0
0
0
0
-1.0271
0
0
0
0
0
0
0
-0.95178
0
3.1189
0
0
0
0
0
0
0
0
0
0
-0.12449
0
0
0
0
0
0
0
0
0
0
0
0
0
0
0
0
0
-0.41887
0
0.96691
-0.42356
0
0
0
0
0
0
0
0
0
0
0
0
0
0
0
0
0
0
0
0
0
0
0
0
0
0
0
0
-0.42356
0.42356
0
0
0
0
0
0
0
0
0
0
0
0
0
0
0
0
0
0
0
0
0
0
0
0
0
-0.9447
0
0
0
0
0.9447
0
0
0
0
0
0
0
0
0
0
0
0
0
0
0
-6.1268
0
0
0
0
0
0
0
0
0
0
0
0
0
0
6.1268
0
0
0
0
0
0
0
0
0
0
0
0
0
-9.3209
0
0
0
0
0
0
0
0
0
0
0
0
0
0
0
0
9.3209
0
0
0
0
0
0
-7.6229
0
0
0
0
0
0
0
0
0
0
0
0
0
0
0
0
0
0
0
0
0
0
0
7.6229
0
0
0
0
-8.384
0
0
0
0
0
0
0
0
0
0
0
0
0
0
0
0
0
0
0
0
0
0
0
0
0
8.384
0
0
0
0
0
0
-9.9562
0
0
0
0
0
0
0
0
0
0
0
0
0
0
0
0
0
0
0
0
0
0
0
9.9562
0
0
0
0
0
-9.9562
0
0
0
0
0
0
0
0
0
0
0
0
0
0
0
0
0
0
0
0
0
0
0
0
9.9562
0
0
0
0
0
0
0
0
-9.3209
0
0
0
0
0
0
0
0
0
0
0
0
0
0
0
0
0
0
0
0
0
9.3209
