27.0068
-1.0269
-1.0241
-1.0249
-0.9157
-0.92202
-0.9157
-0.9157
-0.9157
-0.9157
-0.75425
-0.83104
-0.75425
-0.75425
-0.75425
-0.76913
-0.86149
-0.86149
-0.90986
0
0
0
-1.4356
0
-9.7447
0
0
0
0
0
-1.0269
16.8094
-1.0636
-1.0555
-0.92897
-0.94317
-0.92897
-0.92897
-0.92897
-0.92897
-0.76489
-0.88644
-0.76489
-0.76489
-0.76489
-0.80765
-0.87478
-0.87478
-0.91744
0
-0.65471
0
0
0
0
0
0
0
0
0
-1.0241
-1.0636
17.3675
-1.0637
-0.94168
-0.95368
-0.94168
-0.94168
-0.94168
-0.94168
-0.76458
-0.87566
-0.76458
-0.76458
-0.76458
-0.80755
-0.88215
-0.88215
0
-0.61374
0
-1.4345
0
0
0
0
0
0
0
0
-1.0249
-1.0555
-1.0637
16.8235
-0.92831
-0.95105
-0.92831
-0.92831
-0.92831
-0.92831
-0.76576
-0.87579
-0.76576
-0.76576
-0.76576
-0.8125
-0.87381
-0.87381
-0.91731
-0.67046
0
0
0
0
0
0
0
0
0
0
-0.9157
-0.92897
-0.94168
-0.92831
14.1966
-0.84243
-0.78596
-0.78596
-0.78596
-0.78596
-0.66236
-0.79736
-0.66236
-0.66236
-0.66236
-0.7103
-0.76937
-0.76937
-0.79986
0
0
0
0
0
0
0
0
0
0
0
-0.92202
-0.94317
-0.95368
-0.95105
-0.84243
14.2392
-0.84243
-0.84243
-0.84243
-0.84243
-0.6636
-0.78066
-0.6636
-0.6636
-0.6636
-0.70208
-0.7695
-0.7695
0
0
-0.58105
0
0
0
0
0
0
0
0
0
-0.9157
-0.92897
-0.94168
-0.92831
-0.78596
-0.84243
14.1966
-0.78596
-0.78596
-0.78596
-0.66236
-0.79736
-0.66236
-0.66236
-0.66236
-0.7103
-0.76937
-0.76937
-0.79986
0
0
0
0
0
0
0
0
0
0
0
-0.9157
-0.92897
-0.94168
-0.92831
-0.78596
-0.84243
-0.78596
14.1966
-0.78596
-0.78596
-0.66236
-0.79736
-0.66236
-0.66236
-0.66236
-0.7103
-0.76937
-0.76937
-0.79986
0
0
0
0
0
0
0
0
0
0
0
-0.9157
-0.92897
-0.94168
-0.92831
-0.78596
-0.84243
-0.78596
-0.78596
14.1966
-0.78596
-0.66236
-0.79736
-0.66236
-0.66236
-0.66236
-0.7103
-0.76937
-0.76937
-0.79986
0
0
0
0
0
0
0
0
0
0
0
-0.9157
-0.92897
-0.94168
-0.92831
-0.78596
-0.84243
-0.78596
-0.78596
-0.78596
14.1966
-0.66236
-0.79736
-0.66236
-0.66236
-0.66236
-0.7103
-0.76937
-0.76937
-0.79986
0
0
0
0
0
0
0
0
0
0
0
-0.75425
-0.76489
-0.76458
-0.76576
-0.66236
-0.6636
-0.66236
-0.66236
-0.66236
-0.66236
11.0279
-0.62234
-0.53065
-0.53065
-0.53065
-0.55747
-0.61564
-0.61564
0
0
0
0
0
0
0
0
0
0
0
0
-0.83104
-0.88644
-0.87566
-0.87579
-0.79736
-0.78066
-0.79736
-0.79736
-0.79736
-0.79736
-0.62234
20.7553
-0.62234
-0.62234
-0.62234
-0.48545
0
0
0
-0.49564
0
0
0
0
0
0
-9.0484
0
0
0
-0.75425
-0.76489
-0.76458
-0.76576
-0.66236
-0.6636
-0.66236
-0.66236
-0.66236
-0.66236
-0.53065
-0.62234
11.0279
-0.53065
-0.53065
-0.55747
-0.61564
-0.61564
0
0
0
0
0
0
0
0
0
0
0
0
-0.75425
-0.76489
-0.76458
-0.76576
-0.66236
-0.6636
-0.66236
-0.66236
-0.66236
-0.66236
-0.53065
-0.62234
-0.53065
11.0279
-0.53065
-0.55747
-0.61564
-0.61564
0
0
0
0
0
0
0
0
0
0
0
0
-0.75425
-0.76489
-0.76458
-0.76576
-0.66236
-0.6636
-0.66236
-0.66236
-0.66236
-0.66236
-0.53065
-0.62234
-0.53065
-0.53065
11.0279
-0.55747
-0.61564
-0.61564
0
0
0
0
0
0
0
0
0
0
0
0
-0.76913
-0.80765
-0.80755
-0.8125
-0.7103
-0.70208
-0.7103
-0.7103
-0.7103
-0.7103
-0.55747
-0.48545
-0.55747
-0.55747
-0.55747
19.2138
0
0
0
0
0
0
0
0
0
-9.0481
0
0
0
0
-0.86149
-0.87478
-0.88215
-0.87381
-0.76937
-0.7695
-0.76937
-0.76937
-0.76937
-0.76937
-0.61564
0
-0.61564
-0.61564
-0.61564
0
10.5711
0
0
0
0
0
0
0
0
0
0
0
0
0
-0.86149
-0.87478
-0.88215
-0.87381
-0.76937
-0.7695
-0.76937
-0.76937
-0.76937
-0.76937
-0.61564
0
-0.61564
-0.61564
-0.61564
0
0
10.5711
0
0
0
0
0
0
0
0
0
0
0
0
-0.90986
-0.91744
0
-0.91731
-0.79986
0
-0.79986
-0.79986
-0.79986
-0.79986
0
0
0
0
0
0
0
0
6.7439
0
0
0
0
0
0
0
0
0
0
0
0
0
-0.61374
-0.67046
0
0
0
0
0
0
0
-0.49564
0
0
0
0
0
0
0
13.1869
0
0
0
0
0
0
0
-5.7035
-5.7035
0
0
-0.65471
0
0
0
-0.58105
0
0
0
0
0
0
0
0
0
0
0
0
0
0
1.8781
0
0
0
0
0
0
0
0
-0.64236
0
0
-1.4345
0
0
0
0
0
0
0
0
0
0
0
0
0
0
0
0
0
0
3.6976
0
-2.2631
0
0
0
0
0
0
-1.4356
0
0
0
0
0
0
0
0
0
0
0
0
0
0
0
0
0
0
0
0
0
3.6615
-2.2258
0
0
0
0
0
0
0
0
0
0
0
0
0
0
0
0
0
0
0
0
0
0
0
0
0
0
0
-2.2631
-2.2258
4.4889
0
0
0
0
0
0
-9.7447
0
0
0
0
0
0
0
0
0
0
0
0
0
0
0
0
0
0
0
0
0
0
0
9.7447
0
0
0
0
0
0
0
0
0
0
0
0
0
0
0
0
0
0
0
0
-9.0481
0
0
0
0
0
0
0
0
0
9.0481
0
0
0
0
0
0
0
0
0
0
0
0
0
0
0
-9.0484
0
0
0
0
0
0
0
0
0
0
0
0
0
0
9.0484
0
0
0
0
0
0
0
0
0
0
0
0
0
0
0
0
0
0
0
0
0
0
-5.7035
0
0
0
0
0
0
0
5.7035
0
0
0
0
0
0
0
0
0
0
0
0
0
0
0
0
0
0
0
0
0
-5.7035
0
0
0
0
0
0
0
0
5.7035
0
0
0
0
0
0
0
0
0
0
0
0
0
0
0
0
0
0
0
0
0
-0.64236
0
0
0
0
0
0
0
0
0.64236
