27.3277
-0.82209
-0.82209
-0.81236
-0.78376
-0.78376
-0.78376
-0.72882
-0.85072
-0.78877
-0.79415
-0.87117
-0.79661
-0.82152
-0.82152
-0.74237
-0.84682
-0.84682
-0.72692
0
-0.83446
-0.92582
-0.92582
0
0
-10.1975
0
0
0
0
-0.82209
16.3876
-0.81927
-0.82284
-0.78827
-0.78827
-0.78827
-0.7326
-0.87088
-0.80835
-0.79819
-0.87395
-0.80798
-0.82524
-0.82524
-0.77435
-0.84665
-0.84665
-0.72541
0
0
-0.91156
-0.91156
0
0
0
0
0
0
0
-0.82209
-0.81927
16.3876
-0.82284
-0.78827
-0.78827
-0.78827
-0.7326
-0.87088
-0.80835
-0.79819
-0.87395
-0.80798
-0.82524
-0.82524
-0.77435
-0.84665
-0.84665
-0.72541
0
0
-0.91156
-0.91156
0
0
0
0
0
0
0
-0.81236
-0.82284
-0.82284
15.969
-0.78652
-0.78652
-0.78652
-0.73035
-0.86034
-0.79867
-0.79712
-0.86645
-0.80644
-0.82489
-0.82489
-0.76083
-0.8487
-0.8487
-0.72796
-1.4561
0
0
0
0
0
0
0
0
0
0
-0.78376
-0.78827
-0.78827
-0.78652
13.8504
-0.73179
-0.73179
-0.6924
-0.82251
-0.76331
-0.75862
-0.82916
-0.77664
-0.78327
-0.78327
-0.73266
-0.80463
-0.80463
-0.68886
0
0
0
0
0
0
0
0
0
0
0
-0.78376
-0.78827
-0.78827
-0.78652
-0.73179
13.8504
-0.73179
-0.6924
-0.82251
-0.76331
-0.75862
-0.82916
-0.77664
-0.78327
-0.78327
-0.73266
-0.80463
-0.80463
-0.68886
0
0
0
0
0
0
0
0
0
0
0
-0.78376
-0.78827
-0.78827
-0.78652
-0.73179
-0.73179
13.8504
-0.6924
-0.82251
-0.76331
-0.75862
-0.82916
-0.77664
-0.78327
-0.78327
-0.73266
-0.80463
-0.80463
-0.68886
0
0
0
0
0
0
0
0
0
0
0
-0.72882
-0.7326
-0.7326
-0.73035
-0.6924
-0.6924
-0.6924
12.2072
-0.74999
-0.69749
-0.69821
-0.75823
-0.71097
-0.71959
-0.71959
-0.66992
-0.74084
-0.74084
0
0
0
0
0
0
0
0
0
0
0
0
-0.85072
-0.87088
-0.87088
-0.86034
-0.82251
-0.82251
-0.82251
-0.74999
19.9383
-0.83145
-0.83054
-0.90082
-0.85523
-0.86538
-0.86538
0
0
0
0
0
0
0
0
0
-8.1192
0
0
0
0
0
-0.78877
-0.80835
-0.80835
-0.79867
-0.76331
-0.76331
-0.76331
-0.69749
-0.83145
17.7475
-0.79605
-0.76563
0
-0.77051
-0.77051
0
0
0
0
0
0
0
0
0
0
0
-7.6218
0
0
0
-0.79415
-0.79819
-0.79819
-0.79712
-0.75862
-0.75862
-0.75862
-0.69821
-0.83054
-0.79605
10.9226
-0.80444
-0.77721
-0.77633
-0.77633
0
0
0
0
0
0
0
0
0
0
0
0
0
0
0
-0.87117
-0.87395
-0.87395
-0.86645
-0.82916
-0.82916
-0.82916
-0.75823
-0.90082
-0.76563
-0.80444
9.6136
0
0
0
0
0
0
0
0
0
0
0
-0.41142
0
0
0
0
0
0
-0.79661
-0.80798
-0.80798
-0.80644
-0.77664
-0.77664
-0.77664
-0.71097
-0.85523
0
-0.77721
0
9.2426
0
0
0
0
0
0
-1.3503
0
0
0
0
0
0
0
0
0
0
-0.82152
-0.82524
-0.82524
-0.82489
-0.78327
-0.78327
-0.78327
-0.71959
-0.86538
-0.77051
-0.77633
0
0
8.7785
0
0
0
0
0
0
0
0
0
0
0
0
0
0
0
0
-0.82152
-0.82524
-0.82524
-0.82489
-0.78327
-0.78327
-0.78327
-0.71959
-0.86538
-0.77051
-0.77633
0
0
0
8.7785
0
0
0
0
0
0
0
0
0
0
0
0
0
0
0
-0.74237
-0.77435
-0.77435
-0.76083
-0.73266
-0.73266
-0.73266
-0.66992
0
0
0
0
0
0
0
11.2412
0
0
0
0
-0.71407
0
0
0
0
0
0
0
-4.6074
0
-0.84682
-0.84665
-0.84665
-0.8487
-0.80463
-0.80463
-0.80463
-0.74084
0
0
0
0
0
0
0
0
6.5435
0
0
0
0
0
0
0
0
0
0
0
0
0
-0.84682
-0.84665
-0.84665
-0.8487
-0.80463
-0.80463
-0.80463
-0.74084
0
0
0
0
0
0
0
0
0
6.5435
0
0
0
0
0
0
0
0
0
0
0
0
-0.72692
-0.72541
-0.72541
-0.72796
-0.68886
-0.68886
-0.68886
0
0
0
0
0
0
0
0
0
0
0
4.9723
0
0
0
0
0
0
0
0
0
0
0
0
0
0
-1.4561
0
0
0
0
0
0
0
0
-1.3503
0
0
0
0
0
0
5.101
0
0
0
0
0
0
0
0
0
-2.2946
-0.83446
0
0
0
0
0
0
0
0
0
0
0
0
0
0
-0.71407
0
0
0
0
3.2393
0
0
-1.6907
0
0
0
0
0
0
-0.92582
-0.91156
-0.91156
0
0
0
0
0
0
0
0
0
0
0
0
0
0
0
0
0
0
2.7489
0
0
0
0
0
0
0
0
-0.92582
-0.91156
-0.91156
0
0
0
0
0
0
0
0
0
0
0
0
0
0
0
0
0
0
0
2.7489
0
0
0
0
0
0
0
0
0
0
0
0
0
0
0
0
0
0
-0.41142
0
0
0
0
0
0
0
0
-1.6907
0
0
2.6356
0
0
0
-0.5334
0
0
0
0
0
0
0
0
0
0
-8.1192
0
0
0
0
0
0
0
0
0
0
0
0
0
0
0
8.1192
0
0
0
0
0
-10.1975
0
0
0
0
0
0
0
0
0
0
0
0
0
0
0
0
0
0
0
0
0
0
0
0
10.1975
0
0
0
0
0
0
0
0
0
0
0
0
0
-7.6218
0
0
0
0
0
0
0
0
0
0
0
0
0
0
0
0
7.6218
0
0
0
0
0
0
0
0
0
0
0
0
0
0
0
0
0
0
0
0
0
0
0
0
0
0
-0.5334
0
0
0
0.5334
0
0
0
0
0
0
0
0
0
0
0
0
0
0
0
0
0
-4.6074
0
0
0
0
0
0
0
0
0
0
0
0
4.6074
0
0
0
0
0
0
0
0
0
0
0
0
0
0
0
0
0
0
0
0
-2.2946
0
0
0
0
0
0
0
0
0
2.2946
