12.1312
-0.89314
-0.76068
-0.80824
-0.76068
-0.76068
-0.76068
-0.71033
-0.69713
-0.73601
-0.61882
-0.61882
-0.61882
-0.61882
-0.61882
-0.93881
-0.69362
-0.51714
0
0
0
0
0
0
0
0
0
0
0
0
-0.89314
23.1922
-0.80498
-0.83911
-0.80498
-0.80498
-0.80498
-0.74227
-0.74412
-0.76537
-0.65056
-0.65056
-0.65056
-0.65056
-0.65056
-0.95584
0
0
0
0
0
-1.338
0
-10.4416
0
0
0
0
0
0
-0.76068
-0.80498
10.5246
-0.7821
-0.66122
-0.66122
-0.66122
-0.63352
-0.63264
-0.66278
-0.55679
-0.55679
-0.55679
-0.55679
-0.55679
-0.85845
-0.62178
0
0
0
0
0
0
0
0
0
0
0
0
0
-0.80824
-0.83911
-0.7821
32.8899
-0.7821
-0.7821
-0.7821
-0.63439
-0.63634
-0.65989
-0.58001
-0.58001
-0.58001
-0.58001
-0.58001
0
0
0
0
0
0
0
0
0
0
0
-11.6417
-11.6417
0
0
-0.76068
-0.80498
-0.66122
-0.7821
10.5246
-0.66122
-0.66122
-0.63352
-0.63264
-0.66278
-0.55679
-0.55679
-0.55679
-0.55679
-0.55679
-0.85845
-0.62178
0
0
0
0
0
0
0
0
0
0
0
0
0
-0.76068
-0.80498
-0.66122
-0.7821
-0.66122
10.5246
-0.66122
-0.63352
-0.63264
-0.66278
-0.55679
-0.55679
-0.55679
-0.55679
-0.55679
-0.85845
-0.62178
0
0
0
0
0
0
0
0
0
0
0
0
0
-0.76068
-0.80498
-0.66122
-0.7821
-0.66122
-0.66122
10.5246
-0.63352
-0.63264
-0.66278
-0.55679
-0.55679
-0.55679
-0.55679
-0.55679
-0.85845
-0.62178
0
0
0
0
0
0
0
0
0
0
0
0
0
-0.71033
-0.74227
-0.63352
-0.63439
-0.63352
-0.63352
-0.63352
8.7481
-0.57555
-0.59691
-0.51265
-0.51265
-0.51265
-0.51265
-0.51265
0
0
0
-0.39139
0
0
0
0
0
0
0
0
0
0
0
-0.69713
-0.74412
-0.63264
-0.63634
-0.63264
-0.63264
-0.63264
-0.57555
8.7705
-0.598
-0.51214
-0.51214
-0.51214
-0.51214
-0.51214
0
0
-0.42816
0
0
0
0
0
0
0
0
0
0
0
0
-0.73601
-0.76537
-0.66278
-0.65989
-0.66278
-0.66278
-0.66278
-0.59691
-0.598
18.1755
-0.53819
-0.53819
-0.53819
-0.53819
-0.53819
0
0
0
0
0
0
0
0
0
0
0
0
0
0
-9.4772
-0.61882
-0.65056
-0.55679
-0.58001
-0.55679
-0.55679
-0.55679
-0.51265
-0.51214
-0.53819
7.3162
-0.41917
-0.41917
-0.41917
-0.41917
0
0
0
0
0
0
0
0
0
0
0
0
0
0
0
-0.61882
-0.65056
-0.55679
-0.58001
-0.55679
-0.55679
-0.55679
-0.51265
-0.51214
-0.53819
-0.41917
7.3162
-0.41917
-0.41917
-0.41917
0
0
0
0
0
0
0
0
0
0
0
0
0
0
0
-0.61882
-0.65056
-0.55679
-0.58001
-0.55679
-0.55679
-0.55679
-0.51265
-0.51214
-0.53819
-0.41917
-0.41917
7.3162
-0.41917
-0.41917
0
0
0
0
0
0
0
0
0
0
0
0
0
0
0
-0.61882
-0.65056
-0.55679
-0.58001
-0.55679
-0.55679
-0.55679
-0.51265
-0.51214
-0.53819
-0.41917
-0.41917
-0.41917
7.3162
-0.41917
0
0
0
0
0
0
0
0
0
0
0
0
0
0
0
-0.61882
-0.65056
-0.55679
-0.58001
-0.55679
-0.55679
-0.55679
-0.51265
-0.51214
-0.53819
-0.41917
-0.41917
-0.41917
-0.41917
7.3162
0
0
0
0
0
0
0
0
0
0
0
0
0
0
0
-0.93881
-0.95584
-0.85845
0
-0.85845
-0.85845
-0.85845
0
0
0
0
0
0
0
0
9.5001
0
0
0
0
0
0
0
0
-4.1716
0
0
0
0
0
-0.69362
0
-0.62178
0
-0.62178
-0.62178
-0.62178
0
0
0
0
0
0
0
0
0
3.3867
0
0
-0.20593
0
0
0
0
0
0
0
0
0
0
-0.51714
0
0
0
0
0
0
0
-0.42816
0
0
0
0
0
0
0
0
2.7137
-0.70036
-0.40682
-0.66121
0
0
0
0
0
0
0
0
0
0
0
0
0
0
0
0
-0.39139
0
0
0
0
0
0
0
0
0
-0.70036
2.0368
0
0
0
0
0
0
0
0
0
-0.9451
0
0
0
0
0
0
0
0
0
0
0
0
0
0
0
0
0
-0.20593
-0.40682
0
0.84363
0
0
0
0
0
-0.23088
0
0
0
0
0
0
0
0
0
0
0
0
0
0
0
0
0
0
0
0
0
-0.66121
0
0
4.8172
0
-4.156
0
0
0
0
0
0
0
0
-1.338
0
0
0
0
0
0
0
0
0
0
0
0
0
0
0
0
0
0
0
4.3735
-3.0355
0
0
0
0
0
0
0
0
0
0
0
0
0
0
0
0
0
0
0
0
0
0
0
0
0
0
0
-4.156
-3.0355
7.1915
0
0
0
0
0
0
0
0
-10.4416
0
0
0
0
0
0
0
0
0
0
0
0
0
0
0
0
0
0
0
0
0
10.4416
0
0
0
0
0
0
0
0
0
0
0
0
0
0
0
0
0
0
0
0
0
-4.1716
0
0
0
0
0
0
0
0
4.1716
0
0
0
0
0
0
0
0
0
0
0
0
0
0
0
0
0
0
0
0
0
0
0
0
-0.23088
0
0
0
0
0
0.23088
0
0
0
0
0
0
0
-11.6417
0
0
0
0
0
0
0
0
0
0
0
0
0
0
0
0
0
0
0
0
0
0
11.6417
0
0
0
0
0
0
-11.6417
0
0
0
0
0
0
0
0
0
0
0
0
0
0
0
0
0
0
0
0
0
0
0
11.6417
0
0
0
0
0
0
0
0
0
0
0
0
0
0
0
0
0
0
0
0
-0.9451
0
0
0
0
0
0
0
0
0
0.9451
0
0
0
0
0
0
0
0
0
0
-9.4772
0
0
0
0
0
0
0
0
0
0
0
0
0
0
0
0
0
0
0
9.4772
