34.9096
-1.2472
-1.2472
-1.0909
-1.0909
-1.0909
-1.0909
-1.0909
-1.0909
-1.0909
-1.0909
-1.0909
-1.0909
-1.0909
-1.0909
-1.0909
-0.87073
-0.87073
-0.87073
-1.0114
-1.0114
-1.0114
-1.0114
-1.0448
-1.0448
-1.0538
0
0
-4.2162
-4.2162
-1.2472
33.2765
-1.3764
-1.2073
-1.2073
-1.2073
-1.2073
-1.2073
-1.2073
-1.2073
-1.2073
-1.2073
-1.2073
-1.2073
-1.2073
-1.2073
-0.97801
-0.97801
-0.97801
-1.1301
-1.1301
-1.1301
-1.1301
-1.1635
-1.1635
-1.1706
0
-4.0056
0
0
-1.2472
-1.3764
33.2765
-1.2073
-1.2073
-1.2073
-1.2073
-1.2073
-1.2073
-1.2073
-1.2073
-1.2073
-1.2073
-1.2073
-1.2073
-1.2073
-0.97801
-0.97801
-0.97801
-1.1301
-1.1301
-1.1301
-1.1301
-1.1635
-1.1635
-1.1706
-4.0056
0
0
0
-1.0909
-1.2073
-1.2073
24.3896
-0.99603
-0.99603
-0.99603
-0.99603
-0.99603
-0.99603
-0.99603
-0.99603
-0.99603
-0.99603
-0.99603
-0.99603
-0.79478
-0.79478
-0.79478
-0.92098
-0.92098
-0.92098
-0.92098
-0.95166
-0.95166
-0.96009
0
0
0
0
-1.0909
-1.2073
-1.2073
-0.99603
24.3896
-0.99603
-0.99603
-0.99603
-0.99603
-0.99603
-0.99603
-0.99603
-0.99603
-0.99603
-0.99603
-0.99603
-0.79478
-0.79478
-0.79478
-0.92098
-0.92098
-0.92098
-0.92098
-0.95166
-0.95166
-0.96009
0
0
0
0
-1.0909
-1.2073
-1.2073
-0.99603
-0.99603
24.3896
-0.99603
-0.99603
-0.99603
-0.99603
-0.99603
-0.99603
-0.99603
-0.99603
-0.99603
-0.99603
-0.79478
-0.79478
-0.79478
-0.92098
-0.92098
-0.92098
-0.92098
-0.95166
-0.95166
-0.96009
0
0
0
0
-1.0909
-1.2073
-1.2073
-0.99603
-0.99603
-0.99603
24.3896
-0.99603
-0.99603
-0.99603
-0.99603
-0.99603
-0.99603
-0.99603
-0.99603
-0.99603
-0.79478
-0.79478
-0.79478
-0.92098
-0.92098
-0.92098
-0.92098
-0.95166
-0.95166
-0.96009
0
0
0
0
-1.0909
-1.2073
-1.2073
-0.99603
-0.99603
-0.99603
-0.99603
24.3896
-0.99603
-0.99603
-0.99603
-0.99603
-0.99603
-0.99603
-0.99603
-0.99603
-0.79478
-0.79478
-0.79478
-0.92098
-0.92098
-0.92098
-0.92098
-0.95166
-0.95166
-0.96009
0
0
0
0
-1.0909
-1.2073
-1.2073
-0.99603
-0.99603
-0.99603
-0.99603
-0.99603
24.3896
-0.99603
-0.99603
-0.99603
-0.99603
-0.99603
-0.99603
-0.99603
-0.79478
-0.79478
-0.79478
-0.92098
-0.92098
-0.92098
-0.92098
-0.95166
-0.95166
-0.96009
0
0
0
0
-1.0909
-1.2073
-1.2073
-0.99603
-0.99603
-0.99603
-0.99603
-0.99603
-0.99603
24.3896
-0.99603
-0.99603
-0.99603
-0.99603
-0.99603
-0.99603
-0.79478
-0.79478
-0.79478
-0.92098
-0.92098
-0.92098
-0.92098
-0.95166
-0.95166
-0.96009
0
0
0
0
-1.0909
-1.2073
-1.2073
-0.99603
-0.99603
-0.99603
-0.99603
-0.99603
-0.99603
-0.99603
24.3896
-0.99603
-0.99603
-0.99603
-0.99603
-0.99603
-0.79478
-0.79478
-0.79478
-0.92098
-0.92098
-0.92098
-0.92098
-0.95166
-0.95166
-0.96009
0
0
0
0
-1.0909
-1.2073
-1.2073
-0.99603
-0.99603
-0.99603
-0.99603
-0.99603
-0.99603
-0.99603
-0.99603
24.3896
-0.99603
-0.99603
-0.99603
-0.99603
-0.79478
-0.79478
-0.79478
-0.92098
-0.92098
-0.92098
-0.92098
-0.95166
-0.95166
-0.96009
0
0
0
0
-1.0909
-1.2073
-1.2073
-0.99603
-0.99603
-0.99603
-0.99603
-0.99603
-0.99603
-0.99603
-0.99603
-0.99603
24.3896
-0.99603
-0.99603
-0.99603
-0.79478
-0.79478
-0.79478
-0.92098
-0.92098
-0.92098
-0.92098
-0.95166
-0.95166
-0.96009
0
0
0
0
-1.0909
-1.2073
-1.2073
-0.99603
-0.99603
-0.99603
-0.99603
-0.99603
-0.99603
-0.99603
-0.99603
-0.99603
-0.99603
24.3896
-0.99603
-0.99603
-0.79478
-0.79478
-0.79478
-0.92098
-0.92098
-0.92098
-0.92098
-0.95166
-0.95166
-0.96009
0
0
0
0
-1.0909
-1.2073
-1.2073
-0.99603
-0.99603
-0.99603
-0.99603
-0.99603
-0.99603
-0.99603
-0.99603
-0.99603
-0.99603
-0.99603
24.3896
-0.99603
-0.79478
-0.79478
-0.79478
-0.92098
-0.92098
-0.92098
-0.92098
-0.95166
-0.95166
-0.96009
0
0
0
0
-1.0909
-1.2073
-1.2073
-0.99603
-0.99603
-0.99603
-0.99603
-0.99603
-0.99603
-0.99603
-0.99603
-0.99603
-0.99603
-0.99603
-0.99603
24.3896
-0.79478
-0.79478
-0.79478
-0.92098
-0.92098
-0.92098
-0.92098
-0.95166
-0.95166
-0.96009
0
0
0
0
-0.87073
-0.97801
-0.97801
-0.79478
-0.79478
-0.79478
-0.79478
-0.79478
-0.79478
-0.79478
-0.79478
-0.79478
-0.79478
-0.79478
-0.79478
-0.79478
18.6015
-0.6045
-0.6045
-0.69812
-0.69812
-0.69812
-0.69812
-0.72055
-0.72055
0
0
0
0
0
-0.87073
-0.97801
-0.97801
-0.79478
-0.79478
-0.79478
-0.79478
-0.79478
-0.79478
-0.79478
-0.79478
-0.79478
-0.79478
-0.79478
-0.79478
-0.79478
-0.6045
18.6015
-0.6045
-0.69812
-0.69812
-0.69812
-0.69812
-0.72055
-0.72055
0
0
0
0
0
-0.87073
-0.97801
-0.97801
-0.79478
-0.79478
-0.79478
-0.79478
-0.79478
-0.79478
-0.79478
-0.79478
-0.79478
-0.79478
-0.79478
-0.79478
-0.79478
-0.6045
-0.6045
18.6015
-0.69812
-0.69812
-0.69812
-0.69812
-0.72055
-0.72055
0
0
0
0
0
-1.0114
-1.1301
-1.1301
-0.92098
-0.92098
-0.92098
-0.92098
-0.92098
-0.92098
-0.92098
-0.92098
-0.92098
-0.92098
-0.92098
-0.92098
-0.92098
-0.69812
-0.69812
-0.69812
19.8845
-0.84857
-0.84857
-0.84857
0
0
0
0
0
0
0
-1.0114
-1.1301
-1.1301
-0.92098
-0.92098
-0.92098
-0.92098
-0.92098
-0.92098
-0.92098
-0.92098
-0.92098
-0.92098
-0.92098
-0.92098
-0.92098
-0.69812
-0.69812
-0.69812
-0.84857
19.8845
-0.84857
-0.84857
0
0
0
0
0
0
0
-1.0114
-1.1301
-1.1301
-0.92098
-0.92098
-0.92098
-0.92098
-0.92098
-0.92098
-0.92098
-0.92098
-0.92098
-0.92098
-0.92098
-0.92098
-0.92098
-0.69812
-0.69812
-0.69812
-0.84857
-0.84857
19.8845
-0.84857
0
0
0
0
0
0
0
-1.0114
-1.1301
-1.1301
-0.92098
-0.92098
-0.92098
-0.92098
-0.92098
-0.92098
-0.92098
-0.92098
-0.92098
-0.92098
-0.92098
-0.92098
-0.92098
-0.69812
-0.69812
-0.69812
-0.84857
-0.84857
-0.84857
19.8845
0
0
0
0
0
0
0
-1.0448
-1.1635
-1.1635
-0.95166
-0.95166
-0.95166
-0.95166
-0.95166
-0.95166
-0.95166
-0.95166
-0.95166
-0.95166
-0.95166
-0.95166
-0.95166
-0.72055
-0.72055
-0.72055
0
0
0
0
17.9051
0
0
0
0
0
0
-1.0448
-1.1635
-1.1635
-0.95166
-0.95166
-0.95166
-0.95166
-0.95166
-0.95166
-0.95166
-0.95166
-0.95166
-0.95166
-0.95166
-0.95166
-0.95166
-0.72055
-0.72055
-0.72055
0
0
0
0
0
17.9051
0
0
0
0
0
-1.0538
-1.1706
-1.1706
-0.96009
-0.96009
-0.96009
-0.96009
-0.96009
-0.96009
-0.96009
-0.96009
-0.96009
-0.96009
-0.96009
-0.96009
-0.96009
0
0
0
0
0
0
0
0
0
15.8761
0
0
0
0
0
0
-4.0056
0
0
0
0
0
0
0
0
0
0
0
0
0
0
0
0
0
0
0
0
0
0
0
4.0056
0
0
0
0
-4.0056
0
0
0
0
0
0
0
0
0
0
0
0
0
0
0
0
0
0
0
0
0
0
0
0
0
4.0056
0
0
-4.2162
0
0
0
0
0
0
0
0
0
0
0
0
0
0
0
0
0
0
0
0
0
0
0
0
0
0
0
4.2162
0
-4.2162
0
0
0
0
0
0
0
0
0
0
0
0
0
0
0
0
0
0
0
0
0
0
0
0
0
0
0
0
4.2162
