31.2421
-0.43626
-0.43572
-0.44723
-0.44066
-0.43625
-0.4354
-0.42413
-0.42689
-0.4251
-0.41555
-0.43491
-0.43032
-0.40782
-0.56195
0
0
0
-2.4543
-2.4543
0
0
0
0
0
0
0
0
-10.0876
-10.0876
-0.43626
18.098
-0.44533
-0.45675
-0.45138
-0.43881
-0.4384
-0.43802
-0.43918
-0.42786
-0.41804
-0.43644
-0.43386
-0.41135
-0.55646
0
0
0
-2.3511
-2.3511
0
0
0
0
0
0
-7.1678
0
0
0
-0.43572
-0.44533
13.3801
-0.44548
-0.4413
-0.43042
-0.43067
-0.43005
-0.4285
-0.42038
-0.40943
-0.42747
-0.43686
-0.40615
-0.5359
-0.16621
0
0
0
0
0
0
0
0
-7.0902
0
0
0
0
0
-0.44723
-0.45675
-0.44548
12.6285
-0.45244
-0.43854
-0.43839
-0.44138
-0.44076
-0.42779
-0.41765
-0.43627
-0.43555
-0.41341
-0.55745
0
0
0
0
0
0
0
-6.3794
0
0
0
0
0
0
0
-0.44066
-0.45138
-0.4413
-0.45244
11.2699
-0.43432
-0.43075
-0.43337
-0.43239
-0.41966
-0.40899
-0.42712
-0.42841
-0.40804
0
0
0
0
0
0
0
-5.661
0
0
0
0
0
0
0
0
-0.43625
-0.43881
-0.43042
-0.43854
-0.43432
6.0317
-0.42129
-0.42731
-0.42421
-0.41073
-0.40055
-0.41785
-0.42061
-0.40019
-0.53061
0
0
0
0
0
0
0
0
0
0
0
0
0
0
0
-0.4354
-0.4384
-0.43067
-0.43839
-0.43075
-0.42129
5.4786
-0.42542
-0.42224
-0.40698
-0.39602
-0.41368
-0.41917
-0.40019
0
0
0
0
0
0
0
0
0
0
0
0
0
0
0
0
-0.42413
-0.43802
-0.43005
-0.44138
-0.43337
-0.42731
-0.42542
8.3572
-0.42601
-0.42143
-0.39272
0
0
0
0
0
-0.16931
0
0
0
0
0
0
0
0
-3.9281
0
0
0
0
-0.42689
-0.43918
-0.4285
-0.44076
-0.43239
-0.42421
-0.42224
-0.42601
8.5186
-0.39918
-0.38449
-0.4143
0
0
0
0
0
0
0
0
-3.8804
0
0
0
0
0
0
0
0
0
-0.4251
-0.42786
-0.42038
-0.42779
-0.41966
-0.41073
-0.40698
-0.42143
-0.39918
4.9486
-0.38007
-0.4055
-0.40398
0
0
0
0
0
0
0
0
0
0
0
0
0
0
0
0
0
-0.41555
-0.41804
-0.40943
-0.41765
-0.40899
-0.40055
-0.39602
-0.39272
-0.38449
-0.38007
4.4141
-0.39061
0
0
0
0
0
0
0
0
0
0
0
0
0
0
0
0
0
0
-0.43491
-0.43644
-0.42747
-0.43627
-0.42712
-0.41785
-0.41368
0
-0.4143
-0.4055
-0.39061
4.2041
0
0
0
0
0
0
0
0
0
0
0
0
0
0
0
0
0
0
-0.43032
-0.43386
-0.43686
-0.43555
-0.42841
-0.42061
-0.41917
0
0
-0.40398
0
0
3.5981
0
0
-0.18935
0
0
0
0
0
0
0
0
0
0
0
0
0
0
-0.40782
-0.41135
-0.40615
-0.41341
-0.40804
-0.40019
-0.40019
0
0
0
0
0
0
3.0253
0
0
-0.17812
0
0
0
0
0
0
0
0
0
0
0
0
0
-0.56195
-0.55646
-0.5359
-0.55745
0
-0.53061
0
0
0
0
0
0
0
0
2.7424
0
0
0
0
0
0
0
0
0
0
0
0
0
0
0
0
0
-0.16621
0
0
0
0
0
0
0
0
0
-0.18935
0
0
2.2243
0
-1.7642
0
0
0
0
0
-0.1045
0
0
0
0
0
0
0
0
0
0
0
0
0
-0.16931
0
0
0
0
0
-0.17812
0
0
2.2121
-1.7582
0
0
0
0
0
0
0
0
0
-0.10657
0
0
0
0
0
0
0
0
0
0
0
0
0
0
0
0
0
-1.7642
-1.7582
3.5224
0
0
0
0
0
0
0
0
0
0
0
0
-2.4543
-2.3511
0
0
0
0
0
0
0
0
0
0
0
0
0
0
0
0
4.8054
0
0
0
0
0
0
0
0
0
0
0
-2.4543
-2.3511
0
0
0
0
0
0
0
0
0
0
0
0
0
0
0
0
0
4.8054
0
0
0
0
0
0
0
0
0
0
0
0
0
0
0
0
0
0
-3.8804
0
0
0
0
0
0
0
0
0
0
0
3.8804
0
0
0
0
0
0
0
0
0
0
0
0
0
-5.661
0
0
0
0
0
0
0
0
0
0
0
0
0
0
0
0
5.661
0
0
0
0
0
0
0
0
0
0
0
-6.3794
0
0
0
0
0
0
0
0
0
0
0
0
0
0
0
0
0
0
6.3794
0
0
0
0
0
0
0
0
0
0
0
0
0
0
0
0
0
0
0
0
0
0
-0.1045
0
0
0
0
0
0
0
0.1045
0
0
0
0
0
0
0
0
-7.0902
0
0
0
0
0
0
0
0
0
0
0
0
0
0
0
0
0
0
0
0
0
7.0902
0
0
0
0
0
0
0
0
0
0
0
0
-3.9281
0
0
0
0
0
0
0
0
0
0
0
0
0
0
0
0
0
3.9281
0
0
0
0
0
-7.1678
0
0
0
0
0
0
0
0
0
0
0
0
0
0
0
0
0
0
0
0
0
0
0
0
7.1678
0
0
0
0
0
0
0
0
0
0
0
0
0
0
0
0
0
0
0
-0.10657
0
0
0
0
0
0
0
0
0
0
0.10657
0
0
-10.0876
0
0
0
0
0
0
0
0
0
0
0
0
0
0
0
0
0
0
0
0
0
0
0
0
0
0
0
10.0876
0
-10.0876
0
0
0
0
0
0
0
0
0
0
0
0
0
0
0
0
0
0
0
0
0
0
0
0
0
0
0
0
10.0876
