28.307
-0.84338
-0.84338
-0.84338
-0.84338
-0.7851
-0.82197
-0.84926
-0.85897
-0.83783
-0.83185
-0.79818
-0.88152
-0.85265
-0.84047
-0.89079
-0.89392
-0.92854
-0.66109
-0.74583
-0.78221
0
0
0
0
0
0
-11.6733
0
0
-0.84338
14.9075
-0.73826
-0.73826
-0.73826
-0.69579
-0.72975
-0.75113
-0.76088
-0.74255
-0.73645
-0.71159
-0.795
-0.75308
-0.76024
-0.78514
-0.7874
-0.85494
-0.6404
-0.65716
-0.68785
0
0
0
0
0
0
0
0
0
-0.84338
-0.73826
14.9075
-0.73826
-0.73826
-0.69579
-0.72975
-0.75113
-0.76088
-0.74255
-0.73645
-0.71159
-0.795
-0.75308
-0.76024
-0.78514
-0.7874
-0.85494
-0.6404
-0.65716
-0.68785
0
0
0
0
0
0
0
0
0
-0.84338
-0.73826
-0.73826
14.9075
-0.73826
-0.69579
-0.72975
-0.75113
-0.76088
-0.74255
-0.73645
-0.71159
-0.795
-0.75308
-0.76024
-0.78514
-0.7874
-0.85494
-0.6404
-0.65716
-0.68785
0
0
0
0
0
0
0
0
0
-0.84338
-0.73826
-0.73826
-0.73826
14.9075
-0.69579
-0.72975
-0.75113
-0.76088
-0.74255
-0.73645
-0.71159
-0.795
-0.75308
-0.76024
-0.78514
-0.7874
-0.85494
-0.6404
-0.65716
-0.68785
0
0
0
0
0
0
0
0
0
-0.7851
-0.69579
-0.69579
-0.69579
-0.69579
13.2025
-0.67156
-0.68426
-0.69707
-0.68005
-0.67246
-0.65041
-0.7314
-0.68806
-0.70041
-0.7165
-0.71837
-0.79035
0
-0.60457
-0.62876
0
0
0
0
0
0
0
0
0
-0.82197
-0.72975
-0.72975
-0.72975
-0.72975
-0.67156
13.1795
-0.72034
-0.73335
-0.71507
-0.70775
-0.68456
-0.76854
-0.7239
-0.73626
-0.75439
-0.75641
-0.83021
0
-0.63612
0
0
0
0
0
0
0
0
0
0
-0.84926
-0.75113
-0.75113
-0.75113
-0.75113
-0.68426
-0.72034
12.9182
-0.75479
-0.73498
-0.72586
-0.70926
-0.79447
-0.74463
-0.76196
-0.77608
-0.77793
0
0
0
0
0
-0.87986
0
0
0
0
0
0
0
-0.85897
-0.76088
-0.76088
-0.76088
-0.76088
-0.69707
-0.73335
-0.75479
12.2174
-0.7458
-0.74292
-0.71904
-0.80724
-0.757
-0.77571
-0.79024
-0.79178
0
0
0
0
0
0
0
0
0
0
0
0
0
-0.83783
-0.74255
-0.74255
-0.74255
-0.74255
-0.68005
-0.71507
-0.73498
-0.7458
11.1258
-0.7276
-0.69356
-0.77564
-0.73123
-0.74829
-0.76555
0
0
0
0
0
0
0
0
0
0
0
0
0
0
-0.83185
-0.73645
-0.73645
-0.73645
-0.73645
-0.67246
-0.70775
-0.72586
-0.74292
-0.7276
11.1075
-0.68381
-0.75989
-0.71816
-0.73525
0
0
0
0
0
0
0
-0.85615
0
0
0
0
0
0
0
-0.79818
-0.71159
-0.71159
-0.71159
-0.71159
-0.65041
-0.68456
-0.70926
-0.71904
-0.69356
-0.68381
9.3153
-0.69671
-0.70177
0
0
0
0
0
0
0
-0.13158
0
0
0
0
0
0
0
0
-0.88152
-0.795
-0.795
-0.795
-0.795
-0.7314
-0.76854
-0.79447
-0.80724
-0.77564
-0.75989
-0.69671
17.6919
0
0
0
0
0
0
0
0
0
0
0
0
0
0
0
0
-8.2965
-0.85265
-0.75308
-0.75308
-0.75308
-0.75308
-0.68806
-0.7239
-0.74463
-0.757
-0.73123
-0.71816
-0.70177
0
8.9297
0
0
0
0
0
0
0
0
0
0
0
0
0
0
0
0
-0.84047
-0.76024
-0.76024
-0.76024
-0.76024
-0.70041
-0.73626
-0.76196
-0.77571
-0.74829
-0.73525
0
0
0
15.9243
0
0
0
0
0
0
0
0
0
0
0
0
0
-7.585
0
-0.89079
-0.78514
-0.78514
-0.78514
-0.78514
-0.7165
-0.75439
-0.77608
-0.79024
-0.76555
0
0
0
0
0
7.8341
0
0
0
0
0
0
0
0
0
0
0
0
0
0
-0.89392
-0.7874
-0.7874
-0.7874
-0.7874
-0.71837
-0.75641
-0.77793
-0.79178
0
0
0
0
0
0
0
7.088
0
0
0
0
0
0
0
0
0
0
0
0
0
-0.92854
-0.85494
-0.85494
-0.85494
-0.85494
-0.79035
-0.83021
0
0
0
0
0
0
0
0
0
0
9.3107
0
0
0
0
0
0
0
0
-3.3418
0
0
0
-0.66109
-0.6404
-0.6404
-0.6404
-0.6404
0
0
0
0
0
0
0
0
0
0
0
0
0
17.027
0
0
0
0
-6.9022
0
-6.9022
0
0
0
0
-0.74583
-0.65716
-0.65716
-0.65716
-0.65716
-0.60457
-0.63612
0
0
0
0
0
0
0
0
0
0
0
0
4.6152
0
0
0
0
0
0
0
0
0
0
-0.78221
-0.68785
-0.68785
-0.68785
-0.68785
-0.62876
0
0
0
0
0
0
0
0
0
0
0
0
0
0
4.1624
0
0
0
0
0
0
0
0
0
0
0
0
0
0
0
0
0
0
0
0
-0.13158
0
0
0
0
0
0
0
0
0
1.054
-0.56351
0
-0.35888
0
0
0
0
0
0
0
0
0
0
0
0
-0.87986
0
0
-0.85615
0
0
0
0
0
0
0
0
0
0
-0.56351
2.2995
0
0
0
0
0
0
0
0
0
0
0
0
0
0
0
0
0
0
0
0
0
0
0
0
0
-6.9022
0
0
0
0
6.9022
0
0
0
0
0
0
0
0
0
0
0
0
0
0
0
0
0
0
0
0
0
0
0
0
0
0
0
-0.35888
0
0
0.35888
0
0
0
0
0
0
0
0
0
0
0
0
0
0
0
0
0
0
0
0
0
0
0
-6.9022
0
0
0
0
0
0
6.9022
0
0
0
0
0
0
0
0
0
0
0
0
0
0
0
0
0
0
0
0
0
-3.3418
0
0
0
0
0
0
0
0
3.3418
0
0
0
-11.6733
0
0
0
0
0
0
0
0
0
0
0
0
0
0
0
0
0
0
0
0
0
0
0
0
0
0
11.6733
0
0
0
0
0
0
0
0
0
0
0
0
0
0
0
0
-7.585
0
0
0
0
0
0
0
0
0
0
0
0
0
7.585
0
0
0
0
0
0
0
0
0
0
0
0
0
-8.2965
0
0
0
0
0
0
0
0
0
0
0
0
0
0
0
0
8.2965
