16.8359
-0.73527
-0.76479
-0.74804
-0.72476
-0.72476
-0.68666
-0.80323
-0.81695
-0.80323
-0.71072
-0.69741
-0.84696
-0.71754
-0.79919
-0.79919
-0.79919
-0.64133
0
0
-2.4278
0
-0.7944
-0.7944
0
0
0
0
0
0
-0.73527
16.8359
-0.76479
-0.74804
-0.72476
-0.72476
-0.68666
-0.80323
-0.81695
-0.80323
-0.71072
-0.69741
-0.84696
-0.71754
-0.79919
-0.79919
-0.79919
-0.64133
0
0
-2.4278
0
-0.7944
-0.7944
0
0
0
0
0
0
-0.76479
-0.76479
24.1754
-0.72518
-0.71217
-0.71217
-0.67397
-0.78652
-0.76492
-0.78652
-0.68651
-0.68439
-0.79688
-0.70961
-0.79214
-0.79214
-0.79214
-0.63801
0
-0.93475
0
0
0
0
-10.6578
0
0
0
0
0
-0.74804
-0.74804
-0.72518
13.6204
-0.70885
-0.70885
-0.67097
-0.78621
-0.78681
-0.78621
-0.69219
-0.68502
-0.80478
-0.70423
-0.7854
-0.7854
-0.7854
-0.63184
0
0
0
-1.0769
0
0
0
0
0
0
0
0
-0.72476
-0.72476
-0.71217
-0.70885
12.1574
-0.67376
-0.64621
-0.76113
-0.76494
-0.76113
-0.67316
-0.65914
-0.79118
-0.677
-0.75749
-0.75749
-0.75749
-0.6067
0
0
0
0
0
0
0
0
0
0
0
0
-0.72476
-0.72476
-0.71217
-0.70885
-0.67376
12.1574
-0.64621
-0.76113
-0.76494
-0.76113
-0.67316
-0.65914
-0.79118
-0.677
-0.75749
-0.75749
-0.75749
-0.6067
0
0
0
0
0
0
0
0
0
0
0
0
-0.68666
-0.68666
-0.67397
-0.67097
-0.64621
-0.64621
10.9263
-0.71901
-0.7094
-0.71901
-0.63024
-0.61912
-0.73593
-0.63371
-0.71639
-0.71639
-0.71639
0
0
0
0
0
0
0
0
0
0
0
0
0
-0.80323
-0.80323
-0.78652
-0.78621
-0.76113
-0.76113
-0.71901
10.0861
-0.8962
-0.77402
-0.73042
-0.67543
-0.87294
-0.71663
0
0
0
0
0
0
0
0
0
0
0
0
0
0
0
0
-0.81695
-0.81695
-0.76492
-0.78681
-0.76494
-0.76494
-0.7094
-0.8962
18.2583
-0.8962
-0.67776
-0.69555
0
0
0
0
0
0
-0.78655
0
0
0
0
0
0
-8.8811
0
0
0
0
-0.80323
-0.80323
-0.78652
-0.78621
-0.76113
-0.76113
-0.71901
-0.77402
-0.8962
10.0861
-0.73042
-0.67543
-0.87294
-0.71663
0
0
0
0
0
0
0
0
0
0
0
0
0
0
0
0
-0.71072
-0.71072
-0.68651
-0.69219
-0.67316
-0.67316
-0.63024
-0.73042
-0.67776
-0.73042
8.4415
-0.54138
0
0
0
0
0
0
0
0
0
-0.9848
0
0
0
0
0
0
0
0
-0.69741
-0.69741
-0.68439
-0.68502
-0.65914
-0.65914
-0.61912
-0.67543
-0.69555
-0.67543
-0.54138
7.8846
0
-0.59514
0
0
0
0
0
0
0
0
0
0
0
0
0
0
0
0
-0.84696
-0.84696
-0.79688
-0.80478
-0.79118
-0.79118
-0.73593
-0.87294
0
-0.87294
0
0
16.2422
0
0
0
0
0
0
-1.031
0
0
0
0
0
0
0
0
-7.8514
0
-0.71754
-0.71754
-0.70961
-0.70423
-0.677
-0.677
-0.63371
-0.71663
0
-0.71663
0
-0.59514
0
6.865
0
0
0
0
0
0
0
0
0
0
0
0
0
0
0
0
-0.79919
-0.79919
-0.79214
-0.7854
-0.75749
-0.75749
-0.71639
0
0
0
0
0
0
0
5.4073
0
0
0
0
0
0
0
0
0
0
0
0
0
0
0
-0.79919
-0.79919
-0.79214
-0.7854
-0.75749
-0.75749
-0.71639
0
0
0
0
0
0
0
0
5.4073
0
0
0
0
0
0
0
0
0
0
0
0
0
0
-0.79919
-0.79919
-0.79214
-0.7854
-0.75749
-0.75749
-0.71639
0
0
0
0
0
0
0
0
0
5.4073
0
0
0
0
0
0
0
0
0
0
0
0
0
-0.64133
-0.64133
-0.63801
-0.63184
-0.6067
-0.6067
0
0
0
0
0
0
0
0
0
0
0
3.7659
0
0
0
0
0
0
0
0
0
0
0
0
0
0
0
0
0
0
0
0
-0.78655
0
0
0
0
0
0
0
0
0
5.2711
0
-1.7489
0
0
0
0
0
0
-2.7357
0
0
0
0
-0.93475
0
0
0
0
0
0
0
0
0
-1.031
0
0
0
0
0
0
3.3603
0
0
0
0
0
0
0
0
0
-1.3945
-2.4278
-2.4278
0
0
0
0
0
0
0
0
0
0
0
0
0
0
0
0
-1.7489
0
6.6046
0
0
0
0
0
0
0
0
0
0
0
0
-1.0769
0
0
0
0
0
0
-0.9848
0
0
0
0
0
0
0
0
0
0
3.7837
0
0
0
0
-1.722
0
0
0
-0.7944
-0.7944
0
0
0
0
0
0
0
0
0
0
0
0
0
0
0
0
0
0
0
0
1.5888
0
0
0
0
0
0
0
-0.7944
-0.7944
0
0
0
0
0
0
0
0
0
0
0
0
0
0
0
0
0
0
0
0
0
1.5888
0
0
0
0
0
0
0
0
-10.6578
0
0
0
0
0
0
0
0
0
0
0
0
0
0
0
0
0
0
0
0
0
10.6578
0
0
0
0
0
0
0
0
0
0
0
0
0
-8.8811
0
0
0
0
0
0
0
0
0
0
0
0
0
0
0
0
8.8811
0
0
0
0
0
0
0
0
0
0
0
0
0
0
0
0
0
0
0
0
0
0
0
0
0
-1.722
0
0
0
0
1.722
0
0
0
0
0
0
0
0
0
0
0
0
0
0
0
0
0
0
0
0
0
-2.7357
0
0
0
0
0
0
0
0
2.7357
0
0
0
0
0
0
0
0
0
0
0
0
0
0
-7.8514
0
0
0
0
0
0
0
0
0
0
0
0
0
0
0
7.8514
0
0
0
0
0
0
0
0
0
0
0
0
0
0
0
0
0
0
0
0
-1.3945
0
0
0
0
0
0
0
0
0
1.3945
