39.5207
-0.69649
-0.76475
-0.76475
-0.76475
-0.76475
-0.74216
-0.62299
-0.62299
-0.62299
-0.72663
-0.61153
-0.72663
-0.72663
-0.72663
-0.7102
-0.68351
-0.76994
-0.32027
0
0
0
-3.4158
-3.4158
-10.1602
-10.1602
0
0
0
0
-0.69649
18.5818
-0.73861
-0.73861
-0.73861
-0.73861
-0.72663
-0.60193
-0.60193
-0.60193
-0.69239
-0.66954
-0.69239
-0.69239
-0.69239
-0.72955
-0.6516
-0.72292
-0.35965
0
0
0
-3.2478
-3.2478
0
0
0
0
0
0
-0.76475
-0.73861
12.4893
-0.7588
-0.7588
-0.7588
-0.81348
-0.63383
-0.63383
-0.63383
-0.74548
-0.74823
-0.74548
-0.74548
-0.74548
-0.79147
-0.70104
-0.77193
0
0
0
0
0
0
0
0
0
0
0
0
-0.76475
-0.73861
-0.7588
12.4893
-0.7588
-0.7588
-0.81348
-0.63383
-0.63383
-0.63383
-0.74548
-0.74823
-0.74548
-0.74548
-0.74548
-0.79147
-0.70104
-0.77193
0
0
0
0
0
0
0
0
0
0
0
0
-0.76475
-0.73861
-0.7588
-0.7588
12.4893
-0.7588
-0.81348
-0.63383
-0.63383
-0.63383
-0.74548
-0.74823
-0.74548
-0.74548
-0.74548
-0.79147
-0.70104
-0.77193
0
0
0
0
0
0
0
0
0
0
0
0
-0.76475
-0.73861
-0.7588
-0.7588
-0.7588
12.4893
-0.81348
-0.63383
-0.63383
-0.63383
-0.74548
-0.74823
-0.74548
-0.74548
-0.74548
-0.79147
-0.70104
-0.77193
0
0
0
0
0
0
0
0
0
0
0
0
-0.74216
-0.72663
-0.81348
-0.81348
-0.81348
-0.81348
11.8955
-0.62861
-0.62861
-0.62861
-0.73703
-0.73043
-0.73703
-0.73703
-0.73703
-0.76533
-0.69318
0
0
0
0
-0.14989
0
0
0
0
0
0
0
0
-0.62299
-0.60193
-0.63383
-0.63383
-0.63383
-0.63383
-0.62861
9.481
-0.49727
-0.49727
-0.58787
-0.57494
-0.58787
-0.58787
-0.58787
-0.61746
-0.55381
0
0
0
0
0
0
0
0
0
0
0
0
0
-0.62299
-0.60193
-0.63383
-0.63383
-0.63383
-0.63383
-0.62861
-0.49727
9.481
-0.49727
-0.58787
-0.57494
-0.58787
-0.58787
-0.58787
-0.61746
-0.55381
0
0
0
0
0
0
0
0
0
0
0
0
0
-0.62299
-0.60193
-0.63383
-0.63383
-0.63383
-0.63383
-0.62861
-0.49727
-0.49727
9.481
-0.58787
-0.57494
-0.58787
-0.58787
-0.58787
-0.61746
-0.55381
0
0
0
0
0
0
0
0
0
0
0
0
0
-0.72663
-0.69239
-0.74548
-0.74548
-0.74548
-0.74548
-0.73703
-0.58787
-0.58787
-0.58787
8.9784
0
-0.6923
-0.6923
-0.6923
0
0
0
0
0
0
0
0
0
0
0
0
0
0
0
-0.61153
-0.66954
-0.74823
-0.74823
-0.74823
-0.74823
-0.73043
-0.57494
-0.57494
-0.57494
0
20.2799
0
0
0
0
0
0
0
-0.1045
0
0
0
0
0
0
0
-6.7231
-6.7231
0
-0.72663
-0.69239
-0.74548
-0.74548
-0.74548
-0.74548
-0.73703
-0.58787
-0.58787
-0.58787
-0.6923
0
8.9784
-0.6923
-0.6923
0
0
0
0
0
0
0
0
0
0
0
0
0
0
0
-0.72663
-0.69239
-0.74548
-0.74548
-0.74548
-0.74548
-0.73703
-0.58787
-0.58787
-0.58787
-0.6923
0
-0.6923
8.9784
-0.6923
0
0
0
0
0
0
0
0
0
0
0
0
0
0
0
-0.72663
-0.69239
-0.74548
-0.74548
-0.74548
-0.74548
-0.73703
-0.58787
-0.58787
-0.58787
-0.6923
0
-0.6923
-0.6923
8.9784
0
0
0
0
0
0
0
0
0
0
0
0
0
0
0
-0.7102
-0.72955
-0.79147
-0.79147
-0.79147
-0.79147
-0.76533
-0.61746
-0.61746
-0.61746
0
0
0
0
0
12.5399
0
0
0
0
0
0
0
0
0
0
0
0
0
-5.3166
-0.68351
-0.6516
-0.70104
-0.70104
-0.70104
-0.70104
-0.69318
-0.55381
-0.55381
-0.55381
0
0
0
0
0
0
6.4939
0
0
0
0
0
0
0
0
0
0
0
0
0
-0.76994
-0.72292
-0.77193
-0.77193
-0.77193
-0.77193
0
0
0
0
0
0
0
0
0
0
0
4.5806
0
0
0
0
0
0
0
0
0
0
0
0
-0.32027
-0.35965
0
0
0
0
0
0
0
0
0
0
0
0
0
0
0
0
0.88298
0
0
0
0
0
0
0
-0.20306
0
0
0
0
0
0
0
0
0
0
0
0
0
0
-0.1045
0
0
0
0
0
0
0
1.122
-1.0175
0
0
0
0
0
0
0
0
0
0
0
0
0
0
0
0
0
0
0
0
0
0
0
0
0
0
0
0
-1.0175
2.0214
-1.0039
0
0
0
0
0
0
0
0
0
0
0
0
0
0
-0.14989
0
0
0
0
0
0
0
0
0
0
0
0
0
-1.0039
1.1538
0
0
0
0
0
0
0
0
-3.4158
-3.2478
0
0
0
0
0
0
0
0
0
0
0
0
0
0
0
0
0
0
0
0
6.6637
0
0
0
0
0
0
0
-3.4158
-3.2478
0
0
0
0
0
0
0
0
0
0
0
0
0
0
0
0
0
0
0
0
0
6.6637
0
0
0
0
0
0
-10.1602
0
0
0
0
0
0
0
0
0
0
0
0
0
0
0
0
0
0
0
0
0
0
0
10.1602
0
0
0
0
0
-10.1602
0
0
0
0
0
0
0
0
0
0
0
0
0
0
0
0
0
0
0
0
0
0
0
0
10.1602
0
0
0
0
0
0
0
0
0
0
0
0
0
0
0
0
0
0
0
0
0
0
-0.20306
0
0
0
0
0
0
0
0.20306
0
0
0
0
0
0
0
0
0
0
0
0
0
0
-6.7231
0
0
0
0
0
0
0
0
0
0
0
0
0
0
0
6.7231
0
0
0
0
0
0
0
0
0
0
0
0
0
-6.7231
0
0
0
0
0
0
0
0
0
0
0
0
0
0
0
0
6.7231
0
0
0
0
0
0
0
0
0
0
0
0
0
0
0
0
-5.3166
0
0
0
0
0
0
0
0
0
0
0
0
0
5.3166
