41.0163
-0.79405
-0.78594
-0.78594
-0.76607
-0.76607
-0.75621
-0.75621
-0.73243
-0.73243
-0.73613
-0.76087
-0.75554
-0.741
-0.77378
-0.76586
-0.73689
-0.70132
-0.70132
-1.1762
0
0
-3.4751
0
-11.4085
0
0
-11.4085
0
0
-0.79405
18.4005
-0.79926
-0.79926
-0.78046
-0.78046
-0.77897
-0.77897
-0.7406
-0.7406
-0.75895
-0.76982
-0.78253
-0.74957
-0.78135
-0.77318
-0.74224
-0.76066
-0.76066
-1.1571
0
0
-3.3718
0
0
0
0
0
0
0
-0.78594
-0.79926
14.743
-0.7792
-0.76418
-0.76418
-0.76381
-0.76381
-0.72605
-0.72605
-0.74142
-0.7545
-0.76357
-0.73457
-0.76593
-0.758
-0.7282
-0.74276
-0.74276
-1.1388
0
0
0
0
0
0
0
0
0
0
-0.78594
-0.79926
-0.7792
14.743
-0.76418
-0.76418
-0.76381
-0.76381
-0.72605
-0.72605
-0.74142
-0.7545
-0.76357
-0.73457
-0.76593
-0.758
-0.7282
-0.74276
-0.74276
-1.1388
0
0
0
0
0
0
0
0
0
0
-0.76607
-0.78046
-0.76418
-0.76418
13.2378
-0.73832
-0.74105
-0.74105
-0.70539
-0.70539
-0.71917
-0.73273
-0.73963
-0.71321
-0.74365
-0.73605
-0.7075
-0.71989
-0.71989
0
0
0
0
0
0
0
0
0
0
0
-0.76607
-0.78046
-0.76418
-0.76418
-0.73832
13.2378
-0.74105
-0.74105
-0.70539
-0.70539
-0.71917
-0.73273
-0.73963
-0.71321
-0.74365
-0.73605
-0.7075
-0.71989
-0.71989
0
0
0
0
0
0
0
0
0
0
0
-0.75621
-0.77897
-0.76381
-0.76381
-0.74105
-0.74105
11.9303
-0.76742
-0.70707
-0.70707
-0.72056
-0.73449
-0.73637
-0.71411
-0.74548
-0.73798
-0.71034
0
0
0
0
0
0
-0.1045
0
0
0
0
0
0
-0.75621
-0.77897
-0.76381
-0.76381
-0.74105
-0.74105
-0.76742
11.9303
-0.70707
-0.70707
-0.72056
-0.73449
-0.73637
-0.71411
-0.74548
-0.73798
-0.71034
0
0
0
-0.1045
0
0
0
0
0
0
0
0
0
-0.73243
-0.7406
-0.72605
-0.72605
-0.70539
-0.70539
-0.70707
-0.70707
11.2071
-0.65206
-0.7033
-0.68859
-0.6932
-0.6685
-0.69592
-0.68933
-0.6661
0
0
0
0
0
0
0
0
0
0
0
0
0
-0.73243
-0.7406
-0.72605
-0.72605
-0.70539
-0.70539
-0.70707
-0.70707
-0.65206
11.2071
-0.7033
-0.68859
-0.6932
-0.6685
-0.69592
-0.68933
-0.6661
0
0
0
0
0
0
0
0
0
0
0
0
0
-0.73613
-0.75895
-0.74142
-0.74142
-0.71917
-0.71917
-0.72056
-0.72056
-0.7033
-0.7033
18.884
-0.69381
-0.68651
-0.67155
-0.69907
-0.69305
0
0
0
0
0
0
0
0
0
0
-8.1761
0
0
0
-0.76087
-0.76982
-0.7545
-0.7545
-0.73273
-0.73273
-0.73449
-0.73449
-0.68859
-0.68859
-0.69381
10.2444
-0.76541
-0.69347
-0.74041
0
0
0
0
0
0
0
0
0
0
0
0
0
0
0
-0.75554
-0.78253
-0.76357
-0.76357
-0.73963
-0.73963
-0.73637
-0.73637
-0.6932
-0.6932
-0.68651
-0.76541
16.8423
-0.68349
0
0
0
0
0
0
0
0
0
0
0
0
0
0
-7.3033
0
-0.741
-0.74957
-0.73457
-0.73457
-0.71321
-0.71321
-0.71411
-0.71411
-0.6685
-0.6685
-0.67155
-0.69347
-0.68349
9.1998
0
0
0
0
0
0
0
0
0
0
0
0
0
0
0
0
-0.77378
-0.78135
-0.76593
-0.76593
-0.74365
-0.74365
-0.74548
-0.74548
-0.69592
-0.69592
-0.69907
-0.74041
0
0
8.8966
0
0
0
0
0
0
0
0
0
0
0
0
0
0
0
-0.76586
-0.77318
-0.758
-0.758
-0.73605
-0.73605
-0.73798
-0.73798
-0.68933
-0.68933
-0.69305
0
0
0
0
8.0748
0
0
0
0
0
0
0
0
0
0
0
0
0
0
-0.73689
-0.74224
-0.7282
-0.7282
-0.7075
-0.7075
-0.71034
-0.71034
-0.6661
-0.6661
0
0
0
0
0
0
7.1034
0
0
0
0
0
0
0
0
0
0
0
0
0
-0.70132
-0.76066
-0.74276
-0.74276
-0.71989
-0.71989
0
0
0
0
0
0
0
0
0
0
0
4.703
0
0
0
0
0
0
0
-0.31577
0
0
0
0
-0.70132
-0.76066
-0.74276
-0.74276
-0.71989
-0.71989
0
0
0
0
0
0
0
0
0
0
0
0
4.703
0
0
0
0
0
0
0
0
0
0
-0.31577
-1.1762
-1.1571
-1.1388
-1.1388
0
0
0
0
0
0
0
0
0
0
0
0
0
0
0
4.6108
0
0
0
0
0
0
0
0
0
0
0
0
0
0
0
0
0
-0.1045
0
0
0
0
0
0
0
0
0
0
0
0
0.87975
-0.77525
0
0
0
0
0
0
0
0
0
0
0
0
0
0
0
0
0
0
0
0
0
0
0
0
0
0
0
0
-0.77525
1.5505
0
-0.77525
0
0
0
0
0
0
-3.4751
-3.3718
0
0
0
0
0
0
0
0
0
0
0
0
0
0
0
0
0
0
0
0
6.8469
0
0
0
0
0
0
0
0
0
0
0
0
0
-0.1045
0
0
0
0
0
0
0
0
0
0
0
0
0
0
-0.77525
0
0.87975
0
0
0
0
0
0
-11.4085
0
0
0
0
0
0
0
0
0
0
0
0
0
0
0
0
0
0
0
0
0
0
0
11.4085
0
0
0
0
0
0
0
0
0
0
0
0
0
0
0
0
0
0
0
0
0
0
-0.31577
0
0
0
0
0
0
0
0.31577
0
0
0
0
0
0
0
0
0
0
0
0
0
0
-8.1761
0
0
0
0
0
0
0
0
0
0
0
0
0
0
0
8.1761
0
0
0
-11.4085
0
0
0
0
0
0
0
0
0
0
0
0
0
0
0
0
0
0
0
0
0
0
0
0
0
0
11.4085
0
0
0
0
0
0
0
0
0
0
0
0
0
0
-7.3033
0
0
0
0
0
0
0
0
0
0
0
0
0
0
0
7.3033
0
0
0
0
0
0
0
0
0
0
0
0
0
0
0
0
0
0
0
-0.31577
0
0
0
0
0
0
0
0
0
0
0.31577
