7.5217
-0.47568
-0.47568
-0.47628
-0.48958
-0.46723
-0.45086
-0.46723
-0.46723
-0.46428
-0.43308
-0.43308
-0.45834
-0.45834
-0.45589
-0.51464
-0.30902
-0.2252
0
0
0
0
0
0
0
0
0
0
0
0
-0.47568
7.3064
-0.47059
-0.47658
-0.4937
-0.46945
-0.45022
-0.46945
-0.46945
-0.46295
-0.4324
-0.4324
-0.45981
-0.45981
-0.45167
-0.52109
-0.3112
0
0
0
0
0
0
0
0
0
0
0
0
0
-0.47568
-0.47059
7.3064
-0.47658
-0.4937
-0.46945
-0.45022
-0.46945
-0.46945
-0.46295
-0.4324
-0.4324
-0.45981
-0.45981
-0.45167
-0.52109
-0.3112
0
0
0
0
0
0
0
0
0
0
0
0
0
-0.47628
-0.47658
-0.47658
7.0355
-0.49927
-0.47362
-0.45044
-0.47362
-0.47362
-0.46997
-0.43296
-0.43296
-0.46318
-0.46318
-0.45057
-0.52264
0
0
0
0
0
0
0
0
0
0
0
0
0
0
-0.48958
-0.4937
-0.4937
-0.49927
15.6856
-0.48474
-0.46668
-0.48474
-0.48474
-0.47096
-0.44199
-0.44199
-0.47529
-0.47529
0
0
0
0
-0.15317
0
0
0
0
0
0
0
-9.3297
0
0
0
-0.46723
-0.46945
-0.46945
-0.47362
-0.48474
14.364
-0.43811
-0.45418
-0.45418
-0.45488
-0.41844
-0.41844
-0.45423
-0.45423
0
0
0
0
0
0
0
0
0
0
0
0
0
0
-8.4528
0
-0.45086
-0.45022
-0.45022
-0.45044
-0.46668
-0.43811
6.1377
-0.43811
-0.43811
-0.44563
-0.40489
-0.40489
-0.4357
-0.4357
-0.42813
0
0
0
0
0
0
0
0
0
0
0
0
0
0
0
-0.46723
-0.46945
-0.46945
-0.47362
-0.48474
-0.45418
-0.43811
14.364
-0.45418
-0.45488
-0.41844
-0.41844
-0.45423
-0.45423
0
0
0
0
0
0
0
0
0
-8.4528
0
0
0
0
0
0
-0.46723
-0.46945
-0.46945
-0.47362
-0.48474
-0.45418
-0.43811
-0.45418
14.364
-0.45488
-0.41844
-0.41844
-0.45423
-0.45423
0
0
0
0
0
0
0
-8.4528
0
0
0
0
0
0
0
0
-0.46428
-0.46295
-0.46295
-0.46997
-0.47096
-0.45488
-0.44563
-0.45488
-0.45488
26.4694
-0.42074
-0.42074
0
0
0
0
0
-0.22318
0
0
-10.6317
0
0
0
0
-10.6317
0
0
0
0
-0.43308
-0.4324
-0.4324
-0.43296
-0.44199
-0.41844
-0.40489
-0.41844
-0.41844
-0.42074
5.4708
-0.38537
-0.41583
-0.41583
0
0
0
0
0
0
0
0
0
0
0
0
0
0
0
0
-0.43308
-0.4324
-0.4324
-0.43296
-0.44199
-0.41844
-0.40489
-0.41844
-0.41844
-0.42074
-0.38537
5.4708
-0.41583
-0.41583
0
0
0
0
0
0
0
0
0
0
0
0
0
0
0
0
-0.45834
-0.45981
-0.45981
-0.46318
-0.47529
-0.45423
-0.4357
-0.45423
-0.45423
0
-0.41583
-0.41583
11.331
0
0
0
0
0
0
0
0
0
-6.3845
0
0
0
0
0
0
0
-0.45834
-0.45981
-0.45981
-0.46318
-0.47529
-0.45423
-0.4357
-0.45423
-0.45423
0
-0.41583
-0.41583
0
11.331
0
0
0
0
0
0
0
0
0
0
0
0
0
-6.3845
0
0
-0.45589
-0.45167
-0.45167
-0.45057
0
0
-0.42813
0
0
0
0
0
0
0
2.2379
0
0
0
0
0
0
0
0
0
0
0
0
0
0
0
-0.51464
-0.52109
-0.52109
-0.52264
0
0
0
0
0
0
0
0
0
0
0
2.3523
0
0
-0.27289
0
0
0
0
0
0
0
0
0
0
0
-0.30902
-0.3112
-0.3112
0
0
0
0
0
0
0
0
0
0
0
0
0
1.0415
0
0
-0.11004
0
0
0
0
0
0
0
0
0
0
-0.2252
0
0
0
0
0
0
0
0
-0.22318
0
0
0
0
0
0
0
0.59648
0
0
0
0
0
0
-0.1481
0
0
0
0
0
0
0
0
0
-0.15317
0
0
0
0
0
0
0
0
0
0
-0.27289
0
0
0.53056
0
0
0
0
0
0
0
0
0
0
-0.1045
0
0
0
0
0
0
0
0
0
0
0
0
0
0
0
0
-0.11004
0
0
0.11004
0
0
0
0
0
0
0
0
0
0
0
0
0
0
0
0
0
0
0
-10.6317
0
0
0
0
0
0
0
0
0
0
10.6317
0
0
0
0
0
0
0
0
0
0
0
0
0
0
0
0
0
-8.4528
0
0
0
0
0
0
0
0
0
0
0
0
8.4528
0
0
0
0
0
0
0
0
0
0
0
0
0
0
0
0
0
0
0
0
-6.3845
0
0
0
0
0
0
0
0
0
6.3845
0
0
0
0
0
0
0
0
0
0
0
0
0
0
-8.4528
0
0
0
0
0
0
0
0
0
0
0
0
0
0
0
8.4528
0
0
0
0
0
0
0
0
0
0
0
0
0
0
0
0
0
0
0
0
0
0
0
-0.1481
0
0
0
0
0
0
0.1481
0
0
0
0
0
0
0
0
0
0
0
0
0
0
-10.6317
0
0
0
0
0
0
0
0
0
0
0
0
0
0
0
10.6317
0
0
0
0
0
0
0
0
-9.3297
0
0
0
0
0
0
0
0
0
0
0
0
0
0
0
0
0
0
0
0
0
9.3297
0
0
0
0
0
0
0
0
0
0
0
0
0
0
0
0
-6.3845
0
0
0
0
0
0
0
0
0
0
0
0
0
6.3845
0
0
0
0
0
0
0
-8.4528
0
0
0
0
0
0
0
0
0
0
0
0
0
0
0
0
0
0
0
0
0
0
8.4528
0
0
0
0
0
0
0
0
0
0
0
0
0
0
0
0
0
0
0
-0.1045
0
0
0
0
0
0
0
0
0
0
0.1045
