16.4002
-0.61664
-0.62623
-0.62982
-0.52747
-0.50483
-0.50483
-0.50483
-0.5717
-0.5717
-0.52068
-0.53199
-0.53199
-0.53199
0
-0.25627
0
0
0
0
0
0
0
0
-8.9692
0
0
0
0
0
-0.61664
16.2327
-0.61508
-0.62238
-0.52853
-0.50339
-0.50339
-0.50339
-0.56577
-0.56577
-0.52787
-0.53209
-0.53209
-0.53209
0
0
0
0
-0.1045
0
0
0
0
0
0
0
0
0
-8.9797
0
-0.62623
-0.61508
10.5883
-0.56677
-0.50943
-0.49109
-0.49109
-0.49109
-0.56169
-0.56169
-0.51944
-0.51795
-0.51795
-0.51795
0
0
-1.0121
0
0
0
0
-2.5887
0
0
0
0
0
0
0
0
-0.62982
-0.62238
-0.56677
19.0473
-0.52335
-0.5052
-0.5052
-0.5052
-0.57099
-0.57099
-0.52079
-0.53543
-0.53543
-0.53543
0
0
0
0
0
0
0
-2.6483
0
0
0
0
-9.2721
0
0
0
-0.52747
-0.52853
-0.50943
-0.52335
7.7766
-0.45552
-0.45552
-0.45552
-0.51325
-0.51325
-0.48306
-0.47958
-0.47958
-0.47958
0
0
0
0
0
0
-1.373
0
0
0
0
0
0
0
0
0
-0.50483
-0.50339
-0.49109
-0.5052
-0.45552
6.0964
-0.4024
-0.4024
-0.49573
-0.49573
-0.46315
-0.45898
-0.45898
-0.45898
0
0
0
0
0
0
0
0
0
0
0
0
0
0
0
0
-0.50483
-0.50339
-0.49109
-0.5052
-0.45552
-0.4024
6.0964
-0.4024
-0.49573
-0.49573
-0.46315
-0.45898
-0.45898
-0.45898
0
0
0
0
0
0
0
0
0
0
0
0
0
0
0
0
-0.50483
-0.50339
-0.49109
-0.5052
-0.45552
-0.4024
-0.4024
6.0964
-0.49573
-0.49573
-0.46315
-0.45898
-0.45898
-0.45898
0
0
0
0
0
0
0
0
0
0
0
0
0
0
0
0
-0.5717
-0.56577
-0.56169
-0.57099
-0.51325
-0.49573
-0.49573
-0.49573
6.0014
-0.54616
0
0
0
0
0
0
0
-1.1846
0
0
0
0
0
0
0
0
0
0
0
0
-0.5717
-0.56577
-0.56169
-0.57099
-0.51325
-0.49573
-0.49573
-0.49573
-0.54616
6.0014
0
0
0
0
0
0
0
-1.1846
0
0
0
0
0
0
0
0
0
0
0
0
-0.52068
-0.52787
-0.51944
-0.52079
-0.48306
-0.46315
-0.46315
-0.46315
0
0
4.6228
0
0
0
-0.41658
-0.24492
0
0
0
0
0
0
0
0
0
0
0
0
0
0
-0.53199
-0.53209
-0.51795
-0.53543
-0.47958
-0.45898
-0.45898
-0.45898
0
0
0
3.974
0
0
0
0
0
0
0
0
0
0
0
0
0
0
0
0
0
0
-0.53199
-0.53209
-0.51795
-0.53543
-0.47958
-0.45898
-0.45898
-0.45898
0
0
0
0
3.974
0
0
0
0
0
0
0
0
0
0
0
0
0
0
0
0
0
-0.53199
-0.53209
-0.51795
-0.53543
-0.47958
-0.45898
-0.45898
-0.45898
0
0
0
0
0
3.974
0
0
0
0
0
0
0
0
0
0
0
0
0
0
0
0
0
0
0
0
0
0
0
0
0
0
-0.41658
0
0
0
5.5065
0
-0.71885
0
-0.63415
0
-1.4774
0
0
0
0
0
0
-2.2594
0
0
-0.25627
0
0
0
0
0
0
0
0
0
-0.24492
0
0
0
0
11.9665
-0.41579
0
0
0
0
0
0
0
0
-5.5248
0
0
0
-5.5248
0
0
-1.0121
0
0
0
0
0
0
0
0
0
0
0
-0.71885
-0.41579
3.9217
0
0
-1.775
0
0
0
0
0
0
0
0
0
0
0
0
0
0
0
0
0
0
-1.1846
-1.1846
0
0
0
0
0
0
0
4.1869
0
0
0
0
-1.8176
0
0
0
0
0
0
0
0
-0.1045
0
0
0
0
0
0
0
0
0
0
0
0
-0.63415
0
0
0
0.90856
0
0
0
0
-0.1699
0
0
0
0
0
0
0
0
0
0
0
0
0
0
0
0
0
0
0
0
0
0
-1.775
0
0
4.8992
0
0
-3.1242
0
0
0
0
0
0
0
0
0
0
0
-1.373
0
0
0
0
0
0
0
0
0
-1.4774
0
0
0
0
0
2.8504
0
0
0
0
0
0
0
0
0
0
0
-2.5887
-2.6483
0
0
0
0
0
0
0
0
0
0
0
0
0
0
0
0
0
5.237
0
0
0
0
0
0
0
0
0
0
0
0
0
0
0
0
0
0
0
0
0
0
0
0
0
-1.8176
0
-3.1242
0
0
4.9418
0
0
0
0
0
0
0
0
0
0
0
0
0
0
0
0
0
0
0
0
0
0
0
0
0
-0.1699
0
0
0
0
0.1699
0
0
0
0
0
0
-8.9692
0
0
0
0
0
0
0
0
0
0
0
0
0
0
0
0
0
0
0
0
0
0
0
8.9692
0
0
0
0
0
0
0
0
0
0
0
0
0
0
0
0
0
0
0
0
-5.5248
0
0
0
0
0
0
0
0
0
5.5248
0
0
0
0
0
0
0
-9.2721
0
0
0
0
0
0
0
0
0
0
0
0
0
0
0
0
0
0
0
0
0
0
9.2721
0
0
0
0
0
0
0
0
0
0
0
0
0
0
0
0
0
-2.2594
0
0
0
0
0
0
0
0
0
0
0
0
2.2594
0
0
0
-8.9797
0
0
0
0
0
0
0
0
0
0
0
0
0
0
0
0
0
0
0
0
0
0
0
0
0
0
8.9797
0
0
0
0
0
0
0
0
0
0
0
0
0
0
0
0
-5.5248
0
0
0
0
0
0
0
0
0
0
0
0
0
5.5248
