19.4452
-0.92969
-0.93597
-0.89732
-0.89489
-0.89352
-0.83785
-0.83785
-0.83714
-0.80281
-0.86224
-0.90244
-0.8393
-0.90244
-0.96426
-0.97452
-0.7972
-0.78752
-0.96087
0
0
0
-1.9182
-1.6692
0
0
0
0
0
0
-0.92969
19.7907
-0.93665
-0.8983
-0.89575
-0.89312
-0.83857
-0.83857
-0.83805
-0.80328
-0.86105
-0.90368
-0.83986
-0.90368
-0.96621
-0.97638
-0.79815
-0.7884
-0.96281
0
0
0
-1.9206
0
-1.9979
0
0
0
0
0
-0.93597
-0.93665
25.9633
-0.90492
-0.88474
-0.88845
-0.8272
-0.8272
-0.83493
-0.80098
-0.8577
-0.89125
-0.8262
-0.89125
-0.94548
-0.95285
-0.78622
-0.77407
0
0
-1.2659
0
0
0
0
0
0
0
0
-9.9313
-0.89732
-0.8983
-0.90492
17.1752
-0.86121
-0.86656
-0.80644
-0.80644
-0.81265
-0.77993
-0.83713
-0.86948
-0.80727
-0.86948
-0.92645
-0.93471
-0.7671
-0.75731
-0.91148
0
0
0
-1.861
0
0
0
0
0
0
0
-0.89489
-0.89575
-0.88474
-0.86121
15.1747
-0.85911
-0.79624
-0.79624
-0.80519
-0.77318
-0.82835
-0.86084
-0.80233
-0.86084
-0.91485
-0.92753
-0.75888
-0.75601
-0.89849
0
0
0
0
0
0
0
0
0
0
0
-0.89352
-0.89312
-0.88845
-0.86656
-0.85911
16.2051
-0.79884
-0.79884
-0.79982
-0.76721
-0.81927
-0.86315
-0.8062
-0.86315
-0.92212
-0.93739
-0.76187
-0.75824
0
0
0
0
0
0
-1.9083
0
0
0
0
0
-0.83785
-0.83857
-0.8272
-0.80644
-0.79624
-0.79884
13.3411
-0.71548
-0.7537
-0.71995
-0.76827
-0.80207
-0.74735
-0.80207
-0.85219
-0.86442
-0.70672
-0.70368
0
0
0
0
0
0
0
0
0
0
0
0
-0.83785
-0.83857
-0.8272
-0.80644
-0.79624
-0.79884
-0.71548
13.3411
-0.7537
-0.71995
-0.76827
-0.80207
-0.74735
-0.80207
-0.85219
-0.86442
-0.70672
-0.70368
0
0
0
0
0
0
0
0
0
0
0
0
-0.83714
-0.83805
-0.83493
-0.81265
-0.80519
-0.79982
-0.7537
-0.7537
13.9972
-0.70724
-0.75131
-0.80366
-0.74222
-0.80366
-0.85764
-0.85658
-0.7215
0
0
0
0
0
0
0
0
-1.3182
0
0
0
0
-0.80281
-0.80328
-0.80098
-0.77993
-0.77318
-0.76721
-0.71995
-0.71995
-0.70724
12.5255
-0.69196
-0.75993
-0.69166
-0.75993
-0.80666
0
-0.68081
0
0
0
0
0
0
0
0
-1.26
0
0
0
0
-0.86224
-0.86105
-0.8577
-0.83713
-0.82835
-0.81927
-0.76827
-0.76827
-0.75131
-0.69196
12.0179
-0.8561
0
-0.8561
0
0
0
-0.75177
0
0
0
0
0
-1.5083
0
0
0
0
0
0
-0.90244
-0.90368
-0.89125
-0.86948
-0.86084
-0.86315
-0.80207
-0.80207
-0.80366
-0.75993
-0.8561
10.9689
-0.77925
-0.87496
0
0
0
0
0
0
0
0
0
0
0
0
0
0
0
0
-0.8393
-0.83986
-0.8262
-0.80727
-0.80233
-0.8062
-0.74735
-0.74735
-0.74222
-0.69166
0
-0.77925
10.5939
-0.77925
0
0
0
0
0
-1.1857
0
0
0
0
0
0
0
0
0
0
-0.90244
-0.90368
-0.89125
-0.86948
-0.86084
-0.86315
-0.80207
-0.80207
-0.80366
-0.75993
-0.8561
-0.87496
-0.77925
10.9689
0
0
0
0
0
0
0
0
0
0
0
0
0
0
0
0
-0.96426
-0.96621
-0.94548
-0.92645
-0.91485
-0.92212
-0.85219
-0.85219
-0.85764
-0.80666
0
0
0
0
10.3308
0
0
0
0
0
-1.3227
0
0
0
0
0
0
0
0
0
-0.97452
-0.97638
-0.95285
-0.93471
-0.92753
-0.93739
-0.86442
-0.86442
-0.85658
0
0
0
0
0
0
10.8834
0
0
0
-1.2971
-1.2975
0
0
0
0
0
0
0
0
0
-0.7972
-0.79815
-0.78622
-0.7671
-0.75888
-0.76187
-0.70672
-0.70672
-0.7215
-0.68081
0
0
0
0
0
0
7.4852
0
0
0
0
0
0
0
0
0
0
0
0
0
-0.78752
-0.7884
-0.77407
-0.75731
-0.75601
-0.75824
-0.70368
-0.70368
0
0
-0.75177
0
0
0
0
0
0
7.1462
0
0
0
-0.36549
0
0
0
0
0
0
0
0
-0.96087
-0.96281
0
-0.91148
-0.89849
0
0
0
0
0
0
0
0
0
0
0
0
0
3.7336
0
0
0
0
0
0
0
0
0
0
0
0
0
0
0
0
0
0
0
0
0
0
0
-1.1857
0
0
-1.2971
0
0
0
8.8802
0
-2.7136
0
0
0
0
0
0
-3.6839
0
0
0
-1.2659
0
0
0
0
0
0
0
0
0
0
0
-1.3227
-1.2975
0
0
0
0
6.6375
0
0
0
0
0
0
-2.7514
0
0
0
0
0
0
0
0
0
0
0
0
0
0
0
0
0
0
0
-0.36549
0
-2.7136
0
4.3726
0
0
0
0
-1.2936
0
0
0
-1.9182
-1.9206
0
-1.861
0
0
0
0
0
0
0
0
0
0
0
0
0
0
0
0
0
0
5.6997
0
0
0
0
0
0
0
-1.6692
0
0
0
0
0
0
0
0
0
-1.5083
0
0
0
0
0
0
0
0
0
0
0
0
3.1775
0
0
0
0
0
0
0
-1.9979
0
0
0
-1.9083
0
0
0
0
0
0
0
0
0
0
0
0
0
0
0
0
0
0
3.9062
0
0
0
0
0
0
0
0
0
0
0
0
0
-1.3182
-1.26
0
0
0
0
0
0
0
0
0
0
0
0
0
0
0
2.5782
0
0
0
0
0
0
0
0
0
0
0
0
0
0
0
0
0
0
0
0
0
0
0
0
0
-1.2936
0
0
0
0
1.2936
0
0
0
0
0
0
0
0
0
0
0
0
0
0
0
0
0
0
0
0
0
0
0
-2.7514
0
0
0
0
0
0
2.7514
0
0
0
0
0
0
0
0
0
0
0
0
0
0
0
0
0
0
0
0
0
-3.6839
0
0
0
0
0
0
0
0
3.6839
0
0
0
-9.9313
0
0
0
0
0
0
0
0
0
0
0
0
0
0
0
0
0
0
0
0
0
0
0
0
0
0
9.9313
