19.6221
-0.10001
-0.10037
-0.10037
-0.10029
-0.10005
-0.17039
-0.19508
-0.10005
-0.19383
-0.10002
-0.36268
-0.36269
-0.91578
-0.87439
-0.87441
-0.94181
-0.89971
-0.89973
-0.89708
-0.69858
-0.82632
-2.0278
-1.4718
0
0
0
-6.3088
0
0
-0.10001
17.4056
-0.10048
-0.10048
-0.1003
-0.84168
-0.10046
-0.10087
-0.30218
-0.2355
-0.10002
-0.44617
-0.44617
-0.89893
-0.86498
-0.86501
-0.92174
-0.95414
-0.95417
-1.0185
-1.1958
-1.0888
0
0
0
0
0
0
0
-5.6692
-0.10037
-0.10048
15.3031
-0.22245
-0.10011
-0.10008
-0.10017
-0.10025
-0.10006
-0.18844
-0.27337
-0.65204
-0.62542
-1.0051
-0.93121
-0.93126
-1.0612
-1.2706
-1.2707
-1.4283
-1.1903
-1.5037
0
-2.0476
0
0
0
0
0
0
-0.10037
-0.10048
-0.22245
15.3031
-0.10011
-0.10008
-0.10017
-0.10025
-0.10006
-0.18853
-0.2734
-0.62544
-0.65195
-1.005
-0.93124
-0.9312
-1.0612
-1.2707
-1.2708
-1.4283
-1.19
-1.5036
0
-2.0478
0
0
0
0
0
0
-0.10029
-0.1003
-0.10011
-0.10011
14.5807
-0.10008
-0.10009
-0.10011
-0.10008
-0.1003
-0.24018
-0.61209
-0.61212
-1.0079
-0.91752
-0.9175
-1.0642
-1.2853
-1.2854
-1.364
-1.0426
-1.3753
0
-1.9553
0
0
0
0
0
0
-0.10005
-0.84168
-0.10008
-0.10008
-0.10008
15.9513
-0.10005
-0.10006
-0.10003
-0.10007
-0.10172
-0.52405
-0.52413
-0.77175
-0.634
-0.63395
-0.84193
-1.0087
-1.0087
-1.1681
-1.4948
-1.3836
0
0
0
-4.2138
0
0
0
0
-0.17039
-0.10046
-0.10017
-0.10017
-0.10009
-0.10005
12.8734
-0.10014
-0.10004
-0.17588
-0.66563
-0.95937
-0.95951
-1.3338
-1.2174
-1.2174
-1.378
-1.3104
-1.3105
-1.474
0
0
0
0
0
0
0
0
0
0
-0.19508
-0.10087
-0.10025
-0.10025
-0.10011
-0.10006
-0.10014
12.4936
-0.10005
-0.10028
-0.83912
-1.1239
-1.1239
-1.4758
-1.3557
-1.3557
-1.5078
-1.3574
-1.3574
0
0
0
0
0
0
0
0
0
0
0
-0.10005
-0.30218
-0.10006
-0.10006
-0.10008
-0.10003
-0.10004
-0.10005
13.1154
-0.10008
-1.1667
-1.0411
-1.0411
-1.2594
-1.1443
-1.1444
-1.2816
0
0
0
0
0
0
0
-3.9342
0
0
0
0
0
-0.19383
-0.2355
-0.18844
-0.18853
-0.1003
-0.10007
-0.17588
-0.10028
-0.10008
12.7311
-1.1746
-1.6452
-1.6452
-1.7861
-1.6534
-1.6534
-1.7903
0
0
0
0
0
0
0
0
0
0
0
0
0
-0.10002
-0.10002
-0.27337
-0.2734
-0.24018
-0.10172
-0.66563
-0.83912
-1.1667
-1.1746
14.9054
-2.0522
-2.0522
0
0
0
0
0
0
0
0
0
0
0
0
0
0
0
-5.8661
0
-0.36268
-0.44617
-0.65204
-0.62544
-0.61209
-0.52405
-0.95937
-1.1239
-1.0411
-1.6452
-2.0522
11.1786
-1.1344
0
0
0
0
0
0
0
0
0
0
0
0
0
0
0
0
0
-0.36269
-0.44617
-0.62542
-0.65195
-0.61212
-0.52413
-0.95951
-1.1239
-1.0411
-1.6452
-2.0522
-1.1344
11.1787
0
0
0
0
0
0
0
0
0
0
0
0
0
0
0
0
0
-0.91578
-0.89893
-1.0051
-1.005
-1.0079
-0.77175
-1.3338
-1.4758
-1.2594
-1.7861
0
0
0
11.4595
0
0
0
0
0
0
0
0
0
0
0
0
0
0
0
0
-0.87439
-0.86498
-0.93121
-0.93124
-0.91752
-0.634
-1.2174
-1.3557
-1.1443
-1.6534
0
0
0
0
10.5241
0
0
0
0
0
0
0
0
0
0
0
0
0
0
0
-0.87441
-0.86501
-0.93126
-0.9312
-0.9175
-0.63395
-1.2174
-1.3557
-1.1444
-1.6534
0
0
0
0
0
10.5242
0
0
0
0
0
0
0
0
0
0
0
0
0
0
-0.94181
-0.92174
-1.0612
-1.0612
-1.0642
-0.84193
-1.378
-1.5078
-1.2816
-1.7903
0
0
0
0
0
0
11.8498
0
0
0
0
0
0
0
0
0
0
0
0
0
-0.89971
-0.95414
-1.2706
-1.2707
-1.2853
-1.0087
-1.3104
-1.3574
0
0
0
0
0
0
0
0
0
9.3569
0
0
0
0
0
0
0
0
0
0
0
0
-0.89973
-0.95417
-1.2707
-1.2708
-1.2854
-1.0087
-1.3105
-1.3574
0
0
0
0
0
0
0
0
0
0
9.3572
0
0
0
0
0
0
0
0
0
0
0
-0.89708
-1.0185
-1.4283
-1.4283
-1.364
-1.1681
-1.474
0
0
0
0
0
0
0
0
0
0
0
0
8.7782
0
0
0
0
0
0
0
0
0
0
-0.69858
-1.1958
-1.1903
-1.19
-1.0426
-1.4948
0
0
0
0
0
0
0
0
0
0
0
0
0
0
6.8121
0
0
0
0
0
0
0
0
0
-0.82632
-1.0888
-1.5037
-1.5036
-1.3753
-1.3836
0
0
0
0
0
0
0
0
0
0
0
0
0
0
0
7.6813
0
0
0
0
0
0
0
0
-2.0278
0
0
0
0
0
0
0
0
0
0
0
0
0
0
0
0
0
0
0
0
0
13.7639
0
-3.228
-3.4693
-5.0389
0
0
0
-1.4718
0
-2.0476
-2.0478
-1.9553
0
0
0
0
0
0
0
0
0
0
0
0
0
0
0
0
0
0
7.5225
0
0
0
0
0
0
0
0
0
0
0
0
0
0
-3.9342
0
0
0
0
0
0
0
0
0
0
0
0
0
-3.228
0
7.1622
0
0
0
0
0
0
0
0
0
0
-4.2138
0
0
0
0
0
0
0
0
0
0
0
0
0
0
0
0
-3.4693
0
0
7.6831
0
0
0
0
0
0
0
0
0
0
0
0
0
0
0
0
0
0
0
0
0
0
0
0
0
0
-5.0389
0
0
0
5.0389
0
0
0
-6.3088
0
0
0
0
0
0
0
0
0
0
0
0
0
0
0
0
0
0
0
0
0
0
0
0
0
0
6.3088
0
0
0
0
0
0
0
0
0
0
0
0
-5.8661
0
0
0
0
0
0
0
0
0
0
0
0
0
0
0
0
0
5.8661
0
0
-5.6692
0
0
0
0
0
0
0
0
0
0
0
0
0
0
0
0
0
0
0
0
0
0
0
0
0
0
0
5.6692
