32.2474
-0.76768
-0.76768
-0.76124
-0.7524
-0.80802
-0.77375
-0.77397
-0.7818
-0.74568
-0.77189
-0.77189
-0.77189
-0.77189
-0.83691
-0.83691
-0.73058
-0.95697
-1.3482
-0.72661
0
-0.72661
0
0
0
0
-8.0324
0
0
-8.0324
-0.76768
21.5728
-0.75457
-0.72634
-0.72155
-0.77262
-0.76161
-0.74046
-0.74812
-0.72668
-0.73876
-0.73876
-0.73876
-0.73876
-0.79876
-0.79876
-0.69745
-0.9057
-1.2918
-0.68419
0
-0.68419
0
0
0
-6.0372
0
0
0
0
-0.76768
-0.75457
21.5728
-0.72634
-0.72155
-0.77262
-0.76161
-0.74046
-0.74812
-0.72668
-0.73876
-0.73876
-0.73876
-0.73876
-0.79876
-0.79876
-0.69745
-0.9057
-1.2918
-0.68419
0
-0.68419
0
0
-6.0372
0
0
0
0
0
-0.76124
-0.72634
-0.72634
14.9107
-0.69228
-0.73807
-0.74396
-0.70758
-0.71512
-0.70961
-0.70626
-0.70626
-0.70626
-0.70626
-0.76121
-0.76121
-0.6647
-0.85683
-1.2346
-0.64327
0
-0.64327
0
0
0
0
0
0
0
0
-0.7524
-0.72155
-0.72155
-0.69228
14.0391
-0.73994
-0.7371
-0.70906
-0.71638
-0.7155
-0.70799
-0.70799
-0.70799
-0.70799
-0.76222
-0.76222
-0.66598
-0.8597
-1.2339
0
-0.41735
0
0
0
0
0
0
0
0
0
-0.80802
-0.77262
-0.77262
-0.73807
-0.73994
13.1707
-0.8108
-0.75208
-0.76271
-0.7624
-0.75165
-0.75165
-0.75165
-0.75165
-0.81122
-0.81122
-0.70736
-0.91499
0
0
0
0
0
0
0
0
0
0
0
0
-0.77375
-0.76161
-0.76161
-0.74396
-0.7371
-0.8108
16.2658
-0.75635
-0.76712
-0.74635
-0.75537
-0.75537
-0.75537
-0.75537
-0.81814
-0.81814
-0.71344
0
0
0
0
0
0
0
0
0
0
0
-4.036
0
-0.77397
-0.74046
-0.74046
-0.70758
-0.70906
-0.75208
-0.75635
11.7058
-0.7294
-0.7215
-0.71493
-0.71493
-0.71493
-0.71493
-0.77117
-0.77117
-0.67287
0
0
0
0
0
0
0
0
0
0
0
0
0
-0.7818
-0.74812
-0.74812
-0.71512
-0.71638
-0.76271
-0.76712
-0.7294
11.1663
-0.75507
-0.71936
-0.71936
-0.71936
-0.71936
-0.78252
-0.78252
0
0
0
0
0
0
0
0
0
0
0
0
0
0
-0.74568
-0.72668
-0.72668
-0.70961
-0.7155
-0.7624
-0.74635
-0.7215
-0.75507
12.7998
-0.70273
-0.70273
-0.70273
-0.70273
0
0
0
0
0
0
-0.46436
0
0
-2.915
0
0
0
0
0
0
-0.77189
-0.73876
-0.73876
-0.70626
-0.70799
-0.75165
-0.75537
-0.71493
-0.71936
-0.70273
9.4049
-0.69906
-0.69906
-0.69906
0
0
0
0
0
0
0
0
0
0
0
0
0
0
0
0
-0.77189
-0.73876
-0.73876
-0.70626
-0.70799
-0.75165
-0.75537
-0.71493
-0.71936
-0.70273
-0.69906
9.4049
-0.69906
-0.69906
0
0
0
0
0
0
0
0
0
0
0
0
0
0
0
0
-0.77189
-0.73876
-0.73876
-0.70626
-0.70799
-0.75165
-0.75537
-0.71493
-0.71936
-0.70273
-0.69906
-0.69906
9.4049
-0.69906
0
0
0
0
0
0
0
0
0
0
0
0
0
0
0
0
-0.77189
-0.73876
-0.73876
-0.70626
-0.70799
-0.75165
-0.75537
-0.71493
-0.71936
-0.70273
-0.69906
-0.69906
-0.69906
9.4049
0
0
0
0
0
0
0
0
0
0
0
0
0
0
0
0
-0.83691
-0.79876
-0.79876
-0.76121
-0.76222
-0.81122
-0.81814
-0.77117
-0.78252
0
0
0
0
0
7.1409
0
0
0
0
0
0
0
0
0
0
0
0
0
0
0
-0.83691
-0.79876
-0.79876
-0.76121
-0.76222
-0.81122
-0.81814
-0.77117
-0.78252
0
0
0
0
0
0
7.1409
0
0
0
0
0
0
0
0
0
0
0
0
0
0
-0.73058
-0.69745
-0.69745
-0.6647
-0.66598
-0.70736
-0.71344
-0.67287
0
0
0
0
0
0
0
0
5.5498
0
0
0
0
0
0
0
0
0
0
0
0
0
-0.95697
-0.9057
-0.9057
-0.85683
-0.8597
-0.91499
0
0
0
0
0
0
0
0
0
0
0
5.3999
0
0
0
0
0
0
0
0
0
0
0
0
-1.3482
-1.2918
-1.2918
-1.2346
-1.2339
0
0
0
0
0
0
0
0
0
0
0
0
0
6.4003
0
0
0
0
0
0
0
0
0
0
0
-0.72661
-0.68419
-0.68419
-0.64327
0
0
0
0
0
0
0
0
0
0
0
0
0
0
0
2.7382
0
0
0
0
0
0
0
0
0
0
0
0
0
0
-0.41735
0
0
0
0
-0.46436
0
0
0
0
0
0
0
0
0
0
6.6692
0
-3.6691
0
0
0
0
-2.1183
0
0
-0.72661
-0.68419
-0.68419
-0.64327
0
0
0
0
0
0
0
0
0
0
0
0
0
0
0
0
0
2.7382
0
0
0
0
0
0
0
0
0
0
0
0
0
0
0
0
0
0
0
0
0
0
0
0
0
0
0
0
-3.6691
0
4.8061
-1.137
0
0
0
0
0
0
0
0
0
0
0
0
0
0
0
-2.915
0
0
0
0
0
0
0
0
0
0
0
0
-1.137
4.052
0
0
0
0
0
0
0
0
-6.0372
0
0
0
0
0
0
0
0
0
0
0
0
0
0
0
0
0
0
0
0
0
6.0372
0
0
0
0
0
0
-6.0372
0
0
0
0
0
0
0
0
0
0
0
0
0
0
0
0
0
0
0
0
0
0
0
6.0372
0
0
0
0
-8.0324
0
0
0
0
0
0
0
0
0
0
0
0
0
0
0
0
0
0
0
0
0
0
0
0
0
8.0324
0
0
0
0
0
0
0
0
0
0
0
0
0
0
0
0
0
0
0
0
0
0
0
-2.1183
0
0
0
0
0
0
2.1183
0
0
0
0
0
0
0
0
-4.036
0
0
0
0
0
0
0
0
0
0
0
0
0
0
0
0
0
0
0
0
0
4.036
0
-8.0324
0
0
0
0
0
0
0
0
0
0
0
0
0
0
0
0
0
0
0
0
0
0
0
0
0
0
0
0
8.0324
