23.1634
-0.37279
-0.32167
-0.32873
-0.32873
-0.34729
-0.3605
-0.34983
-0.35357
-0.35201
-0.27741
-0.35333
-0.33519
-0.33108
0
0
0
0
0
0
0
-9.3757
0
0
0
0
-9.3757
0
0
0
-0.37279
13.9456
-0.32549
-0.33191
-0.33191
-0.34781
-0.36557
-0.36022
-0.36247
-0.35235
-0.29069
-0.36326
-0.33468
-0.32954
0
0
0
0
-1.4929
0
0
0
0
0
0
0
0
0
-7.984
0
-0.32167
-0.32549
4.0465
-0.28833
-0.28833
-0.29995
-0.30983
-0.30506
-0.30871
-0.30324
-0.26056
-0.33048
-0.28923
-0.28495
0
0
-0.13072
0
0
0
0
0
0
0
0
0
0
0
0
0
-0.32873
-0.33191
-0.28833
4.509
-0.27367
-0.30319
-0.31406
-0.3122
-0.31463
-0.30615
-0.26724
-0.32424
-0.29182
-0.28801
-0.56486
0
0
0
0
0
0
0
0
0
0
0
0
0
0
0
-0.32873
-0.33191
-0.28833
-0.27367
4.509
-0.30319
-0.31406
-0.3122
-0.31463
-0.30615
-0.26724
-0.32424
-0.29182
-0.28801
-0.56486
0
0
0
0
0
0
0
0
0
0
0
0
0
0
0
-0.34729
-0.34781
-0.29995
-0.30319
-0.30319
3.195
-0.34721
-0.33406
0
-0.30868
0
0
-0.30255
-0.30107
0
0
0
0
0
0
0
0
0
0
0
0
0
0
0
0
-0.3605
-0.36557
-0.30983
-0.31406
-0.31406
-0.34721
10.7775
0
-0.32637
0
0
0
-0.33604
0
0
0
0
-3.6047
0
0
0
0
0
0
0
-4.4992
0
0
0
0
-0.34983
-0.36022
-0.30506
-0.3122
-0.3122
-0.33406
0
5.3344
0
0
0
0
0
0
-0.75235
0
0
0
0
0
0
0
0
-2.6085
0
0
0
0
0
0
-0.35357
-0.36247
-0.30871
-0.31463
-0.31463
0
-0.32637
0
2.5237
-0.39668
0
0
0
0
0
-0.14663
0
0
0
0
0
0
0
0
0
0
0
0
0
0
-0.35201
-0.35235
-0.30324
-0.30615
-0.30615
-0.30868
0
0
-0.39668
2.3253
0
0
0
0
0
0
0
0
0
0
0
0
0
0
0
0
0
0
0
0
-0.27741
-0.29069
-0.26056
-0.26724
-0.26724
0
0
0
0
0
14.2562
0
0
0
0
0
0
0
0
0
0
0
-6.4465
0
0
0
0
-6.4465
0
0
-0.35333
-0.36326
-0.33048
-0.32424
-0.32424
0
0
0
0
0
0
2.8683
0
0
0
0
-0.18911
0
0
0
0
0
0
0
0
0
0
0
0
-0.98366
-0.33519
-0.33468
-0.28923
-0.29182
-0.29182
-0.30255
-0.33604
0
0
0
0
0
2.1813
0
0
0
0
0
0
0
0
0
0
0
0
0
0
0
0
0
-0.33108
-0.32954
-0.28495
-0.28801
-0.28801
-0.30107
0
0
0
0
0
0
0
1.8227
0
0
0
0
0
0
0
0
0
0
0
0
0
0
0
0
0
0
0
-0.56486
-0.56486
0
0
-0.75235
0
0
0
0
0
0
4.691
0
0
-1.8136
0
-0.99536
0
0
0
0
0
0
0
0
0
0
0
0
0
0
0
0
0
0
-0.14663
0
0
0
0
0
0
6.9213
0
0
-1.4376
-2.9823
0
0
0
0
-2.3547
0
0
0
0
0
0
0
-0.13072
0
0
0
0
0
0
0
0
-0.18911
0
0
0
0
0.42433
0
0
0
-0.1045
0
0
0
0
0
0
0
0
0
0
0
0
0
0
0
-3.6047
0
0
0
0
0
0
0
-1.8136
0
0
5.4183
0
0
0
0
0
0
0
0
0
0
0
0
0
-1.4929
0
0
0
0
0
0
0
0
0
0
0
0
0
-1.4376
0
0
2.9305
0
0
0
0
0
0
0
0
0
0
0
0
0
0
0
0
0
0
0
0
0
0
0
0
0
-0.99536
-2.9823
0
0
0
3.9777
0
0
0
0
0
0
0
0
0
0
0
0
0
0
0
0
0
0
0
0
0
0
0
0
0
0
-0.1045
0
0
0
0.1045
0
0
0
0
0
0
0
0
0
-9.3757
0
0
0
0
0
0
0
0
0
0
0
0
0
0
0
0
0
0
0
0
9.3757
0
0
0
0
0
0
0
0
0
0
0
0
0
0
0
0
0
0
-6.4465
0
0
0
0
0
0
0
0
0
0
0
6.4465
0
0
0
0
0
0
0
0
0
0
0
0
0
0
-2.6085
0
0
0
0
0
0
0
0
0
0
0
0
0
0
0
2.6085
0
0
0
0
0
0
0
0
0
0
0
0
0
0
0
0
0
0
0
0
0
-2.3547
0
0
0
0
0
0
0
0
2.3547
0
0
0
0
0
0
0
0
0
0
0
-4.4992
0
0
0
0
0
0
0
0
0
0
0
0
0
0
0
0
0
0
4.4992
0
0
0
0
-9.3757
0
0
0
0
0
0
0
0
0
0
0
0
0
0
0
0
0
0
0
0
0
0
0
0
0
9.3757
0
0
0
0
0
0
0
0
0
0
0
0
0
-6.4465
0
0
0
0
0
0
0
0
0
0
0
0
0
0
0
0
6.4465
0
0
0
-7.984
0
0
0
0
0
0
0
0
0
0
0
0
0
0
0
0
0
0
0
0
0
0
0
0
0
0
7.984
0
0
0
0
0
0
0
0
0
0
0
0
-0.98366
0
0
0
0
0
0
0
0
0
0
0
0
0
0
0
0
0
0.98366
