23.1567
-0.10022
-0.79441
-0.10068
-0.43183
-0.40663
-0.35133
-0.28951
-0.58456
-0.58963
-0.58367
-0.58651
-0.68268
-0.62999
-0.64372
-0.63821
-0.1014
-0.82307
-0.82075
-3.5399
-0.10079
0
-3.2186
0
0
0
0
-7.1387
0
0
-0.10022
20.9491
-0.54206
-0.10074
-0.42874
-0.38389
-0.30799
-0.22471
-0.55403
-0.53316
-0.54898
-0.54199
-0.66849
-0.60314
-0.59659
-0.60505
-0.10112
-0.78672
-0.78463
-2.991
0
0
-3.0785
0
0
0
0
0
0
-6.4674
-0.79441
-0.54206
15.5622
-0.87942
-0.41332
-0.37396
-1.001
-1.0756
-0.43121
-0.45469
-0.42994
-0.49931
-0.38269
-0.45624
-0.45831
-0.4324
-0.25962
-0.676
-0.67503
0
0
0
0
0
0
-5.327
0
0
0
0
-0.10068
-0.10074
-0.87942
13.6371
-0.51356
-0.2341
-0.16708
-0.96012
-0.3783
-0.49324
-0.44367
-1.1062
-0.13521
-0.68994
-0.66284
-0.53803
-0.10434
-1.5342
-1.5342
-3.0612
0
0
0
0
0
0
0
0
0
0
-0.43183
-0.42874
-0.41332
-0.51356
12.662
-0.72598
-1.0203
-0.53336
-0.28493
-0.29665
-0.35751
-0.13078
-0.68996
-0.26426
-0.36832
-0.5013
-0.78263
-2.4594
-2.4592
0
0
0
0
0
0
0
0
0
0
0
-0.40663
-0.38389
-0.37396
-0.2341
-0.72598
12.3857
-0.92362
-0.57633
-0.39884
-0.32737
-0.36718
-0.1403
-0.52067
-0.38464
-0.40869
-0.34646
-0.8935
-2.4869
-2.4867
0
0
0
0
0
0
0
0
0
0
0
-0.35133
-0.30799
-1.001
-0.16708
-1.0203
-0.92362
13.8943
-0.16734
-0.66667
-0.6534
-0.67502
-0.27976
-1.2094
-0.73018
-0.77718
-0.75721
-0.36248
0
0
0
0
-3.8444
0
0
0
0
0
0
0
0
-0.28951
-0.22471
-1.0756
-0.96012
-0.53336
-0.57633
-0.16734
13.9169
-0.72138
-0.70531
-0.71193
-1.143
-0.34273
-0.74585
-0.79507
-0.77015
-0.31353
0
0
0
0
-3.841
0
0
0
0
0
0
0
0
-0.58456
-0.55403
-0.43121
-0.3783
-0.28493
-0.39884
-0.66667
-0.72138
9.1519
-1.2216
-0.2015
-0.89579
-0.76358
-0.30503
-0.32129
-0.15158
-1.2717
0
0
0
0
0
0
0
0
0
0
0
0
0
-0.58963
-0.53316
-0.45469
-0.49324
-0.29665
-0.32737
-0.6534
-0.70531
-1.2216
9.4013
-0.17385
-0.66462
-0.53432
-0.31256
-0.27979
-0.88426
-1.2769
0
0
0
0
0
0
0
0
0
0
0
0
0
-0.58367
-0.54898
-0.42994
-0.44367
-0.35751
-0.36718
-0.67502
-0.71193
-0.2015
-0.17385
8.195
-0.50754
-0.42211
-0.27646
-0.85808
-0.43819
-1.1994
0
0
0
0
0
0
0
0
0
0
0
0
0
-0.58651
-0.54199
-0.49931
-1.1062
-0.13078
-0.1403
-0.27976
-1.143
-0.89579
-0.66462
-0.50754
10.6359
-2.6903
-0.24711
-0.87884
-0.32393
0
0
0
0
0
0
0
0
0
0
0
0
0
0
-0.68268
-0.66849
-0.38269
-0.13521
-0.68996
-0.52067
-1.2094
-0.34273
-0.76358
-0.53432
-0.42211
-2.6903
10.4122
-0.25205
-0.81943
-0.29861
0
0
0
0
0
0
0
0
0
0
0
0
0
0
-0.62999
-0.60314
-0.45624
-0.68994
-0.26426
-0.38464
-0.73018
-0.74585
-0.30503
-0.31256
-0.27646
-0.24711
-0.25205
6.1351
-0.23767
0
0
0
0
0
0
0
0
0
0
0
0
0
0
0
-0.64372
-0.59659
-0.45831
-0.66284
-0.36832
-0.40869
-0.77718
-0.79507
-0.32129
-0.27979
-0.85808
-0.87884
-0.81943
-0.23767
8.1058
0
0
0
0
0
0
0
0
0
0
0
0
0
0
0
-0.63821
-0.60505
-0.4324
-0.53803
-0.5013
-0.34646
-0.75721
-0.77015
-0.15158
-0.88426
-0.43819
-0.32393
-0.29861
0
0
6.6854
0
0
0
0
0
0
0
0
0
0
0
0
0
0
-0.1014
-0.10112
-0.25962
-0.10434
-0.78263
-0.8935
-0.36248
-0.31353
-1.2717
-1.2769
-1.1994
0
0
0
0
0
11.1626
0
0
0
-4.4961
0
0
0
0
0
0
0
0
0
-0.82307
-0.78672
-0.676
-1.5342
-2.4594
-2.4869
0
0
0
0
0
0
0
0
0
0
0
8.7662
0
0
0
0
0
0
0
0
0
0
0
0
-0.82075
-0.78463
-0.67503
-1.5342
-2.4592
-2.4867
0
0
0
0
0
0
0
0
0
0
0
0
8.7605
0
0
0
0
0
0
0
0
0
0
0
-3.5399
-2.991
0
-3.0612
0
0
0
0
0
0
0
0
0
0
0
0
0
0
0
16.1811
0
0
0
0
0
0
-6.589
0
0
0
-0.10079
0
0
0
0
0
0
0
0
0
0
0
0
0
0
0
-4.4961
0
0
0
9.2342
0
0
0
0
0
0
0
-4.6374
0
0
0
0
0
0
0
-3.8444
-3.841
0
0
0
0
0
0
0
0
0
0
0
0
0
13.4197
0
-5.7344
0
0
0
0
0
0
-3.2186
-3.0785
0
0
0
0
0
0
0
0
0
0
0
0
0
0
0
0
0
0
0
0
10.9961
0
-4.699
0
0
0
0
0
0
0
0
0
0
0
0
0
0
0
0
0
0
0
0
0
0
0
0
0
0
-5.7344
0
5.7344
0
0
0
0
0
0
0
0
0
0
0
0
0
0
0
0
0
0
0
0
0
0
0
0
0
0
0
0
-4.699
0
4.699
0
0
0
0
0
0
0
-5.327
0
0
0
0
0
0
0
0
0
0
0
0
0
0
0
0
0
0
0
0
0
0
5.327
0
0
0
0
0
0
0
0
0
0
0
0
0
0
0
0
0
0
0
0
0
0
0
-6.589
0
0
0
0
0
0
6.589
0
0
0
-7.1387
0
0
0
0
0
0
0
0
0
0
0
0
0
0
0
0
0
0
0
0
0
0
0
0
0
0
7.1387
0
0
0
0
0
0
0
0
0
0
0
0
0
0
0
0
0
0
0
0
0
0
-4.6374
0
0
0
0
0
0
0
4.6374
0
0
-6.4674
0
0
0
0
0
0
0
0
0
0
0
0
0
0
0
0
0
0
0
0
0
0
0
0
0
0
0
6.4674
