22.8404
-2.024
-0.89656
-0.86018
-0.10004
-0.30674
-0.3912
-0.39675
-0.52438
-0.52228
-0.48957
-0.62398
-0.10013
-0.78252
-0.78253
-0.10004
-0.80434
-1.0027
-1.0027
-0.71607
-1.3302
-1.4501
0
0
0
0
-7.6334
0
0
0
-2.024
22.8405
-0.89662
-0.86018
-0.10004
-0.30676
-0.39121
-0.39675
-0.52437
-0.52227
-0.48957
-0.62397
-0.10013
-0.78253
-0.78253
-0.10004
-0.80434
-1.0027
-1.0027
-0.71607
-1.3302
-1.4501
0
0
0
0
0
-7.6334
0
0
-0.89656
-0.89662
19.9491
-0.4554
-0.10006
-0.10011
-0.40702
-0.41332
-0.47759
-0.47495
-0.42646
-0.57978
-0.10004
-0.76403
-0.76404
-0.10003
-0.78761
-0.97022
-0.97022
-0.69431
-1.3707
-1.5323
0
0
-6.6676
0
0
0
0
0
-0.86018
-0.86018
-0.4554
18.0142
-0.39362
-0.10024
-0.44041
-0.44591
-0.46596
-0.46347
-0.41665
-0.55144
-0.10006
-0.72087
-0.72087
-0.10003
-0.74425
-0.93343
-0.93343
-0.77704
-1.4468
0
0
0
0
0
0
0
0
-6.084
-0.10004
-0.10004
-0.10006
-0.39362
14.2231
-0.41558
-0.34211
-0.34782
-0.43249
-0.43077
-0.42268
-0.50989
-0.34668
-0.67928
-0.67925
-0.1001
-0.70078
-1.1254
-1.1254
-0.89584
-2.2756
-2.6997
0
0
0
0
0
0
0
0
-0.30674
-0.30676
-0.10011
-0.10024
-0.41558
15.8576
-0.58879
-0.59718
-0.66124
-0.65821
-0.62027
-0.77916
-0.70093
-0.78022
-0.78018
-0.10006
-0.79852
-1.0339
-1.0339
0
0
0
-5.4957
0
0
0
0
0
0
0
-0.3912
-0.39121
-0.40702
-0.44041
-0.34211
-0.58879
12.8374
-0.1005
-0.6952
-0.84865
-0.57089
-0.67754
-0.89125
-0.87801
-0.87802
-0.59464
-0.80895
-1.6665
-1.6665
0
0
0
0
0
0
0
0
0
0
0
-0.39675
-0.39675
-0.41332
-0.44591
-0.34782
-0.59718
-0.1005
12.8118
-0.61468
-0.46022
-0.87385
-0.85111
-0.90877
-0.80648
-0.80647
-0.50352
-0.97484
-1.6568
-1.6568
0
0
0
0
0
0
0
0
0
0
0
-0.52438
-0.52437
-0.47759
-0.46596
-0.43249
-0.66124
-0.6952
-0.61468
11.3031
-0.10049
-0.92145
-0.69235
-1.1696
-0.77721
-0.77722
-1.0271
-1.4419
0
0
0
0
0
0
0
0
0
0
0
0
0
-0.52228
-0.52227
-0.47495
-0.46347
-0.43077
-0.65821
-0.84865
-0.46022
-0.10049
11.1514
-0.8273
-0.63886
-1.1663
-0.79586
-0.79583
-1.0582
-1.3878
0
0
0
0
0
0
0
0
0
0
0
0
0
-0.48957
-0.48957
-0.42646
-0.41665
-0.42268
-0.62027
-0.57089
-0.87385
-0.92145
-0.8273
11.0599
-0.2548
-1.173
-1.0032
-1.0033
-1.5668
0
0
0
0
0
0
0
0
0
0
0
0
0
0
-0.62398
-0.62397
-0.57978
-0.55144
-0.50989
-0.77916
-0.67754
-0.85111
-0.69235
-0.63886
-0.2548
10.6929
-1.4085
-1.2507
-1.2508
0
0
0
0
0
0
0
0
0
0
0
0
0
0
0
-0.10013
-0.10013
-0.10004
-0.10006
-0.34668
-0.70093
-0.89125
-0.90877
-1.1696
-1.1663
-1.173
-1.4085
13.3634
0
0
0
0
0
0
0
0
0
0
-5.198
0
0
0
0
0
0
-0.78252
-0.78253
-0.76403
-0.72087
-0.67928
-0.78022
-0.87801
-0.80648
-0.77721
-0.79586
-1.0032
-1.2507
0
10.0209
0
0
0
0
0
0
0
0
0
0
0
0
0
0
0
0
-0.78253
-0.78253
-0.76404
-0.72087
-0.67925
-0.78018
-0.87802
-0.80647
-0.77722
-0.79583
-1.0033
-1.2508
0
0
10.021
0
0
0
0
0
0
0
0
0
0
0
0
0
0
0
-0.10004
-0.10004
-0.10003
-0.10003
-0.1001
-0.10006
-0.59464
-0.50352
-1.0271
-1.0582
-1.5668
0
0
0
0
10.3283
0
0
0
0
0
0
0
0
0
0
0
0
-4.9777
0
-0.80434
-0.80434
-0.78761
-0.74425
-0.70078
-0.79852
-0.80895
-0.97484
-1.4419
-1.3878
0
0
0
0
0
0
9.2533
0
0
0
0
0
0
0
0
0
0
0
0
0
-1.0027
-1.0027
-0.97022
-0.93343
-1.1254
-1.0339
-1.6665
-1.6568
0
0
0
0
0
0
0
0
0
9.3916
0
0
0
0
0
0
0
0
0
0
0
0
-1.0027
-1.0027
-0.97022
-0.93343
-1.1254
-1.0339
-1.6665
-1.6568
0
0
0
0
0
0
0
0
0
0
9.3916
0
0
0
0
0
0
0
0
0
0
0
-0.71607
-0.71607
-0.69431
-0.77704
-0.89584
0
0
0
0
0
0
0
0
0
0
0
0
0
0
5.9362
0
0
0
0
0
-2.1369
0
0
0
0
-1.3302
-1.3302
-1.3707
-1.4468
-2.2756
0
0
0
0
0
0
0
0
0
0
0
0
0
0
0
7.7536
0
0
0
0
0
0
0
0
0
-1.4501
-1.4501
-1.5323
0
-2.6997
0
0
0
0
0
0
0
0
0
0
0
0
0
0
0
0
7.1321
0
0
0
0
0
0
0
0
0
0
0
0
0
-5.4957
0
0
0
0
0
0
0
0
0
0
0
0
0
0
0
0
5.4957
0
0
0
0
0
0
0
0
0
0
0
0
0
0
0
0
0
0
0
-5.198
0
0
0
0
0
0
0
0
0
0
5.198
0
0
0
0
0
0
0
0
-6.6676
0
0
0
0
0
0
0
0
0
0
0
0
0
0
0
0
0
0
0
0
0
6.6676
0
0
0
0
0
0
0
0
0
0
0
0
0
0
0
0
0
0
0
0
0
0
0
0
-2.1369
0
0
0
0
0
2.1369
0
0
0
0
-7.6334
0
0
0
0
0
0
0
0
0
0
0
0
0
0
0
0
0
0
0
0
0
0
0
0
0
7.6334
0
0
0
0
-7.6334
0
0
0
0
0
0
0
0
0
0
0
0
0
0
0
0
0
0
0
0
0
0
0
0
0
7.6334
0
0
0
0
0
0
0
0
0
0
0
0
0
0
0
0
0
-4.9777
0
0
0
0
0
0
0
0
0
0
0
0
4.9777
0
0
0
0
-6.084
0
0
0
0
0
0
0
0
0
0
0
0
0
0
0
0
0
0
0
0
0
0
0
0
0
6.084
