23.9911
-0.92524
-0.799
-0.799
-0.799
-0.799
-0.799
-0.799
-0.7622
-0.78239
-0.82221
-0.80423
-0.79267
-0.79328
-0.8159
-0.82854
-0.70876
-0.8164
-0.81988
-0.81988
0
0
-8.7055
0
0
0
0
0
0
0
-0.92524
23.9911
-0.799
-0.799
-0.799
-0.799
-0.799
-0.799
-0.7622
-0.78239
-0.82221
-0.80423
-0.79267
-0.79328
-0.8159
-0.82854
-0.70876
-0.8164
-0.81988
-0.81988
0
0
0
0
0
-8.7055
0
0
0
0
-0.799
-0.799
13.3294
-0.67712
-0.67712
-0.67712
-0.67712
-0.67712
-0.66786
-0.68177
-0.71599
-0.70064
-0.69114
-0.68929
-0.7112
-0.72382
-0.64194
-0.70644
-0.70787
-0.70787
0
0
0
0
0
0
0
0
0
0
-0.799
-0.799
-0.67712
13.3294
-0.67712
-0.67712
-0.67712
-0.67712
-0.66786
-0.68177
-0.71599
-0.70064
-0.69114
-0.68929
-0.7112
-0.72382
-0.64194
-0.70644
-0.70787
-0.70787
0
0
0
0
0
0
0
0
0
0
-0.799
-0.799
-0.67712
-0.67712
13.3294
-0.67712
-0.67712
-0.67712
-0.66786
-0.68177
-0.71599
-0.70064
-0.69114
-0.68929
-0.7112
-0.72382
-0.64194
-0.70644
-0.70787
-0.70787
0
0
0
0
0
0
0
0
0
0
-0.799
-0.799
-0.67712
-0.67712
-0.67712
13.3294
-0.67712
-0.67712
-0.66786
-0.68177
-0.71599
-0.70064
-0.69114
-0.68929
-0.7112
-0.72382
-0.64194
-0.70644
-0.70787
-0.70787
0
0
0
0
0
0
0
0
0
0
-0.799
-0.799
-0.67712
-0.67712
-0.67712
-0.67712
13.3294
-0.67712
-0.66786
-0.68177
-0.71599
-0.70064
-0.69114
-0.68929
-0.7112
-0.72382
-0.64194
-0.70644
-0.70787
-0.70787
0
0
0
0
0
0
0
0
0
0
-0.799
-0.799
-0.67712
-0.67712
-0.67712
-0.67712
-0.67712
13.3294
-0.66786
-0.68177
-0.71599
-0.70064
-0.69114
-0.68929
-0.7112
-0.72382
-0.64194
-0.70644
-0.70787
-0.70787
0
0
0
0
0
0
0
0
0
0
-0.7622
-0.7622
-0.66786
-0.66786
-0.66786
-0.66786
-0.66786
-0.66786
19.0008
-0.64173
-0.65579
-0.64417
-0.63606
-0.64153
-0.65133
-0.66084
-0.56971
-0.65618
0
0
0
0
0
0
0
0
0
0
0
-7.7119
-0.78239
-0.78239
-0.68177
-0.68177
-0.68177
-0.68177
-0.68177
-0.68177
-0.64173
11.6673
-0.68776
-0.67439
-0.66559
-0.66562
-0.68334
-0.69568
-0.61712
-0.68067
0
0
0
0
0
0
0
0
0
0
0
0
-0.82221
-0.82221
-0.71599
-0.71599
-0.71599
-0.71599
-0.71599
-0.71599
-0.65579
-0.68776
17.3628
-0.70754
-0.69824
-0.69847
-0.71779
-0.72298
0
0
0
0
0
0
0
0
-6.5339
0
0
0
0
0
-0.80423
-0.80423
-0.70064
-0.70064
-0.70064
-0.70064
-0.70064
-0.70064
-0.64417
-0.67439
-0.70754
10.1574
-0.70224
-0.67864
-0.71042
0
0
0
0
0
-0.22765
0
0
0
0
0
0
0
0
0
-0.79267
-0.79267
-0.69114
-0.69114
-0.69114
-0.69114
-0.69114
-0.69114
-0.63606
-0.66559
-0.69824
-0.70224
9.3316
-0.66876
0
0
0
0
0
0
-0.22847
0
0
0
0
0
0
0
0
0
-0.79328
-0.79328
-0.68929
-0.68929
-0.68929
-0.68929
-0.68929
-0.68929
-0.64153
-0.66562
-0.69847
-0.67864
-0.66876
9.7649
-0.68953
0
0
0
0
0
0
0
0
0
0
0
0
0
0
0
-0.8159
-0.8159
-0.7112
-0.7112
-0.7112
-0.7112
-0.7112
-0.7112
-0.65133
-0.68334
-0.71779
-0.71042
0
-0.68953
14.2996
0
0
0
0
0
0
0
0
0
0
0
0
-4.9482
0
0
-0.82854
-0.82854
-0.72382
-0.72382
-0.72382
-0.72382
-0.72382
-0.72382
-0.66084
-0.69568
-0.72298
0
0
0
0
11.2691
0
0
0
0
0
-3.1895
0
0
0
0
0
0
0
0
-0.70876
-0.70876
-0.64194
-0.64194
-0.64194
-0.64194
-0.64194
-0.64194
-0.56971
-0.61712
0
0
0
0
0
0
20.1009
0
0
0
0
0
0
-6.8225
0
0
0
0
-6.8225
0
-0.8164
-0.8164
-0.70644
-0.70644
-0.70644
-0.70644
-0.70644
-0.70644
-0.65618
-0.68067
0
0
0
0
0
0
0
7.2083
0
0
0
0
0
0
0
0
0
0
0
0
-0.81988
-0.81988
-0.70787
-0.70787
-0.70787
-0.70787
-0.70787
-0.70787
0
0
0
0
0
0
0
0
0
0
5.887
0
0
0
0
0
0
0
0
0
0
0
-0.81988
-0.81988
-0.70787
-0.70787
-0.70787
-0.70787
-0.70787
-0.70787
0
0
0
0
0
0
0
0
0
0
0
5.887
0
0
0
0
0
0
0
0
0
0
0
0
0
0
0
0
0
0
0
0
0
-0.22765
-0.22847
0
0
0
0
0
0
0
0.56062
0
0
0
0
0
-0.1045
0
0
0
0
0
0
0
0
0
0
0
0
0
0
0
0
0
0
-3.1895
0
0
0
0
0
3.1895
0
0
0
0
0
0
0
0
-8.7055
0
0
0
0
0
0
0
0
0
0
0
0
0
0
0
0
0
0
0
0
0
8.7055
0
0
0
0
0
0
0
0
0
0
0
0
0
0
0
0
0
0
0
0
0
0
0
-6.8225
0
0
0
0
0
0
6.8225
0
0
0
0
0
0
0
0
0
0
0
0
0
0
0
0
-6.5339
0
0
0
0
0
0
0
0
0
0
0
0
0
6.5339
0
0
0
0
0
0
-8.7055
0
0
0
0
0
0
0
0
0
0
0
0
0
0
0
0
0
0
0
0
0
0
0
8.7055
0
0
0
0
0
0
0
0
0
0
0
0
0
0
0
0
0
0
0
0
0
0
0
0
-0.1045
0
0
0
0
0
0.1045
0
0
0
0
0
0
0
0
0
0
0
0
0
0
0
0
0
-4.9482
0
0
0
0
0
0
0
0
0
0
0
0
4.9482
0
0
0
0
0
0
0
0
0
0
0
0
0
0
0
0
0
0
-6.8225
0
0
0
0
0
0
0
0
0
0
0
6.8225
0
0
0
0
0
0
0
0
0
-7.7119
0
0
0
0
0
0
0
0
0
0
0
0
0
0
0
0
0
0
0
0
7.7119
