15.5948
-0.65585
-0.66102
-0.65886
-0.67135
-0.67853
-0.67972
0
-0.67972
-0.70866
-0.66866
-0.69236
0
-0.70213
-0.70213
0
-1.4773
-1.4773
0
0
0
-0.71929
0
0
0
0
-3.7619
0
0
0
-0.65585
11.4929
-0.65703
-0.65258
-0.66867
-0.67696
-0.67286
-0.59153
-0.67286
-0.703
-0.6636
-0.67529
0
-0.69265
-0.69265
0
-1.4087
-1.4087
0
0
0
0
0
0
0
0
0
0
0
0
-0.66102
-0.65703
16.4362
-0.65251
-0.66158
-0.66684
-0.6739
0
-0.6739
-0.69865
-0.66192
-0.66456
0
-0.69799
-0.69799
0
0
0
0
0
0
0
-4.1841
0
0
0
0
0
0
-4.1841
-0.65886
-0.65258
-0.65251
8.0325
-0.66304
-0.6764
-0.66632
0
-0.66632
-0.69796
-0.65846
-0.66822
0
-0.6859
-0.6859
0
0
0
0
0
0
0
0
0
0
0
0
0
0
0
-0.67135
-0.66867
-0.66158
-0.66304
6.6027
0
-0.67244
0
-0.67244
0
0
0
-0.61924
0
0
0
0
0
0
0
0
0
0
-1.974
0
0
0
0
0
0
-0.67853
-0.67696
-0.66684
-0.6764
0
5.4922
0
0
0
0
0
0
-0.63033
0
0
0
0
0
0
-0.96384
0
0
0
0
0
0
0
0
-1.1993
0
-0.67972
-0.67286
-0.6739
-0.66632
-0.67244
0
4.0102
0
-0.64498
0
0
0
0
0
0
0
0
0
0
0
0
0
0
0
0
0
0
0
0
0
0
-0.59153
0
0
0
0
0
10.1569
0
-0.61857
0
0
0
0
0
0
0
0
-1.4162
-1.029
0
0
0
0
-3.2508
0
0
-3.2508
0
0
-0.67972
-0.67286
-0.6739
-0.66632
-0.67244
0
-0.64498
0
4.0102
0
0
0
0
0
0
0
0
0
0
0
0
0
0
0
0
0
0
0
0
0
-0.70866
-0.703
-0.69865
-0.69796
0
0
0
-0.61857
0
3.4268
0
0
0
0
0
0
0
0
0
0
0
0
0
0
0
0
0
0
0
0
-0.66866
-0.6636
-0.66192
-0.65846
0
0
0
0
0
0
3.3104
0
-0.6578
0
0
0
0
0
0
0
0
0
0
0
0
0
0
0
0
0
-0.69236
-0.67529
-0.66456
-0.66822
0
0
0
0
0
0
0
3.3692
0
0
0
-0.66879
0
0
0
0
0
0
0
0
0
0
0
0
0
0
0
0
0
0
-0.61924
-0.63033
0
0
0
0
-0.6578
0
2.4596
0
0
0
0
0
0
0
0
0
0
0
0
-0.55225
0
0
0
0
-0.70213
-0.69265
-0.69799
-0.6859
0
0
0
0
0
0
0
0
0
2.7787
0
0
0
0
0
0
0
0
0
0
0
0
0
0
0
0
-0.70213
-0.69265
-0.69799
-0.6859
0
0
0
0
0
0
0
0
0
0
2.7787
0
0
0
0
0
0
0
0
0
0
0
0
0
0
0
0
0
0
0
0
0
0
0
0
0
0
-0.66879
0
0
0
3.0402
0
0
-1.0619
0
-1.3095
0
0
0
0
0
0
0
0
0
-1.4773
-1.4087
0
0
0
0
0
0
0
0
0
0
0
0
0
0
2.886
0
0
0
0
0
0
0
0
0
0
0
0
0
-1.4773
-1.4087
0
0
0
0
0
0
0
0
0
0
0
0
0
0
0
2.886
0
0
0
0
0
0
0
0
0
0
0
0
0
0
0
0
0
0
0
-1.4162
0
0
0
0
0
0
0
-1.0619
0
0
2.4782
0
0
0
0
0
0
0
0
0
0
0
0
0
0
0
0
-0.96384
0
-1.029
0
0
0
0
0
0
0
0
0
0
0
1.9929
0
0
0
0
0
0
0
0
0
0
0
0
0
0
0
0
0
0
0
0
0
0
0
0
0
-1.3095
0
0
0
0
2.4988
-1.1894
0
0
0
0
0
0
0
0
-0.71929
0
0
0
0
0
0
0
0
0
0
0
0
0
0
0
0
0
0
0
-1.1894
1.9086
0
0
0
0
0
0
0
0
0
0
-4.1841
0
0
0
0
0
0
0
0
0
0
0
0
0
0
0
0
0
0
0
4.1841
0
0
0
0
0
0
0
0
0
0
0
-1.974
0
0
0
0
0
0
0
0
0
0
0
0
0
0
0
0
0
0
1.974
0
0
0
0
0
0
0
0
0
0
0
0
0
-3.2508
0
0
0
0
0
0
0
0
0
0
0
0
0
0
0
0
3.2508
0
0
0
0
0
0
0
0
0
0
0
0
0
0
0
0
0
-0.55225
0
0
0
0
0
0
0
0
0
0
0
0
0.55225
0
0
0
0
-3.7619
0
0
0
0
0
0
0
0
0
0
0
0
0
0
0
0
0
0
0
0
0
0
0
0
0
3.7619
0
0
0
0
0
0
0
0
0
0
-3.2508
0
0
0
0
0
0
0
0
0
0
0
0
0
0
0
0
0
0
0
3.2508
0
0
0
0
0
0
0
-1.1993
0
0
0
0
0
0
0
0
0
0
0
0
0
0
0
0
0
0
0
0
0
0
1.1993
0
0
0
-4.1841
0
0
0
0
0
0
0
0
0
0
0
0
0
0
0
0
0
0
0
0
0
0
0
0
0
0
4.1841
