27.5186
-0.31862
-0.31105
-0.31105
-0.31268
-0.32026
-0.32541
-0.29595
-0.30536
-0.30536
-0.30536
-0.31631
-0.311
-0.27071
-0.21045
-0.23397
-0.33391
-1.8359
-10.4476
0
0
0
0
0
-10.4476
0
0
0
0
0
-0.31862
6.5145
-0.31293
-0.31293
-0.32005
-0.32198
-0.32765
-0.30434
-0.30658
-0.30658
-0.30658
-0.31807
-0.3114
-0.27396
-0.2172
-0.23741
-0.32885
-1.6893
0
0
0
0
0
0
0
0
0
0
0
0
-0.31105
-0.31293
4.6999
-0.30153
-0.30881
-0.31311
-0.31696
-0.29473
-0.29865
-0.29865
-0.29865
-0.30794
-0.30331
-0.26672
-0.21319
-0.23234
-0.32133
0
0
0
0
0
0
0
0
0
0
0
0
0
-0.31105
-0.31293
-0.30153
4.6999
-0.30881
-0.31311
-0.31696
-0.29473
-0.29865
-0.29865
-0.29865
-0.30794
-0.30331
-0.26672
-0.21319
-0.23234
-0.32133
0
0
0
0
0
0
0
0
0
0
0
0
0
-0.31268
-0.32005
-0.30881
-0.30881
21.1677
-0.32637
-0.33539
-0.30549
-0.31188
-0.31188
-0.31188
-0.32538
-0.318
0
0
0
0
0
0
0
0
-8.6855
0
0
0
0
-8.6855
0
0
0
-0.32026
-0.32198
-0.31311
-0.31311
-0.32637
4.0718
-0.32975
-0.31177
-0.30793
-0.30793
-0.30793
-0.32201
-0.3142
-0.2755
0
0
0
0
0
0
0
0
0
0
0
0
0
0
0
0
-0.32541
-0.32765
-0.31696
-0.31696
-0.33539
-0.32975
9.4211
-0.31851
-0.3143
-0.3143
-0.3143
-0.33235
-0.32053
0
0
0
0
0
0
0
-5.5547
0
0
0
0
0
0
0
0
0
-0.29595
-0.30434
-0.29473
-0.29473
-0.30549
-0.31177
-0.31851
18.3231
-0.2976
-0.2976
-0.2976
0
0
0
0
0
0
0
0
0
0
0
0
-7.6524
0
0
0
0
-7.6524
0
-0.30536
-0.30658
-0.29865
-0.29865
-0.31188
-0.30793
-0.3143
-0.2976
3.6193
-0.28695
-0.28695
-0.3058
-0.29867
0
0
0
0
0
0
0
0
0
0
0
0
0
0
0
0
0
-0.30536
-0.30658
-0.29865
-0.29865
-0.31188
-0.30793
-0.3143
-0.2976
-0.28695
3.6193
-0.28695
-0.3058
-0.29867
0
0
0
0
0
0
0
0
0
0
0
0
0
0
0
0
0
-0.30536
-0.30658
-0.29865
-0.29865
-0.31188
-0.30793
-0.3143
-0.2976
-0.28695
-0.28695
3.6193
-0.3058
-0.29867
0
0
0
0
0
0
0
0
0
0
0
0
0
0
0
0
0
-0.31631
-0.31807
-0.30794
-0.30794
-0.32538
-0.32201
-0.33235
0
-0.3058
-0.3058
-0.3058
6.7169
0
0
0
0
0
0
0
-3.5696
0
0
0
0
0
0
0
0
0
0
-0.311
-0.3114
-0.30331
-0.30331
-0.318
-0.3142
-0.32053
0
-0.29867
-0.29867
-0.29867
0
3.0778
0
0
0
0
0
0
0
0
0
0
0
0
0
0
0
0
0
-0.27071
-0.27396
-0.26672
-0.26672
0
-0.2755
0
0
0
0
0
0
0
1.4735
0
0
0
0
0
0
0
0
0
0
0
-0.11984
0
0
0
0
-0.21045
-0.2172
-0.21319
-0.21319
0
0
0
0
0
0
0
0
0
0
12.7603
0
0
0
0
0
0
0
0
0
0
0
0
-5.9531
0
-5.9531
-0.23397
-0.23741
-0.23234
-0.23234
0
0
0
0
0
0
0
0
0
0
0
1.0406
0
0
0
0
0
0
-0.1045
0
0
0
0
0
0
0
-0.33391
-0.32885
-0.32133
-0.32133
0
0
0
0
0
0
0
0
0
0
0
0
1.3054
0
0
0
0
0
0
0
0
0
0
0
0
0
-1.8359
-1.6893
0
0
0
0
0
0
0
0
0
0
0
0
0
0
0
3.5252
0
0
0
0
0
0
0
0
0
0
0
0
-10.4476
0
0
0
0
0
0
0
0
0
0
0
0
0
0
0
0
0
10.4476
0
0
0
0
0
0
0
0
0
0
0
0
0
0
0
0
0
0
0
0
0
0
-3.5696
0
0
0
0
0
0
0
3.5696
0
0
0
0
0
0
0
0
0
0
0
0
0
0
0
0
-5.5547
0
0
0
0
0
0
0
0
0
0
0
0
0
5.5547
0
0
0
0
0
0
0
0
0
0
0
0
0
-8.6855
0
0
0
0
0
0
0
0
0
0
0
0
0
0
0
0
8.6855
0
0
0
0
0
0
0
0
0
0
0
0
0
0
0
0
0
0
0
0
0
0
0
-0.1045
0
0
0
0
0
0
0.1045
0
0
0
0
0
0
0
0
0
0
0
0
0
0
-7.6524
0
0
0
0
0
0
0
0
0
0
0
0
0
0
0
7.6524
0
0
0
0
0
0
-10.4476
0
0
0
0
0
0
0
0
0
0
0
0
0
0
0
0
0
0
0
0
0
0
0
10.4476
0
0
0
0
0
0
0
0
0
0
0
0
0
0
0
0
0
0
-0.11984
0
0
0
0
0
0
0
0
0
0
0
0.11984
0
0
0
0
0
0
0
0
-8.6855
0
0
0
0
0
0
0
0
0
0
0
0
0
0
0
0
0
0
0
0
0
8.6855
0
0
0
0
0
0
0
0
0
0
0
0
0
0
0
0
0
-5.9531
0
0
0
0
0
0
0
0
0
0
0
0
5.9531
0
0
0
0
0
0
0
0
0
-7.6524
0
0
0
0
0
0
0
0
0
0
0
0
0
0
0
0
0
0
0
0
7.6524
0
0
0
0
0
0
0
0
0
0
0
0
0
0
0
-5.9531
0
0
0
0
0
0
0
0
0
0
0
0
0
0
5.9531
