36.6312
-0.64304
-0.64304
-0.65417
-0.652
-0.64025
-0.62727
-0.61022
-0.61022
-0.63302
-0.63302
-0.65122
-0.60986
-0.56946
-0.64873
-0.68369
-0.56433
-0.56818
-0.48214
0
0
0
0
0
-12.7537
-12.7537
0
0
0
0
-0.64304
10.9253
-0.62124
-0.64321
-0.63574
-0.6273
-0.61577
-0.59246
-0.59246
-0.61363
-0.61363
-0.64051
-0.59132
-0.56875
-0.62749
-0.65943
-0.58658
-0.59485
-0.45785
0
0
0
0
0
0
0
0
0
0
0
-0.64304
-0.62124
10.9253
-0.64321
-0.63574
-0.6273
-0.61577
-0.59246
-0.59246
-0.61363
-0.61363
-0.64051
-0.59132
-0.56875
-0.62749
-0.65943
-0.58658
-0.59485
-0.45785
0
0
0
0
0
0
0
0
0
0
0
-0.65417
-0.64321
-0.64321
20.731
-0.65423
-0.64419
-0.6332
-0.60808
-0.60808
-0.62989
-0.62989
-0.6578
-0.60646
-0.58587
-0.64386
-0.67729
-0.59369
0
0
0
0
0
-10.6179
0
0
0
0
0
0
0
-0.652
-0.63574
-0.63574
-0.65423
10.0478
-0.64717
-0.62722
-0.59961
-0.59961
-0.62231
-0.62231
-0.65092
-0.59893
-0.59021
-0.63566
-0.66881
-0.60731
0
0
0
0
0
0
0
0
0
0
0
0
0
-0.64025
-0.6273
-0.6273
-0.64419
-0.64717
9.7574
-0.62424
-0.59751
-0.59751
-0.6199
-0.6199
-0.64519
-0.59588
-0.58448
-0.63369
-0.6672
0
0
0
-0.38564
0
0
0
0
0
0
0
0
0
0
-0.62727
-0.61577
-0.61577
-0.6332
-0.62722
-0.62424
18.0992
-0.58991
-0.58991
-0.59227
-0.59227
-0.61283
-0.56806
-0.54657
-0.60064
0
0
0
0
0
0
0
0
0
0
0
-9.6633
0
0
0
-0.61022
-0.59246
-0.59246
-0.60808
-0.59961
-0.59751
-0.58991
8.7816
-0.5387
-0.57584
-0.57584
-0.60011
-0.55357
-0.54399
-0.58582
-0.61748
0
0
0
0
0
0
0
0
0
0
0
0
0
0
-0.61022
-0.59246
-0.59246
-0.60808
-0.59961
-0.59751
-0.58991
-0.5387
8.7816
-0.57584
-0.57584
-0.60011
-0.55357
-0.54399
-0.58582
-0.61748
0
0
0
0
0
0
0
0
0
0
0
0
0
0
-0.63302
-0.61363
-0.61363
-0.62989
-0.62231
-0.6199
-0.59227
-0.57584
-0.57584
7.8995
-0.5823
-0.65841
-0.56057
0
-0.62184
0
0
0
0
0
0
0
0
0
0
0
0
0
0
0
-0.63302
-0.61363
-0.61363
-0.62989
-0.62231
-0.6199
-0.59227
-0.57584
-0.57584
-0.5823
7.8995
-0.65841
-0.56057
0
-0.62184
0
0
0
0
0
0
0
0
0
0
0
0
0
0
0
-0.65122
-0.64051
-0.64051
-0.6578
-0.65092
-0.64519
-0.61283
-0.60011
-0.60011
-0.65841
-0.65841
16.3476
-0.54779
0
0
0
0
0
0
0
0
-8.7838
0
0
0
0
0
0
0
0
-0.60986
-0.59132
-0.59132
-0.60646
-0.59893
-0.59588
-0.56806
-0.55357
-0.55357
-0.56057
-0.56057
-0.54779
6.9379
0
0
0
0
0
0
0
0
0
0
0
0
0
0
0
0
0
-0.56946
-0.56875
-0.56875
-0.58587
-0.59021
-0.58448
-0.54657
-0.54399
-0.54399
0
0
0
0
5.6353
0
0
0
0
0
-0.34377
-0.1895
0
0
0
0
0
0
0
0
0
-0.64873
-0.62749
-0.62749
-0.64386
-0.63566
-0.63369
-0.60064
-0.58582
-0.58582
-0.62184
-0.62184
0
0
0
6.8329
0
0
0
0
0
0
0
0
0
0
0
0
0
0
0
-0.68369
-0.65943
-0.65943
-0.67729
-0.66881
-0.6672
0
-0.61748
-0.61748
0
0
0
0
0
0
5.2508
0
0
0
0
0
0
0
0
0
0
0
0
0
0
-0.56433
-0.58658
-0.58658
-0.59369
-0.60731
0
0
0
0
0
0
0
0
0
0
0
5.6652
0
0
0
-0.2379
0
0
0
0
0
0
-2.4888
0
0
-0.56818
-0.59485
-0.59485
0
0
0
0
0
0
0
0
0
0
0
0
0
0
2.0644
0
0
0
0
0
0
0
0
0
0
0
-0.30655
-0.48214
-0.45785
-0.45785
0
0
0
0
0
0
0
0
0
0
0
0
0
0
0
1.3978
0
0
0
0
0
0
0
0
0
0
0
0
0
0
0
0
-0.38564
0
0
0
0
0
0
0
-0.34377
0
0
0
0
0
1.0571
0
0
0
-0.32765
0
0
0
0
0
0
0
0
0
0
0
0
0
0
0
0
0
0
0
-0.1895
0
0
-0.2379
0
0
0
0.5319
0
0
0
0
0
0
0
-0.1045
0
0
0
0
0
0
0
0
0
0
0
0
-8.7838
0
0
0
0
0
0
0
0
0
8.7838
0
0
0
0
0
0
0
0
0
0
0
-10.6179
0
0
0
0
0
0
0
0
0
0
0
0
0
0
0
0
0
0
10.6179
0
0
0
0
0
0
0
0
0
0
0
0
0
0
0
0
0
0
0
0
0
0
0
0
0
0
-0.32765
0
0
0
0.32765
0
0
0
0
0
0
-12.7537
0
0
0
0
0
0
0
0
0
0
0
0
0
0
0
0
0
0
0
0
0
0
0
12.7537
0
0
0
0
0
-12.7537
0
0
0
0
0
0
0
0
0
0
0
0
0
0
0
0
0
0
0
0
0
0
0
0
12.7537
0
0
0
0
0
0
0
0
0
0
-9.6633
0
0
0
0
0
0
0
0
0
0
0
0
0
0
0
0
0
0
0
9.6633
0
0
0
0
0
0
0
0
0
0
0
0
0
0
0
0
0
0
0
-2.4888
0
0
0
0
0
0
0
0
0
0
2.4888
0
0
0
0
0
0
0
0
0
0
0
0
0
0
0
0
0
0
0
0
0
0
-0.1045
0
0
0
0
0
0
0
0.1045
0
0
0
0
0
0
0
0
0
0
0
0
0
0
0
0
0
0
-0.30655
0
0
0
0
0
0
0
0
0
0
0
0.30655
