26.2019
-0.83943
-0.83943
-0.80836
-0.8061
-0.8442
-0.82413
-0.81024
-0.85362
-0.82676
-0.81402
-0.86233
-0.86233
-0.78541
-0.86233
-0.8223
-0.84718
-0.84718
-0.77808
-1.0255
-0.98638
-0.98638
-0.93243
-7.3378
0
0
0
0
0
0
-0.83943
18.2989
-0.81058
-0.80394
-0.78159
-0.82716
-0.80105
-0.788
-0.83893
-0.80296
-0.78949
-0.83547
-0.83547
-0.77911
-0.83547
-0.81976
-0.81913
-0.81913
-0.75286
-0.98189
-0.93241
-0.93241
-0.8727
0
0
0
0
0
0
0
-0.83943
-0.81058
18.2989
-0.80394
-0.78159
-0.82716
-0.80105
-0.788
-0.83893
-0.80296
-0.78949
-0.83547
-0.83547
-0.77911
-0.83547
-0.81976
-0.81913
-0.81913
-0.75286
-0.98189
-0.93241
-0.93241
-0.8727
0
0
0
0
0
0
0
-0.80836
-0.80394
-0.80394
30.6657
-0.77312
-0.77209
-0.77262
-0.75947
-0.77744
-0.77566
-0.76631
-0.81014
-0.81014
-0.71074
-0.81014
-0.73773
-0.80027
-0.80027
-0.73795
-0.97689
0
0
0
0
-7.8293
0
-7.8293
0
0
0
-0.8061
-0.78159
-0.78159
-0.77312
16.7205
-0.78852
-0.76743
-0.75511
-0.8001
-0.7691
-0.75662
-0.79957
-0.79957
-0.74443
-0.79957
-0.78202
-0.78464
-0.78464
-0.72263
-0.93691
-0.89364
-0.89364
0
0
0
0
0
0
0
0
-0.8442
-0.82716
-0.82716
-0.77209
-0.78852
20.6721
-0.8048
-0.79126
-0.82675
-0.80799
-0.79626
-0.84287
-0.84287
-0.76084
-0.84287
-0.79453
-0.82952
-0.82952
-0.76252
0
0
0
0
0
0
0
0
0
-6.0803
0
-0.82413
-0.80105
-0.80105
-0.77262
-0.76743
-0.8048
14.2532
-0.76955
-0.81353
-0.78489
-0.77222
-0.81659
-0.81659
-0.75672
-0.81659
-0.79453
-0.80175
-0.80175
-0.73736
0
0
0
0
0
0
0
0
0
0
0
-0.81024
-0.788
-0.788
-0.75947
-0.75511
-0.79126
-0.76955
13.2899
-0.79642
-0.77106
-0.75865
-0.80179
-0.80179
-0.74286
-0.80179
-0.77851
-0.78772
-0.78772
0
0
0
0
0
0
0
0
0
0
0
0
-0.85362
-0.83893
-0.83893
-0.77744
-0.8001
-0.82675
-0.81353
-0.79642
15.4407
-0.82021
-0.80894
-0.85677
-0.85677
-0.77675
-0.85677
0
0
0
0
0
0
0
0
0
0
0
0
-3.9188
0
0
-0.82676
-0.80296
-0.80296
-0.77566
-0.7691
-0.80799
-0.78489
-0.77106
-0.82021
11.1285
-0.76849
-0.81253
-0.81253
-0.76089
-0.81253
0
0
0
0
0
0
0
0
0
0
0
0
0
0
0
-0.81402
-0.78949
-0.78949
-0.76631
-0.75662
-0.79626
-0.77222
-0.75865
-0.80894
-0.76849
10.2018
-0.79379
-0.79379
0
-0.79379
0
0
0
0
0
0
0
0
0
0
0
0
0
0
0
-0.86233
-0.83547
-0.83547
-0.81014
-0.79957
-0.84287
-0.81659
-0.80179
-0.85677
-0.81253
-0.79379
9.0673
0
0
0
0
0
0
0
0
0
0
0
0
0
0
0
0
0
0
-0.86233
-0.83547
-0.83547
-0.81014
-0.79957
-0.84287
-0.81659
-0.80179
-0.85677
-0.81253
-0.79379
0
9.0673
0
0
0
0
0
0
0
0
0
0
0
0
0
0
0
0
0
-0.78541
-0.77911
-0.77911
-0.71074
-0.74443
-0.76084
-0.75672
-0.74286
-0.77675
-0.76089
0
0
0
8.1877
0
0
0
0
0
0
0
0
0
0
0
0
0
0
0
-0.59087
-0.86233
-0.83547
-0.83547
-0.81014
-0.79957
-0.84287
-0.81659
-0.80179
-0.85677
-0.81253
-0.79379
0
0
0
9.0673
0
0
0
0
0
0
0
0
0
0
0
0
0
0
0
-0.8223
-0.81976
-0.81976
-0.73773
-0.78202
-0.79453
-0.79453
-0.77851
0
0
0
0
0
0
0
6.4536
0
0
0
0
0
0
0
0
0
-0.1045
0
0
0
0
-0.84718
-0.81913
-0.81913
-0.80027
-0.78464
-0.82952
-0.80175
-0.78772
0
0
0
0
0
0
0
0
6.4893
0
0
0
0
0
0
0
0
0
0
0
0
0
-0.84718
-0.81913
-0.81913
-0.80027
-0.78464
-0.82952
-0.80175
-0.78772
0
0
0
0
0
0
0
0
0
6.4893
0
0
0
0
0
0
0
0
0
0
0
0
-0.77808
-0.75286
-0.75286
-0.73795
-0.72263
-0.76252
-0.73736
0
0
0
0
0
0
0
0
0
0
0
5.2443
0
0
0
0
0
0
0
0
0
0
0
-1.0255
-0.98189
-0.98189
-0.97689
-0.93691
0
0
0
0
0
0
0
0
0
0
0
0
0
0
4.9031
0
0
0
0
0
0
0
0
0
0
-0.98638
-0.93241
-0.93241
0
-0.89364
0
0
0
0
0
0
0
0
0
0
0
0
0
0
0
3.7449
0
0
0
0
0
0
0
0
0
-0.98638
-0.93241
-0.93241
0
-0.89364
0
0
0
0
0
0
0
0
0
0
0
0
0
0
0
0
3.7449
0
0
0
0
0
0
0
0
-0.93243
-0.8727
-0.8727
0
0
0
0
0
0
0
0
0
0
0
0
0
0
0
0
0
0
0
2.6778
0
0
0
0
0
0
0
-7.3378
0
0
0
0
0
0
0
0
0
0
0
0
0
0
0
0
0
0
0
0
0
0
7.3378
0
0
0
0
0
0
0
0
0
-7.8293
0
0
0
0
0
0
0
0
0
0
0
0
0
0
0
0
0
0
0
0
7.8293
0
0
0
0
0
0
0
0
0
0
0
0
0
0
0
0
0
0
0
0
-0.1045
0
0
0
0
0
0
0
0
0
0.1045
0
0
0
0
0
0
0
-7.8293
0
0
0
0
0
0
0
0
0
0
0
0
0
0
0
0
0
0
0
0
0
0
7.8293
0
0
0
0
0
0
0
0
0
0
0
-3.9188
0
0
0
0
0
0
0
0
0
0
0
0
0
0
0
0
0
0
3.9188
0
0
0
0
0
0
0
-6.0803
0
0
0
0
0
0
0
0
0
0
0
0
0
0
0
0
0
0
0
0
0
0
6.0803
0
0
0
0
0
0
0
0
0
0
0
0
0
0
-0.59087
0
0
0
0
0
0
0
0
0
0
0
0
0
0
0
0.59087
