17.9758
-0.88873
-0.76366
-0.7851
-0.76366
-0.80071
-0.84874
-0.84874
-0.77946
-0.77946
-0.74517
-0.82428
-0.82428
-0.82428
-0.74829
-0.88775
-0.81911
-1.0081
-1.3666
-0.79227
-0.63372
-1.2437
0
0
0
0
0
0
0
0
-0.88873
35.5596
-0.81471
-0.81448
-0.81471
-0.83691
-0.8907
-0.8907
-0.81753
-0.81753
-0.78139
-0.86484
-0.86484
-0.86484
-0.78467
-0.93199
-0.80672
-1.057
0
-0.83262
0
-1.2067
0
0
0
0
0
0
-9.489
-9.489
-0.76366
-0.81471
15.1718
-0.72045
-0.68683
-0.71816
-0.75982
-0.75982
-0.69846
-0.69846
-0.66796
-0.73819
-0.73819
-0.73819
-0.67073
-0.79422
-0.74414
-0.89979
-1.2663
-0.70961
-0.58406
0
0
0
0
0
0
0
0
0
-0.7851
-0.81448
-0.72045
23.9462
-0.72045
-0.73536
-0.78037
-0.78037
-0.71723
-0.71723
-0.68587
-0.75811
-0.75811
-0.75811
-0.68871
-0.81582
-0.72725
-0.92473
-1.2384
-0.72925
0
0
0
0
0
0
-9.0908
0
0
0
-0.76366
-0.81471
-0.68683
-0.72045
15.1718
-0.71816
-0.75982
-0.75982
-0.69846
-0.69846
-0.66796
-0.73819
-0.73819
-0.73819
-0.67073
-0.79422
-0.74414
-0.89979
-1.2663
-0.70961
-0.58406
0
0
0
0
0
0
0
0
0
-0.80071
-0.83691
-0.71816
-0.73536
-0.71816
13.1729
-0.79979
-0.79979
-0.73493
-0.73493
-0.70275
-0.77691
-0.77691
-0.77691
-0.70567
-0.83623
-0.77038
-0.94837
0
0
0
0
0
0
0
0
0
0
0
0
-0.84874
-0.8907
-0.75982
-0.78037
-0.75982
-0.79979
12.1469
-0.85414
-0.78437
-0.78437
-0.74984
-0.8295
-0.8295
-0.8295
-0.75298
-0.89344
0
0
0
0
0
0
0
0
0
0
0
0
0
0
-0.84874
-0.8907
-0.75982
-0.78037
-0.75982
-0.79979
-0.85414
12.1469
-0.78437
-0.78437
-0.74984
-0.8295
-0.8295
-0.8295
-0.75298
-0.89344
0
0
0
0
0
0
0
0
0
0
0
0
0
0
-0.77946
-0.81753
-0.69846
-0.71723
-0.69846
-0.73493
-0.78437
-0.78437
10.2728
-0.69949
-0.66894
-0.73929
-0.73929
-0.73929
-0.67172
0
0
0
0
0
0
0
0
0
0
0
0
0
0
0
-0.77946
-0.81753
-0.69846
-0.71723
-0.69846
-0.73493
-0.78437
-0.78437
-0.69949
10.2728
-0.66894
-0.73929
-0.73929
-0.73929
-0.67172
0
0
0
0
0
0
0
0
0
0
0
0
0
0
0
-0.74517
-0.78139
-0.66796
-0.68587
-0.66796
-0.70275
-0.74984
-0.74984
-0.66894
-0.66894
9.1611
-0.6908
-0.6908
-0.6908
0
0
0
0
0
0
0
0
0
0
0
0
0
0
0
0
-0.82428
-0.86484
-0.73819
-0.75811
-0.73819
-0.77691
-0.8295
-0.8295
-0.73929
-0.73929
-0.6908
8.5289
0
0
0
0
0
0
0
0
0
0
0
0
0
0
0
0
0
0
-0.82428
-0.86484
-0.73819
-0.75811
-0.73819
-0.77691
-0.8295
-0.8295
-0.73929
-0.73929
-0.6908
0
8.5289
0
0
0
0
0
0
0
0
0
0
0
0
0
0
0
0
0
-0.82428
-0.86484
-0.73819
-0.75811
-0.73819
-0.77691
-0.8295
-0.8295
-0.73929
-0.73929
-0.6908
0
0
8.5289
0
0
0
0
0
0
0
0
0
0
0
0
0
0
0
0
-0.74829
-0.78467
-0.67073
-0.68871
-0.67073
-0.70567
-0.75298
-0.75298
-0.67172
-0.67172
0
0
0
0
7.1182
0
0
0
0
0
0
0
0
0
0
0
0
0
0
0
-0.88775
-0.93199
-0.79422
-0.81582
-0.79422
-0.83623
-0.89344
-0.89344
0
0
0
0
0
0
0
6.8471
0
0
0
0
0
0
0
0
0
0
0
0
0
0
-0.81911
-0.80672
-0.74414
-0.72725
-0.74414
-0.77038
0
0
0
0
0
0
0
0
0
0
5.1111
0
0
0
0
0
0
0
-0.4994
0
0
0
0
0
-1.0081
-1.057
-0.89979
-0.92473
-0.89979
-0.94837
0
0
0
0
0
0
0
0
0
0
0
5.7378
0
0
0
0
0
0
0
0
0
0
0
0
-1.3666
0
-1.2663
-1.2384
-1.2663
0
0
0
0
0
0
0
0
0
0
0
0
0
8.266
0
0
0
0
0
0
0
0
-3.1283
0
0
-0.79227
-0.83262
-0.70961
-0.72925
-0.70961
0
0
0
0
0
0
0
0
0
0
0
0
0
0
3.7734
0
0
0
0
0
0
0
0
0
0
-0.63372
0
-0.58406
0
-0.58406
0
0
0
0
0
0
0
0
0
0
0
0
0
0
0
2.0402
0
0
-0.23842
0
0
0
0
0
0
-1.2437
-1.2067
0
0
0
0
0
0
0
0
0
0
0
0
0
0
0
0
0
0
0
4.2962
0
0
0
-1.8458
0
0
0
0
0
0
0
0
0
0
0
0
0
0
0
0
0
0
0
0
0
0
0
0
0
0
2.222
-1.522
-0.69995
0
0
0
0
0
0
0
0
0
0
0
0
0
0
0
0
0
0
0
0
0
0
0
0
0
-0.23842
0
-1.522
1.7604
0
0
0
0
0
0
0
0
0
0
0
0
0
0
0
0
0
0
0
0
0
0
-0.4994
0
0
0
0
0
-0.69995
0
1.1994
0
0
0
0
0
0
0
0
0
0
0
0
0
0
0
0
0
0
0
0
0
0
0
0
0
0
-1.8458
0
0
0
1.8458
0
0
0
0
0
0
0
-9.0908
0
0
0
0
0
0
0
0
0
0
0
0
0
0
0
0
0
0
0
0
0
0
9.0908
0
0
0
0
0
0
0
0
0
0
0
0
0
0
0
0
0
0
0
0
0
-3.1283
0
0
0
0
0
0
0
0
3.1283
0
0
0
-9.489
0
0
0
0
0
0
0
0
0
0
0
0
0
0
0
0
0
0
0
0
0
0
0
0
0
0
9.489
0
0
-9.489
0
0
0
0
0
0
0
0
0
0
0
0
0
0
0
0
0
0
0
0
0
0
0
0
0
0
0
9.489
