25.9192
-1.0146
-1.0146
-1.0146
-1.0221
-0.90053
-0.91507
-0.90053
-0.91507
-0.90328
-0.90053
-0.81832
-0.81832
-0.92018
-0.89651
-0.93292
-0.93292
-0.88814
-0.88814
-0.95152
-0.71436
0
0
-7.6569
0
0
0
0
0
0
-1.0146
18.0608
-0.99183
-0.99183
-1.0222
-0.88558
-0.91143
-0.88558
-0.91143
-0.89646
-0.88558
-0.80563
-0.80563
-0.91815
-0.88325
-0.91871
-0.91871
-0.87488
-0.87488
-0.9343
-0.73018
0
0
0
0
0
0
0
0
0
-1.0146
-0.99183
18.0608
-0.99183
-1.0222
-0.88558
-0.91143
-0.88558
-0.91143
-0.89646
-0.88558
-0.80563
-0.80563
-0.91815
-0.88325
-0.91871
-0.91871
-0.87488
-0.87488
-0.9343
-0.73018
0
0
0
0
0
0
0
0
0
-1.0146
-0.99183
-0.99183
18.0608
-1.0222
-0.88558
-0.91143
-0.88558
-0.91143
-0.89646
-0.88558
-0.80563
-0.80563
-0.91815
-0.88325
-0.91871
-0.91871
-0.87488
-0.87488
-0.9343
-0.73018
0
0
0
0
0
0
0
0
0
-1.0221
-1.0222
-1.0222
-1.0222
24.9457
-0.89985
-0.9225
-0.89985
-0.9225
-0.9078
-0.89985
-0.81733
-0.81733
-0.92328
-0.89703
-0.93394
-0.93394
-0.88895
-0.88895
-0.95232
0
0
0
0
0
0
0
-7.3516
0
0
-0.90053
-0.88558
-0.88558
-0.88558
-0.89985
15.4652
-0.8176
-0.77354
-0.8176
-0.80306
-0.77354
-0.71807
-0.71807
-0.80677
-0.78306
-0.81066
-0.81066
-0.77506
-0.77506
-0.82538
0
0
0
0
0
0
0
0
0
0
-0.91507
-0.91143
-0.91143
-0.91143
-0.9225
-0.8176
21.8911
-0.8176
-0.8226
-0.81114
-0.8176
-0.72505
-0.72505
-0.79942
-0.79086
-0.81841
-0.81841
-0.78242
-0.78242
0
0
0
0
0
-6.9907
0
0
0
0
0
-0.90053
-0.88558
-0.88558
-0.88558
-0.89985
-0.77354
-0.8176
15.4652
-0.8176
-0.80306
-0.77354
-0.71807
-0.71807
-0.80677
-0.78306
-0.81066
-0.81066
-0.77506
-0.77506
-0.82538
0
0
0
0
0
0
0
0
0
0
-0.91507
-0.91143
-0.91143
-0.91143
-0.9225
-0.8176
-0.8226
-0.8176
21.8911
-0.81114
-0.8176
-0.72505
-0.72505
-0.79942
-0.79086
-0.81841
-0.81841
-0.78242
-0.78242
0
0
0
0
0
0
0
-6.9907
0
0
0
-0.90328
-0.89646
-0.89646
-0.89646
-0.9078
-0.80306
-0.81114
-0.80306
-0.81114
15.0944
-0.80306
-0.71343
-0.71343
-0.79422
-0.77773
-0.80411
-0.80411
-0.76908
-0.76908
0
0
0
-0.41726
0
0
0
0
0
0
0
-0.90053
-0.88558
-0.88558
-0.88558
-0.89985
-0.77354
-0.8176
-0.77354
-0.8176
-0.80306
15.4652
-0.71807
-0.71807
-0.80677
-0.78306
-0.81066
-0.81066
-0.77506
-0.77506
-0.82538
0
0
0
0
0
0
0
0
0
0
-0.81832
-0.80563
-0.80563
-0.80563
-0.81733
-0.71807
-0.72505
-0.71807
-0.72505
-0.71343
-0.71807
13.3366
-0.65568
-0.72275
-0.71306
-0.73366
-0.73366
-0.70375
-0.70375
0
0
0
0
0
0
0
0
0
0
0
-0.81832
-0.80563
-0.80563
-0.80563
-0.81733
-0.71807
-0.72505
-0.71807
-0.72505
-0.71343
-0.71807
-0.65568
13.3366
-0.72275
-0.71306
-0.73366
-0.73366
-0.70375
-0.70375
0
0
0
0
0
0
0
0
0
0
0
-0.92018
-0.91815
-0.91815
-0.91815
-0.92328
-0.80677
-0.79942
-0.80677
-0.79942
-0.79422
-0.80677
-0.72275
-0.72275
18.5975
-0.80396
0
0
0
0
0
0
-0.94058
0
0
0
-5.9962
0
0
0
0
-0.89651
-0.88325
-0.88325
-0.88325
-0.89703
-0.78306
-0.79086
-0.78306
-0.79086
-0.77773
-0.78306
-0.71306
-0.71306
-0.80396
13.0187
-0.81837
-0.81837
0
0
0
0
0
0
0
0
0
0
0
0
0
-0.93292
-0.91871
-0.91871
-0.91871
-0.93394
-0.81066
-0.81841
-0.81066
-0.81841
-0.80411
-0.81066
-0.73366
-0.73366
0
-0.81837
11.7816
0
0
0
0
0
0
0
0
0
0
0
0
0
0
-0.93292
-0.91871
-0.91871
-0.91871
-0.93394
-0.81066
-0.81841
-0.81066
-0.81841
-0.80411
-0.81066
-0.73366
-0.73366
0
-0.81837
0
11.7816
0
0
0
0
0
0
0
0
0
0
0
0
0
-0.88814
-0.87488
-0.87488
-0.87488
-0.88895
-0.77506
-0.78242
-0.77506
-0.78242
-0.76908
-0.77506
-0.70375
-0.70375
0
0
0
0
10.4684
0
0
0
0
0
0
0
0
0
0
0
0
-0.88814
-0.87488
-0.87488
-0.87488
-0.88895
-0.77506
-0.78242
-0.77506
-0.78242
-0.76908
-0.77506
-0.70375
-0.70375
0
0
0
0
0
10.4684
0
0
0
0
0
0
0
0
0
0
0
-0.95152
-0.9343
-0.9343
-0.9343
-0.95232
-0.82538
0
-0.82538
0
0
-0.82538
0
0
0
0
0
0
0
0
7.1829
0
0
0
0
0
0
0
0
0
0
-0.71436
-0.73018
-0.73018
-0.73018
0
0
0
0
0
0
0
0
0
0
0
0
0
0
0
0
3.886
-0.87657
0
0
0
0
0
0
-0.1045
0
0
0
0
0
0
0
0
0
0
0
0
0
0
-0.94058
0
0
0
0
0
0
-0.87657
2.5169
-0.69975
0
0
0
0
0
0
0
0
0
0
0
0
0
0
0
0
-0.41726
0
0
0
0
0
0
0
0
0
0
0
-0.69975
1.6657
0
0
0
0
0
0
-0.5487
-7.6569
0
0
0
0
0
0
0
0
0
0
0
0
0
0
0
0
0
0
0
0
0
0
7.6569
0
0
0
0
0
0
0
0
0
0
0
0
-6.9907
0
0
0
0
0
0
0
0
0
0
0
0
0
0
0
0
0
6.9907
0
0
0
0
0
0
0
0
0
0
0
0
0
0
0
0
0
0
-5.9962
0
0
0
0
0
0
0
0
0
0
0
5.9962
0
0
0
0
0
0
0
0
0
0
0
0
-6.9907
0
0
0
0
0
0
0
0
0
0
0
0
0
0
0
0
0
6.9907
0
0
0
0
0
0
0
-7.3516
0
0
0
0
0
0
0
0
0
0
0
0
0
0
0
0
0
0
0
0
0
0
7.3516
0
0
0
0
0
0
0
0
0
0
0
0
0
0
0
0
0
0
0
0
0
0
-0.1045
0
0
0
0
0
0
0
0.1045
0
0
0
0
0
0
0
0
0
0
0
0
0
0
0
0
0
0
0
0
0
0
0
-0.5487
0
0
0
0
0
0
0.5487
