19.6389
-1.0135
-0.96749
-0.96749
-0.96749
-0.98441
-0.95774
-0.94002
-0.94002
-0.90039
-0.91423
-0.90039
-0.91423
-0.91423
-0.81478
-0.85038
-0.81478
-0.82663
-0.87784
-0.91798
-0.93082
-1.0129
-0.31125
0
0
0
0
0
0
0
-1.0135
19.6389
-0.96749
-0.96749
-0.96749
-0.98441
-0.95774
-0.94002
-0.94002
-0.90039
-0.91423
-0.90039
-0.91423
-0.91423
-0.81478
-0.85038
-0.81478
-0.82663
-0.87784
-0.91798
-0.93082
-1.0129
-0.31125
0
0
0
0
0
0
0
-0.96749
-0.96749
18.5408
-0.91852
-0.91852
-0.95217
-0.9189
-0.89934
-0.89934
-0.86215
-0.87823
-0.86215
-0.87823
-0.87823
-0.78048
-0.81769
-0.78048
-0.7917
-0.84028
-0.87726
-0.88845
-0.96372
0
0
0
0
0
0
0
0
-0.96749
-0.96749
-0.91852
18.5408
-0.91852
-0.95217
-0.9189
-0.89934
-0.89934
-0.86215
-0.87823
-0.86215
-0.87823
-0.87823
-0.78048
-0.81769
-0.78048
-0.7917
-0.84028
-0.87726
-0.88845
-0.96372
0
0
0
0
0
0
0
0
-0.96749
-0.96749
-0.91852
-0.91852
18.5408
-0.95217
-0.9189
-0.89934
-0.89934
-0.86215
-0.87823
-0.86215
-0.87823
-0.87823
-0.78048
-0.81769
-0.78048
-0.7917
-0.84028
-0.87726
-0.88845
-0.96372
0
0
0
0
0
0
0
0
-0.98441
-0.98441
-0.95217
-0.95217
-0.95217
24.9347
-0.91771
-0.91219
-0.91219
-0.87355
-0.87647
-0.87355
-0.87647
-0.87647
-0.78996
-0.81531
-0.78996
-0.80128
-0.85152
-0.89334
-0.90881
0
0
0
0
-7.1406
0
0
0
0
-0.95774
-0.95774
-0.9189
-0.9189
-0.9189
-0.91771
23.1977
-0.88943
-0.88943
-0.84915
-0.85197
-0.84915
-0.85197
-0.85197
-0.76601
-0.79187
-0.76601
-0.77709
-0.82655
-0.86789
0
0
0
0
-6.7793
0
0
0
0
0
-0.94002
-0.94002
-0.89934
-0.89934
-0.89934
-0.91219
-0.88943
17.0709
-0.87092
-0.83611
-0.8508
-0.83611
-0.8508
-0.8508
-0.75571
-0.79201
-0.75571
-0.76661
-0.81402
-0.85021
-0.86145
0
0
0
0
0
0
0
0
0
-0.94002
-0.94002
-0.89934
-0.89934
-0.89934
-0.91219
-0.88943
-0.87092
17.0709
-0.83611
-0.8508
-0.83611
-0.8508
-0.8508
-0.75571
-0.79201
-0.75571
-0.76661
-0.81402
-0.85021
-0.86145
0
0
0
0
0
0
0
0
0
-0.90039
-0.90039
-0.86215
-0.86215
-0.86215
-0.87355
-0.84915
-0.83611
-0.83611
15.5122
-0.82117
-0.77672
-0.82117
-0.82117
-0.71601
-0.74918
-0.71601
-0.72642
-0.77147
-0.81068
0
0
0
0
0
0
0
0
0
0
-0.91423
-0.91423
-0.87823
-0.87823
-0.87823
-0.87647
-0.85197
-0.8508
-0.8508
-0.82117
21.19
-0.82117
-0.81733
-0.81733
-0.71696
-0.73597
-0.71696
-0.72685
-0.77276
0
0
0
0
0
0
0
0
-6.3503
0
0
-0.90039
-0.90039
-0.86215
-0.86215
-0.86215
-0.87355
-0.84915
-0.83611
-0.83611
-0.77672
-0.82117
15.5122
-0.82117
-0.82117
-0.71601
-0.74918
-0.71601
-0.72642
-0.77147
-0.81068
0
0
0
0
0
0
0
0
0
0
-0.91423
-0.91423
-0.87823
-0.87823
-0.87823
-0.87647
-0.85197
-0.8508
-0.8508
-0.82117
-0.81733
-0.82117
21.19
-0.81733
-0.71696
-0.73597
-0.71696
-0.72685
-0.77276
0
0
0
0
0
0
0
0
0
0
-6.3503
-0.91423
-0.91423
-0.87823
-0.87823
-0.87823
-0.87647
-0.85197
-0.8508
-0.8508
-0.82117
-0.81733
-0.82117
-0.81733
21.19
-0.71696
-0.73597
-0.71696
-0.72685
-0.77276
0
0
0
0
-6.3503
0
0
0
0
0
0
-0.81478
-0.81478
-0.78048
-0.78048
-0.78048
-0.78996
-0.76601
-0.75571
-0.75571
-0.71601
-0.71696
-0.71601
-0.71696
-0.71696
13.2752
-0.66806
-0.64255
-0.65164
-0.69163
0
0
0
0
0
0
0
0
0
0
0
-0.85038
-0.85038
-0.81769
-0.81769
-0.81769
-0.81531
-0.79187
-0.79201
-0.79201
-0.74918
-0.73597
-0.74918
-0.73597
-0.73597
-0.66806
18.8681
-0.66806
-0.6476
0
0
0
0
0
0
0
0
0
0
-5.8331
0
-0.81478
-0.81478
-0.78048
-0.78048
-0.78048
-0.78996
-0.76601
-0.75571
-0.75571
-0.71601
-0.71696
-0.71601
-0.71696
-0.71696
-0.64255
-0.66806
13.2752
-0.65164
-0.69163
0
0
0
0
0
0
0
0
0
0
0
-0.82663
-0.82663
-0.7917
-0.7917
-0.7917
-0.80128
-0.77709
-0.76661
-0.76661
-0.72642
-0.72685
-0.72642
-0.72685
-0.72685
-0.65164
-0.6476
-0.65164
12.7242
0
0
0
0
0
0
0
0
0
0
0
0
-0.87784
-0.87784
-0.84028
-0.84028
-0.84028
-0.85152
-0.82655
-0.81402
-0.81402
-0.77147
-0.77276
-0.77147
-0.77276
-0.77276
-0.69163
0
-0.69163
0
12.8271
0
0
0
0
0
0
0
0
0
0
0
-0.91798
-0.91798
-0.87726
-0.87726
-0.87726
-0.89334
-0.86789
-0.85021
-0.85021
-0.81068
0
-0.81068
0
0
0
0
0
0
0
9.5507
0
0
0
0
0
0
0
0
0
0
-0.93082
-0.93082
-0.88845
-0.88845
-0.88845
-0.90881
0
-0.86145
-0.86145
0
0
0
0
0
0
0
0
0
0
0
7.1587
0
0
0
0
0
0
0
0
0
-1.0129
-1.0129
-0.96372
-0.96372
-0.96372
0
0
0
0
0
0
0
0
0
0
0
0
0
0
0
0
4.9169
0
0
0
0
0
0
0
0
-0.31125
-0.31125
0
0
0
0
0
0
0
0
0
0
0
0
0
0
0
0
0
0
0
0
0.72699
0
0
0
-0.1045
0
0
0
0
0
0
0
0
0
0
0
0
0
0
0
0
-6.3503
0
0
0
0
0
0
0
0
0
6.3503
0
0
0
0
0
0
0
0
0
0
0
0
-6.7793
0
0
0
0
0
0
0
0
0
0
0
0
0
0
0
0
0
6.7793
0
0
0
0
0
0
0
0
0
0
-7.1406
0
0
0
0
0
0
0
0
0
0
0
0
0
0
0
0
0
0
0
7.1406
0
0
0
0
0
0
0
0
0
0
0
0
0
0
0
0
0
0
0
0
0
0
0
0
0
0
-0.1045
0
0
0
0.1045
0
0
0
0
0
0
0
0
0
0
0
0
0
-6.3503
0
0
0
0
0
0
0
0
0
0
0
0
0
0
0
0
6.3503
0
0
0
0
0
0
0
0
0
0
0
0
0
0
0
0
0
-5.8331
0
0
0
0
0
0
0
0
0
0
0
0
5.8331
0
0
0
0
0
0
0
0
0
0
0
0
0
-6.3503
0
0
0
0
0
0
0
0
0
0
0
0
0
0
0
0
6.3503
