31.7589
-0.97158
-0.93335
-0.97804
-0.97158
-0.97158
-0.97158
-0.97158
-0.77943
-0.77943
-0.77943
-0.77943
-0.78062
-0.81312
-0.8565
-0.85132
-0.8565
-0.88082
-0.89993
-0.89993
-0.81363
-1.2209
-0.4622
0
0
-6.2682
0
0
0
-6.2682
-0.97158
20.1875
-1.1001
-1.0944
-1.0324
-1.0324
-1.0324
-1.0324
-0.83275
-0.83275
-0.83275
-0.83275
-0.83603
-0.93487
-0.92163
-0.92214
-0.92163
-0.94395
-0.96438
-0.96438
-0.86971
-1.282
0
0
0
0
0
0
0
0
-0.93335
-1.1001
24.5682
-1.1002
-1.1001
-1.1001
-1.1001
-1.1001
-0.83586
-0.83586
-0.83586
-0.83586
-0.83867
-0.90176
-0.92405
-0.9169
-0.92405
-0.94795
-0.96919
-0.96919
-0.87422
0
0
0
0
0
-5.4244
0
0
0
-0.97804
-1.0944
-1.1002
21.8567
-1.0944
-1.0944
-1.0944
-1.0944
-0.8316
-0.8316
-0.8316
-0.8316
-0.83459
-0.92972
-0.9199
-0.91724
-0.9199
-0.94121
-0.96187
-0.96187
-0.86748
0
0
-2.726
0
0
0
0
0
0
-0.97158
-1.0324
-1.1001
-1.0944
20.1875
-1.0324
-1.0324
-1.0324
-0.83275
-0.83275
-0.83275
-0.83275
-0.83603
-0.93487
-0.92163
-0.92214
-0.92163
-0.94395
-0.96438
-0.96438
-0.86971
-1.282
0
0
0
0
0
0
0
0
-0.97158
-1.0324
-1.1001
-1.0944
-1.0324
20.1875
-1.0324
-1.0324
-0.83275
-0.83275
-0.83275
-0.83275
-0.83603
-0.93487
-0.92163
-0.92214
-0.92163
-0.94395
-0.96438
-0.96438
-0.86971
-1.282
0
0
0
0
0
0
0
0
-0.97158
-1.0324
-1.1001
-1.0944
-1.0324
-1.0324
20.1875
-1.0324
-0.83275
-0.83275
-0.83275
-0.83275
-0.83603
-0.93487
-0.92163
-0.92214
-0.92163
-0.94395
-0.96438
-0.96438
-0.86971
-1.282
0
0
0
0
0
0
0
0
-0.97158
-1.0324
-1.1001
-1.0944
-1.0324
-1.0324
-1.0324
20.1875
-0.83275
-0.83275
-0.83275
-0.83275
-0.83603
-0.93487
-0.92163
-0.92214
-0.92163
-0.94395
-0.96438
-0.96438
-0.86971
-1.282
0
0
0
0
0
0
0
0
-0.77943
-0.83275
-0.83586
-0.8316
-0.83275
-0.83275
-0.83275
-0.83275
15.0393
-0.65187
-0.65187
-0.65187
-0.65767
-0.72635
-0.72302
-0.71741
-0.72302
-0.73723
-0.75337
-0.75337
-0.68163
0
0
0
0
0
0
0
0
0
-0.77943
-0.83275
-0.83586
-0.8316
-0.83275
-0.83275
-0.83275
-0.83275
-0.65187
15.0393
-0.65187
-0.65187
-0.65767
-0.72635
-0.72302
-0.71741
-0.72302
-0.73723
-0.75337
-0.75337
-0.68163
0
0
0
0
0
0
0
0
0
-0.77943
-0.83275
-0.83586
-0.8316
-0.83275
-0.83275
-0.83275
-0.83275
-0.65187
-0.65187
15.0393
-0.65187
-0.65767
-0.72635
-0.72302
-0.71741
-0.72302
-0.73723
-0.75337
-0.75337
-0.68163
0
0
0
0
0
0
0
0
0
-0.77943
-0.83275
-0.83586
-0.8316
-0.83275
-0.83275
-0.83275
-0.83275
-0.65187
-0.65187
-0.65187
15.0393
-0.65767
-0.72635
-0.72302
-0.71741
-0.72302
-0.73723
-0.75337
-0.75337
-0.68163
0
0
0
0
0
0
0
0
0
-0.78062
-0.83603
-0.83867
-0.83459
-0.83603
-0.83603
-0.83603
-0.83603
-0.65767
-0.65767
-0.65767
-0.65767
14.3802
-0.7196
-0.72388
-0.71064
-0.72388
-0.73344
-0.75207
-0.75207
0
0
0
0
0
0
0
0
0
0
-0.81312
-0.93487
-0.90176
-0.92972
-0.93487
-0.93487
-0.93487
-0.93487
-0.72635
-0.72635
-0.72635
-0.72635
-0.7196
17.0413
-0.82987
-0.77401
-0.82987
0
0
0
0
0
0
0
0
0
0
-3.6636
0
0
-0.8565
-0.92163
-0.92405
-0.9199
-0.92163
-0.92163
-0.92163
-0.92163
-0.72302
-0.72302
-0.72302
-0.72302
-0.72388
-0.82987
14.1448
-0.82227
-0.73573
-0.83234
0
0
0
0
0
0
0
0
0
0
0
0
-0.85132
-0.92214
-0.9169
-0.91724
-0.92214
-0.92214
-0.92214
-0.92214
-0.71741
-0.71741
-0.71741
-0.71741
-0.71064
-0.77401
-0.82227
13.7993
-0.82227
0
0
0
0
0
-0.50432
0
0
0
0
0
0
0
-0.8565
-0.92163
-0.92405
-0.9199
-0.92163
-0.92163
-0.92163
-0.92163
-0.72302
-0.72302
-0.72302
-0.72302
-0.72388
-0.82987
-0.73573
-0.82227
14.1448
-0.83234
0
0
0
0
0
0
0
0
0
0
0
0
-0.88082
-0.94395
-0.94795
-0.94121
-0.94395
-0.94395
-0.94395
-0.94395
-0.73723
-0.73723
-0.73723
-0.73723
-0.73344
0
-0.83234
0
-0.83234
12.8367
0
0
0
0
0
0
0
0
0
0
0
0
-0.89993
-0.96438
-0.96919
-0.96187
-0.96438
-0.96438
-0.96438
-0.96438
-0.75337
-0.75337
-0.75337
-0.75337
-0.75207
0
0
0
0
0
11.4184
0
0
0
0
0
0
0
0
0
0
0
-0.89993
-0.96438
-0.96919
-0.96187
-0.96438
-0.96438
-0.96438
-0.96438
-0.75337
-0.75337
-0.75337
-0.75337
-0.75207
0
0
0
0
0
0
11.4184
0
0
0
0
0
0
0
0
0
0
-0.81363
-0.86971
-0.87422
-0.86748
-0.86971
-0.86971
-0.86971
-0.86971
-0.68163
-0.68163
-0.68163
-0.68163
0
0
0
0
0
0
0
0
9.6304
0
0
0
0
0
0
0
0
0
-1.2209
-1.282
0
0
-1.282
-1.282
-1.282
-1.282
0
0
0
0
0
0
0
0
0
0
0
0
0
7.6307
0
0
0
0
0
0
0
0
-0.4622
0
0
0
0
0
0
0
0
0
0
0
0
0
0
-0.50432
0
0
0
0
0
0
10.4464
-2.0018
-3.739
0
0
0
-3.739
0
0
0
0
-2.726
0
0
0
0
0
0
0
0
0
0
0
0
0
0
0
0
0
0
-2.0018
4.7278
0
0
0
0
0
0
0
0
0
0
0
0
0
0
0
0
0
0
0
0
0
0
0
0
0
0
0
0
-3.739
0
3.739
0
0
0
0
0
-6.2682
0
0
0
0
0
0
0
0
0
0
0
0
0
0
0
0
0
0
0
0
0
0
0
0
6.2682
0
0
0
0
0
0
-5.4244
0
0
0
0
0
0
0
0
0
0
0
0
0
0
0
0
0
0
0
0
0
0
0
5.4244
0
0
0
0
0
0
0
0
0
0
0
0
0
0
0
0
-3.6636
0
0
0
0
0
0
0
0
0
0
0
0
0
3.6636
0
0
0
0
0
0
0
0
0
0
0
0
0
0
0
0
0
0
0
0
0
0
0
0
-3.739
0
0
0
0
0
3.739
0
-6.2682
0
0
0
0
0
0
0
0
0
0
0
0
0
0
0
0
0
0
0
0
0
0
0
0
0
0
0
0
6.2682
