13.0183
-0.51327
-0.51952
-0.51327
-0.49934
-0.47656
-0.49934
-0.45423
-0.46591
-0.46657
-0.46591
-0.43499
-0.41726
-0.45876
-0.36958
-0.47745
-0.20394
0
0
0
0
0
-5.7824
0
0
0
0
0
0
0
-0.51327
6.9752
-0.49684
-0.47601
-0.47589
-0.47245
-0.47589
-0.43641
-0.44213
-0.44783
-0.44213
-0.41784
-0.39609
-0.43559
-0.38412
-0.44957
-0.21311
0
0
0
0
0
0
0
0
0
0
0
0
0
-0.51952
-0.49684
12.1189
-0.49684
-0.48778
-0.47103
-0.48778
-0.44532
-0.45455
-0.45946
-0.45455
-0.42613
-0.40659
-0.4476
-0.36629
-0.46425
0
0
0
0
0
0
0
0
-5.2343
0
0
0
0
0
-0.51327
-0.47601
-0.49684
6.9752
-0.47589
-0.47245
-0.47589
-0.43641
-0.44213
-0.44783
-0.44213
-0.41784
-0.39609
-0.43559
-0.38412
-0.44957
-0.21311
0
0
0
0
0
0
0
0
0
0
0
0
0
-0.49934
-0.47589
-0.48778
-0.47589
6.6035
-0.46997
-0.45644
-0.4241
-0.42718
-0.43732
-0.42718
-0.40542
-0.38197
-0.421
-0.38093
-0.43304
0
0
0
0
0
0
0
0
0
0
0
0
0
0
-0.47656
-0.47245
-0.47103
-0.47245
-0.46997
23.9857
-0.46997
-0.42114
-0.43552
-0.42223
-0.43552
-0.39675
-0.37996
-0.42229
0
0
0
0
0
0
0
-9.1199
0
0
0
-9.1199
0
0
0
0
-0.49934
-0.47589
-0.48778
-0.47589
-0.45644
-0.46997
6.6035
-0.4241
-0.42718
-0.43732
-0.42718
-0.40542
-0.38197
-0.421
-0.38093
-0.43304
0
0
0
0
0
0
0
0
0
0
0
0
0
0
-0.45423
-0.43641
-0.44532
-0.43641
-0.4241
-0.42114
-0.4241
5.3925
-0.39978
-0.40089
-0.39978
-0.34441
-0.3343
-0.36244
0
0
0
-0.10924
0
0
0
0
0
0
0
0
0
0
0
0
-0.46591
-0.44213
-0.45455
-0.44213
-0.42718
-0.43552
-0.42718
-0.39978
5.7678
-0.41087
-0.37266
-0.36655
-0.34457
-0.38255
0
-0.39622
0
0
0
0
0
0
0
0
0
0
0
0
0
0
-0.46657
-0.44783
-0.45946
-0.44783
-0.43732
-0.42223
-0.43732
-0.40089
-0.41087
9.4189
-0.41087
-0.35975
-0.34636
-0.38466
0
0
0
0
0
0
0
0
0
-3.9869
0
0
0
0
0
0
-0.46591
-0.44213
-0.45455
-0.44213
-0.42718
-0.43552
-0.42718
-0.39978
-0.37266
-0.41087
5.7678
-0.36655
-0.34457
-0.38255
0
-0.39622
0
0
0
0
0
0
0
0
0
0
0
0
0
0
-0.43499
-0.41784
-0.42613
-0.41784
-0.40542
-0.39675
-0.40542
-0.34441
-0.36655
-0.35975
-0.36655
4.7636
-0.31742
0
0
0
0
-0.1045
0
0
0
0
0
0
0
0
0
0
0
0
-0.41726
-0.39609
-0.40659
-0.39609
-0.38197
-0.37996
-0.38197
-0.3343
-0.34457
-0.34636
-0.34457
-0.31742
4.7876
-0.34044
0
0
0
0
0
0
0
0
0
0
0
0
0
0
0
0
-0.45876
-0.43559
-0.4476
-0.43559
-0.421
-0.42229
-0.421
-0.36244
-0.38255
-0.38466
-0.38255
0
-0.34044
4.8945
0
0
0
0
0
0
0
0
0
0
0
0
0
0
0
0
-0.36958
-0.38412
-0.36629
-0.38412
-0.38093
0
-0.38093
0
0
0
0
0
0
0
22.9982
0
0
0
0
-4.3993
-8.1664
0
0
0
0
0
-8.1664
0
0
0
-0.47745
-0.44957
-0.46425
-0.44957
-0.43304
0
-0.43304
0
-0.39622
0
-0.39622
0
0
0
0
3.4993
0
0
0
0
0
0
0
0
0
0
0
0
0
0
-0.20394
-0.21311
0
-0.21311
0
0
0
0
0
0
0
0
0
0
0
0
15.3245
0
0
0
0
0
0
0
0
0
0
-7.3472
0
-7.3472
0
0
0
0
0
0
0
-0.10924
0
0
0
-0.1045
0
0
0
0
0
7.5715
-4.717
0
0
0
0
0
0
0
0
0
-2.6407
0
0
0
0
0
0
0
0
0
0
0
0
0
0
0
0
0
0
-4.717
5.4701
-0.75303
0
0
0
0
0
0
0
0
0
0
0
0
0
0
0
0
0
0
0
0
0
0
0
0
-4.3993
0
0
0
-0.75303
5.1523
0
0
0
0
0
0
0
0
0
0
0
0
0
0
0
0
0
0
0
0
0
0
0
0
-8.1664
0
0
0
0
0
8.1664
0
0
0
0
0
0
0
0
0
0
0
0
0
0
-9.1199
0
0
0
0
0
0
0
0
0
0
0
0
0
0
0
9.1199
0
0
0
0
0
0
0
0
-5.7824
0
0
0
0
0
0
0
0
0
0
0
0
0
0
0
0
0
0
0
0
0
5.7824
0
0
0
0
0
0
0
0
0
0
0
0
0
0
0
0
-3.9869
0
0
0
0
0
0
0
0
0
0
0
0
0
3.9869
0
0
0
0
0
0
0
0
-5.2343
0
0
0
0
0
0
0
0
0
0
0
0
0
0
0
0
0
0
0
0
0
5.2343
0
0
0
0
0
0
0
0
0
0
-9.1199
0
0
0
0
0
0
0
0
0
0
0
0
0
0
0
0
0
0
0
9.1199
0
0
0
0
0
0
0
0
0
0
0
0
0
0
0
0
0
0
-8.1664
0
0
0
0
0
0
0
0
0
0
0
8.1664
0
0
0
0
0
0
0
0
0
0
0
0
0
0
0
0
0
0
0
-7.3472
0
0
0
0
0
0
0
0
0
0
7.3472
0
0
0
0
0
0
0
0
0
0
0
0
0
0
0
0
0
0
0
-2.6407
0
0
0
0
0
0
0
0
0
0
2.6407
0
0
0
0
0
0
0
0
0
0
0
0
0
0
0
0
0
-7.3472
0
0
0
0
0
0
0
0
0
0
0
0
7.3472
