15.5562
-0.71816
-0.67888
-0.71253
-0.68004
-0.65577
-0.62148
-0.62148
-0.62148
-0.60737
-0.60145
-0.60145
-0.61561
-0.61561
-0.68503
-0.64749
0
0
0
-2.6053
0
-3.267
0
0
0
0
0
0
0
0
-0.71816
19.8812
-0.6817
-0.69783
-0.68237
-0.6407
-0.6292
-0.6292
-0.6292
-0.61034
-0.60805
-0.60805
-0.6224
-0.6224
-0.69686
-0.66288
0
0
0
-2.6514
0
0
-7.4904
0
0
0
0
0
0
0
-0.67888
-0.6817
9.4485
-0.67579
-0.64579
-0.61013
-0.58519
-0.58519
-0.58519
-0.57299
-0.56591
-0.56591
-0.57905
-0.57905
-0.64398
-0.61207
-0.28168
0
0
0
0
0
0
0
0
0
0
0
0
0
-0.71253
-0.69783
-0.67579
25.0681
-0.67725
-0.59762
-0.61954
-0.61954
-0.61954
-0.57983
-0.58707
-0.58707
-0.60081
-0.60081
-0.67871
0
0
0
0
0
0
0
0
0
-8.1071
0
0
-8.1071
0
0
-0.68004
-0.68237
-0.64579
-0.67725
9.4616
-0.61142
-0.58524
-0.58524
-0.58524
-0.5749
-0.56618
-0.56618
-0.57933
-0.57933
-0.64405
-0.61164
0
-0.28736
0
0
0
0
0
0
0
0
0
0
0
0
-0.65577
-0.6407
-0.61013
-0.59762
-0.61142
22.9913
-0.58593
-0.58593
-0.58593
-0.499
-0.52528
-0.52528
-0.53729
-0.53729
0
0
0
0
0
0
0
0
0
0
0
0
-7.7469
0
-7.7469
0
-0.62148
-0.6292
-0.58519
-0.61954
-0.58524
-0.58593
8.4216
-0.52441
-0.52441
-0.51472
-0.51647
-0.51647
-0.52825
-0.52825
-0.58654
-0.55552
0
0
0
0
0
0
0
0
0
0
0
0
0
0
-0.62148
-0.6292
-0.58519
-0.61954
-0.58524
-0.58593
-0.52441
8.4216
-0.52441
-0.51472
-0.51647
-0.51647
-0.52825
-0.52825
-0.58654
-0.55552
0
0
0
0
0
0
0
0
0
0
0
0
0
0
-0.62148
-0.6292
-0.58519
-0.61954
-0.58524
-0.58593
-0.52441
-0.52441
8.4216
-0.51472
-0.51647
-0.51647
-0.52825
-0.52825
-0.58654
-0.55552
0
0
0
0
0
0
0
0
0
0
0
0
0
0
-0.60737
-0.61034
-0.57299
-0.57983
-0.5749
-0.499
-0.51472
-0.51472
-0.51472
7.397
-0.51579
-0.51579
-0.52756
-0.52756
0
0
0
0
-0.32177
0
0
0
0
0
0
0
0
0
0
0
-0.60145
-0.60805
-0.56591
-0.58707
-0.56618
-0.52528
-0.51647
-0.51647
-0.51647
-0.51579
7.021
-0.49318
-0.50434
-0.50434
0
0
0
0
0
0
0
0
0
0
0
0
0
0
0
0
-0.60145
-0.60805
-0.56591
-0.58707
-0.56618
-0.52528
-0.51647
-0.51647
-0.51647
-0.51579
-0.49318
7.021
-0.50434
-0.50434
0
0
0
0
0
0
0
0
0
0
0
0
0
0
0
0
-0.61561
-0.6224
-0.57905
-0.60081
-0.57933
-0.53729
-0.52825
-0.52825
-0.52825
-0.52756
-0.50434
-0.50434
6.6555
0
0
0
0
0
0
0
0
0
0
0
0
0
0
0
0
0
-0.61561
-0.6224
-0.57905
-0.60081
-0.57933
-0.53729
-0.52825
-0.52825
-0.52825
-0.52756
-0.50434
-0.50434
0
6.6555
0
0
0
0
0
0
0
0
0
0
0
0
0
0
0
0
-0.68503
-0.69686
-0.64398
-0.67871
-0.64405
0
-0.58654
-0.58654
-0.58654
0
0
0
0
0
5.1083
0
0
0
0
0
0
0
0
0
0
0
0
0
0
0
-0.64749
-0.66288
-0.61207
0
-0.61164
0
-0.55552
-0.55552
-0.55552
0
0
0
0
0
0
4.2006
0
0
0
0
0
0
0
0
0
0
0
0
0
0
0
0
-0.28168
0
0
0
0
0
0
0
0
0
0
0
0
0
8.3618
-0.39328
0
0
-5.1744
0
0
-2.5124
0
0
0
0
0
0
0
0
0
0
-0.28736
0
0
0
0
0
0
0
0
0
0
0
-0.39328
1.1786
-0.39345
0
0
0
0
0
0
-0.1045
0
0
0
0
0
0
0
0
0
0
0
0
0
-0.32177
0
0
0
0
0
0
0
-0.39345
4.1713
0
0
-2.4888
0
0
0
0
0
0
0
-0.96733
-2.6053
-2.6514
0
0
0
0
0
0
0
0
0
0
0
0
0
0
0
0
0
7.0508
-1.7941
0
0
0
0
0
0
0
0
0
0
0
0
0
0
0
0
0
0
0
0
0
0
0
0
0
-5.1744
0
0
-1.7941
6.9685
0
0
0
0
0
0
0
0
0
-3.267
0
0
0
0
0
0
0
0
0
0
0
0
0
0
0
0
0
-2.4888
0
0
5.7558
0
0
0
0
0
0
0
0
0
-7.4904
0
0
0
0
0
0
0
0
0
0
0
0
0
0
0
0
0
0
0
0
7.4904
0
0
0
0
0
0
0
0
0
0
0
0
0
0
0
0
0
0
0
0
0
0
0
-2.5124
0
0
0
0
0
0
2.5124
0
0
0
0
0
0
0
0
0
-8.1071
0
0
0
0
0
0
0
0
0
0
0
0
0
0
0
0
0
0
0
0
8.1071
0
0
0
0
0
0
0
0
0
0
0
0
0
0
0
0
0
0
0
0
0
0
-0.1045
0
0
0
0
0
0
0
0.1045
0
0
0
0
0
0
0
0
0
-7.7469
0
0
0
0
0
0
0
0
0
0
0
0
0
0
0
0
0
0
0
0
7.7469
0
0
0
0
0
0
-8.1071
0
0
0
0
0
0
0
0
0
0
0
0
0
0
0
0
0
0
0
0
0
0
0
8.1071
0
0
0
0
0
0
0
-7.7469
0
0
0
0
0
0
0
0
0
0
0
0
0
0
0
0
0
0
0
0
0
0
7.7469
0
0
0
0
0
0
0
0
0
0
0
0
0
0
0
0
0
0
0
-0.96733
0
0
0
0
0
0
0
0
0
0
0.96733
