19.5284
-0.94358
-1.0237
-1.0237
-0.95602
-0.95602
-0.84753
-0.84753
-0.87875
-0.84753
-0.84753
-0.84753
-0.84753
-0.84753
-0.7193
-0.78527
-0.82651
-0.82651
-0.81325
-0.84875
-0.48919
0
-2.5052
0
0
0
0
0
0
0
-0.94358
19.5284
-1.0237
-1.0237
-0.95602
-0.95602
-0.84753
-0.84753
-0.87875
-0.84753
-0.84753
-0.84753
-0.84753
-0.84753
-0.7193
-0.78527
-0.82651
-0.82651
-0.81325
-0.84875
-0.48919
0
-2.5052
0
0
0
0
0
0
0
-1.0237
-1.0237
34.6126
-0.97209
-0.98086
-0.98086
-0.87373
-0.87373
-0.86701
-0.87373
-0.87373
-0.87373
-0.87373
-0.87373
-0.74073
-0.80887
-0.85152
-0.85152
-0.8378
-0.87768
0
0
0
0
0
0
-8.8401
0
-8.8401
0
-1.0237
-1.0237
-0.97209
34.6126
-0.98086
-0.98086
-0.87373
-0.87373
-0.86701
-0.87373
-0.87373
-0.87373
-0.87373
-0.87373
-0.74073
-0.80887
-0.85152
-0.85152
-0.8378
-0.87768
0
0
0
-8.8401
-8.8401
0
0
0
0
0
-0.95602
-0.95602
-0.98086
-0.98086
17.1407
-0.98296
-0.85989
-0.85989
-0.89245
-0.85989
-0.85989
-0.85989
-0.85989
-0.85989
-0.72681
-0.79354
-0.83527
-0.83527
-0.82185
-0.85957
0
-0.49998
0
0
0
0
0
0
0
0
-0.95602
-0.95602
-0.98086
-0.98086
-0.98296
17.1407
-0.85989
-0.85989
-0.89245
-0.85989
-0.85989
-0.85989
-0.85989
-0.85989
-0.72681
-0.79354
-0.83527
-0.83527
-0.82185
-0.85957
0
-0.49998
0
0
0
0
0
0
0
0
-0.84753
-0.84753
-0.87373
-0.87373
-0.85989
-0.85989
14.5548
-0.73063
-0.82225
-0.73063
-0.73063
-0.73063
-0.73063
-0.73063
-0.62416
-0.68095
-0.71626
-0.71626
-0.70493
-0.74388
0
0
0
0
0
0
0
0
0
0
-0.84753
-0.84753
-0.87373
-0.87373
-0.85989
-0.85989
-0.73063
14.5548
-0.82225
-0.73063
-0.73063
-0.73063
-0.73063
-0.73063
-0.62416
-0.68095
-0.71626
-0.71626
-0.70493
-0.74388
0
0
0
0
0
0
0
0
0
0
-0.87875
-0.87875
-0.86701
-0.86701
-0.89245
-0.89245
-0.82225
-0.82225
21.4372
-0.82225
-0.82225
-0.82225
-0.82225
-0.82225
-0.59032
-0.64402
-0.67734
-0.67734
-0.66665
0
0
0
0
0
0
0
0
-7.1494
0
0
-0.84753
-0.84753
-0.87373
-0.87373
-0.85989
-0.85989
-0.73063
-0.73063
-0.82225
14.5548
-0.73063
-0.73063
-0.73063
-0.73063
-0.62416
-0.68095
-0.71626
-0.71626
-0.70493
-0.74388
0
0
0
0
0
0
0
0
0
0
-0.84753
-0.84753
-0.87373
-0.87373
-0.85989
-0.85989
-0.73063
-0.73063
-0.82225
-0.73063
14.5548
-0.73063
-0.73063
-0.73063
-0.62416
-0.68095
-0.71626
-0.71626
-0.70493
-0.74388
0
0
0
0
0
0
0
0
0
0
-0.84753
-0.84753
-0.87373
-0.87373
-0.85989
-0.85989
-0.73063
-0.73063
-0.82225
-0.73063
-0.73063
14.5548
-0.73063
-0.73063
-0.62416
-0.68095
-0.71626
-0.71626
-0.70493
-0.74388
0
0
0
0
0
0
0
0
0
0
-0.84753
-0.84753
-0.87373
-0.87373
-0.85989
-0.85989
-0.73063
-0.73063
-0.82225
-0.73063
-0.73063
-0.73063
14.5548
-0.73063
-0.62416
-0.68095
-0.71626
-0.71626
-0.70493
-0.74388
0
0
0
0
0
0
0
0
0
0
-0.84753
-0.84753
-0.87373
-0.87373
-0.85989
-0.85989
-0.73063
-0.73063
-0.82225
-0.73063
-0.73063
-0.73063
-0.73063
14.5548
-0.62416
-0.68095
-0.71626
-0.71626
-0.70493
-0.74388
0
0
0
0
0
0
0
0
0
0
-0.7193
-0.7193
-0.74073
-0.74073
-0.72681
-0.72681
-0.62416
-0.62416
-0.59032
-0.62416
-0.62416
-0.62416
-0.62416
-0.62416
11.6686
-0.56429
-0.59352
-0.59352
-0.58415
0
0
0
0
0
0
0
0
0
0
0
-0.78527
-0.78527
-0.80887
-0.80887
-0.79354
-0.79354
-0.68095
-0.68095
-0.64402
-0.68095
-0.68095
-0.68095
-0.68095
-0.68095
-0.56429
12.107
-0.67837
-0.67837
0
0
0
0
0
0
0
0
0
0
0
0
-0.82651
-0.82651
-0.85152
-0.85152
-0.83527
-0.83527
-0.71626
-0.71626
-0.67734
-0.71626
-0.71626
-0.71626
-0.71626
-0.71626
-0.59352
-0.67837
11.9896
0
0
0
0
0
0
0
0
0
0
0
0
0
-0.82651
-0.82651
-0.85152
-0.85152
-0.83527
-0.83527
-0.71626
-0.71626
-0.67734
-0.71626
-0.71626
-0.71626
-0.71626
-0.71626
-0.59352
-0.67837
0
11.9896
0
0
0
0
0
0
0
0
0
0
0
0
-0.81325
-0.81325
-0.8378
-0.8378
-0.82185
-0.82185
-0.70493
-0.70493
-0.66665
-0.70493
-0.70493
-0.70493
-0.70493
-0.70493
-0.58415
0
0
0
11.1311
0
0
0
0
0
0
0
0
0
0
0
-0.84875
-0.84875
-0.87768
-0.87768
-0.85957
-0.85957
-0.74388
-0.74388
0
-0.74388
-0.74388
-0.74388
-0.74388
-0.74388
0
0
0
0
0
10.3792
0
0
0
0
0
0
0
0
0
0
-0.48919
-0.48919
0
0
0
0
0
0
0
0
0
0
0
0
0
0
0
0
0
0
1.3181
0
0
0
0
-0.33968
0
0
0
0
0
0
0
0
-0.49998
-0.49998
0
0
0
0
0
0
0
0
0
0
0
0
0
0
0
1.3365
0
0
0
0
0
0
0
-0.33652
-2.5052
-2.5052
0
0
0
0
0
0
0
0
0
0
0
0
0
0
0
0
0
0
0
0
5.0103
0
0
0
0
0
0
0
0
0
0
-8.8401
0
0
0
0
0
0
0
0
0
0
0
0
0
0
0
0
0
0
0
8.8401
0
0
0
0
0
0
0
0
0
-8.8401
0
0
0
0
0
0
0
0
0
0
0
0
0
0
0
0
0
0
0
0
8.8401
0
0
0
0
0
0
0
0
0
0
0
0
0
0
0
0
0
0
0
0
0
0
0
0
0
-0.33968
0
0
0
0
0.33968
0
0
0
0
0
0
-8.8401
0
0
0
0
0
0
0
0
0
0
0
0
0
0
0
0
0
0
0
0
0
0
0
8.8401
0
0
0
0
0
0
0
0
0
0
0
-7.1494
0
0
0
0
0
0
0
0
0
0
0
0
0
0
0
0
0
0
7.1494
0
0
0
0
-8.8401
0
0
0
0
0
0
0
0
0
0
0
0
0
0
0
0
0
0
0
0
0
0
0
0
0
8.8401
0
0
0
0
0
0
0
0
0
0
0
0
0
0
0
0
0
0
0
0
0
0
-0.33652
0
0
0
0
0
0
0
0.33652
