17.0755
-1.0631
-1.0555
-1.0163
-1.0163
-0.73213
-0.73213
-0.73213
-0.73213
-0.73213
-0.73213
-0.73213
-0.73213
-0.73213
-0.87931
-0.89053
-0.89053
-0.80014
-0.7624
-0.7624
-1.3496
0
0
0
0
0
0
0
0
0
-1.0631
23.7595
-1.0452
-1.0631
-1.0631
-0.74594
-0.74594
-0.74594
-0.74594
-0.74594
-0.74594
-0.74594
-0.74594
-0.74594
-0.85621
-0.89875
-0.89875
-0.77932
-0.7831
-0.7831
0
0
0
0
0
-7.8122
0
0
0
0
-1.0555
-1.0452
35.3591
-1.0555
-1.0555
-0.74088
-0.74088
-0.74088
-0.74088
-0.74088
-0.74088
-0.74088
-0.74088
-0.74088
-0.76679
-0.84072
-0.84072
0
-0.76191
-0.76191
0
-10.2537
0
0
0
0
0
-10.2537
0
0
-1.0163
-1.0631
-1.0555
17.0755
-1.0163
-0.73213
-0.73213
-0.73213
-0.73213
-0.73213
-0.73213
-0.73213
-0.73213
-0.73213
-0.87931
-0.89053
-0.89053
-0.80014
-0.7624
-0.7624
-1.3496
0
0
0
0
0
0
0
0
0
-1.0163
-1.0631
-1.0555
-1.0163
17.0755
-0.73213
-0.73213
-0.73213
-0.73213
-0.73213
-0.73213
-0.73213
-0.73213
-0.73213
-0.87931
-0.89053
-0.89053
-0.80014
-0.7624
-0.7624
-1.3496
0
0
0
0
0
0
0
0
0
-0.73213
-0.74594
-0.74088
-0.73213
-0.73213
11.2042
-0.49832
-0.49832
-0.49832
-0.49832
-0.49832
-0.49832
-0.49832
-0.49832
-0.61869
-0.63047
-0.63047
-0.56464
-0.54507
-0.54507
0
0
0
0
0
0
0
0
0
0
-0.73213
-0.74594
-0.74088
-0.73213
-0.73213
-0.49832
11.2042
-0.49832
-0.49832
-0.49832
-0.49832
-0.49832
-0.49832
-0.49832
-0.61869
-0.63047
-0.63047
-0.56464
-0.54507
-0.54507
0
0
0
0
0
0
0
0
0
0
-0.73213
-0.74594
-0.74088
-0.73213
-0.73213
-0.49832
-0.49832
11.2042
-0.49832
-0.49832
-0.49832
-0.49832
-0.49832
-0.49832
-0.61869
-0.63047
-0.63047
-0.56464
-0.54507
-0.54507
0
0
0
0
0
0
0
0
0
0
-0.73213
-0.74594
-0.74088
-0.73213
-0.73213
-0.49832
-0.49832
-0.49832
11.2042
-0.49832
-0.49832
-0.49832
-0.49832
-0.49832
-0.61869
-0.63047
-0.63047
-0.56464
-0.54507
-0.54507
0
0
0
0
0
0
0
0
0
0
-0.73213
-0.74594
-0.74088
-0.73213
-0.73213
-0.49832
-0.49832
-0.49832
-0.49832
11.2042
-0.49832
-0.49832
-0.49832
-0.49832
-0.61869
-0.63047
-0.63047
-0.56464
-0.54507
-0.54507
0
0
0
0
0
0
0
0
0
0
-0.73213
-0.74594
-0.74088
-0.73213
-0.73213
-0.49832
-0.49832
-0.49832
-0.49832
-0.49832
11.2042
-0.49832
-0.49832
-0.49832
-0.61869
-0.63047
-0.63047
-0.56464
-0.54507
-0.54507
0
0
0
0
0
0
0
0
0
0
-0.73213
-0.74594
-0.74088
-0.73213
-0.73213
-0.49832
-0.49832
-0.49832
-0.49832
-0.49832
-0.49832
11.2042
-0.49832
-0.49832
-0.61869
-0.63047
-0.63047
-0.56464
-0.54507
-0.54507
0
0
0
0
0
0
0
0
0
0
-0.73213
-0.74594
-0.74088
-0.73213
-0.73213
-0.49832
-0.49832
-0.49832
-0.49832
-0.49832
-0.49832
-0.49832
11.2042
-0.49832
-0.61869
-0.63047
-0.63047
-0.56464
-0.54507
-0.54507
0
0
0
0
0
0
0
0
0
0
-0.73213
-0.74594
-0.74088
-0.73213
-0.73213
-0.49832
-0.49832
-0.49832
-0.49832
-0.49832
-0.49832
-0.49832
-0.49832
11.2042
-0.61869
-0.63047
-0.63047
-0.56464
-0.54507
-0.54507
0
0
0
0
0
0
0
0
0
0
-0.87931
-0.85621
-0.76679
-0.87931
-0.87931
-0.61869
-0.61869
-0.61869
-0.61869
-0.61869
-0.61869
-0.61869
-0.61869
-0.61869
25.5827
0
0
0
0
0
0
0
0
0
0
0
-7.8768
0
-7.8768
0
-0.89053
-0.89875
-0.84072
-0.89053
-0.89053
-0.63047
-0.63047
-0.63047
-0.63047
-0.63047
-0.63047
-0.63047
-0.63047
-0.63047
0
13.2706
0
0
0
0
0
0
-3.1854
0
0
0
0
0
0
0
-0.89053
-0.89875
-0.84072
-0.89053
-0.89053
-0.63047
-0.63047
-0.63047
-0.63047
-0.63047
-0.63047
-0.63047
-0.63047
-0.63047
0
0
13.2706
0
0
0
0
0
0
-3.1854
0
0
0
0
0
0
-0.80014
-0.77932
0
-0.80014
-0.80014
-0.56464
-0.56464
-0.56464
-0.56464
-0.56464
-0.56464
-0.56464
-0.56464
-0.56464
0
0
0
22.4932
0
0
0
0
0
0
-7.1158
0
0
0
0
-7.1158
-0.7624
-0.7831
-0.76191
-0.7624
-0.7624
-0.54507
-0.54507
-0.54507
-0.54507
-0.54507
-0.54507
-0.54507
-0.54507
-0.54507
0
0
0
0
8.7379
0
0
0
0
0
0
0
0
0
0
0
-0.7624
-0.7831
-0.76191
-0.7624
-0.7624
-0.54507
-0.54507
-0.54507
-0.54507
-0.54507
-0.54507
-0.54507
-0.54507
-0.54507
0
0
0
0
0
8.7379
0
0
0
0
0
0
0
0
0
0
-1.3496
0
0
-1.3496
-1.3496
0
0
0
0
0
0
0
0
0
0
0
0
0
0
0
4.0489
0
0
0
0
0
0
0
0
0
0
0
-10.2537
0
0
0
0
0
0
0
0
0
0
0
0
0
0
0
0
0
0
10.2537
0
0
0
0
0
0
0
0
0
0
0
0
0
0
0
0
0
0
0
0
0
0
0
-3.1854
0
0
0
0
0
0
3.1854
0
0
0
0
0
0
0
0
0
0
0
0
0
0
0
0
0
0
0
0
0
0
0
-3.1854
0
0
0
0
0
0
3.1854
0
0
0
0
0
0
0
0
0
0
0
0
0
0
0
0
0
0
0
0
0
0
0
-7.1158
0
0
0
0
0
0
7.1158
0
0
0
0
0
0
-7.8122
0
0
0
0
0
0
0
0
0
0
0
0
0
0
0
0
0
0
0
0
0
0
0
7.8122
0
0
0
0
0
0
0
0
0
0
0
0
0
0
0
0
0
0
-7.8768
0
0
0
0
0
0
0
0
0
0
0
7.8768
0
0
0
0
0
-10.2537
0
0
0
0
0
0
0
0
0
0
0
0
0
0
0
0
0
0
0
0
0
0
0
0
10.2537
0
0
0
0
0
0
0
0
0
0
0
0
0
0
0
0
-7.8768
0
0
0
0
0
0
0
0
0
0
0
0
0
7.8768
0
0
0
0
0
0
0
0
0
0
0
0
0
0
0
0
0
0
-7.1158
0
0
0
0
0
0
0
0
0
0
0
7.1158
