33.4587
-0.18153
-0.20411
-0.1853
-0.1853
-0.17418
-0.19501
-0.13711
-0.18823
-0.21221
-0.18243
0
-0.27648
0
0
0
-2.1796
0
0
0
0
-7.2893
0
0
0
-7.2893
-7.2893
0
-7.2893
0
-0.18153
5.2213
-0.21626
-0.18729
-0.18729
-0.20046
-0.19943
-0.16756
-0.20057
-0.2109
-0.18764
-0.10774
-0.25376
0
0
0
-1.7138
0
0
-1.207
0
0
0
0
0
0
0
0
0
0
-0.20411
-0.21626
7.2721
-0.1997
-0.1997
-0.20452
-0.21234
-0.18786
-0.22433
-0.22067
-0.20208
0
-0.28048
0
0
0
0
-4.92
0
0
0
0
0
0
0
0
0
0
0
0
-0.1853
-0.18729
-0.1997
2.117
-0.16678
-0.18789
-0.1917
-0.16918
-0.2002
-0.19855
-0.18056
0
-0.24988
0
0
0
0
0
0
0
0
0
0
0
0
0
0
0
0
0
-0.1853
-0.18729
-0.1997
-0.16678
2.117
-0.18789
-0.1917
-0.16918
-0.2002
-0.19855
-0.18056
0
-0.24988
0
0
0
0
0
0
0
0
0
0
0
0
0
0
0
0
0
-0.17418
-0.20046
-0.20452
-0.18789
-0.18789
3.9617
-0.19631
0
0
-0.19786
0
0
0
-1.5753
0
0
0
0
0
0
0
0
0
0
0
0
0
-1.0372
0
0
-0.19501
-0.19943
-0.21234
-0.1917
-0.1917
-0.19631
1.7686
-0.17735
-0.20071
-0.20404
0
0
0
0
0
0
0
0
0
0
0
0
0
0
0
0
0
0
0
0
-0.13711
-0.16756
-0.18786
-0.16918
-0.16918
0
-0.17735
10.5732
0
0
0
0
0
0
0
-1.977
0
0
0
0
0
0
-3.794
-3.794
0
0
0
0
0
0
-0.18823
-0.20057
-0.22433
-0.2002
-0.2002
0
-0.20071
0
1.363
0
0
0
0
0
0
0
0
0
0
0
0
0
0
0
0
0
0
0
0
-0.14875
-0.21221
-0.2109
-0.22067
-0.19855
-0.19855
-0.19786
-0.20404
0
0
1.4428
0
0
0
0
0
0
0
0
0
0
0
0
0
0
0
0
0
0
0
0
-0.18243
-0.18764
-0.20208
-0.18056
-0.18056
0
0
0
0
0
1.0378
-0.1045
0
0
0
0
0
0
0
0
0
0
0
0
0
0
0
0
0
0
0
-0.10774
0
0
0
0
0
0
0
0
-0.1045
3.6089
0
0
0
-1.543
0
0
-1.6769
0
0
0
0
0
-0.1768
0
0
0
0
0
-0.27648
-0.25376
-0.28048
-0.24988
-0.24988
0
0
0
0
0
0
0
1.3105
0
0
0
0
0
0
0
0
0
0
0
0
0
0
0
0
0
0
0
0
0
0
-1.5753
0
0
0
0
0
0
0
3.9228
-1.0023
0
0
-1.3452
0
0
0
0
0
0
0
0
0
0
0
0
0
0
0
0
0
0
0
0
0
0
0
0
0
-1.0023
6.2514
0
0
0
-1.2021
0
-4.047
0
0
0
0
0
0
0
0
0
0
0
0
0
0
0
0
-1.977
0
0
0
-1.543
0
0
0
3.52
0
0
0
0
0
0
0
0
0
0
0
0
0
0
-2.1796
-1.7138
0
0
0
0
0
0
0
0
0
0
0
0
0
0
3.8935
0
0
0
0
0
0
0
0
0
0
0
0
0
0
0
-4.92
0
0
0
0
0
0
0
0
0
0
-1.3452
0
0
0
6.2652
0
0
0
0
0
0
0
0
0
0
0
0
0
0
0
0
0
0
0
0
0
0
0
-1.6769
0
0
-1.2021
0
0
0
2.879
0
0
0
0
0
0
0
0
0
0
0
0
-1.207
0
0
0
0
0
0
0
0
0
0
0
0
0
0
0
0
0
2.5338
-1.3268
0
0
0
0
0
0
0
0
0
0
0
0
0
0
0
0
0
0
0
0
0
0
0
-4.047
0
0
0
0
-1.3268
5.3738
0
0
0
0
0
0
0
0
0
-7.2893
0
0
0
0
0
0
0
0
0
0
0
0
0
0
0
0
0
0
0
0
7.2893
0
0
0
0
0
0
0
0
0
0
0
0
0
0
0
-3.794
0
0
0
0
0
0
0
0
0
0
0
0
0
0
3.794
0
0
0
0
0
0
0
0
0
0
0
0
0
0
-3.794
0
0
0
0
0
0
0
0
0
0
0
0
0
0
0
3.794
0
0
0
0
0
0
0
0
0
0
0
0
0
0
0
0
0
-0.1768
0
0
0
0
0
0
0
0
0
0
0
0
0.1768
0
0
0
0
0
-7.2893
0
0
0
0
0
0
0
0
0
0
0
0
0
0
0
0
0
0
0
0
0
0
0
0
7.2893
0
0
0
0
-7.2893
0
0
0
0
0
0
0
0
0
0
0
0
0
0
0
0
0
0
0
0
0
0
0
0
0
7.2893
0
0
0
0
0
0
0
0
-1.0372
0
0
0
0
0
0
0
0
0
0
0
0
0
0
0
0
0
0
0
0
0
1.0372
0
0
-7.2893
0
0
0
0
0
0
0
0
0
0
0
0
0
0
0
0
0
0
0
0
0
0
0
0
0
0
0
7.2893
0
0
0
0
0
0
0
0
0
-0.14875
0
0
0
0
0
0
0
0
0
0
0
0
0
0
0
0
0
0
0
0
0.14875
