19.8548
-0.92542
-0.92542
-0.85207
-0.85207
-0.85207
-0.87214
-0.85207
-0.78998
-0.81486
-0.88365
-0.9809
-1.0554
-0.9809
-0.9809
-0.9809
-0.78916
-0.78916
-0.78916
-0.81931
-0.77535
-0.51562
0
-1.7782
0
0
0
0
0
0
-0.92542
19.6963
-0.94321
-0.8688
-0.8688
-0.8688
-0.89921
-0.8688
-0.80304
-0.82869
-0.90371
-0.99885
-1.0798
-0.99885
-0.99885
-0.99885
-0.802
-0.802
-0.802
-0.8405
-0.78153
0
0
-1.8146
0
0
0
0
0
0
-0.92542
-0.94321
19.6963
-0.8688
-0.8688
-0.8688
-0.89921
-0.8688
-0.80304
-0.82869
-0.90371
-0.99885
-1.0798
-0.99885
-0.99885
-0.99885
-0.802
-0.802
-0.802
-0.8405
-0.78153
0
0
-1.8146
0
0
0
0
0
0
-0.85207
-0.8688
-0.8688
16.3451
-0.78163
-0.78163
-0.84788
-0.78163
-0.72963
-0.75455
-0.81705
-0.90222
-0.97453
-0.90222
-0.90222
-0.90222
-0.73096
-0.73096
-0.73096
-0.76499
-0.72016
0
0
0
0
0
0
0
0
0
-0.85207
-0.8688
-0.8688
-0.78163
16.3451
-0.78163
-0.84788
-0.78163
-0.72963
-0.75455
-0.81705
-0.90222
-0.97453
-0.90222
-0.90222
-0.90222
-0.73096
-0.73096
-0.73096
-0.76499
-0.72016
0
0
0
0
0
0
0
0
0
-0.85207
-0.8688
-0.8688
-0.78163
-0.78163
16.3451
-0.84788
-0.78163
-0.72963
-0.75455
-0.81705
-0.90222
-0.97453
-0.90222
-0.90222
-0.90222
-0.73096
-0.73096
-0.73096
-0.76499
-0.72016
0
0
0
0
0
0
0
0
0
-0.87214
-0.89921
-0.89921
-0.84788
-0.84788
-0.84788
25.5254
-0.84788
-0.74566
-0.76233
-0.81099
-0.9124
-0.95719
-0.9124
-0.9124
-0.9124
-0.73954
-0.73954
-0.73954
0
0
-0.47834
0
0
0
0
0
-9.8406
0
0
-0.85207
-0.8688
-0.8688
-0.78163
-0.78163
-0.78163
-0.84788
16.3451
-0.72963
-0.75455
-0.81705
-0.90222
-0.97453
-0.90222
-0.90222
-0.90222
-0.73096
-0.73096
-0.73096
-0.76499
-0.72016
0
0
0
0
0
0
0
0
0
-0.78998
-0.80304
-0.80304
-0.72963
-0.72963
-0.72963
-0.74566
-0.72963
14.4597
-0.69899
-0.75247
-0.83028
-0.89149
-0.83028
-0.83028
-0.83028
-0.67689
-0.67689
-0.67689
-0.70473
0
0
0
0
0
0
0
0
0
0
-0.81486
-0.82869
-0.82869
-0.75455
-0.75455
-0.75455
-0.76233
-0.75455
-0.69899
14.2078
-0.78127
-0.86169
-0.92672
-0.86169
-0.86169
-0.86169
-0.70044
-0.70044
-0.70044
0
0
0
0
0
0
0
0
0
0
0
-0.88365
-0.90371
-0.90371
-0.81705
-0.81705
-0.81705
-0.81099
-0.81705
-0.75247
-0.78127
20.6917
-0.95007
0
-0.95007
-0.95007
-0.95007
0
0
0
0
0
0
0
0
-8.5874
0
0
0
0
0
-0.9809
-0.99885
-0.99885
-0.90222
-0.90222
-0.90222
-0.9124
-0.90222
-0.83028
-0.86169
-0.95007
10.142
0
0
0
0
0
0
0
0
0
0
0
0
0
0
0
0
0
0
-1.0554
-1.0798
-1.0798
-0.97453
-0.97453
-0.97453
-0.95719
-0.97453
-0.89149
-0.92672
0
0
16.7777
0
0
0
0
0
0
0
0
0
0
0
0
0
-6.8891
0
0
0
-0.9809
-0.99885
-0.99885
-0.90222
-0.90222
-0.90222
-0.9124
-0.90222
-0.83028
-0.86169
-0.95007
0
0
10.142
0
0
0
0
0
0
0
0
0
0
0
0
0
0
0
0
-0.9809
-0.99885
-0.99885
-0.90222
-0.90222
-0.90222
-0.9124
-0.90222
-0.83028
-0.86169
-0.95007
0
0
0
10.142
0
0
0
0
0
0
0
0
0
0
0
0
0
0
0
-0.9809
-0.99885
-0.99885
-0.90222
-0.90222
-0.90222
-0.9124
-0.90222
-0.83028
-0.86169
-0.95007
0
0
0
0
10.142
0
0
0
0
0
0
0
0
0
0
0
0
0
0
-0.78916
-0.802
-0.802
-0.73096
-0.73096
-0.73096
-0.73954
-0.73096
-0.67689
-0.70044
0
0
0
0
0
0
7.4339
0
0
0
0
0
0
0
0
0
0
0
0
0
-0.78916
-0.802
-0.802
-0.73096
-0.73096
-0.73096
-0.73954
-0.73096
-0.67689
-0.70044
0
0
0
0
0
0
0
7.4339
0
0
0
0
0
0
0
0
0
0
0
0
-0.78916
-0.802
-0.802
-0.73096
-0.73096
-0.73096
-0.73954
-0.73096
-0.67689
-0.70044
0
0
0
0
0
0
0
0
7.4339
0
0
0
0
0
0
0
0
0
0
0
-0.81931
-0.8405
-0.8405
-0.76499
-0.76499
-0.76499
0
-0.76499
-0.70473
0
0
0
0
0
0
0
0
0
0
11.0928
0
0
0
0
0
0
0
0
0
-4.8278
-0.77535
-0.78153
-0.78153
-0.72016
-0.72016
-0.72016
0
-0.72016
0
0
0
0
0
0
0
0
0
0
0
0
5.5421
0
-0.32306
0
0
0
0
0
0
0
-0.51562
0
0
0
0
0
-0.47834
0
0
0
0
0
0
0
0
0
0
0
0
0
0
1.5039
-0.40541
0
0
0
0
0
-0.1045
0
0
0
0
0
0
0
0
0
0
0
0
0
0
0
0
0
0
0
0
0
-0.32306
-0.40541
0.88653
0
0
-0.15807
0
0
0
0
-1.7782
-1.8146
-1.8146
0
0
0
0
0
0
0
0
0
0
0
0
0
0
0
0
0
0
0
0
5.4074
0
0
0
0
0
0
0
0
0
0
0
0
0
0
0
0
-8.5874
0
0
0
0
0
0
0
0
0
0
0
0
0
8.5874
0
0
0
0
0
0
0
0
0
0
0
0
0
0
0
0
0
0
0
0
0
0
0
0
0
0
0
-0.15807
0
0
0.15807
0
0
0
0
0
0
0
0
0
0
0
0
0
0
0
0
-6.8891
0
0
0
0
0
0
0
0
0
0
0
0
0
6.8891
0
0
0
0
0
0
0
0
0
-9.8406
0
0
0
0
0
0
0
0
0
0
0
0
0
0
0
0
0
0
0
0
9.8406
0
0
0
0
0
0
0
0
0
0
0
0
0
0
0
0
0
0
0
0
0
0
0
-0.1045
0
0
0
0
0
0
0.1045
0
0
0
0
0
0
0
0
0
0
0
0
0
0
0
0
0
0
0
0
-4.8278
0
0
0
0
0
0
0
0
0
4.8278
