13.4318
-0.89689
-0.8094
-0.79472
-0.79565
-0.79472
-0.68645
-0.68645
-0.72109
-0.78238
-0.83009
-0.83027
-0.81066
-0.84715
-0.73901
-0.77892
-0.73901
-0.76224
0
0
-0.12667
0
0
0
0
0
0
0
0
0
-0.89689
26.0282
-0.83976
-0.83063
-0.8238
-0.83063
-0.71726
-0.71726
-0.7669
-0.8177
-0.88863
-0.8489
-0.84873
-0.88526
-0.77122
-0.8322
-0.77122
-0.7852
0
0
0
0
0
0
0
-12.156
0
0
0
0
-0.8094
-0.83976
13.0104
-0.75155
-0.74044
-0.75155
-0.62728
-0.62728
-0.66553
-0.71735
-0.76689
-0.74309
-0.73969
-0.77111
-0.67647
-0.72777
-0.67647
0
0
-1.3788
0
0
0
0
0
0
0
0
0
0
-0.79472
-0.83063
-0.75155
12.3137
-0.74364
-0.70853
-0.62897
-0.62897
-0.66859
-0.71867
-0.76966
-0.75446
-0.74311
-0.77474
-0.67674
-0.7265
-0.67674
-0.71746
0
0
0
0
0
0
0
0
0
0
0
0
-0.79565
-0.8238
-0.74044
-0.74364
11.6211
-0.74364
-0.62185
-0.62185
-0.6522
-0.71482
-0.74716
-0.75136
-0.73647
-0.76954
-0.6755
-0.70315
-0.6755
0
0
0
0
0
-0.1045
0
0
0
0
0
0
0
-0.79472
-0.83063
-0.75155
-0.70853
-0.74364
12.3137
-0.62897
-0.62897
-0.66859
-0.71867
-0.76966
-0.75446
-0.74311
-0.77474
-0.67674
-0.7265
-0.67674
-0.71746
0
0
0
0
0
0
0
0
0
0
0
0
-0.68645
-0.71726
-0.62728
-0.62897
-0.62185
-0.62897
9.9655
-0.5213
-0.57138
-0.60769
-0.65392
-0.63553
-0.63092
-0.65644
-0.577
-0.6235
-0.577
0
0
0
0
0
0
0
0
0
0
0
0
0
-0.68645
-0.71726
-0.62728
-0.62897
-0.62185
-0.62897
-0.5213
9.9655
-0.57138
-0.60769
-0.65392
-0.63553
-0.63092
-0.65644
-0.577
-0.6235
-0.577
0
0
0
0
0
0
0
0
0
0
0
0
0
-0.72109
-0.7669
-0.66553
-0.66859
-0.6522
-0.66859
-0.57138
-0.57138
20.4035
-0.61826
-0.67572
-0.63538
-0.64593
-0.67028
-0.60332
0
-0.60332
0
0
0
0
0
0
0
0
0
0
0
-10.6657
0
-0.78238
-0.8177
-0.71735
-0.71867
-0.71482
-0.71867
-0.60769
-0.60769
-0.61826
9.1927
-0.73975
0
-0.7037
-0.73386
0
0
0
-0.7121
0
0
0
0
0
0
0
0
0
0
0
0
-0.83009
-0.88863
-0.76689
-0.76966
-0.74716
-0.76966
-0.65392
-0.65392
-0.67572
-0.73975
17.1147
0
-0.7366
0
0
0
0
0
0
0
0
0
0
0
0
0
0
0
0
-8.8827
-0.83027
-0.8489
-0.74309
-0.75446
-0.75136
-0.75446
-0.63553
-0.63553
-0.63538
0
0
8.4334
0
0
0
0
0
0
0
-1.3744
0
-0.46998
0
0
0
0
0
0
0
0
-0.81066
-0.84873
-0.73969
-0.74311
-0.73647
-0.74311
-0.63092
-0.63092
-0.64593
-0.7037
-0.7366
0
7.9698
0
0
0
0
0
0
0
0
0
0
0
0
0
0
0
0
0
-0.84715
-0.88526
-0.77111
-0.77474
-0.76954
-0.77474
-0.65644
-0.65644
-0.67028
-0.73386
0
0
0
7.5396
0
0
0
0
0
0
0
0
0
0
0
0
0
0
0
0
-0.73901
-0.77122
-0.67647
-0.67674
-0.6755
-0.67674
-0.577
-0.577
-0.60332
0
0
0
0
0
5.973
0
0
0
0
0
0
0
0
0
0
0
0
0
0
0
-0.77892
-0.8322
-0.72777
-0.7265
-0.70315
-0.7265
-0.6235
-0.6235
0
0
0
0
0
0
0
11.4439
0
0
0
0
0
0
0
0
0
0
0
-5.7018
0
0
-0.73901
-0.77122
-0.67647
-0.67674
-0.6755
-0.67674
-0.577
-0.577
-0.60332
0
0
0
0
0
0
0
5.973
0
0
0
0
0
0
0
0
0
0
0
0
0
-0.76224
-0.7852
0
-0.71746
0
-0.71746
0
0
0
-0.7121
0
0
0
0
0
0
0
6.1319
0
0
0
-0.44006
0
0
0
0
-1.9974
0
0
0
0
0
0
0
0
0
0
0
0
0
0
0
0
0
0
0
0
0
4.5107
-0.97121
-1.7087
0
0
-1.8308
0
0
0
0
0
0
0
0
-1.3788
0
0
0
0
0
0
0
0
-1.3744
0
0
0
0
0
0
-0.97121
3.7244
0
0
0
0
0
0
0
0
0
0
-0.12667
0
0
0
0
0
0
0
0
0
0
0
0
0
0
0
0
0
-1.7087
0
2.2287
0
0
-0.39335
0
0
0
0
0
0
0
0
0
0
0
0
0
0
0
0
0
-0.46998
0
0
0
0
0
-0.44006
0
0
0
2.0751
0
0
-1.165
0
0
0
0
0
0
0
0
0
-0.1045
0
0
0
0
0
0
0
0
0
0
0
0
0
0
0
0
0
0.97374
0
-0.86924
0
0
0
0
0
0
0
0
0
0
0
0
0
0
0
0
0
0
0
0
0
0
0
-1.8308
0
-0.39335
0
0
2.2241
0
0
0
0
0
0
0
0
0
0
0
0
0
0
0
0
0
0
0
0
0
0
0
0
0
0
0
-1.165
-0.86924
0
2.0343
0
0
0
0
0
0
-12.156
0
0
0
0
0
0
0
0
0
0
0
0
0
0
0
0
0
0
0
0
0
0
0
12.156
0
0
0
0
0
0
0
0
0
0
0
0
0
0
0
0
0
0
0
0
0
-1.9974
0
0
0
0
0
0
0
0
1.9974
0
0
0
0
0
0
0
0
0
0
0
0
0
0
0
0
0
0
-5.7018
0
0
0
0
0
0
0
0
0
0
0
5.7018
0
0
0
0
0
0
0
0
0
0
-10.6657
0
0
0
0
0
0
0
0
0
0
0
0
0
0
0
0
0
0
0
10.6657
0
0
0
0
0
0
0
0
0
0
0
-8.8827
0
0
0
0
0
0
0
0
0
0
0
0
0
0
0
0
0
0
8.8827
