18.8673
-0.72763
-0.73712
-0.72278
-0.72763
-0.72763
-0.68106
-0.68106
-0.67651
-0.67651
-0.63825
-0.71955
-0.66052
-0.7106
-0.75133
-0.70077
-0.70077
-0.70077
-0.73157
-0.43595
0
-5.7593
0
0
0
0
0
0
0
0
-0.72763
12.4455
-0.69713
-0.70593
-0.67512
-0.67512
-0.64179
-0.64179
-0.63967
-0.63967
-0.62325
-0.67924
-0.6359
-0.67138
-0.70377
-0.65898
-0.65898
-0.65898
-0.68433
-0.42687
0
0
0
0
0
0
0
0
0
0
-0.73712
-0.69713
17.3703
-0.71289
-0.69713
-0.69713
-0.6497
-0.6497
-0.6473
-0.6473
-0.61478
-0.68716
-0.63535
-0.67882
-0.71436
-0.66856
-0.66856
-0.66856
-0.69686
0
0
0
-5.2019
0
0
0
0
0
0
0
-0.72278
-0.70593
-0.71289
25.9052
-0.70593
-0.70593
-0.65146
-0.65146
-0.64145
-0.64145
-0.57935
-0.67908
-0.6072
-0.67029
-0.7106
-0.66604
-0.66604
-0.66604
0
0
0
0
0
0
0
0
0
-7.2606
-7.2606
0
-0.72763
-0.67512
-0.69713
-0.70593
12.4455
-0.67512
-0.64179
-0.64179
-0.63967
-0.63967
-0.62325
-0.67924
-0.6359
-0.67138
-0.70377
-0.65898
-0.65898
-0.65898
-0.68433
-0.42687
0
0
0
0
0
0
0
0
0
0
-0.72763
-0.67512
-0.69713
-0.70593
-0.67512
12.4455
-0.64179
-0.64179
-0.63967
-0.63967
-0.62325
-0.67924
-0.6359
-0.67138
-0.70377
-0.65898
-0.65898
-0.65898
-0.68433
-0.42687
0
0
0
0
0
0
0
0
0
0
-0.68106
-0.64179
-0.6497
-0.65146
-0.64179
-0.64179
11.3418
-0.60673
-0.60417
-0.60417
-0.59046
-0.63914
-0.60179
-0.63184
-0.65846
-0.61924
-0.61924
-0.61924
-0.63968
0
0
0
0
0
0
0
0
0
0
0
-0.68106
-0.64179
-0.6497
-0.65146
-0.64179
-0.64179
-0.60673
11.3418
-0.60417
-0.60417
-0.59046
-0.63914
-0.60179
-0.63184
-0.65846
-0.61924
-0.61924
-0.61924
-0.63968
0
0
0
0
0
0
0
0
0
0
0
-0.67651
-0.63967
-0.6473
-0.64145
-0.63967
-0.63967
-0.60417
-0.60417
10.6284
-0.59248
-0.58399
-0.63568
-0.5963
-0.62771
-0.65364
-0.61534
-0.61534
-0.61534
0
0
0
0
0
0
0
0
0
0
0
0
-0.67651
-0.63967
-0.6473
-0.64145
-0.63967
-0.63967
-0.60417
-0.60417
-0.59248
10.6284
-0.58399
-0.63568
-0.5963
-0.62771
-0.65364
-0.61534
-0.61534
-0.61534
0
0
0
0
0
0
0
0
0
0
0
0
-0.63825
-0.62325
-0.61478
-0.57935
-0.62325
-0.62325
-0.59046
-0.59046
-0.58399
-0.58399
30.3623
-0.62012
0
-0.62312
0
0
0
0
0
0
-7.6894
0
0
0
0
-7.6894
0
0
0
-7.6894
-0.71955
-0.67924
-0.68716
-0.67908
-0.67924
-0.67924
-0.63914
-0.63914
-0.63568
-0.63568
-0.62012
9.2668
-0.64107
-0.64758
-0.68488
0
0
0
0
0
0
0
0
0
0
0
0
0
0
0
-0.66052
-0.6359
-0.63535
-0.6072
-0.6359
-0.6359
-0.60179
-0.60179
-0.5963
-0.5963
0
-0.64107
18.8289
-0.59775
0
0
0
0
0
0
0
0
0
-5.6915
-5.6915
0
0
0
0
0
-0.7106
-0.67138
-0.67882
-0.67029
-0.67138
-0.67138
-0.63184
-0.63184
-0.62771
-0.62771
-0.62312
-0.64758
-0.59775
8.4614
0
0
0
0
0
0
0
0
0
0
0
0
0
0
0
0
-0.75133
-0.70377
-0.71436
-0.7106
-0.70377
-0.70377
-0.65846
-0.65846
-0.65364
-0.65364
0
-0.68488
0
0
7.5967
0
0
0
0
0
0
0
0
0
0
0
0
0
0
0
-0.70077
-0.65898
-0.66856
-0.66604
-0.65898
-0.65898
-0.61924
-0.61924
-0.61534
-0.61534
0
0
0
0
0
6.4814
0
0
0
0
0
0
0
0
0
0
0
0
0
0
-0.70077
-0.65898
-0.66856
-0.66604
-0.65898
-0.65898
-0.61924
-0.61924
-0.61534
-0.61534
0
0
0
0
0
0
6.4814
0
0
0
0
0
0
0
0
0
0
0
0
0
-0.70077
-0.65898
-0.66856
-0.66604
-0.65898
-0.65898
-0.61924
-0.61924
-0.61534
-0.61534
0
0
0
0
0
0
0
6.4814
0
0
0
0
0
0
0
0
0
0
0
0
-0.73157
-0.68433
-0.69686
0
-0.68433
-0.68433
-0.63968
-0.63968
0
0
0
0
0
0
0
0
0
0
4.7608
0
0
0
0
0
0
0
0
0
0
0
-0.43595
-0.42687
0
0
-0.42687
-0.42687
0
0
0
0
0
0
0
0
0
0
0
0
0
1.8211
0
0
0
0
0
0
-0.1045
0
0
0
0
0
0
0
0
0
0
0
0
0
-7.6894
0
0
0
0
0
0
0
0
0
7.6894
0
0
0
0
0
0
0
0
0
-5.7593
0
0
0
0
0
0
0
0
0
0
0
0
0
0
0
0
0
0
0
0
5.7593
0
0
0
0
0
0
0
0
0
0
-5.2019
0
0
0
0
0
0
0
0
0
0
0
0
0
0
0
0
0
0
0
5.2019
0
0
0
0
0
0
0
0
0
0
0
0
0
0
0
0
0
0
0
-5.6915
0
0
0
0
0
0
0
0
0
0
5.6915
0
0
0
0
0
0
0
0
0
0
0
0
0
0
0
0
0
0
-5.6915
0
0
0
0
0
0
0
0
0
0
0
5.6915
0
0
0
0
0
0
0
0
0
0
0
0
0
0
0
-7.6894
0
0
0
0
0
0
0
0
0
0
0
0
0
0
7.6894
0
0
0
0
0
0
0
0
0
0
0
0
0
0
0
0
0
0
0
0
0
0
0
-0.1045
0
0
0
0
0
0
0.1045
0
0
0
0
0
0
-7.2606
0
0
0
0
0
0
0
0
0
0
0
0
0
0
0
0
0
0
0
0
0
0
0
7.2606
0
0
0
0
0
-7.2606
0
0
0
0
0
0
0
0
0
0
0
0
0
0
0
0
0
0
0
0
0
0
0
0
7.2606
0
0
0
0
0
0
0
0
0
0
0
-7.6894
0
0
0
0
0
0
0
0
0
0
0
0
0
0
0
0
0
0
7.6894
