19.2118
-0.96275
-0.96275
-0.96275
-0.96275
-0.92209
-0.92209
-0.92209
-0.869
-0.869
-0.869
-0.84402
-0.85942
-0.85942
-0.86112
-0.86112
-0.86112
-0.88843
-0.88201
-0.89897
-0.968
-0.94928
-0.2546
0
0
0
0
0
0
0
-0.96275
18.2838
-0.91682
-0.91682
-0.91682
-0.89459
-0.89459
-0.89459
-0.8383
-0.8383
-0.8383
-0.81431
-0.83315
-0.83315
-0.8306
-0.8306
-0.8306
-0.85679
-0.85558
-0.86652
-0.90981
-0.91076
0
0
0
0
0
0
0
0
-0.96275
-0.91682
18.2838
-0.91682
-0.91682
-0.89459
-0.89459
-0.89459
-0.8383
-0.8383
-0.8383
-0.81431
-0.83315
-0.83315
-0.8306
-0.8306
-0.8306
-0.85679
-0.85558
-0.86652
-0.90981
-0.91076
0
0
0
0
0
0
0
0
-0.96275
-0.91682
-0.91682
18.2838
-0.91682
-0.89459
-0.89459
-0.89459
-0.8383
-0.8383
-0.8383
-0.81431
-0.83315
-0.83315
-0.8306
-0.8306
-0.8306
-0.85679
-0.85558
-0.86652
-0.90981
-0.91076
0
0
0
0
0
0
0
0
-0.96275
-0.91682
-0.91682
-0.91682
18.2838
-0.89459
-0.89459
-0.89459
-0.8383
-0.8383
-0.8383
-0.81431
-0.83315
-0.83315
-0.8306
-0.8306
-0.8306
-0.85679
-0.85558
-0.86652
-0.90981
-0.91076
0
0
0
0
0
0
0
0
-0.92209
-0.89459
-0.89459
-0.89459
-0.89459
23.8722
-0.83621
-0.83621
-0.79513
-0.79513
-0.79513
-0.77316
-0.77676
-0.77676
-0.78769
-0.78769
-0.78769
-0.81235
-0.78822
-0.82393
0
0
0
0
0
0
0
0
0
-8.1997
-0.92209
-0.89459
-0.89459
-0.89459
-0.89459
-0.83621
23.8722
-0.83621
-0.79513
-0.79513
-0.79513
-0.77316
-0.77676
-0.77676
-0.78769
-0.78769
-0.78769
-0.81235
-0.78822
-0.82393
0
0
0
0
-8.1997
0
0
0
0
0
-0.92209
-0.89459
-0.89459
-0.89459
-0.89459
-0.83621
-0.83621
23.8722
-0.79513
-0.79513
-0.79513
-0.77316
-0.77676
-0.77676
-0.78769
-0.78769
-0.78769
-0.81235
-0.78822
-0.82393
0
0
0
0
0
0
0
0
-8.1997
0
-0.869
-0.8383
-0.8383
-0.8383
-0.8383
-0.79513
-0.79513
-0.79513
14.8497
-0.74464
-0.74464
-0.72975
-0.74533
-0.74533
-0.74272
-0.74272
-0.74272
-0.76583
-0.76307
-0.77538
0
0
0
0
0
0
0
0
0
0
-0.869
-0.8383
-0.8383
-0.8383
-0.8383
-0.79513
-0.79513
-0.79513
-0.74464
14.8497
-0.74464
-0.72975
-0.74533
-0.74533
-0.74272
-0.74272
-0.74272
-0.76583
-0.76307
-0.77538
0
0
0
0
0
0
0
0
0
0
-0.869
-0.8383
-0.8383
-0.8383
-0.8383
-0.79513
-0.79513
-0.79513
-0.74464
-0.74464
14.8497
-0.72975
-0.74533
-0.74533
-0.74272
-0.74272
-0.74272
-0.76583
-0.76307
-0.77538
0
0
0
0
0
0
0
0
0
0
-0.84402
-0.81431
-0.81431
-0.81431
-0.81431
-0.77316
-0.77316
-0.77316
-0.72975
-0.72975
-0.72975
13.6631
-0.72566
-0.72566
-0.70774
-0.70774
-0.70774
-0.72968
0
-0.74891
0
0
0
0
0
0
0
0
0
0
-0.85942
-0.83315
-0.83315
-0.83315
-0.83315
-0.77676
-0.77676
-0.77676
-0.74533
-0.74533
-0.74533
-0.72566
20.1574
-0.72468
-0.71036
-0.71036
-0.71036
-0.73238
0
0
0
0
0
0
0
0
-7.0853
0
0
0
-0.85942
-0.83315
-0.83315
-0.83315
-0.83315
-0.77676
-0.77676
-0.77676
-0.74533
-0.74533
-0.74533
-0.72566
-0.72468
20.1574
-0.71036
-0.71036
-0.71036
-0.73238
0
0
0
0
0
0
0
0
0
-7.0853
0
0
-0.86112
-0.8306
-0.8306
-0.8306
-0.8306
-0.78769
-0.78769
-0.78769
-0.74272
-0.74272
-0.74272
-0.70774
-0.71036
-0.71036
12.3829
-0.73983
-0.73983
0
0
0
0
0
0
0
0
0
0
0
0
0
-0.86112
-0.8306
-0.8306
-0.8306
-0.8306
-0.78769
-0.78769
-0.78769
-0.74272
-0.74272
-0.74272
-0.70774
-0.71036
-0.71036
-0.73983
12.3829
-0.73983
0
0
0
0
0
0
0
0
0
0
0
0
0
-0.86112
-0.8306
-0.8306
-0.8306
-0.8306
-0.78769
-0.78769
-0.78769
-0.74272
-0.74272
-0.74272
-0.70774
-0.71036
-0.71036
-0.73983
-0.73983
12.3829
0
0
0
0
0
0
0
0
0
0
0
0
0
-0.88843
-0.85679
-0.85679
-0.85679
-0.85679
-0.81235
-0.81235
-0.81235
-0.76583
-0.76583
-0.76583
-0.72968
-0.73238
-0.73238
0
0
0
11.2446
0
0
0
0
0
0
0
0
0
0
0
0
-0.88201
-0.85558
-0.85558
-0.85558
-0.85558
-0.78822
-0.78822
-0.78822
-0.76307
-0.76307
-0.76307
0
0
0
0
0
0
0
11.4305
0
0
0
0
0
0
-2.4723
0
0
0
0
-0.89897
-0.86652
-0.86652
-0.86652
-0.86652
-0.82393
-0.82393
-0.82393
-0.77538
-0.77538
-0.77538
-0.74891
0
0
0
0
0
0
0
9.9119
0
0
0
0
0
0
0
0
0
0
-0.968
-0.90981
-0.90981
-0.90981
-0.90981
0
0
0
0
0
0
0
0
0
0
0
0
0
0
0
4.9911
0
-0.3838
0
0
0
0
0
0
0
-0.94928
-0.91076
-0.91076
-0.91076
-0.91076
0
0
0
0
0
0
0
0
0
0
0
0
0
0
0
0
4.5923
0
0
0
0
0
0
0
0
-0.2546
0
0
0
0
0
0
0
0
0
0
0
0
0
0
0
0
0
0
0
-0.3838
0
0.7936
-0.1552
0
0
0
0
0
0
0
0
0
0
0
0
0
0
0
0
0
0
0
0
0
0
0
0
0
0
0
0
-0.1552
0.1552
0
0
0
0
0
0
0
0
0
0
0
0
-8.1997
0
0
0
0
0
0
0
0
0
0
0
0
0
0
0
0
0
8.1997
0
0
0
0
0
0
0
0
0
0
0
0
0
0
0
0
0
0
0
0
0
0
0
-2.4723
0
0
0
0
0
0
2.4723
0
0
0
0
0
0
0
0
0
0
0
0
0
0
0
0
-7.0853
0
0
0
0
0
0
0
0
0
0
0
0
0
7.0853
0
0
0
0
0
0
0
0
0
0
0
0
0
0
0
0
-7.0853
0
0
0
0
0
0
0
0
0
0
0
0
0
7.0853
0
0
0
0
0
0
0
0
0
-8.1997
0
0
0
0
0
0
0
0
0
0
0
0
0
0
0
0
0
0
0
0
8.1997
0
0
0
0
0
0
-8.1997
0
0
0
0
0
0
0
0
0
0
0
0
0
0
0
0
0
0
0
0
0
0
0
8.1997
