26.4603
-0.96821
-0.9425
-0.9425
-0.92999
-0.98188
-0.90423
-0.90423
-0.90423
-0.90423
-0.96483
-0.94146
-1.0223
-1.0223
-1.1005
-1.1496
-0.88065
-0.88065
-0.88065
-0.88065
-0.88065
-1.2125
-0.83343
-0.66421
0
-1.0602
-3.7036
0
0
0
-0.96821
27.398
-0.94298
-0.94298
-0.93115
-0.9837
-0.90586
-0.90586
-0.90586
-0.90586
-0.96606
-0.94266
-1.0236
-1.0236
-1.1018
-1.1625
-0.88175
-0.88175
-0.88175
-0.88175
-0.88175
-1.2028
-0.83469
-0.65611
0
0
0
0
0
-5.6829
-0.9425
-0.94298
21.1116
-0.91382
-0.9032
-0.953
-0.87797
-0.87797
-0.87797
-0.87797
-0.93587
-0.91333
-0.99146
-0.99146
-1.0695
-1.1324
-0.85464
-0.85464
-0.85464
-0.85464
-0.85464
-1.192
-0.8091
-0.63596
0
0
0
0
0
0
-0.9425
-0.94298
-0.91382
21.1116
-0.9032
-0.953
-0.87797
-0.87797
-0.87797
-0.87797
-0.93587
-0.91333
-0.99146
-0.99146
-1.0695
-1.1324
-0.85464
-0.85464
-0.85464
-0.85464
-0.85464
-1.192
-0.8091
-0.63596
0
0
0
0
0
0
-0.92999
-0.93115
-0.9032
-0.9032
20.2485
-0.94214
-0.86789
-0.86789
-0.86789
-0.86789
-0.92501
-0.90279
-0.97982
-0.97982
-1.0576
-1.1205
-0.84488
-0.84488
-0.84488
-0.84488
-0.84488
-1.1775
-0.79975
0
0
0
0
0
0
0
-0.98188
-0.9837
-0.953
-0.953
-0.94214
20.1181
-0.91852
-0.91852
-0.91852
-0.91852
-0.98045
-0.95663
-1.0386
-1.0386
-1.1168
-1.1786
-0.89466
-0.89466
-0.89466
-0.89466
-0.89466
0
-0.84736
0
0
0
0
0
0
0
-0.90423
-0.90586
-0.87797
-0.87797
-0.86789
-0.91852
17.7213
-0.83553
-0.83553
-0.83553
-0.89501
-0.87363
-0.94769
-0.94769
-1.0238
-1.0851
-0.81786
-0.81786
-0.81786
-0.81786
-0.81786
0
0
0
0
0
0
0
0
0
-0.90423
-0.90586
-0.87797
-0.87797
-0.86789
-0.91852
-0.83553
17.7213
-0.83553
-0.83553
-0.89501
-0.87363
-0.94769
-0.94769
-1.0238
-1.0851
-0.81786
-0.81786
-0.81786
-0.81786
-0.81786
0
0
0
0
0
0
0
0
0
-0.90423
-0.90586
-0.87797
-0.87797
-0.86789
-0.91852
-0.83553
-0.83553
17.7213
-0.83553
-0.89501
-0.87363
-0.94769
-0.94769
-1.0238
-1.0851
-0.81786
-0.81786
-0.81786
-0.81786
-0.81786
0
0
0
0
0
0
0
0
0
-0.90423
-0.90586
-0.87797
-0.87797
-0.86789
-0.91852
-0.83553
-0.83553
-0.83553
17.7213
-0.89501
-0.87363
-0.94769
-0.94769
-1.0238
-1.0851
-0.81786
-0.81786
-0.81786
-0.81786
-0.81786
0
0
0
0
0
0
0
0
0
-0.96483
-0.96606
-0.93587
-0.93587
-0.92501
-0.98045
-0.89501
-0.89501
-0.89501
-0.89501
13.4568
-0.96097
-1.0432
-1.0432
-1.1214
0
0
0
0
0
0
0
0
0
0
0
0
0
0
0
-0.94146
-0.94266
-0.91333
-0.91333
-0.90279
-0.95663
-0.87363
-0.87363
-0.87363
-0.87363
-0.96097
11.9251
-0.9497
-0.9497
0
0
0
0
0
0
0
0
0
0
0
0
0
0
0
0
-1.0223
-1.0236
-0.99146
-0.99146
-0.97982
-1.0386
-0.94769
-0.94769
-0.94769
-0.94769
-1.0432
-0.9497
11.831
0
0
0
0
0
0
0
0
0
0
0
0
0
0
0
0
0
-1.0223
-1.0236
-0.99146
-0.99146
-0.97982
-1.0386
-0.94769
-0.94769
-0.94769
-0.94769
-1.0432
-0.9497
0
11.831
0
0
0
0
0
0
0
0
0
0
0
0
0
0
0
0
-1.1005
-1.1018
-1.0695
-1.0695
-1.0576
-1.1168
-1.0238
-1.0238
-1.0238
-1.0238
-1.1214
0
0
0
11.7324
0
0
0
0
0
0
0
0
0
0
0
0
0
0
0
-1.1496
-1.1625
-1.1324
-1.1324
-1.1205
-1.1786
-1.0851
-1.0851
-1.0851
-1.0851
0
0
0
0
0
13.7868
0
0
0
0
0
0
0
0
-2.5704
0
0
0
0
0
-0.88065
-0.88175
-0.85464
-0.85464
-0.84488
-0.89466
-0.81786
-0.81786
-0.81786
-0.81786
0
0
0
0
0
0
8.4827
0
0
0
0
0
0
0
0
0
0
0
0
0
-0.88065
-0.88175
-0.85464
-0.85464
-0.84488
-0.89466
-0.81786
-0.81786
-0.81786
-0.81786
0
0
0
0
0
0
0
8.4827
0
0
0
0
0
0
0
0
0
0
0
0
-0.88065
-0.88175
-0.85464
-0.85464
-0.84488
-0.89466
-0.81786
-0.81786
-0.81786
-0.81786
0
0
0
0
0
0
0
0
8.4827
0
0
0
0
0
0
0
0
0
0
0
-0.88065
-0.88175
-0.85464
-0.85464
-0.84488
-0.89466
-0.81786
-0.81786
-0.81786
-0.81786
0
0
0
0
0
0
0
0
0
8.4827
0
0
0
0
0
0
0
0
0
0
-0.88065
-0.88175
-0.85464
-0.85464
-0.84488
-0.89466
-0.81786
-0.81786
-0.81786
-0.81786
0
0
0
0
0
0
0
0
0
0
8.4827
0
0
0
0
0
0
0
0
0
-1.2125
-1.2028
-1.192
-1.192
-1.1775
0
0
0
0
0
0
0
0
0
0
0
0
0
0
0
0
7.4601
0
0
0
0
0
0
-1.4834
0
-0.83343
-0.83469
-0.8091
-0.8091
-0.79975
-0.84736
0
0
0
0
0
0
0
0
0
0
0
0
0
0
0
0
4.9334
0
0
0
0
0
0
0
-0.66421
-0.65611
-0.63596
-0.63596
0
0
0
0
0
0
0
0
0
0
0
0
0
0
0
0
0
0
0
2.5922
0
0
0
0
0
0
0
0
0
0
0
0
0
0
0
0
0
0
0
0
0
-2.5704
0
0
0
0
0
0
0
0
7.4493
-2.9018
-1.977
0
0
0
-1.0602
0
0
0
0
0
0
0
0
0
0
0
0
0
0
0
0
0
0
0
0
0
0
0
-2.9018
6.1851
0
-2.2231
0
0
-3.7036
0
0
0
0
0
0
0
0
0
0
0
0
0
0
0
0
0
0
0
0
0
0
0
-1.977
0
5.6806
0
0
0
0
0
0
0
0
0
0
0
0
0
0
0
0
0
0
0
0
0
0
0
0
0
0
0
0
-2.2231
0
2.2231
0
0
0
0
0
0
0
0
0
0
0
0
0
0
0
0
0
0
0
0
0
0
0
-1.4834
0
0
0
0
0
0
1.4834
0
0
-5.6829
0
0
0
0
0
0
0
0
0
0
0
0
0
0
0
0
0
0
0
0
0
0
0
0
0
0
0
5.6829
