28.2356
-0.72501
-0.7252
-0.7252
-0.65804
-0.65804
-0.65804
-0.77674
-0.74329
-0.74329
-0.74329
-0.78389
-0.85666
-0.85083
-0.67746
-0.67746
-0.67746
-0.67746
-0.76245
0
0
-0.62108
0
-2.8493
0
0
0
-11.6454
0
0
-0.72501
13.9779
-0.72726
-0.72726
-0.65883
-0.65883
-0.65883
-0.77669
-0.73653
-0.73653
-0.73653
-0.882
-0.91405
-0.85859
-0.67069
-0.67069
-0.67069
-0.67069
-0.77505
0
0
-0.72321
0
0
0
0
0
0
0
0
-0.7252
-0.72726
13.166
-0.71596
-0.65088
-0.65088
-0.65088
-0.77263
-0.72789
-0.72789
-0.72789
-0.89301
-0.91771
-0.85403
-0.66224
-0.66224
-0.66224
-0.66224
-0.77492
0
0
0
0
0
0
0
0
0
0
0
-0.7252
-0.72726
-0.71596
13.166
-0.65088
-0.65088
-0.65088
-0.77263
-0.72789
-0.72789
-0.72789
-0.89301
-0.91771
-0.85403
-0.66224
-0.66224
-0.66224
-0.66224
-0.77492
0
0
0
0
0
0
0
0
0
0
0
-0.65804
-0.65883
-0.65088
-0.65088
11.1654
-0.57386
-0.57386
-0.6865
-0.65117
-0.65117
-0.65117
-0.79698
-0.81672
-0.76806
-0.59432
-0.59432
-0.59432
-0.59432
0
0
0
0
0
0
0
0
0
0
0
0
-0.65804
-0.65883
-0.65088
-0.65088
-0.57386
11.1654
-0.57386
-0.6865
-0.65117
-0.65117
-0.65117
-0.79698
-0.81672
-0.76806
-0.59432
-0.59432
-0.59432
-0.59432
0
0
0
0
0
0
0
0
0
0
0
0
-0.65804
-0.65883
-0.65088
-0.65088
-0.57386
-0.57386
11.1654
-0.6865
-0.65117
-0.65117
-0.65117
-0.79698
-0.81672
-0.76806
-0.59432
-0.59432
-0.59432
-0.59432
0
0
0
0
0
0
0
0
0
0
0
0
-0.77674
-0.77669
-0.77263
-0.77263
-0.6865
-0.6865
-0.6865
7.6
-0.75237
-0.75237
-0.75237
0
0
0
0
0
0
0
0
0
-0.18471
0
0
0
0
0
0
0
0
0
-0.74329
-0.73653
-0.72789
-0.72789
-0.65117
-0.65117
-0.65117
-0.75237
6.9102
-0.63438
-0.63438
0
0
0
0
0
0
0
0
0
0
0
0
0
0
0
0
0
0
0
-0.74329
-0.73653
-0.72789
-0.72789
-0.65117
-0.65117
-0.65117
-0.75237
-0.63438
6.9102
-0.63438
0
0
0
0
0
0
0
0
0
0
0
0
0
0
0
0
0
0
0
-0.74329
-0.73653
-0.72789
-0.72789
-0.65117
-0.65117
-0.65117
-0.75237
-0.63438
-0.63438
6.9102
0
0
0
0
0
0
0
0
0
0
0
0
0
0
0
0
0
0
0
-0.78389
-0.882
-0.89301
-0.89301
-0.79698
-0.79698
-0.79698
0
0
0
0
23.2769
0
0
0
0
0
0
0
0
0
0
0
0
0
0
-8.7171
0
-8.7171
0
-0.85666
-0.91405
-0.91771
-0.91771
-0.81672
-0.81672
-0.81672
0
0
0
0
0
12.7993
0
0
0
0
0
0
0
0
0
0
0
0
-6.743
0
0
0
0
-0.85083
-0.85859
-0.85403
-0.85403
-0.76806
-0.76806
-0.76806
0
0
0
0
0
0
6.8661
0
0
0
0
0
-1.1445
0
0
0
0
0
0
0
0
0
0
-0.67746
-0.67069
-0.66224
-0.66224
-0.59432
-0.59432
-0.59432
0
0
0
0
0
0
0
4.4556
0
0
0
0
0
0
0
0
0
0
0
0
0
0
0
-0.67746
-0.67069
-0.66224
-0.66224
-0.59432
-0.59432
-0.59432
0
0
0
0
0
0
0
0
4.4556
0
0
0
0
0
0
0
0
0
0
0
0
0
0
-0.67746
-0.67069
-0.66224
-0.66224
-0.59432
-0.59432
-0.59432
0
0
0
0
0
0
0
0
0
4.4556
0
0
0
0
0
0
0
0
0
0
0
0
0
-0.67746
-0.67069
-0.66224
-0.66224
-0.59432
-0.59432
-0.59432
0
0
0
0
0
0
0
0
0
0
4.4556
0
0
0
0
0
0
0
0
0
0
0
0
-0.76245
-0.77505
-0.77492
-0.77492
0
0
0
0
0
0
0
0
0
0
0
0
0
0
3.7881
-0.70073
0
0
0
0
0
0
0
0
0
0
0
0
0
0
0
0
0
0
0
0
0
0
0
-1.1445
0
0
0
0
-0.70073
4.7297
-0.56442
0
-2.3201
0
0
0
0
0
0
0
0
0
0
0
0
0
0
-0.18471
0
0
0
0
0
0
0
0
0
0
0
-0.56442
0.85363
0
0
0
0
0
0
0
0
-0.1045
-0.62108
-0.72321
0
0
0
0
0
0
0
0
0
0
0
0
0
0
0
0
0
0
0
2.2383
0
0
-0.89403
0
0
0
0
0
0
0
0
0
0
0
0
0
0
0
0
0
0
0
0
0
0
0
0
-2.3201
0
0
2.9514
-0.63138
0
0
0
0
0
0
-2.8493
0
0
0
0
0
0
0
0
0
0
0
0
0
0
0
0
0
0
0
0
0
-0.63138
3.4807
0
0
0
0
0
0
0
0
0
0
0
0
0
0
0
0
0
0
0
0
0
0
0
0
0
0
0
-0.89403
0
0
0.89403
0
0
0
0
0
0
0
0
0
0
0
0
0
0
0
0
0
-6.743
0
0
0
0
0
0
0
0
0
0
0
0
6.743
0
0
0
0
0
0
0
0
0
0
0
0
0
0
0
-8.7171
0
0
0
0
0
0
0
0
0
0
0
0
0
0
8.7171
0
0
0
-11.6454
0
0
0
0
0
0
0
0
0
0
0
0
0
0
0
0
0
0
0
0
0
0
0
0
0
0
11.6454
0
0
0
0
0
0
0
0
0
0
0
0
0
-8.7171
0
0
0
0
0
0
0
0
0
0
0
0
0
0
0
0
8.7171
0
0
0
0
0
0
0
0
0
0
0
0
0
0
0
0
0
0
0
0
0
-0.1045
0
0
0
0
0
0
0
0
0.1045
