18.8548
-0.72622
-0.72622
-0.67186
-0.67186
-0.67905
-0.66845
-0.67905
-0.58909
-0.58909
-0.58909
-0.65502
-0.66666
-0.66552
-0.6362
-0.6362
-0.6362
-1.047
0
-0.53778
0
-6.7842
0
0
0
0
0
0
0
0
-0.72622
18.8548
-0.72622
-0.67186
-0.67186
-0.67905
-0.66845
-0.67905
-0.58909
-0.58909
-0.58909
-0.65502
-0.66666
-0.66552
-0.6362
-0.6362
-0.6362
-1.047
0
-0.53778
0
0
0
0
0
0
-6.7842
0
0
0
-0.72622
-0.72622
18.8548
-0.67186
-0.67186
-0.67905
-0.66845
-0.67905
-0.58909
-0.58909
-0.58909
-0.65502
-0.66666
-0.66552
-0.6362
-0.6362
-0.6362
-1.047
0
-0.53778
0
0
0
0
-6.7842
0
0
0
0
0
-0.67186
-0.67186
-0.67186
11.2447
-0.62125
-0.6387
-0.62251
-0.6387
-0.54588
-0.54588
-0.54588
-0.62108
-0.62139
-0.63286
-0.58783
-0.58783
-0.58783
-0.9434
0
-0.48811
0
0
0
0
0
0
0
0
0
0
-0.67186
-0.67186
-0.67186
-0.62125
11.2447
-0.6387
-0.62251
-0.6387
-0.54588
-0.54588
-0.54588
-0.62108
-0.62139
-0.63286
-0.58783
-0.58783
-0.58783
-0.9434
0
-0.48811
0
0
0
0
0
0
0
0
0
0
-0.67905
-0.67905
-0.67905
-0.6387
-0.6387
15.2583
-0.64472
-0.64877
-0.55227
-0.55227
-0.55227
-0.61335
-0.62907
-0.62295
-0.60145
-0.60145
-0.60145
0
0
0
0
0
0
0
0
0
0
0
-5.3237
0
-0.66845
-0.66845
-0.66845
-0.62251
-0.62251
-0.64472
10.1073
-0.64472
-0.54218
-0.54218
-0.54218
-0.61181
-0.62124
-0.62175
-0.58556
-0.58556
-0.58556
0
-0.32942
0
0
0
0
0
0
0
0
0
0
0
-0.67905
-0.67905
-0.67905
-0.6387
-0.6387
-0.64877
-0.64472
15.2583
-0.55227
-0.55227
-0.55227
-0.61335
-0.62907
-0.62295
-0.60145
-0.60145
-0.60145
0
0
0
0
0
0
0
0
0
0
0
0
-5.3237
-0.58909
-0.58909
-0.58909
-0.54588
-0.54588
-0.55227
-0.54218
-0.55227
8.5506
-0.45467
-0.45467
-0.53202
-0.53557
-0.542
-0.50863
-0.50863
-0.50863
0
0
0
0
0
0
0
0
0
0
0
0
0
-0.58909
-0.58909
-0.58909
-0.54588
-0.54588
-0.55227
-0.54218
-0.55227
-0.45467
8.5506
-0.45467
-0.53202
-0.53557
-0.542
-0.50863
-0.50863
-0.50863
0
0
0
0
0
0
0
0
0
0
0
0
0
-0.58909
-0.58909
-0.58909
-0.54588
-0.54588
-0.55227
-0.54218
-0.55227
-0.45467
-0.45467
8.5506
-0.53202
-0.53557
-0.542
-0.50863
-0.50863
-0.50863
0
0
0
0
0
0
0
0
0
0
0
0
0
-0.65502
-0.65502
-0.65502
-0.62108
-0.62108
-0.61335
-0.61181
-0.61335
-0.53202
-0.53202
-0.53202
10.3211
-0.57114
-0.56106
0
0
0
0
0
0
0
0
-2.5471
0
0
0
0
0
0
0
-0.66666
-0.66666
-0.66666
-0.62139
-0.62139
-0.62907
-0.62124
-0.62907
-0.53557
-0.53557
-0.53557
-0.57114
7.6378
0
0
0
0
0
-0.33777
0
0
0
0
0
0
0
0
0
0
0
-0.66552
-0.66552
-0.66552
-0.63286
-0.63286
-0.62295
-0.62175
-0.62295
-0.542
-0.542
-0.542
-0.56106
0
8.7384
0
0
0
0
0
0
0
0
0
-1.4214
0
0
0
0
0
0
-0.6362
-0.6362
-0.6362
-0.58783
-0.58783
-0.60145
-0.58556
-0.60145
-0.50863
-0.50863
-0.50863
0
0
0
6.3986
0
0
0
0
0
0
0
0
0
0
0
0
0
0
0
-0.6362
-0.6362
-0.6362
-0.58783
-0.58783
-0.60145
-0.58556
-0.60145
-0.50863
-0.50863
-0.50863
0
0
0
0
6.3986
0
0
0
0
0
0
0
0
0
0
0
0
0
0
-0.6362
-0.6362
-0.6362
-0.58783
-0.58783
-0.60145
-0.58556
-0.60145
-0.50863
-0.50863
-0.50863
0
0
0
0
0
6.3986
0
0
0
0
0
0
0
0
0
0
0
0
0
-1.047
-1.047
-1.047
-0.9434
-0.9434
0
0
0
0
0
0
0
0
0
0
0
0
8.472
0
0
-3.4441
0
0
0
0
0
0
0
0
0
0
0
0
0
0
0
-0.32942
0
0
0
0
0
-0.33777
0
0
0
0
0
25.9851
0
-4.5988
0
0
0
0
-10.3595
0
-10.3595
0
0
-0.53778
-0.53778
-0.53778
-0.48811
-0.48811
0
0
0
0
0
0
0
0
0
0
0
0
0
0
2.5896
0
0
0
0
0
0
0
0
0
0
0
0
0
0
0
0
0
0
0
0
0
0
0
0
0
0
0
-3.4441
-4.5988
0
8.043
0
0
0
0
0
0
0
0
0
-6.7842
0
0
0
0
0
0
0
0
0
0
0
0
0
0
0
0
0
0
0
0
6.7842
0
0
0
0
0
0
0
0
0
0
0
0
0
0
0
0
0
0
0
-2.5471
0
0
0
0
0
0
0
0
0
0
2.5471
0
0
0
0
0
0
0
0
0
0
0
0
0
0
0
0
0
0
0
0
-1.4214
0
0
0
0
0
0
0
0
0
1.4214
0
0
0
0
0
0
0
0
-6.7842
0
0
0
0
0
0
0
0
0
0
0
0
0
0
0
0
0
0
0
0
0
6.7842
0
0
0
0
0
0
0
0
0
0
0
0
0
0
0
0
0
0
0
0
0
0
0
-10.3595
0
0
0
0
0
0
10.3595
0
0
0
0
0
-6.7842
0
0
0
0
0
0
0
0
0
0
0
0
0
0
0
0
0
0
0
0
0
0
0
0
6.7842
0
0
0
0
0
0
0
0
0
0
0
0
0
0
0
0
0
0
0
0
0
-10.3595
0
0
0
0
0
0
0
0
10.3595
0
0
0
0
0
0
0
-5.3237
0
0
0
0
0
0
0
0
0
0
0
0
0
0
0
0
0
0
0
0
0
0
5.3237
0
0
0
0
0
0
0
0
-5.3237
0
0
0
0
0
0
0
0
0
0
0
0
0
0
0
0
0
0
0
0
0
5.3237
