35.4313
-0.75892
-0.73605
-0.73605
-0.66311
-0.66311
-0.66311
-0.66311
-0.7232
-0.7232
-0.65237
-0.65237
-0.67988
-0.66211
-0.68027
-0.65749
-0.73898
-0.68225
-0.67
0
0
-11.5128
0
0
0
0
0
-11.5128
0
0
-0.75892
22.5293
-0.76395
-0.76395
-0.67345
-0.67345
-0.67345
-0.67345
-0.73449
-0.73449
-0.68216
-0.68216
-0.69135
-0.66552
-0.68912
-0.69149
-0.74417
-0.69621
-0.67334
-1.036
0
0
0
0
0
0
-8.8281
0
0
0
-0.73605
-0.76395
20.8943
-0.75595
-0.66384
-0.66384
-0.66384
-0.66384
-0.72624
-0.72624
-0.67275
-0.67275
-0.68287
-0.66357
-0.68178
-0.68268
-0.73587
-0.6836
-0.66551
0
0
0
0
0
0
0
0
0
0
-8.3891
-0.73605
-0.76395
-0.75595
20.8943
-0.66384
-0.66384
-0.66384
-0.66384
-0.72624
-0.72624
-0.67275
-0.67275
-0.68287
-0.66357
-0.68178
-0.68268
-0.73587
-0.6836
-0.66551
0
0
0
0
0
0
0
0
0
-8.3891
0
-0.66311
-0.67345
-0.66384
-0.66384
10.998
-0.56505
-0.56505
-0.56505
-0.63472
-0.63472
-0.59136
-0.59136
-0.59622
-0.5764
-0.59414
-0.60353
-0.63937
-0.59883
-0.57796
0
0
0
0
0
0
0
0
0
0
0
-0.66311
-0.67345
-0.66384
-0.66384
-0.56505
10.998
-0.56505
-0.56505
-0.63472
-0.63472
-0.59136
-0.59136
-0.59622
-0.5764
-0.59414
-0.60353
-0.63937
-0.59883
-0.57796
0
0
0
0
0
0
0
0
0
0
0
-0.66311
-0.67345
-0.66384
-0.66384
-0.56505
-0.56505
10.998
-0.56505
-0.63472
-0.63472
-0.59136
-0.59136
-0.59622
-0.5764
-0.59414
-0.60353
-0.63937
-0.59883
-0.57796
0
0
0
0
0
0
0
0
0
0
0
-0.66311
-0.67345
-0.66384
-0.66384
-0.56505
-0.56505
-0.56505
10.998
-0.63472
-0.63472
-0.59136
-0.59136
-0.59622
-0.5764
-0.59414
-0.60353
-0.63937
-0.59883
-0.57796
0
0
0
0
0
0
0
0
0
0
0
-0.7232
-0.73449
-0.72624
-0.72624
-0.63472
-0.63472
-0.63472
-0.63472
10.7576
-0.68262
-0.65663
-0.65663
-0.65031
-0.6353
-0.65327
-0.66769
-0.70609
0
0
0
0
0
0
0
0
0
0
0
0
0
-0.7232
-0.73449
-0.72624
-0.72624
-0.63472
-0.63472
-0.63472
-0.63472
-0.68262
10.7576
-0.65663
-0.65663
-0.65031
-0.6353
-0.65327
-0.66769
-0.70609
0
0
0
0
0
0
0
0
0
0
0
0
0
-0.65237
-0.68216
-0.67275
-0.67275
-0.59136
-0.59136
-0.59136
-0.59136
-0.65663
-0.65663
13.633
-0.59554
-0.61307
-0.54025
-0.57355
0
0
0
0
0
0
0
-4.9519
0
0
0
0
0
0
0
-0.65237
-0.68216
-0.67275
-0.67275
-0.59136
-0.59136
-0.59136
-0.59136
-0.65663
-0.65663
-0.59554
13.633
-0.61307
-0.54025
-0.57355
0
0
0
0
0
0
0
0
0
-4.9519
0
0
0
0
0
-0.67988
-0.69135
-0.68287
-0.68287
-0.59622
-0.59622
-0.59622
-0.59622
-0.65031
-0.65031
-0.61307
-0.61307
9.4234
-0.56888
-0.59396
-0.61191
0
0
0
0
0
0
0
0
0
0
0
0
0
0
-0.66211
-0.66552
-0.66357
-0.66357
-0.5764
-0.5764
-0.5764
-0.5764
-0.6353
-0.6353
-0.54025
-0.54025
-0.56888
8.7178
0
0
0
0
0
-0.83748
0
0
0
0
0
0
0
0
0
0
-0.68027
-0.68912
-0.68178
-0.68178
-0.59414
-0.59414
-0.59414
-0.59414
-0.65327
-0.65327
-0.57355
-0.57355
-0.59396
0
8.1571
0
0
0
0
0
0
0
0
0
0
0
0
0
0
0
-0.65749
-0.69149
-0.68268
-0.68268
-0.60353
-0.60353
-0.60353
-0.60353
-0.66769
-0.66769
0
0
-0.61191
0
0
8.2004
0
0
0
0
0
0
0
-1.1247
0
0
0
0
0
0
-0.73898
-0.74417
-0.73587
-0.73587
-0.63937
-0.63937
-0.63937
-0.63937
-0.70609
-0.70609
0
0
0
0
0
0
6.9245
0
0
0
0
0
0
0
0
0
0
0
0
0
-0.68225
-0.69621
-0.6836
-0.6836
-0.59883
-0.59883
-0.59883
-0.59883
0
0
0
0
0
0
0
0
0
5.2759
0
0
-0.13489
0
0
0
0
0
0
0
0
0
-0.67
-0.67334
-0.66551
-0.66551
-0.57796
-0.57796
-0.57796
-0.57796
0
0
0
0
0
0
0
0
0
0
4.9862
0
0
0
0
0
0
0
0
0
0
0
0
-1.036
0
0
0
0
0
0
0
0
0
0
0
-0.83748
0
0
0
0
0
2.3991
-0.52563
0
0
0
0
0
0
0
0
0
0
0
0
0
0
0
0
0
0
0
0
0
0
0
0
0
0
-0.13489
0
-0.52563
1.1967
0
0
0
0
-0.53618
0
0
0
0
-11.5128
0
0
0
0
0
0
0
0
0
0
0
0
0
0
0
0
0
0
0
0
11.5128
0
0
0
0
0
0
0
0
0
0
0
0
0
0
0
0
0
0
-4.9519
0
0
0
0
0
0
0
0
0
0
0
4.9519
0
0
0
0
0
0
0
0
0
0
0
0
0
0
0
0
0
0
0
0
0
0
-1.1247
0
0
0
0
0
0
0
1.1247
0
0
0
0
0
0
0
0
0
0
0
0
0
0
0
0
0
-4.9519
0
0
0
0
0
0
0
0
0
0
0
0
4.9519
0
0
0
0
0
0
0
0
0
0
0
0
0
0
0
0
0
0
0
0
0
0
0
0
0
-0.53618
0
0
0
0
0.53618
0
0
0
0
0
-8.8281
0
0
0
0
0
0
0
0
0
0
0
0
0
0
0
0
0
0
0
0
0
0
0
0
8.8281
0
0
0
-11.5128
0
0
0
0
0
0
0
0
0
0
0
0
0
0
0
0
0
0
0
0
0
0
0
0
0
0
11.5128
0
0
0
0
0
-8.3891
0
0
0
0
0
0
0
0
0
0
0
0
0
0
0
0
0
0
0
0
0
0
0
0
8.3891
0
0
0
-8.3891
0
0
0
0
0
0
0
0
0
0
0
0
0
0
0
0
0
0
0
0
0
0
0
0
0
0
8.3891
