17.9948
-0.77799
-0.7419
-0.73961
-0.73961
-0.74094
-0.76956
-0.75765
-0.77466
-0.73314
-0.73314
-0.73314
-0.78129
-0.78129
-0.72929
-0.70757
0
-0.78321
0
0
0
0
0
0
0
-5.9708
0
0
0
0
-0.77799
25.1132
-0.74051
-0.74073
-0.74073
-0.74027
-0.768
-0.76218
-0.77251
-0.73557
-0.73557
-0.73557
-0.78455
-0.78455
-0.73217
-0.70098
0
0
0
0
0
0
0
0
0
0
-6.9306
-6.9306
0
0
-0.7419
-0.74051
11.352
-0.71188
-0.71188
-0.70817
-0.73217
-0.7277
-0.73697
-0.70456
-0.70456
-0.70456
-0.74564
-0.74564
-0.70082
-0.68284
0
0
-0.55225
0
0
0
0
0
0
0
0
0
0
0
-0.73961
-0.74073
-0.71188
11.4024
-0.7118
-0.70804
-0.73148
-0.72441
-0.73606
-0.70393
-0.70393
-0.70393
-0.75318
-0.74066
-0.70156
-0.68302
-0.60819
0
0
0
0
0
0
0
0
0
0
0
0
0
-0.73961
-0.74073
-0.71188
-0.7118
11.4024
-0.70804
-0.73148
-0.72441
-0.73606
-0.70393
-0.70393
-0.70393
-0.74066
-0.75318
-0.70156
-0.68302
0
0
0
-0.60819
0
0
0
0
0
0
0
0
0
0
-0.74094
-0.74027
-0.70817
-0.70804
-0.70804
15.4365
-0.73205
-0.72355
-0.73733
-0.70308
-0.70308
-0.70308
-0.74283
-0.74283
-0.69865
0
0
0
0
0
0
0
0
-5.3445
0
0
0
0
0
0
-0.76956
-0.768
-0.73217
-0.73148
-0.73148
-0.73205
13.7453
-0.75766
-0.77394
-0.73008
-0.73008
-0.73008
0
0
-0.73648
0
0
0
0
0
0
0
-4.8222
0
0
0
0
0
0
0
-0.75765
-0.76218
-0.7277
-0.72441
-0.72441
-0.72355
-0.75766
8.8785
-0.77139
-0.7204
-0.7204
-0.7204
0
0
0
0
0
-0.76833
0
0
0
0
0
0
0
0
0
0
0
0
-0.77466
-0.77251
-0.73697
-0.73606
-0.73606
-0.73733
-0.77394
-0.77139
12.7068
-0.73241
-0.73241
-0.73241
0
0
0
0
0
0
0
0
-4.4707
0
0
0
0
0
0
0
0
0
-0.73314
-0.73557
-0.70456
-0.70393
-0.70393
-0.70308
-0.73008
-0.7204
-0.73241
7.8347
-0.68378
-0.68378
0
0
0
0
0
0
0
0
0
0
0
0
0
0
0
0
0
0
-0.73314
-0.73557
-0.70456
-0.70393
-0.70393
-0.70308
-0.73008
-0.7204
-0.73241
-0.68378
7.8347
-0.68378
0
0
0
0
0
0
0
0
0
0
0
0
0
0
0
0
0
0
-0.73314
-0.73557
-0.70456
-0.70393
-0.70393
-0.70308
-0.73008
-0.7204
-0.73241
-0.68378
-0.68378
7.8347
0
0
0
0
0
0
0
0
0
0
0
0
0
0
0
0
0
0
-0.78129
-0.78455
-0.74564
-0.75318
-0.74066
-0.74283
0
0
0
0
0
0
5.2056
0
0
0
-0.65742
0
0
0
0
0
0
0
0
0
0
0
0
0
-0.78129
-0.78455
-0.74564
-0.74066
-0.75318
-0.74283
0
0
0
0
0
0
0
5.2056
0
0
0
0
0
-0.65742
0
0
0
0
0
0
0
0
0
0
-0.72929
-0.73217
-0.70082
-0.70156
-0.70156
-0.69865
-0.73648
0
0
0
0
0
0
0
5.0005
0
0
0
0
0
0
0
0
0
0
0
0
0
0
0
-0.70757
-0.70098
-0.68284
-0.68302
-0.68302
0
0
0
0
0
0
0
0
0
0
4.1025
0
0
0
0
0
0
0
0
0
0
0
0
-0.64505
0
0
0
0
-0.60819
0
0
0
0
0
0
0
0
-0.65742
0
0
0
1.8578
0
0
0
0
0
0
0
-0.5922
0
0
0
0
0
-0.78321
0
0
0
0
0
0
-0.76833
0
0
0
0
0
0
0
0
0
2.3487
-0.79718
0
0
0
0
0
0
0
0
0
0
0
0
0
-0.55225
0
0
0
0
0
0
0
0
0
0
0
0
0
0
-0.79718
1.968
0
0
0
0
0
0
0
0
0
0
-0.61855
0
0
0
0
-0.60819
0
0
0
0
0
0
0
0
-0.65742
0
0
0
0
0
1.8578
0
-0.5922
0
0
0
0
0
0
0
0
0
0
0
0
0
0
0
0
-4.4707
0
0
0
0
0
0
0
0
0
0
0
4.4707
0
0
0
0
0
0
0
0
0
0
0
0
0
0
0
0
0
0
0
0
0
0
0
0
0
0
0
0
-0.5922
0
0.5922
0
0
0
0
0
0
0
0
0
0
0
0
0
0
-4.8222
0
0
0
0
0
0
0
0
0
0
0
0
0
0
0
4.8222
0
0
0
0
0
0
0
0
0
0
0
0
-5.3445
0
0
0
0
0
0
0
0
0
0
0
0
0
0
0
0
0
5.3445
0
0
0
0
0
0
0
0
0
0
0
0
0
0
0
0
0
0
0
0
0
0
-0.5922
0
0
0
0
0
0
0
0.5922
0
0
0
0
0
-5.9708
0
0
0
0
0
0
0
0
0
0
0
0
0
0
0
0
0
0
0
0
0
0
0
0
5.9708
0
0
0
0
0
-6.9306
0
0
0
0
0
0
0
0
0
0
0
0
0
0
0
0
0
0
0
0
0
0
0
0
6.9306
0
0
0
0
-6.9306
0
0
0
0
0
0
0
0
0
0
0
0
0
0
0
0
0
0
0
0
0
0
0
0
0
6.9306
0
0
0
0
0
0
0
0
0
0
0
0
0
0
0
0
0
-0.64505
0
0
0
0
0
0
0
0
0
0
0
0
0.64505
0
0
0
0
0
0
0
0
0
0
0
0
0
0
0
0
0
0
0
-0.61855
0
0
0
0
0
0
0
0
0
0
0.61855
