16.4197
-0.87325
-0.87698
-0.7708
-0.76256
-0.76256
-0.77183
-0.77548
-0.82621
-0.89179
-0.83954
-0.83954
-0.85635
-0.88805
-0.76371
-0.90643
0
0
-1.1504
-1.5692
-1.2951
0
0
0
0
0
0
0
0
0
-0.87325
14.0817
-0.90103
-0.79155
-0.77969
-0.77969
-0.77357
-0.788
-0.83877
-0.94345
-0.85231
-0.85231
-0.86259
-0.89862
-0.76775
-0.91477
0
0
0
0
0
0
0
-0.595
-0.86933
0
0
0
0
0
-0.87698
-0.90103
14.6549
-0.7917
-0.76898
-0.76898
-0.79412
-0.80396
-0.83986
-0.92664
-0.86497
-0.86497
-0.86764
-0.90329
-0.7745
-0.91293
-0.85858
0
0
0
0
0
-1.1358
0
0
0
0
0
0
0
-0.7708
-0.79155
-0.7917
12.4522
-0.69165
-0.69165
-0.68233
-0.67295
-0.71171
-0.8032
-0.7329
-0.7329
-0.74406
-0.77498
-0.66339
-0.78853
0
0
0
0
0
0
0
0
0
-1.4079
0
0
0
0
-0.76256
-0.77969
-0.76898
-0.69165
11.6299
-0.62774
-0.69427
-0.67151
-0.70304
-0.79304
-0.73265
-0.73265
-0.73407
-0.76556
-0.65594
-0.7722
-0.74431
0
0
0
0
0
0
0
0
0
0
0
0
0
-0.76256
-0.77969
-0.76898
-0.69165
-0.62774
11.6299
-0.69427
-0.67151
-0.70304
-0.79304
-0.73265
-0.73265
-0.73407
-0.76556
-0.65594
-0.7722
-0.74431
0
0
0
0
0
0
0
0
0
0
0
0
0
-0.77183
-0.77357
-0.79412
-0.68233
-0.69427
-0.69427
11.7804
-0.67193
-0.70888
-0.8168
-0.73255
-0.73255
-0.74288
-0.77594
-0.66255
-0.78904
0
0
0
0
0
0
0
0
-0.7369
0
0
0
0
0
-0.77548
-0.788
-0.80396
-0.67295
-0.67151
-0.67151
-0.67193
10.597
-0.72442
0
-0.74342
-0.74342
-0.75699
-0.75542
-0.68143
0
0
0
0
0
-1.1366
0
0
0
0
0
0
0
0
0
-0.82621
-0.83877
-0.83986
-0.71171
-0.70304
-0.70304
-0.70888
-0.72442
8.7361
0
0
0
-0.81188
0
0
0
0
0
0
0
-1.2493
0
0
-0.61899
0
0
0
0
0
0
-0.89179
-0.94345
-0.92664
-0.8032
-0.79304
-0.79304
-0.8168
0
0
9.6386
0
0
0
-1.169
0
0
0
0
0
0
0
-2.5017
0
0
0
0
0
0
0
0
-0.83954
-0.85231
-0.86497
-0.7329
-0.73265
-0.73265
-0.73255
-0.74342
0
0
7.1402
0
0
0
0
0
-0.90919
0
0
0
0
0
0
0
0
0
0
0
0
0
-0.83954
-0.85231
-0.86497
-0.7329
-0.73265
-0.73265
-0.73255
-0.74342
0
0
0
7.1402
0
0
0
0
-0.90919
0
0
0
0
0
0
0
0
0
0
0
0
0
-0.85635
-0.86259
-0.86764
-0.74406
-0.73407
-0.73407
-0.74288
-0.75699
-0.81188
0
0
0
7.1105
0
0
0
0
0
0
0
0
0
0
0
0
0
0
0
0
0
-0.88805
-0.89862
-0.90329
-0.77498
-0.76556
-0.76556
-0.77594
-0.75542
0
-1.169
0
0
0
7.6964
0
0
0
0
0
0
0
0
0
0
0
0
0
0
0
0
-0.76371
-0.76775
-0.7745
-0.66339
-0.65594
-0.65594
-0.66255
-0.68143
0
0
0
0
0
0
5.6252
0
0
0
0
0
0
0
0
0
0
0
0
0
0
0
-0.90643
-0.91477
-0.91293
-0.78853
-0.7722
-0.7722
-0.78904
0
0
0
0
0
0
0
0
5.8561
0
0
0
0
0
0
0
0
0
0
0
0
0
0
0
0
-0.85858
0
-0.74431
-0.74431
0
0
0
0
-0.90919
-0.90919
0
0
0
0
7.4716
0
0
0
0
-2.3136
0
0
-0.99247
0
0
0
0
0
0
0
0
0
0
0
0
0
0
0
0
0
0
0
0
0
0
10.6772
-1.572
-2.9724
-1.1857
0
0
0
0
0
-4.9472
0
0
0
-1.1504
0
0
0
0
0
0
0
0
0
0
0
0
0
0
0
0
-1.572
5.2103
0
0
0
-1.7053
0
0
-0.7827
0
0
0
0
-1.5692
0
0
0
0
0
0
0
0
0
0
0
0
0
0
0
0
-2.9724
0
11.475
0
0
0
-1.403
0
0
0
0
-5.5304
0
-1.2951
0
0
0
0
0
0
-1.1366
-1.2493
0
0
0
0
0
0
0
0
-1.1857
0
0
4.8667
0
0
0
0
0
0
0
0
0
0
0
0
0
0
0
0
0
0
-2.5017
0
0
0
0
0
0
-2.3136
0
0
0
0
10.1492
0
0
0
0
0
-5.3339
0
0
0
0
-1.1358
0
0
0
0
0
0
0
0
0
0
0
0
0
0
0
-1.7053
0
0
0
4.7922
0
0
0
0
0
0
-1.9511
0
-0.595
0
0
0
0
0
0
-0.61899
0
0
0
0
0
0
0
0
0
0
-1.403
0
0
0
2.6169
0
0
0
0
0
0
0
-0.86933
0
0
0
0
-0.7369
0
0
0
0
0
0
0
0
0
-0.99247
0
0
0
0
0
0
0
2.5987
0
0
0
0
0
0
0
0
-1.4079
0
0
0
0
0
0
0
0
0
0
0
0
0
0
-0.7827
0
0
0
0
0
0
2.1906
0
0
0
0
0
0
0
0
0
0
0
0
0
0
0
0
0
0
0
0
0
-4.9472
0
0
0
0
0
0
0
0
4.9472
0
0
0
0
0
0
0
0
0
0
0
0
0
0
0
0
0
0
0
0
0
0
0
0
-5.3339
0
0
0
0
0
5.3339
0
0
0
0
0
0
0
0
0
0
0
0
0
0
0
0
0
0
0
0
0
-5.5304
0
0
0
0
0
0
0
0
5.5304
0
0
0
0
0
0
0
0
0
0
0
0
0
0
0
0
0
0
0
0
0
0
0
-1.9511
0
0
0
0
0
0
1.9511
