14.5177
-0.5208
-0.55396
-0.54795
-0.59352
-0.57455
-0.50341
-0.53137
-0.63157
-0.59746
-0.59746
-0.59746
-0.59746
-0.50053
-0.54057
-1.719
-0.5682
-0.55821
-1.5483
0
0
-2.1314
-0.1045
0
0
0
0
0
0
0
-0.5208
13.9844
-0.53449
-0.52938
-0.58069
-0.5584
-0.48456
-0.51167
-0.6028
-0.57576
-0.57576
-0.57576
-0.57576
-0.48214
-0.51897
-1.7163
-0.54173
-0.53257
-1.5302
0
0
-2.0367
0
0
0
0
0
0
0
0
-0.55396
-0.53449
10.798
-0.55615
-0.60378
-0.58155
-0.50669
-0.53515
-0.62875
-0.60259
-0.60259
-0.60259
-0.60259
-0.50473
-0.54454
-1.7209
-0.56921
-0.54768
0
0
0
0
0
0
0
0
0
0
0
0
-0.54795
-0.52938
-0.55615
8.611
-0.58794
-0.57008
-0.49798
-0.52628
-0.60568
-0.5939
-0.5939
-0.5939
-0.5939
-0.49738
-0.53825
0
-0.58387
0
0
-0.19448
0
0
0
0
0
0
0
0
0
0
-0.59352
-0.58069
-0.60378
-0.58794
29.0655
-0.61108
-0.53558
-0.55574
-0.57405
-0.63274
-0.63274
-0.63274
-0.63274
-0.53069
0
0
0
0
0
0
0
0
0
0
0
0
0
0
-10.6807
-10.6807
-0.57455
-0.5584
-0.58155
-0.57008
-0.61108
17.8361
-0.50683
-0.53818
-0.59428
-0.60922
-0.60922
-0.60922
-0.60922
-0.5105
-0.55961
0
0
0
0
0
0
0
0
0
0
0
-9.7942
0
0
0
-0.50341
-0.48456
-0.50669
-0.49798
-0.53558
-0.50683
7.0832
-0.46988
-0.54719
-0.5282
-0.5282
-0.5282
-0.5282
-0.44136
-0.47693
0
0
0
0
0
0
0
0
0
0
0
0
0
0
0
-0.53137
-0.51167
-0.53515
-0.52628
-0.55574
-0.53818
-0.46988
6.5304
-0.58158
-0.57015
-0.57015
-0.57015
-0.57015
0
0
0
0
0
0
0
0
0
0
0
0
0
0
0
0
0
-0.63157
-0.6028
-0.62875
-0.60568
-0.57405
-0.59428
-0.54719
-0.58158
11.5287
0
0
0
0
0
0
0
0
0
0
0
0
0
0
-0.15519
0
-6.6077
0
0
0
0
-0.59746
-0.57576
-0.60259
-0.5939
-0.63274
-0.60922
-0.5282
-0.57015
0
4.71
0
0
0
0
0
0
0
0
0
0
0
0
0
0
0
0
0
0
0
0
-0.59746
-0.57576
-0.60259
-0.5939
-0.63274
-0.60922
-0.5282
-0.57015
0
0
4.71
0
0
0
0
0
0
0
0
0
0
0
0
0
0
0
0
0
0
0
-0.59746
-0.57576
-0.60259
-0.5939
-0.63274
-0.60922
-0.5282
-0.57015
0
0
0
4.71
0
0
0
0
0
0
0
0
0
0
0
0
0
0
0
0
0
0
-0.59746
-0.57576
-0.60259
-0.5939
-0.63274
-0.60922
-0.5282
-0.57015
0
0
0
0
4.71
0
0
0
0
0
0
0
0
0
0
0
0
0
0
0
0
0
-0.50053
-0.48214
-0.50473
-0.49738
-0.53069
-0.5105
-0.44136
0
0
0
0
0
0
3.4673
0
0
0
0
0
0
0
0
0
0
0
0
0
0
0
0
-0.54057
-0.51897
-0.54454
-0.53825
0
-0.55961
-0.47693
0
0
0
0
0
0
0
3.1789
0
0
0
0
0
0
0
0
0
0
0
0
0
0
0
-1.719
-1.7163
-1.7209
0
0
0
0
0
0
0
0
0
0
0
0
8.8047
0
0
0
0
0
0
0
0
-3.6484
0
0
0
0
0
-0.5682
-0.54173
-0.56921
-0.58387
0
0
0
0
0
0
0
0
0
0
0
0
2.263
0
0
0
0
0
0
0
0
0
0
0
0
0
-0.55821
-0.53257
-0.54768
0
0
0
0
0
0
0
0
0
0
0
0
0
0
1.6385
0
0
0
0
0
0
0
0
0
0
0
0
-1.5483
-1.5302
0
0
0
0
0
0
0
0
0
0
0
0
0
0
0
0
3.713
-0.63448
0
0
0
0
0
0
0
0
0
0
0
0
0
-0.19448
0
0
0
0
0
0
0
0
0
0
0
0
0
0
-0.63448
1.8511
0
0
0
0
0
0
0
-1.0221
0
0
0
0
0
0
0
0
0
0
0
0
0
0
0
0
0
0
0
0
0
0
1.7134
0
-0.92777
-0.78566
0
0
0
0
0
0
-2.1314
-2.0367
0
0
0
0
0
0
0
0
0
0
0
0
0
0
0
0
0
0
0
4.1681
0
0
0
0
0
0
0
0
-0.1045
0
0
0
0
0
0
0
0
0
0
0
0
0
0
0
0
0
0
0
-0.92777
0
1.0323
0
0
0
0
0
0
0
0
0
0
0
0
0
0
0
-0.15519
0
0
0
0
0
0
0
0
0
0
0
-0.78566
0
0
0.94085
0
0
0
0
0
0
0
0
0
0
0
0
0
0
0
0
0
0
0
0
0
-3.6484
0
0
0
0
0
0
0
0
3.6484
0
0
0
0
0
0
0
0
0
0
0
0
0
-6.6077
0
0
0
0
0
0
0
0
0
0
0
0
0
0
0
0
6.6077
0
0
0
0
0
0
0
0
0
-9.7942
0
0
0
0
0
0
0
0
0
0
0
0
0
0
0
0
0
0
0
0
9.7942
0
0
0
0
0
0
0
0
0
0
0
0
0
0
0
0
0
0
0
0
0
0
-1.0221
0
0
0
0
0
0
0
1.0221
0
0
0
0
0
0
-10.6807
0
0
0
0
0
0
0
0
0
0
0
0
0
0
0
0
0
0
0
0
0
0
0
10.6807
0
0
0
0
0
-10.6807
0
0
0
0
0
0
0
0
0
0
0
0
0
0
0
0
0
0
0
0
0
0
0
0
10.6807
