38.3326
-0.76304
-0.73141
-0.73141
-0.77654
-0.72826
-0.72826
-0.72826
-0.77631
-0.72865
-0.77615
-0.80379
-0.86276
-0.86659
-0.71023
-0.71023
-0.71023
-0.6346
-1.1398
-1.1398
0
0
-1.7805
0
-10.7528
0
0
0
0
-10.7528
-0.76304
16.6678
-0.72522
-0.72522
-0.77533
-0.72148
-0.72148
-0.72148
-0.79029
-0.73779
-0.76763
-0.79311
-0.85072
-0.90089
-0.69818
-0.69818
-0.69818
-0.68613
-1.1064
-1.1064
0
0
-1.6806
0
0
0
0
0
0
0
-0.73141
-0.72522
14.3298
-0.68832
-0.73805
-0.68942
-0.68942
-0.68942
-0.74954
-0.70325
-0.73247
-0.75628
-0.80998
-0.85063
-0.668
-0.668
-0.668
-0.6523
-1.0601
-1.0601
0
0
0
0
0
0
0
0
0
0
-0.73141
-0.72522
-0.68832
14.3298
-0.73805
-0.68942
-0.68942
-0.68942
-0.74954
-0.70325
-0.73247
-0.75628
-0.80998
-0.85063
-0.668
-0.668
-0.668
-0.6523
-1.0601
-1.0601
0
0
0
0
0
0
0
0
0
0
-0.77654
-0.77533
-0.73805
-0.73805
12.83
-0.7308
-0.7308
-0.7308
-0.798
-0.75381
-0.78084
-0.80688
-0.86519
-0.90663
-0.71012
-0.71012
-0.71012
0
0
0
0
-0.56789
0
0
0
0
0
0
0
0
-0.72826
-0.72148
-0.68942
-0.68942
-0.7308
11.3567
-0.65697
-0.65697
-0.73676
-0.69305
-0.71806
-0.74103
-0.79307
-0.83628
-0.65503
-0.65503
-0.65503
0
0
0
0
0
0
0
0
0
0
0
0
0
-0.72826
-0.72148
-0.68942
-0.68942
-0.7308
-0.65697
11.3567
-0.65697
-0.73676
-0.69305
-0.71806
-0.74103
-0.79307
-0.83628
-0.65503
-0.65503
-0.65503
0
0
0
0
0
0
0
0
0
0
0
0
0
-0.72826
-0.72148
-0.68942
-0.68942
-0.7308
-0.65697
-0.65697
11.3567
-0.73676
-0.69305
-0.71806
-0.74103
-0.79307
-0.83628
-0.65503
-0.65503
-0.65503
0
0
0
0
0
0
0
0
0
0
0
0
0
-0.77631
-0.79029
-0.74954
-0.74954
-0.798
-0.73676
-0.73676
-0.73676
16.8898
-0.73606
-0.76126
-0.78759
-0.8586
0
0
0
0
0
0
0
0
0
0
0
0
0
0
0
-7.6723
0
-0.72865
-0.73779
-0.70325
-0.70325
-0.75381
-0.69305
-0.69305
-0.69305
-0.73606
7.9406
-0.70966
0
0
0
0
0
0
0
0
0
-0.24985
-0.53909
0
0
0
0
0
0
0
0
-0.77615
-0.76763
-0.73247
-0.73247
-0.78084
-0.71806
-0.71806
-0.71806
-0.76126
-0.70966
8.1435
-0.72881
0
0
0
0
0
0
0
0
0
0
0
0
0
0
0
0
0
0
-0.80379
-0.79311
-0.75628
-0.75628
-0.80688
-0.74103
-0.74103
-0.74103
-0.78759
0
-0.72881
7.6558
0
0
0
0
0
0
0
0
0
0
0
0
0
0
0
0
0
0
-0.86276
-0.85072
-0.80998
-0.80998
-0.86519
-0.79307
-0.79307
-0.79307
-0.8586
0
0
0
7.4364
0
0
0
0
0
0
0
0
0
0
0
0
0
0
0
0
0
-0.86659
-0.90089
-0.85063
-0.85063
-0.90663
-0.83628
-0.83628
-0.83628
0
0
0
0
0
12.2924
0
0
0
0
0
0
0
0
0
-5.4082
0
0
0
0
0
0
-0.71023
-0.69818
-0.668
-0.668
-0.71012
-0.65503
-0.65503
-0.65503
0
0
0
0
0
0
5.4196
0
0
0
0
0
0
0
0
0
0
0
0
0
0
0
-0.71023
-0.69818
-0.668
-0.668
-0.71012
-0.65503
-0.65503
-0.65503
0
0
0
0
0
0
0
5.4196
0
0
0
0
0
0
0
0
0
0
0
0
0
0
-0.71023
-0.69818
-0.668
-0.668
-0.71012
-0.65503
-0.65503
-0.65503
0
0
0
0
0
0
0
0
5.4196
0
0
0
0
0
0
0
0
0
0
0
0
0
-0.6346
-0.68613
-0.6523
-0.6523
0
0
0
0
0
0
0
0
0
0
0
0
0
4.0071
0
0
-0.32701
0
0
0
0
-1.0548
0
0
0
0
-1.1398
-1.1064
-1.0601
-1.0601
0
0
0
0
0
0
0
0
0
0
0
0
0
0
4.3664
0
0
0
0
0
0
0
0
0
0
0
-1.1398
-1.1064
-1.0601
-1.0601
0
0
0
0
0
0
0
0
0
0
0
0
0
0
0
4.3664
0
0
0
0
0
0
0
0
0
0
0
0
0
0
0
0
0
0
0
-0.24985
0
0
0
0
0
0
0
-0.32701
0
0
0.68136
0
0
0
0
0
-0.1045
0
0
0
0
0
0
0
-0.56789
0
0
0
0
-0.53909
0
0
0
0
0
0
0
0
0
0
0
1.6509
0
0
0
0
0
-0.54394
0
0
-1.7805
-1.6806
0
0
0
0
0
0
0
0
0
0
0
0
0
0
0
0
0
0
0
0
3.4611
0
0
0
0
0
0
0
0
0
0
0
0
0
0
0
0
0
0
0
0
-5.4082
0
0
0
0
0
0
0
0
0
5.4082
0
0
0
0
0
0
-10.7528
0
0
0
0
0
0
0
0
0
0
0
0
0
0
0
0
0
0
0
0
0
0
0
10.7528
0
0
0
0
0
0
0
0
0
0
0
0
0
0
0
0
0
0
0
0
0
0
-1.0548
0
0
0
0
0
0
0
1.0548
0
0
0
0
0
0
0
0
0
0
0
0
0
0
0
0
0
0
0
0
0
0
0
0
-0.1045
0
0
0
0
0
0.1045
0
0
0
0
0
0
0
0
0
0
0
0
0
0
0
0
0
0
0
0
0
0
0
0
-0.54394
0
0
0
0
0
0.54394
0
0
0
0
0
0
0
0
0
0
-7.6723
0
0
0
0
0
0
0
0
0
0
0
0
0
0
0
0
0
0
0
7.6723
0
-10.7528
0
0
0
0
0
0
0
0
0
0
0
0
0
0
0
0
0
0
0
0
0
0
0
0
0
0
0
0
10.7528
