23.0495
-0.77751
-0.75948
-0.75948
-0.75948
-0.75948
-0.75948
-0.75948
-0.68569
-0.77895
-0.77895
-0.77895
-0.77104
-0.7297
-0.68803
-0.73118
-0.78276
-0.75673
-0.75673
-0.70137
-0.23939
0
0
0
0
-8.5357
0
0
0
0
-0.77751
34.6992
-0.75789
-0.75789
-0.75789
-0.75789
-0.75789
-0.75789
-0.68355
-0.76717
-0.76717
-0.76717
-0.75847
-0.7176
-0.68589
-0.72969
-0.76635
-0.76088
-0.76088
-0.7056
0
0
0
0
0
0
-10.2519
0
0
-10.2519
-0.75948
-0.75789
13.884
-0.72135
-0.72135
-0.72135
-0.72135
-0.72135
-0.66483
-0.76877
-0.76877
-0.76877
-0.7497
-0.72033
-0.67135
-0.7134
-0.77771
-0.73698
-0.73698
-0.6823
0
0
0
0
0
0
0
0
0
0
-0.75948
-0.75789
-0.72135
13.884
-0.72135
-0.72135
-0.72135
-0.72135
-0.66483
-0.76877
-0.76877
-0.76877
-0.7497
-0.72033
-0.67135
-0.7134
-0.77771
-0.73698
-0.73698
-0.6823
0
0
0
0
0
0
0
0
0
0
-0.75948
-0.75789
-0.72135
-0.72135
13.884
-0.72135
-0.72135
-0.72135
-0.66483
-0.76877
-0.76877
-0.76877
-0.7497
-0.72033
-0.67135
-0.7134
-0.77771
-0.73698
-0.73698
-0.6823
0
0
0
0
0
0
0
0
0
0
-0.75948
-0.75789
-0.72135
-0.72135
-0.72135
13.884
-0.72135
-0.72135
-0.66483
-0.76877
-0.76877
-0.76877
-0.7497
-0.72033
-0.67135
-0.7134
-0.77771
-0.73698
-0.73698
-0.6823
0
0
0
0
0
0
0
0
0
0
-0.75948
-0.75789
-0.72135
-0.72135
-0.72135
-0.72135
13.884
-0.72135
-0.66483
-0.76877
-0.76877
-0.76877
-0.7497
-0.72033
-0.67135
-0.7134
-0.77771
-0.73698
-0.73698
-0.6823
0
0
0
0
0
0
0
0
0
0
-0.75948
-0.75789
-0.72135
-0.72135
-0.72135
-0.72135
-0.72135
13.884
-0.66483
-0.76877
-0.76877
-0.76877
-0.7497
-0.72033
-0.67135
-0.7134
-0.77771
-0.73698
-0.73698
-0.6823
0
0
0
0
0
0
0
0
0
0
-0.68569
-0.68355
-0.66483
-0.66483
-0.66483
-0.66483
-0.66483
-0.66483
11.9165
-0.67675
-0.67675
-0.67675
-0.66116
-0.63764
-0.59975
-0.63523
-0.68468
-0.65478
-0.65478
0
0
0
0
0
0
0
0
0
0
0
-0.77895
-0.76717
-0.76877
-0.76877
-0.76877
-0.76877
-0.76877
-0.76877
-0.67675
17.2765
-0.79901
-0.79901
-0.78089
-0.71416
-0.6654
-0.71553
0
0
0
0
0
0
0
0
0
0
0
-5.967
0
0
-0.77895
-0.76717
-0.76877
-0.76877
-0.76877
-0.76877
-0.76877
-0.76877
-0.67675
-0.79901
17.2765
-0.79901
-0.78089
-0.71416
-0.6654
-0.71553
0
0
0
0
0
0
0
0
0
0
0
0
-5.967
0
-0.77895
-0.76717
-0.76877
-0.76877
-0.76877
-0.76877
-0.76877
-0.76877
-0.67675
-0.79901
-0.79901
17.2765
-0.78089
-0.71416
-0.6654
-0.71553
0
0
0
0
0
0
0
-5.967
0
0
0
0
0
0
-0.77104
-0.75847
-0.7497
-0.7497
-0.7497
-0.7497
-0.7497
-0.7497
-0.66116
-0.78089
-0.78089
-0.78089
11.3302
-0.69983
-0.65061
-0.69902
0
0
0
0
-0.24923
0
0
0
0
0
0
0
0
0
-0.7297
-0.7176
-0.72033
-0.72033
-0.72033
-0.72033
-0.72033
-0.72033
-0.63764
-0.71416
-0.71416
-0.71416
-0.69983
15.081
-0.61872
0
0
0
0
0
0
-5.213
0
0
0
0
0
0
0
0
-0.68803
-0.68589
-0.67135
-0.67135
-0.67135
-0.67135
-0.67135
-0.67135
-0.59975
-0.6654
-0.6654
-0.6654
-0.65061
-0.61872
9.8913
-0.62398
0
0
0
0
0
0
0
0
0
0
0
0
0
0
-0.73118
-0.72969
-0.7134
-0.7134
-0.7134
-0.7134
-0.7134
-0.7134
-0.63523
-0.71553
-0.71553
-0.71553
-0.69902
0
-0.62398
9.8461
0
0
0
0
0
0
0
0
0
0
0
0
0
0
-0.78276
-0.76635
-0.77771
-0.77771
-0.77771
-0.77771
-0.77771
-0.77771
-0.68468
0
0
0
0
0
0
0
7.2062
0
0
0
0
0
-0.30614
0
0
0
0
0
0
0
-0.75673
-0.76088
-0.73698
-0.73698
-0.73698
-0.73698
-0.73698
-0.73698
-0.65478
0
0
0
0
0
0
0
0
6.5942
0
0
0
0
0
0
0
0
0
0
0
0
-0.75673
-0.76088
-0.73698
-0.73698
-0.73698
-0.73698
-0.73698
-0.73698
-0.65478
0
0
0
0
0
0
0
0
0
6.5942
0
0
0
0
0
0
0
0
0
0
0
-0.70137
-0.7056
-0.6823
-0.6823
-0.6823
-0.6823
-0.6823
-0.6823
0
0
0
0
0
0
0
0
0
0
0
5.5008
0
0
0
0
0
0
0
0
0
0
-0.23939
0
0
0
0
0
0
0
0
0
0
0
-0.24923
0
0
0
0
0
0
0
0.59312
0
0
0
-0.1045
0
0
0
0
0
0
0
0
0
0
0
0
0
0
0
0
0
0
-5.213
0
0
0
0
0
0
0
5.213
0
0
0
0
0
0
0
0
0
0
0
0
0
0
0
0
0
0
0
0
0
0
0
0
-0.30614
0
0
0
0
0
0.30614
0
0
0
0
0
0
0
0
0
0
0
0
0
0
0
0
0
0
-5.967
0
0
0
0
0
0
0
0
0
0
0
5.967
0
0
0
0
0
0
0
0
0
0
0
0
0
0
0
0
0
0
0
0
0
0
0
0
0
0
-0.1045
0
0
0
0.1045
0
0
0
0
0
-8.5357
0
0
0
0
0
0
0
0
0
0
0
0
0
0
0
0
0
0
0
0
0
0
0
0
8.5357
0
0
0
0
0
-10.2519
0
0
0
0
0
0
0
0
0
0
0
0
0
0
0
0
0
0
0
0
0
0
0
0
10.2519
0
0
0
0
0
0
0
0
0
0
0
0
-5.967
0
0
0
0
0
0
0
0
0
0
0
0
0
0
0
0
0
5.967
0
0
0
0
0
0
0
0
0
0
0
0
-5.967
0
0
0
0
0
0
0
0
0
0
0
0
0
0
0
0
0
5.967
0
0
-10.2519
0
0
0
0
0
0
0
0
0
0
0
0
0
0
0
0
0
0
0
0
0
0
0
0
0
0
0
10.2519
