30.5178
-0.95605
-0.92703
-0.92703
-0.92703
-0.92703
-0.92703
-0.97752
-0.9241
-0.93171
-0.9241
-0.9241
-0.94707
-0.91498
-0.91498
-0.91498
-0.98219
-0.92577
-0.91476
-0.94211
-0.86573
-0.96855
0
0
0
-10.954
0
0
0
0
-0.95605
27.3367
-0.84987
-0.84987
-0.84987
-0.84987
-0.84987
-0.8585
-0.82108
-0.82178
-0.82108
-0.82108
-0.83969
-0.81248
-0.81248
-0.81248
-0.8693
-0.81826
-0.8123
-0.82994
-0.76706
0
0
0
-10.6138
0
0
0
0
0
-0.92703
-0.84987
17.14
-0.79387
-0.79387
-0.79387
-0.79387
-0.84785
-0.80335
-0.81175
-0.80335
-0.80335
-0.82118
-0.79477
-0.79477
-0.79477
-0.84989
-0.81408
-0.7946
-0.84249
-0.77577
-0.83562
0
0
0
0
0
0
0
0
-0.92703
-0.84987
-0.79387
17.14
-0.79387
-0.79387
-0.79387
-0.84785
-0.80335
-0.81175
-0.80335
-0.80335
-0.82118
-0.79477
-0.79477
-0.79477
-0.84989
-0.81408
-0.7946
-0.84249
-0.77577
-0.83562
0
0
0
0
0
0
0
0
-0.92703
-0.84987
-0.79387
-0.79387
17.14
-0.79387
-0.79387
-0.84785
-0.80335
-0.81175
-0.80335
-0.80335
-0.82118
-0.79477
-0.79477
-0.79477
-0.84989
-0.81408
-0.7946
-0.84249
-0.77577
-0.83562
0
0
0
0
0
0
0
0
-0.92703
-0.84987
-0.79387
-0.79387
-0.79387
17.14
-0.79387
-0.84785
-0.80335
-0.81175
-0.80335
-0.80335
-0.82118
-0.79477
-0.79477
-0.79477
-0.84989
-0.81408
-0.7946
-0.84249
-0.77577
-0.83562
0
0
0
0
0
0
0
0
-0.92703
-0.84987
-0.79387
-0.79387
-0.79387
-0.79387
17.14
-0.84785
-0.80335
-0.81175
-0.80335
-0.80335
-0.82118
-0.79477
-0.79477
-0.79477
-0.84989
-0.81408
-0.7946
-0.84249
-0.77577
-0.83562
0
0
0
0
0
0
0
0
-0.97752
-0.8585
-0.84785
-0.84785
-0.84785
-0.84785
-0.84785
15.7176
-0.84754
-0.86198
-0.84754
-0.84754
-0.86417
-0.83589
-0.83589
-0.83589
-0.89498
-0.85811
-0.83569
0
0
0
-0.27714
0
0
0
0
0
0
0
-0.9241
-0.82108
-0.80335
-0.80335
-0.80335
-0.80335
-0.80335
-0.84754
14.5773
-0.84282
-0.78128
-0.78128
-0.80472
-0.77902
-0.77902
-0.77902
-0.83265
-0.80913
-0.77885
0
0
0
0
0
0
0
0
0
0
0
-0.93171
-0.82178
-0.81175
-0.81175
-0.81175
-0.81175
-0.81175
-0.86198
-0.84282
23.0482
-0.84282
-0.84282
-0.79815
-0.77273
-0.77273
-0.77273
-0.82577
0
-0.77256
0
0
0
0
0
0
0
0
-9.1308
0
0
-0.9241
-0.82108
-0.80335
-0.80335
-0.80335
-0.80335
-0.80335
-0.84754
-0.78128
-0.84282
14.5773
-0.78128
-0.80472
-0.77902
-0.77902
-0.77902
-0.83265
-0.80913
-0.77885
0
0
0
0
0
0
0
0
0
0
0
-0.9241
-0.82108
-0.80335
-0.80335
-0.80335
-0.80335
-0.80335
-0.84754
-0.78128
-0.84282
-0.78128
14.5773
-0.80472
-0.77902
-0.77902
-0.77902
-0.83265
-0.80913
-0.77885
0
0
0
0
0
0
0
0
0
0
0
-0.94707
-0.83969
-0.82118
-0.82118
-0.82118
-0.82118
-0.82118
-0.86417
-0.80472
-0.79815
-0.80472
-0.80472
13.3025
-0.81897
-0.81897
-0.81897
-0.87641
0
0
0
0
0
0
0
0
0
0
0
0
0
-0.91498
-0.81248
-0.79477
-0.79477
-0.79477
-0.79477
-0.79477
-0.83589
-0.77902
-0.77273
-0.77902
-0.77902
-0.81897
11.984
-0.759
-0.759
0
0
0
0
0
0
0
0
0
0
0
0
0
0
-0.91498
-0.81248
-0.79477
-0.79477
-0.79477
-0.79477
-0.79477
-0.83589
-0.77902
-0.77273
-0.77902
-0.77902
-0.81897
-0.759
11.984
-0.759
0
0
0
0
0
0
0
0
0
0
0
0
0
0
-0.91498
-0.81248
-0.79477
-0.79477
-0.79477
-0.79477
-0.79477
-0.83589
-0.77902
-0.77273
-0.77902
-0.77902
-0.81897
-0.759
-0.759
11.984
0
0
0
0
0
0
0
0
0
0
0
0
0
0
-0.98219
-0.8693
-0.84989
-0.84989
-0.84989
-0.84989
-0.84989
-0.89498
-0.83265
-0.82577
-0.83265
-0.83265
-0.87641
0
0
0
11.1961
0
0
0
0
0
0
0
0
0
0
0
0
0
-0.92577
-0.81826
-0.81408
-0.81408
-0.81408
-0.81408
-0.81408
-0.85811
-0.80913
0
-0.80913
-0.80913
0
0
0
0
0
14.8651
0
0
0
0
0
0
0
0
0
0
0
-5.7652
-0.91476
-0.8123
-0.7946
-0.7946
-0.7946
-0.7946
-0.7946
-0.83569
-0.77885
-0.77256
-0.77885
-0.77885
0
0
0
0
0
0
9.6448
0
0
0
0
0
0
0
0
0
0
0
-0.94211
-0.82994
-0.84249
-0.84249
-0.84249
-0.84249
-0.84249
0
0
0
0
0
0
0
0
0
0
0
0
8.0762
0
0
-0.31331
-1.7783
0
0
0
0
0
0
-0.86573
-0.76706
-0.77577
-0.77577
-0.77577
-0.77577
-0.77577
0
0
0
0
0
0
0
0
0
0
0
0
0
6.1174
0
0
0
0
0
0
0
-0.60581
0
-0.96855
0
-0.83562
-0.83562
-0.83562
-0.83562
-0.83562
0
0
0
0
0
0
0
0
0
0
0
0
0
0
5.1466
0
0
0
0
0
0
0
0
0
0
0
0
0
0
0
-0.27714
0
0
0
0
0
0
0
0
0
0
0
-0.31331
0
0
0.69495
0
0
0
-0.1045
0
0
0
0
0
0
0
0
0
0
0
0
0
0
0
0
0
0
0
0
0
0
-1.7783
0
0
0
1.7783
0
0
0
0
0
0
0
-10.6138
0
0
0
0
0
0
0
0
0
0
0
0
0
0
0
0
0
0
0
0
0
0
10.6138
0
0
0
0
0
-10.954
0
0
0
0
0
0
0
0
0
0
0
0
0
0
0
0
0
0
0
0
0
0
0
0
10.954
0
0
0
0
0
0
0
0
0
0
0
0
0
0
0
0
0
0
0
0
0
0
0
0
0
0
-0.1045
0
0
0
0.1045
0
0
0
0
0
0
0
0
0
0
0
0
-9.1308
0
0
0
0
0
0
0
0
0
0
0
0
0
0
0
0
0
9.1308
0
0
0
0
0
0
0
0
0
0
0
0
0
0
0
0
0
0
0
0
0
0
-0.60581
0
0
0
0
0
0
0
0.60581
0
0
0
0
0
0
0
0
0
0
0
0
0
0
0
0
0
0
-5.7652
0
0
0
0
0
0
0
0
0
0
0
5.7652
