12.8721
-0.84139
-0.86844
-0.86844
-0.86844
-0.86611
-0.67848
-0.67848
-0.73522
-0.67848
-0.71893
-0.69078
-0.66063
-0.66063
-0.66063
-0.66063
-0.74398
-0.73566
-0.25671
0
0
0
0
0
0
0
0
0
0
0
-0.84139
12.857
-0.86812
-0.86812
-0.86812
-0.84139
-0.67836
-0.67836
-0.76347
-0.67836
-0.71895
-0.69079
-0.66081
-0.66081
-0.66081
-0.66081
-0.74111
-0.73307
0
0
0
0
-0.2441
0
0
0
0
0
0
0
-0.86844
-0.86812
22.9066
-0.90571
-0.90571
-0.86844
-0.70083
-0.70083
-0.76416
-0.70083
-0.74948
-0.71342
-0.6823
-0.6823
-0.6823
-0.6823
-0.76728
-0.76156
0
0
0
0
0
0
0
0
0
-9.9026
0
0
-0.86844
-0.86812
-0.90571
22.9066
-0.90571
-0.86844
-0.70083
-0.70083
-0.76416
-0.70083
-0.74948
-0.71342
-0.6823
-0.6823
-0.6823
-0.6823
-0.76728
-0.76156
0
0
0
0
0
0
0
-9.9026
0
0
0
0
-0.86844
-0.86812
-0.90571
-0.90571
22.9066
-0.86844
-0.70083
-0.70083
-0.76416
-0.70083
-0.74948
-0.71342
-0.6823
-0.6823
-0.6823
-0.6823
-0.76728
-0.76156
0
0
0
0
0
0
0
0
0
0
-9.9026
0
-0.86611
-0.84139
-0.86844
-0.86844
-0.86844
12.8721
-0.67848
-0.67848
-0.73522
-0.67848
-0.71893
-0.69078
-0.66063
-0.66063
-0.66063
-0.66063
-0.74398
-0.73566
0
-0.25671
0
0
0
0
0
0
0
0
0
0
-0.67848
-0.67836
-0.70083
-0.70083
-0.70083
-0.67848
10.3661
-0.55318
-0.60571
-0.55318
-0.58429
-0.5631
-0.53951
-0.53951
-0.53951
-0.53951
-0.60464
-0.60614
0
0
0
0
0
0
0
0
0
0
0
0
-0.67848
-0.67836
-0.70083
-0.70083
-0.70083
-0.67848
-0.55318
10.3661
-0.60571
-0.55318
-0.58429
-0.5631
-0.53951
-0.53951
-0.53951
-0.53951
-0.60464
-0.60614
0
0
0
0
0
0
0
0
0
0
0
0
-0.73522
-0.76347
-0.76416
-0.76416
-0.76416
-0.73522
-0.60571
-0.60571
19.079
-0.60571
-0.57721
-0.57775
-0.5538
-0.5538
-0.5538
-0.5538
0
0
0
0
0
0
0
-0.19853
-9.1668
0
0
0
0
0
-0.67848
-0.67836
-0.70083
-0.70083
-0.70083
-0.67848
-0.55318
-0.55318
-0.60571
10.3661
-0.58429
-0.5631
-0.53951
-0.53951
-0.53951
-0.53951
-0.60464
-0.60614
0
0
0
0
0
0
0
0
0
0
0
0
-0.71893
-0.71895
-0.74948
-0.74948
-0.74948
-0.71893
-0.58429
-0.58429
-0.57721
-0.58429
18.132
-0.59718
-0.5755
-0.5755
-0.5755
-0.5755
0
0
0
0
0
0
0
0
0
0
0
0
0
-8.4975
-0.69078
-0.69079
-0.71342
-0.71342
-0.71342
-0.69078
-0.5631
-0.5631
-0.57775
-0.5631
-0.59718
9.9084
-0.55223
-0.55223
-0.55223
-0.55223
-0.6227
0
0
0
0
0
0
0
0
0
0
0
0
0
-0.66063
-0.66081
-0.6823
-0.6823
-0.6823
-0.66063
-0.53951
-0.53951
-0.5538
-0.53951
-0.5755
-0.55223
8.8169
-0.49594
-0.49594
-0.49594
0
0
0
0
0
0
0
0
0
0
0
0
0
0
-0.66063
-0.66081
-0.6823
-0.6823
-0.6823
-0.66063
-0.53951
-0.53951
-0.5538
-0.53951
-0.5755
-0.55223
-0.49594
8.8169
-0.49594
-0.49594
0
0
0
0
0
0
0
0
0
0
0
0
0
0
-0.66063
-0.66081
-0.6823
-0.6823
-0.6823
-0.66063
-0.53951
-0.53951
-0.5538
-0.53951
-0.5755
-0.55223
-0.49594
-0.49594
8.8169
-0.49594
0
0
0
0
0
0
0
0
0
0
0
0
0
0
-0.66063
-0.66081
-0.6823
-0.6823
-0.6823
-0.66063
-0.53951
-0.53951
-0.5538
-0.53951
-0.5755
-0.55223
-0.49594
-0.49594
-0.49594
8.8169
0
0
0
0
0
0
0
0
0
0
0
0
0
0
-0.74398
-0.74111
-0.76728
-0.76728
-0.76728
-0.74398
-0.60464
-0.60464
0
-0.60464
0
-0.6227
0
0
0
0
6.9675
0
0
0
0
0
0
0
0
0
0
0
0
0
-0.73566
-0.73307
-0.76156
-0.76156
-0.76156
-0.73566
-0.60614
-0.60614
0
-0.60614
0
0
0
0
0
0
0
9.5463
0
0
0
0
0
0
0
0
-3.2388
0
0
0
-0.25671
0
0
0
0
0
0
0
0
0
0
0
0
0
0
0
0
0
2.4217
0
0
-2.165
0
0
0
0
0
0
0
0
0
0
0
0
0
-0.25671
0
0
0
0
0
0
0
0
0
0
0
0
0
2.4217
0
-2.165
0
0
0
0
0
0
0
0
0
0
0
0
0
0
0
0
0
0
0
0
0
0
0
0
0
0
0
0
4.2266
0
-2.1211
-2.1055
0
0
0
0
0
0
0
0
0
0
0
0
0
0
0
0
0
0
0
0
0
0
0
0
-2.165
-2.165
0
4.33
0
0
0
0
0
0
0
0
0
-0.2441
0
0
0
0
0
0
0
0
0
0
0
0
0
0
0
0
0
0
-2.1211
0
2.3652
0
0
0
0
0
0
0
0
0
0
0
0
0
0
0
-0.19853
0
0
0
0
0
0
0
0
0
0
0
-2.1055
0
0
2.3041
0
0
0
0
0
0
0
0
0
0
0
0
0
0
-9.1668
0
0
0
0
0
0
0
0
0
0
0
0
0
0
0
9.1668
0
0
0
0
0
0
0
0
-9.9026
0
0
0
0
0
0
0
0
0
0
0
0
0
0
0
0
0
0
0
0
0
9.9026
0
0
0
0
0
0
0
0
0
0
0
0
0
0
0
0
0
0
0
0
0
-3.2388
0
0
0
0
0
0
0
0
3.2388
0
0
0
0
0
-9.9026
0
0
0
0
0
0
0
0
0
0
0
0
0
0
0
0
0
0
0
0
0
0
0
0
9.9026
0
0
0
0
0
0
-9.9026
0
0
0
0
0
0
0
0
0
0
0
0
0
0
0
0
0
0
0
0
0
0
0
9.9026
0
0
0
0
0
0
0
0
0
0
0
-8.4975
0
0
0
0
0
0
0
0
0
0
0
0
0
0
0
0
0
0
8.4975
