27.2628
-0.92975
-0.92654
-0.92654
-0.92654
-0.80191
-0.80191
-0.80191
-0.78871
-0.86824
-0.86824
-0.81642
-0.89226
-0.89226
-0.89226
-0.8118
-0.93046
-0.83235
-0.83235
-0.82824
0
0
-1.6994
0
0
0
0
-9.1948
0
0
-0.92975
25.1562
-0.99641
-0.99641
-0.99641
-0.83252
-0.83252
-0.83252
-0.82164
-0.90564
-0.90564
-0.85117
-0.9308
-0.9308
-0.9308
-0.84722
-0.96746
-0.86782
-0.86782
0
0
0
0
0
0
0
0
0
-8.9129
0
-0.92654
-0.99641
16.8468
-0.93714
-0.93714
-0.81769
-0.81769
-0.81769
-0.80577
-0.88798
-0.88798
-0.83432
-0.9121
-0.9121
-0.9121
-0.83962
-0.98779
-0.85041
-0.85041
-0.91592
0
0
0
0
0
0
0
0
0
0
-0.92654
-0.99641
-0.93714
16.8468
-0.93714
-0.81769
-0.81769
-0.81769
-0.80577
-0.88798
-0.88798
-0.83432
-0.9121
-0.9121
-0.9121
-0.83962
-0.98779
-0.85041
-0.85041
-0.91592
0
0
0
0
0
0
0
0
0
0
-0.92654
-0.99641
-0.93714
-0.93714
16.8468
-0.81769
-0.81769
-0.81769
-0.80577
-0.88798
-0.88798
-0.83432
-0.9121
-0.9121
-0.9121
-0.83962
-0.98779
-0.85041
-0.85041
-0.91592
0
0
0
0
0
0
0
0
0
0
-0.80191
-0.83252
-0.81769
-0.81769
-0.81769
13.6733
-0.69083
-0.69083
-0.68509
-0.75378
-0.75378
-0.70838
-0.77305
-0.77305
-0.77305
-0.71143
-0.82865
-0.72194
-0.72194
0
0
0
0
0
0
0
0
0
0
0
-0.80191
-0.83252
-0.81769
-0.81769
-0.81769
-0.69083
13.6733
-0.69083
-0.68509
-0.75378
-0.75378
-0.70838
-0.77305
-0.77305
-0.77305
-0.71143
-0.82865
-0.72194
-0.72194
0
0
0
0
0
0
0
0
0
0
0
-0.80191
-0.83252
-0.81769
-0.81769
-0.81769
-0.69083
-0.69083
13.6733
-0.68509
-0.75378
-0.75378
-0.70838
-0.77305
-0.77305
-0.77305
-0.71143
-0.82865
-0.72194
-0.72194
0
0
0
0
0
0
0
0
0
0
0
-0.78871
-0.82164
-0.80577
-0.80577
-0.80577
-0.68509
-0.68509
-0.68509
12.5763
-0.73253
-0.73253
-0.68713
-0.74971
-0.74971
-0.74971
-0.69038
0
-0.70086
-0.70086
0
0
0
0
0
0
0
0
0
0
0
-0.86824
-0.90564
-0.88798
-0.88798
-0.88798
-0.75378
-0.75378
-0.75378
-0.73253
12.3485
-0.80806
-0.77669
-0.84831
-0.84831
-0.84831
-0.7871
0
0
0
0
0
0
0
0
0
0
0
0
0
0
-0.86824
-0.90564
-0.88798
-0.88798
-0.88798
-0.75378
-0.75378
-0.75378
-0.73253
-0.80806
12.3485
-0.77669
-0.84831
-0.84831
-0.84831
-0.7871
0
0
0
0
0
0
0
0
0
0
0
0
0
0
-0.81642
-0.85117
-0.83432
-0.83432
-0.83432
-0.70838
-0.70838
-0.70838
-0.68713
-0.77669
-0.77669
10.8436
-0.76914
-0.76914
-0.76914
0
0
0
0
0
0
0
0
0
0
0
0
0
0
0
-0.89226
-0.9308
-0.9121
-0.9121
-0.9121
-0.77305
-0.77305
-0.77305
-0.74971
-0.84831
-0.84831
-0.76914
10.094
0
0
0
0
0
0
0
0
0
0
0
0
0
0
0
0
0
-0.89226
-0.9308
-0.9121
-0.9121
-0.9121
-0.77305
-0.77305
-0.77305
-0.74971
-0.84831
-0.84831
-0.76914
0
10.094
0
0
0
0
0
0
0
0
0
0
0
0
0
0
0
0
-0.89226
-0.9308
-0.9121
-0.9121
-0.9121
-0.77305
-0.77305
-0.77305
-0.74971
-0.84831
-0.84831
-0.76914
0
0
10.094
0
0
0
0
0
0
0
0
0
0
0
0
0
0
0
-0.8118
-0.84722
-0.83962
-0.83962
-0.83962
-0.71143
-0.71143
-0.71143
-0.69038
-0.7871
-0.7871
0
0
0
0
8.9383
0
0
0
0
0
-0.36153
0
0
0
0
0
0
0
0
-0.93046
-0.96746
-0.98779
-0.98779
-0.98779
-0.82865
-0.82865
-0.82865
0
0
0
0
0
0
0
0
12.0355
0
0
0
0
0
-1.7393
0
-2.949
0
0
0
0
0
-0.83235
-0.86782
-0.85041
-0.85041
-0.85041
-0.72194
-0.72194
-0.72194
-0.70086
0
0
0
0
0
0
0
0
7.1181
0
0
0
0
0
0
0
0
0
0
0
0
-0.83235
-0.86782
-0.85041
-0.85041
-0.85041
-0.72194
-0.72194
-0.72194
-0.70086
0
0
0
0
0
0
0
0
0
7.1181
0
0
0
0
0
0
0
0
0
0
0
-0.82824
0
-0.91592
-0.91592
-0.91592
0
0
0
0
0
0
0
0
0
0
0
0
0
0
6.4517
0
0
0
-2.4154
0
0
0
0
0
-0.46037
0
0
0
0
0
0
0
0
0
0
0
0
0
0
0
0
0
0
0
0
8.4314
-1.1444
0
-2.3701
-2.7198
-2.1971
0
0
0
0
0
0
0
0
0
0
0
0
0
0
0
0
0
0
0
-0.36153
0
0
0
0
-1.1444
2.056
0
0
0
0
-0.55004
0
0
0
-1.6994
0
0
0
0
0
0
0
0
0
0
0
0
0
0
0
-1.7393
0
0
0
0
0
5.571
0
0
-2.1324
0
0
0
0
0
0
0
0
0
0
0
0
0
0
0
0
0
0
0
0
0
0
0
-2.4154
-2.3701
0
0
4.7855
0
0
0
0
0
0
0
0
0
0
0
0
0
0
0
0
0
0
0
0
0
0
-2.949
0
0
0
-2.7198
0
0
0
5.6688
0
0
0
0
0
0
0
0
0
0
0
0
0
0
0
0
0
0
0
0
0
0
0
0
0
-2.1971
0
-2.1324
0
0
4.3295
0
0
0
0
0
0
0
0
0
0
0
0
0
0
0
0
0
0
0
0
0
0
0
0
0
-0.55004
0
0
0
0
0.55004
0
0
0
-9.1948
0
0
0
0
0
0
0
0
0
0
0
0
0
0
0
0
0
0
0
0
0
0
0
0
0
0
9.1948
0
0
0
-8.9129
0
0
0
0
0
0
0
0
0
0
0
0
0
0
0
0
0
0
0
0
0
0
0
0
0
0
8.9129
0
0
0
0
0
0
0
0
0
0
0
0
0
0
0
0
0
0
0
0
-0.46037
0
0
0
0
0
0
0
0
0
0.46037
