15.8553
-0.2767
-0.27242
-0.29818
-0.28853
-0.27084
-0.27084
-0.27084
-0.27084
-0.26804
-0.21665
0
0
-0.47283
0
-0.52323
-2.7722
0
0
-2.9595
0
0
0
0
0
0
0
0
-6.4236
0
-0.2767
12.2715
-0.28391
-0.30184
-0.29697
-0.27069
-0.27069
-0.27069
-0.27069
-0.26659
0
0
0
-0.48608
0
-0.55774
0
0
0
-2.7804
0
0
0
0
0
0
0
0
0
-5.9386
-0.27242
-0.28391
8.5801
-0.27159
-0.27746
-0.25927
-0.25927
-0.25927
-0.25927
-0.24541
0
-0.2622
-0.1045
0
0
0
0
0
0
0
0
0
-5.8256
0
0
0
0
0
0
0
-0.29818
-0.30184
-0.27159
4.5877
-0.3133
-0.27449
-0.27449
-0.27449
-0.27449
0
0
0
0
0
-0.18318
0
0
-2.1216
0
0
0
0
0
0
0
0
0
0
0
0
-0.28853
-0.29697
-0.27746
-0.3133
16.0875
-0.27547
-0.27547
-0.27547
-0.27547
0
0
0
0
0
0
0
0
0
0
0
0
0
0
-6.9047
0
0
0
-6.9047
0
0
-0.27084
-0.27069
-0.25927
-0.27449
-0.27547
2.2987
-0.23606
-0.23606
-0.23606
-0.23974
0
0
0
0
0
0
0
0
0
0
0
0
0
0
0
0
0
0
0
0
-0.27084
-0.27069
-0.25927
-0.27449
-0.27547
-0.23606
2.2987
-0.23606
-0.23606
-0.23974
0
0
0
0
0
0
0
0
0
0
0
0
0
0
0
0
0
0
0
0
-0.27084
-0.27069
-0.25927
-0.27449
-0.27547
-0.23606
-0.23606
2.2987
-0.23606
-0.23974
0
0
0
0
0
0
0
0
0
0
0
0
0
0
0
0
0
0
0
0
-0.27084
-0.27069
-0.25927
-0.27449
-0.27547
-0.23606
-0.23606
-0.23606
2.2987
-0.23974
0
0
0
0
0
0
0
0
0
0
0
0
0
0
0
0
0
0
0
0
-0.26804
-0.26659
-0.24541
0
0
-0.23974
-0.23974
-0.23974
-0.23974
1.9167
0
0
0
0
-0.17773
0
0
0
0
0
0
0
0
0
0
0
0
0
0
0
-0.21665
0
0
0
0
0
0
0
0
0
4.0844
0
0
-0.60018
0
0
0
0
0
0
-1.8675
0
0
0
-1.4001
0
0
0
0
0
0
0
-0.2622
0
0
0
0
0
0
0
0
4.2879
0
0
0
-0.53128
-2.0838
0
0
0
0
0
0
0
0
0
-1.4106
0
0
0
0
0
-0.1045
0
0
0
0
0
0
0
0
0
5.889
0
0
0
0
-2.3003
-2.3975
0
0
0
0
0
0
-1.0867
0
0
0
0
-0.47283
-0.48608
0
0
0
0
0
0
0
0
-0.60018
0
0
2.3467
0
0
0
0
-0.7876
0
0
0
0
0
0
0
0
0
0
0
0
0
0
-0.18318
0
0
0
0
0
-0.17773
0
0
0
0
1.841
0
0
0
0
0
-0.8657
-0.61439
0
0
0
0
0
0
0
0
-0.52323
-0.55774
0
0
0
0
0
0
0
0
0
-0.53128
0
0
0
1.6123
0
0
0
0
0
0
0
0
0
0
0
0
0
0
-2.7722
0
0
0
0
0
0
0
0
0
0
-2.0838
0
0
0
0
4.856
0
0
0
0
0
0
0
0
0
0
0
0
0
0
0
0
-2.1216
0
0
0
0
0
0
0
0
-2.3003
0
0
0
0
4.4219
0
0
0
0
0
0
0
0
0
0
0
0
0
0
0
0
0
0
0
0
0
0
0
0
-2.3975
-0.7876
0
0
0
0
3.1851
0
0
0
0
0
0
0
0
0
0
0
-2.9595
-2.7804
0
0
0
0
0
0
0
0
0
0
0
0
0
0
0
0
0
5.7399
0
0
0
0
0
0
0
0
0
0
0
0
0
0
0
0
0
0
0
0
-1.8675
0
0
0
-0.8657
0
0
0
0
0
2.7332
0
0
0
0
0
0
0
0
0
0
0
0
0
0
0
0
0
0
0
0
0
0
0
-0.61439
0
0
0
0
0
0
0.61439
0
0
0
0
0
0
0
0
0
0
-5.8256
0
0
0
0
0
0
0
0
0
0
0
0
0
0
0
0
0
0
0
5.8256
0
0
0
0
0
0
0
0
0
0
0
-6.9047
0
0
0
0
0
0
0
0
0
0
0
0
0
0
0
0
0
0
6.9047
0
0
0
0
0
0
0
0
0
0
0
0
0
0
0
0
-1.4001
0
0
0
0
0
0
0
0
0
0
0
0
0
1.4001
0
0
0
0
0
0
0
0
0
0
0
0
0
0
0
0
0
-1.0867
0
0
0
0
0
0
0
0
0
0
0
0
1.0867
0
0
0
0
0
0
0
0
0
0
0
0
0
0
0
-1.4106
0
0
0
0
0
0
0
0
0
0
0
0
0
0
1.4106
0
0
0
0
0
0
0
-6.9047
0
0
0
0
0
0
0
0
0
0
0
0
0
0
0
0
0
0
0
0
0
0
6.9047
0
0
-6.4236
0
0
0
0
0
0
0
0
0
0
0
0
0
0
0
0
0
0
0
0
0
0
0
0
0
0
0
6.4236
0
0
-5.9386
0
0
0
0
0
0
0
0
0
0
0
0
0
0
0
0
0
0
0
0
0
0
0
0
0
0
0
5.9386
