20.0163
-0.61416
-0.5526
-0.5526
-0.5526
-0.55951
-0.5497
-0.56484
-0.61464
-0.55929
-0.55929
-0.55929
-0.58428
-0.55152
-0.55152
-0.57514
-0.49779
-0.56799
0
0
0
0
0
-10.4495
0
0
0
0
0
0
-0.61416
20.0163
-0.5526
-0.5526
-0.5526
-0.55951
-0.5497
-0.56484
-0.61464
-0.55929
-0.55929
-0.55929
-0.58428
-0.55152
-0.55152
-0.57514
-0.49779
-0.56799
0
0
0
-10.4495
0
0
0
0
0
0
0
0
-0.5526
-0.5526
8.752
-0.49834
-0.49834
-0.50722
-0.50355
-0.51676
-0.55265
-0.51026
-0.51026
-0.51026
-0.53008
-0.5028
-0.5028
-0.52356
-0.46256
-0.51736
0
0
0
0
0
0
0
0
0
0
0
0
-0.5526
-0.5526
-0.49834
8.752
-0.49834
-0.50722
-0.50355
-0.51676
-0.55265
-0.51026
-0.51026
-0.51026
-0.53008
-0.5028
-0.5028
-0.52356
-0.46256
-0.51736
0
0
0
0
0
0
0
0
0
0
0
0
-0.5526
-0.5526
-0.49834
-0.49834
8.752
-0.50722
-0.50355
-0.51676
-0.55265
-0.51026
-0.51026
-0.51026
-0.53008
-0.5028
-0.5028
-0.52356
-0.46256
-0.51736
0
0
0
0
0
0
0
0
0
0
0
0
-0.55951
-0.55951
-0.50722
-0.50722
-0.50722
17.2324
-0.49266
-0.50542
-0.54992
-0.5065
-0.5065
-0.5065
-0.52528
-0.49834
-0.49834
-0.51895
0
0
0
0
0
0
0
0
0
0
0
-9.4833
0
0
-0.5497
-0.5497
-0.50355
-0.50355
-0.50355
-0.49266
26.1429
-0.53247
-0.53991
-0.5053
-0.5053
-0.5053
-0.51608
0
0
0
0
0
0
0
0
0
0
0
0
0
0
0
-9.9679
-9.9679
-0.56484
-0.56484
-0.51676
-0.51676
-0.51676
-0.50542
-0.53247
7.1257
-0.54731
-0.51251
-0.51251
-0.51251
-0.52974
0
0
-0.55399
0
0
0
-0.23928
0
0
0
0
0
0
0
0
0
0
-0.61464
-0.61464
-0.55265
-0.55265
-0.55265
-0.54992
-0.53991
-0.54731
11.8228
-0.5664
-0.5664
-0.5664
0
0
0
0
0
0
0
0
0
0
0
0
-5.5992
0
0
0
0
0
-0.55929
-0.55929
-0.51026
-0.51026
-0.51026
-0.5065
-0.5053
-0.51251
-0.5664
5.7165
-0.4882
-0.4882
0
0
0
0
0
0
0
0
0
0
0
0
0
0
0
0
0
0
-0.55929
-0.55929
-0.51026
-0.51026
-0.51026
-0.5065
-0.5053
-0.51251
-0.5664
-0.4882
5.7165
-0.4882
0
0
0
0
0
0
0
0
0
0
0
0
0
0
0
0
0
0
-0.55929
-0.55929
-0.51026
-0.51026
-0.51026
-0.5065
-0.5053
-0.51251
-0.5664
-0.4882
-0.4882
5.7165
0
0
0
0
0
0
0
0
0
0
0
0
0
0
0
0
0
0
-0.58428
-0.58428
-0.53008
-0.53008
-0.53008
-0.52528
-0.51608
-0.52974
0
0
0
0
5.941
0
0
0
0
0
0
0
0
0
0
0
0
0
-1.6111
0
0
0
-0.55152
-0.55152
-0.5028
-0.5028
-0.5028
-0.49834
0
0
0
0
0
0
0
3.2143
0
0
0
0
0
0
0
0
-0.1045
0
0
0
0
0
0
0
-0.55152
-0.55152
-0.5028
-0.5028
-0.5028
-0.49834
0
0
0
0
0
0
0
0
3.2143
0
0
0
0
0
0
0
0
0
0
-0.1045
0
0
0
0
-0.57514
-0.57514
-0.52356
-0.52356
-0.52356
-0.51895
0
-0.55399
0
0
0
0
0
0
0
3.7939
0
0
0
0
0
0
0
0
0
0
0
0
0
0
-0.49779
-0.49779
-0.46256
-0.46256
-0.46256
0
0
0
0
0
0
0
0
0
0
0
2.5821
0
0
0
-0.19886
0
0
0
0
0
0
0
0
0
-0.56799
-0.56799
-0.51736
-0.51736
-0.51736
0
0
0
0
0
0
0
0
0
0
0
0
2.6881
0
0
0
0
0
0
0
0
0
0
0
0
0
0
0
0
0
0
0
0
0
0
0
0
0
0
0
0
0
0
3.3145
-1.3857
-1.9288
0
0
0
0
0
0
0
0
0
0
0
0
0
0
0
0
-0.23928
0
0
0
0
0
0
0
0
0
0
-1.3857
1.6249
0
0
0
0
0
0
0
0
0
0
0
0
0
0
0
0
0
0
0
0
0
0
0
0
0
0
-0.19886
0
-1.9288
0
2.1277
0
0
0
0
0
0
0
0
0
0
-10.4495
0
0
0
0
0
0
0
0
0
0
0
0
0
0
0
0
0
0
0
10.4495
0
0
0
0
0
0
0
0
0
0
0
0
0
0
0
0
0
0
0
0
0
-0.1045
0
0
0
0
0
0
0
0
0.1045
0
0
0
0
0
0
0
-10.4495
0
0
0
0
0
0
0
0
0
0
0
0
0
0
0
0
0
0
0
0
0
0
10.4495
0
0
0
0
0
0
0
0
0
0
0
0
0
0
-5.5992
0
0
0
0
0
0
0
0
0
0
0
0
0
0
0
5.5992
0
0
0
0
0
0
0
0
0
0
0
0
0
0
0
0
0
0
0
-0.1045
0
0
0
0
0
0
0
0
0
0
0.1045
0
0
0
0
0
0
0
0
0
0
0
0
0
0
0
0
-1.6111
0
0
0
0
0
0
0
0
0
0
0
0
0
1.6111
0
0
0
0
0
0
0
0
-9.4833
0
0
0
0
0
0
0
0
0
0
0
0
0
0
0
0
0
0
0
0
0
9.4833
0
0
0
0
0
0
0
0
-9.9679
0
0
0
0
0
0
0
0
0
0
0
0
0
0
0
0
0
0
0
0
0
9.9679
0
0
0
0
0
0
0
-9.9679
0
0
0
0
0
0
0
0
0
0
0
0
0
0
0
0
0
0
0
0
0
0
9.9679
