19.1811
-0.82731
-0.95189
-0.94491
-0.85628
-0.86013
-0.86512
-0.87142
-0.79681
-0.79594
-0.74385
-0.74385
-0.78714
-0.79444
-0.89372
-1.0946
-1.1612
-1.1035
-1.1339
0
-1.0384
0
0
0
0
-1.9166
0
0
0
0
-0.82731
19.9264
-0.95046
-0.94322
-0.85812
-0.85809
-0.86339
-0.86983
-0.79606
-0.79772
-0.74352
-0.74352
-0.78557
-0.79417
-0.88268
-1.088
0
-1.0869
-1.1479
0
-1.0377
0
0
0
0
-1.9635
0
0
-1.8888
0
-0.95189
-0.95046
15.8127
-1.093
-1.003
-1.003
-1.031
-1.0301
-0.90837
-0.92406
-0.84823
-0.84823
-0.90897
-0.90952
-1.034
0
0
-1.1964
0
0
-1.1724
0
0
0
0
0
0
0
0
0
-0.94491
-0.94322
-1.093
15.4121
-0.99627
-1.0029
-1.0257
-1.0103
-0.90613
-0.91877
-0.84539
-0.84539
-0.90525
-0.90657
-1.0437
0
0
0
0
-0.85865
-1.166
0
0
0
0
0
0
0
0
0
-0.85628
-0.85812
-1.003
-0.99627
13.4709
-0.86395
-0.93342
-0.92931
-0.80463
-0.80192
-0.75549
-0.75549
-0.80895
-0.80974
-0.9305
0
0
0
0
0
0
0
0
0
0
0
-1.3638
0
0
0
-0.86013
-0.85809
-1.003
-1.0029
-0.86395
13.2239
-0.94398
-0.93456
-0.80593
-0.8127
-0.75597
-0.75597
-0.81168
-0.81051
-0.93172
0
0
0
0
0
0
0
0
0
-1.0728
0
0
0
0
0
-0.86512
-0.86339
-1.031
-1.0257
-0.93342
-0.94398
13.8181
-0.93135
-0.83313
-0.8218
-0.7597
-0.7597
-0.79616
-0.81139
0
0
-1.2267
0
0
0
0
-1.2155
0
0
0
0
0
0
0
0
-0.87142
-0.86983
-1.0301
-1.0103
-0.92931
-0.93456
-0.93135
13.2841
-0.8312
-0.81842
-0.7572
-0.7572
-0.80748
-0.81211
0
-1.1368
0
0
0
-0.78677
0
0
0
0
0
0
0
0
0
0
-0.79681
-0.79606
-0.90837
-0.90613
-0.80463
-0.80593
-0.83313
-0.8312
11.1611
-0.76292
-0.69374
-0.69374
-0.74047
-0.74413
-0.84387
0
0
0
0
0
0
0
0
0
0
0
0
0
0
0
-0.79594
-0.79772
-0.92406
-0.91877
-0.80192
-0.8127
-0.8218
-0.81842
-0.76292
11.5661
-0.68845
-0.68845
-0.73465
-0.73901
0
0
0
0
0
0
0
0
0
0
0
0
-1.2613
0
0
0
-0.74385
-0.74352
-0.84823
-0.84539
-0.75549
-0.75597
-0.7597
-0.7572
-0.69374
-0.68845
9.5562
-0.60256
-0.67658
-0.68558
0
0
0
0
0
0
0
0
0
0
0
0
0
0
0
0
-0.74385
-0.74352
-0.84823
-0.84539
-0.75549
-0.75597
-0.7597
-0.7572
-0.69374
-0.68845
-0.60256
9.5562
-0.67658
-0.68558
0
0
0
0
0
0
0
0
0
0
0
0
0
0
0
0
-0.78714
-0.78557
-0.90897
-0.90525
-0.80895
-0.81168
-0.79616
-0.80748
-0.74047
-0.73465
-0.67658
-0.67658
10.5123
0
0
0
0
0
0
0
0
-1.0729
0
0
0
0
0
0
0
0
-0.79444
-0.79417
-0.90952
-0.90657
-0.80974
-0.81051
-0.81139
-0.81211
-0.74413
-0.73901
-0.68558
-0.68558
0
9.5028
0
0
0
0
0
0
0
0
0
0
0
0
0
0
0
0
-0.89372
-0.88268
-1.034
-1.0437
-0.9305
-0.93172
0
0
-0.84387
0
0
0
0
0
7.7233
0
0
0
0
0
0
0
-1.163
0
0
0
0
0
0
0
-1.0946
-1.088
0
0
0
0
0
-1.1368
0
0
0
0
0
0
0
6.4716
-1.4192
-1.733
0
0
0
0
0
0
0
0
0
0
0
0
-1.1612
0
0
0
0
0
-1.2267
0
0
0
0
0
0
0
0
-1.4192
6.7966
0
0
0
0
0
0
0
-1.5044
0
0
-1.4851
0
0
-1.1035
-1.0869
-1.1964
0
0
0
0
0
0
0
0
0
0
0
0
-1.733
0
5.1198
0
0
0
0
0
0
0
0
0
0
0
0
-1.1339
-1.1479
0
0
0
0
0
0
0
0
0
0
0
0
0
0
0
0
5.3439
-1.7904
0
0
0
0
0
0
-1.2717
0
0
0
0
0
0
-0.85865
0
0
0
-0.78677
0
0
0
0
0
0
0
0
0
0
-1.7904
5.0123
0
0
-1.5765
0
0
0
0
0
0
0
-1.0384
-1.0377
-1.1724
-1.166
0
0
0
0
0
0
0
0
0
0
0
0
0
0
0
0
4.4144
0
0
0
0
0
0
0
0
0
0
0
0
0
0
0
-1.2155
0
0
0
0
0
-1.0729
0
0
0
0
0
0
0
0
5.9675
0
-2.0904
-1.5887
0
0
0
0
0
0
0
0
0
0
0
0
0
0
0
0
0
0
0
-1.163
0
0
0
0
-1.5765
0
0
6.1025
-1.5555
0
0
0
-1.8075
0
0
0
0
0
0
0
0
0
0
0
0
0
0
0
0
0
0
0
0
0
0
0
-2.0904
-1.5555
5.4424
0
0
0
0
0
-1.7965
0
0
0
0
0
-1.0728
0
0
0
0
0
0
0
0
0
0
-1.5044
0
0
0
0
-1.5887
0
0
4.1659
0
0
0
0
0
-1.9166
-1.9635
0
0
0
0
0
0
0
0
0
0
0
0
0
0
0
0
0
0
0
0
0
0
0
7.2306
0
0
-3.3505
0
0
0
0
0
-1.3638
0
0
0
0
-1.2613
0
0
0
0
0
0
0
0
-1.2717
0
0
0
0
0
0
0
3.8969
0
0
0
0
0
0
0
0
0
0
0
0
0
0
0
0
0
0
0
-1.4851
0
0
0
0
0
-1.8075
0
0
0
0
3.2926
0
0
0
-1.8888
0
0
0
0
0
0
0
0
0
0
0
0
0
0
0
0
0
0
0
0
0
0
0
-3.3505
0
0
5.2393
0
0
0
0
0
0
0
0
0
0
0
0
0
0
0
0
0
0
0
0
0
0
0
0
-1.7965
0
0
0
0
0
1.7965
