19.6657
-1.1789
-1.1754
-1.1765
-0.94784
-0.94784
-0.94784
-0.97549
-0.94784
-0.94784
-0.94545
-0.916
-0.97286
-0.916
-0.916
-0.95171
-0.95548
-1.013
-0.99822
0
0
-1.8354
0
0
0
0
0
0
0
0
-1.1789
18.9798
-1.173
-1.1729
-0.94701
-0.94701
-0.94701
-0.97465
-0.94701
-0.94701
-0.94473
-0.91545
-0.96062
-0.91545
-0.91545
-0.96229
-0.95343
-1.0052
-0.99678
-1.1759
0
0
0
0
0
0
0
0
0
0
-1.1754
-1.173
19.1932
-1.1715
-0.94721
-0.94721
-0.94721
-0.97568
-0.94721
-0.94721
-0.94349
-0.91644
-0.97434
-0.91644
-0.91644
-0.96652
-0.95773
-1.008
-0.99902
0
-1.3631
0
0
0
0
0
0
0
0
0
-1.1765
-1.1729
-1.1715
19.9354
-0.94799
-0.94799
-0.94799
-0.97354
-0.94799
-0.94799
-0.94432
-0.91746
-0.97178
-0.91746
-0.91746
-0.96782
-0.95885
-1.0031
-1.0007
0
0
0
0
0
0
-2.102
0
0
0
0
-0.94784
-0.94701
-0.94721
-0.94799
14.3848
-0.73031
-0.73031
-0.7852
-0.73031
-0.73031
-0.75303
-0.73549
-0.77925
-0.73549
-0.73549
-0.77352
-0.76656
-0.81133
-0.79821
0
0
0
0
0
0
0
0
0
0
0
-0.94784
-0.94701
-0.94721
-0.94799
-0.73031
14.3848
-0.73031
-0.7852
-0.73031
-0.73031
-0.75303
-0.73549
-0.77925
-0.73549
-0.73549
-0.77352
-0.76656
-0.81133
-0.79821
0
0
0
0
0
0
0
0
0
0
0
-0.94784
-0.94701
-0.94721
-0.94799
-0.73031
-0.73031
14.3848
-0.7852
-0.73031
-0.73031
-0.75303
-0.73549
-0.77925
-0.73549
-0.73549
-0.77352
-0.76656
-0.81133
-0.79821
0
0
0
0
0
0
0
0
0
0
0
-0.97549
-0.97465
-0.97568
-0.97354
-0.7852
-0.7852
-0.7852
15.2135
-0.7852
-0.7852
-0.73924
-0.7316
-0.74286
-0.7316
-0.7316
-0.75354
-0.7536
-0.7948
0
0
0
0
-1.4093
0
0
0
0
0
0
0
-0.94784
-0.94701
-0.94721
-0.94799
-0.73031
-0.73031
-0.73031
-0.7852
14.3848
-0.73031
-0.75303
-0.73549
-0.77925
-0.73549
-0.73549
-0.77352
-0.76656
-0.81133
-0.79821
0
0
0
0
0
0
0
0
0
0
0
-0.94784
-0.94701
-0.94721
-0.94799
-0.73031
-0.73031
-0.73031
-0.7852
-0.73031
14.3848
-0.75303
-0.73549
-0.77925
-0.73549
-0.73549
-0.77352
-0.76656
-0.81133
-0.79821
0
0
0
0
0
0
0
0
0
0
0
-0.94545
-0.94473
-0.94349
-0.94432
-0.75303
-0.75303
-0.75303
-0.73924
-0.75303
-0.75303
20.9204
-0.72
-0.69768
-0.72
-0.72
-0.71376
-0.71708
0
0
0
0
0
0
0
0
0
0
0
0
-8.3495
-0.916
-0.91545
-0.91644
-0.91746
-0.73549
-0.73549
-0.73549
-0.7316
-0.73549
-0.73549
-0.72
12.3116
-0.72757
-0.66968
-0.66968
-0.72715
-0.72311
0
0
0
0
0
0
0
0
0
0
0
0
0
-0.97286
-0.96062
-0.97434
-0.97178
-0.77925
-0.77925
-0.77925
-0.74286
-0.77925
-0.77925
-0.69768
-0.72757
13.6686
-0.72757
-0.72757
0
0
0
0
-0.9143
0
0
-1.3551
0
0
0
0
0
0
0
-0.916
-0.91545
-0.91644
-0.91746
-0.73549
-0.73549
-0.73549
-0.7316
-0.73549
-0.73549
-0.72
-0.66968
-0.72757
12.3116
-0.66968
-0.72715
-0.72311
0
0
0
0
0
0
0
0
0
0
0
0
0
-0.916
-0.91545
-0.91644
-0.91746
-0.73549
-0.73549
-0.73549
-0.7316
-0.73549
-0.73549
-0.72
-0.66968
-0.72757
-0.66968
12.3116
-0.72715
-0.72311
0
0
0
0
0
0
0
0
0
0
0
0
0
-0.95171
-0.96229
-0.96652
-0.96782
-0.77352
-0.77352
-0.77352
-0.75354
-0.77352
-0.77352
-0.71376
-0.72715
0
-0.72715
-0.72715
12.9382
0
0
0
0
0
-1.5735
0
0
0
0
0
0
0
0
-0.95548
-0.95343
-0.95773
-0.95885
-0.76656
-0.76656
-0.76656
-0.7536
-0.76656
-0.76656
-0.71708
-0.72311
0
-0.72311
-0.72311
0
11.2983
0
0
0
0
0
0
0
0
0
0
0
0
0
-1.013
-1.0052
-1.008
-1.0031
-0.81133
-0.81133
-0.81133
-0.7948
-0.81133
-0.81133
0
0
0
0
0
0
0
10.7789
0
0
0
0
0
0
-1.8981
0
0
0
0
0
-0.99822
-0.99678
-0.99902
-1.0007
-0.79821
-0.79821
-0.79821
0
-0.79821
-0.79821
0
0
0
0
0
0
0
0
7.9857
0
0
0
0
0
0
0
0
0
0
0
0
-1.1759
0
0
0
0
0
0
0
0
0
0
-0.9143
0
0
0
0
0
0
13.2472
0
-1.5108
0
0
0
0
0
-4.8231
-4.8231
0
0
0
-1.3631
0
0
0
0
0
0
0
0
0
0
0
0
0
0
0
0
0
5.2852
0
-1.7722
0
0
0
-2.1498
0
0
0
-1.8354
0
0
0
0
0
0
0
0
0
0
0
0
0
0
-1.5735
0
0
0
-1.5108
0
4.9197
0
0
0
0
0
0
0
0
0
0
0
0
0
0
0
-1.4093
0
0
0
0
-1.3551
0
0
0
0
0
0
0
-1.7722
0
4.5367
0
0
0
0
0
0
0
0
0
0
0
0
0
0
0
0
0
0
0
0
0
0
0
0
0
0
0
0
0
0
3.2145
-1.5737
-1.6408
0
0
0
0
0
0
0
0
0
0
0
0
0
0
0
0
0
0
0
0
0
-1.8981
0
0
0
0
0
-1.5737
3.4718
0
0
0
0
0
0
0
0
-2.102
0
0
0
0
0
0
0
0
0
0
0
0
0
0
0
0
0
0
0
-1.6408
0
3.7428
0
0
0
0
0
0
0
0
0
0
0
0
0
0
0
0
0
0
0
0
0
0
0
0
-2.1498
0
0
0
0
0
2.1498
0
0
0
0
0
0
0
0
0
0
0
0
0
0
0
0
0
0
0
0
0
0
-4.8231
0
0
0
0
0
0
0
4.8231
0
0
0
0
0
0
0
0
0
0
0
0
0
0
0
0
0
0
0
0
0
-4.8231
0
0
0
0
0
0
0
0
4.8231
0
0
0
0
0
0
0
0
0
0
0
-8.3495
0
0
0
0
0
0
0
0
0
0
0
0
0
0
0
0
0
0
8.3495
