18.9003
-0.51504
-0.50759
-0.51779
-0.48988
-0.50696
-0.48474
-0.48988
-0.53938
-0.53142
-0.48014
-0.447
-0.49173
-0.5623
0
0
-1.6436
0
0
-2.603
-3.67
-4.4198
0
0
0
0
0
0
0
0
-0.51504
12.0341
-0.52022
-0.51386
-0.48864
-0.50694
-0.49355
-0.48864
-0.53366
-0.53686
-0.49498
-0.46375
-0.48093
-0.55938
-0.69709
0
-1.5026
0
0
0
-3.2379
0
0
0
0
0
0
0
0
0
-0.50759
-0.52022
13.7183
-0.52245
-0.49444
-0.51663
-0.51301
-0.49444
-0.53832
-0.52027
-0.48433
-0.44697
-0.48889
-0.55211
0
0
0
0
0
0
0
-4.1575
0
-2.9611
0
0
0
0
0
0
-0.51779
-0.51386
-0.52245
10.4001
-0.45452
-0.56369
-0.43815
-0.45452
-0.60012
-0.48779
-0.46907
-0.49676
0
-0.58046
0
0
0
0
0
0
0
0
0
0
0
-4.301
0
0
0
0
-0.48988
-0.48864
-0.49444
-0.45452
6.218
-0.57871
-0.44476
-0.37397
-0.50775
-0.48034
-0.46399
-0.44737
-0.4638
-0.5298
0
0
0
0
0
0
0
0
0
0
0
0
0
0
0
0
-0.50696
-0.50694
-0.51663
-0.56369
-0.57871
11.3164
-0.51581
-0.57871
-0.56771
-0.44673
-0.42942
0
0
0
-0.72923
0
0
0
-2.1753
0
0
0
0
-3.2005
0
0
0
0
0
0
-0.48474
-0.49355
-0.51301
-0.43815
-0.44476
-0.51581
7.5353
-0.44476
-0.6058
-0.4666
-0.45165
-0.47071
0
-0.56328
0
0
0
0
-1.6425
0
0
0
0
0
0
0
0
0
0
0
-0.48988
-0.48864
-0.49444
-0.45452
-0.37397
-0.57871
-0.44476
6.218
-0.50775
-0.48034
-0.46399
-0.44737
-0.4638
-0.5298
0
0
0
0
0
0
0
0
0
0
0
0
0
0
0
0
-0.53938
-0.53366
-0.53832
-0.60012
-0.50775
-0.56771
-0.6058
-0.50775
7.7237
-0.49148
-0.46667
0
-0.55207
0
0
0
-1.5108
-0.30213
0
0
0
0
0
0
0
0
0
0
0
0
-0.53142
-0.53686
-0.52027
-0.48779
-0.48034
-0.44673
-0.4666
-0.48034
-0.49148
6.447
0
0
0
0
0
0
0
0
0
-2.0052
0
0
0
0
0
0
0
0
0
0
-0.48014
-0.49498
-0.48433
-0.46907
-0.46399
-0.42942
-0.45165
-0.46399
-0.46667
0
4.3087
0
0
0
0
0
0
0
0
0
0
0
0
0
-0.1045
0
0
0
0
0
-0.447
-0.46375
-0.44697
-0.49676
-0.44737
0
-0.47071
-0.44737
0
0
0
3.3409
0
0
0
0
0
0
0
0
0
0
0
0
-0.12096
0
0
0
0
0
-0.49173
-0.48093
-0.48889
0
-0.4638
0
0
-0.4638
-0.55207
0
0
0
10.1634
0
0
0
0
0
0
0
0
0
0
0
0
0
-3.6111
0
-3.6111
0
-0.5623
-0.55938
-0.55211
-0.58046
-0.5298
0
-0.56328
-0.5298
0
0
0
0
0
5.617
0
-1.7399
0
0
0
0
0
0
0
0
0
0
0
0
0
0
0
-0.69709
0
0
0
-0.72923
0
0
0
0
0
0
0
0
8.0029
0
0
0
0
0
0
0
-3.6294
0
0
0
0
0
0
-2.9472
0
0
0
0
0
0
0
0
0
0
0
0
0
-1.7399
0
6.8608
0
-1.7302
0
0
0
0
-3.3907
0
0
0
0
0
0
0
-1.6436
-1.5026
0
0
0
0
0
0
-1.5108
0
0
0
0
0
0
0
4.6571
0
0
0
0
0
0
0
0
0
0
0
0
0
0
0
0
0
0
0
0
0
-0.30213
0
0
0
0
0
0
-1.7302
0
4.3908
0
0
0
0
0
0
0
0
0
-2.3585
0
0
0
0
0
0
0
-2.1753
-1.6425
0
0
0
0
0
0
0
0
0
0
0
3.8178
0
0
0
0
0
0
0
0
0
0
0
-2.603
0
0
0
0
0
0
0
0
-2.0052
0
0
0
0
0
0
0
0
0
4.6081
0
0
0
0
0
0
0
0
0
0
-3.67
-3.2379
0
0
0
0
0
0
0
0
0
0
0
0
0
0
0
0
0
0
6.908
0
0
0
0
0
0
0
0
0
-4.4198
0
-4.1575
0
0
0
0
0
0
0
0
0
0
0
0
0
0
0
0
0
0
8.5773
0
0
0
0
0
0
0
0
0
0
0
0
0
0
0
0
0
0
0
0
0
0
-3.6294
-3.3907
0
0
0
0
0
0
7.0201
0
0
0
0
0
0
0
0
0
-2.9611
0
0
-3.2005
0
0
0
0
0
0
0
0
0
0
0
0
0
0
0
0
0
6.1617
0
0
0
0
0
0
0
0
0
0
0
0
0
0
0
0
-0.1045
-0.12096
0
0
0
0
0
0
0
0
0
0
0
0
0.22546
0
0
0
0
0
0
0
0
-4.301
0
0
0
0
0
0
0
0
0
0
0
0
0
0
0
0
0
0
0
0
0
4.301
0
0
0
0
0
0
0
0
0
0
0
0
0
0
0
0
-3.6111
0
0
0
0
0
0
0
0
0
0
0
0
0
3.6111
0
0
0
0
0
0
0
0
0
0
0
0
0
0
0
0
0
0
0
0
-2.3585
0
0
0
0
0
0
0
0
0
2.3585
0
0
0
0
0
0
0
0
0
0
0
0
0
0
-3.6111
0
0
0
0
0
0
0
0
0
0
0
0
0
0
0
3.6111
0
0
0
0
0
0
0
0
0
0
0
0
0
0
0
-2.9472
0
0
0
0
0
0
0
0
0
0
0
0
0
0
2.9472
