20.526
-0.96301
-0.95087
-0.86666
-0.86666
-0.86666
-0.86666
-0.80419
-0.95852
-0.94508
-0.8879
-0.87509
-0.90769
-0.86495
-0.86495
-0.90856
-0.90469
-1.0698
-0.92345
-0.92345
-0.92345
-0.7442
-1.187
-0.4525
0
0
0
0
0
0
-0.96301
27.6063
-0.98008
-0.88829
-0.88829
-0.88829
-0.88829
-0.82398
-0.96867
-0.96895
-0.89574
-0.8963
-0.91598
-0.88693
-0.88693
-0.91292
-0.9311
-1.1023
-0.9545
-0.9545
-0.9545
-0.76913
0
0
-8.2877
0
0
0
0
0
-0.95087
-0.98008
20.2666
-0.87459
-0.87459
-0.87459
-0.87459
-0.81179
-0.97334
-0.95564
-0.90174
-0.88467
-0.92183
-0.87427
-0.87427
-0.92316
-0.91376
-1.0793
-0.93188
-0.93188
-0.93188
-0.75041
-1.1775
0
0
0
0
0
0
0
-0.86666
-0.88829
-0.87459
17.3504
-0.78635
-0.78635
-0.78635
-0.73549
-0.87839
-0.86489
-0.81522
-0.80133
-0.83308
-0.79193
-0.79193
-0.83448
-0.82705
-0.97734
-0.84336
-0.84336
-0.84336
-0.68066
0
0
0
0
0
0
0
0
-0.86666
-0.88829
-0.87459
-0.78635
17.3504
-0.78635
-0.78635
-0.73549
-0.87839
-0.86489
-0.81522
-0.80133
-0.83308
-0.79193
-0.79193
-0.83448
-0.82705
-0.97734
-0.84336
-0.84336
-0.84336
-0.68066
0
0
0
0
0
0
0
0
-0.86666
-0.88829
-0.87459
-0.78635
-0.78635
17.3504
-0.78635
-0.73549
-0.87839
-0.86489
-0.81522
-0.80133
-0.83308
-0.79193
-0.79193
-0.83448
-0.82705
-0.97734
-0.84336
-0.84336
-0.84336
-0.68066
0
0
0
0
0
0
0
0
-0.86666
-0.88829
-0.87459
-0.78635
-0.78635
-0.78635
17.3504
-0.73549
-0.87839
-0.86489
-0.81522
-0.80133
-0.83308
-0.79193
-0.79193
-0.83448
-0.82705
-0.97734
-0.84336
-0.84336
-0.84336
-0.68066
0
0
0
0
0
0
0
0
-0.80419
-0.82398
-0.81179
-0.73549
-0.73549
-0.73549
-0.73549
15.435
-0.80301
-0.79605
-0.74679
-0.73717
-0.76304
-0.72827
-0.72827
-0.76471
-0.76009
-0.89693
-0.77625
-0.77625
-0.77625
0
0
0
0
0
0
0
0
0
-0.95852
-0.96867
-0.97334
-0.87839
-0.87839
-0.87839
-0.87839
-0.80301
20.9261
-0.97818
-0.88019
-0.87432
-0.89588
-0.87185
-0.87185
-0.8908
-0.9173
0
0
0
0
0
0
0
0
-6.5286
0
0
0
0
-0.94508
-0.96895
-0.95564
-0.86489
-0.86489
-0.86489
-0.86489
-0.79605
-0.97818
15.3832
-0.89402
-0.86666
-0.91011
-0.86219
-0.86219
-0.91019
-0.90252
-1.0718
0
0
0
0
0
0
0
0
0
0
0
0
-0.8879
-0.89574
-0.90174
-0.81522
-0.81522
-0.81522
-0.81522
-0.74679
-0.88019
-0.89402
18.3913
-0.81595
-0.79045
-0.78851
-0.78851
-0.79416
0
0
0
0
0
0
0
0
0
0
-5.9465
0
0
0
-0.87509
-0.8963
-0.88467
-0.80133
-0.80133
-0.80133
-0.80133
-0.73717
-0.87432
-0.86666
-0.81595
13.1707
-0.81412
-0.78223
-0.78223
-0.81967
-0.81701
0
0
0
0
0
0
0
0
0
0
0
0
0
-0.90769
-0.91598
-0.92183
-0.83308
-0.83308
-0.83308
-0.83308
-0.76304
-0.89588
-0.91011
-0.79045
-0.81412
17.2127
-0.8234
-0.8234
0
0
0
0
0
0
0
0
0
0
0
0
0
0
-5.3145
-0.86495
-0.88693
-0.87427
-0.79193
-0.79193
-0.79193
-0.79193
-0.72827
-0.87185
-0.86219
-0.78851
-0.78223
-0.8234
11.3799
-0.72959
0
0
0
0
0
0
0
0
0
0
0
0
0
0
0
-0.86495
-0.88693
-0.87427
-0.79193
-0.79193
-0.79193
-0.79193
-0.72827
-0.87185
-0.86219
-0.78851
-0.78223
-0.8234
-0.72959
11.3799
0
0
0
0
0
0
0
0
0
0
0
0
0
0
0
-0.90856
-0.91292
-0.92316
-0.83448
-0.83448
-0.83448
-0.83448
-0.76471
-0.8908
-0.91019
-0.79416
-0.81967
0
0
0
14.1879
0
0
0
0
0
0
0
0
0
0
0
0
-3.9258
0
-0.90469
-0.9311
-0.91376
-0.82705
-0.82705
-0.82705
-0.82705
-0.76009
-0.9173
-0.90252
0
-0.81701
0
0
0
0
9.4547
0
0
0
0
0
0
0
0
0
0
0
0
0
-1.0698
-1.1023
-1.0793
-0.97734
-0.97734
-0.97734
-0.97734
-0.89693
0
-1.0718
0
0
0
0
0
0
0
9.1295
0
0
0
0
0
0
0
0
0
0
0
0
-0.92345
-0.9545
-0.93188
-0.84336
-0.84336
-0.84336
-0.84336
-0.77625
0
0
0
0
0
0
0
0
0
0
6.9595
0
0
0
0
0
0
0
0
0
0
0
-0.92345
-0.9545
-0.93188
-0.84336
-0.84336
-0.84336
-0.84336
-0.77625
0
0
0
0
0
0
0
0
0
0
0
6.9595
0
0
0
0
0
0
0
0
0
0
-0.92345
-0.9545
-0.93188
-0.84336
-0.84336
-0.84336
-0.84336
-0.77625
0
0
0
0
0
0
0
0
0
0
0
0
6.9595
0
0
0
0
0
0
0
0
0
-0.7442
-0.76913
-0.75041
-0.68066
-0.68066
-0.68066
-0.68066
0
0
0
0
0
0
0
0
0
0
0
0
0
0
4.9864
0
0
0
0
0
0
0
0
-1.187
0
-1.1775
0
0
0
0
0
0
0
0
0
0
0
0
0
0
0
0
0
0
0
3.2079
-0.8434
0
0
0
0
0
0
-0.4525
0
0
0
0
0
0
0
0
0
0
0
0
0
0
0
0
0
0
0
0
0
-0.8434
2.1842
0
0
0
-0.88829
0
0
0
-8.2877
0
0
0
0
0
0
0
0
0
0
0
0
0
0
0
0
0
0
0
0
0
0
8.2877
0
0
0
0
0
0
0
0
0
0
0
0
0
-6.5286
0
0
0
0
0
0
0
0
0
0
0
0
0
0
0
0
6.5286
0
0
0
0
0
0
0
0
0
0
0
0
0
0
-5.9465
0
0
0
0
0
0
0
0
0
0
0
0
0
0
0
5.9465
0
0
0
0
0
0
0
0
0
0
0
0
0
0
0
0
0
0
0
0
0
0
0
0
0
0
-0.88829
0
0
0
0.88829
0
0
0
0
0
0
0
0
0
0
0
0
0
0
0
0
0
-3.9258
0
0
0
0
0
0
0
0
0
0
0
0
3.9258
0
0
0
0
0
0
0
0
0
0
0
0
0
-5.3145
0
0
0
0
0
0
0
0
0
0
0
0
0
0
0
0
5.3145
