11.1092
-0.57742
-0.54953
-0.5212
-0.45142
-0.48963
-0.46175
-0.46175
-0.52506
-0.57239
-0.51248
-0.51248
-0.53188
-0.47026
-0.47026
-0.52008
-0.49295
0
0
0
0
-2.9887
0
0
0
0
0
0
0
0
-0.57742
27.2059
-0.57721
-0.57316
-0.48286
-0.50944
-0.4784
-0.4784
-0.46992
-0.50793
-0.54613
-0.54613
-0.52552
-0.50133
-0.50133
-0.56186
0
0
0
0
0
0
0
0
-9.6844
-9.6844
0
0
0
0
-0.54953
-0.57721
11.2055
-0.52148
-0.45182
-0.4899
-0.46173
-0.46173
-0.52316
-0.54023
-0.51536
-0.51536
-0.53296
-0.47292
-0.47292
-0.52441
-0.49634
0
0
0
-3.0984
0
0
0
0
0
0
0
0
0
-0.5212
-0.57316
-0.52148
8.1688
-0.44403
-0.48056
-0.45294
-0.45294
-0.53012
-0.52369
-0.50354
-0.50354
-0.52427
-0.462
-0.462
-0.51211
-0.48765
0
-0.21352
0
0
0
0
0
0
0
0
0
0
0
-0.45142
-0.48286
-0.45182
-0.44403
7.0714
-0.43036
-0.40336
-0.40336
-0.46914
-0.47577
-0.44627
-0.44627
-0.47248
-0.40892
-0.40892
-0.45324
-0.42315
0
0
0
0
0
0
0
0
0
0
0
0
0
-0.48963
-0.50944
-0.4899
-0.48056
-0.43036
7.1588
-0.43475
-0.43475
-0.50678
-0.5147
-0.48613
-0.48613
-0.51059
-0.44588
-0.44588
-0.4933
0
0
0
0
0
0
0
0
0
0
0
0
0
0
-0.46175
-0.4784
-0.46173
-0.45294
-0.40336
-0.43475
6.2542
-0.37746
-0.47136
-0.48183
-0.45733
-0.45733
-0.4776
-0.41919
-0.41919
0
0
0
0
0
0
0
0
0
0
0
0
0
0
0
-0.46175
-0.4784
-0.46173
-0.45294
-0.40336
-0.43475
-0.37746
6.2542
-0.47136
-0.48183
-0.45733
-0.45733
-0.4776
-0.41919
-0.41919
0
0
0
0
0
0
0
0
0
0
0
0
0
0
0
-0.52506
-0.46992
-0.52316
-0.53012
-0.46914
-0.50678
-0.47136
-0.47136
18.5428
0
0
0
0
0
0
0
0
0
-0.20162
0
0
0
0
0
0
0
0
-7.1872
-7.1872
0
-0.57239
-0.50793
-0.54023
-0.52369
-0.47577
-0.5147
-0.48183
-0.48183
0
10.8111
0
0
0
0
0
0
0
0
0
-3.0519
0
0
0
0
0
0
0
0
0
-3.6608
-0.51248
-0.54613
-0.51536
-0.50354
-0.44627
-0.48613
-0.45733
-0.45733
0
0
4.4943
-0.56972
0
0
0
0
0
0
0
0
0
0
0
0
0
0
0
0
0
0
-0.51248
-0.54613
-0.51536
-0.50354
-0.44627
-0.48613
-0.45733
-0.45733
0
0
-0.56972
4.4943
0
0
0
0
0
0
0
0
0
0
0
0
0
0
0
0
0
0
-0.53188
-0.52552
-0.53296
-0.52427
-0.47248
-0.51059
-0.4776
-0.4776
0
0
0
0
7.6141
0
0
0
0
0
0
0
0
0
0
-3.5612
0
0
0
0
0
0
-0.47026
-0.50133
-0.47292
-0.462
-0.40892
-0.44588
-0.41919
-0.41919
0
0
0
0
0
3.5997
0
0
0
0
0
0
0
0
0
0
0
0
0
0
0
0
-0.47026
-0.50133
-0.47292
-0.462
-0.40892
-0.44588
-0.41919
-0.41919
0
0
0
0
0
0
3.5997
0
0
0
0
0
0
0
0
0
0
0
0
0
0
0
-0.52008
-0.56186
-0.52441
-0.51211
-0.45324
-0.4933
0
0
0
0
0
0
0
0
0
3.065
0
0
0
0
0
0
0
0
0
0
0
0
0
0
-0.49295
0
-0.49634
-0.48765
-0.42315
0
0
0
0
0
0
0
0
0
0
0
1.9001
0
0
0
0
0
0
0
0
0
0
0
0
0
0
0
0
0
0
0
0
0
0
0
0
0
0
0
0
0
0
13.2819
0
-2.6752
-2.6728
0
-7.934
0
0
0
0
0
0
0
0
0
0
-0.21352
0
0
0
0
-0.20162
0
0
0
0
0
0
0
0
0
0.51964
0
0
0
0
0
0
0
-0.1045
0
0
0
0
0
0
0
0
0
0
0
0
-3.0519
0
0
0
0
0
0
0
-2.6752
0
5.7271
0
0
0
0
0
0
0
0
0
0
0
0
-3.0984
0
0
0
0
0
0
0
0
0
0
0
0
0
0
-2.6728
0
0
5.7712
0
0
0
0
0
0
0
0
0
-2.9887
0
0
0
0
0
0
0
0
0
0
0
0
0
0
0
0
0
0
0
0
4.068
-1.0794
0
0
0
0
0
0
0
0
0
0
0
0
0
0
0
0
0
0
0
0
0
0
0
0
-7.934
0
0
0
-1.0794
9.0134
0
0
0
0
0
0
0
0
0
0
0
0
0
0
0
0
0
0
0
-3.5612
0
0
0
0
0
0
0
0
0
0
3.5612
0
0
0
0
0
0
0
-9.6844
0
0
0
0
0
0
0
0
0
0
0
0
0
0
0
0
0
0
0
0
0
0
9.6844
0
0
0
0
0
0
-9.6844
0
0
0
0
0
0
0
0
0
0
0
0
0
0
0
0
0
0
0
0
0
0
0
9.6844
0
0
0
0
0
0
0
0
0
0
0
0
0
0
0
0
0
0
0
0
0
0
-0.1045
0
0
0
0
0
0
0
0.1045
0
0
0
0
0
0
0
0
0
0
0
-7.1872
0
0
0
0
0
0
0
0
0
0
0
0
0
0
0
0
0
0
7.1872
0
0
0
0
0
0
0
0
0
0
-7.1872
0
0
0
0
0
0
0
0
0
0
0
0
0
0
0
0
0
0
0
7.1872
0
0
0
0
0
0
0
0
0
0
-3.6608
0
0
0
0
0
0
0
0
0
0
0
0
0
0
0
0
0
0
0
3.6608
