28.6777
-1.0926
-1.0572
-1.0572
-1.0589
-1.0572
-1.0459
-1.0572
-1.0572
-0.85711
-0.83599
-0.83599
-0.83599
-0.83599
-0.83599
-0.80808
-0.7864
-0.85595
-0.89542
-0.90309
-0.91974
-0.96754
-0.63756
0
0
0
0
0
-8.3833
0
-1.0926
30.0282
-1.1578
-1.1578
-1.1653
-1.1578
-1.1551
-1.1578
-1.1578
-0.95295
-0.92159
-0.92159
-0.92159
-0.92159
-0.92159
-0.89921
-0.86595
-0.9522
-0.98957
-1.0002
-1.0183
-1.0665
0
0
0
0
0
0
0
-8.4732
-1.0572
-1.1578
20.4267
-1.0792
-1.1441
-1.0792
-1.126
-1.0792
-1.0792
-0.91488
-0.86318
-0.86318
-0.86318
-0.86318
-0.86318
-0.85178
-0.81332
-0.89995
-0.93061
-0.94081
-0.95689
-1.0007
0
0
0
0
0
0
0
0
-1.0572
-1.1578
-1.0792
20.4267
-1.1441
-1.0792
-1.126
-1.0792
-1.0792
-0.91488
-0.86318
-0.86318
-0.86318
-0.86318
-0.86318
-0.85178
-0.81332
-0.89995
-0.93061
-0.94081
-0.95689
-1.0007
0
0
0
0
0
0
0
0
-1.0589
-1.1653
-1.1441
-1.1441
28.0109
-1.1441
-1.1386
-1.1441
-1.1441
-0.90758
-0.87377
-0.87377
-0.87377
-0.87377
-0.87377
-0.85536
-0.8223
-0.90423
-0.94123
-0.95143
-0.96868
0
0
0
-8.208
0
0
0
0
0
-1.0572
-1.1578
-1.0792
-1.0792
-1.1441
20.4267
-1.126
-1.0792
-1.0792
-0.91488
-0.86318
-0.86318
-0.86318
-0.86318
-0.86318
-0.85178
-0.81332
-0.89995
-0.93061
-0.94081
-0.95689
-1.0007
0
0
0
0
0
0
0
0
-1.0459
-1.1551
-1.126
-1.126
-1.1386
-1.126
20.1071
-1.126
-1.126
-0.90179
-0.85773
-0.85773
-0.85773
-0.85773
-0.85773
-0.83684
-0.80676
-0.88038
-0.91666
-0.92815
-0.94554
0
0
-0.63255
0
0
0
0
0
0
-1.0572
-1.1578
-1.0792
-1.0792
-1.1441
-1.0792
-1.126
20.4267
-1.0792
-0.91488
-0.86318
-0.86318
-0.86318
-0.86318
-0.86318
-0.85178
-0.81332
-0.89995
-0.93061
-0.94081
-0.95689
-1.0007
0
0
0
0
0
0
0
0
-1.0572
-1.1578
-1.0792
-1.0792
-1.1441
-1.0792
-1.126
-1.0792
20.4267
-0.91488
-0.86318
-0.86318
-0.86318
-0.86318
-0.86318
-0.85178
-0.81332
-0.89995
-0.93061
-0.94081
-0.95689
-1.0007
0
0
0
0
0
0
0
0
-0.85711
-0.95295
-0.91488
-0.91488
-0.90758
-0.91488
-0.90179
-0.91488
-0.91488
22.8659
-0.7109
-0.7109
-0.7109
-0.7109
-0.7109
-0.63725
-0.63057
-0.67469
-0.71635
-0.72078
0
0
0
0
0
0
0
-7.7379
0
0
-0.83599
-0.92159
-0.86318
-0.86318
-0.87377
-0.86318
-0.85773
-0.86318
-0.86318
-0.7109
15.3272
-0.66121
-0.66121
-0.66121
-0.66121
-0.65547
-0.63179
-0.69146
-0.72058
-0.72729
-0.73996
0
0
0
0
0
0
0
0
0
-0.83599
-0.92159
-0.86318
-0.86318
-0.87377
-0.86318
-0.85773
-0.86318
-0.86318
-0.7109
-0.66121
15.3272
-0.66121
-0.66121
-0.66121
-0.65547
-0.63179
-0.69146
-0.72058
-0.72729
-0.73996
0
0
0
0
0
0
0
0
0
-0.83599
-0.92159
-0.86318
-0.86318
-0.87377
-0.86318
-0.85773
-0.86318
-0.86318
-0.7109
-0.66121
-0.66121
15.3272
-0.66121
-0.66121
-0.65547
-0.63179
-0.69146
-0.72058
-0.72729
-0.73996
0
0
0
0
0
0
0
0
0
-0.83599
-0.92159
-0.86318
-0.86318
-0.87377
-0.86318
-0.85773
-0.86318
-0.86318
-0.7109
-0.66121
-0.66121
-0.66121
15.3272
-0.66121
-0.65547
-0.63179
-0.69146
-0.72058
-0.72729
-0.73996
0
0
0
0
0
0
0
0
0
-0.83599
-0.92159
-0.86318
-0.86318
-0.87377
-0.86318
-0.85773
-0.86318
-0.86318
-0.7109
-0.66121
-0.66121
-0.66121
-0.66121
15.3272
-0.65547
-0.63179
-0.69146
-0.72058
-0.72729
-0.73996
0
0
0
0
0
0
0
0
0
-0.80808
-0.89921
-0.85178
-0.85178
-0.85536
-0.85178
-0.83684
-0.85178
-0.85178
-0.63725
-0.65547
-0.65547
-0.65547
-0.65547
-0.65547
13.9618
-0.5918
-0.60804
-0.66348
0
0
0
-0.52549
0
0
0
0
0
0
0
-0.7864
-0.86595
-0.81332
-0.81332
-0.8223
-0.81332
-0.80676
-0.81332
-0.81332
-0.63057
-0.63179
-0.63179
-0.63179
-0.63179
-0.63179
-0.5918
13.6824
-0.62487
-0.66237
-0.6658
0
0
0
0
0
0
0
0
0
0
-0.85595
-0.9522
-0.89995
-0.89995
-0.90423
-0.89995
-0.88038
-0.89995
-0.89995
-0.67469
-0.69146
-0.69146
-0.69146
-0.69146
-0.69146
-0.60804
-0.62487
13.968
0
0
0
0
0
-0.51061
0
0
0
0
0
0
-0.89542
-0.98957
-0.93061
-0.93061
-0.94123
-0.93061
-0.91666
-0.93061
-0.93061
-0.71635
-0.72058
-0.72058
-0.72058
-0.72058
-0.72058
-0.66348
-0.66237
0
14.041
0
0
0
0
0
0
0
0
0
0
0
-0.90309
-1.0002
-0.94081
-0.94081
-0.95143
-0.94081
-0.92815
-0.94081
-0.94081
-0.72078
-0.72729
-0.72729
-0.72729
-0.72729
-0.72729
0
-0.6658
0
0
13.51
0
0
0
0
0
0
0
0
0
0
-0.91974
-1.0183
-0.95689
-0.95689
-0.96868
-0.95689
-0.94554
-0.95689
-0.95689
0
-0.73996
-0.73996
-0.73996
-0.73996
-0.73996
0
0
0
0
0
12.3364
0
0
0
0
0
0
0
0
0
-0.96754
-1.0665
-1.0007
-1.0007
0
-1.0007
0
-1.0007
-1.0007
0
0
0
0
0
0
0
0
0
0
0
0
7.0374
0
0
0
0
0
0
0
0
-0.63756
0
0
0
0
0
0
0
0
0
0
0
0
0
0
-0.52549
0
0
0
0
0
0
1.6608
0
0
-0.49774
0
0
0
0
0
0
0
0
0
0
-0.63255
0
0
0
0
0
0
0
0
0
0
-0.51061
0
0
0
0
0
1.593
0
0
-0.4498
0
0
0
0
0
0
0
-8.208
0
0
0
0
0
0
0
0
0
0
0
0
0
0
0
0
0
0
0
8.208
0
0
0
0
0
0
0
0
0
0
0
0
0
0
0
0
0
0
0
0
0
0
0
0
0
0
0
-0.49774
0
0
0.49774
0
0
0
0
0
0
0
0
0
0
0
0
0
0
0
0
0
0
0
0
0
0
0
0
0
0
0
-0.4498
0
0
0.4498
0
0
0
0
0
0
0
0
0
0
0
0
-7.7379
0
0
0
0
0
0
0
0
0
0
0
0
0
0
0
0
0
7.7379
0
0
-8.3833
0
0
0
0
0
0
0
0
0
0
0
0
0
0
0
0
0
0
0
0
0
0
0
0
0
0
0
8.3833
0
0
-8.4732
0
0
0
0
0
0
0
0
0
0
0
0
0
0
0
0
0
0
0
0
0
0
0
0
0
0
0
8.4732
