20.2346
-0.84
-0.84
-0.84
-0.64413
-0.64413
-0.64413
-0.64413
-0.64413
-0.72663
-0.66976
-0.78296
-0.70751
-0.71836
-0.78296
-0.80477
-0.69505
-0.69505
-0.69505
0
0
0
-7.2159
0
0
0
0
0
0
0
-0.84
20.2346
-0.84
-0.84
-0.64413
-0.64413
-0.64413
-0.64413
-0.64413
-0.72663
-0.66976
-0.78296
-0.70751
-0.71836
-0.78296
-0.80477
-0.69505
-0.69505
-0.69505
0
0
0
0
0
0
0
-7.2159
0
0
0
-0.84
-0.84
20.2346
-0.84
-0.64413
-0.64413
-0.64413
-0.64413
-0.64413
-0.72663
-0.66976
-0.78296
-0.70751
-0.71836
-0.78296
-0.80477
-0.69505
-0.69505
-0.69505
0
0
0
0
0
0
0
0
-7.2159
0
0
-0.84
-0.84
-0.84
20.2346
-0.64413
-0.64413
-0.64413
-0.64413
-0.64413
-0.72663
-0.66976
-0.78296
-0.70751
-0.71836
-0.78296
-0.80477
-0.69505
-0.69505
-0.69505
0
0
0
0
0
0
0
0
0
0
-7.2159
-0.64413
-0.64413
-0.64413
-0.64413
10.0765
-0.47815
-0.47815
-0.47815
-0.47815
-0.55656
-0.54519
-0.5948
-0.55558
-0.55175
-0.5948
-0.60419
-0.52817
-0.52817
-0.52817
0
0
0
0
0
0
0
0
0
0
0
-0.64413
-0.64413
-0.64413
-0.64413
-0.47815
10.0765
-0.47815
-0.47815
-0.47815
-0.55656
-0.54519
-0.5948
-0.55558
-0.55175
-0.5948
-0.60419
-0.52817
-0.52817
-0.52817
0
0
0
0
0
0
0
0
0
0
0
-0.64413
-0.64413
-0.64413
-0.64413
-0.47815
-0.47815
10.0765
-0.47815
-0.47815
-0.55656
-0.54519
-0.5948
-0.55558
-0.55175
-0.5948
-0.60419
-0.52817
-0.52817
-0.52817
0
0
0
0
0
0
0
0
0
0
0
-0.64413
-0.64413
-0.64413
-0.64413
-0.47815
-0.47815
-0.47815
10.0765
-0.47815
-0.55656
-0.54519
-0.5948
-0.55558
-0.55175
-0.5948
-0.60419
-0.52817
-0.52817
-0.52817
0
0
0
0
0
0
0
0
0
0
0
-0.64413
-0.64413
-0.64413
-0.64413
-0.47815
-0.47815
-0.47815
-0.47815
10.0765
-0.55656
-0.54519
-0.5948
-0.55558
-0.55175
-0.5948
-0.60419
-0.52817
-0.52817
-0.52817
0
0
0
0
0
0
0
0
0
0
0
-0.72663
-0.72663
-0.72663
-0.72663
-0.55656
-0.55656
-0.55656
-0.55656
-0.55656
8.8597
-0.59719
-0.64283
0
-0.61453
-0.64283
-0.673
0
0
0
0
0
0
0
0
0
0
0
0
0
0
-0.66976
-0.66976
-0.66976
-0.66976
-0.54519
-0.54519
-0.54519
-0.54519
-0.54519
-0.59719
17.1354
0
0
0
0
0
0
0
0
0
0
0
0
-5.5666
0
-5.5666
0
0
0
0
-0.78296
-0.78296
-0.78296
-0.78296
-0.5948
-0.5948
-0.5948
-0.5948
-0.5948
-0.64283
0
7.6372
0
0
-0.88857
0
0
0
0
0
0
0
0
0
0
0
0
0
0
0
-0.70751
-0.70751
-0.70751
-0.70751
-0.55558
-0.55558
-0.55558
-0.55558
-0.55558
0
0
0
10.3889
0
0
0
0
0
0
-3.8211
0
0
0
0
-0.95989
0
0
0
0
0
-0.71836
-0.71836
-0.71836
-0.71836
-0.55175
-0.55175
-0.55175
-0.55175
-0.55175
-0.61453
0
0
0
6.4521
0
0
0
0
0
0
-0.20535
0
0
0
0
0
0
0
0
0
-0.78296
-0.78296
-0.78296
-0.78296
-0.5948
-0.5948
-0.5948
-0.5948
-0.5948
-0.64283
0
-0.88857
0
0
7.6372
0
0
0
0
0
0
0
0
0
0
0
0
0
0
0
-0.80477
-0.80477
-0.80477
-0.80477
-0.60419
-0.60419
-0.60419
-0.60419
-0.60419
-0.673
0
0
0
0
0
14.9718
0
0
0
0
0
-8.0588
0
0
0
0
0
0
0
0
-0.69505
-0.69505
-0.69505
-0.69505
-0.52817
-0.52817
-0.52817
-0.52817
-0.52817
0
0
0
0
0
0
0
5.421
0
0
0
0
0
0
0
0
0
0
0
0
0
-0.69505
-0.69505
-0.69505
-0.69505
-0.52817
-0.52817
-0.52817
-0.52817
-0.52817
0
0
0
0
0
0
0
0
5.421
0
0
0
0
0
0
0
0
0
0
0
0
-0.69505
-0.69505
-0.69505
-0.69505
-0.52817
-0.52817
-0.52817
-0.52817
-0.52817
0
0
0
0
0
0
0
0
0
5.421
0
0
0
0
0
0
0
0
0
0
0
0
0
0
0
0
0
0
0
0
0
0
0
-3.8211
0
0
0
0
0
0
9.2075
-3.1007
-2.2858
0
0
0
0
0
0
0
0
0
0
0
0
0
0
0
0
0
0
0
0
0
-0.20535
0
0
0
0
0
-3.1007
6.0655
0
0
0
0
0
0
0
-2.7594
0
0
0
0
0
0
0
0
0
0
0
0
0
0
0
0
-8.0588
0
0
0
-2.2858
0
10.3445
0
0
0
0
0
0
0
0
-7.2159
0
0
0
0
0
0
0
0
0
0
0
0
0
0
0
0
0
0
0
0
0
7.2159
0
0
0
0
0
0
0
0
0
0
0
0
0
0
0
0
0
-5.5666
0
0
0
0
0
0
0
0
0
0
0
0
5.5666
0
0
0
0
0
0
0
0
0
0
0
0
0
0
0
0
0
0
-0.95989
0
0
0
0
0
0
0
0
0
0
0
0.95989
0
0
0
0
0
0
0
0
0
0
0
0
0
0
0
-5.5666
0
0
0
0
0
0
0
0
0
0
0
0
0
0
5.5666
0
0
0
0
0
-7.2159
0
0
0
0
0
0
0
0
0
0
0
0
0
0
0
0
0
0
0
0
0
0
0
0
7.2159
0
0
0
0
0
-7.2159
0
0
0
0
0
0
0
0
0
0
0
0
0
0
0
0
0
0
0
0
0
0
0
0
7.2159
0
0
0
0
0
0
0
0
0
0
0
0
0
0
0
0
0
0
0
0
0
0
-2.7594
0
0
0
0
0
0
0
2.7594
0
0
0
0
-7.2159
0
0
0
0
0
0
0
0
0
0
0
0
0
0
0
0
0
0
0
0
0
0
0
0
0
7.2159
