22.0531
-0.69857
-0.72563
-0.65526
-0.65362
-0.62788
-0.62788
-0.62788
-0.62978
-0.69249
-0.65217
-0.57356
-0.67063
-0.67063
-0.67292
-0.67292
-0.67292
-0.58274
-0.54387
0
0
0
0
-10.4018
0
0
0
0
0
0
-0.69857
11.5273
-0.69857
-0.63103
-0.63173
-0.60874
-0.60874
-0.60874
-0.61182
-0.66622
-0.63243
-0.56729
-0.64992
-0.64992
-0.65259
-0.65259
-0.65259
-0.56505
-0.52915
-0.21161
0
0
0
0
0
0
0
0
0
0
-0.72563
-0.69857
22.0531
-0.65526
-0.65362
-0.62788
-0.62788
-0.62788
-0.62978
-0.69249
-0.65217
-0.57356
-0.67063
-0.67063
-0.67292
-0.67292
-0.67292
-0.58274
-0.54387
0
0
0
0
0
-10.4018
0
0
0
0
0
-0.65526
-0.63103
-0.65526
19.6639
-0.60364
-0.57309
-0.57309
-0.57309
-0.56419
-0.61289
-0.58089
-0.51678
-0.59599
-0.59599
-0.59757
-0.59757
-0.59757
-0.52681
0
0
0
0
-9.6132
0
0
0
0
0
0
0
-0.65362
-0.63173
-0.65362
-0.60364
19.2054
-0.58454
-0.58454
-0.58454
-0.5568
-0.60016
-0.57211
-0.50799
-0.58683
-0.58683
-0.58883
-0.58883
-0.58883
0
0
-0.20263
0
-9.5293
0
0
0
0
0
0
0
0
-0.62788
-0.60874
-0.62788
-0.57309
-0.58454
10.255
-0.54273
-0.54273
-0.5514
-0.59625
-0.56742
-0.51535
-0.58193
-0.58193
-0.58372
-0.58372
-0.58372
-0.51624
-0.48576
0
0
0
0
0
0
0
0
0
0
0
-0.62788
-0.60874
-0.62788
-0.57309
-0.58454
-0.54273
10.255
-0.54273
-0.5514
-0.59625
-0.56742
-0.51535
-0.58193
-0.58193
-0.58372
-0.58372
-0.58372
-0.51624
-0.48576
0
0
0
0
0
0
0
0
0
0
0
-0.62788
-0.60874
-0.62788
-0.57309
-0.58454
-0.54273
-0.54273
10.255
-0.5514
-0.59625
-0.56742
-0.51535
-0.58193
-0.58193
-0.58372
-0.58372
-0.58372
-0.51624
-0.48576
0
0
0
0
0
0
0
0
0
0
0
-0.62978
-0.61182
-0.62978
-0.56419
-0.5568
-0.5514
-0.5514
-0.5514
9.2914
-0.60315
-0.57228
-0.52767
-0.587
-0.587
-0.58924
-0.58924
-0.58924
0
0
0
0
0
0
0
0
0
0
0
0
0
-0.69249
-0.66622
-0.69249
-0.61289
-0.60016
-0.59625
-0.59625
-0.59625
-0.60315
13.6628
-0.62506
0
-0.64221
-0.64221
0
0
0
0
0
0
0
0
0
0
0
0
-6.0971
0
0
0
-0.65217
-0.63243
-0.65217
-0.58089
-0.57211
-0.56742
-0.56742
-0.56742
-0.57228
-0.62506
7.1532
0
-0.58189
-0.58189
0
0
0
0
0
0
0
0
0
0
0
0
0
0
0
0
-0.57356
-0.56729
-0.57356
-0.51678
-0.50799
-0.51535
-0.51535
-0.51535
-0.52767
0
0
20.5448
0
0
0
0
0
0
0
0
-7.8659
0
0
0
0
0
0
0
0
-7.8659
-0.67063
-0.64992
-0.67063
-0.59599
-0.58683
-0.58193
-0.58193
-0.58193
-0.587
-0.64221
-0.58189
0
6.7309
0
0
0
0
0
0
0
0
0
0
0
0
0
0
0
0
0
-0.67063
-0.64992
-0.67063
-0.59599
-0.58683
-0.58193
-0.58193
-0.58193
-0.587
-0.64221
-0.58189
0
0
6.7309
0
0
0
0
0
0
0
0
0
0
0
0
0
0
0
0
-0.67292
-0.65259
-0.67292
-0.59757
-0.58883
-0.58372
-0.58372
-0.58372
-0.58924
0
0
0
0
0
5.5252
0
0
0
0
0
0
0
0
0
0
0
0
0
0
0
-0.67292
-0.65259
-0.67292
-0.59757
-0.58883
-0.58372
-0.58372
-0.58372
-0.58924
0
0
0
0
0
0
5.5252
0
0
0
0
0
0
0
0
0
0
0
0
0
0
-0.67292
-0.65259
-0.67292
-0.59757
-0.58883
-0.58372
-0.58372
-0.58372
-0.58924
0
0
0
0
0
0
0
5.5252
0
0
0
0
0
0
0
0
0
0
0
0
0
-0.58274
-0.56505
-0.58274
-0.52681
0
-0.51624
-0.51624
-0.51624
0
0
0
0
0
0
0
0
0
4.0809
0
0
0
0
0
0
0
0
0
0
-0.27481
0
-0.54387
-0.52915
-0.54387
0
0
-0.48576
-0.48576
-0.48576
0
0
0
0
0
0
0
0
0
0
3.1787
0
0
0
0
0
0
-0.1045
0
0
0
0
0
-0.21161
0
0
-0.20263
0
0
0
0
0
0
0
0
0
0
0
0
0
0
0.52143
0
0
0
0
0
0
0
-0.1072
0
0
0
0
0
0
0
0
0
0
0
0
0
-7.8659
0
0
0
0
0
0
0
0
7.8659
0
0
0
0
0
0
0
0
0
0
0
0
0
-9.5293
0
0
0
0
0
0
0
0
0
0
0
0
0
0
0
0
9.5293
0
0
0
0
0
0
0
0
0
0
0
-9.6132
0
0
0
0
0
0
0
0
0
0
0
0
0
0
0
0
0
0
9.6132
0
0
0
0
0
0
0
-10.4018
0
0
0
0
0
0
0
0
0
0
0
0
0
0
0
0
0
0
0
0
0
0
10.4018
0
0
0
0
0
0
0
0
-10.4018
0
0
0
0
0
0
0
0
0
0
0
0
0
0
0
0
0
0
0
0
0
10.4018
0
0
0
0
0
0
0
0
0
0
0
0
0
0
0
0
0
0
0
0
0
0
0
-0.1045
0
0
0
0
0
0
0.1045
0
0
0
0
0
0
0
0
0
0
0
0
0
-6.0971
0
0
0
0
0
0
0
0
0
0
0
0
0
0
0
0
6.0971
0
0
0
0
0
0
0
0
0
0
0
0
0
0
0
0
0
0
0
0
0
0
-0.1072
0
0
0
0
0
0
0
0.1072
0
0
0
0
0
0
0
0
0
0
0
0
0
0
0
0
0
0
0
-0.27481
0
0
0
0
0
0
0
0
0
0
0.27481
0
0
0
0
0
0
0
0
0
0
0
0
-7.8659
0
0
0
0
0
0
0
0
0
0
0
0
0
0
0
0
0
7.8659
