24.6739
-0.77462
-0.80514
-0.79467
-0.80632
-0.80514
-0.63889
-0.64675
-0.63889
-0.63889
-0.65757
-0.63889
-0.62734
-0.64115
-0.65924
-0.65584
-0.70108
0
-3.0246
0
0
-3.9908
0
-6.528
0
0
0
0
0
0
-0.77462
18.7468
-0.86731
-0.85839
-0.85493
-0.86731
-0.67255
-0.6871
-0.67255
-0.67255
-0.70851
-0.67255
-0.66497
-0.67429
-0.69343
-0.68971
-0.73471
0
-3.024
0
0
-3.9574
0
0
0
0
0
0
0
0
-0.80514
-0.86731
17.6094
-0.90049
-0.87761
-0.874
-0.68096
-0.70836
-0.68096
-0.68096
-0.71381
-0.68096
-0.66997
-0.68377
-0.70407
-0.70016
-0.75556
0
0
0
0
0
0
0
-5.6253
0
0
0
0
0
-0.79467
-0.85839
-0.90049
17.1931
-0.9045
-0.90049
-0.70053
-0.69577
-0.70053
-0.70053
-0.71641
-0.70053
-0.65416
-0.67457
-0.69372
-0.68992
0
0
0
-0.44034
0
0
0
0
0
-5.4675
0
0
0
0
-0.80632
-0.85493
-0.87761
-0.9045
14.7527
-0.87761
-0.6746
-0.7022
-0.6746
-0.6746
-0.71751
-0.6746
-0.67077
-0.67795
-0.69788
-0.69389
-0.74562
0
0
0
-2.8275
0
0
0
0
0
0
0
0
0
-0.80514
-0.86731
-0.874
-0.90049
-0.87761
17.6094
-0.68096
-0.70836
-0.68096
-0.68096
-0.71381
-0.68096
-0.66997
-0.68377
-0.70407
-0.70016
-0.75556
0
0
0
0
0
0
0
0
0
0
-5.6253
0
0
-0.63889
-0.67255
-0.68096
-0.70053
-0.6746
-0.68096
9.3275
-0.5594
-0.49944
-0.49944
-0.57165
-0.49944
-0.50111
-0.51759
-0.52972
-0.52723
-0.57401
0
0
0
0
0
0
0
0
0
0
0
0
0
-0.64675
-0.6871
-0.70836
-0.69577
-0.7022
-0.70836
-0.5594
9.3002
-0.5594
-0.5594
-0.56
-0.5594
-0.47255
-0.50503
-0.51198
-0.51046
0
0
0
-0.35407
0
0
0
0
0
0
0
0
0
0
-0.63889
-0.67255
-0.68096
-0.70053
-0.6746
-0.68096
-0.49944
-0.5594
9.3275
-0.49944
-0.57165
-0.49944
-0.50111
-0.51759
-0.52972
-0.52723
-0.57401
0
0
0
0
0
0
0
0
0
0
0
0
0
-0.63889
-0.67255
-0.68096
-0.70053
-0.6746
-0.68096
-0.49944
-0.5594
-0.49944
9.3275
-0.57165
-0.49944
-0.50111
-0.51759
-0.52972
-0.52723
-0.57401
0
0
0
0
0
0
0
0
0
0
0
0
0
-0.65757
-0.70851
-0.71381
-0.71641
-0.71751
-0.71381
-0.57165
-0.56
-0.57165
-0.57165
14.0707
-0.57165
-0.47614
-0.51334
-0.52001
-0.51861
0
0
0
0
0
0
0
0
0
0
-4.9683
0
0
0
-0.63889
-0.67255
-0.68096
-0.70053
-0.6746
-0.68096
-0.49944
-0.5594
-0.49944
-0.49944
-0.57165
9.3275
-0.50111
-0.51759
-0.52972
-0.52723
-0.57401
0
0
0
0
0
0
0
0
0
0
0
0
0
-0.62734
-0.66497
-0.66997
-0.65416
-0.67077
-0.66997
-0.50111
-0.47255
-0.50111
-0.50111
-0.47614
-0.50111
7.6987
-0.53889
0
0
0
-0.2495
0
0
0
0
0
0
0
0
0
0
0
0
-0.64115
-0.67429
-0.68377
-0.67457
-0.67795
-0.68377
-0.51759
-0.50503
-0.51759
-0.51759
-0.51334
-0.51759
-0.53889
8.2296
-0.56648
0
0
0
0
0
0
0
0
0
0
0
0
0
0
0
-0.65924
-0.69343
-0.70407
-0.69372
-0.69788
-0.70407
-0.52972
-0.51198
-0.52972
-0.52972
-0.52001
-0.52972
0
-0.56648
7.8698
0
0
0
0
0
0
0
0
0
0
0
0
0
0
0
-0.65584
-0.68971
-0.70016
-0.68992
-0.69389
-0.70016
-0.52723
-0.51046
-0.52723
-0.52723
-0.51861
-0.52723
0
0
0
7.2677
0
0
0
0
0
0
0
0
0
0
0
0
0
0
-0.70108
-0.73471
-0.75556
0
-0.74562
-0.75556
-0.57401
0
-0.57401
-0.57401
0
-0.57401
0
0
0
0
5.9886
0
0
0
0
0
0
0
0
0
0
0
0
0
0
0
0
0
0
0
0
0
0
0
0
0
-0.2495
0
0
0
0
13.3949
0
0
-2.5355
0
-5.4827
0
0
0
0
0
0
-5.1272
-3.0246
-3.024
0
0
0
0
0
0
0
0
0
0
0
0
0
0
0
0
8.4024
0
0
0
-2.3538
0
0
0
0
0
0
0
0
0
0
-0.44034
0
0
0
-0.35407
0
0
0
0
0
0
0
0
0
0
0
1.0937
0
0
0
0
0
0
0
0
-0.29934
0
0
0
0
0
-2.8275
0
0
0
0
0
0
0
0
0
0
0
0
-2.5355
0
0
5.363
0
0
0
0
0
0
0
0
0
-3.9908
-3.9574
0
0
0
0
0
0
0
0
0
0
0
0
0
0
0
0
0
0
0
7.9482
0
0
0
0
0
0
0
0
0
0
0
0
0
0
0
0
0
0
0
0
0
0
0
0
0
-5.4827
-2.3538
0
0
0
7.8366
0
0
0
0
0
0
0
-6.528
0
0
0
0
0
0
0
0
0
0
0
0
0
0
0
0
0
0
0
0
0
0
6.528
0
0
0
0
0
0
0
0
-5.6253
0
0
0
0
0
0
0
0
0
0
0
0
0
0
0
0
0
0
0
0
0
5.6253
0
0
0
0
0
0
0
0
-5.4675
0
0
0
0
0
0
0
0
0
0
0
0
0
0
0
0
0
0
0
0
0
5.4675
0
0
0
0
0
0
0
0
0
0
0
0
0
0
-4.9683
0
0
0
0
0
0
0
0
0
0
0
0
0
0
0
4.9683
0
0
0
0
0
0
0
0
-5.6253
0
0
0
0
0
0
0
0
0
0
0
0
0
0
0
0
0
0
0
0
0
5.6253
0
0
0
0
0
0
0
0
0
0
0
0
0
0
0
0
0
0
0
0
0
-0.29934
0
0
0
0
0
0
0
0
0.29934
0
0
0
0
0
0
0
0
0
0
0
0
0
0
0
0
0
0
-5.1272
0
0
0
0
0
0
0
0
0
0
0
5.1272
