11.1292
-0.69465
-0.69465
-0.6958
-0.68612
-0.68612
-0.68612
-0.70459
-0.58282
-0.5787
-0.5787
-0.64819
-0.55831
-0.62394
-0.62394
-0.67517
-0.66977
0
-0.497
-0.24466
0
0
0
0
0
0
0
0
0
0
-0.69465
13.019
-0.66599
-0.71337
-0.6902
-0.6902
-0.6902
-0.73353
-0.58627
-0.58596
-0.58596
-0.66407
-0.56078
-0.6278
-0.6278
-0.69168
-0.66703
0
-0.52569
0
-2.0178
0
0
0
0
0
0
0
0
0
-0.69465
-0.66599
13.019
-0.71337
-0.6902
-0.6902
-0.6902
-0.73353
-0.58627
-0.58596
-0.58596
-0.66407
-0.56078
-0.6278
-0.6278
-0.69168
-0.66703
0
-0.52569
0
-2.0178
0
0
0
0
0
0
0
0
0
-0.6958
-0.71337
-0.71337
20.9118
-0.71637
-0.71637
-0.71637
-0.70853
-0.60054
-0.59713
-0.59713
-0.6594
-0.57441
-0.64646
-0.64646
-0.69858
-0.69529
0
0
0
0
0
0
0
-10.2163
0
0
0
0
0
-0.68612
-0.6902
-0.6902
-0.71637
10.4586
-0.66277
-0.66277
-0.7677
-0.57324
-0.58887
-0.58887
-0.66138
-0.55424
-0.62695
-0.62695
-0.69405
-0.66787
0
0
0
0
0
0
0
0
0
0
0
0
0
-0.68612
-0.6902
-0.6902
-0.71637
-0.66277
10.4586
-0.66277
-0.7677
-0.57324
-0.58887
-0.58887
-0.66138
-0.55424
-0.62695
-0.62695
-0.69405
-0.66787
0
0
0
0
0
0
0
0
0
0
0
0
0
-0.68612
-0.6902
-0.6902
-0.71637
-0.66277
-0.66277
10.4586
-0.7677
-0.57324
-0.58887
-0.58887
-0.66138
-0.55424
-0.62695
-0.62695
-0.69405
-0.66787
0
0
0
0
0
0
0
0
0
0
0
0
0
-0.70459
-0.73353
-0.73353
-0.70853
-0.7677
-0.7677
-0.7677
32.9084
-0.61878
-0.59494
-0.59494
-0.63413
-0.57399
-0.65609
-0.65609
0
0
0
0
0
0
0
0
0
0
-11.6981
0
0
0
-11.6981
-0.58282
-0.58627
-0.58627
-0.60054
-0.57324
-0.57324
-0.57324
-0.61878
8.2895
-0.48732
-0.48732
-0.5382
-0.46155
-0.52367
-0.52367
-0.5734
0
0
0
0
0
0
0
0
0
0
0
0
0
0
-0.5787
-0.58596
-0.58596
-0.59713
-0.58887
-0.58887
-0.58887
-0.59494
-0.48732
7.9265
-0.45446
-0.51951
-0.45287
-0.5181
-0.5181
0
0
-0.26687
0
0
0
0
0
0
0
0
0
0
0
0
-0.5787
-0.58596
-0.58596
-0.59713
-0.58887
-0.58887
-0.58887
-0.59494
-0.48732
-0.45446
7.9265
-0.51951
-0.45287
-0.5181
-0.5181
0
0
-0.26687
0
0
0
0
0
0
0
0
0
0
0
0
-0.64819
-0.66407
-0.66407
-0.6594
-0.66138
-0.66138
-0.66138
-0.63413
-0.5382
-0.51951
-0.51951
16.3442
-0.49633
0
0
0
0
0
0
-0.21863
0
0
0
-8.798
0
0
0
0
0
0
-0.55831
-0.56078
-0.56078
-0.57441
-0.55424
-0.55424
-0.55424
-0.57399
-0.46155
-0.45287
-0.45287
-0.49633
7.3502
-0.49781
-0.49781
0
0
0
0
0
0
0
0
0
0
0
0
0
0
0
-0.62394
-0.6278
-0.6278
-0.64646
-0.62695
-0.62695
-0.62695
-0.65609
-0.52367
-0.5181
-0.5181
0
-0.49781
7.1206
0
0
0
0
0
0
0
0
0
0
0
0
0
0
0
0
-0.62394
-0.6278
-0.6278
-0.64646
-0.62695
-0.62695
-0.62695
-0.65609
-0.52367
-0.5181
-0.5181
0
-0.49781
0
7.1206
0
0
0
0
0
0
0
0
0
0
0
0
0
0
0
-0.67517
-0.69168
-0.69168
-0.69858
-0.69405
-0.69405
-0.69405
0
-0.5734
0
0
0
0
0
0
9.0376
0
0
0
0
0
-3.625
0
0
0
0
0
0
0
0
-0.66977
-0.66703
-0.66703
-0.69529
-0.66787
-0.66787
-0.66787
0
0
0
0
0
0
0
0
0
4.7027
0
0
0
0
0
0
0
0
0
0
0
0
0
0
0
0
0
0
0
0
0
0
-0.26687
-0.26687
0
0
0
0
0
0
8.8236
0
0
0
0
-5.388
0
0
0
-2.9018
0
0
0
-0.497
-0.52569
-0.52569
0
0
0
0
0
0
0
0
0
0
0
0
0
0
0
2.0516
0
0
0
0
0
0
0
0
-0.50321
0
0
-0.24466
0
0
0
0
0
0
0
0
0
0
-0.21863
0
0
0
0
0
0
0
0.56778
0
0
0
0
0
0
0
0
-0.1045
0
0
-2.0178
-2.0178
0
0
0
0
0
0
0
0
0
0
0
0
0
0
0
0
0
4.0356
0
0
0
0
0
0
0
0
0
0
0
0
0
0
0
0
0
0
0
0
0
0
0
0
-3.625
0
0
0
0
0
5.3283
-1.7034
0
0
0
0
0
0
0
0
0
0
0
0
0
0
0
0
0
0
0
0
0
0
0
0
-5.388
0
0
0
-1.7034
7.0914
0
0
0
0
0
0
0
0
0
0
0
0
0
0
0
0
0
0
-8.798
0
0
0
0
0
0
0
0
0
0
0
8.798
0
0
0
0
0
0
0
0
0
-10.2163
0
0
0
0
0
0
0
0
0
0
0
0
0
0
0
0
0
0
0
0
10.2163
0
0
0
0
0
0
0
0
0
0
0
0
-11.6981
0
0
0
0
0
0
0
0
0
0
0
0
0
0
0
0
0
11.6981
0
0
0
0
0
0
0
0
0
0
0
0
0
0
0
0
0
0
0
0
0
-2.9018
0
0
0
0
0
0
0
0
2.9018
0
0
0
0
0
0
0
0
0
0
0
0
0
0
0
0
0
0
0
0
0
-0.50321
0
0
0
0
0
0
0
0
0.50321
0
0
0
0
0
0
0
0
0
0
0
0
0
0
0
0
0
0
0
0
0
-0.1045
0
0
0
0
0
0
0
0
0.1045
0
0
0
0
0
0
0
0
-11.6981
0
0
0
0
0
0
0
0
0
0
0
0
0
0
0
0
0
0
0
0
0
11.6981
