27.4773
-0.84292
-0.84292
-0.84292
-0.84292
-0.84292
-0.84292
-0.79788
-0.80044
-0.85875
-0.888
-0.84564
-0.84564
-0.84564
-0.9824
-0.93174
-0.94201
-0.93174
-0.62129
-0.73426
-0.73089
0
0
0
0
0
0
-10.6634
0
0
-0.84292
14.8498
-0.72608
-0.72608
-0.72608
-0.72608
-0.72608
-0.70673
-0.70474
-0.7553
-0.78031
-0.74192
-0.74192
-0.74192
-0.86591
-0.81216
-0.82656
-0.81216
-0.57972
-0.6481
-0.659
0
0
0
0
0
0
0
0
0
-0.84292
-0.72608
14.8498
-0.72608
-0.72608
-0.72608
-0.72608
-0.70673
-0.70474
-0.7553
-0.78031
-0.74192
-0.74192
-0.74192
-0.86591
-0.81216
-0.82656
-0.81216
-0.57972
-0.6481
-0.659
0
0
0
0
0
0
0
0
0
-0.84292
-0.72608
-0.72608
14.8498
-0.72608
-0.72608
-0.72608
-0.70673
-0.70474
-0.7553
-0.78031
-0.74192
-0.74192
-0.74192
-0.86591
-0.81216
-0.82656
-0.81216
-0.57972
-0.6481
-0.659
0
0
0
0
0
0
0
0
0
-0.84292
-0.72608
-0.72608
-0.72608
14.8498
-0.72608
-0.72608
-0.70673
-0.70474
-0.7553
-0.78031
-0.74192
-0.74192
-0.74192
-0.86591
-0.81216
-0.82656
-0.81216
-0.57972
-0.6481
-0.659
0
0
0
0
0
0
0
0
0
-0.84292
-0.72608
-0.72608
-0.72608
-0.72608
14.8498
-0.72608
-0.70673
-0.70474
-0.7553
-0.78031
-0.74192
-0.74192
-0.74192
-0.86591
-0.81216
-0.82656
-0.81216
-0.57972
-0.6481
-0.659
0
0
0
0
0
0
0
0
0
-0.84292
-0.72608
-0.72608
-0.72608
-0.72608
-0.72608
14.8498
-0.70673
-0.70474
-0.7553
-0.78031
-0.74192
-0.74192
-0.74192
-0.86591
-0.81216
-0.82656
-0.81216
-0.57972
-0.6481
-0.659
0
0
0
0
0
0
0
0
0
-0.79788
-0.70673
-0.70673
-0.70673
-0.70673
-0.70673
-0.70673
22.3735
-0.65706
-0.69607
-0.71453
-0.68767
-0.68767
-0.68767
-0.79239
-0.75107
-0.75417
-0.75107
0
-0.60347
0
0
0
0
0
0
-9.5524
0
0
0
-0.80044
-0.70474
-0.70474
-0.70474
-0.70474
-0.70474
-0.70474
-0.65706
12.9248
-0.708
-0.728
-0.69581
-0.69581
-0.69581
-0.81554
-0.75992
-0.77037
-0.75992
0
-0.60968
0
0
0
0
0
0
0
0
0
0
-0.85875
-0.7553
-0.7553
-0.7553
-0.7553
-0.7553
-0.7553
-0.69607
-0.708
19.8729
-0.7806
-0.75445
-0.75445
-0.75445
0
-0.83537
0
-0.83537
0
0
0
0
0
0
0
0
0
0
-8.3636
0
-0.888
-0.78031
-0.78031
-0.78031
-0.78031
-0.78031
-0.78031
-0.71453
-0.728
-0.7806
10.3657
-0.77761
-0.77761
-0.77761
0
0
0
0
0
0
0
-0.23989
0
0
0
0
0
0
0
0
-0.84564
-0.74192
-0.74192
-0.74192
-0.74192
-0.74192
-0.74192
-0.68767
-0.69581
-0.75445
-0.77761
9.5872
-0.68726
-0.68726
0
0
0
0
0
0
0
0
0
0
0
0
0
0
0
0
-0.84564
-0.74192
-0.74192
-0.74192
-0.74192
-0.74192
-0.74192
-0.68767
-0.69581
-0.75445
-0.77761
-0.68726
9.5872
-0.68726
0
0
0
0
0
0
0
0
0
0
0
0
0
0
0
0
-0.84564
-0.74192
-0.74192
-0.74192
-0.74192
-0.74192
-0.74192
-0.68767
-0.69581
-0.75445
-0.77761
-0.68726
-0.68726
9.5872
0
0
0
0
0
0
0
0
0
0
0
0
0
0
0
0
-0.9824
-0.86591
-0.86591
-0.86591
-0.86591
-0.86591
-0.86591
-0.79239
-0.81554
0
0
0
0
0
12.1998
0
0
0
0
0
0
0
0
-4.414
0
0
0
0
0
0
-0.93174
-0.81216
-0.81216
-0.81216
-0.81216
-0.81216
-0.81216
-0.75107
-0.75992
-0.83537
0
0
0
0
0
8.151
0
0
0
0
0
0
0
0
0
0
0
0
0
0
-0.94201
-0.82656
-0.82656
-0.82656
-0.82656
-0.82656
-0.82656
-0.75417
-0.77037
0
0
0
0
0
0
0
7.703
0
0
0
0
-0.27708
0
0
0
0
0
0
0
0
-0.93174
-0.81216
-0.81216
-0.81216
-0.81216
-0.81216
-0.81216
-0.75107
-0.75992
-0.83537
0
0
0
0
0
0
0
8.151
0
0
0
0
0
0
0
0
0
0
0
0
-0.62129
-0.57972
-0.57972
-0.57972
-0.57972
-0.57972
-0.57972
0
0
0
0
0
0
0
0
0
0
0
17.2036
0
0
0
0
0
-6.552
0
0
0
0
-6.552
-0.73426
-0.6481
-0.6481
-0.6481
-0.6481
-0.6481
-0.6481
-0.60347
-0.60968
0
0
0
0
0
0
0
0
0
0
5.836
0
0
0
0
0
0
0
0
0
0
-0.73089
-0.659
-0.659
-0.659
-0.659
-0.659
-0.659
0
0
0
0
0
0
0
0
0
0
0
0
0
5.8713
0
0
0
0
-1.1864
0
0
0
0
0
0
0
0
0
0
0
0
0
0
-0.23989
0
0
0
0
0
-0.27708
0
0
0
0
0.62147
-0.1045
0
0
0
0
0
0
0
0
0
0
0
0
0
0
0
0
0
0
0
0
0
0
0
0
0
0
0
0
-0.1045
0.1045
0
0
0
0
0
0
0
0
0
0
0
0
0
0
0
0
0
0
0
0
0
-4.414
0
0
0
0
0
0
0
0
4.414
0
0
0
0
0
0
0
0
0
0
0
0
0
0
0
0
0
0
0
0
0
0
0
0
-6.552
0
0
0
0
0
6.552
0
0
0
0
0
0
0
0
0
0
0
0
0
0
0
0
0
0
0
0
0
0
0
0
0
-1.1864
0
0
0
0
1.1864
0
0
0
0
0
0
0
0
0
0
0
-9.5524
0
0
0
0
0
0
0
0
0
0
0
0
0
0
0
0
0
0
9.5524
0
0
0
-10.6634
0
0
0
0
0
0
0
0
0
0
0
0
0
0
0
0
0
0
0
0
0
0
0
0
0
0
10.6634
0
0
0
0
0
0
0
0
0
0
0
-8.3636
0
0
0
0
0
0
0
0
0
0
0
0
0
0
0
0
0
0
8.3636
0
0
0
0
0
0
0
0
0
0
0
0
0
0
0
0
0
0
0
-6.552
0
0
0
0
0
0
0
0
0
0
6.552
