14.1156
-0.82333
-0.82892
-0.81813
-0.81813
-0.81813
-0.7229
-0.72881
-0.72492
-0.73374
-0.75421
-0.68321
-0.73579
-0.75451
-0.72689
-0.75946
-0.86977
-0.96854
-0.74174
0
0
0
-0.1045
0
0
0
0
0
0
0
-0.82333
14.8355
-0.8495
-0.84038
-0.84038
-0.84038
-0.7449
-0.74296
-0.74334
-0.75754
-0.7869
-0.70937
-0.76386
-0.78431
-0.7433
-0.77523
-0.88597
-0.99479
0
0
-1.2091
0
0
0
0
0
0
0
0
0
-0.82892
-0.8495
14.3251
-0.83827
-0.83827
-0.83827
-0.74328
-0.74941
-0.74077
-0.75167
-0.77804
-0.7045
-0.75857
-0.77827
-0.74354
-0.77613
-0.88728
-0.98917
-0.73126
0
0
0
0
0
0
0
0
0
0
0
-0.81813
-0.84038
-0.83827
13.4788
-0.81892
-0.81892
-0.74035
-0.74727
-0.73057
-0.76102
-0.77861
-0.69763
-0.75051
-0.77048
-0.73285
-0.76662
-0.87874
-0.9895
0
0
0
0
0
0
0
0
0
0
0
0
-0.81813
-0.84038
-0.83827
-0.81892
13.4788
-0.81892
-0.74035
-0.74727
-0.73057
-0.76102
-0.77861
-0.69763
-0.75051
-0.77048
-0.73285
-0.76662
-0.87874
-0.9895
0
0
0
0
0
0
0
0
0
0
0
0
-0.81813
-0.84038
-0.83827
-0.81892
-0.81892
13.4788
-0.74035
-0.74727
-0.73057
-0.76102
-0.77861
-0.69763
-0.75051
-0.77048
-0.73285
-0.76662
-0.87874
-0.9895
0
0
0
0
0
0
0
0
0
0
0
0
-0.7229
-0.7449
-0.74328
-0.74035
-0.74035
-0.74035
10.827
-0.63941
-0.64246
-0.65753
-0.66112
-0.5878
-0.63104
-0.64887
-0.62917
-0.65868
0
0
0
0
0
-0.6388
0
0
0
0
0
0
0
0
-0.72881
-0.74296
-0.74941
-0.74727
-0.74727
-0.74727
-0.63941
11.3617
-0.64508
-0.69756
-0.66725
-0.59372
-0.63791
-0.657
-0.63156
-0.66351
0
0
0
0
-1.0657
0
0
0
0
0
0
0
0
0
-0.72492
-0.74334
-0.74077
-0.73057
-0.73057
-0.73057
-0.64246
-0.64508
11.009
-0.69304
-0.66923
-0.59687
-0.64144
-0.66006
-0.63448
-0.66622
-0.75942
0
0
0
0
0
0
0
0
0
0
0
0
0
-0.73374
-0.75754
-0.75167
-0.76102
-0.76102
-0.76102
-0.65753
-0.69756
-0.69304
10.9595
-0.71951
-0.56228
-0.60482
-0.62461
-0.6182
0
0
0
-0.62697
0
0
-0.62893
0
0
0
0
0
0
0
0
-0.75421
-0.7869
-0.77804
-0.77861
-0.77861
-0.77861
-0.66112
-0.66725
-0.66923
-0.71951
21.0928
-0.60756
-0.65293
-0.67125
-0.65598
-0.69242
0
0
0
0
0
0
0
0
-10.4406
0
0
0
0
0
-0.68321
-0.70937
-0.7045
-0.69763
-0.69763
-0.69763
-0.5878
-0.59372
-0.59687
-0.56228
-0.60756
18.942
-0.58567
-0.60549
-0.59749
0
0
0
0
0
0
0
0
0
0
0
0
0
0
-10.0152
-0.73579
-0.76386
-0.75857
-0.75051
-0.75051
-0.75051
-0.63104
-0.63791
-0.64144
-0.60482
-0.65293
-0.58567
18.5332
0
-0.67466
0
0
0
0
0
0
0
0
-9.5949
0
0
0
0
0
0
-0.75451
-0.78431
-0.77827
-0.77048
-0.77048
-0.77048
-0.64887
-0.657
-0.66006
-0.62461
-0.67125
-0.60549
0
17.6821
0
0
0
0
0
0
0
0
0
0
0
0
0
0
-9.1863
0
-0.72689
-0.7433
-0.74354
-0.73285
-0.73285
-0.73285
-0.62917
-0.63156
-0.63448
-0.6182
-0.65598
-0.59749
-0.67466
0
8.8538
0
0
0
0
0
0
0
0
0
0
0
0
0
0
0
-0.75946
-0.77523
-0.77613
-0.76662
-0.76662
-0.76662
-0.65868
-0.66351
-0.66622
0
-0.69242
0
0
0
0
7.2915
0
0
0
0
0
0
0
0
0
0
0
0
0
0
-0.86977
-0.88597
-0.88728
-0.87874
-0.87874
-0.87874
0
0
-0.75942
0
0
0
0
0
0
0
6.0387
0
0
0
0
0
0
0
0
0
0
0
0
0
-0.96854
-0.99479
-0.98917
-0.9895
-0.9895
-0.9895
0
0
0
0
0
0
0
0
0
0
0
5.921
0
0
0
0
0
0
0
0
0
0
0
0
-0.74174
0
-0.73126
0
0
0
0
0
0
-0.62697
0
0
0
0
0
0
0
0
4.5789
-0.97694
0
0
0
0
0
0
0
-1.502
0
0
0
0
0
0
0
0
0
0
0
0
0
0
0
0
0
0
0
0
-0.97694
2.5942
-0.51627
0
-1.1009
0
0
0
0
0
0
0
0
-1.2091
0
0
0
0
0
-1.0657
0
0
0
0
0
0
0
0
0
0
0
-0.51627
2.791
0
0
0
0
0
0
0
0
0
0
0
0
0
0
0
-0.6388
0
0
-0.62893
0
0
0
0
0
0
0
0
0
0
0
2.2373
0
0
0
0
-0.9696
0
0
0
-0.1045
0
0
0
0
0
0
0
0
0
0
0
0
0
0
0
0
0
0
-1.1009
0
0
1.5353
0
0
-0.32981
0
0
0
0
0
0
0
0
0
0
0
0
0
0
0
0
-9.5949
0
0
0
0
0
0
0
0
0
0
9.5949
0
0
0
0
0
0
0
0
0
0
0
0
0
0
0
0
-10.4406
0
0
0
0
0
0
0
0
0
0
0
0
0
10.4406
0
0
0
0
0
0
0
0
0
0
0
0
0
0
0
0
0
0
0
0
0
0
0
0
0
0
0
-0.32981
0
0
0.32981
0
0
0
0
0
0
0
0
0
0
0
0
0
0
0
0
0
0
0
0
0
0
0
0
0
-0.9696
0
0
0
0
0.9696
0
0
0
0
0
0
0
0
0
0
0
0
0
0
0
0
0
0
0
0
0
-1.502
0
0
0
0
0
0
0
0
1.502
0
0
0
0
0
0
0
0
0
0
0
0
0
0
0
-9.1863
0
0
0
0
0
0
0
0
0
0
0
0
0
0
9.1863
0
0
0
0
0
0
0
0
0
0
0
0
-10.0152
0
0
0
0
0
0
0
0
0
0
0
0
0
0
0
0
0
10.0152
