16.9858
-0.79624
-0.85181
-0.79624
-0.93334
-0.79624
-0.79624
-0.76312
-0.75862
-0.84804
-0.84804
-0.84347
-0.73231
-0.79413
-0.73231
-0.77368
-0.78517
-0.81013
-0.81013
-0.87153
-0.84228
-0.80272
0
0
0
0
0
0
0
0
-0.79624
16.9858
-0.85181
-0.79624
-0.93334
-0.79624
-0.79624
-0.76312
-0.75862
-0.84804
-0.84804
-0.84347
-0.73231
-0.79413
-0.73231
-0.77368
-0.78517
-0.81013
-0.81013
-0.87153
-0.84228
-0.80272
0
0
0
0
0
0
0
0
-0.85181
-0.85181
23.3592
-0.85181
-0.88914
-0.85181
-0.85181
-0.77589
-0.76291
-0.86069
-0.86069
-0.83174
-0.74283
-0.78168
-0.74283
-0.78637
-0.79196
-0.82761
-0.82761
-0.90459
-0.87775
0
0
0
0
0
0
0
0
-6.8359
-0.79624
-0.79624
-0.85181
16.9858
-0.93334
-0.79624
-0.79624
-0.76312
-0.75862
-0.84804
-0.84804
-0.84347
-0.73231
-0.79413
-0.73231
-0.77368
-0.78517
-0.81013
-0.81013
-0.87153
-0.84228
-0.80272
0
0
0
0
0
0
0
0
-0.93334
-0.93334
-0.88914
-0.93334
40.9597
-0.93334
-0.93334
-0.77737
-0.74527
-0.85281
-0.85281
-0.76835
-0.73519
-0.72023
-0.73519
-0.78163
-0.78215
-0.83198
-0.83198
0
0
0
0
-8.663
0
-8.663
-8.663
0
0
0
-0.79624
-0.79624
-0.85181
-0.79624
-0.93334
16.9858
-0.79624
-0.76312
-0.75862
-0.84804
-0.84804
-0.84347
-0.73231
-0.79413
-0.73231
-0.77368
-0.78517
-0.81013
-0.81013
-0.87153
-0.84228
-0.80272
0
0
0
0
0
0
0
0
-0.79624
-0.79624
-0.85181
-0.79624
-0.93334
-0.79624
16.9858
-0.76312
-0.75862
-0.84804
-0.84804
-0.84347
-0.73231
-0.79413
-0.73231
-0.77368
-0.78517
-0.81013
-0.81013
-0.87153
-0.84228
-0.80272
0
0
0
0
0
0
0
0
-0.76312
-0.76312
-0.77589
-0.76312
-0.77737
-0.76312
-0.76312
14.4959
-0.73432
-0.80631
-0.80631
-0.79578
-0.69527
-0.75096
-0.69527
-0.73459
-0.74499
-0.76985
-0.76985
-0.82353
0
0
0
0
0
0
0
0
0
0
-0.75862
-0.75862
-0.76291
-0.75862
-0.74527
-0.75862
-0.75862
-0.73432
13.7619
-0.79791
-0.79791
-0.78097
-0.6878
-0.73696
-0.6878
-0.72721
-0.74617
-0.76276
-0.76276
0
0
0
-0.23806
0
0
0
0
0
0
0
-0.84804
-0.84804
-0.86069
-0.84804
-0.85281
-0.84804
-0.84804
-0.80631
-0.79791
13.4562
-0.86984
-0.94694
-0.7702
-0.86162
-0.7702
-0.82984
-0.84964
0
0
0
0
0
0
0
0
0
0
0
0
0
-0.84804
-0.84804
-0.86069
-0.84804
-0.85281
-0.84804
-0.84804
-0.80631
-0.79791
-0.86984
13.4562
-0.94694
-0.7702
-0.86162
-0.7702
-0.82984
-0.84964
0
0
0
0
0
0
0
0
0
0
0
0
0
-0.84347
-0.84347
-0.83174
-0.84347
-0.76835
-0.84347
-0.84347
-0.79578
-0.78097
-0.94694
-0.94694
17.1691
-0.75198
-0.81105
-0.75198
-0.81412
0
0
0
0
0
0
0
0
0
0
0
-4.7519
0
0
-0.73231
-0.73231
-0.74283
-0.73231
-0.73519
-0.73231
-0.73231
-0.69527
-0.6878
-0.7702
-0.7702
-0.75198
10.814
-0.69262
-0.62098
-0.68536
0
0
0
0
0
0
0
0
0
0
0
0
0
0
-0.79413
-0.79413
-0.78168
-0.79413
-0.72023
-0.79413
-0.79413
-0.75096
-0.73696
-0.86162
-0.86162
-0.81105
-0.69262
14.9907
-0.69262
0
0
0
0
0
0
0
0
0
-4.1107
0
0
0
0
0
-0.73231
-0.73231
-0.74283
-0.73231
-0.73519
-0.73231
-0.73231
-0.69527
-0.6878
-0.7702
-0.7702
-0.75198
-0.62098
-0.69262
10.814
-0.68536
0
0
0
0
0
0
0
0
0
0
0
0
0
0
-0.77368
-0.77368
-0.78637
-0.77368
-0.78163
-0.77368
-0.77368
-0.73459
-0.72721
-0.82984
-0.82984
-0.81412
-0.68536
0
-0.68536
10.7427
0
0
0
0
0
0
0
0
0
0
0
0
0
0
-0.78517
-0.78517
-0.79196
-0.78517
-0.78215
-0.78517
-0.78517
-0.74499
-0.74617
-0.84964
-0.84964
0
0
0
0
0
8.9666
0
0
0
0
0
-0.27619
0
0
0
0
0
0
0
-0.81013
-0.81013
-0.82761
-0.81013
-0.83198
-0.81013
-0.81013
-0.76985
-0.76276
0
0
0
0
0
0
0
0
7.2429
0
0
0
0
0
0
0
0
0
0
0
0
-0.81013
-0.81013
-0.82761
-0.81013
-0.83198
-0.81013
-0.81013
-0.76985
-0.76276
0
0
0
0
0
0
0
0
0
7.2429
0
0
0
0
0
0
0
0
0
0
0
-0.87153
-0.87153
-0.90459
-0.87153
0
-0.87153
-0.87153
-0.82353
0
0
0
0
0
0
0
0
0
0
0
6.0858
0
0
0
0
0
0
0
0
0
0
-0.84228
-0.84228
-0.87775
-0.84228
0
-0.84228
-0.84228
0
0
0
0
0
0
0
0
0
0
0
0
0
5.0891
0
0
0
0
0
0
0
0
0
-0.80272
-0.80272
0
-0.80272
0
-0.80272
-0.80272
0
0
0
0
0
0
0
0
0
0
0
0
0
0
4.0136
0
0
0
0
0
0
0
0
0
0
0
0
0
0
0
0
-0.23806
0
0
0
0
0
0
0
-0.27619
0
0
0
0
0
0.61875
0
0
0
0
0
-0.1045
0
0
0
0
0
-8.663
0
0
0
0
0
0
0
0
0
0
0
0
0
0
0
0
0
0
8.663
0
0
0
0
0
0
0
0
0
0
0
0
0
0
0
0
0
0
0
-4.1107
0
0
0
0
0
0
0
0
0
0
4.1107
0
0
0
0
0
0
0
0
0
-8.663
0
0
0
0
0
0
0
0
0
0
0
0
0
0
0
0
0
0
0
0
8.663
0
0
0
0
0
0
0
0
-8.663
0
0
0
0
0
0
0
0
0
0
0
0
0
0
0
0
0
0
0
0
0
8.663
0
0
0
0
0
0
0
0
0
0
0
0
0
0
-4.7519
0
0
0
0
0
0
0
0
0
0
0
0
0
0
0
4.7519
0
0
0
0
0
0
0
0
0
0
0
0
0
0
0
0
0
0
0
0
0
0
0
0
-0.1045
0
0
0
0
0
0.1045
0
0
0
-6.8359
0
0
0
0
0
0
0
0
0
0
0
0
0
0
0
0
0
0
0
0
0
0
0
0
0
0
6.8359
