13.7908
-0.75885
-0.75781
-0.72693
-0.72693
-0.75736
-0.76373
-0.72796
-0.76163
-0.76462
-0.81058
-0.84556
-0.87259
-0.87259
-0.83895
-0.77643
-0.73973
0
-0.66128
0
-0.62729
0
0
0
0
0
0
0
0
0
-0.75885
12.7425
-0.77528
-0.73906
-0.73906
-0.77632
-0.77851
-0.74064
-0.77607
-0.78185
-0.82811
-0.87996
-0.90264
-0.90264
-0.82388
-0.78366
-0.75593
0
0
0
0
0
0
0
0
0
0
0
0
0
-0.75781
-0.77528
12.54
-0.73638
-0.73638
-0.77834
-0.77881
-0.74115
-0.7757
-0.77954
-0.8323
-0.87271
-0.89748
-0.89748
0
-0.77336
-0.74853
0
-0.65875
0
0
0
0
0
0
0
0
0
0
0
-0.72693
-0.73906
-0.73638
11.3672
-0.70157
-0.74482
-0.74477
-0.71174
-0.74236
-0.747
-0.79007
-0.83052
-0.84797
-0.84797
0
-0.73664
-0.71943
0
0
0
0
0
0
0
0
0
0
0
0
0
-0.72693
-0.73906
-0.73638
-0.70157
11.3672
-0.74482
-0.74477
-0.71174
-0.74236
-0.747
-0.79007
-0.83052
-0.84797
-0.84797
0
-0.73664
-0.71943
0
0
0
0
0
0
0
0
0
0
0
0
0
-0.75736
-0.77632
-0.77834
-0.74482
-0.74482
8.4091
-0.79008
-0.73109
-0.78087
-0.81549
-0.82975
0
0
0
0
0
0
0
0
-0.66011
0
0
0
0
0
0
0
0
0
0
-0.76373
-0.77851
-0.77881
-0.74477
-0.74477
-0.79008
9.1782
-0.73415
-0.75959
-0.80039
-0.82867
0
0
0
0
0
0
-1.4547
0
0
0
0
0
0
0
0
0
0
0
0
-0.72796
-0.74064
-0.74115
-0.71174
-0.71174
-0.73109
-0.73415
7.3468
-0.72973
-0.75327
-0.76535
0
0
0
0
0
0
0
0
0
0
0
0
0
0
0
0
0
0
0
-0.76163
-0.77607
-0.7757
-0.74236
-0.74236
-0.78087
-0.75959
-0.72973
7.4449
0
0
0
0
0
0
0
0
-1.3766
0
0
0
0
0
0
0
0
0
0
0
0
-0.76462
-0.78185
-0.77954
-0.747
-0.747
-0.81549
-0.80039
-0.75327
0
7.0562
0
-0.86705
0
0
0
0
0
0
0
0
0
0
0
0
0
0
0
0
0
0
-0.81058
-0.82811
-0.8323
-0.79007
-0.79007
-0.82975
-0.82867
-0.76535
0
0
13.303
0
0
0
0
0
0
0
0
0
0
0
0
0
0
0
0
-6.8281
0
0
-0.84556
-0.87996
-0.87271
-0.83052
-0.83052
0
0
0
0
-0.86705
0
5.9226
0
0
0
0
0
0
0
-0.7963
0
0
0
0
0
0
0
0
0
0
-0.87259
-0.90264
-0.89748
-0.84797
-0.84797
0
0
0
0
0
0
0
10.0476
0
0
0
0
0
0
0
0
0
0
0
0
0
0
0
-5.679
0
-0.87259
-0.90264
-0.89748
-0.84797
-0.84797
0
0
0
0
0
0
0
0
10.0476
0
0
0
0
0
0
0
0
0
0
-5.679
0
0
0
0
0
-0.83895
-0.82388
0
0
0
0
0
0
0
0
0
0
0
0
5.5418
0
0
-1.4867
-0.82893
0
-0.91489
0
0
-0.64846
0
0
0
0
0
0
-0.77643
-0.78366
-0.77336
-0.73664
-0.73664
0
0
0
0
0
0
0
0
0
0
4.3731
0
0
0
0
0
-0.5664
0
0
0
0
0
0
0
0
-0.73973
-0.75593
-0.74853
-0.71943
-0.71943
0
0
0
0
0
0
0
0
0
0
0
3.683
0
0
0
0
0
0
0
0
0
0
0
0
0
0
0
0
0
0
0
-1.4547
0
-1.3766
0
0
0
0
0
-1.4867
0
0
7.9526
0
0
0
0
0
0
0
0
0
0
0
-3.6345
-0.66128
0
-0.65875
0
0
0
0
0
0
0
0
0
0
0
-0.82893
0
0
0
2.149
0
0
0
0
0
0
0
0
0
0
0
0
0
0
0
0
-0.66011
0
0
0
0
0
-0.7963
0
0
0
0
0
0
0
2.1538
0
0
0
0
0
0
-0.69736
0
0
0
-0.62729
0
0
0
0
0
0
0
0
0
0
0
0
0
-0.91489
0
0
0
0
0
2.2048
0
0
0
0
-0.66259
0
0
0
0
0
0
0
0
0
0
0
0
0
0
0
0
0
0
0
-0.5664
0
0
0
0
0
2.1709
-1.6045
0
0
0
0
0
0
0
0
0
0
0
0
0
0
0
0
0
0
0
0
0
0
0
0
0
0
0
0
-1.6045
3.4913
-1.8868
0
0
0
0
0
0
0
0
0
0
0
0
0
0
0
0
0
0
0
0
-0.64846
0
0
0
0
0
0
0
-1.8868
2.5352
0
0
0
0
0
0
0
0
0
0
0
0
0
0
0
0
0
0
0
-5.679
0
0
0
0
0
0
0
0
0
0
5.679
0
0
0
0
0
0
0
0
0
0
0
0
0
0
0
0
0
0
0
0
0
0
0
0
0
-0.66259
0
0
0
0
0.66259
0
0
0
0
0
0
0
0
0
0
0
0
0
0
0
0
0
0
0
0
0
0
0
-0.69736
0
0
0
0
0
0
0.69736
0
0
0
0
0
0
0
0
0
0
0
0
0
-6.8281
0
0
0
0
0
0
0
0
0
0
0
0
0
0
0
0
6.8281
0
0
0
0
0
0
0
0
0
0
0
0
0
0
-5.679
0
0
0
0
0
0
0
0
0
0
0
0
0
0
0
5.679
0
0
0
0
0
0
0
0
0
0
0
0
0
0
0
0
0
0
-3.6345
0
0
0
0
0
0
0
0
0
0
0
3.6345
