15.5237
-0.66147
-0.68953
-0.67911
-0.65396
-0.68979
-0.6875
-0.64615
-0.72864
-0.64245
-0.64245
-0.6715
-0.6715
-0.6715
-0.65651
-0.73746
-0.77914
-0.81805
-1.5126
-1.0846
0
-1.0846
-0.11534
0
0
0
0
0
0
0
-0.66147
15.5237
-0.68953
-0.67911
-0.65396
-0.68979
-0.6875
-0.64615
-0.72864
-0.64245
-0.64245
-0.6715
-0.6715
-0.6715
-0.65651
-0.73746
-0.77914
-0.81805
-1.5126
-1.0846
0
-1.0846
-0.11534
0
0
0
0
0
0
0
-0.68953
-0.68953
13.7317
-0.70597
-0.67021
-0.73055
-0.70889
-0.66597
-0.7568
-0.66015
-0.66015
-0.69006
-0.69006
-0.69006
-0.6989
-0.76839
-0.79272
-0.82796
-1.5115
0
0
0
-0.12434
0
0
0
0
0
0
0
-0.67911
-0.67911
-0.70597
23.5785
-0.67573
-0.70416
-0.69912
-0.65485
-0.73032
-0.65017
-0.65017
-0.67959
-0.67959
-0.67959
-0.69113
-0.72735
-0.78497
-0.82031
0
0
0
0
0
0
0
0
0
0
0
-11.6873
-0.65396
-0.65396
-0.67021
-0.67573
13.015
-0.69214
-0.6775
-0.63523
-0.71612
-0.62929
-0.62929
-0.6577
-0.6577
-0.6577
-0.67264
-0.7247
-0.75487
-0.78808
-1.4682
0
0
0
0
0
0
0
0
0
0
0
-0.68979
-0.68979
-0.73055
-0.70416
-0.69214
21.2509
-0.76602
-0.68582
-0.74912
-0.67546
-0.67546
-0.70614
-0.70614
-0.70614
-0.73021
0
0
0
0
0
-0.30211
0
0
0
0
0
0
0
-11.0419
0
-0.6875
-0.6875
-0.70889
-0.69912
-0.6775
-0.76602
11.2575
-0.65757
-0.74418
-0.6567
-0.6567
-0.68644
-0.68644
-0.68644
-0.70577
-0.75862
-0.79213
0
0
0
0
0
0
0
0
0
0
0
0
0
-0.64615
-0.64615
-0.66597
-0.65485
-0.63523
-0.68582
-0.65757
9.7896
-0.68589
-0.61369
-0.61369
-0.64136
-0.64136
-0.64136
-0.65771
-0.70276
0
0
0
0
0
0
0
0
0
0
0
0
0
0
-0.72864
-0.72864
-0.7568
-0.73032
-0.71612
-0.74912
-0.74418
-0.68589
19.9949
-0.70427
-0.70427
-0.7364
-0.7364
-0.7364
0
0
0
0
0
0
0
0
0
-10.5375
0
0
0
0
0
0
-0.64245
-0.64245
-0.66015
-0.65017
-0.62929
-0.67546
-0.6567
-0.61369
-0.70427
8.3363
-0.59533
-0.62213
-0.62213
-0.62213
0
0
0
0
0
0
0
0
0
0
0
0
0
0
0
0
-0.64245
-0.64245
-0.66015
-0.65017
-0.62929
-0.67546
-0.6567
-0.61369
-0.70427
-0.59533
8.3363
-0.62213
-0.62213
-0.62213
0
0
0
0
0
0
0
0
0
0
0
0
0
0
0
0
-0.6715
-0.6715
-0.69006
-0.67959
-0.6577
-0.70614
-0.68644
-0.64136
-0.7364
-0.62213
-0.62213
7.3849
0
0
0
0
0
0
0
0
0
0
0
0
0
0
0
0
0
0
-0.6715
-0.6715
-0.69006
-0.67959
-0.6577
-0.70614
-0.68644
-0.64136
-0.7364
-0.62213
-0.62213
0
7.3849
0
0
0
0
0
0
0
0
0
0
0
0
0
0
0
0
0
-0.6715
-0.6715
-0.69006
-0.67959
-0.6577
-0.70614
-0.68644
-0.64136
-0.7364
-0.62213
-0.62213
0
0
7.3849
0
0
0
0
0
0
0
0
0
0
0
0
0
0
0
0
-0.65651
-0.65651
-0.6989
-0.69113
-0.67264
-0.73021
-0.70577
-0.65771
0
0
0
0
0
0
5.821
0
0
0
0
0
-0.35164
0
0
0
0
0
0
0
0
0
-0.73746
-0.73746
-0.76839
-0.72735
-0.7247
0
-0.75862
-0.70276
0
0
0
0
0
0
0
11.8126
0
0
0
0
0
0
0
0
-6.6558
0
0
0
0
0
-0.77914
-0.77914
-0.79272
-0.78497
-0.75487
0
-0.79213
0
0
0
0
0
0
0
0
0
4.683
0
0
0
0
0
0
0
0
0
0
0
0
0
-0.81805
-0.81805
-0.82796
-0.82031
-0.78808
0
0
0
0
0
0
0
0
0
0
0
0
4.0725
0
0
0
0
0
0
0
0
0
0
0
0
-1.5126
-1.5126
-1.5115
0
-1.4682
0
0
0
0
0
0
0
0
0
0
0
0
0
6.0048
0
0
0
0
0
0
0
0
0
0
0
-1.0846
-1.0846
0
0
0
0
0
0
0
0
0
0
0
0
0
0
0
0
0
4.0777
0
0
0
0
0
0
-1.9086
0
0
0
0
0
0
0
0
-0.30211
0
0
0
0
0
0
0
0
-0.35164
0
0
0
0
0
0.75824
0
0
0
0
0
0
-0.1045
0
0
-1.0846
-1.0846
0
0
0
0
0
0
0
0
0
0
0
0
0
0
0
0
0
0
0
4.0777
0
0
0
-1.9086
0
0
0
0
-0.11534
-0.11534
-0.12434
0
0
0
0
0
0
0
0
0
0
0
0
0
0
0
0
0
0
0
0.35502
0
0
0
0
0
0
0
0
0
0
0
0
0
0
0
-10.5375
0
0
0
0
0
0
0
0
0
0
0
0
0
0
10.5375
0
0
0
0
0
0
0
0
0
0
0
0
0
0
0
0
0
0
0
0
0
-6.6558
0
0
0
0
0
0
0
0
6.6558
0
0
0
0
0
0
0
0
0
0
0
0
0
0
0
0
0
0
0
0
0
0
0
0
0
0
-1.9086
0
0
0
1.9086
0
0
0
0
0
0
0
0
0
0
0
0
0
0
0
0
0
0
0
0
0
0
0
-1.9086
0
0
0
0
0
0
1.9086
0
0
0
0
0
0
0
0
0
0
0
0
0
0
0
0
0
0
0
0
0
0
0
-0.1045
0
0
0
0
0
0
0.1045
0
0
0
0
0
0
0
-11.0419
0
0
0
0
0
0
0
0
0
0
0
0
0
0
0
0
0
0
0
0
0
0
11.0419
0
0
0
0
-11.6873
0
0
0
0
0
0
0
0
0
0
0
0
0
0
0
0
0
0
0
0
0
0
0
0
0
11.6873
