39.902
-0.40917
-0.38955
-0.35849
-0.38955
-0.38955
-0.38955
-0.38955
-0.36112
-0.35993
-0.37161
-0.33225
-0.38019
-0.38019
-0.38019
-0.26845
-0.35437
0
0
0
-11.3328
0
0
0
-11.3328
0
0
-11.3328
0
0
-0.40917
12.6822
-0.44296
-0.41967
-0.44296
-0.44296
-0.44296
-0.44296
-0.41127
-0.40103
-0.42361
-0.3903
-0.42475
-0.42475
-0.42475
-0.30695
-0.4043
0
0
0
0
0
0
0
0
-6.0268
0
0
0
0
-0.38955
-0.44296
6.2255
-0.40652
-0.40166
-0.40166
-0.40166
-0.40166
-0.38294
-0.37259
-0.39282
-0.36963
-0.39579
-0.39579
-0.39579
-0.29657
-0.37794
0
0
0
0
0
0
0
0
0
0
0
0
0
-0.35849
-0.41967
-0.40652
21.2687
-0.40652
-0.40652
-0.40652
-0.40652
-0.36358
-0.3626
-0.37333
-0.33869
-0.37869
-0.37869
-0.37869
0
0
0
0
-7.9418
0
0
0
0
0
0
0
0
-7.9418
0
-0.38955
-0.44296
-0.40166
-0.40652
6.2255
-0.40166
-0.40166
-0.40166
-0.38294
-0.37259
-0.39282
-0.36963
-0.39579
-0.39579
-0.39579
-0.29657
-0.37794
0
0
0
0
0
0
0
0
0
0
0
0
0
-0.38955
-0.44296
-0.40166
-0.40652
-0.40166
6.2255
-0.40166
-0.40166
-0.38294
-0.37259
-0.39282
-0.36963
-0.39579
-0.39579
-0.39579
-0.29657
-0.37794
0
0
0
0
0
0
0
0
0
0
0
0
0
-0.38955
-0.44296
-0.40166
-0.40652
-0.40166
-0.40166
6.2255
-0.40166
-0.38294
-0.37259
-0.39282
-0.36963
-0.39579
-0.39579
-0.39579
-0.29657
-0.37794
0
0
0
0
0
0
0
0
0
0
0
0
0
-0.38955
-0.44296
-0.40166
-0.40652
-0.40166
-0.40166
-0.40166
6.2255
-0.38294
-0.37259
-0.39282
-0.36963
-0.39579
-0.39579
-0.39579
-0.29657
-0.37794
0
0
0
0
0
0
0
0
0
0
0
0
0
-0.36112
-0.41127
-0.38294
-0.36358
-0.38294
-0.38294
-0.38294
-0.38294
9.052
-0.34878
-0.36086
-0.3368
-0.36514
-0.36514
-0.36514
0
0
0
0
0
0
-3.8595
0
0
0
0
0
0
0
0
-0.35993
-0.40103
-0.37259
-0.3626
-0.37259
-0.37259
-0.37259
-0.37259
-0.34878
5.4549
-0.35587
-0.33778
-0.36099
-0.36099
-0.36099
0
-0.34306
0
0
0
0
0
0
0
0
0
0
0
0
0
-0.37161
-0.42361
-0.39282
-0.37333
-0.39282
-0.39282
-0.39282
-0.39282
-0.36086
-0.35587
7.6794
0
-0.37506
-0.37506
-0.37506
0
0
0
0
0
0
0
0
0
0
0
-2.7049
0
0
0
-0.33225
-0.3903
-0.36963
-0.33869
-0.36963
-0.36963
-0.36963
-0.36963
-0.3368
-0.33778
0
15.2853
0
0
0
0
0
-5.8507
0
0
0
0
0
-5.8507
0
0
0
0
0
0
-0.38019
-0.42475
-0.39579
-0.37869
-0.39579
-0.39579
-0.39579
-0.39579
-0.36514
-0.36099
-0.37506
0
4.2638
0
0
0
0
0
0
0
0
0
0
0
0
0
0
0
0
0
-0.38019
-0.42475
-0.39579
-0.37869
-0.39579
-0.39579
-0.39579
-0.39579
-0.36514
-0.36099
-0.37506
0
0
4.2638
0
0
0
0
0
0
0
0
0
0
0
0
0
0
0
0
-0.38019
-0.42475
-0.39579
-0.37869
-0.39579
-0.39579
-0.39579
-0.39579
-0.36514
-0.36099
-0.37506
0
0
0
4.2638
0
0
0
0
0
0
0
0
0
0
0
0
0
0
0
-0.26845
-0.30695
-0.29657
0
-0.29657
-0.29657
-0.29657
-0.29657
0
0
0
0
0
0
0
10.7198
0
0
-4.3308
0
0
0
0
0
0
0
0
0
0
-4.3308
-0.35437
-0.4043
-0.37794
0
-0.37794
-0.37794
-0.37794
-0.37794
0
-0.34306
0
0
0
0
0
0
3.0959
0
0
0
0
0
-0.1045
0
0
0
0
0
0
0
0
0
0
0
0
0
0
0
0
0
0
-5.8507
0
0
0
0
0
5.8507
0
0
0
0
0
0
0
0
0
0
0
0
0
0
0
0
0
0
0
0
0
0
0
0
0
0
0
-4.3308
0
0
4.3308
0
0
0
0
0
0
0
0
0
0
0
0
0
0
-7.9418
0
0
0
0
0
0
0
0
0
0
0
0
0
0
0
7.9418
0
0
0
0
0
0
0
0
0
0
-11.3328
0
0
0
0
0
0
0
0
0
0
0
0
0
0
0
0
0
0
0
11.3328
0
0
0
0
0
0
0
0
0
0
0
0
0
0
0
0
0
-3.8595
0
0
0
0
0
0
0
0
0
0
0
0
3.8595
0
0
0
0
0
0
0
0
0
0
0
0
0
0
0
0
0
0
0
0
0
0
0
0
-0.1045
0
0
0
0
0
0.1045
0
0
0
0
0
0
0
0
0
0
0
0
0
0
0
0
0
0
-5.8507
0
0
0
0
0
0
0
0
0
0
0
5.8507
0
0
0
0
0
0
-11.3328
0
0
0
0
0
0
0
0
0
0
0
0
0
0
0
0
0
0
0
0
0
0
0
11.3328
0
0
0
0
0
0
-6.0268
0
0
0
0
0
0
0
0
0
0
0
0
0
0
0
0
0
0
0
0
0
0
0
6.0268
0
0
0
0
0
0
0
0
0
0
0
0
0
0
-2.7049
0
0
0
0
0
0
0
0
0
0
0
0
0
0
0
2.7049
0
0
0
-11.3328
0
0
0
0
0
0
0
0
0
0
0
0
0
0
0
0
0
0
0
0
0
0
0
0
0
0
11.3328
0
0
0
0
0
-7.9418
0
0
0
0
0
0
0
0
0
0
0
0
0
0
0
0
0
0
0
0
0
0
0
0
7.9418
0
0
0
0
0
0
0
0
0
0
0
0
0
0
0
0
-4.3308
0
0
0
0
0
0
0
0
0
0
0
0
0
4.3308
