20.0496
-0.69872
-0.69106
-0.7006
-0.72129
-0.70911
-0.66618
-0.66618
-0.7054
-0.68785
-0.6759
-0.6759
-0.72318
-0.68479
-0.6763
-0.66737
-0.85546
0
-0.59978
0
0
0
0
-1.9587
-6.2858
0
0
0
0
0
-0.69872
18.1397
-0.68009
-0.6894
-0.70243
-0.7007
-0.65585
-0.65585
-0.68946
-0.67711
-0.66542
-0.66542
-0.7098
-0.67452
-0.6663
-0.65023
-0.84293
0
-0.59203
0
0
0
0
0
0
0
0
-6.5234
0
0
-0.69106
-0.68009
11.4575
-0.67913
-0.69071
-0.69293
-0.64472
-0.64472
-0.68656
-0.66452
-0.6533
-0.6533
-0.71404
-0.66086
-0.65273
-0.66319
-0.81485
0
-0.57085
0
0
0
0
0
0
0
0
0
0
0
-0.7006
-0.6894
-0.67913
11.0649
-0.7025
-0.7044
-0.65536
-0.65536
-0.69728
-0.67695
-0.66538
-0.66538
-0.72329
-0.67375
-0.66541
-0.67169
-0.83902
0
0
0
0
0
0
0
0
0
0
0
0
0
-0.72129
-0.70243
-0.69071
-0.7025
13.4425
-0.71895
-0.6598
-0.6598
-0.70041
-0.68497
-0.67319
-0.67319
-0.72441
-0.68255
-0.67402
0
0
0
0
0
0
-3.7742
0
0
0
0
0
0
0
0
-0.70911
-0.7007
-0.69293
-0.7044
-0.71895
15.1864
-0.66371
-0.66371
-0.70461
-0.6894
-0.67749
-0.67749
-0.72333
-0.68694
-0.67834
0
0
0
0
0
0
0
0
0
0
-5.4953
0
0
0
0
-0.66618
-0.65585
-0.64472
-0.65536
-0.6598
-0.66371
9.033
-0.60124
-0.65459
-0.63757
-0.62678
-0.62678
-0.68231
-0.63281
-0.62528
0
0
0
0
0
0
0
0
0
0
0
0
0
0
0
-0.66618
-0.65585
-0.64472
-0.65536
-0.6598
-0.66371
-0.60124
9.033
-0.65459
-0.63757
-0.62678
-0.62678
-0.68231
-0.63281
-0.62528
0
0
0
0
0
0
0
0
0
0
0
0
0
0
0
-0.7054
-0.68946
-0.68656
-0.69728
-0.70041
-0.70461
-0.65459
-0.65459
14.1014
-0.68236
-0.66783
-0.66783
0
0
0
0
0
-2.0369
0
0
0
0
0
0
0
0
0
0
0
-4.5535
-0.68785
-0.67711
-0.66452
-0.67695
-0.68497
-0.6894
-0.63757
-0.63757
-0.68236
7.9716
-0.6412
-0.6412
0
-0.65092
0
0
0
0
0
0
0
0
0
0
0
0
0
0
0
0
-0.6759
-0.66542
-0.6533
-0.66538
-0.67319
-0.67749
-0.62678
-0.62678
-0.66783
-0.6412
7.185
-0.61177
0
0
0
0
0
0
0
0
0
0
0
0
0
0
0
0
0
0
-0.6759
-0.66542
-0.6533
-0.66538
-0.67319
-0.67749
-0.62678
-0.62678
-0.66783
-0.6412
-0.61177
7.185
0
0
0
0
0
0
0
0
0
0
0
0
0
0
0
0
0
0
-0.72318
-0.7098
-0.71404
-0.72329
-0.72441
-0.72333
-0.68231
-0.68231
0
0
0
0
11.7899
0
0
0
0
0
0
0
0
0
-3.6182
0
0
0
-2.4891
0
0
0
-0.68479
-0.67452
-0.66086
-0.67375
-0.68255
-0.68694
-0.63281
-0.63281
0
-0.65092
0
0
0
5.9799
0
0
0
0
0
0
0
0
0
0
0
0
0
0
0
0
-0.6763
-0.6663
-0.65273
-0.66541
-0.67402
-0.67834
-0.62528
-0.62528
0
0
0
0
0
0
5.2637
0
0
0
0
0
0
0
0
0
0
0
0
0
0
0
-0.66737
-0.65023
-0.66319
-0.67169
0
0
0
0
0
0
0
0
0
0
0
2.757
0
0
0
0
0
0
0
0
0
0
0
0
-0.1045
0
-0.85546
-0.84293
-0.81485
-0.83902
0
0
0
0
0
0
0
0
0
0
0
0
3.3523
0
0
0
0
0
0
0
0
0
0
0
0
0
0
0
0
0
0
0
0
0
-2.0369
0
0
0
0
0
0
0
0
6.1435
0
-1.4868
0
-1.4491
-1.1706
0
0
0
0
0
0
0
-0.59978
-0.59203
-0.57085
0
0
0
0
0
0
0
0
0
0
0
0
0
0
0
1.7627
0
0
0
0
0
0
0
0
0
0
0
0
0
0
0
0
0
0
0
0
0
0
0
0
0
0
0
0
-1.4868
0
5.985
-4.4982
0
0
0
0
0
0
0
0
0
0
0
0
0
0
0
0
0
0
0
0
0
0
0
0
0
0
0
0
-4.4982
7.096
0
0
-2.5978
0
0
0
0
0
0
0
0
0
0
-3.7742
0
0
0
0
0
0
0
0
0
0
0
0
-1.4491
0
0
0
5.2233
0
0
0
0
0
0
0
0
0
0
0
0
0
0
0
0
0
0
0
0
-3.6182
0
0
0
0
-1.1706
0
0
0
0
4.7889
0
0
0
0
0
0
0
-1.9587
0
0
0
0
0
0
0
0
0
0
0
0
0
0
0
0
0
0
0
-2.5978
0
0
4.5565
0
0
0
0
0
0
-6.2858
0
0
0
0
0
0
0
0
0
0
0
0
0
0
0
0
0
0
0
0
0
0
0
6.2858
0
0
0
0
0
0
0
0
0
0
-5.4953
0
0
0
0
0
0
0
0
0
0
0
0
0
0
0
0
0
0
0
5.4953
0
0
0
0
0
0
0
0
0
0
0
0
0
0
0
0
-2.4891
0
0
0
0
0
0
0
0
0
0
0
0
0
2.4891
0
0
0
0
-6.5234
0
0
0
0
0
0
0
0
0
0
0
0
0
0
0
0
0
0
0
0
0
0
0
0
0
6.5234
0
0
0
0
0
0
0
0
0
0
0
0
0
0
0
0
0
-0.1045
0
0
0
0
0
0
0
0
0
0
0
0
0.1045
0
0
0
0
0
0
0
0
0
-4.5535
0
0
0
0
0
0
0
0
0
0
0
0
0
0
0
0
0
0
0
0
4.5535
