36.1561
-0.10092
-0.10245
-0.11549
-0.24801
-0.10461
-0.10452
-0.10455
-0.1045
-0.10845
-0.10196
-0.10764
-0.10798
-0.12467
-0.10784
-0.10788
-0.13082
-0.58567
-3.4385
0
-2.6946
0
0
0
0
-9.4243
0
-8.6976
0
-9.4331
-0.10092
21.0054
-0.10453
-0.10513
-0.10707
-0.1959
-0.18936
-0.1944
-0.19389
-0.3684
-0.10241
-0.37369
-0.37438
-0.29746
-0.37221
-0.37646
-0.51209
-2.0258
-1.9673
0
-2.0286
0
-5.5077
-5.5077
0
0
0
0
0
0
-0.10245
-0.10453
10.8629
-0.13094
-0.58263
-0.20951
-0.35023
-0.29631
-0.29474
-0.62947
-0.77088
-0.62051
-0.63835
-0.7525
-0.64311
-0.61065
-0.668
-1.3177
-2.1403
0
0
0
0
0
0
0
0
0
0
0
-0.11549
-0.10513
-0.13094
9.9784
-0.12707
-0.40858
-0.15747
-0.18406
-0.18874
-0.51607
-0.69722
-0.20862
-0.38257
-1.9435
-0.3591
-0.42037
-0.18027
-1.3325
0
-2.5207
0
0
0
0
0
0
0
0
0
0
-0.24801
-0.10707
-0.58263
-0.12707
9.7899
-0.24182
-0.49673
-0.47641
-0.46962
-0.33336
-0.39074
-0.65897
-0.53143
-0.10698
-0.5173
-0.41893
-1.1713
0
0
-2.9115
0
0
0
0
0
0
0
0
0
0
-0.10461
-0.1959
-0.20951
-0.40858
-0.24182
11.2553
-0.49277
-1.111
-0.57539
-0.35947
-1.0113
-1.0957
-0.84371
-0.1587
-0.91133
-0.99511
-1.1166
-1.4238
0
0
0
0
0
0
0
0
0
0
0
0
-0.10452
-0.18936
-0.35023
-0.15747
-0.49673
-0.49277
11.441
-0.96618
-1.0423
-1.8067
-1.0286
-0.60388
-0.79516
-0.18357
-0.76685
-0.37143
-0.64865
-1.4367
0
0
0
0
0
0
0
0
0
0
0
0
-0.10455
-0.1944
-0.29631
-0.18406
-0.47641
-1.111
-0.96618
12.3866
-1.346
-0.41296
-1.0097
-1.3796
-0.67543
-0.15007
-0.85857
-0.78579
-1.0131
-1.4225
0
0
0
0
0
0
0
0
0
0
0
0
-0.1045
-0.19389
-0.29474
-0.18874
-0.46962
-0.57539
-1.0423
-1.346
11.702
-0.49046
-1.0218
-0.58997
-0.99176
-0.17689
-0.86638
-0.97627
-0.94022
-1.4331
0
0
0
0
0
0
0
0
0
0
0
0
-0.10845
-0.3684
-0.62947
-0.51607
-0.33336
-0.35947
-1.8067
-0.41296
-0.49046
7.7806
-0.76233
-0.19856
-0.18305
-0.10975
-0.19852
-0.14323
-1.1599
0
0
0
0
0
0
0
0
0
0
0
0
0
-0.10196
-0.10241
-0.77088
-0.69722
-0.39074
-1.0113
-1.0286
-1.0097
-1.0218
-0.76233
15.6424
-0.68522
-0.66932
-0.59039
-0.6755
-0.66054
0
0
0
0
0
0
0
0
0
0
0
0
-5.4645
0
-0.10764
-0.37369
-0.62051
-0.20862
-0.65897
-1.0957
-0.60388
-1.3796
-0.58997
-0.19856
-0.68522
7.436
-0.23775
-0.11063
-0.38774
-0.17752
0
0
0
0
0
0
0
0
0
0
0
0
0
0
-0.10798
-0.37438
-0.63835
-0.38257
-0.53143
-0.84371
-0.79516
-0.67543
-0.99176
-0.18305
-0.66932
-0.23775
6.802
-0.1105
-0.2606
0
0
0
0
0
0
0
0
0
0
0
0
0
0
0
-0.12467
-0.29746
-0.7525
-1.9435
-0.10698
-0.1587
-0.18357
-0.15007
-0.17689
-0.10975
-0.59039
-0.11063
-0.1105
4.9267
-0.1111
0
0
0
0
0
0
0
0
0
0
0
0
0
0
0
-0.10784
-0.37221
-0.64311
-0.3591
-0.5173
-0.91133
-0.76685
-0.85857
-0.86638
-0.19852
-0.6755
-0.38774
-0.2606
-0.1111
7.0361
0
0
0
0
0
0
0
0
0
0
0
0
0
0
0
-0.10788
-0.37646
-0.61065
-0.42037
-0.41893
-0.99511
-0.37143
-0.78579
-0.97627
-0.14323
-0.66054
-0.17752
0
0
0
6.0442
0
0
0
0
0
0
0
0
0
0
0
0
0
0
-0.13082
-0.51209
-0.668
-0.18027
-1.1713
-1.1166
-0.64865
-1.0131
-0.94022
-1.1599
0
0
0
0
0
0
7.541
0
0
0
0
0
0
0
0
0
0
0
0
0
-0.58567
-2.0258
-1.3177
-1.3325
0
-1.4238
-1.4367
-1.4225
-1.4331
0
0
0
0
0
0
0
0
17.0948
0
0
0
-6.117
0
0
0
0
0
0
0
0
-3.4385
-1.9673
-2.1403
0
0
0
0
0
0
0
0
0
0
0
0
0
0
0
12.9524
0
0
0
0
0
-5.4064
0
0
0
0
0
0
0
0
-2.5207
-2.9115
0
0
0
0
0
0
0
0
0
0
0
0
0
0
9.6584
0
0
0
0
0
0
-4.2262
0
0
0
-2.6946
-2.0286
0
0
0
0
0
0
0
0
0
0
0
0
0
0
0
0
0
0
4.7232
0
0
0
0
0
0
0
0
0
0
0
0
0
0
0
0
0
0
0
0
0
0
0
0
0
0
-6.117
0
0
0
6.117
0
0
0
0
0
0
0
0
0
-5.5077
0
0
0
0
0
0
0
0
0
0
0
0
0
0
0
0
0
0
0
0
5.5077
0
0
0
0
0
0
0
0
-5.5077
0
0
0
0
0
0
0
0
0
0
0
0
0
0
0
0
0
0
0
0
0
5.5077
0
0
0
0
0
0
0
0
0
0
0
0
0
0
0
0
0
0
0
0
0
0
0
0
-5.4064
0
0
0
0
0
5.4064
0
0
0
0
0
-9.4243
0
0
0
0
0
0
0
0
0
0
0
0
0
0
0
0
0
0
0
0
0
0
0
0
9.4243
0
0
0
0
0
0
0
0
0
0
0
0
0
0
0
0
0
0
0
0
0
0
0
-4.2262
0
0
0
0
0
0
4.2262
0
0
0
-8.6976
0
0
0
0
0
0
0
0
0
0
0
0
0
0
0
0
0
0
0
0
0
0
0
0
0
0
8.6976
0
0
0
0
0
0
0
0
0
0
0
0
-5.4645
0
0
0
0
0
0
0
0
0
0
0
0
0
0
0
0
0
5.4645
0
-9.4331
0
0
0
0
0
0
0
0
0
0
0
0
0
0
0
0
0
0
0
0
0
0
0
0
0
0
0
0
9.4331
