31.569
-0.56369
-0.56239
-0.56253
-0.5623
-0.56007
-0.56007
-0.56077
-0.55765
-0.56077
-0.55765
-0.56077
-0.56594
-0.57924
-0.58921
-0.77878
-0.77878
-0.77878
0
0
-5.3324
-5.3324
0
-5.3324
0
0
0
0
-5.3324
0
-0.56369
18.9252
-0.56154
-0.56217
-0.56151
-0.56023
-0.56023
-0.56092
-0.55503
-0.56092
-0.55503
-0.56092
-0.56634
-0.57829
-0.58876
-0.73963
-0.73963
-0.73963
-4.4053
0
0
0
0
0
0
-4.4053
0
0
0
0
-0.56239
-0.56154
9.3599
-0.56207
-0.56155
-0.56138
-0.56138
-0.56204
-0.55225
-0.56204
-0.55225
-0.56204
-0.5676
0
0
0
0
0
0
0
0
0
0
0
0
0
0
0
0
-2.6314
-0.56253
-0.56217
-0.56207
7.3172
-0.56318
-0.5624
-0.5624
-0.56304
-0.55381
-0.56304
-0.55381
-0.56304
-0.56835
-0.57741
0
0
0
0
0
0
0
0
0
0
0
0
0
0
0
0
-0.5623
-0.56151
-0.56155
-0.56318
6.5219
-0.5615
-0.5615
-0.56216
0
-0.56216
0
-0.56216
0
0
0
0
0
0
0
-1.4639
0
0
0
0
0
0
0
0
0
0
-0.56007
-0.56023
-0.56138
-0.5624
-0.5615
3.3653
-0.5597
0
0
0
0
0
0
0
0
0
0
0
0
0
0
0
0
0
0
0
0
0
0
0
-0.56007
-0.56023
-0.56138
-0.5624
-0.5615
-0.5597
3.3653
0
0
0
0
0
0
0
0
0
0
0
0
0
0
0
0
0
0
0
0
0
0
0
-0.56077
-0.56092
-0.56204
-0.56304
-0.56216
0
0
2.8089
0
0
0
0
0
0
0
0
0
0
0
0
0
0
0
0
0
0
0
0
0
0
-0.55765
-0.55503
-0.55225
-0.55381
0
0
0
0
2.8075
0
0
0
0
0
0
0
0
0
0
0
0
0
0
0
0
0
-0.58879
0
0
0
-0.56077
-0.56092
-0.56204
-0.56304
-0.56216
0
0
0
0
2.8089
0
0
0
0
0
0
0
0
0
0
0
0
0
0
0
0
0
0
0
0
-0.55765
-0.55503
-0.55225
-0.55381
0
0
0
0
0
0
2.8075
0
0
0
0
0
0
0
0
0
0
0
0
0
0
0
0
-0.58879
0
0
-0.56077
-0.56092
-0.56204
-0.56304
-0.56216
0
0
0
0
0
0
2.8089
0
0
0
0
0
0
0
0
0
0
0
0
0
0
0
0
0
0
-0.56594
-0.56634
-0.5676
-0.56835
0
0
0
0
0
0
0
0
2.2682
0
0
0
0
0
0
0
0
0
0
0
0
0
0
0
0
0
-0.57924
-0.57829
0
-0.57741
0
0
0
0
0
0
0
0
0
2.3314
0
0
0
0
0
0
0
0
-0.59642
0
0
0
0
0
0
0
-0.58921
-0.58876
0
0
0
0
0
0
0
0
0
0
0
0
1.774
0
0
0
0
0
0
0
0
0
-0.59603
0
0
0
0
0
-0.77878
-0.73963
0
0
0
0
0
0
0
0
0
0
0
0
0
1.5184
0
0
0
0
0
0
0
0
0
0
0
0
0
0
-0.77878
-0.73963
0
0
0
0
0
0
0
0
0
0
0
0
0
0
1.5184
0
0
0
0
0
0
0
0
0
0
0
0
0
-0.77878
-0.73963
0
0
0
0
0
0
0
0
0
0
0
0
0
0
0
1.5184
0
0
0
0
0
0
0
0
0
0
0
0
0
-4.4053
0
0
0
0
0
0
0
0
0
0
0
0
0
0
0
0
4.4053
0
0
0
0
0
0
0
0
0
0
0
0
0
0
0
-1.4639
0
0
0
0
0
0
0
0
0
0
0
0
0
0
1.4639
0
0
0
0
0
0
0
0
0
0
-5.3324
0
0
0
0
0
0
0
0
0
0
0
0
0
0
0
0
0
0
0
5.3324
0
0
0
0
0
0
0
0
0
-5.3324
0
0
0
0
0
0
0
0
0
0
0
0
0
0
0
0
0
0
0
0
5.3324
0
0
0
0
0
0
0
0
0
0
0
0
0
0
0
0
0
0
0
0
0
-0.59642
0
0
0
0
0
0
0
0
0.59642
0
0
0
0
0
0
0
-5.3324
0
0
0
0
0
0
0
0
0
0
0
0
0
0
0
0
0
0
0
0
0
0
5.3324
0
0
0
0
0
0
0
0
0
0
0
0
0
0
0
0
0
0
0
0
-0.59603
0
0
0
0
0
0
0
0
0
0.59603
0
0
0
0
0
0
-4.4053
0
0
0
0
0
0
0
0
0
0
0
0
0
0
0
0
0
0
0
0
0
0
0
4.4053
0
0
0
0
0
0
0
0
0
0
0
0
-0.58879
0
0
0
0
0
0
0
0
0
0
0
0
0
0
0
0
0
0.58879
0
0
0
0
0
0
0
0
0
0
0
0
0
-0.58879
0
0
0
0
0
0
0
0
0
0
0
0
0
0
0
0
0.58879
0
0
-5.3324
0
0
0
0
0
0
0
0
0
0
0
0
0
0
0
0
0
0
0
0
0
0
0
0
0
0
0
5.3324
0
0
0
-2.6314
0
0
0
0
0
0
0
0
0
0
0
0
0
0
0
0
0
0
0
0
0
0
0
0
0
0
2.6314
