27.2361
-0.52086
-0.49696
-0.46799
-0.49481
-0.49696
-0.48807
-0.37158
-0.3806
-0.37158
-0.37158
-0.40062
-0.4154
0
-0.15343
0
0
0
0
0
0
0
-10.9028
0
0
0
0
0
0
-10.9028
-0.52086
20.2078
-0.50451
-0.47879
-0.51066
-0.50451
-0.48421
-0.37147
-0.38855
-0.37147
-0.37147
-0.4191
-0.43454
-0.45472
0
0
0
-4.9933
0
0
0
0
0
-9.3996
0
0
0
0
0
0
-0.49696
-0.50451
8.442
-0.44454
-0.47075
-0.40951
-0.4789
-0.33037
-0.35669
-0.33037
-0.33037
-0.37543
-0.40119
-0.42613
0
0
0
0
0
0
0
-3.0863
0
0
0
0
0
0
0
0
-0.46799
-0.47879
-0.44454
5.3404
-0.44947
-0.44454
-0.47422
-0.32402
-0.34755
-0.32402
-0.32402
-0.36478
-0.38489
-0.40706
0
0
0
0
0
0
-0.1045
0
0
0
0
0
0
0
0
0
-0.49481
-0.51066
-0.47075
-0.44947
13.4043
-0.47075
-0.48329
-0.34046
-0.36485
-0.34046
-0.34046
-0.38254
-0.41033
-0.43544
0
0
0
0
0
0
0
0
0
0
0
-7.91
0
0
0
0
-0.49696
-0.50451
-0.40951
-0.44454
-0.47075
8.442
-0.4789
-0.33037
-0.35669
-0.33037
-0.33037
-0.37543
-0.40119
-0.42613
0
0
0
0
0
0
0
-3.0863
0
0
0
0
0
0
0
0
-0.48807
-0.48421
-0.4789
-0.47422
-0.48329
-0.4789
5.2638
-0.34403
-0.32907
-0.34403
-0.34403
-0.35841
-0.37781
0
0
-0.1743
0
0
0
-0.10453
0
0
0
0
0
0
0
0
0
0
-0.37158
-0.37147
-0.33037
-0.32402
-0.34046
-0.33037
-0.34403
4.019
-0.26327
-0.22881
-0.22881
-0.27839
-0.29458
-0.31288
0
0
0
0
0
0
0
0
0
0
0
0
0
0
0
0
-0.3806
-0.38855
-0.35669
-0.34755
-0.36485
-0.35669
-0.32907
-0.26327
4.0007
-0.26327
-0.26327
-0.26718
-0.28302
0
0
-0.13666
0
0
0
0
0
0
0
0
0
0
0
0
0
0
-0.37158
-0.37147
-0.33037
-0.32402
-0.34046
-0.33037
-0.34403
-0.22881
-0.26327
4.019
-0.22881
-0.27839
-0.29458
-0.31288
0
0
0
0
0
0
0
0
0
0
0
0
0
0
0
0
-0.37158
-0.37147
-0.33037
-0.32402
-0.34046
-0.33037
-0.34403
-0.22881
-0.26327
-0.22881
4.019
-0.27839
-0.29458
-0.31288
0
0
0
0
0
0
0
0
0
0
0
0
0
0
0
0
-0.40062
-0.4191
-0.37543
-0.36478
-0.38254
-0.37543
-0.35841
-0.27839
-0.26718
-0.27839
-0.27839
3.912
0
0
-0.13336
0
0
0
0
0
0
0
0
0
0
0
0
0
0
0
-0.4154
-0.43454
-0.40119
-0.38489
-0.41033
-0.40119
-0.37781
-0.29458
-0.28302
-0.29458
-0.29458
0
10.1085
0
0
0
0
0
0
0
0
0
0
0
-6.1163
0
0
0
0
0
0
-0.45472
-0.42613
-0.40706
-0.43544
-0.42613
0
-0.31288
0
-0.31288
-0.31288
0
0
6.2063
0
0
0
0
0
0
0
0
0
0
0
0
-3.1182
0
0
0
-0.15343
0
0
0
0
0
0
0
0
0
0
-0.13336
0
0
9.9886
0
0
0
-5.7864
0
0
0
0
0
0
0
0
0
-3.9153
0
0
0
0
0
0
0
-0.1743
0
-0.13666
0
0
0
0
0
0
0.43368
0
0
0
0
0
0
0
0
0
0
0
-0.12272
0
0
0
0
0
0
0
0
0
0
0
0
0
0
0
0
0
0
2.5145
0
0
-1.231
-1.2835
0
0
0
0
0
0
0
0
0
0
-4.9933
0
0
0
0
0
0
0
0
0
0
0
0
0
0
0
6.1826
-1.1893
0
0
0
0
0
0
0
0
0
0
0
0
0
0
0
0
0
0
0
0
0
0
0
0
0
-5.7864
0
0
-1.1893
6.9758
0
0
0
0
0
0
0
0
0
0
0
0
0
0
0
0
0
-0.10453
0
0
0
0
0
0
0
0
0
-1.231
0
0
1.3356
0
0
0
0
0
0
0
0
0
0
0
0
0
-0.1045
0
0
0
0
0
0
0
0
0
0
0
0
-1.2835
0
0
0
1.388
0
0
0
0
0
0
0
0
0
0
0
-3.0863
0
0
-3.0863
0
0
0
0
0
0
0
0
0
0
0
0
0
0
0
6.1725
0
0
0
0
0
0
0
0
-10.9028
0
0
0
0
0
0
0
0
0
0
0
0
0
0
0
0
0
0
0
0
0
10.9028
0
0
0
0
0
0
0
0
-9.3996
0
0
0
0
0
0
0
0
0
0
0
0
0
0
0
0
0
0
0
0
0
9.3996
0
0
0
0
0
0
0
0
0
0
0
0
0
0
0
0
0
0
-6.1163
0
0
0
0
0
0
0
0
0
0
0
6.1163
0
0
0
0
0
0
0
0
0
-7.91
0
0
0
0
0
0
0
0
0
0
0
0
0
0
0
0
0
0
0
0
7.91
0
0
0
0
0
0
0
0
0
0
0
0
0
0
0
0
0
-3.1182
0
0
0
0
0
0
0
0
0
0
0
0
3.1182
0
0
0
0
0
0
0
0
0
0
0
0
0
0
0
0
0
0
-0.12272
0
0
0
0
0
0
0
0
0
0
0
0.12272
0
0
0
0
0
0
0
0
0
0
0
0
0
0
0
0
-3.9153
0
0
0
0
0
0
0
0
0
0
0
0
0
3.9153
0
-10.9028
0
0
0
0
0
0
0
0
0
0
0
0
0
0
0
0
0
0
0
0
0
0
0
0
0
0
0
0
10.9028
