16.6492
-0.58146
-0.58096
-0.58364
-0.58364
-0.58018
-0.58402
-0.58545
-0.58545
-0.58196
-0.58196
-0.58045
-0.58196
-0.56344
-0.56833
-0.56119
-0.57887
0
0
0
0
0
0
0
-7.3862
0
0
0
0
0
-0.58146
9.2375
-0.57928
-0.5814
-0.5814
-0.57851
-0.58171
-0.58301
-0.58301
-0.57992
-0.57992
-0.57889
-0.57992
-0.56305
-0.56748
-0.56077
-0.5778
0
0
0
0
0
0
0
0
0
0
0
0
0
-0.58096
-0.57928
8.6739
-0.58118
-0.58118
-0.57823
-0.58146
-0.58279
-0.58279
-0.57976
-0.57976
-0.57851
-0.57976
-0.56308
-0.56743
0
-0.57771
0
0
0
0
0
0
0
0
0
0
0
0
0
-0.58364
-0.5814
-0.58118
13.0006
-0.58541
-0.58084
-0.58548
-0.58709
-0.58709
-0.58358
-0.58358
-0.58097
-0.58358
0
0
0
0
0
0
0
0
-5.9968
0
0
0
0
0
0
0
0
-0.58364
-0.5814
-0.58118
-0.58541
13.0006
-0.58084
-0.58548
-0.58709
-0.58709
-0.58358
-0.58358
-0.58097
-0.58358
0
0
0
0
0
0
0
0
0
0
0
0
0
0
0
0
-5.9968
-0.58018
-0.57851
-0.57823
-0.58084
-0.58084
6.9607
-0.58093
-0.58229
-0.58229
-0.57956
-0.57956
-0.57793
-0.57956
0
0
0
0
0
0
0
0
0
0
0
0
0
0
0
0
0
-0.58402
-0.58171
-0.58146
-0.58548
-0.58548
-0.58093
9.1394
-0.58712
-0.58712
0
0
-0.5864
0
0
0
0
0
0
0
0
0
0
0
0
0
0
0
-3.8797
0
0
-0.58545
-0.58301
-0.58279
-0.58709
-0.58709
-0.58229
-0.58712
7.8981
-0.5841
0
0
0
0
0
0
0
0
0
0
0
0
0
-3.2191
0
0
0
0
0
0
0
-0.58545
-0.58301
-0.58279
-0.58709
-0.58709
-0.58229
-0.58712
-0.5841
7.8981
0
0
0
0
0
0
0
0
0
0
0
0
0
0
-3.2191
0
0
0
0
0
0
-0.58196
-0.57992
-0.57976
-0.58358
-0.58358
-0.57956
0
0
0
4.2394
0
0
0
0
0
0
0
0
0
-0.75104
0
0
0
0
0
0
0
0
0
0
-0.58196
-0.57992
-0.57976
-0.58358
-0.58358
-0.57956
0
0
0
0
4.2394
0
0
0
0
0
0
0
0
0
0
0
0
0
0
0
-0.75104
0
0
0
-0.58045
-0.57889
-0.57851
-0.58097
-0.58097
-0.57793
-0.5864
0
0
0
0
4.0641
0
0
0
0
0
0
0
0
0
0
0
0
0
0
0
0
0
0
-0.58196
-0.57992
-0.57976
-0.58358
-0.58358
-0.57956
0
0
0
0
0
0
4.2394
0
0
0
0
0
-0.75104
0
0
0
0
0
0
0
0
0
0
0
-0.56344
-0.56305
-0.56308
0
0
0
0
0
0
0
0
0
0
11.862
0
0
0
-5.0862
0
0
0
0
0
0
0
-5.0862
0
0
0
0
-0.56833
-0.56748
-0.56743
0
0
0
0
0
0
0
0
0
0
0
2.2555
0
0
0
0
0
-0.55225
0
0
0
0
0
0
0
0
0
-0.56119
-0.56077
0
0
0
0
0
0
0
0
0
0
0
0
0
1.6771
0
0
0
0
0
0
0
0
0
0
0
0
-0.55514
0
-0.57887
-0.5778
-0.57771
0
0
0
0
0
0
0
0
0
0
0
0
0
1.7344
0
0
0
0
0
0
0
0
0
0
0
0
0
0
0
0
0
0
0
0
0
0
0
0
0
0
-5.0862
0
0
0
5.0862
0
0
0
0
0
0
0
0
0
0
0
0
0
0
0
0
0
0
0
0
0
0
0
0
-0.75104
0
0
0
0
0
0.75104
0
0
0
0
0
0
0
0
0
0
0
0
0
0
0
0
0
0
0
0
-0.75104
0
0
0
0
0
0
0
0
0
0.75104
0
0
0
0
0
0
0
0
0
0
0
0
0
0
0
0
0
0
0
0
0
0
0
0
-0.55225
0
0
0
0
0
0.55225
0
0
0
0
0
0
0
0
0
0
0
0
-5.9968
0
0
0
0
0
0
0
0
0
0
0
0
0
0
0
0
0
5.9968
0
0
0
0
0
0
0
0
0
0
0
0
0
0
0
-3.2191
0
0
0
0
0
0
0
0
0
0
0
0
0
0
3.2191
0
0
0
0
0
0
0
0
0
0
0
0
0
0
0
-3.2191
0
0
0
0
0
0
0
0
0
0
0
0
0
0
3.2191
0
0
0
0
0
0
-7.3862
0
0
0
0
0
0
0
0
0
0
0
0
0
0
0
0
0
0
0
0
0
0
0
7.3862
0
0
0
0
0
0
0
0
0
0
0
0
0
0
0
0
0
0
-5.0862
0
0
0
0
0
0
0
0
0
0
0
5.0862
0
0
0
0
0
0
0
0
0
0
0
0
0
0
-0.75104
0
0
0
0
0
0
0
0
0
0
0
0
0
0
0
0.75104
0
0
0
0
0
0
0
0
0
-3.8797
0
0
0
0
0
0
0
0
0
0
0
0
0
0
0
0
0
0
0
0
3.8797
0
0
0
0
0
0
0
0
0
0
0
0
0
0
0
0
0
-0.55514
0
0
0
0
0
0
0
0
0
0
0
0
0.55514
0
0
0
0
0
-5.9968
0
0
0
0
0
0
0
0
0
0
0
0
0
0
0
0
0
0
0
0
0
0
0
0
5.9968
