46.3801
-0.64919
-0.644
-0.644
-0.644
-0.59654
-0.59654
-0.60271
-0.60092
-0.62744
-0.60618
-0.6135
-0.60618
-0.60618
-0.63317
-0.63027
-0.61437
-0.54557
-0.41479
0
0
0
-11.8348
0
-11.8348
-11.8348
0
0
0
0
-0.64919
19.315
-0.68524
-0.68524
-0.68524
-0.62857
-0.62857
-0.62905
-0.62588
-0.65583
-0.65085
-0.64082
-0.65085
-0.65085
-0.65756
-0.65378
-0.63602
-0.59996
0
0
0
0
0
0
0
0
-8.3015
0
0
0
-0.644
-0.68524
11.2245
-0.65492
-0.65492
-0.61804
-0.61804
-0.61598
-0.61314
-0.64182
-0.63409
-0.62744
-0.63409
-0.63409
-0.64456
-0.641
-0.62398
-0.59011
-0.44901
0
0
0
0
0
0
0
0
0
0
0
-0.644
-0.68524
-0.65492
11.2245
-0.65492
-0.61804
-0.61804
-0.61598
-0.61314
-0.64182
-0.63409
-0.62744
-0.63409
-0.63409
-0.64456
-0.641
-0.62398
-0.59011
-0.44901
0
0
0
0
0
0
0
0
0
0
0
-0.644
-0.68524
-0.65492
-0.65492
11.2245
-0.61804
-0.61804
-0.61598
-0.61314
-0.64182
-0.63409
-0.62744
-0.63409
-0.63409
-0.64456
-0.641
-0.62398
-0.59011
-0.44901
0
0
0
0
0
0
0
0
0
0
0
-0.59654
-0.62857
-0.61804
-0.61804
-0.61804
9.7137
-0.56921
-0.57587
-0.566
-0.59068
-0.58179
-0.57775
-0.58179
-0.58179
-0.59116
-0.58819
-0.57383
0
0
-0.25635
0
0
0
0
0
0
0
0
0
0
-0.59654
-0.62857
-0.61804
-0.61804
-0.61804
-0.56921
9.7137
-0.57587
-0.566
-0.59068
-0.58179
-0.57775
-0.58179
-0.58179
-0.59116
-0.58819
-0.57383
0
0
-0.25635
0
0
0
0
0
0
0
0
0
0
-0.60271
-0.62905
-0.61598
-0.61598
-0.61598
-0.57587
-0.57587
10.0583
-0.57001
-0.59489
-0.58742
-0.58192
-0.58742
-0.58742
-0.5953
-0.59227
-0.57769
-0.55253
0
0
0
0
0
0
0
0
0
0
0
0
-0.60092
-0.62588
-0.61314
-0.61314
-0.61314
-0.566
-0.566
-0.57001
9.4464
-0.59285
-0.58453
-0.57855
-0.58453
-0.58453
-0.59117
-0.58815
-0.57387
0
0
0
0
0
0
0
0
0
0
0
0
0
-0.62744
-0.65583
-0.64182
-0.64182
-0.64182
-0.59068
-0.59068
-0.59489
-0.59285
9.2867
-0.61865
-0.60649
-0.61865
-0.61865
-0.62523
-0.62117
0
0
0
0
0
0
0
0
0
0
0
0
0
0
-0.60618
-0.65085
-0.63409
-0.63409
-0.63409
-0.58179
-0.58179
-0.58742
-0.58453
-0.61865
14.1172
-0.59926
-0.59578
-0.59578
0
0
0
0
0
0
-6.2129
0
0
0
0
0
0
0
0
0
-0.6135
-0.64082
-0.62744
-0.62744
-0.62744
-0.57775
-0.57775
-0.58192
-0.57855
-0.60649
-0.59926
8.4646
-0.59926
-0.59926
-0.60775
0
0
0
0
0
0
0
0
0
0
0
0
0
0
0
-0.60618
-0.65085
-0.63409
-0.63409
-0.63409
-0.58179
-0.58179
-0.58742
-0.58453
-0.61865
-0.59578
-0.59926
14.1172
-0.59578
0
0
0
0
0
0
0
-6.2129
0
0
0
0
0
0
0
0
-0.60618
-0.65085
-0.63409
-0.63409
-0.63409
-0.58179
-0.58179
-0.58742
-0.58453
-0.61865
-0.59578
-0.59926
-0.59578
14.1172
0
0
0
0
0
0
0
0
0
-6.2129
0
0
0
0
0
0
-0.63317
-0.65756
-0.64456
-0.64456
-0.64456
-0.59116
-0.59116
-0.5953
-0.59117
-0.62523
0
-0.60775
0
0
6.8262
0
0
0
0
0
0
0
0
0
0
0
0
0
0
0
-0.63027
-0.65378
-0.641
-0.641
-0.641
-0.58819
-0.58819
-0.59227
-0.58815
-0.62117
0
0
0
0
0
6.185
0
0
0
0
0
0
0
0
0
0
0
0
0
0
-0.61437
-0.63602
-0.62398
-0.62398
-0.62398
-0.57383
-0.57383
-0.57769
-0.57387
0
0
0
0
0
0
0
5.4216
0
0
0
0
0
0
0
0
0
0
0
0
0
-0.54557
-0.59996
-0.59011
-0.59011
-0.59011
0
0
-0.55253
0
0
0
0
0
0
0
0
0
3.6747
0
0
0
0
0
0
0
0
0
0
0
-0.20635
-0.41479
0
-0.44901
-0.44901
-0.44901
0
0
0
0
0
0
0
0
0
0
0
0
0
1.8663
0
0
0
0
0
0
0
0
-0.1045
0
0
0
0
0
0
0
-0.25635
-0.25635
0
0
0
0
0
0
0
0
0
0
0
0
0.68986
0
0
0
0
0
0
0
0
-0.17715
0
0
0
0
0
0
0
0
0
0
0
-6.2129
0
0
0
0
0
0
0
0
0
6.2129
0
0
0
0
0
0
0
0
0
0
0
0
0
0
0
0
0
0
0
0
0
-6.2129
0
0
0
0
0
0
0
0
6.2129
0
0
0
0
0
0
0
0
-11.8348
0
0
0
0
0
0
0
0
0
0
0
0
0
0
0
0
0
0
0
0
0
11.8348
0
0
0
0
0
0
0
0
0
0
0
0
0
0
0
0
0
0
0
0
-6.2129
0
0
0
0
0
0
0
0
0
6.2129
0
0
0
0
0
0
-11.8348
0
0
0
0
0
0
0
0
0
0
0
0
0
0
0
0
0
0
0
0
0
0
0
11.8348
0
0
0
0
0
-11.8348
0
0
0
0
0
0
0
0
0
0
0
0
0
0
0
0
0
0
0
0
0
0
0
0
11.8348
0
0
0
0
0
-8.3015
0
0
0
0
0
0
0
0
0
0
0
0
0
0
0
0
0
0
0
0
0
0
0
0
8.3015
0
0
0
0
0
0
0
0
0
0
0
0
0
0
0
0
0
0
0
0
0
-0.1045
0
0
0
0
0
0
0
0
0.1045
0
0
0
0
0
0
0
0
0
0
0
0
0
0
0
0
0
0
0
0
0
-0.17715
0
0
0
0
0
0
0
0
0.17715
0
0
0
0
0
0
0
0
0
0
0
0
0
0
0
0
0
0
-0.20635
0
0
0
0
0
0
0
0
0
0
0
0.20635
