17.1854
-0.92634
-0.89055
-0.92634
-0.82019
-0.79266
-0.79266
-0.79266
-0.92387
-0.91056
-0.78908
-0.78908
-0.78908
-0.78908
-0.78908
-0.79251
-0.79251
-0.92999
-0.87042
-0.84593
-0.30601
0
-0.92682
0
0
0
0
0
0
0
-0.92634
27.7629
-0.92674
-0.94917
-0.8333
-0.80256
-0.80256
-0.80256
-0.94272
-0.94202
-0.80367
-0.80367
-0.80367
-0.80367
-0.80367
-0.80717
-0.80717
-0.93281
-0.8746
-0.85763
0
0
0
0
0
-11.5372
0
0
0
0
-0.89055
-0.92674
16.7561
-0.92674
-0.81469
-0.78089
-0.78089
-0.78089
-0.90856
-0.91672
-0.7801
-0.7801
-0.7801
-0.7801
-0.7801
-0.78349
-0.78349
-0.92555
-0.83532
-0.83363
0
-0.9675
0
0
0
0
0
0
0
0
-0.92634
-0.94917
-0.92674
27.7629
-0.8333
-0.80256
-0.80256
-0.80256
-0.94272
-0.94202
-0.80367
-0.80367
-0.80367
-0.80367
-0.80367
-0.80717
-0.80717
-0.93281
-0.8746
-0.85763
0
0
0
0
0
0
0
0
-11.5372
0
-0.82019
-0.8333
-0.81469
-0.8333
24.6893
-0.71875
-0.71875
-0.71875
-0.80205
-0.80132
-0.69582
-0.69582
-0.69582
-0.69582
-0.69582
-0.69882
-0.69882
-0.8002
-0.75248
0
0
0
0
0
-11.1987
0
0
0
0
0
-0.79266
-0.80256
-0.78089
-0.80256
-0.71875
13.8272
-0.6683
-0.6683
-0.78935
-0.78859
-0.67782
-0.67782
-0.67782
-0.67782
-0.67782
-0.68073
-0.68073
-0.80471
-0.74004
-0.71994
0
0
0
0
0
0
0
0
0
0
-0.79266
-0.80256
-0.78089
-0.80256
-0.71875
-0.6683
13.8272
-0.6683
-0.78935
-0.78859
-0.67782
-0.67782
-0.67782
-0.67782
-0.67782
-0.68073
-0.68073
-0.80471
-0.74004
-0.71994
0
0
0
0
0
0
0
0
0
0
-0.79266
-0.80256
-0.78089
-0.80256
-0.71875
-0.6683
-0.6683
13.8272
-0.78935
-0.78859
-0.67782
-0.67782
-0.67782
-0.67782
-0.67782
-0.68073
-0.68073
-0.80471
-0.74004
-0.71994
0
0
0
0
0
0
0
0
0
0
-0.92387
-0.94272
-0.90856
-0.94272
-0.80205
-0.78935
-0.78935
-0.78935
14.6619
-0.96915
-0.82342
-0.82342
-0.82342
-0.82342
-0.82342
-0.82702
-0.82702
0
0
0
0
0
-1.0336
0
0
0
0
0
0
0
-0.91056
-0.94202
-0.91672
-0.94202
-0.80132
-0.78859
-0.78859
-0.78859
-0.96915
14.6383
-0.82345
-0.82345
-0.82345
-0.82345
-0.82345
-0.82705
-0.82705
0
0
0
0
-1.0194
0
0
0
0
0
0
0
0
-0.78908
-0.80367
-0.7801
-0.80367
-0.69582
-0.67782
-0.67782
-0.67782
-0.82342
-0.82345
11.5232
-0.66081
-0.66081
-0.66081
-0.66081
-0.66365
-0.66365
0
0
0
0
0
0
0
0
0
0
0
0
0
-0.78908
-0.80367
-0.7801
-0.80367
-0.69582
-0.67782
-0.67782
-0.67782
-0.82342
-0.82345
-0.66081
11.5232
-0.66081
-0.66081
-0.66081
-0.66365
-0.66365
0
0
0
0
0
0
0
0
0
0
0
0
0
-0.78908
-0.80367
-0.7801
-0.80367
-0.69582
-0.67782
-0.67782
-0.67782
-0.82342
-0.82345
-0.66081
-0.66081
11.5232
-0.66081
-0.66081
-0.66365
-0.66365
0
0
0
0
0
0
0
0
0
0
0
0
0
-0.78908
-0.80367
-0.7801
-0.80367
-0.69582
-0.67782
-0.67782
-0.67782
-0.82342
-0.82345
-0.66081
-0.66081
-0.66081
11.5232
-0.66081
-0.66365
-0.66365
0
0
0
0
0
0
0
0
0
0
0
0
0
-0.78908
-0.80367
-0.7801
-0.80367
-0.69582
-0.67782
-0.67782
-0.67782
-0.82342
-0.82345
-0.66081
-0.66081
-0.66081
-0.66081
11.5232
-0.66365
-0.66365
0
0
0
0
0
0
0
0
0
0
0
0
0
-0.79251
-0.80717
-0.78349
-0.80717
-0.69882
-0.68073
-0.68073
-0.68073
-0.82702
-0.82705
-0.66365
-0.66365
-0.66365
-0.66365
-0.66365
10.9037
0
0
0
0
0
0
0
0
0
0
0
0
0
0
-0.79251
-0.80717
-0.78349
-0.80717
-0.69882
-0.68073
-0.68073
-0.68073
-0.82702
-0.82705
-0.66365
-0.66365
-0.66365
-0.66365
-0.66365
0
10.9037
0
0
0
0
0
0
0
0
0
0
0
0
0
-0.92999
-0.93281
-0.92555
-0.93281
-0.8002
-0.80471
-0.80471
-0.80471
0
0
0
0
0
0
0
0
0
13.8678
0
0
0
0
0
-6.9323
0
0
0
0
0
0
-0.87042
-0.8746
-0.83532
-0.8746
-0.75248
-0.74004
-0.74004
-0.74004
0
0
0
0
0
0
0
0
0
0
6.8206
0
-0.39309
0
0
0
0
0
0
0
0
0
-0.84593
-0.85763
-0.83363
-0.85763
0
-0.71994
-0.71994
-0.71994
0
0
0
0
0
0
0
0
0
0
0
5.5546
0
0
0
0
0
0
0
0
0
0
-0.30601
0
0
0
0
0
0
0
0
0
0
0
0
0
0
0
0
0
-0.39309
0
0.81457
0
0
0
0
0
0
-0.11547
0
0
0
0
-0.9675
0
0
0
0
0
0
-1.0194
0
0
0
0
0
0
0
0
0
0
0
3.2836
0
0
0
0
-1.2967
0
0
0
-0.92682
0
0
0
0
0
0
0
-1.0336
0
0
0
0
0
0
0
0
0
0
0
0
0
3.3199
0
0
0
0
0
0
-1.3594
0
0
0
0
0
0
0
0
0
0
0
0
0
0
0
0
0
-6.9323
0
0
0
0
0
6.9323
0
0
0
0
0
0
0
0
0
0
-11.1987
0
0
0
0
0
0
0
0
0
0
0
0
0
0
0
0
0
0
0
11.1987
0
0
0
0
0
0
-11.5372
0
0
0
0
0
0
0
0
0
0
0
0
0
0
0
0
0
0
0
0
0
0
0
11.5372
0
0
0
0
0
0
0
0
0
0
0
0
0
0
0
0
0
0
0
0
0
0
0
0
0
-1.2967
0
0
0
0
1.2967
0
0
0
0
0
0
0
0
0
0
0
0
0
0
0
0
0
0
0
0
0
0
0
-0.11547
0
0
0
0
0
0
0.11547
0
0
0
0
0
-11.5372
0
0
0
0
0
0
0
0
0
0
0
0
0
0
0
0
0
0
0
0
0
0
0
0
11.5372
0
0
0
0
0
0
0
0
0
0
0
0
0
0
0
0
0
0
0
0
0
0
0
-1.3594
0
0
0
0
0
0
1.3594
