19.4099
-0.93331
-0.93331
-0.93331
-0.93331
-0.95533
-0.92866
-0.92866
-0.93823
-0.92866
-0.92866
-0.84482
-0.90236
-0.88061
-0.88417
-0.88748
-0.9103
-0.92219
-0.92741
-1.0654
-1.3228
-0.52099
0
0
0
0
0
0
0
0
-0.93331
17.5156
-0.84734
-0.84734
-0.84734
-0.88486
-0.85889
-0.85889
-0.86327
-0.85889
-0.85889
-0.7838
-0.83983
-0.81272
-0.81599
-0.8179
-0.83904
-0.84915
-0.85354
-0.99253
-1.252
0
0
0
0
0
0
0
0
0
-0.93331
-0.84734
17.5156
-0.84734
-0.84734
-0.88486
-0.85889
-0.85889
-0.86327
-0.85889
-0.85889
-0.7838
-0.83983
-0.81272
-0.81599
-0.8179
-0.83904
-0.84915
-0.85354
-0.99253
-1.252
0
0
0
0
0
0
0
0
0
-0.93331
-0.84734
-0.84734
17.5156
-0.84734
-0.88486
-0.85889
-0.85889
-0.86327
-0.85889
-0.85889
-0.7838
-0.83983
-0.81272
-0.81599
-0.8179
-0.83904
-0.84915
-0.85354
-0.99253
-1.252
0
0
0
0
0
0
0
0
0
-0.93331
-0.84734
-0.84734
-0.84734
17.5156
-0.88486
-0.85889
-0.85889
-0.86327
-0.85889
-0.85889
-0.7838
-0.83983
-0.81272
-0.81599
-0.8179
-0.83904
-0.84915
-0.85354
-0.99253
-1.252
0
0
0
0
0
0
0
0
0
-0.95533
-0.88486
-0.88486
-0.88486
-0.88486
22.5857
-0.89382
-0.89382
-0.87835
-0.89382
-0.89382
-0.75671
-0.80605
-0.81392
-0.81678
-0.80417
-0.84252
-0.85532
0
0
0
0
0
0
0
0
0
0
0
-7.9418
-0.92866
-0.85889
-0.85889
-0.85889
-0.85889
-0.89382
15.088
-0.79694
-0.87622
-0.79694
-0.79694
-0.77657
-0.84048
-0.80151
-0.80628
-0.81473
-0.83234
-0.84174
-0.84924
0
0
0
0
0
0
0
0
0
0
0
-0.92866
-0.85889
-0.85889
-0.85889
-0.85889
-0.89382
-0.79694
15.088
-0.87622
-0.79694
-0.79694
-0.77657
-0.84048
-0.80151
-0.80628
-0.81473
-0.83234
-0.84174
-0.84924
0
0
0
0
0
0
0
0
0
0
0
-0.93823
-0.86327
-0.86327
-0.86327
-0.86327
-0.87835
-0.87622
-0.87622
14.8935
-0.87622
-0.87622
-0.75795
-0.80818
-0.79812
-0.80115
-0.80064
-0.824
-0.83421
0
0
0
-0.49464
0
0
0
0
0
0
0
0
-0.92866
-0.85889
-0.85889
-0.85889
-0.85889
-0.89382
-0.79694
-0.79694
-0.87622
15.088
-0.79694
-0.77657
-0.84048
-0.80151
-0.80628
-0.81473
-0.83234
-0.84174
-0.84924
0
0
0
0
0
0
0
0
0
0
0
-0.92866
-0.85889
-0.85889
-0.85889
-0.85889
-0.89382
-0.79694
-0.79694
-0.87622
-0.79694
15.088
-0.77657
-0.84048
-0.80151
-0.80628
-0.81473
-0.83234
-0.84174
-0.84924
0
0
0
0
0
0
0
0
0
0
0
-0.84482
-0.7838
-0.7838
-0.7838
-0.7838
-0.75671
-0.77657
-0.77657
-0.75795
-0.77657
-0.77657
19.5781
-0.66417
-0.72234
-0.71347
-0.67887
-0.72352
0
0
0
0
0
0
0
0
0
0
0
-7.4748
0
-0.90236
-0.83983
-0.83983
-0.83983
-0.83983
-0.80605
-0.84048
-0.84048
-0.80818
-0.84048
-0.84048
-0.66417
19.031
-0.76435
-0.76921
0
0
0
0
0
0
0
-0.80058
0
0
0
0
-6.7948
0
0
-0.88061
-0.81272
-0.81272
-0.81272
-0.81272
-0.81392
-0.80151
-0.80151
-0.79812
-0.80151
-0.80151
-0.72234
-0.76435
12.7082
-0.75151
-0.74832
-0.7721
0
0
0
0
0
0
0
0
0
0
0
0
0
-0.88417
-0.81599
-0.81599
-0.81599
-0.81599
-0.81678
-0.80628
-0.80628
-0.80115
-0.80628
-0.80628
-0.71347
-0.76921
-0.75151
11.9696
-0.74428
0
0
0
0
0
0
0
0
0
0
0
0
0
0
-0.88748
-0.8179
-0.8179
-0.8179
-0.8179
-0.80417
-0.81473
-0.81473
-0.80064
-0.81473
-0.81473
-0.67887
0
-0.74832
-0.74428
14.5453
0
0
0
0
0
0
0
0
-3.351
0
0
0
0
0
-0.9103
-0.83904
-0.83904
-0.83904
-0.83904
-0.84252
-0.83234
-0.83234
-0.824
-0.83234
-0.83234
-0.72352
0
-0.7721
0
0
10.758
0
0
0
0
0
0
0
0
0
0
0
0
0
-0.92219
-0.84915
-0.84915
-0.84915
-0.84915
-0.85532
-0.84174
-0.84174
-0.83421
-0.84174
-0.84174
0
0
0
0
0
0
9.3753
0
0
0
0
0
0
0
0
0
0
0
0
-0.92741
-0.85354
-0.85354
-0.85354
-0.85354
0
-0.84924
-0.84924
0
-0.84924
-0.84924
0
0
0
0
0
0
0
7.7385
0
0
0
0
0
0
0
0
0
0
0
-1.0654
-0.99253
-0.99253
-0.99253
-0.99253
0
0
0
0
0
0
0
0
0
0
0
0
0
0
5.9829
0
0
-0.94735
0
0
0
0
0
0
0
-1.3228
-1.252
-1.252
-1.252
-1.252
0
0
0
0
0
0
0
0
0
0
0
0
0
0
0
6.3309
0
0
0
0
0
0
0
0
0
-0.52099
0
0
0
0
0
0
0
-0.49464
0
0
0
0
0
0
0
0
0
0
0
0
6.2138
0
-3.3503
0
-1.8478
0
0
0
0
0
0
0
0
0
0
0
0
0
0
0
0
-0.80058
0
0
0
0
0
0
-0.94735
0
0
3.2837
0
0
0
-1.5357
0
0
0
0
0
0
0
0
0
0
0
0
0
0
0
0
0
0
0
0
0
0
0
0
-3.3503
0
3.7929
-0.44258
0
0
0
0
0
0
0
0
0
0
0
0
0
0
0
0
0
0
0
0
-3.351
0
0
0
0
0
0
0
-0.44258
3.7936
0
0
0
0
0
0
0
0
0
0
0
0
0
0
0
0
0
0
0
0
0
0
0
0
0
0
-1.8478
0
0
0
1.8478
0
0
0
0
0
0
0
0
0
0
0
0
0
0
0
0
0
0
0
0
0
0
0
0
0
0
-1.5357
0
0
0
1.5357
0
0
0
0
0
0
0
0
0
0
0
0
0
0
0
-6.7948
0
0
0
0
0
0
0
0
0
0
0
0
0
0
6.7948
0
0
0
0
0
0
0
0
0
0
0
0
0
-7.4748
0
0
0
0
0
0
0
0
0
0
0
0
0
0
0
0
7.4748
0
0
0
0
0
0
-7.9418
0
0
0
0
0
0
0
0
0
0
0
0
0
0
0
0
0
0
0
0
0
0
0
7.9418
