24.9278
-0.86208
-0.85122
-0.8159
-0.81263
-0.85262
-0.85262
-0.81418
-0.82529
-0.82749
-0.80785
-0.83478
-0.85233
-0.91689
-0.80406
-0.86393
-0.94825
0
-1.2846
-0.81036
-1.0441
-2.7402
0
0
0
0
0
-5.5064
0
0
-0.86208
20.508
-0.8212
-0.79685
-0.81289
-0.82864
-0.82864
-0.7915
-0.80405
-0.82349
-0.78812
-0.83486
-0.82988
-0.86953
-0.78232
-0.81376
-0.92136
-1.125
-1.3277
-0.79218
0
0
0
-4.054
0
0
0
0
0
0
-0.85122
-0.8212
16.4428
-0.79181
-0.80558
-0.82364
-0.82364
-0.78673
-0.79874
-0.81678
-0.78218
-0.82771
-0.82383
-0.87168
-0.77704
-0.816
-0.91466
-1.2006
-1.3244
-0.78542
0
0
0
0
0
0
0
0
0
0
-0.8159
-0.79685
-0.79181
14.6646
-0.77933
-0.79051
-0.79051
-0.75405
-0.76475
-0.77951
-0.74942
-0.79145
-0.78923
-0.83864
-0.74211
-0.79075
-0.87388
0
-1.2719
-0.75395
0
0
0
0
0
0
0
0
0
0
-0.81263
-0.81289
-0.80558
-0.77933
17.5498
-0.79462
-0.79462
-0.75792
-0.76843
-0.77742
-0.75278
-0.79609
-0.7927
-0.84668
-0.74552
-0.79866
-0.87755
0
0
-0.75632
0
0
0
0
-4.08
0
0
0
0
0
-0.85262
-0.82864
-0.82364
-0.79051
-0.79462
13.1083
-0.80366
-0.78131
-0.79571
-0.82144
-0.78119
-0.83169
-0.82369
-0.87441
-0.77183
-0.82481
-0.9085
0
0
0
0
0
0
0
0
0
0
0
0
0
-0.85262
-0.82864
-0.82364
-0.79051
-0.79462
-0.80366
13.1083
-0.78131
-0.79571
-0.82144
-0.78119
-0.83169
-0.82369
-0.87441
-0.77183
-0.82481
-0.9085
0
0
0
0
0
0
0
0
0
0
0
0
0
-0.81418
-0.7915
-0.78673
-0.75405
-0.75792
-0.78131
-0.78131
11.6075
-0.75206
-0.77132
-0.73649
-0.78191
-0.77674
-0.81993
-0.72591
-0.77609
0
0
0
0
0
0
0
0
0
0
0
0
0
0
-0.82529
-0.80405
-0.79874
-0.76475
-0.76843
-0.79571
-0.79571
-0.75206
10.9902
-0.78025
-0.74309
-0.79303
-0.78634
-0.83752
-0.74527
0
0
0
0
0
0
0
0
0
0
0
0
0
0
0
-0.82749
-0.82349
-0.81678
-0.77951
-0.77742
-0.82144
-0.82144
-0.77132
-0.78025
10.8273
-0.75476
-0.82459
-0.81761
0
0
0
0
0
0
0
-1.2112
0
0
0
0
0
0
0
0
0
-0.80785
-0.78812
-0.78218
-0.74942
-0.75278
-0.78119
-0.78119
-0.73649
-0.74309
-0.75476
9.1681
-0.73985
-0.75114
0
0
0
0
0
0
0
0
0
0
0
0
0
0
0
0
0
-0.83478
-0.83486
-0.82771
-0.79145
-0.79609
-0.83169
-0.83169
-0.78191
-0.79303
-0.82459
-0.73985
12.5126
0
0
0
0
0
0
0
0
0
0
0
0
0
0
0
0
0
-3.625
-0.85233
-0.82988
-0.82383
-0.78923
-0.7927
-0.82369
-0.82369
-0.77674
-0.78634
-0.81761
-0.75114
0
8.8672
0
0
0
0
0
0
0
0
0
0
0
0
0
0
0
0
0
-0.91689
-0.86953
-0.87168
-0.83864
-0.84668
-0.87441
-0.87441
-0.81993
-0.83752
0
0
0
0
8.9604
0
0
0
-1.2107
0
0
0
0
0
0
0
0
0
0
0
0
-0.80406
-0.78232
-0.77704
-0.74211
-0.74552
-0.77183
-0.77183
-0.72591
-0.74527
0
0
0
0
0
6.8659
0
0
0
0
0
0
0
0
0
0
0
0
0
0
0
-0.86393
-0.81376
-0.816
-0.79075
-0.79866
-0.82481
-0.82481
-0.77609
0
0
0
0
0
0
0
7.5773
0
-1.0685
0
0
0
0
0
0
0
0
0
0
0
0
-0.94825
-0.92136
-0.91466
-0.87388
-0.87755
-0.9085
-0.9085
0
0
0
0
0
0
0
0
0
6.3527
0
0
0
0
0
0
0
0
0
0
0
0
0
0
-1.125
-1.2006
0
0
0
0
0
0
0
0
0
0
-1.2107
0
-1.0685
0
9.2348
0
0
0
0
0
-3.2805
0
-1.3497
0
0
0
0
-1.2846
-1.3277
-1.3244
-1.2719
0
0
0
0
0
0
0
0
0
0
0
0
0
0
5.7385
0
0
0
0
0
0
0
0
0
-0.52973
0
-0.81036
-0.79218
-0.78542
-0.75395
-0.75632
0
0
0
0
0
0
0
0
0
0
0
0
0
0
3.8982
0
0
0
0
0
0
0
0
0
0
-1.0441
0
0
0
0
0
0
0
0
-1.2112
0
0
0
0
0
0
0
0
0
0
3.3633
-0.67956
-0.42845
0
0
0
0
0
0
0
-2.7402
0
0
0
0
0
0
0
0
0
0
0
0
0
0
0
0
0
0
0
-0.67956
4.7077
0
0
-1.288
0
0
0
0
0
0
0
0
0
0
0
0
0
0
0
0
0
0
0
0
0
0
0
0
0
-0.42845
0
3.6038
0
0
0
-3.1753
0
0
0
0
-4.054
0
0
0
0
0
0
0
0
0
0
0
0
0
0
0
-3.2805
0
0
0
0
0
7.3345
0
0
0
0
0
0
0
0
0
0
-4.08
0
0
0
0
0
0
0
0
0
0
0
0
0
0
0
0
-1.288
0
0
5.368
0
0
0
0
0
0
0
0
0
0
0
0
0
0
0
0
0
0
0
0
0
0
-1.3497
0
0
0
0
0
0
0
3.6129
-2.2632
0
0
0
0
0
0
0
0
0
0
0
0
0
0
0
0
0
0
0
0
0
0
0
0
0
-3.1753
0
0
-2.2632
5.4386
0
0
0
-5.5064
0
0
0
0
0
0
0
0
0
0
0
0
0
0
0
0
0
0
0
0
0
0
0
0
0
0
5.5064
0
0
0
0
0
0
0
0
0
0
0
0
0
0
0
0
0
0
0
0
-0.52973
0
0
0
0
0
0
0
0
0
0.52973
0
0
0
0
0
0
0
0
0
0
0
0
-3.625
0
0
0
0
0
0
0
0
0
0
0
0
0
0
0
0
0
3.625
