21.7587
-0.79067
-0.73462
-0.74282
-0.73351
-0.74456
-0.77246
-0.76312
-0.75449
-0.7663
-0.64855
-0.64855
-0.64855
-0.6553
-0.95254
-1.6114
-0.73266
-0.88666
0
0
0
0
0
0
0
0
0
0
0
-8.1719
-0.79067
21.1413
-0.74969
-0.76118
-0.75057
-0.75594
-0.78329
-0.77416
-0.76686
-0.77782
-0.65639
-0.65639
-0.65639
-0.6629
-0.96698
-1.6561
0
-0.90932
0
0
0
0
0
0
0
0
0
-8.0667
0
0
-0.73462
-0.74969
12.2415
-0.70133
-0.73012
-0.69424
-0.72395
-0.7161
-0.70814
-0.71943
-0.60746
-0.60746
-0.60746
-0.61873
-0.89373
-1.5821
0
-0.84698
0
0
0
0
0
0
0
0
0
0
0
0
-0.74282
-0.76118
-0.70133
14.3356
-0.74359
-0.70071
-0.71411
-0.7229
-0.71498
-0.72499
-0.61288
-0.61288
-0.61288
-0.62454
-0.90613
-1.6008
0
0
-2.8389
0
0
0
0
0
0
0
0
0
0
0
-0.73351
-0.75057
-0.73012
-0.74359
11.0819
-0.70775
-0.72796
-0.72308
-0.71639
-0.71529
-0.61121
-0.61121
-0.61121
0
0
0
-0.74059
0
0
-0.39615
-1.3729
0
-0.19028
0
0
0
0
0
0
0
-0.74456
-0.75594
-0.69424
-0.70071
-0.70775
11.5801
-0.7506
-0.73968
-0.732
-0.74694
-0.62143
-0.62143
-0.62143
-0.62084
-0.90986
-1.6126
0
0
0
0
0
0
0
0
0
0
0
0
0
0
-0.77246
-0.78329
-0.72395
-0.71411
-0.72796
-0.7506
13.8334
-0.76875
-0.76664
-0.77974
-0.61574
-0.61574
-0.61574
-0.6184
0
0
0
0
0
0
0
0
0
-4.5803
0
0
0
0
0
0
-0.76312
-0.77416
-0.7161
-0.7229
-0.72308
-0.73968
-0.76875
10.0709
-0.75426
-0.76537
-0.61139
-0.61139
-0.61139
-0.61411
-0.89517
0
0
0
0
0
0
0
0
0
0
0
0
0
0
0
-0.75449
-0.76686
-0.70814
-0.71498
-0.71639
-0.732
-0.76664
-0.75426
9.8525
-0.76179
-0.60526
-0.60526
-0.60526
-0.61002
0
0
-0.75115
0
0
0
0
0
0
0
0
0
0
0
0
0
-0.7663
-0.77782
-0.71943
-0.72499
-0.71529
-0.74694
-0.77974
-0.76537
-0.76179
13.0701
-0.61296
-0.61296
-0.61296
-0.61634
0
0
0
0
0
0
0
0
0
0
-3.8572
0
0
0
0
0
-0.64855
-0.65639
-0.60746
-0.61288
-0.61121
-0.62143
-0.61574
-0.61139
-0.60526
-0.61296
7.6875
-0.48575
-0.48575
-0.51271
0
0
0
0
0
0
0
0
0
0
0
0
0
0
0
0
-0.64855
-0.65639
-0.60746
-0.61288
-0.61121
-0.62143
-0.61574
-0.61139
-0.60526
-0.61296
-0.48575
7.6875
-0.48575
-0.51271
0
0
0
0
0
0
0
0
0
0
0
0
0
0
0
0
-0.64855
-0.65639
-0.60746
-0.61288
-0.61121
-0.62143
-0.61574
-0.61139
-0.60526
-0.61296
-0.48575
-0.48575
7.6875
-0.51271
0
0
0
0
0
0
0
0
0
0
0
0
0
0
0
0
-0.6553
-0.6629
-0.61873
-0.62454
0
-0.62084
-0.6184
-0.61411
-0.61002
-0.61634
-0.51271
-0.51271
-0.51271
7.1793
0
0
0
0
0
0
0
0
0
0
0
0
0
0
0
0
-0.95254
-0.96698
-0.89373
-0.90613
0
-0.90986
0
-0.89517
0
0
0
0
0
0
5.5244
0
0
0
0
0
0
0
0
0
0
0
0
0
0
0
-1.6114
-1.6561
-1.5821
-1.6008
0
-1.6126
0
0
0
0
0
0
0
0
0
8.063
0
0
0
0
0
0
0
0
0
0
0
0
0
0
-0.73266
0
0
0
-0.74059
0
0
0
-0.75115
0
0
0
0
0
0
0
2.9639
0
0
-0.73949
0
0
0
0
0
0
0
0
0
0
-0.88666
-0.90932
-0.84698
0
0
0
0
0
0
0
0
0
0
0
0
0
0
5.0936
0
0
0
0
0
0
0
-2.4507
0
0
0
0
0
0
0
-2.8389
0
0
0
0
0
0
0
0
0
0
0
0
0
0
8.1747
0
0
-2.791
0
-2.5449
0
0
0
0
0
0
0
0
0
0
-0.39615
0
0
0
0
0
0
0
0
0
0
0
-0.73949
0
0
1.5368
0
0
0
0
0
0
-0.40119
0
0
0
0
0
0
0
-1.3729
0
0
0
0
0
0
0
0
0
0
0
0
0
0
0
4.7647
-2.6464
-0.74537
0
0
0
0
0
0
0
0
0
0
0
0
0
0
0
0
0
0
0
0
0
0
0
0
0
-2.791
0
-2.6464
8.0099
0
0
-2.5725
0
0
0
0
0
0
0
0
0
-0.19028
0
0
0
0
0
0
0
0
0
0
0
0
0
0
0
-0.74537
0
1.4758
0
0
0
0
0
-0.54013
0
0
0
0
0
0
0
-4.5803
0
0
0
0
0
0
0
0
0
0
0
-2.5449
0
0
0
0
7.1251
0
0
0
0
0
0
0
0
0
0
0
0
0
0
0
-3.8572
0
0
0
0
0
0
0
0
0
0
0
-2.5725
0
0
6.4297
0
0
0
0
0
0
0
0
0
0
0
0
0
0
0
0
0
0
0
0
0
0
-2.4507
0
0
0
0
0
0
0
2.4507
0
0
0
0
0
0
0
0
0
0
0
0
0
0
0
0
0
0
0
0
0
0
0
-0.40119
0
0
0
0
0
0
0.40119
0
0
0
0
-8.0667
0
0
0
0
0
0
0
0
0
0
0
0
0
0
0
0
0
0
0
0
0
0
0
0
0
8.0667
0
0
0
0
0
0
0
0
0
0
0
0
0
0
0
0
0
0
0
0
0
0
0
0
-0.54013
0
0
0
0
0
0.54013
0
-8.1719
0
0
0
0
0
0
0
0
0
0
0
0
0
0
0
0
0
0
0
0
0
0
0
0
0
0
0
0
8.1719
