30.7396
-1.3165
-1.32
-1.1606
-1.1366
-1.1366
-1.1366
-1.1366
-1.1366
-1.1366
-1.1366
-1.1366
-0.93287
-0.93287
-1.0326
-0.93287
-1.1162
-1.1129
-1.1162
-1.1159
-1.0699
-1.0699
-1.122
0
0
-6.2956
0
0
0
0
-1.3165
30.7396
-1.32
-1.1606
-1.1366
-1.1366
-1.1366
-1.1366
-1.1366
-1.1366
-1.1366
-1.1366
-0.93287
-0.93287
-1.0326
-0.93287
-1.1162
-1.1129
-1.1162
-1.1159
-1.0699
-1.0699
-1.122
0
0
0
0
-6.2956
0
0
-1.32
-1.32
25.6905
-1.1572
-1.1267
-1.1267
-1.1267
-1.1267
-1.1267
-1.1267
-1.1267
-1.1267
-0.92616
-0.92616
-1.022
-0.92616
-1.1075
-1.1257
-1.1075
-1.1072
-1.058
-1.058
-1.1098
-1.4052
0
0
0
0
0
0
-1.1606
-1.1606
-1.1572
20.3802
-0.97471
-0.97471
-0.97471
-0.97471
-0.97471
-0.97471
-0.97471
-0.97471
-0.75351
-0.75351
-0.8417
-0.75351
-0.90644
-0.91338
-0.90644
-0.90618
-0.86556
-0.86556
0
0
-0.63847
0
0
0
0
0
-1.1366
-1.1366
-1.1267
-0.97471
20.2471
-0.91179
-0.91179
-0.91179
-0.91179
-0.91179
-0.91179
-0.91179
-0.75963
-0.75963
-0.86832
-0.75963
-0.91481
-0.92988
-0.91481
-0.91456
-0.87502
-0.87502
-0.91866
0
0
0
0
0
0
0
-1.1366
-1.1366
-1.1267
-0.97471
-0.91179
20.2471
-0.91179
-0.91179
-0.91179
-0.91179
-0.91179
-0.91179
-0.75963
-0.75963
-0.86832
-0.75963
-0.91481
-0.92988
-0.91481
-0.91456
-0.87502
-0.87502
-0.91866
0
0
0
0
0
0
0
-1.1366
-1.1366
-1.1267
-0.97471
-0.91179
-0.91179
20.2471
-0.91179
-0.91179
-0.91179
-0.91179
-0.91179
-0.75963
-0.75963
-0.86832
-0.75963
-0.91481
-0.92988
-0.91481
-0.91456
-0.87502
-0.87502
-0.91866
0
0
0
0
0
0
0
-1.1366
-1.1366
-1.1267
-0.97471
-0.91179
-0.91179
-0.91179
20.2471
-0.91179
-0.91179
-0.91179
-0.91179
-0.75963
-0.75963
-0.86832
-0.75963
-0.91481
-0.92988
-0.91481
-0.91456
-0.87502
-0.87502
-0.91866
0
0
0
0
0
0
0
-1.1366
-1.1366
-1.1267
-0.97471
-0.91179
-0.91179
-0.91179
-0.91179
20.2471
-0.91179
-0.91179
-0.91179
-0.75963
-0.75963
-0.86832
-0.75963
-0.91481
-0.92988
-0.91481
-0.91456
-0.87502
-0.87502
-0.91866
0
0
0
0
0
0
0
-1.1366
-1.1366
-1.1267
-0.97471
-0.91179
-0.91179
-0.91179
-0.91179
-0.91179
20.2471
-0.91179
-0.91179
-0.75963
-0.75963
-0.86832
-0.75963
-0.91481
-0.92988
-0.91481
-0.91456
-0.87502
-0.87502
-0.91866
0
0
0
0
0
0
0
-1.1366
-1.1366
-1.1267
-0.97471
-0.91179
-0.91179
-0.91179
-0.91179
-0.91179
-0.91179
20.2471
-0.91179
-0.75963
-0.75963
-0.86832
-0.75963
-0.91481
-0.92988
-0.91481
-0.91456
-0.87502
-0.87502
-0.91866
0
0
0
0
0
0
0
-1.1366
-1.1366
-1.1267
-0.97471
-0.91179
-0.91179
-0.91179
-0.91179
-0.91179
-0.91179
-0.91179
20.2471
-0.75963
-0.75963
-0.86832
-0.75963
-0.91481
-0.92988
-0.91481
-0.91456
-0.87502
-0.87502
-0.91866
0
0
0
0
0
0
0
-0.93287
-0.93287
-0.92616
-0.75351
-0.75963
-0.75963
-0.75963
-0.75963
-0.75963
-0.75963
-0.75963
-0.75963
15.8117
-0.61355
-0.65963
-0.61355
-0.72773
-0.73332
-0.72773
-0.72753
-0.69311
-0.69311
0
0
0
0
0
0
0
0
-0.93287
-0.93287
-0.92616
-0.75351
-0.75963
-0.75963
-0.75963
-0.75963
-0.75963
-0.75963
-0.75963
-0.75963
-0.61355
15.8117
-0.65963
-0.61355
-0.72773
-0.73332
-0.72773
-0.72753
-0.69311
-0.69311
0
0
0
0
0
0
0
0
-1.0326
-1.0326
-1.022
-0.8417
-0.86832
-0.86832
-0.86832
-0.86832
-0.86832
-0.86832
-0.86832
-0.86832
-0.65963
-0.65963
22.3075
-0.65963
-0.74619
-0.72171
-0.74619
-0.74599
0
0
0
-1.0686
0
0
0
0
0
-5.4244
-0.93287
-0.93287
-0.92616
-0.75351
-0.75963
-0.75963
-0.75963
-0.75963
-0.75963
-0.75963
-0.75963
-0.75963
-0.61355
-0.61355
-0.65963
15.8117
-0.72773
-0.73332
-0.72773
-0.72753
-0.69311
-0.69311
0
0
0
0
0
0
0
0
-1.1162
-1.1162
-1.1075
-0.90644
-0.91481
-0.91481
-0.91481
-0.91481
-0.91481
-0.91481
-0.91481
-0.91481
-0.72773
-0.72773
-0.74619
-0.72773
15.4281
0
-0.9339
0
0
0
0
0
0
0
0
0
0
0
-1.1129
-1.1129
-1.1257
-0.91338
-0.92988
-0.92988
-0.92988
-0.92988
-0.92988
-0.92988
-0.92988
-0.92988
-0.73332
-0.73332
-0.72171
-0.73332
0
18.9902
0
0
0
0
0
0
0
0
0
0
-4.3646
0
-1.1162
-1.1162
-1.1075
-0.90644
-0.91481
-0.91481
-0.91481
-0.91481
-0.91481
-0.91481
-0.91481
-0.91481
-0.72773
-0.72773
-0.74619
-0.72773
-0.9339
0
15.4281
0
0
0
0
0
0
0
0
0
0
0
-1.1159
-1.1159
-1.1072
-0.90618
-0.91456
-0.91456
-0.91456
-0.91456
-0.91456
-0.91456
-0.91456
-0.91456
-0.72753
-0.72753
-0.74599
-0.72753
0
0
0
14.4903
0
0
0
0
0
0
0
0
0
0
-1.0699
-1.0699
-1.058
-0.86556
-0.87502
-0.87502
-0.87502
-0.87502
-0.87502
-0.87502
-0.87502
-0.87502
-0.69311
-0.69311
0
-0.69311
0
0
0
0
13.1428
0
0
0
0
0
0
0
0
0
-1.0699
-1.0699
-1.058
-0.86556
-0.87502
-0.87502
-0.87502
-0.87502
-0.87502
-0.87502
-0.87502
-0.87502
-0.69311
-0.69311
0
-0.69311
0
0
0
0
0
13.1428
0
0
0
0
0
0
0
0
-1.122
-1.122
-1.1098
0
-0.91866
-0.91866
-0.91866
-0.91866
-0.91866
-0.91866
-0.91866
-0.91866
0
0
0
0
0
0
0
0
0
0
10.7032
0
0
0
0
0
0
0
0
0
-1.4052
0
0
0
0
0
0
0
0
0
0
0
-1.0686
0
0
0
0
0
0
0
0
3.4442
-0.97035
0
0
0
0
0
0
0
0
-0.63847
0
0
0
0
0
0
0
0
0
0
0
0
0
0
0
0
0
0
0
-0.97035
2.5945
0
-0.98564
0
0
0
-6.2956
0
0
0
0
0
0
0
0
0
0
0
0
0
0
0
0
0
0
0
0
0
0
0
0
6.2956
0
0
0
0
0
0
0
0
0
0
0
0
0
0
0
0
0
0
0
0
0
0
0
0
0
0
0
0
-0.98564
0
0.98564
0
0
0
0
-6.2956
0
0
0
0
0
0
0
0
0
0
0
0
0
0
0
0
0
0
0
0
0
0
0
0
0
6.2956
0
0
0
0
0
0
0
0
0
0
0
0
0
0
0
0
0
0
0
-4.3646
0
0
0
0
0
0
0
0
0
0
4.3646
0
0
0
0
0
0
0
0
0
0
0
0
0
0
0
-5.4244
0
0
0
0
0
0
0
0
0
0
0
0
0
0
5.4244
