13.854
-0.84931
-0.80562
-0.80489
-0.80158
-0.82734
-0.80489
-0.67613
-0.67613
-0.67613
-0.70883
-0.67613
-0.77251
-0.76412
-0.79581
-0.79581
-0.71651
-0.73641
-0.51646
-0.4494
0
0
0
0
0
0
0
0
0
0
-0.84931
13.854
-0.80562
-0.80489
-0.80158
-0.82734
-0.80489
-0.67613
-0.67613
-0.67613
-0.70883
-0.67613
-0.77251
-0.76412
-0.79581
-0.79581
-0.71651
-0.73641
-0.51646
-0.4494
0
0
0
0
0
0
0
0
0
0
-0.80562
-0.80562
12.7407
-0.77434
-0.76886
-0.79214
-0.77434
-0.63989
-0.63989
-0.63989
-0.67465
-0.63989
-0.73315
-0.72383
-0.75541
-0.75541
-0.67979
-0.69786
0
-0.44016
0
0
0
0
0
0
0
0
0
0
-0.80489
-0.80489
-0.77434
12.7739
-0.76923
-0.79296
-0.74461
-0.63872
-0.63872
-0.63872
-0.67572
-0.63872
-0.73426
-0.72465
-0.75659
-0.75659
-0.67875
-0.69647
-0.50504
0
0
0
0
0
0
0
0
0
0
0
-0.80158
-0.80158
-0.76886
-0.76923
12.4938
-0.79044
-0.76923
-0.63577
-0.63577
-0.63577
-0.67176
-0.63577
-0.72588
-0.72526
-0.74691
-0.74691
-0.67342
-0.69094
0
0
-0.26873
0
0
0
0
0
0
0
0
0
-0.82734
-0.82734
-0.79214
-0.79296
-0.79044
22.4426
-0.79296
-0.65595
-0.65595
-0.65595
-0.69395
-0.65595
-0.75473
-0.74171
-0.77726
-0.77726
-0.69786
-0.71644
0
0
0
0
0
0
0
-9.8365
0
0
0
0
-0.80489
-0.80489
-0.77434
-0.74461
-0.76923
-0.79296
12.7739
-0.63872
-0.63872
-0.63872
-0.67572
-0.63872
-0.73426
-0.72465
-0.75659
-0.75659
-0.67875
-0.69647
-0.50504
0
0
0
0
0
0
0
0
0
0
0
-0.67613
-0.67613
-0.63989
-0.63872
-0.63577
-0.65595
-0.63872
10.3465
-0.52602
-0.52602
-0.57118
-0.52602
-0.61322
-0.60472
-0.6316
-0.6316
-0.5707
-0.58411
0
0
0
0
0
0
0
0
0
0
0
0
-0.67613
-0.67613
-0.63989
-0.63872
-0.63577
-0.65595
-0.63872
-0.52602
10.3465
-0.52602
-0.57118
-0.52602
-0.61322
-0.60472
-0.6316
-0.6316
-0.5707
-0.58411
0
0
0
0
0
0
0
0
0
0
0
0
-0.67613
-0.67613
-0.63989
-0.63872
-0.63577
-0.65595
-0.63872
-0.52602
-0.52602
10.3465
-0.57118
-0.52602
-0.61322
-0.60472
-0.6316
-0.6316
-0.5707
-0.58411
0
0
0
0
0
0
0
0
0
0
0
0
-0.70883
-0.70883
-0.67465
-0.67572
-0.67176
-0.69395
-0.67572
-0.57118
-0.57118
-0.57118
19.5108
-0.57118
-0.61469
-0.60855
-0.63473
-0.63473
-0.58044
0
0
0
0
-9.3435
0
0
0
0
0
0
0
0
-0.67613
-0.67613
-0.63989
-0.63872
-0.63577
-0.65595
-0.63872
-0.52602
-0.52602
-0.52602
-0.57118
10.3465
-0.61322
-0.60472
-0.6316
-0.6316
-0.5707
-0.58411
0
0
0
0
0
0
0
0
0
0
0
0
-0.77251
-0.77251
-0.73315
-0.73426
-0.72588
-0.75473
-0.73426
-0.61322
-0.61322
-0.61322
-0.61469
-0.61322
16.7629
0
0
0
-0.70903
0
0
0
0
0
0
0
0
0
0
0
-7.759
0
-0.76412
-0.76412
-0.72383
-0.72465
-0.72526
-0.74171
-0.72465
-0.60472
-0.60472
-0.60472
-0.60855
-0.60472
0
8.4685
0
0
0
0
0
0
-0.27273
0
0
0
0
0
0
0
0
0
-0.79581
-0.79581
-0.75541
-0.75659
-0.74691
-0.77726
-0.75659
-0.6316
-0.6316
-0.6316
-0.63473
-0.6316
0
0
15.7704
0
0
0
0
0
0
0
0
0
0
0
-7.2249
0
0
0
-0.79581
-0.79581
-0.75541
-0.75659
-0.74691
-0.77726
-0.75659
-0.6316
-0.6316
-0.6316
-0.63473
-0.6316
0
0
0
15.7704
0
0
0
0
0
0
0
-7.2249
0
0
0
0
0
0
-0.71651
-0.71651
-0.67979
-0.67875
-0.67342
-0.69786
-0.67875
-0.5707
-0.5707
-0.5707
-0.58044
-0.5707
-0.70903
0
0
0
8.4139
0
0
0
0
0
0
0
0
0
0
0
0
0
-0.73641
-0.73641
-0.69786
-0.69647
-0.69094
-0.71644
-0.69647
-0.58411
-0.58411
-0.58411
0
-0.58411
0
0
0
0
0
7.3074
0
0
0
0
0
0
0
0
0
0
0
0
-0.51646
-0.51646
0
-0.50504
0
0
-0.50504
0
0
0
0
0
0
0
0
0
0
0
2.1475
0
0
0
0
0
-0.1045
0
0
0
0
0
-0.4494
-0.4494
-0.44016
0
0
0
0
0
0
0
0
0
0
0
0
0
0
0
0
17.2673
0
0
-7.9642
0
0
0
0
-7.9642
0
0
0
0
0
0
-0.26873
0
0
0
0
0
0
0
0
-0.27273
0
0
0
0
0
0
0.69104
0
0
0
0
0
0
0
0
-0.14957
0
0
0
0
0
0
0
0
0
0
-9.3435
0
0
0
0
0
0
0
0
0
0
9.3435
0
0
0
0
0
0
0
0
0
0
0
0
0
0
0
0
0
0
0
0
0
0
0
0
0
0
0
-7.9642
0
0
7.9642
0
0
0
0
0
0
0
0
0
0
0
0
0
0
0
0
0
0
0
0
0
0
-7.2249
0
0
0
0
0
0
0
7.2249
0
0
0
0
0
0
0
0
0
0
0
0
0
0
0
0
0
0
0
0
0
0
0
0
-0.1045
0
0
0
0
0
0.1045
0
0
0
0
0
0
0
0
0
0
-9.8365
0
0
0
0
0
0
0
0
0
0
0
0
0
0
0
0
0
0
0
9.8365
0
0
0
0
0
0
0
0
0
0
0
0
0
0
0
0
0
0
-7.2249
0
0
0
0
0
0
0
0
0
0
0
7.2249
0
0
0
0
0
0
0
0
0
0
0
0
0
0
0
0
0
0
0
0
0
0
-7.9642
0
0
0
0
0
0
0
7.9642
0
0
0
0
0
0
0
0
0
0
0
0
0
0
-7.759
0
0
0
0
0
0
0
0
0
0
0
0
0
0
0
7.759
0
0
0
0
0
0
0
0
0
0
0
0
0
0
0
0
0
0
0
0
0
-0.14957
0
0
0
0
0
0
0
0
0.14957
