9.8058
-0.48955
-0.42136
-0.42136
-0.47082
-0.48274
-0.43165
-0.42319
-0.48387
-0.48387
-0.43086
-0.93678
-0.5917
-0.49147
0
-0.41699
0
0
0
-2.8296
0
0
0
0
0
0
0
0
0
0
-0.48955
14.6598
-0.43054
-0.43054
-0.47282
-0.48151
-0.46836
-0.43511
-0.48417
-0.48417
-0.44624
-0.94444
-0.60467
-0.47686
0
-0.43466
0
0
0
0
0
0
0
0
0
0
0
0
0
-7.5762
-0.42136
-0.43054
6.1721
-0.36292
-0.41642
-0.42425
-0.40237
-0.37882
-0.42679
-0.42679
-0.38678
-0.78007
-0.51621
-0.43019
0
-0.36861
0
0
0
0
0
0
0
0
0
0
0
0
0
0
-0.42136
-0.43054
-0.36292
6.1721
-0.41642
-0.42425
-0.40237
-0.37882
-0.42679
-0.42679
-0.38678
-0.78007
-0.51621
-0.43019
0
-0.36861
0
0
0
0
0
0
0
0
0
0
0
0
0
0
-0.47082
-0.47282
-0.41642
-0.41642
6.3682
-0.49818
-0.43768
-0.40966
-0.452
-0.452
-0.42226
0
0
0
-0.35953
0
-1.5604
0
0
0
0
0
0
0
0
0
0
0
0
0
-0.48274
-0.48151
-0.42425
-0.42425
-0.49818
10.4288
-0.4484
-0.41621
-0.46204
-0.46204
-0.42785
0
0
0
0
0
0
0
-0.1045
0
0
0
0
0
0
0
-5.7968
0
0
0
-0.43165
-0.46836
-0.40237
-0.40237
-0.43768
-0.4484
6.776
-0.38609
-0.44924
-0.44924
-0.39357
0
0
0
0
0
0
0
0
-2.507
0
0
0
0
0
0
0
0
0
0
-0.42319
-0.43511
-0.37882
-0.37882
-0.40966
-0.41621
-0.38609
4.0261
-0.41363
-0.41363
-0.37096
0
0
0
0
0
0
0
0
0
0
0
0
0
0
0
0
0
0
0
-0.48387
-0.48417
-0.42679
-0.42679
-0.452
-0.46204
-0.44924
-0.41363
7.1369
0
0
0
0
0
0
0
0
0
0
0
0
0
0
0
0
0
0
0
-3.5384
0
-0.48387
-0.48417
-0.42679
-0.42679
-0.452
-0.46204
-0.44924
-0.41363
0
7.1369
0
0
0
0
0
0
0
0
0
0
0
0
0
0
-3.5384
0
0
0
0
0
-0.43086
-0.44624
-0.38678
-0.38678
-0.42226
-0.42785
-0.39357
-0.37096
0
0
3.2653
0
0
0
0
0
0
0
0
0
0
0
0
0
0
0
0
0
0
0
-0.93678
-0.94444
-0.78007
-0.78007
0
0
0
0
0
0
0
10.3554
0
0
0
0
0
0
0
0
-4.4264
0
-2.4877
0
0
0
0
0
0
0
-0.5917
-0.60467
-0.51621
-0.51621
0
0
0
0
0
0
0
0
3.9468
0
0
0
0
-1.718
0
0
0
0
0
0
0
0
0
0
0
0
-0.49147
-0.47686
-0.43019
-0.43019
0
0
0
0
0
0
0
0
0
1.9854
0
0
0
0
0
0
0
0
0
0
0
-0.15673
0
0
0
0
0
0
0
0
-0.35953
0
0
0
0
0
0
0
0
0
14.8413
0
0
-2.6582
0
0
0
-4.1514
-2.6664
0
0
0
0
-5.0058
0
0
-0.41699
-0.43466
-0.36861
-0.36861
0
0
0
0
0
0
0
0
0
0
0
1.5889
0
0
0
0
0
0
0
0
0
0
0
0
0
0
0
0
0
0
-1.5604
0
0
0
0
0
0
0
0
0
0
0
4.5285
0
-1.6516
0
0
-1.3165
0
0
0
0
0
0
0
0
0
0
0
0
0
0
0
0
0
0
0
0
-1.718
0
-2.6582
0
0
6.9016
0
0
-2.5253
0
0
0
0
0
0
0
0
0
0
0
0
0
0
-0.1045
0
0
0
0
0
0
0
0
0
0
-1.6516
0
2.5686
0
0
0
0
-0.81256
0
0
0
0
0
0
-2.8296
0
0
0
0
0
-2.507
0
0
0
0
0
0
0
0
0
0
0
0
5.3367
0
0
0
0
0
0
0
0
0
0
0
0
0
0
0
0
0
0
0
0
0
-4.4264
0
0
0
0
0
-2.5253
0
0
6.9517
0
0
0
0
0
0
0
0
0
0
0
0
0
0
0
0
0
0
0
0
0
0
0
-4.1514
0
-1.3165
0
0
0
0
5.4679
0
0
0
0
0
0
0
0
0
0
0
0
0
0
0
0
0
0
0
-2.4877
0
0
-2.6664
0
0
0
0
0
0
0
5.1541
0
0
0
0
0
0
0
0
0
0
0
0
0
0
0
0
0
0
0
0
0
0
0
0
0
-0.81256
0
0
0
0
0.81256
0
0
0
0
0
0
0
0
0
0
0
0
0
0
0
-3.5384
0
0
0
0
0
0
0
0
0
0
0
0
0
0
3.5384
0
0
0
0
0
0
0
0
0
0
0
0
0
0
0
0
0
0
-0.15673
0
0
0
0
0
0
0
0
0
0
0
0.15673
0
0
0
0
0
0
0
0
0
-5.7968
0
0
0
0
0
0
0
0
0
0
0
0
0
0
0
0
0
0
0
0
5.7968
0
0
0
0
0
0
0
0
0
0
0
0
0
0
0
0
0
-5.0058
0
0
0
0
0
0
0
0
0
0
0
0
5.0058
0
0
0
0
0
0
0
0
0
0
-3.5384
0
0
0
0
0
0
0
0
0
0
0
0
0
0
0
0
0
0
0
3.5384
0
0
-7.5762
0
0
0
0
0
0
0
0
0
0
0
0
0
0
0
0
0
0
0
0
0
0
0
0
0
0
0
7.5762
