15.7384
-0.68655
-0.65484
-0.68727
-0.66927
-0.59314
-0.59921
-0.60579
-0.60854
-0.53766
-0.53766
-0.61663
-0.60755
-0.57509
-0.62541
0
0
0
0
0
-0.1045
0
0
0
0
0
-7.0293
0
0
0
-0.68655
14.5462
-0.68646
-0.67042
-0.66412
-0.58312
-0.60165
-0.60679
-0.60838
-0.53049
-0.53049
-0.59434
-0.60862
-0.56953
-0.61538
0
0
0
0
0
0
0
0
0
-5.9899
0
0
0
0
0
-0.65484
-0.68646
25.6014
-0.68394
-0.67616
-0.58426
-0.5806
-0.58537
-0.57939
-0.51823
-0.51823
-0.57921
-0.57541
-0.55751
0
0
0
0
0
0
0
0
0
0
0
-8.9109
0
0
-8.9109
0
-0.68727
-0.67042
-0.68394
9.4569
-0.656
-0.5719
-0.58936
-0.5906
-0.59449
-0.52067
-0.52067
-0.57307
-0.59131
-0.55641
-0.59889
0
0
-1.0519
0
0
0
0
0
0
0
0
0
0
0
0
-0.66927
-0.66412
-0.67616
-0.656
8.6569
-0.5697
-0.58987
-0.59507
-0.59034
-0.51985
-0.51985
-0.58373
-0.59146
-0.55807
-0.58935
-0.28402
0
0
0
0
0
0
0
0
0
0
0
0
0
0
-0.59314
-0.58312
-0.58426
-0.5719
-0.5697
7.4468
-0.52288
-0.526
-0.52858
-0.45937
-0.45937
-0.50985
-0.52103
-0.49059
-0.527
0
0
0
0
0
0
0
0
0
0
0
0
0
0
0
-0.59921
-0.60165
-0.5806
-0.58936
-0.58987
-0.52288
9.2879
-0.5243
-0.53572
-0.46247
-0.46247
-0.51298
-0.52297
-0.49369
0
0
0
0
-2.2898
0
0
0
0
0
0
0
0
0
0
0
-0.60579
-0.60679
-0.58537
-0.5906
-0.59507
-0.526
-0.5243
10.7398
-0.53928
-0.46483
-0.46483
-0.51234
-0.52677
-0.49631
0
0
0
0
0
0
0
0
-3.7016
0
0
0
0
0
0
0
-0.60854
-0.60838
-0.57939
-0.59449
-0.59034
-0.52858
-0.53572
-0.53928
12.4317
-0.46704
-0.46704
-0.51607
-0.5267
-0.49884
0
0
0
0
0
0
0
0
0
0
0
0
0
0
0
-5.3713
-0.53766
-0.53049
-0.51823
-0.52067
-0.51985
-0.45937
-0.46247
-0.46483
-0.46704
6.2634
-0.40934
-0.45978
-0.46886
-0.44486
0
0
0
0
0
0
0
0
0
0
0
0
0
0
0
0
-0.53766
-0.53049
-0.51823
-0.52067
-0.51985
-0.45937
-0.46247
-0.46483
-0.46704
-0.40934
6.2634
-0.45978
-0.46886
-0.44486
0
0
0
0
0
0
0
0
0
0
0
0
0
0
0
0
-0.61663
-0.59434
-0.57921
-0.57307
-0.58373
-0.50985
-0.51298
-0.51234
-0.51607
-0.45978
-0.45978
6.8012
0
0
0
0
0
-0.88342
0
0
0
0
0
0
0
0
0
0
0
0
-0.60755
-0.60862
-0.57541
-0.59131
-0.59146
-0.52103
-0.52297
-0.52677
-0.5267
-0.46886
-0.46886
0
9.9367
0
0
0
0
0
0
0
0
0
0
-3.9272
0
0
0
0
0
0
-0.57509
-0.56953
-0.55751
-0.55641
-0.55807
-0.49059
-0.49369
-0.49631
-0.49884
-0.44486
-0.44486
0
0
5.6858
0
0
0
0
0
0
0
0
0
0
0
0
0
0
0
0
-0.62541
-0.61538
0
-0.59889
-0.58935
-0.527
0
0
0
0
0
0
0
0
2.956
0
0
0
0
0
0
0
0
0
0
0
0
0
0
0
0
0
0
0
-0.28402
0
0
0
0
0
0
0
0
0
0
6.3248
-0.33927
0
0
-3.7996
0
0
0
0
0
0
0
-1.9019
0
0
0
0
0
0
0
0
0
0
0
0
0
0
0
0
0
-0.33927
1.5497
-0.60431
0
0
0
-0.60612
0
0
0
0
0
0
0
0
0
0
0
-1.0519
0
0
0
0
0
0
0
-0.88342
0
0
0
0
-0.60431
2.5396
0
0
0
0
0
0
0
0
0
0
0
0
0
0
0
0
0
0
-2.2898
0
0
0
0
0
0
0
0
0
0
0
6.533
-2.1419
0
0
-2.1013
0
0
0
0
0
0
0
0
0
0
0
0
0
0
0
0
0
0
0
0
0
0
-3.7996
0
0
-2.1419
5.9414
0
0
0
0
0
0
0
0
0
0
-0.1045
0
0
0
0
0
0
0
0
0
0
0
0
0
0
0
0
0
0
0
1.4765
-1.372
0
0
0
0
0
0
0
0
0
0
0
0
0
0
0
0
0
0
0
0
0
0
0
0
-0.60612
0
0
0
-1.372
1.9782
0
0
0
0
0
0
0
0
0
0
0
0
0
0
0
-3.7016
0
0
0
0
0
0
0
0
0
0
-2.1013
0
0
0
5.8029
0
0
0
0
0
0
0
0
0
0
0
0
0
0
0
0
0
0
0
-3.9272
0
0
0
0
0
0
0
0
0
0
3.9272
0
0
0
0
0
0
0
-5.9899
0
0
0
0
0
0
0
0
0
0
0
0
0
0
0
0
0
0
0
0
0
0
5.9899
0
0
0
0
0
0
0
-8.9109
0
0
0
0
0
0
0
0
0
0
0
0
0
0
0
0
0
0
0
0
0
0
8.9109
0
0
0
0
-7.0293
0
0
0
0
0
0
0
0
0
0
0
0
0
0
0
0
0
0
0
0
0
0
0
0
0
7.0293
0
0
0
0
0
0
0
0
0
0
0
0
0
0
0
0
0
0
-1.9019
0
0
0
0
0
0
0
0
0
0
0
1.9019
0
0
0
0
-8.9109
0
0
0
0
0
0
0
0
0
0
0
0
0
0
0
0
0
0
0
0
0
0
0
0
0
8.9109
0
0
0
0
0
0
0
0
0
-5.3713
0
0
0
0
0
0
0
0
0
0
0
0
0
0
0
0
0
0
0
0
5.3713
