22.315
-0.54925
-0.55423
-0.51189
-0.48419
-0.54637
-0.48419
-0.48419
-0.44822
-0.44708
-0.50661
-0.51323
-0.69203
0
-0.95937
-0.41626
0
0
-0.26942
-1.3599
0
-1.6369
0
0
0
0
-11.4517
0
0
0
-0.54925
17.5353
-0.60254
-0.56014
-0.52529
-0.59721
-0.52529
-0.52529
-0.48113
-0.50196
-0.56432
-0.54825
-0.73247
-0.64338
0
0
0
0
0
0
0
0
0
0
0
0
0
-10.1788
0
0
-0.55423
-0.60254
8.0455
-0.57498
-0.5406
-0.60462
-0.5406
-0.5406
-0.50141
-0.50457
-0.57394
-0.55363
-0.76732
0
-1.1864
0
0
0
0
0
0
0
0
0
0
0
0
0
0
0
-0.51189
-0.56014
-0.57498
8.9575
-0.48034
-0.49352
-0.48034
-0.48034
-0.46479
-0.46552
-0.5303
-0.50318
0
0
0
0
0
0
0
0
0
0
-3.4122
0
0
0
0
0
0
0
-0.48419
-0.52529
-0.5406
-0.48034
5.8513
-0.49866
-0.39228
-0.39228
-0.45146
-0.45225
-0.50722
-0.48298
-0.64379
0
0
0
0
0
0
0
0
0
0
0
0
0
0
0
0
0
-0.54637
-0.59721
-0.60462
-0.49352
-0.49866
15.0585
-0.49866
-0.49866
-0.48204
-0.48497
-0.54986
-0.52185
0
0
0
0
0
0
0
0
0
0
0
0
0
-9.2821
0
0
0
0
-0.48419
-0.52529
-0.5406
-0.48034
-0.39228
-0.49866
5.8513
-0.39228
-0.45146
-0.45225
-0.50722
-0.48298
-0.64379
0
0
0
0
0
0
0
0
0
0
0
0
0
0
0
0
0
-0.48419
-0.52529
-0.5406
-0.48034
-0.39228
-0.49866
-0.39228
5.8513
-0.45146
-0.45225
-0.50722
-0.48298
-0.64379
0
0
0
0
0
0
0
0
0
0
0
0
0
0
0
0
0
-0.44822
-0.48113
-0.50141
-0.46479
-0.45146
-0.48204
-0.45146
-0.45146
4.6715
-0.31301
0
0
0
-0.50872
0
0
-0.11775
0
0
0
0
0
0
0
0
0
0
0
0
0
-0.44708
-0.50196
-0.50457
-0.46552
-0.45225
-0.48497
-0.45225
-0.45225
-0.31301
4.7421
0
0
0
0
0
0
0
-0.39227
-0.27594
0
0
0
0
0
0
0
0
0
0
0
-0.50661
-0.56432
-0.57394
-0.5303
-0.50722
-0.54986
-0.50722
-0.50722
0
0
5.5846
0
0
0
0
0
0
0
0
-1.3379
0
0
0
0
0
0
0
0
0
0
-0.51323
-0.54825
-0.55363
-0.50318
-0.48298
-0.52185
-0.48298
-0.48298
0
0
0
4.0891
0
0
0
0
0
0
0
0
0
0
0
0
0
0
0
0
0
0
-0.69203
-0.73247
-0.76732
0
-0.64379
0
-0.64379
-0.64379
0
0
0
0
4.1232
0
0
0
0
0
0
0
0
0
0
0
0
0
0
0
0
0
0
-0.64338
0
0
0
0
0
0
-0.50872
0
0
0
0
5.2639
-0.75182
0
0
-0.67208
0
0
0
0
0
-2.6879
0
0
0
0
0
0
-0.95937
0
-1.1864
0
0
0
0
0
0
0
0
0
0
-0.75182
5.8758
0
0
0
0
0
-2.9782
0
0
0
0
0
0
0
0
0
-0.41626
0
0
0
0
0
0
0
0
0
0
0
0
0
0
5.4062
0
0
0
-0.96585
0
-1.8436
0
0
-2.1805
0
0
0
0
0
0
0
0
0
0
0
0
0
-0.11775
0
0
0
0
0
0
0
0.53475
0
-0.3125
0
0
0
0
0
0
0
0
0
-0.1045
0
0
0
0
0
0
0
0
0
0
-0.39227
0
0
0
-0.67208
0
0
0
2.6289
0
0
0
0
0
0
0
0
0
0
0
-1.5645
-0.26942
0
0
0
0
0
0
0
0
-0.27594
0
0
0
0
0
0
-0.3125
0
0.85786
0
0
0
0
0
0
0
0
0
0
0
-1.3599
0
0
0
0
0
0
0
0
0
-1.3379
0
0
0
0
-0.96585
0
0
0
3.6636
0
0
0
0
0
0
0
0
0
0
0
0
0
0
0
0
0
0
0
0
0
0
0
0
-2.9782
0
0
0
0
0
4.8642
0
-1.886
0
0
0
0
0
0
0
-1.6369
0
0
0
0
0
0
0
0
0
0
0
0
0
0
-1.8436
0
0
0
0
0
3.4804
0
0
0
0
0
0
0
0
0
0
0
-3.4122
0
0
0
0
0
0
0
0
0
0
0
0
0
0
0
0
-1.886
0
5.2982
0
0
0
0
0
0
0
0
0
0
0
0
0
0
0
0
0
0
0
0
-2.6879
0
0
0
0
0
0
0
0
0
2.6879
0
0
0
0
0
0
0
0
0
0
0
0
0
0
0
0
0
0
0
0
0
-2.1805
0
0
0
0
0
0
0
0
2.1805
0
0
0
0
0
0
0
0
0
0
-9.2821
0
0
0
0
0
0
0
0
0
0
0
0
0
0
0
0
0
0
0
9.2821
0
0
0
0
-11.4517
0
0
0
0
0
0
0
0
0
0
0
0
0
0
0
0
0
0
0
0
0
0
0
0
0
11.4517
0
0
0
0
-10.1788
0
0
0
0
0
0
0
0
0
0
0
0
0
0
0
0
0
0
0
0
0
0
0
0
0
10.1788
0
0
0
0
0
0
0
0
0
0
0
0
0
0
0
0
0
0
-0.1045
0
0
0
0
0
0
0
0
0
0
0
0.1045
0
0
0
0
0
0
0
0
0
0
0
0
0
0
0
0
0
0
-1.5645
0
0
0
0
0
0
0
0
0
0
0
1.5645
