24.9147
-0.88784
-0.8611
-0.81064
-0.82611
-0.81064
-0.82434
-0.82539
-0.81953
-0.59658
-0.64325
-0.59658
-0.59658
-0.66948
-0.7526
-1.8675
0
0
0
0
0
0
0
-2.3344
0
0
0
-10.1921
0
0
-0.88784
14.6332
-0.91228
-0.83959
-0.86107
-0.83959
-0.85892
-0.86721
-0.85664
-0.61231
-0.66576
-0.61231
-0.61231
-0.69777
-0.776
-1.9247
0
0
0
0
0
-1.8089
0
0
0
0
0
0
0
0
-0.8611
-0.91228
12.7663
-0.83803
-0.83787
-0.83803
-0.83739
-0.84722
-0.84305
-0.59423
-0.64566
-0.59423
-0.59423
-0.67845
-0.76059
0
0
0
-0.2155
0
0
-1.8684
0
0
0
0
0
0
0
0
-0.81064
-0.83959
-0.83803
11.6593
-0.76199
-0.68828
-0.75903
-0.8228
-0.81886
-0.53128
-0.59261
-0.53128
-0.53128
-0.6187
-0.70503
-1.8099
0
0
0
0
0
0
0
0
0
0
0
0
0
0
-0.82611
-0.86107
-0.83787
-0.76199
11.289
-0.76199
-0.75545
-0.82585
-0.83012
-0.52992
-0.59171
-0.52992
-0.52992
-0.62063
-0.70814
0
0
0
0
0
-1.3183
0
0
0
0
0
0
0
0
0
-0.81064
-0.83959
-0.83803
-0.68828
-0.76199
11.6593
-0.75903
-0.8228
-0.81886
-0.53128
-0.59261
-0.53128
-0.53128
-0.6187
-0.70503
-1.8099
0
0
0
0
0
0
0
0
0
0
0
0
0
0
-0.82434
-0.85892
-0.83739
-0.75903
-0.75545
-0.75903
11.0246
-0.84361
-0.7661
-0.52848
-0.59706
-0.52848
-0.52848
-0.62009
-0.69871
0
0
0
0
-1.1195
0
0
0
0
0
0
0
0
0
0
-0.82539
-0.86721
-0.84722
-0.8228
-0.82585
-0.8228
-0.84361
12.7548
-0.75768
-0.56945
-0.57118
-0.56945
-0.56945
-0.6005
0
0
0
-0.98821
0
0
0
0
-2.274
0
0
0
0
0
0
0
-0.81953
-0.85664
-0.84305
-0.81886
-0.83012
-0.81886
-0.7661
-0.75768
11.5275
-0.56366
-0.57324
-0.56366
-0.56366
-0.5964
0
0
0
-1.0398
0
-1.1163
0
0
0
0
0
0
0
0
0
0
-0.59658
-0.61231
-0.59423
-0.53128
-0.52992
-0.53128
-0.52848
-0.56945
-0.56366
7.0935
-0.41368
-0.34833
-0.34833
-0.43132
-0.49462
0
0
0
0
0
0
0
0
0
0
0
0
0
0
0
-0.64325
-0.66576
-0.64566
-0.59261
-0.59171
-0.59261
-0.59706
-0.57118
-0.57324
-0.41368
7.8638
-0.41368
-0.41368
-0.41304
0
0
-0.73667
0
0
0
0
0
0
0
0
0
0
0
0
0
-0.59658
-0.61231
-0.59423
-0.53128
-0.52992
-0.53128
-0.52848
-0.56945
-0.56366
-0.34833
-0.41368
7.0935
-0.34833
-0.43132
-0.49462
0
0
0
0
0
0
0
0
0
0
0
0
0
0
0
-0.59658
-0.61231
-0.59423
-0.53128
-0.52992
-0.53128
-0.52848
-0.56945
-0.56366
-0.34833
-0.41368
-0.34833
7.0935
-0.43132
-0.49462
0
0
0
0
0
0
0
0
0
0
0
0
0
0
0
-0.66948
-0.69777
-0.67845
-0.6187
-0.62063
-0.6187
-0.62009
-0.6005
-0.5964
-0.43132
-0.41304
-0.43132
-0.43132
16.9083
0
0
0
0
0
0
0
0
0
0
-9.4805
0
0
0
0
0
-0.7526
-0.776
-0.76059
-0.70503
-0.70814
-0.70503
-0.69871
0
0
-0.49462
0
-0.49462
-0.49462
0
6.59
0
0
0
0
0
0
0
0
0
0
0
0
0
0
0
-1.8675
-1.9247
0
-1.8099
0
-1.8099
0
0
0
0
0
0
0
0
0
13.8622
0
0
0
0
0
0
0
0
0
-6.4503
0
0
0
0
0
0
0
0
0
0
0
0
0
0
-0.73667
0
0
0
0
0
7.0909
0
0
-1.6719
0
0
0
-2.3468
0
0
0
0
-2.3356
0
0
0
0
0
0
0
0
-0.98821
-1.0398
0
0
0
0
0
0
0
0
6.2575
0
0
0
0
-1.7383
0
0
0
0
0
0
-2.4912
0
0
-0.2155
0
0
0
0
0
0
0
0
0
0
0
0
0
0
0
1.285
0
-0.30602
0
0
0
0
0
-0.76351
0
0
0
0
0
0
0
0
0
-1.1195
0
-1.1163
0
0
0
0
0
0
0
-1.6719
0
0
3.9077
0
0
0
0
0
0
0
0
0
0
0
0
0
0
-1.3183
0
0
0
0
0
0
0
0
0
0
0
0
0
-0.30602
0
2.1328
-0.50847
0
0
0
0
0
0
0
0
0
-1.8089
-1.8684
0
0
0
0
0
0
0
0
0
0
0
0
0
0
0
0
0
-0.50847
4.1858
0
0
0
0
0
0
0
0
0
0
0
0
0
0
0
-2.274
0
0
0
0
0
0
0
0
0
-1.7383
0
0
0
0
4.0123
0
0
0
0
0
0
0
-2.3344
0
0
0
0
0
0
0
0
0
0
0
0
0
0
0
-2.3468
0
0
0
0
0
0
4.6812
0
0
0
0
0
0
0
0
0
0
0
0
0
0
0
0
0
0
0
-9.4805
0
0
0
0
0
0
0
0
0
0
9.4805
0
0
0
0
0
0
0
0
0
0
0
0
0
0
0
0
0
0
0
0
-6.4503
0
0
0
0
0
0
0
0
0
6.4503
0
0
0
0
0
0
0
0
0
0
0
0
0
0
0
0
0
0
0
0
0
0
-0.76351
0
0
0
0
0
0
0
0.76351
0
0
0
-10.1921
0
0
0
0
0
0
0
0
0
0
0
0
0
0
0
0
0
0
0
0
0
0
0
0
0
0
10.1921
0
0
0
0
0
0
0
0
0
0
0
0
0
0
0
0
0
0
-2.3356
0
0
0
0
0
0
0
0
0
0
0
2.3356
0
0
0
0
0
0
0
0
0
0
0
0
0
0
0
0
0
0
-2.4912
0
0
0
0
0
0
0
0
0
0
0
2.4912
