23.9057
-0.98323
-0.78963
-0.82243
-0.77656
-0.80371
-0.78963
-0.82243
-0.78897
-0.78963
-0.78897
-0.82243
-0.77656
-0.53238
-0.53238
-0.53238
-0.53238
-0.90468
0
-0.40617
0
0
0
0
0
0
0
0
-10.7111
0
-0.98323
26.0624
-0.9626
-1.021
-0.97211
-0.98944
-0.9626
-1.021
-0.9854
-0.9626
-0.9854
-1.021
-0.97211
-0.6391
-0.6391
-0.6391
-0.6391
-1.0812
0
0
0
0
0
0
0
-10.5864
0
0
0
0
-0.78963
-0.9626
12.1755
-0.80809
-0.77982
-0.78654
-0.65615
-0.80809
-0.78218
-0.65615
-0.78218
-0.80809
-0.77982
-0.48536
-0.48536
-0.48536
-0.48536
-0.83472
0
0
0
0
0
0
0
0
0
0
0
0
-0.82243
-1.021
-0.80809
21.9834
-0.79901
-0.79819
-0.80809
-0.82254
-0.79497
-0.80809
-0.79497
-0.82254
-0.79901
-0.50344
-0.50344
-0.50344
-0.50344
0
0
0
0
0
0
0
0
0
0
0
0
-10.0708
-0.77656
-0.97211
-0.77982
-0.79901
11.7138
-0.76753
-0.77982
-0.79901
-0.76998
-0.77982
-0.76998
-0.79901
-0.65615
-0.48274
-0.48274
-0.48274
-0.48274
0
-0.33399
0
0
0
0
0
0
0
0
0
0
0
-0.80371
-0.98944
-0.78654
-0.79819
-0.76753
11.976
-0.78654
-0.79819
-0.76908
-0.78654
-0.76908
-0.79819
-0.76753
-0.48859
-0.48859
-0.48859
-0.48859
0
0
-0.40104
0
0
0
0
0
0
0
0
0
0
-0.78963
-0.9626
-0.65615
-0.80809
-0.77982
-0.78654
12.1755
-0.80809
-0.78218
-0.65615
-0.78218
-0.80809
-0.77982
-0.48536
-0.48536
-0.48536
-0.48536
-0.83472
0
0
0
0
0
0
0
0
0
0
0
0
-0.82243
-1.021
-0.80809
-0.82254
-0.79901
-0.79819
-0.80809
21.9834
-0.79497
-0.80809
-0.79497
-0.82254
-0.79901
-0.50344
-0.50344
-0.50344
-0.50344
0
0
0
0
0
0
0
-10.0708
0
0
0
0
0
-0.78897
-0.9854
-0.78218
-0.79497
-0.76998
-0.76908
-0.78218
-0.79497
12.2496
-0.78218
-0.78656
-0.79497
-0.76998
-0.48746
-0.48746
-0.48746
-0.48746
0
0
0
0
0
-0.69834
0
0
0
0
0
0
0
-0.78963
-0.9626
-0.65615
-0.80809
-0.77982
-0.78654
-0.65615
-0.80809
-0.78218
12.1755
-0.78218
-0.80809
-0.77982
-0.48536
-0.48536
-0.48536
-0.48536
-0.83472
0
0
0
0
0
0
0
0
0
0
0
0
-0.78897
-0.9854
-0.78218
-0.79497
-0.76998
-0.76908
-0.78218
-0.79497
-0.78656
-0.78218
12.2496
-0.79497
-0.76998
-0.48746
-0.48746
-0.48746
-0.48746
0
0
0
-0.69834
0
0
0
0
0
0
0
0
0
-0.82243
-1.021
-0.80809
-0.82254
-0.79901
-0.79819
-0.80809
-0.82254
-0.79497
-0.80809
-0.79497
21.9834
-0.79901
-0.50344
-0.50344
-0.50344
-0.50344
0
0
0
0
0
0
0
0
0
-10.0708
0
0
0
-0.77656
-0.97211
-0.77982
-0.79901
-0.65615
-0.76753
-0.77982
-0.79901
-0.76998
-0.77982
-0.76998
-0.79901
11.7138
-0.48274
-0.48274
-0.48274
-0.48274
0
-0.33399
0
0
0
0
0
0
0
0
0
0
0
-0.53238
-0.6391
-0.48536
-0.50344
-0.48274
-0.48859
-0.48536
-0.50344
-0.48746
-0.48536
-0.48746
-0.50344
-0.48274
7.5056
-0.3129
-0.3129
-0.3129
0
0
0
0
0
0
0
0
0
0
0
0
0
-0.53238
-0.6391
-0.48536
-0.50344
-0.48274
-0.48859
-0.48536
-0.50344
-0.48746
-0.48536
-0.48746
-0.50344
-0.48274
-0.3129
7.5056
-0.3129
-0.3129
0
0
0
0
0
0
0
0
0
0
0
0
0
-0.53238
-0.6391
-0.48536
-0.50344
-0.48274
-0.48859
-0.48536
-0.50344
-0.48746
-0.48536
-0.48746
-0.50344
-0.48274
-0.3129
-0.3129
7.5056
-0.3129
0
0
0
0
0
0
0
0
0
0
0
0
0
-0.53238
-0.6391
-0.48536
-0.50344
-0.48274
-0.48859
-0.48536
-0.50344
-0.48746
-0.48536
-0.48746
-0.50344
-0.48274
-0.3129
-0.3129
-0.3129
7.5056
0
0
0
0
0
0
0
0
0
0
0
0
0
-0.90468
-1.0812
-0.83472
0
0
0
-0.83472
0
0
-0.83472
0
0
0
0
0
0
0
4.49
0
0
0
0
0
0
0
0
0
0
0
0
0
0
0
0
-0.33399
0
0
0
0
0
0
0
-0.33399
0
0
0
0
0
0.84813
0
0
0
0
-0.18014
0
0
0
0
0
0
-0.40617
0
0
0
0
-0.40104
0
0
0
0
0
0
0
0
0
0
0
0
0
1.0624
0
0
0
0
0
0
0
-0.25522
0
0
0
0
0
0
0
0
0
0
0
0
-0.69834
0
0
0
0
0
0
0
0
0
3.1703
-2.4719
0
0
0
0
0
0
0
0
0
0
0
0
0
0
0
0
0
0
0
0
0
0
0
0
0
0
0
0
-2.4719
4.9439
-2.4719
0
0
0
0
0
0
0
0
0
0
0
0
0
0
0
-0.69834
0
0
0
0
0
0
0
0
0
0
0
0
-2.4719
3.1703
0
0
0
0
0
0
0
0
0
0
0
0
0
0
0
0
0
0
0
0
0
0
0
0
0
-0.18014
0
0
0
0
0.18014
0
0
0
0
0
0
0
0
0
0
0
0
0
-10.0708
0
0
0
0
0
0
0
0
0
0
0
0
0
0
0
0
10.0708
0
0
0
0
0
0
-10.5864
0
0
0
0
0
0
0
0
0
0
0
0
0
0
0
0
0
0
0
0
0
0
0
10.5864
0
0
0
0
0
0
0
0
0
0
0
0
0
0
0
-10.0708
0
0
0
0
0
0
0
0
0
0
0
0
0
0
10.0708
0
0
0
0
0
0
0
0
0
0
0
0
0
0
0
0
0
0
0
0
0
0
-0.25522
0
0
0
0
0
0
0
0.25522
0
0
-10.7111
0
0
0
0
0
0
0
0
0
0
0
0
0
0
0
0
0
0
0
0
0
0
0
0
0
0
0
10.7111
0
0
0
0
-10.0708
0
0
0
0
0
0
0
0
0
0
0
0
0
0
0
0
0
0
0
0
0
0
0
0
0
10.0708
