18.3721
-1.0506
-0.95474
-0.95474
-0.95474
-0.95474
-0.84598
-0.84092
-0.84092
-0.84598
-0.79272
-0.8766
-0.94304
-1.0237
-0.93785
-0.90694
-0.90694
-0.82865
-0.82865
-0.92609
-0.88173
-0.27587
0
0
0
0
0
0
0
0
-1.0506
36.3875
-1.0017
-1.0017
-1.0017
-1.0017
-0.87664
-0.87792
-0.87792
-0.87664
-0.82684
-0.91438
-0.94447
-1.0209
-0.98134
-0.95256
-0.95256
-0.8702
-0.8702
-0.97883
0
0
0
0
0
0
-9.2544
0
-9.2544
0
-0.95474
-1.0017
17.1294
-0.89348
-0.89348
-0.89348
-0.80706
-0.79435
-0.79435
-0.80706
-0.74939
-0.82879
-0.89459
-0.97101
-0.88597
-0.85666
-0.85666
-0.78316
-0.78316
-0.87348
-0.80683
0
0
0
0
0
0
0
0
0
-0.95474
-1.0017
-0.89348
17.1294
-0.89348
-0.89348
-0.80706
-0.79435
-0.79435
-0.80706
-0.74939
-0.82879
-0.89459
-0.97101
-0.88597
-0.85666
-0.85666
-0.78316
-0.78316
-0.87348
-0.80683
0
0
0
0
0
0
0
0
0
-0.95474
-1.0017
-0.89348
-0.89348
17.1294
-0.89348
-0.80706
-0.79435
-0.79435
-0.80706
-0.74939
-0.82879
-0.89459
-0.97101
-0.88597
-0.85666
-0.85666
-0.78316
-0.78316
-0.87348
-0.80683
0
0
0
0
0
0
0
0
0
-0.95474
-1.0017
-0.89348
-0.89348
-0.89348
17.1294
-0.80706
-0.79435
-0.79435
-0.80706
-0.74939
-0.82879
-0.89459
-0.97101
-0.88597
-0.85666
-0.85666
-0.78316
-0.78316
-0.87348
-0.80683
0
0
0
0
0
0
0
0
0
-0.84598
-0.87664
-0.80706
-0.80706
-0.80706
-0.80706
14.693
-0.71154
-0.71154
-0.71378
-0.64812
-0.71568
-0.75663
-0.81898
-0.76348
-0.73906
-0.73906
-0.67652
-0.67652
0
0
0
-1.0712
0
0
0
0
0
0
0
-0.84092
-0.87792
-0.79435
-0.79435
-0.79435
-0.79435
-0.71154
14.364
-0.68532
-0.71154
-0.65235
-0.7207
-0.77257
-0.8371
-0.76878
-0.74351
-0.74351
-0.68053
-0.68053
-0.75974
0
0
0
0
0
0
0
0
0
0
-0.84092
-0.87792
-0.79435
-0.79435
-0.79435
-0.79435
-0.71154
-0.68532
14.364
-0.71154
-0.65235
-0.7207
-0.77257
-0.8371
-0.76878
-0.74351
-0.74351
-0.68053
-0.68053
-0.75974
0
0
0
0
0
0
0
0
0
0
-0.84598
-0.87664
-0.80706
-0.80706
-0.80706
-0.80706
-0.71378
-0.71154
-0.71154
14.693
-0.64812
-0.71568
-0.75663
-0.81898
-0.76348
-0.73906
-0.73906
-0.67652
-0.67652
0
0
0
0
-1.0712
0
0
0
0
0
0
-0.79272
-0.82684
-0.74939
-0.74939
-0.74939
-0.74939
-0.64812
-0.65235
-0.65235
-0.64812
12.7875
-0.67671
-0.72145
-0.78104
-0.72063
-0.69687
-0.69687
-0.63792
-0.63792
0
0
0
0
0
0
0
0
0
0
0
-0.8766
-0.91438
-0.82879
-0.82879
-0.82879
-0.82879
-0.71568
-0.7207
-0.7207
-0.71568
-0.67671
12.7654
-0.81964
-0.88138
-0.81895
-0.7949
-0.7949
0
0
0
0
0
0
0
0
0
0
0
0
0
-0.94304
-0.94447
-0.89459
-0.89459
-0.89459
-0.89459
-0.75663
-0.77257
-0.77257
-0.75663
-0.72145
-0.81964
17.3944
0
-0.85961
0
0
0
0
0
0
0
0
0
0
0
0
0
0
-6.4694
-1.0237
-1.0209
-0.97101
-0.97101
-0.97101
-0.97101
-0.81898
-0.8371
-0.8371
-0.81898
-0.78104
-0.88138
0
17.0339
0
0
0
0
0
0
0
0
0
0
0
-6.1307
0
0
0
0
-0.93785
-0.98134
-0.88597
-0.88597
-0.88597
-0.88597
-0.76348
-0.76878
-0.76878
-0.76348
-0.72063
-0.81895
-0.85961
0
10.9268
0
0
0
0
0
0
0
0
0
0
0
0
0
0
0
-0.90694
-0.95256
-0.85666
-0.85666
-0.85666
-0.85666
-0.73906
-0.74351
-0.74351
-0.73906
-0.69687
-0.7949
0
0
0
9.7431
0
0
0
0
0
0
0
0
0
0
0
0
0
0
-0.90694
-0.95256
-0.85666
-0.85666
-0.85666
-0.85666
-0.73906
-0.74351
-0.74351
-0.73906
-0.69687
-0.7949
0
0
0
0
9.7431
0
0
0
0
0
0
0
0
0
0
0
0
0
-0.82865
-0.8702
-0.78316
-0.78316
-0.78316
-0.78316
-0.67652
-0.68053
-0.68053
-0.67652
-0.63792
0
0
0
0
0
0
8.1835
0
0
0
0
0
0
0
0
0
0
0
0
-0.82865
-0.8702
-0.78316
-0.78316
-0.78316
-0.78316
-0.67652
-0.68053
-0.68053
-0.67652
-0.63792
0
0
0
0
0
0
0
8.1835
0
0
0
0
0
0
0
0
0
0
0
-0.92609
-0.97883
-0.87348
-0.87348
-0.87348
-0.87348
0
-0.75974
-0.75974
0
0
0
0
0
0
0
0
0
0
6.9183
0
0
0
0
0
0
0
0
0
0
-0.88173
0
-0.80683
-0.80683
-0.80683
-0.80683
0
0
0
0
0
0
0
0
0
0
0
0
0
0
4.512
-0.40296
0
0
0
0
0
0
0
0
-0.27587
0
0
0
0
0
0
0
0
0
0
0
0
0
0
0
0
0
0
0
-0.40296
0.78492
0
0
0
0
0
-0.10608
0
0
0
0
0
0
0
0
-1.0712
0
0
0
0
0
0
0
0
0
0
0
0
0
0
0
4.14
0
-3.0688
0
0
0
0
0
0
0
0
0
0
0
0
0
0
-1.0712
0
0
0
0
0
0
0
0
0
0
0
0
0
4.14
-3.0688
0
0
0
0
0
0
0
0
0
0
0
0
0
0
0
0
0
0
0
0
0
0
0
0
0
0
0
-3.0688
-3.0688
6.1376
0
0
0
0
0
0
0
0
0
0
0
0
0
0
0
0
0
0
-6.1307
0
0
0
0
0
0
0
0
0
0
0
6.1307
0
0
0
0
0
-9.2544
0
0
0
0
0
0
0
0
0
0
0
0
0
0
0
0
0
0
0
0
0
0
0
0
9.2544
0
0
0
0
0
0
0
0
0
0
0
0
0
0
0
0
0
0
0
0
0
0
0
0
-0.10608
0
0
0
0
0
0.10608
0
0
0
-9.2544
0
0
0
0
0
0
0
0
0
0
0
0
0
0
0
0
0
0
0
0
0
0
0
0
0
0
9.2544
0
0
0
0
0
0
0
0
0
0
0
0
0
-6.4694
0
0
0
0
0
0
0
0
0
0
0
0
0
0
0
0
6.4694
