31.3992
-0.72112
-0.74948
-0.74099
-0.73953
-0.73286
-0.71751
-0.71751
-0.72944
-0.72944
-0.69775
-0.69008
-0.69775
-0.69775
-0.67621
-0.70055
-0.72585
-0.72608
-0.72661
-0.41705
0
0
0
0
0
-9.0328
0
0
-9.0328
0
-0.72112
31.3992
-0.74948
-0.74099
-0.73953
-0.73286
-0.71751
-0.71751
-0.72944
-0.72944
-0.69775
-0.69008
-0.69775
-0.69775
-0.67621
-0.70055
-0.72585
-0.72608
-0.72661
-0.41705
0
-9.0328
0
0
-9.0328
0
0
0
0
0
-0.74948
-0.74948
13.6883
-0.75774
-0.76829
-0.75532
-0.73241
-0.73241
-0.74526
-0.74526
-0.71259
-0.71712
-0.71259
-0.71259
-0.68924
-0.72975
-0.739
-0.73837
-0.7519
-0.44957
0
0
0
0
0
0
0
0
0
0
-0.74099
-0.74099
-0.75774
13.0845
-0.76866
-0.75456
-0.72134
-0.72134
-0.73415
-0.73415
-0.70224
-0.70884
-0.70224
-0.70224
-0.67889
-0.72135
-0.72716
-0.72643
-0.74123
0
0
0
0
0
0
0
0
0
0
0
-0.73953
-0.73953
-0.76829
-0.76866
19.1068
-0.76236
-0.73231
-0.73231
-0.74544
-0.74544
-0.71262
-0.71633
-0.71262
-0.71262
-0.68889
-0.72824
-0.73902
-0.73853
0
0
0
0
0
0
0
0
0
0
0
-6.6241
-0.73286
-0.73286
-0.75532
-0.75456
-0.76236
12.5401
-0.71687
-0.71687
-0.72955
-0.72955
-0.69794
-0.70194
-0.69794
-0.69794
-0.67495
-0.71401
-0.72315
-0.72259
0
0
-0.2788
0
0
0
0
0
0
0
0
0
-0.71751
-0.71751
-0.73241
-0.72134
-0.73231
-0.71687
11.9334
-0.69599
-0.70991
-0.70991
-0.67928
-0.68482
-0.67928
-0.67928
-0.65642
-0.69646
-0.70232
-0.70181
0
0
0
0
0
0
0
0
0
0
0
0
-0.71751
-0.71751
-0.73241
-0.72134
-0.73231
-0.71687
-0.69599
11.9334
-0.70991
-0.70991
-0.67928
-0.68482
-0.67928
-0.67928
-0.65642
-0.69646
-0.70232
-0.70181
0
0
0
0
0
0
0
0
0
0
0
0
-0.72944
-0.72944
-0.74526
-0.73415
-0.74544
-0.72955
-0.70991
-0.70991
11.4276
-0.72003
-0.69198
-0.70205
-0.69198
-0.69198
-0.66793
-0.71186
-0.71669
0
0
0
0
0
0
0
0
0
0
0
0
0
-0.72944
-0.72944
-0.74526
-0.73415
-0.74544
-0.72955
-0.70991
-0.70991
-0.72003
11.4276
-0.69198
-0.70205
-0.69198
-0.69198
-0.66793
-0.71186
-0.71669
0
0
0
0
0
0
0
0
0
0
0
0
0
-0.69775
-0.69775
-0.71259
-0.70224
-0.71262
-0.69794
-0.67928
-0.67928
-0.69198
-0.69198
10.2319
-0.67682
-0.64275
-0.64275
-0.63075
-0.67539
0
0
0
0
0
0
0
0
0
0
0
0
0
0
-0.69008
-0.69008
-0.71712
-0.70884
-0.71633
-0.70194
-0.68482
-0.68482
-0.70205
-0.70205
-0.67682
14.7934
-0.67682
-0.67682
-0.59583
0
0
0
0
0
0
0
-5.169
0
0
0
0
0
0
0
-0.69775
-0.69775
-0.71259
-0.70224
-0.71262
-0.69794
-0.67928
-0.67928
-0.69198
-0.69198
-0.64275
-0.67682
10.2319
-0.64275
-0.63075
-0.67539
0
0
0
0
0
0
0
0
0
0
0
0
0
0
-0.69775
-0.69775
-0.71259
-0.70224
-0.71262
-0.69794
-0.67928
-0.67928
-0.69198
-0.69198
-0.64275
-0.67682
-0.64275
10.2319
-0.63075
-0.67539
0
0
0
0
0
0
0
0
0
0
0
0
0
0
-0.67621
-0.67621
-0.68924
-0.67889
-0.68889
-0.67495
-0.65642
-0.65642
-0.66793
-0.66793
-0.63075
-0.59583
-0.63075
-0.63075
9.2212
0
0
0
0
0
0
0
0
0
0
0
0
0
0
0
-0.70055
-0.70055
-0.72975
-0.72135
-0.72824
-0.71401
-0.69646
-0.69646
-0.71186
-0.71186
-0.67539
0
-0.67539
-0.67539
0
13.8194
0
0
0
0
0
0
0
0
0
0
0
-4.6821
0
0
-0.72585
-0.72585
-0.739
-0.72716
-0.73902
-0.72315
-0.70232
-0.70232
-0.71669
-0.71669
0
0
0
0
0
0
7.2181
0
0
0
0
0
0
0
0
0
0
0
0
0
-0.72608
-0.72608
-0.73837
-0.72643
-0.73853
-0.72259
-0.70181
-0.70181
0
0
0
0
0
0
0
0
0
5.7817
0
0
0
0
0
0
0
0
0
0
0
0
-0.72661
-0.72661
-0.7519
-0.74123
0
0
0
0
0
0
0
0
0
0
0
0
0
0
3.3271
0
-0.3808
0
0
0
0
0
0
0
0
0
-0.41705
-0.41705
-0.44957
0
0
0
0
0
0
0
0
0
0
0
0
0
0
0
0
1.3882
0
0
0
-0.1045
0
0
0
0
0
0
0
0
0
0
0
-0.2788
0
0
0
0
0
0
0
0
0
0
0
0
-0.3808
0
0.88182
0
0
0
0
0
-0.22222
0
0
0
0
-9.0328
0
0
0
0
0
0
0
0
0
0
0
0
0
0
0
0
0
0
0
9.0328
0
0
0
0
0
0
0
0
0
0
0
0
0
0
0
0
0
0
0
-5.169
0
0
0
0
0
0
0
0
0
0
5.169
0
0
0
0
0
0
0
0
0
0
0
0
0
0
0
0
0
0
0
0
0
0
0
0
0
0
-0.1045
0
0
0
0.1045
0
0
0
0
0
0
0
-9.0328
0
0
0
0
0
0
0
0
0
0
0
0
0
0
0
0
0
0
0
0
0
0
9.0328
0
0
0
0
0
-9.0328
0
0
0
0
0
0
0
0
0
0
0
0
0
0
0
0
0
0
0
0
0
0
0
0
9.0328
0
0
0
0
0
0
0
0
0
0
0
0
0
0
0
0
0
0
0
0
0
0
0
0
-0.22222
0
0
0
0
0
0.22222
0
0
0
0
0
0
0
0
0
0
0
0
0
0
0
0
0
0
-4.6821
0
0
0
0
0
0
0
0
0
0
0
4.6821
0
0
-9.0328
0
0
0
0
0
0
0
0
0
0
0
0
0
0
0
0
0
0
0
0
0
0
0
0
0
0
0
9.0328
0
0
0
0
0
-6.6241
0
0
0
0
0
0
0
0
0
0
0
0
0
0
0
0
0
0
0
0
0
0
0
0
6.6241
