14.5999
-0.79978
-0.78071
-0.70807
-0.76995
-0.71647
-0.71647
-0.81894
-0.75223
-0.74256
-0.74256
-0.74256
-0.72625
-0.67046
-0.79051
-0.8963
-0.73442
-0.79449
-0.8202
0
-0.877
0
0
0
0
0
0
0
0
0
-0.79978
24.0066
-0.7948
-0.7273
-0.79217
-0.73904
-0.73904
-0.84636
-0.77029
-0.76696
-0.76696
-0.76696
-0.75312
-0.69219
-0.81723
-0.91476
-0.75865
-0.79705
-0.81251
0
0
0
0
0
0
0
0
0
-9.9514
0
-0.78071
-0.7948
15.2369
-0.70992
-0.76728
-0.71969
-0.71969
-0.82016
-0.74273
-0.74345
-0.74345
-0.74345
-0.73093
-0.67109
-0.79249
-0.95267
-0.73594
-0.80016
-0.80104
0
0
0
-1.4672
0
0
0
0
0
0
0
-0.70807
-0.7273
-0.70992
12.7255
-0.70964
-0.66389
-0.66389
-0.75867
-0.69397
-0.68821
-0.68821
-0.68821
-0.67432
-0.62088
-0.73167
-0.83051
-0.67964
-0.72841
-0.76015
0
0
0
0
0
0
0
0
0
0
0
-0.76995
-0.79217
-0.76728
-0.70964
21.6689
-0.72422
-0.72422
-0.83162
-0.76012
-0.75382
-0.75382
-0.75382
-0.73811
-0.67891
-0.80149
-0.89589
-0.74402
0
0
0
0
0
0
0
0
0
-9.4698
0
0
0
-0.71647
-0.73904
-0.71969
-0.66389
-0.72422
11.3345
-0.65767
-0.7665
-0.70187
-0.69495
-0.69495
-0.69495
-0.67761
-0.62453
-0.73656
-0.83743
-0.68414
0
0
0
0
0
0
0
0
0
0
0
0
0
-0.71647
-0.73904
-0.71969
-0.66389
-0.72422
-0.65767
11.3345
-0.7665
-0.70187
-0.69495
-0.69495
-0.69495
-0.67761
-0.62453
-0.73656
-0.83743
-0.68414
0
0
0
0
0
0
0
0
0
0
0
0
0
-0.81894
-0.84636
-0.82016
-0.75867
-0.83162
-0.7665
-0.7665
11.281
-0.83521
-0.81318
-0.81318
-0.81318
-0.79882
-0.72225
-0.87638
0
0
0
0
0
0
0
0
0
0
0
0
0
0
0
-0.75223
-0.77029
-0.74273
-0.69397
-0.76012
-0.70187
-0.70187
-0.83521
17.3186
-0.78023
-0.78023
-0.78023
0
-0.5483
0
0
0
0
0
0
0
0
0
0
0
0
0
0
0
-8.4713
-0.74256
-0.76696
-0.74345
-0.68821
-0.75382
-0.69495
-0.69495
-0.81318
-0.78023
9.3733
-0.67502
-0.67502
-0.7159
-0.62903
0
0
0
0
0
0
0
0
0
0
0
0
0
0
0
0
-0.74256
-0.76696
-0.74345
-0.68821
-0.75382
-0.69495
-0.69495
-0.81318
-0.78023
-0.67502
9.3733
-0.67502
-0.7159
-0.62903
0
0
0
0
0
0
0
0
0
0
0
0
0
0
0
0
-0.74256
-0.76696
-0.74345
-0.68821
-0.75382
-0.69495
-0.69495
-0.81318
-0.78023
-0.67502
-0.67502
9.3733
-0.7159
-0.62903
0
0
0
0
0
0
0
0
0
0
0
0
0
0
0
0
-0.72625
-0.75312
-0.73093
-0.67432
-0.73811
-0.67761
-0.67761
-0.79882
0
-0.7159
-0.7159
-0.7159
8.7349
0
0
0
0
0
0
0
-0.81041
0
0
0
0
0
0
0
0
0
-0.67046
-0.69219
-0.67109
-0.62088
-0.67891
-0.62453
-0.62453
-0.72225
-0.5483
-0.62903
-0.62903
-0.62903
0
7.7403
0
0
0
0
0
0
0
0
0
0
0
0
0
0
0
0
-0.79051
-0.81723
-0.79249
-0.73167
-0.80149
-0.73656
-0.73656
-0.87638
0
0
0
0
0
0
6.2829
0
0
0
0
0
0
0
0
0
0
0
0
0
0
0
-0.8963
-0.91476
-0.95267
-0.83051
-0.89589
-0.83743
-0.83743
0
0
0
0
0
0
0
0
9.5759
0
0
0
0
0
0
0
0
-3.4109
0
0
0
0
0
-0.73442
-0.75865
-0.73594
-0.67964
-0.74402
-0.68414
-0.68414
0
0
0
0
0
0
0
0
0
5.0209
0
0
0
0
0
0
0
0
0
0
0
0
0
-0.79449
-0.79705
-0.80016
-0.72841
0
0
0
0
0
0
0
0
0
0
0
0
0
3.6092
0
-0.48914
0
0
0
0
0
0
0
0
0
0
-0.8202
-0.81251
-0.80104
-0.76015
0
0
0
0
0
0
0
0
0
0
0
0
0
0
4.2717
0
0
0
0
0
0
-1.0778
0
0
0
0
0
0
0
0
0
0
0
0
0
0
0
0
0
0
0
0
0
-0.48914
0
2.2689
-0.78067
-0.79116
0
0
0
0
0
-0.20795
0
0
-0.877
0
0
0
0
0
0
0
0
0
0
0
-0.81041
0
0
0
0
0
0
-0.78067
2.4681
0
0
0
0
0
0
0
0
0
0
0
0
0
0
0
0
0
0
0
0
0
0
0
0
0
0
0
0
-0.79116
0
6.3905
0
-3.3899
-2.2094
0
0
0
0
0
0
0
-1.4672
0
0
0
0
0
0
0
0
0
0
0
0
0
0
0
0
0
0
0
3.6447
-2.1775
0
0
0
0
0
0
0
0
0
0
0
0
0
0
0
0
0
0
0
0
0
0
0
0
0
0
0
-3.3899
-2.1775
5.5674
0
0
0
0
0
0
0
0
0
0
0
0
0
0
0
0
0
0
0
0
0
-3.4109
0
0
0
0
0
-2.2094
0
0
5.6203
0
0
0
0
0
0
0
0
0
0
0
0
0
0
0
0
0
0
0
0
0
0
0
-1.0778
0
0
0
0
0
0
1.0778
0
0
0
0
0
0
0
0
-9.4698
0
0
0
0
0
0
0
0
0
0
0
0
0
0
0
0
0
0
0
0
0
9.4698
0
0
0
0
0
0
0
0
0
0
0
0
0
0
0
0
0
0
0
0
0
0
-0.20795
0
0
0
0
0
0
0
0.20795
0
0
0
-9.9514
0
0
0
0
0
0
0
0
0
0
0
0
0
0
0
0
0
0
0
0
0
0
0
0
0
0
9.9514
0
0
0
0
0
0
0
0
0
-8.4713
0
0
0
0
0
0
0
0
0
0
0
0
0
0
0
0
0
0
0
0
8.4713
