21.0192
-0.83582
-0.71961
-0.75837
-0.75279
-0.75279
-0.75279
-0.75279
-0.68827
-0.70928
-0.7206
-0.69353
-0.64283
-0.69012
-0.71983
-0.72254
-0.72812
-0.81877
-0.73678
0
-2.1989
0
0
-5.6247
0
0
0
0
0
0
-0.83582
19.6519
-0.78532
-0.82247
-0.80535
-0.80535
-0.80535
-0.80535
-0.72565
-0.75644
-0.75784
-0.73963
-0.69533
-0.73602
-0.7681
-0.7708
-0.77831
-0.87855
-0.78941
0
0
0
0
0
0
-5.5908
0
0
0
0
-0.71961
-0.78532
26.3248
-0.75424
-0.76635
-0.76635
-0.76635
-0.76635
-0.60232
-0.64769
-0.63273
-0.63072
-0.53101
-0.62611
-0.65472
-0.65761
-0.66446
0
0
0
0
0
0
0
-7.6765
0
0
0
-7.6765
0
-0.75837
-0.82247
-0.75424
17.0267
-0.73618
-0.73618
-0.73618
-0.73618
-0.63342
-0.6702
-0.66302
-0.65408
-0.60319
-0.65017
-0.67726
-0.67973
-0.6861
-0.7808
0
0
0
0
0
0
0
0
-5.0489
0
0
0
-0.75279
-0.80535
-0.76635
-0.73618
12.4057
-0.67296
-0.67296
-0.67296
-0.63261
-0.66044
-0.66049
-0.64564
-0.63546
-0.64241
-0.66727
-0.66933
-0.67489
-0.75823
-0.67939
0
0
0
0
0
0
0
0
0
0
0
-0.75279
-0.80535
-0.76635
-0.73618
-0.67296
12.4057
-0.67296
-0.67296
-0.63261
-0.66044
-0.66049
-0.64564
-0.63546
-0.64241
-0.66727
-0.66933
-0.67489
-0.75823
-0.67939
0
0
0
0
0
0
0
0
0
0
0
-0.75279
-0.80535
-0.76635
-0.73618
-0.67296
-0.67296
12.4057
-0.67296
-0.63261
-0.66044
-0.66049
-0.64564
-0.63546
-0.64241
-0.66727
-0.66933
-0.67489
-0.75823
-0.67939
0
0
0
0
0
0
0
0
0
0
0
-0.75279
-0.80535
-0.76635
-0.73618
-0.67296
-0.67296
-0.67296
12.4057
-0.63261
-0.66044
-0.66049
-0.64564
-0.63546
-0.64241
-0.66727
-0.66933
-0.67489
-0.75823
-0.67939
0
0
0
0
0
0
0
0
0
0
0
-0.68827
-0.72565
-0.60232
-0.63342
-0.63261
-0.63261
-0.63261
-0.63261
11.3369
-0.59296
-0.58253
-0.57716
-0.55758
-0.57305
-0.59454
-0.59643
-0.60249
0
0
-1.4801
0
0
0
0
0
0
0
0
0
0
-0.70928
-0.75644
-0.64769
-0.6702
-0.66044
-0.66044
-0.66044
-0.66044
-0.59296
10.3664
-0.62807
-0.60894
-0.60177
-0.60535
-0.63208
-0.63312
-0.63872
0
0
0
0
0
0
0
0
0
0
0
0
0
-0.7206
-0.75784
-0.63273
-0.66302
-0.66049
-0.66049
-0.66049
-0.66049
-0.58253
-0.62807
11.2248
-0.60769
-0.60083
-0.60354
-0.63204
-0.63263
0
0
0
-1.5213
0
0
0
0
0
0
0
0
0
0
-0.69353
-0.73963
-0.63072
-0.65408
-0.64564
-0.64564
-0.64564
-0.64564
-0.57716
-0.60894
-0.60769
9.4957
-0.58478
-0.58507
-0.61619
-0.61536
0
0
0
0
0
0
0
0
0
0
0
0
0
0
-0.64283
-0.69533
-0.53101
-0.60319
-0.63546
-0.63546
-0.63546
-0.63546
-0.55758
-0.60177
-0.60083
-0.58478
20.4909
-0.56453
0
0
0
0
0
0
0
0
0
0
0
0
0
-6.2836
0
-6.2836
-0.69012
-0.73602
-0.62611
-0.65017
-0.64241
-0.64241
-0.64241
-0.64241
-0.57305
-0.60535
-0.60354
-0.58507
-0.56453
8.817
-0.61346
0
0
0
0
0
0
0
0
0
0
0
0
0
0
0
-0.71983
-0.7681
-0.65472
-0.67726
-0.66727
-0.66727
-0.66727
-0.66727
-0.59454
-0.63208
-0.63204
-0.61619
0
-0.61346
8.5773
0
0
0
0
0
0
0
0
0
0
0
0
0
0
0
-0.72254
-0.7708
-0.65761
-0.67973
-0.66933
-0.66933
-0.66933
-0.66933
-0.59643
-0.63312
-0.63263
-0.61536
0
0
0
7.9855
0
0
0
0
0
0
0
0
0
0
0
0
0
0
-0.72812
-0.77831
-0.66446
-0.6861
-0.67489
-0.67489
-0.67489
-0.67489
-0.60249
-0.63872
0
0
0
0
0
0
6.7978
0
0
0
0
0
0
0
0
0
0
0
0
0
-0.81877
-0.87855
0
-0.7808
-0.75823
-0.75823
-0.75823
-0.75823
0
0
0
0
0
0
0
0
0
5.511
0
0
0
0
0
0
0
0
0
0
0
0
-0.73678
-0.78941
0
0
-0.67939
-0.67939
-0.67939
-0.67939
0
0
0
0
0
0
0
0
0
0
4.2437
0
0
0
0
0
0
0
0
0
0
0
0
0
0
0
0
0
0
0
-1.4801
0
-1.5213
0
0
0
0
0
0
0
0
3.8144
0
0
-0.81303
0
0
0
0
0
0
0
-2.1989
0
0
0
0
0
0
0
0
0
0
0
0
0
0
0
0
0
0
0
4.2713
-2.0724
0
0
0
0
0
0
0
0
0
0
0
0
0
0
0
0
0
0
0
0
0
0
0
0
0
0
0
0
-2.0724
7.2482
-5.1758
0
0
0
0
0
0
0
0
0
0
0
0
0
0
0
0
0
0
0
0
0
0
0
0
0
0
-0.81303
0
-5.1758
5.9889
0
0
0
0
0
0
0
-5.6247
0
0
0
0
0
0
0
0
0
0
0
0
0
0
0
0
0
0
0
0
0
0
5.6247
0
0
0
0
0
0
0
0
-7.6765
0
0
0
0
0
0
0
0
0
0
0
0
0
0
0
0
0
0
0
0
0
7.6765
0
0
0
0
0
0
-5.5908
0
0
0
0
0
0
0
0
0
0
0
0
0
0
0
0
0
0
0
0
0
0
0
5.5908
0
0
0
0
0
0
0
-5.0489
0
0
0
0
0
0
0
0
0
0
0
0
0
0
0
0
0
0
0
0
0
0
5.0489
0
0
0
0
0
0
0
0
0
0
0
0
0
0
0
-6.2836
0
0
0
0
0
0
0
0
0
0
0
0
0
0
6.2836
0
0
0
0
-7.6765
0
0
0
0
0
0
0
0
0
0
0
0
0
0
0
0
0
0
0
0
0
0
0
0
0
7.6765
0
0
0
0
0
0
0
0
0
0
0
0
0
-6.2836
0
0
0
0
0
0
0
0
0
0
0
0
0
0
0
0
6.2836
