33.9593
-0.74667
-0.7392
-0.69874
-0.69874
-0.69874
-0.71282
-0.69032
-0.69446
-0.63686
-0.59355
-0.69032
-0.69032
-0.59501
-0.59501
-0.66414
-0.71859
-0.76006
0
0
0
-0.90608
0
-10.7148
0
0
0
0
0
-10.7148
-0.74667
13.7025
-0.79749
-0.7328
-0.7328
-0.7328
-0.7501
-0.72919
-0.73651
-0.69376
-0.69823
-0.72919
-0.72919
-0.62621
-0.62621
-0.73993
-0.73354
-0.77656
0
-1.3913
0
0
0
0
0
0
0
0
0
0
-0.7392
-0.79749
12.7479
-0.73068
-0.73068
-0.73068
-0.74777
-0.72745
-0.73361
-0.7005
-0.68658
-0.72745
-0.72745
-0.62465
-0.62465
-0.73197
-0.73671
-0.77578
0
0
-0.47462
0
0
0
0
0
0
0
0
0
-0.69874
-0.7328
-0.73068
11.3928
-0.65718
-0.65718
-0.69146
-0.67376
-0.68389
-0.6467
-0.63941
-0.67376
-0.67376
-0.57692
-0.57692
-0.68047
-0.68717
-0.71198
0
0
0
0
0
0
0
0
0
0
0
0
-0.69874
-0.7328
-0.73068
-0.65718
11.3928
-0.65718
-0.69146
-0.67376
-0.68389
-0.6467
-0.63941
-0.67376
-0.67376
-0.57692
-0.57692
-0.68047
-0.68717
-0.71198
0
0
0
0
0
0
0
0
0
0
0
0
-0.69874
-0.7328
-0.73068
-0.65718
-0.65718
11.3928
-0.69146
-0.67376
-0.68389
-0.6467
-0.63941
-0.67376
-0.67376
-0.57692
-0.57692
-0.68047
-0.68717
-0.71198
0
0
0
0
0
0
0
0
0
0
0
0
-0.71282
-0.7501
-0.74777
-0.69146
-0.69146
-0.69146
10.941
-0.69582
-0.70478
-0.64932
-0.64196
-0.69582
-0.69582
-0.58892
-0.58892
-0.69139
-0.70322
0
0
0
0
0
0
0
0
0
0
0
0
0
-0.69032
-0.72919
-0.72745
-0.67376
-0.67376
-0.67376
-0.69582
9.9049
-0.68693
-0.64738
-0.63878
-0.64451
-0.64451
-0.55578
-0.55578
-0.66712
0
0
0
0
0
0
0
0
0
0
0
0
0
0
-0.69446
-0.73651
-0.73361
-0.68389
-0.68389
-0.68389
-0.70478
-0.68693
9.6455
-0.6563
-0.65186
-0.68693
-0.68693
-0.54361
-0.54361
0
0
0
-0.26828
0
0
0
0
0
0
0
0
0
0
0
-0.63686
-0.69376
-0.7005
-0.6467
-0.6467
-0.6467
-0.64932
-0.64738
-0.6563
16.0342
0
-0.64738
-0.64738
-0.5403
-0.5403
0
0
0
0
-1.221
0
0
0
0
0
0
0
-6.5136
0
0
-0.59355
-0.69823
-0.68658
-0.63941
-0.63941
-0.63941
-0.64196
-0.63878
-0.65186
0
26.1026
-0.63878
-0.63878
-0.53532
-0.53532
0
0
0
0
0
0
0
-8.9626
0
0
0
0
0
-8.9626
0
-0.69032
-0.72919
-0.72745
-0.67376
-0.67376
-0.67376
-0.69582
-0.64451
-0.68693
-0.64738
-0.63878
9.9049
-0.64451
-0.55578
-0.55578
-0.66712
0
0
0
0
0
0
0
0
0
0
0
0
0
0
-0.69032
-0.72919
-0.72745
-0.67376
-0.67376
-0.67376
-0.69582
-0.64451
-0.68693
-0.64738
-0.63878
-0.64451
9.9049
-0.55578
-0.55578
-0.66712
0
0
0
0
0
0
0
0
0
0
0
0
0
0
-0.59501
-0.62621
-0.62465
-0.57692
-0.57692
-0.57692
-0.58892
-0.55578
-0.54361
-0.5403
-0.53532
-0.55578
-0.55578
7.8671
-0.41497
0
0
0
0
0
0
0
0
0
0
0
0
0
0
0
-0.59501
-0.62621
-0.62465
-0.57692
-0.57692
-0.57692
-0.58892
-0.55578
-0.54361
-0.5403
-0.53532
-0.55578
-0.55578
-0.41497
7.8671
0
0
0
0
0
0
0
0
0
0
0
0
0
0
0
-0.66414
-0.73993
-0.73197
-0.68047
-0.68047
-0.68047
-0.69139
-0.66712
0
0
0
-0.66712
-0.66712
0
0
10.7351
0
0
0
0
0
0
0
0
0
0
-3.8649
0
0
0
-0.71859
-0.73354
-0.73671
-0.68717
-0.68717
-0.68717
-0.70322
0
0
0
0
0
0
0
0
0
5.7895
0
0
0
0
-0.8359
0
0
0
0
0
0
0
0
-0.76006
-0.77656
-0.77578
-0.71198
-0.71198
-0.71198
0
0
0
0
0
0
0
0
0
0
0
4.4483
0
0
0
0
0
0
0
0
0
0
0
0
0
0
0
0
0
0
0
0
-0.26828
0
0
0
0
0
0
0
0
0
1.2615
0
0
-0.44773
0
0
0
-0.54554
0
0
0
0
0
-1.3913
0
0
0
0
0
0
0
-1.221
0
0
0
0
0
0
0
0
0
3.9653
-1.353
0
0
0
0
0
0
0
0
0
0
0
-0.47462
0
0
0
0
0
0
0
0
0
0
0
0
0
0
0
0
-1.353
3.1996
0
0
0
-1.3719
0
0
0
0
0
-0.90608
0
0
0
0
0
0
0
0
0
0
0
0
0
0
0
-0.8359
0
-0.44773
0
0
2.1897
0
0
0
0
0
0
0
0
0
0
0
0
0
0
0
0
0
0
-8.9626
0
0
0
0
0
0
0
0
0
0
0
8.9626
0
0
0
0
0
0
0
-10.7148
0
0
0
0
0
0
0
0
0
0
0
0
0
0
0
0
0
0
0
0
0
0
10.7148
0
0
0
0
0
0
0
0
0
0
0
0
0
0
0
0
0
0
0
0
0
0
0
0
0
0
-1.3719
0
0
0
1.3719
0
0
0
0
0
0
0
0
0
0
0
0
0
0
0
0
0
0
0
0
0
0
0
-0.54554
0
0
0
0
0
0
0.54554
0
0
0
0
0
0
0
0
0
0
0
0
0
0
0
0
0
0
0
-3.8649
0
0
0
0
0
0
0
0
0
0
3.8649
0
0
0
0
0
0
0
0
0
0
0
0
-6.5136
0
0
0
0
0
0
0
0
0
0
0
0
0
0
0
0
0
6.5136
0
0
0
0
0
0
0
0
0
0
0
0
-8.9626
0
0
0
0
0
0
0
0
0
0
0
0
0
0
0
0
0
8.9626
0
-10.7148
0
0
0
0
0
0
0
0
0
0
0
0
0
0
0
0
0
0
0
0
0
0
0
0
0
0
0
0
10.7148
