16.9236
-0.52558
-0.52558
-0.52558
-0.50189
-0.46164
-0.46164
-0.49402
-0.49621
-0.4639
-0.4639
-0.48026
-0.44525
-0.47666
-0.45502
-0.91625
-0.91625
0
-0.67089
0
0
0
0
0
0
0
0
0
-7.6431
0
-0.52558
8.9481
-0.52627
-0.52627
-0.53574
-0.50598
-0.50598
-0.51813
-0.51375
-0.48105
-0.48105
-0.50455
-0.46094
-0.5017
-0.48795
-0.93658
-0.93658
0
0
0
0
0
0
0
0
0
0
0
0
0
-0.52558
-0.52627
8.9481
-0.52627
-0.53574
-0.50598
-0.50598
-0.51813
-0.51375
-0.48105
-0.48105
-0.50455
-0.46094
-0.5017
-0.48795
-0.93658
-0.93658
0
0
0
0
0
0
0
0
0
0
0
0
0
-0.52558
-0.52627
-0.52627
8.9481
-0.53574
-0.50598
-0.50598
-0.51813
-0.51375
-0.48105
-0.48105
-0.50455
-0.46094
-0.5017
-0.48795
-0.93658
-0.93658
0
0
0
0
0
0
0
0
0
0
0
0
0
-0.50189
-0.53574
-0.53574
-0.53574
12.8075
-0.45046
-0.45046
-0.46672
-0.47913
-0.44829
-0.44829
-0.46049
-0.42769
-0.45314
0
0
0
0
-0.68168
0
0
0
-5.9321
0
0
0
0
0
0
0
-0.46164
-0.50598
-0.50598
-0.50598
-0.45046
23.8764
-0.39511
-0.42728
-0.45373
-0.42178
-0.42178
-0.41933
-0.40361
-0.41055
0
0
0
0
0
0
0
0
0
0
0
0
0
-9.0466
0
-9.0466
-0.46164
-0.50598
-0.50598
-0.50598
-0.45046
-0.39511
23.8764
-0.42728
-0.45373
-0.42178
-0.42178
-0.41933
-0.40361
-0.41055
0
0
0
0
0
0
-9.0466
0
0
0
-9.0466
0
0
0
0
0
-0.49402
-0.51813
-0.51813
-0.51813
-0.46672
-0.42728
-0.42728
12.3273
-0.46484
-0.44676
-0.44676
-0.47196
-0.41137
0
0
0
0
0
0
-2.3709
0
0
0
-4.345
0
0
0
0
0
0
-0.49621
-0.51375
-0.51375
-0.51375
-0.47913
-0.45373
-0.45373
-0.46484
8.352
-0.43958
-0.43958
-0.46858
-0.42016
-0.46196
0
0
0
0
0
-2.2332
0
0
0
0
0
0
0
0
0
0
-0.4639
-0.48105
-0.48105
-0.48105
-0.44829
-0.42178
-0.42178
-0.44676
-0.43958
5.7007
-0.38928
-0.42442
-0.38234
-0.41939
0
0
0
0
0
0
0
0
0
0
0
0
0
0
0
0
-0.4639
-0.48105
-0.48105
-0.48105
-0.44829
-0.42178
-0.42178
-0.44676
-0.43958
-0.38928
5.7007
-0.42442
-0.38234
-0.41939
0
0
0
0
0
0
0
0
0
0
0
0
0
0
0
0
-0.48026
-0.50455
-0.50455
-0.50455
-0.46049
-0.41933
-0.41933
-0.47196
-0.46858
-0.42442
-0.42442
9.2745
-0.37557
0
0
0
0
0
0
0
0
-3.8164
0
0
0
0
0
0
0
0
-0.44525
-0.46094
-0.46094
-0.46094
-0.42769
-0.40361
-0.40361
-0.41137
-0.42016
-0.38234
-0.38234
-0.37557
5.0348
0
0
0
0
0
0
0
0
0
0
0
0
0
0
0
0
0
-0.47666
-0.5017
-0.5017
-0.5017
-0.45314
-0.41055
-0.41055
0
-0.46196
-0.41939
-0.41939
0
0
5.3418
0
0
0
0
0
0
0
0
0
0
0
-0.78512
0
0
0
0
-0.45502
-0.48795
-0.48795
-0.48795
0
0
0
0
0
0
0
0
0
0
2.189
0
0
-0.27017
0
0
0
0
0
0
0
0
0
0
0
0
-0.91625
-0.93658
-0.93658
-0.93658
0
0
0
0
0
0
0
0
0
0
0
3.726
0
0
0
0
0
0
0
0
0
0
0
0
0
0
-0.91625
-0.93658
-0.93658
-0.93658
0
0
0
0
0
0
0
0
0
0
0
0
3.726
0
0
0
0
0
0
0
0
0
0
0
0
0
0
0
0
0
0
0
0
0
0
0
0
0
0
0
-0.27017
0
0
0.95222
-0.1045
0
0
0
0
0
0
0
-0.57755
0
0
0
-0.67089
0
0
0
-0.68168
0
0
0
0
0
0
0
0
0
0
0
0
-0.1045
1.4571
0
0
0
0
0
0
0
0
0
0
0
0
0
0
0
0
0
0
-2.3709
-2.2332
0
0
0
0
0
0
0
0
0
0
4.6042
0
0
0
0
0
0
0
0
0
0
0
0
0
0
0
0
-9.0466
0
0
0
0
0
0
0
0
0
0
0
0
0
9.0466
0
0
0
0
0
0
0
0
0
0
0
0
0
0
0
0
0
0
0
0
-3.8164
0
0
0
0
0
0
0
0
0
3.8164
0
0
0
0
0
0
0
0
0
0
0
0
-5.9321
0
0
0
0
0
0
0
0
0
0
0
0
0
0
0
0
0
5.9321
0
0
0
0
0
0
0
0
0
0
0
0
0
0
-4.345
0
0
0
0
0
0
0
0
0
0
0
0
0
0
0
4.345
0
0
0
0
0
0
0
0
0
0
0
0
-9.0466
0
0
0
0
0
0
0
0
0
0
0
0
0
0
0
0
0
9.0466
0
0
0
0
0
0
0
0
0
0
0
0
0
0
0
0
0
0
-0.78512
0
0
0
0
0
0
0
0
0
0
0
0.78512
0
0
0
0
0
0
0
0
0
0
0
0
0
0
0
0
0
0
0
0
0
-0.57755
0
0
0
0
0
0
0
0
0.57755
0
0
0
0
0
0
0
0
-9.0466
0
0
0
0
0
0
0
0
0
0
0
0
0
0
0
0
0
0
0
0
0
9.0466
0
0
-7.6431
0
0
0
0
0
0
0
0
0
0
0
0
0
0
0
0
0
0
0
0
0
0
0
0
0
0
0
7.6431
0
0
0
0
0
0
-9.0466
0
0
0
0
0
0
0
0
0
0
0
0
0
0
0
0
0
0
0
0
0
0
0
9.0466
