15.4787
-0.66995
-0.70765
-0.71718
-0.66444
-0.66278
-0.66278
-0.70325
-0.58778
-0.58778
-0.58778
-0.58778
-0.60082
-0.60431
-0.60431
-0.76877
-0.88216
-0.4969
0
0
0
-4.3823
0
0
0
0
0
0
0
0
-0.66995
14.8004
-0.72183
-0.74877
-0.67193
-0.67625
-0.67625
-0.73383
-0.59915
-0.59915
-0.59915
-0.59915
-0.61082
-0.61434
-0.61434
-0.78258
0
-0.53975
0
0
0
-4.3432
0
0
0
0
0
0
0
0
-0.70765
-0.72183
11.166
-0.76861
-0.7084
-0.69335
-0.69335
-0.7543
-0.61431
-0.61431
-0.61431
-0.61431
-0.62449
-0.63171
-0.63171
-0.81659
-0.95677
0
0
0
0
0
0
0
0
0
0
0
0
0
-0.71718
-0.74877
-0.76861
26.6093
-0.72764
-0.73088
-0.73088
-0.70013
-0.64268
-0.64268
-0.64268
-0.64268
-0.6506
-0.6683
-0.6683
0
0
0
0
0
0
0
0
0
0
0
0
-8.4636
0
-8.4636
-0.66444
-0.67193
-0.7084
-0.72764
9.0318
-0.64509
-0.64509
-0.71918
-0.56464
-0.56464
-0.56464
-0.56464
-0.57096
-0.5832
-0.5832
0
0
0
0
0
-0.25413
0
0
0
0
0
0
0
0
0
-0.66278
-0.67625
-0.69335
-0.73088
-0.64509
9.5279
-0.62984
-0.72791
-0.5664
-0.5664
-0.5664
-0.5664
-0.57444
-0.58431
-0.58431
-0.75313
0
0
0
0
0
0
0
0
0
0
0
0
0
0
-0.66278
-0.67625
-0.69335
-0.73088
-0.64509
-0.62984
9.5279
-0.72791
-0.5664
-0.5664
-0.5664
-0.5664
-0.57444
-0.58431
-0.58431
-0.75313
0
0
0
0
0
0
0
0
0
0
0
0
0
0
-0.70325
-0.73383
-0.7543
-0.70013
-0.71918
-0.72791
-0.72791
26.2431
-0.64156
-0.64156
-0.64156
-0.64156
-0.54285
0
0
0
0
0
0
0
0
0
-2.17
0
0
-7.9487
-7.9487
0
0
0
-0.58778
-0.59915
-0.61431
-0.64268
-0.56464
-0.5664
-0.5664
-0.64156
7.7201
-0.47996
-0.47996
-0.47996
-0.48872
-0.50428
-0.50428
0
0
0
0
0
0
0
0
0
0
0
0
0
0
0
-0.58778
-0.59915
-0.61431
-0.64268
-0.56464
-0.5664
-0.5664
-0.64156
-0.47996
7.7201
-0.47996
-0.47996
-0.48872
-0.50428
-0.50428
0
0
0
0
0
0
0
0
0
0
0
0
0
0
0
-0.58778
-0.59915
-0.61431
-0.64268
-0.56464
-0.5664
-0.5664
-0.64156
-0.47996
-0.47996
7.7201
-0.47996
-0.48872
-0.50428
-0.50428
0
0
0
0
0
0
0
0
0
0
0
0
0
0
0
-0.58778
-0.59915
-0.61431
-0.64268
-0.56464
-0.5664
-0.5664
-0.64156
-0.47996
-0.47996
-0.47996
7.7201
-0.48872
-0.50428
-0.50428
0
0
0
0
0
0
0
0
0
0
0
0
0
0
0
-0.60082
-0.61082
-0.62449
-0.6506
-0.57096
-0.57444
-0.57444
-0.54285
-0.48872
-0.48872
-0.48872
-0.48872
6.7043
0
0
0
0
0
0
0
0
0
0
0
0
0
0
0
0
0
-0.60431
-0.61434
-0.63171
-0.6683
-0.5832
-0.58431
-0.58431
0
-0.50428
-0.50428
-0.50428
-0.50428
0
6.2876
0
0
0
0
0
0
0
0
0
0
0
0
0
0
0
0
-0.60431
-0.61434
-0.63171
-0.6683
-0.5832
-0.58431
-0.58431
0
-0.50428
-0.50428
-0.50428
-0.50428
0
0
6.2876
0
0
0
0
0
0
0
0
0
0
0
0
0
0
0
-0.76877
-0.78258
-0.81659
0
0
-0.75313
-0.75313
0
0
0
0
0
0
0
0
5.6243
0
0
-1.7501
0
0
0
0
0
0
0
0
0
0
0
-0.88216
0
-0.95677
0
0
0
0
0
0
0
0
0
0
0
0
0
4.1432
0
0
0
0
0
0
-1.742
-0.56228
0
0
0
0
0
-0.4969
-0.53975
0
0
0
0
0
0
0
0
0
0
0
0
0
0
0
1.7384
0
0
0
0
0
0
0
0
0
0
-0.70175
0
0
0
0
0
0
0
0
0
0
0
0
0
0
0
0
-1.7501
0
0
8.1636
0
0
0
-3.0632
-3.3502
0
0
0
0
0
0
0
0
0
0
0
0
0
0
0
0
0
0
0
0
0
0
0
0
0
2.196
-0.50155
0
0
0
-1.6944
0
0
0
0
0
0
0
0
0
-0.25413
0
0
0
0
0
0
0
0
0
0
0
0
0
0
-0.50155
0.75567
0
0
0
0
0
0
0
0
0
-4.3823
-4.3432
0
0
0
0
0
0
0
0
0
0
0
0
0
0
0
0
0
0
0
8.7255
0
0
0
0
0
0
0
0
0
0
0
0
0
0
0
-2.17
0
0
0
0
0
0
0
0
0
0
-3.0632
0
0
0
5.2332
0
0
0
0
0
0
0
0
0
0
0
0
0
0
0
0
0
0
0
0
0
0
0
-1.742
0
-3.3502
0
0
0
0
5.0922
0
0
0
0
0
0
0
0
0
0
0
0
0
0
0
0
0
0
0
0
0
0
-0.56228
0
0
-1.6944
0
0
0
0
2.2567
0
0
0
0
0
0
0
0
0
0
0
0
-7.9487
0
0
0
0
0
0
0
0
0
0
0
0
0
0
0
0
0
7.9487
0
0
0
0
0
0
0
0
0
0
0
-7.9487
0
0
0
0
0
0
0
0
0
0
0
0
0
0
0
0
0
0
7.9487
0
0
0
0
0
0
-8.4636
0
0
0
0
0
0
0
0
0
0
0
0
0
0
0
0
0
0
0
0
0
0
0
8.4636
0
0
0
0
0
0
0
0
0
0
0
0
0
0
0
0
0
0
0
-0.70175
0
0
0
0
0
0
0
0
0
0
0.70175
0
0
0
0
-8.4636
0
0
0
0
0
0
0
0
0
0
0
0
0
0
0
0
0
0
0
0
0
0
0
0
0
8.4636
