23.7405
-0.72546
-0.73917
-0.72546
-0.66437
-0.66437
-0.68328
-0.66575
-0.69242
-0.70439
-0.70439
-0.73362
-0.73362
-0.73723
-0.68056
-0.73017
-0.66638
-0.74859
-0.74859
-0.74859
-0.63992
0
0
0
0
0
0
0
0
-9.6042
-0.72546
13.2595
-0.70168
-0.66697
-0.61854
-0.61854
-0.66458
-0.62697
-0.68233
-0.65804
-0.65804
-0.68543
-0.68543
-0.68444
-0.65929
-0.68665
-0.6178
-0.68499
-0.68499
-0.68499
-0.56432
0
0
0
0
0
0
0
0
0
-0.73917
-0.70168
22.1231
-0.70168
-0.63355
-0.63355
-0.64714
-0.63737
-0.65424
-0.67261
-0.67261
-0.70021
-0.70021
-0.70419
-0.6447
-0.70318
-0.63681
-0.71641
-0.71641
-0.71641
0
0
0
0
0
-9.1909
0
0
0
0
-0.72546
-0.66697
-0.70168
13.2595
-0.61854
-0.61854
-0.66458
-0.62697
-0.68233
-0.65804
-0.65804
-0.68543
-0.68543
-0.68444
-0.65929
-0.68665
-0.6178
-0.68499
-0.68499
-0.68499
-0.56432
0
0
0
0
0
0
0
0
0
-0.66437
-0.61854
-0.63355
-0.61854
11.6351
-0.56244
-0.5979
-0.57323
-0.61582
-0.60093
-0.60093
-0.62562
-0.62562
-0.62498
-0.59728
-0.6326
-0.56426
-0.62617
-0.62617
-0.62617
0
0
0
0
0
0
0
0
0
0
-0.66437
-0.61854
-0.63355
-0.61854
-0.56244
11.6351
-0.5979
-0.57323
-0.61582
-0.60093
-0.60093
-0.62562
-0.62562
-0.62498
-0.59728
-0.6326
-0.56426
-0.62617
-0.62617
-0.62617
0
0
0
0
0
0
0
0
0
0
-0.68328
-0.66458
-0.64714
-0.66458
-0.5979
-0.5979
30.229
-0.57977
-0.54605
-0.61949
-0.61949
-0.64345
-0.64345
-0.6526
-0.55449
-0.64687
-0.59105
0
0
0
0
0
0
-10.1385
0
0
0
0
-10.1385
0
-0.66575
-0.62697
-0.63737
-0.62697
-0.57323
-0.57323
-0.57977
9.8513
-0.59013
-0.59301
-0.59301
-0.61596
-0.61596
-0.61568
-0.57732
-0.63492
-0.55555
0
0
0
0
-0.17645
0
0
0
0
0
0
0
0
-0.69242
-0.68233
-0.65424
-0.68233
-0.61582
-0.61582
-0.54605
-0.59013
24.3423
-0.69618
-0.69618
-0.67547
-0.67547
0
0
0
0
0
0
0
0
0
0
0
0
0
-8.2599
-8.2599
0
0
-0.70439
-0.65804
-0.67261
-0.65804
-0.60093
-0.60093
-0.61949
-0.59301
-0.69618
8.3551
-0.64738
-0.62893
-0.62893
-0.64624
0
0
0
0
0
0
0
0
0
0
0
0
0
0
0
0
-0.70439
-0.65804
-0.67261
-0.65804
-0.60093
-0.60093
-0.61949
-0.59301
-0.69618
-0.64738
8.3551
-0.62893
-0.62893
-0.64624
0
0
0
0
0
0
0
0
0
0
0
0
0
0
0
0
-0.73362
-0.68543
-0.70021
-0.68543
-0.62562
-0.62562
-0.64345
-0.61596
-0.67547
-0.62893
-0.62893
7.2487
0
0
0
0
0
0
0
0
0
0
0
0
0
0
0
0
0
0
-0.73362
-0.68543
-0.70021
-0.68543
-0.62562
-0.62562
-0.64345
-0.61596
-0.67547
-0.62893
-0.62893
0
7.2487
0
0
0
0
0
0
0
0
0
0
0
0
0
0
0
0
0
-0.73723
-0.68444
-0.70419
-0.68444
-0.62498
-0.62498
-0.6526
-0.61568
0
-0.64624
-0.64624
0
0
6.621
0
0
0
0
0
0
0
0
0
0
0
0
0
0
0
0
-0.68056
-0.65929
-0.6447
-0.65929
-0.59728
-0.59728
-0.55449
-0.57732
0
0
0
0
0
0
5.201
0
0
0
0
0
0
0
-0.23078
0
0
0
0
0
0
0
-0.73017
-0.68665
-0.70318
-0.68665
-0.6326
-0.6326
-0.64687
-0.63492
0
0
0
0
0
0
0
5.5919
0
0
0
0
0
-0.23823
0
0
0
0
0
0
0
0
-0.66638
-0.6178
-0.63681
-0.6178
-0.56426
-0.56426
-0.59105
-0.55555
0
0
0
0
0
0
0
0
4.8139
0
0
0
0
0
0
0
0
0
0
0
0
0
-0.74859
-0.68499
-0.71641
-0.68499
-0.62617
-0.62617
0
0
0
0
0
0
0
0
0
0
0
4.0873
0
0
0
0
0
0
0
0
0
0
0
0
-0.74859
-0.68499
-0.71641
-0.68499
-0.62617
-0.62617
0
0
0
0
0
0
0
0
0
0
0
0
4.0873
0
0
0
0
0
0
0
0
0
0
0
-0.74859
-0.68499
-0.71641
-0.68499
-0.62617
-0.62617
0
0
0
0
0
0
0
0
0
0
0
0
0
4.0873
0
0
0
0
0
0
0
0
0
0
-0.63992
-0.56432
0
-0.56432
0
0
0
0
0
0
0
0
0
0
0
0
0
0
0
0
1.7686
0
0
0
0
0
0
0
0
0
0
0
0
0
0
0
0
-0.17645
0
0
0
0
0
0
0
-0.23823
0
0
0
0
0
0.5254
0
0
-0.11072
0
0
0
0
0
0
0
0
0
0
0
0
0
0
0
0
0
0
0
-0.23078
0
0
0
0
0
0
0
0.23078
0
0
0
0
0
0
0
0
0
0
0
0
0
-10.1385
0
0
0
0
0
0
0
0
0
0
0
0
0
0
0
0
10.1385
0
0
0
0
0
0
0
0
0
0
0
0
0
0
0
0
0
0
0
0
0
0
0
0
0
0
0
-0.11072
0
0
0.11072
0
0
0
0
0
0
0
-9.1909
0
0
0
0
0
0
0
0
0
0
0
0
0
0
0
0
0
0
0
0
0
0
9.1909
0
0
0
0
0
0
0
0
0
0
0
0
-8.2599
0
0
0
0
0
0
0
0
0
0
0
0
0
0
0
0
0
8.2599
0
0
0
0
0
0
0
0
0
0
0
-8.2599
0
0
0
0
0
0
0
0
0
0
0
0
0
0
0
0
0
0
8.2599
0
0
0
0
0
0
0
0
-10.1385
0
0
0
0
0
0
0
0
0
0
0
0
0
0
0
0
0
0
0
0
0
10.1385
0
-9.6042
0
0
0
0
0
0
0
0
0
0
0
0
0
0
0
0
0
0
0
0
0
0
0
0
0
0
0
0
9.6042
