14.8173
-0.58682
-0.55267
-0.64461
-0.74794
-0.74794
-0.60275
-0.60275
-0.56524
-0.60275
-0.51659
-0.56488
-0.56488
-0.60889
-0.85248
-1.1123
-0.67173
-0.67173
0
-0.73904
-0.73904
-0.73904
-1.3832
0
0
0
0
0
0
0
-0.58682
14.8173
-0.55267
-0.64461
-0.74794
-0.74794
-0.60275
-0.60275
-0.56524
-0.60275
-0.51659
-0.56488
-0.56488
-0.60889
-0.85248
-1.1123
-0.67173
-0.67173
0
-0.73904
-0.73904
-0.73904
-1.3832
0
0
0
0
0
0
0
-0.55267
-0.55267
12.4831
-0.59673
-0.68641
-0.68641
-0.55856
-0.55856
-0.52348
-0.55856
-0.47808
-0.52311
-0.52311
-0.56392
-0.78194
-1.0198
-0.61275
-0.61275
0
-0.69786
-0.69786
-0.69786
0
0
0
0
0
0
0
0
-0.64461
-0.64461
-0.59673
10.667
-0.78871
-0.78871
-0.64491
-0.64491
-0.63777
-0.64491
-0.54896
-0.60008
-0.60008
-0.64338
-1.0615
-1.1772
0
0
0
0
0
0
0
0
0
0
0
0
0
0
-0.74794
-0.74794
-0.68641
-0.78871
25.0223
-0.93888
-0.72636
-0.72636
-0.71786
-0.72636
-0.61363
-0.67065
-0.67065
-0.72259
0
0
0
0
0
0
0
0
0
0
0
0
0
0
0
-15.5379
-0.74794
-0.74794
-0.68641
-0.78871
-0.93888
25.0223
-0.72636
-0.72636
-0.71786
-0.72636
-0.61363
-0.67065
-0.67065
-0.72259
0
0
0
0
0
0
0
0
0
0
0
0
0
0
-15.5379
0
-0.60275
-0.60275
-0.55856
-0.64491
-0.72636
-0.72636
7.6756
-0.5539
-0.62052
-0.5539
-0.47536
-0.52017
-0.52017
-0.56992
0
0
0
0
0
0
0
0
0
0
0
0
0
0
0
0
-0.60275
-0.60275
-0.55856
-0.64491
-0.72636
-0.72636
-0.5539
7.6756
-0.62052
-0.5539
-0.47536
-0.52017
-0.52017
-0.56992
0
0
0
0
0
0
0
0
0
0
0
0
0
0
0
0
-0.56524
-0.56524
-0.52348
-0.63777
-0.71786
-0.71786
-0.62052
-0.62052
7.1224
-0.62052
-0.43627
-0.47791
-0.47791
0
0
0
0
0
-0.14124
0
0
0
0
0
0
0
0
0
0
0
-0.60275
-0.60275
-0.55856
-0.64491
-0.72636
-0.72636
-0.5539
-0.5539
-0.62052
7.6756
-0.47536
-0.52017
-0.52017
-0.56992
0
0
0
0
0
0
0
0
0
0
0
0
0
0
0
0
-0.51659
-0.51659
-0.47808
-0.54896
-0.61363
-0.61363
-0.47536
-0.47536
-0.43627
-0.47536
5.9994
-0.42477
-0.42477
0
0
0
0
0
0
0
0
0
0
0
0
0
0
0
0
0
-0.56488
-0.56488
-0.52311
-0.60008
-0.67065
-0.67065
-0.52017
-0.52017
-0.47791
-0.52017
-0.42477
6.0574
0
0
0
0
0
0
0
0
0
0
0
0
0
0
0
0
0
0
-0.56488
-0.56488
-0.52311
-0.60008
-0.67065
-0.67065
-0.52017
-0.52017
-0.47791
-0.52017
-0.42477
0
6.0574
0
0
0
0
0
0
0
0
0
0
0
0
0
0
0
0
0
-0.60889
-0.60889
-0.56392
-0.64338
-0.72259
-0.72259
-0.56992
-0.56992
0
-0.56992
0
0
0
5.58
0
0
0
0
0
0
0
0
0
0
0
0
0
0
0
0
-0.85248
-0.85248
-0.78194
-1.0615
0
0
0
0
0
0
0
0
0
0
12.4245
0
0
0
-0.40994
0
0
0
0
0
0
0
-8.4661
0
0
0
-1.1123
-1.1123
-1.0198
-1.1772
0
0
0
0
0
0
0
0
0
0
0
9.6793
0
0
0
0
0
0
0
0
-5.2577
0
0
0
0
0
-0.67173
-0.67173
-0.61275
0
0
0
0
0
0
0
0
0
0
0
0
0
2.5701
0
0
0
0
0
0
-0.61384
0
0
0
0
0
0
-0.67173
-0.67173
-0.61275
0
0
0
0
0
0
0
0
0
0
0
0
0
0
2.5701
0
0
0
0
0
0
0
0
0
-0.61384
0
0
0
0
0
0
0
0
0
0
-0.14124
0
0
0
0
0
-0.40994
0
0
0
0.65646
0
0
0
0
0
0
-0.10528
0
0
0
0
-0.73904
-0.73904
-0.69786
0
0
0
0
0
0
0
0
0
0
0
0
0
0
0
0
2.1759
0
0
0
0
0
0
0
0
0
0
-0.73904
-0.73904
-0.69786
0
0
0
0
0
0
0
0
0
0
0
0
0
0
0
0
0
2.1759
0
0
0
0
0
0
0
0
0
-0.73904
-0.73904
-0.69786
0
0
0
0
0
0
0
0
0
0
0
0
0
0
0
0
0
0
2.1759
0
0
0
0
0
0
0
0
-1.3832
-1.3832
0
0
0
0
0
0
0
0
0
0
0
0
0
0
0
0
0
0
0
0
2.7664
0
0
0
0
0
0
0
0
0
0
0
0
0
0
0
0
0
0
0
0
0
0
0
-0.61384
0
0
0
0
0
0
0.61384
0
0
0
0
0
0
0
0
0
0
0
0
0
0
0
0
0
0
0
0
0
-5.2577
0
0
0
0
0
0
0
0
5.2577
0
0
0
0
0
0
0
0
0
0
0
0
0
0
0
0
0
0
0
0
0
0
0
-0.10528
0
0
0
0
0
0
0.10528
0
0
0
0
0
0
0
0
0
0
0
0
0
0
0
0
0
0
-8.4661
0
0
0
0
0
0
0
0
0
0
0
8.4661
0
0
0
0
0
0
0
0
0
0
0
0
0
0
0
0
0
0
0
0
-0.61384
0
0
0
0
0
0
0
0
0
0.61384
0
0
0
0
0
0
0
-15.5379
0
0
0
0
0
0
0
0
0
0
0
0
0
0
0
0
0
0
0
0
0
0
15.5379
0
0
0
0
0
-15.5379
0
0
0
0
0
0
0
0
0
0
0
0
0
0
0
0
0
0
0
0
0
0
0
0
15.5379
