25.1035
-0.89154
-0.90827
-0.8842
-0.85373
-0.85373
-0.85373
-0.85373
-0.77162
-0.77162
-0.77162
-0.80784
-0.8031
-0.78234
-0.78234
-0.79974
-0.83307
-0.83307
-0.80997
-0.29849
0
0
0
0
-9.9397
0
0
0
0
0
-0.89154
16.7927
-0.89461
-0.87324
-0.83962
-0.83962
-0.83962
-0.83962
-0.76154
-0.76154
-0.76154
-0.81616
-0.79524
-0.77225
-0.77225
-0.788
-0.82
-0.82
-0.75906
0
-0.8844
-1.2628
0
0
0
0
0
0
0
0
-0.90827
-0.89461
24.7841
-0.89778
-0.85826
-0.85826
-0.85826
-0.85826
-0.77573
-0.77573
-0.77573
-0.82582
-0.81115
-0.78727
-0.78727
-0.80474
-0.8378
-0.8378
-0.80111
0
0
0
0
0
0
-9.8303
0
0
0
0
-0.8842
-0.87324
-0.89778
15.5588
-0.83593
-0.83593
-0.83593
-0.83593
-0.75681
-0.75681
-0.75681
-0.81188
-0.79686
-0.76812
-0.76812
-0.78458
-0.8159
-0.8159
-0.76768
0
-0.96046
0
0
0
0
0
0
0
0
0
-0.85373
-0.83962
-0.85826
-0.83593
13.9488
-0.78134
-0.78134
-0.78134
-0.71848
-0.71848
-0.71848
-0.78552
-0.76303
-0.73192
-0.73192
-0.74819
-0.77702
-0.77702
-0.74715
0
0
0
0
0
0
0
0
0
0
0
-0.85373
-0.83962
-0.85826
-0.83593
-0.78134
13.9488
-0.78134
-0.78134
-0.71848
-0.71848
-0.71848
-0.78552
-0.76303
-0.73192
-0.73192
-0.74819
-0.77702
-0.77702
-0.74715
0
0
0
0
0
0
0
0
0
0
0
-0.85373
-0.83962
-0.85826
-0.83593
-0.78134
-0.78134
13.9488
-0.78134
-0.71848
-0.71848
-0.71848
-0.78552
-0.76303
-0.73192
-0.73192
-0.74819
-0.77702
-0.77702
-0.74715
0
0
0
0
0
0
0
0
0
0
0
-0.85373
-0.83962
-0.85826
-0.83593
-0.78134
-0.78134
-0.78134
13.9488
-0.71848
-0.71848
-0.71848
-0.78552
-0.76303
-0.73192
-0.73192
-0.74819
-0.77702
-0.77702
-0.74715
0
0
0
0
0
0
0
0
0
0
0
-0.77162
-0.76154
-0.77573
-0.75681
-0.71848
-0.71848
-0.71848
-0.71848
11.9323
-0.63256
-0.63256
-0.69188
-0.67536
-0.65458
-0.65458
-0.66652
-0.69232
-0.69232
0
0
0
0
0
0
0
0
0
0
0
0
-0.77162
-0.76154
-0.77573
-0.75681
-0.71848
-0.71848
-0.71848
-0.71848
-0.63256
11.9323
-0.63256
-0.69188
-0.67536
-0.65458
-0.65458
-0.66652
-0.69232
-0.69232
0
0
0
0
0
0
0
0
0
0
0
0
-0.77162
-0.76154
-0.77573
-0.75681
-0.71848
-0.71848
-0.71848
-0.71848
-0.63256
-0.63256
11.9323
-0.69188
-0.67536
-0.65458
-0.65458
-0.66652
-0.69232
-0.69232
0
0
0
0
0
0
0
0
0
0
0
0
-0.80784
-0.81616
-0.82582
-0.81188
-0.78552
-0.78552
-0.78552
-0.78552
-0.69188
-0.69188
-0.69188
20.4449
-0.67242
-0.68742
-0.68742
0
0
0
0
0
0
0
0
-1.1699
0
0
-8.7483
0
0
0
-0.8031
-0.79524
-0.81115
-0.79686
-0.76303
-0.76303
-0.76303
-0.76303
-0.67536
-0.67536
-0.67536
-0.67242
20.0367
-0.68174
-0.68174
-0.67923
0
0
0
0
0
0
0
0
0
0
0
0
0
-9.037
-0.78234
-0.77225
-0.78727
-0.76812
-0.73192
-0.73192
-0.73192
-0.73192
-0.65458
-0.65458
-0.65458
-0.68742
-0.68174
10.6599
-0.62805
-0.66131
0
0
0
0
0
0
0
0
0
0
0
0
0
0
-0.78234
-0.77225
-0.78727
-0.76812
-0.73192
-0.73192
-0.73192
-0.73192
-0.65458
-0.65458
-0.65458
-0.68742
-0.68174
-0.62805
10.6599
-0.66131
0
0
0
0
0
0
0
0
0
0
0
0
0
0
-0.79974
-0.788
-0.80474
-0.78458
-0.74819
-0.74819
-0.74819
-0.74819
-0.66652
-0.66652
-0.66652
0
-0.67923
-0.66131
-0.66131
10.1712
0
0
0
0
0
0
0
0
0
0
0
0
0
0
-0.83307
-0.82
-0.8378
-0.8159
-0.77702
-0.77702
-0.77702
-0.77702
-0.69232
-0.69232
-0.69232
0
0
0
0
0
8.4918
0
0
0
0
0
0
0
0
0
0
0
0
0
-0.83307
-0.82
-0.8378
-0.8159
-0.77702
-0.77702
-0.77702
-0.77702
-0.69232
-0.69232
-0.69232
0
0
0
0
0
0
8.4918
0
0
0
0
0
0
0
0
0
0
0
0
-0.80997
-0.75906
-0.80111
-0.76768
-0.74715
-0.74715
-0.74715
-0.74715
0
0
0
0
0
0
0
0
0
0
6.4553
-0.32889
0
0
0
0
0
0
0
0
0
0
-0.29849
0
0
0
0
0
0
0
0
0
0
0
0
0
0
0
0
0
-0.32889
0.73188
0
0
0
0
0
0
0
-0.1045
0
0
0
-0.8844
0
-0.96046
0
0
0
0
0
0
0
0
0
0
0
0
0
0
0
0
3.1357
0
0
0
0
0
0
0
-1.2908
0
0
-1.2628
0
0
0
0
0
0
0
0
0
0
0
0
0
0
0
0
0
0
0
4.1381
-2.8753
0
0
0
0
0
0
0
0
0
0
0
0
0
0
0
0
0
0
0
0
0
0
0
0
0
0
0
0
-2.8753
5.7531
-2.8778
0
0
0
0
0
0
0
0
0
0
0
0
0
0
0
0
0
-1.1699
0
0
0
0
0
0
0
0
0
0
-2.8778
4.0477
0
0
0
0
0
0
-9.9397
0
0
0
0
0
0
0
0
0
0
0
0
0
0
0
0
0
0
0
0
0
0
0
9.9397
0
0
0
0
0
0
0
-9.8303
0
0
0
0
0
0
0
0
0
0
0
0
0
0
0
0
0
0
0
0
0
0
9.8303
0
0
0
0
0
0
0
0
0
0
0
0
0
0
0
-8.7483
0
0
0
0
0
0
0
0
0
0
0
0
0
0
8.7483
0
0
0
0
0
0
0
0
0
0
0
0
0
0
0
0
0
0
0
0
0
0
-0.1045
0
0
0
0
0
0
0
0.1045
0
0
0
0
0
0
0
0
0
0
0
0
0
0
0
0
0
0
0
0
0
0
-1.2908
0
0
0
0
0
0
0
1.2908
0
0
0
0
0
0
0
0
0
0
0
0
0
-9.037
0
0
0
0
0
0
0
0
0
0
0
0
0
0
0
0
9.037
