18.0794
-0.64583
-0.64494
-0.63833
-0.63833
-0.64574
-0.59203
-0.59203
-0.59203
-0.6465
-0.63216
-0.66277
-0.66277
-0.62151
-0.73732
-1.0901
-0.962
0
-0.22846
0
0
0
0
0
-2.2753
0
0
0
0
-4.5712
-0.64583
13.9954
-0.68091
-0.66085
-0.66085
-0.66855
-0.60757
-0.60757
-0.60757
-0.68866
-0.6575
-0.67648
-0.67648
-0.7138
-0.76676
-1.1094
0
0
0
0
0
-3.5667
0
0
0
0
0
0
0
0
-0.64494
-0.68091
11.1594
-0.65508
-0.65508
-0.66442
-0.60978
-0.60978
-0.60978
-0.71238
-0.68202
-0.67445
-0.67445
-0.65237
-0.73798
0
0
-1.896
0
0
0
0
0
0
0
0
0
0
0
0
-0.63833
-0.66085
-0.65508
8.9826
-0.60293
-0.63847
-0.58283
-0.58283
-0.58283
-0.6921
-0.66069
-0.64254
-0.64254
-0.6677
-0.73288
0
0
0
0
0
0
0
0
0
0
0
0
0
0
0
-0.63833
-0.66085
-0.65508
-0.60293
8.9826
-0.63847
-0.58283
-0.58283
-0.58283
-0.6921
-0.66069
-0.64254
-0.64254
-0.6677
-0.73288
0
0
0
0
0
0
0
0
0
0
0
0
0
0
0
-0.64574
-0.66855
-0.66442
-0.63847
-0.63847
8.3405
-0.58755
-0.58755
-0.58755
-0.69258
-0.66343
-0.64277
-0.64277
-0.68065
0
0
0
0
0
0
0
0
0
0
0
0
0
0
0
0
-0.59203
-0.60757
-0.60978
-0.58283
-0.58283
-0.58755
6.9504
-0.48097
-0.48097
-0.63783
-0.61325
-0.5874
-0.5874
0
0
0
0
0
0
0
0
0
0
0
0
0
0
0
0
0
-0.59203
-0.60757
-0.60978
-0.58283
-0.58283
-0.58755
-0.48097
6.9504
-0.48097
-0.63783
-0.61325
-0.5874
-0.5874
0
0
0
0
0
0
0
0
0
0
0
0
0
0
0
0
0
-0.59203
-0.60757
-0.60978
-0.58283
-0.58283
-0.58755
-0.48097
-0.48097
6.9504
-0.63783
-0.61325
-0.5874
-0.5874
0
0
0
0
0
0
0
0
0
0
0
0
0
0
0
0
0
-0.6465
-0.68866
-0.71238
-0.6921
-0.6921
-0.69258
-0.63783
-0.63783
-0.63783
13.4663
0
0
0
0
0
0
0
0
0
0
0
0
0
-2.8801
0
-4.5485
0
0
0
0
-0.63216
-0.6575
-0.68202
-0.66069
-0.66069
-0.66343
-0.61325
-0.61325
-0.61325
0
11.3186
0
0
0
0
0
0
0
0
-0.87019
0
0
0
0
0
-4.6522
0
0
0
0
-0.66277
-0.67648
-0.67445
-0.64254
-0.64254
-0.64277
-0.5874
-0.5874
-0.5874
0
0
5.7037
0
0
0
0
0
0
0
0
0
0
0
0
0
0
0
0
0
0
-0.66277
-0.67648
-0.67445
-0.64254
-0.64254
-0.64277
-0.5874
-0.5874
-0.5874
0
0
0
5.7037
0
0
0
0
0
0
0
0
0
0
0
0
0
0
0
0
0
-0.62151
-0.7138
-0.65237
-0.6677
-0.6677
-0.68065
0
0
0
0
0
0
0
7.9745
0
0
0
-1.4554
0
0
0
0
-2.5153
0
0
0
0
0
0
0
-0.73732
-0.76676
-0.73798
-0.73288
-0.73288
0
0
0
0
0
0
0
0
0
5.1282
0
-1.4203
0
0
0
0
0
0
0
0
0
0
0
0
0
-1.0901
-1.1094
0
0
0
0
0
0
0
0
0
0
0
0
0
8.8367
0
0
0
0
-0.7961
-3.0205
-2.8206
0
0
0
0
0
0
0
-0.962
0
0
0
0
0
0
0
0
0
0
0
0
0
-1.4203
0
5.8801
0
0
0
0
0
0
0
-1.4144
0
0
0
-2.0833
0
0
0
-1.896
0
0
0
0
0
0
0
0
0
0
-1.4554
0
0
0
10.9346
0
0
0
0
0
-3.4019
0
0
-4.1814
0
0
0
-0.22846
0
0
0
0
0
0
0
0
0
0
0
0
0
0
0
0
0
1.4836
-0.46695
0
0
0
0
0
0
0
-0.78821
0
0
0
0
0
0
0
0
0
0
0
0
-0.87019
0
0
0
0
0
0
0
-0.46695
3.5001
-2.1629
0
0
0
0
0
0
0
0
0
0
0
0
0
0
0
0
0
0
0
0
0
0
0
0
-0.7961
0
0
0
-2.1629
2.959
0
0
0
0
0
0
0
0
0
0
-3.5667
0
0
0
0
0
0
0
0
0
0
0
0
0
-3.0205
0
0
0
0
0
6.5872
0
0
0
0
0
0
0
0
0
0
0
0
0
0
0
0
0
0
0
0
0
-2.5153
0
-2.8206
0
0
0
0
0
0
5.3359
0
0
0
0
0
0
0
0
0
0
0
0
0
0
0
0
-2.8801
0
0
0
0
0
0
0
-3.4019
0
0
0
0
0
6.2819
0
0
0
0
0
0
-2.2753
0
0
0
0
0
0
0
0
0
0
0
0
0
0
0
-1.4144
0
0
0
0
0
0
0
3.6897
0
0
0
0
0
0
0
0
0
0
0
0
0
0
-4.5485
-4.6522
0
0
0
0
0
0
0
0
0
0
0
0
0
0
9.2007
0
0
0
0
0
0
0
0
0
0
0
0
0
0
0
0
0
0
0
0
0
-4.1814
0
0
0
0
0
0
0
0
4.1814
0
0
0
0
0
0
0
0
0
0
0
0
0
0
0
0
0
0
0
0
0
-0.78821
0
0
0
0
0
0
0
0
0.78821
0
0
0
0
0
0
0
0
0
0
0
0
0
0
0
0
0
0
-2.0833
0
0
0
0
0
0
0
0
0
0
0
2.0833
0
-4.5712
0
0
0
0
0
0
0
0
0
0
0
0
0
0
0
0
0
0
0
0
0
0
0
0
0
0
0
0
4.5712
