30.1865
-0.89182
-0.89182
-0.89182
-0.89182
-0.95405
-0.95405
-0.95405
-0.85763
-0.85763
-0.95035
-0.95035
-0.88112
-0.88112
-0.88112
-0.99155
-0.94628
-0.95417
-0.8176
-0.75715
-0.96903
-0.99874
0
0
0
0
-11.0633
0
0
0
-0.89182
16.9825
-0.77791
-0.77791
-0.77791
-0.83936
-0.83936
-0.83936
-0.75334
-0.75334
-0.83102
-0.83102
-0.77166
-0.77166
-0.77166
-0.86616
-0.86114
-0.83381
-0.75536
-0.72767
-0.84324
-0.8678
0
0
0
0
0
0
0
0
-0.89182
-0.77791
16.9825
-0.77791
-0.77791
-0.83936
-0.83936
-0.83936
-0.75334
-0.75334
-0.83102
-0.83102
-0.77166
-0.77166
-0.77166
-0.86616
-0.86114
-0.83381
-0.75536
-0.72767
-0.84324
-0.8678
0
0
0
0
0
0
0
0
-0.89182
-0.77791
-0.77791
16.9825
-0.77791
-0.83936
-0.83936
-0.83936
-0.75334
-0.75334
-0.83102
-0.83102
-0.77166
-0.77166
-0.77166
-0.86616
-0.86114
-0.83381
-0.75536
-0.72767
-0.84324
-0.8678
0
0
0
0
0
0
0
0
-0.89182
-0.77791
-0.77791
-0.77791
16.9825
-0.83936
-0.83936
-0.83936
-0.75334
-0.75334
-0.83102
-0.83102
-0.77166
-0.77166
-0.77166
-0.86616
-0.86114
-0.83381
-0.75536
-0.72767
-0.84324
-0.8678
0
0
0
0
0
0
0
0
-0.95405
-0.83936
-0.83936
-0.83936
-0.83936
15.4965
-0.88057
-0.88057
-0.80194
-0.80194
-0.88854
-0.88854
-0.82451
-0.82451
-0.82451
-0.92654
-0.92979
-0.89534
-0.81774
0
0
0
0
0
0
0
0
0
0
0
-0.95405
-0.83936
-0.83936
-0.83936
-0.83936
-0.88057
15.4965
-0.88057
-0.80194
-0.80194
-0.88854
-0.88854
-0.82451
-0.82451
-0.82451
-0.92654
-0.92979
-0.89534
-0.81774
0
0
0
0
0
0
0
0
0
0
0
-0.95405
-0.83936
-0.83936
-0.83936
-0.83936
-0.88057
-0.88057
15.4965
-0.80194
-0.80194
-0.88854
-0.88854
-0.82451
-0.82451
-0.82451
-0.92654
-0.92979
-0.89534
-0.81774
0
0
0
0
0
0
0
0
0
0
0
-0.85763
-0.75334
-0.75334
-0.75334
-0.75334
-0.80194
-0.80194
-0.80194
13.1292
-0.7023
-0.78072
-0.78072
-0.7253
-0.7253
-0.7253
-0.81345
-0.81805
-0.78131
0
0
0
0
0
0
0
0
0
0
0
0
-0.85763
-0.75334
-0.75334
-0.75334
-0.75334
-0.80194
-0.80194
-0.80194
-0.7023
13.1292
-0.78072
-0.78072
-0.7253
-0.7253
-0.7253
-0.81345
-0.81805
-0.78131
0
0
0
0
0
0
0
0
0
0
0
0
-0.95035
-0.83102
-0.83102
-0.83102
-0.83102
-0.88854
-0.88854
-0.88854
-0.78072
-0.78072
12.799
-0.89038
-0.8262
-0.8262
-0.8262
-0.92848
0
0
0
0
0
0
0
0
0
0
0
0
0
0
-0.95035
-0.83102
-0.83102
-0.83102
-0.83102
-0.88854
-0.88854
-0.88854
-0.78072
-0.78072
-0.89038
12.799
-0.8262
-0.8262
-0.8262
-0.92848
0
0
0
0
0
0
0
0
0
0
0
0
0
0
-0.88112
-0.77166
-0.77166
-0.77166
-0.77166
-0.82451
-0.82451
-0.82451
-0.7253
-0.7253
-0.8262
-0.8262
10.9508
-0.70325
-0.70325
0
0
0
0
0
0
0
0
0
0
0
0
0
0
0
-0.88112
-0.77166
-0.77166
-0.77166
-0.77166
-0.82451
-0.82451
-0.82451
-0.7253
-0.7253
-0.8262
-0.8262
-0.70325
10.9508
-0.70325
0
0
0
0
0
0
0
0
0
0
0
0
0
0
0
-0.88112
-0.77166
-0.77166
-0.77166
-0.77166
-0.82451
-0.82451
-0.82451
-0.7253
-0.7253
-0.8262
-0.8262
-0.70325
-0.70325
10.9508
0
0
0
0
0
0
0
0
0
0
0
0
0
0
0
-0.99155
-0.86616
-0.86616
-0.86616
-0.86616
-0.92654
-0.92654
-0.92654
-0.81345
-0.81345
-0.92848
-0.92848
0
0
0
10.7197
0
0
0
0
0
0
0
0
0
0
0
0
0
0
-0.94628
-0.86114
-0.86114
-0.86114
-0.86114
-0.92979
-0.92979
-0.92979
-0.81805
-0.81805
0
0
0
0
0
0
15.3828
0
0
0
0
0
0
0
0
0
0
0
-6.5665
0
-0.95417
-0.83381
-0.83381
-0.83381
-0.83381
-0.89534
-0.89534
-0.89534
-0.78131
-0.78131
0
0
0
0
0
0
0
9.6028
0
0
0
0
-1.0648
0
0
0
0
0
0
0
-0.8176
-0.75536
-0.75536
-0.75536
-0.75536
-0.81774
-0.81774
-0.81774
0
0
0
0
0
0
0
0
0
0
11.2665
0
0
0
0
-0.22049
0
0
0
0
0
-4.7538
-0.75715
-0.72767
-0.72767
-0.72767
-0.72767
0
0
0
0
0
0
0
0
0
0
0
0
0
0
15.4171
0
0
0
0
0
-5.8746
0
-5.8746
0
0
-0.96903
-0.84324
-0.84324
-0.84324
-0.84324
0
0
0
0
0
0
0
0
0
0
0
0
0
0
0
5.2966
0
-0.95457
0
0
0
0
0
0
0
-0.99874
-0.8678
-0.8678
-0.8678
-0.8678
0
0
0
0
0
0
0
0
0
0
0
0
0
0
0
0
4.4699
0
0
0
0
0
0
0
0
0
0
0
0
0
0
0
0
0
0
0
0
0
0
0
0
0
-1.0648
0
0
-0.95457
0
2.6893
-0.66992
0
0
0
0
0
0
0
0
0
0
0
0
0
0
0
0
0
0
0
0
0
0
0
0
-0.22049
0
0
0
-0.66992
1.2991
-0.4087
0
0
0
0
0
0
0
0
0
0
0
0
0
0
0
0
0
0
0
0
0
0
0
0
0
0
0
0
-0.4087
0.4087
0
0
0
0
0
0
0
0
0
0
0
0
0
0
0
0
0
0
0
0
0
0
0
0
-5.8746
0
0
0
0
0
5.8746
0
0
0
0
-11.0633
0
0
0
0
0
0
0
0
0
0
0
0
0
0
0
0
0
0
0
0
0
0
0
0
0
11.0633
0
0
0
0
0
0
0
0
0
0
0
0
0
0
0
0
0
0
0
0
0
0
-5.8746
0
0
0
0
0
0
0
5.8746
0
0
0
0
0
0
0
0
0
0
0
0
0
0
0
0
0
0
-6.5665
0
0
0
0
0
0
0
0
0
0
0
6.5665
0
0
0
0
0
0
0
0
0
0
0
0
0
0
0
0
0
0
0
-4.7538
0
0
0
0
0
0
0
0
0
0
4.7538
