26.8752
-0.6752
-0.70482
-0.73555
-0.70482
-0.6021
-0.6021
-0.6021
-0.6021
-0.6021
-0.6021
-0.53138
-0.53504
-0.5613
-0.5613
-0.5613
-0.62254
-0.62254
0
-0.1045
0
0
0
-8.1712
0
0
0
0
0
-8.1712
-0.6752
26.6527
-0.79048
-0.77294
-0.79048
-0.65287
-0.65287
-0.65287
-0.65287
-0.65287
-0.65287
-0.61799
-0.60195
-0.60791
-0.60791
-0.60791
-0.66833
-0.66833
0
0
-9.3833
0
0
0
0
0
0
-5.9427
0
0
-0.70482
-0.79048
16.7829
-0.84632
-0.83404
-0.68396
-0.68396
-0.68396
-0.68396
-0.68396
-0.68396
-0.65662
-0.62686
-0.63473
-0.63473
-0.63473
-0.70074
-0.70074
0
0
0
0
0
0
0
-4.9143
0
0
0
0
-0.73555
-0.77294
-0.84632
16.0944
-0.84632
-0.68299
-0.68299
-0.68299
-0.68299
-0.68299
-0.68299
-0.68845
-0.63843
-0.63439
-0.63439
-0.63439
-0.69565
-0.69565
-4.174
0
0
0
0
0
0
0
0
0
0
0
-0.70482
-0.79048
-0.83404
-0.84632
16.7829
-0.68396
-0.68396
-0.68396
-0.68396
-0.68396
-0.68396
-0.65662
-0.62686
-0.63473
-0.63473
-0.63473
-0.70074
-0.70074
0
0
0
0
0
0
0
0
0
0
-4.9143
0
-0.6021
-0.65287
-0.68396
-0.68299
-0.68396
9.6957
-0.53117
-0.53117
-0.53117
-0.53117
-0.53117
-0.58248
-0.50123
-0.5087
-0.5087
-0.5087
-0.56206
-0.56206
0
0
0
0
0
0
0
0
0
0
0
0
-0.6021
-0.65287
-0.68396
-0.68299
-0.68396
-0.53117
9.6957
-0.53117
-0.53117
-0.53117
-0.53117
-0.58248
-0.50123
-0.5087
-0.5087
-0.5087
-0.56206
-0.56206
0
0
0
0
0
0
0
0
0
0
0
0
-0.6021
-0.65287
-0.68396
-0.68299
-0.68396
-0.53117
-0.53117
9.6957
-0.53117
-0.53117
-0.53117
-0.58248
-0.50123
-0.5087
-0.5087
-0.5087
-0.56206
-0.56206
0
0
0
0
0
0
0
0
0
0
0
0
-0.6021
-0.65287
-0.68396
-0.68299
-0.68396
-0.53117
-0.53117
-0.53117
9.6957
-0.53117
-0.53117
-0.58248
-0.50123
-0.5087
-0.5087
-0.5087
-0.56206
-0.56206
0
0
0
0
0
0
0
0
0
0
0
0
-0.6021
-0.65287
-0.68396
-0.68299
-0.68396
-0.53117
-0.53117
-0.53117
-0.53117
9.6957
-0.53117
-0.58248
-0.50123
-0.5087
-0.5087
-0.5087
-0.56206
-0.56206
0
0
0
0
0
0
0
0
0
0
0
0
-0.6021
-0.65287
-0.68396
-0.68299
-0.68396
-0.53117
-0.53117
-0.53117
-0.53117
-0.53117
9.6957
-0.58248
-0.50123
-0.5087
-0.5087
-0.5087
-0.56206
-0.56206
0
0
0
0
0
0
0
0
0
0
0
0
-0.53138
-0.61799
-0.65662
-0.68845
-0.65662
-0.58248
-0.58248
-0.58248
-0.58248
-0.58248
-0.58248
22.4731
-0.38485
-0.45499
-0.45499
-0.45499
0
0
0
0
0
0
0
0
-7.0386
0
-7.0386
0
0
0
-0.53504
-0.60195
-0.62686
-0.63843
-0.62686
-0.50123
-0.50123
-0.50123
-0.50123
-0.50123
-0.50123
-0.38485
11.1054
-0.48271
-0.48271
-0.48271
0
0
0
0
0
-3.2359
0
0
0
0
0
0
0
0
-0.5613
-0.60791
-0.63473
-0.63439
-0.63473
-0.5087
-0.5087
-0.5087
-0.5087
-0.5087
-0.5087
-0.45499
-0.48271
7.9786
-0.45784
-0.45784
0
0
0
0
0
0
0
0
0
0
0
0
0
0
-0.5613
-0.60791
-0.63473
-0.63439
-0.63473
-0.5087
-0.5087
-0.5087
-0.5087
-0.5087
-0.5087
-0.45499
-0.48271
-0.45784
7.9786
-0.45784
0
0
0
0
0
0
0
0
0
0
0
0
0
0
-0.5613
-0.60791
-0.63473
-0.63439
-0.63473
-0.5087
-0.5087
-0.5087
-0.5087
-0.5087
-0.5087
-0.45499
-0.48271
-0.45784
-0.45784
7.9786
0
0
0
0
0
0
0
0
0
0
0
0
0
0
-0.62254
-0.66833
-0.70074
-0.69565
-0.70074
-0.56206
-0.56206
-0.56206
-0.56206
-0.56206
-0.56206
0
0
0
0
0
6.7604
0
0
0
0
0
0
0
0
0
0
0
0
0
-0.62254
-0.66833
-0.70074
-0.69565
-0.70074
-0.56206
-0.56206
-0.56206
-0.56206
-0.56206
-0.56206
0
0
0
0
0
0
6.7604
0
0
0
0
0
0
0
0
0
0
0
0
0
0
0
-4.174
0
0
0
0
0
0
0
0
0
0
0
0
0
0
9.6763
-3.3698
-2.1325
0
0
0
0
0
0
0
0
0
-0.1045
0
0
0
0
0
0
0
0
0
0
0
0
0
0
0
0
0
-3.3698
6.2291
0
0
-2.7548
0
0
0
0
0
0
0
0
-9.3833
0
0
0
0
0
0
0
0
0
0
0
0
0
0
0
0
-2.1325
0
11.5157
0
0
0
0
0
0
0
0
0
0
0
0
0
0
0
0
0
0
0
0
0
-3.2359
0
0
0
0
0
0
0
0
3.2359
0
0
0
0
0
0
0
0
0
0
0
0
0
0
0
0
0
0
0
0
0
0
0
0
0
0
0
-2.7548
0
0
2.7548
0
0
0
0
0
0
0
-8.1712
0
0
0
0
0
0
0
0
0
0
0
0
0
0
0
0
0
0
0
0
0
0
8.1712
0
0
0
0
0
0
0
0
0
0
0
0
0
0
0
0
0
-7.0386
0
0
0
0
0
0
0
0
0
0
0
0
7.0386
0
0
0
0
0
0
0
-4.9143
0
0
0
0
0
0
0
0
0
0
0
0
0
0
0
0
0
0
0
0
0
0
4.9143
0
0
0
0
0
0
0
0
0
0
0
0
0
0
0
-7.0386
0
0
0
0
0
0
0
0
0
0
0
0
0
0
7.0386
0
0
0
0
-5.9427
0
0
0
0
0
0
0
0
0
0
0
0
0
0
0
0
0
0
0
0
0
0
0
0
0
5.9427
0
0
0
0
0
0
-4.9143
0
0
0
0
0
0
0
0
0
0
0
0
0
0
0
0
0
0
0
0
0
0
0
4.9143
0
-8.1712
0
0
0
0
0
0
0
0
0
0
0
0
0
0
0
0
0
0
0
0
0
0
0
0
0
0
0
0
8.1712
