31.3064
-1.257
-1.261
-1.257
-1.0388
-1.0388
-1.0388
-1.0388
-1.0388
-1.0388
-1.0388
-1.0388
-1.0388
-1.0388
-1.0388
-0.89518
-1.0361
-1.0276
-1.0029
-1.0029
-1.0029
-1.1042
-1.025
-1.0449
-0.70078
0
0
0
0
-6.2625
-1.257
28.2734
-1.3377
-1.3403
-1.1194
-1.1194
-1.1194
-1.1194
-1.1194
-1.1194
-1.1194
-1.1194
-1.1194
-1.1194
-1.1194
-0.96904
-1.1392
-1.1094
-1.085
-1.085
-1.085
-1.1838
-1.1306
-1.1263
0
-2.112
0
0
0
0
-1.261
-1.3377
26.8861
-1.3377
-1.1166
-1.1166
-1.1166
-1.1166
-1.1166
-1.1166
-1.1166
-1.1166
-1.1166
-1.1166
-1.1166
-0.96669
-1.1327
-1.107
-1.0825
-1.0825
-1.0825
-1.1817
-1.1233
-1.1242
-0.78371
0
0
0
0
0
-1.257
-1.3403
-1.3377
28.2734
-1.1194
-1.1194
-1.1194
-1.1194
-1.1194
-1.1194
-1.1194
-1.1194
-1.1194
-1.1194
-1.1194
-0.96904
-1.1392
-1.1094
-1.085
-1.085
-1.085
-1.1838
-1.1306
-1.1263
0
-2.112
0
0
0
0
-1.0388
-1.1194
-1.1166
-1.1194
20.9969
-0.87379
-0.87379
-0.87379
-0.87379
-0.87379
-0.87379
-0.87379
-0.87379
-0.87379
-0.87379
-0.76693
-0.90182
-0.88003
-0.85949
-0.85949
-0.85949
-0.94825
-0.89481
-0.89456
0
0
0
0
0
0
-1.0388
-1.1194
-1.1166
-1.1194
-0.87379
20.9969
-0.87379
-0.87379
-0.87379
-0.87379
-0.87379
-0.87379
-0.87379
-0.87379
-0.87379
-0.76693
-0.90182
-0.88003
-0.85949
-0.85949
-0.85949
-0.94825
-0.89481
-0.89456
0
0
0
0
0
0
-1.0388
-1.1194
-1.1166
-1.1194
-0.87379
-0.87379
20.9969
-0.87379
-0.87379
-0.87379
-0.87379
-0.87379
-0.87379
-0.87379
-0.87379
-0.76693
-0.90182
-0.88003
-0.85949
-0.85949
-0.85949
-0.94825
-0.89481
-0.89456
0
0
0
0
0
0
-1.0388
-1.1194
-1.1166
-1.1194
-0.87379
-0.87379
-0.87379
20.9969
-0.87379
-0.87379
-0.87379
-0.87379
-0.87379
-0.87379
-0.87379
-0.76693
-0.90182
-0.88003
-0.85949
-0.85949
-0.85949
-0.94825
-0.89481
-0.89456
0
0
0
0
0
0
-1.0388
-1.1194
-1.1166
-1.1194
-0.87379
-0.87379
-0.87379
-0.87379
20.9969
-0.87379
-0.87379
-0.87379
-0.87379
-0.87379
-0.87379
-0.76693
-0.90182
-0.88003
-0.85949
-0.85949
-0.85949
-0.94825
-0.89481
-0.89456
0
0
0
0
0
0
-1.0388
-1.1194
-1.1166
-1.1194
-0.87379
-0.87379
-0.87379
-0.87379
-0.87379
20.9969
-0.87379
-0.87379
-0.87379
-0.87379
-0.87379
-0.76693
-0.90182
-0.88003
-0.85949
-0.85949
-0.85949
-0.94825
-0.89481
-0.89456
0
0
0
0
0
0
-1.0388
-1.1194
-1.1166
-1.1194
-0.87379
-0.87379
-0.87379
-0.87379
-0.87379
-0.87379
20.9969
-0.87379
-0.87379
-0.87379
-0.87379
-0.76693
-0.90182
-0.88003
-0.85949
-0.85949
-0.85949
-0.94825
-0.89481
-0.89456
0
0
0
0
0
0
-1.0388
-1.1194
-1.1166
-1.1194
-0.87379
-0.87379
-0.87379
-0.87379
-0.87379
-0.87379
-0.87379
20.9969
-0.87379
-0.87379
-0.87379
-0.76693
-0.90182
-0.88003
-0.85949
-0.85949
-0.85949
-0.94825
-0.89481
-0.89456
0
0
0
0
0
0
-1.0388
-1.1194
-1.1166
-1.1194
-0.87379
-0.87379
-0.87379
-0.87379
-0.87379
-0.87379
-0.87379
-0.87379
20.9969
-0.87379
-0.87379
-0.76693
-0.90182
-0.88003
-0.85949
-0.85949
-0.85949
-0.94825
-0.89481
-0.89456
0
0
0
0
0
0
-1.0388
-1.1194
-1.1166
-1.1194
-0.87379
-0.87379
-0.87379
-0.87379
-0.87379
-0.87379
-0.87379
-0.87379
-0.87379
20.9969
-0.87379
-0.76693
-0.90182
-0.88003
-0.85949
-0.85949
-0.85949
-0.94825
-0.89481
-0.89456
0
0
0
0
0
0
-1.0388
-1.1194
-1.1166
-1.1194
-0.87379
-0.87379
-0.87379
-0.87379
-0.87379
-0.87379
-0.87379
-0.87379
-0.87379
-0.87379
20.9969
-0.76693
-0.90182
-0.88003
-0.85949
-0.85949
-0.85949
-0.94825
-0.89481
-0.89456
0
0
0
0
0
0
-0.89518
-0.96904
-0.96669
-0.96904
-0.76693
-0.76693
-0.76693
-0.76693
-0.76693
-0.76693
-0.76693
-0.76693
-0.76693
-0.76693
-0.76693
17.2954
-0.71018
-0.72666
-0.70607
-0.70607
-0.70607
-0.77238
0
-0.73185
0
0
0
0
0
0
-1.0361
-1.1392
-1.1327
-1.1392
-0.90182
-0.90182
-0.90182
-0.90182
-0.90182
-0.90182
-0.90182
-0.90182
-0.90182
-0.90182
-0.90182
-0.71018
24.0717
-0.8619
-0.83778
-0.83778
-0.83778
0
0
0
0
0
0
0
-5.619
0
-1.0276
-1.1094
-1.107
-1.1094
-0.88003
-0.88003
-0.88003
-0.88003
-0.88003
-0.88003
-0.88003
-0.88003
-0.88003
-0.88003
-0.88003
-0.72666
-0.8619
19.0291
-0.83034
-0.83034
-0.83034
-0.9157
0
0
0
0
0
0
0
0
-1.0029
-1.085
-1.0825
-1.085
-0.85949
-0.85949
-0.85949
-0.85949
-0.85949
-0.85949
-0.85949
-0.85949
-0.85949
-0.85949
-0.85949
-0.70607
-0.83778
-0.83034
17.642
-0.77901
-0.77901
0
0
0
0
0
0
0
0
0
-1.0029
-1.085
-1.0825
-1.085
-0.85949
-0.85949
-0.85949
-0.85949
-0.85949
-0.85949
-0.85949
-0.85949
-0.85949
-0.85949
-0.85949
-0.70607
-0.83778
-0.83034
-0.77901
17.642
-0.77901
0
0
0
0
0
0
0
0
0
-1.0029
-1.085
-1.0825
-1.085
-0.85949
-0.85949
-0.85949
-0.85949
-0.85949
-0.85949
-0.85949
-0.85949
-0.85949
-0.85949
-0.85949
-0.70607
-0.83778
-0.83034
-0.77901
-0.77901
17.642
0
0
0
0
0
0
0
0
0
-1.1042
-1.1838
-1.1817
-1.1838
-0.94825
-0.94825
-0.94825
-0.94825
-0.94825
-0.94825
-0.94825
-0.94825
-0.94825
-0.94825
-0.94825
-0.77238
0
-0.9157
0
0
0
16.7724
0
0
0
0
0
0
0
0
-1.025
-1.1306
-1.1233
-1.1306
-0.89481
-0.89481
-0.89481
-0.89481
-0.89481
-0.89481
-0.89481
-0.89481
-0.89481
-0.89481
-0.89481
0
0
0
0
0
0
0
18.4882
0
0
0
0
-4.2357
0
0
-1.0449
-1.1263
-1.1242
-1.1263
-0.89456
-0.89456
-0.89456
-0.89456
-0.89456
-0.89456
-0.89456
-0.89456
-0.89456
-0.89456
-0.89456
-0.73185
0
0
0
0
0
0
0
14.9938
0
0
0
0
0
0
-0.70078
0
-0.78371
0
0
0
0
0
0
0
0
0
0
0
0
0
0
0
0
0
0
0
0
0
1.9306
0
-0.44615
0
0
0
0
-2.112
0
-2.112
0
0
0
0
0
0
0
0
0
0
0
0
0
0
0
0
0
0
0
0
0
4.2239
0
0
0
0
0
0
0
0
0
0
0
0
0
0
0
0
0
0
0
0
0
0
0
0
0
0
0
0
-0.44615
0
0.44615
0
0
0
0
0
0
0
0
0
0
0
0
0
0
0
0
0
0
0
0
0
0
0
0
0
-4.2357
0
0
0
0
4.2357
0
0
0
0
0
0
0
0
0
0
0
0
0
0
0
0
0
0
-5.619
0
0
0
0
0
0
0
0
0
0
0
5.619
0
-6.2625
0
0
0
0
0
0
0
0
0
0
0
0
0
0
0
0
0
0
0
0
0
0
0
0
0
0
0
0
6.2625
