19.7136
-0.6552
-0.67522
-0.65358
-0.6524
-0.66929
-0.69943
-0.65759
-0.68898
-0.67858
-0.74186
0
0
0
-0.67693
0
0
0
0
0
0
0
0
0
-6.1323
0
-6.1323
0
0
0
-0.6552
8.4859
-0.65514
-0.63998
-0.63641
-0.64315
-0.66379
-0.63875
-0.66656
-0.66346
-0.69707
0
0
-0.66466
-0.65985
-0.60192
0
0
0
0
0
0
0
0
0
0
0
0
0
0
-0.67522
-0.65514
6.7577
-0.65482
-0.66258
-0.66908
-0.69044
-0.65403
0
-0.67594
-0.7454
0
0
0
-0.67501
0
0
0
0
0
0
0
0
0
0
0
0
0
0
0
-0.65358
-0.63998
-0.65482
5.7448
-0.63982
-0.65446
-0.66042
-0.62437
0
-0.66506
0
0
0
0
0
0
0
-0.55225
0
0
0
0
0
0
0
0
0
0
0
0
-0.6524
-0.63641
-0.66258
-0.63982
5.8199
0
-0.67217
-0.64884
-0.66088
-0.67072
0
0
0
0
0
0
-0.57604
0
0
0
0
0
0
0
0
0
0
0
0
0
-0.66929
-0.64315
-0.66908
-0.65446
0
6.5341
-0.67339
-0.63121
0
0
0
0
0
-0.67378
0
0
0
0
-0.62656
0
-1.2932
0
0
0
0
0
0
0
0
0
-0.69943
-0.66379
-0.69044
-0.66042
-0.67217
-0.67339
10.5248
-0.64436
0
0
0
0
0
0
0
0
0
0
-0.63798
0
0
0
0
-5.1828
0
0
0
0
0
0
-0.65759
-0.63875
-0.65403
-0.62437
-0.64884
-0.63121
-0.64436
5.1602
0
0
0
-0.66107
0
0
0
0
0
0
0
0
0
0
0
0
0
0
0
0
0
0
-0.68898
-0.66656
0
0
-0.66088
0
0
0
5.532
0
0
0
-0.66902
-0.6709
0
-0.61214
0
0
0
-1.5635
0
0
0
0
0
0
0
0
0
0
-0.67858
-0.66346
-0.67594
-0.66506
-0.67072
0
0
0
0
4.0128
0
0
0
0
-0.65901
0
0
0
0
0
0
0
0
0
0
0
0
0
0
0
-0.74186
-0.69707
-0.7454
0
0
0
0
0
0
0
7.6998
0
-0.80382
0
0
0
0
0
0
0
-1.2652
0
-3.4464
0
0
0
0
0
0
0
0
0
0
0
0
0
0
-0.66107
0
0
0
4.0832
-0.75683
0
-0.77458
0
-0.64014
0
0
-1.2506
0
0
0
0
0
0
0
0
0
0
0
0
0
0
0
0
0
0
-0.66902
0
-0.80382
-0.75683
4.9654
0
0
0
0
0
-0.66993
0
0
0
0
0
0
0
0
-2.0658
0
0
0
-0.66466
0
0
0
-0.67378
0
0
-0.6709
0
0
0
0
5.2487
0
0
0
-0.66087
0
0
0
0
0
0
0
0
0
0
0
-2.5785
-0.67693
-0.65985
-0.67501
0
0
0
0
0
0
-0.65901
0
-0.77458
0
0
3.4454
0
0
0
0
0
0
0
0
0
0
0
0
0
0
0
0
-0.60192
0
0
0
0
0
0
-0.61214
0
0
0
0
0
0
1.8628
0
0
0
0
0
0
0
0
0
-0.64871
0
0
0
0
0
0
0
0
-0.57604
0
0
0
0
0
0
-0.64014
0
0
0
0
1.8553
0
0
0
0
0
0
0
0
0
0
0
-0.63911
0
0
0
0
-0.55225
0
0
0
0
0
0
0
0
0
-0.66087
0
0
0
1.8169
0
0
0
-0.60382
0
0
0
0
0
0
0
0
0
0
0
0
0
-0.62656
-0.63798
0
0
0
0
0
-0.66993
0
0
0
0
0
1.9345
0
0
0
0
0
0
0
0
0
0
0
0
0
0
0
0
0
0
0
-1.5635
0
0
-1.2506
0
0
0
0
0
0
0
2.8141
0
0
0
0
0
0
0
0
0
0
0
0
0
0
0
-1.2932
0
0
0
0
-1.2652
0
0
0
0
0
0
0
0
0
2.5584
0
0
0
0
0
0
0
0
0
0
0
0
0
0
0
0
0
0
0
0
0
0
0
0
0
0
-0.60382
0
0
0
0.60382
0
0
0
0
0
0
0
0
0
0
0
0
0
0
0
0
0
0
-3.4464
0
0
0
0
0
0
0
0
0
0
0
3.4464
0
0
0
0
0
0
0
0
0
0
0
0
0
-5.1828
0
0
0
0
0
0
0
0
0
0
0
0
0
0
0
0
5.1828
0
0
0
0
0
0
-6.1323
0
0
0
0
0
0
0
0
0
0
0
0
0
0
0
0
0
0
0
0
0
0
0
6.1323
0
0
0
0
0
0
0
0
0
0
0
0
0
0
0
0
0
0
0
0
-0.64871
0
0
0
0
0
0
0
0
0
0.64871
0
0
0
0
-6.1323
0
0
0
0
0
0
0
0
0
0
0
0
0
0
0
0
0
0
0
0
0
0
0
0
0
6.1323
0
0
0
0
0
0
0
0
0
0
0
0
0
0
0
-2.0658
0
0
0
0
0
0
0
0
0
0
0
0
0
0
2.0658
0
0
0
0
0
0
0
0
0
0
0
0
0
0
0
0
0
0
-0.63911
0
0
0
0
0
0
0
0
0
0
0
0.63911
0
0
0
0
0
0
0
0
0
0
0
0
0
0
-2.5785
0
0
0
0
0
0
0
0
0
0
0
0
0
0
0
2.5785
