27.6529
-0.8726
-0.8726
-0.86312
-0.84801
-0.84801
-0.79598
-0.81032
-0.79598
-0.7689
-0.83366
-0.8741
-0.92384
-0.92087
-0.92087
-0.92087
-0.78606
-0.78606
-0.78606
-0.73612
-1.0509
-0.52693
0
-10.111
0
0
0
0
0
0
-0.8726
17.2283
-0.85362
-0.84993
-0.82941
-0.82941
-0.77919
-0.79778
-0.77919
-0.7523
-0.81536
-0.86918
-0.90789
-0.89857
-0.89857
-0.89857
-0.76824
-0.76824
-0.76824
-0.73437
-1.0199
-0.5378
0
0
0
0
0
0
0
0
-0.8726
-0.85362
17.2283
-0.84993
-0.82941
-0.82941
-0.77919
-0.79778
-0.77919
-0.7523
-0.81536
-0.86918
-0.90789
-0.89857
-0.89857
-0.89857
-0.76824
-0.76824
-0.76824
-0.73437
-1.0199
-0.5378
0
0
0
0
0
0
0
0
-0.86312
-0.84993
-0.84993
25.1822
-0.83164
-0.83164
-0.77136
-0.78932
-0.77136
-0.74563
-0.80859
-0.84931
-0.89479
-0.89172
-0.89172
-0.89172
-0.76282
-0.76282
-0.76282
-0.7177
0
0
0
0
0
0
0
0
-9.6443
0
-0.84801
-0.82941
-0.82941
-0.83164
16.2249
-0.80037
-0.75579
-0.77737
-0.75579
-0.73002
-0.79093
-0.84689
-0.87991
-0.87001
-0.87001
-0.87001
-0.74542
-0.74542
-0.74542
-0.718
-0.98502
0
0
0
0
0
0
0
0
0
-0.84801
-0.82941
-0.82941
-0.83164
-0.80037
16.2249
-0.75579
-0.77737
-0.75579
-0.73002
-0.79093
-0.84689
-0.87991
-0.87001
-0.87001
-0.87001
-0.74542
-0.74542
-0.74542
-0.718
-0.98502
0
0
0
0
0
0
0
0
0
-0.79598
-0.77919
-0.77919
-0.77136
-0.75579
-0.75579
14.276
-0.73035
-0.70081
-0.68235
-0.73771
-0.78506
-0.81674
-0.80875
-0.80875
-0.80875
-0.69622
-0.69622
-0.69622
-0.6708
0
0
0
0
0
0
0
0
0
0
-0.81032
-0.79778
-0.79778
-0.78932
-0.77737
-0.77737
-0.73035
23.0811
-0.73035
-0.69522
-0.752
-0.78555
-0.8256
-0.82627
-0.82627
-0.82627
-0.71052
-0.71052
-0.71052
0
0
0
0
0
0
-9.2017
0
0
0
0
-0.79598
-0.77919
-0.77919
-0.77136
-0.75579
-0.75579
-0.70081
-0.73035
14.276
-0.68235
-0.73771
-0.78506
-0.81674
-0.80875
-0.80875
-0.80875
-0.69622
-0.69622
-0.69622
-0.6708
0
0
0
0
0
0
0
0
0
0
-0.7689
-0.7523
-0.7523
-0.74563
-0.73002
-0.73002
-0.68235
-0.69522
-0.68235
13.1261
-0.71007
-0.75292
-0.78168
-0.77693
-0.77693
-0.77693
-0.67052
-0.67052
-0.67052
0
0
0
0
0
0
0
0
0
0
0
-0.83366
-0.81536
-0.81536
-0.80859
-0.79093
-0.79093
-0.73771
-0.752
-0.73771
-0.71007
11.1891
-0.81935
0
-0.85914
-0.85914
-0.85914
0
0
0
0
0
0
0
0
0
0
0
0
0
0
-0.8741
-0.86918
-0.86918
-0.84931
-0.84689
-0.84689
-0.78506
-0.78555
-0.78506
-0.75292
-0.81935
16.3597
0
0
0
0
0
0
0
0
0
0
-0.26864
0
0
0
0
-7.0075
0
0
-0.92384
-0.90789
-0.90789
-0.89479
-0.87991
-0.87991
-0.81674
-0.8256
-0.81674
-0.78168
0
0
8.9417
0
0
0
0
0
0
0
0
0
-0.30673
0
0
0
0
0
0
0
-0.92087
-0.89857
-0.89857
-0.89172
-0.87001
-0.87001
-0.80875
-0.82627
-0.80875
-0.77693
-0.85914
0
0
9.4296
0
0
0
0
0
0
0
0
0
0
0
0
0
0
0
0
-0.92087
-0.89857
-0.89857
-0.89172
-0.87001
-0.87001
-0.80875
-0.82627
-0.80875
-0.77693
-0.85914
0
0
0
9.4296
0
0
0
0
0
0
0
0
0
0
0
0
0
0
0
-0.92087
-0.89857
-0.89857
-0.89172
-0.87001
-0.87001
-0.80875
-0.82627
-0.80875
-0.77693
-0.85914
0
0
0
0
9.4296
0
0
0
0
0
0
0
0
0
0
0
0
0
0
-0.78606
-0.76824
-0.76824
-0.76282
-0.74542
-0.74542
-0.69622
-0.71052
-0.69622
-0.67052
0
0
0
0
0
0
7.3497
0
0
0
0
0
0
0
0
0
0
0
0
0
-0.78606
-0.76824
-0.76824
-0.76282
-0.74542
-0.74542
-0.69622
-0.71052
-0.69622
-0.67052
0
0
0
0
0
0
0
7.3497
0
0
0
0
0
0
0
0
0
0
0
0
-0.78606
-0.76824
-0.76824
-0.76282
-0.74542
-0.74542
-0.69622
-0.71052
-0.69622
-0.67052
0
0
0
0
0
0
0
0
7.3497
0
0
0
0
0
0
0
0
0
0
0
-0.73612
-0.73437
-0.73437
-0.7177
-0.718
-0.718
-0.6708
0
-0.6708
0
0
0
0
0
0
0
0
0
0
9.3624
0
0
0
0
-3.6623
0
0
0
0
0
-1.0509
-1.0199
-1.0199
0
-0.98502
-0.98502
0
0
0
0
0
0
0
0
0
0
0
0
0
0
5.0607
0
0
0
0
0
0
0
0
0
-0.52693
-0.5378
-0.5378
0
0
0
0
0
0
0
0
0
0
0
0
0
0
0
0
0
0
1.7196
0
0
0
0
-0.11703
0
0
0
0
0
0
0
0
0
0
0
0
0
0
-0.26864
-0.30673
0
0
0
0
0
0
0
0
0
0.67987
0
0
0
0
0
0
-0.1045
-10.111
0
0
0
0
0
0
0
0
0
0
0
0
0
0
0
0
0
0
0
0
0
0
10.111
0
0
0
0
0
0
0
0
0
0
0
0
0
0
0
0
0
0
0
0
0
0
0
0
0
-3.6623
0
0
0
0
3.6623
0
0
0
0
0
0
0
0
0
0
0
0
-9.2017
0
0
0
0
0
0
0
0
0
0
0
0
0
0
0
0
0
9.2017
0
0
0
0
0
0
0
0
0
0
0
0
0
0
0
0
0
0
0
0
0
0
0
0
0
-0.11703
0
0
0
0
0.11703
0
0
0
0
0
0
0
0
0
0
0
0
0
0
-7.0075
0
0
0
0
0
0
0
0
0
0
0
0
0
0
0
7.0075
0
0
0
0
0
-9.6443
0
0
0
0
0
0
0
0
0
0
0
0
0
0
0
0
0
0
0
0
0
0
0
0
9.6443
0
0
0
0
0
0
0
0
0
0
0
0
0
0
0
0
0
0
0
0
0
0
0
-0.1045
0
0
0
0
0
0
0.1045
