36.6654
-0.74444
-0.74381
-0.74381
-0.76096
-0.67512
-0.67512
-0.6912
-0.68191
-0.69365
-0.70047
-0.70621
-0.65753
-0.65753
-0.67837
-0.71261
-0.73704
-0.73704
0
0
0
-12.3343
0
-12.3343
0
0
0
0
0
0
-0.74444
11.3497
-0.6804
-0.6804
-0.70526
-0.61175
-0.61175
-0.64037
-0.62171
-0.62945
-0.6483
-0.65465
-0.59719
-0.59719
-0.61462
-0.64314
-0.65994
-0.65994
0
-0.34917
0
0
0
0
0
0
0
0
0
0
-0.74381
-0.6804
11.3876
-0.66
-0.70509
-0.61166
-0.61166
-0.64247
-0.61883
-0.63051
-0.65011
-0.65631
-0.59815
-0.59815
-0.6158
-0.64442
-0.66398
-0.66398
0
0
-0.39228
0
0
0
0
0
0
0
0
0
-0.74381
-0.6804
-0.66
11.3876
-0.70509
-0.61166
-0.61166
-0.64247
-0.61883
-0.63051
-0.65011
-0.65631
-0.59815
-0.59815
-0.6158
-0.64442
-0.66398
-0.66398
0
0
-0.39228
0
0
0
0
0
0
0
0
0
-0.76096
-0.70526
-0.70509
-0.70509
21.2046
-0.63153
-0.63153
-0.66376
-0.64177
-0.65083
-0.67214
-0.67587
-0.61722
-0.61722
-0.63513
-0.66489
-0.683
-0.683
0
0
0
0
0
0
0
-9.8603
0
0
0
0
-0.67512
-0.61175
-0.61166
-0.61166
-0.63153
9.9759
-0.54623
-0.58913
-0.55909
-0.56872
-0.58843
-0.59162
-0.53899
-0.53899
-0.55259
-0.57765
-0.59135
-0.59135
0
0
0
0
0
0
0
0
0
0
0
0
-0.67512
-0.61175
-0.61166
-0.61166
-0.63153
-0.54623
9.9759
-0.58913
-0.55909
-0.56872
-0.58843
-0.59162
-0.53899
-0.53899
-0.55259
-0.57765
-0.59135
-0.59135
0
0
0
0
0
0
0
0
0
0
0
0
-0.6912
-0.64037
-0.64247
-0.64247
-0.66376
-0.58913
-0.58913
18.6887
-0.55781
-0.58062
-0.58773
-0.59158
-0.54942
-0.54942
-0.56257
-0.58927
0
0
-0.24892
0
0
0
0
0
0
0
-9.4128
0
0
0
-0.68191
-0.62171
-0.61883
-0.61883
-0.64177
-0.55909
-0.55909
-0.55781
9.1643
-0.57644
-0.5837
-0.59769
-0.5438
-0.5438
-0.5579
-0.58502
0
0
0
-0.31687
0
0
0
0
0
0
0
0
0
0
-0.69365
-0.62945
-0.63051
-0.63051
-0.65083
-0.56872
-0.56872
-0.58062
-0.57644
8.9934
-0.61749
-0.59992
-0.54483
-0.54483
-0.56748
-0.58942
0
0
0
0
0
0
0
0
0
0
0
0
0
0
-0.70047
-0.6483
-0.65011
-0.65011
-0.67214
-0.58843
-0.58843
-0.58773
-0.5837
-0.61749
16.8325
-0.63717
-0.57162
-0.57162
0
0
0
0
-0.25934
0
0
0
0
0
0
0
0
0
-8.5058
0
-0.70621
-0.65465
-0.65631
-0.65631
-0.67587
-0.59162
-0.59162
-0.59158
-0.59769
-0.59992
-0.63717
17.2254
-0.56322
-0.56322
-0.59123
0
0
0
0
0
0
0
0
0
0
0
0
-8.5488
0
0
-0.65753
-0.59719
-0.59815
-0.59815
-0.61722
-0.53899
-0.53899
-0.54942
-0.5438
-0.54483
-0.57162
-0.56322
7.9458
-0.4939
-0.53274
0
0
0
0
0
0
0
0
0
0
0
0
0
0
0
-0.65753
-0.59719
-0.59815
-0.59815
-0.61722
-0.53899
-0.53899
-0.54942
-0.5438
-0.54483
-0.57162
-0.56322
-0.4939
7.9458
-0.53274
0
0
0
0
0
0
0
0
0
0
0
0
0
0
0
-0.67837
-0.61462
-0.6158
-0.6158
-0.63513
-0.55259
-0.55259
-0.56257
-0.5579
-0.56748
0
-0.59123
-0.53274
-0.53274
7.6096
0
0
0
0
0
0
0
0
0
0
0
0
0
0
0
-0.71261
-0.64314
-0.64442
-0.64442
-0.66489
-0.57765
-0.57765
-0.58927
-0.58502
-0.58942
0
0
0
0
0
6.2285
0
0
0
0
0
0
0
0
0
0
0
0
0
0
-0.73704
-0.65994
-0.66398
-0.66398
-0.683
-0.59135
-0.59135
0
0
0
0
0
0
0
0
0
4.5906
0
0
0
0
0
0
0
0
0
0
0
0
0
-0.73704
-0.65994
-0.66398
-0.66398
-0.683
-0.59135
-0.59135
0
0
0
0
0
0
0
0
0
0
4.5906
0
0
0
0
0
0
0
0
0
0
0
0
0
0
0
0
0
0
0
-0.24892
0
0
-0.25934
0
0
0
0
0
0
0
0.61275
0
0
0
-0.1045
0
0
0
0
0
0
0
0
-0.34917
0
0
0
0
0
0
-0.31687
0
0
0
0
0
0
0
0
0
0
0.90192
0
0
0
0
-0.23588
0
0
0
0
0
0
0
-0.39228
-0.39228
0
0
0
0
0
0
0
0
0
0
0
0
0
0
0
0
1.0857
0
0
0
0
0
0
0
0
-0.30116
-12.3343
0
0
0
0
0
0
0
0
0
0
0
0
0
0
0
0
0
0
0
0
12.3343
0
0
0
0
0
0
0
0
0
0
0
0
0
0
0
0
0
0
0
0
0
0
0
0
0
0
-0.1045
0
0
0
0.1045
0
0
0
0
0
0
0
-12.3343
0
0
0
0
0
0
0
0
0
0
0
0
0
0
0
0
0
0
0
0
0
0
12.3343
0
0
0
0
0
0
0
0
0
0
0
0
0
0
0
0
0
0
0
0
0
0
0
0
0
-0.23588
0
0
0
0
0.23588
0
0
0
0
0
0
0
0
0
-9.8603
0
0
0
0
0
0
0
0
0
0
0
0
0
0
0
0
0
0
0
0
9.8603
0
0
0
0
0
0
0
0
0
0
0
-9.4128
0
0
0
0
0
0
0
0
0
0
0
0
0
0
0
0
0
0
9.4128
0
0
0
0
0
0
0
0
0
0
0
0
0
0
-8.5488
0
0
0
0
0
0
0
0
0
0
0
0
0
0
0
8.5488
0
0
0
0
0
0
0
0
0
0
0
0
-8.5058
0
0
0
0
0
0
0
0
0
0
0
0
0
0
0
0
0
8.5058
0
0
0
0
0
0
0
0
0
0
0
0
0
0
0
0
0
0
0
0
0
-0.30116
0
0
0
0
0
0
0
0
0.30116
