27.7265
-0.95153
-0.95153
-0.95153
-0.95153
-0.89535
-0.96833
-0.99565
-0.99565
-0.94759
-0.94759
-0.94759
-0.89049
-0.90628
-0.90628
-0.86972
-0.97133
-0.95213
-0.81235
-1.2387
-1.325
-1.325
0
0
0
-7.0252
0
0
0
0
-0.95153
18.9836
-0.85616
-0.85616
-0.85616
-0.81965
-0.89756
-0.90697
-0.90697
-0.86037
-0.86037
-0.86037
-0.80913
-0.82352
-0.82352
-0.79037
-0.88113
-0.86399
-0.78817
-1.1361
-1.2177
-1.2177
0
0
0
0
0
0
0
0
-0.95153
-0.85616
18.9836
-0.85616
-0.85616
-0.81965
-0.89756
-0.90697
-0.90697
-0.86037
-0.86037
-0.86037
-0.80913
-0.82352
-0.82352
-0.79037
-0.88113
-0.86399
-0.78817
-1.1361
-1.2177
-1.2177
0
0
0
0
0
0
0
0
-0.95153
-0.85616
-0.85616
18.9836
-0.85616
-0.81965
-0.89756
-0.90697
-0.90697
-0.86037
-0.86037
-0.86037
-0.80913
-0.82352
-0.82352
-0.79037
-0.88113
-0.86399
-0.78817
-1.1361
-1.2177
-1.2177
0
0
0
0
0
0
0
0
-0.95153
-0.85616
-0.85616
-0.85616
18.9836
-0.81965
-0.89756
-0.90697
-0.90697
-0.86037
-0.86037
-0.86037
-0.80913
-0.82352
-0.82352
-0.79037
-0.88113
-0.86399
-0.78817
-1.1361
-1.2177
-1.2177
0
0
0
0
0
0
0
0
-0.89535
-0.81965
-0.81965
-0.81965
-0.81965
15.762
-0.81907
-0.84022
-0.84022
-0.79607
-0.79607
-0.79607
-0.74844
-0.75875
-0.75875
-0.73071
-0.81426
-0.79861
-0.72355
-1.06
0
0
-0.30723
0
0
0
0
0
0
0
-0.96833
-0.89756
-0.89756
-0.89756
-0.89756
-0.81907
21.9025
-0.92907
-0.92907
-0.88278
-0.88278
-0.88278
-0.82898
-0.84472
-0.84472
-0.80905
-0.90397
-0.88608
-0.75479
0
0
0
0
0
0
0
-6.1461
0
0
0
-0.99565
-0.90697
-0.90697
-0.90697
-0.90697
-0.84022
-0.92907
16.0108
-0.93507
-0.89208
-0.89208
-0.89208
-0.83729
-0.85864
-0.85864
-0.81723
-0.91522
-0.89666
-0.82293
0
0
0
0
0
0
0
0
0
0
0
-0.99565
-0.90697
-0.90697
-0.90697
-0.90697
-0.84022
-0.92907
-0.93507
16.0108
-0.89208
-0.89208
-0.89208
-0.83729
-0.85864
-0.85864
-0.81723
-0.91522
-0.89666
-0.82293
0
0
0
0
0
0
0
0
0
0
0
-0.94759
-0.86037
-0.86037
-0.86037
-0.86037
-0.79607
-0.88278
-0.89208
-0.89208
14.405
-0.8249
-0.8249
-0.78809
-0.81537
-0.81537
-0.76977
-0.86648
-0.848
0
0
0
0
0
0
0
0
0
0
0
0
-0.94759
-0.86037
-0.86037
-0.86037
-0.86037
-0.79607
-0.88278
-0.89208
-0.89208
-0.8249
14.405
-0.8249
-0.78809
-0.81537
-0.81537
-0.76977
-0.86648
-0.848
0
0
0
0
0
0
0
0
0
0
0
0
-0.94759
-0.86037
-0.86037
-0.86037
-0.86037
-0.79607
-0.88278
-0.89208
-0.89208
-0.8249
-0.8249
14.405
-0.78809
-0.81537
-0.81537
-0.76977
-0.86648
-0.848
0
0
0
0
0
0
0
0
0
0
0
0
-0.89049
-0.80913
-0.80913
-0.80913
-0.80913
-0.74844
-0.82898
-0.83729
-0.83729
-0.78809
-0.78809
-0.78809
12.7122
-0.74004
-0.74004
-0.69779
-0.7911
0
0
0
0
0
0
0
0
0
0
0
0
0
-0.90628
-0.82352
-0.82352
-0.82352
-0.82352
-0.75875
-0.84472
-0.85864
-0.85864
-0.81537
-0.81537
-0.81537
-0.74004
14.6716
-0.73411
-0.68351
0
0
0
0
0
0
0
0
-2.5467
0
0
0
0
0
-0.90628
-0.82352
-0.82352
-0.82352
-0.82352
-0.75875
-0.84472
-0.85864
-0.85864
-0.81537
-0.81537
-0.81537
-0.74004
-0.73411
14.6716
-0.68351
0
0
0
0
0
0
0
-2.5467
0
0
0
0
0
0
-0.86972
-0.79037
-0.79037
-0.79037
-0.79037
-0.73071
-0.80905
-0.81723
-0.81723
-0.76977
-0.76977
-0.76977
-0.69779
-0.68351
-0.68351
11.5795
0
0
0
0
0
0
0
0
0
0
0
0
0
0
-0.97133
-0.88113
-0.88113
-0.88113
-0.88113
-0.81426
-0.90397
-0.91522
-0.91522
-0.86648
-0.86648
-0.86648
-0.7911
0
0
0
11.4351
0
0
0
0
0
0
0
0
0
0
0
0
0
-0.95213
-0.86399
-0.86399
-0.86399
-0.86399
-0.79861
-0.88608
-0.89666
-0.89666
-0.848
-0.848
-0.848
0
0
0
0
0
10.4301
0
0
0
0
0
0
0
0
0
0
0
0
-0.81235
-0.78817
-0.78817
-0.78817
-0.78817
-0.72355
-0.75479
-0.82293
-0.82293
0
0
0
0
0
0
0
0
0
14.1963
0
0
0
0
0
0
0
0
-3.5535
0
-3.5535
-1.2387
-1.1361
-1.1361
-1.1361
-1.1361
-1.06
0
0
0
0
0
0
0
0
0
0
0
0
0
6.843
0
0
0
0
0
0
0
0
0
0
-1.325
-1.2177
-1.2177
-1.2177
-1.2177
0
0
0
0
0
0
0
0
0
0
0
0
0
0
0
6.1959
0
0
0
0
0
0
0
0
0
-1.325
-1.2177
-1.2177
-1.2177
-1.2177
0
0
0
0
0
0
0
0
0
0
0
0
0
0
0
0
6.1959
0
0
0
0
0
0
0
0
0
0
0
0
0
-0.30723
0
0
0
0
0
0
0
0
0
0
0
0
0
0
0
0
4.7212
-1.6817
-1.6817
0
0
0
-1.0506
0
0
0
0
0
0
0
0
0
0
0
0
0
0
0
-2.5467
0
0
0
0
0
0
0
-1.6817
4.2284
0
0
0
0
0
0
0
0
0
0
0
0
0
0
0
0
0
0
0
-2.5467
0
0
0
0
0
0
0
0
-1.6817
0
4.2284
0
0
0
0
0
-7.0252
0
0
0
0
0
0
0
0
0
0
0
0
0
0
0
0
0
0
0
0
0
0
0
0
7.0252
0
0
0
0
0
0
0
0
0
0
-6.1461
0
0
0
0
0
0
0
0
0
0
0
0
0
0
0
0
0
0
0
6.1461
0
0
0
0
0
0
0
0
0
0
0
0
0
0
0
0
0
0
0
0
0
-3.5535
0
0
0
0
0
0
0
0
3.5535
0
0
0
0
0
0
0
0
0
0
0
0
0
0
0
0
0
0
0
0
0
0
0
0
-1.0506
0
0
0
0
0
1.0506
0
0
0
0
0
0
0
0
0
0
0
0
0
0
0
0
0
0
0
-3.5535
0
0
0
0
0
0
0
0
0
0
3.5535
