32.6292
-0.43399
-0.44847
-0.43135
-0.4392
-0.43135
-0.42176
-0.41317
-0.43477
-0.42765
-0.42765
-0.43686
-0.43686
-0.42418
-0.38304
-0.34302
-0.24099
-1.9062
-1.9062
0
0
0
0
-11.1212
0
-11.1212
0
0
0
0
-0.43399
9.9921
-0.46229
-0.43977
-0.4513
-0.43977
-0.43195
-0.41864
-0.4375
-0.43128
-0.43128
-0.45489
-0.45489
-0.42755
-0.40157
-0.35922
0
-1.7581
-1.7581
0
0
0
0
0
0
0
0
0
0
0
-0.44847
-0.46229
14.9948
-0.44816
-0.45966
-0.44816
-0.44014
-0.42637
-0.44564
-0.44127
-0.44127
-0.46067
-0.46067
-0.43764
-0.40444
-0.36091
0
0
0
0
0
0
0
0
0
0
0
0
-8.4091
0
-0.43135
-0.43977
-0.44816
6.3141
-0.44
-0.41963
-0.41963
-0.40957
-0.42632
-0.42091
-0.42091
-0.43959
-0.43959
-0.41731
-0.39041
-0.3509
0
0
0
0
0
0
0
0
0
0
0
0
0
0
-0.4392
-0.4513
-0.45966
-0.44
13.6084
-0.44
-0.431
-0.4167
-0.43352
-0.42989
-0.42989
-0.45095
-0.45095
-0.42623
-0.3976
0
0
0
0
-7.5115
0
0
0
0
0
0
0
0
0
0
-0.43135
-0.43977
-0.44816
-0.41963
-0.44
6.3141
-0.41963
-0.40957
-0.42632
-0.42091
-0.42091
-0.43959
-0.43959
-0.41731
-0.39041
-0.3509
0
0
0
0
0
0
0
0
0
0
0
0
0
0
-0.42176
-0.43195
-0.44014
-0.41963
-0.431
-0.41963
11.9046
-0.40023
-0.40971
-0.4082
-0.4082
-0.42864
-0.42864
-0.40437
0
0
0
0
0
0
0
0
0
0
0
0
-6.4525
0
0
0
-0.41317
-0.41864
-0.42637
-0.40957
-0.4167
-0.40957
-0.40023
5.5591
-0.4058
-0.39702
-0.39702
-0.41305
-0.41305
-0.39314
0
0
-0.24578
0
0
0
0
0
0
0
0
0
0
0
0
0
-0.43477
-0.4375
-0.44564
-0.42632
-0.43352
-0.42632
-0.40971
-0.4058
4.54
-0.42975
-0.42975
0
0
0
0
0
-0.26089
0
0
0
0
0
0
0
0
0
0
0
0
0
-0.42765
-0.43128
-0.44127
-0.42091
-0.42989
-0.42091
-0.4082
-0.39702
-0.42975
4.2134
-0.40653
0
0
0
0
0
0
0
0
0
0
0
0
0
0
0
0
0
0
0
-0.42765
-0.43128
-0.44127
-0.42091
-0.42989
-0.42091
-0.4082
-0.39702
-0.42975
-0.40653
4.2134
0
0
0
0
0
0
0
0
0
0
0
0
0
0
0
0
0
0
0
-0.43686
-0.45489
-0.46067
-0.43959
-0.45095
-0.43959
-0.42864
-0.41305
0
0
0
4.4273
0
0
0
0
0
0
0
0
0
0
0
0
0
0
0
-0.90311
0
0
-0.43686
-0.45489
-0.46067
-0.43959
-0.45095
-0.43959
-0.42864
-0.41305
0
0
0
0
4.4273
0
0
0
0
0
0
0
0
0
0
0
0
0
0
0
0
-0.90311
-0.42418
-0.42755
-0.43764
-0.41731
-0.42623
-0.41731
-0.40437
-0.39314
0
0
0
0
0
3.3477
0
0
0
0
0
0
0
0
0
0
0
0
0
0
0
0
-0.38304
-0.40157
-0.40444
-0.39041
-0.3976
-0.39041
0
0
0
0
0
0
0
0
2.5108
0
0
0
0
0
0
-0.14332
0
0
0
0
0
0
0
0
-0.34302
-0.35922
-0.36091
-0.3509
0
-0.3509
0
0
0
0
0
0
0
0
0
1.8694
0
0
0
0
-0.1045
0
0
0
0
0
0
0
0
0
-0.24099
0
0
0
0
0
0
-0.24578
-0.26089
0
0
0
0
0
0
0
15.9418
0
0
0
0
0
-7.5971
0
-7.5971
0
0
0
0
0
-1.9062
-1.7581
0
0
0
0
0
0
0
0
0
0
0
0
0
0
0
3.6644
0
0
0
0
0
0
0
0
0
0
0
0
-1.9062
-1.7581
0
0
0
0
0
0
0
0
0
0
0
0
0
0
0
0
3.6644
0
0
0
0
0
0
0
0
0
0
0
0
0
0
0
-7.5115
0
0
0
0
0
0
0
0
0
0
0
0
0
0
7.5115
0
0
0
0
0
0
0
0
0
0
0
0
0
0
0
0
0
0
0
0
0
0
0
0
0
-0.1045
0
0
0
0
0.1045
0
0
0
0
0
0
0
0
0
0
0
0
0
0
0
0
0
0
0
0
0
0
0
-0.14332
0
0
0
0
0
0
0.14332
0
0
0
0
0
0
0
0
0
0
0
0
0
0
0
0
0
0
0
0
0
0
0
0
-7.5971
0
0
0
0
0
7.5971
0
0
0
0
0
0
0
-11.1212
0
0
0
0
0
0
0
0
0
0
0
0
0
0
0
0
0
0
0
0
0
0
11.1212
0
0
0
0
0
0
0
0
0
0
0
0
0
0
0
0
0
0
0
0
0
0
-7.5971
0
0
0
0
0
0
0
7.5971
0
0
0
0
0
-11.1212
0
0
0
0
0
0
0
0
0
0
0
0
0
0
0
0
0
0
0
0
0
0
0
0
11.1212
0
0
0
0
0
0
0
0
0
0
-6.4525
0
0
0
0
0
0
0
0
0
0
0
0
0
0
0
0
0
0
0
6.4525
0
0
0
0
0
0
0
0
0
0
0
0
0
0
-0.90311
0
0
0
0
0
0
0
0
0
0
0
0
0
0
0
0.90311
0
0
0
0
-8.4091
0
0
0
0
0
0
0
0
0
0
0
0
0
0
0
0
0
0
0
0
0
0
0
0
0
8.4091
0
0
0
0
0
0
0
0
0
0
0
0
0
-0.90311
0
0
0
0
0
0
0
0
0
0
0
0
0
0
0
0
0.90311
