11.042
-0.6719
-0.66007
-0.6848
-0.68145
-0.6807
-0.68156
-0.68156
-0.68136
0
0
-0.95179
-0.74281
0
-0.61319
-0.74687
0
-1.3402
0
-1.2237
0
0
0
0
0
0
0
0
0
0
-0.6719
14.3615
-0.66948
-0.67507
-0.67245
-0.67429
-0.67131
-0.67131
-0.69358
0
0
-0.95632
-0.72133
0
0
-0.74052
0
0
-0.68552
0
0
0
0
0
0
0
0
0
-5.8584
0
-0.66007
-0.66948
10.4551
-0.67193
-0.66648
-0.66769
-0.6689
-0.6689
-0.6682
0
0
-0.90873
-0.7243
0
0
-0.73838
0
-1.3289
0
0
0
0
-1.4132
0
0
0
0
0
0
0
-0.6848
-0.67507
-0.67193
6.4487
-0.68502
-0.68398
-0.67806
-0.67806
0
0
0
-0.96287
-0.72893
0
0
0
0
0
0
0
0
0
0
0
0
0
0
0
0
0
-0.68145
-0.67245
-0.66648
-0.68502
5.5201
-0.67748
-0.66659
-0.66659
0
-0.80405
0
0
0
0
0
0
0
0
0
0
0
0
0
0
0
0
0
0
0
0
-0.6807
-0.67429
-0.66769
-0.68398
-0.67748
5.4366
-0.66593
-0.66593
0
0
0
0
0
-0.7206
0
0
0
0
0
0
0
0
0
0
0
0
0
0
0
0
-0.68156
-0.67131
-0.6689
-0.67806
-0.66659
-0.66593
4.6823
-0.65001
0
0
0
0
0
0
0
0
0
0
0
0
0
0
0
0
0
0
0
0
0
0
-0.68156
-0.67131
-0.6689
-0.67806
-0.66659
-0.66593
-0.65001
4.6823
0
0
0
0
0
0
0
0
0
0
0
0
0
0
0
0
0
0
0
0
0
0
-0.68136
-0.69358
-0.6682
0
0
0
0
0
5.2208
0
-0.66566
0
0
0
0
0
-0.5962
0
0
0
-1.9158
0
0
0
0
0
0
0
0
0
0
0
0
0
-0.80405
0
0
0
0
7.1561
-0.81408
0
0
-0.79557
-1.0583
0
0
0
0
0
0
0
0
-3.6841
0
0
0
0
0
0
0
0
0
0
0
0
0
0
-0.66566
-0.81408
5.3728
0
0
0
0
0
0
0
-1.04
0
0
-2.0045
-0.84858
0
0
0
0
0
0
0
-0.95179
-0.95632
-0.90873
-0.96287
0
0
0
0
0
0
0
8.1574
0
0
0
0
0
0
0
0
0
0
0
0
-4.3777
0
0
0
0
0
-0.74281
-0.72133
-0.7243
-0.72893
0
0
0
0
0
0
0
0
2.9174
0
0
0
0
0
0
0
0
0
0
0
0
0
0
0
0
0
0
0
0
0
0
-0.7206
0
0
0
-0.79557
0
0
0
2.9195
0
0
-0.69219
0
0
-0.71112
0
0
0
0
0
0
0
0
0
0
-0.61319
0
0
0
0
0
0
0
0
-1.0583
0
0
0
0
2.6035
0
0
0
0
0
0
0
0
0
0
0
0
0
0
-0.93202
-0.74687
-0.74052
-0.73838
0
0
0
0
0
0
0
0
0
0
0
0
2.2258
0
0
0
0
0
0
0
0
0
0
0
0
0
0
0
0
0
0
0
0
0
0
-0.5962
0
0
0
0
-0.69219
0
0
1.8406
0
0
0
0
0
0
0
0
-0.55225
0
0
0
0
-1.3402
0
-1.3289
0
0
0
0
0
0
0
0
0
0
0
0
0
0
5.3657
0
0
0
0
0
0
0
0
0
-2.6966
0
0
0
-0.68552
0
0
0
0
0
0
0
0
-1.04
0
0
0
0
0
0
0
2.9821
0
0
0
0
0
0
0
-1.2566
0
0
0
-1.2237
0
0
0
0
0
0
0
0
0
0
0
0
-0.71112
0
0
0
0
0
1.9348
0
0
0
0
0
0
0
0
0
0
0
0
0
0
0
0
0
0
-1.9158
0
0
0
0
0
0
0
0
0
0
0
2.4833
-0.56752
0
0
0
0
0
0
0
0
0
0
0
0
0
0
0
0
0
0
-2.0045
0
0
0
0
0
0
0
0
0
-0.56752
2.572
0
0
0
0
0
0
0
0
0
0
-1.4132
0
0
0
0
0
0
0
-0.84858
0
0
0
0
0
0
0
0
0
0
0
2.2618
0
0
0
0
0
0
0
0
0
0
0
0
0
0
0
0
-3.6841
0
0
0
0
0
0
0
0
0
0
0
0
0
3.6841
0
0
0
0
0
0
0
0
0
0
0
0
0
0
0
0
0
-4.3777
0
0
0
0
0
0
0
0
0
0
0
0
4.3777
0
0
0
0
0
0
0
0
0
0
0
0
0
0
0
0
0
0
0
0
0
-0.55225
0
0
0
0
0
0
0
0
0.55225
0
0
0
0
0
0
0
0
0
0
0
0
0
0
0
0
0
0
0
0
0
0
-1.2566
0
0
0
0
0
0
0
1.2566
0
0
0
0
0
0
0
0
0
0
0
0
0
0
0
0
0
0
0
0
-2.6966
0
0
0
0
0
0
0
0
0
2.6966
0
0
0
-5.8584
0
0
0
0
0
0
0
0
0
0
0
0
0
0
0
0
0
0
0
0
0
0
0
0
0
0
5.8584
0
0
0
0
0
0
0
0
0
0
0
0
0
0
0
-0.93202
0
0
0
0
0
0
0
0
0
0
0
0
0
0
0.93202
