28.9236
-1.0497
-1.043
-1.0497
-1.0057
-1.0037
-1.0057
-1.0057
-0.83261
-0.83261
-0.83261
-0.83261
-0.83261
-0.83261
-0.83045
-0.91729
-0.8919
-0.93096
-0.89166
-1.012
0
0
-1.2448
0
0
-10.046
0
0
0
0
-1.0497
19.7032
-1.088
-1.0313
-1.0006
-1.0078
-1.0006
-1.0006
-0.82917
-0.82917
-0.82917
-0.82917
-0.82917
-0.82917
-0.83833
-0.9263
-0.90098
-0.9514
-0.88665
-0.98838
0
0
0
-2.0575
0
0
0
0
0
0
-1.043
-1.088
27.8691
-1.088
-1.0301
-1.0201
-1.0301
-1.0301
-0.84826
-0.84826
-0.84826
-0.84826
-0.84826
-0.84826
-0.8518
-0.94152
-0.91002
-0.9496
-0.90774
0
0
-1.0164
0
0
-9.873
0
0
0
0
0
-1.0497
-1.0313
-1.088
19.7032
-1.0006
-1.0078
-1.0006
-1.0006
-0.82917
-0.82917
-0.82917
-0.82917
-0.82917
-0.82917
-0.83833
-0.9263
-0.90098
-0.9514
-0.88665
-0.98838
0
0
0
-2.0575
0
0
0
0
0
0
-1.0057
-1.0006
-1.0301
-1.0006
16.9351
-0.97311
-0.94814
-0.94814
-0.79275
-0.79275
-0.79275
-0.79275
-0.79275
-0.79275
-0.80761
-0.88981
-0.86678
-0.90962
-0.85161
-0.94666
0
0
0
0
0
0
0
0
0
0
-1.0037
-1.0078
-1.0201
-1.0078
-0.97311
17.2437
-0.97311
-0.97311
-0.79344
-0.79344
-0.79344
-0.79344
-0.79344
-0.79344
-0.79937
-0.87969
-0.85715
-0.90731
-0.85331
0
0
0
-1.2275
0
0
0
0
0
0
0
-1.0057
-1.0006
-1.0301
-1.0006
-0.94814
-0.97311
16.9351
-0.94814
-0.79275
-0.79275
-0.79275
-0.79275
-0.79275
-0.79275
-0.80761
-0.88981
-0.86678
-0.90962
-0.85161
-0.94666
0
0
0
0
0
0
0
0
0
0
-1.0057
-1.0006
-1.0301
-1.0006
-0.94814
-0.97311
-0.94814
16.9351
-0.79275
-0.79275
-0.79275
-0.79275
-0.79275
-0.79275
-0.80761
-0.88981
-0.86678
-0.90962
-0.85161
-0.94666
0
0
0
0
0
0
0
0
0
0
-0.83261
-0.82917
-0.84826
-0.82917
-0.79275
-0.79344
-0.79275
-0.79275
13.1997
-0.62806
-0.62806
-0.62806
-0.62806
-0.62806
-0.66385
-0.72789
-0.71103
-0.74516
-0.70059
0
0
0
0
0
0
0
0
0
0
0
-0.83261
-0.82917
-0.84826
-0.82917
-0.79275
-0.79344
-0.79275
-0.79275
-0.62806
13.1997
-0.62806
-0.62806
-0.62806
-0.62806
-0.66385
-0.72789
-0.71103
-0.74516
-0.70059
0
0
0
0
0
0
0
0
0
0
0
-0.83261
-0.82917
-0.84826
-0.82917
-0.79275
-0.79344
-0.79275
-0.79275
-0.62806
-0.62806
13.1997
-0.62806
-0.62806
-0.62806
-0.66385
-0.72789
-0.71103
-0.74516
-0.70059
0
0
0
0
0
0
0
0
0
0
0
-0.83261
-0.82917
-0.84826
-0.82917
-0.79275
-0.79344
-0.79275
-0.79275
-0.62806
-0.62806
-0.62806
13.1997
-0.62806
-0.62806
-0.66385
-0.72789
-0.71103
-0.74516
-0.70059
0
0
0
0
0
0
0
0
0
0
0
-0.83261
-0.82917
-0.84826
-0.82917
-0.79275
-0.79344
-0.79275
-0.79275
-0.62806
-0.62806
-0.62806
-0.62806
13.1997
-0.62806
-0.66385
-0.72789
-0.71103
-0.74516
-0.70059
0
0
0
0
0
0
0
0
0
0
0
-0.83261
-0.82917
-0.84826
-0.82917
-0.79275
-0.79344
-0.79275
-0.79275
-0.62806
-0.62806
-0.62806
-0.62806
-0.62806
13.1997
-0.66385
-0.72789
-0.71103
-0.74516
-0.70059
0
0
0
0
0
0
0
0
0
0
0
-0.83045
-0.83833
-0.8518
-0.83833
-0.80761
-0.79937
-0.80761
-0.80761
-0.66385
-0.66385
-0.66385
-0.66385
-0.66385
-0.66385
12.5977
-0.61245
0
0
-0.6775
0
-0.74357
0
0
0
0
0
0
0
0
0
-0.91729
-0.9263
-0.94152
-0.9263
-0.88981
-0.87969
-0.88981
-0.88981
-0.72789
-0.72789
-0.72789
-0.72789
-0.72789
-0.72789
-0.61245
13.1545
0
0
0
0
0
-0.91418
0
0
0
0
0
0
0
0
-0.8919
-0.90098
-0.91002
-0.90098
-0.86678
-0.85715
-0.86678
-0.86678
-0.71103
-0.71103
-0.71103
-0.71103
-0.71103
-0.71103
0
0
12.1416
0
0
0
-0.81402
0
0
0
0
0
0
0
0
0
-0.93096
-0.9514
-0.9496
-0.9514
-0.90962
-0.90731
-0.90962
-0.90962
-0.74516
-0.74516
-0.74516
-0.74516
-0.74516
-0.74516
0
0
0
20.804
0
0
0
0
0
0
0
0
-8.9135
0
0
0
-0.89166
-0.88665
-0.90774
-0.88665
-0.85161
-0.85331
-0.85161
-0.85161
-0.70059
-0.70059
-0.70059
-0.70059
-0.70059
-0.70059
-0.6775
0
0
0
11.8619
0
0
0
0
0
0
0
0
0
0
0
-1.012
-0.98838
0
-0.98838
-0.94666
0
-0.94666
-0.94666
0
0
0
0
0
0
0
0
0
0
0
5.8287
0
0
0
0
0
0
0
0
0
0
0
0
0
0
0
0
0
0
0
0
0
0
0
0
-0.74357
0
-0.81402
0
0
0
2.536
0
0
0
0
0
0
0
-0.97844
0
0
0
-1.0164
0
0
0
0
0
0
0
0
0
0
0
0
-0.91418
0
0
0
0
0
3.0127
0
0
0
0
0
-1.0821
0
0
-1.2448
0
0
0
0
-1.2275
0
0
0
0
0
0
0
0
0
0
0
0
0
0
0
0
4.0405
0
0
0
0
0
0
-1.5682
0
-2.0575
0
-2.0575
0
0
0
0
0
0
0
0
0
0
0
0
0
0
0
0
0
0
0
4.115
0
0
0
0
0
0
0
0
-9.873
0
0
0
0
0
0
0
0
0
0
0
0
0
0
0
0
0
0
0
0
0
9.873
0
0
0
0
0
-10.046
0
0
0
0
0
0
0
0
0
0
0
0
0
0
0
0
0
0
0
0
0
0
0
0
10.046
0
0
0
0
0
0
0
0
0
0
0
0
0
0
0
0
0
0
0
0
0
-8.9135
0
0
0
0
0
0
0
0
8.9135
0
0
0
0
0
0
0
0
0
0
0
0
0
0
0
0
0
0
0
0
0
0
0
0
-1.0821
0
0
0
0
0
1.0821
0
0
0
0
0
0
0
0
0
0
0
0
0
0
0
0
0
0
0
0
0
0
-0.97844
0
0
0
0
0
0
0
0.97844
0
0
0
0
0
0
0
0
0
0
0
0
0
0
0
0
0
0
0
0
0
0
0
-1.5682
0
0
0
0
0
0
1.5682
