22.5147
-0.54449
-0.53582
-0.52558
-0.4789
-0.4789
-0.4789
-0.48013
-0.45925
-0.44789
-0.45654
-0.47033
-0.4946
-0.49649
-0.47171
0
-4.5573
0
0
-1.8993
0
0
0
0
0
0
-9.2386
0
0
0
-0.54449
14.5834
-0.58042
-0.56161
-0.50214
-0.50214
-0.50214
-0.50749
-0.4971
-0.47868
-0.48277
-0.50054
-0.5264
-0.52611
-0.50227
0
0
0
0
0
0
0
0
0
0
0
0
-7.3691
0
0
-0.53582
-0.58042
14.1553
-0.54869
-0.50219
-0.50219
-0.50219
-0.5064
-0.51913
-0.48426
-0.48234
-0.51081
-0.53961
-0.54293
-0.4943
0
0
0
0
0
-6.904
0
0
0
0
0
0
0
0
0
-0.52558
-0.56161
-0.54869
9.3891
-0.4926
-0.4926
-0.4926
-0.49732
-0.50136
-0.47445
-0.47353
-0.49428
-0.52237
-0.52509
-0.48867
0
0
0
-2.2984
0
0
0
0
0
0
0
0
0
0
0
-0.4789
-0.50214
-0.50219
-0.4926
6.3722
-0.42958
-0.42958
-0.44538
-0.44422
-0.42218
-0.42358
-0.43864
-0.46157
-0.46462
-0.43703
0
0
0
0
0
0
0
0
0
0
0
0
0
0
0
-0.4789
-0.50214
-0.50219
-0.4926
-0.42958
6.3722
-0.42958
-0.44538
-0.44422
-0.42218
-0.42358
-0.43864
-0.46157
-0.46462
-0.43703
0
0
0
0
0
0
0
0
0
0
0
0
0
0
0
-0.4789
-0.50214
-0.50219
-0.4926
-0.42958
-0.42958
6.3722
-0.44538
-0.44422
-0.42218
-0.42358
-0.43864
-0.46157
-0.46462
-0.43703
0
0
0
0
0
0
0
0
0
0
0
0
0
0
0
-0.48013
-0.50749
-0.5064
-0.49732
-0.44538
-0.44538
-0.44538
5.9313
-0.44114
-0.41993
-0.41561
-0.43677
-0.45668
0
-0.43369
0
0
0
0
0
0
0
0
0
0
0
0
0
0
0
-0.45925
-0.4971
-0.51913
-0.50136
-0.44422
-0.44422
-0.44422
-0.44114
21.9607
-0.40608
-0.42048
-0.41559
0
0
0
0
0
0
0
0
0
-8.4839
-8.4839
0
0
0
0
0
0
0
-0.44789
-0.47868
-0.48426
-0.47445
-0.42218
-0.42218
-0.42218
-0.41993
-0.40608
4.8518
-0.38913
-0.36875
0
0
0
0
0
-0.11606
0
0
0
0
0
0
0
0
0
0
0
0
-0.45654
-0.48277
-0.48234
-0.47353
-0.42358
-0.42358
-0.42358
-0.41561
-0.42048
-0.38913
5.2156
-0.40348
-0.421
0
0
0
0
0
0
0
0
0
0
0
0
0
0
0
0
0
-0.47033
-0.50054
-0.51081
-0.49428
-0.43864
-0.43864
-0.43864
-0.43677
-0.41559
-0.36875
-0.40348
9.535
0
0
0
0
0
0
0
0
0
0
0
0
0
-4.6186
0
0
0
0
-0.4946
-0.5264
-0.53961
-0.52237
-0.46157
-0.46157
-0.46157
-0.45668
0
0
-0.421
0
8.0198
0
0
-0.21602
0
0
0
0
0
0
0
0
0
0
0
0
0
-3.4585
-0.49649
-0.52611
-0.54293
-0.52509
-0.46462
-0.46462
-0.46462
0
0
0
0
0
0
4.6154
0
-0.23464
0
0
0
0
0
0
0
0
-0.89623
0
0
0
0
0
-0.47171
-0.50227
-0.4943
-0.48867
-0.43703
-0.43703
-0.43703
-0.43369
0
0
0
0
0
0
3.7017
0
0
0
0
0
0
0
0
0
0
0
0
0
0
0
0
0
0
0
0
0
0
0
0
0
0
0
-0.21602
-0.23464
0
2.1606
0
0
0
-1.6054
0
0
0
0
0
0
0
0
-0.1045
0
-4.5573
0
0
0
0
0
0
0
0
0
0
0
0
0
0
0
8.7101
0
-2.1262
0
-2.0267
0
0
0
0
0
0
0
0
0
0
0
0
0
0
0
0
0
0
-0.11606
0
0
0
0
0
0
0
3.0708
-1.6984
0
0
0
0
-1.2564
0
0
0
0
0
0
0
0
0
-2.2984
0
0
0
0
0
0
0
0
0
0
0
0
-2.1262
-1.6984
6.1229
0
0
0
0
0
0
0
0
0
0
0
-1.8993
0
0
0
0
0
0
0
0
0
0
0
0
0
0
-1.6054
0
0
0
3.5047
0
0
0
0
0
0
0
0
0
0
0
0
-6.904
0
0
0
0
0
0
0
0
0
0
0
0
0
-2.0267
0
0
0
8.9306
0
0
0
0
0
0
0
0
0
0
0
0
0
0
0
0
0
-8.4839
0
0
0
0
0
0
0
0
0
0
0
0
8.4839
0
0
0
0
0
0
0
0
0
0
0
0
0
0
0
0
-8.4839
0
0
0
0
0
0
0
0
0
0
0
0
0
8.4839
0
0
0
0
0
0
0
0
0
0
0
0
0
0
0
0
0
0
0
0
0
0
0
0
-1.2564
0
0
0
0
0
1.2564
0
0
0
0
0
0
0
0
0
0
0
0
0
0
0
0
0
0
0
-0.89623
0
0
0
0
0
0
0
0
0
0
0.89623
0
0
0
0
0
0
0
0
0
0
0
0
0
0
0
0
-4.6186
0
0
0
0
0
0
0
0
0
0
0
0
0
4.6186
0
0
0
0
-9.2386
0
0
0
0
0
0
0
0
0
0
0
0
0
0
0
0
0
0
0
0
0
0
0
0
0
9.2386
0
0
0
0
-7.3691
0
0
0
0
0
0
0
0
0
0
0
0
0
0
0
0
0
0
0
0
0
0
0
0
0
7.3691
0
0
0
0
0
0
0
0
0
0
0
0
0
0
0
0
0
-0.1045
0
0
0
0
0
0
0
0
0
0
0
0
0.1045
0
0
0
0
0
0
0
0
0
0
0
0
0
-3.4585
0
0
0
0
0
0
0
0
0
0
0
0
0
0
0
0
3.4585
