27.0276
-0.51388
-0.49535
-0.49448
-0.491
-0.49199
-0.45283
-0.4643
-0.45878
-0.4224
-0.4224
-0.4224
-0.45124
-0.32579
0
0
0
0
-0.99989
0
0
-10.0604
-10.0604
0
0
0
0
0
0
0
-0.51388
14.4816
-0.55994
-0.55232
-0.54336
-0.54439
-0.49323
-0.51544
-0.51279
-0.45912
-0.45912
-0.45912
-0.50833
-0.37968
0
0
0
0
0
0
0
0
0
0
-7.9809
0
0
0
0
0
-0.49535
-0.55994
13.2814
-0.57018
-0.55603
-0.52695
-0.47567
-0.4774
-0.48036
-0.43032
-0.43032
-0.43032
0
0
0
0
-0.93318
0
0
0
0
0
0
0
0
0
0
-6.9154
0
0
-0.49448
-0.55232
-0.57018
6.7403
-0.50207
-0.50483
-0.45099
-0.46128
-0.47568
-0.42263
-0.42263
-0.42263
-0.5029
0
0
0
0
0
-0.95768
0
0
0
0
0
0
0
0
0
0
0
-0.491
-0.54336
-0.55603
-0.50207
6.1076
-0.5019
-0.44964
-0.46919
-0.46964
-0.42226
-0.42226
-0.42226
-0.48435
-0.37366
0
0
0
0
0
0
0
0
0
0
0
0
0
0
0
0
-0.49199
-0.54439
-0.52695
-0.50483
-0.5019
6.6572
-0.45105
-0.47121
-0.47513
-0.422
-0.422
-0.422
-0.49236
0
0
0
-0.93142
0
0
0
0
0
0
0
0
0
0
0
0
0
-0.45283
-0.49323
-0.47567
-0.45099
-0.44964
-0.45105
5.249
-0.43269
-0.43622
-0.38727
-0.38727
-0.38727
-0.44486
0
0
0
0
0
0
0
0
0
0
0
0
0
0
0
0
0
-0.4643
-0.51544
-0.4774
-0.46128
-0.46919
-0.47121
-0.43269
8.9331
-0.44977
-0.39401
-0.39401
-0.39401
0
0
0
0
0
0
0
0
-4.0098
0
0
0
0
0
0
0
0
0
-0.45878
-0.51279
-0.48036
-0.47568
-0.46964
-0.47513
-0.43622
-0.44977
11.3348
-0.39932
-0.39932
-0.39932
0
0
0
0
0
0
0
0
0
0
0
0
0
0
0
0
0
-6.3785
-0.4224
-0.45912
-0.43032
-0.42263
-0.42226
-0.422
-0.38727
-0.39401
-0.39932
4.4396
-0.34014
-0.34014
0
0
0
0
0
0
0
0
0
0
0
0
0
0
0
0
0
0
-0.4224
-0.45912
-0.43032
-0.42263
-0.42226
-0.422
-0.38727
-0.39401
-0.39932
-0.34014
4.4396
-0.34014
0
0
0
0
0
0
0
0
0
0
0
0
0
0
0
0
0
0
-0.4224
-0.45912
-0.43032
-0.42263
-0.42226
-0.422
-0.38727
-0.39401
-0.39932
-0.34014
-0.34014
4.4396
0
0
0
0
0
0
0
0
0
0
0
0
0
0
0
0
0
0
-0.45124
-0.50833
0
-0.5029
-0.48435
-0.49236
-0.44486
0
0
0
0
0
5.3766
0
0
0
0
-0.20539
0
0
0
0
0
0
0
0
0
0
-2.2871
0
-0.32579
-0.37968
0
0
-0.37366
0
0
0
0
0
0
0
0
2.7248
0
0
0
0
0
-1.5412
0
0
0
0
0
0
-0.1045
0
0
0
0
0
0
0
0
0
0
0
0
0
0
0
0
0
4.4171
-1.2093
0
-1.0818
-0.97363
0
-1.1524
0
0
0
0
0
0
0
0
0
0
0
0
0
0
0
0
0
0
0
0
0
0
0
-1.2093
5.7175
-0.55597
0
0
-1.7192
0
0
0
0
0
-2.233
0
0
0
0
0
0
-0.93318
0
0
-0.93142
0
0
0
0
0
0
0
0
0
-0.55597
2.4206
0
0
0
0
0
0
0
0
0
0
0
0
0
0
0
0
0
0
0
0
0
0
0
0
0
-0.20539
0
-1.0818
0
0
2.0626
0
0
0
0
0
-0.77533
0
0
0
0
0
0
-0.99989
0
0
-0.95768
0
0
0
0
0
0
0
0
0
0
-0.97363
0
0
0
2.9312
0
0
0
0
0
0
0
0
0
0
0
0
0
0
0
0
0
0
0
0
0
0
0
0
-1.5412
0
-1.7192
0
0
0
3.2604
0
0
0
0
0
0
0
0
0
0
0
0
0
0
0
0
0
-4.0098
0
0
0
0
0
0
-1.1524
0
0
0
0
0
5.1622
0
0
0
0
0
0
0
0
0
-10.0604
0
0
0
0
0
0
0
0
0
0
0
0
0
0
0
0
0
0
0
0
10.0604
0
0
0
0
0
0
0
0
-10.0604
0
0
0
0
0
0
0
0
0
0
0
0
0
0
0
0
0
0
0
0
0
10.0604
0
0
0
0
0
0
0
0
0
0
0
0
0
0
0
0
0
0
0
0
0
0
0
0
-0.77533
0
0
0
0
0
0.77533
0
0
0
0
0
0
0
-7.9809
0
0
0
0
0
0
0
0
0
0
0
0
0
0
0
0
0
0
0
0
0
0
7.9809
0
0
0
0
0
0
0
0
0
0
0
0
0
0
0
0
0
0
0
0
-2.233
0
0
0
0
0
0
0
0
0
2.233
0
0
0
0
0
0
0
0
0
0
0
0
0
0
0
0
0
-0.1045
0
0
0
0
0
0
0
0
0
0
0
0
0.1045
0
0
0
0
0
-6.9154
0
0
0
0
0
0
0
0
0
0
0
0
0
0
0
0
0
0
0
0
0
0
0
0
6.9154
0
0
0
0
0
0
0
0
0
0
0
0
0
0
-2.2871
0
0
0
0
0
0
0
0
0
0
0
0
0
0
0
2.2871
0
0
0
0
0
0
0
0
0
-6.3785
0
0
0
0
0
0
0
0
0
0
0
0
0
0
0
0
0
0
0
0
6.3785
