17.9827
-0.62048
-0.62048
-0.57536
-0.57536
-0.55775
-0.55166
-0.54206
-0.55936
-0.58463
-0.54107
-0.54107
-0.54107
-0.56098
-0.56669
-0.57801
0
0
-0.35445
0
0
0
0
0
-9.1122
0
0
0
0
0
-0.62048
17.8764
-0.61328
-0.57676
-0.57676
-0.55721
-0.54662
-0.54121
-0.56008
-0.58855
-0.54283
-0.54283
-0.54283
-0.5283
-0.56867
-0.58324
0
-0.33538
0
0
0
0
0
0
0
0
-9.0514
0
0
0
-0.62048
-0.61328
17.8764
-0.57676
-0.57676
-0.55721
-0.54662
-0.54121
-0.56008
-0.58855
-0.54283
-0.54283
-0.54283
-0.5283
-0.56867
-0.58324
0
-0.33538
0
0
0
0
0
-9.0514
0
0
0
0
0
0
-0.57536
-0.57676
-0.57676
16.4728
-0.54868
-0.52851
-0.52206
-0.51327
-0.53217
-0.55723
-0.51385
-0.51385
-0.51385
-0.51214
-0.53672
-0.54723
0
0
0
0
0
0
-8.4044
0
0
0
0
0
0
0
-0.57536
-0.57676
-0.57676
-0.54868
16.4728
-0.52851
-0.52206
-0.51327
-0.53217
-0.55723
-0.51385
-0.51385
-0.51385
-0.51214
-0.53672
-0.54723
0
0
0
0
0
0
0
0
0
0
0
-8.4044
0
0
-0.55775
-0.55721
-0.55721
-0.52851
-0.52851
7.8442
-0.51223
-0.49745
-0.51604
-0.53971
-0.49855
-0.49855
-0.49855
-0.50367
-0.52031
-0.52998
0
0
0
0
0
0
0
0
0
0
0
0
0
0
-0.55166
-0.54662
-0.54662
-0.52206
-0.52206
-0.51223
7.4486
-0.49317
-0.50979
-0.53102
-0.49369
-0.49369
-0.49369
-0.50411
-0.51575
0
-0.21248
0
0
0
0
0
0
0
0
0
0
0
0
0
-0.54206
-0.54121
-0.54121
-0.51327
-0.51327
-0.49745
-0.49317
7.1006
-0.50058
-0.51811
-0.48335
-0.48335
-0.48335
-0.48632
-0.5039
0
0
0
0
0
0
0
0
0
0
0
0
0
0
0
-0.55936
-0.56008
-0.56008
-0.53217
-0.53217
-0.51604
-0.50979
-0.50058
13.9848
-0.52975
-0.49713
-0.49713
-0.49713
-0.49167
0
0
0
0
0
0
0
0
0
0
0
0
0
0
0
-7.2017
-0.58463
-0.58855
-0.58855
-0.55723
-0.55723
-0.53971
-0.53102
-0.51811
-0.52975
13.1568
-0.53462
-0.53462
-0.53462
0
0
0
0
0
0
0
0
-6.5582
0
0
0
0
0
0
0
0
-0.54107
-0.54283
-0.54283
-0.51385
-0.51385
-0.49855
-0.49369
-0.48335
-0.49713
-0.53462
6.1006
-0.46942
-0.46942
0
0
0
0
0
0
0
0
0
0
0
0
0
0
0
0
0
-0.54107
-0.54283
-0.54283
-0.51385
-0.51385
-0.49855
-0.49369
-0.48335
-0.49713
-0.53462
-0.46942
6.1006
-0.46942
0
0
0
0
0
0
0
0
0
0
0
0
0
0
0
0
0
-0.54107
-0.54283
-0.54283
-0.51385
-0.51385
-0.49855
-0.49369
-0.48335
-0.49713
-0.53462
-0.46942
-0.46942
6.1006
0
0
0
0
0
0
0
0
0
0
0
0
0
0
0
0
0
-0.56098
-0.5283
-0.5283
-0.51214
-0.51214
-0.50367
-0.50411
-0.48632
-0.49167
0
0
0
0
5.1505
0
0
-0.21459
0
0
-0.30832
0
0
0
0
0
0
0
0
0
0
-0.56669
-0.56867
-0.56867
-0.53672
-0.53672
-0.52031
-0.51575
-0.5039
0
0
0
0
0
0
4.3174
0
0
0
0
0
0
0
0
0
0
0
0
0
0
0
-0.57801
-0.58324
-0.58324
-0.54723
-0.54723
-0.52998
0
0
0
0
0
0
0
0
0
3.3689
0
0
0
0
0
0
0
0
0
0
0
0
0
0
0
0
0
0
0
0
-0.21248
0
0
0
0
0
0
-0.21459
0
0
0.53157
0
0
0
0
0
0
0
0
-0.1045
0
0
0
0
0
-0.33538
-0.33538
0
0
0
0
0
0
0
0
0
0
0
0
0
0
0.89396
0
0
0
0
0
0
0
0
0
0
-0.22321
0
-0.35445
0
0
0
0
0
0
0
0
0
0
0
0
0
0
0
0
0
2.4046
0
-2.0502
0
0
0
0
0
0
0
0
0
0
0
0
0
0
0
0
0
0
0
0
0
0
-0.30832
0
0
0
0
0
2.4808
-2.1725
0
0
0
0
0
0
0
0
0
0
0
0
0
0
0
0
0
0
0
0
0
0
0
0
0
0
0
-2.0502
-2.1725
4.2226
0
0
0
0
0
0
0
0
0
0
0
0
0
0
0
0
0
0
-6.5582
0
0
0
0
0
0
0
0
0
0
0
6.5582
0
0
0
0
0
0
0
0
0
0
0
-8.4044
0
0
0
0
0
0
0
0
0
0
0
0
0
0
0
0
0
0
8.4044
0
0
0
0
0
0
0
0
0
-9.0514
0
0
0
0
0
0
0
0
0
0
0
0
0
0
0
0
0
0
0
0
9.0514
0
0
0
0
0
0
-9.1122
0
0
0
0
0
0
0
0
0
0
0
0
0
0
0
0
0
0
0
0
0
0
0
9.1122
0
0
0
0
0
0
0
0
0
0
0
0
0
0
0
0
0
0
0
0
0
-0.1045
0
0
0
0
0
0
0
0
0.1045
0
0
0
0
0
-9.0514
0
0
0
0
0
0
0
0
0
0
0
0
0
0
0
0
0
0
0
0
0
0
0
0
9.0514
0
0
0
0
0
0
0
-8.4044
0
0
0
0
0
0
0
0
0
0
0
0
0
0
0
0
0
0
0
0
0
0
8.4044
0
0
0
0
0
0
0
0
0
0
0
0
0
0
0
0
0
0
0
-0.22321
0
0
0
0
0
0
0
0
0
0
0.22321
0
0
0
0
0
0
0
0
0
-7.2017
0
0
0
0
0
0
0
0
0
0
0
0
0
0
0
0
0
0
0
0
7.2017
