15.1024
-0.10619
-0.10563
-0.10518
-0.46482
-0.24804
-0.7551
-0.5667
-1.195
-0.59901
-0.59775
-0.61243
-0.66254
-0.80015
-0.69568
0
-0.10081
0
0
0
-2.9532
0
0
0
0
0
0
0
-4.5341
0
-0.10619
8.3335
-0.11604
-0.1152
-0.28966
-0.1374
-0.46186
-0.48464
-0.61492
-0.46043
-0.54716
-0.17164
-0.47523
-0.82875
-0.84598
0
-1.2097
-1.4687
0
0
0
0
0
0
0
0
0
0
0
0
-0.10563
-0.11604
8.6756
-0.38605
-0.18266
-0.2955
-0.46014
-0.47434
-0.61088
-0.47789
-0.35903
-0.32147
-0.53371
-0.82698
-0.84658
0
-1.2098
-1.4689
0
0
0
0
0
0
0
0
0
0
0
0
-0.10518
-0.1152
-0.38605
8.6741
-0.14406
-0.31525
-0.45718
-0.46762
-0.59912
-0.2253
-0.26657
-0.68995
-0.551
-0.82669
-0.84664
0
-1.2095
-1.4688
0
0
0
0
0
0
0
0
0
0
0
0
-0.46482
-0.28966
-0.18266
-0.14406
8.5509
-0.10667
-0.61112
-0.47172
-0.77181
-0.6054
-0.54798
-0.69875
-0.36445
-1.49
-1.5601
0
0
0
-0.24167
0
0
0
0
0
0
0
0
0
0
0
-0.24804
-0.1374
-0.2955
-0.31525
-0.10667
7.9518
-0.52169
-0.6133
-0.68301
-0.33533
-0.36161
-0.25628
-0.50454
-1.0975
-1.1253
0
-1.3503
0
0
0
0
0
0
0
0
0
0
0
0
0
-0.7551
-0.46186
-0.46014
-0.45718
-0.61112
-0.52169
13.172
-0.6189
-1.3514
-0.64384
-0.64051
-0.64659
-0.60677
-0.7581
0
0
0
0
0
0
0
0
0
0
-4.6388
0
0
0
0
0
-0.5667
-0.48464
-0.47434
-0.46762
-0.47172
-0.6133
-0.6189
9.4692
-0.6502
-0.60522
-0.59595
-0.61034
-0.62636
0
0
0
0
0
0
-2.6839
0
0
0
0
0
0
0
0
0
0
-1.195
-0.61492
-0.61088
-0.59912
-0.77181
-0.68301
-1.3514
-0.6502
13.3562
-0.74959
-0.73796
-0.64476
0
0
0
0
0
0
0
0
0
0
-4.7475
0
0
0
0
0
0
0
-0.59901
-0.46043
-0.47789
-0.2253
-0.6054
-0.33533
-0.64384
-0.60522
-0.74959
6.7505
-0.14941
-0.2856
-1.6135
0
0
0
0
0
0
0
0
0
0
0
0
0
0
0
0
0
-0.59775
-0.54716
-0.35903
-0.26657
-0.54798
-0.36161
-0.64051
-0.59595
-0.73796
-0.14941
7.0926
-0.65506
-1.6337
0
0
0
0
0
0
0
0
0
0
0
0
0
0
0
0
0
-0.61243
-0.17164
-0.32147
-0.68995
-0.69875
-0.25628
-0.64659
-0.61034
-0.64476
-0.2856
-0.65506
5.5929
0
0
0
0
0
0
0
0
0
0
0
0
0
0
0
0
0
0
-0.66254
-0.47523
-0.53371
-0.551
-0.36445
-0.50454
-0.60677
-0.62636
0
-1.6135
-1.6337
0
7.5717
0
0
0
0
0
0
0
0
0
0
0
0
0
0
0
0
0
-0.80015
-0.82875
-0.82698
-0.82669
-1.49
-1.0975
-0.7581
0
0
0
0
0
0
6.6282
0
0
0
0
0
0
0
0
0
0
0
0
0
0
0
0
-0.69568
-0.84598
-0.84658
-0.84664
-1.5601
-1.1253
0
0
0
0
0
0
0
0
6.6686
-0.74831
0
0
0
0
0
0
0
0
0
0
0
0
0
0
0
0
0
0
0
0
0
0
0
0
0
0
0
0
-0.74831
15.9218
0
-1.8211
-1.4695
-2.6043
0
0
0
-4.6393
0
0
-4.6393
0
0
0
-0.10081
-1.2097
-1.2098
-1.2095
0
-1.3503
0
0
0
0
0
0
0
0
0
0
8.7262
0
0
0
0
0
0
0
0
0
0
-3.6461
0
0
0
-1.4687
-1.4689
-1.4688
0
0
0
0
0
0
0
0
0
0
0
-1.8211
0
10.2825
0
0
0
0
0
0
0
-4.0551
0
0
0
0
0
0
0
0
-0.24167
0
0
0
0
0
0
0
0
0
0
-1.4695
0
0
9.1083
0
0
-3.6511
0
0
0
0
0
0
0
-3.746
0
0
0
0
0
0
0
-2.6839
0
0
0
0
0
0
0
-2.6043
0
0
0
5.2882
0
0
0
0
0
0
0
0
0
0
-2.9532
0
0
0
0
0
0
0
0
0
0
0
0
0
0
0
0
0
0
0
4.8694
-1.9161
0
0
0
0
0
0
0
0
0
0
0
0
0
0
0
0
0
0
0
0
0
0
0
0
0
0
-3.6511
0
-1.9161
5.5673
0
0
0
0
0
0
0
0
0
0
0
0
0
0
0
0
-4.7475
0
0
0
0
0
0
0
0
0
0
0
0
0
4.7475
0
0
0
0
0
0
0
0
0
0
0
0
0
0
0
0
0
0
0
0
0
0
-4.6393
0
0
0
0
0
0
0
4.6393
0
0
0
0
0
0
0
0
0
0
0
0
-4.6388
0
0
0
0
0
0
0
0
0
0
0
0
0
0
0
0
0
4.6388
0
0
0
0
0
0
0
0
0
0
0
0
0
0
0
0
0
0
0
0
0
0
-4.0551
0
0
0
0
0
0
0
4.0551
0
0
0
0
0
0
0
0
0
0
0
0
0
0
0
0
0
0
0
-4.6393
0
0
0
0
0
0
0
0
0
0
4.6393
0
0
0
0
0
0
0
0
0
0
0
0
0
0
0
0
0
0
0
-3.6461
0
0
0
0
0
0
0
0
0
0
3.6461
0
0
-4.5341
0
0
0
0
0
0
0
0
0
0
0
0
0
0
0
0
0
0
0
0
0
0
0
0
0
0
0
4.5341
0
0
0
0
0
0
0
0
0
0
0
0
0
0
0
0
0
0
0
-3.746
0
0
0
0
0
0
0
0
0
0
3.746
