10.0583
-0.40258
-0.42698
-0.36117
-0.37927
-0.37927
-0.41595
-0.41605
-0.40348
-0.38765
-0.43463
-0.42938
-0.42938
0
-0.34128
0
0
0
0
-4.8513
0
0
0
0
0
0
0
0
0
0
-0.40258
5.1362
-0.40321
-0.34551
-0.36249
-0.36249
-0.38472
-0.39156
-0.3853
-0.36962
-0.41651
-0.41178
-0.41178
0
-0.38419
-0.1045
0
0
0
0
0
0
0
0
0
0
0
0
0
0
-0.42698
-0.40321
5.1914
-0.34681
-0.36712
-0.36712
-0.38562
-0.39358
-0.38856
-0.37888
-0.4157
-0.41929
-0.41929
-0.23231
0
0
0
-0.24693
0
0
0
0
0
0
0
0
0
0
0
0
-0.36117
-0.34551
-0.34681
4.3869
-0.31639
-0.31639
-0.33778
-0.34593
-0.34348
-0.33263
-0.36944
-0.37227
-0.37227
0
0
0
0
-0.22687
0
0
0
0
0
0
0
0
0
0
0
0
-0.37927
-0.36249
-0.36712
-0.31639
12.1465
-0.33351
-0.35512
-0.36563
-0.36257
-0.3471
-0.38892
-0.38639
-0.38639
0
0
0
0
0
0
0
0
0
0
0
0
0
0
0
0
-7.7956
-0.37927
-0.36249
-0.36712
-0.31639
-0.33351
12.1465
-0.35512
-0.36563
-0.36257
-0.3471
-0.38892
-0.38639
-0.38639
0
0
0
0
0
0
0
0
0
0
0
0
0
0
0
-7.7956
0
-0.41595
-0.38472
-0.38562
-0.33778
-0.35512
-0.35512
12.9712
-0.35827
-0.36484
-0.35112
0
0
0
-0.2306
0
0
-2.0796
0
0
0
0
-7.3524
0
0
0
0
0
0
0
0
-0.41605
-0.39156
-0.39358
-0.34593
-0.36563
-0.36563
-0.35827
14.6108
-0.38145
-0.35727
0
0
0
0
0
0
0
0
-5.193
0
0
0
0
0
0
0
0
-6.0424
0
0
-0.40348
-0.3853
-0.38856
-0.34348
-0.36257
-0.36257
-0.36484
-0.38145
8.6004
-0.34632
0
0
0
0
0
0
0
0
0
0
0
0
0
0
0
0
-5.2618
0
0
0
-0.38765
-0.36962
-0.37888
-0.33263
-0.3471
-0.3471
-0.35112
-0.35727
-0.34632
3.2177
0
0
0
0
0
0
0
0
0
0
0
0
0
0
0
0
0
0
0
0
-0.43463
-0.41651
-0.4157
-0.36944
-0.38892
-0.38892
0
0
0
0
3.2865
0
0
0
0
0
0
0
0
0
0
0
-0.87234
0
0
0
0
0
0
0
-0.42938
-0.41178
-0.41929
-0.37227
-0.38639
-0.38639
0
0
0
0
0
2.4055
0
0
0
0
0
0
0
0
0
0
0
0
0
0
0
0
0
0
-0.42938
-0.41178
-0.41929
-0.37227
-0.38639
-0.38639
0
0
0
0
0
0
2.4055
0
0
0
0
0
0
0
0
0
0
0
0
0
0
0
0
0
0
0
-0.23231
0
0
0
-0.2306
0
0
0
0
0
0
11.6595
0
0
-1.5612
0
0
0
-5.2088
0
0
0
0
-4.4267
0
0
0
0
-0.34128
-0.38419
0
0
0
0
0
0
0
0
0
0
0
0
1.1586
-0.43311
0
0
0
0
0
0
0
0
0
0
0
0
0
0
0
-0.1045
0
0
0
0
0
0
0
0
0
0
0
0
-0.43311
0.72061
0
0
0
0
0
0
0
-0.18301
0
0
0
0
0
0
0
0
0
0
0
0
-2.0796
0
0
0
0
0
0
-1.5612
0
0
4.7187
0
-1.0779
0
0
0
0
0
0
0
0
0
0
0
0
0
-0.24693
-0.22687
0
0
0
0
0
0
0
0
0
0
0
0
0
0.67884
0
0
0
0
0
0
-0.20504
0
0
0
0
0
0
0
0
0
0
0
0
-5.193
0
0
0
0
0
0
0
0
-1.0779
0
6.271
0
0
0
0
0
0
0
0
0
0
0
-4.8513
0
0
0
0
0
0
0
0
0
0
0
0
0
0
0
0
0
0
5.9685
-1.1173
0
0
0
0
0
0
0
0
0
0
0
0
0
0
0
0
0
0
0
0
0
0
-5.2088
0
0
0
0
0
-1.1173
6.326
0
0
0
0
0
0
0
0
0
0
0
0
0
0
0
-7.3524
0
0
0
0
0
0
0
0
0
0
0
0
0
0
7.3524
0
0
0
0
0
0
0
0
0
0
0
0
0
0
0
0
0
0
-0.87234
0
0
0
0
0
0
0
0
0
0
0
0.87234
0
0
0
0
0
0
0
0
0
0
0
0
0
0
0
0
0
0
0
0
0
0
-0.18301
0
0
0
0
0
0
0
0.18301
0
0
0
0
0
0
0
0
0
0
0
0
0
0
0
0
0
0
0
0
0
0
0
-0.20504
0
0
0
0
0
0
0.20504
0
0
0
0
0
0
0
0
0
0
0
0
0
0
0
0
0
0
-4.4267
0
0
0
0
0
0
0
0
0
0
0
4.4267
0
0
0
0
0
0
0
0
0
0
0
0
-5.2618
0
0
0
0
0
0
0
0
0
0
0
0
0
0
0
0
0
5.2618
0
0
0
0
0
0
0
0
0
0
-6.0424
0
0
0
0
0
0
0
0
0
0
0
0
0
0
0
0
0
0
0
6.0424
0
0
0
0
0
0
0
-7.7956
0
0
0
0
0
0
0
0
0
0
0
0
0
0
0
0
0
0
0
0
0
0
7.7956
0
0
0
0
0
-7.7956
0
0
0
0
0
0
0
0
0
0
0
0
0
0
0
0
0
0
0
0
0
0
0
0
7.7956
