27.1671
-0.56303
-0.56275
-0.53908
-0.53908
-0.50412
-0.50412
-0.64212
-0.60014
-0.61572
-0.61572
-0.66597
-0.51954
-0.51954
-0.51954
-0.51954
0
0
0
0
-1.8639
0
-8.4366
0
0
0
0
0
-8.4366
0
-0.56303
16.2869
-0.57711
-0.54263
-0.54263
-0.49456
-0.49456
-0.63383
-0.59297
-0.60408
-0.60408
-0.65837
-0.50947
-0.50947
-0.50947
-0.50947
0
0
0
0
-1.7785
0
0
-6.1627
0
0
0
0
0
0
-0.56275
-0.57711
16.3532
-0.54251
-0.54251
-0.49549
-0.49549
-0.63482
-0.59429
-0.60535
-0.60535
-0.6593
-0.51059
-0.51059
-0.51059
-0.51059
0
0
-1.9418
0
0
0
0
0
-6.054
0
0
0
0
0
-0.53908
-0.54263
-0.54251
13.2572
-0.51916
-0.47034
-0.47034
-0.60216
-0.57735
-0.57469
-0.57469
-0.62489
-0.4853
-0.4853
-0.4853
-0.4853
0
0
0
0
0
0
0
0
0
0
-5.2782
0
0
0
-0.53908
-0.54263
-0.54251
-0.51916
13.2572
-0.47034
-0.47034
-0.60216
-0.57735
-0.57469
-0.57469
-0.62489
-0.4853
-0.4853
-0.4853
-0.4853
0
0
0
0
0
0
0
0
0
-5.2782
0
0
0
0
-0.50412
-0.49456
-0.49549
-0.47034
-0.47034
7.2596
-0.41287
-0.54511
-0.52053
-0.51713
-0.51713
-0.56695
-0.43625
-0.43625
-0.43625
-0.43625
0
0
0
0
0
0
0
0
0
0
0
0
0
0
-0.50412
-0.49456
-0.49549
-0.47034
-0.47034
-0.41287
7.2596
-0.54511
-0.52053
-0.51713
-0.51713
-0.56695
-0.43625
-0.43625
-0.43625
-0.43625
0
0
0
0
0
0
0
0
0
0
0
0
0
0
-0.64212
-0.63383
-0.63482
-0.60216
-0.60216
-0.54511
-0.54511
5.9177
0
-0.61084
-0.61084
0
0
0
0
0
-0.49076
0
0
0
0
0
0
0
0
0
0
0
0
0
-0.60014
-0.59297
-0.59429
-0.57735
-0.57735
-0.52053
-0.52053
0
9.1267
0
0
0
0
0
0
0
0
-2.3243
0
-0.1045
0
-2.7147
0
0
0
0
0
0
0
0
-0.61572
-0.60408
-0.60535
-0.57469
-0.57469
-0.51713
-0.51713
-0.61084
0
5.0631
-0.44349
0
0
0
0
0
0
0
0
0
0
0
0
0
0
0
0
0
0
0
-0.61572
-0.60408
-0.60535
-0.57469
-0.57469
-0.51713
-0.51713
-0.61084
0
-0.44349
5.0631
0
0
0
0
0
0
0
0
0
0
0
0
0
0
0
0
0
0
0
-0.66597
-0.65837
-0.6593
-0.62489
-0.62489
-0.56695
-0.56695
0
0
0
0
4.8999
0
0
0
0
-0.53262
0
0
0
0
0
0
0
0
0
0
0
0
0
-0.51954
-0.50947
-0.51059
-0.4853
-0.4853
-0.43625
-0.43625
0
0
0
0
0
3.3827
0
0
0
0
0
0
0
0
0
0
0
0
0
0
0
0
0
-0.51954
-0.50947
-0.51059
-0.4853
-0.4853
-0.43625
-0.43625
0
0
0
0
0
0
3.3827
0
0
0
0
0
0
0
0
0
0
0
0
0
0
0
0
-0.51954
-0.50947
-0.51059
-0.4853
-0.4853
-0.43625
-0.43625
0
0
0
0
0
0
0
3.3827
0
0
0
0
0
0
0
0
0
0
0
0
0
0
0
-0.51954
-0.50947
-0.51059
-0.4853
-0.4853
-0.43625
-0.43625
0
0
0
0
0
0
0
0
3.3827
0
0
0
0
0
0
0
0
0
0
0
0
0
0
0
0
0
0
0
0
0
-0.49076
0
0
0
-0.53262
0
0
0
0
4.4656
0
0
0
0
-2.6244
0
0
0
0
0
0
0
-0.8178
0
0
0
0
0
0
0
0
-2.3243
0
0
0
0
0
0
0
0
5.3668
-1.8432
0
-1.1993
0
0
0
0
0
0
0
0
0
0
0
-1.9418
0
0
0
0
0
0
0
0
0
0
0
0
0
0
-1.8432
5.0303
-1.2453
0
0
0
0
0
0
0
0
0
0
0
0
0
0
0
0
0
0
-0.1045
0
0
0
0
0
0
0
0
0
-1.2453
2.7
0
0
0
0
0
0
0
-1.3502
0
0
-1.8639
-1.7785
0
0
0
0
0
0
0
0
0
0
0
0
0
0
0
-1.1993
0
0
4.8417
0
0
0
0
0
0
0
0
0
0
0
0
0
0
0
0
0
-2.7147
0
0
0
0
0
0
0
-2.6244
0
0
0
0
5.3392
0
0
0
0
0
0
0
0
-8.4366
0
0
0
0
0
0
0
0
0
0
0
0
0
0
0
0
0
0
0
0
0
8.4366
0
0
0
0
0
0
0
0
-6.1627
0
0
0
0
0
0
0
0
0
0
0
0
0
0
0
0
0
0
0
0
0
6.1627
0
0
0
0
0
0
0
0
-6.054
0
0
0
0
0
0
0
0
0
0
0
0
0
0
0
0
0
0
0
0
0
6.054
0
0
0
0
0
0
0
0
0
-5.2782
0
0
0
0
0
0
0
0
0
0
0
0
0
0
0
0
0
0
0
0
5.2782
0
0
0
0
0
0
0
-5.2782
0
0
0
0
0
0
0
0
0
0
0
0
0
0
0
0
0
0
0
0
0
0
5.2782
0
0
0
0
0
0
0
0
0
0
0
0
0
0
0
0
0
0
0
0
0
0
-1.3502
0
0
0
0
0
0
0
1.3502
0
0
-8.4366
0
0
0
0
0
0
0
0
0
0
0
0
0
0
0
0
0
0
0
0
0
0
0
0
0
0
0
8.4366
0
0
0
0
0
0
0
0
0
0
0
0
0
0
0
0
0
-0.8178
0
0
0
0
0
0
0
0
0
0
0
0
0.8178
