12.1061
-0.50441
-0.4995
-0.48254
-0.48254
-0.55263
-0.51502
-0.48177
-0.4645
-0.41997
-0.41059
-0.40324
-0.44774
-0.45461
-0.46569
0
0
0
-0.58255
-3.8044
0
-1.1344
0
0
0
0
0
0
0
0
-0.50441
8.8325
-0.57366
-0.52055
-0.52055
-0.58542
-0.55099
-0.51604
-0.49115
-0.45408
-0.43928
-0.42573
0
-0.50723
-0.51517
0
-0.77546
0
0
0
-1.4528
0
0
0
0
0
0
0
0
0
-0.4995
-0.57366
10.9174
-0.51916
-0.51916
-0.60056
-0.5582
-0.52395
-0.50498
-0.45274
-0.44498
-0.43815
-0.49131
-0.48943
-0.50795
0
0
0
0
-3.7937
0
0
0
0
0
0
0
0
0
0
-0.48254
-0.52055
-0.51916
6.664
-0.47481
-0.55945
-0.52055
-0.48928
-0.47059
-0.42037
-0.41423
-0.40811
-0.44539
-0.4571
-0.4819
0
0
0
0
0
0
0
0
0
0
0
0
0
0
0
-0.48254
-0.52055
-0.51916
-0.47481
6.664
-0.55945
-0.52055
-0.48928
-0.47059
-0.42037
-0.41423
-0.40811
-0.44539
-0.4571
-0.4819
0
0
0
0
0
0
0
0
0
0
0
0
0
0
0
-0.55263
-0.58542
-0.60056
-0.55945
-0.55945
26.7429
-0.57603
-0.56646
-0.47741
-0.47011
-0.46525
-0.42475
0
0
0
0
0
0
0
0
0
0
0
0
0
0
0
-10.4527
0
-10.4527
-0.51502
-0.55099
-0.5582
-0.52055
-0.52055
-0.57603
15.251
-0.51001
-0.47426
-0.44911
-0.42156
-0.4118
0
-0.50576
0
0
0
0
0
0
0
0
0
0
0
-9.2371
0
0
0
0
-0.48177
-0.51604
-0.52395
-0.48928
-0.48928
-0.56646
-0.51001
6.4185
-0.45338
-0.42506
-0.39628
-0.38621
0
-0.47737
0
0
0
-0.70345
0
0
0
0
0
0
0
0
0
0
0
0
-0.4645
-0.49115
-0.50498
-0.47059
-0.47059
-0.47741
-0.47426
-0.45338
13.6713
-0.36804
-0.3638
-0.33854
0
0
0
0
0
0
0
0
0
0
0
0
-8.7941
0
0
0
0
0
-0.41997
-0.45408
-0.45274
-0.42037
-0.42037
-0.47011
-0.44911
-0.42506
-0.36804
4.9466
-0.34705
-0.32172
-0.39796
0
0
0
0
0
0
0
0
0
0
0
0
0
0
0
0
0
-0.41059
-0.43928
-0.44498
-0.41423
-0.41423
-0.46525
-0.42156
-0.39628
-0.3638
-0.34705
4.829
-0.31804
0
-0.39372
0
0
0
0
0
0
0
0
0
0
0
0
0
0
0
0
-0.40324
-0.42573
-0.43815
-0.40811
-0.40811
-0.42475
-0.4118
-0.38621
-0.33854
-0.32172
-0.31804
4.2844
0
0
0
0
0
0
0
0
0
0
0
0
0
0
0
0
0
0
-0.44774
0
-0.49131
-0.44539
-0.44539
0
0
0
0
-0.39796
0
0
5.0491
0
0
0
-1.032
-0.9231
-0.8662
0
0
0
0
0
0
0
0
0
0
0
-0.45461
-0.50723
-0.48943
-0.4571
-0.4571
0
-0.50576
-0.47737
0
0
-0.39372
0
0
3.7423
0
0
0
0
0
0
0
0
0
0
0
0
0
0
0
0
-0.46569
-0.51517
-0.50795
-0.4819
-0.4819
0
0
0
0
0
0
0
0
0
2.6073
-0.15471
0
0
0
0
0
0
0
0
0
0
0
0
0
0
0
0
0
0
0
0
0
0
0
0
0
0
0
0
-0.15471
6.3649
0
0
0
0
-1.9091
-1.839
0
-2.462
0
0
0
0
0
0
0
-0.77546
0
0
0
0
0
0
0
0
0
0
-1.032
0
0
0
3.7778
0
0
0
0
0
0
0
0
0
-1.9704
0
0
0
0
0
0
0
0
0
0
-0.70345
0
0
0
0
-0.9231
0
0
0
0
3.5493
0
0
0
0
-1.9228
0
0
0
0
0
0
0
-0.58255
0
0
0
0
0
0
0
0
0
0
0
-0.8662
0
0
0
0
0
2.9026
0
0
0
0
0
0
0
0
0
-1.4539
0
-3.8044
0
-3.7937
0
0
0
0
0
0
0
0
0
0
0
0
0
0
0
0
7.5981
0
0
0
0
0
0
0
0
0
0
0
-1.4528
0
0
0
0
0
0
0
0
0
0
0
0
0
-1.9091
0
0
0
0
3.3619
0
0
0
0
0
0
0
0
0
-1.1344
0
0
0
0
0
0
0
0
0
0
0
0
0
0
-1.839
0
0
0
0
0
2.9734
0
0
0
0
0
0
0
0
0
0
0
0
0
0
0
0
0
0
0
0
0
0
0
0
0
-1.9228
0
0
0
0
1.9228
0
0
0
0
0
0
0
0
0
0
0
0
0
0
0
0
0
0
0
0
0
0
-2.462
0
0
0
0
0
0
0
2.462
0
0
0
0
0
0
0
0
0
0
0
0
0
0
-8.7941
0
0
0
0
0
0
0
0
0
0
0
0
0
0
0
8.7941
0
0
0
0
0
0
0
0
0
0
0
-9.2371
0
0
0
0
0
0
0
0
0
0
0
0
0
0
0
0
0
0
9.2371
0
0
0
0
0
0
0
0
0
0
0
0
0
0
0
0
0
0
0
0
-1.9704
0
0
0
0
0
0
0
0
0
1.9704
0
0
0
0
0
0
0
0
-10.4527
0
0
0
0
0
0
0
0
0
0
0
0
0
0
0
0
0
0
0
0
0
10.4527
0
0
0
0
0
0
0
0
0
0
0
0
0
0
0
0
0
0
0
0
-1.4539
0
0
0
0
0
0
0
0
0
1.4539
0
0
0
0
0
0
-10.4527
0
0
0
0
0
0
0
0
0
0
0
0
0
0
0
0
0
0
0
0
0
0
0
10.4527
