15.8322
-0.74726
-0.73555
-0.61811
-0.61811
-0.61811
-0.68659
-0.65392
-0.71555
-0.65745
-0.66446
-0.71057
-0.71057
-0.74079
-0.6588
-0.74337
-0.74355
-0.63409
-0.63409
0
0
0
-3.5413
0
0
0
0
0
0
0
-0.74726
21.9314
-0.74726
-0.62864
-0.62864
-0.62864
-0.69757
-0.66392
-0.73641
-0.67342
-0.65378
-0.7279
-0.7279
-0.70016
-0.67345
-0.75309
-0.76248
-0.65137
-0.65137
0
0
0
0
0
-9.4782
0
0
0
0
0
-0.73555
-0.74726
15.8322
-0.61811
-0.61811
-0.61811
-0.68659
-0.65392
-0.71555
-0.65745
-0.66446
-0.71057
-0.71057
-0.74079
-0.6588
-0.74337
-0.74355
-0.63409
-0.63409
0
-3.5413
0
0
0
0
0
0
0
0
0
-0.61811
-0.62864
-0.61811
10.421
-0.51331
-0.51331
-0.57805
-0.55003
-0.60807
-0.55306
-0.57069
-0.59776
-0.59776
-0.58389
-0.56327
-0.63834
-0.62408
-0.53227
-0.53227
0
0
0
0
0
0
0
0
0
0
0
-0.61811
-0.62864
-0.61811
-0.51331
10.421
-0.51331
-0.57805
-0.55003
-0.60807
-0.55306
-0.57069
-0.59776
-0.59776
-0.58389
-0.56327
-0.63834
-0.62408
-0.53227
-0.53227
0
0
0
0
0
0
0
0
0
0
0
-0.61811
-0.62864
-0.61811
-0.51331
-0.51331
10.421
-0.57805
-0.55003
-0.60807
-0.55306
-0.57069
-0.59776
-0.59776
-0.58389
-0.56327
-0.63834
-0.62408
-0.53227
-0.53227
0
0
0
0
0
0
0
0
0
0
0
-0.68659
-0.69757
-0.68659
-0.57805
-0.57805
-0.57805
9.6359
-0.60334
-0.67269
-0.61031
-0.64177
-0.65954
-0.65954
-0.65157
-0.63095
0
-0.70127
0
0
0
0
0
0
0
0
0
0
0
0
0
-0.65392
-0.66392
-0.65392
-0.55003
-0.55003
-0.55003
-0.60334
8.4566
-0.62416
-0.57122
-0.59693
-0.61733
-0.61733
-0.61216
-0.59227
0
0
0
0
0
0
0
0
0
0
0
0
0
0
0
-0.71555
-0.73641
-0.71555
-0.60807
-0.60807
-0.60807
-0.67269
-0.62416
13.1862
-0.67704
0
-0.73183
-0.73183
0
0
0
0
0
0
0
0
0
0
0
0
0
0
0
-5.7569
0
-0.65745
-0.67342
-0.65745
-0.55306
-0.55306
-0.55306
-0.61031
-0.57122
-0.67704
6.7486
0
-0.62127
-0.62127
0
0
0
0
0
0
0
0
0
0
0
0
0
0
0
0
0
-0.66446
-0.65378
-0.66446
-0.57069
-0.57069
-0.57069
-0.64177
-0.59693
0
0
17.9737
0
0
0
0
0
0
0
0
0
0
0
0
0
0
0
0
-6.5201
0
-6.5201
-0.71057
-0.7279
-0.71057
-0.59776
-0.59776
-0.59776
-0.65954
-0.61733
-0.73183
-0.62127
0
6.5723
0
0
0
0
0
0
0
0
0
0
0
0
0
0
0
0
0
0
-0.71057
-0.7279
-0.71057
-0.59776
-0.59776
-0.59776
-0.65954
-0.61733
-0.73183
-0.62127
0
0
6.5723
0
0
0
0
0
0
0
0
0
0
0
0
0
0
0
0
0
-0.74079
-0.70016
-0.74079
-0.58389
-0.58389
-0.58389
-0.65157
-0.61216
0
0
0
0
0
8.1151
0
0
0
0
0
0
0
0
0
-2.918
0
0
0
0
0
0
-0.6588
-0.67345
-0.6588
-0.56327
-0.56327
-0.56327
-0.63095
-0.59227
0
0
0
0
0
0
7.838
0
0
0
0
0
0
0
0
0
0
-2.9339
0
0
0
0
-0.74337
-0.75309
-0.74337
-0.63834
-0.63834
-0.63834
0
0
0
0
0
0
0
0
0
4.5129
0
0
0
0
0
0
0
0
0
0
-0.35807
0
0
0
-0.74355
-0.76248
-0.74355
-0.62408
-0.62408
-0.62408
-0.70127
0
0
0
0
0
0
0
0
0
4.8231
0
0
0
0
0
0
0
0
0
0
0
0
0
-0.63409
-0.65137
-0.63409
-0.53227
-0.53227
-0.53227
0
0
0
0
0
0
0
0
0
0
0
3.5164
0
0
0
0
0
0
0
0
0
0
0
0
-0.63409
-0.65137
-0.63409
-0.53227
-0.53227
-0.53227
0
0
0
0
0
0
0
0
0
0
0
0
3.5164
0
0
0
0
0
0
0
0
0
0
0
0
0
0
0
0
0
0
0
0
0
0
0
0
0
0
0
0
0
0
10.7062
-1.9484
-6.8094
-1.9484
0
0
0
0
0
0
0
0
0
-3.5413
0
0
0
0
0
0
0
0
0
0
0
0
0
0
0
0
-1.9484
5.4897
0
0
0
0
0
0
0
0
0
0
0
0
0
0
0
0
0
0
0
0
0
0
0
0
0
0
0
0
-6.8094
0
9.1562
0
-2.3469
0
0
0
0
0
0
-3.5413
0
0
0
0
0
0
0
0
0
0
0
0
0
0
0
0
0
0
-1.9484
0
0
5.4897
0
0
0
0
0
0
0
0
0
0
0
0
0
0
0
0
0
0
0
0
-2.918
0
0
0
0
0
0
0
-2.3469
0
5.2648
0
0
0
0
0
0
0
-9.4782
0
0
0
0
0
0
0
0
0
0
0
0
0
0
0
0
0
0
0
0
0
0
9.4782
0
0
0
0
0
0
0
0
0
0
0
0
0
0
0
0
0
0
0
-2.9339
0
0
0
0
0
0
0
0
0
0
2.9339
0
0
0
0
0
0
0
0
0
0
0
0
0
0
0
0
0
0
0
-0.35807
0
0
0
0
0
0
0
0
0
0
0.35807
0
0
0
0
0
0
0
0
0
0
0
0
0
-6.5201
0
0
0
0
0
0
0
0
0
0
0
0
0
0
0
0
6.5201
0
0
0
0
0
0
0
0
0
0
-5.7569
0
0
0
0
0
0
0
0
0
0
0
0
0
0
0
0
0
0
0
5.7569
0
0
0
0
0
0
0
0
0
0
0
-6.5201
0
0
0
0
0
0
0
0
0
0
0
0
0
0
0
0
0
0
6.5201
