18.0719
-0.75448
-0.76884
-0.75638
-0.74402
-0.78284
-0.77167
-0.76807
-0.75052
-0.75168
-0.7331
-0.7331
-0.74467
-0.76351
-0.78192
-0.77184
0
-0.78036
0
0
0
0
-5.9149
0
0
0
0
0
0
0
-0.75448
11.6781
-0.74115
-0.73076
-0.72127
-0.75118
-0.74582
-0.74005
-0.72863
-0.72907
-0.71183
-0.71183
-0.72188
-0.7386
-0.75207
-0.74679
0
0
-0.65275
0
0
0
0
0
0
0
0
0
0
0
-0.76884
-0.74115
16.8944
-0.73999
-0.73047
-0.76578
-0.75549
-0.75262
-0.73715
-0.73971
-0.72051
-0.72051
-0.73141
-0.74783
-0.76631
-0.75577
0
0
0
0
0
0
0
-5.7209
0
0
0
0
0
0
-0.75638
-0.73076
-0.73999
11.5813
-0.72081
-0.75203
-0.74581
-0.73961
-0.72697
-0.73108
-0.71141
-0.71141
-0.72167
-0.73765
-0.7547
-0.74462
-0.55639
0
0
0
0
0
0
0
0
0
0
0
0
0
-0.74402
-0.72127
-0.73047
-0.72081
10.8908
-0.74058
-0.73717
-0.73087
-0.71894
-0.71997
-0.70297
-0.70297
-0.71239
-0.72958
-0.74543
-0.7334
0
0
0
0
0
0
0
0
0
0
0
0
0
0
-0.78284
-0.75118
-0.76578
-0.75203
-0.74058
14.9294
-0.77539
-0.77118
-0.75316
-0.75775
-0.73231
-0.73231
-0.74608
0
0
0
0
0
0
-0.59187
0
0
0
0
0
-5.277
0
0
0
0
-0.77167
-0.74582
-0.75549
-0.74581
-0.73717
-0.77539
20.6644
-0.76405
-0.7521
-0.75655
-0.72606
-0.72606
0
0
0
0
0
0
0
0
0
0
0
0
-6.2041
0
-6.2041
0
0
0
-0.76807
-0.74005
-0.75262
-0.73961
-0.73087
-0.77118
-0.76405
13.7356
-0.73026
-0.73272
-0.7141
-0.7141
-0.731
0
0
0
0
0
0
0
0
-4.8469
0
0
0
0
0
0
0
0
-0.75052
-0.72863
-0.73715
-0.72697
-0.71894
-0.75316
-0.7521
-0.73026
9.3978
-0.72037
-0.70372
-0.70372
-0.71946
0
0
0
0
0
-0.65282
0
0
0
0
0
0
0
0
0
0
0
-0.75168
-0.72907
-0.73971
-0.73108
-0.71997
-0.75775
-0.75655
-0.73272
-0.72037
9.5146
-0.7043
-0.7043
-0.71986
0
0
0
0
-0.74722
0
0
0
0
0
0
0
0
0
0
0
0
-0.7331
-0.71183
-0.72051
-0.71141
-0.70297
-0.73231
-0.72606
-0.7141
-0.70372
-0.7043
8.5431
-0.68179
-0.70101
0
0
0
0
0
0
0
0
0
0
0
0
0
0
0
0
0
-0.7331
-0.71183
-0.72051
-0.71141
-0.70297
-0.73231
-0.72606
-0.7141
-0.70372
-0.7043
-0.68179
8.5431
-0.70101
0
0
0
0
0
0
0
0
0
0
0
0
0
0
0
0
0
-0.74467
-0.72188
-0.73141
-0.72167
-0.71239
-0.74608
0
-0.731
-0.71946
-0.71986
-0.70101
-0.70101
7.9504
0
0
0
0
0
0
0
0
0
0
0
0
0
0
0
0
0
-0.76351
-0.7386
-0.74783
-0.73765
-0.72958
0
0
0
0
0
0
0
0
4.5856
0
0
0
0
0
0
0
0
0
0
0
0
0
0
-0.86844
0
-0.78192
-0.75207
-0.76631
-0.7547
-0.74543
0
0
0
0
0
0
0
0
0
4.4409
0
0
0
0
-0.64045
0
0
0
0
0
0
0
0
0
0
-0.77184
-0.74679
-0.75577
-0.74462
-0.7334
0
0
0
0
0
0
0
0
0
0
3.7524
0
0
0
0
0
0
0
0
0
0
0
0
0
0
0
0
0
-0.55639
0
0
0
0
0
0
0
0
0
0
0
0
1.9439
-0.77487
0
0
-0.6126
0
0
0
0
0
0
0
0
0
-0.78036
0
0
0
0
0
0
0
0
-0.74722
0
0
0
0
0
0
-0.77487
2.3024
0
0
0
0
0
0
0
0
0
0
0
0
0
-0.65275
0
0
0
0
0
0
-0.65282
0
0
0
0
0
0
0
0
0
1.9498
0
0
0
0
0
0
0
0
0
0
-0.64424
0
0
0
0
0
-0.59187
0
0
0
0
0
0
0
0
-0.64045
0
0
0
0
1.7846
0
0
0
0
0
0
0
-0.55225
0
0
0
0
0
0
0
0
0
0
0
0
0
0
0
0
0
0
-0.6126
0
0
0
0.6126
0
0
0
0
0
0
0
0
0
0
0
0
0
0
0
0
-4.8469
0
0
0
0
0
0
0
0
0
0
0
0
0
4.8469
0
0
0
0
0
0
0
0
-5.9149
0
0
0
0
0
0
0
0
0
0
0
0
0
0
0
0
0
0
0
0
0
5.9149
0
0
0
0
0
0
0
0
0
-5.7209
0
0
0
0
0
0
0
0
0
0
0
0
0
0
0
0
0
0
0
0
5.7209
0
0
0
0
0
0
0
0
0
0
0
0
-6.2041
0
0
0
0
0
0
0
0
0
0
0
0
0
0
0
0
0
6.2041
0
0
0
0
0
0
0
0
0
0
-5.277
0
0
0
0
0
0
0
0
0
0
0
0
0
0
0
0
0
0
0
5.277
0
0
0
0
0
0
0
0
0
0
-6.2041
0
0
0
0
0
0
0
0
0
0
0
0
0
0
0
0
0
0
0
6.2041
0
0
0
0
0
0
0
0
0
0
0
0
0
0
0
0
0
0
0
0
0
0
-0.55225
0
0
0
0
0
0
0
0.55225
0
0
0
0
0
0
0
0
0
0
0
0
0
0
0
-0.86844
0
0
0
0
0
0
0
0
0
0
0
0
0
0
0.86844
0
0
0
0
0
0
0
0
0
0
0
0
0
0
0
0
0
0
0
-0.64424
0
0
0
0
0
0
0
0
0
0
0.64424
