13.2755
-0.66857
-0.68362
-0.66462
-0.65132
-0.63868
-0.65591
-0.64094
-0.64886
-0.73454
-0.65602
0
0
-0.66511
0
0
0
0
0
0
0
0
0
0
-5.9673
0
0
0
0
0
-0.66857
7.8389
-0.66621
-0.63267
-0.63911
-0.62777
-0.64787
-0.63437
-0.6408
-0.72164
-0.65606
0
-0.63551
0
0
0
-0.66833
0
0
0
0
0
0
0
0
0
0
0
0
0
-0.68362
-0.66621
13.6002
-0.66064
-0.65129
-0.63409
-0.6623
-0.64951
-0.64996
-0.73628
-0.65827
0
0
0
0
0
0
0
0
-0.91403
0
-6.034
0
0
0
0
0
0
0
0
-0.66462
-0.63267
-0.66064
7.7783
-0.63481
-0.61919
-0.64135
-0.62489
-0.63554
-0.71184
-0.64802
0
0
0
-0.63673
0
-0.66797
0
0
0
0
0
0
0
0
0
0
0
0
0
-0.65132
-0.63911
-0.65129
-0.63481
12.0875
-0.62108
-0.64311
-0.62677
-0.63355
-0.70884
-0.64072
0
0
0
0
0
0
0
0
0
0
0
0
0
0
-5.6369
0
0
0
0
-0.63868
-0.62777
-0.63409
-0.61919
-0.62108
6.1263
-0.62522
0
-0.62508
0
0
0
0
0
-0.6268
-0.5561
0
-0.55225
0
0
0
0
0
0
0
0
0
0
0
0
-0.65591
-0.64787
-0.6623
-0.64135
-0.64311
-0.62522
10.9993
-0.62924
-0.6393
0
0
0
0
-0.65036
0
0
0
0
0
0
0
0
0
-5.2046
0
0
0
0
0
0
-0.64094
-0.63437
-0.64951
-0.62489
-0.62677
0
-0.62924
5.0313
-0.62024
0
0
-0.6053
0
0
0
0
0
0
0
0
0
0
0
0
0
0
0
0
0
0
-0.64886
-0.6408
-0.64996
-0.63554
-0.63355
-0.62508
-0.6393
-0.62024
5.0933
0
0
0
0
0
0
0
0
0
0
0
0
0
0
0
0
0
0
0
0
0
-0.73454
-0.72164
-0.73628
-0.71184
-0.70884
0
0
0
0
7.221
0
0
0
0
0
0
0
0
0
0
0
0
0
0
0
0
0
0
-3.6078
0
-0.65602
-0.65606
-0.65827
-0.64802
-0.64072
0
0
0
0
0
3.2591
0
0
0
0
0
0
0
0
0
0
0
0
0
0
0
0
0
0
0
0
0
0
0
0
0
0
-0.6053
0
0
0
2.9463
-0.64194
0
0
0
0
0
-0.8537
0
-0.84538
0
0
0
0
0
0
0
0
0
0
-0.63551
0
0
0
0
0
0
0
0
0
-0.64194
2.6171
-0.63075
0
-0.70885
0
0
0
0
0
0
0
0
0
0
0
0
0
0
-0.66511
0
0
0
0
0
-0.65036
0
0
0
0
0
-0.63075
2.6115
0
0
0
-0.66526
0
0
0
0
0
0
0
0
0
0
0
0
0
0
0
-0.63673
0
-0.6268
0
0
0
0
0
0
0
0
1.922
0
0
0
0
0
0
0
0
0
0
0
-0.65843
0
0
0
0
0
0
0
0
-0.5561
0
0
0
0
0
0
-0.70885
0
0
1.847
0
0
0
0
0
0
0
0
0
0
0
-0.58204
0
0
0
-0.66833
0
-0.66797
0
0
0
0
0
0
0
0
0
0
0
0
2.114
0
0
0
0
0
-0.77768
0
0
0
0
0
0
0
0
0
0
0
0
-0.55225
0
0
0
0
0
0
0
-0.66526
0
0
0
1.7738
0
0
0
0
0
0
0
0
0
0
0
-0.55631
0
0
0
0
0
0
0
0
0
0
0
-0.8537
0
0
0
0
0
0
3.9636
-1.6019
-1.508
0
0
0
0
0
0
0
0
0
0
0
-0.91403
0
0
0
0
0
0
0
0
0
0
0
0
0
0
0
-1.6019
2.5159
0
0
0
0
0
0
0
0
0
0
0
0
0
0
0
0
0
0
0
0
0
-0.84538
0
0
0
0
0
0
-1.508
0
2.3534
0
0
0
0
0
0
0
0
0
0
0
-6.034
0
0
0
0
0
0
0
0
0
0
0
0
0
0
0
0
0
0
6.034
0
0
0
0
0
0
0
0
0
0
0
0
0
0
0
0
0
0
0
0
0
0
0
0
-0.77768
0
0
0
0
0
0.77768
0
0
0
0
0
0
0
0
0
0
0
0
0
-5.2046
0
0
0
0
0
0
0
0
0
0
0
0
0
0
0
0
5.2046
0
0
0
0
0
0
-5.9673
0
0
0
0
0
0
0
0
0
0
0
0
0
0
0
0
0
0
0
0
0
0
0
5.9673
0
0
0
0
0
0
0
0
0
-5.6369
0
0
0
0
0
0
0
0
0
0
0
0
0
0
0
0
0
0
0
0
5.6369
0
0
0
0
0
0
0
0
0
0
0
0
0
0
0
0
0
0
-0.65843
0
0
0
0
0
0
0
0
0
0
0
0.65843
0
0
0
0
0
0
0
0
0
0
0
0
0
0
0
0
0
0
-0.58204
0
0
0
0
0
0
0
0
0
0
0
0.58204
0
0
0
0
0
0
0
0
0
0
0
-3.6078
0
0
0
0
0
0
0
0
0
0
0
0
0
0
0
0
0
0
3.6078
0
0
0
0
0
0
0
0
0
0
0
0
0
0
0
0
0
0
-0.55631
0
0
0
0
0
0
0
0
0
0
0
0.55631
