8.3258
-0.38961
-0.36672
-0.39074
-0.3561
-0.36969
-0.36293
-0.37213
-0.34726
-0.29256
-0.37572
-0.37572
-0.36558
-0.36692
-0.36173
-0.38334
-0.5523
-2.2968
0
0
0
0
0
0
0
0
0
0
0
0
-0.38961
29.7864
-0.38961
-0.34367
-0.35134
-0.35483
-0.34557
-0.33506
-0.29552
-0.24339
-0.36282
-0.36282
-0.32548
-0.36191
-0.36253
0
0
0
0
0
0
0
0
-8.3208
0
0
0
-8.3208
-8.3208
0
-0.36672
-0.38961
8.3258
-0.39074
-0.3561
-0.36969
-0.36293
-0.37213
-0.34726
-0.29256
-0.37572
-0.37572
-0.36558
-0.36692
-0.36173
-0.38334
-0.5523
-2.2968
0
0
0
0
0
0
0
0
0
0
0
0
-0.39074
-0.34367
-0.39074
18.2348
-0.35697
-0.36331
-0.35469
-0.35105
-0.31408
-0.25811
-0.37111
-0.37111
-0.34256
-0.36766
-0.36628
-0.40798
0
0
-6.4424
0
0
0
0
0
0
-6.4424
0
0
0
0
-0.3561
-0.35134
-0.3561
-0.35697
5.7146
-0.3518
-0.34424
-0.34908
-0.32478
-0.27572
-0.35604
-0.35604
-0.34234
-0.34882
-0.34483
-0.36644
-0.53399
0
0
0
0
0
0
0
0
0
0
0
0
0
-0.36969
-0.35483
-0.36969
-0.36331
-0.3518
5.3103
-0.35232
-0.35746
-0.33182
-0.28091
-0.36666
-0.36666
-0.35013
-0.35958
-0.35571
-0.37971
0
0
0
0
0
0
0
0
0
0
0
0
0
0
-0.36293
-0.34557
-0.36293
-0.35469
-0.34424
-0.35232
4.8233
-0.34481
-0.3233
-0.27502
-0.35848
-0.35848
-0.34122
-0.35173
-0.34761
0
0
0
0
0
0
0
0
0
0
0
0
0
0
0
-0.37213
-0.33506
-0.37213
-0.35105
-0.34908
-0.35746
-0.34481
6.2679
-0.31711
-0.26456
-0.36296
-0.36296
-0.34076
-0.35779
0
0
0
0
0
0
0
-1.78
0
0
0
0
0
0
0
0
-0.34726
-0.29552
-0.34726
-0.31408
-0.32478
-0.33182
-0.3233
-0.31711
12.1714
0
-0.3461
-0.3461
0
0
0
0
0
0
0
-4.439
-4.439
0
0
0
0
0
0
0
0
0
-0.29256
-0.24339
-0.29256
-0.25811
-0.27572
-0.28091
-0.27502
-0.26456
0
23.4378
0
0
0
0
0
0
0
0
0
0
0
0
-7.085
0
-7.085
0
0
0
0
-7.085
-0.37572
-0.36282
-0.37572
-0.37111
-0.35604
-0.36666
-0.35848
-0.36296
-0.3461
0
3.6622
-0.38654
0
0
0
0
0
0
0
0
0
0
0
0
0
0
0
0
0
0
-0.37572
-0.36282
-0.37572
-0.37111
-0.35604
-0.36666
-0.35848
-0.36296
-0.3461
0
-0.38654
3.6622
0
0
0
0
0
0
0
0
0
0
0
0
0
0
0
0
0
0
-0.36558
-0.32548
-0.36558
-0.34256
-0.34234
-0.35013
-0.34122
-0.34076
0
0
0
0
2.8782
0
0
0
0
0
0
0
0
0
0
0
0
0
-0.1045
0
0
0
-0.36692
-0.36191
-0.36692
-0.36766
-0.34882
-0.35958
-0.35173
-0.35779
0
0
0
0
0
2.8813
0
0
0
0
0
0
0
0
0
0
0
0
0
0
0
0
-0.36173
-0.36253
-0.36173
-0.36628
-0.34483
-0.35571
-0.34761
0
0
0
0
0
0
0
2.5004
0
0
0
0
0
0
0
0
0
0
0
0
0
0
0
-0.38334
0
-0.38334
-0.40798
-0.36644
-0.37971
0
0
0
0
0
0
0
0
0
1.9208
0
0
0
0
0
0
0
0
0
0
0
0
0
0
-0.5523
0
-0.5523
0
-0.53399
0
0
0
0
0
0
0
0
0
0
0
1.6386
0
0
0
0
0
0
0
0
0
0
0
0
0
-2.2968
0
-2.2968
0
0
0
0
0
0
0
0
0
0
0
0
0
0
4.5936
0
0
0
0
0
0
0
0
0
0
0
0
0
0
0
-6.4424
0
0
0
0
0
0
0
0
0
0
0
0
0
0
6.4424
0
0
0
0
0
0
0
0
0
0
0
0
0
0
0
0
0
0
0
-4.439
0
0
0
0
0
0
0
0
0
0
4.439
0
0
0
0
0
0
0
0
0
0
0
0
0
0
0
0
0
0
-4.439
0
0
0
0
0
0
0
0
0
0
0
4.439
0
0
0
0
0
0
0
0
0
0
0
0
0
0
0
0
-1.78
0
0
0
0
0
0
0
0
0
0
0
0
0
1.78
0
0
0
0
0
0
0
0
0
0
0
0
0
0
0
0
0
-7.085
0
0
0
0
0
0
0
0
0
0
0
0
7.085
0
0
0
0
0
0
0
0
-8.3208
0
0
0
0
0
0
0
0
0
0
0
0
0
0
0
0
0
0
0
0
0
8.3208
0
0
0
0
0
0
0
0
0
0
0
0
0
0
0
-7.085
0
0
0
0
0
0
0
0
0
0
0
0
0
0
7.085
0
0
0
0
0
0
0
0
-6.4424
0
0
0
0
0
0
0
0
0
0
0
0
0
0
0
0
0
0
0
0
0
6.4424
0
0
0
0
0
0
0
0
0
0
0
0
0
0
0
0
-0.1045
0
0
0
0
0
0
0
0
0
0
0
0
0
0.1045
0
0
0
0
-8.3208
0
0
0
0
0
0
0
0
0
0
0
0
0
0
0
0
0
0
0
0
0
0
0
0
0
8.3208
0
0
0
-8.3208
0
0
0
0
0
0
0
0
0
0
0
0
0
0
0
0
0
0
0
0
0
0
0
0
0
0
8.3208
0
0
0
0
0
0
0
0
0
0
-7.085
0
0
0
0
0
0
0
0
0
0
0
0
0
0
0
0
0
0
0
7.085
