12.0128
-0.33106
-0.32323
-0.32103
-0.30176
-0.30176
-0.287
-0.30104
-0.29484
-0.29232
-0.27332
-0.27332
-0.34742
-0.43542
-0.14501
0
0
0
-7.7843
0
0
0
0
0
0
0
0
0
0
0
-0.33106
6.6162
-0.29535
-0.29587
-0.282
-0.282
-0.26783
-0.27509
-0.28781
-0.26941
-0.24179
-0.24179
-0.3316
-0.41905
0
0
0
0
0
-2.7956
0
0
0
0
0
0
0
0
0
0
-0.32323
-0.29535
3.9128
-0.29412
-0.27759
-0.27759
-0.26428
-0.27329
-0.28381
-0.26514
-0.2502
-0.2502
-0.32207
-0.40401
-0.13189
0
0
0
0
0
0
0
0
0
0
0
0
0
0
0
-0.32103
-0.29587
-0.29412
3.8577
-0.27615
-0.27615
-0.26349
-0.27212
-0.28412
-0.26321
-0.24764
-0.24764
-0.31984
-0.3918
0
-0.1045
0
0
0
0
0
0
0
0
0
0
0
0
0
0
-0.30176
-0.282
-0.27759
-0.27615
3.5607
-0.25707
-0.24664
-0.25802
-0.26286
-0.24982
-0.23695
-0.23695
-0.29929
-0.37567
0
0
0
0
0
0
0
0
0
0
0
0
0
0
0
0
-0.30176
-0.282
-0.27759
-0.27615
-0.25707
3.5607
-0.24664
-0.25802
-0.26286
-0.24982
-0.23695
-0.23695
-0.29929
-0.37567
0
0
0
0
0
0
0
0
0
0
0
0
0
0
0
0
-0.287
-0.26783
-0.26428
-0.26349
-0.24664
-0.24664
2.9973
-0.22915
-0.24575
-0.23254
-0.22054
-0.22054
-0.27295
0
0
0
0
0
0
0
0
0
0
0
0
0
0
0
0
0
-0.30104
-0.27509
-0.27329
-0.27212
-0.25802
-0.25802
-0.22915
4.222
-0.25101
-0.23433
-0.20822
-0.20822
0
0
0
0
0
0
0
0
0
0
0
0
0
0
0
0
-1.4535
0
-0.29484
-0.28781
-0.28381
-0.28412
-0.26286
-0.26286
-0.24575
-0.25101
4.0261
-0.25617
0
0
0
0
0
-0.1112
-1.4857
0
0
0
0
0
0
0
0
0
0
0
0
0
-0.29232
-0.26941
-0.26514
-0.26321
-0.24982
-0.24982
-0.23254
-0.23433
-0.25617
2.4787
0
0
0
0
0
0
0
0
0
0
0
-0.16599
0
0
0
0
0
0
0
0
-0.27332
-0.24179
-0.2502
-0.24764
-0.23695
-0.23695
-0.22054
-0.20822
0
0
12.7626
0
0
0
0
0
0
0
0
0
-5.4235
0
0
0
0
-5.4235
0
0
0
0
-0.27332
-0.24179
-0.2502
-0.24764
-0.23695
-0.23695
-0.22054
-0.20822
0
0
0
12.7626
0
0
0
0
0
0
0
0
0
0
-5.4235
0
0
0
0
-5.4235
0
0
-0.34742
-0.3316
-0.32207
-0.31984
-0.29929
-0.29929
-0.27295
0
0
0
0
0
2.1925
0
0
0
0
0
0
0
0
0
0
0
0
0
0
0
0
0
-0.43542
-0.41905
-0.40401
-0.3918
-0.37567
-0.37567
0
0
0
0
0
0
0
2.4016
0
0
0
0
0
0
0
0
0
0
0
0
0
0
0
0
-0.14501
0
-0.13189
0
0
0
0
0
0
0
0
0
0
0
16.17
0
-1.4776
0
0
0
0
0
0
-7.2078
0
0
-7.2078
0
0
0
0
0
0
-0.1045
0
0
0
0
-0.1112
0
0
0
0
0
0
20.5826
0
-4.6364
0
0
0
0
0
0
-7.8652
0
0
0
0
-7.8652
0
0
0
0
0
0
0
0
-1.4857
0
0
0
0
0
-1.4776
0
4.0281
-1.0649
0
0
0
0
0
0
0
0
0
0
0
0
0
0
0
0
0
0
0
0
0
0
0
0
0
0
0
-4.6364
-1.0649
6.7583
-1.0571
0
0
0
0
0
0
0
0
0
0
0
-7.7843
0
0
0
0
0
0
0
0
0
0
0
0
0
0
0
0
-1.0571
8.8414
0
0
0
0
0
0
0
0
0
0
0
0
-2.7956
0
0
0
0
0
0
0
0
0
0
0
0
0
0
0
0
0
2.7956
0
0
0
0
0
0
0
0
0
0
0
0
0
0
0
0
0
0
0
0
-5.4235
0
0
0
0
0
0
0
0
0
5.4235
0
0
0
0
0
0
0
0
0
0
0
0
0
0
0
0
0
0
-0.16599
0
0
0
0
0
0
0
0
0
0
0
0.16599
0
0
0
0
0
0
0
0
0
0
0
0
0
0
0
0
0
0
0
-5.4235
0
0
0
0
0
0
0
0
0
0
5.4235
0
0
0
0
0
0
0
0
0
0
0
0
0
0
0
0
0
0
0
0
0
-7.2078
0
0
0
0
0
0
0
0
7.2078
0
0
0
0
0
0
0
0
0
0
0
0
0
0
0
0
0
0
0
0
0
-7.8652
0
0
0
0
0
0
0
0
7.8652
0
0
0
0
0
0
0
0
0
0
0
0
0
0
0
-5.4235
0
0
0
0
0
0
0
0
0
0
0
0
0
0
5.4235
0
0
0
0
0
0
0
0
0
0
0
0
0
0
0
0
0
0
-7.2078
0
0
0
0
0
0
0
0
0
0
0
7.2078
0
0
0
0
0
0
0
0
0
0
0
0
0
0
-5.4235
0
0
0
0
0
0
0
0
0
0
0
0
0
0
0
5.4235
0
0
0
0
0
0
0
0
0
-1.4535
0
0
0
0
0
0
0
0
0
0
0
0
0
0
0
0
0
0
0
0
1.4535
0
0
0
0
0
0
0
0
0
0
0
0
0
0
0
0
-7.8652
0
0
0
0
0
0
0
0
0
0
0
0
0
7.8652
