9.0398
-0.60492
-0.60492
-0.58253
-0.5577
-0.58253
-0.50893
-0.50893
-0.50893
-0.53156
-0.53156
-0.53477
-0.58096
-0.55419
-0.55419
-0.54287
-0.54287
-0.20741
0
0
0
0
0
0
0
0
0
0
0
0
-0.60492
19.5997
-0.63213
-0.60492
-0.60492
-0.60492
-0.52693
-0.52693
-0.52693
-0.55337
-0.55337
-0.54832
-0.60705
-0.57297
-0.57297
-0.56598
-0.56598
0
0
0
0
0
0
0
-10.4271
0
0
0
0
0
-0.60492
-0.63213
19.5997
-0.60492
-0.60492
-0.60492
-0.52693
-0.52693
-0.52693
-0.55337
-0.55337
-0.54832
-0.60705
-0.57297
-0.57297
-0.56598
-0.56598
0
0
0
0
0
0
0
0
0
-10.4271
0
0
0
-0.58253
-0.60492
-0.60492
9.0398
-0.58253
-0.5577
-0.50893
-0.50893
-0.50893
-0.53156
-0.53156
-0.53477
-0.58096
-0.55419
-0.55419
-0.54287
-0.54287
0
-0.20741
0
0
0
0
0
0
0
0
0
0
0
-0.5577
-0.60492
-0.60492
-0.58253
9.0398
-0.58253
-0.50893
-0.50893
-0.50893
-0.53156
-0.53156
-0.53477
-0.58096
-0.55419
-0.55419
-0.54287
-0.54287
-0.20741
0
0
0
0
0
0
0
0
0
0
0
0
-0.58253
-0.60492
-0.60492
-0.5577
-0.58253
9.0398
-0.50893
-0.50893
-0.50893
-0.53156
-0.53156
-0.53477
-0.58096
-0.55419
-0.55419
-0.54287
-0.54287
0
-0.20741
0
0
0
0
0
0
0
0
0
0
0
-0.50893
-0.52693
-0.52693
-0.50893
-0.50893
-0.50893
7.8427
-0.45156
-0.45156
-0.46874
-0.46874
-0.47149
-0.50943
-0.4871
-0.4871
-0.47869
-0.47869
0
0
0
0
0
0
0
0
0
0
0
0
0
-0.50893
-0.52693
-0.52693
-0.50893
-0.50893
-0.50893
-0.45156
7.8427
-0.45156
-0.46874
-0.46874
-0.47149
-0.50943
-0.4871
-0.4871
-0.47869
-0.47869
0
0
0
0
0
0
0
0
0
0
0
0
0
-0.50893
-0.52693
-0.52693
-0.50893
-0.50893
-0.50893
-0.45156
-0.45156
7.8427
-0.46874
-0.46874
-0.47149
-0.50943
-0.4871
-0.4871
-0.47869
-0.47869
0
0
0
0
0
0
0
0
0
0
0
0
0
-0.53156
-0.55337
-0.55337
-0.53156
-0.53156
-0.53156
-0.46874
-0.46874
-0.46874
15.6391
-0.47648
-0.46675
-0.51706
-0.49687
-0.49687
0
0
0
0
-8.5459
0
0
0
0
0
0
0
0
0
0
-0.53156
-0.55337
-0.55337
-0.53156
-0.53156
-0.53156
-0.46874
-0.46874
-0.46874
-0.47648
15.6391
-0.46675
-0.51706
-0.49687
-0.49687
0
0
0
0
0
0
0
0
0
0
-8.5459
0
0
0
0
-0.53477
-0.54832
-0.54832
-0.53477
-0.53477
-0.53477
-0.47149
-0.47149
-0.47149
-0.46675
-0.46675
25.746
0
0
0
0
0
0
0
0
0
0
-10.0812
-10.0812
0
0
0
0
0
0
-0.58096
-0.60705
-0.60705
-0.58096
-0.58096
-0.58096
-0.50943
-0.50943
-0.50943
-0.51706
-0.51706
0
11.8278
0
0
0
0
0
0
0
0
0
0
0
0
0
0
0
-5.7275
0
-0.55419
-0.57297
-0.57297
-0.55419
-0.55419
-0.55419
-0.4871
-0.4871
-0.4871
-0.49687
-0.49687
0
0
5.8177
0
0
0
0
0
0
0
0
0
0
0
0
0
0
0
0
-0.55419
-0.57297
-0.57297
-0.55419
-0.55419
-0.55419
-0.4871
-0.4871
-0.4871
-0.49687
-0.49687
0
0
0
5.8177
0
0
0
0
0
0
0
0
0
0
0
0
0
0
0
-0.54287
-0.56598
-0.56598
-0.54287
-0.54287
-0.54287
-0.47869
-0.47869
-0.47869
0
0
0
0
0
0
7.2554
0
0
0
0
0
-2.5159
0
0
0
0
0
0
0
0
-0.54287
-0.56598
-0.56598
-0.54287
-0.54287
-0.54287
-0.47869
-0.47869
-0.47869
0
0
0
0
0
0
0
7.2554
0
0
0
0
0
0
0
0
0
0
-2.5159
0
0
-0.20741
0
0
0
-0.20741
0
0
0
0
0
0
0
0
0
0
0
0
0.51933
0
0
0
0
0
0
0
0
0
0
0
-0.1045
0
0
0
-0.20741
0
-0.20741
0
0
0
0
0
0
0
0
0
0
0
0
0.51933
0
-0.1045
0
0
0
0
0
0
0
0
0
0
0
0
0
0
0
0
0
0
-8.5459
0
0
0
0
0
0
0
0
0
8.5459
0
0
0
0
0
0
0
0
0
0
0
0
0
0
0
0
0
0
0
0
0
0
0
0
0
0
0
0
-0.1045
0
0.1045
0
0
0
0
0
0
0
0
0
0
0
0
0
0
0
0
0
0
0
0
0
0
0
0
-2.5159
0
0
0
0
0
2.5159
0
0
0
0
0
0
0
0
0
0
0
0
0
0
0
0
0
0
0
-10.0812
0
0
0
0
0
0
0
0
0
0
10.0812
0
0
0
0
0
0
0
0
0
0
0
0
0
0
0
0
0
0
-10.0812
0
0
0
0
0
0
0
0
0
0
0
10.0812
0
0
0
0
0
0
0
-10.4271
0
0
0
0
0
0
0
0
0
0
0
0
0
0
0
0
0
0
0
0
0
0
10.4271
0
0
0
0
0
0
0
0
0
0
0
0
0
0
0
-8.5459
0
0
0
0
0
0
0
0
0
0
0
0
0
0
8.5459
0
0
0
0
0
0
-10.4271
0
0
0
0
0
0
0
0
0
0
0
0
0
0
0
0
0
0
0
0
0
0
0
10.4271
0
0
0
0
0
0
0
0
0
0
0
0
0
0
0
0
0
0
0
-2.5159
0
0
0
0
0
0
0
0
0
0
2.5159
0
0
0
0
0
0
0
0
0
0
0
0
0
0
-5.7275
0
0
0
0
0
0
0
0
0
0
0
0
0
0
0
5.7275
0
0
0
0
0
0
0
0
0
0
0
0
0
0
0
0
0
0
-0.1045
0
0
0
0
0
0
0
0
0
0
0
0.1045
