16.3521
-0.5266
-0.49726
-0.49068
-0.54388
-0.53091
-0.53091
-0.54388
-0.48969
-0.48242
-0.48242
-0.4733
-0.4733
-0.50694
-0.45507
-0.34134
-0.52258
-0.52258
0
0
0
0
0
0
0
0
0
-7.9383
0
0
-0.5266
16.3521
-0.49726
-0.49068
-0.54388
-0.53091
-0.53091
-0.54388
-0.48969
-0.48242
-0.48242
-0.4733
-0.4733
-0.50694
-0.45507
-0.34134
-0.52258
-0.52258
0
0
0
0
-7.9383
0
0
0
0
0
0
0
-0.49726
-0.49726
8.0355
-0.47296
-0.51463
-0.5056
-0.5056
-0.51463
-0.46706
-0.46325
-0.46325
-0.45198
-0.45198
-0.48207
-0.43671
-0.33333
-0.48894
-0.48894
0
0
0
0
0
0
0
0
0
0
0
0
-0.49068
-0.49068
-0.47296
38.2092
-0.51102
-0.50369
-0.50369
-0.51102
-0.47144
-0.45982
-0.45982
-0.45586
-0.45586
-0.48915
0
0
0
0
0
0
0
-10.6445
0
0
-10.6445
0
0
0
-10.6445
0
-0.54388
-0.54388
-0.51463
-0.51102
12.8656
-0.57028
-0.57028
-0.58612
-0.5031
-0.50057
-0.50057
-0.48571
-0.48571
-0.52196
0
0
0
0
0
0
0
0
0
0
0
0
0
0
0
-6.0279
-0.53091
-0.53091
-0.5056
-0.50369
-0.57028
7.1607
-0.52284
-0.57028
-0.49435
-0.4982
-0.4982
-0.47824
-0.47824
-0.51312
-0.46584
0
0
0
0
0
0
0
0
0
0
0
0
0
0
0
-0.53091
-0.53091
-0.5056
-0.50369
-0.57028
-0.52284
7.1607
-0.57028
-0.49435
-0.4982
-0.4982
-0.47824
-0.47824
-0.51312
-0.46584
0
0
0
0
0
0
0
0
0
0
0
0
0
0
0
-0.54388
-0.54388
-0.51463
-0.51102
-0.58612
-0.57028
-0.57028
12.8656
-0.5031
-0.50057
-0.50057
-0.48571
-0.48571
-0.52196
0
0
0
0
0
0
0
0
0
0
0
-6.0279
0
0
0
0
-0.48969
-0.48969
-0.46706
-0.47144
-0.5031
-0.49435
-0.49435
-0.5031
6.1698
-0.45549
-0.45549
-0.43881
-0.43881
-0.46837
0
0
0
0
0
0
0
0
0
0
0
0
0
0
0
0
-0.48242
-0.48242
-0.46325
-0.45982
-0.50057
-0.4982
-0.4982
-0.50057
-0.45549
5.8674
-0.4636
-0.43303
-0.43303
0
0
0
0
0
0
0
-0.19677
0
0
0
0
0
0
0
0
0
-0.48242
-0.48242
-0.46325
-0.45982
-0.50057
-0.4982
-0.4982
-0.50057
-0.45549
-0.4636
5.8674
-0.43303
-0.43303
0
0
0
0
0
-0.19677
0
0
0
0
0
0
0
0
0
0
0
-0.4733
-0.4733
-0.45198
-0.45586
-0.48571
-0.47824
-0.47824
-0.48571
-0.43881
-0.43303
-0.43303
5.4971
-0.40993
0
0
0
0
0
0
0
0
0
0
0
0
0
0
0
0
0
-0.4733
-0.4733
-0.45198
-0.45586
-0.48571
-0.47824
-0.47824
-0.48571
-0.43881
-0.43303
-0.43303
-0.40993
5.4971
0
0
0
0
0
0
0
0
0
0
0
0
0
0
0
0
0
-0.50694
-0.50694
-0.48207
-0.48915
-0.52196
-0.51312
-0.51312
-0.52196
-0.46837
0
0
0
0
4.5236
0
0
0
0
0
0
0
0
0
0
0
0
0
0
0
0
-0.45507
-0.45507
-0.43671
0
0
-0.46584
-0.46584
0
0
0
0
0
0
0
2.4339
0
0
0
0
0
0
0
0
-0.15537
0
0
0
0
0
0
-0.34134
-0.34134
-0.33333
0
0
0
0
0
0
0
0
0
0
0
0
1.1205
0
0
0
0
0
0
0
0
0
0
-0.1045
0
0
0
-0.52258
-0.52258
-0.48894
0
0
0
0
0
0
0
0
0
0
0
0
0
1.5341
0
0
0
0
0
0
0
0
0
0
0
0
0
-0.52258
-0.52258
-0.48894
0
0
0
0
0
0
0
0
0
0
0
0
0
0
1.5341
0
0
0
0
0
0
0
0
0
0
0
0
0
0
0
0
0
0
0
0
0
0
-0.19677
0
0
0
0
0
0
0
2.3054
-2.1086
0
0
0
0
0
0
0
0
0
0
0
0
0
0
0
0
0
0
0
0
0
0
0
0
0
0
0
0
-2.1086
4.2173
-2.1086
0
0
0
0
0
0
0
0
0
0
0
0
0
0
0
0
0
0
-0.19677
0
0
0
0
0
0
0
0
0
-2.1086
2.3054
0
0
0
0
0
0
0
0
0
0
0
0
-10.6445
0
0
0
0
0
0
0
0
0
0
0
0
0
0
0
0
0
10.6445
0
0
0
0
0
0
0
0
0
-7.9383
0
0
0
0
0
0
0
0
0
0
0
0
0
0
0
0
0
0
0
0
7.9383
0
0
0
0
0
0
0
0
0
0
0
0
0
0
0
0
0
0
0
0
0
-0.15537
0
0
0
0
0
0
0
0
0.15537
0
0
0
0
0
0
0
0
0
-10.6445
0
0
0
0
0
0
0
0
0
0
0
0
0
0
0
0
0
0
0
0
10.6445
0
0
0
0
0
0
0
0
0
0
0
0
-6.0279
0
0
0
0
0
0
0
0
0
0
0
0
0
0
0
0
0
6.0279
0
0
0
0
0
0
0
0
0
0
0
0
0
0
0
0
0
0
0
-0.1045
0
0
0
0
0
0
0
0
0
0
0.1045
0
0
0
-7.9383
0
0
0
0
0
0
0
0
0
0
0
0
0
0
0
0
0
0
0
0
0
0
0
0
0
0
7.9383
0
0
0
0
0
-10.6445
0
0
0
0
0
0
0
0
0
0
0
0
0
0
0
0
0
0
0
0
0
0
0
0
10.6445
0
0
0
0
0
-6.0279
0
0
0
0
0
0
0
0
0
0
0
0
0
0
0
0
0
0
0
0
0
0
0
0
6.0279
