24.5543
-0.83282
-0.84159
-0.80137
-0.81233
-0.79698
-0.79225
-0.78063
-0.83591
-0.83591
-0.75687
-0.75687
-0.75687
-0.75687
-0.75033
-0.75033
-0.77412
-0.82119
-0.82119
-1.1105
0
-2.5052
0
0
0
0
0
0
0
-6.6642
-0.83282
17.7103
-0.8439
-0.7935
-0.81486
-0.79461
-0.78588
-0.80144
-0.84054
-0.84054
-0.75207
-0.75207
-0.75207
-0.75207
-0.74537
-0.74537
-0.77279
-0.80755
-0.80755
-1.0785
0
-2.3967
0
0
0
0
0
0
0
0
-0.84159
-0.8439
21.6967
-0.80127
-0.81003
-0.79795
-0.79225
-0.77695
-0.83205
-0.83205
-0.75699
-0.75699
-0.75699
-0.75699
-0.75047
-0.75047
-0.77405
-0.82383
-0.82383
-1.119
0
0
-6.2991
0
0
0
0
0
0
0
-0.80137
-0.7935
-0.80127
14.6609
-0.77716
-0.76213
-0.75141
-0.75712
-0.79626
-0.79626
-0.71924
-0.71924
-0.71924
-0.71924
-0.71279
-0.71279
-0.73773
-0.77311
-0.77311
-1.0379
0
0
0
0
0
0
0
0
0
0
-0.81233
-0.81486
-0.81003
-0.77716
19.6192
-0.76995
-0.76092
-0.74071
-0.79466
-0.79466
-0.7273
-0.7273
-0.7273
-0.7273
-0.72088
-0.72088
-0.74322
-0.79051
-0.79051
0
0
0
0
0
0
0
0
-5.8687
0
0
-0.79698
-0.79461
-0.79795
-0.76213
-0.76995
13.7925
-0.74692
-0.74573
-0.78619
-0.78619
-0.71483
-0.71483
-0.71483
-0.71483
-0.70846
-0.70846
-0.73972
-0.76918
-0.76918
0
-0.25151
0
0
0
0
0
0
0
0
0
-0.79225
-0.78588
-0.79225
-0.75141
-0.76092
-0.74692
13.4424
-0.74623
-0.78224
-0.78224
-0.71003
-0.71003
-0.71003
-0.71003
-0.70351
-0.70351
-0.72878
-0.76306
-0.76306
0
0
0
0
0
0
0
0
0
0
0
-0.78063
-0.80144
-0.77695
-0.75712
-0.74071
-0.74573
-0.74623
26.179
-0.75267
-0.75267
-0.70989
-0.70989
-0.70989
-0.70989
-0.7036
-0.7036
-0.72313
0
0
0
0
0
0
-7.1775
-7.1775
0
0
0
0
0
-0.83591
-0.84054
-0.83205
-0.79626
-0.79466
-0.78619
-0.78224
-0.75267
17.5115
-0.82992
-0.75256
-0.75256
-0.75256
-0.75256
-0.74813
-0.74813
-0.77599
0
0
0
0
0
0
0
0
0
-4.9786
0
0
0
-0.83591
-0.84054
-0.83205
-0.79626
-0.79466
-0.78619
-0.78224
-0.75267
-0.82992
17.5115
-0.75256
-0.75256
-0.75256
-0.75256
-0.74813
-0.74813
-0.77599
0
0
0
0
0
0
0
0
-4.9786
0
0
0
0
-0.75687
-0.75207
-0.75699
-0.71924
-0.7273
-0.71483
-0.71003
-0.70989
-0.75256
-0.75256
11.3436
-0.6522
-0.6522
-0.6522
-0.66965
-0.66965
-0.69533
0
0
0
0
0
0
0
0
0
0
0
0
0
-0.75687
-0.75207
-0.75699
-0.71924
-0.7273
-0.71483
-0.71003
-0.70989
-0.75256
-0.75256
-0.6522
11.3436
-0.6522
-0.6522
-0.66965
-0.66965
-0.69533
0
0
0
0
0
0
0
0
0
0
0
0
0
-0.75687
-0.75207
-0.75699
-0.71924
-0.7273
-0.71483
-0.71003
-0.70989
-0.75256
-0.75256
-0.6522
-0.6522
11.3436
-0.6522
-0.66965
-0.66965
-0.69533
0
0
0
0
0
0
0
0
0
0
0
0
0
-0.75687
-0.75207
-0.75699
-0.71924
-0.7273
-0.71483
-0.71003
-0.70989
-0.75256
-0.75256
-0.6522
-0.6522
-0.6522
11.3436
-0.66965
-0.66965
-0.69533
0
0
0
0
0
0
0
0
0
0
0
0
0
-0.75033
-0.74537
-0.75047
-0.71279
-0.72088
-0.70846
-0.70351
-0.7036
-0.74813
-0.74813
-0.66965
-0.66965
-0.66965
-0.66965
10.5829
-0.61267
0
0
0
0
0
0
0
0
0
0
0
0
0
0
-0.75033
-0.74537
-0.75047
-0.71279
-0.72088
-0.70846
-0.70351
-0.7036
-0.74813
-0.74813
-0.66965
-0.66965
-0.66965
-0.66965
-0.61267
10.5829
0
0
0
0
0
0
0
0
0
0
0
0
0
0
-0.77412
-0.77279
-0.77405
-0.73773
-0.74322
-0.73972
-0.72878
-0.72313
-0.77599
-0.77599
-0.69533
-0.69533
-0.69533
-0.69533
0
0
10.5794
0
0
0
-0.25259
0
0
0
0
0
0
0
0
0
-0.82119
-0.80755
-0.82383
-0.77311
-0.79051
-0.76918
-0.76306
0
0
0
0
0
0
0
0
0
0
5.5484
0
0
0
0
0
0
0
0
0
0
0
0
-0.82119
-0.80755
-0.82383
-0.77311
-0.79051
-0.76918
-0.76306
0
0
0
0
0
0
0
0
0
0
0
5.5484
0
0
0
0
0
0
0
0
0
0
0
-1.1105
-1.0785
-1.119
-1.0379
0
0
0
0
0
0
0
0
0
0
0
0
0
0
0
4.3459
0
0
0
0
0
0
0
0
0
0
0
0
0
0
0
-0.25151
0
0
0
0
0
0
0
0
0
0
-0.25259
0
0
0
0.6086
0
0
0
0
0
0
0
-0.1045
0
-2.5052
-2.3967
0
0
0
0
0
0
0
0
0
0
0
0
0
0
0
0
0
0
0
4.9019
0
0
0
0
0
0
0
0
0
0
-6.2991
0
0
0
0
0
0
0
0
0
0
0
0
0
0
0
0
0
0
0
6.2991
0
0
0
0
0
0
0
0
0
0
0
0
0
0
-7.1775
0
0
0
0
0
0
0
0
0
0
0
0
0
0
0
7.1775
0
0
0
0
0
0
0
0
0
0
0
0
0
-7.1775
0
0
0
0
0
0
0
0
0
0
0
0
0
0
0
0
7.1775
0
0
0
0
0
0
0
0
0
0
0
0
0
0
-4.9786
0
0
0
0
0
0
0
0
0
0
0
0
0
0
0
4.9786
0
0
0
0
0
0
0
0
0
0
0
0
-4.9786
0
0
0
0
0
0
0
0
0
0
0
0
0
0
0
0
0
4.9786
0
0
0
0
0
0
0
-5.8687
0
0
0
0
0
0
0
0
0
0
0
0
0
0
0
0
0
0
0
0
0
0
5.8687
0
0
0
0
0
0
0
0
0
0
0
0
0
0
0
0
0
0
0
0
0
0
-0.1045
0
0
0
0
0
0
0
0.1045
0
-6.6642
0
0
0
0
0
0
0
0
0
0
0
0
0
0
0
0
0
0
0
0
0
0
0
0
0
0
0
0
6.6642
