33.0509
-0.49615
-0.48658
-0.48209
-0.48158
-0.49226
-0.49226
-0.50011
-0.50011
-0.49113
-0.45396
-0.45396
-0.45396
-0.49807
-0.47548
-0.39119
0
-0.19757
0
0
0
0
0
0
-12.8522
0
0
0
-12.8522
0
-0.49615
18.115
-0.49878
-0.48177
-0.48483
-0.49387
-0.49387
-0.50463
-0.50463
-0.49198
-0.45401
-0.45401
-0.45401
-0.50713
-0.48613
-0.41477
-0.20213
0
0
0
0
0
0
0
0
0
0
-10.6923
0
0
-0.48658
-0.49878
11.7641
-0.47096
-0.4704
-0.47837
-0.47837
-0.487
-0.487
-0.47612
-0.4397
-0.4397
-0.4397
-0.49206
-0.47367
-0.40815
0
0
0
-4.7375
0
0
0
0
0
0
0
0
0
0
-0.48209
-0.48177
-0.47096
7.0901
-0.4613
-0.4698
-0.4698
-0.47622
-0.47622
-0.46772
-0.43244
-0.43244
-0.43244
-0.4814
-0.46395
-0.39208
0
-0.19942
0
0
0
0
0
0
0
0
0
0
0
0
-0.48158
-0.48483
-0.4704
-0.4613
6.9204
-0.47197
-0.47197
-0.47939
-0.47939
-0.46919
-0.43317
-0.43317
-0.43317
-0.48553
-0.46831
-0.39705
0
0
0
0
0
0
0
0
0
0
0
0
0
0
-0.49226
-0.49387
-0.47837
-0.4698
-0.47197
6.6637
-0.47574
-0.49492
-0.49492
-0.48062
-0.44272
-0.44272
-0.44272
-0.50055
-0.4825
0
0
0
0
0
0
0
0
0
0
0
0
0
0
0
-0.49226
-0.49387
-0.47837
-0.4698
-0.47197
-0.47574
6.6637
-0.49492
-0.49492
-0.48062
-0.44272
-0.44272
-0.44272
-0.50055
-0.4825
0
0
0
0
0
0
0
0
0
0
0
0
0
0
0
-0.50011
-0.50463
-0.487
-0.47622
-0.47939
-0.49492
-0.49492
12.6954
-0.51928
-0.49686
-0.44381
-0.44381
-0.44381
0
0
0
0
0
0
0
0
0
0
0
0
0
-6.9107
0
0
0
-0.50011
-0.50463
-0.487
-0.47622
-0.47939
-0.49492
-0.49492
-0.51928
12.6954
-0.49686
-0.44381
-0.44381
-0.44381
0
0
0
0
0
0
0
0
0
-6.9107
0
0
0
0
0
0
0
-0.49113
-0.49198
-0.47612
-0.46772
-0.46919
-0.48062
-0.48062
-0.49686
-0.49686
6.1561
-0.43606
-0.43606
-0.43606
-0.49684
0
0
0
0
0
0
0
0
0
0
0
0
0
0
0
0
-0.45396
-0.45401
-0.4397
-0.43244
-0.43317
-0.44272
-0.44272
-0.44381
-0.44381
-0.43606
5.1939
-0.38576
-0.38576
0
0
0
0
0
0
0
0
0
0
0
0
0
0
0
0
0
-0.45396
-0.45401
-0.4397
-0.43244
-0.43317
-0.44272
-0.44272
-0.44381
-0.44381
-0.43606
-0.38576
5.1939
-0.38576
0
0
0
0
0
0
0
0
0
0
0
0
0
0
0
0
0
-0.45396
-0.45401
-0.4397
-0.43244
-0.43317
-0.44272
-0.44272
-0.44381
-0.44381
-0.43606
-0.38576
-0.38576
5.1939
0
0
0
0
0
0
0
0
0
0
0
0
0
0
0
0
0
-0.49807
-0.50713
-0.49206
-0.4814
-0.48553
-0.50055
-0.50055
0
0
-0.49684
0
0
0
5.9757
0
0
0
0
0
0
-2.0136
0
0
0
0
0
0
0
0
0
-0.47548
-0.48613
-0.47367
-0.46395
-0.46831
-0.4825
-0.4825
0
0
0
0
0
0
0
3.7848
0
0
0
0
0
0
0
0
0
0
0
0
0
0
-0.45229
-0.39119
-0.41477
-0.40815
-0.39208
-0.39705
0
0
0
0
0
0
0
0
0
0
2.311
-0.20328
0
0
0
0
-0.1045
0
0
0
0
0
0
0
0
0
-0.20213
0
0
0
0
0
0
0
0
0
0
0
0
0
-0.20328
10.8485
0
-6.2349
0
0
0
0
0
0
-4.2082
0
0
0
0
-0.19757
0
0
-0.19942
0
0
0
0
0
0
0
0
0
0
0
0
0
0.51104
0
0
0
0
0
-0.11405
0
0
0
0
0
0
0
0
0
0
0
0
0
0
0
0
0
0
0
0
0
0
-6.2349
0
6.7795
-0.54463
0
0
0
0
0
0
0
0
0
0
0
0
-4.7375
0
0
0
0
0
0
0
0
0
0
0
0
0
0
0
-0.54463
5.2821
0
0
0
0
0
0
0
0
0
0
0
0
0
0
0
0
0
0
0
0
0
0
0
-2.0136
0
0
0
0
0
0
2.0136
0
0
0
0
0
0
0
0
0
0
0
0
0
0
0
0
0
0
0
0
0
0
0
0
-0.1045
0
0
0
0
0
0.1045
0
0
0
0
0
0
0
0
0
0
0
0
0
0
0
0
-6.9107
0
0
0
0
0
0
0
0
0
0
0
0
0
6.9107
0
0
0
0
0
0
0
0
0
0
0
0
0
0
0
0
0
0
0
0
0
0
0
0
-0.11405
0
0
0
0
0
0.11405
0
0
0
0
0
0
-12.8522
0
0
0
0
0
0
0
0
0
0
0
0
0
0
0
0
0
0
0
0
0
0
0
12.8522
0
0
0
0
0
0
0
0
0
0
0
0
0
0
0
0
0
0
0
0
0
-4.2082
0
0
0
0
0
0
0
0
4.2082
0
0
0
0
0
0
0
0
0
0
0
-6.9107
0
0
0
0
0
0
0
0
0
0
0
0
0
0
0
0
0
0
6.9107
0
0
0
0
-10.6923
0
0
0
0
0
0
0
0
0
0
0
0
0
0
0
0
0
0
0
0
0
0
0
0
0
10.6923
0
0
-12.8522
0
0
0
0
0
0
0
0
0
0
0
0
0
0
0
0
0
0
0
0
0
0
0
0
0
0
0
12.8522
0
0
0
0
0
0
0
0
0
0
0
0
0
0
0
-0.45229
0
0
0
0
0
0
0
0
0
0
0
0
0
0
0.45229
