19.8469
-0.71147
-0.72237
-0.63038
-0.62537
-0.62537
-0.65147
-0.58324
-0.58324
-0.61991
-0.64608
-0.66743
-0.66743
-0.63458
-0.66138
-0.63458
-0.57436
-0.96798
0
0
0
0
0
0
0
-8.6403
0
0
0
0
-0.71147
19.8469
-0.72237
-0.63038
-0.62537
-0.62537
-0.65147
-0.58324
-0.58324
-0.61991
-0.64608
-0.66743
-0.66743
-0.63458
-0.66138
-0.63458
-0.57436
-0.96798
0
0
0
0
0
0
0
0
0
-8.6403
0
0
-0.72237
-0.72237
19.3792
-0.62634
-0.63449
-0.63449
-0.64716
-0.58223
-0.58223
-0.61403
-0.6414
-0.66703
-0.66703
-0.63149
-0.65583
-0.63149
-0.57495
0
-0.29817
0
0
0
0
-8.8462
0
0
0
0
0
0
-0.63038
-0.63038
-0.62634
9.4231
-0.56409
-0.56409
-0.57452
-0.51899
-0.51899
-0.55334
-0.56893
-0.58986
-0.58986
-0.56052
-0.58185
-0.56052
-0.51145
0
-0.27897
0
0
0
0
0
0
0
0
0
0
0
-0.62537
-0.62537
-0.63449
-0.56409
9.9845
-0.54658
-0.57991
-0.52079
-0.52079
-0.56146
-0.57481
-0.59195
-0.59195
-0.56512
-0.58858
-0.56512
-0.51233
-0.81581
0
0
0
0
0
0
0
0
0
0
0
0
-0.62537
-0.62537
-0.63449
-0.56409
-0.54658
9.9845
-0.57991
-0.52079
-0.52079
-0.56146
-0.57481
-0.59195
-0.59195
-0.56512
-0.58858
-0.56512
-0.51233
-0.81581
0
0
0
0
0
0
0
0
0
0
0
0
-0.65147
-0.65147
-0.64716
-0.57452
-0.57991
-0.57991
17.5465
-0.53217
-0.53217
-0.55979
-0.5849
-0.60555
-0.60555
-0.57692
-0.59791
-0.57692
-0.52474
0
0
0
-8.1654
0
0
0
0
0
0
0
0
0
-0.58324
-0.58324
-0.58223
-0.51899
-0.52079
-0.52079
-0.53217
8.5229
-0.48122
-0.51431
-0.52963
-0.54707
-0.54707
-0.52254
-0.54165
-0.52254
-0.47541
0
0
0
0
0
0
0
0
0
0
0
0
0
-0.58324
-0.58324
-0.58223
-0.51899
-0.52079
-0.52079
-0.53217
-0.48122
8.5229
-0.51431
-0.52963
-0.54707
-0.54707
-0.52254
-0.54165
-0.52254
-0.47541
0
0
0
0
0
0
0
0
0
0
0
0
0
-0.61991
-0.61991
-0.61403
-0.55334
-0.56146
-0.56146
-0.55979
-0.51431
-0.51431
25.0218
-0.57084
-0.60033
-0.60033
0
0
0
0
0
0
0
0
-9.0659
0
0
0
0
-9.0659
0
0
0
-0.64608
-0.64608
-0.6414
-0.56893
-0.57481
-0.57481
-0.5849
-0.52963
-0.52963
-0.57084
12.4632
-0.60462
-0.60462
0
0
0
0
0
0
0
0
0
0
0
0
0
0
0
0
-5.3869
-0.66743
-0.66743
-0.66703
-0.58986
-0.59195
-0.59195
-0.60555
-0.54707
-0.54707
-0.60033
-0.60462
6.6803
0
0
0
0
0
0
0
0
0
0
0
0
0
0
0
0
0
0
-0.66743
-0.66743
-0.66703
-0.58986
-0.59195
-0.59195
-0.60555
-0.54707
-0.54707
-0.60033
-0.60462
0
6.6803
0
0
0
0
0
0
0
0
0
0
0
0
0
0
0
0
0
-0.63458
-0.63458
-0.63149
-0.56052
-0.56512
-0.56512
-0.57692
-0.52254
-0.52254
0
0
0
0
5.4259
0
0
0
0
0
-0.2125
0
0
0
0
0
0
0
0
0
0
-0.66138
-0.66138
-0.65583
-0.58185
-0.58858
-0.58858
-0.59791
-0.54165
-0.54165
0
0
0
0
0
7.4868
0
0
0
0
0
0
0
0
0
-2.068
0
0
0
0
0
-0.63458
-0.63458
-0.63149
-0.56052
-0.56512
-0.56512
-0.57692
-0.52254
-0.52254
0
0
0
0
0
0
5.4259
0
0
0
-0.2125
0
0
0
0
0
0
0
0
0
0
-0.57436
-0.57436
-0.57495
-0.51145
-0.51233
-0.51233
-0.52474
-0.47541
-0.47541
0
0
0
0
0
0
0
4.7353
0
0
0
0
0
0
0
0
0
0
0
0
0
-0.96798
-0.96798
0
0
-0.81581
-0.81581
0
0
0
0
0
0
0
0
0
0
0
3.5676
0
0
0
0
0
0
0
0
0
0
0
0
0
0
-0.29817
-0.27897
0
0
0
0
0
0
0
0
0
0
0
0
0
0
0.75992
0
0
0
-0.18278
0
0
0
0
0
0
0
0
0
0
0
0
0
0
0
0
0
0
0
0
-0.2125
0
-0.2125
0
0
0
0.5295
0
0
0
0
0
0
0
0
-0.1045
0
0
0
0
0
0
0
-8.1654
0
0
0
0
0
0
0
0
0
0
0
0
0
8.1654
0
0
0
0
0
0
0
0
0
0
0
0
0
0
0
0
0
0
-9.0659
0
0
0
0
0
0
0
0
0
0
0
9.0659
0
0
0
0
0
0
0
0
0
0
0
0
0
0
0
0
0
0
0
0
0
0
0
0
0
0
-0.18278
0
0
0
0.18278
0
0
0
0
0
0
0
0
0
-8.8462
0
0
0
0
0
0
0
0
0
0
0
0
0
0
0
0
0
0
0
0
8.8462
0
0
0
0
0
0
0
0
0
0
0
0
0
0
0
0
0
0
0
0
-2.068
0
0
0
0
0
0
0
0
0
2.068
0
0
0
0
0
-8.6403
0
0
0
0
0
0
0
0
0
0
0
0
0
0
0
0
0
0
0
0
0
0
0
0
8.6403
0
0
0
0
0
0
0
0
0
0
0
0
0
-9.0659
0
0
0
0
0
0
0
0
0
0
0
0
0
0
0
0
9.0659
0
0
0
0
-8.6403
0
0
0
0
0
0
0
0
0
0
0
0
0
0
0
0
0
0
0
0
0
0
0
0
0
8.6403
0
0
0
0
0
0
0
0
0
0
0
0
0
0
0
0
0
0
0
0
0
-0.1045
0
0
0
0
0
0
0
0
0.1045
0
0
0
0
0
0
0
0
0
0
0
-5.3869
0
0
0
0
0
0
0
0
0
0
0
0
0
0
0
0
0
0
5.3869
