23.9184
-0.87811
-0.85167
-0.85587
-0.85167
-0.68153
-0.68153
-0.74156
-0.74156
-0.68153
-0.68153
-0.78645
-0.59851
-0.7464
-0.7464
-0.7464
-0.77674
-0.88696
0
0
0
0
0
0
-10.984
0
0
0
0
0
-0.87811
23.9184
-0.85167
-0.85587
-0.85167
-0.68153
-0.68153
-0.74156
-0.74156
-0.68153
-0.68153
-0.78645
-0.59851
-0.7464
-0.7464
-0.7464
-0.77674
-0.88696
0
0
0
0
0
-10.984
0
0
0
0
0
0
-0.85167
-0.85167
12.8357
-0.83389
-0.83583
-0.65901
-0.65901
-0.72562
-0.72562
-0.65901
-0.65901
-0.75542
-0.57896
-0.7263
-0.7263
-0.7263
-0.76376
0
-1.0983
0
0
0
0
0
0
0
0
0
0
0
-0.85587
-0.85587
-0.83389
12.6632
-0.83389
-0.66004
-0.66004
-0.72509
-0.72509
-0.66004
-0.66004
-0.78362
-0.57726
-0.7258
-0.7258
-0.7258
-0.76386
-0.89123
0
0
0
0
0
0
0
0
0
0
0
0
-0.85167
-0.85167
-0.83583
-0.83389
12.8357
-0.65901
-0.65901
-0.72562
-0.72562
-0.65901
-0.65901
-0.75542
-0.57896
-0.7263
-0.7263
-0.7263
-0.76376
0
0
-1.0983
0
0
0
0
0
0
0
0
0
0
-0.68153
-0.68153
-0.65901
-0.66004
-0.65901
9.298
-0.47581
-0.56135
-0.56135
-0.47581
-0.47581
-0.62447
-0.44387
-0.57858
-0.57858
-0.57858
-0.60268
0
0
0
0
0
0
0
0
0
0
0
0
0
-0.68153
-0.68153
-0.65901
-0.66004
-0.65901
-0.47581
9.298
-0.56135
-0.56135
-0.47581
-0.47581
-0.62447
-0.44387
-0.57858
-0.57858
-0.57858
-0.60268
0
0
0
0
0
0
0
0
0
0
0
0
0
-0.74156
-0.74156
-0.72562
-0.72509
-0.72562
-0.56135
-0.56135
19.2972
-0.56863
-0.56135
-0.56135
-0.63599
-0.46515
-0.61482
-0.61482
-0.61482
0
0
0
0
0
0
0
0
0
0
0
0
0
-9.8781
-0.74156
-0.74156
-0.72562
-0.72509
-0.72562
-0.56135
-0.56135
-0.56863
19.2972
-0.56135
-0.56135
-0.63599
-0.46515
-0.61482
-0.61482
-0.61482
0
0
0
0
0
0
0
0
0
0
0
0
-9.8781
0
-0.68153
-0.68153
-0.65901
-0.66004
-0.65901
-0.47581
-0.47581
-0.56135
-0.56135
9.298
-0.47581
-0.62447
-0.44387
-0.57858
-0.57858
-0.57858
-0.60268
0
0
0
0
0
0
0
0
0
0
0
0
0
-0.68153
-0.68153
-0.65901
-0.66004
-0.65901
-0.47581
-0.47581
-0.56135
-0.56135
-0.47581
9.298
-0.62447
-0.44387
-0.57858
-0.57858
-0.57858
-0.60268
0
0
0
0
0
0
0
0
0
0
0
0
0
-0.78645
-0.78645
-0.75542
-0.78362
-0.75542
-0.62447
-0.62447
-0.63599
-0.63599
-0.62447
-0.62447
9.9911
-0.48571
0
0
0
0
0
-0.80414
-0.80414
0
-0.2599
0
0
0
0
0
0
0
0
-0.59851
-0.59851
-0.57896
-0.57726
-0.57896
-0.44387
-0.44387
-0.46515
-0.46515
-0.44387
-0.44387
-0.48571
7.6051
-0.49379
-0.49379
-0.49379
0
0
0
0
0
0
0
0
0
0
0
0
0
0
-0.7464
-0.7464
-0.7263
-0.7258
-0.7263
-0.57858
-0.57858
-0.61482
-0.61482
-0.57858
-0.57858
0
-0.49379
7.7089
0
0
0
0
0
0
0
0
0
0
0
0
0
0
0
0
-0.7464
-0.7464
-0.7263
-0.7258
-0.7263
-0.57858
-0.57858
-0.61482
-0.61482
-0.57858
-0.57858
0
-0.49379
0
7.7089
0
0
0
0
0
0
0
0
0
0
0
0
0
0
0
-0.7464
-0.7464
-0.7263
-0.7258
-0.7263
-0.57858
-0.57858
-0.61482
-0.61482
-0.57858
-0.57858
0
-0.49379
0
0
7.7089
0
0
0
0
0
0
0
0
0
0
0
0
0
0
-0.77674
-0.77674
-0.76376
-0.76386
-0.76376
-0.60268
-0.60268
0
0
-0.60268
-0.60268
0
0
0
0
0
12.3775
0
0
0
0
0
0
0
0
-6.1219
0
0
0
0
-0.88696
-0.88696
0
-0.89123
0
0
0
0
0
0
0
0
0
0
0
0
0
3.0882
0
0
-0.42302
0
0
0
0
0
0
0
0
0
0
0
-1.0983
0
0
0
0
0
0
0
0
-0.80414
0
0
0
0
0
0
3.594
0
0
0
0
0
0
0
0
-1.6915
0
0
0
0
0
0
-1.0983
0
0
0
0
0
0
-0.80414
0
0
0
0
0
0
0
3.594
0
0
0
0
0
0
-1.6915
0
0
0
0
0
0
0
0
0
0
0
0
0
0
0
0
0
0
0
0
-0.42302
0
0
2.4869
0
-2.0639
0
0
0
0
0
0
0
0
0
0
0
0
0
0
0
0
0
0
-0.2599
0
0
0
0
0
0
0
0
0
0.57273
-0.31282
0
0
0
0
0
0
0
0
0
0
0
0
0
0
0
0
0
0
0
0
0
0
0
0
0
0
0
-2.0639
-0.31282
2.3767
0
0
0
0
0
0
0
0
-10.984
0
0
0
0
0
0
0
0
0
0
0
0
0
0
0
0
0
0
0
0
0
10.984
0
0
0
0
0
0
-10.984
0
0
0
0
0
0
0
0
0
0
0
0
0
0
0
0
0
0
0
0
0
0
0
10.984
0
0
0
0
0
0
0
0
0
0
0
0
0
0
0
0
0
0
0
0
0
-6.1219
0
0
0
0
0
0
0
0
6.1219
0
0
0
0
0
0
0
0
0
0
0
0
0
0
0
0
0
0
0
0
0
0
0
-1.6915
0
0
0
0
0
0
1.6915
0
0
0
0
0
0
0
0
0
0
0
0
0
0
0
0
0
0
0
0
0
-1.6915
0
0
0
0
0
0
0
0
1.6915
0
0
0
0
0
0
0
0
0
0
-9.8781
0
0
0
0
0
0
0
0
0
0
0
0
0
0
0
0
0
0
0
9.8781
0
0
0
0
0
0
0
0
-9.8781
0
0
0
0
0
0
0
0
0
0
0
0
0
0
0
0
0
0
0
0
0
9.8781
