19.4746
-0.76678
-0.73551
-0.73551
-0.70657
-0.56711
-0.56711
-0.60741
-0.56711
-0.54139
-0.54139
-0.55124
-0.62718
-0.63962
-0.6063
-0.59343
-0.61929
0
0
0
0
0
0
0
0
0
-9.5017
0
0
0
-0.76678
14.7491
-0.76678
-0.76678
-0.71428
-0.5742
-0.5742
-0.58051
-0.5742
-0.52497
-0.52497
-0.5342
-0.59322
-0.61129
-0.58729
-0.56854
0
-0.18528
0
0
-5.3016
0
0
0
0
0
0
0
0
0
-0.73551
-0.76678
19.4746
-0.73551
-0.70657
-0.56711
-0.56711
-0.60741
-0.56711
-0.54139
-0.54139
-0.55124
-0.62718
-0.63962
-0.6063
-0.59343
-0.61929
0
0
0
0
0
0
0
-9.5017
0
0
0
0
0
-0.73551
-0.76678
-0.73551
19.4746
-0.70657
-0.56711
-0.56711
-0.60741
-0.56711
-0.54139
-0.54139
-0.55124
-0.62718
-0.63962
-0.6063
-0.59343
-0.61929
0
0
0
0
0
0
0
0
0
0
0
-9.5017
0
-0.70657
-0.71428
-0.70657
-0.70657
9.7626
-0.54831
-0.54831
-0.58505
-0.54831
-0.52249
-0.52249
-0.53228
-0.6064
-0.61668
-0.58589
-0.57335
-0.59575
-0.14335
0
0
0
0
0
0
0
0
0
0
0
0
-0.56711
-0.5742
-0.56711
-0.56711
-0.54831
7.8544
-0.43179
-0.47432
-0.43179
-0.42251
-0.42251
-0.43069
-0.49176
-0.50137
-0.4736
-0.46675
-0.48352
0
0
0
0
0
0
0
0
0
0
0
0
0
-0.56711
-0.5742
-0.56711
-0.56711
-0.54831
-0.43179
7.8544
-0.47432
-0.43179
-0.42251
-0.42251
-0.43069
-0.49176
-0.50137
-0.4736
-0.46675
-0.48352
0
0
0
0
0
0
0
0
0
0
0
0
0
-0.60741
-0.58051
-0.60741
-0.60741
-0.58505
-0.47432
-0.47432
16.3165
-0.47432
-0.43881
-0.43881
-0.44618
-0.49621
-0.51249
-0.48972
-0.47651
0
0
0
0
0
-8.607
0
0
0
0
0
0
0
0
-0.56711
-0.5742
-0.56711
-0.56711
-0.54831
-0.43179
-0.43179
-0.47432
7.8544
-0.42251
-0.42251
-0.43069
-0.49176
-0.50137
-0.4736
-0.46675
-0.48352
0
0
0
0
0
0
0
0
0
0
0
0
0
-0.54139
-0.52497
-0.54139
-0.54139
-0.52249
-0.42251
-0.42251
-0.43881
-0.42251
6.9548
-0.39186
-0.40135
-0.44841
-0.46308
-0.43998
-0.43217
0
0
0
0
0
0
0
0
0
0
0
0
0
0
-0.54139
-0.52497
-0.54139
-0.54139
-0.52249
-0.42251
-0.42251
-0.43881
-0.42251
-0.39186
6.9548
-0.40135
-0.44841
-0.46308
-0.43998
-0.43217
0
0
0
0
0
0
0
0
0
0
0
0
0
0
-0.55124
-0.5342
-0.55124
-0.55124
-0.53228
-0.43069
-0.43069
-0.44618
-0.43069
-0.40135
-0.40135
6.6145
-0.4349
-0.46134
-0.45707
0
0
0
0
0
0
0
0
0
0
0
0
0
0
0
-0.62718
-0.59322
-0.62718
-0.62718
-0.6064
-0.49176
-0.49176
-0.49621
-0.49176
-0.44841
-0.44841
-0.4349
12.8853
0
0
0
0
0
-0.15013
0
0
0
-6.3508
0
0
0
0
0
0
0
-0.63962
-0.61129
-0.63962
-0.63962
-0.61668
-0.50137
-0.50137
-0.51249
-0.50137
-0.46308
-0.46308
-0.46134
0
11.829
0
0
0
0
0
0
0
0
0
-5.2781
0
0
0
0
0
0
-0.6063
-0.58729
-0.6063
-0.6063
-0.58589
-0.4736
-0.4736
-0.48972
-0.4736
-0.43998
-0.43998
-0.45707
0
0
6.2396
0
0
0
0
0
0
0
0
0
0
0
0
0
0
0
-0.59343
-0.56854
-0.59343
-0.59343
-0.57335
-0.46675
-0.46675
-0.47651
-0.46675
-0.43217
-0.43217
0
0
0
0
9.6109
0
0
0
0
0
0
0
0
0
0
0
-3.9477
0
0
-0.61929
0
-0.61929
-0.61929
-0.59575
-0.48352
-0.48352
0
-0.48352
0
0
0
0
0
0
0
4.0863
0
-0.18211
0
0
0
0
0
0
0
0
0
0
0
0
-0.18528
0
0
-0.14335
0
0
0
0
0
0
0
0
0
0
0
0
12.4006
0
-6.6599
0
0
0
0
0
0
0
0
0
-5.412
0
0
0
0
0
0
0
0
0
0
0
0
-0.15013
0
0
0
-0.18211
0
0.43674
0
0
0
0
0
0
-0.1045
0
0
0
0
0
0
0
0
0
0
0
0
0
0
0
0
0
0
0
0
0
-6.6599
0
7.1627
-0.50276
0
0
0
0
0
0
0
0
0
0
-5.3016
0
0
0
0
0
0
0
0
0
0
0
0
0
0
0
0
0
-0.50276
5.8044
0
0
0
0
0
0
0
0
0
0
0
0
0
0
0
0
-8.607
0
0
0
0
0
0
0
0
0
0
0
0
0
8.607
0
0
0
0
0
0
0
0
0
0
0
0
0
0
0
0
0
0
0
0
-6.3508
0
0
0
0
0
0
0
0
0
6.3508
0
0
0
0
0
0
0
0
0
0
0
0
0
0
0
0
0
0
0
0
-5.2781
0
0
0
0
0
0
0
0
0
5.2781
0
0
0
0
0
0
0
0
-9.5017
0
0
0
0
0
0
0
0
0
0
0
0
0
0
0
0
0
0
0
0
0
9.5017
0
0
0
0
0
0
0
0
0
0
0
0
0
0
0
0
0
0
0
0
0
0
0
-0.1045
0
0
0
0
0
0
0.1045
0
0
0
0
-9.5017
0
0
0
0
0
0
0
0
0
0
0
0
0
0
0
0
0
0
0
0
0
0
0
0
0
9.5017
0
0
0
0
0
0
0
0
0
0
0
0
0
0
0
0
0
0
-3.9477
0
0
0
0
0
0
0
0
0
0
0
3.9477
0
0
0
0
0
-9.5017
0
0
0
0
0
0
0
0
0
0
0
0
0
0
0
0
0
0
0
0
0
0
0
0
9.5017
0
0
0
0
0
0
0
0
0
0
0
0
0
0
0
0
0
0
-5.412
0
0
0
0
0
0
0
0
0
0
0
5.412
