35.9552
-0.88265
-0.84526
-0.85078
-0.84667
-0.84667
-0.8483
-0.8483
-0.78782
-0.78782
-0.78782
-0.83526
-0.83055
-0.82938
-0.82938
-0.8667
-0.84343
-0.80314
-0.80314
-0.86194
-0.87637
0
0
0
0
0
-9.6219
0
-9.6219
0
-0.88265
24.6502
-0.86364
-0.85719
-0.84441
-0.84441
-0.84625
-0.84625
-0.7861
-0.7861
-0.7861
-0.84505
-0.82776
-0.82659
-0.82659
-0.86377
-0.86101
-0.79923
-0.79923
-0.85668
-0.86968
0
-0.17248
0
-7.759
0
0
0
0
0
-0.84526
-0.86364
16.0055
-0.8181
-0.79586
-0.79586
-0.79778
-0.79778
-0.74145
-0.74145
-0.74145
-0.80674
-0.77969
-0.7786
-0.7786
-0.81334
-0.82951
-0.75186
-0.75186
-0.80453
-0.81539
0
0
-0.15669
0
0
0
0
0
0
-0.85078
-0.85719
-0.8181
23.6811
-0.81183
-0.81183
-0.8137
-0.8137
-0.75607
-0.75607
-0.75607
-0.81952
-0.79561
-0.7945
-0.7945
-0.83004
-0.83686
-0.76754
-0.76754
-0.82187
-0.83359
0
0
0
0
0
0
-7.5741
0
0
-0.84667
-0.84441
-0.79586
-0.81183
15.7109
-0.787
-0.79001
-0.79001
-0.7341
-0.7341
-0.7341
-0.80657
-0.77173
-0.77066
-0.77066
-0.805
-0.83179
-0.74342
-0.74342
-0.79479
-0.80478
0
0
0
0
0
0
0
0
0
-0.84667
-0.84441
-0.79586
-0.81183
-0.787
15.7109
-0.79001
-0.79001
-0.7341
-0.7341
-0.7341
-0.80657
-0.77173
-0.77066
-0.77066
-0.805
-0.83179
-0.74342
-0.74342
-0.79479
-0.80478
0
0
0
0
0
0
0
0
0
-0.8483
-0.84625
-0.79778
-0.8137
-0.79001
-0.79001
14.9409
-0.79054
-0.73511
-0.73511
-0.73511
-0.80882
-0.77414
-0.77307
-0.77307
-0.80753
-0.83393
-0.74575
-0.74575
-0.79697
0
0
0
0
0
0
0
0
0
0
-0.8483
-0.84625
-0.79778
-0.8137
-0.79001
-0.79001
-0.79054
14.9409
-0.73511
-0.73511
-0.73511
-0.80882
-0.77414
-0.77307
-0.77307
-0.80753
-0.83393
-0.74575
-0.74575
-0.79697
0
0
0
0
0
0
0
0
0
0
-0.78782
-0.7861
-0.74145
-0.75607
-0.7341
-0.7341
-0.73511
-0.73511
13.1002
-0.66672
-0.66672
-0.73992
-0.71276
-0.71177
-0.71177
-0.74325
-0.76489
-0.68625
-0.68625
0
0
0
0
0
0
0
0
0
0
0
-0.78782
-0.7861
-0.74145
-0.75607
-0.7341
-0.7341
-0.73511
-0.73511
-0.66672
13.1002
-0.66672
-0.73992
-0.71276
-0.71177
-0.71177
-0.74325
-0.76489
-0.68625
-0.68625
0
0
0
0
0
0
0
0
0
0
0
-0.78782
-0.7861
-0.74145
-0.75607
-0.7341
-0.7341
-0.73511
-0.73511
-0.66672
-0.66672
13.1002
-0.73992
-0.71276
-0.71177
-0.71177
-0.74325
-0.76489
-0.68625
-0.68625
0
0
0
0
0
0
0
0
0
0
0
-0.83526
-0.84505
-0.80674
-0.81952
-0.80657
-0.80657
-0.80882
-0.80882
-0.73992
-0.73992
-0.73992
17.1947
-0.7982
-0.79708
-0.79708
-0.83275
0
0
0
0
0
0
0
0
0
-5.2125
0
0
0
0
-0.83055
-0.82776
-0.77969
-0.79561
-0.77173
-0.77173
-0.77414
-0.77414
-0.71276
-0.71276
-0.71276
-0.7982
11.5374
-0.74745
-0.74745
-0.78065
0
0
0
0
0
0
0
0
0
0
0
0
0
0
-0.82938
-0.82659
-0.7786
-0.7945
-0.77066
-0.77066
-0.77307
-0.77307
-0.71177
-0.71177
-0.71177
-0.79708
-0.74745
10.7102
-0.7138
0
0
0
0
0
0
0
0
0
0
0
0
0
0
0
-0.82938
-0.82659
-0.7786
-0.7945
-0.77066
-0.77066
-0.77307
-0.77307
-0.71177
-0.71177
-0.71177
-0.79708
-0.74745
-0.7138
10.7102
0
0
0
0
0
0
0
0
0
0
0
0
0
0
0
-0.8667
-0.86377
-0.81334
-0.83004
-0.805
-0.805
-0.80753
-0.80753
-0.74325
-0.74325
-0.74325
-0.83275
-0.78065
0
0
10.4421
0
0
0
0
0
0
0
0
0
0
0
0
0
0
-0.84343
-0.86101
-0.82951
-0.83686
-0.83179
-0.83179
-0.83393
-0.83393
-0.76489
-0.76489
-0.76489
0
0
0
0
0
11.2678
0
0
0
0
0
0
0
0
0
0
0
0
-2.2709
-0.80314
-0.79923
-0.75186
-0.76754
-0.74342
-0.74342
-0.74575
-0.74575
-0.68625
-0.68625
-0.68625
0
0
0
0
0
0
8.1589
0
0
0
0
0
0
0
0
0
0
0
0
-0.80314
-0.79923
-0.75186
-0.76754
-0.74342
-0.74342
-0.74575
-0.74575
-0.68625
-0.68625
-0.68625
0
0
0
0
0
0
0
8.1589
0
0
0
0
0
0
0
0
0
0
0
-0.86194
-0.85668
-0.80453
-0.82187
-0.79479
-0.79479
-0.79697
-0.79697
0
0
0
0
0
0
0
0
0
0
0
6.5285
0
0
0
0
0
0
0
0
0
0
-0.87637
-0.86968
-0.81539
-0.83359
-0.80478
-0.80478
0
0
0
0
0
0
0
0
0
0
0
0
0
0
5.0046
0
0
0
0
0
0
0
0
0
0
0
0
0
0
0
0
0
0
0
0
0
0
0
0
0
0
0
0
0
0
3.5007
-1.7137
-1.787
0
0
0
0
0
0
0
-0.17248
0
0
0
0
0
0
0
0
0
0
0
0
0
0
0
0
0
0
0
-1.7137
1.8861
0
0
0
0
0
0
0
0
0
-0.15669
0
0
0
0
0
0
0
0
0
0
0
0
0
0
0
0
0
0
-1.787
0
1.9437
0
0
0
0
0
0
0
-7.759
0
0
0
0
0
0
0
0
0
0
0
0
0
0
0
0
0
0
0
0
0
0
7.759
0
0
0
0
0
0
0
0
0
0
0
0
0
0
0
0
-5.2125
0
0
0
0
0
0
0
0
0
0
0
0
0
5.2125
0
0
0
0
-9.6219
0
0
0
0
0
0
0
0
0
0
0
0
0
0
0
0
0
0
0
0
0
0
0
0
0
9.6219
0
0
0
0
0
0
-7.5741
0
0
0
0
0
0
0
0
0
0
0
0
0
0
0
0
0
0
0
0
0
0
0
7.5741
0
0
-9.6219
0
0
0
0
0
0
0
0
0
0
0
0
0
0
0
0
0
0
0
0
0
0
0
0
0
0
0
9.6219
0
0
0
0
0
0
0
0
0
0
0
0
0
0
0
0
0
-2.2709
0
0
0
0
0
0
0
0
0
0
0
0
2.2709
