27.247
-0.86298
-0.85672
-0.85672
-0.84327
-0.84327
-0.84327
-0.85258
-0.89875
-0.9022
-0.9022
-0.9022
-0.79567
-0.79567
-0.82409
-0.82409
-0.87059
-0.83739
-0.83739
-0.83634
-0.81686
-1.2273
-1.2273
0
0
0
0
0
-7.7902
0
-0.86298
33.4011
-0.84651
-0.84651
-0.80737
-0.80737
-0.80737
-0.79906
-0.84081
-0.86556
-0.86556
-0.86556
-0.76513
-0.76513
-0.79189
-0.79189
-0.8375
-0.76857
-0.76857
-0.80604
-0.79088
0
0
0
0
-8.5504
-8.5504
0
0
0
-0.85672
-0.84651
18.4675
-0.80575
-0.799
-0.799
-0.799
-0.81282
-0.85579
-0.8505
-0.8505
-0.8505
-0.75284
-0.75284
-0.77895
-0.77895
-0.82059
-0.81385
-0.81385
-0.78898
-0.76944
-1.1356
-1.1356
0
0
0
0
0
0
0
-0.85672
-0.84651
-0.80575
18.4675
-0.799
-0.799
-0.799
-0.81282
-0.85579
-0.8505
-0.8505
-0.8505
-0.75284
-0.75284
-0.77895
-0.77895
-0.82059
-0.81385
-0.81385
-0.78898
-0.76944
-1.1356
-1.1356
0
0
0
0
0
0
0
-0.84327
-0.80737
-0.799
-0.799
15.8759
-0.77618
-0.77618
-0.81287
-0.83379
-0.83382
-0.83382
-0.83382
-0.7385
-0.7385
-0.76386
-0.76386
-0.80454
-0.79325
-0.79325
-0.77415
-0.75692
0
0
0
0
0
0
0
0
0
-0.84327
-0.80737
-0.799
-0.799
-0.77618
15.8759
-0.77618
-0.81287
-0.83379
-0.83382
-0.83382
-0.83382
-0.7385
-0.7385
-0.76386
-0.76386
-0.80454
-0.79325
-0.79325
-0.77415
-0.75692
0
0
0
0
0
0
0
0
0
-0.84327
-0.80737
-0.799
-0.799
-0.77618
-0.77618
15.8759
-0.81287
-0.83379
-0.83382
-0.83382
-0.83382
-0.7385
-0.7385
-0.76386
-0.76386
-0.80454
-0.79325
-0.79325
-0.77415
-0.75692
0
0
0
0
0
0
0
0
0
-0.85258
-0.79906
-0.81282
-0.81282
-0.81287
-0.81287
-0.81287
22.1306
-0.83277
-0.84476
-0.84476
-0.84476
-0.74737
-0.74737
-0.77319
-0.77319
-0.81556
-0.77755
-0.77755
-0.78505
0
0
0
-6.8509
0
0
0
0
0
0
-0.89875
-0.84081
-0.85579
-0.85579
-0.83379
-0.83379
-0.83379
-0.83277
17.6757
-0.9719
-0.9719
-0.9719
-0.77576
-0.77576
-0.80309
-0.80309
0
0
0
0
0
0
0
0
-4.817
0
0
0
0
0
-0.9022
-0.86556
-0.8505
-0.8505
-0.83382
-0.83382
-0.83382
-0.84476
-0.9719
13.6712
-0.89592
-0.89592
-0.79056
-0.79056
-0.8187
-0.8187
-0.874
0
0
0
0
0
0
0
0
0
0
0
0
0
-0.9022
-0.86556
-0.8505
-0.8505
-0.83382
-0.83382
-0.83382
-0.84476
-0.9719
-0.89592
13.6712
-0.89592
-0.79056
-0.79056
-0.8187
-0.8187
-0.874
0
0
0
0
0
0
0
0
0
0
0
0
0
-0.9022
-0.86556
-0.8505
-0.8505
-0.83382
-0.83382
-0.83382
-0.84476
-0.9719
-0.89592
-0.89592
13.6712
-0.79056
-0.79056
-0.8187
-0.8187
-0.874
0
0
0
0
0
0
0
0
0
0
0
0
0
-0.79567
-0.76513
-0.75284
-0.75284
-0.7385
-0.7385
-0.7385
-0.74737
-0.77576
-0.79056
-0.79056
-0.79056
11.2436
-0.67419
-0.69632
-0.69632
0
0
0
0
0
0
0
0
0
0
0
0
0
0
-0.79567
-0.76513
-0.75284
-0.75284
-0.7385
-0.7385
-0.7385
-0.74737
-0.77576
-0.79056
-0.79056
-0.79056
-0.67419
11.2436
-0.69632
-0.69632
0
0
0
0
0
0
0
0
0
0
0
0
0
0
-0.82409
-0.79189
-0.77895
-0.77895
-0.76386
-0.76386
-0.76386
-0.77319
-0.80309
-0.8187
-0.8187
-0.8187
-0.69632
-0.69632
10.8905
0
0
0
0
0
0
0
0
0
0
0
0
0
0
0
-0.82409
-0.79189
-0.77895
-0.77895
-0.76386
-0.76386
-0.76386
-0.77319
-0.80309
-0.8187
-0.8187
-0.8187
-0.69632
-0.69632
0
10.8905
0
0
0
0
0
0
0
0
0
0
0
0
0
0
-0.87059
-0.8375
-0.82059
-0.82059
-0.80454
-0.80454
-0.80454
-0.81556
0
-0.874
-0.874
-0.874
0
0
0
0
9.2004
0
0
0
0
0
0
0
0
0
0
0
0
0
-0.83739
-0.76857
-0.81385
-0.81385
-0.79325
-0.79325
-0.79325
-0.77755
0
0
0
0
0
0
0
0
0
6.4955
0
0
0
0
0
0
0
0
0
0
0
-0.1045
-0.83739
-0.76857
-0.81385
-0.81385
-0.79325
-0.79325
-0.79325
-0.77755
0
0
0
0
0
0
0
0
0
0
6.4955
0
0
0
0
0
0
0
0
-0.1045
0
0
-0.83634
-0.80604
-0.78898
-0.78898
-0.77415
-0.77415
-0.77415
-0.78505
0
0
0
0
0
0
0
0
0
0
0
6.3278
0
0
0
0
0
0
0
0
0
0
-0.81686
-0.79088
-0.76944
-0.76944
-0.75692
-0.75692
-0.75692
0
0
0
0
0
0
0
0
0
0
0
0
0
5.4174
0
0
0
0
0
0
0
0
0
-1.2273
0
-1.1356
-1.1356
0
0
0
0
0
0
0
0
0
0
0
0
0
0
0
0
0
3.4984
0
0
0
0
0
0
0
0
-1.2273
0
-1.1356
-1.1356
0
0
0
0
0
0
0
0
0
0
0
0
0
0
0
0
0
0
3.4984
0
0
0
0
0
0
0
0
0
0
0
0
0
0
-6.8509
0
0
0
0
0
0
0
0
0
0
0
0
0
0
0
6.8509
0
0
0
0
0
0
0
0
0
0
0
0
0
0
-4.817
0
0
0
0
0
0
0
0
0
0
0
0
0
0
0
4.817
0
0
0
0
0
0
-8.5504
0
0
0
0
0
0
0
0
0
0
0
0
0
0
0
0
0
0
0
0
0
0
0
8.5504
0
0
0
0
0
-8.5504
0
0
0
0
0
0
0
0
0
0
0
0
0
0
0
0
0
0
0
0
0
0
0
0
8.5504
0
0
0
0
0
0
0
0
0
0
0
0
0
0
0
0
0
0
0
0
0
-0.1045
0
0
0
0
0
0
0
0
0.1045
0
0
-7.7902
0
0
0
0
0
0
0
0
0
0
0
0
0
0
0
0
0
0
0
0
0
0
0
0
0
0
0
7.7902
0
0
0
0
0
0
0
0
0
0
0
0
0
0
0
0
0
0
-0.1045
0
0
0
0
0
0
0
0
0
0
0
0.1045
