65.7605
-0.5883
-0.5883
-0.52386
-0.52386
-0.52386
-0.52386
-0.52386
-0.52386
-0.53592
-0.53592
-0.47452
-0.49394
-0.58968
-0.60571
-0.60571
-0.52853
-0.23624
-0.52853
-0.54673
0
0
-13.9398
-13.9398
0
0
-13.9398
0
-13.9398
0
-0.5883
18.2667
-0.78714
-0.64722
-0.64722
-0.64722
-0.64722
-0.64722
-0.64722
-0.65632
-0.65632
-0.64282
-0.67867
-0.72504
-0.73806
-0.73806
-0.63757
-0.40229
-0.63757
-0.65661
-5.8387
0
0
0
0
0
0
0
0
0
-0.5883
-0.78714
18.2667
-0.64722
-0.64722
-0.64722
-0.64722
-0.64722
-0.64722
-0.65632
-0.65632
-0.64282
-0.67867
-0.72504
-0.73806
-0.73806
-0.63757
-0.40229
-0.63757
-0.65661
0
0
0
0
0
-5.8387
0
0
0
0
-0.52386
-0.64722
-0.64722
10.2097
-0.51188
-0.51188
-0.51188
-0.51188
-0.51188
-0.53126
-0.53126
-0.52421
-0.55619
-0.58705
-0.59672
-0.59672
-0.51446
-0.3499
-0.51446
-0.52975
0
0
0
0
0
0
0
0
0
0
-0.52386
-0.64722
-0.64722
-0.51188
10.2097
-0.51188
-0.51188
-0.51188
-0.51188
-0.53126
-0.53126
-0.52421
-0.55619
-0.58705
-0.59672
-0.59672
-0.51446
-0.3499
-0.51446
-0.52975
0
0
0
0
0
0
0
0
0
0
-0.52386
-0.64722
-0.64722
-0.51188
-0.51188
10.2097
-0.51188
-0.51188
-0.51188
-0.53126
-0.53126
-0.52421
-0.55619
-0.58705
-0.59672
-0.59672
-0.51446
-0.3499
-0.51446
-0.52975
0
0
0
0
0
0
0
0
0
0
-0.52386
-0.64722
-0.64722
-0.51188
-0.51188
-0.51188
10.2097
-0.51188
-0.51188
-0.53126
-0.53126
-0.52421
-0.55619
-0.58705
-0.59672
-0.59672
-0.51446
-0.3499
-0.51446
-0.52975
0
0
0
0
0
0
0
0
0
0
-0.52386
-0.64722
-0.64722
-0.51188
-0.51188
-0.51188
-0.51188
10.2097
-0.51188
-0.53126
-0.53126
-0.52421
-0.55619
-0.58705
-0.59672
-0.59672
-0.51446
-0.3499
-0.51446
-0.52975
0
0
0
0
0
0
0
0
0
0
-0.52386
-0.64722
-0.64722
-0.51188
-0.51188
-0.51188
-0.51188
-0.51188
10.2097
-0.53126
-0.53126
-0.52421
-0.55619
-0.58705
-0.59672
-0.59672
-0.51446
-0.3499
-0.51446
-0.52975
0
0
0
0
0
0
0
0
0
0
-0.53592
-0.65632
-0.65632
-0.53126
-0.53126
-0.53126
-0.53126
-0.53126
-0.53126
9.4456
-0.52169
-0.52609
-0.55594
-0.58345
-0.59451
-0.59451
-0.51665
0
-0.51665
0
0
0
0
0
0
0
0
0
0
0
-0.53592
-0.65632
-0.65632
-0.53126
-0.53126
-0.53126
-0.53126
-0.53126
-0.53126
-0.52169
9.4456
-0.52609
-0.55594
-0.58345
-0.59451
-0.59451
-0.51665
0
-0.51665
0
0
0
0
0
0
0
0
0
0
0
-0.47452
-0.64282
-0.64282
-0.52421
-0.52421
-0.52421
-0.52421
-0.52421
-0.52421
-0.52609
-0.52609
10.7103
-0.52121
-0.56211
-0.57782
-0.57782
0
0
0
0
0
0
0
0
0
0
0
0
0
-2.5137
-0.49394
-0.67867
-0.67867
-0.55619
-0.55619
-0.55619
-0.55619
-0.55619
-0.55619
-0.55594
-0.55594
-0.52121
8.0662
-0.56891
0
0
0
0
0
0
0
0
0
0
-0.6758
0
0
0
0
0
-0.58968
-0.72504
-0.72504
-0.58705
-0.58705
-0.58705
-0.58705
-0.58705
-0.58705
-0.58345
-0.58345
-0.56211
-0.56891
7.86
0
0
0
0
0
0
0
0
0
0
0
0
0
0
0
0
-0.60571
-0.73806
-0.73806
-0.59672
-0.59672
-0.59672
-0.59672
-0.59672
-0.59672
-0.59451
-0.59451
-0.57782
0
0
7.429
0
0
0
0
0
0
0
0
0
0
0
0
0
0
0
-0.60571
-0.73806
-0.73806
-0.59672
-0.59672
-0.59672
-0.59672
-0.59672
-0.59672
-0.59451
-0.59451
-0.57782
0
0
0
7.429
0
0
0
0
0
0
0
0
0
0
0
0
0
0
-0.52853
-0.63757
-0.63757
-0.51446
-0.51446
-0.51446
-0.51446
-0.51446
-0.51446
-0.51665
-0.51665
0
0
0
0
0
5.9238
0
0
0
0
0
0
0
0
0
0
0
0
0
-0.23624
-0.40229
-0.40229
-0.3499
-0.3499
-0.3499
-0.3499
-0.3499
-0.3499
0
0
0
0
0
0
0
0
10.8452
0
0
0
-3.8525
0
0
0
0
0
-3.8525
0
0
-0.52853
-0.63757
-0.63757
-0.51446
-0.51446
-0.51446
-0.51446
-0.51446
-0.51446
-0.51665
-0.51665
0
0
0
0
0
0
0
5.9238
0
0
0
0
0
0
0
0
0
0
0
-0.54673
-0.65661
-0.65661
-0.52975
-0.52975
-0.52975
-0.52975
-0.52975
-0.52975
0
0
0
0
0
0
0
0
0
0
5.0385
0
0
0
0
0
0
0
0
0
0
0
-5.8387
0
0
0
0
0
0
0
0
0
0
0
0
0
0
0
0
0
0
5.8387
0
0
0
0
0
0
0
0
0
0
0
0
0
0
0
0
0
0
0
0
0
0
0
0
0
0
-3.8525
0
0
0
3.8525
0
0
0
0
0
0
0
0
-13.9398
0
0
0
0
0
0
0
0
0
0
0
0
0
0
0
0
0
0
0
0
0
13.9398
0
0
0
0
0
0
0
-13.9398
0
0
0
0
0
0
0
0
0
0
0
0
0
0
0
0
0
0
0
0
0
0
13.9398
0
0
0
0
0
0
0
0
0
0
0
0
0
0
0
0
0
0
-0.6758
0
0
0
0
0
0
0
0
0
0
0
0.6758
0
0
0
0
0
0
0
-5.8387
0
0
0
0
0
0
0
0
0
0
0
0
0
0
0
0
0
0
0
0
0
0
5.8387
0
0
0
0
-13.9398
0
0
0
0
0
0
0
0
0
0
0
0
0
0
0
0
0
0
0
0
0
0
0
0
0
13.9398
0
0
0
0
0
0
0
0
0
0
0
0
0
0
0
0
0
0
0
0
-3.8525
0
0
0
0
0
0
0
0
0
3.8525
0
0
-13.9398
0
0
0
0
0
0
0
0
0
0
0
0
0
0
0
0
0
0
0
0
0
0
0
0
0
0
0
13.9398
0
0
0
0
0
0
0
0
0
0
0
0
-2.5137
0
0
0
0
0
0
0
0
0
0
0
0
0
0
0
0
0
2.5137
