21.0122
-0.70062
-0.62773
-0.60644
-0.62773
-0.62773
-0.48702
-0.48702
-0.48702
-0.48702
-0.59324
-0.53234
-0.5493
-0.56251
-0.55319
0
0
0
0
-5.6988
0
0
0
-7.3844
0
0
0
0
0
0
-0.70062
17.5891
-0.6211
-0.60311
-0.6211
-0.6211
-0.48536
-0.48536
-0.48536
-0.48536
-0.57881
-0.52771
-0.54567
-0.55406
-0.59192
0
0
0
-2.0935
0
0
0
0
0
0
0
0
0
-7.589
0
-0.62773
-0.6211
14.41
-0.54898
-0.56812
-0.56812
-0.4374
-0.4374
-0.4374
-0.4374
-0.53134
-0.48006
-0.49727
-0.50835
-0.51758
0
0
0
0
0
0
0
0
0
0
0
-7.1918
0
0
0
-0.60644
-0.60311
-0.54898
7.1088
-0.54898
-0.54898
-0.42161
-0.42161
-0.42161
-0.42161
-0.52149
-0.46269
-0.47907
-0.49535
-0.50275
0
0
-0.1045
0
0
0
0
0
0
0
0
0
0
0
0
-0.62773
-0.6211
-0.56812
-0.54898
14.41
-0.56812
-0.4374
-0.4374
-0.4374
-0.4374
-0.53134
-0.48006
-0.49727
-0.50835
-0.51758
0
0
0
0
0
0
0
0
0
0
-7.1918
0
0
0
0
-0.62773
-0.6211
-0.56812
-0.54898
-0.56812
14.41
-0.4374
-0.4374
-0.4374
-0.4374
-0.53134
-0.48006
-0.49727
-0.50835
-0.51758
0
0
0
0
0
0
0
0
0
0
0
0
-7.1918
0
0
-0.48702
-0.48536
-0.4374
-0.42161
-0.4374
-0.4374
5.5971
-0.31502
-0.31502
-0.31502
-0.40782
-0.36656
-0.37913
-0.39507
-0.39728
0
0
0
0
0
0
0
0
0
0
0
0
0
0
0
-0.48702
-0.48536
-0.4374
-0.42161
-0.4374
-0.4374
-0.31502
5.5971
-0.31502
-0.31502
-0.40782
-0.36656
-0.37913
-0.39507
-0.39728
0
0
0
0
0
0
0
0
0
0
0
0
0
0
0
-0.48702
-0.48536
-0.4374
-0.42161
-0.4374
-0.4374
-0.31502
-0.31502
5.5971
-0.31502
-0.40782
-0.36656
-0.37913
-0.39507
-0.39728
0
0
0
0
0
0
0
0
0
0
0
0
0
0
0
-0.48702
-0.48536
-0.4374
-0.42161
-0.4374
-0.4374
-0.31502
-0.31502
-0.31502
5.5971
-0.40782
-0.36656
-0.37913
-0.39507
-0.39728
0
0
0
0
0
0
0
0
0
0
0
0
0
0
0
-0.59324
-0.57881
-0.53134
-0.52149
-0.53134
-0.53134
-0.40782
-0.40782
-0.40782
-0.40782
11.4917
-0.398
0
0
0
0
-1.6206
0
0
0
0
0
-4.5542
0
0
0
0
0
0
0
-0.53234
-0.52771
-0.48006
-0.46269
-0.48006
-0.48006
-0.36656
-0.36656
-0.36656
-0.36656
-0.398
5.2789
-0.45175
0
0
0
0
0
0
0
0
0
0
0
0
0
0
0
0
0
-0.5493
-0.54567
-0.49727
-0.47907
-0.49727
-0.49727
-0.37913
-0.37913
-0.37913
-0.37913
0
-0.45175
5.0341
0
0
0
0
0
0
0
0
0
0
0
0
0
0
0
0
0
-0.56251
-0.55406
-0.50835
-0.49535
-0.50835
-0.50835
-0.39507
-0.39507
-0.39507
-0.39507
0
0
0
7.4912
0
0
0
0
0
0
0
0
0
0
-2.774
0
0
0
0
0
-0.55319
-0.59192
-0.51758
-0.50275
-0.51758
-0.51758
-0.39728
-0.39728
-0.39728
-0.39728
0
0
0
0
6.7241
-1.9344
0
0
0
0
0
0
0
0
0
0
0
0
0
0
0
0
0
0
0
0
0
0
0
0
0
0
0
0
-1.9344
6.5809
0
0
0
-1.9141
-2.7324
0
0
0
0
0
0
0
0
0
0
0
0
0
0
0
0
0
0
0
-1.6206
0
0
0
0
0
4.4954
-1.3867
-1.4881
0
0
0
0
0
0
0
0
0
0
0
0
0
0
-0.1045
0
0
0
0
0
0
0
0
0
0
0
0
-1.3867
2.6271
0
0
0
0
0
0
0
0
0
0
0
-1.136
0
-2.0935
0
0
0
0
0
0
0
0
0
0
0
0
0
0
-1.4881
0
4.6542
0
0
-1.0726
0
0
0
0
0
0
0
0
-5.6988
0
0
0
0
0
0
0
0
0
0
0
0
0
0
-1.9141
0
0
0
7.6129
0
0
0
0
0
0
0
0
0
0
0
0
0
0
0
0
0
0
0
0
0
0
0
0
0
-2.7324
0
0
0
0
7.6639
-4.9315
0
0
0
0
0
0
0
0
0
0
0
0
0
0
0
0
0
0
0
0
0
0
0
0
0
0
-1.0726
0
-4.9315
6.0041
0
0
0
0
0
0
0
0
0
0
0
0
0
0
0
0
0
0
-4.5542
0
0
0
0
0
0
0
0
0
0
0
4.5542
0
0
0
0
0
0
0
-7.3844
0
0
0
0
0
0
0
0
0
0
0
0
0
0
0
0
0
0
0
0
0
0
7.3844
0
0
0
0
0
0
0
0
0
0
0
0
0
0
0
0
0
0
0
-2.774
0
0
0
0
0
0
0
0
0
0
2.774
0
0
0
0
0
0
0
0
0
-7.1918
0
0
0
0
0
0
0
0
0
0
0
0
0
0
0
0
0
0
0
0
7.1918
0
0
0
0
0
0
-7.1918
0
0
0
0
0
0
0
0
0
0
0
0
0
0
0
0
0
0
0
0
0
0
0
7.1918
0
0
0
0
0
0
0
0
-7.1918
0
0
0
0
0
0
0
0
0
0
0
0
0
0
0
0
0
0
0
0
0
7.1918
0
0
0
-7.589
0
0
0
0
0
0
0
0
0
0
0
0
0
0
0
0
0
0
0
0
0
0
0
0
0
0
7.589
0
0
0
0
0
0
0
0
0
0
0
0
0
0
0
0
0
0
-1.136
0
0
0
0
0
0
0
0
0
0
0
1.136
