21.7326
-0.29788
-0.28392
-0.28449
-0.28449
-0.29808
-0.29749
-0.29749
-0.29749
-0.26735
-0.24061
-0.3055
-0.2696
0
0
0
0
0
0
0
0
0
0
0
0
-9.1541
-9.1541
0
0
0
-0.29788
3.9564
-0.27648
-0.27382
-0.27382
-0.29555
-0.28135
-0.28135
-0.28135
-0.25381
-0.24586
-0.31317
-0.2567
-0.22297
0
-0.40225
0
0
0
0
0
0
0
0
0
0
0
0
0
0
-0.28392
-0.27648
3.4433
-0.26645
-0.26645
-0.28111
-0.27501
-0.27501
-0.27501
-0.24611
-0.2438
-0.30344
-0.24477
-0.20577
0
0
0
0
0
0
0
0
0
0
0
0
0
0
0
0
-0.28449
-0.27382
-0.26645
3.2082
-0.25007
-0.28068
-0.27703
-0.27703
-0.27703
-0.24458
-0.2469
-0.28901
-0.24113
0
0
0
0
0
0
0
0
0
0
0
0
0
0
0
0
0
-0.28449
-0.27382
-0.26645
-0.25007
3.2082
-0.28068
-0.27703
-0.27703
-0.27703
-0.24458
-0.2469
-0.28901
-0.24113
0
0
0
0
0
0
0
0
0
0
0
0
0
0
0
0
0
-0.29808
-0.29555
-0.28111
-0.28068
-0.28068
7.7561
-0.29686
-0.29686
-0.29686
-0.25764
0
0
0
0
0
0
-0.1045
0
0
-5.0673
0
0
0
0
0
0
0
0
0
0
-0.29749
-0.28135
-0.27501
-0.27703
-0.27703
-0.29686
7.8687
-0.29598
-0.29598
-0.24702
0
0
0
0
0
0
0
0
0
0
0
-5.3249
0
0
0
0
0
0
0
0
-0.29749
-0.28135
-0.27501
-0.27703
-0.27703
-0.29686
-0.29598
7.8687
-0.29598
-0.24702
0
0
0
0
0
0
0
0
0
0
0
0
-5.3249
0
0
0
0
0
0
0
-0.29749
-0.28135
-0.27501
-0.27703
-0.27703
-0.29686
-0.29598
-0.29598
7.8687
-0.24702
0
0
0
0
0
0
0
0
0
0
0
0
0
-5.3249
0
0
0
0
0
0
-0.26735
-0.25381
-0.24611
-0.24458
-0.24458
-0.25764
-0.24702
-0.24702
-0.24702
2.2552
0
0
0
0
0
0
0
0
0
0
0
0
0
0
0
0
0
0
0
0
-0.24061
-0.24586
-0.2438
-0.2469
-0.2469
0
0
0
0
0
13.9626
0
0
0
0
0
0
0
0
0
-6.3693
0
0
0
0
0
0
0
0
-6.3693
-0.3055
-0.31317
-0.30344
-0.28901
-0.28901
0
0
0
0
0
0
1.6495
0
0
-0.14933
0
0
0
0
0
0
0
0
0
0
0
0
0
0
0
-0.2696
-0.2567
-0.24477
-0.24113
-0.24113
0
0
0
0
0
0
0
1.2533
0
0
0
0
0
0
0
0
0
0
0
0
0
0
0
0
0
0
-0.22297
-0.20577
0
0
0
0
0
0
0
0
0
0
3.0846
-0.19267
0
0
-2.2044
0
0
0
0
0
0
-0.25882
0
0
0
0
0
0
0
0
0
0
0
0
0
0
0
0
-0.14933
0
-0.19267
7.4603
-0.30689
0
0
-3.7297
0
0
0
0
0
0
0
0
-3.0817
0
0
0
-0.40225
0
0
0
0
0
0
0
0
0
0
0
0
-0.30689
2.2815
-0.37114
0
-1.2012
0
0
0
0
0
0
0
0
0
0
0
0
0
0
0
0
-0.1045
0
0
0
0
0
0
0
0
0
-0.37114
2.6231
-1.8068
0
0
0
0
0
0
0
0
0
0
-0.34059
0
0
0
0
0
0
0
0
0
0
0
0
0
0
-2.2044
0
0
-1.8068
4.9149
0
-0.90364
0
0
0
0
0
0
0
0
0
0
0
0
0
0
0
0
0
0
0
0
0
0
0
0
-3.7297
-1.2012
0
0
4.9309
0
0
0
0
0
0
0
0
0
0
0
0
0
0
0
0
-5.0673
0
0
0
0
0
0
0
0
0
0
0
-0.90364
0
5.9709
0
0
0
0
0
0
0
0
0
0
0
0
0
0
0
0
0
0
0
0
-6.3693
0
0
0
0
0
0
0
0
0
6.3693
0
0
0
0
0
0
0
0
0
0
0
0
0
0
0
-5.3249
0
0
0
0
0
0
0
0
0
0
0
0
0
0
5.3249
0
0
0
0
0
0
0
0
0
0
0
0
0
0
0
-5.3249
0
0
0
0
0
0
0
0
0
0
0
0
0
0
5.3249
0
0
0
0
0
0
0
0
0
0
0
0
0
0
0
-5.3249
0
0
0
0
0
0
0
0
0
0
0
0
0
0
5.3249
0
0
0
0
0
0
0
0
0
0
0
0
0
0
0
0
0
0
0
-0.25882
0
0
0
0
0
0
0
0
0
0
0.25882
0
0
0
0
0
-9.1541
0
0
0
0
0
0
0
0
0
0
0
0
0
0
0
0
0
0
0
0
0
0
0
0
9.1541
0
0
0
0
-9.1541
0
0
0
0
0
0
0
0
0
0
0
0
0
0
0
0
0
0
0
0
0
0
0
0
0
9.1541
0
0
0
0
0
0
0
0
0
0
0
0
0
0
0
0
0
-3.0817
0
0
0
0
0
0
0
0
0
0
0
0
3.0817
0
0
0
0
0
0
0
0
0
0
0
0
0
0
0
0
0
0
-0.34059
0
0
0
0
0
0
0
0
0
0
0
0.34059
0
0
0
0
0
0
0
0
0
0
0
-6.3693
0
0
0
0
0
0
0
0
0
0
0
0
0
0
0
0
0
0
6.3693
