33.17
-0.57787
-0.59714
-0.56262
-0.57648
-0.569
-0.58052
-0.56896
-0.56045
-0.54558
-0.55065
-0.56919
-0.56919
-0.58305
-0.53066
-0.52876
-1.0097
0
0
-0.36727
0
0
0
0
-11.6614
0
0
0
-11.6614
0
-0.57787
9.8472
-0.601
-0.55872
-0.57958
-0.56675
-0.57922
-0.56739
-0.56548
-0.54255
-0.54644
-0.56475
-0.56475
-0.59251
-0.54647
-0.53003
-0.98258
-0.38112
0
0
0
0
0
0
0
0
0
0
0
0
-0.59714
-0.601
19.1607
-0.57536
-0.60109
-0.58446
-0.60196
-0.58464
-0.58015
-0.55813
-0.5622
-0.5814
-0.5814
-0.61217
-0.56653
-0.55048
-1.0072
0
0
0
0
0
0
-9.4153
0
0
0
0
0
0
-0.56262
-0.55872
-0.57536
9.1034
-0.55772
-0.54609
-0.55834
-0.54556
-0.54148
-0.52058
-0.52391
-0.54098
-0.54098
-0.56897
-0.53312
-0.51653
-0.91238
0
0
0
0
0
0
0
0
0
0
0
0
0
-0.57648
-0.57958
-0.60109
-0.55772
17.4348
-0.56141
-0.57202
-0.56082
-0.55441
-0.53488
-0.5385
-0.55636
-0.55636
-0.58341
-0.54241
-0.52933
0
0
0
0
0
0
0
0
0
-9.03
0
0
0
0
-0.569
-0.56675
-0.58446
-0.54609
-0.56141
8.2621
-0.56244
-0.55058
-0.54684
-0.52392
-0.52734
-0.54459
-0.54459
-0.57255
-0.53863
-0.52289
0
0
0
0
0
0
0
0
0
0
0
0
0
0
-0.58052
-0.57922
-0.60196
-0.55834
-0.57202
-0.56244
14.858
-0.5762
-0.573
-0.5407
-0.53436
-0.552
-0.552
0
0
0
0
0
0
-0.38587
0
0
0
0
0
0
0
-7.6894
0
0
-0.56896
-0.56739
-0.58464
-0.54556
-0.56082
-0.55058
-0.5762
7.7318
-0.54392
-0.51915
-0.52478
-0.54189
-0.54189
-0.57225
-0.53378
0
0
0
0
0
0
0
0
0
0
0
0
0
0
0
-0.56045
-0.56548
-0.58015
-0.54148
-0.55441
-0.54684
-0.573
-0.54392
7.5296
-0.51604
-0.52254
-0.53953
-0.53953
-0.56777
0
0
0
-0.37847
0
0
0
0
0
0
0
0
0
0
0
0
-0.54558
-0.54255
-0.55813
-0.52058
-0.53488
-0.52392
-0.5407
-0.51915
-0.51604
6.8695
-0.4987
-0.51444
-0.51444
-0.54035
0
0
0
0
0
0
0
0
0
0
0
0
0
0
0
0
-0.55065
-0.54644
-0.5622
-0.52391
-0.5385
-0.52734
-0.53436
-0.52478
-0.52254
-0.4987
6.3626
-0.51659
-0.51659
0
0
0
0
0
0
0
0
0
0
0
0
0
0
0
0
0
-0.56919
-0.56475
-0.5814
-0.54098
-0.55636
-0.54459
-0.552
-0.54189
-0.53953
-0.51444
-0.51659
6.0217
0
0
0
0
0
0
0
0
0
0
0
0
0
0
0
0
0
0
-0.56919
-0.56475
-0.5814
-0.54098
-0.55636
-0.54459
-0.552
-0.54189
-0.53953
-0.51444
-0.51659
0
6.0217
0
0
0
0
0
0
0
0
0
0
0
0
0
0
0
0
0
-0.58305
-0.59251
-0.61217
-0.56897
-0.58341
-0.57255
0
-0.57225
-0.56777
-0.54035
0
0
0
9.919
0
0
0
0
0
0
0
0
0
0
0
0
0
0
0
-4.726
-0.53066
-0.54647
-0.56653
-0.53312
-0.54241
-0.53863
0
-0.53378
0
0
0
0
0
0
7.383
0
0
0
-0.21205
0
0
0
-3.3794
0
0
0
0
0
0
0
-0.52876
-0.53003
-0.55048
-0.51653
-0.52933
-0.52289
0
0
0
0
0
0
0
0
0
3.4106
0
0
-0.2326
0
0
0
0
0
0
0
0
0
0
0
-1.0097
-0.98258
-1.0072
-0.91238
0
0
0
0
0
0
0
0
0
0
0
0
3.9119
0
0
0
0
0
0
0
0
0
0
0
0
0
0
-0.38112
0
0
0
0
0
0
-0.37847
0
0
0
0
0
0
0
0
1.0927
0
0
-0.33306
0
0
0
0
0
0
0
0
0
0
0
0
0
0
0
0
0
0
0
0
0
0
0
-0.21205
-0.2326
0
0
0.54915
0
0
0
0
0
0
0
-0.1045
0
0
0
-0.36727
0
0
0
0
0
-0.38587
0
0
0
0
0
0
0
0
0
0
0
0
1.0566
0
-0.30343
0
0
0
0
0
0
0
0
0
0
0
0
0
0
0
0
0
0
0
0
0
0
0
0
0
-0.33306
0
0
0.33306
0
0
0
0
0
0
0
0
0
0
0
0
0
0
0
0
0
0
0
0
0
0
0
0
0
0
0
0
-0.30343
0
0.30343
0
0
0
0
0
0
0
0
0
0
0
0
0
0
0
0
0
0
0
0
0
0
-3.3794
0
0
0
0
0
0
0
3.3794
0
0
0
0
0
0
0
0
0
-9.4153
0
0
0
0
0
0
0
0
0
0
0
0
0
0
0
0
0
0
0
0
9.4153
0
0
0
0
0
0
-11.6614
0
0
0
0
0
0
0
0
0
0
0
0
0
0
0
0
0
0
0
0
0
0
0
11.6614
0
0
0
0
0
0
0
0
0
-9.03
0
0
0
0
0
0
0
0
0
0
0
0
0
0
0
0
0
0
0
0
9.03
0
0
0
0
0
0
0
0
0
0
0
0
0
0
0
0
0
0
0
0
0
0
-0.1045
0
0
0
0
0
0
0
0.1045
0
0
0
0
0
0
0
0
0
-7.6894
0
0
0
0
0
0
0
0
0
0
0
0
0
0
0
0
0
0
0
0
7.6894
0
0
-11.6614
0
0
0
0
0
0
0
0
0
0
0
0
0
0
0
0
0
0
0
0
0
0
0
0
0
0
0
11.6614
0
0
0
0
0
0
0
0
0
0
0
0
0
0
-4.726
0
0
0
0
0
0
0
0
0
0
0
0
0
0
0
4.726
