18.7694
-0.10002
-0.10002
-0.10002
-0.10001
-0.10002
-0.10001
-0.10017
-0.10017
-0.10004
-0.23244
-0.22768
-0.22763
-0.22765
-0.38571
-0.38571
-0.99024
-0.93163
-0.93163
-1.0874
0
0
0
-6.1206
0
-6.1206
0
0
0
0
-0.10002
17.6636
-0.10003
-0.10003
-1.086
-0.10003
-1.9345
-0.39563
-0.39563
-0.10016
-0.39317
-0.53791
-0.53796
-0.53795
-0.74398
-0.74397
-0.99266
-1.1157
-1.1157
-0.83354
0
0
-5.7991
0
0
0
0
0
0
0
-0.10002
-0.10003
12.2101
-0.25895
-0.31023
-0.60301
-0.65919
-0.23574
-0.23574
-0.48525
-0.21251
-0.29611
-0.29582
-0.29647
-0.77082
-0.77081
-1.6128
-1.7578
-1.7578
-1.451
0
0
0
0
0
0
0
0
0
0
-0.10002
-0.10003
-0.25895
11.843
-0.31028
-0.23619
-0.65934
-0.23561
-0.23561
-0.4852
-0.20955
-0.29685
-0.29805
-0.29634
-0.77073
-0.77088
-1.613
-1.7577
-1.7577
-1.4509
0
0
0
0
0
0
0
0
0
0
-0.10001
-1.086
-0.31023
-0.31028
15.6097
-0.31025
-0.59555
-0.44948
-0.44947
-0.10007
-0.38009
-0.49732
-0.49732
-0.49732
-0.78108
-0.78108
-0.95638
-1.1036
-1.1036
0
0
0
0
0
0
0
0
0
0
-5.3005
-0.10002
-0.10003
-0.60301
-0.23619
-0.31025
12.1872
-0.65925
-0.23571
-0.23571
-0.48524
-0.21164
-0.29664
-0.29566
-0.29683
-0.7709
-0.77077
-1.6129
-1.7578
-1.7578
-1.4508
0
0
0
0
0
0
0
0
0
0
-0.10001
-1.9345
-0.65919
-0.65934
-0.59555
-0.65925
15.7923
-0.3897
-0.3897
-0.10002
-0.18377
-0.3371
-0.33712
-0.33713
-0.70298
-0.70298
0
0
0
0
0
-2.8307
0
0
0
0
-4.8733
0
0
0
-0.10017
-0.39563
-0.23574
-0.23561
-0.44948
-0.23571
-0.3897
11.047
-0.38041
-0.80039
-1.1868
-1.2279
-1.2279
-1.2278
-1.4768
-1.4768
0
0
0
0
0
0
0
0
0
0
0
0
0
0
-0.10017
-0.39563
-0.23574
-0.23561
-0.44947
-0.23571
-0.3897
-0.38041
11.047
-0.80039
-1.1868
-1.2279
-1.2279
-1.2278
-1.4768
-1.4768
0
0
0
0
0
0
0
0
0
0
0
0
0
0
-0.10004
-0.10016
-0.48525
-0.4852
-0.10007
-0.48524
-0.10002
-0.80039
-0.80039
12.2521
-1.0273
-1.0683
-1.0682
-1.0683
0
0
0
0
0
0
0
0
0
0
0
0
0
-4.5633
0
0
-0.23244
-0.39317
-0.21251
-0.20955
-0.38009
-0.21164
-0.18377
-1.1868
-1.1868
-1.0273
9.8428
-1.1344
-1.1343
-1.1341
0
0
0
0
0
0
-1.2159
0
0
0
0
0
0
0
0
0
-0.22768
-0.53791
-0.29611
-0.29685
-0.49732
-0.29664
-0.3371
-1.2279
-1.2279
-1.0683
-1.1344
9.1724
-1.0419
-0.98233
0
0
0
0
0
0
0
0
0
0
0
0
0
0
0
0
-0.22763
-0.53796
-0.29582
-0.29805
-0.49732
-0.29566
-0.33712
-1.2279
-1.2279
-1.0682
-1.1343
-1.0419
8.9095
-0.71969
0
0
0
0
0
0
0
0
0
0
0
0
0
0
0
0
-0.22765
-0.53795
-0.29647
-0.29634
-0.49732
-0.29683
-0.33713
-1.2278
-1.2278
-1.0683
-1.1341
-0.98233
-0.71969
8.8497
0
0
0
0
0
0
0
0
0
0
0
0
0
0
0
0
-0.38571
-0.74398
-0.77082
-0.77073
-0.78108
-0.7709
-0.70298
-1.4768
-1.4768
0
0
0
0
0
7.8799
0
0
0
0
0
0
0
0
0
0
0
0
0
0
0
-0.38571
-0.74397
-0.77081
-0.77088
-0.78108
-0.77077
-0.70298
-1.4768
-1.4768
0
0
0
0
0
0
7.8799
0
0
0
0
0
0
0
0
0
0
0
0
0
0
-0.99024
-0.99266
-1.6128
-1.613
-0.95638
-1.6129
0
0
0
0
0
0
0
0
0
0
9.3028
0
0
0
-1.5248
0
0
0
0
0
0
0
0
0
-0.93163
-1.1157
-1.7578
-1.7577
-1.1036
-1.7578
0
0
0
0
0
0
0
0
0
0
0
8.4242
0
0
0
0
0
0
0
0
0
0
0
0
-0.93163
-1.1157
-1.7578
-1.7577
-1.1036
-1.7578
0
0
0
0
0
0
0
0
0
0
0
0
8.4243
0
0
0
0
0
0
0
0
0
0
0
-1.0874
-0.83354
-1.451
-1.4509
0
-1.4508
0
0
0
0
0
0
0
0
0
0
0
0
0
6.2737
0
0
0
0
0
0
0
0
0
0
0
0
0
0
0
0
0
0
0
0
-1.2159
0
0
0
0
0
-1.5248
0
0
0
15.876
-3.0527
0
0
-5.0413
0
0
0
-5.0413
0
0
0
0
0
0
0
-2.8307
0
0
0
0
0
0
0
0
0
0
0
0
0
-3.0527
5.8834
0
0
0
0
0
0
0
0
0
-5.7991
0
0
0
0
0
0
0
0
0
0
0
0
0
0
0
0
0
0
0
0
5.7991
0
0
0
0
0
0
0
-6.1206
0
0
0
0
0
0
0
0
0
0
0
0
0
0
0
0
0
0
0
0
0
0
6.1206
0
0
0
0
0
0
0
0
0
0
0
0
0
0
0
0
0
0
0
0
0
0
0
0
0
0
-5.0413
0
0
0
5.0413
0
0
0
0
0
-6.1206
0
0
0
0
0
0
0
0
0
0
0
0
0
0
0
0
0
0
0
0
0
0
0
0
6.1206
0
0
0
0
0
0
0
0
0
0
-4.8733
0
0
0
0
0
0
0
0
0
0
0
0
0
0
0
0
0
0
0
4.8733
0
0
0
0
0
0
0
0
0
0
0
0
-4.5633
0
0
0
0
0
0
0
0
0
0
0
0
0
0
0
0
0
4.5633
0
0
0
0
0
0
0
0
0
0
0
0
0
0
0
0
0
0
0
0
0
0
-5.0413
0
0
0
0
0
0
0
5.0413
0
0
0
0
0
-5.3005
0
0
0
0
0
0
0
0
0
0
0
0
0
0
0
0
0
0
0
0
0
0
0
0
5.3005
