22.8192
-0.64331
-0.59763
-0.67468
-0.67468
-0.67468
-0.67468
-0.57583
-0.57583
-0.60073
-0.6479
-0.63768
-0.55647
-0.66328
-0.64146
-0.64146
-0.67016
-0.27281
0
-0.63046
-0.63046
-0.63046
0
0
0
0
-10.5046
0
0
0
-0.64331
13.2265
-0.58465
-0.66788
-0.66788
-0.66788
-0.66788
-0.57081
-0.57081
-0.6087
-0.63664
-0.6295
-0.58729
-0.67129
-0.62993
-0.62993
-0.65706
-0.28999
-1.1475
-0.56586
-0.56586
-0.56586
0
0
0
0
0
0
0
0
-0.59763
-0.58465
11.2636
-0.61523
-0.61523
-0.61523
-0.61523
-0.525
-0.525
-0.56508
-0.59233
-0.57889
-0.54849
-0.62358
-0.57633
-0.57633
-0.59903
-0.28052
0
-0.54327
-0.54327
-0.54327
0
0
0
0
0
0
0
0
-0.67468
-0.66788
-0.61523
10.504
-0.6669
-0.6669
-0.6669
-0.5876
-0.5876
-0.64893
-0.69917
-0.6622
-0.63908
-0.71636
-0.66135
-0.66135
-0.68189
0
0
0
0
0
0
0
0
0
0
0
0
0
-0.67468
-0.66788
-0.61523
-0.6669
10.504
-0.6669
-0.6669
-0.5876
-0.5876
-0.64893
-0.69917
-0.6622
-0.63908
-0.71636
-0.66135
-0.66135
-0.68189
0
0
0
0
0
0
0
0
0
0
0
0
0
-0.67468
-0.66788
-0.61523
-0.6669
-0.6669
10.504
-0.6669
-0.5876
-0.5876
-0.64893
-0.69917
-0.6622
-0.63908
-0.71636
-0.66135
-0.66135
-0.68189
0
0
0
0
0
0
0
0
0
0
0
0
0
-0.67468
-0.66788
-0.61523
-0.6669
-0.6669
-0.6669
10.504
-0.5876
-0.5876
-0.64893
-0.69917
-0.6622
-0.63908
-0.71636
-0.66135
-0.66135
-0.68189
0
0
0
0
0
0
0
0
0
0
0
0
0
-0.57583
-0.57081
-0.525
-0.5876
-0.5876
-0.5876
-0.5876
8.329
-0.48286
-0.52803
-0.5672
-0.54554
-0.51463
-0.58037
-0.54415
-0.54415
0
0
0
0
0
0
0
0
0
0
0
0
0
0
-0.57583
-0.57081
-0.525
-0.5876
-0.5876
-0.5876
-0.5876
-0.48286
8.329
-0.52803
-0.5672
-0.54554
-0.51463
-0.58037
-0.54415
-0.54415
0
0
0
0
0
0
0
0
0
0
0
0
0
0
-0.60073
-0.6087
-0.56508
-0.64893
-0.64893
-0.64893
-0.64893
-0.52803
-0.52803
14.8779
-0.57312
-0.56541
-0.4734
-0.56275
0
0
0
0
0
0
0
0
0
0
0
0
0
0
0
-7.2769
-0.6479
-0.63664
-0.59233
-0.69917
-0.69917
-0.69917
-0.69917
-0.5672
-0.5672
-0.57312
8.2683
-0.64046
0
0
0
0
0
0
-1.2467
0
0
0
0
0
0
0
0
0
0
0
-0.63768
-0.6295
-0.57889
-0.6622
-0.6622
-0.6622
-0.6622
-0.54554
-0.54554
-0.56541
-0.64046
7.4535
0
-0.66166
0
0
0
0
0
0
0
0
0
0
0
0
0
0
0
0
-0.55647
-0.58729
-0.54849
-0.63908
-0.63908
-0.63908
-0.63908
-0.51463
-0.51463
-0.4734
0
0
22.0728
0
0
0
0
0
0
0
0
0
-8.1608
0
0
0
0
0
-8.1608
0
-0.66328
-0.67129
-0.62358
-0.71636
-0.71636
-0.71636
-0.71636
-0.58037
-0.58037
-0.56275
0
-0.66166
0
13.2341
0
0
0
0
0
0
0
0
0
-6.0253
0
0
0
0
0
0
-0.64146
-0.62993
-0.57633
-0.66135
-0.66135
-0.66135
-0.66135
-0.54415
-0.54415
0
0
0
0
0
5.5814
0
0
0
0
0
0
0
0
0
0
0
0
0
0
0
-0.64146
-0.62993
-0.57633
-0.66135
-0.66135
-0.66135
-0.66135
-0.54415
-0.54415
0
0
0
0
0
0
5.5814
0
0
0
0
0
0
0
0
0
0
0
0
0
0
-0.67016
-0.65706
-0.59903
-0.68189
-0.68189
-0.68189
-0.68189
0
0
0
0
0
0
0
0
0
4.6538
0
0
0
0
0
0
0
0
0
0
0
0
0
-0.27281
-0.28999
-0.28052
0
0
0
0
0
0
0
0
0
0
0
0
0
0
14.1804
0
0
0
0
0
0
-6.6685
0
0
-6.6685
0
0
0
-1.1475
0
0
0
0
0
0
0
0
-1.2467
0
0
0
0
0
0
0
4.9115
0
0
0
0
0
0
-2.5172
0
0
0
0
-0.63046
-0.56586
-0.54327
0
0
0
0
0
0
0
0
0
0
0
0
0
0
0
0
1.7396
0
0
0
0
0
0
0
0
0
0
-0.63046
-0.56586
-0.54327
0
0
0
0
0
0
0
0
0
0
0
0
0
0
0
0
0
1.7396
0
0
0
0
0
0
0
0
0
-0.63046
-0.56586
-0.54327
0
0
0
0
0
0
0
0
0
0
0
0
0
0
0
0
0
0
1.7396
0
0
0
0
0
0
0
0
0
0
0
0
0
0
0
0
0
0
0
0
-8.1608
0
0
0
0
0
0
0
0
0
8.1608
0
0
0
0
0
0
0
0
0
0
0
0
0
0
0
0
0
0
0
0
-6.0253
0
0
0
0
0
0
0
0
0
6.0253
0
0
0
0
0
0
0
0
0
0
0
0
0
0
0
0
0
0
0
0
0
0
0
-6.6685
0
0
0
0
0
0
6.6685
0
0
0
0
0
0
0
0
0
0
0
0
0
0
0
0
0
0
0
0
0
0
0
-2.5172
0
0
0
0
0
0
2.5172
0
0
0
0
-10.5046
0
0
0
0
0
0
0
0
0
0
0
0
0
0
0
0
0
0
0
0
0
0
0
0
0
10.5046
0
0
0
0
0
0
0
0
0
0
0
0
0
0
0
0
0
0
0
0
-6.6685
0
0
0
0
0
0
0
0
0
6.6685
0
0
0
0
0
0
0
0
0
0
0
0
0
0
-8.1608
0
0
0
0
0
0
0
0
0
0
0
0
0
0
0
8.1608
0
0
0
0
0
0
0
0
0
0
-7.2769
0
0
0
0
0
0
0
0
0
0
0
0
0
0
0
0
0
0
0
7.2769
