25.1354
-0.9285
-0.86303
-0.86303
-0.86303
-0.86303
-0.86303
-0.86303
-0.76792
-0.77446
-0.76792
-0.7615
-0.86596
-0.81748
-0.81748
-0.81748
-0.83549
-0.81708
-0.8342
-0.83416
-0.84179
-0.27169
0
0
0
0
0
0
0
-8.2041
-0.9285
25.6164
-0.9174
-0.9174
-0.9174
-0.9174
-0.9174
-0.9174
-0.81153
-0.83025
-0.81153
-0.8052
-0.92635
-0.86827
-0.86827
-0.86827
-0.88168
-0.87329
-0.88632
-0.88599
-0.89365
0
-7.9729
0
0
0
0
0
0
0
-0.86303
-0.9174
16.2182
-0.82019
-0.82019
-0.82019
-0.82019
-0.82019
-0.74244
-0.79267
-0.74244
-0.73998
-0.85612
-0.79681
-0.79681
-0.79681
-0.82368
-0.81318
-0.81199
-0.80983
-0.8141
0
0
0
0
0
0
0
0
0
-0.86303
-0.9174
-0.82019
16.2182
-0.82019
-0.82019
-0.82019
-0.82019
-0.74244
-0.79267
-0.74244
-0.73998
-0.85612
-0.79681
-0.79681
-0.79681
-0.82368
-0.81318
-0.81199
-0.80983
-0.8141
0
0
0
0
0
0
0
0
0
-0.86303
-0.9174
-0.82019
-0.82019
16.2182
-0.82019
-0.82019
-0.82019
-0.74244
-0.79267
-0.74244
-0.73998
-0.85612
-0.79681
-0.79681
-0.79681
-0.82368
-0.81318
-0.81199
-0.80983
-0.8141
0
0
0
0
0
0
0
0
0
-0.86303
-0.9174
-0.82019
-0.82019
-0.82019
16.2182
-0.82019
-0.82019
-0.74244
-0.79267
-0.74244
-0.73998
-0.85612
-0.79681
-0.79681
-0.79681
-0.82368
-0.81318
-0.81199
-0.80983
-0.8141
0
0
0
0
0
0
0
0
0
-0.86303
-0.9174
-0.82019
-0.82019
-0.82019
-0.82019
16.2182
-0.82019
-0.74244
-0.79267
-0.74244
-0.73998
-0.85612
-0.79681
-0.79681
-0.79681
-0.82368
-0.81318
-0.81199
-0.80983
-0.8141
0
0
0
0
0
0
0
0
0
-0.86303
-0.9174
-0.82019
-0.82019
-0.82019
-0.82019
-0.82019
16.2182
-0.74244
-0.79267
-0.74244
-0.73998
-0.85612
-0.79681
-0.79681
-0.79681
-0.82368
-0.81318
-0.81199
-0.80983
-0.8141
0
0
0
0
0
0
0
0
0
-0.76792
-0.81153
-0.74244
-0.74244
-0.74244
-0.74244
-0.74244
-0.74244
13.7226
-0.6848
-0.65835
-0.65469
-0.74327
-0.70004
-0.70004
-0.70004
-0.71594
-0.70958
-0.71203
-0.70972
0
0
0
0
0
0
0
0
0
0
-0.77446
-0.83025
-0.79267
-0.79267
-0.79267
-0.79267
-0.79267
-0.79267
-0.6848
30.0867
-0.6848
-0.66437
-0.7224
-0.70826
-0.70826
-0.70826
-0.68513
0
-0.72473
0
0
0
0
0
0
0
0
-8.7175
-8.7175
0
-0.76792
-0.81153
-0.74244
-0.74244
-0.74244
-0.74244
-0.74244
-0.74244
-0.65835
-0.6848
13.7226
-0.65469
-0.74327
-0.70004
-0.70004
-0.70004
-0.71594
-0.70958
-0.71203
-0.70972
0
0
0
0
0
0
0
0
0
0
-0.7615
-0.8052
-0.73998
-0.73998
-0.73998
-0.73998
-0.73998
-0.73998
-0.65469
-0.66437
-0.65469
12.9027
-0.73156
-0.69349
-0.69349
-0.69349
-0.70617
-0.69965
-0.70457
0
0
0
0
0
0
0
0
0
0
0
-0.86596
-0.92635
-0.85612
-0.85612
-0.85612
-0.85612
-0.85612
-0.85612
-0.74327
-0.7224
-0.74327
-0.73156
17.8604
-0.82815
-0.82815
-0.82815
0
0
0
0
0
0
0
0
0
-5.5064
0
0
0
0
-0.81748
-0.86827
-0.79681
-0.79681
-0.79681
-0.79681
-0.79681
-0.79681
-0.70004
-0.70826
-0.70004
-0.69349
-0.82815
11.5565
-0.72996
-0.72996
0
0
0
0
0
0
0
0
0
0
0
0
0
0
-0.81748
-0.86827
-0.79681
-0.79681
-0.79681
-0.79681
-0.79681
-0.79681
-0.70004
-0.70826
-0.70004
-0.69349
-0.82815
-0.72996
11.5565
-0.72996
0
0
0
0
0
0
0
0
0
0
0
0
0
0
-0.81748
-0.86827
-0.79681
-0.79681
-0.79681
-0.79681
-0.79681
-0.79681
-0.70004
-0.70826
-0.70004
-0.69349
-0.82815
-0.72996
-0.72996
11.5565
0
0
0
0
0
0
0
0
0
0
0
0
0
0
-0.83549
-0.88168
-0.82368
-0.82368
-0.82368
-0.82368
-0.82368
-0.82368
-0.71594
-0.68513
-0.71594
-0.70617
0
0
0
0
13.7648
0
0
0
0
-0.27488
0
0
-4.0075
0
0
0
0
0
-0.81708
-0.87329
-0.81318
-0.81318
-0.81318
-0.81318
-0.81318
-0.81318
-0.70958
0
-0.70958
-0.69965
0
0
0
0
0
10.976
0
0
0
0
0
-2.2877
0
0
0
0
0
0
-0.8342
-0.88632
-0.81199
-0.81199
-0.81199
-0.81199
-0.81199
-0.81199
-0.71203
-0.72473
-0.71203
-0.70457
0
0
0
0
0
0
9.4458
0
0
0
0
0
0
0
0
0
0
0
-0.83416
-0.88599
-0.80983
-0.80983
-0.80983
-0.80983
-0.80983
-0.80983
-0.70972
0
-0.70972
0
0
0
0
0
0
0
0
7.9986
0
0
0
0
0
0
0
0
0
0
-0.84179
-0.89365
-0.8141
-0.8141
-0.8141
-0.8141
-0.8141
-0.8141
0
0
0
0
0
0
0
0
0
0
0
0
6.62
0
0
0
0
0
0
0
0
0
-0.27169
0
0
0
0
0
0
0
0
0
0
0
0
0
0
0
-0.27488
0
0
0
0
0.65106
0
0
0
0
-0.1045
0
0
0
0
-7.9729
0
0
0
0
0
0
0
0
0
0
0
0
0
0
0
0
0
0
0
0
7.9729
0
0
0
0
0
0
0
0
0
0
0
0
0
0
0
0
0
0
0
0
0
0
0
0
-2.2877
0
0
0
0
0
2.2877
0
0
0
0
0
0
0
0
0
0
0
0
0
0
0
0
0
0
0
0
0
0
-4.0075
0
0
0
0
0
0
0
4.0075
0
0
0
0
0
0
0
0
0
0
0
0
0
0
0
0
0
-5.5064
0
0
0
0
0
0
0
0
0
0
0
0
5.5064
0
0
0
0
0
0
0
0
0
0
0
0
0
0
0
0
0
0
0
0
0
0
0
0
0
-0.1045
0
0
0
0
0.1045
0
0
0
0
0
0
0
0
0
0
0
0
-8.7175
0
0
0
0
0
0
0
0
0
0
0
0
0
0
0
0
0
8.7175
0
0
0
0
0
0
0
0
0
0
0
-8.7175
0
0
0
0
0
0
0
0
0
0
0
0
0
0
0
0
0
0
8.7175
0
-8.2041
0
0
0
0
0
0
0
0
0
0
0
0
0
0
0
0
0
0
0
0
0
0
0
0
0
0
0
0
8.2041
