19.7228
-0.66166
-0.69901
-0.69901
-0.69901
-0.67009
-0.67009
-0.71164
-0.59845
-0.58045
-0.58045
-0.59845
-0.58045
-0.5396
-0.56324
-0.59011
-0.6346
-0.6207
0
-2.6256
0
0
0
0
0
0
-6.4002
0
0
0
-0.66166
19.7228
-0.69901
-0.69901
-0.69901
-0.67009
-0.67009
-0.71164
-0.59845
-0.58045
-0.58045
-0.59845
-0.58045
-0.5396
-0.56324
-0.59011
-0.6346
-0.6207
0
-2.6256
0
0
0
0
0
0
0
0
-6.4002
0
-0.69901
-0.69901
11.2636
-0.70739
-0.70739
-0.76285
-0.76285
-0.75745
-0.63247
-0.60016
-0.60016
-0.63247
-0.60016
-0.56144
-0.5934
-0.61792
-0.67157
-0.65789
0
0
0
0
0
0
0
0
0
0
0
0
-0.69901
-0.69901
-0.70739
11.2636
-0.70739
-0.76285
-0.76285
-0.75745
-0.63247
-0.60016
-0.60016
-0.63247
-0.60016
-0.56144
-0.5934
-0.61792
-0.67157
-0.65789
0
0
0
0
0
0
0
0
0
0
0
0
-0.69901
-0.69901
-0.70739
-0.70739
11.2636
-0.76285
-0.76285
-0.75745
-0.63247
-0.60016
-0.60016
-0.63247
-0.60016
-0.56144
-0.5934
-0.61792
-0.67157
-0.65789
0
0
0
0
0
0
0
0
0
0
0
0
-0.67009
-0.67009
-0.76285
-0.76285
-0.76285
26.4114
-0.68774
-0.75926
-0.59942
-0.60843
-0.60843
-0.59942
-0.60843
-0.54593
-0.56667
-0.60101
0
0
0
0
0
0
0
0
-8.299
-8.299
0
0
0
0
-0.67009
-0.67009
-0.76285
-0.76285
-0.76285
-0.68774
26.4114
-0.75926
-0.59942
-0.60843
-0.60843
-0.59942
-0.60843
-0.54593
-0.56667
-0.60101
0
0
0
0
0
0
-8.299
0
0
0
0
-8.299
0
0
-0.71164
-0.71164
-0.75745
-0.75745
-0.75745
-0.75926
-0.75926
16.3136
-0.6396
-0.61039
-0.61039
-0.6396
-0.61039
-0.57052
-0.59797
-0.62835
-0.69019
0
0
0
-5.502
0
0
0
0
0
0
0
0
0
-0.59845
-0.59845
-0.63247
-0.63247
-0.63247
-0.59942
-0.59942
-0.6396
13.1383
-0.52553
-0.52553
-0.52446
-0.52553
-0.46878
-0.47533
-0.50961
0
0
0
0
0
0
0
0
0
0
0
0
0
-4.6507
-0.58045
-0.58045
-0.60016
-0.60016
-0.60016
-0.60843
-0.60843
-0.61039
-0.52553
8.8221
-0.48794
-0.52553
-0.48794
-0.46526
-0.48258
-0.50833
-0.55034
0
0
0
0
0
0
0
0
0
0
0
0
0
-0.58045
-0.58045
-0.60016
-0.60016
-0.60016
-0.60843
-0.60843
-0.61039
-0.52553
-0.48794
8.8221
-0.52553
-0.48794
-0.46526
-0.48258
-0.50833
-0.55034
0
0
0
0
0
0
0
0
0
0
0
0
0
-0.59845
-0.59845
-0.63247
-0.63247
-0.63247
-0.59942
-0.59942
-0.6396
-0.52446
-0.52553
-0.52553
13.1383
-0.52553
-0.46878
-0.47533
-0.50961
0
0
0
0
0
-4.6507
0
0
0
0
0
0
0
0
-0.58045
-0.58045
-0.60016
-0.60016
-0.60016
-0.60843
-0.60843
-0.61039
-0.52553
-0.48794
-0.48794
-0.52553
8.8221
-0.46526
-0.48258
-0.50833
-0.55034
0
0
0
0
0
0
0
0
0
0
0
0
0
-0.5396
-0.5396
-0.56144
-0.56144
-0.56144
-0.54593
-0.54593
-0.57052
-0.46878
-0.46526
-0.46526
-0.46878
-0.46526
7.6767
-0.44388
-0.47358
0
0
0
0
0
0
0
0
0
0
0
0
0
0
-0.56324
-0.56324
-0.5934
-0.5934
-0.5934
-0.56667
-0.56667
-0.59797
-0.47533
-0.48258
-0.48258
-0.47533
-0.48258
-0.44388
7.6258
0
0
0
-0.14546
0
0
0
0
0
0
0
0
0
0
0
-0.59011
-0.59011
-0.61792
-0.61792
-0.61792
-0.60101
-0.60101
-0.62835
-0.50961
-0.50833
-0.50833
-0.50961
-0.50833
-0.47358
0
7.8821
0
0
0
0
0
0
0
0
0
0
0
0
0
0
-0.6346
-0.6346
-0.67157
-0.67157
-0.67157
0
0
-0.69019
0
-0.55034
-0.55034
0
-0.55034
0
0
0
5.6251
0
0
0
0
0
0
0
0
0
0
0
0
0
-0.6207
-0.6207
-0.65789
-0.65789
-0.65789
0
0
0
0
0
0
0
0
0
0
0
0
3.4422
-0.22716
0
0
0
0
0
0
0
0
0
0
0
0
0
0
0
0
0
0
0
0
0
0
0
0
0
-0.14546
0
0
-0.22716
0.47712
0
0
0
0
-0.1045
0
0
0
0
0
0
-2.6256
-2.6256
0
0
0
0
0
0
0
0
0
0
0
0
0
0
0
0
0
5.2513
0
0
0
0
0
0
0
0
0
0
0
0
0
0
0
0
0
-5.502
0
0
0
0
0
0
0
0
0
0
0
0
5.502
0
0
0
0
0
0
0
0
0
0
0
0
0
0
0
0
0
0
0
0
-4.6507
0
0
0
0
0
0
0
0
0
4.6507
0
0
0
0
0
0
0
0
0
0
0
0
0
0
-8.299
0
0
0
0
0
0
0
0
0
0
0
0
0
0
0
8.299
0
0
0
0
0
0
0
0
0
0
0
0
0
0
0
0
0
0
0
0
0
0
0
0
0
-0.1045
0
0
0
0
0.1045
0
0
0
0
0
0
0
0
0
0
0
-8.299
0
0
0
0
0
0
0
0
0
0
0
0
0
0
0
0
0
0
8.299
0
0
0
0
0
0
0
0
0
0
-8.299
0
0
0
0
0
0
0
0
0
0
0
0
0
0
0
0
0
0
0
8.299
0
0
0
0
-6.4002
0
0
0
0
0
0
0
0
0
0
0
0
0
0
0
0
0
0
0
0
0
0
0
0
0
6.4002
0
0
0
0
0
0
0
0
0
-8.299
0
0
0
0
0
0
0
0
0
0
0
0
0
0
0
0
0
0
0
0
8.299
0
0
0
-6.4002
0
0
0
0
0
0
0
0
0
0
0
0
0
0
0
0
0
0
0
0
0
0
0
0
0
0
6.4002
0
0
0
0
0
0
0
0
0
-4.6507
0
0
0
0
0
0
0
0
0
0
0
0
0
0
0
0
0
0
0
0
4.6507
