29.7556
-0.61958
-0.54661
-0.56496
-0.54661
-0.4979
-0.49335
-0.55752
-0.55752
-0.52424
-0.39711
-0.53725
-0.52355
-0.54876
-0.55457
-0.56117
-0.56117
-0.60497
-0.5486
0
0
0
0
0
0
-10.0051
0
0
-10.0051
0
-0.61958
20.2616
-0.58311
-0.56401
-0.58311
-0.55238
-0.51127
-0.57912
-0.57912
-0.56816
-0.45558
-0.55919
-0.54532
-0.56716
-0.5727
-0.57543
-0.57543
-0.61759
-0.55047
-3.5423
0
-6.5606
0
0
0
0
0
0
0
0
-0.54661
-0.58311
15.0863
-0.51913
-0.51598
-0.49992
-0.44911
-0.51119
-0.51119
-0.49424
-0.39191
-0.49277
-0.48014
-0.49983
-0.50484
-0.50799
-0.50799
-0.54607
-0.48915
0
0
0
0
-6.0351
0
0
0
0
0
0
-0.56496
-0.56401
-0.51913
12.3001
-0.51913
-0.51875
-0.44576
-0.5084
-0.5084
-0.50342
-0.42026
-0.49076
-0.47842
-0.49508
-0.49975
-0.50061
-0.50061
-0.53647
-0.4746
-3.2516
0
0
0
0
0
0
0
0
0
0
-0.54661
-0.58311
-0.51598
-0.51913
15.0863
-0.49992
-0.44911
-0.51119
-0.51119
-0.49424
-0.39191
-0.49277
-0.48014
-0.49983
-0.50484
-0.50799
-0.50799
-0.54607
-0.48915
0
0
0
-6.0351
0
0
0
0
0
0
0
-0.4979
-0.55238
-0.49992
-0.51875
-0.49992
26.812
-0.43466
-0.4864
-0.4864
-0.45179
-0.33693
-0.46765
-0.45518
-0.47725
-0.48243
-0.48859
-0.48859
-0.52772
0
0
-9.3298
0
0
0
-9.3298
0
0
0
0
0
-0.49335
-0.51127
-0.44911
-0.44576
-0.44911
-0.43466
8.0717
-0.45617
-0.45617
-0.44491
-0.36771
-0.43916
-0.42761
-0.44316
-0.44747
-0.44903
-0.44903
-0.48228
-0.42575
0
0
0
0
0
0
0
0
0
0
0
-0.55752
-0.57912
-0.51119
-0.5084
-0.51119
-0.4864
-0.45617
8.1459
-0.50998
-0.51832
-0.43568
-0.50686
-0.49301
-0.51344
-0.51777
-0.52045
-0.52045
0
0
0
0
0
0
0
0
0
0
0
0
0
-0.55752
-0.57912
-0.51119
-0.5084
-0.51119
-0.4864
-0.45617
-0.50998
8.1459
-0.51832
-0.43568
-0.50686
-0.49301
-0.51344
-0.51777
-0.52045
-0.52045
0
0
0
0
0
0
0
0
0
0
0
0
0
-0.52424
-0.56816
-0.49424
-0.50342
-0.49424
-0.45179
-0.44491
-0.51832
-0.51832
9.062
-0.3886
-0.48983
-0.47185
-0.49537
-0.49921
0
0
0
0
0
0
0
0
0
0
0
-2.1995
0
0
0
-0.39711
-0.45558
-0.39191
-0.42026
-0.39191
-0.33693
-0.36771
-0.43568
-0.43568
-0.3886
16.5581
-0.41654
-0.38519
0
0
0
0
0
0
0
0
0
0
0
0
0
0
-5.8675
0
-5.8675
-0.53725
-0.55919
-0.49277
-0.49076
-0.49277
-0.46765
-0.43916
-0.50686
-0.50686
-0.48983
-0.41654
6.8283
-0.45624
-0.48582
-0.48654
0
0
0
0
0
0
0
0
0
0
0
0
0
0
0
-0.52355
-0.54532
-0.48014
-0.47842
-0.48014
-0.45518
-0.42761
-0.49301
-0.49301
-0.47185
-0.38519
-0.45624
6.1587
-0.46908
0
0
0
0
0
0
0
0
0
0
0
0
0
0
0
0
-0.54876
-0.56716
-0.49983
-0.49508
-0.49983
-0.47725
-0.44316
-0.51344
-0.51344
-0.49537
0
-0.48582
-0.46908
6.0082
0
0
0
0
0
0
0
0
0
0
0
0
0
0
0
0
-0.55457
-0.5727
-0.50484
-0.49975
-0.50484
-0.48243
-0.44747
-0.51777
-0.51777
-0.49921
0
-0.48654
0
0
5.5879
0
0
0
0
0
0
0
0
0
0
0
0
0
0
0
-0.56117
-0.57543
-0.50799
-0.50061
-0.50799
-0.48859
-0.44903
-0.52045
-0.52045
0
0
0
0
0
0
4.6317
0
0
0
0
0
0
0
0
0
0
0
0
0
0
-0.56117
-0.57543
-0.50799
-0.50061
-0.50799
-0.48859
-0.44903
-0.52045
-0.52045
0
0
0
0
0
0
0
4.6317
0
0
0
0
0
0
0
0
0
0
0
0
0
-0.60497
-0.61759
-0.54607
-0.53647
-0.54607
-0.52772
-0.48228
0
0
0
0
0
0
0
0
0
0
3.8612
0
0
0
0
0
0
0
0
0
0
0
0
-0.5486
-0.55047
-0.48915
-0.4746
-0.48915
0
-0.42575
0
0
0
0
0
0
0
0
0
0
0
2.9777
0
0
0
0
0
0
0
0
0
0
0
0
-3.5423
0
-3.2516
0
0
0
0
0
0
0
0
0
0
0
0
0
0
0
6.7939
0
0
0
0
0
0
0
0
0
0
0
0
0
0
0
-9.3298
0
0
0
0
0
0
0
0
0
0
0
0
0
0
9.3298
0
0
0
0
0
0
0
0
0
0
-6.5606
0
0
0
0
0
0
0
0
0
0
0
0
0
0
0
0
0
0
0
6.5606
0
0
0
0
0
0
0
0
0
0
0
0
-6.0351
0
0
0
0
0
0
0
0
0
0
0
0
0
0
0
0
0
6.0351
0
0
0
0
0
0
0
0
0
-6.0351
0
0
0
0
0
0
0
0
0
0
0
0
0
0
0
0
0
0
0
0
6.0351
0
0
0
0
0
0
0
0
0
0
0
-9.3298
0
0
0
0
0
0
0
0
0
0
0
0
0
0
0
0
0
0
9.3298
0
0
0
0
0
-10.0051
0
0
0
0
0
0
0
0
0
0
0
0
0
0
0
0
0
0
0
0
0
0
0
0
10.0051
0
0
0
0
0
0
0
0
0
0
0
0
0
-2.1995
0
0
0
0
0
0
0
0
0
0
0
0
0
0
0
0
2.1995
0
0
0
0
0
0
0
0
0
0
0
0
0
-5.8675
0
0
0
0
0
0
0
0
0
0
0
0
0
0
0
0
5.8675
0
0
-10.0051
0
0
0
0
0
0
0
0
0
0
0
0
0
0
0
0
0
0
0
0
0
0
0
0
0
0
0
10.0051
0
0
0
0
0
0
0
0
0
0
0
-5.8675
0
0
0
0
0
0
0
0
0
0
0
0
0
0
0
0
0
0
5.8675
