18.0816
-0.4759
-0.4759
-0.51945
-0.45867
-0.50907
-0.49161
-0.54369
-0.58563
-0.61102
-0.5777
-0.48197
-0.48197
-0.81234
-1.2675
0
0
0
0
-0.99944
0
-1.0834
0
0
0
0
0
0
-7.7063
0
-0.4759
8.8277
-0.41513
-0.46656
-0.41177
-0.45666
-0.44157
-0.48447
-0.49303
-0.5535
-0.50624
-0.43669
-0.43669
-0.74344
-1.1831
-0.39824
0
0
0
-0.92469
0
0
0
0
0
0
0
0
0
0
-0.4759
-0.41513
8.8277
-0.46656
-0.41177
-0.45666
-0.44157
-0.48447
-0.49303
-0.5535
-0.50624
-0.43669
-0.43669
-0.74344
-1.1831
-0.39824
0
0
0
-0.92469
0
0
0
0
0
0
0
0
0
0
-0.51945
-0.46656
-0.46656
21.0008
-0.44531
-0.47932
-0.4576
-0.49489
-0.52491
-0.57112
-0.59285
-0.45126
-0.45126
0
0
0
-2.0874
0
0
0
0
0
0
0
-4.4634
0
-8.529
0
0
0
-0.45867
-0.41177
-0.41177
-0.44531
7.1395
-0.43025
-0.41377
-0.45648
-0.46804
-0.51885
-0.48608
-0.40759
-0.40759
-0.70191
-1.1214
0
0
0
0
0
0
0
0
0
0
0
0
0
0
0
-0.50907
-0.45666
-0.45666
-0.47932
-0.43025
5.7714
-0.44448
-0.50119
-0.51451
-0.55891
-0.54296
-0.43869
-0.43869
0
0
0
0
0
0
0
0
0
0
0
0
0
0
0
0
0
-0.49161
-0.44157
-0.44157
-0.4576
-0.41377
-0.44448
4.9996
-0.46159
-0.4686
-0.50767
0
-0.43558
-0.43558
0
0
0
0
0
0
0
0
0
0
0
0
0
0
0
0
0
-0.54369
-0.48447
-0.48447
-0.49489
-0.45648
-0.50119
-0.46159
9.9901
-0.45923
-0.49165
0
0
0
0
0
0
0
0
0
0
0
0
0
0
0
0
0
0
0
-5.6124
-0.58563
-0.49303
-0.49303
-0.52491
-0.46804
-0.51451
-0.4686
-0.45923
6.7832
0
0
0
0
0
0
0
0
0
0
0
0
0
0
-2.7762
0
0
0
0
0
0
-0.61102
-0.5535
-0.5535
-0.57112
-0.51885
-0.55891
-0.50767
-0.49165
0
4.3662
0
0
0
0
0
0
0
0
0
0
0
0
0
0
0
0
0
0
0
0
-0.5777
-0.50624
-0.50624
-0.59285
-0.48608
-0.54296
0
0
0
0
6.865
0
0
0
0
0
0
0
0
0
0
0
-3.6529
0
0
0
0
0
0
0
-0.48197
-0.43669
-0.43669
-0.45126
-0.40759
-0.43869
-0.43558
0
0
0
0
3.0885
0
0
0
0
0
0
0
0
0
0
0
0
0
0
0
0
0
0
-0.48197
-0.43669
-0.43669
-0.45126
-0.40759
-0.43869
-0.43558
0
0
0
0
0
3.0885
0
0
0
0
0
0
0
0
0
0
0
0
0
0
0
0
0
-0.81234
-0.74344
-0.74344
0
-0.70191
0
0
0
0
0
0
0
0
4.1897
0
0
0
0
0
0
0
0
0
0
0
-1.1886
0
0
0
0
-1.2675
-1.1831
-1.1831
0
-1.1214
0
0
0
0
0
0
0
0
0
4.7551
0
0
0
0
0
0
0
0
0
0
0
0
0
0
0
0
-0.39824
-0.39824
0
0
0
0
0
0
0
0
0
0
0
0
1.369
0
0
0
0
0
0
0
0
0
0
0
-0.57255
0
0
0
0
0
-2.0874
0
0
0
0
0
0
0
0
0
0
0
0
5.999
0
-2.537
0
0
0
0
0
-1.3746
0
0
0
0
0
0
0
0
0
0
0
0
0
0
0
0
0
0
0
0
0
0
8.408
-2.8112
0
-4.151
0
0
-1.4457
0
0
0
0
0
0
0
0
0
0
0
0
0
0
0
0
0
0
0
0
0
0
-2.537
-2.8112
7.0014
0
0
0
-1.6532
0
0
0
0
0
0
0
-0.99944
-0.92469
-0.92469
0
0
0
0
0
0
0
0
0
0
0
0
0
0
0
0
2.8488
0
0
0
0
0
0
0
0
0
0
0
0
0
0
0
0
0
0
0
0
0
0
0
0
0
0
0
-4.151
0
0
4.3459
-0.19489
0
0
0
0
0
0
0
0
-1.0834
0
0
0
0
0
0
0
0
0
0
0
0
0
0
0
0
0
0
0
-0.19489
1.2783
0
0
0
0
0
0
0
0
0
0
0
0
0
0
0
0
0
0
-3.6529
0
0
0
0
0
0
0
-1.6532
0
0
0
5.3061
0
0
0
0
0
0
0
0
0
0
0
0
0
0
0
-2.7762
0
0
0
0
0
0
0
0
-1.4457
0
0
0
0
0
4.2219
0
0
0
0
0
0
0
0
0
-4.4634
0
0
0
0
0
0
0
0
0
0
0
0
-1.3746
0
0
0
0
0
0
0
5.8381
0
0
0
0
0
0
0
0
0
0
0
0
0
0
0
0
0
0
-1.1886
0
0
0
0
0
0
0
0
0
0
0
1.1886
0
0
0
0
0
0
0
-8.529
0
0
0
0
0
0
0
0
0
0
0
0
0
0
0
0
0
0
0
0
0
0
8.529
0
0
0
0
0
0
0
0
0
0
0
0
0
0
0
0
0
0
-0.57255
0
0
0
0
0
0
0
0
0
0
0
0.57255
0
0
-7.7063
0
0
0
0
0
0
0
0
0
0
0
0
0
0
0
0
0
0
0
0
0
0
0
0
0
0
0
7.7063
0
0
0
0
0
0
0
0
-5.6124
0
0
0
0
0
0
0
0
0
0
0
0
0
0
0
0
0
0
0
0
0
5.6124
