23.8078
-0.84938
-0.78706
-0.79225
-0.78863
-0.79663
-0.8209
-0.69805
-0.69805
-0.7094
-0.72269
-0.71195
-0.72743
-0.72743
-0.71758
-0.75604
-0.77127
-0.88473
-0.8881
0
0
0
0
0
0
-9.9602
0
0
0
0
-0.84938
14.8287
-0.82851
-0.82096
-0.82571
-0.81932
-0.85927
-0.71785
-0.71785
-0.73084
-0.74164
-0.72798
-0.74384
-0.74384
-0.78717
-0.77315
-0.81654
0
-0.885
0
-1.4398
0
0
0
0
0
0
0
0
0
-0.78706
-0.82851
12.1972
-0.7472
-0.75333
-0.75029
-0.85267
-0.64842
-0.64842
-0.66929
-0.67867
-0.67186
-0.68643
-0.68643
-0.71769
-0.71331
-0.74645
0
0
-0.61118
0
0
0
0
0
0
0
0
0
0
-0.79225
-0.82096
-0.7472
12.4196
-0.75287
-0.75195
-0.85326
-0.6489
-0.6489
-0.67284
-0.67927
-0.6707
-0.68524
-0.68524
-0.73148
-0.71207
-0.75764
0
-0.80883
0
0
0
0
0
0
0
0
0
0
0
-0.78863
-0.82571
-0.75333
-0.75287
12.4125
-0.75552
-0.8209
-0.6521
-0.6521
-0.6749
-0.68121
-0.67148
-0.68603
-0.68603
-0.71919
-0.7129
-0.75176
-0.82788
0
0
0
0
0
0
0
0
0
0
0
0
-0.79663
-0.81932
-0.75029
-0.75195
-0.75552
12.9895
-0.85593
-0.65092
-0.65092
-0.67584
-0.68187
-0.67356
-0.68816
-0.68816
-0.73128
-0.71512
-0.75587
0
0
0
-1.3482
0
0
0
0
0
0
0
0
0
-0.8209
-0.85927
-0.85267
-0.85326
-0.8209
-0.85593
23.3009
-0.71355
-0.71355
-0.67924
-0.71061
-0.68597
-0.70086
-0.70086
0
-0.72834
0
-0.83512
0
0
0
0
-2.5028
0
-9.267
0
0
0
0
0
-0.69805
-0.71785
-0.64842
-0.6489
-0.6521
-0.65092
-0.71355
10.2114
-0.57453
-0.58909
-0.60312
-0.59084
-0.60364
-0.60364
-0.63041
-0.62721
-0.65918
0
0
0
0
0
0
0
0
0
0
0
0
0
-0.69805
-0.71785
-0.64842
-0.6489
-0.6521
-0.65092
-0.71355
-0.57453
10.2114
-0.58909
-0.60312
-0.59084
-0.60364
-0.60364
-0.63041
-0.62721
-0.65918
0
0
0
0
0
0
0
0
0
0
0
0
0
-0.7094
-0.73084
-0.66929
-0.67284
-0.6749
-0.67584
-0.67924
-0.58909
-0.58909
9.6181
-0.62628
-0.59564
-0.60854
-0.60854
0
-0.63231
0
0
0
-0.55621
0
0
0
0
0
0
0
0
0
0
-0.72269
-0.74164
-0.67867
-0.67927
-0.68121
-0.68187
-0.71061
-0.60312
-0.60312
-0.62628
9.8869
-0.60916
-0.62235
-0.62235
-0.65786
-0.64666
0
0
0
0
0
0
0
0
0
0
0
0
0
0
-0.71195
-0.72798
-0.67186
-0.6707
-0.67148
-0.67356
-0.68597
-0.59084
-0.59084
-0.59564
-0.60916
9.0489
-0.60839
-0.60839
0
-0.63215
0
0
0
0
0
0
0
0
0
0
0
0
0
0
-0.72743
-0.74384
-0.68643
-0.68524
-0.68603
-0.68816
-0.70086
-0.60364
-0.60364
-0.60854
-0.62235
-0.60839
8.5757
-0.61115
0
0
0
0
0
0
0
0
0
0
0
0
0
0
0
0
-0.72743
-0.74384
-0.68643
-0.68524
-0.68603
-0.68816
-0.70086
-0.60364
-0.60364
-0.60854
-0.62235
-0.60839
-0.61115
8.5757
0
0
0
0
0
0
0
0
0
0
0
0
0
0
0
0
-0.71758
-0.78717
-0.71769
-0.73148
-0.71919
-0.73128
0
-0.63041
-0.63041
0
-0.65786
0
0
0
23.5775
0
0
-0.77845
0
0
0
0
0
-8.238
0
0
0
0
-8.238
0
-0.75604
-0.77315
-0.71331
-0.71207
-0.7129
-0.71512
-0.72834
-0.62721
-0.62721
-0.63231
-0.64666
-0.63215
0
0
0
8.2765
0
0
0
0
0
0
0
0
0
0
0
0
0
0
-0.77127
-0.81654
-0.74645
-0.75764
-0.75176
-0.75587
0
-0.65918
-0.65918
0
0
0
0
0
0
0
9.9431
0
0
0
0
0
0
0
0
0
0
-4.0252
0
0
-0.88473
0
0
0
-0.82788
0
-0.83512
0
0
0
0
0
0
0
-0.77845
0
0
5.6665
0
0
0
-0.33152
-2.0089
0
0
0
0
0
0
0
-0.8881
-0.885
0
-0.80883
0
0
0
0
0
0
0
0
0
0
0
0
0
0
2.5819
0
0
0
0
0
0
0
0
0
0
0
0
0
-0.61118
0
0
0
0
0
0
-0.55621
0
0
0
0
0
0
0
0
0
1.8763
0
0
0
0
0
0
-0.70894
0
0
0
0
-1.4398
0
0
0
-1.3482
0
0
0
0
0
0
0
0
0
0
0
0
0
0
4.4456
-1.6576
0
0
0
0
0
0
0
0
0
0
0
0
0
0
0
0
0
0
0
0
0
0
0
0
0
-0.33152
0
0
-1.6576
3.2941
0
0
0
0
0
0
0
-1.305
0
0
0
0
0
0
-2.5028
0
0
0
0
0
0
0
0
0
0
-2.0089
0
0
0
0
4.5117
0
0
0
0
0
0
0
0
0
0
0
0
0
0
0
0
0
0
0
0
0
-8.238
0
0
0
0
0
0
0
0
8.238
0
0
0
0
0
0
0
0
0
0
0
0
-9.267
0
0
0
0
0
0
0
0
0
0
0
0
0
0
0
0
0
9.267
0
0
0
0
0
-9.9602
0
0
0
0
0
0
0
0
0
0
0
0
0
0
0
0
0
0
0
0
0
0
0
0
9.9602
0
0
0
0
0
0
0
0
0
0
0
0
0
0
0
0
0
0
0
0
0
0
0
-0.70894
0
0
0
0
0
0
0.70894
0
0
0
0
0
0
0
0
0
0
0
0
0
0
0
0
0
0
0
-4.0252
0
0
0
0
0
0
0
0
0
0
4.0252
0
0
0
0
0
0
0
0
0
0
0
0
0
0
0
0
-8.238
0
0
0
0
0
0
0
0
0
0
0
0
0
8.238
0
0
0
0
0
0
0
0
0
0
0
0
0
0
0
0
0
0
0
0
0
0
-1.305
0
0
0
0
0
0
0
1.305
