23.4912
-0.67827
-0.65569
-0.65029
-0.65569
-0.59658
-0.65176
-0.65176
-0.61413
-0.66023
-0.68084
-0.7262
-0.68084
-0.71081
-0.60825
-0.60825
-0.65645
-0.64956
0
0
-0.23147
-12.1241
0
0
0
0
0
0
0
0
-0.67827
21.9342
-0.61498
-0.60886
-0.61498
-0.55162
-0.60245
-0.60245
-0.56844
-0.6144
-0.62713
-0.65732
-0.62713
-0.66099
-0.56172
-0.56172
-0.61264
-0.59875
0
0
0
0
0
0
0
0
0
-11.5704
0
0
-0.65569
-0.61498
10.7146
-0.59581
-0.56868
-0.53383
-0.5826
-0.5826
-0.54968
-0.61535
-0.60408
-0.64318
-0.60408
-0.64011
-0.54163
-0.54163
-0.60253
-0.57549
-0.66266
0
0
0
0
0
0
0
0
0
0
0
-0.65029
-0.60886
-0.59581
10.143
-0.59581
-0.53173
-0.58018
-0.58018
-0.54767
-0.60365
-0.60286
-0.6326
-0.60286
-0.63152
-0.54057
-0.54057
-0.59271
-0.57523
0
-0.12986
0
0
0
0
0
0
0
0
0
0
-0.65569
-0.61498
-0.56868
-0.59581
10.7146
-0.53383
-0.5826
-0.5826
-0.54968
-0.61535
-0.60408
-0.64318
-0.60408
-0.64011
-0.54163
-0.54163
-0.60253
-0.57549
-0.66266
0
0
0
0
0
0
0
0
0
0
0
-0.59658
-0.55162
-0.53383
-0.53173
-0.53383
9.2059
-0.53374
-0.53374
-0.50265
-0.55783
-0.55086
-0.58341
-0.55086
-0.58109
-0.49503
-0.49503
-0.5483
-0.52581
0
0
0
0
0
0
0
0
0
0
0
0
-0.65176
-0.60245
-0.5826
-0.58018
-0.5826
-0.53374
8.8685
-0.56405
-0.54813
-0.62412
-0.60748
-0.6485
-0.60748
-0.6462
-0.5446
-0.5446
0
0
0
0
0
0
0
0
0
0
0
0
0
0
-0.65176
-0.60245
-0.5826
-0.58018
-0.5826
-0.53374
-0.56405
8.8685
-0.54813
-0.62412
-0.60748
-0.6485
-0.60748
-0.6462
-0.5446
-0.5446
0
0
0
0
0
0
0
0
0
0
0
0
0
0
-0.61413
-0.56844
-0.54968
-0.54767
-0.54968
-0.50265
-0.54813
-0.54813
7.7207
-0.57054
-0.56198
0
-0.56198
-0.58806
-0.50479
-0.50479
0
0
0
0
0
0
0
0
0
0
0
0
0
0
-0.66023
-0.6144
-0.61535
-0.60365
-0.61535
-0.55783
-0.62412
-0.62412
-0.57054
25.5848
0
0
0
0
0
0
0
0
0
0
0
0
0
0
0
-10.0496
0
0
-10.0496
0
-0.68084
-0.62713
-0.60408
-0.60286
-0.60408
-0.55086
-0.60748
-0.60748
-0.56198
0
6.1905
0
-0.74377
0
0
0
0
0
0
0
0
0
0
0
0
0
0
0
0
0
-0.7262
-0.65732
-0.64318
-0.6326
-0.64318
-0.58341
-0.6485
-0.6485
0
0
0
11.4334
0
0
0
0
0
0
0
0
-0.2648
0
0
0
0
0
0
0
0
-5.9857
-0.68084
-0.62713
-0.60408
-0.60286
-0.60408
-0.55086
-0.60748
-0.60748
-0.56198
0
-0.74377
0
6.1905
0
0
0
0
0
0
0
0
0
0
0
0
0
0
0
0
0
-0.71081
-0.66099
-0.64011
-0.63152
-0.64011
-0.58109
-0.6462
-0.6462
-0.58806
0
0
0
0
11.7165
0
0
0
0
0
0
0
0
0
-5.9714
0
0
0
0
0
0
-0.60825
-0.56172
-0.54163
-0.54057
-0.54163
-0.49503
-0.5446
-0.5446
-0.50479
0
0
0
0
0
4.8828
0
0
0
0
0
0
0
0
0
0
0
0
0
0
0
-0.60825
-0.56172
-0.54163
-0.54057
-0.54163
-0.49503
-0.5446
-0.5446
-0.50479
0
0
0
0
0
0
4.8828
0
0
0
0
0
0
0
0
0
0
0
0
0
0
-0.65645
-0.61264
-0.60253
-0.59271
-0.60253
-0.5483
0
0
0
0
0
0
0
0
0
0
4.9719
0
0
0
0
0
0
0
0
0
-1.3567
0
0
0
-0.64956
-0.59875
-0.57549
-0.57523
-0.57549
-0.52581
0
0
0
0
0
0
0
0
0
0
0
3.5003
0
0
0
0
0
0
0
0
0
0
0
0
0
0
-0.66266
0
-0.66266
0
0
0
0
0
0
0
0
0
0
0
0
0
1.9088
-0.58352
0
0
0
0
0
0
0
0
0
0
0
0
0
-0.12986
0
0
0
0
0
0
0
0
0
0
0
0
0
0
-0.58352
0.98845
0
0
0
0
-0.27508
0
0
0
0
0
-0.23147
0
0
0
0
0
0
0
0
0
0
-0.2648
0
0
0
0
0
0
0
0
0.60077
0
-0.1045
0
0
0
0
0
0
0
-12.1241
0
0
0
0
0
0
0
0
0
0
0
0
0
0
0
0
0
0
0
0
12.1241
0
0
0
0
0
0
0
0
0
0
0
0
0
0
0
0
0
0
0
0
0
0
0
0
0
0
0
0
-0.1045
0
0.1045
0
0
0
0
0
0
0
0
0
0
0
0
0
0
0
0
0
0
0
0
-5.9714
0
0
0
0
0
0
0
0
0
5.9714
0
0
0
0
0
0
0
0
0
0
0
0
0
0
0
0
0
0
0
0
0
0
0
0
0
-0.27508
0
0
0
0
0.27508
0
0
0
0
0
0
0
0
0
0
0
0
0
0
-10.0496
0
0
0
0
0
0
0
0
0
0
0
0
0
0
0
10.0496
0
0
0
0
0
0
0
0
0
0
0
0
0
0
0
0
0
0
0
0
-1.3567
0
0
0
0
0
0
0
0
0
1.3567
0
0
0
0
-11.5704
0
0
0
0
0
0
0
0
0
0
0
0
0
0
0
0
0
0
0
0
0
0
0
0
0
11.5704
0
0
0
0
0
0
0
0
0
0
0
-10.0496
0
0
0
0
0
0
0
0
0
0
0
0
0
0
0
0
0
0
10.0496
0
0
0
0
0
0
0
0
0
0
0
0
-5.9857
0
0
0
0
0
0
0
0
0
0
0
0
0
0
0
0
0
5.9857
