16.1973
-0.97755
-0.94856
-0.94856
-0.94856
-0.94856
-0.97755
-0.97755
-0.97755
-0.71877
-0.71877
-0.86772
-0.87119
-0.86772
-0.82656
-0.89667
-0.88792
-0.87869
0
0
-0.47945
-0.47945
0
0
0
0
0
0
0
0
-0.97755
20.5722
-0.87022
-0.87022
-0.87022
-0.87022
-0.86792
-0.86792
-0.86792
-0.62501
-0.62501
-0.7506
-0.73898
-0.7506
-0.71456
-0.77356
-0.77143
-0.74964
0
0
0
0
0
0
0
0
0
0
0
-7.0106
-0.94856
-0.87022
14.3221
-0.76313
-0.76313
-0.76313
-0.87022
-0.87022
-0.87022
-0.61251
-0.61251
-0.73958
-0.74969
-0.73958
-0.70462
-0.76209
-0.75749
-0.74104
-1.1842
0
0
0
0
0
0
0
0
0
0
0
-0.94856
-0.87022
-0.76313
14.3221
-0.76313
-0.76313
-0.87022
-0.87022
-0.87022
-0.61251
-0.61251
-0.73958
-0.74969
-0.73958
-0.70462
-0.76209
-0.75749
-0.74104
-1.1842
0
0
0
0
0
0
0
0
0
0
0
-0.94856
-0.87022
-0.76313
-0.76313
14.3221
-0.76313
-0.87022
-0.87022
-0.87022
-0.61251
-0.61251
-0.73958
-0.74969
-0.73958
-0.70462
-0.76209
-0.75749
-0.74104
-1.1842
0
0
0
0
0
0
0
0
0
0
0
-0.94856
-0.87022
-0.76313
-0.76313
-0.76313
14.3221
-0.87022
-0.87022
-0.87022
-0.61251
-0.61251
-0.73958
-0.74969
-0.73958
-0.70462
-0.76209
-0.75749
-0.74104
-1.1842
0
0
0
0
0
0
0
0
0
0
0
-0.97755
-0.86792
-0.87022
-0.87022
-0.87022
-0.87022
20.5722
-0.86792
-0.86792
-0.62501
-0.62501
-0.7506
-0.73898
-0.7506
-0.71456
-0.77356
-0.77143
-0.74964
0
0
0
0
0
0
0
0
0
-7.0106
0
0
-0.97755
-0.86792
-0.87022
-0.87022
-0.87022
-0.87022
-0.86792
20.5722
-0.86792
-0.62501
-0.62501
-0.7506
-0.73898
-0.7506
-0.71456
-0.77356
-0.77143
-0.74964
0
0
0
0
0
0
0
0
-7.0106
0
0
0
-0.97755
-0.86792
-0.87022
-0.87022
-0.87022
-0.87022
-0.86792
-0.86792
20.5722
-0.62501
-0.62501
-0.7506
-0.73898
-0.7506
-0.71456
-0.77356
-0.77143
-0.74964
0
0
0
0
0
-7.0106
0
0
0
0
0
0
-0.71877
-0.62501
-0.61251
-0.61251
-0.61251
-0.61251
-0.62501
-0.62501
-0.62501
10.0779
-0.47038
-0.56437
-0.5616
-0.56437
-0.53598
-0.57837
-0.573
-0.56094
0
0
0
0
0
0
0
0
0
0
0
0
-0.71877
-0.62501
-0.61251
-0.61251
-0.61251
-0.61251
-0.62501
-0.62501
-0.62501
-0.47038
10.0779
-0.56437
-0.5616
-0.56437
-0.53598
-0.57837
-0.573
-0.56094
0
0
0
0
0
0
0
0
0
0
0
0
-0.86772
-0.7506
-0.73958
-0.73958
-0.73958
-0.73958
-0.7506
-0.7506
-0.7506
-0.56437
-0.56437
10.7961
-0.7568
-0.68763
-0.65639
-0.73814
0
0
0
0
0
0
0
0
0
0
0
0
0
0
-0.87119
-0.73898
-0.74969
-0.74969
-0.74969
-0.74969
-0.73898
-0.73898
-0.73898
-0.5616
-0.5616
-0.7568
15.5482
-0.7568
-0.61548
0
0
0
0
0
0
0
0
0
0
0
0
0
-5.47
0
-0.86772
-0.7506
-0.73958
-0.73958
-0.73958
-0.73958
-0.7506
-0.7506
-0.7506
-0.56437
-0.56437
-0.68763
-0.7568
10.7961
-0.65639
-0.73814
0
0
0
0
0
0
0
0
0
0
0
0
0
0
-0.82656
-0.71456
-0.70462
-0.70462
-0.70462
-0.70462
-0.71456
-0.71456
-0.71456
-0.53598
-0.53598
-0.65639
-0.61548
-0.65639
9.5035
0
0
0
0
0
0
0
0
0
0
0
0
0
0
0
-0.89667
-0.77356
-0.76209
-0.76209
-0.76209
-0.76209
-0.77356
-0.77356
-0.77356
-0.57837
-0.57837
-0.73814
0
-0.73814
0
9.6723
0
0
0
0
0
0
0
0
0
0
0
0
0
0
-0.88792
-0.77143
-0.75749
-0.75749
-0.75749
-0.75749
-0.77143
-0.77143
-0.77143
-0.573
-0.573
0
0
0
0
0
12.9411
0
0
0
0
0
-4.7915
0
0
0
0
0
0
0
-0.87869
-0.74964
-0.74104
-0.74104
-0.74104
-0.74104
-0.74964
-0.74964
-0.74964
-0.56094
-0.56094
0
0
0
0
0
0
9.3931
0
-1.4298
0
0
0
0
0
0
0
0
0
0
0
0
-1.1842
-1.1842
-1.1842
-1.1842
0
0
0
0
0
0
0
0
0
0
0
0
4.7366
0
0
0
0
0
0
0
0
0
0
0
0
0
0
0
0
0
0
0
0
0
0
0
0
0
0
0
0
-1.4298
0
6.8626
-1.5509
-1.5509
-2.331
0
0
0
0
0
0
0
-0.47945
0
0
0
0
0
0
0
0
0
0
0
0
0
0
0
0
0
0
-1.5509
3.3115
0
0
0
0
-1.2811
0
0
0
0
-0.47945
0
0
0
0
0
0
0
0
0
0
0
0
0
0
0
0
0
0
-1.5509
0
3.3115
0
0
-1.2811
0
0
0
0
0
0
0
0
0
0
0
0
0
0
0
0
0
0
0
0
0
-4.7915
0
0
-2.331
0
0
7.1224
0
0
0
0
0
0
0
0
0
0
0
0
0
0
0
-7.0106
0
0
0
0
0
0
0
0
0
0
0
0
0
0
7.0106
0
0
0
0
0
0
0
0
0
0
0
0
0
0
0
0
0
0
0
0
0
0
0
0
0
0
0
-1.2811
0
0
1.2811
0
0
0
0
0
0
0
0
0
0
0
0
0
0
0
0
0
0
0
0
0
0
0
0
0
-1.2811
0
0
0
0
1.2811
0
0
0
0
0
0
0
0
0
0
0
-7.0106
0
0
0
0
0
0
0
0
0
0
0
0
0
0
0
0
0
0
7.0106
0
0
0
0
0
0
0
0
0
-7.0106
0
0
0
0
0
0
0
0
0
0
0
0
0
0
0
0
0
0
0
0
7.0106
0
0
0
0
0
0
0
0
0
0
0
0
0
0
-5.47
0
0
0
0
0
0
0
0
0
0
0
0
0
0
0
5.47
0
0
-7.0106
0
0
0
0
0
0
0
0
0
0
0
0
0
0
0
0
0
0
0
0
0
0
0
0
0
0
0
7.0106
