30.3937
-0.70704
-0.71063
-0.6759
-0.68392
-0.6934
-0.68392
-0.68646
-0.69458
-0.63896
-0.64522
-0.63896
-0.66189
0
0
0
0
-0.60568
-0.60389
0
0
-7.0211
0
0
-7.0211
-7.0211
0
0
0
0
-0.70704
14.573
-0.75648
-0.71535
-0.72305
-0.73499
-0.72305
-0.71762
-0.73004
-0.65789
-0.67473
-0.65789
-0.68549
0
-0.55225
0
0
0
0
0
0
0
0
0
0
0
0
0
-5.5371
0
-0.71063
-0.75648
9.9939
-0.70362
-0.7082
-0.72425
-0.7082
-0.70852
-0.71505
-0.65058
-0.66484
-0.65058
-0.67718
0
0
-0.98552
0
-0.6302
0
0
0
0
0
0
0
0
0
0
0
0
-0.6759
-0.71535
-0.70362
8.5952
-0.68363
-0.6906
-0.68363
-0.67671
-0.68194
-0.62042
-0.62187
-0.62042
-0.63478
0
0
0
-0.58633
0
0
0
0
0
0
0
0
0
0
0
0
0
-0.68392
-0.72305
-0.7082
-0.68363
8.8556
-0.69541
-0.64917
-0.68292
-0.6883
-0.62367
-0.63902
-0.62367
-0.64694
-0.80767
0
0
0
0
0
0
0
0
0
0
0
0
0
0
0
0
-0.6934
-0.73499
-0.72425
-0.6906
-0.69541
13.4207
-0.69541
-0.68981
-0.69566
-0.63066
-0.64388
-0.63066
-0.6538
0
0
0
0
0
0
0
0
0
-5.2421
0
0
0
0
0
0
0
-0.68392
-0.72305
-0.7082
-0.68363
-0.64917
-0.69541
8.8556
-0.68292
-0.6883
-0.62367
-0.63902
-0.62367
-0.64694
-0.80767
0
0
0
0
0
0
0
0
0
0
0
0
0
0
0
0
-0.68646
-0.71762
-0.70852
-0.67671
-0.68292
-0.68981
-0.68292
8.6661
-0.68135
-0.62286
-0.63309
-0.62286
-0.64524
0
0
0
0
0
-0.61579
0
0
0
0
0
0
0
0
0
0
0
-0.69458
-0.73004
-0.71505
-0.68194
-0.6883
-0.69566
-0.6883
-0.68135
9.4464
-0.62424
-0.6371
-0.62424
-0.64633
0
0
0
0
0
0
-1.3393
0
0
0
0
0
0
0
0
0
0
-0.63896
-0.65789
-0.65058
-0.62042
-0.62367
-0.63066
-0.62367
-0.62286
-0.62424
7.4827
-0.59724
-0.58621
-0.60626
0
0
0
0
0
0
0
0
0
0
0
0
0
0
0
0
0
-0.64522
-0.67473
-0.66484
-0.62187
-0.63902
-0.64388
-0.63902
-0.63309
-0.6371
-0.59724
7.5595
-0.59724
0
0
0
0
-0.56627
0
0
0
0
0
0
0
0
0
0
0
0
0
-0.63896
-0.65789
-0.65058
-0.62042
-0.62367
-0.63066
-0.62367
-0.62286
-0.62424
-0.58621
-0.59724
7.4827
-0.60626
0
0
0
0
0
0
0
0
0
0
0
0
0
0
0
0
0
-0.66189
-0.68549
-0.67718
-0.63478
-0.64694
-0.6538
-0.64694
-0.64524
-0.64633
-0.60626
0
-0.60626
7.1111
0
0
0
0
0
0
0
0
0
0
0
0
0
0
0
0
0
0
0
0
0
-0.80767
0
-0.80767
0
0
0
0
0
0
7.2296
0
-0.97219
0
0
0
-1.4099
-3.2323
0
0
0
0
0
0
0
0
0
0
-0.55225
0
0
0
0
0
0
0
0
0
0
0
0
3.012
-1.4681
0
0
0
0
0
0
0
0
0
0
0
0
0
-0.99164
0
0
-0.98552
0
0
0
0
0
0
0
0
0
0
-0.97219
-1.4681
3.4259
0
0
0
0
0
0
0
0
0
0
0
0
0
0
0
0
0
-0.58633
0
0
0
0
0
0
-0.56627
0
0
0
0
0
1.713
0
0
0
0
0
0
0
0
0
0
-0.56045
0
0
-0.60568
0
-0.6302
0
0
0
0
0
0
0
0
0
0
0
0
0
0
1.8211
0
0
0
0
0
-0.58527
0
0
0
0
0
0
-0.60389
0
0
0
0
0
0
-0.61579
0
0
0
0
0
0
0
0
0
0
1.8104
0
0
0
0
0
0
0
-0.59071
0
0
0
0
0
0
0
0
0
0
0
-1.3393
0
0
0
0
-1.4099
0
0
0
0
0
2.7491
0
0
0
0
0
0
0
0
0
0
0
0
0
0
0
0
0
0
0
0
0
0
0
-3.2323
0
0
0
0
0
0
3.2323
0
0
0
0
0
0
0
0
0
-7.0211
0
0
0
0
0
0
0
0
0
0
0
0
0
0
0
0
0
0
0
0
7.0211
0
0
0
0
0
0
0
0
0
0
0
0
0
-5.2421
0
0
0
0
0
0
0
0
0
0
0
0
0
0
0
0
5.2421
0
0
0
0
0
0
0
0
0
0
0
0
0
0
0
0
0
0
0
0
0
0
0
0
-0.58527
0
0
0
0
0
0.58527
0
0
0
0
0
0
-7.0211
0
0
0
0
0
0
0
0
0
0
0
0
0
0
0
0
0
0
0
0
0
0
0
7.0211
0
0
0
0
0
-7.0211
0
0
0
0
0
0
0
0
0
0
0
0
0
0
0
0
0
0
0
0
0
0
0
0
7.0211
0
0
0
0
0
0
0
0
0
0
0
0
0
0
0
0
0
0
0
0
0
0
-0.59071
0
0
0
0
0
0
0
0.59071
0
0
0
0
0
0
0
0
0
0
0
0
0
0
0
0
0
0
0
-0.56045
0
0
0
0
0
0
0
0
0
0
0.56045
0
0
0
-5.5371
0
0
0
0
0
0
0
0
0
0
0
0
0
0
0
0
0
0
0
0
0
0
0
0
0
0
5.5371
0
0
0
0
0
0
0
0
0
0
0
0
0
0
0
-0.99164
0
0
0
0
0
0
0
0
0
0
0
0
0
0
0.99164
