39.414
-0.75329
-0.79072
-0.72511
-0.72511
-0.72511
-0.72511
-0.77465
-0.77242
-0.76613
-0.71767
-0.71767
-0.73632
-0.69959
-0.70681
-0.74127
-0.71443
-0.73134
-0.76888
-0.76888
-0.57291
0
0
-12.3903
0
0
0
-12.3903
0
0
-0.75329
14.5378
-0.76358
-0.70354
-0.70354
-0.70354
-0.70354
-0.7667
-0.74743
-0.7609
-0.69499
-0.69499
-0.73368
-0.67586
-0.70762
-0.71428
-0.75017
-0.7015
-0.73138
-0.73138
-0.50734
-0.28857
0
0
0
0
0
0
0
0
-0.79072
-0.76358
14.8627
-0.73233
-0.73233
-0.73233
-0.73233
-0.80681
-0.78075
-0.80097
-0.72574
-0.72574
-0.77235
-0.70534
-0.74504
-0.74549
-0.77922
-0.73027
-0.76102
-0.76102
-0.53932
0
0
0
0
0
0
0
0
0
-0.72511
-0.70354
-0.73233
13.1724
-0.65922
-0.65922
-0.65922
-0.73728
-0.71769
-0.73232
-0.66742
-0.66742
-0.70677
-0.64882
-0.6821
-0.68564
-0.71456
-0.67204
-0.70083
-0.70083
0
0
0
0
0
0
0
0
0
0
-0.72511
-0.70354
-0.73233
-0.65922
13.1724
-0.65922
-0.65922
-0.73728
-0.71769
-0.73232
-0.66742
-0.66742
-0.70677
-0.64882
-0.6821
-0.68564
-0.71456
-0.67204
-0.70083
-0.70083
0
0
0
0
0
0
0
0
0
0
-0.72511
-0.70354
-0.73233
-0.65922
-0.65922
13.1724
-0.65922
-0.73728
-0.71769
-0.73232
-0.66742
-0.66742
-0.70677
-0.64882
-0.6821
-0.68564
-0.71456
-0.67204
-0.70083
-0.70083
0
0
0
0
0
0
0
0
0
0
-0.72511
-0.70354
-0.73233
-0.65922
-0.65922
-0.65922
13.1724
-0.73728
-0.71769
-0.73232
-0.66742
-0.66742
-0.70677
-0.64882
-0.6821
-0.68564
-0.71456
-0.67204
-0.70083
-0.70083
0
0
0
0
0
0
0
0
0
0
-0.77465
-0.7667
-0.80681
-0.73728
-0.73728
-0.73728
-0.73728
20.5082
-0.78753
-0.7956
-0.72861
-0.72861
-0.76734
-0.70865
-0.73856
-0.752
0
-0.74293
0
0
0
0
0
0
0
0
0
0
-8.4611
0
-0.77242
-0.74743
-0.78075
-0.71769
-0.71769
-0.71769
-0.71769
-0.78753
11.7701
-0.79364
-0.70344
-0.70344
-0.75438
-0.68437
-0.72773
-0.72695
0
-0.71728
0
0
0
0
0
0
0
0
0
0
0
0
-0.76613
-0.7609
-0.80097
-0.73232
-0.73232
-0.73232
-0.73232
-0.7956
-0.79364
19.08
-0.71841
-0.71841
-0.75954
-0.69968
-0.73062
-0.74532
0
0
0
0
0
0
0
0
0
0
-7.8615
0
0
0
-0.71767
-0.69499
-0.72574
-0.66742
-0.66742
-0.66742
-0.66742
-0.72861
-0.70344
-0.71841
10.2393
-0.62925
-0.69019
-0.62646
-0.66629
-0.66859
0
0
0
0
0
0
0
0
0
0
0
0
0
0
-0.71767
-0.69499
-0.72574
-0.66742
-0.66742
-0.66742
-0.66742
-0.72861
-0.70344
-0.71841
-0.62925
10.2393
-0.69019
-0.62646
-0.66629
-0.66859
0
0
0
0
0
0
0
0
0
0
0
0
0
0
-0.73632
-0.73368
-0.77235
-0.70677
-0.70677
-0.70677
-0.70677
-0.76734
-0.75438
-0.75954
-0.69019
-0.69019
15.4926
-0.62605
0
0
0
0
0
0
0
0
0
0
0
-6.1355
0
0
0
0
-0.69959
-0.67586
-0.70534
-0.64882
-0.64882
-0.64882
-0.64882
-0.70865
-0.68437
-0.69968
-0.62646
-0.62646
-0.62605
9.2971
0
-0.64933
0
0
0
0
0
0
0
0
0
0
0
0
0
0
-0.70681
-0.70762
-0.74504
-0.6821
-0.6821
-0.6821
-0.6821
-0.73856
-0.72773
-0.73062
-0.66629
-0.66629
0
0
13.5957
0
0
0
0
0
0
0
-5.1784
0
0
0
0
0
0
0
-0.74127
-0.71428
-0.74549
-0.68564
-0.68564
-0.68564
-0.68564
-0.752
-0.72695
-0.74532
-0.66859
-0.66859
0
-0.64933
0
9.1544
0
0
0
0
0
0
0
0
0
0
0
0
0
0
-0.71443
-0.75017
-0.77922
-0.71456
-0.71456
-0.71456
-0.71456
0
0
0
0
0
0
0
0
0
5.5326
0
0
0
0
-0.32608
0
0
-0.1045
0
0
0
0
0
-0.73134
-0.7015
-0.73027
-0.67204
-0.67204
-0.67204
-0.67204
-0.74293
-0.71728
0
0
0
0
0
0
0
0
6.3115
0
0
0
0
0
0
0
0
0
0
0
0
-0.76888
-0.73138
-0.76102
-0.70083
-0.70083
-0.70083
-0.70083
0
0
0
0
0
0
0
0
0
0
0
5.0646
0
0
0
0
0
0
0
0
0
0
0
-0.76888
-0.73138
-0.76102
-0.70083
-0.70083
-0.70083
-0.70083
0
0
0
0
0
0
0
0
0
0
0
0
5.0646
0
0
0
0
0
0
0
0
0
0
-0.57291
-0.50734
-0.53932
0
0
0
0
0
0
0
0
0
0
0
0
0
0
0
0
0
1.6196
0
0
0
0
0
0
0
0
0
0
-0.28857
0
0
0
0
0
0
0
0
0
0
0
0
0
0
-0.32608
0
0
0
0
0.80976
0
0
0
0
0
0
0
-0.19511
0
0
0
0
0
0
0
0
0
0
0
0
0
0
-5.1784
0
0
0
0
0
0
0
5.1784
0
0
0
0
0
0
0
-12.3903
0
0
0
0
0
0
0
0
0
0
0
0
0
0
0
0
0
0
0
0
0
0
12.3903
0
0
0
0
0
0
0
0
0
0
0
0
0
0
0
0
0
0
0
0
0
0
-0.1045
0
0
0
0
0
0
0
0.1045
0
0
0
0
0
0
0
0
0
0
0
0
0
0
0
0
0
-6.1355
0
0
0
0
0
0
0
0
0
0
0
0
6.1355
0
0
0
0
0
0
0
0
0
0
0
0
0
-7.8615
0
0
0
0
0
0
0
0
0
0
0
0
0
0
0
0
7.8615
0
0
0
-12.3903
0
0
0
0
0
0
0
0
0
0
0
0
0
0
0
0
0
0
0
0
0
0
0
0
0
0
12.3903
0
0
0
0
0
0
0
0
0
-8.4611
0
0
0
0
0
0
0
0
0
0
0
0
0
0
0
0
0
0
0
0
8.4611
0
0
0
0
0
0
0
0
0
0
0
0
0
0
0
0
0
0
0
0
0
0
-0.19511
0
0
0
0
0
0
0
0.19511
