24.65
-0.91663
-0.78551
-0.78551
-0.78551
-0.81417
-0.78551
-0.81417
-0.77666
-0.78786
-0.79865
-0.82448
-0.79333
-0.79333
-0.80225
-0.83043
-0.8015
-0.78709
-0.72087
-0.83801
0
0
0
0
0
-9.4085
0
0
0
0
-0.91663
24.65
-0.78551
-0.78551
-0.78551
-0.81417
-0.78551
-0.81417
-0.77666
-0.78786
-0.79865
-0.82448
-0.79333
-0.79333
-0.80225
-0.83043
-0.8015
-0.78709
-0.72087
-0.83801
0
0
-9.4085
0
0
0
0
0
0
0
-0.78551
-0.78551
13.2076
-0.66157
-0.66157
-0.71052
-0.66157
-0.71052
-0.66948
-0.67917
-0.68721
-0.70935
-0.68225
-0.68225
-0.68882
-0.71697
-0.68824
-0.67906
-0.63271
-0.71533
0
0
0
0
0
0
0
0
0
0
-0.78551
-0.78551
-0.66157
13.2076
-0.66157
-0.71052
-0.66157
-0.71052
-0.66948
-0.67917
-0.68721
-0.70935
-0.68225
-0.68225
-0.68882
-0.71697
-0.68824
-0.67906
-0.63271
-0.71533
0
0
0
0
0
0
0
0
0
0
-0.78551
-0.78551
-0.66157
-0.66157
13.2076
-0.71052
-0.66157
-0.71052
-0.66948
-0.67917
-0.68721
-0.70935
-0.68225
-0.68225
-0.68882
-0.71697
-0.68824
-0.67906
-0.63271
-0.71533
0
0
0
0
0
0
0
0
0
0
-0.81417
-0.81417
-0.71052
-0.71052
-0.71052
21.6957
-0.71052
-0.72228
-0.67698
-0.69308
-0.69459
-0.71693
-0.6955
-0.6955
-0.70234
-0.72222
-0.7019
-0.68775
-0.6325
0
0
0
0
0
-8.8837
0
0
0
0
0
-0.78551
-0.78551
-0.66157
-0.66157
-0.66157
-0.71052
13.2076
-0.71052
-0.66948
-0.67917
-0.68721
-0.70935
-0.68225
-0.68225
-0.68882
-0.71697
-0.68824
-0.67906
-0.63271
-0.71533
0
0
0
0
0
0
0
0
0
0
-0.81417
-0.81417
-0.71052
-0.71052
-0.71052
-0.72228
-0.71052
21.6957
-0.67698
-0.69308
-0.69459
-0.71693
-0.6955
-0.6955
-0.70234
-0.72222
-0.7019
-0.68775
-0.6325
0
0
0
0
0
0
0
0
0
0
-8.8837
-0.77666
-0.77666
-0.66948
-0.66948
-0.66948
-0.67698
-0.66948
-0.67698
11.2133
-0.68358
-0.6893
-0.68338
-0.66458
-0.66458
-0.66931
-0.69159
-0.66946
0
0
0
-0.2123
0
0
0
0
0
0
0
0
0
-0.78786
-0.78786
-0.67917
-0.67917
-0.67917
-0.69308
-0.67917
-0.69308
-0.68358
11.8699
-0.69976
-0.70139
-0.67725
-0.67725
-0.68244
-0.71025
-0.68233
-0.67706
0
0
0
0
0
0
0
0
0
0
0
0
-0.79865
-0.79865
-0.68721
-0.68721
-0.68721
-0.69459
-0.68721
-0.69459
-0.6893
-0.69976
18.8477
-0.70211
-0.68326
-0.68326
-0.68827
-0.70831
-0.68844
0
0
0
0
-7.5697
0
0
0
0
0
0
0
0
-0.82448
-0.82448
-0.70935
-0.70935
-0.70935
-0.71693
-0.70935
-0.71693
-0.68338
-0.70139
-0.70211
14.7116
-0.73739
-0.73739
0
0
0
0
0
0
0
0
0
-5.2297
0
0
0
0
0
0
-0.79333
-0.79333
-0.68225
-0.68225
-0.68225
-0.6955
-0.68225
-0.6955
-0.66458
-0.67725
-0.68326
-0.73739
9.826
-0.65422
-0.70264
0
0
0
0
0
0
0
0
0
0
0
0
0
0
0
-0.79333
-0.79333
-0.68225
-0.68225
-0.68225
-0.6955
-0.68225
-0.6955
-0.66458
-0.67725
-0.68326
-0.73739
-0.65422
9.826
-0.70264
0
0
0
0
0
0
0
0
0
0
0
0
0
0
0
-0.80225
-0.80225
-0.68882
-0.68882
-0.68882
-0.70234
-0.68882
-0.70234
-0.66931
-0.68244
-0.68827
0
-0.70264
-0.70264
9.2098
0
0
0
0
0
0
0
0
0
0
0
0
0
0
0
-0.83043
-0.83043
-0.71697
-0.71697
-0.71697
-0.72222
-0.71697
-0.72222
-0.69159
-0.71025
-0.70831
0
0
0
0
11.2948
0
0
0
0
0
0
0
0
0
0
0
0
-3.2115
0
-0.8015
-0.8015
-0.68824
-0.68824
-0.68824
-0.7019
-0.68824
-0.7019
-0.66946
-0.68233
-0.68844
0
0
0
0
0
7.8
0
0
0
0
0
0
0
0
0
0
0
0
0
-0.78709
-0.78709
-0.67906
-0.67906
-0.67906
-0.68775
-0.67906
-0.68775
0
-0.67706
0
0
0
0
0
0
0
6.5842
0
0
-0.24124
0
0
0
0
0
0
0
0
0
-0.72087
-0.72087
-0.63271
-0.63271
-0.63271
-0.6325
-0.63271
-0.6325
0
0
0
0
0
0
0
0
0
0
5.3685
0
0
0
0
0
0
0
0
-0.13093
0
0
-0.83801
-0.83801
-0.71533
-0.71533
-0.71533
0
-0.71533
0
0
0
0
0
0
0
0
0
0
0
0
4.5374
0
0
0
0
0
0
0
0
0
0
0
0
0
0
0
0
0
0
-0.2123
0
0
0
0
0
0
0
0
-0.24124
0
0
0.55804
0
0
0
0
0
-0.1045
0
0
0
0
0
0
0
0
0
0
0
0
0
-7.5697
0
0
0
0
0
0
0
0
0
0
7.5697
0
0
0
0
0
0
0
0
0
-9.4085
0
0
0
0
0
0
0
0
0
0
0
0
0
0
0
0
0
0
0
0
9.4085
0
0
0
0
0
0
0
0
0
0
0
0
0
0
0
0
0
0
-5.2297
0
0
0
0
0
0
0
0
0
0
0
5.2297
0
0
0
0
0
0
0
0
0
0
0
-8.8837
0
0
0
0
0
0
0
0
0
0
0
0
0
0
0
0
0
0
8.8837
0
0
0
0
0
-9.4085
0
0
0
0
0
0
0
0
0
0
0
0
0
0
0
0
0
0
0
0
0
0
0
0
9.4085
0
0
0
0
0
0
0
0
0
0
0
0
0
0
0
0
0
0
0
0
0
0
0
0
-0.1045
0
0
0
0
0
0.1045
0
0
0
0
0
0
0
0
0
0
0
0
0
0
0
0
0
0
0
0
0
-0.13093
0
0
0
0
0
0
0
0
0.13093
0
0
0
0
0
0
0
0
0
0
0
0
0
0
0
0
0
-3.2115
0
0
0
0
0
0
0
0
0
0
0
0
3.2115
0
0
0
0
0
0
0
0
-8.8837
0
0
0
0
0
0
0
0
0
0
0
0
0
0
0
0
0
0
0
0
0
8.8837
