23.2661
-0.83305
-0.82284
-0.85174
-0.85174
-0.80648
-0.78612
-0.79213
-0.79213
-0.78612
-0.79213
-0.80648
-0.73393
-0.73393
-0.73393
-0.7214
-0.7214
-0.78155
-0.7123
-0.8377
-2.5103
0
0
0
-5.8587
0
0
0
0
0
-0.83305
20.5665
-0.83502
-0.85736
-0.85736
-0.80787
-0.78477
-0.79629
-0.79629
-0.78477
-0.79629
-0.80787
-0.73656
-0.73656
-0.73656
-0.72358
-0.72358
-0.78512
-0.71149
-0.84608
0
0
0
0
0
0
0
0
0
-5.61
-0.82284
-0.83502
17.3195
-0.85046
-0.85046
-0.80902
-0.79963
-0.79112
-0.79112
-0.79963
-0.79112
-0.80902
-0.73147
-0.73147
-0.73147
-0.71885
-0.71885
-0.77624
-0.71815
-0.82333
-2.4202
0
0
0
0
0
0
0
0
0
-0.85174
-0.85736
-0.85046
15.3193
-0.88028
-0.83485
-0.823
-0.8153
-0.8153
-0.823
-0.8153
-0.83485
-0.75084
-0.75084
-0.75084
-0.73752
-0.73752
-0.80049
-0.73482
-0.85495
0
0
0
0
0
0
0
0
0
0
-0.85174
-0.85736
-0.85046
-0.88028
15.3193
-0.83485
-0.823
-0.8153
-0.8153
-0.823
-0.8153
-0.83485
-0.75084
-0.75084
-0.75084
-0.73752
-0.73752
-0.80049
-0.73482
-0.85495
0
0
0
0
0
0
0
0
0
0
-0.80648
-0.80787
-0.80902
-0.83485
-0.83485
17.544
-0.7798
-0.76867
-0.76867
-0.7798
-0.76867
-0.76859
-0.70137
-0.70137
-0.70137
-0.69446
-0.69446
-0.76119
0
0
0
0
0
-4.5625
0
0
0
0
0
0
-0.78612
-0.78477
-0.79963
-0.823
-0.823
-0.7798
25.0189
-0.77995
-0.77995
-0.72078
-0.77995
-0.7798
-0.70614
-0.70614
-0.70614
-0.67518
-0.67518
0
0
0
0
0
0
0
0
0
0
-6.4567
-6.4567
0
-0.79213
-0.79629
-0.79112
-0.8153
-0.8153
-0.76867
-0.77995
13.4587
-0.73112
-0.77995
-0.73112
-0.76867
-0.69412
-0.69412
-0.69412
-0.68658
-0.68658
-0.74845
-0.68507
0
0
0
0
0
0
0
0
0
0
0
-0.79213
-0.79629
-0.79112
-0.8153
-0.8153
-0.76867
-0.77995
-0.73112
13.4587
-0.77995
-0.73112
-0.76867
-0.69412
-0.69412
-0.69412
-0.68658
-0.68658
-0.74845
-0.68507
0
0
0
0
0
0
0
0
0
0
0
-0.78612
-0.78477
-0.79963
-0.823
-0.823
-0.7798
-0.72078
-0.77995
-0.77995
25.0189
-0.77995
-0.7798
-0.70614
-0.70614
-0.70614
-0.67518
-0.67518
0
0
0
0
-6.4567
0
0
0
-6.4567
0
0
0
0
-0.79213
-0.79629
-0.79112
-0.8153
-0.8153
-0.76867
-0.77995
-0.73112
-0.73112
-0.77995
13.4587
-0.76867
-0.69412
-0.69412
-0.69412
-0.68658
-0.68658
-0.74845
-0.68507
0
0
0
0
0
0
0
0
0
0
0
-0.80648
-0.80787
-0.80902
-0.83485
-0.83485
-0.76859
-0.7798
-0.76867
-0.76867
-0.7798
-0.76867
17.544
-0.70137
-0.70137
-0.70137
-0.69446
-0.69446
-0.76119
0
0
0
0
0
0
0
0
-4.5625
0
0
0
-0.73393
-0.73656
-0.73147
-0.75084
-0.75084
-0.70137
-0.70614
-0.69412
-0.69412
-0.70614
-0.69412
-0.70137
11.8539
-0.6476
-0.6476
-0.63578
-0.63578
-0.68618
0
0
0
0
0
0
0
0
0
0
0
0
-0.73393
-0.73656
-0.73147
-0.75084
-0.75084
-0.70137
-0.70614
-0.69412
-0.69412
-0.70614
-0.69412
-0.70137
-0.6476
11.8539
-0.6476
-0.63578
-0.63578
-0.68618
0
0
0
0
0
0
0
0
0
0
0
0
-0.73393
-0.73656
-0.73147
-0.75084
-0.75084
-0.70137
-0.70614
-0.69412
-0.69412
-0.70614
-0.69412
-0.70137
-0.6476
-0.6476
11.8539
-0.63578
-0.63578
-0.68618
0
0
0
0
0
0
0
0
0
0
0
0
-0.7214
-0.72358
-0.71885
-0.73752
-0.73752
-0.69446
-0.67518
-0.68658
-0.68658
-0.67518
-0.68658
-0.69446
-0.63578
-0.63578
-0.63578
10.9659
-0.62067
0
0
0
0
0
0
0
0
0
0
0
0
0
-0.7214
-0.72358
-0.71885
-0.73752
-0.73752
-0.69446
-0.67518
-0.68658
-0.68658
-0.67518
-0.68658
-0.69446
-0.63578
-0.63578
-0.63578
-0.62067
10.9659
0
0
0
0
0
0
0
0
0
0
0
0
0
-0.78155
-0.78512
-0.77624
-0.80049
-0.80049
-0.76119
0
-0.74845
-0.74845
0
-0.74845
-0.76119
-0.68618
-0.68618
-0.68618
0
0
9.7702
0
0
0
0
0
0
0
0
0
0
0
0
-0.7123
-0.71149
-0.71815
-0.73482
-0.73482
0
0
-0.68507
-0.68507
0
-0.68507
0
0
0
0
0
0
0
5.7713
0
0
0
-0.1045
0
0
0
0
0
0
0
-0.8377
-0.84608
-0.82333
-0.85495
-0.85495
0
0
0
0
0
0
0
0
0
0
0
0
0
0
4.217
0
0
0
0
0
0
0
0
0
0
-2.5103
0
-2.4202
0
0
0
0
0
0
0
0
0
0
0
0
0
0
0
0
0
4.9305
0
0
0
0
0
0
0
0
0
0
0
0
0
0
0
0
0
0
-6.4567
0
0
0
0
0
0
0
0
0
0
0
6.4567
0
0
0
0
0
0
0
0
0
0
0
0
0
0
0
0
0
0
0
0
0
0
0
0
0
0
-0.1045
0
0
0
0.1045
0
0
0
0
0
0
0
0
0
0
0
0
-4.5625
0
0
0
0
0
0
0
0
0
0
0
0
0
0
0
0
0
4.5625
0
0
0
0
0
0
-5.8587
0
0
0
0
0
0
0
0
0
0
0
0
0
0
0
0
0
0
0
0
0
0
0
5.8587
0
0
0
0
0
0
0
0
0
0
0
0
0
0
-6.4567
0
0
0
0
0
0
0
0
0
0
0
0
0
0
0
6.4567
0
0
0
0
0
0
0
0
0
0
0
0
0
0
0
-4.5625
0
0
0
0
0
0
0
0
0
0
0
0
0
0
4.5625
0
0
0
0
0
0
0
0
0
-6.4567
0
0
0
0
0
0
0
0
0
0
0
0
0
0
0
0
0
0
0
0
6.4567
0
0
0
0
0
0
0
0
-6.4567
0
0
0
0
0
0
0
0
0
0
0
0
0
0
0
0
0
0
0
0
0
6.4567
0
0
-5.61
0
0
0
0
0
0
0
0
0
0
0
0
0
0
0
0
0
0
0
0
0
0
0
0
0
0
0
5.61
