33.2327
-0.82717
-0.82717
-0.82717
-0.6845
-0.6845
-0.6845
-0.62305
-0.6845
-0.6845
-0.6845
-0.6845
-0.58139
-0.57178
-0.63885
-0.65272
-0.65272
-0.65898
-0.73226
-0.68171
-10.0831
0
0
-10.0831
0
0
0
0
0
0
-0.82717
20.6532
-0.92927
-0.92927
-0.7479
-0.7479
-0.7479
-0.7253
-0.7479
-0.7479
-0.7479
-0.7479
-0.6322
-0.66559
-0.69745
-0.71262
-0.71262
-0.74031
-0.79432
-0.73769
0
-6.3141
0
0
0
0
0
0
0
0
-0.82717
-0.92927
20.6532
-0.92927
-0.7479
-0.7479
-0.7479
-0.7253
-0.7479
-0.7479
-0.7479
-0.7479
-0.6322
-0.66559
-0.69745
-0.71262
-0.71262
-0.74031
-0.79432
-0.73769
0
0
0
0
-6.3141
0
0
0
0
0
-0.82717
-0.92927
-0.92927
20.6532
-0.7479
-0.7479
-0.7479
-0.7253
-0.7479
-0.7479
-0.7479
-0.7479
-0.6322
-0.66559
-0.69745
-0.71262
-0.71262
-0.74031
-0.79432
-0.73769
0
0
0
0
0
0
0
0
-6.3141
0
-0.6845
-0.7479
-0.7479
-0.7479
11.5372
-0.57286
-0.57286
-0.62238
-0.57286
-0.57286
-0.57286
-0.57286
-0.49688
-0.54654
-0.55598
-0.56826
-0.56826
-0.59369
-0.63321
-0.58667
0
0
0
0
0
0
0
0
0
0
-0.6845
-0.7479
-0.7479
-0.7479
-0.57286
11.5372
-0.57286
-0.62238
-0.57286
-0.57286
-0.57286
-0.57286
-0.49688
-0.54654
-0.55598
-0.56826
-0.56826
-0.59369
-0.63321
-0.58667
0
0
0
0
0
0
0
0
0
0
-0.6845
-0.7479
-0.7479
-0.7479
-0.57286
-0.57286
11.5372
-0.62238
-0.57286
-0.57286
-0.57286
-0.57286
-0.49688
-0.54654
-0.55598
-0.56826
-0.56826
-0.59369
-0.63321
-0.58667
0
0
0
0
0
0
0
0
0
0
-0.62305
-0.7253
-0.7253
-0.7253
-0.62238
-0.62238
-0.62238
28.0026
-0.62238
-0.62238
-0.62238
-0.62238
-0.47891
-0.42173
-0.52017
-0.52738
-0.52738
-0.51563
0
0
0
0
0
0
0
-8.9279
0
0
0
-8.9279
-0.6845
-0.7479
-0.7479
-0.7479
-0.57286
-0.57286
-0.57286
-0.62238
11.5372
-0.57286
-0.57286
-0.57286
-0.49688
-0.54654
-0.55598
-0.56826
-0.56826
-0.59369
-0.63321
-0.58667
0
0
0
0
0
0
0
0
0
0
-0.6845
-0.7479
-0.7479
-0.7479
-0.57286
-0.57286
-0.57286
-0.62238
-0.57286
11.5372
-0.57286
-0.57286
-0.49688
-0.54654
-0.55598
-0.56826
-0.56826
-0.59369
-0.63321
-0.58667
0
0
0
0
0
0
0
0
0
0
-0.6845
-0.7479
-0.7479
-0.7479
-0.57286
-0.57286
-0.57286
-0.62238
-0.57286
-0.57286
11.5372
-0.57286
-0.49688
-0.54654
-0.55598
-0.56826
-0.56826
-0.59369
-0.63321
-0.58667
0
0
0
0
0
0
0
0
0
0
-0.6845
-0.7479
-0.7479
-0.7479
-0.57286
-0.57286
-0.57286
-0.62238
-0.57286
-0.57286
-0.57286
11.5372
-0.49688
-0.54654
-0.55598
-0.56826
-0.56826
-0.59369
-0.63321
-0.58667
0
0
0
0
0
0
0
0
0
0
-0.58139
-0.6322
-0.6322
-0.6322
-0.49688
-0.49688
-0.49688
-0.47891
-0.49688
-0.49688
-0.49688
-0.49688
9.3057
-0.42147
-0.47662
-0.47929
-0.47929
-0.48888
-0.52509
0
0
0
0
0
0
0
0
0
0
0
-0.57178
-0.66559
-0.66559
-0.66559
-0.54654
-0.54654
-0.54654
-0.42173
-0.54654
-0.54654
-0.54654
-0.54654
-0.42147
25.0325
-0.48364
-0.49122
-0.49122
0
0
0
0
0
0
0
0
0
-8.1645
-8.1645
0
0
-0.63885
-0.69745
-0.69745
-0.69745
-0.55598
-0.55598
-0.55598
-0.52017
-0.55598
-0.55598
-0.55598
-0.55598
-0.47662
-0.48364
9.6836
-0.52134
-0.52134
-0.53741
0
0
0
0
0
0
0
0
0
0
0
0
-0.65272
-0.71262
-0.71262
-0.71262
-0.56826
-0.56826
-0.56826
-0.52738
-0.56826
-0.56826
-0.56826
-0.56826
-0.47929
-0.49122
-0.52134
9.314
-0.52634
0
0
0
0
0
0
0
0
0
0
0
0
0
-0.65272
-0.71262
-0.71262
-0.71262
-0.56826
-0.56826
-0.56826
-0.52738
-0.56826
-0.56826
-0.56826
-0.56826
-0.47929
-0.49122
-0.52134
-0.52634
9.314
0
0
0
0
0
0
0
0
0
0
0
0
0
-0.65898
-0.74031
-0.74031
-0.74031
-0.59369
-0.59369
-0.59369
-0.51563
-0.59369
-0.59369
-0.59369
-0.59369
-0.48888
0
-0.53741
0
0
9.8025
0
0
0
0
-1.2249
0
0
0
0
0
0
0
-0.73226
-0.79432
-0.79432
-0.79432
-0.63321
-0.63321
-0.63321
0
-0.63321
-0.63321
-0.63321
-0.63321
-0.52509
0
0
0
0
0
8.0728
0
0
0
0
0
0
0
0
0
0
0
-0.68171
-0.73769
-0.73769
-0.73769
-0.58667
-0.58667
-0.58667
0
-0.58667
-0.58667
-0.58667
-0.58667
0
0
0
0
0
0
0
7.0015
0
0
0
0
0
0
0
0
0
0
-10.0831
0
0
0
0
0
0
0
0
0
0
0
0
0
0
0
0
0
0
0
10.0831
0
0
0
0
0
0
0
0
0
0
-6.3141
0
0
0
0
0
0
0
0
0
0
0
0
0
0
0
0
0
0
0
6.3141
0
0
0
0
0
0
0
0
0
0
0
0
0
0
0
0
0
0
0
0
0
0
0
0
0
-1.2249
0
0
0
0
1.2249
0
0
0
0
0
0
0
-10.0831
0
0
0
0
0
0
0
0
0
0
0
0
0
0
0
0
0
0
0
0
0
0
10.0831
0
0
0
0
0
0
0
0
-6.3141
0
0
0
0
0
0
0
0
0
0
0
0
0
0
0
0
0
0
0
0
0
6.3141
0
0
0
0
0
0
0
0
0
0
0
0
-8.9279
0
0
0
0
0
0
0
0
0
0
0
0
0
0
0
0
0
8.9279
0
0
0
0
0
0
0
0
0
0
0
0
0
0
0
0
0
-8.1645
0
0
0
0
0
0
0
0
0
0
0
0
8.1645
0
0
0
0
0
0
0
0
0
0
0
0
0
0
0
0
-8.1645
0
0
0
0
0
0
0
0
0
0
0
0
0
8.1645
0
0
0
0
0
-6.3141
0
0
0
0
0
0
0
0
0
0
0
0
0
0
0
0
0
0
0
0
0
0
0
0
6.3141
0
0
0
0
0
0
0
0
-8.9279
0
0
0
0
0
0
0
0
0
0
0
0
0
0
0
0
0
0
0
0
0
8.9279
