38.113
-0.32796
-0.32796
-0.35051
-0.34724
-0.35051
-0.35051
-0.35051
-0.31811
-0.31977
-0.31117
-0.31117
-0.31117
-0.31117
-0.31117
0
0
0
0
0
0
-11.1714
0
0
-11.1714
0
0
-11.1714
0
0
-0.32796
20.8913
-0.3727
-0.39286
-0.38342
-0.39286
-0.39286
-0.39286
-0.34904
-0.35665
-0.33904
-0.33904
-0.33904
-0.33904
-0.33904
0
0
0
0
0
-7.9175
0
-7.9175
0
0
0
0
0
0
0
-0.32796
-0.3727
20.8913
-0.39286
-0.38342
-0.39286
-0.39286
-0.39286
-0.34904
-0.35665
-0.33904
-0.33904
-0.33904
-0.33904
-0.33904
0
0
0
0
-7.9175
0
0
0
0
0
0
0
0
0
-7.9175
-0.35051
-0.39286
-0.39286
8.578
-0.39152
-0.40371
-0.40371
-0.40371
-0.35574
-0.36641
-0.34118
-0.34118
-0.34118
-0.34118
-0.34118
0
0
0
-3.4111
0
0
0
0
0
0
0
0
0
0
0
-0.34724
-0.38342
-0.38342
-0.39152
5.19
-0.39152
-0.39152
-0.39152
-0.36623
-0.35458
-0.33542
-0.33542
-0.33542
-0.33542
-0.33542
-0.11196
0
0
0
0
0
0
0
0
0
0
0
0
0
0
-0.35051
-0.39286
-0.39286
-0.40371
-0.39152
8.578
-0.40371
-0.40371
-0.35574
-0.36641
-0.34118
-0.34118
-0.34118
-0.34118
-0.34118
0
0
0
0
0
0
0
0
0
0
-3.4111
0
0
0
0
-0.35051
-0.39286
-0.39286
-0.40371
-0.39152
-0.40371
8.578
-0.40371
-0.35574
-0.36641
-0.34118
-0.34118
-0.34118
-0.34118
-0.34118
0
0
0
0
0
0
0
0
-3.4111
0
0
0
0
0
0
-0.35051
-0.39286
-0.39286
-0.40371
-0.39152
-0.40371
-0.40371
8.578
-0.35574
-0.36641
-0.34118
-0.34118
-0.34118
-0.34118
-0.34118
0
0
0
0
0
0
0
0
0
0
0
0
0
-3.4111
0
-0.31811
-0.34904
-0.34904
-0.35574
-0.36623
-0.35574
-0.35574
-0.35574
4.4478
0
-0.30758
-0.30758
-0.30758
-0.30758
-0.30758
0
0
-0.1045
0
0
0
0
0
0
0
0
0
0
0
0
-0.31977
-0.35665
-0.35665
-0.36641
-0.35458
-0.36641
-0.36641
-0.36641
0
6.6879
-0.31244
-0.31244
-0.31244
-0.31244
-0.31244
0
0
0
0
0
0
0
0
0
0
0
-2.2724
0
0
0
-0.31117
-0.33904
-0.33904
-0.34118
-0.33542
-0.34118
-0.34118
-0.34118
-0.30758
-0.31244
4.4745
-0.29129
-0.29129
-0.29129
-0.29129
0
0
0
0
0
0
0
0
0
0
0
0
0
0
0
-0.31117
-0.33904
-0.33904
-0.34118
-0.33542
-0.34118
-0.34118
-0.34118
-0.30758
-0.31244
-0.29129
4.4745
-0.29129
-0.29129
-0.29129
0
0
0
0
0
0
0
0
0
0
0
0
0
0
0
-0.31117
-0.33904
-0.33904
-0.34118
-0.33542
-0.34118
-0.34118
-0.34118
-0.30758
-0.31244
-0.29129
-0.29129
4.4745
-0.29129
-0.29129
0
0
0
0
0
0
0
0
0
0
0
0
0
0
0
-0.31117
-0.33904
-0.33904
-0.34118
-0.33542
-0.34118
-0.34118
-0.34118
-0.30758
-0.31244
-0.29129
-0.29129
-0.29129
4.4745
-0.29129
0
0
0
0
0
0
0
0
0
0
0
0
0
0
0
-0.31117
-0.33904
-0.33904
-0.34118
-0.33542
-0.34118
-0.34118
-0.34118
-0.30758
-0.31244
-0.29129
-0.29129
-0.29129
-0.29129
4.4745
0
0
0
0
0
0
0
0
0
0
0
0
0
0
0
0
0
0
0
-0.11196
0
0
0
0
0
0
0
0
0
0
1.5428
-1.4308
0
0
0
0
0
0
0
0
0
0
0
0
0
0
0
0
0
0
0
0
0
0
0
0
0
0
0
0
-1.4308
2.8882
-1.4574
0
0
0
0
0
0
0
0
0
0
0
0
0
0
0
0
0
0
0
0
-0.1045
0
0
0
0
0
0
0
-1.4574
1.5619
0
0
0
0
0
0
0
0
0
0
0
0
0
0
0
-3.4111
0
0
0
0
0
0
0
0
0
0
0
0
0
0
3.4111
0
0
0
0
0
0
0
0
0
0
0
0
0
-7.9175
0
0
0
0
0
0
0
0
0
0
0
0
0
0
0
0
7.9175
0
0
0
0
0
0
0
0
0
0
0
-7.9175
0
0
0
0
0
0
0
0
0
0
0
0
0
0
0
0
0
0
7.9175
0
0
0
0
0
0
0
0
0
-11.1714
0
0
0
0
0
0
0
0
0
0
0
0
0
0
0
0
0
0
0
0
11.1714
0
0
0
0
0
0
0
0
0
-7.9175
0
0
0
0
0
0
0
0
0
0
0
0
0
0
0
0
0
0
0
0
7.9175
0
0
0
0
0
0
0
0
0
0
0
0
0
-3.4111
0
0
0
0
0
0
0
0
0
0
0
0
0
0
0
0
3.4111
0
0
0
0
0
0
-11.1714
0
0
0
0
0
0
0
0
0
0
0
0
0
0
0
0
0
0
0
0
0
0
0
11.1714
0
0
0
0
0
0
0
0
0
0
-3.4111
0
0
0
0
0
0
0
0
0
0
0
0
0
0
0
0
0
0
0
3.4111
0
0
0
0
0
0
0
0
0
0
0
0
0
-2.2724
0
0
0
0
0
0
0
0
0
0
0
0
0
0
0
0
2.2724
0
0
0
-11.1714
0
0
0
0
0
0
0
0
0
0
0
0
0
0
0
0
0
0
0
0
0
0
0
0
0
0
11.1714
0
0
0
0
0
0
0
0
0
-3.4111
0
0
0
0
0
0
0
0
0
0
0
0
0
0
0
0
0
0
0
0
3.4111
0
0
0
-7.9175
0
0
0
0
0
0
0
0
0
0
0
0
0
0
0
0
0
0
0
0
0
0
0
0
0
0
7.9175
