22.7229
-0.96349
-0.96349
-0.96349
-0.96349
-0.93425
-0.9554
-0.94091
-0.96521
-0.91624
-0.91624
-0.91624
-0.91624
-0.93959
-0.93959
-0.93959
-0.93433
-0.93433
-1.018
-0.91557
-0.91557
-0.94995
-0.87936
-1.0211
-1.0211
0
0
0
0
0
-0.96349
22.7229
-0.96349
-0.96349
-0.96349
-0.93425
-0.9554
-0.94091
-0.96521
-0.91624
-0.91624
-0.91624
-0.91624
-0.93959
-0.93959
-0.93959
-0.93433
-0.93433
-1.018
-0.91557
-0.91557
-0.94995
-0.87936
-1.0211
-1.0211
0
0
0
0
0
-0.96349
-0.96349
22.7229
-0.96349
-0.96349
-0.93425
-0.9554
-0.94091
-0.96521
-0.91624
-0.91624
-0.91624
-0.91624
-0.93959
-0.93959
-0.93959
-0.93433
-0.93433
-1.018
-0.91557
-0.91557
-0.94995
-0.87936
-1.0211
-1.0211
0
0
0
0
0
-0.96349
-0.96349
-0.96349
22.7229
-0.96349
-0.93425
-0.9554
-0.94091
-0.96521
-0.91624
-0.91624
-0.91624
-0.91624
-0.93959
-0.93959
-0.93959
-0.93433
-0.93433
-1.018
-0.91557
-0.91557
-0.94995
-0.87936
-1.0211
-1.0211
0
0
0
0
0
-0.96349
-0.96349
-0.96349
-0.96349
22.7229
-0.93425
-0.9554
-0.94091
-0.96521
-0.91624
-0.91624
-0.91624
-0.91624
-0.93959
-0.93959
-0.93959
-0.93433
-0.93433
-1.018
-0.91557
-0.91557
-0.94995
-0.87936
-1.0211
-1.0211
0
0
0
0
0
-0.93425
-0.93425
-0.93425
-0.93425
-0.93425
27.7379
-0.89344
-0.89431
-0.91751
-0.87276
-0.87276
-0.87276
-0.87276
-0.89531
-0.89531
-0.89531
-0.8904
-0.8904
-0.94765
-0.87286
-0.87286
-0.87655
-0.80751
0
0
0
0
0
0
-8.0262
-0.9554
-0.9554
-0.9554
-0.9554
-0.9554
-0.89344
27.1738
-0.92388
-0.94537
-0.89829
-0.89829
-0.89829
-0.89829
-0.92184
-0.92184
-0.92184
-0.91672
-0.91672
-0.97961
-0.89845
-0.89845
-0.90637
0
0
0
0
0
-7.7591
0
0
-0.94091
-0.94091
-0.94091
-0.94091
-0.94091
-0.89431
-0.92388
20.0322
-0.93208
-0.88501
-0.88501
-0.88501
-0.88501
-0.90735
-0.90735
-0.90735
-0.90235
-0.90235
-0.97909
-0.88448
-0.88448
-0.91456
-0.84801
0
0
0
0
0
0
0
-0.96521
-0.96521
-0.96521
-0.96521
-0.96521
-0.91751
-0.94537
-0.93208
19.7047
-0.91045
-0.91045
-0.91045
-0.91045
-0.93425
-0.93425
-0.93425
-0.92903
-0.92903
-1.0132
-0.91042
-0.91042
-0.94714
0
0
0
0
0
0
0
0
-0.91624
-0.91624
-0.91624
-0.91624
-0.91624
-0.87276
-0.89829
-0.88501
-0.91045
17.779
-0.85371
-0.85371
-0.85371
-0.88119
-0.88119
-0.88119
-0.87639
-0.87639
-0.95533
-0.85923
-0.85923
0
0
0
0
0
0
0
0
0
-0.91624
-0.91624
-0.91624
-0.91624
-0.91624
-0.87276
-0.89829
-0.88501
-0.91045
-0.85371
17.779
-0.85371
-0.85371
-0.88119
-0.88119
-0.88119
-0.87639
-0.87639
-0.95533
-0.85923
-0.85923
0
0
0
0
0
0
0
0
0
-0.91624
-0.91624
-0.91624
-0.91624
-0.91624
-0.87276
-0.89829
-0.88501
-0.91045
-0.85371
-0.85371
17.779
-0.85371
-0.88119
-0.88119
-0.88119
-0.87639
-0.87639
-0.95533
-0.85923
-0.85923
0
0
0
0
0
0
0
0
0
-0.91624
-0.91624
-0.91624
-0.91624
-0.91624
-0.87276
-0.89829
-0.88501
-0.91045
-0.85371
-0.85371
-0.85371
17.779
-0.88119
-0.88119
-0.88119
-0.87639
-0.87639
-0.95533
-0.85923
-0.85923
0
0
0
0
0
0
0
0
0
-0.93959
-0.93959
-0.93959
-0.93959
-0.93959
-0.89531
-0.92184
-0.90735
-0.93425
-0.88119
-0.88119
-0.88119
-0.88119
15.4988
-0.90683
-0.90683
-0.90183
-0.90183
0
0
0
0
0
0
0
0
0
0
0
0
-0.93959
-0.93959
-0.93959
-0.93959
-0.93959
-0.89531
-0.92184
-0.90735
-0.93425
-0.88119
-0.88119
-0.88119
-0.88119
-0.90683
15.4988
-0.90683
-0.90183
-0.90183
0
0
0
0
0
0
0
0
0
0
0
0
-0.93959
-0.93959
-0.93959
-0.93959
-0.93959
-0.89531
-0.92184
-0.90735
-0.93425
-0.88119
-0.88119
-0.88119
-0.88119
-0.90683
-0.90683
15.4988
-0.90183
-0.90183
0
0
0
0
0
0
0
0
0
0
0
0
-0.93433
-0.93433
-0.93433
-0.93433
-0.93433
-0.8904
-0.91672
-0.90235
-0.92903
-0.87639
-0.87639
-0.87639
-0.87639
-0.90183
-0.90183
-0.90183
14.5212
0
0
0
0
0
0
0
0
0
0
0
0
0
-0.93433
-0.93433
-0.93433
-0.93433
-0.93433
-0.8904
-0.91672
-0.90235
-0.92903
-0.87639
-0.87639
-0.87639
-0.87639
-0.90183
-0.90183
-0.90183
0
14.5212
0
0
0
0
0
0
0
0
0
0
0
0
-1.018
-1.018
-1.018
-1.018
-1.018
-0.94765
-0.97961
-0.97909
-1.0132
-0.95533
-0.95533
-0.95533
-0.95533
0
0
0
0
0
17.6893
0
0
0
0
0
0
0
0
0
-4.8585
0
-0.91557
-0.91557
-0.91557
-0.91557
-0.91557
-0.87286
-0.89845
-0.88448
-0.91042
-0.85923
-0.85923
-0.85923
-0.85923
0
0
0
0
0
0
11.581
0
0
0
0
0
0
0
0
0
0
-0.91557
-0.91557
-0.91557
-0.91557
-0.91557
-0.87286
-0.89845
-0.88448
-0.91042
-0.85923
-0.85923
-0.85923
-0.85923
0
0
0
0
0
0
0
11.581
0
0
0
0
0
0
0
0
0
-0.94995
-0.94995
-0.94995
-0.94995
-0.94995
-0.87655
-0.90637
-0.91456
-0.94714
0
0
0
0
0
0
0
0
0
0
0
0
9.7544
0
0
0
-1.36
0
0
0
0
-0.87936
-0.87936
-0.87936
-0.87936
-0.87936
-0.80751
0
-0.84801
0
0
0
0
0
0
0
0
0
0
0
0
0
0
6.1568
0
0
0
-0.1045
0
0
0
-1.0211
-1.0211
-1.0211
-1.0211
-1.0211
0
0
0
0
0
0
0
0
0
0
0
0
0
0
0
0
0
0
5.1057
0
0
0
0
0
0
-1.0211
-1.0211
-1.0211
-1.0211
-1.0211
0
0
0
0
0
0
0
0
0
0
0
0
0
0
0
0
0
0
0
5.1057
0
0
0
0
0
0
0
0
0
0
0
0
0
0
0
0
0
0
0
0
0
0
0
0
0
0
-1.36
0
0
0
1.36
0
0
0
0
0
0
0
0
0
0
0
0
0
0
0
0
0
0
0
0
0
0
0
0
0
0
-0.1045
0
0
0
0.1045
0
0
0
0
0
0
0
0
0
-7.7591
0
0
0
0
0
0
0
0
0
0
0
0
0
0
0
0
0
0
0
0
7.7591
0
0
0
0
0
0
0
0
0
0
0
0
0
0
0
0
0
0
0
0
-4.8585
0
0
0
0
0
0
0
0
0
4.8585
0
0
0
0
0
0
-8.0262
0
0
0
0
0
0
0
0
0
0
0
0
0
0
0
0
0
0
0
0
0
0
0
8.0262
