29.1765
-0.61414
-0.63302
-0.61426
-0.61962
-0.63345
-0.63416
-0.63416
-0.63345
-0.59239
-0.60654
-0.61149
-0.60718
-0.61149
-0.61441
-0.63841
-0.43614
-0.57552
0
-0.76874
0
-9.049
0
-9.049
0
0
0
0
0
0
-0.61414
27.9229
-0.62728
-0.60819
-0.61513
-0.62762
-0.62932
-0.62932
-0.62762
-0.58788
-0.60184
-0.60679
-0.60169
-0.60679
-0.60967
-0.63356
-0.4334
-0.57082
0
0
-8.8459
0
0
0
0
0
0
-8.8459
0
0
-0.63302
-0.62728
17.1747
-0.61747
-0.62286
-0.64173
-0.63642
-0.63642
-0.64173
-0.59394
-0.6083
-0.61261
-0.61749
-0.61261
-0.61544
-0.63694
-0.44879
-0.56996
0
0
0
0
0
0
0
0
0
0
0
-6.8017
-0.61426
-0.60819
-0.61747
10.142
-0.6092
-0.61662
-0.61329
-0.61329
-0.61662
-0.57271
-0.58615
-0.58994
-0.59648
-0.58994
-0.59255
-0.61198
0
0
-0.32375
-0.76954
0
0
0
0
0
0
0
0
0
0
-0.61962
-0.61513
-0.62286
-0.6092
10.1093
-0.6209
-0.61707
-0.61707
-0.6209
-0.57629
-0.58987
-0.59371
-0.60027
-0.59371
-0.59635
-0.61602
-0.44779
-0.55249
0
0
0
0
0
0
0
0
0
0
0
0
-0.63345
-0.62762
-0.64173
-0.61662
-0.6209
13.9829
-0.6638
-0.6638
-0.67216
-0.59106
-0.60588
-0.6095
-0.61529
-0.6095
-0.61235
0
0
0
0
0
0
0
0
0
-5.1993
0
0
0
0
0
-0.63416
-0.62932
-0.63642
-0.61329
-0.61707
-0.6638
9.3419
-0.62172
-0.6638
-0.58769
-0.60249
-0.60636
-0.61574
-0.60636
-0.60908
-0.63457
0
0
0
0
0
0
0
0
0
0
0
0
0
0
-0.63416
-0.62932
-0.63642
-0.61329
-0.61707
-0.6638
-0.62172
9.3419
-0.6638
-0.58769
-0.60249
-0.60636
-0.61574
-0.60636
-0.60908
-0.63457
0
0
0
0
0
0
0
0
0
0
0
0
0
0
-0.63345
-0.62762
-0.64173
-0.61662
-0.6209
-0.67216
-0.6638
-0.6638
13.9829
-0.59106
-0.60588
-0.6095
-0.61529
-0.6095
-0.61235
0
0
0
0
0
0
0
0
0
0
0
0
0
-5.1993
0
-0.59239
-0.58788
-0.59394
-0.57271
-0.57629
-0.59106
-0.58769
-0.58769
-0.59106
8.1095
-0.56233
-0.56437
-0.57076
-0.56437
-0.56698
0
0
0
0
0
0
0
0
0
0
0
0
0
0
0
-0.60654
-0.60184
-0.6083
-0.58615
-0.58987
-0.60588
-0.60249
-0.60249
-0.60588
-0.56233
7.7253
-0.5818
-0.58992
-0.5818
0
0
0
0
0
0
0
0
0
0
0
0
0
0
0
0
-0.61149
-0.60679
-0.61261
-0.58994
-0.59371
-0.6095
-0.60636
-0.60636
-0.6095
-0.56437
-0.5818
7.1803
0
-0.58788
0
0
0
0
0
0
0
0
0
0
0
0
0
0
0
0
-0.60718
-0.60169
-0.61749
-0.59648
-0.60027
-0.61529
-0.61574
-0.61574
-0.61529
-0.57076
-0.58992
0
9.7113
0
0
0
0
0
0
0
0
0
-3.0654
0
0
0
0
0
0
0
-0.61149
-0.60679
-0.61261
-0.58994
-0.59371
-0.6095
-0.60636
-0.60636
-0.6095
-0.56437
-0.5818
-0.58788
0
7.1803
0
0
0
0
0
0
0
0
0
0
0
0
0
0
0
0
-0.61441
-0.60967
-0.61544
-0.59255
-0.59635
-0.61235
-0.60908
-0.60908
-0.61235
-0.56698
0
0
0
0
6.0383
0
0
0
0
0
0
0
0
0
0
0
0
0
0
0
-0.63841
-0.63356
-0.63694
-0.61198
-0.61602
0
-0.63457
-0.63457
0
0
0
0
0
0
0
4.4061
0
0
0
0
0
0
0
0
0
0
0
0
0
0
-0.43614
-0.4334
-0.44879
0
-0.44779
0
0
0
0
0
0
0
0
0
0
0
1.8706
0
0
0
0
0
0
0
0
0
-0.1045
0
0
0
-0.57552
-0.57082
-0.56996
0
-0.55249
0
0
0
0
0
0
0
0
0
0
0
0
2.2688
0
0
0
0
0
0
0
0
0
0
0
0
0
0
0
-0.32375
0
0
0
0
0
0
0
0
0
0
0
0
0
0
1.48
-0.67702
0
0
0
0
0
-0.47922
0
0
0
0
-0.76874
0
0
-0.76954
0
0
0
0
0
0
0
0
0
0
0
0
0
0
-0.67702
2.2153
0
0
0
0
0
0
0
0
0
0
0
-8.8459
0
0
0
0
0
0
0
0
0
0
0
0
0
0
0
0
0
0
8.8459
0
0
0
0
0
0
0
0
0
-9.049
0
0
0
0
0
0
0
0
0
0
0
0
0
0
0
0
0
0
0
0
9.049
0
0
0
0
0
0
0
0
0
0
0
0
0
0
0
0
0
0
0
0
-3.0654
0
0
0
0
0
0
0
0
0
3.0654
0
0
0
0
0
0
0
-9.049
0
0
0
0
0
0
0
0
0
0
0
0
0
0
0
0
0
0
0
0
0
0
9.049
0
0
0
0
0
0
0
0
0
0
0
-5.1993
0
0
0
0
0
0
0
0
0
0
0
0
0
0
0
0
0
0
5.1993
0
0
0
0
0
0
0
0
0
0
0
0
0
0
0
0
0
0
0
0
0
0
0
-0.47922
0
0
0
0
0
0
0.47922
0
0
0
0
0
0
0
0
0
0
0
0
0
0
0
0
0
0
0
0
-0.1045
0
0
0
0
0
0
0
0
0
0.1045
0
0
0
0
-8.8459
0
0
0
0
0
0
0
0
0
0
0
0
0
0
0
0
0
0
0
0
0
0
0
0
0
8.8459
0
0
0
0
0
0
0
0
0
0
-5.1993
0
0
0
0
0
0
0
0
0
0
0
0
0
0
0
0
0
0
0
5.1993
0
0
0
-6.8017
0
0
0
0
0
0
0
0
0
0
0
0
0
0
0
0
0
0
0
0
0
0
0
0
0
0
6.8017
