20.0098
-0.68513
-0.6909
-0.67517
-0.67034
-0.63976
-0.63976
-0.6372
-0.6778
-0.66851
-0.67258
-0.66517
-0.75883
-0.75105
0
-0.6131
-0.50411
0
0
0
0
-2.784
0
0
0
0
0
0
-7.2764
0
-0.68513
17.0025
-0.68442
-0.66504
-0.65675
-0.62912
-0.62912
-0.61771
-0.66502
-0.66713
-0.66205
-0.64161
-0.74291
-0.74548
0
-0.6051
0
0
-1.1297
0
0
0
0
0
0
0
0
0
0
-6.5761
-0.6909
-0.68442
15.7669
-0.6746
-0.66767
-0.63542
-0.63542
-0.62695
-0.67574
-0.67475
-0.66821
-0.65985
-0.75128
-0.74979
0
-0.6226
0
0
0
0
0
0
0
0
-6.3493
0
0
0
0
0
-0.67517
-0.66504
-0.6746
9.2208
-0.67437
-0.61596
-0.61596
-0.61756
-0.67784
-0.66038
-0.6486
-0.64017
-0.7249
-0.72444
0
-0.60574
0
0
0
0
0
0
0
0
0
0
0
0
0
0
-0.67034
-0.65675
-0.66767
-0.67437
9.6352
-0.62573
-0.62573
-0.61626
-0.67102
-0.65971
-0.65141
-0.63649
-0.73017
0
0
0
-0.50605
0
0
-1.2435
0
0
0
0
0
0
0
0
0
0
-0.63976
-0.62912
-0.63542
-0.61596
-0.62573
8.1486
-0.56829
-0.5825
-0.63739
-0.62738
-0.6135
-0.60626
-0.68206
-0.6852
0
0
0
0
0
0
0
0
0
0
0
0
0
0
0
0
-0.63976
-0.62912
-0.63542
-0.61596
-0.62573
-0.56829
8.1486
-0.5825
-0.63739
-0.62738
-0.6135
-0.60626
-0.68206
-0.6852
0
0
0
0
0
0
0
0
0
0
0
0
0
0
0
0
-0.6372
-0.61771
-0.62695
-0.61756
-0.61626
-0.5825
-0.5825
9.1316
-0.60622
-0.60737
-0.59324
-0.58011
0
0
0
0
0
0
0
0
0
0
0
-2.464
0
0
0
0
0
0
-0.6778
-0.66502
-0.67574
-0.67784
-0.67102
-0.63739
-0.63739
-0.60622
11.8895
0
0
0
0
0
0
0
0
0
0
0
-1.7894
0
0
0
0
0
-4.8517
0
0
0
-0.66851
-0.66713
-0.67475
-0.66038
-0.65971
-0.62738
-0.62738
-0.60737
0
7.1158
-0.68599
0
0
0
-1.2372
0
0
0
0
0
0
0
0
0
0
0
0
0
0
0
-0.67258
-0.66205
-0.66821
-0.6486
-0.65141
-0.6135
-0.6135
-0.59324
0
-0.68599
5.8091
0
0
0
0
0
0
0
0
0
0
0
0
0
0
0
0
0
0
0
-0.66517
-0.64161
-0.65985
-0.64017
-0.63649
-0.60626
-0.60626
-0.58011
0
0
0
6.0447
0
0
0
0
0
0
-1.0088
0
0
0
0
0
0
0
0
0
0
0
-0.75883
-0.74291
-0.75128
-0.7249
-0.73017
-0.68206
-0.68206
0
0
0
0
0
5.0722
0
0
0
0
0
0
0
0
0
0
0
0
0
0
0
0
0
-0.75105
-0.74548
-0.74979
-0.72444
0
-0.6852
-0.6852
0
0
0
0
0
0
4.3412
0
0
0
0
0
0
0
0
0
0
0
0
0
0
0
0
0
0
0
0
0
0
0
0
0
-1.2372
0
0
0
0
6.9264
0
0
-0.79136
0
-1.2074
0
-1.6914
-1.999
0
0
0
0
0
0
0
-0.6131
-0.6051
-0.6226
-0.60574
0
0
0
0
0
0
0
0
0
0
0
3.2034
0
0
0
-0.75688
0
0
0
0
0
0
0
0
0
0
-0.50411
0
0
0
-0.50605
0
0
0
0
0
0
0
0
0
0
0
2.3544
-0.36688
-0.87286
0
0
0
0
0
0
-0.1045
0
0
0
0
0
0
0
0
0
0
0
0
0
0
0
0
0
0
-0.79136
0
-0.36688
2.1415
0
0
0
0
0
0
0
0
0
-0.98329
0
0
0
-1.1297
0
0
0
0
0
0
0
0
0
-1.0088
0
0
0
0
-0.87286
0
3.0114
0
0
0
0
0
0
0
0
0
0
0
0
0
0
0
-1.2435
0
0
0
0
0
0
0
0
0
-1.2074
-0.75688
0
0
0
3.2078
0
0
0
0
0
0
0
0
0
0
0
0
0
0
0
0
0
0
-1.7894
0
0
0
0
0
0
0
0
0
0
0
6.2642
0
-2.4299
-2.0449
0
0
0
0
0
0
-2.784
0
0
0
0
0
0
0
0
0
0
0
0
0
-1.6914
0
0
0
0
0
0
4.4754
0
0
0
0
0
0
0
0
0
0
0
0
0
0
0
0
0
0
0
0
0
0
-1.999
0
0
0
0
0
-2.4299
0
4.4289
0
0
0
0
0
0
0
0
0
0
0
0
0
0
-2.464
0
0
0
0
0
0
0
0
0
0
0
0
-2.0449
0
0
4.5089
0
0
0
0
0
0
0
0
-6.3493
0
0
0
0
0
0
0
0
0
0
0
0
0
0
0
0
0
0
0
0
0
6.3493
0
0
0
0
0
0
0
0
0
0
0
0
0
0
0
0
0
0
0
0
0
-0.1045
0
0
0
0
0
0
0
0
0.1045
0
0
0
0
0
0
0
0
0
0
0
0
-4.8517
0
0
0
0
0
0
0
0
0
0
0
0
0
0
0
0
0
4.8517
0
0
0
0
0
0
0
0
0
0
0
0
0
0
0
0
0
0
0
0
-0.98329
0
0
0
0
0
0
0
0
0
0.98329
0
0
-7.2764
0
0
0
0
0
0
0
0
0
0
0
0
0
0
0
0
0
0
0
0
0
0
0
0
0
0
0
7.2764
0
0
-6.5761
0
0
0
0
0
0
0
0
0
0
0
0
0
0
0
0
0
0
0
0
0
0
0
0
0
0
0
6.5761
