11.9565
-0.78097
-0.77936
-0.68026
-0.67204
-0.6165
-0.6166
-0.65602
-0.67002
-0.68755
-0.71054
-0.70992
-0.95923
-0.98056
0
0
0
0
0
0
-2.4369
0
0
0
0
0
0
0
0
0
-0.78097
11.481
-0.77054
-0.67189
-0.71691
-0.60822
-0.62027
-0.68353
-0.65099
-0.6731
-0.73587
-0.69369
0
-0.91622
0
0
0
0
0
0
0
-1.4734
0
0
0
0
-1.4854
0
0
0
-0.77936
-0.77054
10.5084
-0.6482
-0.69839
-0.60757
-0.61782
-0.66658
-0.64495
-0.67494
-0.72399
-0.70923
0
-0.85916
-0.89213
0
0
-1.2155
0
0
0
0
0
0
0
0
0
0
0
0
-0.68026
-0.67189
-0.6482
8.707
-0.65086
-0.56133
-0.5589
-0.60793
-0.58663
-0.60474
-0.65362
-0.63632
0
0
-0.84028
0
0
0
-1.006
0
0
0
0
0
0
0
0
0
0
0
-0.67204
-0.71691
-0.69839
-0.65086
14.6669
-0.58936
-0.57665
-0.60867
-0.62692
-0.64041
-0.66677
-0.66929
-0.87714
0
0
0
0
0
0
0
0
0
0
0
0
0
0
0
-6.6735
0
-0.6165
-0.60822
-0.60757
-0.56133
-0.58936
7.1101
-0.501
-0.56034
-0.55128
-0.56958
-0.61387
-0.58305
0
-0.74797
0
0
0
0
0
0
0
0
0
0
0
0
0
0
0
0
-0.6166
-0.62027
-0.61782
-0.5589
-0.57665
-0.501
7.261
-0.53338
-0.54783
-0.56192
-0.59381
-0.58045
0
0
0
0
-0.95237
0
0
0
0
0
0
0
0
0
0
0
0
0
-0.65602
-0.68353
-0.66658
-0.60793
-0.60867
-0.56034
-0.53338
12.1163
-0.56053
-0.58283
0
0
0
0
0
0
-0.91498
0
0
0
0
0
0
0
0
0
0
0
0
-5.7415
-0.67002
-0.65099
-0.64495
-0.58663
-0.62692
-0.55128
-0.54783
-0.56053
6.9788
0
0
0
0
0
-0.83849
0
0
0
0
0
0
-1.3012
0
0
0
0
0
0
0
0
-0.68755
-0.6731
-0.67494
-0.60474
-0.64041
-0.56958
-0.56192
-0.58283
0
5.9742
0
0
0
0
0
0
0
0
-0.97915
0
0
0
0
0
0
0
0
0
0
0
-0.71054
-0.73587
-0.72399
-0.65362
-0.66677
-0.61387
-0.59381
0
0
0
5.5116
0
-0.81317
0
0
0
0
0
0
0
0
0
0
0
0
0
0
0
0
0
-0.70992
-0.69369
-0.70923
-0.63632
-0.66929
-0.58305
-0.58045
0
0
0
0
4.582
0
0
0
0
0
0
0
0
0
0
0
0
0
0
0
0
0
0
-0.95923
0
0
0
-0.87714
0
0
0
0
0
-0.81317
0
6.4861
0
0
-1.9199
0
0
0
0
0
0
0
0
0
0
-1.9167
0
0
0
-0.98056
-0.91622
-0.85916
0
0
-0.74797
0
0
0
0
0
0
0
4.4248
-0.92092
0
0
0
0
0
0
0
0
0
0
0
0
0
0
0
0
0
-0.89213
-0.84028
0
0
0
0
-0.83849
0
0
0
0
-0.92092
4.2185
0
0
0
0
0
0
0
-0.72666
0
0
0
0
0
0
0
0
0
0
0
0
0
0
0
0
0
0
0
-1.9199
0
0
7.7901
0
-1.5264
0
0
0
0
0
-1.8659
-2.478
0
0
0
0
0
0
0
0
0
0
0
-0.95237
-0.91498
0
0
0
0
0
0
0
0
4.4659
0
0
-1.8132
0
0
-0.78534
0
0
0
0
0
0
0
0
0
-1.2155
0
0
0
0
0
0
0
0
0
0
0
0
-1.5264
0
5.8739
0
-1.8231
0
-1.3089
0
0
0
0
0
0
0
0
0
0
0
-1.006
0
0
0
0
0
-0.97915
0
0
0
0
0
0
0
0
2.7508
0
0
0
0
0
0
-0.76564
0
0
0
0
0
0
0
0
0
0
0
0
0
0
0
0
0
0
0
0
-1.8132
-1.8231
0
5.2171
-1.5809
0
0
0
0
0
0
0
0
0
-2.4369
0
0
0
0
0
0
0
0
0
0
0
0
0
0
0
0
0
0
-1.5809
6.187
0
0
0
-2.1692
0
0
0
0
0
0
-1.4734
0
0
0
0
0
0
-1.3012
0
0
0
0
0
0
0
0
-1.3089
0
0
0
4.0836
0
0
0
0
0
0
0
0
0
0
0
0
0
0
0
0
0
0
0
0
0
0
-0.72666
0
-0.78534
0
0
0
0
0
2.7313
0
0
0
0
-1.2193
0
0
0
0
0
0
0
0
0
0
0
0
0
0
0
0
0
-1.8659
0
0
0
0
0
0
0
4.1669
0
-2.301
0
0
0
0
0
0
0
0
0
0
0
0
0
0
0
0
0
0
0
-2.478
0
0
0
0
-2.1692
0
0
0
4.6472
0
0
0
0
0
0
0
0
0
0
0
0
0
0
0
0
0
0
0
0
0
0
0
-0.76564
0
0
0
0
-2.301
0
3.0666
0
0
0
0
0
-1.4854
0
0
0
0
0
0
0
0
0
0
-1.9167
0
0
0
0
0
0
0
0
0
0
0
0
0
3.4021
0
0
0
0
0
0
0
0
0
0
0
0
0
0
0
0
0
0
0
0
0
0
0
0
0
-1.2193
0
0
0
0
1.2193
0
0
0
0
0
0
-6.6735
0
0
0
0
0
0
0
0
0
0
0
0
0
0
0
0
0
0
0
0
0
0
0
6.6735
0
0
0
0
0
0
0
0
-5.7415
0
0
0
0
0
0
0
0
0
0
0
0
0
0
0
0
0
0
0
0
0
5.7415
