26.4687
-1.1243
-1.1243
-1.1243
-1.1243
-0.81477
-0.81477
-0.81477
-0.81477
-0.84715
-0.84715
-0.88284
-0.86589
-0.81477
-0.81477
-0.81477
-0.81477
-0.73205
-0.73205
-0.88099
0
-0.3281
0
0
0
0
0
0
0
-9.3373
-1.1243
27.5225
-1.2333
-1.2333
-1.2333
-0.89544
-0.89544
-0.89544
-0.89544
-0.94465
-0.94465
-0.98266
-0.96507
-0.89544
-0.89544
-0.89544
-0.89544
-0.79571
-0.79571
-0.9708
0
0
0
0
0
0
0
-9.1356
0
0
-1.1243
-1.2333
27.5225
-1.2333
-1.2333
-0.89544
-0.89544
-0.89544
-0.89544
-0.94465
-0.94465
-0.98266
-0.96507
-0.89544
-0.89544
-0.89544
-0.89544
-0.79571
-0.79571
-0.9708
0
0
0
0
0
-9.1356
0
0
0
0
-1.1243
-1.2333
-1.2333
27.5225
-1.2333
-0.89544
-0.89544
-0.89544
-0.89544
-0.94465
-0.94465
-0.98266
-0.96507
-0.89544
-0.89544
-0.89544
-0.89544
-0.79571
-0.79571
-0.9708
0
0
0
-9.1356
0
0
0
0
0
0
-1.1243
-1.2333
-1.2333
-1.2333
27.5225
-0.89544
-0.89544
-0.89544
-0.89544
-0.94465
-0.94465
-0.98266
-0.96507
-0.89544
-0.89544
-0.89544
-0.89544
-0.79571
-0.79571
-0.9708
0
0
0
0
0
0
0
0
-9.1356
0
-0.81477
-0.89544
-0.89544
-0.89544
-0.89544
13.0436
-0.59093
-0.59093
-0.59093
-0.67433
-0.67433
-0.69945
-0.68538
-0.59093
-0.59093
-0.59093
-0.59093
-0.54952
-0.54952
-0.67806
0
0
0
0
0
0
0
0
0
0
-0.81477
-0.89544
-0.89544
-0.89544
-0.89544
-0.59093
13.0436
-0.59093
-0.59093
-0.67433
-0.67433
-0.69945
-0.68538
-0.59093
-0.59093
-0.59093
-0.59093
-0.54952
-0.54952
-0.67806
0
0
0
0
0
0
0
0
0
0
-0.81477
-0.89544
-0.89544
-0.89544
-0.89544
-0.59093
-0.59093
13.0436
-0.59093
-0.67433
-0.67433
-0.69945
-0.68538
-0.59093
-0.59093
-0.59093
-0.59093
-0.54952
-0.54952
-0.67806
0
0
0
0
0
0
0
0
0
0
-0.81477
-0.89544
-0.89544
-0.89544
-0.89544
-0.59093
-0.59093
-0.59093
13.0436
-0.67433
-0.67433
-0.69945
-0.68538
-0.59093
-0.59093
-0.59093
-0.59093
-0.54952
-0.54952
-0.67806
0
0
0
0
0
0
0
0
0
0
-0.84715
-0.94465
-0.94465
-0.94465
-0.94465
-0.67433
-0.67433
-0.67433
-0.67433
13.2657
-0.59093
-0.67508
-0.65936
-0.67433
-0.67433
-0.67433
-0.67433
-0.53041
-0.53041
0
-0.25914
0
0
0
0
0
0
0
0
0
-0.84715
-0.94465
-0.94465
-0.94465
-0.94465
-0.67433
-0.67433
-0.67433
-0.67433
-0.59093
13.2657
-0.67508
-0.65936
-0.67433
-0.67433
-0.67433
-0.67433
-0.53041
-0.53041
0
-0.25914
0
0
0
0
0
0
0
0
0
-0.88284
-0.98266
-0.98266
-0.98266
-0.98266
-0.69945
-0.69945
-0.69945
-0.69945
-0.67508
-0.67508
21.9967
-0.67492
-0.69945
-0.69945
-0.69945
-0.69945
-0.55067
-0.55067
0
0
0
0
0
-8.4612
0
0
0
0
0
-0.86589
-0.96507
-0.96507
-0.96507
-0.96507
-0.68538
-0.68538
-0.68538
-0.68538
-0.65936
-0.65936
-0.67492
13.5603
-0.68538
-0.68538
-0.68538
-0.68538
-0.53929
-0.53929
0
0
-0.27888
0
0
0
0
0
0
0
0
-0.81477
-0.89544
-0.89544
-0.89544
-0.89544
-0.59093
-0.59093
-0.59093
-0.59093
-0.67433
-0.67433
-0.69945
-0.68538
13.0436
-0.59093
-0.59093
-0.59093
-0.54952
-0.54952
-0.67806
0
0
0
0
0
0
0
0
0
0
-0.81477
-0.89544
-0.89544
-0.89544
-0.89544
-0.59093
-0.59093
-0.59093
-0.59093
-0.67433
-0.67433
-0.69945
-0.68538
-0.59093
13.0436
-0.59093
-0.59093
-0.54952
-0.54952
-0.67806
0
0
0
0
0
0
0
0
0
0
-0.81477
-0.89544
-0.89544
-0.89544
-0.89544
-0.59093
-0.59093
-0.59093
-0.59093
-0.67433
-0.67433
-0.69945
-0.68538
-0.59093
-0.59093
13.0436
-0.59093
-0.54952
-0.54952
-0.67806
0
0
0
0
0
0
0
0
0
0
-0.81477
-0.89544
-0.89544
-0.89544
-0.89544
-0.59093
-0.59093
-0.59093
-0.59093
-0.67433
-0.67433
-0.69945
-0.68538
-0.59093
-0.59093
-0.59093
13.0436
-0.54952
-0.54952
-0.67806
0
0
0
0
0
0
0
0
0
0
-0.73205
-0.79571
-0.79571
-0.79571
-0.79571
-0.54952
-0.54952
-0.54952
-0.54952
-0.53041
-0.53041
-0.55067
-0.53929
-0.54952
-0.54952
-0.54952
-0.54952
10.4619
0
0
0
0
0
0
0
0
0
0
0
0
-0.73205
-0.79571
-0.79571
-0.79571
-0.79571
-0.54952
-0.54952
-0.54952
-0.54952
-0.53041
-0.53041
-0.55067
-0.53929
-0.54952
-0.54952
-0.54952
-0.54952
0
10.4619
0
0
0
0
0
0
0
0
0
0
0
-0.88099
-0.9708
-0.9708
-0.9708
-0.9708
-0.67806
-0.67806
-0.67806
-0.67806
0
0
0
0
-0.67806
-0.67806
-0.67806
-0.67806
0
0
10.1887
0
0
0
0
0
0
0
0
0
0
0
0
0
0
0
0
0
0
0
-0.25914
-0.25914
0
0
0
0
0
0
0
0
0
0.62656
0
-0.10828
0
0
0
0
0
0
0
-0.3281
0
0
0
0
0
0
0
0
0
0
0
-0.27888
0
0
0
0
0
0
0
0
0.71148
0
0
0
0
-0.1045
0
0
0
0
0
0
0
0
0
0
0
0
0
0
0
0
0
0
0
0
0
0
0
-0.10828
0
0.10828
0
0
0
0
0
0
0
0
0
0
-9.1356
0
0
0
0
0
0
0
0
0
0
0
0
0
0
0
0
0
0
0
9.1356
0
0
0
0
0
0
0
0
0
0
0
0
0
0
0
0
0
-8.4612
0
0
0
0
0
0
0
0
0
0
0
0
8.4612
0
0
0
0
0
0
0
-9.1356
0
0
0
0
0
0
0
0
0
0
0
0
0
0
0
0
0
0
0
0
0
0
9.1356
0
0
0
0
0
0
0
0
0
0
0
0
0
0
0
0
0
0
0
0
0
0
0
0
0
-0.1045
0
0
0
0
0.1045
0
0
0
0
-9.1356
0
0
0
0
0
0
0
0
0
0
0
0
0
0
0
0
0
0
0
0
0
0
0
0
0
9.1356
0
0
0
0
0
0
-9.1356
0
0
0
0
0
0
0
0
0
0
0
0
0
0
0
0
0
0
0
0
0
0
0
9.1356
0
-9.3373
0
0
0
0
0
0
0
0
0
0
0
0
0
0
0
0
0
0
0
0
0
0
0
0
0
0
0
0
9.3373
