27.4977
-1.0104
-1.01
-1.01
-1.01
-0.91435
-0.8995
-0.91435
-0.90046
-0.91435
-0.90046
-0.81622
-0.81622
-0.90201
-0.89101
-0.91615
-0.91615
-0.92424
-0.87845
-0.87845
-0.80077
-1.2399
0
0
0
0
-8.0343
0
0
0
-1.0104
25.4305
-1.0261
-1.0261
-1.0261
-0.91489
-0.89934
-0.91489
-0.90657
-0.91489
-0.90657
-0.81115
-0.81115
-0.89608
-0.8852
-0.91008
-0.91008
-0.91808
-0.87277
-0.87277
0
0
-0.33651
-7.6608
0
0
0
0
0
0
-1.01
-1.0261
19.242
-0.98859
-0.98859
-0.91106
-0.89327
-0.91106
-0.88635
-0.91106
-0.88635
-0.803
-0.803
-0.88656
-0.87586
-0.90032
-0.90032
-0.90819
-0.86363
-0.86363
-0.81388
-1.2111
0
0
0
0
0
0
0
0
-1.01
-1.0261
-0.98859
19.242
-0.98859
-0.91106
-0.89327
-0.91106
-0.88635
-0.91106
-0.88635
-0.803
-0.803
-0.88656
-0.87586
-0.90032
-0.90032
-0.90819
-0.86363
-0.86363
-0.81388
-1.2111
0
0
0
0
0
0
0
0
-1.01
-1.0261
-0.98859
-0.98859
19.242
-0.91106
-0.89327
-0.91106
-0.88635
-0.91106
-0.88635
-0.803
-0.803
-0.88656
-0.87586
-0.90032
-0.90032
-0.90819
-0.86363
-0.86363
-0.81388
-1.2111
0
0
0
0
0
0
0
0
-0.91435
-0.91489
-0.91106
-0.91106
-0.91106
22.9768
-0.81051
-0.82266
-0.81562
-0.82266
-0.81562
-0.72356
-0.72356
-0.79443
-0.78541
-0.80602
-0.80602
-0.81263
-0.77508
-0.77508
0
0
0
0
0
0
0
0
-7.3255
0
-0.8995
-0.89934
-0.89327
-0.89327
-0.89327
-0.81051
15.7095
-0.81051
-0.8016
-0.81051
-0.8016
-0.71132
-0.71132
-0.78033
-0.77155
-0.7916
-0.7916
-0.79804
-0.7615
-0.7615
0
0
-0.31738
0
0
0
0
0
0
0
-0.91435
-0.91489
-0.91106
-0.91106
-0.91106
-0.82266
-0.81051
22.9768
-0.81562
-0.82266
-0.81562
-0.72356
-0.72356
-0.79443
-0.78541
-0.80602
-0.80602
-0.81263
-0.77508
-0.77508
0
0
0
0
0
0
0
0
0
-7.3255
-0.90046
-0.90657
-0.88635
-0.88635
-0.88635
-0.81562
-0.8016
-0.81562
16.1427
-0.81562
-0.77913
-0.7157
-0.7157
-0.78538
-0.77651
-0.79676
-0.79676
-0.80326
-0.76635
-0.76635
-0.72625
0
0
0
0
0
0
0
0
0
-0.91435
-0.91489
-0.91106
-0.91106
-0.91106
-0.82266
-0.81051
-0.82266
-0.81562
22.9768
-0.81562
-0.72356
-0.72356
-0.79443
-0.78541
-0.80602
-0.80602
-0.81263
-0.77508
-0.77508
0
0
0
0
0
0
0
-7.3255
0
0
-0.90046
-0.90657
-0.88635
-0.88635
-0.88635
-0.81562
-0.8016
-0.81562
-0.77913
-0.81562
16.1427
-0.7157
-0.7157
-0.78538
-0.77651
-0.79676
-0.79676
-0.80326
-0.76635
-0.76635
-0.72625
0
0
0
0
0
0
0
0
0
-0.81622
-0.81115
-0.803
-0.803
-0.803
-0.72356
-0.71132
-0.72356
-0.7157
-0.72356
-0.7157
13.9956
-0.65341
-0.71399
-0.70631
-0.72383
-0.72383
-0.72945
-0.69751
-0.69751
0
0
0
0
0
0
0
0
0
0
-0.81622
-0.81115
-0.803
-0.803
-0.803
-0.72356
-0.71132
-0.72356
-0.7157
-0.72356
-0.7157
-0.65341
13.9956
-0.71399
-0.70631
-0.72383
-0.72383
-0.72945
-0.69751
-0.69751
0
0
0
0
0
0
0
0
0
0
-0.90201
-0.89608
-0.88656
-0.88656
-0.88656
-0.79443
-0.78033
-0.79443
-0.78538
-0.79443
-0.78538
-0.71399
-0.71399
13.9026
-0.8029
-0.82423
-0.82423
-0.83108
0
0
0
0
0
0
0
0
0
0
0
0
-0.89101
-0.8852
-0.87586
-0.87586
-0.87586
-0.78541
-0.77155
-0.78541
-0.77651
-0.78541
-0.77651
-0.70631
-0.70631
-0.8029
12.8986
-0.79924
-0.79924
0
0
0
0
0
0
0
0
0
0
0
0
0
-0.91615
-0.91008
-0.90032
-0.90032
-0.90032
-0.80602
-0.7916
-0.80602
-0.79676
-0.80602
-0.79676
-0.72383
-0.72383
-0.82423
-0.79924
12.4015
0
0
0
0
0
0
0
0
0
0
0
0
0
0
-0.91615
-0.91008
-0.90032
-0.90032
-0.90032
-0.80602
-0.7916
-0.80602
-0.79676
-0.80602
-0.79676
-0.72383
-0.72383
-0.82423
-0.79924
0
12.4015
0
0
0
0
0
0
0
0
0
0
0
0
0
-0.92424
-0.91808
-0.90819
-0.90819
-0.90819
-0.81263
-0.79804
-0.81263
-0.80326
-0.81263
-0.80326
-0.72945
-0.72945
-0.83108
0
0
0
11.6993
0
0
0
0
0
0
0
0
0
0
0
0
-0.87845
-0.87277
-0.86363
-0.86363
-0.86363
-0.77508
-0.7615
-0.77508
-0.76635
-0.77508
-0.76635
-0.69751
-0.69751
0
0
0
0
0
10.3566
0
0
0
0
0
0
0
0
0
0
0
-0.87845
-0.87277
-0.86363
-0.86363
-0.86363
-0.77508
-0.7615
-0.77508
-0.76635
-0.77508
-0.76635
-0.69751
-0.69751
0
0
0
0
0
0
10.3566
0
0
0
0
0
0
0
0
0
0
-0.80077
0
-0.81388
-0.81388
-0.81388
0
0
0
-0.72625
0
-0.72625
0
0
0
0
0
0
0
0
0
4.7994
0
0
0
0
-0.1045
0
0
0
0
-1.2399
0
-1.2111
-1.2111
-1.2111
0
0
0
0
0
0
0
0
0
0
0
0
0
0
0
0
4.8732
0
0
0
0
0
0
0
0
0
-0.33651
0
0
0
0
-0.31738
0
0
0
0
0
0
0
0
0
0
0
0
0
0
0
0.80901
0
-0.15512
0
0
0
0
0
0
-7.6608
0
0
0
0
0
0
0
0
0
0
0
0
0
0
0
0
0
0
0
0
0
7.6608
0
0
0
0
0
0
0
0
0
0
0
0
0
0
0
0
0
0
0
0
0
0
0
0
0
0
0
0
-0.15512
0
0.15512
0
0
0
0
0
0
0
0
0
0
0
0
0
0
0
0
0
0
0
0
0
0
0
0
0
-0.1045
0
0
0
0
0.1045
0
0
0
0
-8.0343
0
0
0
0
0
0
0
0
0
0
0
0
0
0
0
0
0
0
0
0
0
0
0
0
0
8.0343
0
0
0
0
0
0
0
0
0
0
0
0
-7.3255
0
0
0
0
0
0
0
0
0
0
0
0
0
0
0
0
0
7.3255
0
0
0
0
0
0
0
-7.3255
0
0
0
0
0
0
0
0
0
0
0
0
0
0
0
0
0
0
0
0
0
0
7.3255
0
0
0
0
0
0
0
0
-7.3255
0
0
0
0
0
0
0
0
0
0
0
0
0
0
0
0
0
0
0
0
0
7.3255
