28.245
-0.45817
-0.47494
-0.46475
-0.4032
-0.4032
-0.42234
-0.4032
-0.4341
-0.46064
-0.45412
-0.44345
-0.42939
-0.42939
-0.39598
0
0
0
0
0
0
0
0
-11.0841
0
0
-11.0841
0
0
0
-0.45817
6.0229
-0.4546
-0.44133
-0.38367
-0.38367
-0.40781
-0.38367
-0.42304
-0.45178
-0.44561
-0.42598
-0.41085
-0.41085
-0.38456
0
0
-0.15727
0
0
0
0
0
0
0
0
0
0
0
0
-0.47494
-0.4546
13.7828
-0.45848
-0.39832
-0.39832
-0.42832
-0.39832
-0.4434
-0.47314
-0.46646
-0.4433
-0.42727
-0.42727
-0.39212
0
0
0
0
0
0
0
0
0
0
0
0
-7.6986
0
0
-0.46475
-0.44133
-0.45848
6.3965
-0.38705
-0.38705
-0.41392
-0.38705
-0.42966
-0.46184
-0.45196
-0.43812
-0.41759
-0.41759
-0.38086
0
0
0
-0.45926
0
0
0
0
0
0
0
0
0
0
0
-0.4032
-0.38367
-0.39832
-0.38705
5.1527
-0.3186
-0.35392
-0.3186
-0.37225
-0.39675
-0.39123
-0.37456
-0.3613
-0.3613
-0.33192
0
0
0
0
0
0
0
0
0
0
0
0
0
0
0
-0.4032
-0.38367
-0.39832
-0.38705
-0.3186
5.1527
-0.35392
-0.3186
-0.37225
-0.39675
-0.39123
-0.37456
-0.3613
-0.3613
-0.33192
0
0
0
0
0
0
0
0
0
0
0
0
0
0
0
-0.42234
-0.40781
-0.42832
-0.41392
-0.35392
-0.35392
12.035
-0.35392
-0.38785
-0.40669
-0.407
-0.38814
-0.37269
-0.37269
0
0
0
0
0
-6.9658
0
0
0
0
0
0
0
0
0
0
-0.4032
-0.38367
-0.39832
-0.38705
-0.3186
-0.3186
-0.35392
5.1527
-0.37225
-0.39675
-0.39123
-0.37456
-0.3613
-0.3613
-0.33192
0
0
0
0
0
0
0
0
0
0
0
0
0
0
0
-0.4341
-0.42304
-0.4434
-0.42966
-0.37225
-0.37225
-0.38785
-0.37225
9.9911
-0.40893
-0.41709
-0.39766
0
0
0
0
0
0
0
0
0
0
0
0
-5.5327
0
0
0
0
0
-0.46064
-0.45178
-0.47314
-0.46184
-0.39675
-0.39675
-0.40669
-0.39675
-0.40893
8.5621
0
0
0
0
0
-0.29541
0
0
0
0
0
0
0
0
0
0
0
0
0
-4.4134
-0.45412
-0.44561
-0.46646
-0.45196
-0.39123
-0.39123
-0.407
-0.39123
-0.41709
0
7.1355
0
0
0
0
0
0
0
0
0
0
0
-3.3196
0
0
0
0
0
0
0
-0.44345
-0.42598
-0.4433
-0.43812
-0.37456
-0.37456
-0.38814
-0.37456
-0.39766
0
0
3.7651
0
0
0
0
-0.10482
0
0
0
0
0
0
0
0
0
0
0
0
0
-0.42939
-0.41085
-0.42727
-0.41759
-0.3613
-0.3613
-0.37269
-0.3613
0
0
0
0
3.4359
0
0
-0.29419
0
0
0
0
0
0
0
0
0
0
0
0
0
0
-0.42939
-0.41085
-0.42727
-0.41759
-0.3613
-0.3613
-0.37269
-0.3613
0
0
0
0
0
3.4359
0
-0.29419
0
0
0
0
0
0
0
0
0
0
0
0
0
0
-0.39598
-0.38456
-0.39212
-0.38086
-0.33192
-0.33192
0
-0.33192
0
0
0
0
0
0
2.7063
0
0
-0.15704
0
0
0
0
0
0
0
0
0
0
0
0
0
0
0
0
0
0
0
0
0
-0.29541
0
0
-0.29419
-0.29419
0
19.7546
0
0
-0.4284
0
0
-9.2212
0
0
0
0
0
0
-9.2212
0
0
0
0
0
0
0
0
0
0
0
0
-0.10482
0
0
0
0
0.71331
0
-0.39764
0
0
0
0
0
0
-0.21086
0
0
0
0
0
-0.15727
0
0
0
0
0
0
0
0
0
0
0
0
-0.15704
0
0
0.41881
0
0
-0.1045
0
0
0
0
0
0
0
0
0
0
0
0
-0.45926
0
0
0
0
0
0
0
0
0
0
0
-0.4284
-0.39764
0
1.2853
0
0
0
0
0
0
0
0
0
0
0
0
0
0
0
0
0
-6.9658
0
0
0
0
0
0
0
0
0
0
0
0
6.9658
0
0
0
0
0
0
0
0
0
0
0
0
0
0
0
0
0
0
0
0
0
0
0
0
0
0
0
-0.1045
0
0
0.1045
0
0
0
0
0
0
0
0
0
0
0
0
0
0
0
0
0
0
0
0
0
0
0
0
-9.2212
0
0
0
0
0
9.2212
0
0
0
0
0
0
0
0
0
0
0
0
0
0
0
0
0
0
-3.3196
0
0
0
0
0
0
0
0
0
0
0
3.3196
0
0
0
0
0
0
0
-11.0841
0
0
0
0
0
0
0
0
0
0
0
0
0
0
0
0
0
0
0
0
0
0
11.0841
0
0
0
0
0
0
0
0
0
0
0
0
0
0
-5.5327
0
0
0
0
0
0
0
0
0
0
0
0
0
0
0
5.5327
0
0
0
0
0
0
0
0
0
0
0
0
0
0
0
0
0
0
0
0
0
-0.21086
0
0
0
0
0
0
0
0
0.21086
0
0
0
0
-11.0841
0
0
0
0
0
0
0
0
0
0
0
0
0
0
0
0
0
0
0
0
0
0
0
0
0
11.0841
0
0
0
0
0
-7.6986
0
0
0
0
0
0
0
0
0
0
0
0
0
0
0
0
0
0
0
0
0
0
0
0
7.6986
0
0
0
0
0
0
0
0
0
0
0
0
0
0
0
0
0
-9.2212
0
0
0
0
0
0
0
0
0
0
0
0
9.2212
0
0
0
0
0
0
0
0
0
0
-4.4134
0
0
0
0
0
0
0
0
0
0
0
0
0
0
0
0
0
0
0
4.4134
