21.1369
-0.1
-0.10004
-0.97817
-0.10004
-0.72171
-0.16297
-0.1998
-0.33928
-0.63742
-0.52335
-0.10009
-0.53662
-0.53662
-0.80907
-0.75976
-0.94902
-1.2081
-3.1995
-2.7895
0
0
0
0
0
0
0
-6.3858
0
0
-0.1
9.4305
-0.10002
-0.28073
-0.10001
-0.39961
-0.10002
-0.15988
-0.10004
-0.38802
-0.10011
-0.10002
-0.1997
-0.1997
-0.74898
-0.40572
-0.75354
-1.2081
-2.462
-1.5243
0
0
0
0
0
0
0
0
0
0
-0.10004
-0.10002
10.4064
-0.82123
-0.10007
-0.96913
-0.10018
-0.72493
-0.71649
-0.90045
-0.65209
-0.10013
-0.14799
-0.14802
-0.91967
-0.19897
-1.3206
-2.3864
0
0
0
0
0
0
0
0
0
0
0
0
-0.97817
-0.28073
-0.82123
18.0773
-0.8467
-1.1423
-0.34882
-0.54147
-0.49919
-0.9704
-0.64371
-0.44202
-0.66275
-0.66276
-0.86253
-0.88589
-1.2849
0
0
0
0
0
0
0
0
0
-6.2037
0
0
0
-0.10004
-0.10001
-0.10007
-0.8467
10.3174
-0.96255
-0.32637
-0.74523
-0.10014
-0.90937
-0.1003
-0.39502
-0.45691
-0.45689
-0.87697
-0.32934
-1.0321
-2.4794
0
0
0
0
0
0
0
0
0
0
0
0
-0.72171
-0.39961
-0.96913
-1.1423
-0.96255
16.2322
-0.73904
-0.42352
-0.51295
-0.75948
-0.62994
-0.46011
-0.65486
-0.65487
-0.63875
-0.91733
0
0
0
0
0
0
0
0
0
-5.646
0
0
0
0
-0.16297
-0.10002
-0.10018
-0.34882
-0.32637
-0.73904
10.0537
-0.7288
-0.1009
-0.89408
-0.15811
-0.56825
-0.51557
-0.51557
-0.92435
-1.8522
-2.0184
0
0
0
0
0
0
0
0
0
0
0
0
0
-0.1998
-0.15988
-0.72493
-0.54147
-0.74523
-0.42352
-0.7288
12.6998
-0.63145
-0.46361
-0.70787
-0.76448
-0.74859
-0.7486
0
0
0
0
0
0
-0.59952
0
0
-4.512
0
0
0
0
0
0
-0.33928
-0.10004
-0.71649
-0.49919
-0.10014
-0.51295
-0.1009
-0.63145
8.6264
-0.70759
-0.33726
-0.55996
-0.71465
-0.71464
-1.1401
-1.4517
0
0
0
0
0
0
0
0
0
0
0
0
0
0
-0.63742
-0.38802
-0.90045
-0.9704
-0.90937
-0.75948
-0.89408
-0.46361
-0.70759
14.3516
-0.67011
-0.54317
-0.71975
-0.71974
0
0
0
0
0
0
0
0
-5.0684
0
0
0
0
0
0
0
-0.52335
-0.10011
-0.65209
-0.64371
-0.1003
-0.62994
-0.15811
-0.70787
-0.33726
-0.67011
7.6323
-1.059
-1.0252
-1.0252
0
0
0
0
0
0
0
0
0
0
0
0
0
0
0
0
-0.10009
-0.10002
-0.10013
-0.44202
-0.39502
-0.46011
-0.56825
-0.76448
-0.55996
-0.54317
-1.059
6.9247
0
0
0
0
0
0
0
0
-1.8325
0
0
0
0
0
0
0
0
0
-0.53662
-0.1997
-0.14799
-0.66275
-0.45691
-0.65486
-0.51557
-0.74859
-0.71465
-0.71975
-1.0252
0
6.8804
-0.49776
0
0
0
0
0
0
0
0
0
0
0
0
0
0
0
0
-0.53662
-0.1997
-0.14802
-0.66276
-0.45689
-0.65487
-0.51557
-0.7486
-0.71464
-0.71974
-1.0252
0
-0.49776
6.8804
0
0
0
0
0
0
0
0
0
0
0
0
0
0
0
0
-0.80907
-0.74898
-0.91967
-0.86253
-0.87697
-0.63875
-0.92435
0
-1.1401
0
0
0
0
0
11.276
0
0
0
0
0
0
0
0
0
-4.3556
0
0
0
0
0
-0.75976
-0.40572
-0.19897
-0.88589
-0.32934
-0.91733
-1.8522
0
-1.4517
0
0
0
0
0
0
6.801
0
0
0
0
0
0
0
0
0
0
0
0
0
0
-0.94902
-0.75354
-1.3206
-1.2849
-1.0321
0
-2.0184
0
0
0
0
0
0
0
0
0
7.3585
0
0
0
0
0
0
0
0
0
0
0
0
0
-1.2081
-1.2081
-2.3864
0
-2.4794
0
0
0
0
0
0
0
0
0
0
0
0
7.282
0
0
0
0
0
0
0
0
0
0
0
0
-3.1995
-2.462
0
0
0
0
0
0
0
0
0
0
0
0
0
0
0
0
10.0374
0
0
0
0
0
0
0
0
0
-4.376
0
-2.7895
-1.5243
0
0
0
0
0
0
0
0
0
0
0
0
0
0
0
0
0
7.8209
0
0
0
0
0
0
0
0
0
-3.5071
0
0
0
0
0
0
0
-0.59952
0
0
0
-1.8325
0
0
0
0
0
0
0
0
6.0758
-3.6438
0
0
0
0
0
0
0
0
0
0
0
0
0
0
0
0
0
0
0
0
0
0
0
0
0
0
0
0
-3.6438
3.6438
0
0
0
0
0
0
0
0
0
0
0
0
0
0
0
0
0
-5.0684
0
0
0
0
0
0
0
0
0
0
0
0
5.0684
0
0
0
0
0
0
0
0
0
0
0
0
0
0
-4.512
0
0
0
0
0
0
0
0
0
0
0
0
0
0
0
4.512
0
0
0
0
0
0
0
0
0
0
0
0
0
0
0
0
0
0
0
0
-4.3556
0
0
0
0
0
0
0
0
0
4.3556
0
0
0
0
0
0
0
0
0
0
-5.646
0
0
0
0
0
0
0
0
0
0
0
0
0
0
0
0
0
0
0
5.646
0
0
0
0
0
0
0
-6.2037
0
0
0
0
0
0
0
0
0
0
0
0
0
0
0
0
0
0
0
0
0
0
6.2037
0
0
0
-6.3858
0
0
0
0
0
0
0
0
0
0
0
0
0
0
0
0
0
0
0
0
0
0
0
0
0
0
6.3858
0
0
0
0
0
0
0
0
0
0
0
0
0
0
0
0
0
0
0
0
-4.376
0
0
0
0
0
0
0
0
0
4.376
0
0
0
0
0
0
0
0
0
0
0
0
0
0
0
0
0
0
0
0
-3.5071
0
0
0
0
0
0
0
0
0
3.5071
