24.8024
-0.83961
-0.83961
-0.81929
-0.81994
-0.70463
-0.70463
-0.72227
-0.7861
-0.77885
-0.7861
-0.70537
-0.83369
-0.7551
-0.7551
-0.75544
-0.76314
-0.8647
-0.74674
-0.74674
0
0
0
0
0
0
0
0
0
-10.0754
-0.83961
24.8024
-0.83961
-0.81929
-0.81994
-0.70463
-0.70463
-0.72227
-0.7861
-0.77885
-0.7861
-0.70537
-0.83369
-0.7551
-0.7551
-0.75544
-0.76314
-0.8647
-0.74674
-0.74674
0
0
0
0
0
0
0
-10.0754
0
0
-0.83961
-0.83961
24.8024
-0.81929
-0.81994
-0.70463
-0.70463
-0.72227
-0.7861
-0.77885
-0.7861
-0.70537
-0.83369
-0.7551
-0.7551
-0.75544
-0.76314
-0.8647
-0.74674
-0.74674
0
0
0
0
0
0
-10.0754
0
0
0
-0.81929
-0.81929
-0.81929
14.6356
-0.79801
-0.68595
-0.68595
-0.70126
-0.76291
-0.76744
-0.76291
-0.68589
-0.81594
-0.73333
-0.73333
-0.73891
-0.7395
-0.83575
-0.72288
-0.72288
0
-0.28484
0
0
0
0
0
0
0
0
-0.81994
-0.81994
-0.81994
-0.79801
14.6798
-0.68647
-0.68647
-0.70381
-0.76462
-0.75947
-0.76462
-0.68677
-0.81669
-0.734
-0.734
-0.74103
-0.74147
-0.83888
-0.7238
-0.7238
-0.31608
0
0
0
0
0
0
0
0
0
-0.70463
-0.70463
-0.70463
-0.68595
-0.68647
12.6177
-0.60252
-0.61625
-0.67138
-0.66722
-0.67138
-0.60359
-0.71633
-0.64318
-0.64318
-0.65122
-0.64813
-0.73055
-0.63323
-0.63323
0
0
0
0
0
0
0
0
0
0
-0.70463
-0.70463
-0.70463
-0.68595
-0.68647
-0.60252
12.6177
-0.61625
-0.67138
-0.66722
-0.67138
-0.60359
-0.71633
-0.64318
-0.64318
-0.65122
-0.64813
-0.73055
-0.63323
-0.63323
0
0
0
0
0
0
0
0
0
0
-0.72227
-0.72227
-0.72227
-0.70126
-0.70381
-0.61625
-0.61625
11.8522
-0.68799
-0.6679
-0.68799
-0.61503
-0.72404
-0.65609
-0.65609
-0.65888
-0.66173
-0.74889
0
0
-0.28318
0
0
0
0
0
0
0
0
0
-0.7861
-0.7861
-0.7861
-0.76291
-0.76462
-0.67138
-0.67138
-0.68799
11.7869
-0.79836
-0.7313
-0.65815
-0.79414
-0.71454
-0.71454
-0.73423
-0.72503
0
0
0
0
0
0
0
0
0
0
0
0
0
-0.77885
-0.77885
-0.77885
-0.76744
-0.75947
-0.66722
-0.66722
-0.6679
-0.79836
18.7491
-0.79836
-0.67764
-0.75082
-0.71259
-0.71259
0
0
0
0
0
0
-0.27109
-8.1619
0
0
0
0
0
0
0
-0.7861
-0.7861
-0.7861
-0.76291
-0.76462
-0.67138
-0.67138
-0.68799
-0.7313
-0.79836
11.7869
-0.65815
-0.79414
-0.71454
-0.71454
-0.73423
-0.72503
0
0
0
0
0
0
0
0
0
0
0
0
0
-0.70537
-0.70537
-0.70537
-0.68589
-0.68677
-0.60359
-0.60359
-0.61503
-0.65815
-0.67764
-0.65815
9.8845
-0.68474
-0.6282
-0.6282
-0.63837
0
0
0
0
0
0
0
0
0
0
0
0
0
0
-0.83369
-0.83369
-0.83369
-0.81594
-0.81669
-0.71633
-0.71633
-0.72404
-0.79414
-0.75082
-0.79414
-0.68474
15.6959
0
0
0
0
0
0
0
0
0
0
0
0
-6.3816
0
0
0
0
-0.7551
-0.7551
-0.7551
-0.73333
-0.734
-0.64318
-0.64318
-0.65609
-0.71454
-0.71259
-0.71454
-0.6282
0
8.445
0
0
0
0
0
0
0
0
0
0
0
0
0
0
0
0
-0.7551
-0.7551
-0.7551
-0.73333
-0.734
-0.64318
-0.64318
-0.65609
-0.71454
-0.71259
-0.71454
-0.6282
0
0
8.445
0
0
0
0
0
0
0
0
0
0
0
0
0
0
0
-0.75544
-0.75544
-0.75544
-0.73891
-0.74103
-0.65122
-0.65122
-0.65888
-0.73423
0
-0.73423
-0.63837
0
0
0
13.0978
0
0
0
0
0
0
0
0
-5.2833
0
0
0
0
0
-0.76314
-0.76314
-0.76314
-0.7395
-0.74147
-0.64813
-0.64813
-0.66173
-0.72503
0
-0.72503
0
0
0
0
0
7.1785
0
0
0
0
0
0
0
0
0
0
0
0
0
-0.8647
-0.8647
-0.8647
-0.83575
-0.83888
-0.73055
-0.73055
-0.74889
0
0
0
0
0
0
0
0
0
6.4787
0
0
0
0
0
0
0
0
0
0
0
0
-0.74674
-0.74674
-0.74674
-0.72288
-0.7238
-0.63323
-0.63323
0
0
0
0
0
0
0
0
0
0
0
4.9534
0
0
0
0
0
0
0
0
0
0
0
-0.74674
-0.74674
-0.74674
-0.72288
-0.7238
-0.63323
-0.63323
0
0
0
0
0
0
0
0
0
0
0
0
4.9534
0
0
0
0
0
0
0
0
0
0
0
0
0
0
-0.31608
0
0
-0.28318
0
0
0
0
0
0
0
0
0
0
0
0
0.75811
0
0
-0.15884
0
0
0
0
0
0
0
0
0
-0.28484
0
0
0
0
0
-0.27109
0
0
0
0
0
0
0
0
0
0
0
0.66044
0
0
0
0
0
0
-0.1045
0
0
0
0
0
0
0
0
0
0
-8.1619
0
0
0
0
0
0
0
0
0
0
0
0
8.1619
0
0
0
0
0
0
0
0
0
0
0
0
0
0
0
0
0
0
0
0
0
0
0
0
0
0
0
-0.15884
0
0
0.15884
0
0
0
0
0
0
0
0
0
0
0
0
0
0
0
0
0
0
0
0
0
-5.2833
0
0
0
0
0
0
0
0
5.2833
0
0
0
0
0
0
0
0
0
0
0
0
0
0
0
0
0
-6.3816
0
0
0
0
0
0
0
0
0
0
0
0
6.3816
0
0
0
0
0
0
-10.0754
0
0
0
0
0
0
0
0
0
0
0
0
0
0
0
0
0
0
0
0
0
0
0
10.0754
0
0
0
0
-10.0754
0
0
0
0
0
0
0
0
0
0
0
0
0
0
0
0
0
0
0
0
0
0
0
0
0
10.0754
0
0
0
0
0
0
0
0
0
0
0
0
0
0
0
0
0
0
0
0
0
0
0
-0.1045
0
0
0
0
0
0
0.1045
0
-10.0754
0
0
0
0
0
0
0
0
0
0
0
0
0
0
0
0
0
0
0
0
0
0
0
0
0
0
0
0
10.0754
