26.0362
-0.9233
-0.9233
-0.9233
-0.9233
-0.9233
-0.90084
-0.94427
-0.95959
-0.92407
-0.92407
-0.92407
-0.83928
-0.89792
-0.83928
-0.83928
-0.88185
-0.9095
-0.82735
-0.97397
-0.97397
0
0
0
0
0
0
0
-7.8603
0
-0.9233
16.4788
-0.81536
-0.81536
-0.81536
-0.81536
-0.83833
-0.85385
-0.87267
-0.83407
-0.83407
-0.83407
-0.76026
-0.82094
-0.76026
-0.76026
-0.79667
-0.82075
-0.77306
-0.86738
-0.86738
0
0
0
0
0
0
0
0
0
-0.9233
-0.81536
16.4788
-0.81536
-0.81536
-0.81536
-0.83833
-0.85385
-0.87267
-0.83407
-0.83407
-0.83407
-0.76026
-0.82094
-0.76026
-0.76026
-0.79667
-0.82075
-0.77306
-0.86738
-0.86738
0
0
0
0
0
0
0
0
0
-0.9233
-0.81536
-0.81536
16.4788
-0.81536
-0.81536
-0.83833
-0.85385
-0.87267
-0.83407
-0.83407
-0.83407
-0.76026
-0.82094
-0.76026
-0.76026
-0.79667
-0.82075
-0.77306
-0.86738
-0.86738
0
0
0
0
0
0
0
0
0
-0.9233
-0.81536
-0.81536
-0.81536
16.4788
-0.81536
-0.83833
-0.85385
-0.87267
-0.83407
-0.83407
-0.83407
-0.76026
-0.82094
-0.76026
-0.76026
-0.79667
-0.82075
-0.77306
-0.86738
-0.86738
0
0
0
0
0
0
0
0
0
-0.9233
-0.81536
-0.81536
-0.81536
-0.81536
16.4788
-0.83833
-0.85385
-0.87267
-0.83407
-0.83407
-0.83407
-0.76026
-0.82094
-0.76026
-0.76026
-0.79667
-0.82075
-0.77306
-0.86738
-0.86738
0
0
0
0
0
0
0
0
0
-0.90084
-0.83833
-0.83833
-0.83833
-0.83833
-0.83833
30.3971
-0.82261
-0.82196
-0.81927
-0.81927
-0.81927
-0.74582
-0.7757
-0.74582
-0.74582
-0.78267
-0.80242
0
0
0
0
0
-8.302
0
-8.302
0
0
0
0
-0.94427
-0.85385
-0.85385
-0.85385
-0.85385
-0.85385
-0.82261
14.6807
-0.89235
-0.85076
-0.85076
-0.85076
-0.77383
-0.83693
-0.77383
-0.77383
-0.81283
-0.83944
0
0
0
-0.38926
0
0
0
0
0
0
0
0
-0.95959
-0.87267
-0.87267
-0.87267
-0.87267
-0.87267
-0.82196
-0.89235
21.34
-0.87008
-0.87008
-0.87008
-0.79083
-0.84833
-0.79083
-0.79083
-0.83156
-0.85617
0
0
0
0
0
0
0
0
-6.7839
0
0
0
-0.92407
-0.83407
-0.83407
-0.83407
-0.83407
-0.83407
-0.81927
-0.85076
-0.87008
13.9591
-0.81597
-0.81597
-0.75274
-0.82448
-0.75274
-0.75274
-0.79421
-0.81579
0
0
0
0
0
0
0
0
0
0
0
0
-0.92407
-0.83407
-0.83407
-0.83407
-0.83407
-0.83407
-0.81927
-0.85076
-0.87008
-0.81597
13.9591
-0.81597
-0.75274
-0.82448
-0.75274
-0.75274
-0.79421
-0.81579
0
0
0
0
0
0
0
0
0
0
0
0
-0.92407
-0.83407
-0.83407
-0.83407
-0.83407
-0.83407
-0.81927
-0.85076
-0.87008
-0.81597
-0.81597
13.9591
-0.75274
-0.82448
-0.75274
-0.75274
-0.79421
-0.81579
0
0
0
0
0
0
0
0
0
0
0
0
-0.83928
-0.76026
-0.76026
-0.76026
-0.76026
-0.76026
-0.74582
-0.77383
-0.79083
-0.75274
-0.75274
-0.75274
11.9414
-0.7229
-0.65179
-0.65179
-0.70559
0
0
0
0
0
0
0
0
0
0
0
0
0
-0.89792
-0.82094
-0.82094
-0.82094
-0.82094
-0.82094
-0.7757
-0.83693
-0.84833
-0.82448
-0.82448
-0.82448
-0.7229
18.0115
-0.7229
-0.7229
0
0
0
0
0
0
0
0
0
0
0
-5.9058
0
0
-0.83928
-0.76026
-0.76026
-0.76026
-0.76026
-0.76026
-0.74582
-0.77383
-0.79083
-0.75274
-0.75274
-0.75274
-0.65179
-0.7229
11.9414
-0.65179
-0.70559
0
0
0
0
0
0
0
0
0
0
0
0
0
-0.83928
-0.76026
-0.76026
-0.76026
-0.76026
-0.76026
-0.74582
-0.77383
-0.79083
-0.75274
-0.75274
-0.75274
-0.65179
-0.7229
-0.65179
11.9414
-0.70559
0
0
0
0
0
0
0
0
0
0
0
0
0
-0.88185
-0.79667
-0.79667
-0.79667
-0.79667
-0.79667
-0.78267
-0.81283
-0.83156
-0.79421
-0.79421
-0.79421
-0.70559
0
-0.70559
-0.70559
11.7916
0
0
0
0
0
0
0
0
0
0
0
0
0
-0.9095
-0.82075
-0.82075
-0.82075
-0.82075
-0.82075
-0.80242
-0.83944
-0.85617
-0.81579
-0.81579
-0.81579
0
0
0
0
0
10.9521
0
0
0
0
-0.99351
0
0
0
0
0
0
0
-0.82735
-0.77306
-0.77306
-0.77306
-0.77306
-0.77306
0
0
0
0
0
0
0
0
0
0
0
0
5.806
0
0
0
-1.0089
0
0
0
0
0
0
-0.1045
-0.97397
-0.86738
-0.86738
-0.86738
-0.86738
-0.86738
0
0
0
0
0
0
0
0
0
0
0
0
0
5.3109
0
0
0
0
0
0
0
0
0
0
-0.97397
-0.86738
-0.86738
-0.86738
-0.86738
-0.86738
0
0
0
0
0
0
0
0
0
0
0
0
0
0
5.3109
0
0
0
0
0
0
0
0
0
0
0
0
0
0
0
0
-0.38926
0
0
0
0
0
0
0
0
0
0
0
0
0
1.6981
-0.70361
0
-0.60519
0
0
0
0
0
0
0
0
0
0
0
0
0
0
0
0
0
0
0
0
0
0
-0.99351
-1.0089
0
0
-0.70361
2.706
0
0
0
0
0
0
0
0
0
0
0
0
0
-8.302
0
0
0
0
0
0
0
0
0
0
0
0
0
0
0
0
8.302
0
0
0
0
0
0
0
0
0
0
0
0
0
0
0
0
0
0
0
0
0
0
0
0
0
0
0
-0.60519
0
0
0.60519
0
0
0
0
0
0
0
0
0
0
0
-8.302
0
0
0
0
0
0
0
0
0
0
0
0
0
0
0
0
0
0
8.302
0
0
0
0
0
0
0
0
0
0
0
0
-6.7839
0
0
0
0
0
0
0
0
0
0
0
0
0
0
0
0
0
6.7839
0
0
0
0
0
0
0
0
0
0
0
0
0
0
0
0
-5.9058
0
0
0
0
0
0
0
0
0
0
0
0
0
5.9058
0
0
-7.8603
0
0
0
0
0
0
0
0
0
0
0
0
0
0
0
0
0
0
0
0
0
0
0
0
0
0
0
7.8603
0
0
0
0
0
0
0
0
0
0
0
0
0
0
0
0
0
0
0
-0.1045
0
0
0
0
0
0
0
0
0
0
0.1045
