49.4202
-0.47842
-0.49598
-0.46015
-0.45166
-0.46015
-0.4839
-0.49292
-0.50918
-0.44066
-0.44066
-0.44066
-0.54352
-0.45939
-0.45939
-0.35169
-0.42904
0
0
-1.8604
0
0
-13.3875
0
0
0
0
-13.3875
-13.3875
0
-0.47842
9.0817
-0.4971
-0.45549
-0.45391
-0.45549
-0.48183
-0.48856
-0.50926
-0.43246
-0.43246
-0.43246
-0.54651
-0.48342
-0.48342
-0.38421
-0.41275
0
0
-1.654
0
0
0
0
0
0
0
0
0
0
-0.49598
-0.4971
17.2302
-0.474
-0.4725
-0.474
-0.50416
-0.50783
-0.53802
-0.4512
-0.4512
-0.4512
-0.55838
-0.50287
-0.50287
0
-0.43776
0
0
0
0
0
0
0
0
0
-9.9111
0
0
0
-0.46015
-0.45549
-0.474
6.7268
-0.43959
-0.42157
-0.46054
-0.46334
-0.48345
-0.41301
-0.41301
-0.41301
-0.51048
-0.45925
-0.45925
0
-0.40063
0
0
0
0
0
0
0
0
0
0
0
0
0
-0.45166
-0.45391
-0.4725
-0.43959
6.5282
-0.43959
-0.46083
-0.45865
-0.47539
-0.411
-0.411
-0.411
-0.49926
-0.45006
-0.45006
0
0
0
-0.24367
0
0
0
0
0
0
0
0
0
0
0
-0.46015
-0.45549
-0.474
-0.42157
-0.43959
6.7268
-0.46054
-0.46334
-0.48345
-0.41301
-0.41301
-0.41301
-0.51048
-0.45925
-0.45925
0
-0.40063
0
0
0
0
0
0
0
0
0
0
0
0
0
-0.4839
-0.48183
-0.50416
-0.46054
-0.46083
-0.46054
5.5432
-0.53123
-0.55194
-0.44677
-0.44677
-0.44677
0
0
0
0
0
0
-0.26796
0
0
0
0
0
0
0
0
0
0
0
-0.49292
-0.48856
-0.50783
-0.46334
-0.45865
-0.46334
-0.53123
5.7126
-0.55794
-0.45035
-0.45035
-0.45035
0
0
0
-0.39771
0
0
0
0
0
0
0
0
0
0
0
0
0
0
-0.50918
-0.50926
-0.53802
-0.48345
-0.47539
-0.48345
-0.55194
-0.55794
12.8169
-0.46775
-0.46775
-0.46775
0
0
0
0
0
0
0
0
-7.305
0
0
0
0
0
0
0
0
0
-0.44066
-0.43246
-0.4512
-0.41301
-0.411
-0.41301
-0.44677
-0.45035
-0.46775
4.6872
-0.38051
-0.38051
0
0
0
0
0
0
0
0
0
0
0
0
0
0
0
0
0
0
-0.44066
-0.43246
-0.4512
-0.41301
-0.411
-0.41301
-0.44677
-0.45035
-0.46775
-0.38051
4.6872
-0.38051
0
0
0
0
0
0
0
0
0
0
0
0
0
0
0
0
0
0
-0.44066
-0.43246
-0.4512
-0.41301
-0.411
-0.41301
-0.44677
-0.45035
-0.46775
-0.38051
-0.38051
4.6872
0
0
0
0
0
0
0
0
0
0
0
0
0
0
0
0
0
0
-0.54352
-0.54651
-0.55838
-0.51048
-0.49926
-0.51048
0
0
0
0
0
0
3.3706
0
0
0
0
-0.20196
0
0
0
0
0
0
0
0
0
0
0
0
-0.45939
-0.48342
-0.50287
-0.45925
-0.45006
-0.45925
0
0
0
0
0
0
0
4.5653
0
0
0
0
0
0
0
0
0
-1.751
0
0
0
0
0
0
-0.45939
-0.48342
-0.50287
-0.45925
-0.45006
-0.45925
0
0
0
0
0
0
0
0
4.5653
0
0
0
0
0
0
0
0
0
0
-1.751
0
0
0
0
-0.35169
-0.38421
0
0
0
0
0
-0.39771
0
0
0
0
0
0
0
1.4838
0
-0.23686
0
0
0
0
0
0
-0.11332
0
0
0
0
0
-0.42904
-0.41275
-0.43776
-0.40063
0
-0.40063
0
0
0
0
0
0
0
0
0
0
2.0808
0
0
0
0
0
0
0
0
0
0
0
0
0
0
0
0
0
0
0
0
0
0
0
0
0
-0.20196
0
0
-0.23686
0
0.54332
0
0
0
0
0
0
0
0
0
0
0
-0.1045
0
0
0
0
-0.24367
0
-0.26796
0
0
0
0
0
0
0
0
0
0
0
0.72068
0
0
-0.20905
0
0
0
0
0
0
0
0
-1.8604
-1.654
0
0
0
0
0
0
0
0
0
0
0
0
0
0
0
0
0
3.5144
0
0
0
0
0
0
0
0
0
0
0
0
0
0
0
0
0
0
-7.305
0
0
0
0
0
0
0
0
0
0
0
7.305
0
0
0
0
0
0
0
0
0
0
0
0
0
0
0
0
0
0
0
0
0
0
0
0
0
0
0
-0.20905
0
0
0.20905
0
0
0
0
0
0
0
0
-13.3875
0
0
0
0
0
0
0
0
0
0
0
0
0
0
0
0
0
0
0
0
0
13.3875
0
0
0
0
0
0
0
0
0
0
0
0
0
0
0
0
0
0
0
0
-1.751
0
0
0
0
0
0
0
0
0
1.751
0
0
0
0
0
0
0
0
0
0
0
0
0
0
0
0
0
0
0
0
0
-0.11332
0
0
0
0
0
0
0
0
0.11332
0
0
0
0
0
0
0
0
0
0
0
0
0
0
0
0
0
0
0
-1.751
0
0
0
0
0
0
0
0
0
0
1.751
0
0
0
0
0
0
-9.9111
0
0
0
0
0
0
0
0
0
0
0
0
0
0
0
0
0
0
0
0
0
0
0
9.9111
0
0
0
-13.3875
0
0
0
0
0
0
0
0
0
0
0
0
0
0
0
0
0
0
0
0
0
0
0
0
0
0
13.3875
0
0
-13.3875
0
0
0
0
0
0
0
0
0
0
0
0
0
0
0
0
0
0
0
0
0
0
0
0
0
0
0
13.3875
0
0
0
0
0
0
0
0
0
0
0
0
0
0
0
0
0
0
-0.1045
0
0
0
0
0
0
0
0
0
0
0
0.1045
