38.91
-0.5726
-0.57314
-0.57152
-0.57261
-0.57413
-0.57226
-0.57227
-0.57305
-0.57314
-0.57435
-0.56826
-0.56687
-0.56687
-0.56687
-0.57434
0
-1.1091
-7.3071
0
0
-7.3071
0
0
-7.3071
-7.3071
0
0
0
0
-0.5726
9.5626
-0.57369
-0.57161
-0.5726
-0.57397
-0.57179
-0.57181
-0.57326
-0.57256
-0.57371
-0.56983
-0.56835
-0.56835
-0.56835
-0.57324
0
-0.98684
0
0
0
0
0
0
0
0
0
0
0
0
-0.57314
-0.57369
13.9987
-0.57227
-0.57328
-0.57505
-0.57251
-0.57254
-0.57425
-0.57331
-0.57452
-0.5702
-0.56879
-0.56879
-0.56879
-0.574
0
0
0
0
-5.4136
0
0
0
0
0
0
0
0
0
-0.57152
-0.57161
-0.57227
8.5599
-0.57143
-0.57256
-0.57071
-0.57073
-0.57191
-0.57144
-0.57251
-0.56878
-0.56744
-0.56744
-0.56744
-0.57213
0
0
0
0
0
0
0
0
0
0
0
0
0
0
-0.57261
-0.5726
-0.57328
-0.57143
6.2871
-0.57565
-0.57213
-0.57213
-0.57367
-0.57302
-0.57423
0
0
0
0
0
-0.55631
0
0
0
0
0
0
0
0
0
0
0
0
0
-0.57413
-0.57397
-0.57505
-0.57256
-0.57565
9.1038
-0.5735
-0.57351
-0.57648
-0.57435
-0.57565
0
0
0
0
0
0
0
0
0
0
0
0
0
0
0
-3.3589
0
0
0
-0.57226
-0.57179
-0.57251
-0.57071
-0.57213
-0.5735
5.7221
-0.57119
-0.57282
-0.57204
-0.57316
0
0
0
0
0
0
0
0
0
0
0
0
0
0
0
0
0
0
0
-0.57227
-0.57181
-0.57254
-0.57073
-0.57213
-0.57351
-0.57119
5.1478
-0.57209
-0.5715
0
0
0
0
0
0
0
0
0
0
0
0
0
0
0
0
0
0
0
0
-0.57305
-0.57326
-0.57425
-0.57191
-0.57367
-0.57648
-0.57282
-0.57209
6.9966
0
0
0
0
0
0
0
0
0
0
0
0
0
0
-2.409
0
0
0
0
0
0
-0.57314
-0.57256
-0.57331
-0.57144
-0.57302
-0.57435
-0.57204
-0.5715
0
4.5814
0
0
0
0
0
0
0
0
0
0
0
0
0
0
0
0
0
0
0
0
-0.57435
-0.57371
-0.57452
-0.57251
-0.57423
-0.57565
-0.57316
0
0
0
4.0181
0
0
0
0
0
0
0
0
0
0
0
0
0
0
0
0
0
0
0
-0.56826
-0.56983
-0.5702
-0.56878
0
0
0
0
0
0
0
3.3991
0
0
0
0
-0.55882
0
0
0
0
0
-0.56318
0
0
0
0
0
0
0
-0.56687
-0.56835
-0.56879
-0.56744
0
0
0
0
0
0
0
0
2.8237
0
0
0
0
0
0
0
0
0
0
0
0
0
0
-0.55225
0
0
-0.56687
-0.56835
-0.56879
-0.56744
0
0
0
0
0
0
0
0
0
2.8237
0
0
0
0
0
-0.55225
0
0
0
0
0
0
0
0
0
0
-0.56687
-0.56835
-0.56879
-0.56744
0
0
0
0
0
0
0
0
0
0
2.8237
0
0
0
0
0
0
0
0
0
0
0
0
0
0
-0.55225
-0.57434
-0.57324
-0.574
-0.57213
0
0
0
0
0
0
0
0
0
0
0
2.2937
0
0
0
0
0
0
0
0
0
0
0
0
0
0
0
0
0
0
-0.55631
0
0
0
0
0
0
-0.55882
0
0
0
0
1.6687
0
0
0
0
0
0
0
0
0
0
0
-0.55357
0
-1.1091
-0.98684
0
0
0
0
0
0
0
0
0
0
0
0
0
0
0
2.096
0
0
0
0
0
0
0
0
0
0
0
0
-7.3071
0
0
0
0
0
0
0
0
0
0
0
0
0
0
0
0
0
7.3071
0
0
0
0
0
0
0
0
0
0
0
0
0
0
0
0
0
0
0
0
0
0
0
0
-0.55225
0
0
0
0
0
0.55225
0
0
0
0
0
0
0
0
0
0
0
0
-5.4136
0
0
0
0
0
0
0
0
0
0
0
0
0
0
0
0
0
5.4136
0
0
0
0
0
0
0
0
0
-7.3071
0
0
0
0
0
0
0
0
0
0
0
0
0
0
0
0
0
0
0
0
7.3071
0
0
0
0
0
0
0
0
0
0
0
0
0
0
0
0
0
0
0
-0.56318
0
0
0
0
0
0
0
0
0
0
0.56318
0
0
0
0
0
0
0
0
0
0
0
0
0
0
0
-2.409
0
0
0
0
0
0
0
0
0
0
0
0
0
0
2.409
0
0
0
0
0
0
-7.3071
0
0
0
0
0
0
0
0
0
0
0
0
0
0
0
0
0
0
0
0
0
0
0
7.3071
0
0
0
0
0
-7.3071
0
0
0
0
0
0
0
0
0
0
0
0
0
0
0
0
0
0
0
0
0
0
0
0
7.3071
0
0
0
0
0
0
0
0
0
-3.3589
0
0
0
0
0
0
0
0
0
0
0
0
0
0
0
0
0
0
0
0
3.3589
0
0
0
0
0
0
0
0
0
0
0
0
0
0
0
-0.55225
0
0
0
0
0
0
0
0
0
0
0
0
0
0
0.55225
0
0
0
0
0
0
0
0
0
0
0
0
0
0
0
0
0
0
-0.55357
0
0
0
0
0
0
0
0
0
0
0
0.55357
0
0
0
0
0
0
0
0
0
0
0
0
0
0
0
-0.55225
0
0
0
0
0
0
0
0
0
0
0
0
0
0
0.55225
