44.4793
-0.5589
-0.61211
-0.67946
-0.67946
-0.65504
-0.67946
-0.67946
-0.67946
-0.65504
-0.65504
-0.49785
-0.49785
-0.49785
-0.49785
-0.49785
-0.56417
-0.56417
-0.56417
-0.65194
0
-11.0374
0
-11.0374
0
0
0
0
-11.0374
0
-0.5589
28.5731
-0.67385
-0.71962
-0.71962
-0.7107
-0.71962
-0.71962
-0.71962
-0.7107
-0.7107
-0.52651
-0.52651
-0.52651
-0.52651
-0.52651
-0.59635
-0.59635
-0.59635
-0.67452
0
0
0
0
-8.257
-8.257
0
0
0
0
-0.61211
-0.67385
28.6987
-0.81758
-0.81758
-0.82241
-0.81758
-0.81758
-0.81758
-0.82241
-0.82241
-0.59203
-0.59203
-0.59203
-0.59203
-0.59203
-0.67028
-0.67028
-0.67028
0
0
0
-7.9433
0
0
0
-7.9433
0
0
0
-0.67946
-0.71962
-0.81758
13.1519
-0.75855
-0.82805
-0.75855
-0.75855
-0.75855
-0.82805
-0.82805
-0.5605
-0.5605
-0.5605
-0.5605
-0.5605
-0.63464
-0.63464
-0.63464
-0.71042
0
0
0
0
0
0
0
0
0
0
-0.67946
-0.71962
-0.81758
-0.75855
13.1519
-0.82805
-0.75855
-0.75855
-0.75855
-0.82805
-0.82805
-0.5605
-0.5605
-0.5605
-0.5605
-0.5605
-0.63464
-0.63464
-0.63464
-0.71042
0
0
0
0
0
0
0
0
0
0
-0.65504
-0.7107
-0.82241
-0.82805
-0.82805
16.2788
-0.82805
-0.82805
-0.82805
-0.82243
-0.82243
-0.56231
-0.56231
-0.56231
-0.56231
-0.56231
-0.63668
-0.63668
-0.63668
0
-3.584
0
0
0
0
0
0
0
0
0
-0.67946
-0.71962
-0.81758
-0.75855
-0.75855
-0.82805
13.1519
-0.75855
-0.75855
-0.82805
-0.82805
-0.5605
-0.5605
-0.5605
-0.5605
-0.5605
-0.63464
-0.63464
-0.63464
-0.71042
0
0
0
0
0
0
0
0
0
0
-0.67946
-0.71962
-0.81758
-0.75855
-0.75855
-0.82805
-0.75855
13.1519
-0.75855
-0.82805
-0.82805
-0.5605
-0.5605
-0.5605
-0.5605
-0.5605
-0.63464
-0.63464
-0.63464
-0.71042
0
0
0
0
0
0
0
0
0
0
-0.67946
-0.71962
-0.81758
-0.75855
-0.75855
-0.82805
-0.75855
-0.75855
13.1519
-0.82805
-0.82805
-0.5605
-0.5605
-0.5605
-0.5605
-0.5605
-0.63464
-0.63464
-0.63464
-0.71042
0
0
0
0
0
0
0
0
0
0
-0.65504
-0.7107
-0.82241
-0.82805
-0.82805
-0.82243
-0.82805
-0.82805
-0.82805
16.2788
-0.82243
-0.56231
-0.56231
-0.56231
-0.56231
-0.56231
-0.63668
-0.63668
-0.63668
0
0
0
0
0
0
0
0
0
0
-3.584
-0.65504
-0.7107
-0.82241
-0.82805
-0.82805
-0.82243
-0.82805
-0.82805
-0.82805
-0.82243
16.2788
-0.56231
-0.56231
-0.56231
-0.56231
-0.56231
-0.63668
-0.63668
-0.63668
0
0
0
0
0
0
0
0
-3.584
0
0
-0.49785
-0.52651
-0.59203
-0.5605
-0.5605
-0.56231
-0.5605
-0.5605
-0.5605
-0.56231
-0.56231
9.0142
-0.39226
-0.39226
-0.39226
-0.39226
-0.44644
-0.44644
-0.44644
0
0
0
0
0
0
0
0
0
0
0
-0.49785
-0.52651
-0.59203
-0.5605
-0.5605
-0.56231
-0.5605
-0.5605
-0.5605
-0.56231
-0.56231
-0.39226
9.0142
-0.39226
-0.39226
-0.39226
-0.44644
-0.44644
-0.44644
0
0
0
0
0
0
0
0
0
0
0
-0.49785
-0.52651
-0.59203
-0.5605
-0.5605
-0.56231
-0.5605
-0.5605
-0.5605
-0.56231
-0.56231
-0.39226
-0.39226
9.0142
-0.39226
-0.39226
-0.44644
-0.44644
-0.44644
0
0
0
0
0
0
0
0
0
0
0
-0.49785
-0.52651
-0.59203
-0.5605
-0.5605
-0.56231
-0.5605
-0.5605
-0.5605
-0.56231
-0.56231
-0.39226
-0.39226
-0.39226
9.0142
-0.39226
-0.44644
-0.44644
-0.44644
0
0
0
0
0
0
0
0
0
0
0
-0.49785
-0.52651
-0.59203
-0.5605
-0.5605
-0.56231
-0.5605
-0.5605
-0.5605
-0.56231
-0.56231
-0.39226
-0.39226
-0.39226
-0.39226
9.0142
-0.44644
-0.44644
-0.44644
0
0
0
0
0
0
0
0
0
0
0
-0.56417
-0.59635
-0.67028
-0.63464
-0.63464
-0.63668
-0.63464
-0.63464
-0.63464
-0.63668
-0.63668
-0.44644
-0.44644
-0.44644
-0.44644
-0.44644
9.1462
0
0
0
0
0
0
0
0
0
0
0
0
0
-0.56417
-0.59635
-0.67028
-0.63464
-0.63464
-0.63668
-0.63464
-0.63464
-0.63464
-0.63668
-0.63668
-0.44644
-0.44644
-0.44644
-0.44644
-0.44644
0
9.1462
0
0
0
0
0
0
0
0
0
0
0
0
-0.56417
-0.59635
-0.67028
-0.63464
-0.63464
-0.63668
-0.63464
-0.63464
-0.63464
-0.63668
-0.63668
-0.44644
-0.44644
-0.44644
-0.44644
-0.44644
0
0
9.1462
0
0
0
0
0
0
0
0
0
0
0
-0.65194
-0.67452
0
-0.71042
-0.71042
0
-0.71042
-0.71042
-0.71042
0
0
0
0
0
0
0
0
0
0
4.8786
0
0
0
0
0
0
0
0
0
0
0
0
0
0
0
-3.584
0
0
0
0
0
0
0
0
0
0
0
0
0
0
3.584
0
0
0
0
0
0
0
0
0
-11.0374
0
0
0
0
0
0
0
0
0
0
0
0
0
0
0
0
0
0
0
0
11.0374
0
0
0
0
0
0
0
0
0
0
-7.9433
0
0
0
0
0
0
0
0
0
0
0
0
0
0
0
0
0
0
0
7.9433
0
0
0
0
0
0
0
-11.0374
0
0
0
0
0
0
0
0
0
0
0
0
0
0
0
0
0
0
0
0
0
0
11.0374
0
0
0
0
0
0
0
-8.257
0
0
0
0
0
0
0
0
0
0
0
0
0
0
0
0
0
0
0
0
0
0
8.257
0
0
0
0
0
0
-8.257
0
0
0
0
0
0
0
0
0
0
0
0
0
0
0
0
0
0
0
0
0
0
0
8.257
0
0
0
0
0
0
-7.9433
0
0
0
0
0
0
0
0
0
0
0
0
0
0
0
0
0
0
0
0
0
0
0
7.9433
0
0
0
0
0
0
0
0
0
0
0
0
0
-3.584
0
0
0
0
0
0
0
0
0
0
0
0
0
0
0
0
3.584
0
0
-11.0374
0
0
0
0
0
0
0
0
0
0
0
0
0
0
0
0
0
0
0
0
0
0
0
0
0
0
0
11.0374
0
0
0
0
0
0
0
0
0
0
-3.584
0
0
0
0
0
0
0
0
0
0
0
0
0
0
0
0
0
0
0
3.584
