34.4912
-0.67573
-0.73877
-0.73877
-0.72505
-0.68252
-0.68252
-0.68252
-0.66071
-0.66071
-0.63859
-0.63859
-0.68897
-0.68021
-0.68021
-0.70259
-0.64805
-0.64805
-0.69756
-0.71073
-0.15808
-10.6761
0
0
0
0
0
-10.6761
0
0
-0.67573
34.4912
-0.73877
-0.73877
-0.72505
-0.68252
-0.68252
-0.68252
-0.66071
-0.66071
-0.63859
-0.63859
-0.68897
-0.68021
-0.68021
-0.70259
-0.64805
-0.64805
-0.69756
-0.71073
-0.15808
0
0
-10.6761
0
0
0
0
-10.6761
0
-0.73877
-0.73877
13.7405
-0.76578
-0.78924
-0.70437
-0.70437
-0.70437
-0.6826
-0.6826
-0.66023
-0.66023
-0.70762
-0.69861
-0.69861
-0.72163
-0.71034
-0.71034
-0.71518
-0.72669
-0.22013
0
0
0
0
0
0
0
0
0
-0.73877
-0.73877
-0.76578
13.7405
-0.78924
-0.70437
-0.70437
-0.70437
-0.6826
-0.6826
-0.66023
-0.66023
-0.70762
-0.69861
-0.69861
-0.72163
-0.71034
-0.71034
-0.71518
-0.72669
-0.22013
0
0
0
0
0
0
0
0
0
-0.72505
-0.72505
-0.78924
-0.78924
21.1343
-0.71756
-0.71756
-0.71756
-0.69524
-0.69524
-0.67234
-0.67234
-0.72195
-0.71275
-0.71275
-0.73627
-0.71376
-0.71376
-0.73004
-0.74233
0
0
-7.4343
0
0
0
0
0
0
0
-0.68252
-0.68252
-0.70437
-0.70437
-0.71756
12.4245
-0.64078
-0.64078
-0.6234
-0.6234
-0.60294
-0.60294
-0.64503
-0.63685
-0.63685
-0.65776
-0.65429
-0.65429
-0.65183
-0.66204
0
0
0
0
0
0
0
0
0
0
-0.68252
-0.68252
-0.70437
-0.70437
-0.71756
-0.64078
12.4245
-0.64078
-0.6234
-0.6234
-0.60294
-0.60294
-0.64503
-0.63685
-0.63685
-0.65776
-0.65429
-0.65429
-0.65183
-0.66204
0
0
0
0
0
0
0
0
0
0
-0.68252
-0.68252
-0.70437
-0.70437
-0.71756
-0.64078
-0.64078
12.4245
-0.6234
-0.6234
-0.60294
-0.60294
-0.64503
-0.63685
-0.63685
-0.65776
-0.65429
-0.65429
-0.65183
-0.66204
0
0
0
0
0
0
0
0
0
0
-0.66071
-0.66071
-0.6826
-0.6826
-0.69524
-0.6234
-0.6234
-0.6234
11.3729
-0.59827
-0.57984
-0.57984
-0.62028
-0.61241
-0.61241
-0.63252
-0.62917
-0.62917
-0.62698
0
0
0
0
0
0
0
0
0
0
0
-0.66071
-0.66071
-0.6826
-0.6826
-0.69524
-0.6234
-0.6234
-0.6234
-0.59827
11.3729
-0.57984
-0.57984
-0.62028
-0.61241
-0.61241
-0.63252
-0.62917
-0.62917
-0.62698
0
0
0
0
0
0
0
0
0
0
0
-0.63859
-0.63859
-0.66023
-0.66023
-0.67234
-0.60294
-0.60294
-0.60294
-0.57984
-0.57984
10.3657
-0.54733
-0.59411
-0.58657
-0.58657
-0.60584
-0.60339
-0.60339
0
0
0
0
0
0
0
0
0
0
0
0
-0.63859
-0.63859
-0.66023
-0.66023
-0.67234
-0.60294
-0.60294
-0.60294
-0.57984
-0.57984
-0.54733
10.3657
-0.59411
-0.58657
-0.58657
-0.60584
-0.60339
-0.60339
0
0
0
0
0
0
0
0
0
0
0
0
-0.68897
-0.68897
-0.70762
-0.70762
-0.72195
-0.64503
-0.64503
-0.64503
-0.62028
-0.62028
-0.59411
-0.59411
9.8926
-0.66392
-0.66392
-0.68575
0
0
0
0
0
0
0
0
0
0
0
0
0
0
-0.68021
-0.68021
-0.69861
-0.69861
-0.71275
-0.63685
-0.63685
-0.63685
-0.61241
-0.61241
-0.58657
-0.58657
-0.66392
9.0694
-0.62659
0
0
0
0
0
0
0
0
0
0
0
0
0
0
0
-0.68021
-0.68021
-0.69861
-0.69861
-0.71275
-0.63685
-0.63685
-0.63685
-0.61241
-0.61241
-0.58657
-0.58657
-0.66392
-0.62659
9.0694
0
0
0
0
0
0
0
0
0
0
0
0
0
0
0
-0.70259
-0.70259
-0.72163
-0.72163
-0.73627
-0.65776
-0.65776
-0.65776
-0.63252
-0.63252
-0.60584
-0.60584
-0.68575
0
0
8.7205
0
0
0
0
0
0
0
0
0
0
0
0
0
0
-0.64805
-0.64805
-0.71034
-0.71034
-0.71376
-0.65429
-0.65429
-0.65429
-0.62917
-0.62917
-0.60339
-0.60339
0
0
0
0
9.8784
0
0
0
0
0
0
0
0
0
-2.0199
0
0
0
-0.64805
-0.64805
-0.71034
-0.71034
-0.71376
-0.65429
-0.65429
-0.65429
-0.62917
-0.62917
-0.60339
-0.60339
0
0
0
0
0
9.8784
0
0
0
0
0
0
0
0
0
0
0
-2.0199
-0.69756
-0.69756
-0.71518
-0.71518
-0.73004
-0.65183
-0.65183
-0.65183
-0.62698
-0.62698
0
0
0
0
0
0
0
0
6.765
0
0
0
0
0
0
0
0
0
0
0
-0.71073
-0.71073
-0.72669
-0.72669
-0.74233
-0.66204
-0.66204
-0.66204
0
0
0
0
0
0
0
0
0
0
0
5.6033
0
0
0
0
0
0
0
0
0
0
-0.15808
-0.15808
-0.22013
-0.22013
0
0
0
0
0
0
0
0
0
0
0
0
0
0
0
0
12.6762
0
0
0
-5.9599
-5.9599
0
0
0
0
-10.6761
0
0
0
0
0
0
0
0
0
0
0
0
0
0
0
0
0
0
0
0
10.6761
0
0
0
0
0
0
0
0
0
0
0
0
-7.4343
0
0
0
0
0
0
0
0
0
0
0
0
0
0
0
0
0
7.4343
0
0
0
0
0
0
0
0
-10.6761
0
0
0
0
0
0
0
0
0
0
0
0
0
0
0
0
0
0
0
0
0
10.6761
0
0
0
0
0
0
0
0
0
0
0
0
0
0
0
0
0
0
0
0
0
0
0
0
0
0
-5.9599
0
0
0
5.9599
0
0
0
0
0
0
0
0
0
0
0
0
0
0
0
0
0
0
0
0
0
0
0
0
0
-5.9599
0
0
0
0
5.9599
0
0
0
0
0
0
0
0
0
0
0
0
0
0
0
0
0
0
0
0
-2.0199
0
0
0
0
0
0
0
0
0
2.0199
0
0
0
-10.6761
0
0
0
0
0
0
0
0
0
0
0
0
0
0
0
0
0
0
0
0
0
0
0
0
0
0
10.6761
0
0
0
-10.6761
0
0
0
0
0
0
0
0
0
0
0
0
0
0
0
0
0
0
0
0
0
0
0
0
0
0
10.6761
0
0
0
0
0
0
0
0
0
0
0
0
0
0
0
0
0
0
-2.0199
0
0
0
0
0
0
0
0
0
0
0
2.0199
