19.6075
-0.87917
-0.87917
-0.86519
-0.8989
-0.86545
-0.89407
-0.8768
-0.80036
-0.86381
-0.86381
-0.90499
-0.82306
-0.89539
-0.92461
-0.88853
-0.93515
-0.90448
-1.2465
-0.8429
0
0
0
0
0
0
0
-2.5552
0
0
-0.87917
16.3425
-0.83005
-0.82456
-0.86156
-0.83422
-0.85293
-0.83719
-0.766
-0.82324
-0.82324
-0.85885
-0.79492
-0.85039
-0.89483
-0.86896
-0.88511
-0.8917
-1.1844
-0.78124
0
0
0
0
0
0
0
0
0
0
-0.87917
-0.83005
16.3425
-0.82456
-0.86156
-0.83422
-0.85293
-0.83719
-0.766
-0.82324
-0.82324
-0.85885
-0.79492
-0.85039
-0.89483
-0.86896
-0.88511
-0.8917
-1.1844
-0.78124
0
0
0
0
0
0
0
0
0
0
-0.86519
-0.82456
-0.82456
15.1981
-0.84141
-0.80072
-0.82621
-0.81726
-0.74578
-0.80023
-0.80023
-0.83691
-0.77326
-0.8274
-0.87157
-0.84221
-0.85817
0
0
-0.78105
-1.2614
0
0
0
0
0
0
0
0
0
-0.8989
-0.86156
-0.86156
-0.84141
14.3575
-0.85626
-0.87941
-0.85952
-0.79064
-0.84354
-0.84354
-0.8856
-0.80651
-0.87298
-0.90806
-0.87369
-0.90568
0
0
0
0
0
0
0
0
-0.56867
0
0
0
0
-0.86545
-0.83422
-0.83422
-0.80072
-0.85626
17.0516
-0.88995
-0.87684
-0.74699
-0.79583
-0.79583
-0.82757
-0.75025
-0.82097
0
0
0
0
-1.1694
0
0
0
0
0
-1.2761
0
-3.911
0
0
0
-0.89407
-0.85293
-0.85293
-0.82621
-0.87941
-0.88995
16.6081
-0.83469
-0.75146
-0.8183
-0.8183
-0.86205
-0.79867
-0.84628
-0.90182
-0.86886
0
0
0
0
0
0
0
0
0
0
0
0
-3.9122
0
-0.8768
-0.83719
-0.83719
-0.81726
-0.85952
-0.87684
-0.83469
13.3745
-0.74597
-0.80722
-0.80722
-0.84787
-0.77941
-0.83656
-0.88596
-0.85436
-0.87042
0
0
0
0
0
0
0
0
0
0
0
0
0
-0.80036
-0.766
-0.766
-0.74578
-0.79064
-0.74699
-0.75146
-0.74597
11.3606
-0.7253
-0.7253
-0.76322
-0.70312
-0.75392
-0.78868
0
0
0
0
0
0
-0.78783
0
0
0
0
0
0
0
0
-0.86381
-0.82324
-0.82324
-0.80023
-0.84354
-0.79583
-0.8183
-0.80722
-0.7253
10.6575
-0.81648
-0.82547
0
-0.84795
0
0
0
-0.86686
0
0
0
0
0
0
0
0
0
0
0
0
-0.86381
-0.82324
-0.82324
-0.80023
-0.84354
-0.79583
-0.8183
-0.80722
-0.7253
-0.81648
10.6575
-0.82547
0
-0.84795
0
0
0
-0.86686
0
0
0
0
0
0
0
0
0
0
0
0
-0.90499
-0.85885
-0.85885
-0.83691
-0.8856
-0.82757
-0.86205
-0.84787
-0.76322
-0.82547
-0.82547
10.4657
0
0
0
0
0
0
-1.1689
0
0
0
0
0
0
0
0
0
0
0
-0.82306
-0.79492
-0.79492
-0.77326
-0.80651
-0.75025
-0.79867
-0.77941
-0.70312
0
0
0
9.7331
0
0
0
-0.80036
0
0
0
0
0
0
-1.9086
0
0
0
0
0
0
-0.89539
-0.85039
-0.85039
-0.8274
-0.87298
-0.82097
-0.84628
-0.83656
-0.75392
-0.84795
-0.84795
0
0
9.2502
0
0
0
0
0
0
0
0
0
0
0
0
0
0
0
0
-0.92461
-0.89483
-0.89483
-0.87157
-0.90806
0
-0.90182
-0.88596
-0.78868
0
0
0
0
0
9.0804
0
0
0
0
0
0
0
0
-2.01
0
0
0
0
0
0
-0.88853
-0.86896
-0.86896
-0.84221
-0.87369
0
-0.86886
-0.85436
0
0
0
0
0
0
0
8.3149
0
0
0
0
0
0
0
0
0
0
0
-2.2493
0
0
-0.93515
-0.88511
-0.88511
-0.85817
-0.90568
0
0
-0.87042
0
0
0
0
-0.80036
0
0
0
6.14
0
0
0
0
0
0
0
0
0
0
0
0
0
-0.90448
-0.8917
-0.8917
0
0
0
0
0
0
-0.86686
-0.86686
0
0
0
0
0
0
5.7429
0
0
0
0
0
0
-1.3213
0
0
0
0
0
-1.2465
-1.1844
-1.1844
0
0
-1.1694
0
0
0
0
0
-1.1689
0
0
0
0
0
0
5.9535
0
0
0
0
0
0
0
0
0
0
0
-0.8429
-0.78124
-0.78124
-0.78105
0
0
0
0
0
0
0
0
0
0
0
0
0
0
0
3.1864
0
0
0
0
0
0
0
0
0
0
0
0
0
-1.2614
0
0
0
0
0
0
0
0
0
0
0
0
0
0
0
0
5.0213
-1.8621
0
0
0
0
0
0
0
-1.8979
0
0
0
0
0
0
0
0
-0.78783
0
0
0
0
0
0
0
0
0
0
0
-1.8621
4.8877
0
0
0
-2.2378
0
0
0
0
0
0
0
0
0
0
0
0
0
0
0
0
0
0
0
0
0
0
0
0
0
0
6.4091
0
0
0
-3.196
0
-3.213
0
0
0
0
0
0
0
0
0
0
0
0
0
-1.9086
0
-2.01
0
0
0
0
0
0
0
0
3.9186
0
0
0
0
0
0
0
0
0
0
0
-1.2761
0
0
0
0
0
0
0
0
0
0
0
-1.3213
0
0
0
0
0
0
2.5973
0
0
0
0
0
0
0
0
0
-0.56867
0
0
0
0
0
0
0
0
0
0
0
0
0
0
0
0
-2.2378
0
0
0
2.8064
0
0
0
0
0
0
0
0
0
-3.911
0
0
0
0
0
0
0
0
0
0
0
0
0
0
0
0
-3.196
0
0
0
7.1071
0
0
0
-2.5552
0
0
0
0
0
0
0
0
0
0
0
0
0
0
-2.2493
0
0
0
0
0
0
0
0
0
0
0
4.8045
0
0
0
0
0
0
0
0
-3.9122
0
0
0
0
0
0
0
0
0
0
0
0
0
0
0
-3.213
0
0
0
0
0
7.1252
0
0
0
0
0
0
0
0
0
0
0
0
0
0
0
0
0
0
0
0
0
-1.8979
0
0
0
0
0
0
0
0
1.8979
