19.0587
-0.61718
-0.57214
-0.57214
-0.5527
-0.57992
-0.57992
-0.57539
-0.53136
-0.55662
-0.55662
-0.55662
-0.59049
-0.56463
-0.55467
-0.82644
0
-0.1045
0
-0.16352
0
0
0
0
0
0
-10.0039
0
0
0
-0.61718
20.3651
-0.57222
-0.57222
-0.55944
-0.58322
-0.58322
-0.58191
-0.53477
-0.56129
-0.56129
-0.56129
-0.5955
-0.56813
-0.55865
-0.82206
-0.85333
0
-0.73751
0
0
-9.9418
0
0
0
0
0
0
0
0
-0.57214
-0.57222
18.6305
-0.54175
-0.52461
-0.54969
-0.54969
-0.54701
-0.50418
-0.52666
-0.52666
-0.52666
-0.55836
-0.5374
-0.5228
-0.76691
-0.79232
0
0
0
0
0
0
0
0
0
0
-9.5115
0
0
-0.57214
-0.57222
-0.54175
18.6305
-0.52461
-0.54969
-0.54969
-0.54701
-0.50418
-0.52666
-0.52666
-0.52666
-0.55836
-0.5374
-0.5228
-0.76691
-0.79232
0
0
0
0
0
-9.5115
0
0
0
0
0
0
0
-0.5527
-0.55944
-0.52461
-0.52461
17.0136
-0.53436
-0.53436
-0.52904
-0.48856
-0.50934
-0.50934
-0.50934
-0.53983
-0.52147
-0.50411
-0.73573
0
0
0
0
0
0
0
0
0
0
0
0
-8.9367
0
-0.57992
-0.58322
-0.54969
-0.54969
-0.53436
7.642
-0.53222
-0.61006
-0.50624
-0.52395
-0.52395
-0.52395
-0.55547
-0.54581
-0.52344
0
0
0
0
0
0
0
0
0
0
0
0
0
0
0
-0.57992
-0.58322
-0.54969
-0.54969
-0.53436
-0.53222
7.642
-0.61006
-0.50624
-0.52395
-0.52395
-0.52395
-0.55547
-0.54581
-0.52344
0
0
0
0
0
0
0
0
0
0
0
0
0
0
0
-0.57539
-0.58191
-0.54701
-0.54701
-0.52904
-0.61006
-0.61006
14.9978
-0.49896
-0.52707
-0.52707
-0.52707
-0.5588
0
0
0
0
0
-0.69998
0
0
0
0
0
0
0
0
0
0
-7.6584
-0.53136
-0.53477
-0.50418
-0.50418
-0.48856
-0.50624
-0.50624
-0.49896
6.5556
-0.48043
-0.48043
-0.48043
-0.50894
0
0
0
0
0
0
0
-0.53092
0
0
0
0
0
0
0
0
0
-0.55662
-0.56129
-0.52666
-0.52666
-0.50934
-0.52395
-0.52395
-0.52707
-0.48043
5.745
-0.50451
-0.50451
0
0
0
0
0
0
0
0
0
0
0
0
0
0
0
0
0
0
-0.55662
-0.56129
-0.52666
-0.52666
-0.50934
-0.52395
-0.52395
-0.52707
-0.48043
-0.50451
5.745
-0.50451
0
0
0
0
0
0
0
0
0
0
0
0
0
0
0
0
0
0
-0.55662
-0.56129
-0.52666
-0.52666
-0.50934
-0.52395
-0.52395
-0.52707
-0.48043
-0.50451
-0.50451
5.745
0
0
0
0
0
0
0
0
0
0
0
0
0
0
0
0
0
0
-0.59049
-0.5955
-0.55836
-0.55836
-0.53983
-0.55547
-0.55547
-0.5588
-0.50894
0
0
0
5.0212
0
0
0
0
0
0
0
0
0
0
0
0
0
0
0
0
0
-0.56463
-0.56813
-0.5374
-0.5374
-0.52147
-0.54581
-0.54581
0
0
0
0
0
0
4.3947
0
0
0
0
0
0
-0.5741
0
0
0
0
0
0
0
0
0
-0.55467
-0.55865
-0.5228
-0.5228
-0.50411
-0.52344
-0.52344
0
0
0
0
0
0
0
3.7099
0
0
0
0
0
0
0
0
0
0
0
0
0
0
0
-0.82644
-0.82206
-0.76691
-0.76691
-0.73573
0
0
0
0
0
0
0
0
0
0
3.918
0
0
0
0
0
0
0
0
0
0
0
0
0
0
0
-0.85333
-0.79232
-0.79232
0
0
0
0
0
0
0
0
0
0
0
0
2.8058
0
0
0
0
0
0
0
-0.36781
0
0
0
0
0
-0.1045
0
0
0
0
0
0
0
0
0
0
0
0
0
0
0
0
0.4111
0
0
-0.15201
0
0
0
0
-0.1546
0
0
0
0
0
-0.73751
0
0
0
0
0
-0.69998
0
0
0
0
0
0
0
0
0
0
1.7107
-0.2732
0
0
0
0
0
0
0
0
0
0
-0.16352
0
0
0
0
0
0
0
0
0
0
0
0
0
0
0
0
0
-0.2732
0.67562
0
0
0
-0.23891
0
0
0
0
0
0
0
0
0
0
0
0
0
0
-0.53092
0
0
0
0
-0.5741
0
0
0
-0.15201
0
0
1.257
0
0
0
0
0
0
0
0
0
0
-9.9418
0
0
0
0
0
0
0
0
0
0
0
0
0
0
0
0
0
0
0
9.9418
0
0
0
0
0
0
0
0
0
0
0
-9.5115
0
0
0
0
0
0
0
0
0
0
0
0
0
0
0
0
0
0
9.5115
0
0
0
0
0
0
0
0
0
0
0
0
0
0
0
0
0
0
0
0
0
0
0
0
0
0
-0.23891
0
0
0
0.23891
0
0
0
0
0
0
0
0
0
0
0
0
0
0
0
0
0
0
0
0
0
0
-0.36781
0
0
0
0
0
0
0
0.36781
0
0
0
0
0
0
0
0
0
0
0
0
0
0
0
0
0
0
0
0
0
0
-0.1546
0
0
0
0
0
0
0
0.1546
0
0
0
0
-10.0039
0
0
0
0
0
0
0
0
0
0
0
0
0
0
0
0
0
0
0
0
0
0
0
0
0
10.0039
0
0
0
0
0
-9.5115
0
0
0
0
0
0
0
0
0
0
0
0
0
0
0
0
0
0
0
0
0
0
0
0
9.5115
0
0
0
0
0
0
-8.9367
0
0
0
0
0
0
0
0
0
0
0
0
0
0
0
0
0
0
0
0
0
0
0
8.9367
0
0
0
0
0
0
0
0
-7.6584
0
0
0
0
0
0
0
0
0
0
0
0
0
0
0
0
0
0
0
0
0
7.6584
