23.0836
-0.70132
-0.71712
-0.71712
-0.65465
-0.67389
-0.65465
-0.66562
-0.64834
-0.67882
-0.74162
-0.74162
-0.67382
-0.70253
-0.67382
-0.62617
-0.62617
-0.70637
-0.66562
-0.22109
0
0
-10.5932
0
0
0
0
0
0
0
-0.70132
12.0094
-0.68925
-0.68925
-0.62698
-0.64584
-0.62698
-0.63816
-0.62179
-0.64993
-0.7103
-0.7103
-0.64865
-0.67153
-0.64865
-0.60036
-0.60036
-0.67455
-0.63648
-0.21877
0
0
0
0
0
0
0
0
0
0
-0.71712
-0.68925
22.1016
-0.71299
-0.64437
-0.66654
-0.64437
-0.65805
-0.63898
-0.66858
-0.73263
-0.73263
-0.66643
-0.69119
-0.66643
-0.61665
-0.61665
-0.69418
-0.65395
0
0
0
0
0
-9.9906
0
0
0
0
0
-0.71712
-0.68925
-0.71299
22.1016
-0.64437
-0.66654
-0.64437
-0.65805
-0.63898
-0.66858
-0.73263
-0.73263
-0.66643
-0.69119
-0.66643
-0.61665
-0.61665
-0.69418
-0.65395
0
0
0
0
0
0
0
-9.9906
0
0
0
-0.65465
-0.62698
-0.64437
-0.64437
11.0983
-0.61087
-0.58545
-0.5999
-0.58492
-0.60972
-0.66592
-0.66592
-0.61085
-0.6285
-0.61085
-0.56432
-0.56432
-0.63048
-0.59598
0
0
0
0
0
0
0
0
0
0
0
-0.67389
-0.64584
-0.66654
-0.66654
-0.61087
20.2013
-0.61087
-0.61201
-0.59794
-0.62392
-0.67854
-0.67854
-0.62036
-0.64415
-0.62036
-0.57741
-0.57741
-0.64712
0
0
-9.449
0
0
0
0
0
0
0
0
0
-0.65465
-0.62698
-0.64437
-0.64437
-0.58545
-0.61087
11.0983
-0.5999
-0.58492
-0.60972
-0.66592
-0.66592
-0.61085
-0.6285
-0.61085
-0.56432
-0.56432
-0.63048
-0.59598
0
0
0
0
0
0
0
0
0
0
0
-0.66562
-0.63816
-0.65805
-0.65805
-0.5999
-0.61201
-0.5999
18.8569
-0.59072
-0.61607
-0.66826
-0.66826
-0.61196
-0.63613
-0.61196
-0.57042
-0.57042
0
0
0
0
0
0
-8.881
0
0
0
0
0
0
-0.64834
-0.62179
-0.63898
-0.63898
-0.58492
-0.59794
-0.58492
-0.59072
9.7613
-0.6024
-0.65523
-0.65523
-0.60257
-0.62125
-0.60257
-0.55773
-0.55773
0
0
0
0
0
0
0
0
0
0
0
0
0
-0.67882
-0.64993
-0.66858
-0.66858
-0.60972
-0.62392
-0.60972
-0.61607
-0.6024
7.7908
-0.68507
-0.68507
0
-0.69296
0
0
0
0
0
0
0
0
0
0
0
0
0
0
0
0
-0.74162
-0.7103
-0.73263
-0.73263
-0.66592
-0.67854
-0.66592
-0.66826
-0.65523
-0.68507
9.4545
0
0
0
0
0
0
0
0
0
0
0
0
0
0
0
0
-2.5183
0
0
-0.74162
-0.7103
-0.73263
-0.73263
-0.66592
-0.67854
-0.66592
-0.66826
-0.65523
-0.68507
0
9.4545
0
0
0
0
0
0
0
0
0
0
0
0
0
0
0
0
0
-2.5183
-0.67382
-0.64865
-0.66643
-0.66643
-0.61085
-0.62036
-0.61085
-0.61196
-0.60257
0
0
0
6.5366
0
0
0
0
0
0
0
0
-0.82473
0
0
0
0
0
0
0
0
-0.70253
-0.67153
-0.69119
-0.69119
-0.6285
-0.64415
-0.6285
-0.63613
-0.62125
-0.69296
0
0
0
6.6079
0
0
0
0
0
0
0
0
0
0
0
0
0
0
0
0
-0.67382
-0.64865
-0.66643
-0.66643
-0.61085
-0.62036
-0.61085
-0.61196
-0.60257
0
0
0
0
0
6.5366
0
0
0
0
0
0
0
0
0
0
-0.82473
0
0
0
0
-0.62617
-0.60036
-0.61665
-0.61665
-0.56432
-0.57741
-0.56432
-0.57042
-0.55773
0
0
0
0
0
0
5.294
0
0
0
0
0
0
0
0
0
0
0
0
0
0
-0.62617
-0.60036
-0.61665
-0.61665
-0.56432
-0.57741
-0.56432
-0.57042
-0.55773
0
0
0
0
0
0
0
5.294
0
0
0
0
0
0
0
0
0
0
0
0
0
-0.70637
-0.67455
-0.69418
-0.69418
-0.63048
-0.64712
-0.63048
0
0
0
0
0
0
0
0
0
0
4.6774
0
0
0
0
0
0
0
0
0
0
0
0
-0.66562
-0.63648
-0.65395
-0.65395
-0.59598
0
-0.59598
0
0
0
0
0
0
0
0
0
0
0
3.8019
0
0
0
0
0
0
0
0
0
0
0
-0.22109
-0.21877
0
0
0
0
0
0
0
0
0
0
0
0
0
0
0
0
0
0.54436
0
0
0
0
0
0
0
0
-0.1045
0
0
0
0
0
0
-9.449
0
0
0
0
0
0
0
0
0
0
0
0
0
0
9.449
0
0
0
0
0
0
0
0
0
0
0
0
0
0
0
0
0
0
0
0
0
-0.82473
0
0
0
0
0
0
0
0
0.82473
0
0
0
0
0
0
0
0
-10.5932
0
0
0
0
0
0
0
0
0
0
0
0
0
0
0
0
0
0
0
0
0
10.5932
0
0
0
0
0
0
0
0
0
0
0
0
0
0
-8.881
0
0
0
0
0
0
0
0
0
0
0
0
0
0
0
8.881
0
0
0
0
0
0
0
0
-9.9906
0
0
0
0
0
0
0
0
0
0
0
0
0
0
0
0
0
0
0
0
0
9.9906
0
0
0
0
0
0
0
0
0
0
0
0
0
0
0
0
0
0
0
-0.82473
0
0
0
0
0
0
0
0
0
0
0.82473
0
0
0
0
0
0
0
-9.9906
0
0
0
0
0
0
0
0
0
0
0
0
0
0
0
0
0
0
0
0
0
0
9.9906
0
0
0
0
0
0
0
0
0
0
0
0
0
-2.5183
0
0
0
0
0
0
0
0
0
0
0
0
0
0
0
0
2.5183
0
0
0
0
0
0
0
0
0
0
0
0
0
0
0
0
0
0
0
0
0
-0.1045
0
0
0
0
0
0
0
0
0.1045
0
0
0
0
0
0
0
0
0
0
0
0
-2.5183
0
0
0
0
0
0
0
0
0
0
0
0
0
0
0
0
0
2.5183
