25.2863
-0.87628
-0.91294
-0.8735
-0.87628
-0.80406
-0.88122
-0.89667
-0.88122
-0.88122
-0.76977
-0.84902
-0.84902
-0.84902
-0.87246
-0.89337
-0.89337
-0.86664
-1.015
-1.0634
-2.0879
0
0
-6.3938
0
0
0
0
0
0
-0.87628
17.303
-0.85815
-0.818
-0.78271
-0.72738
-0.79896
-0.80755
-0.79896
-0.79896
-0.69817
-0.76875
-0.76875
-0.76875
-0.79525
-0.80597
-0.80597
-0.78465
-0.91696
-0.96466
-1.9582
0
0
0
0
0
0
0
0
0
-0.91294
-0.85815
28.7987
-0.85933
-0.85815
-0.74632
-0.80474
-0.77118
-0.80474
-0.80474
-0.70182
-0.78073
-0.78073
-0.78073
-0.79695
-0.7553
-0.7553
-0.80402
-0.95143
0
0
0
0
0
0
-7.1357
0
-7.1357
0
0
-0.8735
-0.818
-0.85933
18.5117
-0.818
-0.72981
-0.80169
-0.80798
-0.80169
-0.80169
-0.70033
-0.77126
-0.77126
-0.77126
-0.79947
-0.80559
-0.80559
-0.78751
-0.92095
-0.97071
0
0
-3.096
0
0
0
0
0
0
0
-0.87628
-0.78271
-0.85815
-0.818
17.303
-0.72738
-0.79896
-0.80755
-0.79896
-0.79896
-0.69817
-0.76875
-0.76875
-0.76875
-0.79525
-0.80597
-0.80597
-0.78465
-0.91696
-0.96466
-1.9582
0
0
0
0
0
0
0
0
0
-0.80406
-0.72738
-0.74632
-0.72981
-0.72738
14.0044
-0.72955
-0.73121
-0.72955
-0.72955
-0.63641
-0.70015
-0.70015
-0.70015
-0.72601
-0.73139
-0.73139
-0.71463
-0.83432
-0.87498
0
0
0
0
0
0
0
0
0
0
-0.88122
-0.79896
-0.80474
-0.80169
-0.79896
-0.72955
13.4357
-0.84602
-0.77231
-0.77231
-0.69396
-0.77281
-0.77281
-0.77281
-0.80582
-0.80947
-0.80947
-0.79279
0
0
0
0
0
0
0
0
0
0
0
0
-0.89667
-0.80755
-0.77118
-0.80798
-0.80755
-0.73121
-0.84602
17.6254
-0.84602
-0.84602
-0.69043
-0.76932
-0.76932
-0.76932
-0.79311
-0.77409
-0.77409
0
0
0
0
0
0
0
0
0
0
0
0
-4.9256
-0.88122
-0.79896
-0.80474
-0.80169
-0.79896
-0.72955
-0.77231
-0.84602
13.4357
-0.77231
-0.69396
-0.77281
-0.77281
-0.77281
-0.80582
-0.80947
-0.80947
-0.79279
0
0
0
0
0
0
0
0
0
0
0
0
-0.88122
-0.79896
-0.80474
-0.80169
-0.79896
-0.72955
-0.77231
-0.84602
-0.77231
13.4357
-0.69396
-0.77281
-0.77281
-0.77281
-0.80582
-0.80947
-0.80947
-0.79279
0
0
0
0
0
0
0
0
0
0
0
0
-0.76977
-0.69817
-0.70182
-0.70033
-0.69817
-0.63641
-0.69396
-0.69043
-0.69396
-0.69396
10.9834
-0.65403
-0.65403
-0.65403
-0.67962
-0.68237
-0.68237
0
0
0
0
0
0
0
0
0
0
0
0
0
-0.84902
-0.76875
-0.78073
-0.77126
-0.76875
-0.70015
-0.77281
-0.76932
-0.77281
-0.77281
-0.65403
9.9873
-0.80342
-0.80342
0
0
0
0
0
0
0
0
0
0
0
0
0
0
0
0
-0.84902
-0.76875
-0.78073
-0.77126
-0.76875
-0.70015
-0.77281
-0.76932
-0.77281
-0.77281
-0.65403
-0.80342
9.9873
-0.80342
0
0
0
0
0
0
0
0
0
0
0
0
0
0
0
0
-0.84902
-0.76875
-0.78073
-0.77126
-0.76875
-0.70015
-0.77281
-0.76932
-0.77281
-0.77281
-0.65403
-0.80342
-0.80342
9.9873
0
0
0
0
0
0
0
0
0
0
0
0
0
0
0
0
-0.87246
-0.79525
-0.79695
-0.79947
-0.79525
-0.72601
-0.80582
-0.79311
-0.80582
-0.80582
-0.67962
0
0
0
9.0534
0
0
0
0
0
0
-0.37782
0
0
0
0
0
0
0
0
-0.89337
-0.80597
-0.7553
-0.80559
-0.80597
-0.73139
-0.80947
-0.77409
-0.80947
-0.80947
-0.68237
0
0
0
0
10.4589
0
0
0
0
0
0
0
0
0
0
-1.7764
0
0
0
-0.89337
-0.80597
-0.7553
-0.80559
-0.80597
-0.73139
-0.80947
-0.77409
-0.80947
-0.80947
-0.68237
0
0
0
0
0
10.4589
0
0
0
0
0
0
0
0
0
0
0
-1.7764
0
-0.86664
-0.78465
-0.80402
-0.78751
-0.78465
-0.71463
-0.79279
0
-0.79279
-0.79279
0
0
0
0
0
0
0
7.1205
0
0
0
0
0
0
0
0
0
0
0
0
-1.015
-0.91696
-0.95143
-0.92095
-0.91696
-0.83432
0
0
0
0
0
0
0
0
0
0
0
0
5.5557
0
0
0
0
0
0
0
0
0
0
0
-1.0634
-0.96466
0
-0.97071
-0.96466
-0.87498
0
0
0
0
0
0
0
0
0
0
0
0
0
4.8384
0
0
0
0
0
0
0
0
0
0
-2.0879
-1.9582
0
0
-1.9582
0
0
0
0
0
0
0
0
0
0
0
0
0
0
0
6.0043
0
0
0
0
0
0
0
0
0
0
0
0
0
0
0
0
0
0
0
0
0
0
0
-0.37782
0
0
0
0
0
0
4.311
-2.3461
0
-1.5871
0
0
0
0
0
0
0
0
-3.096
0
0
0
0
0
0
0
0
0
0
0
0
0
0
0
0
0
-2.3461
6.4127
-0.97058
0
0
0
0
0
0
-6.3938
0
0
0
0
0
0
0
0
0
0
0
0
0
0
0
0
0
0
0
0
0
-0.97058
7.3644
0
0
0
0
0
0
0
0
0
0
0
0
0
0
0
0
0
0
0
0
0
0
0
0
0
0
0
-1.5871
0
0
1.5871
0
0
0
0
0
0
0
-7.1357
0
0
0
0
0
0
0
0
0
0
0
0
0
0
0
0
0
0
0
0
0
0
7.1357
0
0
0
0
0
0
0
0
0
0
0
0
0
0
0
0
0
0
0
-1.7764
0
0
0
0
0
0
0
0
0
0
1.7764
0
0
0
0
0
-7.1357
0
0
0
0
0
0
0
0
0
0
0
0
0
0
0
0
0
0
0
0
0
0
0
0
7.1357
0
0
0
0
0
0
0
0
0
0
0
0
0
0
0
0
0
0
-1.7764
0
0
0
0
0
0
0
0
0
0
0
1.7764
0
0
0
0
0
0
0
0
-4.9256
0
0
0
0
0
0
0
0
0
0
0
0
0
0
0
0
0
0
0
0
0
4.9256
