23.5434
-0.56586
-0.56586
-0.59299
-0.58196
-0.58558
-0.56474
-0.58474
-0.61576
-0.61576
-0.62664
-0.62664
-0.54317
-0.65626
-0.74438
-0.74438
-0.40193
-0.40193
-0.71401
-1.128
-1.128
-0.17064
0
0
0
0
0
0
-10.3842
0
-0.56586
12.6914
-0.54921
-0.58345
-0.58133
-0.57286
-0.55277
-0.57205
-0.60192
-0.60192
-0.6124
-0.6124
-0.53194
-0.66247
-0.76076
-0.76076
-0.39174
-0.39174
-0.6046
-1.0906
-1.0906
0
0
0
0
0
0
0
0
0
-0.56586
-0.54921
12.6914
-0.58345
-0.58133
-0.57286
-0.55277
-0.57205
-0.60192
-0.60192
-0.6124
-0.6124
-0.53194
-0.66247
-0.76076
-0.76076
-0.39174
-0.39174
-0.6046
-1.0906
-1.0906
0
0
0
0
0
0
0
0
0
-0.59299
-0.58345
-0.58345
17.8444
-0.60686
-0.59379
-0.57247
-0.59293
-0.6247
-0.6247
-0.63586
-0.63586
-0.55041
-0.68895
0
0
-0.40803
-0.40803
0
0
0
0
0
0
0
-9.1419
0
0
0
0
-0.58196
-0.58133
-0.58133
-0.60686
27.0876
-0.59824
-0.57666
-0.59737
-0.62955
-0.62955
-0.64086
-0.64086
-0.55433
-0.65405
0
0
0
0
0
0
0
0
-9.6073
0
-9.6073
0
0
0
0
0
-0.58558
-0.57286
-0.57286
-0.59379
-0.59824
7.1113
-0.56611
-0.58618
-0.61733
-0.61733
-0.62827
-0.62827
-0.54445
0
0
0
0
0
0
0
0
0
0
0
0
0
0
0
0
0
-0.56474
-0.55277
-0.55277
-0.57247
-0.57666
-0.56611
6.3214
-0.56009
-0.58891
-0.58891
-0.599
-0.599
0
0
0
0
0
0
0
0
0
0
0
0
0
0
0
0
0
0
-0.58474
-0.57205
-0.57205
-0.59293
-0.59737
-0.58618
-0.56009
5.2661
-0.60034
-0.60034
0
0
0
0
0
0
0
0
0
0
0
0
0
0
0
0
0
0
0
0
-0.61576
-0.60192
-0.60192
-0.6247
-0.62955
-0.61733
-0.58891
-0.60034
4.8804
0
0
0
0
0
0
0
0
0
0
0
0
0
0
0
0
0
0
0
0
0
-0.61576
-0.60192
-0.60192
-0.6247
-0.62955
-0.61733
-0.58891
-0.60034
0
4.8804
0
0
0
0
0
0
0
0
0
0
0
0
0
0
0
0
0
0
0
0
-0.62664
-0.6124
-0.6124
-0.63586
-0.64086
-0.62827
-0.599
0
0
0
4.3554
0
0
0
0
0
0
0
0
0
0
0
0
0
0
0
0
0
0
0
-0.62664
-0.6124
-0.6124
-0.63586
-0.64086
-0.62827
-0.599
0
0
0
0
4.3554
0
0
0
0
0
0
0
0
0
0
0
0
0
0
0
0
0
0
-0.54317
-0.53194
-0.53194
-0.55041
-0.55433
-0.54445
0
0
0
0
0
0
3.2563
0
0
0
0
0
0
0
0
0
0
0
0
0
0
0
0
0
-0.65626
-0.66247
-0.66247
-0.68895
-0.65405
0
0
0
0
0
0
0
0
6.3382
0
0
0
0
0
0
0
0
0
-3.014
0
0
0
0
0
0
-0.74438
-0.76076
-0.76076
0
0
0
0
0
0
0
0
0
0
0
2.7971
0
0
0
0
0
0
0
0
0
0
0
0
0
0
-0.53124
-0.74438
-0.76076
-0.76076
0
0
0
0
0
0
0
0
0
0
0
0
2.7971
0
0
0
0
0
0
0
0
0
0
-0.53124
0
0
0
-0.40193
-0.39174
-0.39174
-0.40803
0
0
0
0
0
0
0
0
0
0
0
0
1.5934
0
0
0
0
0
0
0
0
0
0
0
0
0
-0.40193
-0.39174
-0.39174
-0.40803
0
0
0
0
0
0
0
0
0
0
0
0
0
1.5934
0
0
0
0
0
0
0
0
0
0
0
0
-0.71401
-0.6046
-0.6046
0
0
0
0
0
0
0
0
0
0
0
0
0
0
0
3.3518
0
0
-1.4286
0
0
0
0
0
0
0
0
-1.128
-1.0906
-1.0906
0
0
0
0
0
0
0
0
0
0
0
0
0
0
0
0
3.3092
0
0
0
0
0
0
0
0
0
0
-1.128
-1.0906
-1.0906
0
0
0
0
0
0
0
0
0
0
0
0
0
0
0
0
0
3.3092
0
0
0
0
0
0
0
0
0
-0.17064
0
0
0
0
0
0
0
0
0
0
0
0
0
0
0
0
0
-1.4286
0
0
1.7038
0
0
0
0
0
-0.1045
0
0
0
0
0
0
-9.6073
0
0
0
0
0
0
0
0
0
0
0
0
0
0
0
0
0
9.6073
0
0
0
0
0
0
0
0
0
0
0
0
0
0
0
0
0
0
0
0
-3.014
0
0
0
0
0
0
0
0
0
3.014
0
0
0
0
0
0
0
0
0
0
-9.6073
0
0
0
0
0
0
0
0
0
0
0
0
0
0
0
0
0
0
0
9.6073
0
0
0
0
0
0
0
0
-9.1419
0
0
0
0
0
0
0
0
0
0
0
0
0
0
0
0
0
0
0
0
0
9.1419
0
0
0
0
0
0
0
0
0
0
0
0
0
0
0
0
0
0
0
-0.53124
0
0
0
0
0
0
0
0
0
0
0.53124
0
0
0
0
0
0
0
0
0
0
0
0
0
0
0
0
0
0
0
0
0
0
0
0
-0.1045
0
0
0
0
0
0.1045
0
0
-10.3842
0
0
0
0
0
0
0
0
0
0
0
0
0
0
0
0
0
0
0
0
0
0
0
0
0
0
0
10.3842
0
0
0
0
0
0
0
0
0
0
0
0
0
0
0
-0.53124
0
0
0
0
0
0
0
0
0
0
0
0
0
0
0.53124
