22.1695
-1.0617
-1.0892
-1.0546
-0.94338
-0.93631
-0.94338
-0.94338
-0.92234
-0.92234
-0.7305
-0.7305
-0.7305
-0.7305
-0.7305
-0.79268
-0.69177
-0.8096
-1.0376
0
0
0
0
0
0
0
0
0
-6.3686
0
-1.0617
22.1695
-1.0892
-1.0546
-0.94338
-0.93631
-0.94338
-0.94338
-0.92234
-0.92234
-0.7305
-0.7305
-0.7305
-0.7305
-0.7305
-0.79268
-0.69177
-0.8096
-1.0376
0
0
0
0
0
0
-6.3686
0
0
0
0
-1.0892
-1.0892
22.9313
-1.0559
-0.94659
-0.95819
-0.94659
-0.94659
-0.94282
-0.94282
-0.73299
-0.73299
-0.73299
-0.73299
-0.73299
-0.79311
-0.6937
-0.81251
0
-1.8772
0
0
0
0
0
0
-6.1719
0
0
0
-1.0546
-1.0546
-1.0559
17.5211
-0.93819
-0.94495
-0.93819
-0.93819
-0.91036
-0.91036
-0.72183
-0.72183
-0.72183
-0.72183
-0.72183
-0.78938
-0.6837
-0.79946
-1.0099
-1.8841
0
0
0
0
0
0
0
0
0
0
-0.94338
-0.94338
-0.94659
-0.93819
18.8661
-0.83286
-0.8377
-0.8377
-0.83405
-0.83405
-0.63654
-0.63654
-0.63654
-0.63654
-0.63654
-0.68696
-0.60034
-0.70375
0
0
0
0
0
-5.7445
0
0
0
0
0
0
-0.93631
-0.93631
-0.95819
-0.94495
-0.83286
15.2837
-0.83286
-0.83286
-0.82507
-0.82507
-0.6303
-0.6303
-0.6303
-0.6303
-0.6303
-0.68377
-0.59449
-0.69662
0
0
0
0
-2.2329
0
0
0
0
0
0
0
-0.94338
-0.94338
-0.94659
-0.93819
-0.8377
-0.83286
18.8661
-0.8377
-0.83405
-0.83405
-0.63654
-0.63654
-0.63654
-0.63654
-0.63654
-0.68696
-0.60034
-0.70375
0
0
0
0
0
0
0
0
0
0
0
-5.7445
-0.94338
-0.94338
-0.94659
-0.93819
-0.8377
-0.83286
-0.8377
18.8661
-0.83405
-0.83405
-0.63654
-0.63654
-0.63654
-0.63654
-0.63654
-0.68696
-0.60034
-0.70375
0
0
0
0
0
0
-5.7445
0
0
0
0
0
-0.92234
-0.92234
-0.94282
-0.91036
-0.83405
-0.82507
-0.83405
-0.83405
13.8087
-0.77758
-0.62907
-0.62907
-0.62907
-0.62907
-0.62907
-0.68847
-0.59422
-0.69572
-0.88227
0
0
0
0
0
0
0
0
0
0
0
-0.92234
-0.92234
-0.94282
-0.91036
-0.83405
-0.82507
-0.83405
-0.83405
-0.77758
13.8087
-0.62907
-0.62907
-0.62907
-0.62907
-0.62907
-0.68847
-0.59422
-0.69572
-0.88227
0
0
0
0
0
0
0
0
0
0
0
-0.7305
-0.7305
-0.73299
-0.72183
-0.63654
-0.6303
-0.63654
-0.63654
-0.62907
-0.62907
10.1754
-0.47919
-0.47919
-0.47919
-0.47919
-0.54193
-0.45892
-0.5439
0
0
0
0
0
0
0
0
0
0
0
0
-0.7305
-0.7305
-0.73299
-0.72183
-0.63654
-0.6303
-0.63654
-0.63654
-0.62907
-0.62907
-0.47919
10.1754
-0.47919
-0.47919
-0.47919
-0.54193
-0.45892
-0.5439
0
0
0
0
0
0
0
0
0
0
0
0
-0.7305
-0.7305
-0.73299
-0.72183
-0.63654
-0.6303
-0.63654
-0.63654
-0.62907
-0.62907
-0.47919
-0.47919
10.1754
-0.47919
-0.47919
-0.54193
-0.45892
-0.5439
0
0
0
0
0
0
0
0
0
0
0
0
-0.7305
-0.7305
-0.73299
-0.72183
-0.63654
-0.6303
-0.63654
-0.63654
-0.62907
-0.62907
-0.47919
-0.47919
-0.47919
10.1754
-0.47919
-0.54193
-0.45892
-0.5439
0
0
0
0
0
0
0
0
0
0
0
0
-0.7305
-0.7305
-0.73299
-0.72183
-0.63654
-0.6303
-0.63654
-0.63654
-0.62907
-0.62907
-0.47919
-0.47919
-0.47919
-0.47919
10.1754
-0.54193
-0.45892
-0.5439
0
0
0
0
0
0
0
0
0
0
0
0
-0.79268
-0.79268
-0.79311
-0.78938
-0.68696
-0.68377
-0.68696
-0.68696
-0.68847
-0.68847
-0.54193
-0.54193
-0.54193
-0.54193
-0.54193
15.3426
-0.41753
0
0
0
0
0
0
0
0
0
0
-4.926
0
0
-0.69177
-0.69177
-0.6937
-0.6837
-0.60034
-0.59449
-0.60034
-0.60034
-0.59422
-0.59422
-0.45892
-0.45892
-0.45892
-0.45892
-0.45892
-0.41753
9.057
0
0
0
0
0
0
0
0
0
0
0
0
0
-0.8096
-0.8096
-0.81251
-0.79946
-0.70375
-0.69662
-0.70375
-0.70375
-0.69572
-0.69572
-0.5439
-0.5439
-0.5439
-0.5439
-0.5439
0
0
10.15
0
0
0
0
0
0
0
0
0
0
0
0
-1.0376
-1.0376
0
-1.0099
0
0
0
0
-0.88227
-0.88227
0
0
0
0
0
0
0
0
4.8496
0
0
0
0
0
0
0
0
0
0
0
0
0
-1.8772
-1.8841
0
0
0
0
0
0
0
0
0
0
0
0
0
0
0
4.4885
0
-0.72715
0
0
0
0
0
0
0
0
0
0
0
0
0
0
0
0
0
0
0
0
0
0
0
0
0
0
0
0
7.4581
-5.2502
-2.2079
0
0
0
0
0
0
0
0
0
0
0
0
0
0
0
0
0
0
0
0
0
0
0
0
0
0
-0.72715
-5.2502
5.9773
0
0
0
0
0
0
0
0
0
0
0
0
0
-2.2329
0
0
0
0
0
0
0
0
0
0
0
0
0
0
-2.2079
0
4.4408
0
0
0
0
0
0
0
0
0
0
0
-5.7445
0
0
0
0
0
0
0
0
0
0
0
0
0
0
0
0
0
0
5.7445
0
0
0
0
0
0
0
0
0
0
0
0
0
-5.7445
0
0
0
0
0
0
0
0
0
0
0
0
0
0
0
0
5.7445
0
0
0
0
0
0
-6.3686
0
0
0
0
0
0
0
0
0
0
0
0
0
0
0
0
0
0
0
0
0
0
0
6.3686
0
0
0
0
0
0
-6.1719
0
0
0
0
0
0
0
0
0
0
0
0
0
0
0
0
0
0
0
0
0
0
0
6.1719
0
0
0
0
0
0
0
0
0
0
0
0
0
0
0
0
0
0
-4.926
0
0
0
0
0
0
0
0
0
0
0
4.926
0
0
-6.3686
0
0
0
0
0
0
0
0
0
0
0
0
0
0
0
0
0
0
0
0
0
0
0
0
0
0
0
6.3686
0
0
0
0
0
0
0
-5.7445
0
0
0
0
0
0
0
0
0
0
0
0
0
0
0
0
0
0
0
0
0
0
5.7445
