13.9976
-0.77273
-0.77273
-0.66648
-0.66549
-0.70604
-0.70604
-0.7561
-0.8623
-0.80828
-0.78075
-0.91023
-0.78333
-0.64555
-0.64555
-0.95588
0
-0.81713
0
-1.1337
-0.60927
0
0
0
0
0
0
0
0
0
-0.77273
14.4393
-0.7399
-0.67801
-0.66745
-0.70818
-0.70818
-0.75902
-0.86049
-0.80462
-0.77972
-0.91606
-0.76785
-0.6529
-0.6529
-0.95907
-1.0485
-0.78818
0
-1.1756
0
0
0
0
0
0
0
0
0
0
-0.77273
-0.7399
14.4393
-0.67801
-0.66745
-0.70818
-0.70818
-0.75902
-0.86049
-0.80462
-0.77972
-0.91606
-0.76785
-0.6529
-0.6529
-0.95907
-1.0485
-0.78818
0
-1.1756
0
0
0
0
0
0
0
0
0
0
-0.66648
-0.67801
-0.67801
11.3073
-0.59295
-0.61379
-0.61379
-0.65709
-0.74466
-0.70032
-0.67802
-0.78577
-0.6838
-0.56041
-0.56041
-0.84832
0
-0.70053
0
0
-0.54492
0
0
0
0
0
0
0
0
0
-0.66549
-0.66745
-0.66745
-0.59295
11.7784
-0.61509
-0.61509
-0.66041
-0.75428
-0.70588
-0.6812
-0.79649
-0.67596
-0.5632
-0.5632
-0.83421
0
-0.70141
0
-1.0187
0
0
0
0
0
0
0
0
0
0
-0.70604
-0.70818
-0.70818
-0.61379
-0.61509
10.8482
-0.63484
-0.69123
-0.78102
-0.73486
-0.71179
-0.84532
-0.71897
-0.58905
-0.58905
0
0
0
0
0
0
-1.2008
0
0
0
0
0
0
0
0
-0.70604
-0.70818
-0.70818
-0.61379
-0.61509
-0.63484
10.8482
-0.69123
-0.78102
-0.73486
-0.71179
-0.84532
-0.71897
-0.58905
-0.58905
0
0
0
0
0
0
-1.2008
0
0
0
0
0
0
0
0
-0.7561
-0.75902
-0.75902
-0.65709
-0.66041
-0.69123
-0.69123
8.6691
-0.8284
-0.77888
-0.71441
0
0
-0.68665
-0.68665
0
0
0
0
0
0
0
0
0
0
0
0
0
0
0
-0.8623
-0.86049
-0.86049
-0.74466
-0.75428
-0.78102
-0.78102
-0.8284
18.9288
-0.81368
-0.68665
0
0
0
0
0
0
0
0
0
0
0
0
0
0
0
0
0
-10.9558
0
-0.80828
-0.80462
-0.80462
-0.70032
-0.70588
-0.73486
-0.73486
-0.77888
-0.81368
12.3647
-0.64908
0
0
0
0
0
0
0
0
0
0
0
0
0
-4.8296
0
0
0
0
0
-0.78075
-0.77972
-0.77972
-0.67802
-0.6812
-0.71179
-0.71179
-0.71441
-0.68665
-0.64908
7.1731
0
0
0
0
0
0
0
0
0
0
0
0
0
0
0
0
0
0
0
-0.91023
-0.91606
-0.91606
-0.78577
-0.79649
-0.84532
-0.84532
0
0
0
0
7.2492
0
0
0
0
-1.2339
0
0
0
0
0
0
0
0
0
0
0
0
0
-0.78333
-0.76785
-0.76785
-0.6838
-0.67596
-0.71897
-0.71897
0
0
0
0
0
5.6249
0
0
0
0
0
-0.50817
0
0
0
0
0
0
0
0
0
0
0
-0.64555
-0.6529
-0.6529
-0.56041
-0.5632
-0.58905
-0.58905
-0.68665
0
0
0
0
0
4.9397
0
0
0
0
0
0
0
0
0
0
0
0
0
0
0
0
-0.64555
-0.6529
-0.6529
-0.56041
-0.5632
-0.58905
-0.58905
-0.68665
0
0
0
0
0
0
4.9397
0
0
0
0
0
0
0
0
0
0
0
0
0
0
0
-0.95588
-0.95907
-0.95907
-0.84832
-0.83421
0
0
0
0
0
0
0
0
0
0
6.0966
0
0
0
0
0
-1.54
0
0
0
0
0
0
0
0
0
-1.0485
-1.0485
0
0
0
0
0
0
0
0
-1.2339
0
0
0
0
9.3139
0
0
0
0
0
-1.0601
0
0
0
0
0
0
-4.9228
-0.81713
-0.78818
-0.78818
-0.70053
-0.70141
0
0
0
0
0
0
0
0
0
0
0
0
3.7954
0
0
0
0
0
0
0
0
0
0
0
0
0
0
0
0
0
0
0
0
0
0
0
0
-0.50817
0
0
0
0
0
9.755
0
-0.76077
0
0
-4.9562
0
0
-3.5299
0
0
0
-1.1337
-1.1756
-1.1756
0
-1.0187
0
0
0
0
0
0
0
0
0
0
0
0
0
0
4.5036
0
0
0
0
0
0
0
0
0
0
-0.60927
0
0
-0.54492
0
0
0
0
0
0
0
0
0
0
0
0
0
0
-0.76077
0
2.2984
0
-0.38347
0
0
0
0
0
0
0
0
0
0
0
0
-1.2008
-1.2008
0
0
0
0
0
0
0
0
-1.54
0
0
0
0
0
7.2889
0
0
0
0
0
-3.3472
0
0
0
0
0
0
0
0
0
0
0
0
0
0
0
0
0
0
-1.0601
0
0
0
-0.38347
0
1.8368
0
0
-0.39315
0
0
0
0
0
0
0
0
0
0
0
0
0
0
0
0
0
0
0
0
0
0
-4.9562
0
0
0
0
6.2708
-1.3146
0
0
0
0
0
0
0
0
0
0
0
0
0
0
-4.8296
0
0
0
0
0
0
0
0
0
0
0
0
0
-1.3146
6.1442
0
0
0
0
0
0
0
0
0
0
0
0
0
0
0
0
0
0
0
0
0
0
0
0
0
0
0
-0.39315
0
0
0.39315
0
0
0
0
0
0
0
0
0
0
0
0
0
0
0
0
0
0
0
0
0
0
-3.5299
0
0
0
0
0
0
0
3.5299
0
0
0
0
0
0
0
0
0
0
0
0
0
0
0
0
0
0
0
0
0
0
0
0
-3.3472
0
0
0
0
0
3.3472
0
0
0
0
0
0
0
0
0
0
-10.9558
0
0
0
0
0
0
0
0
0
0
0
0
0
0
0
0
0
0
0
10.9558
0
0
0
0
0
0
0
0
0
0
0
0
0
0
0
0
0
-4.9228
0
0
0
0
0
0
0
0
0
0
0
0
4.9228
