20.4666
-0.58877
-0.5835
-0.58796
-0.58609
-0.57554
-0.58731
-0.58409
-0.58866
-0.58342
-0.59023
-0.59763
-0.60049
0
-0.59548
0
0
0
0
0
0
-4.2725
0
0
0
-4.2725
-4.2725
0
0
0
-0.58877
9.365
-0.58945
-0.59071
-0.58986
-0.58091
-0.59092
-0.58936
-0.59204
-0.58855
-0.59273
-0.60038
-0.60253
0
-0.59384
0
0
0
0
-1.675
0
0
0
0
0
0
0
0
0
0
-0.5835
-0.58945
12.3663
-0.58857
-0.5863
-0.57689
-0.58783
-0.58482
-0.58908
-0.58464
-0.5902
-0.59826
0
0
0
0
0
0
0
0
0
0
0
-2.9534
0
0
0
-2.9534
0
0
-0.58796
-0.59071
-0.58857
7.6692
-0.58846
-0.58096
-0.58936
-0.58767
-0.59042
-0.58705
-0.59061
-0.59764
-0.59939
0
-0.5904
0
0
0
0
0
0
0
0
0
0
0
0
0
0
0
-0.58609
-0.58986
-0.5863
-0.58846
7.1031
-0.57972
-0.58814
-0.58665
-0.58901
-0.58498
-0.58904
-0.5964
0
-0.63848
0
0
0
0
0
0
0
0
0
0
0
0
0
0
0
0
-0.57554
-0.58091
-0.57689
-0.58096
-0.57972
16.2679
-0.58123
0
-0.58285
0
0
0
0
-0.64923
0
0
0
0
0
0
-3.8535
0
-3.8535
0
-3.8535
0
0
0
0
0
-0.58731
-0.59092
-0.58783
-0.58936
-0.58814
-0.58123
5.8756
-0.58637
-0.58932
-0.58605
-0.58903
0
0
0
0
0
0
0
0
0
0
0
0
0
0
0
0
0
0
0
-0.58409
-0.58936
-0.58482
-0.58767
-0.58665
0
-0.58637
6.4876
0
0
0
0
0
0
0
0
-2.4057
0
0
0
0
0
0
0
0
0
0
0
-0.56293
0
-0.58866
-0.59204
-0.58908
-0.59042
-0.58901
-0.58285
-0.58932
0
4.1214
0
0
0
0
0
0
0
0
0
0
0
0
0
0
0
0
0
0
0
0
0
-0.58342
-0.58855
-0.58464
-0.58705
-0.58498
0
-0.58605
0
0
4.0669
0
0
0
0
0
0
0
0
0
0
0
0
0
0
0
0
0
0
0
-0.55225
-0.59023
-0.59273
-0.5902
-0.59061
-0.58904
0
-0.58903
0
0
0
3.5418
0
0
0
0
0
0
0
0
0
0
0
0
0
0
0
0
0
0
0
-0.59763
-0.60038
-0.59826
-0.59764
-0.5964
0
0
0
0
0
0
2.9903
0
0
0
0
0
0
0
0
0
0
0
0
0
0
0
0
0
0
-0.60049
-0.60253
0
-0.59939
0
0
0
0
0
0
0
0
2.3918
0
0
-0.58941
0
0
0
0
0
0
0
0
0
0
0
0
0
0
0
0
0
0
-0.63848
-0.64923
0
0
0
0
0
0
0
1.8865
0
0
0
0
-0.59883
0
0
0
0
0
0
0
0
0
0
0
-0.59548
-0.59384
0
-0.5904
0
0
0
0
0
0
0
0
0
0
1.7797
0
0
0
0
0
0
0
0
0
0
0
0
0
0
0
0
0
0
0
0
0
0
0
0
0
0
0
-0.58941
0
0
3.0281
-0.68617
-1.7525
0
0
0
0
0
0
0
0
0
0
0
0
0
0
0
0
0
0
0
-2.4057
0
0
0
0
0
0
0
-0.68617
3.0919
0
0
0
0
0
0
0
0
0
0
0
0
0
0
0
0
0
0
0
0
0
0
0
0
0
0
0
0
-1.7525
0
3.7895
-2.037
0
0
0
0
0
0
0
0
0
0
0
0
0
0
0
0
0
0
0
0
0
0
0
0
-0.59883
0
0
0
-2.037
2.6358
0
0
0
0
0
0
0
0
0
0
0
0
-1.675
0
0
0
0
0
0
0
0
0
0
0
0
0
0
0
0
0
1.675
0
0
0
0
0
0
0
0
0
0
0
0
0
0
0
-3.8535
0
0
0
0
0
0
0
0
0
0
0
0
0
0
3.8535
0
0
0
0
0
0
0
0
0
-4.2725
0
0
0
0
0
0
0
0
0
0
0
0
0
0
0
0
0
0
0
0
4.2725
0
0
0
0
0
0
0
0
0
0
0
0
0
-3.8535
0
0
0
0
0
0
0
0
0
0
0
0
0
0
0
0
3.8535
0
0
0
0
0
0
0
0
0
-2.9534
0
0
0
0
0
0
0
0
0
0
0
0
0
0
0
0
0
0
0
0
2.9534
0
0
0
0
0
0
0
0
0
0
0
-3.8535
0
0
0
0
0
0
0
0
0
0
0
0
0
0
0
0
0
0
3.8535
0
0
0
0
0
-4.2725
0
0
0
0
0
0
0
0
0
0
0
0
0
0
0
0
0
0
0
0
0
0
0
0
4.2725
0
0
0
0
-4.2725
0
0
0
0
0
0
0
0
0
0
0
0
0
0
0
0
0
0
0
0
0
0
0
0
0
4.2725
0
0
0
0
0
-2.9534
0
0
0
0
0
0
0
0
0
0
0
0
0
0
0
0
0
0
0
0
0
0
0
0
2.9534
0
0
0
0
0
0
0
0
0
-0.56293
0
0
0
0
0
0
0
0
0
0
0
0
0
0
0
0
0
0
0
0
0.56293
0
0
0
0
0
0
0
0
0
0
-0.55225
0
0
0
0
0
0
0
0
0
0
0
0
0
0
0
0
0
0
0
0.55225
