24.6371
-0.80102
-0.80102
-0.80102
-0.76484
-0.76484
-0.74536
-0.81666
-0.81666
-0.81666
-0.82105
-0.73842
-0.73842
-0.76257
-0.73346
-0.77018
-0.77873
-0.55099
-0.68076
-0.88877
-0.83015
0
0
0
0
-9.2155
0
0
0
0
-0.80102
14.8409
-0.76387
-0.76387
-0.73879
-0.73879
-0.71586
-0.78152
-0.78152
-0.78152
-0.78666
-0.70807
-0.70807
-0.7331
-0.70339
-0.73741
-0.75181
-0.55348
-0.66586
-0.84166
-0.7846
0
0
0
0
0
0
0
0
0
-0.80102
-0.76387
14.8409
-0.76387
-0.73879
-0.73879
-0.71586
-0.78152
-0.78152
-0.78152
-0.78666
-0.70807
-0.70807
-0.7331
-0.70339
-0.73741
-0.75181
-0.55348
-0.66586
-0.84166
-0.7846
0
0
0
0
0
0
0
0
0
-0.80102
-0.76387
-0.76387
14.8409
-0.73879
-0.73879
-0.71586
-0.78152
-0.78152
-0.78152
-0.78666
-0.70807
-0.70807
-0.7331
-0.70339
-0.73741
-0.75181
-0.55348
-0.66586
-0.84166
-0.7846
0
0
0
0
0
0
0
0
0
-0.76484
-0.73879
-0.73879
-0.73879
21.0714
-0.69721
-0.68693
-0.74099
-0.74099
-0.74099
-0.73731
-0.67312
-0.67312
-0.68967
-0.66858
-0.70015
-0.70257
-0.50581
-0.61954
0
0
0
0
0
-8.5133
0
0
0
0
0
-0.76484
-0.73879
-0.73879
-0.73879
-0.69721
21.0714
-0.68693
-0.74099
-0.74099
-0.74099
-0.73731
-0.67312
-0.67312
-0.68967
-0.66858
-0.70015
-0.70257
-0.50581
-0.61954
0
0
0
0
-8.5133
0
0
0
0
0
0
-0.74536
-0.71586
-0.71586
-0.71586
-0.68693
-0.68693
13.1064
-0.72409
-0.72409
-0.72409
-0.72396
-0.65848
-0.65848
-0.67812
-0.65417
-0.68428
-0.69441
-0.51819
-0.61907
-0.77817
0
0
0
0
0
0
0
0
0
0
-0.81666
-0.78152
-0.78152
-0.78152
-0.74099
-0.74099
-0.72409
12.2278
-0.78049
-0.78049
-0.84462
-0.71986
-0.71986
-0.76412
-0.71562
-0.75505
-0.78041
0
0
0
0
0
0
0
0
0
0
0
0
0
-0.81666
-0.78152
-0.78152
-0.78152
-0.74099
-0.74099
-0.72409
-0.78049
12.2278
-0.78049
-0.84462
-0.71986
-0.71986
-0.76412
-0.71562
-0.75505
-0.78041
0
0
0
0
0
0
0
0
0
0
0
0
0
-0.81666
-0.78152
-0.78152
-0.78152
-0.74099
-0.74099
-0.72409
-0.78049
-0.78049
12.2278
-0.84462
-0.71986
-0.71986
-0.76412
-0.71562
-0.75505
-0.78041
0
0
0
0
0
0
0
0
0
0
0
0
0
-0.82105
-0.78666
-0.78666
-0.78666
-0.73731
-0.73731
-0.72396
-0.84462
-0.84462
-0.84462
18.0429
-0.71695
-0.71695
-0.75349
-0.71113
-0.75007
0
0
0
0
0
0
0
0
0
0
0
0
0
-6.4808
-0.73842
-0.70807
-0.70807
-0.70807
-0.67312
-0.67312
-0.65848
-0.71986
-0.71986
-0.71986
-0.71695
10.3459
-0.63568
-0.66878
-0.63216
-0.66534
0
0
0
0
0
0
0
0
0
0
0
0
0
0
-0.73842
-0.70807
-0.70807
-0.70807
-0.67312
-0.67312
-0.65848
-0.71986
-0.71986
-0.71986
-0.71695
-0.63568
10.3459
-0.66878
-0.63216
-0.66534
0
0
0
0
0
0
0
0
0
0
0
0
0
0
-0.76257
-0.7331
-0.7331
-0.7331
-0.68967
-0.68967
-0.67812
-0.76412
-0.76412
-0.76412
-0.75349
-0.66878
-0.66878
15.8066
-0.62805
0
0
0
0
0
0
0
-5.7758
0
0
0
0
0
0
0
-0.73346
-0.70339
-0.70339
-0.70339
-0.66858
-0.66858
-0.65417
-0.71562
-0.71562
-0.71562
-0.71113
-0.63216
-0.63216
-0.62805
9.5853
0
0
0
0
0
0
0
0
0
0
0
0
0
0
0
-0.77018
-0.73741
-0.73741
-0.73741
-0.70015
-0.70015
-0.68428
-0.75505
-0.75505
-0.75505
-0.75007
-0.66534
-0.66534
0
0
9.4129
0
0
0
0
0
0
0
0
0
0
0
0
0
0
-0.77873
-0.75181
-0.75181
-0.75181
-0.70257
-0.70257
-0.69441
-0.78041
-0.78041
-0.78041
0
0
0
0
0
0
9.4645
0
0
0
0
0
0
0
0
0
0
-1.9896
0
0
-0.55099
-0.55348
-0.55348
-0.55348
-0.50581
-0.50581
-0.51819
0
0
0
0
0
0
0
0
0
0
13.5177
0
0
0
-4.8883
0
0
0
0
0
0
-4.8883
0
-0.68076
-0.66586
-0.66586
-0.66586
-0.61954
-0.61954
-0.61907
0
0
0
0
0
0
0
0
0
0
0
4.641
0
0
0
0
0
0
0
-0.1045
0
0
0
-0.88877
-0.84166
-0.84166
-0.84166
0
0
-0.77817
0
0
0
0
0
0
0
0
0
0
0
0
4.1919
0
0
0
0
0
0
0
0
0
0
-0.83015
-0.7846
-0.7846
-0.7846
0
0
0
0
0
0
0
0
0
0
0
0
0
0
0
0
3.1839
0
0
0
0
0
0
0
0
0
0
0
0
0
0
0
0
0
0
0
0
0
0
0
0
0
0
-4.8883
0
0
0
4.8883
0
0
0
0
0
0
0
0
0
0
0
0
0
0
0
0
0
0
0
0
0
-5.7758
0
0
0
0
0
0
0
0
5.7758
0
0
0
0
0
0
0
0
0
0
0
0
-8.5133
0
0
0
0
0
0
0
0
0
0
0
0
0
0
0
0
0
8.5133
0
0
0
0
0
0
0
0
0
0
-8.5133
0
0
0
0
0
0
0
0
0
0
0
0
0
0
0
0
0
0
0
8.5133
0
0
0
0
0
-9.2155
0
0
0
0
0
0
0
0
0
0
0
0
0
0
0
0
0
0
0
0
0
0
0
0
9.2155
0
0
0
0
0
0
0
0
0
0
0
0
0
0
0
0
0
0
0
0
0
0
-0.1045
0
0
0
0
0
0
0
0.1045
0
0
0
0
0
0
0
0
0
0
0
0
0
0
0
0
0
0
0
-1.9896
0
0
0
0
0
0
0
0
0
0
1.9896
0
0
0
0
0
0
0
0
0
0
0
0
0
0
0
0
0
0
0
-4.8883
0
0
0
0
0
0
0
0
0
0
4.8883
0
0
0
0
0
0
0
0
0
0
0
-6.4808
0
0
0
0
0
0
0
0
0
0
0
0
0
0
0
0
0
0
6.4808
