16.3233
-0.81139
-0.81139
-0.74599
-0.78077
-0.75889
-0.75889
-0.80335
-0.82808
-0.77679
-0.76599
-0.76599
-0.77041
-0.77041
-0.81966
-0.73907
-0.96375
-0.96375
-0.90312
-1.3741
-0.4115
0
0
0
0
0
0
0
0
0
-0.81139
16.8014
-0.79003
-0.74835
-0.78932
-0.76278
-0.76278
-0.80795
-0.8362
-0.78502
-0.7692
-0.7692
-0.77364
-0.77364
-0.82313
-0.75941
-0.96529
-0.96529
-0.88157
-1.3895
0
0
-0.83776
0
0
0
0
0
0
0
-0.81139
-0.79003
16.8014
-0.74835
-0.78932
-0.76278
-0.76278
-0.80795
-0.8362
-0.78502
-0.7692
-0.7692
-0.77364
-0.77364
-0.82313
-0.75941
-0.96529
-0.96529
-0.88157
-1.3895
0
0
-0.83776
0
0
0
0
0
0
0
-0.74599
-0.74835
-0.74835
14.9146
-0.73059
-0.70917
-0.70917
-0.751
-0.77544
-0.73044
-0.71522
-0.71522
-0.71932
-0.71932
-0.76499
-0.69675
-0.89533
-0.89533
-0.82787
-1.3167
0
0
0
0
0
0
0
0
0
0
-0.78077
-0.78932
-0.78932
-0.73059
14.8361
-0.74731
-0.74731
-0.79168
-0.8174
-0.76963
-0.75463
-0.75463
-0.75897
-0.75897
-0.80741
-0.73312
-0.94849
-0.94849
0
0
0
0
0
-1.408
0
0
0
0
0
0
-0.75889
-0.76278
-0.76278
-0.70917
-0.74731
12.9234
-0.70769
-0.76137
-0.78523
-0.74156
-0.72166
-0.72166
-0.7258
-0.7258
-0.77191
-0.70848
-0.90568
-0.90568
0
0
0
0
0
0
0
0
0
0
0
0
-0.75889
-0.76278
-0.76278
-0.70917
-0.74731
-0.70769
12.9234
-0.76137
-0.78523
-0.74156
-0.72166
-0.72166
-0.7258
-0.7258
-0.77191
-0.70848
-0.90568
-0.90568
0
0
0
0
0
0
0
0
0
0
0
0
-0.80335
-0.80795
-0.80795
-0.751
-0.79168
-0.76137
-0.76137
11.7103
-0.8759
-0.82964
-0.74201
-0.74201
-0.74628
-0.74628
-0.79382
-0.74964
0
0
0
0
0
0
0
0
0
0
0
0
0
0
-0.82808
-0.8362
-0.8362
-0.77544
-0.8174
-0.78523
-0.78523
-0.8759
24.3621
-0.86351
-0.76204
-0.76204
-0.76643
-0.76643
-0.8154
0
0
0
0
0
0
0
0
0
0
0
-13.0866
0
0
0
-0.77679
-0.78502
-0.78502
-0.73044
-0.76963
-0.74156
-0.74156
-0.82964
-0.86351
12.0854
-0.72326
-0.72326
-0.72741
-0.72741
-0.77364
0
0
0
0
0
0
0
0
-1.3873
0
0
0
0
0
0
-0.76599
-0.7692
-0.7692
-0.71522
-0.75463
-0.72166
-0.72166
-0.74201
-0.76204
-0.72326
9.6092
-0.71871
-0.72283
-0.72283
0
0
0
0
0
0
0
0
0
0
0
0
0
0
0
0
-0.76599
-0.7692
-0.7692
-0.71522
-0.75463
-0.72166
-0.72166
-0.74201
-0.76204
-0.72326
-0.71871
9.6092
-0.72283
-0.72283
0
0
0
0
0
0
0
0
0
0
0
0
0
0
0
0
-0.77041
-0.77364
-0.77364
-0.71932
-0.75897
-0.7258
-0.7258
-0.74628
-0.76643
-0.72741
-0.72283
-0.72283
8.9333
0
0
0
0
0
0
0
0
0
0
0
0
0
0
0
0
0
-0.77041
-0.77364
-0.77364
-0.71932
-0.75897
-0.7258
-0.7258
-0.74628
-0.76643
-0.72741
-0.72283
-0.72283
0
8.9333
0
0
0
0
0
0
0
0
0
0
0
0
0
0
0
0
-0.81966
-0.82313
-0.82313
-0.76499
-0.80741
-0.77191
-0.77191
-0.79382
-0.8154
-0.77364
0
0
0
0
7.965
0
0
0
0
0
0
0
0
0
0
0
0
0
0
0
-0.73907
-0.75941
-0.75941
-0.69675
-0.73312
-0.70848
-0.70848
-0.74964
0
0
0
0
0
0
0
6.1299
0
0
0
0
0
-0.27558
0
0
0
0
0
0
0
0
-0.96375
-0.96529
-0.96529
-0.89533
-0.94849
-0.90568
-0.90568
0
0
0
0
0
0
0
0
0
6.5495
0
0
0
0
0
0
0
0
0
0
0
0
0
-0.96375
-0.96529
-0.96529
-0.89533
-0.94849
-0.90568
-0.90568
0
0
0
0
0
0
0
0
0
0
6.5495
0
0
0
0
0
0
0
0
0
0
0
0
-0.90312
-0.88157
-0.88157
-0.82787
0
0
0
0
0
0
0
0
0
0
0
0
0
0
12.5929
0
-0.61519
0
0
0
0
0
0
0
-8.4836
0
-1.3741
-1.3895
-1.3895
-1.3167
0
0
0
0
0
0
0
0
0
0
0
0
0
0
0
13.0543
0
0
0
0
-7.5845
0
0
0
0
0
-0.4115
0
0
0
0
0
0
0
0
0
0
0
0
0
0
0
0
0
-0.61519
0
1.4507
0
0
0
0
0
0
0
0
-0.42396
0
0
0
0
0
0
0
0
0
0
0
0
0
0
0
-0.27558
0
0
0
0
0
2.096
-1.298
0
0
0
0
-0.52245
0
0
0
-0.83776
-0.83776
0
0
0
0
0
0
0
0
0
0
0
0
0
0
0
0
0
0
-1.298
2.9735
0
0
0
0
0
0
0
0
0
0
0
-1.408
0
0
0
0
-1.3873
0
0
0
0
0
0
0
0
0
0
0
0
0
5.2831
0
-2.4878
0
0
0
0
0
0
0
0
0
0
0
0
0
0
0
0
0
0
0
0
0
0
0
-7.5845
0
0
0
0
7.5845
0
0
0
0
0
0
0
0
0
0
0
0
0
0
0
0
0
0
0
0
0
0
0
0
0
0
0
0
-2.4878
0
2.4878
0
0
0
0
0
0
0
0
0
0
0
0
-13.0866
0
0
0
0
0
0
0
0
0
0
0
0
0
0
0
0
0
13.0866
0
0
0
0
0
0
0
0
0
0
0
0
0
0
0
0
0
0
0
0
0
0
0
0
-0.52245
0
0
0
0
0
0.52245
0
0
0
0
0
0
0
0
0
0
0
0
0
0
0
0
0
0
0
0
-8.4836
0
0
0
0
0
0
0
0
0
8.4836
0
0
0
0
0
0
0
0
0
0
0
0
0
0
0
0
0
0
0
0
0
-0.42396
0
0
0
0
0
0
0
0
0.42396
