23.6106
-0.82859
-0.87097
-0.8537
-0.8537
-0.81544
-0.83149
-0.90123
-0.89725
-0.90581
-0.90581
-0.80358
-0.80358
-0.80358
-0.88303
-0.98215
-0.88613
-0.88613
-0.88613
-0.79991
-0.92677
-0.47508
-1.9369
-1.9369
-1.9369
0
0
0
0
0
-0.82859
23.6106
-0.87097
-0.8537
-0.8537
-0.81544
-0.83149
-0.90123
-0.89725
-0.90581
-0.90581
-0.80358
-0.80358
-0.80358
-0.88303
-0.98215
-0.88613
-0.88613
-0.88613
-0.79991
-0.92677
-0.47508
-1.9369
-1.9369
-1.9369
0
0
0
0
0
-0.87097
-0.87097
18.1547
-0.8703
-0.8703
-0.8305
-0.84506
-0.9193
-0.91514
-0.91869
-0.91869
-0.81847
-0.81847
-0.81847
-0.89545
-1.0049
-0.90575
-0.90575
-0.90575
-0.81717
-0.94952
-0.48511
0
0
0
0
0
0
0
0
-0.8537
-0.8537
-0.8703
17.3592
-0.85212
-0.81523
-0.83341
-0.90221
-0.89828
-0.90448
-0.90448
-0.80401
-0.80401
-0.80401
-0.88292
-0.98372
-0.88758
-0.88758
-0.88758
-0.80116
-0.9287
0
0
0
0
0
0
0
0
0
-0.8537
-0.8537
-0.8703
-0.85212
17.3592
-0.81523
-0.83341
-0.90221
-0.89828
-0.90448
-0.90448
-0.80401
-0.80401
-0.80401
-0.88292
-0.98372
-0.88758
-0.88758
-0.88758
-0.80116
-0.9287
0
0
0
0
0
0
0
0
0
-0.81544
-0.81544
-0.8305
-0.81523
-0.81523
15.6379
-0.79515
-0.85428
-0.85061
-0.85378
-0.85378
-0.76389
-0.76389
-0.76389
-0.8345
-0.92792
-0.84087
-0.84087
-0.84087
-0.76174
0
0
0
0
0
0
0
0
0
0
-0.83149
-0.83149
-0.84506
-0.83341
-0.83341
-0.79515
21.7851
-0.86606
-0.86191
-0.85289
-0.85289
-0.77435
-0.77435
-0.77435
-0.8285
-0.94754
-0.85874
-0.85874
-0.85874
0
0
0
0
0
0
0
0
-6.706
0
0
-0.90123
-0.90123
-0.9193
-0.90221
-0.90221
-0.85428
-0.86606
13.6341
-0.95409
-0.96095
-0.96095
-0.8444
-0.8444
-0.8444
-0.93362
-1.0448
0
0
0
0
0
0
0
0
0
0
0
0
0
0
-0.89725
-0.89725
-0.91514
-0.89828
-0.89828
-0.85061
-0.86191
-0.95409
12.5146
-0.96933
-0.96933
-0.82641
-0.82641
-0.82641
-0.92388
0
0
0
0
0
0
0
0
0
0
0
0
0
0
0
-0.90581
-0.90581
-0.91869
-0.90448
-0.90448
-0.85378
-0.85289
-0.96095
-0.96933
16.8198
-0.96179
-0.82745
-0.82745
-0.82745
0
0
0
0
0
0
0
0
0
0
0
0
0
0
0
-5.1994
-0.90581
-0.90581
-0.91869
-0.90448
-0.90448
-0.85378
-0.85289
-0.96095
-0.96933
-0.96179
16.8198
-0.82745
-0.82745
-0.82745
0
0
0
0
0
0
0
0
0
0
0
0
0
0
-5.1994
0
-0.80358
-0.80358
-0.81847
-0.80401
-0.80401
-0.76389
-0.77435
-0.8444
-0.82641
-0.82745
-0.82745
10.3088
-0.70557
-0.70557
0
0
0
0
0
0
0
0
0
0
0
0
0
0
0
0
-0.80358
-0.80358
-0.81847
-0.80401
-0.80401
-0.76389
-0.77435
-0.8444
-0.82641
-0.82745
-0.82745
-0.70557
10.3088
-0.70557
0
0
0
0
0
0
0
0
0
0
0
0
0
0
0
0
-0.80358
-0.80358
-0.81847
-0.80401
-0.80401
-0.76389
-0.77435
-0.8444
-0.82641
-0.82745
-0.82745
-0.70557
-0.70557
10.3088
0
0
0
0
0
0
0
0
0
0
0
0
0
0
0
0
-0.88303
-0.88303
-0.89545
-0.88292
-0.88292
-0.8345
-0.8285
-0.93362
-0.92388
0
0
0
0
0
10.7944
0
0
0
0
0
0
0
0
0
0
0
-2.8466
0
0
0
-0.98215
-0.98215
-1.0049
-0.98372
-0.98372
-0.92792
-0.94754
-1.0448
0
0
0
0
0
0
0
7.8569
0
0
0
0
0
0
0
0
0
0
0
0
0
0
-0.88613
-0.88613
-0.90575
-0.88758
-0.88758
-0.84087
-0.85874
0
0
0
0
0
0
0
0
0
6.1528
0
0
0
0
0
0
0
0
0
0
0
0
0
-0.88613
-0.88613
-0.90575
-0.88758
-0.88758
-0.84087
-0.85874
0
0
0
0
0
0
0
0
0
0
6.1528
0
0
0
0
0
0
0
0
0
0
0
0
-0.88613
-0.88613
-0.90575
-0.88758
-0.88758
-0.84087
-0.85874
0
0
0
0
0
0
0
0
0
0
0
6.1528
0
0
0
0
0
0
0
0
0
0
0
-0.79991
-0.79991
-0.81717
-0.80116
-0.80116
-0.76174
0
0
0
0
0
0
0
0
0
0
0
0
0
4.781
0
0
0
0
0
0
0
0
0
0
-0.92677
-0.92677
-0.94952
-0.9287
-0.9287
0
0
0
0
0
0
0
0
0
0
0
0
0
0
0
4.6605
0
0
0
0
0
0
0
0
0
-0.47508
-0.47508
-0.48511
0
0
0
0
0
0
0
0
0
0
0
0
0
0
0
0
0
0
1.5398
0
0
0
-0.1045
0
0
0
0
-1.9369
-1.9369
0
0
0
0
0
0
0
0
0
0
0
0
0
0
0
0
0
0
0
0
3.8737
0
0
0
0
0
0
0
-1.9369
-1.9369
0
0
0
0
0
0
0
0
0
0
0
0
0
0
0
0
0
0
0
0
0
3.8737
0
0
0
0
0
0
-1.9369
-1.9369
0
0
0
0
0
0
0
0
0
0
0
0
0
0
0
0
0
0
0
0
0
0
3.8737
0
0
0
0
0
0
0
0
0
0
0
0
0
0
0
0
0
0
0
0
0
0
0
0
0
0
-0.1045
0
0
0
0.1045
0
0
0
0
0
0
0
0
0
0
0
0
0
0
0
0
0
0
-2.8466
0
0
0
0
0
0
0
0
0
0
0
2.8466
0
0
0
0
0
0
0
0
0
-6.706
0
0
0
0
0
0
0
0
0
0
0
0
0
0
0
0
0
0
0
0
6.706
0
0
0
0
0
0
0
0
0
0
0
0
-5.1994
0
0
0
0
0
0
0
0
0
0
0
0
0
0
0
0
0
5.1994
0
0
0
0
0
0
0
0
0
0
-5.1994
0
0
0
0
0
0
0
0
0
0
0
0
0
0
0
0
0
0
0
5.1994
