12.5196
-0.71547
-0.71547
-0.7249
-0.7311
-0.7394
-0.7249
-0.7193
-0.76128
-0.80031
-0.76136
-0.71697
-0.71697
-0.71765
-0.73675
-0.98916
-0.60532
0
-0.64328
0
0
0
0
0
0
0
0
0
0
0
-0.71547
11.6307
-0.6931
-0.70725
-0.71434
-0.71983
-0.70725
-0.70132
-0.74023
-0.7785
-0.75931
-0.69729
-0.69729
-0.69694
-0.71216
-0.98359
-0.60684
0
0
0
0
0
0
0
0
0
0
0
0
0
-0.71547
-0.6931
11.6307
-0.70725
-0.71434
-0.71983
-0.70725
-0.70132
-0.74023
-0.7785
-0.75931
-0.69729
-0.69729
-0.69694
-0.71216
-0.98359
-0.60684
0
0
0
0
0
0
0
0
0
0
0
0
0
-0.7249
-0.70725
-0.70725
10.093
-0.75163
-0.72601
-0.68165
-0.70133
-0.74399
-0.77563
-0.76968
-0.69721
-0.69721
-0.69602
-0.7132
0
0
0
0
0
0
0
0
0
0
0
0
0
0
0
-0.7311
-0.71434
-0.71434
-0.75163
15.8374
-0.76751
-0.75163
-0.6968
-0.72865
-0.77051
0
-0.70339
-0.70339
-0.70252
0
0
0
-0.58994
0
0
0
0
0
0
0
-6.5116
0
0
0
0
-0.7394
-0.71983
-0.71983
-0.72601
-0.76751
15.8728
-0.72601
-0.70539
-0.75287
-0.78629
0
-0.70614
-0.70614
-0.70503
-0.72317
0
0
0
0
0
0
0
0
0
0
0
0
0
-6.3892
0
-0.7249
-0.70725
-0.70725
-0.68165
-0.75163
-0.72601
10.093
-0.70133
-0.74399
-0.77563
-0.76968
-0.69721
-0.69721
-0.69602
-0.7132
0
0
0
0
0
0
0
0
0
0
0
0
0
0
0
-0.7193
-0.70132
-0.70132
-0.70133
-0.6968
-0.70539
-0.70133
9.8954
-0.73128
-0.76191
0
-0.69849
-0.69849
0
0
0
0
0
0
0
0
0
-2.0785
0
0
0
0
0
0
0
-0.76128
-0.74023
-0.74023
-0.74399
-0.72865
-0.75287
-0.74399
-0.73128
11.8078
0
0
0
0
0
0
0
0
0
-0.69303
0
0
0
0
-5.1722
0
0
0
0
0
0
-0.80031
-0.7785
-0.7785
-0.77563
-0.77051
-0.78629
-0.77563
-0.76191
0
11.0039
0
0
0
0
0
0
0
0
0
0
0
0
0
0
0
0
-4.7766
0
0
0
-0.76136
-0.75931
-0.75931
-0.76968
0
0
-0.76968
0
0
0
8.8833
0
0
0
0
0
0
-0.62696
0
0
-1.1578
0
0
0
0
0
0
0
0
-3.2792
-0.71697
-0.69729
-0.69729
-0.69721
-0.70339
-0.70614
-0.69721
-0.69849
0
0
0
5.614
0
0
0
0
0
0
0
0
0
0
0
0
0
0
0
0
0
0
-0.71697
-0.69729
-0.69729
-0.69721
-0.70339
-0.70614
-0.69721
-0.69849
0
0
0
0
5.614
0
0
0
0
0
0
0
0
0
0
0
0
0
0
0
0
0
-0.71765
-0.69694
-0.69694
-0.69602
-0.70252
-0.70503
-0.69602
0
0
0
0
0
0
4.9111
0
0
0
0
0
0
0
0
0
0
0
0
0
0
0
0
-0.73675
-0.71216
-0.71216
-0.7132
0
-0.72317
-0.7132
0
0
0
0
0
0
0
4.3106
0
0
0
0
0
0
0
0
0
0
0
0
0
0
0
-0.98916
-0.98359
-0.98359
0
0
0
0
0
0
0
0
0
0
0
0
3.829
0
0
0
-0.87265
0
0
0
0
0
0
0
0
0
0
-0.60532
-0.60684
-0.60684
0
0
0
0
0
0
0
0
0
0
0
0
0
1.819
0
0
0
0
0
0
0
0
0
0
0
0
0
0
0
0
0
-0.58994
0
0
0
0
0
-0.62696
0
0
0
0
0
0
1.7692
0
0
0
0
0
0
-0.55225
0
0
0
0
0
-0.64328
0
0
0
0
0
0
0
-0.69303
0
0
0
0
0
0
0
0
0
2.0196
0
0
0
0
0
0
0
0
-0.68327
0
0
0
0
0
0
0
0
0
0
0
0
0
0
0
0
0
-0.87265
0
0
0
5.1599
0
-3.0912
-1.196
0
0
0
0
0
0
0
0
0
0
0
0
0
0
0
0
0
-1.1578
0
0
0
0
0
0
0
0
0
2.557
-1.3992
0
0
0
0
0
0
0
0
0
0
0
0
0
0
0
0
0
0
0
0
0
0
0
0
0
0
0
-3.0912
-1.3992
4.4904
0
0
0
0
0
0
0
0
0
0
0
0
0
0
0
-2.0785
0
0
0
0
0
0
0
0
0
0
0
-1.196
0
0
3.2745
0
0
0
0
0
0
0
0
0
0
0
0
0
0
0
-5.1722
0
0
0
0
0
0
0
0
0
0
0
0
0
0
5.1722
0
0
0
0
0
0
0
0
0
0
0
0
0
0
0
0
0
0
0
0
0
0
0
-0.55225
0
0
0
0
0
0
0.55225
0
0
0
0
0
0
0
0
0
-6.5116
0
0
0
0
0
0
0
0
0
0
0
0
0
0
0
0
0
0
0
0
6.5116
0
0
0
0
0
0
0
0
0
0
0
0
0
-4.7766
0
0
0
0
0
0
0
0
0
0
0
0
0
0
0
0
4.7766
0
0
0
0
0
0
0
0
0
0
0
0
0
0
0
0
0
0
0
0
0
-0.68327
0
0
0
0
0
0
0
0
0.68327
0
0
0
0
0
0
0
-6.3892
0
0
0
0
0
0
0
0
0
0
0
0
0
0
0
0
0
0
0
0
0
0
6.3892
0
0
0
0
0
0
0
0
0
0
0
-3.2792
0
0
0
0
0
0
0
0
0
0
0
0
0
0
0
0
0
0
3.2792
