15.6911
-0.68058
-0.67684
-0.64382
-0.64002
-0.73632
-0.78759
-0.74662
-0.68306
-0.69049
-0.6904
-0.72537
-0.97515
-0.97515
-0.75904
-0.75904
-0.75904
-0.75904
-1.2202
0
-1.2339
0
-0.54956
0
0
0
0
0
0
0
-0.68058
14.8218
-0.66676
-0.62627
-0.62863
-0.71675
-0.76857
-0.73449
-0.66366
-0.67201
-0.67032
-0.71635
-0.94231
-0.94231
-0.73899
-0.73899
-0.73899
-0.73899
-1.1819
0
-1.2549
0
0
0
0
0
0
0
0
0
-0.67684
-0.66676
14.6085
-0.62547
-0.62565
-0.71573
-0.76733
-0.73399
-0.65704
-0.67087
-0.66903
-0.71691
-0.94254
-0.94254
-0.73961
-0.73961
-0.73961
-0.73961
-1.1775
0
0
-1.0619
0
0
0
0
0
0
0
0
-0.64382
-0.62627
-0.62547
12.6944
-0.59576
-0.67102
-0.72061
-0.69529
-0.62379
-0.63042
-0.62738
-0.6814
-0.86689
-0.86689
-0.68471
-0.68471
-0.68471
-0.68471
-1.0805
0
0
0
0
0
0
0
0
0
0
0
-0.64002
-0.62863
-0.62565
-0.59576
12.5526
-0.66774
-0.71179
-0.68065
-0.61215
-0.62613
-0.62406
-0.66609
-0.87127
-0.87127
-0.6918
-0.6918
-0.6918
-0.6918
0
0
0
-0.96413
0
0
0
0
0
0
0
0
-0.73632
-0.71675
-0.71573
-0.67102
-0.66774
9.7242
-0.78952
-0.77486
-0.68637
-0.67647
-0.67213
-0.76448
-0.9264
-0.9264
0
0
0
0
0
0
0
0
0
0
0
0
0
0
0
0
-0.78759
-0.76857
-0.76733
-0.72061
-0.71179
-0.78952
18.6
-0.79937
-0.71454
-0.68623
-0.69032
-0.78183
0
0
0
0
0
0
0
0
0
0
0
0
0
0
0
-10.3823
0
0
-0.74662
-0.73449
-0.73399
-0.69529
-0.68065
-0.77486
-0.79937
17.6806
-0.69033
-0.70984
-0.66962
0
0
0
0
0
0
0
0
-0.33251
0
0
0
0
0
0
0
0
-10.1131
0
-0.68306
-0.66366
-0.65704
-0.62379
-0.61215
-0.68637
-0.71454
-0.69033
7.0757
-0.59905
-0.5721
0
0
0
0
0
0
0
0
0
0
0
-0.57358
0
0
0
0
0
0
0
-0.69049
-0.67201
-0.67087
-0.63042
-0.62613
-0.67647
-0.68623
-0.70984
-0.59905
7.2221
-0.58683
-0.67379
0
0
0
0
0
0
0
0
0
0
0
0
0
0
0
0
0
0
-0.6904
-0.67032
-0.66903
-0.62738
-0.62406
-0.67213
-0.69032
-0.66962
-0.5721
-0.58683
6.4722
0
0
0
0
0
0
0
0
0
0
0
0
0
0
0
0
0
0
0
-0.72537
-0.71635
-0.71691
-0.6814
-0.66609
-0.76448
-0.78183
0
0
-0.67379
0
15.3524
0
0
0
0
0
0
0
-0.34503
0
0
0
0
0
-9.2811
0
0
0
0
-0.97515
-0.94231
-0.94254
-0.86689
-0.87127
-0.9264
0
0
0
0
0
0
5.5246
0
0
0
0
0
0
0
0
0
0
0
0
0
0
0
0
0
-0.97515
-0.94231
-0.94254
-0.86689
-0.87127
-0.9264
0
0
0
0
0
0
0
5.5246
0
0
0
0
0
0
0
0
0
0
0
0
0
0
0
0
-0.75904
-0.73899
-0.73961
-0.68471
-0.6918
0
0
0
0
0
0
0
0
0
3.6141
0
0
0
0
0
0
0
0
0
0
0
0
0
0
0
-0.75904
-0.73899
-0.73961
-0.68471
-0.6918
0
0
0
0
0
0
0
0
0
0
3.6141
0
0
0
0
0
0
0
0
0
0
0
0
0
0
-0.75904
-0.73899
-0.73961
-0.68471
-0.6918
0
0
0
0
0
0
0
0
0
0
0
3.6141
0
0
0
0
0
0
0
0
0
0
0
0
0
-0.75904
-0.73899
-0.73961
-0.68471
-0.6918
0
0
0
0
0
0
0
0
0
0
0
0
3.6141
0
0
0
0
0
0
0
0
0
0
0
0
-1.2202
-1.1819
-1.1775
-1.0805
0
0
0
0
0
0
0
0
0
0
0
0
0
0
4.6601
0
0
0
0
0
0
0
0
0
0
0
0
0
0
0
0
0
0
-0.33251
0
0
0
-0.34503
0
0
0
0
0
0
0
0.78204
0
0
0
0
0
0
-0.1045
0
0
0
-1.2339
-1.2549
0
0
0
0
0
0
0
0
0
0
0
0
0
0
0
0
0
0
4.6826
0
0
0
0
0
0
0
0
-2.1938
0
0
-1.0619
0
-0.96413
0
0
0
0
0
0
0
0
0
0
0
0
0
0
0
0
3.8053
0
0
-1.7793
0
0
0
0
0
-0.54956
0
0
0
0
0
0
0
-0.57358
0
0
0
0
0
0
0
0
0
0
0
0
0
1.6688
-0.54567
0
0
0
0
0
0
0
0
0
0
0
0
0
0
0
0
0
0
0
0
0
0
0
0
0
0
0
0
-0.54567
0.54567
0
0
0
0
0
0
0
0
0
0
0
0
0
0
0
0
0
0
0
0
0
0
0
0
0
0
0
-1.7793
0
0
1.7793
0
0
0
0
0
0
0
0
0
0
0
0
0
0
0
0
-9.2811
0
0
0
0
0
0
0
0
0
0
0
0
0
9.2811
0
0
0
0
0
0
0
0
0
0
0
0
0
0
0
0
0
0
0
0
0
0
0
-0.1045
0
0
0
0
0
0
0.1045
0
0
0
0
0
0
0
0
0
-10.3823
0
0
0
0
0
0
0
0
0
0
0
0
0
0
0
0
0
0
0
0
10.3823
0
0
0
0
0
0
0
0
0
-10.1131
0
0
0
0
0
0
0
0
0
0
0
0
0
0
0
0
0
0
0
0
10.1131
0
0
0
0
0
0
0
0
0
0
0
0
0
0
0
0
0
0
0
0
0
-2.1938
0
0
0
0
0
0
0
0
2.1938
