35.0595
-0.77939
-0.73915
-0.73284
-0.73891
-0.73891
-0.73284
-0.58845
-0.59031
-0.59031
-0.59031
-0.66591
-0.64872
-0.64872
-0.68557
-0.70014
-0.60845
-1.1269
0
0
-1.1096
0
0
-11.022
0
0
-11.022
0
0
0
-0.77939
14.6316
-0.83839
-0.86573
-0.83359
-0.83359
-0.86573
-0.68098
-0.66411
-0.66411
-0.66411
-0.78822
-0.7312
-0.7312
-0.82836
-0.78926
-0.68271
-1.2062
-1.1848
0
0
0
0
0
0
0
0
0
0
0
-0.73915
-0.83839
12.6691
-0.81396
-0.79672
-0.79672
-0.81396
-0.63158
-0.6126
-0.6126
-0.6126
-0.73092
-0.68122
-0.68122
-0.7643
-0.7437
-0.63593
0
0
0
-1.1636
0
0
0
0
0
0
0
0
0
-0.73284
-0.86573
-0.81396
19.8292
-0.81574
-0.81574
-0.82369
-0.64717
-0.6264
-0.6264
-0.6264
-0.73652
-0.69726
-0.69726
-0.77225
-0.7547
-0.65191
0
0
0
0
0
-8.1252
0
0
0
0
0
0
0
-0.73891
-0.83359
-0.79672
-0.81574
12.5712
-0.73561
-0.81574
-0.63616
-0.61183
-0.61183
-0.61183
-0.7335
-0.6803
-0.6803
-0.77758
-0.74286
-0.63504
-1.1137
0
0
0
0
0
0
0
0
0
0
0
0
-0.73891
-0.83359
-0.79672
-0.81574
-0.73561
12.5712
-0.81574
-0.63616
-0.61183
-0.61183
-0.61183
-0.7335
-0.6803
-0.6803
-0.77758
-0.74286
-0.63504
-1.1137
0
0
0
0
0
0
0
0
0
0
0
0
-0.73284
-0.86573
-0.81396
-0.82369
-0.81574
-0.81574
19.8292
-0.64717
-0.6264
-0.6264
-0.6264
-0.73652
-0.69726
-0.69726
-0.77225
-0.7547
-0.65191
0
0
0
0
0
0
0
0
0
0
0
0
-8.1252
-0.58845
-0.68098
-0.63158
-0.64717
-0.63616
-0.63616
-0.64717
8.8169
-0.50121
-0.50121
-0.50121
-0.52459
-0.51072
-0.51072
0
-0.52426
-0.47384
0
0
0
0
-0.30153
0
0
0
0
0
0
0
0
-0.59031
-0.66411
-0.6126
-0.6264
-0.61183
-0.61183
-0.6264
-0.50121
9.0572
-0.46163
-0.46163
-0.5632
-0.53051
-0.53051
-0.59666
-0.57465
-0.4937
0
0
0
0
0
0
0
0
0
0
0
0
0
-0.59031
-0.66411
-0.6126
-0.6264
-0.61183
-0.61183
-0.6264
-0.50121
-0.46163
9.0572
-0.46163
-0.5632
-0.53051
-0.53051
-0.59666
-0.57465
-0.4937
0
0
0
0
0
0
0
0
0
0
0
0
0
-0.59031
-0.66411
-0.6126
-0.6264
-0.61183
-0.61183
-0.6264
-0.50121
-0.46163
-0.46163
9.0572
-0.5632
-0.53051
-0.53051
-0.59666
-0.57465
-0.4937
0
0
0
0
0
0
0
0
0
0
0
0
0
-0.66591
-0.78822
-0.73092
-0.73652
-0.7335
-0.7335
-0.73652
-0.52459
-0.5632
-0.5632
-0.5632
14.7607
-0.66366
-0.66366
0
0
0
0
0
0
0
0
0
0
0
0
0
-6.0941
0
0
-0.64872
-0.7312
-0.68122
-0.69726
-0.6803
-0.6803
-0.69726
-0.51072
-0.53051
-0.53051
-0.53051
-0.66366
8.1535
-0.5713
0
0
0
0
0
0
0
0
0
0
0
0
0
0
0
0
-0.64872
-0.7312
-0.68122
-0.69726
-0.6803
-0.6803
-0.69726
-0.51072
-0.53051
-0.53051
-0.53051
-0.66366
-0.5713
8.1535
0
0
0
0
0
0
0
0
0
0
0
0
0
0
0
0
-0.68557
-0.82836
-0.7643
-0.77225
-0.77758
-0.77758
-0.77225
0
-0.59666
-0.59666
-0.59666
0
0
0
12.4356
0
0
0
-1.0451
0
0
0
0
0
0
-4.2226
0
0
0
0
-0.70014
-0.78926
-0.7437
-0.7547
-0.74286
-0.74286
-0.7547
-0.52426
-0.57465
-0.57465
-0.57465
0
0
0
0
7.8518
0
0
0
-0.37535
0
0
0
0
0
0
0
0
0
0
-0.60845
-0.68271
-0.63593
-0.65191
-0.63504
-0.63504
-0.65191
-0.47384
-0.4937
-0.4937
-0.4937
0
0
0
0
0
6.4559
0
0
0
0
0
0
0
0
0
0
0
0
0
-1.1269
-1.2062
0
0
-1.1137
-1.1137
0
0
0
0
0
0
0
0
0
0
0
4.5604
0
0
0
0
0
0
0
0
0
0
0
0
0
-1.1848
0
0
0
0
0
0
0
0
0
0
0
0
-1.0451
0
0
0
2.9804
0
0
-0.75043
0
0
0
0
0
0
0
0
0
0
0
0
0
0
0
0
0
0
0
0
0
0
0
-0.37535
0
0
0
2.1221
-0.84606
0
0
0
0
0
0
0
-0.90073
0
-1.1096
0
-1.1636
0
0
0
0
0
0
0
0
0
0
0
0
0
0
0
0
-0.84606
3.1193
0
0
0
0
0
0
0
0
0
0
0
0
0
0
0
0
-0.30153
0
0
0
0
0
0
0
0
0
0
-0.75043
0
0
1.8988
0
0
-0.84687
0
0
0
0
0
0
0
0
-8.1252
0
0
0
0
0
0
0
0
0
0
0
0
0
0
0
0
0
0
8.1252
0
0
0
0
0
0
0
-11.022
0
0
0
0
0
0
0
0
0
0
0
0
0
0
0
0
0
0
0
0
0
0
11.022
0
0
0
0
0
0
0
0
0
0
0
0
0
0
0
0
0
0
0
0
0
0
0
0
0
0
0
-0.84687
0
0
0.84687
0
0
0
0
0
0
0
0
0
0
0
0
0
0
0
0
0
0
0
-4.2226
0
0
0
0
0
0
0
0
0
0
4.2226
0
0
0
0
-11.022
0
0
0
0
0
0
0
0
0
0
0
0
0
0
0
0
0
0
0
0
0
0
0
0
0
11.022
0
0
0
0
0
0
0
0
0
0
0
0
0
0
-6.0941
0
0
0
0
0
0
0
0
0
0
0
0
0
0
0
6.0941
0
0
0
0
0
0
0
0
0
0
0
0
0
0
0
0
0
0
0
0
0
-0.90073
0
0
0
0
0
0
0
0
0.90073
0
0
0
0
0
0
0
-8.1252
0
0
0
0
0
0
0
0
0
0
0
0
0
0
0
0
0
0
0
0
0
0
8.1252
