21.2659
-0.97798
-0.96595
-0.87754
-0.88919
-0.87754
-0.87754
-0.87754
-0.76561
-0.76561
-0.91541
-0.86077
-0.86077
-0.83488
-0.83488
-0.86581
-0.98162
-0.83275
-0.83275
-0.89327
0
-1.1291
-1.2391
0
0
-2.3103
0
0
0
0
-0.97798
19.7396
-1.0895
-0.97378
-1.0085
-0.97378
-0.97378
-0.97378
-0.84677
-0.84677
-1.0106
-0.95504
-0.95504
-0.9258
-0.9258
-0.96075
-1.1048
-0.92441
-0.92441
-0.99116
0
0
-1.3971
0
0
0
0
0
0
0
-0.96595
-1.0895
19.1685
-0.97223
-1.0035
-0.97223
-0.97223
-0.97223
-0.84536
-0.84536
-1.0059
-0.95368
-0.95368
-0.92449
-0.92449
-0.95937
-1.0988
-0.92344
-0.92344
-0.99101
-0.87158
0
0
0
0
0
0
0
0
0
-0.87754
-0.97378
-0.97223
16.339
-0.91773
-0.85051
-0.85051
-0.85051
-0.74851
-0.74851
-0.8914
-0.84367
-0.84367
-0.81836
-0.81836
-0.8486
-0.97624
-0.8165
-0.8165
-0.87586
0
0
0
0
0
0
0
0
0
0
-0.88919
-1.0085
-1.0035
-0.91773
24.4442
-0.91773
-0.91773
-0.91773
-0.75743
-0.75743
-0.89291
-0.85552
-0.85552
-0.8298
-0.8298
-0.86052
-0.93658
-0.82816
-0.82816
0
0
0
0
0
0
0
0
-8.6402
0
0
-0.87754
-0.97378
-0.97223
-0.85051
-0.91773
16.339
-0.85051
-0.85051
-0.74851
-0.74851
-0.8914
-0.84367
-0.84367
-0.81836
-0.81836
-0.8486
-0.97624
-0.8165
-0.8165
-0.87586
0
0
0
0
0
0
0
0
0
0
-0.87754
-0.97378
-0.97223
-0.85051
-0.91773
-0.85051
16.339
-0.85051
-0.74851
-0.74851
-0.8914
-0.84367
-0.84367
-0.81836
-0.81836
-0.8486
-0.97624
-0.8165
-0.8165
-0.87586
0
0
0
0
0
0
0
0
0
0
-0.87754
-0.97378
-0.97223
-0.85051
-0.91773
-0.85051
-0.85051
16.339
-0.74851
-0.74851
-0.8914
-0.84367
-0.84367
-0.81836
-0.81836
-0.8486
-0.97624
-0.8165
-0.8165
-0.87586
0
0
0
0
0
0
0
0
0
0
-0.76561
-0.84677
-0.84536
-0.74851
-0.75743
-0.74851
-0.74851
-0.74851
13.4054
-0.64133
-0.75308
-0.7228
-0.7228
-0.70145
-0.70145
-0.72695
-0.82865
-0.69884
-0.69884
0
0
0
0
0
0
0
0
0
0
0
-0.76561
-0.84677
-0.84536
-0.74851
-0.75743
-0.74851
-0.74851
-0.74851
-0.64133
13.4054
-0.75308
-0.7228
-0.7228
-0.70145
-0.70145
-0.72695
-0.82865
-0.69884
-0.69884
0
0
0
0
0
0
0
0
0
0
0
-0.91541
-1.0106
-1.0059
-0.8914
-0.89291
-0.8914
-0.8914
-0.8914
-0.75308
-0.75308
15.8086
-0.89529
-0.89529
-0.86819
-0.86819
-0.90057
0
0
0
0
0
0
0
0
-2.4845
0
0
0
0
0
-0.86077
-0.95504
-0.95368
-0.84367
-0.85552
-0.84367
-0.84367
-0.84367
-0.7228
-0.7228
-0.89529
12.5784
-0.82053
-0.796
-0.796
-0.8253
0
0
0
0
0
0
0
0
0
0
0
0
0
0
-0.86077
-0.95504
-0.95368
-0.84367
-0.85552
-0.84367
-0.84367
-0.84367
-0.7228
-0.7228
-0.89529
-0.82053
12.5784
-0.796
-0.796
-0.8253
0
0
0
0
0
0
0
0
0
0
0
0
0
0
-0.83488
-0.9258
-0.92449
-0.81836
-0.8298
-0.81836
-0.81836
-0.81836
-0.70145
-0.70145
-0.86819
-0.796
-0.796
11.3745
-0.72302
0
0
0
0
0
0
0
0
0
0
0
0
0
0
0
-0.83488
-0.9258
-0.92449
-0.81836
-0.8298
-0.81836
-0.81836
-0.81836
-0.70145
-0.70145
-0.86819
-0.796
-0.796
-0.72302
11.3745
0
0
0
0
0
0
0
0
0
0
0
0
0
0
0
-0.86581
-0.96075
-0.95937
-0.8486
-0.86052
-0.8486
-0.8486
-0.8486
-0.72695
-0.72695
-0.90057
-0.8253
-0.8253
0
0
11.0459
0
0
0
0
0
0
0
0
0
0
0
0
0
0
-0.98162
-1.1048
-1.0988
-0.97624
-0.93658
-0.97624
-0.97624
-0.97624
-0.82865
-0.82865
0
0
0
0
0
0
15.1626
0
0
0
0
0
0
0
0
0
0
0
-5.4785
0
-0.83275
-0.92441
-0.92344
-0.8165
-0.82816
-0.8165
-0.8165
-0.8165
-0.69884
-0.69884
0
0
0
0
0
0
0
8.1725
0
0
0
0
0
0
0
0
0
0
0
0
-0.83275
-0.92441
-0.92344
-0.8165
-0.82816
-0.8165
-0.8165
-0.8165
-0.69884
-0.69884
0
0
0
0
0
0
0
0
8.1725
0
0
0
0
0
0
0
0
0
0
0
-0.89327
-0.99116
-0.99101
-0.87586
0
-0.87586
-0.87586
-0.87586
0
0
0
0
0
0
0
0
0
0
0
6.3789
0
0
0
0
0
0
0
0
0
0
0
0
-0.87158
0
0
0
0
0
0
0
0
0
0
0
0
0
0
0
0
0
3.2839
0
-1.0502
0
0
0
0
0
0
-1.3621
-1.1291
0
0
0
0
0
0
0
0
0
0
0
0
0
0
0
0
0
0
0
0
7.3532
0
-3.0282
0
0
-3.1959
0
0
0
-1.2391
-1.3971
0
0
0
0
0
0
0
0
0
0
0
0
0
0
0
0
0
0
-1.0502
0
3.6865
0
0
0
0
0
0
0
0
0
0
0
0
0
0
0
0
0
0
0
0
0
0
0
0
0
0
0
0
-3.0282
0
5.0438
0
-2.0155
0
0
0
0
0
0
0
0
0
0
0
0
0
0
-2.4845
0
0
0
0
0
0
0
0
0
0
0
0
0
4.3414
0
-1.857
0
0
0
-2.3103
0
0
0
0
0
0
0
0
0
0
0
0
0
0
0
0
0
0
0
0
0
0
-2.0155
0
4.3258
0
0
0
0
0
0
0
0
0
0
0
0
0
0
0
0
0
0
0
0
0
0
0
0
0
-3.1959
0
0
-1.857
0
5.0528
0
0
0
0
0
0
0
-8.6402
0
0
0
0
0
0
0
0
0
0
0
0
0
0
0
0
0
0
0
0
0
0
8.6402
0
0
0
0
0
0
0
0
0
0
0
0
0
0
0
0
0
0
-5.4785
0
0
0
0
0
0
0
0
0
0
0
5.4785
0
0
0
0
0
0
0
0
0
0
0
0
0
0
0
0
0
0
0
0
0
-1.3621
0
0
0
0
0
0
0
0
1.3621
