35.1874
-0.80428
-0.81262
-0.82231
-0.82037
-0.82037
-0.82037
-0.76836
-0.77073
-0.76039
-0.75918
-0.77067
-0.77067
-0.75628
-0.75628
-0.7807
-0.77035
-0.85594
-0.77867
-1.4609
-0.27454
0
0
0
0
0
0
-9.6267
-9.6267
0
-0.80428
16.1109
-0.83161
-0.81758
-0.81665
-0.81665
-0.81665
-0.76354
-0.76709
-0.80369
-0.75567
-0.7652
-0.7652
-0.75094
-0.75094
-0.77515
-0.79904
-0.84268
-0.76518
-1.4371
0
-0.46601
0
0
0
0
0
0
0
0
-0.81262
-0.83161
24.1238
-0.83498
-0.83352
-0.83352
-0.83352
-0.77863
-0.78242
-0.79697
-0.77049
-0.78074
-0.78074
-0.76611
-0.76611
-0.79094
-0.80759
-0.86408
-0.78469
-1.4696
0
0
0
0
0
0
0
0
0
-8.205
-0.82231
-0.81758
-0.83498
15.7467
-0.82217
-0.82217
-0.82217
-0.77256
-0.77125
-0.80407
-0.75956
-0.76869
-0.76869
-0.75435
-0.75435
-0.77869
-0.81472
-0.84708
-0.76885
-1.4425
0
0
0
0
0
0
0
0
0
0
-0.82037
-0.81665
-0.83352
-0.82217
14.2139
-0.80417
-0.80417
-0.77148
-0.7644
-0.80785
-0.75348
-0.7635
-0.7635
-0.74927
-0.74927
-0.77342
-0.81011
-0.84236
-0.7642
0
0
0
0
0
0
0
0
0
0
0
-0.82037
-0.81665
-0.83352
-0.82217
-0.80417
14.2139
-0.80417
-0.77148
-0.7644
-0.80785
-0.75348
-0.7635
-0.7635
-0.74927
-0.74927
-0.77342
-0.81011
-0.84236
-0.7642
0
0
0
0
0
0
0
0
0
0
0
-0.82037
-0.81665
-0.83352
-0.82217
-0.80417
-0.80417
14.2139
-0.77148
-0.7644
-0.80785
-0.75348
-0.7635
-0.7635
-0.74927
-0.74927
-0.77342
-0.81011
-0.84236
-0.7642
0
0
0
0
0
0
0
0
0
0
0
-0.76836
-0.76354
-0.77863
-0.77256
-0.77148
-0.77148
-0.77148
12.0962
-0.71604
-0.73931
-0.69542
-0.70624
-0.70624
-0.69331
-0.69331
-0.71524
-0.74103
0
0
0
-0.29257
0
0
0
0
0
0
0
0
0
-0.77073
-0.76709
-0.78242
-0.77125
-0.7644
-0.7644
-0.7644
-0.71604
12.623
-0.75124
-0.70038
-0.71055
-0.71055
-0.69752
-0.69752
-0.71962
-0.75158
-0.78336
0
0
0
0
0
0
0
0
0
0
0
0
-0.76039
-0.80369
-0.79697
-0.80407
-0.80785
-0.80785
-0.80785
-0.73931
-0.75124
18.7343
-0.71848
-0.72665
-0.72665
-0.71327
-0.71327
-0.73598
0
0
0
0
0
0
-0.44846
0
-6.8723
0
0
0
0
0
-0.75918
-0.75567
-0.77049
-0.75956
-0.75348
-0.75348
-0.75348
-0.69542
-0.70038
-0.71848
11.6475
-0.70126
-0.70126
-0.68844
-0.68844
-0.71019
-0.73831
0
0
0
0
0
0
0
0
0
0
0
0
0
-0.77067
-0.7652
-0.78074
-0.76869
-0.7635
-0.7635
-0.7635
-0.70624
-0.71055
-0.72665
-0.70126
11.0417
-0.70953
-0.69652
-0.69652
-0.71858
0
0
0
0
0
0
0
0
0
0
0
0
0
0
-0.77067
-0.7652
-0.78074
-0.76869
-0.7635
-0.7635
-0.7635
-0.70624
-0.71055
-0.72665
-0.70126
-0.70953
11.0417
-0.69652
-0.69652
-0.71858
0
0
0
0
0
0
0
0
0
0
0
0
0
0
-0.75628
-0.75094
-0.76611
-0.75435
-0.74927
-0.74927
-0.74927
-0.69331
-0.69752
-0.71327
-0.68844
-0.69652
-0.69652
10.1121
-0.65103
0
0
0
0
0
0
0
0
0
0
0
0
0
0
0
-0.75628
-0.75094
-0.76611
-0.75435
-0.74927
-0.74927
-0.74927
-0.69331
-0.69752
-0.71327
-0.68844
-0.69652
-0.69652
-0.65103
10.1121
0
0
0
0
0
0
0
0
0
0
0
0
0
0
0
-0.7807
-0.77515
-0.79094
-0.77869
-0.77342
-0.77342
-0.77342
-0.71524
-0.71962
-0.73598
-0.71019
-0.71858
-0.71858
0
0
9.7639
0
0
0
0
0
0
0
0
0
0
0
0
0
0
-0.77035
-0.79904
-0.80759
-0.81472
-0.81011
-0.81011
-0.81011
-0.74103
-0.75158
0
-0.73831
0
0
0
0
0
12.1808
0
0
0
0
0
0
0
0
0
-4.3278
0
0
0
-0.85594
-0.84268
-0.86408
-0.84708
-0.84236
-0.84236
-0.84236
0
-0.78336
0
0
0
0
0
0
0
0
6.7202
0
0
0
0
0
0
0
0
0
0
0
0
-0.77867
-0.76518
-0.78469
-0.76885
-0.7642
-0.7642
-0.7642
0
0
0
0
0
0
0
0
0
0
0
5.39
0
0
0
0
0
0
0
0
0
0
0
-1.4609
-1.4371
-1.4696
-1.4425
0
0
0
0
0
0
0
0
0
0
0
0
0
0
0
5.81
0
0
0
0
0
0
0
0
0
0
-0.27454
0
0
0
0
0
0
-0.29257
0
0
0
0
0
0
0
0
0
0
0
0
0.67161
0
0
0
0
-0.1045
0
0
0
0
0
-0.46601
0
0
0
0
0
0
0
0
0
0
0
0
0
0
0
0
0
0
0
2.1309
0
-1.6649
0
0
0
0
0
0
0
0
0
0
0
0
0
0
0
-0.44846
0
0
0
0
0
0
0
0
0
0
0
0
2.067
-1.6185
0
0
0
0
0
0
0
0
0
0
0
0
0
0
0
0
0
0
0
0
0
0
0
0
0
0
0
-1.6649
-1.6185
3.2834
0
0
0
0
0
0
0
0
0
0
0
0
0
0
0
-6.8723
0
0
0
0
0
0
0
0
0
0
0
0
0
0
6.8723
0
0
0
0
0
0
0
0
0
0
0
0
0
0
0
0
0
0
0
0
0
0
0
0
0
-0.1045
0
0
0
0
0.1045
0
0
0
0
0
0
0
0
0
0
0
0
0
0
0
0
0
0
0
0
-4.3278
0
0
0
0
0
0
0
0
0
4.3278
0
0
0
-9.6267
0
0
0
0
0
0
0
0
0
0
0
0
0
0
0
0
0
0
0
0
0
0
0
0
0
0
9.6267
0
0
-9.6267
0
0
0
0
0
0
0
0
0
0
0
0
0
0
0
0
0
0
0
0
0
0
0
0
0
0
0
9.6267
0
0
0
-8.205
0
0
0
0
0
0
0
0
0
0
0
0
0
0
0
0
0
0
0
0
0
0
0
0
0
0
8.205
