28.9104
-1.0761
-1.0586
-0.87835
-0.87835
-0.87835
-0.87835
-0.90603
-0.87835
-0.87835
-0.93024
-0.98691
-0.94335
-0.94335
-1.0553
-1.0553
-0.95714
-0.98007
-0.88875
-0.88875
-0.88875
-0.79651
0
0
-9.2853
0
0
0
0
0
-1.0761
28.9104
-1.0586
-0.87835
-0.87835
-0.87835
-0.87835
-0.90603
-0.87835
-0.87835
-0.93024
-0.98691
-0.94335
-0.94335
-1.0553
-1.0553
-0.95714
-0.98007
-0.88875
-0.88875
-0.88875
-0.79651
0
0
0
-9.2853
0
0
0
0
-1.0586
-1.0586
19.5563
-0.86054
-0.86054
-0.86054
-0.86054
-0.89254
-0.86054
-0.86054
-0.90962
-0.97232
-0.92072
-0.92072
-1.0448
-1.0448
-0.9497
-0.9555
-0.86672
-0.86672
-0.86672
-0.77688
-0.28821
0
0
0
0
0
0
0
-0.87835
-0.87835
-0.86054
16.0496
-0.70221
-0.70221
-0.70221
-0.75538
-0.70221
-0.70221
-0.75317
-0.80358
-0.76105
-0.76105
-0.86253
-0.86253
-0.77416
-0.78749
-0.71789
-0.71789
-0.71789
-0.64673
0
0
0
0
0
0
0
0
-0.87835
-0.87835
-0.86054
-0.70221
16.0496
-0.70221
-0.70221
-0.75538
-0.70221
-0.70221
-0.75317
-0.80358
-0.76105
-0.76105
-0.86253
-0.86253
-0.77416
-0.78749
-0.71789
-0.71789
-0.71789
-0.64673
0
0
0
0
0
0
0
0
-0.87835
-0.87835
-0.86054
-0.70221
-0.70221
16.0496
-0.70221
-0.75538
-0.70221
-0.70221
-0.75317
-0.80358
-0.76105
-0.76105
-0.86253
-0.86253
-0.77416
-0.78749
-0.71789
-0.71789
-0.71789
-0.64673
0
0
0
0
0
0
0
0
-0.87835
-0.87835
-0.86054
-0.70221
-0.70221
-0.70221
16.0496
-0.75538
-0.70221
-0.70221
-0.75317
-0.80358
-0.76105
-0.76105
-0.86253
-0.86253
-0.77416
-0.78749
-0.71789
-0.71789
-0.71789
-0.64673
0
0
0
0
0
0
0
0
-0.90603
-0.90603
-0.89254
-0.75538
-0.75538
-0.75538
-0.75538
24.5567
-0.75538
-0.75538
-0.75698
-0.79342
-0.76625
-0.76625
-0.84731
-0.84731
-0.77266
-0.79408
-0.7245
-0.7245
-0.7245
0
0
-8.8021
0
0
0
0
0
0
-0.87835
-0.87835
-0.86054
-0.70221
-0.70221
-0.70221
-0.70221
-0.75538
16.0496
-0.70221
-0.75317
-0.80358
-0.76105
-0.76105
-0.86253
-0.86253
-0.77416
-0.78749
-0.71789
-0.71789
-0.71789
-0.64673
0
0
0
0
0
0
0
0
-0.87835
-0.87835
-0.86054
-0.70221
-0.70221
-0.70221
-0.70221
-0.75538
-0.70221
16.0496
-0.75317
-0.80358
-0.76105
-0.76105
-0.86253
-0.86253
-0.77416
-0.78749
-0.71789
-0.71789
-0.71789
-0.64673
0
0
0
0
0
0
0
0
-0.93024
-0.93024
-0.90962
-0.75317
-0.75317
-0.75317
-0.75317
-0.75698
-0.75317
-0.75317
13.1559
-0.84561
-0.80653
-0.80653
-0.90682
-0.90682
0
-0.8375
0
0
0
0
0
0
0
0
0
0
0
0
-0.98691
-0.98691
-0.97232
-0.80358
-0.80358
-0.80358
-0.80358
-0.79342
-0.80358
-0.80358
-0.84561
16.3591
-0.87028
-0.87028
0
0
0
0
0
0
0
0
0
0
0
0
0
0
-5.2119
0
-0.94335
-0.94335
-0.92072
-0.76105
-0.76105
-0.76105
-0.76105
-0.76625
-0.76105
-0.76105
-0.80653
-0.87028
10.5741
-0.7573
0
0
0
0
0
0
0
0
0
0
0
0
0
0
0
0
-0.94335
-0.94335
-0.92072
-0.76105
-0.76105
-0.76105
-0.76105
-0.76625
-0.76105
-0.76105
-0.80653
-0.87028
-0.7573
10.5741
0
0
0
0
0
0
0
0
0
0
0
0
0
0
0
0
-1.0553
-1.0553
-1.0448
-0.86253
-0.86253
-0.86253
-0.86253
-0.84731
-0.86253
-0.86253
-0.90682
0
0
0
13.6904
0
0
0
0
0
0
0
0
0
0
0
0
0
0
-3.6058
-1.0553
-1.0553
-1.0448
-0.86253
-0.86253
-0.86253
-0.86253
-0.84731
-0.86253
-0.86253
-0.90682
0
0
0
0
13.6904
0
0
0
0
0
0
0
0
0
0
-3.6058
0
0
0
-0.95714
-0.95714
-0.9497
-0.77416
-0.77416
-0.77416
-0.77416
-0.77266
-0.77416
-0.77416
0
0
0
0
0
0
8.5812
0
0
0
0
0
-0.29958
0
0
0
0
0
0
0
-0.98007
-0.98007
-0.9555
-0.78749
-0.78749
-0.78749
-0.78749
-0.79408
-0.78749
-0.78749
-0.8375
0
0
0
0
0
0
9.2721
0
0
0
0
0
0
0
0
0
0
0
0
-0.88875
-0.88875
-0.86672
-0.71789
-0.71789
-0.71789
-0.71789
-0.7245
-0.71789
-0.71789
0
0
0
0
0
0
0
0
7.6761
0
0
0
0
0
0
0
0
0
0
0
-0.88875
-0.88875
-0.86672
-0.71789
-0.71789
-0.71789
-0.71789
-0.7245
-0.71789
-0.71789
0
0
0
0
0
0
0
0
0
7.6761
0
0
0
0
0
0
0
0
0
0
-0.88875
-0.88875
-0.86672
-0.71789
-0.71789
-0.71789
-0.71789
-0.7245
-0.71789
-0.71789
0
0
0
0
0
0
0
0
0
0
7.6761
0
0
0
0
0
0
0
0
0
-0.79651
-0.79651
-0.77688
-0.64673
-0.64673
-0.64673
-0.64673
0
-0.64673
-0.64673
0
0
0
0
0
0
0
0
0
0
0
6.2503
0
0
0
0
0
0
0
0
0
0
-0.28821
0
0
0
0
0
0
0
0
0
0
0
0
0
-0.29958
0
0
0
0
0
0.69229
0
0
0
0
-0.1045
0
0
0
0
0
0
0
0
0
-8.8021
0
0
0
0
0
0
0
0
0
0
0
0
0
0
0
8.8021
0
0
0
0
0
0
-9.2853
0
0
0
0
0
0
0
0
0
0
0
0
0
0
0
0
0
0
0
0
0
0
0
9.2853
0
0
0
0
0
0
-9.2853
0
0
0
0
0
0
0
0
0
0
0
0
0
0
0
0
0
0
0
0
0
0
0
9.2853
0
0
0
0
0
0
0
0
0
0
0
0
0
0
0
0
0
0
0
-3.6058
0
0
0
0
0
0
0
0
0
0
3.6058
0
0
0
0
0
0
0
0
0
0
0
0
0
0
0
0
0
0
0
0
0
0
0
0
0
-0.1045
0
0
0
0
0.1045
0
0
0
0
0
0
0
0
0
0
0
0
0
-5.2119
0
0
0
0
0
0
0
0
0
0
0
0
0
0
0
0
5.2119
0
0
0
0
0
0
0
0
0
0
0
0
0
0
0
-3.6058
0
0
0
0
0
0
0
0
0
0
0
0
0
0
3.6058
