25.2114
-0.86864
-0.89117
-0.76858
-0.76858
-0.76858
-0.8521
-0.89475
-0.84858
-0.84858
-0.84251
-0.84858
-0.73447
-0.73447
-0.73447
-0.82596
-0.7399
-0.89335
-1.0374
-0.72736
0
0
0
0
0
0
-9.5834
0
0
0
-0.86864
15.5123
-0.86864
-0.74882
-0.74882
-0.74882
-0.82741
-0.87253
-0.82236
-0.82236
-0.81938
-0.82236
-0.71276
-0.71276
-0.71276
-0.79971
-0.71822
-0.88405
-1.0502
-0.70453
-0.24712
0
0
0
0
0
0
0
0
0
-0.89117
-0.86864
25.2114
-0.76858
-0.76858
-0.76858
-0.8521
-0.89475
-0.84858
-0.84858
-0.84251
-0.84858
-0.73447
-0.73447
-0.73447
-0.82596
-0.7399
-0.89335
-1.0374
-0.72736
0
0
0
0
-9.5834
0
0
0
0
0
-0.76858
-0.74882
-0.76858
13.6446
-0.66225
-0.66225
-0.73749
-0.77816
-0.73422
-0.73422
-0.73329
-0.73422
-0.63861
-0.63861
-0.63861
-0.71246
-0.6402
-0.7933
-0.89236
-0.62838
0
0
0
0
0
0
0
0
0
0
-0.76858
-0.74882
-0.76858
-0.66225
13.6446
-0.66225
-0.73749
-0.77816
-0.73422
-0.73422
-0.73329
-0.73422
-0.63861
-0.63861
-0.63861
-0.71246
-0.6402
-0.7933
-0.89236
-0.62838
0
0
0
0
0
0
0
0
0
0
-0.76858
-0.74882
-0.76858
-0.66225
-0.66225
13.6446
-0.73749
-0.77816
-0.73422
-0.73422
-0.73329
-0.73422
-0.63861
-0.63861
-0.63861
-0.71246
-0.6402
-0.7933
-0.89236
-0.62838
0
0
0
0
0
0
0
0
0
0
-0.8521
-0.82741
-0.8521
-0.73749
-0.73749
-0.73749
21.1285
-0.84796
-0.8212
-0.8212
-0.81269
-0.8212
-0.70737
-0.70737
-0.70737
-0.7929
-0.72661
0
0
0
0
0
0
0
0
0
0
0
-8.6186
0
-0.89475
-0.87253
-0.89475
-0.77816
-0.77816
-0.77816
-0.84796
20.5509
-0.89286
-0.89286
-0.92592
-0.89286
-0.75217
-0.75217
-0.75217
0
0
0
0
0
0
0
0
-0.58716
0
0
0
0
0
-8.2583
-0.84858
-0.82236
-0.84858
-0.73422
-0.73422
-0.73422
-0.8212
-0.89286
11.754
-0.80171
-0.85738
-0.80171
-0.69017
-0.69017
-0.69017
-0.78647
0
0
0
0
0
0
0
0
0
0
0
0
0
0
-0.84858
-0.82236
-0.84858
-0.73422
-0.73422
-0.73422
-0.8212
-0.89286
-0.80171
11.754
-0.85738
-0.80171
-0.69017
-0.69017
-0.69017
-0.78647
0
0
0
0
0
0
0
0
0
0
0
0
0
0
-0.84251
-0.81938
-0.84251
-0.73329
-0.73329
-0.73329
-0.81269
-0.92592
-0.85738
-0.85738
11.5835
-0.85738
-0.67246
-0.67246
-0.67246
0
0
0
0
0
0
0
-0.55115
0
0
0
0
0
0
0
-0.84858
-0.82236
-0.84858
-0.73422
-0.73422
-0.73422
-0.8212
-0.89286
-0.80171
-0.80171
-0.85738
11.754
-0.69017
-0.69017
-0.69017
-0.78647
0
0
0
0
0
0
0
0
0
0
0
0
0
0
-0.73447
-0.71276
-0.73447
-0.63861
-0.63861
-0.63861
-0.70737
-0.75217
-0.69017
-0.69017
-0.67246
-0.69017
9.4363
-0.56812
-0.56812
0
0
0
0
0
0
0
0
0
0
0
0
0
0
0
-0.73447
-0.71276
-0.73447
-0.63861
-0.63861
-0.63861
-0.70737
-0.75217
-0.69017
-0.69017
-0.67246
-0.69017
-0.56812
9.4363
-0.56812
0
0
0
0
0
0
0
0
0
0
0
0
0
0
0
-0.73447
-0.71276
-0.73447
-0.63861
-0.63861
-0.63861
-0.70737
-0.75217
-0.69017
-0.69017
-0.67246
-0.69017
-0.56812
-0.56812
9.4363
0
0
0
0
0
0
0
0
0
0
0
0
0
0
0
-0.82596
-0.79971
-0.82596
-0.71246
-0.71246
-0.71246
-0.7929
0
-0.78647
-0.78647
0
-0.78647
0
0
0
7.7413
0
0
0
0
0
0
0
0
0
0
0
0
0
0
-0.7399
-0.71822
-0.7399
-0.6402
-0.6402
-0.6402
-0.72661
0
0
0
0
0
0
0
0
0
4.8452
0
0
0
0
0
0
0
0
0
0
0
0
0
-0.89335
-0.88405
-0.89335
-0.7933
-0.7933
-0.7933
0
0
0
0
0
0
0
0
0
0
0
6.8517
0
0
0
0
0
0
0
0
0
-1.8011
0
0
-1.0374
-1.0502
-1.0374
-0.89236
-0.89236
-0.89236
0
0
0
0
0
0
0
0
0
0
0
0
6.2717
0
-0.46958
0
0
0
0
0
0
0
0
0
-0.72736
-0.70453
-0.72736
-0.62838
-0.62838
-0.62838
0
0
0
0
0
0
0
0
0
0
0
0
0
4.0444
0
0
0
0
0
0
0
0
0
0
0
-0.24712
0
0
0
0
0
0
0
0
0
0
0
0
0
0
0
0
-0.46958
0
0.82121
0
0
0
0
-0.1045
0
0
0
0
0
0
0
0
0
0
0
0
0
0
0
0
0
0
0
0
0
0
0
0
0
5.3171
-2.6874
-2.6297
0
0
0
0
0
0
0
0
0
0
0
0
0
0
0
0
-0.55115
0
0
0
0
0
0
0
0
0
0
-2.6874
3.2386
0
0
0
0
0
0
0
0
0
0
0
0
0
0
-0.58716
0
0
0
0
0
0
0
0
0
0
0
0
0
-2.6297
0
3.2169
0
0
0
0
0
0
0
0
-9.5834
0
0
0
0
0
0
0
0
0
0
0
0
0
0
0
0
0
0
0
0
0
9.5834
0
0
0
0
0
0
0
0
0
0
0
0
0
0
0
0
0
0
0
0
0
0
0
0
0
-0.1045
0
0
0
0
0.1045
0
0
0
0
-9.5834
0
0
0
0
0
0
0
0
0
0
0
0
0
0
0
0
0
0
0
0
0
0
0
0
0
9.5834
0
0
0
0
0
0
0
0
0
0
0
0
0
0
0
0
0
0
0
0
-1.8011
0
0
0
0
0
0
0
0
0
1.8011
0
0
0
0
0
0
0
0
-8.6186
0
0
0
0
0
0
0
0
0
0
0
0
0
0
0
0
0
0
0
0
0
8.6186
0
0
0
0
0
0
0
0
-8.2583
0
0
0
0
0
0
0
0
0
0
0
0
0
0
0
0
0
0
0
0
0
8.2583
