16.0202
-0.75626
-0.82973
-0.82973
-0.82973
-0.69039
-0.69039
-0.70919
-0.69039
-0.69039
-0.69417
-0.69417
-0.69417
-0.69818
-0.69818
-0.71353
-0.73217
-0.51049
-0.62813
-0.48339
0
-2.7574
0
0
0
0
0
0
0
0
-0.75626
18.3329
-0.84027
-0.84027
-0.84027
-0.69843
-0.69843
-0.7006
-0.69843
-0.69843
-0.70261
-0.70261
-0.70261
-0.70667
-0.70667
-0.72142
-0.74289
0
-0.64104
-0.44673
-0.79194
0
0
-4.6963
0
0
0
0
0
0
-0.82973
-0.84027
14.0307
-0.95277
-0.95277
-0.79404
-0.79404
-0.84605
-0.79404
-0.79404
-0.79911
-0.79911
-0.79911
-0.80378
-0.80378
-0.82607
-0.84337
0
-0.75865
0
0
0
0
0
0
0
0
0
0
0
-0.82973
-0.84027
-0.95277
14.0307
-0.95277
-0.79404
-0.79404
-0.84605
-0.79404
-0.79404
-0.79911
-0.79911
-0.79911
-0.80378
-0.80378
-0.82607
-0.84337
0
-0.75865
0
0
0
0
0
0
0
0
0
0
0
-0.82973
-0.84027
-0.95277
-0.95277
14.0307
-0.79404
-0.79404
-0.84605
-0.79404
-0.79404
-0.79911
-0.79911
-0.79911
-0.80378
-0.80378
-0.82607
-0.84337
0
-0.75865
0
0
0
0
0
0
0
0
0
0
0
-0.69039
-0.69843
-0.79404
-0.79404
-0.79404
10.943
-0.62867
-0.72004
-0.62867
-0.62867
-0.64279
-0.64279
-0.64279
-0.64649
-0.64649
-0.66179
-0.68291
0
0
0
0
0
0
0
0
0
0
0
0
0
-0.69039
-0.69843
-0.79404
-0.79404
-0.79404
-0.62867
10.943
-0.72004
-0.62867
-0.62867
-0.64279
-0.64279
-0.64279
-0.64649
-0.64649
-0.66179
-0.68291
0
0
0
0
0
0
0
0
0
0
0
0
0
-0.70919
-0.7006
-0.84605
-0.84605
-0.84605
-0.72004
-0.72004
20.8751
-0.72004
-0.72004
-0.63949
-0.63949
-0.63949
-0.64317
-0.64317
-0.64189
0
0
0
0
0
0
0
0
0
0
0
0
0
-10.2003
-0.69039
-0.69843
-0.79404
-0.79404
-0.79404
-0.62867
-0.62867
-0.72004
10.943
-0.62867
-0.64279
-0.64279
-0.64279
-0.64649
-0.64649
-0.66179
-0.68291
0
0
0
0
0
0
0
0
0
0
0
0
0
-0.69039
-0.69843
-0.79404
-0.79404
-0.79404
-0.62867
-0.62867
-0.72004
-0.62867
10.943
-0.64279
-0.64279
-0.64279
-0.64649
-0.64649
-0.66179
-0.68291
0
0
0
0
0
0
0
0
0
0
0
0
0
-0.69417
-0.70261
-0.79911
-0.79911
-0.79911
-0.64279
-0.64279
-0.63949
-0.64279
-0.64279
9.6347
-0.6556
-0.6556
-0.65938
-0.65938
0
0
0
0
0
0
0
0
0
0
0
0
0
0
0
-0.69417
-0.70261
-0.79911
-0.79911
-0.79911
-0.64279
-0.64279
-0.63949
-0.64279
-0.64279
-0.6556
9.6347
-0.6556
-0.65938
-0.65938
0
0
0
0
0
0
0
0
0
0
0
0
0
0
0
-0.69417
-0.70261
-0.79911
-0.79911
-0.79911
-0.64279
-0.64279
-0.63949
-0.64279
-0.64279
-0.6556
-0.6556
9.6347
-0.65938
-0.65938
0
0
0
0
0
0
0
0
0
0
0
0
0
0
0
-0.69818
-0.70667
-0.80378
-0.80378
-0.80378
-0.64649
-0.64649
-0.64317
-0.64649
-0.64649
-0.65938
-0.65938
-0.65938
9.0235
0
0
0
0
0
0
0
0
0
0
0
0
0
0
0
0
-0.69818
-0.70667
-0.80378
-0.80378
-0.80378
-0.64649
-0.64649
-0.64317
-0.64649
-0.64649
-0.65938
-0.65938
-0.65938
0
9.0235
0
0
0
0
0
0
0
0
0
0
0
0
0
0
0
-0.71353
-0.72142
-0.82607
-0.82607
-0.82607
-0.66179
-0.66179
-0.64189
-0.66179
-0.66179
0
0
0
0
0
7.7023
0
-0.50014
0
0
0
0
0
0
0
0
0
0
0
0
-0.73217
-0.74289
-0.84337
-0.84337
-0.84337
-0.68291
-0.68291
0
-0.68291
-0.68291
0
0
0
0
0
0
6.7368
0
0
0
0
0
0
0
0
0
0
0
0
0
-0.51049
0
0
0
0
0
0
0
0
0
0
0
0
0
0
-0.50014
0
17.8392
0
-0.86623
0
0
-4.9276
0
-5.5174
0
-5.5174
0
0
0
-0.62813
-0.64104
-0.75865
-0.75865
-0.75865
0
0
0
0
0
0
0
0
0
0
0
0
0
4.2501
0
-0.70497
0
0
0
0
0
0
0
0
0
-0.48339
-0.44673
0
0
0
0
0
0
0
0
0
0
0
0
0
0
0
-0.86623
0
11.5832
0
0
0
0
0
0
0
-4.8934
-4.8934
0
0
-0.79194
0
0
0
0
0
0
0
0
0
0
0
0
0
0
0
0
-0.70497
0
5.5802
-1.8389
0
0
0
-2.2444
0
0
0
0
-2.7574
0
0
0
0
0
0
0
0
0
0
0
0
0
0
0
0
0
0
0
-1.8389
4.5963
0
0
0
0
0
0
0
0
0
0
0
0
0
0
0
0
0
0
0
0
0
0
0
0
0
-4.9276
0
0
0
0
6.3165
-1.389
0
0
0
0
0
0
0
-4.6963
0
0
0
0
0
0
0
0
0
0
0
0
0
0
0
0
0
0
0
0
-1.389
6.0853
0
0
0
0
0
0
0
0
0
0
0
0
0
0
0
0
0
0
0
0
0
0
0
-5.5174
0
0
0
0
0
0
5.5174
0
0
0
0
0
0
0
0
0
0
0
0
0
0
0
0
0
0
0
0
0
0
0
0
0
-2.2444
0
0
0
0
2.2444
0
0
0
0
0
0
0
0
0
0
0
0
0
0
0
0
0
0
0
0
0
-5.5174
0
0
0
0
0
0
0
0
5.5174
0
0
0
0
0
0
0
0
0
0
0
0
0
0
0
0
0
0
0
0
0
0
-4.8934
0
0
0
0
0
0
0
4.8934
0
0
0
0
0
0
0
0
0
0
0
0
0
0
0
0
0
0
0
0
0
-4.8934
0
0
0
0
0
0
0
0
4.8934
0
0
0
0
0
0
0
0
-10.2003
0
0
0
0
0
0
0
0
0
0
0
0
0
0
0
0
0
0
0
0
0
10.2003
