27.5201
-0.4255
-0.43449
-0.41497
-0.38492
-0.40262
-0.40262
-0.40262
-0.38636
-0.36775
-0.37223
-0.3838
-0.3838
-0.40211
-0.23298
0
0
-0.40818
0
0
0
0
-10.8576
0
0
0
-10.8576
0
0
0
-0.4255
13.9141
-0.4435
-0.4269
-0.4109
-0.4189
-0.4189
-0.4189
-0.3972
-0.37533
-0.38015
-0.39204
-0.39204
-0.40888
-0.24579
0
0
-0.39833
0
0
0
0
0
-7.9609
0
0
0
0
0
0
-0.43449
-0.4435
6.3027
-0.45215
-0.43638
-0.42935
-0.42935
-0.42935
-0.40857
-0.3716
-0.38291
-0.39491
-0.39491
-0.41102
0
0
-0.48402
-0.40016
0
0
0
0
0
0
0
0
0
0
0
0
-0.41497
-0.4269
-0.45215
5.6898
-0.42081
-0.42074
-0.42074
-0.42074
-0.40294
-0.38107
-0.38121
-0.39314
-0.39314
-0.41005
0
-0.1045
0
0
-0.24667
0
0
0
0
0
0
0
0
0
0
0
-0.38492
-0.4109
-0.43638
-0.42081
24.4857
-0.40484
-0.40484
-0.40484
-0.3945
-0.33118
-0.3484
-0.35904
-0.35904
0
0
0
0
0
0
0
0
-9.913
0
0
-9.913
0
0
0
0
0
-0.40262
-0.4189
-0.42935
-0.42074
-0.40484
11.7557
-0.39061
-0.39061
-0.37544
-0.3469
-0.35565
-0.36656
-0.36656
-0.38383
0
0
0
0
0
0
-6.7031
0
0
0
0
0
0
0
0
0
-0.40262
-0.4189
-0.42935
-0.42074
-0.40484
-0.39061
11.7557
-0.39061
-0.37544
-0.3469
-0.35565
-0.36656
-0.36656
-0.38383
0
0
0
0
0
0
0
0
0
0
0
0
0
0
-6.7031
0
-0.40262
-0.4189
-0.42935
-0.42074
-0.40484
-0.39061
-0.39061
11.7557
-0.37544
-0.3469
-0.35565
-0.36656
-0.36656
-0.38383
0
0
0
0
0
-6.7031
0
0
0
0
0
0
0
0
0
0
-0.38636
-0.3972
-0.40857
-0.40294
-0.3945
-0.37544
-0.37544
-0.37544
5.1093
-0.33461
-0.34423
-0.35471
-0.35471
-0.37105
0
0
0
0
-0.2341
0
0
0
0
0
0
0
0
0
0
0
-0.36775
-0.37533
-0.3716
-0.38107
-0.33118
-0.3469
-0.3469
-0.3469
-0.33461
4.6101
-0.33004
-0.33999
-0.33999
0
0
0
-0.39787
0
0
0
0
0
0
0
0
0
0
0
0
0
-0.37223
-0.38015
-0.38291
-0.38121
-0.3484
-0.35565
-0.35565
-0.35565
-0.34423
-0.33004
4.2738
-0.33386
-0.33386
0
0
0
0
0
0
0
0
0
0
0
0
0
0
0
0
0
-0.3838
-0.39204
-0.39491
-0.39314
-0.35904
-0.36656
-0.36656
-0.36656
-0.35471
-0.33999
-0.33386
4.0512
0
0
0
0
0
0
0
0
0
0
0
0
0
0
0
0
0
0
-0.3838
-0.39204
-0.39491
-0.39314
-0.35904
-0.36656
-0.36656
-0.36656
-0.35471
-0.33999
-0.33386
0
4.0512
0
0
0
0
0
0
0
0
0
0
0
0
0
0
0
0
0
-0.40211
-0.40888
-0.41102
-0.41005
0
-0.38383
-0.38383
-0.38383
-0.37105
0
0
0
0
3.1546
0
0
0
0
0
0
0
0
0
0
0
0
0
0
0
0
-0.23298
-0.24579
0
0
0
0
0
0
0
0
0
0
0
0
0.64652
0
0
0
0
0
0
0
0
0
0
0
0
0
0
-0.16776
0
0
0
-0.1045
0
0
0
0
0
0
0
0
0
0
0
1.1754
-0.8463
0
0
0
0
0
0
0
0
0
0
-0.22461
0
0
0
0
-0.48402
0
0
0
0
0
0
-0.39787
0
0
0
0
0
-0.8463
1.7282
0
0
0
0
0
0
0
0
0
0
0
0
0
-0.40818
-0.39833
-0.40016
0
0
0
0
0
0
0
0
0
0
0
0
0
0
1.2067
0
0
0
0
0
0
0
0
0
0
0
0
0
0
0
-0.24667
0
0
0
0
-0.2341
0
0
0
0
0
0
0
0
0
0.64514
0
0
0
0
0
0
-0.16437
0
0
0
0
0
0
0
0
0
0
0
-6.7031
0
0
0
0
0
0
0
0
0
0
0
6.7031
0
0
0
0
0
0
0
0
0
0
0
0
0
0
0
-6.7031
0
0
0
0
0
0
0
0
0
0
0
0
0
0
6.7031
0
0
0
0
0
0
0
0
0
0
0
0
0
-9.913
0
0
0
0
0
0
0
0
0
0
0
0
0
0
0
0
9.913
0
0
0
0
0
0
0
0
-10.8576
0
0
0
0
0
0
0
0
0
0
0
0
0
0
0
0
0
0
0
0
0
10.8576
0
0
0
0
0
0
0
0
-7.9609
0
0
0
0
0
0
0
0
0
0
0
0
0
0
0
0
0
0
0
0
0
7.9609
0
0
0
0
0
0
0
0
0
0
-9.913
0
0
0
0
0
0
0
0
0
0
0
0
0
0
0
0
0
0
0
9.913
0
0
0
0
0
0
0
0
0
0
0
0
0
0
0
0
0
0
0
0
0
0
0
-0.16437
0
0
0
0
0
0
0.16437
0
0
0
0
-10.8576
0
0
0
0
0
0
0
0
0
0
0
0
0
0
0
0
0
0
0
0
0
0
0
0
0
10.8576
0
0
0
0
0
0
0
0
0
0
0
0
0
0
0
0
0
0
-0.22461
0
0
0
0
0
0
0
0
0
0
0
0.22461
0
0
0
0
0
0
0
0
-6.7031
0
0
0
0
0
0
0
0
0
0
0
0
0
0
0
0
0
0
0
0
0
6.7031
0
0
0
0
0
0
0
0
0
0
0
0
0
0
0
-0.16776
0
0
0
0
0
0
0
0
0
0
0
0
0
0
0.16776
