33.5183
-0.57937
-0.61044
-0.59419
-0.59419
-0.58575
-0.58102
-0.56972
-0.58922
-0.60064
-0.60064
-0.56511
-0.60505
-0.60959
-0.54666
-0.63033
-0.72256
-0.72256
0
0
-0.72339
0
0
0
-11.2439
0
0
0
-11.2439
0
-0.57937
32.1219
-0.60071
-0.58531
-0.58531
-0.57701
-0.57193
-0.56118
-0.57589
-0.59153
-0.59153
-0.55665
-0.59634
-0.60008
-0.53454
-0.62129
-0.71326
-0.71326
0
0
0
-10.9834
0
-10.9834
0
0
0
0
0
0
-0.61044
-0.60071
18.669
-0.59279
-0.59279
-0.58878
-0.58037
-0.57298
-0.60345
-0.59913
-0.59913
-0.56361
-0.60216
-0.60556
-0.56771
-0.62538
-0.71442
-0.71442
0
0
0
0
0
0
0
0
0
0
0
-8.3351
-0.59419
-0.58531
-0.59279
9.8887
-0.55646
-0.56288
-0.55236
-0.54822
-0.58361
-0.5698
-0.5698
-0.53578
-0.57134
-0.57424
-0.5537
-0.59196
-0.67314
-0.67314
0
0
0
0
0
0
0
0
0
0
0
0
-0.59419
-0.58531
-0.59279
-0.55646
9.8887
-0.56288
-0.55236
-0.54822
-0.58361
-0.5698
-0.5698
-0.53578
-0.57134
-0.57424
-0.5537
-0.59196
-0.67314
-0.67314
0
0
0
0
0
0
0
0
0
0
0
0
-0.58575
-0.57701
-0.58878
-0.56288
-0.56288
8.6488
-0.54308
-0.54346
-0.56937
-0.56258
-0.56258
-0.52792
-0.5636
-0.56602
-0.54192
-0.58242
0
0
-0.20855
0
0
0
0
0
0
0
0
0
0
0
-0.58102
-0.57193
-0.58037
-0.55236
-0.55236
-0.54308
8.2901
-0.53347
-0.55728
-0.55103
-0.55103
-0.51476
-0.54829
-0.55027
-0.53418
-0.5687
0
0
0
0
0
0
0
0
0
0
0
0
0
0
-0.56972
-0.56118
-0.57298
-0.54822
-0.54822
-0.54346
-0.53347
7.838
-0.54405
-0.54654
-0.54654
-0.50966
-0.54332
-0.54498
-0.52271
0
0
0
-0.20295
0
0
0
0
0
0
0
0
0
0
0
-0.58922
-0.57589
-0.60345
-0.58361
-0.58361
-0.56937
-0.55728
-0.54405
11.4309
-0.61946
-0.61946
-0.51808
0
0
0
0
0
0
0
-0.1045
0
0
-4.963
0
0
0
0
0
0
0
-0.60064
-0.59153
-0.59913
-0.5698
-0.5698
-0.56258
-0.55103
-0.54654
-0.61946
7.4218
-0.54708
-0.51031
-0.57502
-0.57891
0
0
0
0
0
0
0
0
0
0
0
0
0
0
0
0
-0.60064
-0.59153
-0.59913
-0.5698
-0.5698
-0.56258
-0.55103
-0.54654
-0.61946
-0.54708
7.4218
-0.51031
-0.57502
-0.57891
0
0
0
0
0
0
0
0
0
0
0
0
0
0
0
0
-0.56511
-0.55665
-0.56361
-0.53578
-0.53578
-0.52792
-0.51476
-0.50966
-0.51808
-0.51031
-0.51031
6.3699
-0.52192
0
0
0
0
0
0
0
0
0
0
0
0
0
0
0
0
0
-0.60505
-0.59634
-0.60216
-0.57134
-0.57134
-0.5636
-0.54829
-0.54332
0
-0.57502
-0.57502
-0.52192
6.2734
0
0
0
0
0
0
0
0
0
0
0
0
0
0
0
0
0
-0.60959
-0.60008
-0.60556
-0.57424
-0.57424
-0.56602
-0.55027
-0.54498
0
-0.57891
-0.57891
0
0
5.7828
0
0
0
0
0
0
0
0
0
0
0
0
0
0
0
0
-0.54666
-0.53454
-0.56771
-0.5537
-0.5537
-0.54192
-0.53418
-0.52271
0
0
0
0
0
0
6.517
0
0
0
0
0
-0.64029
0
0
0
0
-1.5216
0
0
0
0
-0.63033
-0.62129
-0.62538
-0.59196
-0.59196
-0.58242
-0.5687
0
0
0
0
0
0
0
0
4.212
0
0
0
0
0
0
0
0
0
0
0
0
0
0
-0.72256
-0.71326
-0.71442
-0.67314
-0.67314
0
0
0
0
0
0
0
0
0
0
0
3.4965
0
0
0
0
0
0
0
0
0
0
0
0
0
-0.72256
-0.71326
-0.71442
-0.67314
-0.67314
0
0
0
0
0
0
0
0
0
0
0
0
3.4965
0
0
0
0
0
0
0
0
0
0
0
0
0
0
0
0
0
-0.20855
0
-0.20295
0
0
0
0
0
0
0
0
0
0
0.51935
0
0
0
0
0
0
0
0
-0.10784
0
0
0
0
0
0
0
0
0
0
-0.1045
0
0
0
0
0
0
0
0
0
0
0.77646
-0.46008
0
0
0
0
0
-0.21188
0
0
0
-0.72339
0
0
0
0
0
0
0
0
0
0
0
0
0
-0.64029
0
0
0
0
-0.46008
1.8238
0
0
0
0
0
0
0
0
0
0
-10.9834
0
0
0
0
0
0
0
0
0
0
0
0
0
0
0
0
0
0
0
10.9834
0
0
0
0
0
0
0
0
0
0
0
0
0
0
0
0
-4.963
0
0
0
0
0
0
0
0
0
0
0
0
0
4.963
0
0
0
0
0
0
0
0
-10.9834
0
0
0
0
0
0
0
0
0
0
0
0
0
0
0
0
0
0
0
0
0
10.9834
0
0
0
0
0
0
-11.2439
0
0
0
0
0
0
0
0
0
0
0
0
0
0
0
0
0
0
0
0
0
0
0
11.2439
0
0
0
0
0
0
0
0
0
0
0
0
0
0
0
0
0
0
0
-1.5216
0
0
0
0
0
0
0
0
0
0
1.5216
0
0
0
0
0
0
0
0
0
0
0
0
0
0
0
0
0
0
0
0
0
0
0
-0.21188
0
0
0
0
0
0
0.21188
0
0
0
0
0
0
0
0
0
0
0
0
0
0
0
0
0
0
0
0
0
-0.10784
0
0
0
0
0
0
0
0
0.10784
0
0
-11.2439
0
0
0
0
0
0
0
0
0
0
0
0
0
0
0
0
0
0
0
0
0
0
0
0
0
0
0
11.2439
0
0
0
-8.3351
0
0
0
0
0
0
0
0
0
0
0
0
0
0
0
0
0
0
0
0
0
0
0
0
0
0
8.3351
