11.6756
-0.63787
-0.63787
-0.63787
-0.57031
-0.57031
-0.65769
-0.60634
-0.60634
-0.68188
-0.668
-0.69363
-0.70116
-0.7402
-0.58771
-0.58771
-0.5458
-0.84328
-0.70162
0
0
0
0
0
0
0
0
0
0
0
-0.63787
10.3129
-0.5799
-0.5799
-0.53096
-0.53096
-0.62429
-0.57027
-0.57027
-0.63868
-0.62869
-0.65492
-0.65946
-0.691
-0.55304
-0.55304
-0.51839
-0.79129
0
0
0
0
0
0
0
0
0
0
0
0
-0.63787
-0.5799
10.3129
-0.5799
-0.53096
-0.53096
-0.62429
-0.57027
-0.57027
-0.63868
-0.62869
-0.65492
-0.65946
-0.691
-0.55304
-0.55304
-0.51839
-0.79129
0
0
0
0
0
0
0
0
0
0
0
0
-0.63787
-0.5799
-0.5799
10.3129
-0.53096
-0.53096
-0.62429
-0.57027
-0.57027
-0.63868
-0.62869
-0.65492
-0.65946
-0.691
-0.55304
-0.55304
-0.51839
-0.79129
0
0
0
0
0
0
0
0
0
0
0
0
-0.57031
-0.53096
-0.53096
-0.53096
8.4668
-0.46087
-0.53949
-0.50679
-0.50679
-0.55022
-0.55439
-0.57558
-0.58135
-0.60267
-0.48668
-0.48668
-0.45213
0
0
0
0
0
0
0
0
0
0
0
0
0
-0.57031
-0.53096
-0.53096
-0.53096
-0.46087
8.4668
-0.53949
-0.50679
-0.50679
-0.55022
-0.55439
-0.57558
-0.58135
-0.60267
-0.48668
-0.48668
-0.45213
0
0
0
0
0
0
0
0
0
0
0
0
0
-0.65769
-0.62429
-0.62429
-0.62429
-0.53949
-0.53949
29.5059
-0.61126
-0.61126
-0.51159
-0.61585
-0.63674
-0.6474
0
0
0
0
0
0
0
0
0
0
0
0
0
0
-11.1311
-11.1311
0
-0.60634
-0.57027
-0.57027
-0.57027
-0.50679
-0.50679
-0.61126
7.8852
-0.46033
-0.61406
-0.58412
-0.6082
-0.60925
0
-0.53363
-0.53363
0
0
0
0
0
0
0
0
0
0
0
0
0
0
-0.60634
-0.57027
-0.57027
-0.57027
-0.50679
-0.50679
-0.61126
-0.46033
7.8852
-0.61406
-0.58412
-0.6082
-0.60925
0
-0.53363
-0.53363
0
0
0
0
0
0
0
0
0
0
0
0
0
0
-0.68188
-0.63868
-0.63868
-0.63868
-0.55022
-0.55022
-0.51159
-0.61406
-0.61406
26.7934
-0.6164
0
0
0
0
0
0
0
0
0
0
-0.56634
0
0
0
0
-10.0863
0
0
-10.0863
-0.668
-0.62869
-0.62869
-0.62869
-0.55439
-0.55439
-0.61585
-0.58412
-0.58412
-0.6164
6.0633
0
0
0
0
0
0
0
0
0
0
0
0
0
0
0
0
0
0
0
-0.69363
-0.65492
-0.65492
-0.65492
-0.57558
-0.57558
-0.63674
-0.6082
-0.6082
0
0
6.3604
0
0
0
0
0
0
-0.69769
0
0
0
0
0
0
0
0
0
0
0
-0.70116
-0.65946
-0.65946
-0.65946
-0.58135
-0.58135
-0.6474
-0.60925
-0.60925
0
0
0
5.7081
0
0
0
0
0
0
0
0
0
0
0
0
0
0
0
0
0
-0.7402
-0.691
-0.691
-0.691
-0.60267
-0.60267
0
0
0
0
0
0
0
8.5371
0
0
0
0
0
-0.18693
0
0
0
0
-4.3316
0
0
0
0
0
-0.58771
-0.55304
-0.55304
-0.55304
-0.48668
-0.48668
0
-0.53363
-0.53363
0
0
0
0
0
4.2874
0
0
0
0
0
0
0
0
0
0
0
0
0
0
0
-0.58771
-0.55304
-0.55304
-0.55304
-0.48668
-0.48668
0
-0.53363
-0.53363
0
0
0
0
0
0
4.2874
0
0
0
0
0
0
0
0
0
0
0
0
0
0
-0.5458
-0.51839
-0.51839
-0.51839
-0.45213
-0.45213
0
0
0
0
0
0
0
0
0
0
5.8014
0
0
0
0
0
0
0
0
-2.7961
0
0
0
0
-0.84328
-0.79129
-0.79129
-0.79129
0
0
0
0
0
0
0
0
0
0
0
0
0
3.2172
0
0
0
0
0
0
0
0
0
0
0
0
-0.70162
0
0
0
0
0
0
0
0
0
0
-0.69769
0
0
0
0
0
0
2.5516
-0.69646
0
0
-0.45583
0
0
0
0
0
0
0
0
0
0
0
0
0
0
0
0
0
0
0
0
-0.18693
0
0
0
0
-0.69646
1.1505
0
0
0
-0.26713
0
0
0
0
0
0
0
0
0
0
0
0
0
0
0
0
0
0
0
0
0
0
0
0
0
0
4.783
-1.5692
-3.2138
0
0
0
0
0
0
0
0
0
0
0
0
0
0
0
0
-0.56634
0
0
0
0
0
0
0
0
0
0
-1.5692
2.1355
0
0
0
0
0
0
0
0
0
0
0
0
0
0
0
0
0
0
0
0
0
0
0
0
0
0
-0.45583
0
-3.2138
0
3.6696
0
0
0
0
0
0
0
0
0
0
0
0
0
0
0
0
0
0
0
0
0
0
0
0
0
0
-0.26713
0
0
0
0.26713
0
0
0
0
0
0
0
0
0
0
0
0
0
0
0
0
0
0
0
-4.3316
0
0
0
0
0
0
0
0
0
0
4.3316
0
0
0
0
0
0
0
0
0
0
0
0
0
0
0
0
0
0
0
0
0
-2.7961
0
0
0
0
0
0
0
0
2.7961
0
0
0
0
0
0
0
0
0
0
0
0
0
-10.0863
0
0
0
0
0
0
0
0
0
0
0
0
0
0
0
0
10.0863
0
0
0
0
0
0
0
0
0
-11.1311
0
0
0
0
0
0
0
0
0
0
0
0
0
0
0
0
0
0
0
0
11.1311
0
0
0
0
0
0
0
0
-11.1311
0
0
0
0
0
0
0
0
0
0
0
0
0
0
0
0
0
0
0
0
0
11.1311
0
0
0
0
0
0
0
0
0
0
-10.0863
0
0
0
0
0
0
0
0
0
0
0
0
0
0
0
0
0
0
0
10.0863
