11.0899
-0.44542
-0.43878
-0.39054
-0.39054
-0.41163
-0.42268
-0.39399
-0.44467
-0.44736
0
0
0
0
0
0
0
-0.27247
0
0
0
0
0
-2.2519
0
0
0
0
-4.7799
0
-0.44542
10.9361
-0.4248
-0.3846
-0.3846
-0.40445
-0.39382
-0.39891
-0.41181
-0.45538
0
-0.24273
0
0
0
0
0
0
0
-1.7833
0
0
0
0
0
-5.2063
0
0
0
0
-0.43878
-0.4248
10.825
-0.38692
-0.38692
-0.41633
-0.41518
-0.40207
-0.4102
-0.45018
0
-0.25641
0
0
0
0
0
0
-1.0709
0
0
0
0
0
0
0
-5.7664
0
0
0
-0.39054
-0.3846
-0.38692
3.4543
-0.25476
-0.35538
-0.42317
-0.40758
-0.42685
-0.42444
0
0
0
0
0
0
0
0
0
0
0
0
0
0
0
0
0
0
0
0
-0.39054
-0.3846
-0.38692
-0.25476
3.4543
-0.35538
-0.42317
-0.40758
-0.42685
-0.42444
0
0
0
0
0
0
0
0
0
0
0
0
0
0
0
0
0
0
0
0
-0.41163
-0.40445
-0.41633
-0.35538
-0.35538
4.9895
-0.40775
-0.43203
0
-0.44217
0
0
0
0
0
0
0
0
0
0
-1.7644
0
0
0
0
0
0
0
0
0
-0.42268
-0.39382
-0.41518
-0.42317
-0.42317
-0.40775
4.8903
-0.42381
0
0
-0.43938
0
0
0
0
0
0
0
0
-1.5413
0
0
0
0
0
0
0
0
0
0
-0.39399
-0.39891
-0.40207
-0.40758
-0.40758
-0.43203
-0.42381
8.5263
0
0
0
0
0
0
0
-1.6905
0
0
0
0
0
0
0
0
0
0
0
0
0
-3.9698
-0.44467
-0.41181
-0.4102
-0.42685
-0.42685
0
0
0
6.31
0
-0.46809
0
-0.64583
0
0
0
0
0
0
0
0
-3.0757
0
0
0
0
0
0
0
0
-0.44736
-0.45538
-0.45018
-0.42444
-0.42444
-0.44217
0
0
0
2.644
0
0
0
0
0
0
0
0
0
0
0
0
0
0
0
0
0
0
0
0
0
0
0
0
0
0
-0.43938
0
-0.46809
0
2.9826
0
-0.60341
-0.33034
0
0
0
0
0
0
-1.1414
0
0
0
0
0
0
0
0
0
0
-0.24273
-0.25641
0
0
0
0
0
0
0
0
1.4211
0
0
0
0
0
0
-0.81751
0
0
0
0
0
0
0
0
-0.1045
0
0
0
0
0
0
0
0
0
0
-0.64583
0
-0.60341
0
2.9401
0
0
0
-1.1195
0
-0.57138
0
0
0
0
0
0
0
0
0
0
0
0
0
0
0
0
0
0
0
0
0
-0.33034
0
0
4.4845
0
0
0
-1.0577
0
0
0
0
-0.90147
0
-2.1949
0
0
0
0
0
0
0
0
0
0
0
0
0
0
0
0
0
0
0
6.7771
0
-2.6432
0
0
0
0
0
0
-2.1968
-1.9371
0
0
0
0
0
0
0
0
0
0
0
0
-1.6905
0
0
0
0
0
0
0
6.0137
-2.0269
0
0
0
0
-2.2963
0
0
0
0
0
0
0
0
0
0
0
0
0
0
0
0
0
0
0
0
-1.1195
0
-2.6432
-2.0269
5.7896
0
0
0
0
0
0
0
0
0
0
0
0
0
-0.27247
0
0
0
0
0
0
0
0
0
0
0
0
-1.0577
0
0
0
2.2152
0
0
0
0
-0.88504
0
0
0
0
0
0
0
0
0
-1.0709
0
0
0
0
0
0
0
0
-0.81751
-0.57138
0
0
0
0
0
2.4597
0
0
0
0
0
0
0
0
0
0
0
0
-1.7833
0
0
0
0
-1.5413
0
0
0
0
0
0
0
0
0
0
0
0
3.3246
0
0
0
0
0
0
0
0
0
0
0
0
0
0
0
-1.7644
0
0
0
0
-1.1414
0
0
0
0
0
0
0
0
0
2.9058
0
0
0
0
0
0
0
0
0
0
0
0
0
0
0
0
0
-3.0757
0
0
0
0
0
0
-2.2963
0
0
0
0
0
5.3721
0
0
0
0
0
0
0
0
0
0
0
0
0
0
0
0
0
0
0
0
0
-0.90147
0
0
0
-0.88504
0
0
0
0
1.7865
0
0
0
0
0
0
0
-2.2519
0
0
0
0
0
0
0
0
0
0
0
0
0
-2.1968
0
0
0
0
0
0
0
0
4.4487
0
0
0
0
0
0
0
0
0
0
0
0
0
0
0
0
0
0
0
-2.1949
-1.9371
0
0
0
0
0
0
0
0
0
4.132
0
0
0
0
0
0
-5.2063
0
0
0
0
0
0
0
0
0
0
0
0
0
0
0
0
0
0
0
0
0
0
0
5.2063
0
0
0
0
0
0
-5.7664
0
0
0
0
0
0
0
0
0
0
0
0
0
0
0
0
0
0
0
0
0
0
0
5.7664
0
0
0
0
0
0
0
0
0
0
0
0
0
0
-0.1045
0
0
0
0
0
0
0
0
0
0
0
0
0
0
0
0.1045
0
0
-4.7799
0
0
0
0
0
0
0
0
0
0
0
0
0
0
0
0
0
0
0
0
0
0
0
0
0
0
0
4.7799
0
0
0
0
0
0
0
0
-3.9698
0
0
0
0
0
0
0
0
0
0
0
0
0
0
0
0
0
0
0
0
0
3.9698
