15.4705
-1.1887
-1.2784
-0.38056
-0.42467
-0.46401
-0.45259
-0.7414
-0.36692
-0.36812
-0.53759
-1.0347
-0.76727
0
0
0
-0.1
0
-2.1176
0
0
0
0
0
0
0
0
-5.248
0
0
-1.1887
12.5833
-0.30168
-0.40363
-0.36744
-0.35214
-0.35585
-0.51473
-0.42755
-0.40111
-0.44924
-0.56862
-0.32005
-1.011
0
0
0
0
-1.6589
0
0
0
0
0
0
-4.2626
0
0
0
0
-1.2784
-0.30168
11.3508
-0.46569
-0.43382
-0.41835
-0.4224
-0.43574
-0.50071
-0.46713
-0.55488
-0.88283
-0.1001
-1.113
0
0
0
0
0
0
0
-3.9761
0
0
0
0
0
0
0
0
-0.38056
-0.40363
-0.46569
4.8303
-0.10001
-0.10001
-0.10001
-0.55762
-0.35294
-0.10008
-0.52815
-0.62707
-0.63918
-0.47537
0
0
0
0
0
0
0
0
0
0
0
0
0
0
0
0
-0.42467
-0.36744
-0.43382
-0.10001
5.7095
-0.10002
-0.10002
-0.60855
-0.49522
-0.31677
-0.60528
-0.66584
-0.66537
-0.82646
0
0
0
0
0
0
0
0
0
0
0
0
0
0
0
0
-0.46401
-0.35214
-0.41835
-0.10001
-0.10002
6.309
-0.10004
-0.63119
-0.23844
-0.75246
-0.6296
-0.67695
-0.73135
-1.1144
0
0
0
0
0
0
0
0
0
0
0
0
0
0
0
0
-0.45259
-0.35585
-0.4224
-0.10001
-0.10002
-0.10004
6.1315
-0.62704
-0.35921
-0.57379
-0.62799
-0.67595
-0.70965
-1.027
0
0
0
0
0
0
0
0
0
0
0
0
0
0
0
0
-0.7414
-0.51473
-0.43574
-0.55762
-0.60855
-0.63119
-0.62704
13.432
-0.59171
-0.49709
-1.2567
-0.29777
0
0
0
0
0
0
0
-2.4245
0
0
0
0
0
0
-4.248
0
0
0
-0.36692
-0.42755
-0.50071
-0.35294
-0.49522
-0.23844
-0.35921
-0.59171
6.4131
-0.91859
-0.38251
-0.59536
0
0
0
-1.184
0
0
0
0
0
0
0
0
0
0
0
0
0
0
-0.36812
-0.40111
-0.46713
-0.10008
-0.31677
-0.75246
-0.57379
-0.49709
-0.91859
6.1338
0
0
0
0
0
0
0
-1.7387
0
0
0
0
0
0
0
0
0
0
0
0
-0.53759
-0.44924
-0.55488
-0.52815
-0.60528
-0.6296
-0.62799
-1.2567
-0.38251
0
8.1033
0
0
0
0
0
0
0
0
0
-2.5314
0
0
0
0
0
0
0
0
0
-1.0347
-0.56862
-0.88283
-0.62707
-0.66584
-0.67695
-0.67595
-0.29777
-0.59536
0
0
9.5086
0
0
0
0
0
0
0
0
0
0
0
0
0
0
0
0
-3.4836
0
-0.76727
-0.32005
-0.1001
-0.63918
-0.66537
-0.73135
-0.70965
0
0
0
0
0
8.133
0
0
-1.1577
0
0
0
0
0
0
0
-3.0423
0
0
0
0
0
0
0
-1.011
-1.113
-0.47537
-0.82646
-1.1144
-1.027
0
0
0
0
0
0
5.5672
0
0
0
0
0
0
0
0
0
0
0
0
0
0
0
0
0
0
0
0
0
0
0
0
0
0
0
0
0
0
8.4539
-1.4116
0
-2.4366
0
-2.329
-2.2767
0
0
0
0
0
0
0
0
0
0
0
0
0
0
0
0
0
-1.184
0
0
0
-1.1577
0
-1.4116
5.4534
-1.7002
0
0
0
0
0
0
0
0
0
0
0
0
0
-0.1
0
0
0
0
0
0
0
0
0
0
0
0
0
0
-1.7002
4.8891
0
0
0
0
0
-3.0889
0
0
0
0
0
0
0
0
0
0
0
0
0
0
0
0
-1.7387
0
0
0
0
-2.4366
0
0
7.3382
0
0
0
0
0
0
0
0
0
0
0
-3.1629
-2.1176
-1.6589
0
0
0
0
0
0
0
0
0
0
0
0
0
0
0
0
6.9459
0
0
0
0
0
-3.1694
0
0
0
0
0
0
0
0
0
0
0
0
-2.4245
0
0
0
0
0
0
-2.329
0
0
0
0
4.7535
0
0
0
0
0
0
0
0
0
0
0
0
0
0
0
0
0
0
0
0
-2.5314
0
0
0
-2.2767
0
0
0
0
0
4.8082
0
0
0
0
0
0
0
0
0
0
0
-3.9761
0
0
0
0
0
0
0
0
0
0
0
0
0
0
0
0
0
0
3.9761
0
0
0
0
0
0
0
0
0
0
0
0
0
0
0
0
0
0
0
0
0
0
0
0
-3.0889
0
0
0
0
0
3.0889
0
0
0
0
0
0
0
0
0
0
0
0
0
0
0
0
0
0
0
-3.0423
0
0
0
0
0
0
0
0
0
0
3.0423
0
0
0
0
0
0
0
0
0
0
0
0
0
0
0
0
0
0
0
0
0
0
0
0
-3.1694
0
0
0
0
0
3.1694
0
0
0
0
0
0
-4.2626
0
0
0
0
0
0
0
0
0
0
0
0
0
0
0
0
0
0
0
0
0
0
0
4.2626
0
0
0
0
0
0
0
0
0
0
0
-4.248
0
0
0
0
0
0
0
0
0
0
0
0
0
0
0
0
0
0
4.248
0
0
0
-5.248
0
0
0
0
0
0
0
0
0
0
0
0
0
0
0
0
0
0
0
0
0
0
0
0
0
0
5.248
0
0
0
0
0
0
0
0
0
0
0
0
0
-3.4836
0
0
0
0
0
0
0
0
0
0
0
0
0
0
0
0
3.4836
0
0
0
0
0
0
0
0
0
0
0
0
0
0
0
0
0
0
-3.1629
0
0
0
0
0
0
0
0
0
0
0
3.1629
