15.6187
-0.64468
-0.64585
-0.64054
-0.64355
-0.64418
-0.63647
-0.63861
-0.64395
-0.63118
-0.63274
-0.63592
-0.65474
-0.61756
-0.6147
0
0
-0.59153
0
0
0
0
0
0
0
0
0
-6.1025
0
0
-0.64468
15.6214
-0.64627
-0.64084
-0.64147
-0.64429
-0.63796
-0.63863
-0.64402
-0.63128
-0.63282
-0.63603
-0.65491
-0.61773
-0.61477
0
-0.59094
0
0
0
0
0
0
0
0
0
-6.1048
0
0
0
-0.64585
-0.64627
13.7475
-0.64225
-0.65251
-0.64618
-0.63903
-0.64011
-0.64707
-0.63244
-0.63376
-0.63751
-0.6571
-0.61983
0
0
0
0
0
0
-5.4076
0
0
0
0
0
0
0
0
0
-0.64054
-0.64084
-0.64225
8.8956
-0.64548
-0.63952
-0.63467
-0.63555
-0.64024
-0.62842
-0.63114
-0.633
-0.65128
-0.61661
-0.61609
0
0
0
0
0
0
0
0
0
0
0
0
0
0
0
-0.64355
-0.64147
-0.65251
-0.64548
20.4327
-0.6454
-0.63701
-0.64081
-0.64507
-0.63169
-0.63191
-0.63696
0
0
0
0
0
-0.59324
0
-6.3938
0
-6.3938
0
0
0
0
0
0
0
0
-0.64418
-0.64429
-0.64618
-0.63952
-0.6454
12.6409
-0.63919
-0.64042
-0.64785
-0.63184
-0.63385
-0.63723
-0.65652
0
0
0
0
0
0
0
0
0
0
0
-4.9344
0
0
0
0
0
-0.63647
-0.63796
-0.63903
-0.63467
-0.63701
-0.63919
7.5714
-0.63646
-0.6404
-0.62425
-0.62545
-0.62932
0
0
0
0
-0.5912
0
0
0
0
0
0
0
0
0
0
0
0
0
-0.63861
-0.63863
-0.64011
-0.63555
-0.64081
-0.64042
-0.63646
7.6475
-0.64208
-0.62595
-0.62787
-0.63096
-0.65007
0
0
0
0
0
0
0
0
0
0
0
0
0
0
0
0
0
-0.64395
-0.64402
-0.64707
-0.64024
-0.64507
-0.64785
-0.6404
-0.64208
11.6708
-0.62876
-0.63032
-0.63417
0
0
0
0
0
0
0
0
0
0
0
0
0
-4.6269
0
0
0
0
-0.63118
-0.63128
-0.63244
-0.62842
-0.63169
-0.63184
-0.62425
-0.62595
-0.62876
6.9082
-0.61942
-0.62299
0
0
0
0
0
0
0
0
0
0
0
0
0
0
0
0
0
0
-0.63274
-0.63282
-0.63376
-0.63114
-0.63191
-0.63385
-0.62545
-0.62787
-0.63032
-0.61942
6.8624
0
0
0
0
-0.56313
0
0
0
0
0
0
0
0
0
0
0
0
0
0
-0.63592
-0.63603
-0.63751
-0.633
-0.63696
-0.63723
-0.62932
-0.63096
-0.63417
-0.62299
0
6.3341
0
0
0
0
0
0
0
0
0
0
0
0
0
0
0
0
0
0
-0.65474
-0.65491
-0.6571
-0.65128
0
-0.65652
0
-0.65007
0
0
0
0
3.9246
0
0
0
0
0
0
0
0
0
0
0
0
0
0
0
0
0
-0.61756
-0.61773
-0.61983
-0.61661
0
0
0
0
0
0
0
0
0
3.0528
0
0
0
0
0
0
0
0
0
0
0
0
0
0
0
-0.58109
-0.6147
-0.61477
0
-0.61609
0
0
0
0
0
0
0
0
0
0
3.0197
-0.58843
0
0
0
0
0
0
0
-0.58571
0
0
0
0
0
0
0
0
0
0
0
0
0
0
0
0
-0.56313
0
0
0
-0.58843
1.7038
0
0
0
0
0
0
0
0
0
0
0
0
-0.55225
0
0
-0.59094
0
0
0
0
-0.5912
0
0
0
0
0
0
0
0
0
1.7573
0
0
0
0
0
-0.57514
0
0
0
0
0
0
0
-0.59153
0
0
0
-0.59324
0
0
0
0
0
0
0
0
0
0
0
0
1.7587
-0.5739
0
0
0
0
0
0
0
0
0
0
0
0
0
0
0
0
0
0
0
0
0
0
0
0
0
0
0
0
-0.5739
0.5739
0
0
0
0
0
0
0
0
0
0
0
0
0
0
0
-6.3938
0
0
0
0
0
0
0
0
0
0
0
0
0
0
6.3938
0
0
0
0
0
0
0
0
0
0
0
0
-5.4076
0
0
0
0
0
0
0
0
0
0
0
0
0
0
0
0
0
5.4076
0
0
0
0
0
0
0
0
0
0
0
0
0
-6.3938
0
0
0
0
0
0
0
0
0
0
0
0
0
0
0
0
6.3938
0
0
0
0
0
0
0
0
0
0
0
0
0
0
0
0
0
0
0
0
0
0
0
0
-0.57514
0
0
0
0
0
0.57514
0
0
0
0
0
0
0
0
0
0
0
0
0
0
0
0
0
0
0
0
0
-0.58571
0
0
0
0
0
0
0
0
0.58571
0
0
0
0
0
0
0
0
0
0
0
-4.9344
0
0
0
0
0
0
0
0
0
0
0
0
0
0
0
0
0
0
4.9344
0
0
0
0
0
0
0
0
0
0
0
0
0
-4.6269
0
0
0
0
0
0
0
0
0
0
0
0
0
0
0
0
4.6269
0
0
0
0
0
-6.1048
0
0
0
0
0
0
0
0
0
0
0
0
0
0
0
0
0
0
0
0
0
0
0
0
6.1048
0
0
0
-6.1025
0
0
0
0
0
0
0
0
0
0
0
0
0
0
0
0
0
0
0
0
0
0
0
0
0
0
6.1025
0
0
0
0
0
0
0
0
0
0
0
0
0
0
0
0
0
-0.55225
0
0
0
0
0
0
0
0
0
0
0
0
0.55225
0
0
0
0
0
0
0
0
0
0
0
0
0
0
-0.58109
0
0
0
0
0
0
0
0
0
0
0
0
0
0
0
0.58109
