17.431
-0.46245
-0.45475
-0.52004
-0.52055
-0.472
-0.472
-0.472
-0.45896
-0.42873
-0.45742
-0.45742
-0.50287
-0.50287
-0.53493
-0.69009
0
-0.33695
0
0
0
0
0
0
0
0
0
-9.687
0
0
-0.46245
7.3689
-0.4104
-0.45969
-0.49842
-0.41785
-0.41785
-0.41785
-0.42197
-0.38729
-0.40508
-0.40508
-0.43407
-0.43407
-0.53555
-0.59782
0
0
-0.66346
0
0
0
0
0
0
0
0
0
0
0
-0.45475
-0.4104
7.5476
-0.4614
-0.49754
-0.42137
-0.42137
-0.42137
-0.41857
-0.38407
-0.40813
-0.40813
-0.44053
-0.44053
-0.50097
-0.59023
0
0
0
0
0
-0.86827
0
0
0
0
0
0
0
0
-0.52004
-0.45969
-0.4614
7.001
-0.60043
-0.46581
-0.46581
-0.46581
-0.48195
-0.44424
-0.45132
-0.45132
-0.48606
-0.48606
0
0
0
0
-0.76109
0
0
0
0
0
0
0
0
0
0
0
-0.52055
-0.49842
-0.49754
-0.60043
28.031
-0.5473
-0.5473
-0.5473
-0.47116
-0.46751
-0.48799
-0.48799
0
0
0
0
0
0
0
0
-1.1079
0
0
0
-10.6248
0
-10.6248
0
0
0
-0.472
-0.41785
-0.42137
-0.46581
-0.5473
5.6113
-0.40948
-0.40948
-0.4219
-0.38797
-0.39716
-0.39716
-0.43193
-0.43193
0
0
0
0
0
0
0
0
0
0
0
0
0
0
0
0
-0.472
-0.41785
-0.42137
-0.46581
-0.5473
-0.40948
5.6113
-0.40948
-0.4219
-0.38797
-0.39716
-0.39716
-0.43193
-0.43193
0
0
0
0
0
0
0
0
0
0
0
0
0
0
0
0
-0.472
-0.41785
-0.42137
-0.46581
-0.5473
-0.40948
-0.40948
5.6113
-0.4219
-0.38797
-0.39716
-0.39716
-0.43193
-0.43193
0
0
0
0
0
0
0
0
0
0
0
0
0
0
0
0
-0.45896
-0.42197
-0.41857
-0.48195
-0.47116
-0.4219
-0.4219
-0.4219
12.848
-0.36471
-0.36896
-0.36896
0
0
0
0
0
0
0
0
0
0
0
0
0
0
0
0
-8.227
0
-0.42873
-0.38729
-0.38407
-0.44424
-0.46751
-0.38797
-0.38797
-0.38797
-0.36471
4.4268
-0.34093
-0.34093
0
0
0
0
-0.1045
0
0
0
0
0
0
0
0
0
0
0
0
0
-0.45742
-0.40508
-0.40813
-0.45132
-0.48799
-0.39716
-0.39716
-0.39716
-0.36896
-0.34093
4.1113
0
0
0
0
0
0
0
0
0
0
0
0
0
0
0
0
0
0
0
-0.45742
-0.40508
-0.40813
-0.45132
-0.48799
-0.39716
-0.39716
-0.39716
-0.36896
-0.34093
0
4.1113
0
0
0
0
0
0
0
0
0
0
0
0
0
0
0
0
0
0
-0.50287
-0.43407
-0.44053
-0.48606
0
-0.43193
-0.43193
-0.43193
0
0
0
0
3.1593
0
0
0
0
0
0
0
0
0
0
0
0
0
0
0
0
0
-0.50287
-0.43407
-0.44053
-0.48606
0
-0.43193
-0.43193
-0.43193
0
0
0
0
0
3.1593
0
0
0
0
0
0
0
0
0
0
0
0
0
0
0
0
-0.53493
-0.53555
-0.50097
0
0
0
0
0
0
0
0
0
0
0
17.3471
0
0
0
0
0
0
0
0
-7.8878
0
-7.8878
0
0
0
0
-0.69009
-0.59782
-0.59023
0
0
0
0
0
0
0
0
0
0
0
0
2.4531
0
-0.57497
0
0
0
0
0
0
0
0
0
0
0
0
0
0
0
0
0
0
0
0
0
-0.1045
0
0
0
0
0
0
1.5053
0
-0.52918
0
0
0
0
0
0
0
0
0
0
-0.87159
-0.33695
0
0
0
0
0
0
0
0
0
0
0
0
0
0
-0.57497
0
1.9542
0
0
0
0
-1.0423
0
0
0
0
0
0
0
0
-0.66346
0
-0.76109
0
0
0
0
0
0
0
0
0
0
0
0
-0.52918
0
1.9537
0
0
0
0
0
0
0
0
0
0
0
0
0
0
0
0
0
0
0
0
0
0
0
0
0
0
0
0
0
0
2.9638
-1.4254
-1.5384
0
0
0
0
0
0
0
0
0
0
0
0
-1.1079
0
0
0
0
0
0
0
0
0
0
0
0
0
0
-1.4254
2.5333
0
0
0
0
0
0
0
0
0
0
0
-0.86827
0
0
0
0
0
0
0
0
0
0
0
0
0
0
0
0
-1.5384
0
2.4067
0
0
0
0
0
0
0
0
0
0
0
0
0
0
0
0
0
0
0
0
0
0
0
0
0
-1.0423
0
0
0
0
1.0423
0
0
0
0
0
0
0
0
0
0
0
0
0
0
0
0
0
0
0
0
0
-7.8878
0
0
0
0
0
0
0
0
7.8878
0
0
0
0
0
0
0
0
0
0
-10.6248
0
0
0
0
0
0
0
0
0
0
0
0
0
0
0
0
0
0
0
10.6248
0
0
0
0
0
0
0
0
0
0
0
0
0
0
0
0
0
0
0
-7.8878
0
0
0
0
0
0
0
0
0
0
7.8878
0
0
0
0
0
0
0
0
-10.6248
0
0
0
0
0
0
0
0
0
0
0
0
0
0
0
0
0
0
0
0
0
10.6248
0
0
0
-9.687
0
0
0
0
0
0
0
0
0
0
0
0
0
0
0
0
0
0
0
0
0
0
0
0
0
0
9.687
0
0
0
0
0
0
0
0
0
0
-8.227
0
0
0
0
0
0
0
0
0
0
0
0
0
0
0
0
0
0
0
8.227
0
0
0
0
0
0
0
0
0
0
0
0
0
0
0
0
0
-0.87159
0
0
0
0
0
0
0
0
0
0
0
0
0.87159
