31.9877
-0.52644
-0.52644
-0.55898
-0.55898
-0.50762
-0.50762
-0.50762
-0.51694
-0.53171
-0.50265
-0.55603
-0.54272
-0.54272
-0.50983
-0.50983
-0.30991
-0.30991
-0.71165
0
-11.375
0
0
0
0
0
0
0
0
-11.375
-0.52644
8.9892
-0.50699
-0.54
-0.54
-0.49045
-0.49045
-0.49045
-0.49965
-0.51643
-0.50638
-0.53997
-0.5213
-0.5213
-0.49008
-0.49008
-0.31451
-0.31451
-0.69025
0
0
0
0
0
0
0
0
0
0
0
-0.52644
-0.50699
8.9892
-0.54
-0.54
-0.49045
-0.49045
-0.49045
-0.49965
-0.51643
-0.50638
-0.53997
-0.5213
-0.5213
-0.49008
-0.49008
-0.31451
-0.31451
-0.69025
0
0
0
0
0
0
0
0
0
0
0
-0.55898
-0.54
-0.54
16.8257
-0.59739
-0.52685
-0.52685
-0.52685
-0.53875
-0.55359
-0.55072
-0.59289
-0.56503
-0.56503
-0.52898
-0.52898
0
0
0
0
0
0
0
0
0
0
-8.5848
0
0
0
-0.55898
-0.54
-0.54
-0.59739
16.8257
-0.52685
-0.52685
-0.52685
-0.53875
-0.55359
-0.55072
-0.59289
-0.56503
-0.56503
-0.52898
-0.52898
0
0
0
0
0
-8.5848
0
0
0
0
0
0
0
0
-0.50762
-0.49045
-0.49045
-0.52685
-0.52685
7.433
-0.46414
-0.46414
-0.484
-0.49664
-0.49975
-0.52497
-0.50421
-0.50421
-0.47433
-0.47433
0
0
0
0
0
0
0
0
0
0
0
0
0
0
-0.50762
-0.49045
-0.49045
-0.52685
-0.52685
-0.46414
7.433
-0.46414
-0.484
-0.49664
-0.49975
-0.52497
-0.50421
-0.50421
-0.47433
-0.47433
0
0
0
0
0
0
0
0
0
0
0
0
0
0
-0.50762
-0.49045
-0.49045
-0.52685
-0.52685
-0.46414
-0.46414
7.433
-0.484
-0.49664
-0.49975
-0.52497
-0.50421
-0.50421
-0.47433
-0.47433
0
0
0
0
0
0
0
0
0
0
0
0
0
0
-0.51694
-0.49965
-0.49965
-0.53875
-0.53875
-0.484
-0.484
-0.484
6.6091
-0.50121
-0.50425
-0.52901
-0.51443
-0.51443
0
0
0
0
0
0
0
0
0
0
0
0
0
0
0
0
-0.53171
-0.51643
-0.51643
-0.55359
-0.55359
-0.49664
-0.49664
-0.49664
-0.50121
5.3916
0
-0.53616
0
0
0
0
0
0
0
-0.1926
0
0
0
0
0
0
0
0
0
0
-0.50265
-0.50638
-0.50638
-0.55072
-0.55072
-0.49975
-0.49975
-0.49975
-0.50425
0
22.0782
0
0
0
0
0
0
0
0
0
0
0
0
0
0
0
0
-8.7289
-8.7289
0
-0.55603
-0.53997
-0.53997
-0.59289
-0.59289
-0.52497
-0.52497
-0.52497
-0.52901
-0.53616
0
11.3053
0
0
0
0
0
0
0
0
0
0
0
0
0
-5.8435
0
0
0
0
-0.54272
-0.5213
-0.5213
-0.56503
-0.56503
-0.50421
-0.50421
-0.50421
-0.51443
0
0
0
4.7425
0
0
0
0
0
0
0
0
0
0
0
0
0
0
0
0
0
-0.54272
-0.5213
-0.5213
-0.56503
-0.56503
-0.50421
-0.50421
-0.50421
-0.51443
0
0
0
0
4.7425
0
0
0
0
0
0
0
0
0
0
0
0
0
0
0
0
-0.50983
-0.49008
-0.49008
-0.52898
-0.52898
-0.47433
-0.47433
-0.47433
0
0
0
0
0
0
3.9709
0
0
0
0
0
0
0
0
0
0
0
0
0
0
0
-0.50983
-0.49008
-0.49008
-0.52898
-0.52898
-0.47433
-0.47433
-0.47433
0
0
0
0
0
0
0
3.9709
0
0
0
0
0
0
0
0
0
0
0
0
0
0
-0.30991
-0.31451
-0.31451
0
0
0
0
0
0
0
0
0
0
0
0
0
1.0434
0
0
0
0
0
0
0
-0.1045
0
0
0
0
0
-0.30991
-0.31451
-0.31451
0
0
0
0
0
0
0
0
0
0
0
0
0
0
1.0434
0
0
0
0
0
-0.1045
0
0
0
0
0
0
-0.71165
-0.69025
-0.69025
0
0
0
0
0
0
0
0
0
0
0
0
0
0
0
2.649
-0.5568
0
0
0
0
0
0
0
0
0
0
0
0
0
0
0
0
0
0
0
-0.1926
0
0
0
0
0
0
0
0
-0.5568
0.92819
0
0
-0.17879
0
0
0
0
0
0
0
-11.375
0
0
0
0
0
0
0
0
0
0
0
0
0
0
0
0
0
0
0
11.375
0
0
0
0
0
0
0
0
0
0
0
0
0
-8.5848
0
0
0
0
0
0
0
0
0
0
0
0
0
0
0
0
8.5848
0
0
0
0
0
0
0
0
0
0
0
0
0
0
0
0
0
0
0
0
0
0
0
0
0
0
0
-0.17879
0
0
0.17879
0
0
0
0
0
0
0
0
0
0
0
0
0
0
0
0
0
0
0
0
0
0
0
0
-0.1045
0
0
0
0
0
0.1045
0
0
0
0
0
0
0
0
0
0
0
0
0
0
0
0
0
0
0
0
0
0
-0.1045
0
0
0
0
0
0
0
0.1045
0
0
0
0
0
0
0
0
0
0
0
0
0
0
0
0
-5.8435
0
0
0
0
0
0
0
0
0
0
0
0
0
5.8435
0
0
0
0
0
0
0
-8.5848
0
0
0
0
0
0
0
0
0
0
0
0
0
0
0
0
0
0
0
0
0
0
8.5848
0
0
0
0
0
0
0
0
0
0
0
0
0
-8.7289
0
0
0
0
0
0
0
0
0
0
0
0
0
0
0
0
8.7289
0
0
0
0
0
0
0
0
0
0
0
0
-8.7289
0
0
0
0
0
0
0
0
0
0
0
0
0
0
0
0
0
8.7289
0
-11.375
0
0
0
0
0
0
0
0
0
0
0
0
0
0
0
0
0
0
0
0
0
0
0
0
0
0
0
0
11.375
