30.4871
-0.37275
-0.37275
-0.35856
-0.29481
-0.32275
-0.32275
-0.29481
-0.2914
-0.31291
-0.31291
-0.34843
-0.31622
0
0
0
-3.3842
0
0
0
0
0
0
-7.7273
-7.7273
-7.7273
0
0
0
0
-0.37275
8.5009
-0.38125
-0.36249
-0.3363
-0.32924
-0.32924
-0.3363
-0.34488
-0.32083
-0.32083
-0.3754
-0.31773
0
-0.22794
-0.55689
0
-3.5888
0
0
0
0
0
0
0
0
0
0
0
0
-0.37275
-0.38125
8.5009
-0.36249
-0.3363
-0.32924
-0.32924
-0.3363
-0.34488
-0.32083
-0.32083
-0.3754
-0.31773
0
-0.22794
-0.55689
0
0
0
-3.5888
0
0
0
0
0
0
0
0
0
0
-0.35856
-0.36249
-0.36249
4.9037
-0.33902
-0.33134
-0.33134
-0.33902
-0.34522
-0.3219
-0.3219
-0.37394
-0.31891
0
-0.23105
-0.56657
0
0
0
0
0
0
0
0
0
0
0
0
0
0
-0.29481
-0.3363
-0.3363
-0.33902
5.7118
-0.32275
-0.32275
-0.31996
-0.27645
-0.2756
-0.2756
-0.29948
-0.27208
0
0
0
0
0
0
0
0
0
0
0
0
0
0
-2.0407
0
0
-0.32275
-0.32924
-0.32924
-0.33134
-0.32275
3.8603
-0.26016
-0.32275
-0.2922
-0.27661
-0.27661
-0.31594
-0.27255
0
-0.20821
0
0
0
0
0
0
0
0
0
0
0
0
0
0
0
-0.32275
-0.32924
-0.32924
-0.33134
-0.32275
-0.26016
3.8603
-0.32275
-0.2922
-0.27661
-0.27661
-0.31594
-0.27255
0
-0.20821
0
0
0
0
0
0
0
0
0
0
0
0
0
0
0
-0.29481
-0.3363
-0.3363
-0.33902
-0.31996
-0.32275
-0.32275
5.7118
-0.27645
-0.2756
-0.2756
-0.29948
-0.27208
0
0
0
0
0
0
0
0
0
0
0
0
0
0
0
0
-2.0407
-0.2914
-0.34488
-0.34488
-0.34522
-0.27645
-0.2922
-0.2922
-0.27645
3.9897
-0.32318
-0.32318
0
0
0
0
0
0
0
0
0
0
0
0
0
0
0
0
0
-0.87962
0
-0.31291
-0.32083
-0.32083
-0.3219
-0.2756
-0.27661
-0.27661
-0.2756
-0.32318
2.9553
-0.25122
0
0
0
0
0
0
0
0
0
0
0
0
0
0
0
0
0
0
0
-0.31291
-0.32083
-0.32083
-0.3219
-0.2756
-0.27661
-0.27661
-0.2756
-0.32318
-0.25122
2.9553
0
0
0
0
0
0
0
0
0
0
0
0
0
0
0
0
0
0
0
-0.34843
-0.3754
-0.3754
-0.37394
-0.29948
-0.31594
-0.31594
-0.29948
0
0
0
3.7209
0
0
0
0
0
0
0
0
0
0
-1.0168
0
0
0
0
0
0
0
-0.31622
-0.31773
-0.31773
-0.31891
-0.27208
-0.27255
-0.27255
-0.27208
0
0
0
0
2.3598
0
0
0
0
0
0
0
0
0
0
0
0
0
0
0
0
0
0
0
0
0
0
0
0
0
0
0
0
0
0
23.017
0
0
-4.1426
-4.2763
0
-4.2763
-3.717
0
0
0
0
0
-6.605
0
0
0
0
-0.22794
-0.22794
-0.23105
0
-0.20821
-0.20821
0
0
0
0
0
0
0
1.1034
0
0
0
0
0
0
0
0
0
0
0
0
0
0
0
0
-0.55689
-0.55689
-0.56657
0
0
0
0
0
0
0
0
0
0
0
6.1088
0
0
0
0
-2.8461
-1.5823
0
0
0
0
0
0
0
0
-3.3842
0
0
0
0
0
0
0
0
0
0
0
0
-4.1426
0
0
7.5268
0
0
0
0
0
0
0
0
0
0
0
0
0
0
-3.5888
0
0
0
0
0
0
0
0
0
0
0
-4.2763
0
0
0
7.8651
0
0
0
0
0
0
0
0
0
0
0
0
0
0
0
0
0
0
0
0
0
0
0
0
0
0
0
0
0
0
5.5431
0
0
-2.8267
-2.7164
0
0
0
0
0
0
0
0
0
-3.5888
0
0
0
0
0
0
0
0
0
0
-4.2763
0
0
0
0
0
7.8651
0
0
0
0
0
0
0
0
0
0
0
0
0
0
0
0
0
0
0
0
0
0
0
-3.717
0
-2.8461
0
0
0
0
6.5631
0
0
0
0
0
0
0
0
0
0
0
0
0
0
0
0
0
0
0
0
0
0
0
0
-1.5823
0
0
-2.8267
0
0
4.409
0
0
0
0
0
0
0
0
0
0
0
0
0
0
0
0
0
0
0
-1.0168
0
0
0
0
0
0
-2.7164
0
0
0
3.7332
0
0
0
0
0
0
0
-7.7273
0
0
0
0
0
0
0
0
0
0
0
0
0
0
0
0
0
0
0
0
0
0
7.7273
0
0
0
0
0
0
-7.7273
0
0
0
0
0
0
0
0
0
0
0
0
0
0
0
0
0
0
0
0
0
0
0
7.7273
0
0
0
0
0
-7.7273
0
0
0
0
0
0
0
0
0
0
0
0
0
0
0
0
0
0
0
0
0
0
0
0
7.7273
0
0
0
0
0
0
0
0
0
0
0
0
0
0
0
0
0
-6.605
0
0
0
0
0
0
0
0
0
0
0
0
6.605
0
0
0
0
0
0
0
-2.0407
0
0
0
0
0
0
0
0
0
0
0
0
0
0
0
0
0
0
0
0
0
0
2.0407
0
0
0
0
0
0
0
0
0
0
-0.87962
0
0
0
0
0
0
0
0
0
0
0
0
0
0
0
0
0
0
0
0.87962
0
0
0
0
0
0
0
0
-2.0407
0
0
0
0
0
0
0
0
0
0
0
0
0
0
0
0
0
0
0
0
0
2.0407
