10.8868
-0.61931
-0.61676
-0.63827
-0.5541
-0.59227
-0.5541
-0.5541
-0.61732
-0.58661
-0.57786
-0.61289
-0.58853
-0.60665
-0.56385
-0.59127
0
0
0
-2.0129
0
0
0
0
0
0
0
0
0
0
-0.61931
11.5455
-0.61837
-0.6417
-0.55511
-0.59555
-0.55511
-0.55511
-0.62133
-0.58811
-0.58586
-0.61414
-0.58929
-0.6161
-0.56739
-0.58135
0
0
-2.6417
0
0
0
0
0
0
0
0
0
0
0
-0.61676
-0.61837
9.1086
-0.62593
-0.55018
-0.57732
-0.55018
-0.55018
-0.60692
-0.58375
-0.58727
-0.60978
-0.58513
-0.59876
-0.55295
-0.60657
0
-0.2885
0
0
0
0
0
0
0
0
0
0
0
0
-0.63827
-0.6417
-0.62593
17.0768
-0.56546
-0.58375
-0.56546
-0.56546
-0.62293
-0.60106
-0.6087
-0.62168
-0.60285
-0.61512
-0.54537
-0.64443
0
0
0
0
0
0
-8.0286
0
0
0
0
0
0
0
-0.5541
-0.55511
-0.55018
-0.56546
7.9253
-0.52481
-0.48349
-0.48349
-0.54029
-0.52092
-0.52103
-0.53875
-0.52146
-0.53439
-0.49615
-0.53566
0
0
0
0
0
0
0
0
0
0
0
0
0
0
-0.59227
-0.59555
-0.57732
-0.58375
-0.52481
24.142
-0.52481
-0.52481
-0.52369
-0.52654
-0.52703
-0.52835
-0.52652
-0.50723
0
0
0
0
0
0
0
-8.5397
0
0
0
-8.5397
0
0
0
0
-0.5541
-0.55511
-0.55018
-0.56546
-0.48349
-0.52481
7.9253
-0.48349
-0.54029
-0.52092
-0.52103
-0.53875
-0.52146
-0.53439
-0.49615
-0.53566
0
0
0
0
0
0
0
0
0
0
0
0
0
0
-0.5541
-0.55511
-0.55018
-0.56546
-0.48349
-0.52481
-0.48349
7.9253
-0.54029
-0.52092
-0.52103
-0.53875
-0.52146
-0.53439
-0.49615
-0.53566
0
0
0
0
0
0
0
0
0
0
0
0
0
0
-0.61732
-0.62133
-0.60692
-0.62293
-0.54029
-0.52369
-0.54029
-0.54029
13.1142
-0.57416
-0.58679
-0.58785
-0.57713
0
0
0
0
0
0
0
0
0
0
0
0
0
0
0
-6.1752
0
-0.58661
-0.58811
-0.58375
-0.60106
-0.52092
-0.52654
-0.52092
-0.52092
-0.57416
6.6919
-0.55919
-0.56205
-0.54766
0
0
0
0
0
0
0
0
0
0
0
0
0
0
0
0
0
-0.57786
-0.58586
-0.58727
-0.6087
-0.52103
-0.52703
-0.52103
-0.52103
-0.58679
-0.55919
7.9684
0
-0.52199
0
0
0
0
0
0
-1.8506
0
0
0
0
0
0
0
0
0
0
-0.61289
-0.61414
-0.60978
-0.62168
-0.53875
-0.52835
-0.53875
-0.53875
-0.58785
-0.56205
0
6.1066
0
0
0
0
-0.35363
0
0
0
0
0
0
0
0
0
0
0
0
0
-0.58853
-0.58929
-0.58513
-0.60285
-0.52146
-0.52652
-0.52146
-0.52146
-0.57713
-0.54766
-0.52199
0
6.1035
0
0
0
0
0
0
0
0
0
0
0
0
0
0
0
0
0
-0.60665
-0.6161
-0.59876
-0.61512
-0.53439
-0.50723
-0.53439
-0.53439
0
0
0
0
0
11.0136
0
0
0
0
0
0
-2.2604
0
0
0
0
0
0
0
0
-4.2062
-0.56385
-0.56739
-0.55295
-0.54537
-0.49615
0
-0.49615
-0.49615
0
0
0
0
0
0
16.0661
0
-0.33119
0
0
0
0
0
0
0
-6.0085
0
-6.0085
0
0
0
-0.59127
-0.58135
-0.60657
-0.64443
-0.53566
0
-0.53566
-0.53566
0
0
0
0
0
0
0
8.0179
0
0
-2.1251
0
-1.8622
0
0
0
0
0
0
0
0
0
0
0
0
0
0
0
0
0
0
0
0
-0.35363
0
0
-0.33119
0
1.0345
-0.24516
0
0
0
0
0
0
0
0
0
-0.1045
0
0
0
0
-0.2885
0
0
0
0
0
0
0
0
0
0
0
0
0
-0.24516
0.7588
0
0
0
0
0
-0.22514
0
0
0
0
0
0
0
-2.6417
0
0
0
0
0
0
0
0
0
0
0
0
0
-2.1251
0
0
4.7668
0
0
0
0
0
0
0
0
0
0
0
-2.0129
0
0
0
0
0
0
0
0
0
-1.8506
0
0
0
0
0
0
0
0
3.8636
0
0
0
0
0
0
0
0
0
0
0
0
0
0
0
0
0
0
0
0
0
0
0
-2.2604
0
-1.8622
0
0
0
0
4.1226
0
0
0
0
0
0
0
0
0
0
0
0
0
0
-8.5397
0
0
0
0
0
0
0
0
0
0
0
0
0
0
0
8.5397
0
0
0
0
0
0
0
0
0
0
0
-8.0286
0
0
0
0
0
0
0
0
0
0
0
0
0
0
0
0
0
0
8.0286
0
0
0
0
0
0
0
0
0
0
0
0
0
0
0
0
0
0
0
0
0
0
0
0
-0.22514
0
0
0
0
0
0.22514
0
0
0
0
0
0
0
0
0
0
0
0
0
0
0
0
0
0
0
0
-6.0085
0
0
0
0
0
0
0
0
0
6.0085
0
0
0
0
0
0
0
0
0
0
-8.5397
0
0
0
0
0
0
0
0
0
0
0
0
0
0
0
0
0
0
0
8.5397
0
0
0
0
0
0
0
0
0
0
0
0
0
0
0
0
0
0
-6.0085
0
0
0
0
0
0
0
0
0
0
0
6.0085
0
0
0
0
0
0
0
0
0
0
0
0
0
0
0
0
0
0
0
-0.1045
0
0
0
0
0
0
0
0
0
0
0.1045
0
0
0
0
0
0
0
0
0
0
-6.1752
0
0
0
0
0
0
0
0
0
0
0
0
0
0
0
0
0
0
0
6.1752
0
0
0
0
0
0
0
0
0
0
0
0
0
0
-4.2062
0
0
0
0
0
0
0
0
0
0
0
0
0
0
0
4.2062
