15.2647
-0.10023
-0.10002
-0.1706
-0.10005
-0.10065
-0.27106
-0.26987
-0.27324
-0.10005
-0.2709
-1.2183
-0.10005
-0.56813
-0.56787
-0.69459
-0.80429
0
-2.4778
-2.7659
0
0
0
-4.3111
0
0
0
0
0
0
-0.10023
13.1638
-0.40754
-0.74706
-0.35795
-0.45461
-0.53187
-0.53219
-0.53173
-0.12618
-0.53197
-1.259
-0.6047
-0.70067
-0.70117
0
-1.0637
0
0
0
0
0
0
0
0
0
0
-4.5133
0
0
-0.10002
-0.40754
10.219
-0.26626
-0.46399
-0.31328
-0.4431
-0.44528
-0.43949
-0.12762
-0.44349
-0.71358
-0.6694
-0.74523
-0.74754
-1.0599
0
0
0
-2.8333
0
0
0
0
0
0
0
0
0
0
-0.1706
-0.74706
-0.26626
14.5426
-0.34278
-0.24845
-0.48503
-0.48858
-0.48029
-0.75708
-0.48579
-1.9512
-0.86887
-0.68432
-0.68644
-0.88395
0
0
0
0
0
0
0
0
-4.9959
0
0
0
0
0
-0.10005
-0.35795
-0.46399
-0.34278
9.4065
-0.42539
-0.68393
-0.67994
-0.68946
-0.42317
-0.6831
-0.56417
-0.37441
-0.82378
-0.82061
0
0
0
-1.9738
0
0
0
0
0
0
0
0
0
0
0
-0.10065
-0.45461
-0.31328
-0.24845
-0.42539
7.8908
-0.36064
-0.28729
-0.46596
-0.39653
-0.34762
-0.69352
-0.72104
-0.79012
-0.73614
-1.5495
0
0
0
0
0
0
0
0
0
0
0
0
0
0
-0.27106
-0.53187
-0.4431
-0.48503
-0.68393
-0.36064
7.855
-0.99604
-0.42547
-0.70884
-0.15203
-0.66841
-0.70318
-1.2407
-0.18467
0
0
0
0
0
0
0
0
0
0
0
0
0
0
0
-0.26987
-0.53219
-0.44528
-0.48858
-0.67994
-0.28729
-0.99604
7.6947
-0.42023
-0.70526
-0.16597
-0.66139
-0.71451
-0.3533
-0.97489
0
0
0
0
0
0
0
0
0
0
0
0
0
0
0
-0.27324
-0.53173
-0.43949
-0.48029
-0.68946
-0.46596
-0.42547
-0.42023
7.5507
-0.71376
-0.18195
-0.67824
-0.68724
-0.35856
-1.205
0
0
0
0
0
0
0
0
0
0
0
0
0
0
0
-0.10005
-0.12618
-0.12762
-0.75708
-0.42317
-0.39653
-0.70884
-0.70526
-0.71376
18.9921
-0.70785
-0.60933
0
0
0
0
0
0
0
0
-2.8466
0
-5.3849
0
0
0
0
0
0
-5.3849
-0.2709
-0.53197
-0.44349
-0.48579
-0.6831
-0.34762
-0.15203
-0.16597
-0.18195
-0.70785
6.7461
-0.66672
-0.70535
-0.85569
-0.5477
0
0
0
0
0
0
0
0
0
0
0
0
0
0
0
-1.2183
-1.259
-0.71358
-1.9512
-0.56417
-0.69352
-0.66841
-0.66139
-0.67824
-0.60933
-0.66672
14.9387
0
0
0
0
0
0
0
0
0
0
0
0
0
0
0
0
-5.2549
0
-0.10005
-0.6047
-0.6694
-0.86887
-0.37441
-0.72104
-0.70318
-0.71451
-0.68724
0
-0.70535
0
9.6726
0
0
0
0
0
0
0
0
0
0
0
0
0
-3.5238
0
0
0
-0.56813
-0.70067
-0.74523
-0.68432
-0.82378
-0.79012
-1.2407
-0.3533
-0.35856
0
-0.85569
0
0
7.1205
0
0
0
0
0
0
0
0
0
0
0
0
0
0
0
0
-0.56787
-0.70117
-0.74754
-0.68644
-0.82061
-0.73614
-0.18467
-0.97489
-1.205
0
-0.5477
0
0
0
7.1721
0
0
0
0
0
0
0
0
0
0
0
0
0
0
0
-0.69459
0
-1.0599
-0.88395
0
-1.5495
0
0
0
0
0
0
0
0
0
8.6517
0
-1.8231
0
0
-2.6406
0
0
0
0
0
0
0
0
0
-0.80429
-1.0637
0
0
0
0
0
0
0
0
0
0
0
0
0
0
3.8276
0
0
0
0
0
0
0
0
-1.9597
0
0
0
0
0
0
0
0
0
0
0
0
0
0
0
0
0
0
0
-1.8231
0
9.1237
-3.0565
0
0
-4.2441
0
0
0
0
0
0
0
0
-2.4778
0
0
0
-1.9738
0
0
0
0
0
0
0
0
0
0
0
0
-3.0565
7.508
0
0
0
0
0
0
0
0
0
0
0
-2.7659
0
-2.8333
0
0
0
0
0
0
0
0
0
0
0
0
0
0
0
0
5.5992
0
0
0
0
0
0
0
0
0
0
0
0
0
0
0
0
0
0
0
-2.8466
0
0
0
0
0
-2.6406
0
0
0
0
5.4872
0
0
0
0
0
0
0
0
0
0
0
0
0
0
0
0
0
0
0
0
0
0
0
0
0
0
-4.2441
0
0
0
4.2441
0
0
0
0
0
0
0
0
0
0
0
0
0
0
0
0
0
-5.3849
0
0
0
0
0
0
0
0
0
0
0
0
5.3849
0
0
0
0
0
0
0
-4.3111
0
0
0
0
0
0
0
0
0
0
0
0
0
0
0
0
0
0
0
0
0
0
4.3111
0
0
0
0
0
0
0
0
0
-4.9959
0
0
0
0
0
0
0
0
0
0
0
0
0
0
0
0
0
0
0
0
4.9959
0
0
0
0
0
0
0
0
0
0
0
0
0
0
0
0
0
0
0
0
0
-1.9597
0
0
0
0
0
0
0
0
1.9597
0
0
0
0
0
0
0
0
0
0
0
0
0
0
0
0
-3.5238
0
0
0
0
0
0
0
0
0
0
0
0
0
3.5238
0
0
0
0
-4.5133
0
0
0
0
0
0
0
0
0
0
0
0
0
0
0
0
0
0
0
0
0
0
0
0
0
4.5133
0
0
0
0
0
0
0
0
0
0
0
0
0
-5.2549
0
0
0
0
0
0
0
0
0
0
0
0
0
0
0
0
5.2549
0
0
0
0
0
0
0
0
0
0
-5.3849
0
0
0
0
0
0
0
0
0
0
0
0
0
0
0
0
0
0
0
5.3849
