32.2256
-0.94518
-0.9429
-0.86724
-0.8596
-0.85853
-0.86724
-0.73561
-0.73561
-0.73561
-0.73561
-0.88299
-0.81994
-0.81994
-0.89166
-0.89166
-0.76162
-0.76162
0
0
0
0
0
-9.0565
0
0
0
0
0
-9.0565
-0.94518
15.18
-0.90549
-0.82899
-0.84983
-0.8315
-0.82899
-0.71241
-0.71241
-0.71241
-0.71241
-0.85304
-0.78883
-0.78883
-0.89832
-0.89832
-0.73296
-0.73296
-0.533
-0.9141
0
0
0
0
0
0
0
0
0
0
-0.9429
-0.90549
14.8906
-0.82809
-0.84888
-0.83731
-0.82809
-0.71185
-0.71185
-0.71185
-0.71185
-0.85207
-0.78843
-0.78843
-0.89626
-0.89626
-0.73262
-0.73262
0
-0.90055
-0.26522
0
0
0
0
0
0
0
0
0
-0.86724
-0.82899
-0.82809
13.5454
-0.79612
-0.78285
-0.75411
-0.655
-0.655
-0.655
-0.655
-0.78344
-0.72511
-0.72511
-0.82936
-0.82936
-0.67409
-0.67409
0
-0.82745
0
0
0
0
0
0
0
0
0
0
-0.8596
-0.84983
-0.84888
-0.79612
20.3898
-0.79139
-0.79612
-0.66687
-0.66687
-0.66687
-0.66687
-0.79835
-0.74037
-0.74037
-0.82846
-0.82846
-0.6881
-0.6881
0
0
0
0
0
0
0
0
0
-7.4682
0
0
-0.85853
-0.8315
-0.83731
-0.78285
-0.79139
13.207
-0.78285
-0.65403
-0.65403
-0.65403
-0.65403
-0.78028
-0.72462
-0.72462
-0.82098
-0.82098
-0.67375
-0.67375
-0.48746
0
0
0
0
0
0
0
0
0
0
0
-0.86724
-0.82899
-0.82809
-0.75411
-0.79612
-0.78285
13.5454
-0.655
-0.655
-0.655
-0.655
-0.78344
-0.72511
-0.72511
-0.82936
-0.82936
-0.67409
-0.67409
0
-0.82745
0
0
0
0
0
0
0
0
0
0
-0.73561
-0.71241
-0.71185
-0.655
-0.66687
-0.65403
-0.655
10.8738
-0.54605
-0.54605
-0.54605
-0.66181
-0.61708
-0.61708
-0.7005
-0.7005
-0.57394
-0.57394
0
0
0
0
0
0
0
0
0
0
0
0
-0.73561
-0.71241
-0.71185
-0.655
-0.66687
-0.65403
-0.655
-0.54605
10.8738
-0.54605
-0.54605
-0.66181
-0.61708
-0.61708
-0.7005
-0.7005
-0.57394
-0.57394
0
0
0
0
0
0
0
0
0
0
0
0
-0.73561
-0.71241
-0.71185
-0.655
-0.66687
-0.65403
-0.655
-0.54605
-0.54605
10.8738
-0.54605
-0.66181
-0.61708
-0.61708
-0.7005
-0.7005
-0.57394
-0.57394
0
0
0
0
0
0
0
0
0
0
0
0
-0.73561
-0.71241
-0.71185
-0.655
-0.66687
-0.65403
-0.655
-0.54605
-0.54605
-0.54605
10.8738
-0.66181
-0.61708
-0.61708
-0.7005
-0.7005
-0.57394
-0.57394
0
0
0
0
0
0
0
0
0
0
0
0
-0.88299
-0.85304
-0.85207
-0.78344
-0.79835
-0.78028
-0.78344
-0.66181
-0.66181
-0.66181
-0.66181
16.366
-0.76526
-0.76526
0
0
0
0
0
0
0
0
-6.4547
0
0
0
0
0
0
0
-0.81994
-0.78883
-0.78843
-0.72511
-0.74037
-0.72462
-0.72511
-0.61708
-0.61708
-0.61708
-0.61708
-0.76526
9.2065
-0.66044
0
0
0
0
0
0
0
0
0
0
0
0
0
0
0
0
-0.81994
-0.78883
-0.78843
-0.72511
-0.74037
-0.72462
-0.72511
-0.61708
-0.61708
-0.61708
-0.61708
-0.76526
-0.66044
9.2065
0
0
0
0
0
0
0
0
0
0
0
0
0
0
0
0
-0.89166
-0.89832
-0.89626
-0.82936
-0.82846
-0.82098
-0.82936
-0.7005
-0.7005
-0.7005
-0.7005
0
0
0
13.4761
0
0
0
0
0
0
0
0
0
0
0
0
0
-4.6798
0
-0.89166
-0.89832
-0.89626
-0.82936
-0.82846
-0.82098
-0.82936
-0.7005
-0.7005
-0.7005
-0.7005
0
0
0
0
13.4761
0
0
0
0
0
0
0
0
0
0
-4.6798
0
0
0
-0.76162
-0.73296
-0.73262
-0.67409
-0.6881
-0.67375
-0.67409
-0.57394
-0.57394
-0.57394
-0.57394
0
0
0
0
0
7.233
0
0
0
0
0
0
0
0
0
0
0
0
0
-0.76162
-0.73296
-0.73262
-0.67409
-0.6881
-0.67375
-0.67409
-0.57394
-0.57394
-0.57394
-0.57394
0
0
0
0
0
0
7.233
0
0
0
0
0
0
0
0
0
0
0
0
0
-0.533
0
0
0
-0.48746
0
0
0
0
0
0
0
0
0
0
0
0
4.7104
-0.66002
0
-2.9254
0
0
0
-0.1045
0
0
0
0
0
-0.9141
-0.90055
-0.82745
0
0
-0.82745
0
0
0
0
0
0
0
0
0
0
0
-0.66002
4.1296
0
0
0
0
0
0
0
0
0
0
0
0
-0.26522
0
0
0
0
0
0
0
0
0
0
0
0
0
0
0
0
0
4.3518
-2.4309
0
0
-1.6557
0
0
0
0
0
0
0
0
0
0
0
0
0
0
0
0
0
0
0
0
0
0
0
-2.9254
0
-2.4309
7.1665
-1.8102
0
0
0
0
0
0
0
0
0
0
0
0
0
0
0
0
0
0
-6.4547
0
0
0
0
0
0
0
0
0
-1.8102
8.2648
0
0
0
0
0
0
0
-9.0565
0
0
0
0
0
0
0
0
0
0
0
0
0
0
0
0
0
0
0
0
0
0
9.0565
0
0
0
0
0
0
0
0
0
0
0
0
0
0
0
0
0
0
0
0
0
0
0
0
0
0
-1.6557
0
0
0
1.6557
0
0
0
0
0
0
0
0
0
0
0
0
0
0
0
0
0
0
0
0
0
0
0
-0.1045
0
0
0
0
0
0
0.1045
0
0
0
0
0
0
0
0
0
0
0
0
0
0
0
0
0
0
0
-4.6798
0
0
0
0
0
0
0
0
0
0
4.6798
0
0
0
0
0
0
0
-7.4682
0
0
0
0
0
0
0
0
0
0
0
0
0
0
0
0
0
0
0
0
0
0
7.4682
0
0
0
0
0
0
0
0
0
0
0
0
0
0
0
0
-4.6798
0
0
0
0
0
0
0
0
0
0
0
0
0
4.6798
0
-9.0565
0
0
0
0
0
0
0
0
0
0
0
0
0
0
0
0
0
0
0
0
0
0
0
0
0
0
0
0
9.0565
