10.4909
-0.70934
-0.70041
-0.70934
-0.6748
-0.65477
-0.70084
-0.74648
-0.70952
-0.70056
-0.76465
-0.7135
-0.67601
-0.68486
-0.65454
0
-0.69131
0
0
0
0
0
0
0
0
0
0
0
0
0
-0.70934
12.8557
-0.7085
-0.68047
-0.68224
-0.6592
-0.70507
-0.77149
-0.71986
-0.71142
-0.78985
-0.71797
-0.6824
-0.68628
-0.66407
0
0
0
0
0
0
-2.9676
0
0
0
0
0
0
0
0
-0.70041
-0.7085
10.5557
-0.7085
-0.67344
-0.65536
-0.70263
-0.74299
-0.71056
-0.70106
-0.76539
-0.71611
-0.67325
-0.68562
-0.66489
0
0
0
0
0
-0.74698
0
0
0
0
0
0
0
0
0
-0.70934
-0.68047
-0.7085
12.8557
-0.68224
-0.6592
-0.70507
-0.77149
-0.71986
-0.71142
-0.78985
-0.71797
-0.6824
-0.68628
-0.66407
0
0
0
0
0
0
-2.9676
0
0
0
0
0
0
0
0
-0.6748
-0.68224
-0.67344
-0.68224
14.7373
-0.63122
-0.6658
-0.70315
-0.67378
-0.66671
-0.72456
-0.67684
-0.6441
-0.64908
0
0
0
0
0
0
0
0
0
0
0
0
0
0
-5.9893
0
-0.65477
-0.6592
-0.65536
-0.6592
-0.63122
9.1955
-0.65229
-0.69907
-0.663
-0.65655
-0.71469
-0.66232
-0.63282
-0.63617
-0.61889
0
0
0
0
0
0
0
0
0
0
0
0
0
0
0
-0.70084
-0.70507
-0.70263
-0.70507
-0.6658
-0.65229
6.9182
0
-0.70332
-0.69727
0
-0.70447
0
-0.68143
0
0
0
0
0
0
0
0
0
0
0
0
0
0
0
0
-0.74648
-0.77149
-0.74299
-0.77149
-0.70315
-0.69907
0
16.4143
0
0
0
0
0
0
0
-0.64494
0
0
0
0
0
0
0
0
0
0
-5.6673
-5.6673
0
0
-0.70952
-0.71986
-0.71056
-0.71986
-0.67378
-0.663
-0.70332
0
6.4422
0
0
-0.7526
0
0
0
0
0
0
0
0
0
0
-0.7897
0
0
0
0
0
0
0
-0.70056
-0.71142
-0.70106
-0.71142
-0.66671
-0.65655
-0.69727
0
0
5.6038
0
0
0
0
0
0
0
0
0
-0.75887
0
0
0
0
0
0
0
0
0
0
-0.76465
-0.78985
-0.76539
-0.78985
-0.72456
-0.71469
0
0
0
0
10.2184
0
0
0
0
-0.66439
0
0
0
0
0
0
0
0
0
-5.005
0
0
0
0
-0.7135
-0.71797
-0.71611
-0.71797
-0.67684
-0.66232
-0.70447
0
-0.7526
0
0
5.6618
0
0
0
0
0
0
0
0
0
0
0
0
0
0
0
0
0
0
-0.67601
-0.6824
-0.67325
-0.6824
-0.6441
-0.63282
0
0
0
0
0
0
4.6777
0
0
0
-0.68672
0
0
0
0
0
0
0
0
0
0
0
0
0
-0.68486
-0.68628
-0.68562
-0.68628
-0.64908
-0.63617
-0.68143
0
0
0
0
0
0
4.7097
0
0
0
0
0
0
0
0
0
0
0
0
0
0
0
0
-0.65454
-0.66407
-0.66489
-0.66407
0
-0.61889
0
0
0
0
0
0
0
0
3.909
0
0
0
0
0
0
0
0
-0.64258
0
0
0
0
0
0
0
0
0
0
0
0
0
-0.64494
0
0
-0.66439
0
0
0
0
1.8616
0
0
0
0
0
0
0
0
0
0
0
0
0
-0.55225
-0.69131
0
0
0
0
0
0
0
0
0
0
0
-0.68672
0
0
0
2.2342
0
0
0
0
0
0
0
-0.85623
0
0
0
0
0
0
0
0
0
0
0
0
0
0
0
0
0
0
0
0
0
0
3.6005
0
-1.791
0
0
-1.8095
0
0
0
0
0
0
0
0
0
0
0
0
0
0
0
0
0
0
0
0
0
0
0
0
0
3.4233
0
-1.7167
0
0
-1.7066
0
0
0
0
0
0
0
0
0
0
0
0
0
0
0
-0.75887
0
0
0
0
0
0
0
-1.791
0
2.5498
0
0
0
0
0
0
0
0
0
0
0
0
-0.74698
0
0
0
0
0
0
0
0
0
0
0
0
0
0
0
-1.7167
0
2.4637
0
0
0
0
0
0
0
0
0
0
-2.9676
0
-2.9676
0
0
0
0
0
0
0
0
0
0
0
0
0
0
0
0
0
5.9351
0
0
0
0
0
0
0
0
0
0
0
0
0
0
0
0
-0.7897
0
0
0
0
0
0
0
0
-1.8095
0
0
0
0
2.5992
0
0
0
0
0
0
0
0
0
0
0
0
0
0
0
0
0
0
0
0
0
-0.64258
0
0
0
-1.7066
0
0
0
0
2.3492
0
0
0
0
0
0
0
0
0
0
0
0
0
0
0
0
0
0
0
0
0
0
-0.85623
0
0
0
0
0
0
0
0.85623
0
0
0
0
0
0
0
0
0
0
0
0
0
0
0
-5.005
0
0
0
0
0
0
0
0
0
0
0
0
0
0
5.005
0
0
0
0
0
0
0
0
0
0
0
-5.6673
0
0
0
0
0
0
0
0
0
0
0
0
0
0
0
0
0
0
5.6673
0
0
0
0
0
0
0
0
0
0
-5.6673
0
0
0
0
0
0
0
0
0
0
0
0
0
0
0
0
0
0
0
5.6673
0
0
0
0
0
0
-5.9893
0
0
0
0
0
0
0
0
0
0
0
0
0
0
0
0
0
0
0
0
0
0
0
5.9893
0
0
0
0
0
0
0
0
0
0
0
0
0
0
0
0
-0.55225
0
0
0
0
0
0
0
0
0
0
0
0
0
0.55225
