25.7461
-1.1195
-1.1094
-1.1094
-0.89849
-0.89849
-0.89849
-0.89849
-0.89849
-0.89849
-0.89849
-0.89849
-0.89849
-0.77547
-0.86976
-0.86152
-0.86776
-0.86152
-0.87255
-0.95456
-0.89713
-0.21619
0
0
0
0
-7.145
0
0
0
-1.1195
19.7297
-1.185
-1.185
-0.95233
-0.95233
-0.95233
-0.95233
-0.95233
-0.95233
-0.95233
-0.95233
-0.95233
-0.81869
-0.9673
-0.91309
-0.93764
-0.91309
-0.92597
-1.0123
-0.94985
0
0
-0.23137
0
0
0
0
0
0
-1.1094
-1.185
26.9101
-1.2003
-0.97039
-0.97039
-0.97039
-0.97039
-0.97039
-0.97039
-0.97039
-0.97039
-0.97039
-0.83371
-0.9619
-0.93005
-0.95223
-0.93005
-0.94459
-1.0328
-0.9698
0
0
0
0
0
0
0
0
-7.1268
-1.1094
-1.185
-1.2003
26.9101
-0.97039
-0.97039
-0.97039
-0.97039
-0.97039
-0.97039
-0.97039
-0.97039
-0.97039
-0.83371
-0.9619
-0.93005
-0.95223
-0.93005
-0.94459
-1.0328
-0.9698
0
0
0
0
0
0
0
-7.1268
0
-0.89849
-0.95233
-0.97039
-0.97039
15.6
-0.73128
-0.73128
-0.73128
-0.73128
-0.73128
-0.73128
-0.73128
-0.73128
-0.64882
-0.78822
-0.72858
-0.75923
-0.72858
-0.74119
-0.80662
-0.75695
0
0
0
0
0
0
0
0
0
-0.89849
-0.95233
-0.97039
-0.97039
-0.73128
15.6
-0.73128
-0.73128
-0.73128
-0.73128
-0.73128
-0.73128
-0.73128
-0.64882
-0.78822
-0.72858
-0.75923
-0.72858
-0.74119
-0.80662
-0.75695
0
0
0
0
0
0
0
0
0
-0.89849
-0.95233
-0.97039
-0.97039
-0.73128
-0.73128
15.6
-0.73128
-0.73128
-0.73128
-0.73128
-0.73128
-0.73128
-0.64882
-0.78822
-0.72858
-0.75923
-0.72858
-0.74119
-0.80662
-0.75695
0
0
0
0
0
0
0
0
0
-0.89849
-0.95233
-0.97039
-0.97039
-0.73128
-0.73128
-0.73128
15.6
-0.73128
-0.73128
-0.73128
-0.73128
-0.73128
-0.64882
-0.78822
-0.72858
-0.75923
-0.72858
-0.74119
-0.80662
-0.75695
0
0
0
0
0
0
0
0
0
-0.89849
-0.95233
-0.97039
-0.97039
-0.73128
-0.73128
-0.73128
-0.73128
15.6
-0.73128
-0.73128
-0.73128
-0.73128
-0.64882
-0.78822
-0.72858
-0.75923
-0.72858
-0.74119
-0.80662
-0.75695
0
0
0
0
0
0
0
0
0
-0.89849
-0.95233
-0.97039
-0.97039
-0.73128
-0.73128
-0.73128
-0.73128
-0.73128
15.6
-0.73128
-0.73128
-0.73128
-0.64882
-0.78822
-0.72858
-0.75923
-0.72858
-0.74119
-0.80662
-0.75695
0
0
0
0
0
0
0
0
0
-0.89849
-0.95233
-0.97039
-0.97039
-0.73128
-0.73128
-0.73128
-0.73128
-0.73128
-0.73128
15.6
-0.73128
-0.73128
-0.64882
-0.78822
-0.72858
-0.75923
-0.72858
-0.74119
-0.80662
-0.75695
0
0
0
0
0
0
0
0
0
-0.89849
-0.95233
-0.97039
-0.97039
-0.73128
-0.73128
-0.73128
-0.73128
-0.73128
-0.73128
-0.73128
15.6
-0.73128
-0.64882
-0.78822
-0.72858
-0.75923
-0.72858
-0.74119
-0.80662
-0.75695
0
0
0
0
0
0
0
0
0
-0.89849
-0.95233
-0.97039
-0.97039
-0.73128
-0.73128
-0.73128
-0.73128
-0.73128
-0.73128
-0.73128
-0.73128
15.6
-0.64882
-0.78822
-0.72858
-0.75923
-0.72858
-0.74119
-0.80662
-0.75695
0
0
0
0
0
0
0
0
0
-0.77547
-0.81869
-0.83371
-0.83371
-0.64882
-0.64882
-0.64882
-0.64882
-0.64882
-0.64882
-0.64882
-0.64882
-0.64882
12.8274
-0.60626
-0.62313
-0.59912
-0.62313
-0.60789
-0.6669
0
0
0
0
0
0
0
0
0
0
-0.86976
-0.9673
-0.9619
-0.9619
-0.78822
-0.78822
-0.78822
-0.78822
-0.78822
-0.78822
-0.78822
-0.78822
-0.78822
-0.60626
28.1727
-0.69134
0
-0.69134
0
0
0
0
0
0
-7.6645
-7.6645
0
0
0
0
-0.86152
-0.91309
-0.93005
-0.93005
-0.72858
-0.72858
-0.72858
-0.72858
-0.72858
-0.72858
-0.72858
-0.72858
-0.72858
-0.62313
-0.69134
13.5339
-0.67975
-0.67249
-0.67525
0
0
0
0
0
0
0
0
0
0
0
-0.86776
-0.93764
-0.95223
-0.95223
-0.75923
-0.75923
-0.75923
-0.75923
-0.75923
-0.75923
-0.75923
-0.75923
-0.75923
-0.59912
0
-0.67975
18.7228
-0.67975
-0.65336
0
0
0
0
0
0
0
0
-5.568
0
0
-0.86152
-0.91309
-0.93005
-0.93005
-0.72858
-0.72858
-0.72858
-0.72858
-0.72858
-0.72858
-0.72858
-0.72858
-0.72858
-0.62313
-0.69134
-0.67249
-0.67975
13.5339
-0.67525
0
0
0
0
0
0
0
0
0
0
0
-0.87255
-0.92597
-0.94459
-0.94459
-0.74119
-0.74119
-0.74119
-0.74119
-0.74119
-0.74119
-0.74119
-0.74119
-0.74119
-0.60789
0
-0.67525
-0.65336
-0.67525
12.9702
0
0
0
0
0
0
0
0
0
0
0
-0.95456
-1.0123
-1.0328
-1.0328
-0.80662
-0.80662
-0.80662
-0.80662
-0.80662
-0.80662
-0.80662
-0.80662
-0.80662
-0.6669
0
0
0
0
0
11.959
0
0
0
0
0
0
0
0
0
0
-0.89713
-0.94985
-0.9698
-0.9698
-0.75695
-0.75695
-0.75695
-0.75695
-0.75695
-0.75695
-0.75695
-0.75695
-0.75695
0
0
0
0
0
0
0
10.5992
0
0
0
0
0
0
0
0
0
-0.21619
0
0
0
0
0
0
0
0
0
0
0
0
0
0
0
0
0
0
0
0
1.9887
-1.7725
0
0
0
0
0
0
0
0
0
0
0
0
0
0
0
0
0
0
0
0
0
0
0
0
0
0
0
0
-1.7725
3.6208
-1.8483
0
0
0
0
0
0
0
-0.23137
0
0
0
0
0
0
0
0
0
0
0
0
0
0
0
0
0
0
0
0
-1.8483
2.0797
0
0
0
0
0
0
0
0
0
0
0
0
0
0
0
0
0
0
0
0
-7.6645
0
0
0
0
0
0
0
0
0
7.6645
0
0
0
0
0
0
0
0
0
0
0
0
0
0
0
0
0
0
0
-7.6645
0
0
0
0
0
0
0
0
0
0
7.6645
0
0
0
0
-7.145
0
0
0
0
0
0
0
0
0
0
0
0
0
0
0
0
0
0
0
0
0
0
0
0
0
7.145
0
0
0
0
0
0
0
0
0
0
0
0
0
0
0
0
0
0
0
-5.568
0
0
0
0
0
0
0
0
0
0
5.568
0
0
0
0
0
-7.1268
0
0
0
0
0
0
0
0
0
0
0
0
0
0
0
0
0
0
0
0
0
0
0
0
7.1268
0
0
0
-7.1268
0
0
0
0
0
0
0
0
0
0
0
0
0
0
0
0
0
0
0
0
0
0
0
0
0
0
7.1268
