28.7844
-0.91968
-0.84616
-0.84616
-0.84616
-0.84616
-0.85678
-0.85678
-0.87612
-0.915
-0.84158
-0.84158
-0.82617
-0.85172
-0.85065
-0.85037
-0.98164
-0.91483
-0.91483
-0.76745
-0.83884
0
0
-2.1108
0
0
0
0
0
-9.3849
-0.91968
19.6026
-0.85499
-0.85499
-0.85499
-0.85499
-0.86762
-0.86762
-0.90915
-0.94619
-0.85346
-0.85346
-0.84229
-0.88344
-0.86136
-0.86061
-0.99713
-0.91973
-0.91973
-0.77984
-0.84013
0
0
-2.0613
0
0
0
0
0
0
-0.84616
-0.85499
16.0597
-0.7668
-0.7668
-0.7668
-0.79378
-0.79378
-0.82548
-0.85937
-0.78041
-0.78041
-0.7698
-0.80326
-0.78764
-0.78687
-0.91062
-0.84124
-0.84124
-0.71477
-0.76949
0
0
0
0
0
0
0
0
0
-0.84616
-0.85499
-0.7668
16.0597
-0.7668
-0.7668
-0.79378
-0.79378
-0.82548
-0.85937
-0.78041
-0.78041
-0.7698
-0.80326
-0.78764
-0.78687
-0.91062
-0.84124
-0.84124
-0.71477
-0.76949
0
0
0
0
0
0
0
0
0
-0.84616
-0.85499
-0.7668
-0.7668
16.0597
-0.7668
-0.79378
-0.79378
-0.82548
-0.85937
-0.78041
-0.78041
-0.7698
-0.80326
-0.78764
-0.78687
-0.91062
-0.84124
-0.84124
-0.71477
-0.76949
0
0
0
0
0
0
0
0
0
-0.84616
-0.85499
-0.7668
-0.7668
-0.7668
16.0597
-0.79378
-0.79378
-0.82548
-0.85937
-0.78041
-0.78041
-0.7698
-0.80326
-0.78764
-0.78687
-0.91062
-0.84124
-0.84124
-0.71477
-0.76949
0
0
0
0
0
0
0
0
0
-0.85678
-0.86762
-0.79378
-0.79378
-0.79378
-0.79378
14.7896
-0.78809
-0.83447
-0.86811
-0.7907
-0.7907
-0.78046
-0.81203
-0.79763
-0.79669
-0.92309
-0.85407
-0.85407
0
0
0
0
0
0
0
0
0
0
0
-0.85678
-0.86762
-0.79378
-0.79378
-0.79378
-0.79378
-0.78809
14.7896
-0.83447
-0.86811
-0.7907
-0.7907
-0.78046
-0.81203
-0.79763
-0.79669
-0.92309
-0.85407
-0.85407
0
0
0
0
0
0
0
0
0
0
0
-0.87612
-0.90915
-0.82548
-0.82548
-0.82548
-0.82548
-0.83447
-0.83447
20.5234
-0.86037
-0.81029
-0.81029
-0.78568
-0.80506
-0.81809
-0.81813
0
0
0
0
0
-0.44676
0
0
0
0
0
-7.6126
0
0
-0.915
-0.94619
-0.85937
-0.85937
-0.85937
-0.85937
-0.86811
-0.86811
-0.86037
20.5751
-0.85143
-0.85143
-0.84581
-0.85522
-0.86243
-0.86302
0
0
0
0
0
0
0
0
0
0
0
0
-7.5504
0
-0.84158
-0.85346
-0.78041
-0.78041
-0.78041
-0.78041
-0.7907
-0.7907
-0.81029
-0.85143
11.8653
-0.71175
-0.78518
-0.77258
-0.76429
-0.77172
0
0
0
0
0
0
0
0
0
0
0
0
0
0
-0.84158
-0.85346
-0.78041
-0.78041
-0.78041
-0.78041
-0.7907
-0.7907
-0.81029
-0.85143
-0.71175
11.8653
-0.78518
-0.77258
-0.76429
-0.77172
0
0
0
0
0
0
0
0
0
0
0
0
0
0
-0.82617
-0.84229
-0.7698
-0.7698
-0.7698
-0.7698
-0.78046
-0.78046
-0.78568
-0.84581
-0.78518
-0.78518
11.6395
-0.70608
-0.72445
0
0
0
0
0
0
0
-0.69855
0
0
0
0
0
0
0
-0.85172
-0.88344
-0.80326
-0.80326
-0.80326
-0.80326
-0.81203
-0.81203
-0.80506
-0.85522
-0.77258
-0.77258
-0.70608
17.0832
0
0
0
0
0
0
0
0
0
0
-6.5994
0
0
0
0
0
-0.85065
-0.86136
-0.78764
-0.78764
-0.78764
-0.78764
-0.79763
-0.79763
-0.81809
-0.86243
-0.76429
-0.76429
-0.72445
0
10.3914
0
0
0
0
0
0
0
0
0
0
0
0
0
0
0
-0.85037
-0.86061
-0.78687
-0.78687
-0.78687
-0.78687
-0.79669
-0.79669
-0.81813
-0.86302
-0.77172
-0.77172
0
0
0
9.6764
0
0
0
0
0
0
0
0
0
0
0
0
0
0
-0.98164
-0.99713
-0.91062
-0.91062
-0.91062
-0.91062
-0.92309
-0.92309
0
0
0
0
0
0
0
0
8.3535
0
0
0
0
0
-0.88613
0
0
0
0
0
0
0
-0.91483
-0.91973
-0.84124
-0.84124
-0.84124
-0.84124
-0.85407
-0.85407
0
0
0
0
0
0
0
0
0
6.9077
0
0
0
0
0
0
0
0
0
0
0
0
-0.91483
-0.91973
-0.84124
-0.84124
-0.84124
-0.84124
-0.85407
-0.85407
0
0
0
0
0
0
0
0
0
0
6.9077
0
0
0
0
0
0
0
0
0
0
0
-0.76745
-0.77984
-0.71477
-0.71477
-0.71477
-0.71477
0
0
0
0
0
0
0
0
0
0
0
0
0
4.8687
0
-0.46233
0
0
0
0
0
0
0
0
-0.83884
-0.84013
-0.76949
-0.76949
-0.76949
-0.76949
0
0
0
0
0
0
0
0
0
0
0
0
0
0
4.7569
0
0
0
0
0
0
0
0
0
0
0
0
0
0
0
0
0
-0.44676
0
0
0
0
0
0
0
0
0
0
-0.46233
0
1.2344
0
0
0
-0.32535
0
0
0
0
0
0
0
0
0
0
0
0
0
0
0
0
-0.69855
0
0
0
-0.88613
0
0
0
0
0
2.5431
0
0
0
-0.9584
0
0
0
-2.1108
-2.0613
0
0
0
0
0
0
0
0
0
0
0
0
0
0
0
0
0
0
0
0
0
4.172
0
0
0
0
0
0
0
0
0
0
0
0
0
0
0
0
0
0
0
-6.5994
0
0
0
0
0
0
0
0
0
0
6.5994
0
0
0
0
0
0
0
0
0
0
0
0
0
0
0
0
0
0
0
0
0
0
0
0
0
0
-0.32535
0
0
0
0.32535
0
0
0
0
0
0
0
0
0
0
0
0
0
0
0
0
0
0
0
0
0
0
0
0
0
0
-0.9584
0
0
0
0.9584
0
0
0
0
0
0
0
0
0
0
0
-7.6126
0
0
0
0
0
0
0
0
0
0
0
0
0
0
0
0
0
0
7.6126
0
0
0
0
0
0
0
0
0
0
0
-7.5504
0
0
0
0
0
0
0
0
0
0
0
0
0
0
0
0
0
0
7.5504
0
-9.3849
0
0
0
0
0
0
0
0
0
0
0
0
0
0
0
0
0
0
0
0
0
0
0
0
0
0
0
0
9.3849
