9.8637
-0.36057
-0.40686
-0.41499
-0.36057
-0.40215
-0.33339
-0.34857
-0.40215
-0.44076
0
-0.49351
-0.92626
-1.6049
0
0
0
0
0
0
0
0
0
-3.3691
0
0
0
0
0
0
-0.36057
4.4341
-0.30469
-0.38779
-0.20989
-0.35743
-0.32737
-0.34215
-0.35743
-0.42415
0
-0.4756
-0.88701
0
0
0
0
0
0
0
0
0
0
0
0
0
0
0
0
0
-0.40686
-0.30469
11.1431
-0.40731
-0.30469
-0.39055
-0.35103
-0.36796
-0.39055
-0.4647
0
-0.49754
0
0
0
0
0
0
0
0
0
0
0
0
0
0
0
0
0
-7.2572
-0.41499
-0.38779
-0.40731
5.6215
-0.38779
-0.40851
-0.36639
-0.38272
-0.40851
-0.44716
-0.6368
0
0
0
-1.3735
0
0
0
0
0
0
0
0
0
0
0
0
0
0
0
-0.36057
-0.20989
-0.30469
-0.38779
4.4341
-0.35743
-0.32737
-0.34215
-0.35743
-0.42415
0
-0.4756
-0.88701
0
0
0
0
0
0
0
0
0
0
0
0
0
0
0
0
0
-0.40215
-0.35743
-0.39055
-0.40851
-0.35743
3.4226
-0.33925
-0.35288
-0.38255
-0.43186
0
0
0
0
0
0
0
0
0
0
0
0
0
0
0
0
0
0
0
0
-0.33339
-0.32737
-0.35103
-0.36639
-0.32737
-0.33925
3.271
0
-0.33925
0
0
0
0
0
0
0
0
-0.78246
-0.1045
0
0
0
0
0
0
0
0
0
0
0
-0.34857
-0.34215
-0.36796
-0.38272
-0.34215
-0.35288
0
4.3753
-0.35288
0
0
0
0
0
0
-1.0581
0
-0.8278
0
0
0
0
0
0
0
0
0
0
0
0
-0.40215
-0.35743
-0.39055
-0.40851
-0.35743
-0.38255
-0.33925
-0.35288
3.4226
-0.43186
0
0
0
0
0
0
0
0
0
0
0
0
0
0
0
0
0
0
0
0
-0.44076
-0.42415
-0.4647
-0.44716
-0.42415
-0.43186
0
0
-0.43186
11.9605
0
0
0
0
0
0
0
0
0
0
0
0
0
0
0
-2.4633
0
-6.4325
0
0
0
0
0
-0.6368
0
0
0
0
0
0
7.2421
0
0
0
0
-2.1091
0
0
-0.72074
0
0
0
0
0
-1.3032
-2.4723
0
0
0
0
-0.49351
-0.4756
-0.49754
0
-0.4756
0
0
0
0
0
0
3.5381
0
0
0
0
0
0
0
-1.5959
0
0
0
0
0
0
0
0
0
0
-0.92626
-0.88701
0
0
-0.88701
0
0
0
0
0
0
0
5.2654
0
0
0
0
0
0
0
0
0
0
0
0
0
0
0
-2.5651
0
-1.6049
0
0
0
0
0
0
0
0
0
0
0
0
5.4347
0
0
0
-1.5143
0
0
0
0
-2.3156
0
0
0
0
0
0
0
0
0
0
-1.3735
0
0
0
0
0
0
0
0
0
0
3.2296
0
-0.8462
0
0
-1.0099
0
0
0
0
0
0
0
0
0
0
0
0
0
0
0
0
0
-1.0581
0
0
-2.1091
0
0
0
0
5.3149
0
0
0
0
-2.1476
0
0
0
0
0
0
0
0
0
0
0
0
0
0
0
0
0
0
0
0
0
0
0
-0.8462
0
6.7484
0
0
0
-3.1101
-2.792
0
0
0
0
0
0
0
0
0
0
0
0
0
0
-0.78246
-0.8278
0
0
0
0
0
-1.5143
0
0
0
3.1245
0
0
0
0
0
0
0
0
0
0
0
0
0
0
0
0
0
0
-0.1045
0
0
0
-0.72074
0
0
0
0
0
0
0
1.3296
0
0
0
0
0
0
0
-0.50434
0
0
0
0
0
0
0
0
0
0
0
0
0
0
-1.5959
0
0
-1.0099
0
0
0
0
4.4287
0
0
-1.823
0
0
0
0
0
0
0
0
0
0
0
0
0
0
0
0
0
0
0
0
0
0
-2.1476
-3.1101
0
0
0
6.9203
0
0
-1.6626
0
0
0
0
0
0
0
0
0
0
0
0
0
0
0
0
0
0
0
0
0
0
-2.792
0
0
0
0
5.0495
0
0
-2.2575
0
0
0
0
0
0
0
0
0
0
0
0
0
0
0
0
0
0
-2.3156
0
0
0
0
0
-1.823
0
0
4.1386
0
0
0
0
0
0
0
-3.3691
0
0
0
0
0
0
0
0
0
0
0
0
0
0
0
0
0
0
0
-1.6626
0
0
5.0317
0
0
0
0
0
0
0
0
0
0
0
0
0
0
0
0
-1.3032
0
0
0
0
0
0
0
0
0
0
-2.2575
0
0
3.5607
0
0
0
0
0
0
0
0
0
0
0
0
0
0
-2.4633
-2.4723
0
0
0
0
0
0
0
0
0
0
0
0
0
0
4.9356
0
0
0
0
0
0
0
0
0
0
0
0
0
0
0
0
0
0
0
0
0
0
-0.50434
0
0
0
0
0
0
0
0.50434
0
0
0
0
0
0
0
0
0
0
0
0
-6.4325
0
0
0
0
0
0
0
0
0
0
0
0
0
0
0
0
0
6.4325
0
0
0
0
0
0
0
0
0
0
0
0
0
0
-2.5651
0
0
0
0
0
0
0
0
0
0
0
0
0
0
0
2.5651
0
0
0
-7.2572
0
0
0
0
0
0
0
0
0
0
0
0
0
0
0
0
0
0
0
0
0
0
0
0
0
0
7.2572
