7.6258
-0.46023
-0.51516
-0.47089
-0.48575
-0.47709
-0.42691
-0.42691
-0.42691
-0.44891
-0.43805
-0.51464
-0.43805
-0.50005
-0.59732
0
0
0
-0.29663
-0.52956
-0.17274
0
0
0
0
0
0
0
0
0
-0.46023
7.5929
-0.51577
-0.48109
-0.48727
-0.48226
-0.42732
-0.42732
-0.42732
-0.4498
-0.43906
-0.50337
-0.43906
-0.50004
-0.61572
-0.1045
0
0
-0.29865
-0.53415
0
0
0
0
0
0
0
0
0
0
-0.51516
-0.51577
22.6381
-0.49514
-0.51444
-0.50231
-0.45309
-0.45309
-0.45309
-0.47457
-0.46593
-0.52821
-0.46593
-0.53044
-0.61472
0
0
-0.33891
0
-0.59744
0
0
0
0
-14.7199
0
0
0
0
0
-0.47089
-0.48109
-0.49514
7.06
-0.51491
-0.5137
-0.45084
-0.45084
-0.45084
-0.47409
-0.46498
-0.53045
-0.46498
-0.52231
-0.65202
-0.1229
0
0
0
0
0
0
0
0
0
0
0
0
0
0
-0.48575
-0.48727
-0.51444
-0.51491
7.0973
-0.52625
-0.45667
-0.45667
-0.45667
-0.48585
-0.47138
-0.55596
-0.47138
-0.54205
-0.67205
0
0
0
0
0
0
0
0
0
0
0
0
0
0
0
-0.47709
-0.48226
-0.50231
-0.5137
-0.52625
6.8977
-0.45473
-0.45473
-0.45473
-0.48359
-0.47094
-0.5462
-0.47094
-0.53502
0
0
-0.52523
0
0
0
0
0
0
0
0
0
0
0
0
0
-0.42691
-0.42732
-0.45309
-0.45084
-0.45667
-0.45473
5.5942
-0.36432
-0.36432
-0.42123
-0.40753
-0.4865
-0.40753
-0.47321
0
0
0
0
0
0
0
0
0
0
0
0
0
0
0
0
-0.42691
-0.42732
-0.45309
-0.45084
-0.45667
-0.45473
-0.36432
5.5942
-0.36432
-0.42123
-0.40753
-0.4865
-0.40753
-0.47321
0
0
0
0
0
0
0
0
0
0
0
0
0
0
0
0
-0.42691
-0.42732
-0.45309
-0.45084
-0.45667
-0.45473
-0.36432
-0.36432
5.5942
-0.42123
-0.40753
-0.4865
-0.40753
-0.47321
0
0
0
0
0
0
0
0
0
0
0
0
0
0
0
0
-0.44891
-0.4498
-0.47457
-0.47409
-0.48585
-0.48359
-0.42123
-0.42123
-0.42123
5.2764
-0.42499
0
-0.42499
0
0
0
0
-0.34588
0
0
0
0
0
0
0
0
0
0
0
0
-0.43805
-0.43906
-0.46593
-0.46498
-0.47138
-0.47094
-0.40753
-0.40753
-0.40753
-0.42499
4.7979
0
-0.39996
0
0
0
0
0
0
0
0
0
0
0
0
0
0
0
0
0
-0.51464
-0.50337
-0.52821
-0.53045
-0.55596
-0.5462
-0.4865
-0.4865
-0.4865
0
0
16.7058
0
0
0
0
0
0
0
0
-0.21509
0
0
0
0
0
-11.8524
0
0
0
-0.43805
-0.43906
-0.46593
-0.46498
-0.47138
-0.47094
-0.40753
-0.40753
-0.40753
-0.42499
-0.39996
0
4.7979
0
0
0
0
0
0
0
0
0
0
0
0
0
0
0
0
0
-0.50005
-0.50004
-0.53044
-0.52231
-0.54205
-0.53502
-0.47321
-0.47321
-0.47321
0
0
0
0
15.5113
0
0
0
0
0
0
0
0
0
0
0
0
0
0
-10.9618
0
-0.59732
-0.61572
-0.61472
-0.65202
-0.67205
0
0
0
0
0
0
0
0
0
11.0494
0
-0.54199
0
0
0
0
0
0
0
0
-7.3556
0
0
0
0
0
-0.1045
0
-0.1229
0
0
0
0
0
0
0
0
0
0
0
19.0584
-0.40603
0
0
0
0
0
-9.2125
0
0
0
0
-9.2125
0
0
0
0
0
0
0
-0.52523
0
0
0
0
0
0
0
0
-0.54199
-0.40603
2.5538
0
0
0
0
-1.0805
0
0
0
0
0
0
0
0
0
0
-0.33891
0
0
0
0
0
0
-0.34588
0
0
0
0
0
0
0
1.9512
-0.68799
0
0
0
0
0
0
0
0
0
0
-0.57839
-0.29663
-0.29865
0
0
0
0
0
0
0
0
0
0
0
0
0
0
0
-0.68799
1.2833
0
0
0
0
0
0
0
0
0
0
0
-0.52956
-0.53415
-0.59744
0
0
0
0
0
0
0
0
0
0
0
0
0
0
0
0
1.6611
0
0
0
0
0
0
0
0
0
0
-0.17274
0
0
0
0
0
0
0
0
0
0
-0.21509
0
0
0
0
0
0
0
0
0.53667
0
0
-0.14883
0
0
0
0
0
0
0
0
0
0
0
0
0
0
0
0
0
0
0
0
0
0
-1.0805
0
0
0
0
1.0805
0
0
0
0
0
0
0
0
0
0
0
0
0
0
0
0
0
0
0
0
0
0
0
-9.2125
0
0
0
0
0
0
9.2125
0
0
0
0
0
0
0
0
0
0
0
0
0
0
0
0
0
0
0
0
0
0
0
0
0
0
0
-0.14883
0
0
0.14883
0
0
0
0
0
0
0
0
-14.7199
0
0
0
0
0
0
0
0
0
0
0
0
0
0
0
0
0
0
0
0
0
14.7199
0
0
0
0
0
0
0
0
0
0
0
0
0
0
0
0
0
0
0
-7.3556
0
0
0
0
0
0
0
0
0
0
7.3556
0
0
0
0
0
0
0
0
0
0
0
0
0
0
0
-11.8524
0
0
0
0
0
0
0
0
0
0
0
0
0
0
11.8524
0
0
0
0
0
0
0
0
0
0
0
0
0
0
0
0
0
0
-9.2125
0
0
0
0
0
0
0
0
0
0
0
9.2125
0
0
0
0
0
0
0
0
0
0
0
0
0
0
0
-10.9618
0
0
0
0
0
0
0
0
0
0
0
0
0
0
10.9618
0
0
0
0
0
0
0
0
0
0
0
0
0
0
0
0
0
0
-0.57839
0
0
0
0
0
0
0
0
0
0
0
0.57839
