29.7876
-0.69562
-0.69562
-0.66292
-0.66442
-0.66442
-0.66442
-0.65722
-0.68063
-0.68063
-0.68796
-0.62968
-0.62968
-0.62968
-0.62968
-0.62968
-0.60713
-0.67476
-0.75442
0
0
0
0
0
0
0
0
-8.9245
0
-8.9245
-0.69562
18.6076
-0.72931
-0.68427
-0.69679
-0.69679
-0.69679
-0.68903
-0.71374
-0.71374
-0.71319
-0.64995
-0.64995
-0.64995
-0.64995
-0.64995
-0.64046
-0.69297
-0.76023
0
0
0
0
0
0
-6.2349
0
0
0
0
-0.69562
-0.72931
18.6076
-0.68427
-0.69679
-0.69679
-0.69679
-0.68903
-0.71374
-0.71374
-0.71319
-0.64995
-0.64995
-0.64995
-0.64995
-0.64995
-0.64046
-0.69297
-0.76023
0
0
0
-6.2349
0
0
0
0
0
0
0
-0.66292
-0.68427
-0.68427
11.6871
-0.66009
-0.66009
-0.66009
-0.64615
-0.66787
-0.66787
-0.66956
-0.61208
-0.61208
-0.61208
-0.61208
-0.61208
-0.60847
-0.64903
-0.706
0
0
0
0
0
0
0
0
0
0
0
-0.66442
-0.69679
-0.69679
-0.66009
16.7066
-0.66755
-0.66755
-0.65141
-0.67396
-0.67396
-0.67756
-0.61913
-0.61913
-0.61913
-0.61913
-0.61913
-0.609
-0.65804
0
0
0
-5.6138
0
0
0
0
0
0
0
0
-0.66442
-0.69679
-0.69679
-0.66009
-0.66755
16.7066
-0.66755
-0.65141
-0.67396
-0.67396
-0.67756
-0.61913
-0.61913
-0.61913
-0.61913
-0.61913
-0.609
-0.65804
0
0
0
0
0
0
0
0
0
0
-5.6138
0
-0.66442
-0.69679
-0.69679
-0.66009
-0.66755
-0.66755
16.7066
-0.65141
-0.67396
-0.67396
-0.67756
-0.61913
-0.61913
-0.61913
-0.61913
-0.61913
-0.609
-0.65804
0
0
0
0
0
0
0
0
-5.6138
0
0
0
-0.65722
-0.68903
-0.68903
-0.64615
-0.65141
-0.65141
-0.65141
15.2122
-0.66908
-0.66908
-0.67642
-0.61633
-0.61633
-0.61633
-0.61633
-0.61633
-0.60588
0
0
0
0
0
0
-4.8744
0
0
0
0
0
0
-0.68063
-0.71374
-0.71374
-0.66787
-0.67396
-0.67396
-0.67396
-0.66908
13.9761
-0.71909
-0.70935
-0.64196
-0.64196
-0.64196
-0.64196
-0.64196
0
0
0
0
0
0
0
0
-3.8709
0
0
0
0
0
-0.68063
-0.71374
-0.71374
-0.66787
-0.67396
-0.67396
-0.67396
-0.66908
-0.71909
13.9761
-0.70935
-0.64196
-0.64196
-0.64196
-0.64196
-0.64196
0
0
0
0
-3.8709
0
0
0
0
0
0
0
0
0
-0.68796
-0.71319
-0.71319
-0.66956
-0.67756
-0.67756
-0.67756
-0.67642
-0.70935
-0.70935
10.7407
-0.63837
-0.63837
-0.63837
-0.63837
-0.63837
-0.6372
0
0
0
0
0
0
0
0
0
0
0
0
0
-0.62968
-0.64995
-0.64995
-0.61208
-0.61913
-0.61913
-0.61913
-0.61633
-0.64196
-0.64196
-0.63837
9.2138
-0.56902
-0.56902
-0.56902
-0.56902
0
0
0
0
0
0
0
0
0
0
0
0
0
0
-0.62968
-0.64995
-0.64995
-0.61208
-0.61913
-0.61913
-0.61913
-0.61633
-0.64196
-0.64196
-0.63837
-0.56902
9.2138
-0.56902
-0.56902
-0.56902
0
0
0
0
0
0
0
0
0
0
0
0
0
0
-0.62968
-0.64995
-0.64995
-0.61208
-0.61913
-0.61913
-0.61913
-0.61633
-0.64196
-0.64196
-0.63837
-0.56902
-0.56902
9.2138
-0.56902
-0.56902
0
0
0
0
0
0
0
0
0
0
0
0
0
0
-0.62968
-0.64995
-0.64995
-0.61208
-0.61913
-0.61913
-0.61913
-0.61633
-0.64196
-0.64196
-0.63837
-0.56902
-0.56902
-0.56902
9.2138
-0.56902
0
0
0
0
0
0
0
0
0
0
0
0
0
0
-0.62968
-0.64995
-0.64995
-0.61208
-0.61913
-0.61913
-0.61913
-0.61633
-0.64196
-0.64196
-0.63837
-0.56902
-0.56902
-0.56902
-0.56902
9.2138
0
0
0
0
0
0
0
0
0
0
0
0
0
0
-0.60713
-0.64046
-0.64046
-0.60847
-0.609
-0.609
-0.609
-0.60588
0
0
-0.6372
0
0
0
0
0
5.6711
0
0
-0.1045
0
0
0
0
0
0
0
0
0
0
-0.67476
-0.69297
-0.69297
-0.64903
-0.65804
-0.65804
-0.65804
0
0
0
0
0
0
0
0
0
0
4.6838
0
0
0
0
0
0
0
0
0
0
0
0
-0.75442
-0.76023
-0.76023
-0.706
0
0
0
0
0
0
0
0
0
0
0
0
0
0
2.9809
0
0
0
0
0
0
0
0
0
0
0
0
0
0
0
0
0
0
0
0
0
0
0
0
0
0
0
-0.1045
0
0
0.1045
0
0
0
0
0
0
0
0
0
0
0
0
0
0
0
0
0
0
0
-3.8709
0
0
0
0
0
0
0
0
0
0
3.8709
0
0
0
0
0
0
0
0
0
0
0
0
0
-5.6138
0
0
0
0
0
0
0
0
0
0
0
0
0
0
0
0
5.6138
0
0
0
0
0
0
0
0
0
0
-6.2349
0
0
0
0
0
0
0
0
0
0
0
0
0
0
0
0
0
0
0
6.2349
0
0
0
0
0
0
0
0
0
0
0
0
0
0
-4.8744
0
0
0
0
0
0
0
0
0
0
0
0
0
0
0
4.8744
0
0
0
0
0
0
0
0
0
0
0
0
0
0
-3.8709
0
0
0
0
0
0
0
0
0
0
0
0
0
0
0
3.8709
0
0
0
0
0
0
-6.2349
0
0
0
0
0
0
0
0
0
0
0
0
0
0
0
0
0
0
0
0
0
0
0
6.2349
0
0
0
0
0
0
0
0
0
0
-5.6138
0
0
0
0
0
0
0
0
0
0
0
0
0
0
0
0
0
0
0
5.6138
0
0
0
-8.9245
0
0
0
0
0
0
0
0
0
0
0
0
0
0
0
0
0
0
0
0
0
0
0
0
0
0
8.9245
0
0
0
0
0
0
0
-5.6138
0
0
0
0
0
0
0
0
0
0
0
0
0
0
0
0
0
0
0
0
0
0
5.6138
0
-8.9245
0
0
0
0
0
0
0
0
0
0
0
0
0
0
0
0
0
0
0
0
0
0
0
0
0
0
0
0
8.9245
