14.4525
-0.68761
-0.71454
-0.71515
-0.71612
-0.71515
-0.71515
-0.71612
-0.71515
-0.63766
-0.68617
-0.59576
-0.58042
-0.65027
-0.72148
-0.62492
-0.70481
-0.6966
-0.45298
0
0
-2.4065
0
0
0
0
0
0
0
0
-0.68761
14.4525
-0.71454
-0.71515
-0.71612
-0.71515
-0.71515
-0.71612
-0.71515
-0.63766
-0.68617
-0.59576
-0.58042
-0.65027
-0.72148
-0.62492
-0.70481
-0.6966
-0.45298
0
0
-2.4065
0
0
0
0
0
0
0
0
-0.71454
-0.71454
12.2702
-0.70974
-0.70418
-0.70974
-0.70974
-0.70418
-0.70974
-0.62226
-0.66251
-0.59095
-0.57676
-0.64597
-0.69147
-0.62143
-0.68471
-0.70352
-0.44842
0
-0.34578
0
0
0
0
0
0
0
0
0
-0.71515
-0.71515
-0.70974
11.507
-0.72427
-0.65923
-0.65923
-0.72427
-0.65923
-0.63222
-0.71027
-0.5804
-0.57699
-0.66581
-0.72784
-0.63338
-0.70447
-0.70938
0
0
0
0
0
0
0
0
0
0
0
0
-0.71612
-0.71612
-0.70418
-0.72427
11.3067
-0.72427
-0.72427
-0.65923
-0.72427
-0.62745
-0.70045
-0.58204
-0.57994
-0.66214
-0.71601
-0.63845
-0.69953
0
0
-0.40794
0
0
0
0
0
0
0
0
0
0
-0.71515
-0.71515
-0.70974
-0.65923
-0.72427
11.507
-0.65923
-0.72427
-0.65923
-0.63222
-0.71027
-0.5804
-0.57699
-0.66581
-0.72784
-0.63338
-0.70447
-0.70938
0
0
0
0
0
0
0
0
0
0
0
0
-0.71515
-0.71515
-0.70974
-0.65923
-0.72427
-0.65923
11.507
-0.72427
-0.65923
-0.63222
-0.71027
-0.5804
-0.57699
-0.66581
-0.72784
-0.63338
-0.70447
-0.70938
0
0
0
0
0
0
0
0
0
0
0
0
-0.71612
-0.71612
-0.70418
-0.72427
-0.65923
-0.72427
-0.72427
11.3067
-0.72427
-0.62745
-0.70045
-0.58204
-0.57994
-0.66214
-0.71601
-0.63845
-0.69953
0
0
-0.40794
0
0
0
0
0
0
0
0
0
0
-0.71515
-0.71515
-0.70974
-0.65923
-0.72427
-0.65923
-0.65923
-0.72427
11.507
-0.63222
-0.71027
-0.5804
-0.57699
-0.66581
-0.72784
-0.63338
-0.70447
-0.70938
0
0
0
0
0
0
0
0
0
0
0
0
-0.63766
-0.63766
-0.62226
-0.63222
-0.62745
-0.63222
-0.63222
-0.62745
-0.63222
17.7069
-0.52544
-0.51365
-0.48874
-0.54583
-0.54957
-0.53099
0
0
0
0
0
0
0
-8.8713
0
0
0
0
0
0
-0.68617
-0.68617
-0.66251
-0.71027
-0.70045
-0.71027
-0.71027
-0.70045
-0.71027
-0.52544
30.0989
-0.55013
-0.52323
-0.52856
0
-0.54823
0
0
0
0
0
0
-10.5732
0
-10.5732
0
0
0
0
0
-0.59576
-0.59576
-0.59095
-0.5804
-0.58204
-0.5804
-0.5804
-0.58204
-0.5804
-0.51365
-0.55013
9.0018
-0.47463
-0.53789
-0.57412
-0.51628
-0.5669
0
0
0
0
0
0
0
0
0
0
0
0
0
-0.58042
-0.58042
-0.57676
-0.57699
-0.57994
-0.57699
-0.57699
-0.57994
-0.57699
-0.48874
-0.52323
-0.47463
8.2258
-0.50718
-0.5372
-0.48942
0
0
0
0
0
0
0
0
0
0
0
0
0
0
-0.65027
-0.65027
-0.64597
-0.66581
-0.66214
-0.66581
-0.66581
-0.66214
-0.66581
-0.54583
-0.52856
-0.53789
-0.50718
8.3885
0
0
0
0
0
0
-0.33497
0
0
0
0
0
0
0
0
0
-0.72148
-0.72148
-0.69147
-0.72784
-0.71601
-0.72784
-0.72784
-0.71601
-0.72784
-0.54957
0
-0.57412
-0.5372
0
27.8355
0
0
0
0
0
0
0
0
0
0
-9.8484
-9.8484
0
0
0
-0.62492
-0.62492
-0.62143
-0.63338
-0.63845
-0.63338
-0.63338
-0.63845
-0.63338
-0.53099
-0.54823
-0.51628
-0.48942
0
0
7.7666
0
0
0
0
0
0
0
0
0
0
0
0
0
0
-0.70481
-0.70481
-0.68471
-0.70447
-0.69953
-0.70447
-0.70447
-0.69953
-0.70447
0
0
-0.5669
0
0
0
0
12.3158
0
0
0
0
0
0
0
0
0
0
0
0
-5.4376
-0.6966
-0.6966
-0.70352
-0.70938
0
-0.70938
-0.70938
0
-0.70938
0
0
0
0
0
0
0
0
4.9342
0
0
0
0
0
0
0
0
0
0
0
0
-0.45298
-0.45298
-0.44842
0
0
0
0
0
0
0
0
0
0
0
0
0
0
0
1.3544
0
0
0
0
0
0
0
0
0
0
0
0
0
0
0
-0.40794
0
0
-0.40794
0
0
0
0
0
0
0
0
0
0
0
1.0926
0
0
0
0
0
0
0
0
-0.2767
0
0
0
-0.34578
0
0
0
0
0
0
0
0
0
0
-0.33497
0
0
0
0
0
0
0.9506
0
0
0
0
0
0
-0.26985
0
0
-2.4065
-2.4065
0
0
0
0
0
0
0
0
0
0
0
0
0
0
0
0
0
0
0
4.8129
0
0
0
0
0
0
0
0
0
0
0
0
0
0
0
0
0
0
-10.5732
0
0
0
0
0
0
0
0
0
0
0
10.5732
0
0
0
0
0
0
0
0
0
0
0
0
0
0
0
0
-8.8713
0
0
0
0
0
0
0
0
0
0
0
0
0
8.8713
0
0
0
0
0
0
0
0
0
0
0
0
0
0
0
0
-10.5732
0
0
0
0
0
0
0
0
0
0
0
0
0
10.5732
0
0
0
0
0
0
0
0
0
0
0
0
0
0
0
0
0
0
0
-9.8484
0
0
0
0
0
0
0
0
0
0
9.8484
0
0
0
0
0
0
0
0
0
0
0
0
0
0
0
0
0
0
-9.8484
0
0
0
0
0
0
0
0
0
0
0
9.8484
0
0
0
0
0
0
0
0
0
0
0
0
0
0
0
0
0
0
0
0
0
0
0
-0.26985
0
0
0
0
0
0
0.26985
0
0
0
0
0
0
0
0
0
0
0
0
0
0
0
0
0
0
0
0
0
-0.2767
0
0
0
0
0
0
0
0
0.2767
0
0
0
0
0
0
0
0
0
0
0
0
0
0
0
0
0
-5.4376
0
0
0
0
0
0
0
0
0
0
0
0
5.4376
