17.3241
-0.82454
-0.85357
-0.82454
-0.82454
-0.81429
-0.82055
-0.81253
-0.81253
-0.80831
-0.80978
-0.82408
-0.78602
-0.78602
-0.91736
-0.86336
-0.75967
-0.96685
-0.76619
-1.3258
0
-1.1235
0
0
0
0
0
0
0
0
-0.82454
15.1269
-0.82385
-0.74989
-0.74989
-0.76469
-0.76472
-0.75489
-0.75489
-0.7503
-0.75558
-0.76465
-0.73021
-0.73021
-0.85436
-0.79924
-0.70572
-0.91206
-0.70612
-1.2311
0
0
0
0
0
0
0
0
0
0
-0.85357
-0.82385
23.5994
-0.82385
-0.82385
-0.74891
-0.7718
-0.76878
-0.76878
-0.76667
-0.7564
-0.78127
-0.74571
-0.74571
-0.81605
-0.81826
-0.72205
0
-0.73397
0
0
0
-0.88269
0
0
0
0
0
0
-9.4472
-0.82454
-0.74989
-0.82385
15.1269
-0.74989
-0.76469
-0.76472
-0.75489
-0.75489
-0.7503
-0.75558
-0.76465
-0.73021
-0.73021
-0.85436
-0.79924
-0.70572
-0.91206
-0.70612
-1.2311
0
0
0
0
0
0
0
0
0
0
-0.82454
-0.74989
-0.82385
-0.74989
15.1269
-0.76469
-0.76472
-0.75489
-0.75489
-0.7503
-0.75558
-0.76465
-0.73021
-0.73021
-0.85436
-0.79924
-0.70572
-0.91206
-0.70612
-1.2311
0
0
0
0
0
0
0
0
0
0
-0.81429
-0.76469
-0.74891
-0.76469
-0.76469
22.0769
-0.73529
-0.7388
-0.7388
-0.73668
-0.72672
-0.75067
-0.71679
-0.71679
-0.77857
-0.78538
-0.69431
0
0
0
0
-0.94632
0
0
-9.1545
0
0
0
0
0
-0.82055
-0.76472
-0.7718
-0.76472
-0.76472
-0.73529
13.0858
-0.7529
-0.7529
-0.74946
-0.74449
-0.76416
-0.72935
-0.72935
-0.84035
-0.79957
-0.70629
0
0
0
0
0
-0.89517
0
0
0
0
0
0
0
-0.81253
-0.75489
-0.76878
-0.75489
-0.75489
-0.7388
-0.7529
12.0505
-0.73037
-0.73783
-0.73881
-0.75289
-0.71836
-0.71836
-0.83471
-0.78635
-0.69512
0
0
0
0
0
0
0
0
0
0
0
0
0
-0.81253
-0.75489
-0.76878
-0.75489
-0.75489
-0.7388
-0.7529
-0.73037
12.0505
-0.73783
-0.73881
-0.75289
-0.71836
-0.71836
-0.83471
-0.78635
-0.69512
0
0
0
0
0
0
0
0
0
0
0
0
0
-0.80831
-0.7503
-0.76667
-0.7503
-0.7503
-0.73668
-0.74946
-0.73783
-0.73783
11.1517
-0.72817
-0.74783
-0.70863
-0.70863
0
-0.78229
-0.68846
0
0
0
0
0
0
0
0
0
0
0
0
0
-0.80978
-0.75558
-0.7564
-0.75558
-0.75558
-0.72672
-0.74449
-0.73881
-0.73881
-0.72817
9.9138
-0.77198
-0.6957
-0.6957
0
0
0
0
0
0
-0.24047
0
0
0
0
0
0
0
0
0
-0.82408
-0.76465
-0.78127
-0.76465
-0.76465
-0.75067
-0.76416
-0.75289
-0.75289
-0.74783
-0.77198
10.6945
-0.72253
-0.72253
0
-0.80977
0
0
0
0
0
0
0
0
0
0
0
0
0
0
-0.78602
-0.73021
-0.74571
-0.73021
-0.73021
-0.71679
-0.72935
-0.71836
-0.71836
-0.70863
-0.6957
-0.72253
9.3716
-0.63951
0
0
0
0
0
0
0
0
0
0
0
0
0
0
0
0
-0.78602
-0.73021
-0.74571
-0.73021
-0.73021
-0.71679
-0.72935
-0.71836
-0.71836
-0.70863
-0.6957
-0.72253
-0.63951
9.3716
0
0
0
0
0
0
0
0
0
0
0
0
0
0
0
0
-0.91736
-0.85436
-0.81605
-0.85436
-0.85436
-0.77857
-0.84035
-0.83471
-0.83471
0
0
0
0
0
23.4873
0
0
0
0
0
0
0
0
-7.9512
0
0
0
0
-7.9512
0
-0.86336
-0.79924
-0.81826
-0.79924
-0.79924
-0.78538
-0.79957
-0.78635
-0.78635
-0.78229
0
-0.80977
0
0
0
8.8291
0
0
0
0
0
0
0
0
0
0
0
0
0
0
-0.75967
-0.70572
-0.72205
-0.70572
-0.70572
-0.69431
-0.70629
-0.69512
-0.69512
-0.68846
0
0
0
0
0
0
7.0782
0
0
0
0
0
0
0
0
0
0
0
0
0
-0.96685
-0.91206
0
-0.91206
-0.91206
0
0
0
0
0
0
0
0
0
0
0
0
4.5581
0
0
-0.85506
0
0
0
0
0
0
0
0
0
-0.76619
-0.70612
-0.73397
-0.70612
-0.70612
0
0
0
0
0
0
0
0
0
0
0
0
0
3.6185
0
0
0
0
0
0
0
0
0
0
0
-1.3258
-1.2311
0
-1.2311
-1.2311
0
0
0
0
0
0
0
0
0
0
0
0
0
0
5.019
0
0
0
0
0
0
0
0
0
0
0
0
0
0
0
0
0
0
0
0
-0.24047
0
0
0
0
0
0
-0.85506
0
0
1.2
0
0
0
0
0
0
-0.1045
0
0
-1.1235
0
0
0
0
-0.94632
0
0
0
0
0
0
0
0
0
0
0
0
0
0
0
3.6456
0
0
0
0
-1.5758
0
0
0
0
0
-0.88269
0
0
0
-0.89517
0
0
0
0
0
0
0
0
0
0
0
0
0
0
0
3.0432
0
0
-1.2654
0
0
0
0
0
0
0
0
0
0
0
0
0
0
0
0
0
0
-7.9512
0
0
0
0
0
0
0
0
7.9512
0
0
0
0
0
0
0
0
0
0
0
-9.1545
0
0
0
0
0
0
0
0
0
0
0
0
0
0
0
0
0
0
9.1545
0
0
0
0
0
0
0
0
0
0
0
0
0
0
0
0
0
0
0
0
0
0
0
0
0
0
0
-1.2654
0
0
1.2654
0
0
0
0
0
0
0
0
0
0
0
0
0
0
0
0
0
0
0
0
0
0
0
0
0
-1.5758
0
0
0
0
1.5758
0
0
0
0
0
0
0
0
0
0
0
0
0
0
0
0
0
0
0
0
0
0
0
-0.1045
0
0
0
0
0
0
0.1045
0
0
0
0
0
0
0
0
0
0
0
0
0
0
0
0
-7.9512
0
0
0
0
0
0
0
0
0
0
0
0
0
7.9512
0
0
0
-9.4472
0
0
0
0
0
0
0
0
0
0
0
0
0
0
0
0
0
0
0
0
0
0
0
0
0
0
9.4472
