23.1737
-0.70443
-0.72024
-0.73374
-0.72211
-0.66307
-0.66307
-0.66307
-0.66307
-0.71518
-0.71518
-0.71117
-0.64313
-0.64313
-0.64313
-0.69537
-0.71775
-0.64186
-1.2195
-0.24562
-0.24562
0
0
0
0
0
0
0
0
-9.8042
-0.70443
23.1737
-0.72024
-0.73374
-0.72211
-0.66307
-0.66307
-0.66307
-0.66307
-0.71518
-0.71518
-0.71117
-0.64313
-0.64313
-0.64313
-0.69537
-0.71775
-0.64186
-1.2195
-0.24562
-0.24562
0
0
0
0
-9.8042
0
0
0
0
-0.72024
-0.72024
22.5307
-0.77639
-0.75898
-0.69492
-0.69492
-0.69492
-0.69492
-0.75757
-0.75757
-0.74703
-0.67376
-0.67376
-0.67376
-0.73665
-0.75284
-0.67141
-1.2681
0
0
-9.0627
0
0
0
0
0
0
0
0
-0.73374
-0.73374
-0.77639
21.1063
-0.77975
-0.70503
-0.70503
-0.70503
-0.70503
-0.77098
-0.77098
-0.76031
-0.68481
-0.68481
-0.68481
-0.74889
-0.76633
-0.68274
0
0
0
0
0
0
-8.7079
0
0
0
0
0
-0.72211
-0.72211
-0.75898
-0.77975
13.4201
-0.68985
-0.68985
-0.68985
-0.68985
-0.75793
-0.75793
-0.74244
-0.66963
-0.66963
-0.66963
-0.74355
-0.74715
-0.66648
-1.2534
0
0
0
0
0
0
0
0
0
0
0
-0.66307
-0.66307
-0.69492
-0.70503
-0.68985
11.0915
-0.61638
-0.61638
-0.61638
-0.68375
-0.68375
-0.67387
-0.60968
-0.60968
-0.60968
-0.67253
-0.67668
-0.60673
0
0
0
0
0
0
0
0
0
0
0
0
-0.66307
-0.66307
-0.69492
-0.70503
-0.68985
-0.61638
11.0915
-0.61638
-0.61638
-0.68375
-0.68375
-0.67387
-0.60968
-0.60968
-0.60968
-0.67253
-0.67668
-0.60673
0
0
0
0
0
0
0
0
0
0
0
0
-0.66307
-0.66307
-0.69492
-0.70503
-0.68985
-0.61638
-0.61638
11.0915
-0.61638
-0.68375
-0.68375
-0.67387
-0.60968
-0.60968
-0.60968
-0.67253
-0.67668
-0.60673
0
0
0
0
0
0
0
0
0
0
0
0
-0.66307
-0.66307
-0.69492
-0.70503
-0.68985
-0.61638
-0.61638
-0.61638
11.0915
-0.68375
-0.68375
-0.67387
-0.60968
-0.60968
-0.60968
-0.67253
-0.67668
-0.60673
0
0
0
0
0
0
0
0
0
0
0
0
-0.71518
-0.71518
-0.75757
-0.77098
-0.75793
-0.68375
-0.68375
-0.68375
-0.68375
16.9016
-0.76909
-0.75967
-0.65476
-0.65476
-0.65476
0
0
0
0
0
0
0
0
0
0
0
-6.9567
0
0
0
-0.71518
-0.71518
-0.75757
-0.77098
-0.75793
-0.68375
-0.68375
-0.68375
-0.68375
-0.76909
16.9016
-0.75967
-0.65476
-0.65476
-0.65476
0
0
0
0
0
0
0
0
-6.9567
0
0
0
0
0
0
-0.71117
-0.71117
-0.74703
-0.76031
-0.74244
-0.67387
-0.67387
-0.67387
-0.67387
-0.75967
-0.75967
10.5731
-0.64868
-0.64868
-0.64868
0
-0.74008
0
0
0
0
0
0
0
0
0
0
0
0
0
-0.64313
-0.64313
-0.67376
-0.68481
-0.66963
-0.60968
-0.60968
-0.60968
-0.60968
-0.65476
-0.65476
-0.64868
8.8248
-0.55671
-0.55671
0
0
0
0
0
0
0
0
0
0
0
0
0
0
0
-0.64313
-0.64313
-0.67376
-0.68481
-0.66963
-0.60968
-0.60968
-0.60968
-0.60968
-0.65476
-0.65476
-0.64868
-0.55671
8.8248
-0.55671
0
0
0
0
0
0
0
0
0
0
0
0
0
0
0
-0.64313
-0.64313
-0.67376
-0.68481
-0.66963
-0.60968
-0.60968
-0.60968
-0.60968
-0.65476
-0.65476
-0.64868
-0.55671
-0.55671
8.8248
0
0
0
0
0
0
0
0
0
0
0
0
0
0
0
-0.69537
-0.69537
-0.73665
-0.74889
-0.74355
-0.67253
-0.67253
-0.67253
-0.67253
0
0
0
0
0
0
8.5778
0
0
0
0
0
0
0
0
0
0
0
-2.2678
0
0
-0.71775
-0.71775
-0.75284
-0.76633
-0.74715
-0.67668
-0.67668
-0.67668
-0.67668
0
0
-0.74008
0
0
0
0
7.1486
0
0
0
0
0
0
0
0
0
0
0
0
0
-0.64186
-0.64186
-0.67141
-0.68274
-0.66648
-0.60673
-0.60673
-0.60673
-0.60673
0
0
0
0
0
0
0
0
5.7313
0
0
0
0
0
0
0
0
0
0
0
0
-1.2195
-1.2195
-1.2681
0
-1.2534
0
0
0
0
0
0
0
0
0
0
0
0
0
4.9606
0
0
0
0
0
0
0
0
0
0
0
-0.24562
-0.24562
0
0
0
0
0
0
0
0
0
0
0
0
0
0
0
0
0
0.59574
0
0
-0.1045
0
0
0
0
0
0
0
-0.24562
-0.24562
0
0
0
0
0
0
0
0
0
0
0
0
0
0
0
0
0
0
0.59574
0
0
0
0
0
0
0
-0.1045
0
0
0
-9.0627
0
0
0
0
0
0
0
0
0
0
0
0
0
0
0
0
0
0
9.0627
0
0
0
0
0
0
0
0
0
0
0
0
0
0
0
0
0
0
0
0
0
0
0
0
0
0
0
-0.1045
0
0
0.1045
0
0
0
0
0
0
0
0
0
0
0
0
0
0
0
0
0
-6.9567
0
0
0
0
0
0
0
0
0
0
0
0
6.9567
0
0
0
0
0
0
0
0
0
-8.7079
0
0
0
0
0
0
0
0
0
0
0
0
0
0
0
0
0
0
0
0
8.7079
0
0
0
0
0
0
-9.8042
0
0
0
0
0
0
0
0
0
0
0
0
0
0
0
0
0
0
0
0
0
0
0
9.8042
0
0
0
0
0
0
0
0
0
0
0
0
0
-6.9567
0
0
0
0
0
0
0
0
0
0
0
0
0
0
0
0
6.9567
0
0
0
0
0
0
0
0
0
0
0
0
0
0
0
0
0
0
-2.2678
0
0
0
0
0
0
0
0
0
0
0
2.2678
0
0
0
0
0
0
0
0
0
0
0
0
0
0
0
0
0
0
0
0
0
0
-0.1045
0
0
0
0
0
0
0
0.1045
0
-9.8042
0
0
0
0
0
0
0
0
0
0
0
0
0
0
0
0
0
0
0
0
0
0
0
0
0
0
0
0
9.8042
