29.5699
-1.0329
-1.0318
-0.96565
-0.96565
-0.93614
-0.93614
-1.0099
-1.0034
-1.0032
-0.94911
-0.94911
-0.91892
-0.98372
-1.0421
-1.0421
-0.98573
-0.98573
-0.98573
-0.86826
-1.1489
-1.1489
-0.90291
-0.90291
-1.0296
0
0
0
0
-5.8414
-1.0329
24.1957
-1.0329
-0.9571
-0.9571
-0.92798
-0.92798
-1.0008
-0.99807
-1.0066
-0.94097
-0.94097
-0.91109
-0.97522
-1.0333
-1.0333
-0.97721
-0.97721
-0.97721
-0.86094
-1.1375
-1.1375
-0.893
-0.893
-1.017
-0.64874
0
0
0
0
-1.0318
-1.0329
29.5699
-0.96565
-0.96565
-0.93614
-0.93614
-1.0099
-1.0034
-1.0032
-0.94911
-0.94911
-0.91892
-0.98372
-1.0421
-1.0421
-0.98573
-0.98573
-0.98573
-0.86826
-1.1489
-1.1489
-0.90291
-0.90291
-1.0296
0
0
0
-5.8414
0
-0.96565
-0.9571
-0.96565
22.1894
-0.89934
-0.8724
-0.8724
-0.94049
-0.93548
-0.94674
-0.88476
-0.88476
-0.85695
-0.91657
-0.97089
-0.97089
-0.91842
-0.91842
-0.91842
-0.81021
-1.0745
-1.0745
-0.83987
-0.83987
-0.95517
0
0
0
0
0
-0.96565
-0.9571
-0.96565
-0.89934
22.1894
-0.8724
-0.8724
-0.94049
-0.93548
-0.94674
-0.88476
-0.88476
-0.85695
-0.91657
-0.97089
-0.97089
-0.91842
-0.91842
-0.91842
-0.81021
-1.0745
-1.0745
-0.83987
-0.83987
-0.95517
0
0
0
0
0
-0.93614
-0.92798
-0.93614
-0.8724
-0.8724
20.561
-0.84233
-0.90902
-0.9026
-0.91323
-0.85519
-0.85519
-0.82846
-0.88576
-0.9379
-0.9379
-0.88754
-0.88754
-0.88754
-0.78346
-1.0393
-1.0393
-0.81189
-0.81189
0
0
0
0
0
0
-0.93614
-0.92798
-0.93614
-0.8724
-0.8724
-0.84233
20.561
-0.90902
-0.9026
-0.91323
-0.85519
-0.85519
-0.82846
-0.88576
-0.9379
-0.9379
-0.88754
-0.88754
-0.88754
-0.78346
-1.0393
-1.0393
-0.81189
-0.81189
0
0
0
0
0
0
-1.0099
-1.0008
-1.0099
-0.94049
-0.94049
-0.90902
-0.90902
20.4771
-0.98687
-0.99843
-0.93022
-0.93022
-0.90074
-0.964
-1.0216
-1.0216
-0.96596
-0.96596
-0.96596
-0.85125
-1.1273
-1.1273
0
0
0
0
0
0
0
0
-1.0034
-0.99807
-1.0034
-0.93548
-0.93548
-0.9026
-0.9026
-0.98687
18.7318
-1.0021
-0.92071
-0.92071
-0.89158
-0.95407
-1.0111
-1.0111
-0.956
-0.956
-0.956
-0.84267
0
0
0
0
0
-0.64189
0
0
0
0
-1.0032
-1.0066
-1.0032
-0.94674
-0.94674
-0.91323
-0.91323
-0.99843
-1.0021
23.057
-0.93087
-0.93087
-0.90137
-0.96468
-1.0223
-1.0223
-0.96664
-0.96664
-0.96664
-0.85184
0
0
0
0
0
0
0
-4.7993
0
0
-0.94911
-0.94097
-0.94911
-0.88476
-0.88476
-0.85519
-0.85519
-0.93022
-0.92071
-0.93087
17.0422
-0.86058
-0.83366
-0.89138
-0.94392
-0.94392
-0.89317
-0.89317
-0.89317
-0.78835
0
0
0
0
0
0
0
0
0
0
-0.94911
-0.94097
-0.94911
-0.88476
-0.88476
-0.85519
-0.85519
-0.93022
-0.92071
-0.93087
-0.86058
17.0422
-0.83366
-0.89138
-0.94392
-0.94392
-0.89317
-0.89317
-0.89317
-0.78835
0
0
0
0
0
0
0
0
0
0
-0.91892
-0.91109
-0.91892
-0.85695
-0.85695
-0.82846
-0.82846
-0.90074
-0.89158
-0.90137
-0.83366
-0.83366
15.7331
-0.85781
-0.90801
-0.90801
-0.85952
-0.85952
-0.85952
0
0
0
0
0
0
0
0
0
0
0
-0.98372
-0.97522
-0.98372
-0.91657
-0.91657
-0.88576
-0.88576
-0.964
-0.95407
-0.96468
-0.89138
-0.89138
-0.85781
14.0661
-0.99772
-0.99772
0
0
0
0
0
0
0
0
0
0
0
0
0
0
-1.0421
-1.0333
-1.0421
-0.97089
-0.97089
-0.9379
-0.9379
-1.0216
-1.0111
-1.0223
-0.94392
-0.94392
-0.90801
-0.99772
13.7838
0
0
0
0
0
0
0
0
0
0
0
0
0
0
0
-1.0421
-1.0333
-1.0421
-0.97089
-0.97089
-0.9379
-0.9379
-1.0216
-1.0111
-1.0223
-0.94392
-0.94392
-0.90801
-0.99772
0
13.7838
0
0
0
0
0
0
0
0
0
0
0
0
0
0
-0.98573
-0.97721
-0.98573
-0.91842
-0.91842
-0.88754
-0.88754
-0.96596
-0.956
-0.96664
-0.89317
-0.89317
-0.85952
0
0
0
12.095
0
0
0
0
0
0
0
0
0
0
0
0
0
-0.98573
-0.97721
-0.98573
-0.91842
-0.91842
-0.88754
-0.88754
-0.96596
-0.956
-0.96664
-0.89317
-0.89317
-0.85952
0
0
0
0
12.095
0
0
0
0
0
0
0
0
0
0
0
0
-0.98573
-0.97721
-0.98573
-0.91842
-0.91842
-0.88754
-0.88754
-0.96596
-0.956
-0.96664
-0.89317
-0.89317
-0.85952
0
0
0
0
0
12.095
0
0
0
0
0
0
0
0
0
0
0
-0.86826
-0.86094
-0.86826
-0.81021
-0.81021
-0.78346
-0.78346
-0.85125
-0.84267
-0.85184
-0.78835
-0.78835
0
0
0
0
0
0
0
9.9073
0
0
0
0
0
0
0
0
0
0
-1.1489
-1.1375
-1.1489
-1.0745
-1.0745
-1.0393
-1.0393
-1.1273
0
0
0
0
0
0
0
0
0
0
0
0
8.7901
0
0
0
0
0
0
0
0
0
-1.1489
-1.1375
-1.1489
-1.0745
-1.0745
-1.0393
-1.0393
-1.1273
0
0
0
0
0
0
0
0
0
0
0
0
0
8.7901
0
0
0
0
0
0
0
0
-0.90291
-0.893
-0.90291
-0.83987
-0.83987
-0.81189
-0.81189
0
0
0
0
0
0
0
0
0
0
0
0
0
0
0
6.0023
0
0
0
0
0
0
0
-0.90291
-0.893
-0.90291
-0.83987
-0.83987
-0.81189
-0.81189
0
0
0
0
0
0
0
0
0
0
0
0
0
0
0
0
6.0023
0
0
0
0
0
0
-1.0296
-1.017
-1.0296
-0.95517
-0.95517
0
0
0
0
0
0
0
0
0
0
0
0
0
0
0
0
0
0
0
4.9866
0
0
0
0
0
0
-0.64874
0
0
0
0
0
0
-0.64189
0
0
0
0
0
0
0
0
0
0
0
0
0
0
0
0
1.7455
-0.45491
0
0
0
0
0
0
0
0
0
0
0
0
0
0
0
0
0
0
0
0
0
0
0
0
0
0
0
0
-0.45491
0.45491
0
0
0
0
0
0
0
0
0
0
0
0
-4.7993
0
0
0
0
0
0
0
0
0
0
0
0
0
0
0
0
0
4.7993
0
0
0
0
-5.8414
0
0
0
0
0
0
0
0
0
0
0
0
0
0
0
0
0
0
0
0
0
0
0
0
0
5.8414
0
-5.8414
0
0
0
0
0
0
0
0
0
0
0
0
0
0
0
0
0
0
0
0
0
0
0
0
0
0
0
0
5.8414
