39.7216
-0.6962
-0.6962
-0.69265
-0.67896
-0.68784
-0.68303
-0.67901
-0.67613
-0.67392
-0.68852
-0.69075
-0.68375
0
0
-0.73601
-0.59602
0
-0.55225
-5.9221
0
0
-5.9221
-5.9221
0
-5.9221
0
0
0
-5.9221
-0.6962
8.9505
-0.68216
-0.69233
-0.6841
-0.67642
-0.67691
-0.66774
-0.6685
-0.67137
-0.6762
-0.67795
-0.68339
0
0
-0.79727
0
0
0
0
0
0
0
0
0
0
0
0
0
0
-0.6962
-0.68216
8.9505
-0.69233
-0.6841
-0.67642
-0.67691
-0.66774
-0.6685
-0.67137
-0.6762
-0.67795
-0.68339
0
0
-0.79727
0
0
0
0
0
0
0
0
0
0
0
0
0
0
-0.69265
-0.69233
-0.69233
8.7822
-0.68114
-0.67519
-0.6733
-0.66568
-0.66692
-0.67195
-0.67379
-0.67524
-0.68438
-0.63729
0
0
0
0
0
0
0
0
0
0
0
0
0
0
0
0
-0.67896
-0.6841
-0.6841
-0.68114
11.1018
-0.67259
-0.66974
-0.65848
-0.65761
-0.65916
-0.66608
-0.6674
0
0
0
0
0
0
0
0
-3.7224
0
0
0
0
0
0
0
0
0
-0.68784
-0.67642
-0.67642
-0.67519
-0.67259
8.0167
-0.66579
-0.65463
-0.65481
-0.65797
-0.66174
-0.66299
-0.67034
0
0
0
0
0
0
0
0
0
0
0
0
0
0
0
0
0
-0.68303
-0.67691
-0.67691
-0.6733
-0.66974
-0.66579
7.9379
-0.65278
-0.65195
-0.65338
-0.66003
-0.66132
0
0
0
0
-0.61274
0
0
0
0
0
0
0
0
0
0
0
0
0
-0.67901
-0.66774
-0.66774
-0.66568
-0.65848
-0.65463
-0.65278
7.2456
-0.64797
-0.6464
-0.65169
-0.65345
0
0
0
0
0
0
0
0
0
0
0
0
0
0
0
0
0
0
-0.67613
-0.6685
-0.6685
-0.66692
-0.65761
-0.65481
-0.65195
-0.64797
7.2346
-0.64311
-0.64925
0
0
0
0
0
0
-0.64988
0
0
0
0
0
0
0
0
0
0
0
0
-0.67392
-0.67137
-0.67137
-0.67195
-0.65916
-0.65797
-0.65338
-0.6464
-0.64311
6.562
0
0
0
0
-0.61342
0
0
0
0
0
0
0
0
0
0
0
0
0
0
0
-0.68852
-0.6762
-0.6762
-0.67379
-0.66608
-0.66174
-0.66003
-0.65169
-0.64925
0
6.0035
0
0
0
0
0
0
0
0
0
0
0
0
0
0
0
0
0
0
0
-0.69075
-0.67795
-0.67795
-0.67524
-0.6674
-0.66299
-0.66132
-0.65345
0
0
0
5.367
0
0
0
0
0
0
0
0
0
0
0
0
0
0
0
0
0
0
-0.68375
-0.68339
-0.68339
-0.68438
0
-0.67034
0
0
0
0
0
0
4.0475
-0.6423
0
0
0
0
0
0
0
0
0
0
0
0
0
0
0
0
0
0
0
-0.63729
0
0
0
0
0
0
0
0
-0.6423
2.7579
-0.72319
0
0
0
0
0
0
-0.75511
0
0
0
0
0
0
0
0
0
0
0
0
0
0
0
0
0
-0.61342
0
0
0
-0.72319
2.7713
0
0
-0.68001
0
0
0
0
0
0
0
0
0
0
-0.75467
0
-0.73601
-0.79727
-0.79727
0
0
0
0
0
0
0
0
0
0
0
0
3.6817
0
0
0
0
0
0
0
0
0
0
0
-1.3512
0
0
-0.59602
0
0
0
0
0
-0.61274
0
0
0
0
0
0
0
0
0
1.7894
0
0
0
0
0
0
0
0
0
-0.58066
0
0
0
0
0
0
0
0
0
0
0
-0.64988
0
0
0
0
0
-0.68001
0
0
1.9691
-0.63918
0
0
0
0
0
0
0
0
0
0
0
-0.55225
0
0
0
0
0
0
0
0
0
0
0
0
0
0
0
0
-0.63918
1.763
0
0
0
0
0
-0.57162
0
0
0
0
0
-5.9221
0
0
0
0
0
0
0
0
0
0
0
0
0
0
0
0
0
0
5.9221
0
0
0
0
0
0
0
0
0
0
0
0
0
0
-3.7224
0
0
0
0
0
0
0
0
0
0
0
0
0
0
0
3.7224
0
0
0
0
0
0
0
0
0
0
0
0
0
0
0
0
0
0
0
0
0
0
-0.75511
0
0
0
0
0
0
0
0.75511
0
0
0
0
0
0
0
0
-5.9221
0
0
0
0
0
0
0
0
0
0
0
0
0
0
0
0
0
0
0
0
0
5.9221
0
0
0
0
0
0
0
-5.9221
0
0
0
0
0
0
0
0
0
0
0
0
0
0
0
0
0
0
0
0
0
0
5.9221
0
0
0
0
0
0
0
0
0
0
0
0
0
0
0
0
0
0
0
0
0
0
0
0
-0.57162
0
0
0
0
0
0.57162
0
0
0
0
0
-5.9221
0
0
0
0
0
0
0
0
0
0
0
0
0
0
0
0
0
0
0
0
0
0
0
0
5.9221
0
0
0
0
0
0
0
0
0
0
0
0
0
0
0
0
0
0
0
0
-0.58066
0
0
0
0
0
0
0
0
0
0.58066
0
0
0
0
0
0
0
0
0
0
0
0
0
0
0
0
0
0
-1.3512
0
0
0
0
0
0
0
0
0
0
0
1.3512
0
0
0
0
0
0
0
0
0
0
0
0
0
0
0
0
-0.75467
0
0
0
0
0
0
0
0
0
0
0
0
0
0.75467
0
-5.9221
0
0
0
0
0
0
0
0
0
0
0
0
0
0
0
0
0
0
0
0
0
0
0
0
0
0
0
0
5.9221
