25.3914
-0.90558
-0.90558
-0.91337
-0.91084
-0.91567
-0.91567
-0.8956
-0.89296
-0.89862
-0.92639
-0.92639
-0.95678
-0.95957
-0.89357
-0.89357
-0.89357
-0.89461
-1.0429
-1.3972
-0.71173
0
-0.71173
-0.71173
0
-1.4103
0
0
-3.9074
0
-0.90558
19.8462
-0.89292
-0.90695
-0.89896
-0.90398
-0.90398
-0.88454
-0.88204
-0.89299
-0.91435
-0.91435
-0.94373
-0.95019
-0.8818
-0.8818
-0.88161
-0.88242
-1.0258
-1.3767
-0.70716
0
-0.70716
-0.70716
0
0
0
0
0
0
-0.90558
-0.89292
19.8462
-0.90695
-0.89896
-0.90398
-0.90398
-0.88454
-0.88204
-0.89299
-0.91435
-0.91435
-0.94373
-0.95019
-0.8818
-0.8818
-0.88161
-0.88242
-1.0258
-1.3767
-0.70716
0
-0.70716
-0.70716
0
0
0
0
0
0
-0.91337
-0.90695
-0.90695
20.2384
-0.9234
-0.9186
-0.9186
-0.89815
-0.89568
-0.91142
-0.92882
-0.92882
-0.95941
-0.97754
-0.89415
-0.89415
-0.89346
-0.89373
-1.0376
0
0
0
0
0
0
0
0
-3.6376
0
0
-0.91084
-0.89896
-0.89896
-0.9234
17.9034
-0.91437
-0.91437
-0.89422
-0.89183
-0.91081
-0.92444
-0.92444
-0.95467
-0.97599
-0.88972
-0.88972
-0.88897
-0.88913
-1.031
-1.3775
0
0
0
0
0
0
0
0
0
0
-0.91567
-0.90398
-0.90398
-0.9186
-0.91437
15.5368
-0.9109
-0.89582
-0.89409
-0.9157
-0.92789
-0.92789
-0.9584
-0.97912
-0.89312
-0.89312
-0.8921
-0.89203
0
0
0
0
0
0
0
0
0
0
0
0
-0.91567
-0.90398
-0.90398
-0.9186
-0.91437
-0.9109
15.5368
-0.89582
-0.89409
-0.9157
-0.92789
-0.92789
-0.9584
-0.97912
-0.89312
-0.89312
-0.8921
-0.89203
0
0
0
0
0
0
0
0
0
0
0
0
-0.8956
-0.88454
-0.88454
-0.89815
-0.89422
-0.89582
-0.89582
14.3129
-0.87255
-0.88916
-0.90399
-0.90399
-0.93253
-0.94929
-0.87125
-0.87125
-0.8702
0
0
0
0
0
0
0
0
0
0
0
0
0
-0.89296
-0.88204
-0.88204
-0.89568
-0.89183
-0.89409
-0.89409
-0.87255
13.4046
-0.88465
-0.90148
-0.90148
-0.92982
-0.9436
-0.86915
-0.86915
0
0
0
0
0
0
0
0
0
0
0
0
0
0
-0.89862
-0.89299
-0.89299
-0.91142
-0.91081
-0.9157
-0.9157
-0.88916
-0.88465
13.5754
-0.91368
-0.91368
-0.94301
0
0
0
0
0
0
0
0
-1.3513
0
0
-1.3417
0
0
0
0
0
-0.92639
-0.91435
-0.91435
-0.92882
-0.92444
-0.92789
-0.92789
-0.90399
-0.90148
-0.91368
10.1037
-0.92043
0
0
0
0
0
0
0
0
0
0
0
0
0
0
0
0
0
0
-0.92639
-0.91435
-0.91435
-0.92882
-0.92444
-0.92789
-0.92789
-0.90399
-0.90148
-0.91368
-0.92043
10.1037
0
0
0
0
0
0
0
0
0
0
0
0
0
0
0
0
0
0
-0.95678
-0.94373
-0.94373
-0.95941
-0.95467
-0.9584
-0.9584
-0.93253
-0.92982
-0.94301
0
0
9.4805
0
0
0
0
0
0
0
0
0
0
0
0
0
0
0
0
0
-0.95957
-0.95019
-0.95019
-0.97754
-0.97599
-0.97912
-0.97912
-0.94929
-0.9436
0
0
0
0
10.1064
0
0
0
0
0
0
0
-1.4418
0
0
0
0
0
0
0
0
-0.89357
-0.8818
-0.8818
-0.89415
-0.88972
-0.89312
-0.89312
-0.87125
-0.86915
0
0
0
0
0
7.9677
0
0
0
0
0
0
0
0
0
0
0
0
0
0
0
-0.89357
-0.8818
-0.8818
-0.89415
-0.88972
-0.89312
-0.89312
-0.87125
-0.86915
0
0
0
0
0
0
7.9677
0
0
0
0
0
0
0
0
0
0
0
0
0
0
-0.89357
-0.88161
-0.88161
-0.89346
-0.88897
-0.8921
-0.8921
-0.8702
0
0
0
0
0
0
0
0
7.0936
0
0
0
0
0
0
0
0
0
0
0
0
0
-0.89461
-0.88242
-0.88242
-0.89373
-0.88913
-0.89203
-0.89203
0
0
0
0
0
0
0
0
0
0
6.2264
0
0
0
0
0
0
0
0
0
0
0
0
-1.0429
-1.0258
-1.0258
-1.0376
-1.031
0
0
0
0
0
0
0
0
0
0
0
0
0
5.1631
0
0
0
0
0
0
0
0
0
0
0
-1.3972
-1.3767
-1.3767
0
-1.3775
0
0
0
0
0
0
0
0
0
0
0
0
0
0
5.5282
0
0
0
0
0
0
0
0
0
0
-0.71173
-0.70716
-0.70716
0
0
0
0
0
0
0
0
0
0
0
0
0
0
0
0
0
2.1261
0
0
0
0
0
0
0
0
0
0
0
0
0
0
0
0
0
0
-1.3513
0
0
0
-1.4418
0
0
0
0
0
0
0
4.6807
0
0
0
0
0
0
0
-1.8876
-0.71173
-0.70716
-0.70716
0
0
0
0
0
0
0
0
0
0
0
0
0
0
0
0
0
0
0
2.1261
0
0
0
0
0
0
0
-0.71173
-0.70716
-0.70716
0
0
0
0
0
0
0
0
0
0
0
0
0
0
0
0
0
0
0
0
2.1261
0
0
0
0
0
0
0
0
0
0
0
0
0
0
0
-1.3417
0
0
0
0
0
0
0
0
0
0
0
0
0
0
4.1926
0
-2.8509
0
0
0
-1.4103
0
0
0
0
0
0
0
0
0
0
0
0
0
0
0
0
0
0
0
0
0
0
0
0
4.2712
-2.8609
0
0
0
0
0
0
0
0
0
0
0
0
0
0
0
0
0
0
0
0
0
0
0
0
0
0
0
-2.8509
-2.8609
5.7118
0
0
0
0
0
0
-3.6376
0
0
0
0
0
0
0
0
0
0
0
0
0
0
0
0
0
0
0
0
0
0
0
3.6376
0
0
-3.9074
0
0
0
0
0
0
0
0
0
0
0
0
0
0
0
0
0
0
0
0
0
0
0
0
0
0
0
3.9074
0
0
0
0
0
0
0
0
0
0
0
0
0
0
0
0
0
0
0
0
0
0
-1.8876
0
0
0
0
0
0
0
1.8876
