17.7036
-0.4765
-0.49372
-0.47201
-0.41791
-0.41791
-0.41791
-0.43328
-0.49663
-0.51819
-0.465
-0.40964
-0.4363
-0.4363
-0.4363
-0.42872
0
0
0
0
0
0
-10.9473
0
0
0
0
0
0
0
-0.4765
8.7155
-0.4765
-0.4618
-0.40591
-0.40591
-0.40591
-0.41948
-0.47752
-0.50095
-0.45567
-0.39521
-0.42283
-0.42283
-0.42283
-0.41772
0
-2.1479
0
0
0
0
0
0
0
0
0
0
0
0
-0.49372
-0.4765
17.7036
-0.47201
-0.41791
-0.41791
-0.41791
-0.43328
-0.49663
-0.51819
-0.465
-0.40964
-0.4363
-0.4363
-0.4363
-0.42872
0
0
0
0
-10.9473
0
0
0
0
0
0
0
0
0
-0.47201
-0.4618
-0.47201
6.6886
-0.40217
-0.40217
-0.40217
-0.41404
-0.47036
-0.49165
-0.4548
-0.39031
-0.41522
-0.41522
-0.41522
-0.41257
-0.19686
0
0
0
0
0
0
0
0
0
0
0
0
0
-0.41791
-0.40591
-0.41791
-0.40217
5.7936
-0.35282
-0.35282
-0.36795
-0.41675
-0.43552
-0.3962
-0.34911
-0.37074
-0.37074
-0.37074
-0.36628
0
0
0
0
0
0
0
0
0
0
0
0
0
0
-0.41791
-0.40591
-0.41791
-0.40217
-0.35282
5.7936
-0.35282
-0.36795
-0.41675
-0.43552
-0.3962
-0.34911
-0.37074
-0.37074
-0.37074
-0.36628
0
0
0
0
0
0
0
0
0
0
0
0
0
0
-0.41791
-0.40591
-0.41791
-0.40217
-0.35282
-0.35282
5.7936
-0.36795
-0.41675
-0.43552
-0.3962
-0.34911
-0.37074
-0.37074
-0.37074
-0.36628
0
0
0
0
0
0
0
0
0
0
0
0
0
0
-0.43328
-0.41948
-0.43328
-0.41404
-0.36795
-0.36795
-0.36795
13.9552
-0.41057
-0.43523
-0.38336
0
-0.37444
-0.37444
-0.37444
0
0
0
0
0
0
0
0
0
0
0
0
0
0
-8.7988
-0.49663
-0.47752
-0.49663
-0.47036
-0.41675
-0.41675
-0.41675
-0.41057
10.1524
-0.46663
0
0
0
0
0
0
0
0
-2.7037
0
0
0
0
0
0
0
0
0
-3.3802
0
-0.51819
-0.50095
-0.51819
-0.49165
-0.43552
-0.43552
-0.43552
-0.43523
-0.46663
6.6724
0
0
0
0
0
0
0
0
0
0
0
0
0
0
0
-2.435
0
0
0
0
-0.465
-0.45567
-0.465
-0.4548
-0.3962
-0.3962
-0.3962
-0.38336
0
0
4.0613
0
0
0
0
-0.4331
-0.21576
0
0
0
0
0
0
0
0
0
0
0
0
0
-0.40964
-0.39521
-0.40964
-0.39031
-0.34911
-0.34911
-0.34911
0
0
0
0
5.2478
0
0
0
0
0
0
-2.4911
0
0
0
0
0
0
0
0
-0.1045
0
0
-0.4363
-0.42283
-0.4363
-0.41522
-0.37074
-0.37074
-0.37074
-0.37444
0
0
0
0
3.4756
0
0
0
0
0
0
0
0
0
0
0
0
0
-0.27825
0
0
0
-0.4363
-0.42283
-0.4363
-0.41522
-0.37074
-0.37074
-0.37074
-0.37444
0
0
0
0
0
3.4756
0
0
0
0
0
0
0
0
0
-0.27825
0
0
0
0
0
0
-0.4363
-0.42283
-0.4363
-0.41522
-0.37074
-0.37074
-0.37074
-0.37444
0
0
0
0
0
0
3.4756
0
0
0
0
0
0
0
0
0
-0.27825
0
0
0
0
0
-0.42872
-0.41772
-0.42872
-0.41257
-0.36628
-0.36628
-0.36628
0
0
0
-0.4331
0
0
0
0
3.2197
0
0
0
0
0
0
0
0
0
0
0
0
0
0
0
0
0
-0.19686
0
0
0
0
0
0
-0.21576
0
0
0
0
0
25.8474
-2.01
0
-11.7124
0
-11.7124
0
0
0
0
0
0
0
0
0
-2.1479
0
0
0
0
0
0
0
0
0
0
0
0
0
0
-2.01
4.1579
0
0
0
0
0
0
0
0
0
0
0
0
0
0
0
0
0
0
0
0
-2.7037
0
0
-2.4911
0
0
0
0
0
0
5.1948
0
0
0
0
0
0
0
0
0
0
0
0
0
0
0
0
0
0
0
0
0
0
0
0
0
0
0
-11.7124
0
0
11.7124
0
0
0
0
0
0
0
0
0
0
0
0
-10.9473
0
0
0
0
0
0
0
0
0
0
0
0
0
0
0
0
0
10.9473
0
0
0
0
0
0
0
0
0
0
0
0
0
0
0
0
0
0
0
0
0
0
0
0
0
-11.7124
0
0
0
0
11.7124
0
0
0
0
0
0
0
0
-10.9473
0
0
0
0
0
0
0
0
0
0
0
0
0
0
0
0
0
0
0
0
0
10.9473
0
0
0
0
0
0
0
0
0
0
0
0
0
0
0
0
0
0
0
0
-0.27825
0
0
0
0
0
0
0
0
0
0.27825
0
0
0
0
0
0
0
0
0
0
0
0
0
0
0
0
0
0
0
0
-0.27825
0
0
0
0
0
0
0
0
0
0.27825
0
0
0
0
0
0
0
0
0
0
0
0
0
0
-2.435
0
0
0
0
0
0
0
0
0
0
0
0
0
0
0
2.435
0
0
0
0
0
0
0
0
0
0
0
0
0
0
0
0
-0.27825
0
0
0
0
0
0
0
0
0
0
0
0
0
0.27825
0
0
0
0
0
0
0
0
0
0
0
0
0
0
-0.1045
0
0
0
0
0
0
0
0
0
0
0
0
0
0
0
0.1045
0
0
0
0
0
0
0
0
0
0
-3.3802
0
0
0
0
0
0
0
0
0
0
0
0
0
0
0
0
0
0
0
3.3802
0
0
0
0
0
0
0
0
-8.7988
0
0
0
0
0
0
0
0
0
0
0
0
0
0
0
0
0
0
0
0
0
8.7988
