13.9139
-0.76277
-0.74478
-0.74709
-0.74709
-0.74709
-0.76343
-0.59286
-0.59286
-0.722
-0.77548
-0.71208
-0.69844
-0.6934
-0.71668
-0.66858
-0.7709
-0.62509
0
0
-1.8333
0
0
0
0
0
0
0
0
0
-0.76277
15.7252
-0.77059
-0.77654
-0.77654
-0.77654
-0.78361
-0.58804
-0.58804
-0.74089
-0.84649
-0.7508
-0.71589
-0.70899
-0.74607
-0.69455
0
0
0
0
0
0
0
-4.6989
0
0
0
0
0
0
-0.74478
-0.77059
12.2886
-0.76632
-0.76632
-0.76632
-0.78456
-0.57589
-0.57589
-0.72294
-0.79261
-0.71046
-0.6968
-0.69147
-0.74441
-0.66234
0
0
0
0
0
-1.5169
0
0
0
0
0
0
0
0
-0.74709
-0.77654
-0.76632
11.5444
-0.66848
-0.66848
-0.78192
-0.57856
-0.57856
-0.73526
-0.82749
-0.73147
-0.71122
-0.70664
-0.74664
-0.69262
-0.82707
0
0
0
0
0
0
0
0
0
0
0
0
0
-0.74709
-0.77654
-0.76632
-0.66848
11.5444
-0.66848
-0.78192
-0.57856
-0.57856
-0.73526
-0.82749
-0.73147
-0.71122
-0.70664
-0.74664
-0.69262
-0.82707
0
0
0
0
0
0
0
0
0
0
0
0
0
-0.74709
-0.77654
-0.76632
-0.66848
-0.66848
11.5444
-0.78192
-0.57856
-0.57856
-0.73526
-0.82749
-0.73147
-0.71122
-0.70664
-0.74664
-0.69262
-0.82707
0
0
0
0
0
0
0
0
0
0
0
0
0
-0.76343
-0.78361
-0.78456
-0.78192
-0.78192
-0.78192
19.267
-0.59439
-0.59439
-0.74982
-0.8235
-0.73976
-0.72564
-0.72043
-0.74089
-0.71538
0
0
0
0
0
0
0
0
0
0
-8.1854
0
0
0
-0.59286
-0.58804
-0.57589
-0.57856
-0.57856
-0.57856
-0.59439
8.4114
-0.44853
-0.56174
-0.60692
-0.5473
-0.53967
-0.5338
-0.56586
-0.52071
0
0
0
0
0
0
0
0
0
0
0
0
0
0
-0.59286
-0.58804
-0.57589
-0.57856
-0.57856
-0.57856
-0.59439
-0.44853
8.4114
-0.56174
-0.60692
-0.5473
-0.53967
-0.5338
-0.56586
-0.52071
0
0
0
0
0
0
0
0
0
0
0
0
0
0
-0.722
-0.74089
-0.72294
-0.73526
-0.73526
-0.73526
-0.74982
-0.56174
-0.56174
8.9596
0
-0.68044
-0.66014
-0.66121
-0.69292
0
0
0
0
0
0
0
0
0
0
0
0
0
0
0
-0.77548
-0.84649
-0.79261
-0.82749
-0.82749
-0.82749
-0.8235
-0.60692
-0.60692
0
10.8888
0
0
0
0
0
0
-0.73824
-1.4758
0
-1.7404
0
0
0
0
0
0
0
0
0
-0.71208
-0.7508
-0.71046
-0.73147
-0.73147
-0.73147
-0.73976
-0.5473
-0.5473
-0.68044
0
8.8381
-0.64554
0
0
0
0
0
-1.31
0
0
0
0
0
0
0
0
0
0
0
-0.69844
-0.71589
-0.6968
-0.71122
-0.71122
-0.71122
-0.72564
-0.53967
-0.53967
-0.66014
0
-0.64554
7.9968
-0.64139
0
0
0
0
0
0
0
0
0
0
0
0
0
0
0
0
-0.6934
-0.70899
-0.69147
-0.70664
-0.70664
-0.70664
-0.72043
-0.5338
-0.5338
-0.66121
0
0
-0.64139
7.3044
0
0
0
0
0
0
0
0
0
0
0
0
0
0
0
0
-0.71668
-0.74607
-0.74441
-0.74664
-0.74664
-0.74664
-0.74089
-0.56586
-0.56586
-0.69292
0
0
0
0
13.4307
0
0
0
0
0
0
0
0
0
0
-6.4181
0
0
0
0
-0.66858
-0.69455
-0.66234
-0.69262
-0.69262
-0.69262
-0.71538
-0.52071
-0.52071
0
0
0
0
0
0
7.1475
0
0
0
0
0
-1.2874
0
0
0
0
0
0
0
0
-0.7709
0
0
-0.82707
-0.82707
-0.82707
0
0
0
0
0
0
0
0
0
0
13.3665
0
0
0
0
0
0
0
0
0
0
-5.0572
-5.0572
0
-0.62509
0
0
0
0
0
0
0
0
0
-0.73824
0
0
0
0
0
0
5.1963
0
-1.2967
-0.91563
0
0
0
0
0
0
0
0
-1.6206
0
0
0
0
0
0
0
0
0
0
-1.4758
-1.31
0
0
0
0
0
0
3.424
0
0
0
-0.63818
0
0
0
0
0
0
0
0
0
0
0
0
0
0
0
0
0
0
0
0
0
0
0
0
-1.2967
0
6.4302
0
0
0
-2.0272
-3.1063
0
0
0
0
0
-1.8333
0
0
0
0
0
0
0
0
0
-1.7404
0
0
0
0
0
0
-0.91563
0
0
4.4893
0
0
0
0
0
0
0
0
0
0
0
-1.5169
0
0
0
0
0
0
0
0
0
0
0
0
-1.2874
0
0
0
0
0
2.8043
0
0
0
0
0
0
0
0
0
0
0
0
0
0
0
0
0
0
0
0
0
0
0
0
0
0
-0.63818
0
0
0
4.77
0
-4.1318
0
0
0
0
0
0
-4.6989
0
0
0
0
0
0
0
0
0
0
0
0
0
0
0
0
0
-2.0272
0
0
0
6.7261
0
0
0
0
0
0
0
0
0
0
0
0
0
0
0
0
0
0
0
0
0
0
0
0
0
-3.1063
0
0
-4.1318
0
7.2381
0
0
0
0
0
0
0
0
0
0
0
0
0
0
0
0
0
0
0
-6.4181
0
0
0
0
0
0
0
0
0
0
6.4181
0
0
0
0
0
0
0
0
0
0
-8.1854
0
0
0
0
0
0
0
0
0
0
0
0
0
0
0
0
0
0
0
8.1854
0
0
0
0
0
0
0
0
0
0
0
0
0
0
0
0
0
0
0
-5.0572
0
0
0
0
0
0
0
0
0
0
5.0572
0
0
0
0
0
0
0
0
0
0
0
0
0
0
0
0
0
0
-5.0572
0
0
0
0
0
0
0
0
0
0
0
5.0572
0
0
0
0
0
0
0
0
0
0
0
0
0
0
0
0
0
0
-1.6206
0
0
0
0
0
0
0
0
0
0
0
1.6206
