18.4577
-0.48278
-0.4562
-0.4466
-0.4869
-0.46564
-0.48489
-0.65198
-0.65198
-0.7931
-0.7931
-0.43743
-0.72974
-0.54869
-0.85399
0
-0.85399
0
-0.1045
0
-1.4367
0
0
0
0
0
-7.7796
0
0
0
-0.48278
13.2703
-0.48046
-0.46082
-0.54496
-0.48511
-0.50652
-0.67897
-0.67897
-0.82945
-0.82945
-0.43665
-0.77312
-0.56344
-0.87517
0
-0.87517
0
0
0
0
0
0
-3.7693
0
0
0
0
0
0
-0.4562
-0.48046
15.5086
-0.44253
-0.4794
-0.44101
-0.46147
-0.62375
-0.62375
-0.74625
-0.74625
-0.44022
0
-0.508
-0.82472
0
-0.82472
0
0
0
0
0
0
0
0
-7.4098
0
0
0
0
-0.4466
-0.46082
-0.44253
8.625
-0.47539
-0.43322
-0.45665
-0.60646
-0.60646
-0.74009
-0.74009
-0.43362
-0.72709
-0.50425
-0.77586
0
-0.77586
0
0
0
0
0
0
0
0
0
0
0
0
0
-0.4869
-0.54496
-0.4794
-0.47539
10.3576
-0.48797
-0.50041
-0.66863
-0.66863
-0.82016
-0.82016
0
0
0
0
0
0
0
0
-2.2133
0
-2.1917
0
0
0
0
0
0
0
0
-0.46564
-0.48511
-0.44101
-0.43322
-0.48797
5.7889
-0.45201
-0.58359
-0.58359
-0.70058
-0.70058
0
0
-0.45558
0
0
0
0
0
0
0
0
0
0
0
0
0
0
0
0
-0.48489
-0.50652
-0.46147
-0.45665
-0.50041
-0.45201
4.5602
-0.55977
-0.55977
0
0
0
0
0
0
-0.57874
0
0
0
0
0
0
0
0
0
0
0
0
0
0
-0.65198
-0.67897
-0.62375
-0.60646
-0.66863
-0.58359
-0.55977
4.3732
0
0
0
0
0
0
0
0
0
0
0
0
0
0
0
0
0
0
0
0
0
0
-0.65198
-0.67897
-0.62375
-0.60646
-0.66863
-0.58359
-0.55977
0
4.3732
0
0
0
0
0
0
0
0
0
0
0
0
0
0
0
0
0
0
0
0
0
-0.7931
-0.82945
-0.74625
-0.74009
-0.82016
-0.70058
0
0
0
4.6296
0
0
0
0
0
0
0
0
0
0
0
0
0
0
0
0
0
0
0
0
-0.7931
-0.82945
-0.74625
-0.74009
-0.82016
-0.70058
0
0
0
0
4.6296
0
0
0
0
0
0
0
0
0
0
0
0
0
0
0
0
0
0
0
-0.43743
-0.43665
-0.44022
-0.43362
0
0
0
0
0
0
0
2.9845
0
0
0
0
0
-1.2366
0
0
0
0
0
0
0
0
0
0
0
0
-0.72974
-0.77312
0
-0.72709
0
0
0
0
0
0
0
0
6.8337
0
0
-0.91719
0
0
0
0
0
0
0
0
0
0
0
-3.6866
0
0
-0.54869
-0.56344
-0.508
-0.50425
0
-0.45558
0
0
0
0
0
0
0
2.58
0
0
0
0
0
0
0
0
0
0
0
0
0
0
0
0
-0.85399
-0.87517
-0.82472
-0.77586
0
0
0
0
0
0
0
0
0
0
3.3297
0
0
0
0
0
0
0
0
0
0
0
0
0
0
0
0
0
0
0
0
0
-0.57874
0
0
0
0
0
-0.91719
0
0
8.1514
0
0
0
0
0
0
-4.1059
0
0
0
0
0
0
-2.5496
-0.85399
-0.87517
-0.82472
-0.77586
0
0
0
0
0
0
0
0
0
0
0
0
3.3297
0
0
0
0
0
0
0
0
0
0
0
0
0
0
0
0
0
0
0
0
0
0
0
0
-1.2366
0
0
0
0
0
3.9347
0
0
0
0
0
-0.74274
-1.9553
0
0
0
0
0
-0.1045
0
0
0
0
0
0
0
0
0
0
0
0
0
0
0
0
0
1.9574
0
-1.5091
0
0
0
0
0
0
0
-0.34388
0
0
0
0
0
-2.2133
0
0
0
0
0
0
0
0
0
0
0
0
0
0
4.5873
-1.434
0
-0.93995
0
0
0
0
0
0
0
-1.4367
0
0
0
0
0
0
0
0
0
0
0
0
0
0
0
0
0
-1.5091
-1.434
4.3798
0
0
0
0
0
0
0
0
0
0
0
0
0
-2.1917
0
0
0
0
0
0
0
0
0
0
0
0
0
0
0
0
3.1334
0
0
-0.94163
0
0
0
0
0
0
0
0
0
0
0
0
0
0
0
0
0
0
0
0
-4.1059
0
0
0
-0.93995
0
0
5.0459
0
0
0
0
0
0
0
0
-3.7693
0
0
0
0
0
0
0
0
0
0
0
0
0
0
0
-0.74274
0
0
0
0
0
4.512
0
0
0
0
0
0
0
0
0
0
0
0
0
0
0
0
0
0
0
0
0
0
0
-1.9553
0
0
0
-0.94163
0
0
2.897
0
0
0
0
0
0
0
-7.4098
0
0
0
0
0
0
0
0
0
0
0
0
0
0
0
0
0
0
0
0
0
0
7.4098
0
0
0
0
-7.7796
0
0
0
0
0
0
0
0
0
0
0
0
0
0
0
0
0
0
0
0
0
0
0
0
0
7.7796
0
0
0
0
0
0
0
0
0
0
0
0
0
0
0
-3.6866
0
0
0
0
0
0
0
0
0
0
0
0
0
0
3.6866
0
0
0
0
0
0
0
0
0
0
0
0
0
0
0
0
0
0
0
0
-0.34388
0
0
0
0
0
0
0
0
0
0.34388
0
0
0
0
0
0
0
0
0
0
0
0
0
0
0
0
-2.5496
0
0
0
0
0
0
0
0
0
0
0
0
0
2.5496
