19.6106
-0.81463
-0.81463
-0.81463
-0.77554
-0.77021
-0.84524
-0.81767
-0.72637
-0.73016
-0.72637
-0.73994
-0.72637
-0.73262
-0.6322
-0.76191
-0.8566
-1.077
-1.4358
0
-2.4811
-2.3316
0
0
0
0
0
0
0
0
-0.81463
14.3392
-0.83515
-0.83515
-0.79492
-0.81149
-0.87328
-0.87592
-0.75221
-0.77649
-0.75221
-0.78319
-0.75221
-0.77443
-0.65062
-0.79859
-0.86441
-1.0986
0
-0.49575
0
0
0
0
0
0
0
0
0
0
-0.81463
-0.83515
14.3392
-0.83515
-0.79492
-0.81149
-0.87328
-0.87592
-0.75221
-0.77649
-0.75221
-0.78319
-0.75221
-0.77443
-0.65062
-0.79859
-0.86441
-1.0986
0
-0.49575
0
0
0
0
0
0
0
0
0
0
-0.81463
-0.83515
-0.83515
14.3392
-0.79492
-0.81149
-0.87328
-0.87592
-0.75221
-0.77649
-0.75221
-0.78319
-0.75221
-0.77443
-0.65062
-0.79859
-0.86441
-1.0986
0
-0.49575
0
0
0
0
0
0
0
0
0
0
-0.77554
-0.79492
-0.79492
-0.79492
13.0301
-0.75533
-0.82398
-0.80451
-0.70736
-0.72197
-0.70736
-0.73265
-0.70736
-0.72359
-0.60753
-0.7454
-0.80486
-1.0279
0
0
0
0
0
0
0
0
0
0
0
0
-0.77021
-0.81149
-0.81149
-0.81149
-0.75533
14.5808
-0.83078
-0.7946
-0.71219
-0.71868
-0.71219
-0.73255
-0.71219
-0.71827
-0.61049
-0.75021
-0.81499
0
0
0
-2.5136
0
0
0
0
0
0
0
0
0
-0.84524
-0.87328
-0.87328
-0.87328
-0.82398
-0.83078
13.0993
-0.88819
-0.77354
-0.79797
-0.77354
-0.80933
-0.77354
-0.7989
-0.65897
-0.8244
-0.8811
0
0
0
0
0
0
0
0
0
0
0
0
0
-0.81767
-0.87592
-0.87592
-0.87592
-0.80451
-0.7946
-0.88819
14.9115
-0.7848
-0.80755
-0.7848
-0.81921
-0.7848
-0.79089
-0.65044
0
0
0
-1.548
0
0
0
-2.0083
0
0
0
0
0
0
0
-0.72637
-0.75221
-0.75221
-0.75221
-0.70736
-0.71219
-0.77354
-0.7848
10.4514
-0.68547
-0.5862
-0.69525
-0.5862
-0.68642
-0.54634
-0.70465
0
0
0
0
0
0
0
0
0
0
0
0
0
0
-0.73016
-0.77649
-0.77649
-0.77649
-0.72197
-0.71868
-0.79797
-0.80755
-0.68547
10.3655
-0.68547
-0.65475
-0.68547
-0.65172
-0.53178
0
0
0
0
0
0
0
0
-0.36504
0
0
0
0
0
0
-0.72637
-0.75221
-0.75221
-0.75221
-0.70736
-0.71219
-0.77354
-0.7848
-0.5862
-0.68547
10.4514
-0.69525
-0.5862
-0.68642
-0.54634
-0.70465
0
0
0
0
0
0
0
0
0
0
0
0
0
0
-0.73994
-0.78319
-0.78319
-0.78319
-0.73265
-0.73255
-0.80933
-0.81921
-0.69525
-0.65475
-0.69525
12.4048
-0.69525
-0.6582
-0.5389
0
0
0
0
0
0
-2.2839
0
0
0
0
0
0
0
0
-0.72637
-0.75221
-0.75221
-0.75221
-0.70736
-0.71219
-0.77354
-0.7848
-0.5862
-0.68547
-0.5862
-0.69525
10.4514
-0.68642
-0.54634
-0.70465
0
0
0
0
0
0
0
0
0
0
0
0
0
0
-0.73262
-0.77443
-0.77443
-0.77443
-0.72359
-0.71827
-0.7989
-0.79089
-0.68642
-0.65172
-0.68642
-0.6582
-0.68642
11.9127
-0.53572
0
0
0
0
0
0
0
-1.9202
0
0
0
0
0
0
0
-0.6322
-0.65062
-0.65062
-0.65062
-0.60753
-0.61049
-0.65897
-0.65044
-0.54634
-0.53178
-0.54634
-0.5389
-0.54634
-0.53572
8.3569
0
0
0
0
0
0
0
0
0
0
0
0
0
0
0
-0.76191
-0.79859
-0.79859
-0.79859
-0.7454
-0.75021
-0.8244
0
-0.70465
0
-0.70465
0
-0.70465
0
0
9.0389
0
0
-1.4472
0
0
0
0
0
0
0
0
0
0
0
-0.8566
-0.86441
-0.86441
-0.86441
-0.80486
-0.81499
-0.8811
0
0
0
0
0
0
0
0
0
5.9508
0
0
0
0
0
0
0
0
0
0
0
0
0
-1.077
-1.0986
-1.0986
-1.0986
-1.0279
0
0
0
0
0
0
0
0
0
0
0
0
5.4006
0
0
0
0
0
0
0
0
0
0
0
0
-1.4358
0
0
0
0
0
0
-1.548
0
0
0
0
0
0
0
-1.4472
0
0
21.8921
0
0
0
0
0
0
-8.7305
0
0
-8.7305
0
0
-0.49575
-0.49575
-0.49575
0
0
0
0
0
0
0
0
0
0
0
0
0
0
0
1.9797
0
0
0
-0.49245
0
0
0
0
0
0
-2.4811
0
0
0
0
-2.5136
0
0
0
0
0
0
0
0
0
0
0
0
0
0
9.5956
0
0
0
0
0
0
0
0
-4.6009
-2.3316
0
0
0
0
0
0
0
0
0
0
-2.2839
0
0
0
0
0
0
0
0
0
8.8998
0
0
-4.2842
0
0
0
0
0
0
0
0
0
0
0
0
-2.0083
0
0
0
0
0
-1.9202
0
0
0
0
0
0
0
0
7.3528
0
0
0
-3.4244
0
0
0
0
0
0
0
0
0
0
0
0
-0.36504
0
0
0
0
0
0
0
0
0
-0.49245
0
0
0
1.1663
0
0
0
-0.30886
0
0
0
0
0
0
0
0
0
0
0
0
0
0
0
0
0
0
0
0
0
0
0
-4.2842
0
0
4.2842
0
0
0
0
0
0
0
0
0
0
0
0
0
0
0
0
0
0
0
0
0
0
0
-8.7305
0
0
0
0
0
0
8.7305
0
0
0
0
0
0
0
0
0
0
0
0
0
0
0
0
0
0
0
0
0
0
0
0
0
0
-3.4244
0
0
0
3.4244
0
0
0
0
0
0
0
0
0
0
0
0
0
0
0
0
0
0
0
0
0
0
0
0
0
0
-0.30886
0
0
0
0.30886
0
0
0
0
0
0
0
0
0
0
0
0
0
0
0
0
0
0
0
0
-8.7305
0
0
0
0
0
0
0
0
0
8.7305
0
0
0
0
0
0
0
0
0
0
0
0
0
0
0
0
0
0
0
0
0
-4.6009
0
0
0
0
0
0
0
0
4.6009
