23.1126
-0.5808
-0.54374
-0.51196
-0.54231
-0.58408
-0.56359
-0.56359
-0.55262
-0.50866
-0.50866
-0.57437
-0.61699
-0.54306
-0.60565
-0.45919
-0.90105
-0.45919
0
0
0
0
0
0
0
0
0
0
-13.4931
0
-0.5808
23.1126
-0.54374
-0.51196
-0.54231
-0.58408
-0.56359
-0.56359
-0.55262
-0.50866
-0.50866
-0.57437
-0.61699
-0.54306
-0.60565
-0.45919
-0.90105
-0.45919
0
0
0
-13.4931
0
0
0
0
0
0
0
0
-0.54374
-0.54374
21.3128
-0.48236
-0.50026
-0.53606
-0.51892
-0.51892
-0.50464
-0.46941
-0.46941
-0.52921
0
-0.49744
-0.56198
-0.42483
-0.82591
-0.42483
0
0
0
0
0
0
0
-12.9611
0
0
0
0
-0.51196
-0.51196
-0.48236
8.6116
-0.4815
-0.51795
-0.49942
-0.49942
-0.49241
-0.4523
-0.4523
-0.50788
-0.5662
-0.49118
-0.53955
-0.40829
-0.78863
-0.40829
0
0
0
0
0
0
0
0
0
0
0
0
-0.54231
-0.54231
-0.50026
-0.4815
7.0137
-0.53209
-0.51482
-0.51482
-0.50528
-0.4644
-0.4644
-0.52301
0
0
-0.57368
-0.42742
0
-0.42742
0
0
0
0
0
0
0
0
0
0
0
0
-0.58408
-0.58408
-0.53606
-0.51795
-0.53209
6.3919
-0.56891
-0.56891
-0.55816
-0.50559
-0.50559
-0.5756
0
0
0
0
0
0
-0.35489
0
0
0
0
0
0
0
0
0
0
0
-0.56359
-0.56359
-0.51892
-0.49942
-0.51482
-0.56891
5.7905
-0.51773
-0.56158
-0.46979
-0.46979
-0.54239
0
0
0
0
0
0
0
0
0
0
0
0
0
0
0
0
0
0
-0.56359
-0.56359
-0.51892
-0.49942
-0.51482
-0.56891
-0.51773
5.7905
-0.56158
-0.46979
-0.46979
-0.54239
0
0
0
0
0
0
0
0
0
0
0
0
0
0
0
0
0
0
-0.55262
-0.55262
-0.50464
-0.49241
-0.50528
-0.55816
-0.56158
-0.56158
5.4511
-0.4438
-0.4438
0
0
0
0
0
0
0
0
0
-0.27459
0
0
0
0
0
0
0
0
0
-0.50866
-0.50866
-0.46941
-0.4523
-0.4644
-0.50559
-0.46979
-0.46979
-0.4438
4.6864
-0.394
0
0
0
0
0
0
0
0
0
0
0
0
0
0
0
0
0
0
0
-0.50866
-0.50866
-0.46941
-0.4523
-0.4644
-0.50559
-0.46979
-0.46979
-0.4438
-0.394
4.6864
0
0
0
0
0
0
0
0
0
0
0
0
0
0
0
0
0
0
0
-0.57437
-0.57437
-0.52921
-0.50788
-0.52301
-0.5756
-0.54239
-0.54239
0
0
0
4.3692
0
0
0
0
0
0
0
0
0
0
0
0
0
0
0
0
0
0
-0.61699
-0.61699
0
-0.5662
0
0
0
0
0
0
0
0
7.754
0
0
0
0
0
0
-0.46979
-0.72831
0
0
0
-4.7557
0
0
0
0
0
-0.54306
-0.54306
-0.49744
-0.49118
0
0
0
0
0
0
0
0
0
2.8677
0
0
0
0
-0.50745
-0.28555
0
0
0
0
0
0
0
0
0
0
-0.60565
-0.60565
-0.56198
-0.53955
-0.57368
0
0
0
0
0
0
0
0
0
7.981
0
0
0
0
0
0
0
0
-5.0945
0
0
0
0
0
0
-0.45919
-0.45919
-0.42483
-0.40829
-0.42742
0
0
0
0
0
0
0
0
0
0
2.1789
0
0
0
0
0
0
0
0
0
0
0
0
0
0
-0.90105
-0.90105
-0.82591
-0.78863
0
0
0
0
0
0
0
0
0
0
0
0
6.96
0
0
0
0
0
0
0
0
0
0
-3.5433
0
0
-0.45919
-0.45919
-0.42483
-0.40829
-0.42742
0
0
0
0
0
0
0
0
0
0
0
0
2.1789
0
0
0
0
0
0
0
0
0
0
0
0
0
0
0
0
0
-0.35489
0
0
0
0
0
0
0
-0.50745
0
0
0
0
1.2732
0
0
0
-0.41086
0
0
0
0
0
0
0
0
0
0
0
0
0
0
0
0
0
0
0
-0.46979
-0.28555
0
0
0
0
0
0.85984
0
0
0
0
0
0
0
0
0
-0.1045
0
0
0
0
0
0
0
0
-0.27459
0
0
0
-0.72831
0
0
0
0
0
0
0
1.3818
0
0
0
0
0
-0.37891
0
0
0
0
-13.4931
0
0
0
0
0
0
0
0
0
0
0
0
0
0
0
0
0
0
0
13.4931
0
0
0
0
0
0
0
0
0
0
0
0
0
0
0
0
0
0
0
0
0
0
0
0
0
0
-0.41086
0
0
0
0.41086
0
0
0
0
0
0
0
0
0
0
0
0
0
0
0
0
0
0
0
0
0
-5.0945
0
0
0
0
0
0
0
0
5.0945
0
0
0
0
0
0
0
0
0
0
0
0
0
0
0
0
0
0
-4.7557
0
0
0
0
0
0
0
0
0
0
0
4.7557
0
0
0
0
0
0
0
-12.9611
0
0
0
0
0
0
0
0
0
0
0
0
0
0
0
0
0
0
0
0
0
0
12.9611
0
0
0
0
0
0
0
0
0
0
0
0
0
0
0
0
0
0
0
0
0
0
0
0
-0.37891
0
0
0
0
0
0.37891
0
0
0
0
0
0
0
0
0
0
0
0
0
0
0
0
0
0
0
-3.5433
0
0
0
0
0
0
0
0
0
0
3.5433
0
0
-13.4931
0
0
0
0
0
0
0
0
0
0
0
0
0
0
0
0
0
0
0
0
0
0
0
0
0
0
0
13.4931
0
0
0
0
0
0
0
0
0
0
0
0
0
0
0
0
0
0
0
0
-0.1045
0
0
0
0
0
0
0
0
0
0.1045
