19.4378
-0.86521
-0.86521
-0.91071
-0.86521
-0.90175
-0.91409
-0.91455
-0.93859
-0.81935
-0.81935
-0.81935
-0.81935
-0.81935
-0.89444
-0.89112
-0.84706
-0.84706
-0.84706
-0.87124
-0.93183
-0.94518
-1.0907
0
0
0
0
0
0
0
-0.86521
19.4378
-0.86521
-0.91071
-0.86521
-0.90175
-0.91409
-0.91455
-0.93859
-0.81935
-0.81935
-0.81935
-0.81935
-0.81935
-0.89444
-0.89112
-0.84706
-0.84706
-0.84706
-0.87124
-0.93183
-0.94518
-1.0907
0
0
0
0
0
0
0
-0.86521
-0.86521
19.4378
-0.91071
-0.86521
-0.90175
-0.91409
-0.91455
-0.93859
-0.81935
-0.81935
-0.81935
-0.81935
-0.81935
-0.89444
-0.89112
-0.84706
-0.84706
-0.84706
-0.87124
-0.93183
-0.94518
-1.0907
0
0
0
0
0
0
0
-0.91071
-0.91071
-0.91071
27.2928
-0.91071
-0.91569
-0.91109
-0.92475
-0.94083
-0.83225
-0.83225
-0.83225
-0.83225
-0.83225
-0.89427
-0.90534
-0.8613
-0.8613
-0.8613
-0.85006
-0.95532
-0.97175
0
0
-8.6358
0
0
0
0
0
-0.86521
-0.86521
-0.86521
-0.91071
19.4378
-0.90175
-0.91409
-0.91455
-0.93859
-0.81935
-0.81935
-0.81935
-0.81935
-0.81935
-0.89444
-0.89112
-0.84706
-0.84706
-0.84706
-0.87124
-0.93183
-0.94518
-1.0907
0
0
0
0
0
0
0
-0.90175
-0.90175
-0.90175
-0.91569
-0.90175
17.8593
-0.94674
-0.93824
-0.95992
-0.84024
-0.84024
-0.84024
-0.84024
-0.84024
-0.91682
-0.91471
-0.86968
-0.86968
-0.86968
-0.89132
-0.95864
0
0
0
0
0
0
0
0
0
-0.91409
-0.91409
-0.91409
-0.91109
-0.91409
-0.94674
24.5125
-0.95946
-0.96126
-0.8532
-0.8532
-0.8532
-0.8532
-0.8532
-0.91579
-0.929
-0.88431
-0.88431
-0.88431
0
0
0
0
-0.30982
0
0
-8.004
0
0
0
-0.91455
-0.91455
-0.91455
-0.92475
-0.91455
-0.93824
-0.95946
16.6117
-0.98281
-0.85629
-0.85629
-0.85629
-0.85629
-0.85629
-0.93719
-0.93446
-0.88907
-0.88907
-0.88907
0
0
0
0
-0.32793
0
0
0
0
0
0
-0.93859
-0.93859
-0.93859
-0.94083
-0.93859
-0.95992
-0.96126
-0.98281
24.5091
-0.87717
-0.87717
-0.87717
-0.87717
-0.87717
-0.95066
-0.95804
-0.91187
-0.91187
-0.91187
0
0
0
0
0
0
0
0
0
0
-7.8797
-0.81935
-0.81935
-0.81935
-0.83225
-0.81935
-0.84024
-0.8532
-0.85629
-0.87717
14.4992
-0.74142
-0.74142
-0.74142
-0.74142
-0.82436
-0.82226
-0.78343
-0.78343
-0.78343
0
0
0
0
0
0
0
0
0
0
0
-0.81935
-0.81935
-0.81935
-0.83225
-0.81935
-0.84024
-0.8532
-0.85629
-0.87717
-0.74142
14.4992
-0.74142
-0.74142
-0.74142
-0.82436
-0.82226
-0.78343
-0.78343
-0.78343
0
0
0
0
0
0
0
0
0
0
0
-0.81935
-0.81935
-0.81935
-0.83225
-0.81935
-0.84024
-0.8532
-0.85629
-0.87717
-0.74142
-0.74142
14.4992
-0.74142
-0.74142
-0.82436
-0.82226
-0.78343
-0.78343
-0.78343
0
0
0
0
0
0
0
0
0
0
0
-0.81935
-0.81935
-0.81935
-0.83225
-0.81935
-0.84024
-0.8532
-0.85629
-0.87717
-0.74142
-0.74142
-0.74142
14.4992
-0.74142
-0.82436
-0.82226
-0.78343
-0.78343
-0.78343
0
0
0
0
0
0
0
0
0
0
0
-0.81935
-0.81935
-0.81935
-0.83225
-0.81935
-0.84024
-0.8532
-0.85629
-0.87717
-0.74142
-0.74142
-0.74142
-0.74142
14.4992
-0.82436
-0.82226
-0.78343
-0.78343
-0.78343
0
0
0
0
0
0
0
0
0
0
0
-0.89444
-0.89444
-0.89444
-0.89427
-0.89444
-0.91682
-0.91579
-0.93719
-0.95066
-0.82436
-0.82436
-0.82436
-0.82436
-0.82436
19.997
-0.84438
0
0
0
0
0
0
0
0
0
0
0
0
-6.8384
0
-0.89112
-0.89112
-0.89112
-0.90534
-0.89112
-0.91471
-0.929
-0.93446
-0.95804
-0.82226
-0.82226
-0.82226
-0.82226
-0.82226
-0.84438
13.1617
0
0
0
0
0
0
0
0
0
0
0
0
0
0
-0.84706
-0.84706
-0.84706
-0.8613
-0.84706
-0.86968
-0.88431
-0.88907
-0.91187
-0.78343
-0.78343
-0.78343
-0.78343
-0.78343
0
0
11.7217
0
0
0
0
0
0
0
0
0
0
0
0
0
-0.84706
-0.84706
-0.84706
-0.8613
-0.84706
-0.86968
-0.88431
-0.88907
-0.91187
-0.78343
-0.78343
-0.78343
-0.78343
-0.78343
0
0
0
11.7217
0
0
0
0
0
0
0
0
0
0
0
0
-0.84706
-0.84706
-0.84706
-0.8613
-0.84706
-0.86968
-0.88431
-0.88907
-0.91187
-0.78343
-0.78343
-0.78343
-0.78343
-0.78343
0
0
0
0
11.7217
0
0
0
0
0
0
0
0
0
0
0
-0.87124
-0.87124
-0.87124
-0.85006
-0.87124
-0.89132
0
0
0
0
0
0
0
0
0
0
0
0
0
5.4545
0
0
0
0
0
0
0
-0.22817
0
0
-0.93183
-0.93183
-0.93183
-0.95532
-0.93183
-0.95864
0
0
0
0
0
0
0
0
0
0
0
0
0
0
5.6413
0
0
0
0
0
0
0
0
0
-0.94518
-0.94518
-0.94518
-0.97175
-0.94518
0
0
0
0
0
0
0
0
0
0
0
0
0
0
0
0
4.7525
0
0
0
0
0
0
0
0
-1.0907
-1.0907
-1.0907
0
-1.0907
0
0
0
0
0
0
0
0
0
0
0
0
0
0
0
0
0
4.3628
0
0
0
0
0
0
0
0
0
0
0
0
0
-0.30982
-0.32793
0
0
0
0
0
0
0
0
0
0
0
0
0
0
0
0.74225
0
-0.1045
0
0
0
0
0
0
0
-8.6358
0
0
0
0
0
0
0
0
0
0
0
0
0
0
0
0
0
0
0
0
8.6358
0
0
0
0
0
0
0
0
0
0
0
0
0
0
0
0
0
0
0
0
0
0
0
0
0
0
0
0
-0.1045
0
0.1045
0
0
0
0
0
0
0
0
0
0
-8.004
0
0
0
0
0
0
0
0
0
0
0
0
0
0
0
0
0
0
0
8.004
0
0
0
0
0
0
0
0
0
0
0
0
0
0
0
0
0
0
0
0
0
0
-0.22817
0
0
0
0
0
0
0
0.22817
0
0
0
0
0
0
0
0
0
0
0
0
0
0
0
0
-6.8384
0
0
0
0
0
0
0
0
0
0
0
0
0
6.8384
0
0
0
0
0
0
0
0
0
-7.8797
0
0
0
0
0
0
0
0
0
0
0
0
0
0
0
0
0
0
0
0
7.8797
