17.6428
-0.49932
-0.48985
-0.48985
-0.49825
-0.47555
-0.4882
-0.48595
-0.50094
-0.49105
-0.52598
-0.50967
-0.50967
-0.50967
-0.50844
-0.40781
-0.75896
0
-0.2965
-0.39144
0
0
-8.8057
0
0
0
0
0
0
0
-0.49932
8.615
-0.49125
-0.49125
-0.50308
-0.47707
-0.49363
-0.50736
-0.50197
-0.51329
-0.52704
-0.50933
-0.50933
-0.50933
-0.50573
-0.41563
-0.74279
0
0
-0.41763
0
0
0
0
0
0
0
0
0
0
-0.48985
-0.49125
8.0046
-0.47341
-0.49249
-0.46534
-0.48372
-0.50294
-0.49167
-0.50599
-0.51354
-0.49512
-0.49512
-0.49512
-0.49049
-0.41173
-0.70679
0
0
0
0
0
0
0
0
0
0
0
0
0
-0.48985
-0.49125
-0.47341
8.0046
-0.49249
-0.46534
-0.48372
-0.50294
-0.49167
-0.50599
-0.51354
-0.49512
-0.49512
-0.49512
-0.49049
-0.41173
-0.70679
0
0
0
0
0
0
0
0
0
0
0
0
0
-0.49825
-0.50308
-0.49249
-0.49249
14.5677
-0.47173
-0.48871
-0.48997
-0.49693
-0.4933
-0.52186
-0.50814
-0.50814
-0.50814
-0.50436
0
0
0
0
0
-7.5901
0
0
0
0
0
0
0
0
0
-0.47555
-0.47707
-0.46534
-0.46534
-0.47173
6.6467
-0.46006
-0.47638
-0.47305
-0.48389
-0.49281
-0.47772
-0.47772
-0.47772
-0.47236
0
0
0
0
0
0
0
0
0
0
0
0
0
0
0
-0.4882
-0.49363
-0.48372
-0.48372
-0.48871
-0.46006
13.5623
-0.47302
-0.48339
-0.47781
-0.50769
-0.49805
-0.49805
-0.49805
0
0
0
0
0
0
0
-7.2282
0
0
0
0
0
0
0
0
-0.48595
-0.50736
-0.50294
-0.50294
-0.48997
-0.47638
-0.47302
21.8973
-0.47861
0
-0.50598
0
0
0
0
0
0
-0.17733
0
0
0
0
0
0
0
0
0
-8.6484
-8.6484
0
-0.50094
-0.50197
-0.49167
-0.49167
-0.49693
-0.47305
-0.48339
-0.47861
4.7313
0
-0.48492
0
0
0
0
0
0
0
-0.32812
0
0
0
0
0
0
0
0
0
0
0
-0.49105
-0.51329
-0.50599
-0.50599
-0.4933
-0.48389
-0.47781
0
0
19.2744
0
0
0
0
0
0
0
0
0
0
0
0
0
-7.9016
-7.9016
0
0
0
0
0
-0.52598
-0.52704
-0.51354
-0.51354
-0.52186
-0.49281
-0.50769
-0.50598
-0.48492
0
4.5934
0
0
0
0
0
0
0
0
0
0
0
0
0
0
0
0
0
0
0
-0.50967
-0.50933
-0.49512
-0.49512
-0.50814
-0.47772
-0.49805
0
0
0
0
3.4931
0
0
0
0
0
0
0
0
0
0
0
0
0
0
0
0
0
0
-0.50967
-0.50933
-0.49512
-0.49512
-0.50814
-0.47772
-0.49805
0
0
0
0
0
3.4931
0
0
0
0
0
0
0
0
0
0
0
0
0
0
0
0
0
-0.50967
-0.50933
-0.49512
-0.49512
-0.50814
-0.47772
-0.49805
0
0
0
0
0
0
3.4931
0
0
0
0
0
0
0
0
0
0
0
0
0
0
0
0
-0.50844
-0.50573
-0.49049
-0.49049
-0.50436
-0.47236
0
0
0
0
0
0
0
0
2.9719
0
0
0
0
0
0
0
0
0
0
0
0
0
0
0
-0.40781
-0.41563
-0.41173
-0.41173
0
0
0
0
0
0
0
0
0
0
0
1.8872
0
-0.24029
0
0
0
0
0
0
0
0
0
0
0
0
-0.75896
-0.74279
-0.70679
-0.70679
0
0
0
0
0
0
0
0
0
0
0
0
2.9153
0
0
0
0
0
0
0
0
0
0
0
0
0
0
0
0
0
0
0
0
-0.17733
0
0
0
0
0
0
0
-0.24029
0
0.52212
0
0
0
0
0
0
0
-0.1045
0
0
0
0
-0.2965
0
0
0
0
0
0
0
-0.32812
0
0
0
0
0
0
0
0
0
0.88893
0
0
0
0
0
0
0
-0.26431
0
0
0
-0.39144
-0.41763
0
0
0
0
0
0
0
0
0
0
0
0
0
0
0
0
0
1.2558
0
0
0
0
0
0
0
0
0
-0.44672
0
0
0
0
-7.5901
0
0
0
0
0
0
0
0
0
0
0
0
0
0
0
7.5901
0
0
0
0
0
0
0
0
0
0
0
0
0
0
0
-7.2282
0
0
0
0
0
0
0
0
0
0
0
0
0
0
7.2282
0
0
0
0
0
0
0
0
-8.8057
0
0
0
0
0
0
0
0
0
0
0
0
0
0
0
0
0
0
0
0
0
8.8057
0
0
0
0
0
0
0
0
0
0
0
0
0
0
0
0
-7.9016
0
0
0
0
0
0
0
0
0
0
0
0
0
7.9016
0
0
0
0
0
0
0
0
0
0
0
0
0
0
0
-7.9016
0
0
0
0
0
0
0
0
0
0
0
0
0
0
7.9016
0
0
0
0
0
0
0
0
0
0
0
0
0
0
0
0
0
0
0
0
0
0
-0.1045
0
0
0
0
0
0
0
0.1045
0
0
0
0
0
0
0
0
0
0
0
0
0
0
0
0
0
0
0
0
0
0
-0.26431
0
0
0
0
0
0
0
0.26431
0
0
0
0
0
0
0
0
0
0
-8.6484
0
0
0
0
0
0
0
0
0
0
0
0
0
0
0
0
0
0
0
8.6484
0
0
0
0
0
0
0
0
0
-8.6484
0
0
0
0
0
0
0
0
0
0
0
0
0
0
0
0
0
0
0
0
8.6484
0
0
0
0
0
0
0
0
0
0
0
0
0
0
0
0
0
0
0
0
-0.44672
0
0
0
0
0
0
0
0
0
0.44672
