17.897
-0.75129
-0.74783
-0.72842
-0.72842
-0.72842
-0.71263
-0.73154
-0.76295
-0.73445
-0.73445
-0.71993
-0.73356
-0.76825
-0.72527
-0.73244
0
0
-0.73565
0
0
0
0
0
-6.1215
0
0
0
0
0
-0.75129
17.8224
-0.74736
-0.72792
-0.72792
-0.72792
-0.71222
-0.72373
-0.75681
-0.7324
-0.7324
-0.73138
-0.7402
-0.76736
-0.72415
-0.73107
-0.66402
0
0
0
0
0
0
0
0
0
0
0
0
-6.1242
-0.74783
-0.74736
16.9296
-0.72683
-0.72683
-0.72683
-0.71031
-0.72967
-0.76381
-0.73101
-0.73101
-0.72738
-0.73668
-0.76665
-0.72118
-0.7273
0
0
0
0
0
0
0
0
0
0
0
0
-5.9089
0
-0.72842
-0.72792
-0.72683
10.7594
-0.70048
-0.70048
-0.6926
-0.7148
-0.75068
-0.71313
-0.71313
-0.7127
-0.71964
-0.74629
-0.70373
-0.70858
0
0
0
0
0
0
0
0
0
0
0
0
0
0
-0.72842
-0.72792
-0.72683
-0.70048
10.7594
-0.70048
-0.6926
-0.7148
-0.75068
-0.71313
-0.71313
-0.7127
-0.71964
-0.74629
-0.70373
-0.70858
0
0
0
0
0
0
0
0
0
0
0
0
0
0
-0.72842
-0.72792
-0.72683
-0.70048
-0.70048
10.7594
-0.6926
-0.7148
-0.75068
-0.71313
-0.71313
-0.7127
-0.71964
-0.74629
-0.70373
-0.70858
0
0
0
0
0
0
0
0
0
0
0
0
0
0
-0.71263
-0.71222
-0.71031
-0.6926
-0.6926
-0.6926
9.8422
-0.6958
-0.72645
-0.69754
-0.69754
-0.69478
-0.70236
-0.7261
-0.6887
0
0
0
0
0
0
0
0
0
0
0
0
0
0
0
-0.73154
-0.72373
-0.72967
-0.7148
-0.7148
-0.7148
-0.6958
7.8521
0
-0.72682
-0.72682
0
0
0
0
0
0
-0.64408
-0.72927
0
0
0
0
0
0
0
0
0
0
0
-0.76295
-0.75681
-0.76381
-0.75068
-0.75068
-0.75068
-0.72645
0
17.7391
0
0
0
0
0
0
0
0
-0.67683
0
0
-5.9001
0
0
0
0
0
-5.9001
0
0
0
-0.73445
-0.7324
-0.73101
-0.71313
-0.71313
-0.71313
-0.69754
-0.72682
0
6.4862
-0.72461
0
0
0
0
0
0
0
0
0
0
0
0
0
0
0
0
0
0
0
-0.73445
-0.7324
-0.73101
-0.71313
-0.71313
-0.71313
-0.69754
-0.72682
0
-0.72461
6.4862
0
0
0
0
0
0
0
0
0
0
0
0
0
0
0
0
0
0
0
-0.71993
-0.73138
-0.72738
-0.7127
-0.7127
-0.7127
-0.69478
0
0
0
0
6.2914
0
0
0
0
-0.67531
0
0
-0.6045
0
0
0
0
0
0
0
0
0
0
-0.73356
-0.7402
-0.73668
-0.71964
-0.71964
-0.71964
-0.70236
0
0
0
0
0
5.6811
0
0
0
0
0
0
-0.60933
0
0
0
0
0
0
0
0
0
0
-0.76825
-0.76736
-0.76665
-0.74629
-0.74629
-0.74629
-0.7261
0
0
0
0
0
0
9.0363
0
0
0
0
0
0
0
0
0
0
0
0
0
-3.7691
0
0
-0.72527
-0.72415
-0.72118
-0.70373
-0.70373
-0.70373
-0.6887
0
0
0
0
0
0
0
4.9705
0
0
0
0
0
0
0
0
0
0
0
0
0
0
0
-0.73244
-0.73107
-0.7273
-0.70858
-0.70858
-0.70858
0
0
0
0
0
0
0
0
0
4.3166
0
0
0
0
0
0
0
0
0
0
0
0
0
0
0
-0.66402
0
0
0
0
0
0
0
0
0
-0.67531
0
0
0
0
2.0031
0
0
0
0
-0.66376
0
0
0
0
0
0
0
0
0
0
0
0
0
0
0
-0.64408
-0.67683
0
0
0
0
0
0
0
0
1.9419
0
0
0
0
-0.62096
0
0
0
0
0
0
0
-0.73565
0
0
0
0
0
0
-0.72927
0
0
0
0
0
0
0
0
0
0
2.282
0
0
0
0
-0.81709
0
0
0
0
0
0
0
0
0
0
0
0
0
0
0
0
0
-0.6045
-0.60933
0
0
0
0
0
0
1.7661
0
0
0
0
0
-0.55225
0
0
0
0
0
0
0
0
0
0
0
0
-5.9001
0
0
0
0
0
0
0
0
0
0
0
5.9001
0
0
0
0
0
0
0
0
0
0
0
0
0
0
0
0
0
0
0
0
0
0
0
0
0
-0.66376
0
0
0
0
0.66376
0
0
0
0
0
0
0
0
0
0
0
0
0
0
0
0
0
0
0
0
0
0
0
0
0
-0.62096
0
0
0
0
0.62096
0
0
0
0
0
0
0
0
0
0
0
0
0
0
0
0
0
0
0
0
0
0
0
0
0
-0.81709
0
0
0
0
0.81709
0
0
0
0
0
0
-6.1215
0
0
0
0
0
0
0
0
0
0
0
0
0
0
0
0
0
0
0
0
0
0
0
6.1215
0
0
0
0
0
0
0
0
0
0
0
0
0
0
0
0
0
0
0
0
0
0
0
0
-0.55225
0
0
0
0
0
0.55225
0
0
0
0
0
0
0
0
0
0
0
0
-5.9001
0
0
0
0
0
0
0
0
0
0
0
0
0
0
0
0
0
5.9001
0
0
0
0
0
0
0
0
0
0
0
0
0
0
0
0
-3.7691
0
0
0
0
0
0
0
0
0
0
0
0
0
3.7691
0
0
0
0
-5.9089
0
0
0
0
0
0
0
0
0
0
0
0
0
0
0
0
0
0
0
0
0
0
0
0
0
5.9089
0
0
-6.1242
0
0
0
0
0
0
0
0
0
0
0
0
0
0
0
0
0
0
0
0
0
0
0
0
0
0
0
6.1242
