7.1873
-0.39113
-0.40689
-0.36793
-0.42907
-0.33579
-0.35419
-0.38321
-0.36994
-0.38464
-0.34984
-0.34984
-0.31101
-0.37843
-0.37719
0
0
0
-1.9982
0
0
0
0
0
0
0
0
0
0
0
-0.39113
5.2737
-0.39519
-0.39113
-0.40907
-0.33342
-0.34531
-0.3744
-0.36879
-0.37367
-0.34766
-0.34766
-0.30099
-0.37837
-0.38074
0
-0.13615
0
0
0
0
0
0
0
0
0
0
0
0
0
-0.40689
-0.39519
11.5732
-0.40689
-0.40861
-0.34271
-0.35798
-0.38379
-0.37811
-0.38597
-0.3585
-0.3585
-0.29353
-0.39102
-0.39671
0
0
0
0
0
-6.3088
0
0
0
0
0
0
0
0
0
-0.36793
-0.39113
-0.40689
7.1873
-0.42907
-0.33579
-0.35419
-0.38321
-0.36994
-0.38464
-0.34984
-0.34984
-0.31101
-0.37843
-0.37719
0
0
0
-1.9982
0
0
0
0
0
0
0
0
0
0
0
-0.42907
-0.40907
-0.40861
-0.42907
37.8592
-0.34488
-0.33089
-0.33543
-0.35423
-0.34478
-0.34154
-0.34154
0
-0.37874
0
0
0
0
0
0
0
0
0
-11.1371
-11.1371
0
-11.1371
0
0
0
-0.33579
-0.33342
-0.34271
-0.33579
-0.34488
4.5131
-0.30598
-0.32388
-0.32215
-0.33014
-0.30664
-0.30664
-0.26387
-0.33098
-0.3302
0
0
0
0
0
0
0
0
0
0
0
0
0
0
0
-0.35419
-0.34531
-0.35798
-0.35419
-0.33089
-0.30598
9.7587
-0.32578
-0.32702
-0.33677
-0.31294
-0.31294
0
-0.338
-0.33963
0
0
0
0
0
0
0
0
0
0
0
0
0
0
-5.4171
-0.38321
-0.3744
-0.38379
-0.38321
-0.33543
-0.32388
-0.32578
9.0331
-0.3622
-0.36994
-0.34053
-0.34053
0
0
0
-0.33007
0
0
0
0
0
0
0
0
0
-4.7801
0
0
0
0
-0.36994
-0.36879
-0.37811
-0.36994
-0.35423
-0.32215
-0.32702
-0.3622
4.2074
-0.36412
-0.32771
-0.32771
0
0
0
-0.33543
0
0
0
0
0
0
0
0
0
0
0
0
0
0
-0.38464
-0.37367
-0.38597
-0.38464
-0.34478
-0.33014
-0.33677
-0.36994
-0.36412
8.1772
-0.33631
-0.33631
0
0
0
0
0
0
0
0
0
0
0
0
0
0
0
-4.2299
0
0
-0.34984
-0.34766
-0.3585
-0.34984
-0.34154
-0.30664
-0.31294
-0.34053
-0.32771
-0.33631
3.6617
-0.29023
0
0
0
0
0
0
0
0
0
0
0
0
0
0
0
0
0
0
-0.34984
-0.34766
-0.3585
-0.34984
-0.34154
-0.30664
-0.31294
-0.34053
-0.32771
-0.33631
-0.29023
3.6617
0
0
0
0
0
0
0
0
0
0
0
0
0
0
0
0
0
0
-0.31101
-0.30099
-0.29353
-0.31101
0
-0.26387
0
0
0
0
0
0
15.1439
0
0
0
0
-0.1045
0
0
0
-6.7795
0
0
0
0
0
0
-6.7795
0
-0.37843
-0.37837
-0.39102
-0.37843
-0.37874
-0.33098
-0.338
0
0
0
0
0
0
2.574
0
0
0
0
0
0
0
0
0
0
0
0
0
0
0
0
-0.37719
-0.38074
-0.39671
-0.37719
0
-0.3302
-0.33963
0
0
0
0
0
0
0
2.2017
0
0
0
0
0
0
0
0
0
0
0
0
0
0
0
0
0
0
0
0
0
0
-0.33007
-0.33543
0
0
0
0
0
0
1.0736
-0.21434
-0.1938
0
0
0
0
0
0
0
0
0
0
0
0
0
-0.13615
0
0
0
0
0
0
0
0
0
0
0
0
0
-0.21434
0.51595
0
0
0
0
0
-0.16546
0
0
0
0
0
0
0
0
0
0
0
0
0
0
0
0
0
0
0
-0.1045
0
0
-0.1938
0
0.41366
0
-0.11537
0
0
0
0
0
0
0
0
0
0
-1.9982
0
0
-1.9982
0
0
0
0
0
0
0
0
0
0
0
0
0
0
3.9964
0
0
0
0
0
0
0
0
0
0
0
0
0
0
0
0
0
0
0
0
0
0
0
0
0
0
0
0
-0.11537
0
0.11537
0
0
0
0
0
0
0
0
0
0
0
0
-6.3088
0
0
0
0
0
0
0
0
0
0
0
0
0
0
0
0
0
6.3088
0
0
0
0
0
0
0
0
0
0
0
0
0
0
0
0
0
0
0
0
0
-6.7795
0
0
0
0
0
0
0
0
6.7795
0
0
0
0
0
0
0
0
0
0
0
0
0
0
0
0
0
0
0
0
0
0
0
0
-0.16546
0
0
0
0
0
0.16546
0
0
0
0
0
0
0
0
0
0
0
-11.1371
0
0
0
0
0
0
0
0
0
0
0
0
0
0
0
0
0
0
11.1371
0
0
0
0
0
0
0
0
0
0
-11.1371
0
0
0
0
0
0
0
0
0
0
0
0
0
0
0
0
0
0
0
11.1371
0
0
0
0
0
0
0
0
0
0
0
0
-4.7801
0
0
0
0
0
0
0
0
0
0
0
0
0
0
0
0
0
4.7801
0
0
0
0
0
0
0
0
-11.1371
0
0
0
0
0
0
0
0
0
0
0
0
0
0
0
0
0
0
0
0
0
11.1371
0
0
0
0
0
0
0
0
0
0
0
0
-4.2299
0
0
0
0
0
0
0
0
0
0
0
0
0
0
0
0
0
4.2299
0
0
0
0
0
0
0
0
0
0
0
0
0
0
-6.7795
0
0
0
0
0
0
0
0
0
0
0
0
0
0
0
6.7795
0
0
0
0
0
0
0
-5.4171
0
0
0
0
0
0
0
0
0
0
0
0
0
0
0
0
0
0
0
0
0
0
5.4171
