27.2385
-0.96151
-0.96151
-0.98735
-0.96151
-0.95452
-0.96151
-0.96151
-0.96151
-0.84189
-0.92745
-0.90695
-0.92282
-0.92282
-0.84931
-0.93703
-0.91703
-0.91703
-0.8792
-0.93388
-1.0282
-0.91491
0
-7.629
0
0
0
0
0
0
-0.96151
16.6227
-0.78538
-0.85144
-0.78538
-0.88095
-0.78538
-0.78538
-0.78538
-0.71391
-0.7791
-0.76732
-0.77527
-0.77527
-0.71338
-0.79519
-0.76823
-0.76823
-0.74919
-0.78051
-0.85512
-0.7612
0
0
0
0
0
0
0
0
-0.96151
-0.78538
16.6227
-0.85144
-0.78538
-0.88095
-0.78538
-0.78538
-0.78538
-0.71391
-0.7791
-0.76732
-0.77527
-0.77527
-0.71338
-0.79519
-0.76823
-0.76823
-0.74919
-0.78051
-0.85512
-0.7612
0
0
0
0
0
0
0
0
-0.98735
-0.85144
-0.85144
23.3177
-0.85144
-0.87262
-0.85144
-0.85144
-0.85144
-0.7073
-0.7902
-0.76256
-0.78543
-0.78543
-0.7224
-0.78926
-0.77842
-0.77842
-0.74195
-0.79248
-0.87686
0
0
0
0
0
0
-7.0384
0
0
-0.96151
-0.78538
-0.78538
-0.85144
16.6227
-0.88095
-0.78538
-0.78538
-0.78538
-0.71391
-0.7791
-0.76732
-0.77527
-0.77527
-0.71338
-0.79519
-0.76823
-0.76823
-0.74919
-0.78051
-0.85512
-0.7612
0
0
0
0
0
0
0
0
-0.95452
-0.88095
-0.88095
-0.87262
-0.88095
33.6961
-0.88095
-0.88095
-0.88095
-0.65882
-0.76392
-0.7125
-0.7582
-0.7582
-0.69755
-0.73591
-0.75244
-0.75244
-0.69012
-0.76879
0
0
0
0
0
-9.2672
-9.2672
0
0
0
-0.96151
-0.78538
-0.78538
-0.85144
-0.78538
-0.88095
16.6227
-0.78538
-0.78538
-0.71391
-0.7791
-0.76732
-0.77527
-0.77527
-0.71338
-0.79519
-0.76823
-0.76823
-0.74919
-0.78051
-0.85512
-0.7612
0
0
0
0
0
0
0
0
-0.96151
-0.78538
-0.78538
-0.85144
-0.78538
-0.88095
-0.78538
16.6227
-0.78538
-0.71391
-0.7791
-0.76732
-0.77527
-0.77527
-0.71338
-0.79519
-0.76823
-0.76823
-0.74919
-0.78051
-0.85512
-0.7612
0
0
0
0
0
0
0
0
-0.96151
-0.78538
-0.78538
-0.85144
-0.78538
-0.88095
-0.78538
-0.78538
16.6227
-0.71391
-0.7791
-0.76732
-0.77527
-0.77527
-0.71338
-0.79519
-0.76823
-0.76823
-0.74919
-0.78051
-0.85512
-0.7612
0
0
0
0
0
0
0
0
-0.84189
-0.71391
-0.71391
-0.7073
-0.71391
-0.65882
-0.71391
-0.71391
-0.71391
19.4806
-0.68218
-0.65102
-0.67606
-0.67606
-0.62026
-0.67505
-0.6682
-0.6682
-0.63501
-0.68033
0
0
0
0
0
0
0
0
0
-6.3567
-0.92745
-0.7791
-0.7791
-0.7902
-0.7791
-0.76392
-0.7791
-0.7791
-0.7791
-0.68218
14.5729
-0.74984
-0.75863
-0.75863
-0.69538
-0.77574
-0.75095
-0.75095
-0.73126
-0.76313
0
0
0
0
0
0
0
0
0
0
-0.90695
-0.76732
-0.76732
-0.76256
-0.76732
-0.7125
-0.76732
-0.76732
-0.76732
-0.65102
-0.74984
17.7829
-0.77124
-0.77124
-0.67214
-0.7352
-0.73347
-0.73347
0
0
0
0
0
0
0
0
0
0
-4.9794
0
-0.92282
-0.77527
-0.77527
-0.78543
-0.77527
-0.7582
-0.77527
-0.77527
-0.77527
-0.67606
-0.75863
-0.77124
13.7334
-0.73107
-0.68699
-0.76878
-0.74601
-0.74601
-0.73048
0
0
0
0
0
0
0
0
0
0
0
-0.92282
-0.77527
-0.77527
-0.78543
-0.77527
-0.7582
-0.77527
-0.77527
-0.77527
-0.67606
-0.75863
-0.77124
-0.73107
13.7334
-0.68699
-0.76878
-0.74601
-0.74601
-0.73048
0
0
0
0
0
0
0
0
0
0
0
-0.84931
-0.71338
-0.71338
-0.7224
-0.71338
-0.69755
-0.71338
-0.71338
-0.71338
-0.62026
-0.69538
-0.67214
-0.68699
-0.68699
11.9351
-0.67751
-0.67315
-0.67315
0
0
0
0
0
0
0
0
0
0
0
0
-0.93703
-0.79519
-0.79519
-0.78926
-0.79519
-0.73591
-0.79519
-0.79519
-0.79519
-0.67505
-0.77574
-0.7352
-0.76878
-0.76878
-0.67751
15.0575
0
0
0
0
0
0
0
0
-3.4231
0
0
0
0
0
-0.91703
-0.76823
-0.76823
-0.77842
-0.76823
-0.75244
-0.76823
-0.76823
-0.76823
-0.6682
-0.75095
-0.73347
-0.74601
-0.74601
-0.67315
0
11.3751
0
0
0
0
0
0
0
0
0
0
0
0
0
-0.91703
-0.76823
-0.76823
-0.77842
-0.76823
-0.75244
-0.76823
-0.76823
-0.76823
-0.6682
-0.75095
-0.73347
-0.74601
-0.74601
-0.67315
0
0
11.3751
0
0
0
0
0
0
0
0
0
0
0
0
-0.8792
-0.74919
-0.74919
-0.74195
-0.74919
-0.69012
-0.74919
-0.74919
-0.74919
-0.63501
-0.73126
0
-0.73048
-0.73048
0
0
0
0
10.7494
0
0
0
-1.1158
0
0
0
0
0
0
0
-0.93388
-0.78051
-0.78051
-0.79248
-0.78051
-0.76879
-0.78051
-0.78051
-0.78051
-0.68033
-0.76313
0
0
0
0
0
0
0
0
8.6217
0
0
0
0
0
0
0
0
0
0
-1.0282
-0.85512
-0.85512
-0.87686
-0.85512
0
-0.85512
-0.85512
-0.85512
0
0
0
0
0
0
0
0
0
0
0
7.0358
0
0
0
0
0
0
0
0
0
-0.91491
-0.7612
-0.7612
0
-0.7612
0
-0.7612
-0.7612
-0.7612
0
0
0
0
0
0
0
0
0
0
0
0
5.4821
0
0
0
0
0
0
0
0
0
0
0
0
0
0
0
0
0
0
0
0
0
0
0
0
0
0
-1.1158
0
0
0
1.1158
0
0
0
0
0
0
0
-7.629
0
0
0
0
0
0
0
0
0
0
0
0
0
0
0
0
0
0
0
0
0
0
7.629
0
0
0
0
0
0
0
0
0
0
0
0
0
0
0
0
0
0
0
0
0
-3.4231
0
0
0
0
0
0
0
0
3.4231
0
0
0
0
0
0
0
0
0
0
-9.2672
0
0
0
0
0
0
0
0
0
0
0
0
0
0
0
0
0
0
0
9.2672
0
0
0
0
0
0
0
0
0
-9.2672
0
0
0
0
0
0
0
0
0
0
0
0
0
0
0
0
0
0
0
0
9.2672
0
0
0
0
0
0
-7.0384
0
0
0
0
0
0
0
0
0
0
0
0
0
0
0
0
0
0
0
0
0
0
0
7.0384
0
0
0
0
0
0
0
0
0
0
0
0
0
-4.9794
0
0
0
0
0
0
0
0
0
0
0
0
0
0
0
0
4.9794
0
0
0
0
0
0
0
0
0
0
-6.3567
0
0
0
0
0
0
0
0
0
0
0
0
0
0
0
0
0
0
0
6.3567
