29.0694
-1.0401
-0.91789
-0.93967
-0.91789
-0.91789
-0.91789
-0.85364
-0.92009
-1.0485
-0.90448
-0.90448
-0.90448
-0.90448
-0.90448
-0.90448
-0.89318
-0.89318
-0.9527
-0.92117
-0.85745
-0.96874
0
0
0
0
-9.6826
0
0
0
-1.0401
29.0694
-0.91789
-0.93967
-0.91789
-0.91789
-0.91789
-0.85364
-0.92009
-1.0485
-0.90448
-0.90448
-0.90448
-0.90448
-0.90448
-0.90448
-0.89318
-0.89318
-0.9527
-0.92117
-0.85745
-0.96874
0
0
0
0
0
-9.6826
0
0
-0.91789
-0.91789
17.0977
-0.84027
-0.79381
-0.79381
-0.79381
-0.74845
-0.80544
-0.91769
-0.78926
-0.78926
-0.78926
-0.78926
-0.78926
-0.78926
-0.77972
-0.77972
-0.85431
-0.82583
-0.75483
-0.83867
0
0
0
0
0
0
0
0
-0.93967
-0.93967
-0.84027
25.8486
-0.84027
-0.84027
-0.84027
-0.7612
-0.81898
-0.92228
-0.80441
-0.80441
-0.80441
-0.80441
-0.80441
-0.80441
-0.79466
-0.79466
-0.84051
-0.81525
-0.76244
0
0
0
0
0
0
0
-9.2718
0
-0.91789
-0.91789
-0.79381
-0.84027
17.0977
-0.79381
-0.79381
-0.74845
-0.80544
-0.91769
-0.78926
-0.78926
-0.78926
-0.78926
-0.78926
-0.78926
-0.77972
-0.77972
-0.85431
-0.82583
-0.75483
-0.83867
0
0
0
0
0
0
0
0
-0.91789
-0.91789
-0.79381
-0.84027
-0.79381
17.0977
-0.79381
-0.74845
-0.80544
-0.91769
-0.78926
-0.78926
-0.78926
-0.78926
-0.78926
-0.78926
-0.77972
-0.77972
-0.85431
-0.82583
-0.75483
-0.83867
0
0
0
0
0
0
0
0
-0.91789
-0.91789
-0.79381
-0.84027
-0.79381
-0.79381
17.0977
-0.74845
-0.80544
-0.91769
-0.78926
-0.78926
-0.78926
-0.78926
-0.78926
-0.78926
-0.77972
-0.77972
-0.85431
-0.82583
-0.75483
-0.83867
0
0
0
0
0
0
0
0
-0.85364
-0.85364
-0.74845
-0.7612
-0.74845
-0.74845
-0.74845
15.1092
-0.74662
-0.83807
-0.72956
-0.72956
-0.72956
-0.72956
-0.72956
-0.72956
-0.72089
-0.72089
-0.78504
-0.76058
-0.69745
0
0
0
0
0
0
0
0
0
-0.92009
-0.92009
-0.80544
-0.81898
-0.80544
-0.80544
-0.80544
-0.74662
15.5221
-0.90635
-0.79126
-0.79126
-0.79126
-0.79126
-0.79126
-0.79126
-0.78169
-0.78169
-0.85218
-0.82516
0
0
0
0
0
0
0
0
0
0
-1.0485
-1.0485
-0.91769
-0.92228
-0.91769
-0.91769
-0.91769
-0.83807
-0.90635
23.8519
-0.93246
-0.93246
-0.93246
-0.93246
-0.93246
-0.93246
-0.92071
-0.92071
0
0
0
0
0
0
-7.9814
0
0
0
0
0
-0.90448
-0.90448
-0.78926
-0.80441
-0.78926
-0.78926
-0.78926
-0.72956
-0.79126
-0.93246
13.5475
-0.76316
-0.76316
-0.76316
-0.76316
-0.76316
-0.75401
-0.75401
0
0
0
0
0
0
0
0
0
0
0
0
-0.90448
-0.90448
-0.78926
-0.80441
-0.78926
-0.78926
-0.78926
-0.72956
-0.79126
-0.93246
-0.76316
13.5475
-0.76316
-0.76316
-0.76316
-0.76316
-0.75401
-0.75401
0
0
0
0
0
0
0
0
0
0
0
0
-0.90448
-0.90448
-0.78926
-0.80441
-0.78926
-0.78926
-0.78926
-0.72956
-0.79126
-0.93246
-0.76316
-0.76316
13.5475
-0.76316
-0.76316
-0.76316
-0.75401
-0.75401
0
0
0
0
0
0
0
0
0
0
0
0
-0.90448
-0.90448
-0.78926
-0.80441
-0.78926
-0.78926
-0.78926
-0.72956
-0.79126
-0.93246
-0.76316
-0.76316
-0.76316
13.5475
-0.76316
-0.76316
-0.75401
-0.75401
0
0
0
0
0
0
0
0
0
0
0
0
-0.90448
-0.90448
-0.78926
-0.80441
-0.78926
-0.78926
-0.78926
-0.72956
-0.79126
-0.93246
-0.76316
-0.76316
-0.76316
-0.76316
13.5475
-0.76316
-0.75401
-0.75401
0
0
0
0
0
0
0
0
0
0
0
0
-0.90448
-0.90448
-0.78926
-0.80441
-0.78926
-0.78926
-0.78926
-0.72956
-0.79126
-0.93246
-0.76316
-0.76316
-0.76316
-0.76316
-0.76316
13.5475
-0.75401
-0.75401
0
0
0
0
0
0
0
0
0
0
0
0
-0.89318
-0.89318
-0.77972
-0.79466
-0.77972
-0.77972
-0.77972
-0.72089
-0.78169
-0.92071
-0.75401
-0.75401
-0.75401
-0.75401
-0.75401
-0.75401
12.6473
0
0
0
0
0
0
0
0
0
0
0
0
0
-0.89318
-0.89318
-0.77972
-0.79466
-0.77972
-0.77972
-0.77972
-0.72089
-0.78169
-0.92071
-0.75401
-0.75401
-0.75401
-0.75401
-0.75401
-0.75401
0
12.6473
0
0
0
0
0
0
0
0
0
0
0
0
-0.9527
-0.9527
-0.85431
-0.84051
-0.85431
-0.85431
-0.85431
-0.78504
-0.85218
0
0
0
0
0
0
0
0
0
10.472
0
0
0
-0.28313
0
0
0
0
0
0
-2.3885
-0.92117
-0.92117
-0.82583
-0.81525
-0.82583
-0.82583
-0.82583
-0.76058
-0.82516
0
0
0
0
0
0
0
0
0
0
9.052
0
0
0
-1.5054
0
0
0
0
0
0
-0.85745
-0.85745
-0.75483
-0.76244
-0.75483
-0.75483
-0.75483
-0.69745
0
0
0
0
0
0
0
0
0
0
0
0
6.4663
0
-0.27216
0
0
0
0
0
0
0
-0.96874
-0.96874
-0.83867
0
-0.83867
-0.83867
-0.83867
0
0
0
0
0
0
0
0
0
0
0
0
0
0
5.2922
0
0
0
0
0
0
0
0
0
0
0
0
0
0
0
0
0
0
0
0
0
0
0
0
0
0
-0.28313
0
-0.27216
0
0.65979
0
0
-0.1045
0
0
0
0
0
0
0
0
0
0
0
0
0
0
0
0
0
0
0
0
0
0
0
-1.5054
0
0
0
1.5054
0
0
0
0
0
0
0
0
0
0
0
0
0
0
0
-7.9814
0
0
0
0
0
0
0
0
0
0
0
0
0
0
7.9814
0
0
0
0
0
0
0
0
0
0
0
0
0
0
0
0
0
0
0
0
0
0
0
0
0
0
0
-0.1045
0
0
0.1045
0
0
0
0
-9.6826
0
0
0
0
0
0
0
0
0
0
0
0
0
0
0
0
0
0
0
0
0
0
0
0
0
9.6826
0
0
0
0
-9.6826
0
0
0
0
0
0
0
0
0
0
0
0
0
0
0
0
0
0
0
0
0
0
0
0
0
9.6826
0
0
0
0
0
-9.2718
0
0
0
0
0
0
0
0
0
0
0
0
0
0
0
0
0
0
0
0
0
0
0
0
9.2718
0
0
0
0
0
0
0
0
0
0
0
0
0
0
0
0
0
0
0
-2.3885
0
0
0
0
0
0
0
0
0
0
2.3885
