21.7184
-0.67026
-0.67026
-0.6485
-0.6559
-0.6559
-0.66075
-0.64982
-0.65244
-0.63864
-0.63125
-0.6325
-0.6325
-0.64609
-0.66103
-0.64601
-0.69555
-0.50032
0
0
0
-0.30051
0
0
0
0
0
0
0
-10.4701
-0.67026
20.6126
-0.6605
-0.63299
-0.6395
-0.6395
-0.64838
-0.61808
-0.64237
-0.62226
-0.61456
-0.61581
-0.61581
-0.63617
-0.64218
-0.63456
-0.67591
-0.49611
0
0
0
0
0
-9.9077
0
0
0
0
0
0
-0.67026
-0.6605
20.6126
-0.63299
-0.6395
-0.6395
-0.64838
-0.61808
-0.64237
-0.62226
-0.61456
-0.61581
-0.61581
-0.63617
-0.64218
-0.63456
-0.67591
-0.49611
0
0
0
0
0
0
0
0
0
-9.9077
0
0
-0.6485
-0.63299
-0.63299
10.3786
-0.61849
-0.61849
-0.62413
-0.60145
-0.62113
-0.60134
-0.5939
-0.59507
-0.59507
-0.61547
-0.61996
-0.61695
-0.65104
-0.49163
0
0
0
0
0
0
0
0
0
0
0
0
-0.6559
-0.6395
-0.6395
-0.61849
9.9962
-0.61787
-0.63444
-0.61004
-0.63302
-0.60791
-0.60025
-0.60153
-0.60153
-0.62641
-0.62689
-0.62468
-0.65821
0
0
0
0
0
0
0
0
0
0
0
0
0
-0.6559
-0.6395
-0.6395
-0.61849
-0.61787
9.9962
-0.63444
-0.61004
-0.63302
-0.60791
-0.60025
-0.60153
-0.60153
-0.62641
-0.62689
-0.62468
-0.65821
0
0
0
0
0
0
0
0
0
0
0
0
0
-0.66075
-0.64838
-0.64838
-0.62413
-0.63444
-0.63444
17.2772
-0.60811
-0.62963
-0.61158
-0.60277
-0.60388
-0.60388
-0.62752
-0.62922
0
0
0
0
0
0
0
0
0
0
0
0
0
-8.51
0
-0.64982
-0.61808
-0.61808
-0.60145
-0.61004
-0.61004
-0.60811
8.7394
-0.59952
-0.5893
-0.58147
-0.58248
-0.58248
-0.598
-0.60724
0
0
0
0
-0.28331
0
0
0
0
0
0
0
0
0
0
-0.65244
-0.64237
-0.64237
-0.62113
-0.63302
-0.63302
-0.62963
-0.59952
15.5747
-0.60968
-0.59649
-0.58789
-0.58789
0
0
0
0
0
-0.20069
0
0
0
0
0
0
-7.9386
0
0
0
0
-0.63864
-0.62226
-0.62226
-0.60134
-0.60791
-0.60791
-0.61158
-0.5893
-0.60968
8.46
-0.57881
-0.58042
-0.58042
-0.60461
-0.60486
0
0
0
0
0
0
0
0
0
0
0
0
0
0
0
-0.63125
-0.61456
-0.61456
-0.5939
-0.60025
-0.60025
-0.60277
-0.58147
-0.59649
-0.57881
7.7556
-0.56769
-0.56769
0
-0.60586
0
0
0
0
0
0
0
0
0
0
0
0
0
0
0
-0.6325
-0.61581
-0.61581
-0.59507
-0.60153
-0.60153
-0.60388
-0.58248
-0.58789
-0.58042
-0.56769
7.1314
-0.54678
0
0
0
0
0
0
0
0
0
0
0
0
0
0
0
0
0
-0.6325
-0.61581
-0.61581
-0.59507
-0.60153
-0.60153
-0.60388
-0.58248
-0.58789
-0.58042
-0.56769
-0.54678
7.1314
0
0
0
0
0
0
0
0
0
0
0
0
0
0
0
0
0
-0.64609
-0.63617
-0.63617
-0.61547
-0.62641
-0.62641
-0.62752
-0.598
0
-0.60461
0
0
0
10.4617
0
0
0
0
0
0
0
0
0
0
-4.8448
0
0
0
0
0
-0.66103
-0.64218
-0.64218
-0.61996
-0.62689
-0.62689
-0.62922
-0.60724
0
-0.60486
-0.60586
0
0
0
6.2663
0
0
0
0
0
0
0
0
0
0
0
0
0
0
0
-0.64601
-0.63456
-0.63456
-0.61695
-0.62468
-0.62468
0
0
0
0
0
0
0
0
0
4.0363
0
0
-0.25481
0
0
0
0
0
0
0
0
0
0
0
-0.69555
-0.67591
-0.67591
-0.65104
-0.65821
-0.65821
0
0
0
0
0
0
0
0
0
0
4.0148
0
0
0
0
0
0
0
0
0
0
0
0
0
-0.50032
-0.49611
-0.49611
-0.49163
0
0
0
0
0
0
0
0
0
0
0
0
0
2.1157
0
0
0
0
0
0
0
0
-0.13154
0
0
0
0
0
0
0
0
0
0
0
-0.20069
0
0
0
0
0
0
-0.25481
0
0
0.56
0
0
0
-0.1045
0
0
0
0
0
0
0
0
0
0
0
0
0
0
-0.28331
0
0
0
0
0
0
0
0
0
0
0
2.5073
-2.224
0
0
0
0
0
0
0
0
0
0
0
0
0
0
0
0
0
0
0
0
0
0
0
0
0
0
0
0
-2.224
4.3811
-2.1572
0
0
0
0
0
0
0
0
-0.30051
0
0
0
0
0
0
0
0
0
0
0
0
0
0
0
0
0
0
0
-2.1572
2.4577
0
0
0
0
0
0
0
0
0
0
0
0
0
0
0
0
0
0
0
0
0
0
0
0
0
0
-0.1045
0
0
0
0.1045
0
0
0
0
0
0
0
0
-9.9077
0
0
0
0
0
0
0
0
0
0
0
0
0
0
0
0
0
0
0
0
0
9.9077
0
0
0
0
0
0
0
0
0
0
0
0
0
0
0
0
0
0
0
-4.8448
0
0
0
0
0
0
0
0
0
0
4.8448
0
0
0
0
0
0
0
0
0
0
0
0
0
-7.9386
0
0
0
0
0
0
0
0
0
0
0
0
0
0
0
0
7.9386
0
0
0
0
0
0
0
0
0
0
0
0
0
0
0
0
0
0
0
0
0
-0.13154
0
0
0
0
0
0
0
0
0.13154
0
0
0
0
0
-9.9077
0
0
0
0
0
0
0
0
0
0
0
0
0
0
0
0
0
0
0
0
0
0
0
0
9.9077
0
0
0
0
0
0
0
0
-8.51
0
0
0
0
0
0
0
0
0
0
0
0
0
0
0
0
0
0
0
0
0
8.51
0
-10.4701
0
0
0
0
0
0
0
0
0
0
0
0
0
0
0
0
0
0
0
0
0
0
0
0
0
0
0
0
10.4701
