22.91
-0.63885
-0.63826
-0.64152
-0.63523
-0.6435
-0.64282
-0.63915
-0.63483
-0.64376
-0.6309
-0.6451
0
0
0
-0.55872
0
0
0
-1.68
-1.68
0
0
0
0
-5.9787
0
0
-5.9787
0
-0.63885
12.0253
-0.64064
-0.64682
-0.63754
-0.64877
-0.64878
-0.64142
-0.63641
-0.65141
-0.64019
-0.64747
0
0
-1.7213
0
0
0
0
-1.6128
-1.6128
0
0
0
0
0
0
0
0
0
-0.63826
-0.64064
9.4034
-0.64009
-0.63229
-0.64033
-0.64151
-0.63692
-0.6315
-0.64847
-0.63464
-0.64082
-0.59135
0
0
0
0
0
-1.7865
0
0
0
0
0
0
0
0
0
0
0
-0.64152
-0.64682
-0.64009
11.1611
-0.62809
-0.6432
-0.64363
-0.63654
-0.63165
-0.64294
-0.63489
-0.64123
0
0
0
0
0
0
0
0
0
0
0
0
-4.1305
0
0
0
0
0
-0.63523
-0.63754
-0.63229
-0.62809
7.7484
-0.63042
-0.63357
-0.62851
-0.6238
-0.63587
-0.62803
-0.63497
0
0
0
0
-0.80013
0
0
0
0
0
0
0
0
0
0
0
0
0
-0.6435
-0.64877
-0.64033
-0.6432
-0.63042
10.0428
-0.64536
-0.63834
-0.63122
0
0
0
0
-0.56099
0
0
-0.81127
0
0
0
0
-3.5494
0
0
0
0
0
0
0
0
-0.64282
-0.64878
-0.64151
-0.64363
-0.63357
-0.64536
7.7548
-0.64988
-0.62742
0
0
0
0
0
0
0
0
0
0
0
0
0
0
0
0
0
0
0
0
-2.6218
-0.63915
-0.64142
-0.63692
-0.63654
-0.62851
-0.63834
-0.64988
5.7419
-0.62806
-0.64305
0
0
0
0
0
0
0
0
0
0
0
0
0
0
0
0
0
0
0
0
-0.63483
-0.63641
-0.6315
-0.63165
-0.6238
-0.63122
-0.62742
-0.62806
5.0449
0
0
0
0
0
0
0
0
0
0
0
0
0
0
0
0
0
0
0
0
0
-0.64376
-0.65141
-0.64847
-0.64294
-0.63587
0
0
-0.64305
0
4.4641
0
0
-0.59864
0
0
0
0
0
0
0
0
0
0
0
0
0
0
0
0
0
-0.6309
-0.64019
-0.63464
-0.63489
-0.62803
0
0
0
0
0
3.8186
0
0
0
0
0
0
0
0
0
0
0
0
-0.64996
0
0
0
0
0
0
-0.6451
-0.64747
-0.64082
-0.64123
-0.63497
0
0
0
0
0
0
3.783
0
-0.57339
0
0
0
0
0
0
0
0
0
0
0
0
0
0
0
0
0
0
-0.59135
0
0
0
0
0
0
-0.59864
0
0
5.1985
0
0
0
0
-2.2164
0
0
0
0
0
0
0
0
-1.7921
0
0
0
0
0
0
0
0
-0.56099
0
0
0
0
0
-0.57339
0
1.6866
0
0
0
0
0
0
0
0
0
0
0
0
0
-0.55225
0
0
0
-1.7213
0
0
0
0
0
0
0
0
0
0
0
0
3.0602
0
0
-0.6708
-0.66813
0
0
0
0
0
0
0
0
0
0
0
-0.55872
0
0
0
0
0
0
0
0
0
0
0
0
0
0
1.9614
-0.72586
0
0
0
0
0
-0.67684
0
0
0
0
0
0
0
0
0
0
0
-0.80013
-0.81127
0
0
0
0
0
0
0
0
0
-0.72586
2.3373
0
0
0
0
0
0
0
0
0
0
0
0
0
0
0
0
0
0
0
0
0
0
0
0
0
-2.2164
0
-0.6708
0
0
2.8872
0
0
0
0
0
0
0
0
0
0
0
0
0
0
-1.7865
0
0
0
0
0
0
0
0
0
0
0
-0.66813
0
0
0
2.4546
0
0
0
0
0
0
0
0
0
0
0
-1.68
-1.6128
0
0
0
0
0
0
0
0
0
0
0
0
0
0
0
0
0
3.2928
0
0
0
0
0
0
0
0
0
0
-1.68
-1.6128
0
0
0
0
0
0
0
0
0
0
0
0
0
0
0
0
0
0
3.2928
0
0
0
0
0
0
0
0
0
0
0
0
0
0
-3.5494
0
0
0
0
0
0
0
0
0
0
0
0
0
0
0
3.5494
0
0
0
0
0
0
0
0
0
0
0
0
0
0
0
0
0
0
0
0
0
0
0
-0.67684
0
0
0
0
0
0
0.67684
0
0
0
0
0
0
0
0
0
0
0
0
0
0
0
0
0
-0.64996
0
0
0
0
0
0
0
0
0
0
0
0
0.64996
0
0
0
0
0
0
0
0
0
-4.1305
0
0
0
0
0
0
0
0
0
0
0
0
0
0
0
0
0
0
0
0
4.1305
0
0
0
0
0
-5.9787
0
0
0
0
0
0
0
0
0
0
0
0
0
0
0
0
0
0
0
0
0
0
0
0
5.9787
0
0
0
0
0
0
0
0
0
0
0
0
0
0
0
0
-1.7921
0
0
0
0
0
0
0
0
0
0
0
0
0
1.7921
0
0
0
0
0
0
0
0
0
0
0
0
0
0
0
0
-0.55225
0
0
0
0
0
0
0
0
0
0
0
0
0
0.55225
0
0
-5.9787
0
0
0
0
0
0
0
0
0
0
0
0
0
0
0
0
0
0
0
0
0
0
0
0
0
0
0
5.9787
0
0
0
0
0
0
0
-2.6218
0
0
0
0
0
0
0
0
0
0
0
0
0
0
0
0
0
0
0
0
0
0
2.6218
