16.8431
-0.60571
-0.60095
-0.56866
-0.58692
-0.58799
-0.5496
-0.576
-0.576
-0.55356
-0.53543
-0.53543
-0.53543
-0.55356
-0.52012
-0.56017
-0.4464
-0.78313
0
-7.168
0
0
0
0
0
0
0
0
0
0
-0.60571
16.8431
-0.60095
-0.56866
-0.58692
-0.58799
-0.5496
-0.576
-0.576
-0.55356
-0.53543
-0.53543
-0.53543
-0.55356
-0.52012
-0.56017
-0.4464
-0.78313
0
0
0
0
0
0
0
0
0
-7.168
0
0
-0.60095
-0.60095
15.5533
-0.56699
-0.58277
-0.58174
-0.5429
-0.57042
-0.57042
-0.54764
-0.53026
-0.53026
-0.53026
-0.54764
-0.51496
-0.55364
-0.44262
0
-6.7388
0
0
0
0
0
0
0
0
0
0
0
-0.56866
-0.56866
-0.56699
25.5351
-0.56281
-0.55555
-0.51351
-0.54746
-0.54746
-0.52448
-0.51193
-0.51193
-0.51193
-0.52448
-0.49785
-0.52984
0
0
0
0
0
0
0
-8.7458
0
0
0
0
0
-8.7458
-0.58692
-0.58692
-0.58277
-0.56281
9.4203
-0.57172
-0.5402
-0.56084
-0.56084
-0.5389
-0.522
-0.522
-0.522
-0.5389
-0.50726
-0.54445
-0.43838
-0.73336
0
0
0
0
0
0
0
0
0
0
0
0
-0.58799
-0.58799
-0.58174
-0.55555
-0.57172
13.9531
-0.54245
-0.55877
-0.55877
-0.53906
-0.51829
-0.51829
-0.51829
-0.53906
-0.50417
-0.54538
0
0
0
0
0
0
0
0
0
-5.7256
0
0
0
0
-0.5496
-0.5496
-0.5429
-0.51351
-0.5402
-0.54245
23.4722
-0.53377
-0.53377
-0.50638
-0.49878
-0.49878
-0.49878
-0.50638
-0.4757
0
0
0
0
0
0
-8.0908
0
0
0
0
-8.0908
0
0
0
-0.576
-0.576
-0.57042
-0.54746
-0.56084
-0.55877
-0.53377
8.5165
-0.54474
-0.52792
-0.51046
-0.51046
-0.51046
-0.52792
-0.49695
-0.53355
-0.43075
0
0
0
0
0
0
0
0
0
0
0
0
0
-0.576
-0.576
-0.57042
-0.54746
-0.56084
-0.55877
-0.53377
-0.54474
8.5165
-0.52792
-0.51046
-0.51046
-0.51046
-0.52792
-0.49695
-0.53355
-0.43075
0
0
0
0
0
0
0
0
0
0
0
0
0
-0.55356
-0.55356
-0.54764
-0.52448
-0.5389
-0.53906
-0.50638
-0.52792
-0.52792
11.8438
-0.49294
-0.49294
-0.49294
-0.49229
-0.46401
0
0
0
0
0
-4.5893
0
0
0
0
0
0
0
0
0
-0.53543
-0.53543
-0.53026
-0.51193
-0.522
-0.51829
-0.49878
-0.51046
-0.51046
-0.49294
7.5533
-0.46712
-0.46712
-0.49294
-0.46339
-0.4967
0
0
0
0
0
0
0
0
0
0
0
0
0
0
-0.53543
-0.53543
-0.53026
-0.51193
-0.522
-0.51829
-0.49878
-0.51046
-0.51046
-0.49294
-0.46712
7.5533
-0.46712
-0.49294
-0.46339
-0.4967
0
0
0
0
0
0
0
0
0
0
0
0
0
0
-0.53543
-0.53543
-0.53026
-0.51193
-0.522
-0.51829
-0.49878
-0.51046
-0.51046
-0.49294
-0.46712
-0.46712
7.5533
-0.49294
-0.46339
-0.4967
0
0
0
0
0
0
0
0
0
0
0
0
0
0
-0.55356
-0.55356
-0.54764
-0.52448
-0.5389
-0.53906
-0.50638
-0.52792
-0.52792
-0.49229
-0.49294
-0.49294
-0.49294
11.8438
-0.46401
0
0
0
0
0
0
0
-4.5893
0
0
0
0
0
0
0
-0.52012
-0.52012
-0.51496
-0.49785
-0.50726
-0.50417
-0.4757
-0.49695
-0.49695
-0.46401
-0.46339
-0.46339
-0.46339
-0.46401
6.8523
0
0
0
0
0
0
0
0
0
0
0
0
0
0
0
-0.56017
-0.56017
-0.55364
-0.52984
-0.54445
-0.54538
0
-0.53355
-0.53355
0
-0.4967
-0.4967
-0.4967
0
0
6.601
0
0
0
0
0
0
0
0
0
0
0
0
-0.75018
0
-0.4464
-0.4464
-0.44262
0
-0.43838
0
0
-0.43075
-0.43075
0
0
0
0
0
0
0
2.7398
0
0
0
0
0
0
0
-0.1045
0
0
0
0
0
-0.78313
-0.78313
0
0
-0.73336
0
0
0
0
0
0
0
0
0
0
0
0
2.2996
0
0
0
0
0
0
0
0
0
0
0
0
0
0
-6.7388
0
0
0
0
0
0
0
0
0
0
0
0
0
0
0
6.7388
0
0
0
0
0
0
0
0
0
0
0
-7.168
0
0
0
0
0
0
0
0
0
0
0
0
0
0
0
0
0
0
7.168
0
0
0
0
0
0
0
0
0
0
0
0
0
0
0
0
0
0
0
-4.5893
0
0
0
0
0
0
0
0
0
0
4.5893
0
0
0
0
0
0
0
0
0
0
0
0
0
0
0
-8.0908
0
0
0
0
0
0
0
0
0
0
0
0
0
0
8.0908
0
0
0
0
0
0
0
0
0
0
0
0
0
0
0
0
0
0
0
0
0
-4.5893
0
0
0
0
0
0
0
0
4.5893
0
0
0
0
0
0
0
0
0
0
-8.7458
0
0
0
0
0
0
0
0
0
0
0
0
0
0
0
0
0
0
0
8.7458
0
0
0
0
0
0
0
0
0
0
0
0
0
0
0
0
0
0
0
0
0
0
-0.1045
0
0
0
0
0
0
0
0.1045
0
0
0
0
0
0
0
0
0
0
-5.7256
0
0
0
0
0
0
0
0
0
0
0
0
0
0
0
0
0
0
0
5.7256
0
0
0
0
0
0
0
0
0
0
-8.0908
0
0
0
0
0
0
0
0
0
0
0
0
0
0
0
0
0
0
0
8.0908
0
0
0
0
-7.168
0
0
0
0
0
0
0
0
0
0
0
0
0
0
0
0
0
0
0
0
0
0
0
0
0
7.168
0
0
0
0
0
0
0
0
0
0
0
0
0
0
0
0
0
-0.75018
0
0
0
0
0
0
0
0
0
0
0
0
0.75018
0
0
0
0
-8.7458
0
0
0
0
0
0
0
0
0
0
0
0
0
0
0
0
0
0
0
0
0
0
0
0
0
8.7458
