30.0405
-0.76981
-0.75788
-0.70765
-0.69271
-0.69019
-0.68967
-0.56572
-0.56572
-0.51488
-0.56572
-0.56572
-0.56572
-0.56572
-0.61272
-0.51616
0
0
0
0
0
0
0
0
-10.3473
-10.3473
0
0
0
0
-0.76981
20.2065
-0.79999
-0.73102
-0.7111
-0.73032
-0.71412
-0.58113
-0.58113
-0.54503
-0.58113
-0.58113
-0.58113
-0.58113
-0.64808
-0.52922
0
0
0
-3.1933
0
0
0
0
0
0
0
0
-7.3477
0
-0.75788
-0.79999
17.2604
-0.71808
-0.70663
-0.72004
-0.70199
-0.57653
-0.57653
-0.53685
-0.57653
-0.57653
-0.57653
-0.57653
-0.64121
-0.52528
0
0
-0.17662
0
0
0
0
0
0
0
-7.5166
0
0
0
-0.70765
-0.73102
-0.71808
11.9142
-0.6358
-0.65298
-0.6368
-0.52038
-0.52038
-0.49925
-0.52038
-0.52038
-0.52038
-0.52038
-0.59722
-0.47578
0
0
0
0
-3.1373
0
0
0
0
0
0
0
0
0
-0.69271
-0.7111
-0.70663
-0.6358
10.0109
-0.64586
-0.62735
-0.51357
-0.51357
-0.4923
-0.51357
-0.51357
-0.51357
-0.51357
-0.56606
-0.46463
0
-1.387
0
0
0
0
0
0
0
0
0
0
0
0
-0.69019
-0.73032
-0.72004
-0.65298
-0.64586
15.6176
-0.63978
-0.52771
-0.52771
-0.50141
-0.52771
-0.52771
-0.52771
-0.52771
-0.60026
-0.4829
0
0
0
0
0
-6.7876
0
0
0
0
0
0
0
0
-0.68967
-0.71412
-0.70199
-0.6368
-0.62735
-0.63978
8.885
-0.51307
-0.51307
-0.48892
-0.51307
-0.51307
-0.51307
-0.51307
-0.58487
-0.46953
-0.25352
0
0
0
0
0
0
0
0
0
0
0
0
0
-0.56572
-0.58113
-0.57653
-0.52038
-0.51357
-0.52771
-0.51307
7.0092
-0.39382
-0.39617
-0.39382
-0.39382
-0.39382
-0.39382
-0.47238
-0.37345
0
0
0
0
0
0
0
0
0
0
0
0
0
0
-0.56572
-0.58113
-0.57653
-0.52038
-0.51357
-0.52771
-0.51307
-0.39382
7.0092
-0.39617
-0.39382
-0.39382
-0.39382
-0.39382
-0.47238
-0.37345
0
0
0
0
0
0
0
0
0
0
0
0
0
0
-0.51488
-0.54503
-0.53685
-0.49925
-0.4923
-0.50141
-0.48892
-0.39617
-0.39617
11.7489
-0.39617
-0.39617
-0.39617
-0.39617
0
-0.24663
0
0
0
0
0
0
0
0
0
0
0
0
0
-5.5466
-0.56572
-0.58113
-0.57653
-0.52038
-0.51357
-0.52771
-0.51307
-0.39382
-0.39382
-0.39617
7.0092
-0.39382
-0.39382
-0.39382
-0.47238
-0.37345
0
0
0
0
0
0
0
0
0
0
0
0
0
0
-0.56572
-0.58113
-0.57653
-0.52038
-0.51357
-0.52771
-0.51307
-0.39382
-0.39382
-0.39617
-0.39382
7.0092
-0.39382
-0.39382
-0.47238
-0.37345
0
0
0
0
0
0
0
0
0
0
0
0
0
0
-0.56572
-0.58113
-0.57653
-0.52038
-0.51357
-0.52771
-0.51307
-0.39382
-0.39382
-0.39617
-0.39382
-0.39382
7.0092
-0.39382
-0.47238
-0.37345
0
0
0
0
0
0
0
0
0
0
0
0
0
0
-0.56572
-0.58113
-0.57653
-0.52038
-0.51357
-0.52771
-0.51307
-0.39382
-0.39382
-0.39617
-0.39382
-0.39382
-0.39382
7.0092
-0.47238
-0.37345
0
0
0
0
0
0
0
0
0
0
0
0
0
0
-0.61272
-0.64808
-0.64121
-0.59722
-0.56606
-0.60026
-0.58487
-0.47238
-0.47238
0
-0.47238
-0.47238
-0.47238
-0.47238
13.7981
0
0
-1.2546
0
0
0
0
0
0
0
0
0
-5.4588
0
0
-0.51616
-0.52922
-0.52528
-0.47578
-0.46463
-0.4829
-0.46953
-0.37345
-0.37345
-0.24663
-0.37345
-0.37345
-0.37345
-0.37345
0
5.9509
0
0
0
0
0
0
0
0
0
0
0
0
0
0
0
0
0
0
0
0
-0.25352
0
0
0
0
0
0
0
0
0
10.2205
0
0
-3.056
-3.2061
0
-3.7049
0
0
0
0
0
0
0
0
0
0
0
-1.387
0
0
0
0
0
0
0
0
0
-1.2546
0
0
2.975
-0.33339
0
0
0
0
0
0
0
0
0
0
0
0
0
-0.17662
0
0
0
0
0
0
0
0
0
0
0
0
0
0
-0.33339
1.0885
0
0
0
0
-0.57844
0
0
0
0
0
0
0
-3.1933
0
0
0
0
0
0
0
0
0
0
0
0
0
0
-3.056
0
0
6.2493
0
0
0
0
0
0
0
0
0
0
0
0
0
-3.1373
0
0
0
0
0
0
0
0
0
0
0
0
-3.2061
0
0
0
6.3434
0
0
0
0
0
0
0
0
0
0
0
0
0
0
-6.7876
0
0
0
0
0
0
0
0
0
0
0
0
0
0
0
6.7876
0
0
0
0
0
0
0
0
0
0
0
0
0
0
0
0
0
0
0
0
0
0
0
0
-3.7049
0
0
0
0
0
3.7049
0
0
0
0
0
0
0
0
0
0
0
0
0
0
0
0
0
0
0
0
0
0
0
0
0
-0.57844
0
0
0
0
0.57844
0
0
0
0
0
0
-10.3473
0
0
0
0
0
0
0
0
0
0
0
0
0
0
0
0
0
0
0
0
0
0
0
10.3473
0
0
0
0
0
-10.3473
0
0
0
0
0
0
0
0
0
0
0
0
0
0
0
0
0
0
0
0
0
0
0
0
10.3473
0
0
0
0
0
0
-7.5166
0
0
0
0
0
0
0
0
0
0
0
0
0
0
0
0
0
0
0
0
0
0
0
7.5166
0
0
0
0
0
0
0
0
0
0
0
0
0
0
0
0
0
-5.4588
0
0
0
0
0
0
0
0
0
0
0
0
5.4588
0
0
0
-7.3477
0
0
0
0
0
0
0
0
0
0
0
0
0
0
0
0
0
0
0
0
0
0
0
0
0
0
7.3477
0
0
0
0
0
0
0
0
0
0
-5.5466
0
0
0
0
0
0
0
0
0
0
0
0
0
0
0
0
0
0
0
5.5466
