30.421
-0.73483
-0.68924
-0.66375
-0.67496
-0.6731
-0.6731
-0.5822
-0.5822
-0.5822
-0.5822
-0.60271
-0.5979
-0.60766
-0.62588
-0.63671
-0.60909
0
0
0
0
-10.1516
0
0
0
0
0
0
-10.1516
0
-0.73483
18.5066
-0.73483
-0.67615
-0.67733
-0.6979
-0.6979
-0.59169
-0.59169
-0.59169
-0.59169
-0.62683
-0.60739
-0.61947
-0.63572
-0.65501
-0.6171
0
-0.88661
0
0
0
0
-7.2727
0
0
0
0
0
0
-0.68924
-0.73483
30.421
-0.66375
-0.67496
-0.6731
-0.6731
-0.5822
-0.5822
-0.5822
-0.5822
-0.60271
-0.5979
-0.60766
-0.62588
-0.63671
-0.60909
0
0
0
0
0
0
0
0
0
0
-10.1516
0
-10.1516
-0.66375
-0.67615
-0.66375
9.6465
-0.62628
-0.63768
-0.63768
-0.53475
-0.53475
-0.53475
-0.53475
-0.56493
-0.54887
-0.56267
-0.57186
-0.58452
-0.55603
-0.21337
0
0
0
0
0
0
0
0
0
0
0
0
-0.67496
-0.67733
-0.67496
-0.62628
10.312
-0.64364
-0.64364
-0.5388
-0.5388
-0.5388
-0.5388
-0.57266
-0.55332
-0.56585
-0.57866
-0.59728
-0.56154
0
-0.78669
0
0
0
0
0
0
0
0
0
0
0
-0.6731
-0.6979
-0.6731
-0.63768
-0.64364
16.4447
-0.65483
-0.54928
-0.54928
-0.54928
-0.54928
-0.58079
-0.56444
-0.57507
-0.59059
-0.60162
-0.57345
0
0
0
0
0
0
0
-6.7814
0
0
0
0
0
-0.6731
-0.6979
-0.6731
-0.63768
-0.64364
-0.65483
16.4447
-0.54928
-0.54928
-0.54928
-0.54928
-0.58079
-0.56444
-0.57507
-0.59059
-0.60162
-0.57345
0
0
0
-6.7814
0
0
0
0
0
0
0
0
0
-0.5822
-0.59169
-0.5822
-0.53475
-0.5388
-0.54928
-0.54928
8.2715
-0.45678
-0.45678
-0.45678
-0.4959
-0.48148
-0.49078
-0.50302
-0.51352
-0.48823
0
0
0
0
0
0
0
0
0
0
0
0
0
-0.5822
-0.59169
-0.5822
-0.53475
-0.5388
-0.54928
-0.54928
-0.45678
8.2715
-0.45678
-0.45678
-0.4959
-0.48148
-0.49078
-0.50302
-0.51352
-0.48823
0
0
0
0
0
0
0
0
0
0
0
0
0
-0.5822
-0.59169
-0.5822
-0.53475
-0.5388
-0.54928
-0.54928
-0.45678
-0.45678
8.2715
-0.45678
-0.4959
-0.48148
-0.49078
-0.50302
-0.51352
-0.48823
0
0
0
0
0
0
0
0
0
0
0
0
0
-0.5822
-0.59169
-0.5822
-0.53475
-0.5388
-0.54928
-0.54928
-0.45678
-0.45678
-0.45678
8.2715
-0.4959
-0.48148
-0.49078
-0.50302
-0.51352
-0.48823
0
0
0
0
0
0
0
0
0
0
0
0
0
-0.60271
-0.62683
-0.60271
-0.56493
-0.57266
-0.58079
-0.58079
-0.4959
-0.4959
-0.4959
-0.4959
12.9544
-0.4928
-0.49583
-0.51703
0
0
0
0
0
0
0
-5.3338
0
0
0
0
0
0
0
-0.5979
-0.60739
-0.5979
-0.54887
-0.55332
-0.56444
-0.56444
-0.48148
-0.48148
-0.48148
-0.48148
-0.4928
7.4467
-0.48601
-0.50772
0
0
0
0
0
0
0
0
0
0
0
0
0
0
0
-0.60766
-0.61947
-0.60766
-0.56267
-0.56585
-0.57507
-0.57507
-0.49078
-0.49078
-0.49078
-0.49078
-0.49583
-0.48601
7.2579
0
0
0
-0.19944
0
0
0
0
0
0
0
0
0
0
0
0
-0.62588
-0.63572
-0.62588
-0.57186
-0.57866
-0.59059
-0.59059
-0.50302
-0.50302
-0.50302
-0.50302
-0.51703
-0.50772
0
7.256
0
0
0
0
0
0
0
0
0
0
0
0
0
0
0
-0.63671
-0.65501
-0.63671
-0.58452
-0.59728
-0.60162
-0.60162
-0.51352
-0.51352
-0.51352
-0.51352
0
0
0
0
6.4995
0
0
0
-0.1319
0
0
0
0
0
0
0
0
0
0
-0.60909
-0.6171
-0.60909
-0.55603
-0.56154
-0.57345
-0.57345
-0.48823
-0.48823
-0.48823
-0.48823
0
0
0
0
0
6.0527
0
0
0
0
0
0
0
0
0
0
0
0
0
0
0
0
-0.21337
0
0
0
0
0
0
0
0
0
-0.19944
0
0
0
0.51731
0
0
0
0
0
0
0
-0.1045
0
0
0
0
0
-0.88661
0
0
-0.78669
0
0
0
0
0
0
0
0
0
0
0
0
0
2.3373
-0.66398
0
0
0
0
0
0
0
0
0
0
0
0
0
0
0
0
0
0
0
0
0
0
0
0
0
-0.1319
0
0
-0.66398
1.1558
0
0
0
0
0
0
-0.35992
0
0
0
0
0
0
0
0
0
-6.7814
0
0
0
0
0
0
0
0
0
0
0
0
0
6.7814
0
0
0
0
0
0
0
0
0
-10.1516
0
0
0
0
0
0
0
0
0
0
0
0
0
0
0
0
0
0
0
0
10.1516
0
0
0
0
0
0
0
0
0
0
0
0
0
0
0
0
0
0
0
-5.3338
0
0
0
0
0
0
0
0
0
0
5.3338
0
0
0
0
0
0
0
0
-7.2727
0
0
0
0
0
0
0
0
0
0
0
0
0
0
0
0
0
0
0
0
0
7.2727
0
0
0
0
0
0
0
0
0
0
0
-6.7814
0
0
0
0
0
0
0
0
0
0
0
0
0
0
0
0
0
0
6.7814
0
0
0
0
0
0
0
0
0
0
0
0
0
0
0
0
0
0
0
0
0
0
-0.1045
0
0
0
0
0
0
0
0.1045
0
0
0
0
0
0
0
0
0
0
0
0
0
0
0
0
0
0
0
0
0
0
0
-0.35992
0
0
0
0
0
0
0.35992
0
0
0
0
0
-10.1516
0
0
0
0
0
0
0
0
0
0
0
0
0
0
0
0
0
0
0
0
0
0
0
0
10.1516
0
0
-10.1516
0
0
0
0
0
0
0
0
0
0
0
0
0
0
0
0
0
0
0
0
0
0
0
0
0
0
0
10.1516
0
0
0
-10.1516
0
0
0
0
0
0
0
0
0
0
0
0
0
0
0
0
0
0
0
0
0
0
0
0
0
0
10.1516
