31.8094
-0.38896
-0.3941
-0.3793
-0.37118
-0.37707
-0.38258
-0.30624
-0.35541
-0.39953
-0.42305
-0.39413
-0.39413
-0.4031
-0.4031
-0.22235
-0.61942
0
0
0
-8.5319
0
0
0
0
-8.5319
0
-8.5319
0
0
-0.38896
12.6887
-0.40385
-0.4117
-0.40275
-0.39442
-0.40141
-0.34473
-0.39792
-0.42004
-0.43336
-0.40766
-0.40766
-0.4167
-0.4167
0
-0.58952
0
-2.5477
0
0
0
0
0
0
0
-3.9036
0
0
0
-0.3941
-0.40385
8.4742
-0.41004
-0.39518
-0.38575
-0.39297
-0.35067
-0.39594
-0.4106
-0.42408
-0.39585
-0.39585
-0.40377
-0.40377
0
-0.54956
0
-2.3622
0
0
0
0
0
0
0
0
0
0
0
-0.3793
-0.4117
-0.41004
10.3409
-0.39168
-0.38655
-0.39305
-0.33616
-0.38614
-0.41122
-0.42391
-0.39984
-0.39984
-0.4091
-0.4091
0
0
-1.496
0
0
0
0
0
0
-3.2973
0
0
0
0
0
-0.37118
-0.40275
-0.39518
-0.39168
8.4137
-0.37844
-0.38484
-0.32948
-0.37802
-0.40214
-0.41353
-0.39129
-0.39129
-0.39991
-0.39991
0
0
0
0
0
0
0
-2.9841
0
0
0
0
0
0
0
-0.37707
-0.39442
-0.38575
-0.38655
-0.37844
5.3665
-0.37939
-0.33691
-0.37822
-0.39591
-0.40769
-0.38268
-0.38268
-0.39038
-0.39038
0
0
0
0
0
0
0
0
0
0
0
0
0
0
0
-0.38258
-0.40141
-0.39297
-0.39305
-0.38484
-0.37939
4.6524
-0.3424
-0.38377
-0.40142
-0.4149
-0.38784
-0.38784
0
0
0
0
0
0
0
0
0
0
0
0
0
0
0
0
0
-0.30624
-0.34473
-0.35067
-0.33616
-0.32948
-0.33691
-0.3424
10.4416
0
-0.35951
0
0
0
0
0
0
0
0
0
-3.8678
0
0
0
0
0
0
0
0
0
-3.8678
-0.35541
-0.39792
-0.39594
-0.38614
-0.37802
-0.37822
-0.38377
0
2.7799
0
0
0
0
0
0
0
0
0
0
0
0
0
0
0
0
0
0
0
-0.1045
0
-0.39953
-0.42004
-0.4106
-0.41122
-0.40214
-0.39591
-0.40142
-0.35951
0
3.2004
0
0
0
0
0
0
0
0
0
0
0
0
0
0
0
0
0
0
0
0
-0.42305
-0.43336
-0.42408
-0.42391
-0.41353
-0.40769
-0.4149
0
0
0
3.2372
0
0
0
0
-0.29662
0
0
0
0
0
0
0
0
0
0
0
0
0
0
-0.39413
-0.40766
-0.39585
-0.39984
-0.39129
-0.38268
-0.38784
0
0
0
0
2.7593
0
0
0
0
0
0
0
0
0
0
0
0
0
0
0
0
0
0
-0.39413
-0.40766
-0.39585
-0.39984
-0.39129
-0.38268
-0.38784
0
0
0
0
0
2.7593
0
0
0
0
0
0
0
0
0
0
0
0
0
0
0
0
0
-0.4031
-0.4167
-0.40377
-0.4091
-0.39991
-0.39038
0
0
0
0
0
0
0
2.423
0
0
0
0
0
0
0
0
0
0
0
0
0
0
0
0
-0.4031
-0.4167
-0.40377
-0.4091
-0.39991
-0.39038
0
0
0
0
0
0
0
0
2.423
0
0
0
0
0
0
0
0
0
0
0
0
0
0
0
-0.22235
0
0
0
0
0
0
0
0
0
-0.29662
0
0
0
0
14.4823
0
-1.2273
0
0
0
-6.368
0
-6.368
0
0
0
0
0
0
-0.61942
-0.58952
-0.54956
0
0
0
0
0
0
0
0
0
0
0
0
0
1.7585
0
0
0
0
0
0
0
0
0
0
0
0
0
0
0
0
-1.496
0
0
0
0
0
0
0
0
0
0
0
-1.2273
0
2.7233
0
0
0
0
0
0
0
0
0
0
0
0
0
-2.5477
-2.3622
0
0
0
0
0
0
0
0
0
0
0
0
0
0
0
4.9099
0
0
0
0
0
0
0
0
0
0
0
0
0
0
0
0
0
0
-3.8678
0
0
0
0
0
0
0
0
0
0
0
3.8678
0
0
0
0
0
0
0
0
0
0
-8.5319
0
0
0
0
0
0
0
0
0
0
0
0
0
0
0
0
0
0
0
8.5319
0
0
0
0
0
0
0
0
0
0
0
0
0
0
0
0
0
0
0
0
0
0
0
0
-6.368
0
0
0
0
0
6.368
0
0
0
0
0
0
0
0
0
0
0
0
-2.9841
0
0
0
0
0
0
0
0
0
0
0
0
0
0
0
0
0
2.9841
0
0
0
0
0
0
0
0
0
0
0
0
0
0
0
0
0
0
0
0
0
0
-6.368
0
0
0
0
0
0
0
6.368
0
0
0
0
0
0
0
0
0
-3.2973
0
0
0
0
0
0
0
0
0
0
0
0
0
0
0
0
0
0
0
0
3.2973
0
0
0
0
0
-8.5319
0
0
0
0
0
0
0
0
0
0
0
0
0
0
0
0
0
0
0
0
0
0
0
0
8.5319
0
0
0
0
0
-3.9036
0
0
0
0
0
0
0
0
0
0
0
0
0
0
0
0
0
0
0
0
0
0
0
0
3.9036
0
0
0
-8.5319
0
0
0
0
0
0
0
0
0
0
0
0
0
0
0
0
0
0
0
0
0
0
0
0
0
0
8.5319
0
0
0
0
0
0
0
0
0
0
-0.1045
0
0
0
0
0
0
0
0
0
0
0
0
0
0
0
0
0
0
0
0.1045
0
0
0
0
0
0
0
0
-3.8678
0
0
0
0
0
0
0
0
0
0
0
0
0
0
0
0
0
0
0
0
0
3.8678
