17.8199
-0.86699
-0.84811
-0.84811
-0.79757
-0.79757
-0.81196
-0.87723
-0.86897
-0.85519
-0.86286
-0.86286
-0.76945
-0.8033
-0.81458
-0.87247
-0.83648
-0.91293
-0.84
-0.84
-0.73365
-0.65157
-0.4481
0
0
0
0
0
0
0
-0.86699
25.6379
-0.84477
-0.84477
-0.7844
-0.7844
-0.79516
-0.85642
-0.85583
-0.84203
-0.84049
-0.84049
-0.75734
-0.78678
-0.80243
-0.8611
-0.82584
-0.87298
-0.83143
-0.83143
-0.72723
0
0
0
0
-9.1856
0
0
0
0
-0.84811
-0.84477
16.8149
-0.81423
-0.76914
-0.76914
-0.7862
-0.84883
-0.83813
-0.82494
-0.83561
-0.83561
-0.74283
-0.77447
-0.78648
-0.8406
-0.80617
-0.88696
-0.80891
-0.80891
-0.7063
-0.63859
0
0
0
0
0
0
0
0
-0.84811
-0.84477
-0.81423
16.8149
-0.76914
-0.76914
-0.7862
-0.84883
-0.83813
-0.82494
-0.83561
-0.83561
-0.74283
-0.77447
-0.78648
-0.8406
-0.80617
-0.88696
-0.80891
-0.80891
-0.7063
-0.63859
0
0
0
0
0
0
0
0
-0.79757
-0.7844
-0.76914
-0.76914
15.1966
-0.72065
-0.73425
-0.79105
-0.7853
-0.77319
-0.7794
-0.7794
-0.69763
-0.72697
-0.73761
-0.78743
-0.75606
-0.82446
-0.75898
-0.75898
-0.66502
0
0
0
0
0
0
0
0
0
-0.79757
-0.7844
-0.76914
-0.76914
-0.72065
15.1966
-0.73425
-0.79105
-0.7853
-0.77319
-0.7794
-0.7794
-0.69763
-0.72697
-0.73761
-0.78743
-0.75606
-0.82446
-0.75898
-0.75898
-0.66502
0
0
0
0
0
0
0
0
0
-0.81196
-0.79516
-0.7862
-0.7862
-0.73425
-0.73425
22.2798
-0.79208
-0.79448
-0.78195
-0.77985
-0.77985
-0.70428
-0.73059
-0.74538
-0.79763
-0.76574
0
-0.77947
-0.77947
0
0
0
0
-8.401
0
0
0
0
0
-0.87723
-0.85642
-0.84883
-0.84883
-0.79105
-0.79105
-0.79208
21.0723
-0.8668
-0.85268
-0.85106
-0.85106
-0.76225
-0.79672
-0.81053
-0.87066
-0.8341
0
0
0
0
0
0
0
0
0
0
0
0
-7.7709
-0.86897
-0.85583
-0.83813
-0.83813
-0.7853
-0.7853
-0.79448
-0.8668
13.2292
-0.8451
-0.85816
-0.85816
-0.75288
-0.79613
-0.80272
-0.85977
-0.82332
0
0
0
0
0
0
0
0
0
0
0
0
0
-0.85519
-0.84203
-0.82494
-0.82494
-0.77319
-0.77319
-0.78195
-0.85268
-0.8451
12.214
-0.86039
-0.86039
-0.72611
-0.77044
-0.7795
-0.84396
0
0
0
0
0
0
0
0
0
0
0
0
0
0
-0.86286
-0.84049
-0.83561
-0.83561
-0.7794
-0.7794
-0.77985
-0.85106
-0.85816
-0.86039
18.2117
-0.85489
-0.72341
-0.76206
-0.77859
0
0
0
0
0
0
0
0
0
0
0
0
-6.8099
0
0
-0.86286
-0.84049
-0.83561
-0.83561
-0.7794
-0.7794
-0.77985
-0.85106
-0.85816
-0.86039
-0.85489
18.2117
-0.72341
-0.76206
-0.77859
0
0
0
0
0
0
0
0
0
0
0
0
0
-6.8099
0
-0.76945
-0.75734
-0.74283
-0.74283
-0.69763
-0.69763
-0.70428
-0.76225
-0.75288
-0.72611
-0.72341
-0.72341
10.1508
-0.66478
-0.686
0
0
0
0
0
0
0
0
0
0
0
0
0
0
0
-0.8033
-0.78678
-0.77447
-0.77447
-0.72697
-0.72697
-0.73059
-0.79672
-0.79613
-0.77044
-0.76206
-0.76206
-0.66478
10.2991
0
0
0
0
0
0
0
0
-0.42331
0
0
0
0
0
0
0
-0.81458
-0.80243
-0.78648
-0.78648
-0.73761
-0.73761
-0.74538
-0.81053
-0.80272
-0.7795
-0.77859
-0.77859
-0.686
0
10.0465
0
0
0
0
0
0
0
0
0
0
0
0
0
0
0
-0.87247
-0.8611
-0.8406
-0.8406
-0.78743
-0.78743
-0.79763
-0.87066
-0.85977
-0.84396
0
0
0
0
0
8.3616
0
0
0
0
0
0
0
0
0
0
0
0
0
0
-0.83648
-0.82584
-0.80617
-0.80617
-0.75606
-0.75606
-0.76574
-0.8341
-0.82332
0
0
0
0
0
0
0
7.2099
0
0
0
0
0
0
0
0
0
0
0
0
0
-0.91293
-0.87298
-0.88696
-0.88696
-0.82446
-0.82446
0
0
0
0
0
0
0
0
0
0
0
5.3133
0
0
0
0
0
-0.1045
0
0
0
0
0
0
-0.84
-0.83143
-0.80891
-0.80891
-0.75898
-0.75898
-0.77947
0
0
0
0
0
0
0
0
0
0
0
5.5867
0
0
0
0
0
0
0
0
0
0
0
-0.84
-0.83143
-0.80891
-0.80891
-0.75898
-0.75898
-0.77947
0
0
0
0
0
0
0
0
0
0
0
0
5.5867
0
0
0
0
0
0
0
0
0
0
-0.73365
-0.72723
-0.7063
-0.7063
-0.66502
-0.66502
0
0
0
0
0
0
0
0
0
0
0
0
0
0
4.2035
0
0
0
0
0
0
0
0
0
-0.65157
0
-0.63859
-0.63859
0
0
0
0
0
0
0
0
0
0
0
0
0
0
0
0
0
1.9287
0
0
0
0
0
0
0
0
-0.4481
0
0
0
0
0
0
0
0
0
0
0
0
-0.42331
0
0
0
0
0
0
0
0
1.2016
0
0
0
-0.33014
0
0
0
0
0
0
0
0
0
0
0
0
0
0
0
0
0
0
0
0
-0.1045
0
0
0
0
0
0.1045
0
0
0
0
0
0
0
0
0
0
0
0
-8.401
0
0
0
0
0
0
0
0
0
0
0
0
0
0
0
0
0
8.401
0
0
0
0
0
0
-9.1856
0
0
0
0
0
0
0
0
0
0
0
0
0
0
0
0
0
0
0
0
0
0
0
9.1856
0
0
0
0
0
0
0
0
0
0
0
0
0
0
0
0
0
0
0
0
0
0
0
0
0
0
-0.33014
0
0
0
0.33014
0
0
0
0
0
0
0
0
0
0
0
0
0
-6.8099
0
0
0
0
0
0
0
0
0
0
0
0
0
0
0
0
6.8099
0
0
0
0
0
0
0
0
0
0
0
0
0
-6.8099
0
0
0
0
0
0
0
0
0
0
0
0
0
0
0
0
6.8099
0
0
0
0
0
0
0
0
-7.7709
0
0
0
0
0
0
0
0
0
0
0
0
0
0
0
0
0
0
0
0
0
7.7709
