27.0692
-0.89368
-0.91796
-0.98249
-1.0133
-0.82666
-0.8409
-0.82666
-0.82666
-0.8409
-0.82666
-0.82666
-0.82666
-0.83726
-0.65227
-0.80984
-0.80776
-0.78812
-0.85323
0
0
0
-3.5523
-3.5125
-4.8067
0
0
0
0
0
-0.89368
22.003
-0.93981
-0.99129
-1.0219
-0.83824
-0.8529
-0.83824
-0.83824
-0.8529
-0.83824
-0.83824
-0.83824
-0.85662
-0.65919
-0.82465
-0.81576
-0.79582
-0.86165
0
0
-2.4839
0
0
0
-4.1235
0
0
0
0
-0.91796
-0.93981
19.5193
-1.0173
-1.0243
-0.83183
-0.85191
-0.83183
-0.83183
-0.85191
-0.83183
-0.83183
-0.83183
-0.84689
-0.65831
-0.82357
-0.82279
-0.79651
-0.85962
-0.67004
0
0
-3.4473
0
0
0
0
0
0
0
-0.98249
-0.99129
-1.0173
20.4099
-1.1283
-0.92224
-0.94227
-0.92224
-0.92224
-0.94227
-0.92224
-0.92224
-0.92224
-0.95262
-0.7169
-0.9194
-0.91481
-0.87509
-0.94678
0
0
0
0
0
0
0
0
0
-3.5469
0
-1.0133
-1.0219
-1.0243
-1.1283
20.4173
-0.92255
-0.94581
-0.92255
-0.92255
-0.94581
-0.92255
-0.92255
-0.92255
-0.94311
-0.71731
-0.9095
-0.90857
-0.87644
-0.94911
0
0
0
0
-3.4985
0
0
0
0
0
0
-0.82666
-0.83824
-0.83183
-0.92224
-0.92255
13.6197
-0.78418
-0.68729
-0.68729
-0.78418
-0.68729
-0.68729
-0.68729
-0.78308
-0.56738
-0.73083
-0.72901
-0.69931
-0.76373
0
0
0
0
0
0
0
0
0
0
0
-0.8409
-0.8529
-0.85191
-0.94227
-0.94581
-0.78418
13.8824
-0.78418
-0.78418
-0.68729
-0.78418
-0.78418
-0.78418
-0.78523
-0.5593
-0.7058
-0.70394
-0.68566
0
-0.61629
0
0
0
0
0
0
0
0
0
0
-0.82666
-0.83824
-0.83183
-0.92224
-0.92255
-0.68729
-0.78418
13.6197
-0.68729
-0.78418
-0.68729
-0.68729
-0.68729
-0.78308
-0.56738
-0.73083
-0.72901
-0.69931
-0.76373
0
0
0
0
0
0
0
0
0
0
0
-0.82666
-0.83824
-0.83183
-0.92224
-0.92255
-0.68729
-0.78418
-0.68729
13.6197
-0.78418
-0.68729
-0.68729
-0.68729
-0.78308
-0.56738
-0.73083
-0.72901
-0.69931
-0.76373
0
0
0
0
0
0
0
0
0
0
0
-0.8409
-0.8529
-0.85191
-0.94227
-0.94581
-0.78418
-0.68729
-0.78418
-0.78418
13.8824
-0.78418
-0.78418
-0.78418
-0.78523
-0.5593
-0.7058
-0.70394
-0.68566
0
-0.61629
0
0
0
0
0
0
0
0
0
0
-0.82666
-0.83824
-0.83183
-0.92224
-0.92255
-0.68729
-0.78418
-0.68729
-0.68729
-0.78418
13.6197
-0.68729
-0.68729
-0.78308
-0.56738
-0.73083
-0.72901
-0.69931
-0.76373
0
0
0
0
0
0
0
0
0
0
0
-0.82666
-0.83824
-0.83183
-0.92224
-0.92255
-0.68729
-0.78418
-0.68729
-0.68729
-0.78418
-0.68729
13.6197
-0.68729
-0.78308
-0.56738
-0.73083
-0.72901
-0.69931
-0.76373
0
0
0
0
0
0
0
0
0
0
0
-0.82666
-0.83824
-0.83183
-0.92224
-0.92255
-0.68729
-0.78418
-0.68729
-0.68729
-0.78418
-0.68729
-0.68729
13.6197
-0.78308
-0.56738
-0.73083
-0.72901
-0.69931
-0.76373
0
0
0
0
0
0
0
0
0
0
0
-0.83726
-0.85662
-0.84689
-0.95262
-0.94311
-0.78308
-0.78523
-0.78308
-0.78308
-0.78523
-0.78308
-0.78308
-0.78308
15.5124
-0.55531
-0.6617
-0.66406
-0.66169
0
0
-2.2642
0
0
0
0
0
0
0
0
0
-0.65227
-0.65919
-0.65831
-0.7169
-0.71731
-0.56738
-0.5593
-0.56738
-0.56738
-0.5593
-0.56738
-0.56738
-0.56738
-0.55531
10.0762
-0.53408
-0.5341
-0.52583
0
0
0
0
0
0
0
0
0
0
0
0
-0.80984
-0.82465
-0.82357
-0.9194
-0.9095
-0.73083
-0.7058
-0.73083
-0.73083
-0.7058
-0.73083
-0.73083
-0.73083
-0.6617
-0.53408
13.4839
0
0
0
0
-2.2047
0
0
0
0
0
0
0
0
0
-0.80776
-0.81576
-0.82279
-0.91481
-0.90857
-0.72901
-0.70394
-0.72901
-0.72901
-0.70394
-0.72901
-0.72901
-0.72901
-0.66406
-0.5341
0
13.5051
0
0
0
0
-2.2554
0
0
0
0
0
0
0
0
-0.78812
-0.79582
-0.79651
-0.87509
-0.87644
-0.69931
-0.68566
-0.69931
-0.69931
-0.68566
-0.69931
-0.69931
-0.69931
-0.66169
-0.52583
0
0
10.8867
0
0
0
0
0
0
0
0
0
0
0
0
-0.85323
-0.86165
-0.85962
-0.94678
-0.94911
-0.76373
0
-0.76373
-0.76373
0
-0.76373
-0.76373
-0.76373
0
0
0
0
0
9.0528
0
0
0
0
0
0
0
0
0
0
0
0
0
-0.67004
0
0
0
-0.61629
0
0
-0.61629
0
0
0
0
0
0
0
0
0
15.394
0
0
0
0
0
0
-4.4971
-4.4971
0
-4.4971
0
0
0
0
0
0
0
0
0
0
0
0
0
-2.2642
0
-2.2047
0
0
0
0
4.4689
0
0
0
0
0
0
0
0
0
0
-2.4839
0
0
0
0
0
0
0
0
0
0
0
0
0
0
-2.2554
0
0
0
0
4.7392
0
0
0
0
0
0
0
0
-3.5523
0
-3.4473
0
0
0
0
0
0
0
0
0
0
0
0
0
0
0
0
0
0
0
6.9996
0
0
0
0
0
0
0
-3.5125
0
0
0
-3.4985
0
0
0
0
0
0
0
0
0
0
0
0
0
0
0
0
0
0
7.0111
0
0
0
0
0
0
-4.8067
0
0
0
0
0
0
0
0
0
0
0
0
0
0
0
0
0
0
0
0
0
0
0
4.8067
0
0
0
0
0
0
-4.1235
0
0
0
0
0
0
0
0
0
0
0
0
0
0
0
0
0
0
0
0
0
0
0
4.1235
0
0
0
0
0
0
0
0
0
0
0
0
0
0
0
0
0
0
0
0
0
0
0
-4.4971
0
0
0
0
0
0
4.4971
0
0
0
0
0
0
0
0
0
0
0
0
0
0
0
0
0
0
0
0
0
0
-4.4971
0
0
0
0
0
0
0
4.4971
0
0
0
0
0
-3.5469
0
0
0
0
0
0
0
0
0
0
0
0
0
0
0
0
0
0
0
0
0
0
0
0
3.5469
0
0
0
0
0
0
0
0
0
0
0
0
0
0
0
0
0
0
0
0
-4.4971
0
0
0
0
0
0
0
0
0
4.4971
