23.5911
-0.9685
-0.98332
-0.98852
-0.78876
-0.78876
-0.78876
-0.78876
-0.78876
-0.79613
-0.78876
-0.79031
-0.79031
-0.83233
-0.81949
-0.84728
-0.83233
-0.81619
-0.78939
-0.34245
0
0
0
-8.262
0
0
0
0
0
0
-0.9685
15.8829
-1.0288
-1.0169
-0.80589
-0.80589
-0.80589
-0.80589
-0.80589
-0.83347
-0.80589
-0.80575
-0.80575
-0.84838
-0.84474
-0.85702
-0.84838
-0.88652
-0.80437
0
-0.49899
0
0
0
0
0
0
0
0
0
-0.98332
-1.0288
23.7484
-1.0428
-0.82447
-0.82447
-0.82447
-0.82447
-0.82447
-0.84408
-0.82447
-0.8278
-0.8278
-0.87318
-0.86448
-0.88686
-0.87318
-0.86403
-0.82757
0
0
0
0
0
0
0
-8.0577
0
0
0
-0.98852
-1.0169
-1.0428
18.6638
-0.81278
-0.81278
-0.81278
-0.81278
-0.81278
-0.84139
-0.81278
-0.81334
-0.81334
-0.85714
-0.85207
-0.87743
-0.85714
-0.90248
-0.81236
0
0
-3.1123
0
0
0
0
0
0
0
0
-0.78876
-0.80589
-0.82447
-0.81278
12.3601
-0.61661
-0.61661
-0.61661
-0.61661
-0.69163
-0.61661
-0.64348
-0.64348
-0.67668
-0.67257
-0.68447
-0.67668
-0.71396
-0.64225
0
0
0
0
0
0
0
0
0
0
0
-0.78876
-0.80589
-0.82447
-0.81278
-0.61661
12.3601
-0.61661
-0.61661
-0.61661
-0.69163
-0.61661
-0.64348
-0.64348
-0.67668
-0.67257
-0.68447
-0.67668
-0.71396
-0.64225
0
0
0
0
0
0
0
0
0
0
0
-0.78876
-0.80589
-0.82447
-0.81278
-0.61661
-0.61661
12.3601
-0.61661
-0.61661
-0.69163
-0.61661
-0.64348
-0.64348
-0.67668
-0.67257
-0.68447
-0.67668
-0.71396
-0.64225
0
0
0
0
0
0
0
0
0
0
0
-0.78876
-0.80589
-0.82447
-0.81278
-0.61661
-0.61661
-0.61661
12.3601
-0.61661
-0.69163
-0.61661
-0.64348
-0.64348
-0.67668
-0.67257
-0.68447
-0.67668
-0.71396
-0.64225
0
0
0
0
0
0
0
0
0
0
0
-0.78876
-0.80589
-0.82447
-0.81278
-0.61661
-0.61661
-0.61661
-0.61661
12.3601
-0.69163
-0.61661
-0.64348
-0.64348
-0.67668
-0.67257
-0.68447
-0.67668
-0.71396
-0.64225
0
0
0
0
0
0
0
0
0
0
0
-0.79613
-0.83347
-0.84408
-0.84139
-0.69163
-0.69163
-0.69163
-0.69163
-0.69163
19.3843
-0.69163
-0.62498
-0.62498
-0.64876
-0.6341
-0.65002
-0.64876
0
-0.61877
0
0
0
0
0
0
0
0
-7.4691
0
0
-0.78876
-0.80589
-0.82447
-0.81278
-0.61661
-0.61661
-0.61661
-0.61661
-0.61661
-0.69163
12.3601
-0.64348
-0.64348
-0.67668
-0.67257
-0.68447
-0.67668
-0.71396
-0.64225
0
0
0
0
0
0
0
0
0
0
0
-0.79031
-0.80575
-0.8278
-0.81334
-0.64348
-0.64348
-0.64348
-0.64348
-0.64348
-0.62498
-0.64348
11.0172
-0.61144
-0.66866
-0.66708
-0.67832
-0.66866
0
0
0
0
0
0
0
0
0
0
0
0
0
-0.79031
-0.80575
-0.8278
-0.81334
-0.64348
-0.64348
-0.64348
-0.64348
-0.64348
-0.62498
-0.64348
-0.61144
11.0172
-0.66866
-0.66708
-0.67832
-0.66866
0
0
0
0
0
0
0
0
0
0
0
0
0
-0.83233
-0.84838
-0.87318
-0.85714
-0.67668
-0.67668
-0.67668
-0.67668
-0.67668
-0.64876
-0.67668
-0.66866
-0.66866
10.2298
0
0
-0.77262
0
0
0
0
0
0
0
0
0
0
0
0
0
-0.81949
-0.84474
-0.86448
-0.85207
-0.67257
-0.67257
-0.67257
-0.67257
-0.67257
-0.6341
-0.67257
-0.66708
-0.66708
0
9.8089
0
0
0
0
0
-0.42439
0
0
0
0
0
0
0
0
0
-0.84728
-0.85702
-0.88686
-0.87743
-0.68447
-0.68447
-0.68447
-0.68447
-0.68447
-0.65002
-0.68447
-0.67832
-0.67832
0
0
12.3666
0
0
0
0
0
0
-2.7845
0
0
0
0
0
0
0
-0.83233
-0.84838
-0.87318
-0.85714
-0.67668
-0.67668
-0.67668
-0.67668
-0.67668
-0.64876
-0.67668
-0.66866
-0.66866
-0.77262
0
0
10.2298
0
0
0
0
0
0
0
0
0
0
0
0
0
-0.81619
-0.88652
-0.86403
-0.90248
-0.71396
-0.71396
-0.71396
-0.71396
-0.71396
0
-0.71396
0
0
0
0
0
0
21.5171
0
0
0
0
0
0
0
0
0
0
-6.8821
-6.8821
-0.78939
-0.80437
-0.82757
-0.81236
-0.64225
-0.64225
-0.64225
-0.64225
-0.64225
-0.61877
-0.64225
0
0
0
0
0
0
0
7.7059
0
0
0
0
0
0
0
0
0
0
0
-0.34245
0
0
0
0
0
0
0
0
0
0
0
0
0
0
0
0
0
0
8.9481
0
-3.0179
-3.0614
0
-2.5264
0
0
0
0
0
0
-0.49899
0
0
0
0
0
0
0
0
0
0
0
0
-0.42439
0
0
0
0
0
1.2981
0
0
0
0
-0.37474
0
0
0
0
0
0
0
-3.1123
0
0
0
0
0
0
0
0
0
0
0
0
0
0
0
-3.0179
0
6.1302
0
0
0
0
0
0
0
0
0
0
0
0
0
0
0
0
0
0
0
0
0
0
0
-2.7845
0
0
0
-3.0614
0
0
5.8458
0
0
0
0
0
0
0
-8.262
0
0
0
0
0
0
0
0
0
0
0
0
0
0
0
0
0
0
0
0
0
0
8.262
0
0
0
0
0
0
0
0
0
0
0
0
0
0
0
0
0
0
0
0
0
0
0
0
0
-2.5264
0
0
0
0
2.5264
0
0
0
0
0
0
0
0
0
0
0
0
0
0
0
0
0
0
0
0
0
0
0
0
0
-0.37474
0
0
0
0
0.37474
0
0
0
0
0
0
-8.0577
0
0
0
0
0
0
0
0
0
0
0
0
0
0
0
0
0
0
0
0
0
0
0
8.0577
0
0
0
0
0
0
0
0
0
0
0
0
-7.4691
0
0
0
0
0
0
0
0
0
0
0
0
0
0
0
0
0
7.4691
0
0
0
0
0
0
0
0
0
0
0
0
0
0
0
0
0
0
0
-6.8821
0
0
0
0
0
0
0
0
0
0
6.8821
0
0
0
0
0
0
0
0
0
0
0
0
0
0
0
0
0
0
-6.8821
0
0
0
0
0
0
0
0
0
0
0
6.8821
