53.2827
-0.7416
-0.7416
-0.7416
-0.7416
-0.66143
-0.68379
-0.66143
-0.61912
-0.61912
-0.61912
-0.61912
-0.64954
-0.64954
-0.64954
-0.61286
-0.61286
-0.61888
-0.61888
-0.81613
-0.72268
0
0
0
-13.2941
0
0
-13.2941
0
-13.2941
-0.7416
15.1869
-0.82451
-0.82451
-0.82451
-0.79698
-0.77105
-0.79698
-0.70101
-0.70101
-0.70101
-0.70101
-0.73131
-0.73131
-0.73131
-0.73424
-0.73424
-0.75729
-0.75729
-0.86957
-0.75614
0
0
0
0
0
0
0
0
0
-0.7416
-0.82451
15.1869
-0.82451
-0.82451
-0.79698
-0.77105
-0.79698
-0.70101
-0.70101
-0.70101
-0.70101
-0.73131
-0.73131
-0.73131
-0.73424
-0.73424
-0.75729
-0.75729
-0.86957
-0.75614
0
0
0
0
0
0
0
0
0
-0.7416
-0.82451
-0.82451
15.1869
-0.82451
-0.79698
-0.77105
-0.79698
-0.70101
-0.70101
-0.70101
-0.70101
-0.73131
-0.73131
-0.73131
-0.73424
-0.73424
-0.75729
-0.75729
-0.86957
-0.75614
0
0
0
0
0
0
0
0
0
-0.7416
-0.82451
-0.82451
-0.82451
15.1869
-0.79698
-0.77105
-0.79698
-0.70101
-0.70101
-0.70101
-0.70101
-0.73131
-0.73131
-0.73131
-0.73424
-0.73424
-0.75729
-0.75729
-0.86957
-0.75614
0
0
0
0
0
0
0
0
0
-0.66143
-0.79698
-0.79698
-0.79698
-0.79698
19.5585
-0.72909
-0.73461
-0.65359
-0.65359
-0.65359
-0.65359
-0.68345
-0.68345
-0.68345
-0.67529
-0.67529
-0.69287
-0.69287
0
0
0
-6.8444
0
0
0
0
0
0
0
-0.68379
-0.77105
-0.77105
-0.77105
-0.77105
-0.72909
13.3314
-0.72909
-0.64279
-0.64279
-0.64279
-0.64279
-0.67073
-0.67073
-0.67073
-0.67015
-0.67015
-0.69201
-0.69201
-0.79754
0
0
0
0
0
0
0
0
0
0
-0.66143
-0.79698
-0.79698
-0.79698
-0.79698
-0.73461
-0.72909
19.5585
-0.65359
-0.65359
-0.65359
-0.65359
-0.68345
-0.68345
-0.68345
-0.67529
-0.67529
-0.69287
-0.69287
0
0
0
0
0
0
0
0
0
-6.8444
0
-0.61912
-0.70101
-0.70101
-0.70101
-0.70101
-0.65359
-0.64279
-0.65359
11.3213
-0.56182
-0.56182
-0.56182
-0.60533
-0.60533
-0.60533
-0.60098
-0.60098
-0.62239
-0.62239
0
0
0
0
0
0
0
0
0
0
0
-0.61912
-0.70101
-0.70101
-0.70101
-0.70101
-0.65359
-0.64279
-0.65359
-0.56182
11.3213
-0.56182
-0.56182
-0.60533
-0.60533
-0.60533
-0.60098
-0.60098
-0.62239
-0.62239
0
0
0
0
0
0
0
0
0
0
0
-0.61912
-0.70101
-0.70101
-0.70101
-0.70101
-0.65359
-0.64279
-0.65359
-0.56182
-0.56182
11.3213
-0.56182
-0.60533
-0.60533
-0.60533
-0.60098
-0.60098
-0.62239
-0.62239
0
0
0
0
0
0
0
0
0
0
0
-0.61912
-0.70101
-0.70101
-0.70101
-0.70101
-0.65359
-0.64279
-0.65359
-0.56182
-0.56182
-0.56182
11.3213
-0.60533
-0.60533
-0.60533
-0.60098
-0.60098
-0.62239
-0.62239
0
0
0
0
0
0
0
0
0
0
0
-0.64954
-0.73131
-0.73131
-0.73131
-0.73131
-0.68345
-0.67073
-0.68345
-0.60533
-0.60533
-0.60533
-0.60533
10.5386
-0.61121
-0.61121
-0.64119
-0.64119
0
0
0
0
0
0
0
0
0
0
0
0
0
-0.64954
-0.73131
-0.73131
-0.73131
-0.73131
-0.68345
-0.67073
-0.68345
-0.60533
-0.60533
-0.60533
-0.60533
-0.61121
10.5386
-0.61121
-0.64119
-0.64119
0
0
0
0
0
0
0
0
0
0
0
0
0
-0.64954
-0.73131
-0.73131
-0.73131
-0.73131
-0.68345
-0.67073
-0.68345
-0.60533
-0.60533
-0.60533
-0.60533
-0.61121
-0.61121
10.5386
-0.64119
-0.64119
0
0
0
0
0
0
0
0
0
0
0
0
0
-0.61286
-0.73424
-0.73424
-0.73424
-0.73424
-0.67529
-0.67015
-0.67529
-0.60098
-0.60098
-0.60098
-0.60098
-0.64119
-0.64119
-0.64119
13.4994
0
0
0
0
0
0
0
-3.6014
0
0
0
0
0
0
-0.61286
-0.73424
-0.73424
-0.73424
-0.73424
-0.67529
-0.67015
-0.67529
-0.60098
-0.60098
-0.60098
-0.60098
-0.64119
-0.64119
-0.64119
0
13.4994
0
0
0
0
0
0
0
0
-3.6014
0
0
0
0
-0.61888
-0.75729
-0.75729
-0.75729
-0.75729
-0.69287
-0.69201
-0.69287
-0.62239
-0.62239
-0.62239
-0.62239
0
0
0
0
0
8.6098
0
0
0
0
0
0
0
0
-0.39444
0
0
0
-0.61888
-0.75729
-0.75729
-0.75729
-0.75729
-0.69287
-0.69201
-0.69287
-0.62239
-0.62239
-0.62239
-0.62239
0
0
0
0
0
0
8.6098
0
0
-0.39444
0
0
0
0
0
0
0
0
-0.81613
-0.86957
-0.86957
-0.86957
-0.86957
0
-0.79754
0
0
0
0
0
0
0
0
0
0
0
0
5.092
0
0
0
0
0
0
0
0
0
0
-0.72268
-0.75614
-0.75614
-0.75614
-0.75614
0
0
0
0
0
0
0
0
0
0
0
0
0
0
0
3.7473
0
0
0
0
0
0
0
0
0
0
0
0
0
0
0
0
0
0
0
0
0
0
0
0
0
0
0
-0.39444
0
0
0.39444
0
0
0
0
0
0
0
0
0
0
0
0
0
-6.8444
0
0
0
0
0
0
0
0
0
0
0
0
0
0
0
0
6.8444
0
0
0
0
0
0
0
0
0
0
0
0
0
0
0
0
0
0
0
0
0
0
-3.6014
0
0
0
0
0
0
0
3.6014
0
0
0
0
0
0
-13.2941
0
0
0
0
0
0
0
0
0
0
0
0
0
0
0
0
0
0
0
0
0
0
0
13.2941
0
0
0
0
0
0
0
0
0
0
0
0
0
0
0
0
0
0
0
0
0
-3.6014
0
0
0
0
0
0
0
0
3.6014
0
0
0
0
0
0
0
0
0
0
0
0
0
0
0
0
0
0
0
0
0
-0.39444
0
0
0
0
0
0
0
0
0.39444
0
0
0
-13.2941
0
0
0
0
0
0
0
0
0
0
0
0
0
0
0
0
0
0
0
0
0
0
0
0
0
0
13.2941
0
0
0
0
0
0
0
0
0
-6.8444
0
0
0
0
0
0
0
0
0
0
0
0
0
0
0
0
0
0
0
0
6.8444
0
-13.2941
0
0
0
0
0
0
0
0
0
0
0
0
0
0
0
0
0
0
0
0
0
0
0
0
0
0
0
0
13.2941
