13.8616
-0.73699
-0.73699
-0.73699
-0.68392
-0.69216
-0.73833
-0.74924
-0.72589
-0.70508
-0.70508
-0.68837
-0.68837
-0.70879
-0.85195
-0.90864
-0.62488
-0.702
-0.63978
-0.63268
-0.20544
0
0
0
0
0
0
0
0
0
-0.73699
24.0137
-0.73681
-0.73681
-0.67454
-0.68254
-0.72967
-0.74404
-0.70952
-0.69627
-0.69627
-0.67985
-0.67985
-0.69991
-0.84751
-0.86587
-0.61707
-0.69437
0
-0.63214
0
0
0
0
0
-11.1537
0
0
0
0
-0.73699
-0.73681
24.0137
-0.73681
-0.67454
-0.68254
-0.72967
-0.74404
-0.70952
-0.69627
-0.69627
-0.67985
-0.67985
-0.69991
-0.84751
-0.86587
-0.61707
-0.69437
0
-0.63214
0
0
0
0
-11.1537
0
0
0
0
0
-0.73699
-0.73681
-0.73681
24.0137
-0.67454
-0.68254
-0.72967
-0.74404
-0.70952
-0.69627
-0.69627
-0.67985
-0.67985
-0.69991
-0.84751
-0.86587
-0.61707
-0.69437
0
-0.63214
0
0
0
-11.1537
0
0
0
0
0
0
-0.68392
-0.67454
-0.67454
-0.67454
11.9404
-0.63287
-0.67377
-0.68856
-0.65648
-0.64299
-0.64299
-0.62829
-0.62829
-0.64625
-0.78345
-0.79847
-0.57023
-0.65683
0
-0.58337
0
0
0
0
0
0
0
0
0
0
-0.69216
-0.68254
-0.68254
-0.68254
-0.63287
11.4967
-0.68351
-0.69459
-0.66608
-0.65107
-0.65107
-0.63611
-0.63611
-0.65439
-0.79144
-0.81926
-0.57586
-0.6646
0
0
0
0
0
0
0
0
0
0
0
0
-0.73833
-0.72967
-0.72967
-0.72967
-0.67377
-0.68351
10.7064
-0.78985
-0.71146
-0.69564
-0.69564
-0.67924
-0.67924
-0.69929
-0.85108
0
-0.62038
0
0
0
0
0
0
0
0
0
0
0
0
0
-0.74924
-0.74404
-0.74404
-0.74404
-0.68856
-0.69459
-0.78985
19.7338
-0.72376
-0.71585
-0.71585
-0.69877
-0.69877
-0.71965
0
0
0
0
0
0
0
-0.48777
0
0
0
0
0
-9.8191
0
0
-0.72589
-0.70952
-0.70952
-0.70952
-0.65648
-0.66608
-0.71146
-0.72376
9.617
-0.68718
-0.68718
-0.67106
-0.67106
-0.69076
0
0
0
0
-0.59755
0
0
0
0
0
0
0
0
0
0
0
-0.70508
-0.69627
-0.69627
-0.69627
-0.64299
-0.65107
-0.69564
-0.71585
-0.68718
8.7924
-0.65819
-0.64301
-0.64301
-0.66156
0
0
0
0
0
0
0
0
0
0
0
0
0
0
0
0
-0.70508
-0.69627
-0.69627
-0.69627
-0.64299
-0.65107
-0.69564
-0.71585
-0.68718
-0.65819
8.7924
-0.64301
-0.64301
-0.66156
0
0
0
0
0
0
0
0
0
0
0
0
0
0
0
0
-0.68837
-0.67985
-0.67985
-0.67985
-0.62829
-0.63611
-0.67924
-0.69877
-0.67106
-0.64301
-0.64301
7.9247
-0.59732
0
0
0
0
0
0
0
0
0
0
0
0
0
0
0
0
0
-0.68837
-0.67985
-0.67985
-0.67985
-0.62829
-0.63611
-0.67924
-0.69877
-0.67106
-0.64301
-0.64301
-0.59732
7.9247
0
0
0
0
0
0
0
0
0
0
0
0
0
0
0
0
0
-0.70879
-0.69991
-0.69991
-0.69991
-0.64625
-0.65439
-0.69929
-0.71965
-0.69076
-0.66156
-0.66156
0
0
7.542
0
0
0
0
0
0
0
0
0
0
0
0
0
0
0
0
-0.85195
-0.84751
-0.84751
-0.84751
-0.78345
-0.79144
-0.85108
0
0
0
0
0
0
0
6.4327
0
0
0
0
0
0
-0.61223
0
0
0
0
0
0
0
0
-0.90864
-0.86587
-0.86587
-0.86587
-0.79847
-0.81926
0
0
0
0
0
0
0
0
0
5.9541
0
0
-0.8301
0
0
0
0
0
0
0
0
0
0
0
-0.62488
-0.61707
-0.61707
-0.61707
-0.57023
-0.57586
-0.62038
0
0
0
0
0
0
0
0
0
4.2426
0
0
0
0
0
0
0
0
0
0
0
0
0
-0.702
-0.69437
-0.69437
-0.69437
-0.65683
-0.6646
0
0
0
0
0
0
0
0
0
0
0
7.2526
0
0
0
0
0
0
0
0
0
0
0
-3.146
-0.63978
0
0
0
0
0
0
0
-0.59755
0
0
0
0
0
0
-0.8301
0
0
2.8586
0
-0.45863
0
0
0
0
0
-0.33253
0
0
0
-0.63268
-0.63214
-0.63214
-0.63214
-0.58337
0
0
0
0
0
0
0
0
0
0
0
0
0
0
3.1125
0
0
0
0
0
0
0
0
0
0
-0.20544
0
0
0
0
0
0
0
0
0
0
0
0
0
0
0
0
0
-0.45863
0
0.76857
0
0
0
0
0
0
0
-0.1045
0
0
0
0
0
0
0
0
-0.48777
0
0
0
0
0
0
-0.61223
0
0
0
0
0
0
1.621
-0.52105
0
0
0
0
0
0
0
0
0
0
0
0
0
0
0
0
0
0
0
0
0
0
0
0
0
0
0
0
-0.52105
0.52105
0
0
0
0
0
0
0
0
0
0
-11.1537
0
0
0
0
0
0
0
0
0
0
0
0
0
0
0
0
0
0
0
11.1537
0
0
0
0
0
0
0
0
-11.1537
0
0
0
0
0
0
0
0
0
0
0
0
0
0
0
0
0
0
0
0
0
11.1537
0
0
0
0
0
0
-11.1537
0
0
0
0
0
0
0
0
0
0
0
0
0
0
0
0
0
0
0
0
0
0
0
11.1537
0
0
0
0
0
0
0
0
0
0
0
0
0
0
0
0
0
0
0
0
0
0
-0.33253
0
0
0
0
0
0
0
0.33253
0
0
0
0
0
0
0
0
0
0
-9.8191
0
0
0
0
0
0
0
0
0
0
0
0
0
0
0
0
0
0
0
9.8191
0
0
0
0
0
0
0
0
0
0
0
0
0
0
0
0
0
0
0
0
0
0
-0.1045
0
0
0
0
0
0
0
0.1045
0
0
0
0
0
0
0
0
0
0
0
0
0
0
0
0
0
0
-3.146
0
0
0
0
0
0
0
0
0
0
0
3.146
