24.0056
-0.63196
-0.62827
-0.6755
-0.5659
-0.55993
-0.62421
-0.60855
-0.62123
-0.60173
-0.60173
-0.62649
-0.82943
-0.58123
-0.68622
0
-1.2313
-1.6208
0
0
0
0
0
0
0
-12.3112
0
0
0
0
-0.63196
10.0512
-0.57797
-0.637
-0.509
-0.52042
-0.56479
-0.54921
-0.56325
-0.54314
-0.54314
-0.56694
-0.76217
-0.52401
-0.61415
-0.87258
-1.0715
0
0
0
0
0
0
0
0
0
0
0
0
0
-0.62827
-0.57797
9.8604
-0.63148
-0.50786
-0.50941
-0.55683
-0.54582
-0.55367
-0.5391
-0.5391
-0.56942
-0.76895
-0.52113
-0.61299
0
-1.1034
0
0
-0.69498
0
0
0
0
0
0
0
0
0
0
-0.6755
-0.637
-0.63148
22.2105
-0.55321
-0.53174
-0.59079
-0.58031
-0.58818
-0.57375
-0.57375
-0.59476
-0.77151
-0.55437
-0.65454
0
0
-1.5121
0
0
0
0
0
-12.1875
0
0
0
0
0
0
-0.5659
-0.509
-0.50786
-0.55321
8.1887
-0.45918
-0.50367
-0.48943
-0.50311
-0.48267
-0.48267
-0.51447
-0.68418
-0.46471
-0.54158
0
-0.92704
0
0
0
0
0
0
0
0
0
0
0
0
0
-0.55993
-0.52042
-0.50941
-0.53174
-0.45918
7.2907
-0.4898
-0.4846
-0.48715
-0.47709
-0.47709
-0.51503
-0.66351
-0.46072
-0.53975
0
0
0
-0.11532
0
0
0
0
0
0
0
0
0
0
0
-0.62421
-0.56479
-0.55683
-0.59079
-0.50367
-0.4898
7.2155
-0.54044
-0.56251
-0.53827
-0.53827
-0.55849
0
-0.51994
0
0
0
0
0
0
-0.62747
0
0
0
0
0
0
0
0
0
-0.60855
-0.54921
-0.54582
-0.58031
-0.48943
-0.4846
-0.54044
6.3785
-0.52987
-0.51174
-0.51174
-0.53626
0
-0.49057
0
0
0
0
0
0
0
0
0
0
0
0
0
0
0
0
-0.62123
-0.56325
-0.55367
-0.58818
-0.50311
-0.48715
-0.56251
-0.52987
6.1461
-0.55469
-0.55469
0
0
0
0
0
0
0
0
0
-0.62774
0
0
0
0
0
0
0
0
0
-0.60173
-0.54314
-0.5391
-0.57375
-0.48267
-0.47709
-0.53827
-0.51174
-0.55469
5.312
-0.48978
0
0
0
0
0
0
0
0
0
0
0
0
0
0
0
0
0
0
0
-0.60173
-0.54314
-0.5391
-0.57375
-0.48267
-0.47709
-0.53827
-0.51174
-0.55469
-0.48978
5.312
0
0
0
0
0
0
0
0
0
0
0
0
0
0
0
0
0
0
0
-0.62649
-0.56694
-0.56942
-0.59476
-0.51447
-0.51503
-0.55849
-0.53626
0
0
0
8.131
0
0
0
0
0
0
0
0
0
0
-3.6491
0
0
0
0
0
0
0
-0.82943
-0.76217
-0.76895
-0.77151
-0.68418
-0.66351
0
0
0
0
0
0
16.3399
0
0
-0.87139
0
0
0
-0.81644
0
0
0
0
0
0
-10.1723
0
0
0
-0.58123
-0.52401
-0.52113
-0.55437
-0.46471
-0.46072
-0.51994
-0.49057
0
0
0
0
0
4.1167
0
0
0
0
0
0
0
0
0
0
0
0
0
0
0
0
-0.68622
-0.61415
-0.61299
-0.65454
-0.54158
-0.53975
0
0
0
0
0
0
0
0
3.6492
0
0
0
0
0
0
0
0
0
0
0
0
0
0
0
0
-0.87258
0
0
0
0
0
0
0
0
0
0
-0.87139
0
0
5.7656
0
0
-0.94819
0
0
-3.0734
0
0
0
0
0
0
0
0
-1.2313
-1.0715
-1.1034
0
-0.92704
0
0
0
0
0
0
0
0
0
0
0
4.3332
0
0
0
0
0
0
0
0
0
0
0
0
0
-1.6208
0
0
-1.5121
0
0
0
0
0
0
0
0
0
0
0
0
0
6.1742
0
0
0
0
0
0
0
0
0
0
0
-3.0413
0
0
0
0
0
-0.11532
0
0
0
0
0
0
0
0
0
-0.94819
0
0
1.168
0
0
0
0
0
-0.1045
0
0
0
0
0
0
0
-0.69498
0
0
0
0
0
0
0
0
0
-0.81644
0
0
0
0
0
0
2.6505
0
0
0
0
0
0
0
-1.1391
0
0
0
0
0
0
0
0
-0.62747
0
-0.62774
0
0
0
0
0
0
0
0
0
0
0
2.3873
0
0
0
0
0
0
0
-1.1321
0
0
0
0
0
0
0
0
0
0
0
0
0
0
0
0
-3.0734
0
0
0
0
0
3.3248
-0.2514
0
0
0
0
0
0
0
0
0
0
0
0
0
0
0
0
0
0
-3.6491
0
0
0
0
0
0
0
0
0
-0.2514
3.9005
0
0
0
0
0
0
0
0
0
0
-12.1875
0
0
0
0
0
0
0
0
0
0
0
0
0
0
0
0
0
0
0
12.1875
0
0
0
0
0
0
0
0
0
0
0
0
0
0
0
0
0
0
0
0
0
0
0
0
-0.1045
0
0
0
0
0
0.1045
0
0
0
0
0
-12.3112
0
0
0
0
0
0
0
0
0
0
0
0
0
0
0
0
0
0
0
0
0
0
0
0
12.3112
0
0
0
0
0
0
0
0
0
0
0
0
0
0
0
0
-10.1723
0
0
0
0
0
0
0
0
0
0
0
0
0
10.1723
0
0
0
0
0
0
0
0
0
0
0
0
0
0
0
0
0
0
0
0
0
0
-1.1391
0
0
0
0
0
0
0
1.1391
0
0
0
0
0
0
0
0
0
0
0
0
0
0
0
0
0
0
0
0
0
0
-1.1321
0
0
0
0
0
0
0
1.1321
0
0
0
0
0
0
0
0
0
0
0
0
0
0
0
0
0
0
-3.0413
0
0
0
0
0
0
0
0
0
0
0
3.0413
