24.4059
-0.73449
-0.73069
-0.72929
-0.73591
-0.76026
-0.75358
-0.71515
-0.71515
-0.74266
-0.71065
-0.74266
-0.71563
-0.70287
-0.73655
-0.73655
-0.99698
-0.61777
-0.72937
0
-0.90761
0
-10.1921
0
0
0
0
0
0
0
-0.73449
13.5426
-0.69578
-0.69001
-0.69627
-0.72665
-0.71406
-0.67606
-0.67606
-0.70167
-0.67407
-0.70167
-0.67896
-0.66446
-0.69524
-0.69524
-0.95788
-0.5814
-0.69178
0
-0.89083
0
0
0
0
0
0
0
0
0
-0.73069
-0.69578
12.7973
-0.68564
-0.68802
-0.71846
-0.70584
-0.66799
-0.66799
-0.69321
-0.66615
-0.69321
-0.671
-0.65656
-0.68675
-0.68675
-0.94643
-0.57488
-0.74891
-0.21306
0
0
0
0
0
0
0
0
0
0
-0.72929
-0.69001
-0.68564
12.5155
-0.68736
-0.72064
-0.70635
-0.66654
-0.66654
-0.69208
-0.66938
-0.69208
-0.67475
-0.65479
-0.68416
-0.68416
-0.94839
-0.56812
-0.69526
0
0
0
0
0
0
0
0
0
0
0
-0.73591
-0.69627
-0.68802
-0.68736
11.8928
-0.74187
-0.70784
-0.66895
-0.66895
-0.69512
-0.67342
-0.69512
-0.67905
-0.65683
-0.68624
-0.68624
-0.9527
-0.57298
0
0
0
0
0
0
0
0
0
0
0
0
-0.76026
-0.72665
-0.71846
-0.72064
-0.74187
31.9076
-0.7312
-0.70319
-0.70319
-0.73124
-0.7008
-0.73124
-0.70602
-0.69042
-0.72356
-0.72356
0
0
0
0
0
0
0
-10.5476
0
0
0
-10.5476
0
0
-0.75358
-0.71406
-0.70584
-0.70635
-0.70784
-0.7312
19.8779
-0.68902
-0.68902
-0.71768
-0.69116
-0.71768
-0.69642
-0.67688
-0.7091
-0.7091
0
0
0
0
0
0
0
0
0
0
0
0
0
-9.2629
-0.71515
-0.67606
-0.66799
-0.66654
-0.66895
-0.70319
-0.68902
10.0543
-0.63661
-0.6765
-0.65171
-0.6765
-0.65712
-0.63644
-0.66626
-0.66626
0
0
0
0
0
0
0
0
0
0
0
0
0
0
-0.71515
-0.67606
-0.66799
-0.66654
-0.66895
-0.70319
-0.68902
-0.63661
10.0543
-0.6765
-0.65171
-0.6765
-0.65712
-0.63644
-0.66626
-0.66626
0
0
0
0
0
0
0
0
0
0
0
0
0
0
-0.74266
-0.70167
-0.69321
-0.69208
-0.69512
-0.73124
-0.71768
-0.6765
-0.6765
9.0442
-0.70895
-0.66934
-0.69203
-0.64723
0
0
0
0
0
0
0
0
0
0
0
0
0
0
0
0
-0.71065
-0.67407
-0.66615
-0.66938
-0.67342
-0.7008
-0.69116
-0.65171
-0.65171
-0.70895
8.6672
-0.70895
0
-0.597
0
0
0
0
0
0
0
-0.5632
0
0
0
0
0
0
0
0
-0.74266
-0.70167
-0.69321
-0.69208
-0.69512
-0.73124
-0.71768
-0.6765
-0.6765
-0.66934
-0.70895
9.0442
-0.69203
-0.64723
0
0
0
0
0
0
0
0
0
0
0
0
0
0
0
0
-0.71563
-0.67896
-0.671
-0.67475
-0.67905
-0.70602
-0.69642
-0.65712
-0.65712
-0.69203
0
-0.69203
8.0875
0
0
0
0
0
0
0
0
-0.56733
0
0
0
0
0
0
0
0
-0.70287
-0.66446
-0.65656
-0.65479
-0.65683
-0.69042
-0.67688
-0.63644
-0.63644
-0.64723
-0.597
-0.64723
0
7.8671
0
0
0
0
0
0
0
0
0
0
0
0
0
0
0
0
-0.73655
-0.69524
-0.68675
-0.68416
-0.68624
-0.72356
-0.7091
-0.66626
-0.66626
0
0
0
0
0
6.2541
0
0
0
0
0
0
0
0
0
0
0
0
0
0
0
-0.73655
-0.69524
-0.68675
-0.68416
-0.68624
-0.72356
-0.7091
-0.66626
-0.66626
0
0
0
0
0
0
6.2541
0
0
0
0
0
0
0
0
0
0
0
0
0
0
-0.99698
-0.95788
-0.94643
-0.94839
-0.9527
0
0
0
0
0
0
0
0
0
0
0
8.8128
0
0
0
0
0
0
0
0
0
-4.0104
0
0
0
-0.61777
-0.5814
-0.57488
-0.56812
-0.57298
0
0
0
0
0
0
0
0
0
0
0
0
2.9152
0
0
0
0
0
0
0
0
0
0
0
0
-0.72937
-0.69178
-0.74891
-0.69526
0
0
0
0
0
0
0
0
0
0
0
0
0
0
3.3748
-0.50947
0
0
0
0
0
0
0
0
0
0
0
0
-0.21306
0
0
0
0
0
0
0
0
0
0
0
0
0
0
0
-0.50947
0.82703
0
0
0
0
0
-0.1045
0
0
0
0
-0.90761
-0.89083
0
0
0
0
0
0
0
0
0
0
0
0
0
0
0
0
0
0
3.2329
0
0
0
0
0
0
0
-1.4344
0
0
0
0
0
0
0
0
0
0
0
-0.5632
0
-0.56733
0
0
0
0
0
0
0
0
1.8008
0
0
-0.67027
0
0
0
0
0
-10.1921
0
0
0
0
0
0
0
0
0
0
0
0
0
0
0
0
0
0
0
0
0
10.1921
0
0
0
0
0
0
0
0
0
0
0
0
-10.5476
0
0
0
0
0
0
0
0
0
0
0
0
0
0
0
0
0
10.5476
0
0
0
0
0
0
0
0
0
0
0
0
0
0
0
0
0
0
0
0
0
0
0
0
0
0
0
-0.67027
0
0
0.67027
0
0
0
0
0
0
0
0
0
0
0
0
0
0
0
0
0
0
0
0
0
0
0
0
-0.1045
0
0
0
0
0
0.1045
0
0
0
0
0
0
0
0
0
0
0
0
0
0
0
0
0
0
0
0
-4.0104
0
0
0
0
0
0
0
0
0
4.0104
0
0
0
0
0
0
0
0
-10.5476
0
0
0
0
0
0
0
0
0
0
0
0
0
0
0
0
0
0
0
0
0
10.5476
0
0
0
0
0
0
0
0
0
0
0
0
0
0
0
0
0
0
0
0
0
0
-1.4344
0
0
0
0
0
0
0
1.4344
0
0
0
0
0
0
0
-9.2629
0
0
0
0
0
0
0
0
0
0
0
0
0
0
0
0
0
0
0
0
0
0
9.2629
