24.9628
-0.75163
-0.75163
-0.75163
-0.75163
-0.73234
-0.70666
-0.70297
-0.79872
-0.73524
-0.75867
-0.76979
-0.76979
-0.77213
-0.77655
-0.78236
-0.70415
-0.70415
-0.59921
-0.75696
0
-10.8865
0
0
0
0
0
0
0
0
-0.75163
13.1741
-0.69275
-0.69275
-0.69275
-0.68367
-0.66375
-0.65777
-0.74191
-0.68651
-0.70762
-0.7174
-0.7174
-0.71872
-0.7261
-0.73023
-0.65861
-0.65861
-0.57173
-0.70413
0
0
0
0
0
0
0
0
0
0
-0.75163
-0.69275
13.1741
-0.69275
-0.69275
-0.68367
-0.66375
-0.65777
-0.74191
-0.68651
-0.70762
-0.7174
-0.7174
-0.71872
-0.7261
-0.73023
-0.65861
-0.65861
-0.57173
-0.70413
0
0
0
0
0
0
0
0
0
0
-0.75163
-0.69275
-0.69275
13.1741
-0.69275
-0.68367
-0.66375
-0.65777
-0.74191
-0.68651
-0.70762
-0.7174
-0.7174
-0.71872
-0.7261
-0.73023
-0.65861
-0.65861
-0.57173
-0.70413
0
0
0
0
0
0
0
0
0
0
-0.75163
-0.69275
-0.69275
-0.69275
13.1741
-0.68367
-0.66375
-0.65777
-0.74191
-0.68651
-0.70762
-0.7174
-0.7174
-0.71872
-0.7261
-0.73023
-0.65861
-0.65861
-0.57173
-0.70413
0
0
0
0
0
0
0
0
0
0
-0.73234
-0.68367
-0.68367
-0.68367
-0.68367
21.4391
-0.63673
-0.63485
-0.71191
-0.66086
-0.67983
-0.68892
-0.68892
-0.69039
-0.69227
-0.69959
-0.63404
-0.63404
0
0
0
0
0
0
0
0
0
0
-9.9197
0
-0.70666
-0.66375
-0.66375
-0.66375
-0.66375
-0.63673
11.4633
-0.61688
-0.68552
-0.64038
-0.65597
-0.66448
-0.66448
-0.66886
-0.68866
-0.67512
-0.61601
-0.61601
0
0
-0.27259
0
0
0
0
0
0
0
0
0
-0.70297
-0.65777
-0.65777
-0.65777
-0.65777
-0.63485
-0.61688
11.1523
-0.68735
-0.64
-0.65809
-0.66665
-0.66665
-0.66766
-0.67299
-0.67846
-0.61434
-0.61434
0
0
0
0
0
0
0
0
0
0
0
0
-0.79872
-0.74191
-0.74191
-0.74191
-0.74191
-0.71191
-0.68552
-0.68735
17.5075
-0.72254
-0.75982
-0.77097
-0.77097
-0.77252
0
0
0
0
0
0
0
0
-7.8595
0
0
0
0
0
0
0
-0.73524
-0.68651
-0.68651
-0.68651
-0.68651
-0.66086
-0.64038
-0.64
-0.72254
8.9218
-0.68598
-0.69522
-0.69522
-0.70037
0
0
0
0
0
0
0
0
0
0
0
0
0
0
0
0
-0.75867
-0.70762
-0.70762
-0.70762
-0.70762
-0.67983
-0.65597
-0.65809
-0.75982
-0.68598
15.529
-0.69837
-0.69837
0
0
0
0
0
0
0
0
0
0
-7.1034
0
0
0
0
0
0
-0.76979
-0.7174
-0.7174
-0.7174
-0.7174
-0.68892
-0.66448
-0.66665
-0.77097
-0.69522
-0.69837
13.8612
0
0
0
0
0
0
0
0
0
0
0
0
0
0
-6.0372
0
0
0
-0.76979
-0.7174
-0.7174
-0.7174
-0.7174
-0.68892
-0.66448
-0.66665
-0.77097
-0.69522
-0.69837
0
13.8612
0
0
0
0
0
0
0
0
0
0
0
-6.0372
0
0
0
0
0
-0.77213
-0.71872
-0.71872
-0.71872
-0.71872
-0.69039
-0.66886
-0.66766
-0.77252
-0.70037
0
0
0
7.1468
0
0
0
0
0
0
0
0
0
0
0
0
0
0
0
0
-0.77655
-0.7261
-0.7261
-0.7261
-0.7261
-0.69227
-0.68866
-0.67299
0
0
0
0
0
0
6.0567
0
0
0
0
0
-0.32186
0
0
0
0
0
0
0
0
0
-0.78236
-0.73023
-0.73023
-0.73023
-0.73023
-0.69959
-0.67512
-0.67846
0
0
0
0
0
0
0
7.6283
0
0
0
0
0
0
0
0
0
0
0
0
0
-1.8718
-0.70415
-0.65861
-0.65861
-0.65861
-0.65861
-0.63404
-0.61601
-0.61434
0
0
0
0
0
0
0
0
5.203
0
0
0
0
0
0
0
0
0
0
0
0
0
-0.70415
-0.65861
-0.65861
-0.65861
-0.65861
-0.63404
-0.61601
-0.61434
0
0
0
0
0
0
0
0
0
5.203
0
0
0
0
0
0
0
0
0
0
0
0
-0.59921
-0.57173
-0.57173
-0.57173
-0.57173
0
0
0
0
0
0
0
0
0
0
0
0
0
2.9906
0
0
0
0
0
0
-0.1045
0
0
0
0
-0.75696
-0.70413
-0.70413
-0.70413
-0.70413
0
0
0
0
0
0
0
0
0
0
0
0
0
0
3.5735
0
0
0
0
0
0
0
0
0
0
0
0
0
0
0
0
-0.27259
0
0
0
0
0
0
0
-0.32186
0
0
0
0
0
0.78916
0
0
0
0
0
0
-0.1947
0
0
-10.8865
0
0
0
0
0
0
0
0
0
0
0
0
0
0
0
0
0
0
0
0
10.8865
0
0
0
0
0
0
0
0
0
0
0
0
0
0
0
0
-7.8595
0
0
0
0
0
0
0
0
0
0
0
0
0
7.8595
0
0
0
0
0
0
0
0
0
0
0
0
0
0
0
0
0
-7.1034
0
0
0
0
0
0
0
0
0
0
0
0
7.1034
0
0
0
0
0
0
0
0
0
0
0
0
0
0
0
0
0
0
-6.0372
0
0
0
0
0
0
0
0
0
0
0
6.0372
0
0
0
0
0
0
0
0
0
0
0
0
0
0
0
0
0
0
0
0
0
0
0
-0.1045
0
0
0
0
0
0
0.1045
0
0
0
0
0
0
0
0
0
0
0
0
0
0
0
-6.0372
0
0
0
0
0
0
0
0
0
0
0
0
0
0
6.0372
0
0
0
0
0
0
0
0
0
0
0
0
0
0
0
0
0
0
0
0
0
0
0
-0.1947
0
0
0
0
0
0
0.1947
0
0
0
0
0
0
0
-9.9197
0
0
0
0
0
0
0
0
0
0
0
0
0
0
0
0
0
0
0
0
0
0
9.9197
0
0
0
0
0
0
0
0
0
0
0
0
0
0
0
0
-1.8718
0
0
0
0
0
0
0
0
0
0
0
0
0
1.8718
