24.6152
-0.7231
-0.72231
-0.74153
-0.74114
-0.72483
-0.72385
-0.70629
-0.71266
-0.70629
-0.70476
-0.72154
-0.74529
-0.71939
0
0
0
-0.70832
0
0
0
-7.257
0
0
0
0
0
0
-7.257
0
-0.7231
10.5471
-0.69921
-0.71791
-0.71732
-0.70109
-0.70131
-0.68635
-0.68962
-0.68635
-0.68502
-0.6993
-0.72452
-0.69918
-0.74213
0
0
-0.67471
0
0
0
0
0
0
0
0
0
0
0
0
-0.72231
-0.69921
10.3546
-0.71631
-0.71571
-0.70251
-0.70005
-0.68425
-0.69162
-0.68425
-0.68253
-0.69729
-0.72145
-0.69967
0
0
0
-0.68524
-0.55225
0
0
0
0
0
0
0
0
0
0
0
-0.74153
-0.71791
-0.71631
15.3679
-0.73533
-0.71705
-0.71889
-0.69765
-0.70774
-0.69765
-0.69566
-0.7161
-0.74003
-0.72904
0
0
0
0
0
0
0
0
0
0
0
0
0
-6.037
0
0
-0.74114
-0.71732
-0.71571
-0.73533
14.249
-0.71299
-0.71019
-0.69216
-0.71308
-0.69216
-0.69315
-0.71448
-0.74071
0
0
0
0
0
0
0
0
0
0
-5.6706
0
0
0
0
0
0
-0.72483
-0.70109
-0.70251
-0.71705
-0.71299
9.128
-0.69889
-0.6793
-0.69125
-0.6793
-0.67908
-0.6982
-0.72144
0
0
0
-0.72209
0
0
0
0
0
0
0
0
0
0
0
0
0
-0.72385
-0.70131
-0.70005
-0.71889
-0.71019
-0.69889
9.0843
-0.68084
-0.69684
-0.68084
-0.68185
-0.70614
-0.72286
0
0
0
0
0
0
-0.66171
0
0
0
0
0
0
0
0
0
0
-0.70629
-0.68635
-0.68425
-0.69765
-0.69216
-0.6793
-0.68084
8.2027
-0.67595
-0.6586
-0.66229
-0.68047
-0.69856
0
0
0
0
0
0
0
0
0
0
0
0
0
0
0
0
0
-0.71266
-0.68962
-0.69162
-0.70774
-0.71308
-0.69125
-0.69684
-0.67595
8.3655
-0.67595
-0.6655
0
0
0
-0.74707
0
-0.69828
0
0
0
0
0
0
0
0
0
0
0
0
0
-0.70629
-0.68635
-0.68425
-0.69765
-0.69216
-0.6793
-0.68084
-0.6586
-0.67595
8.2027
-0.66229
-0.68047
-0.69856
0
0
0
0
0
0
0
0
0
0
0
0
0
0
0
0
0
-0.70476
-0.68502
-0.68253
-0.69566
-0.69315
-0.67908
-0.68185
-0.66229
-0.6655
-0.66229
6.8121
0
0
0
0
0
0
0
0
0
0
0
0
0
0
0
0
0
0
0
-0.72154
-0.6993
-0.69729
-0.7161
-0.71448
-0.6982
-0.70614
-0.68047
0
-0.68047
0
6.9529
0
0
0
-0.63888
0
0
0
0
0
0
0
0
0
0
0
0
0
0
-0.74529
-0.72452
-0.72145
-0.74003
-0.74071
-0.72144
-0.72286
-0.69856
0
-0.69856
0
0
11.245
0
0
0
0
0
0
0
-4.7316
0
0
0
0
0
0
0
0
0
-0.71939
-0.69918
-0.69967
-0.72904
0
0
0
0
0
0
0
0
0
6.8399
0
-0.68078
0
0
0
-0.70595
0
0
0
0
0
-2.6059
0
0
0
0
0
-0.74213
0
0
0
0
0
0
-0.74707
0
0
0
0
0
2.4791
0
0
0
0
0
0
0
0
0
0
0
0
0
0
-0.98995
0
0
0
0
0
0
0
0
0
0
0
-0.63888
0
-0.68078
0
1.9603
0
0
0
0
0
0
0
0
-0.64063
0
0
0
0
0
0
0
0
0
0
-0.72209
0
0
-0.69828
0
0
0
0
0
0
0
2.5628
0
-1.1425
0
0
0
0
0
0
0
0
0
0
0
-0.70832
-0.67471
-0.68524
0
0
0
0
0
0
0
0
0
0
0
0
0
0
2.0683
0
0
0
0
0
0
0
0
0
0
0
0
0
0
-0.55225
0
0
0
0
0
0
0
0
0
0
0
0
0
-1.1425
0
2.3553
0
0
0
-0.66055
0
0
0
0
0
0
0
0
0
0
0
0
0
-0.66171
0
0
0
0
0
0
-0.70595
0
0
0
0
0
2.0624
0
0
0
0
0
0
-0.69477
0
0
0
0
0
0
0
0
0
0
0
0
0
0
0
-4.7316
0
0
0
0
0
0
0
4.7316
0
0
0
0
0
0
0
0
0
-7.257
0
0
0
0
0
0
0
0
0
0
0
0
0
0
0
0
0
0
0
0
7.257
0
0
0
0
0
0
0
0
0
0
0
0
0
0
0
0
0
0
0
0
0
0
0
0
0
0
-0.66055
0
0
0
0.66055
0
0
0
0
0
0
0
0
0
0
0
-5.6706
0
0
0
0
0
0
0
0
0
0
0
0
0
0
0
0
0
0
5.6706
0
0
0
0
0
0
0
0
0
0
0
0
0
0
0
0
0
0
0
0
0
-0.64063
0
0
0
0
0
0
0
0
0.64063
0
0
0
0
0
0
0
0
0
0
0
0
0
0
0
0
0
0
-2.6059
0
0
0
0
0
0
0
0
0
0
0
2.6059
0
0
0
0
0
0
0
0
0
0
0
0
0
0
0
0
0
0
0
0
0
0
0
-0.69477
0
0
0
0
0
0
0.69477
0
0
0
0
0
0
-6.037
0
0
0
0
0
0
0
0
0
0
0
0
0
0
0
0
0
0
0
0
0
0
0
6.037
0
0
-7.257
0
0
0
0
0
0
0
0
0
0
0
0
0
0
0
0
0
0
0
0
0
0
0
0
0
0
0
7.257
0
0
0
0
0
0
0
0
0
0
0
0
0
0
0
-0.98995
0
0
0
0
0
0
0
0
0
0
0
0
0
0
0.98995
