29.8412
-0.893
-0.893
-0.89508
-0.87328
-0.87328
-0.87328
-0.86212
-0.88219
-0.85031
-0.92586
-0.87762
-0.87762
-0.87762
-0.94585
-0.95913
-0.84482
-0.84482
-0.98536
-0.90746
-0.92823
-0.65382
0
-0.79462
0
0
-10.5228
0
0
0
-0.893
18.5307
-0.85189
-0.85676
-0.834
-0.834
-0.834
-0.82897
-0.84851
-0.81136
-0.88183
-0.83665
-0.83665
-0.83665
-0.90705
-0.91291
-0.80588
-0.80588
-0.96659
-0.8633
-0.88114
-0.65524
0
-0.74851
0
0
0
0
0
0
-0.893
-0.85189
18.5307
-0.85676
-0.834
-0.834
-0.834
-0.82897
-0.84851
-0.81136
-0.88183
-0.83665
-0.83665
-0.83665
-0.90705
-0.91291
-0.80588
-0.80588
-0.96659
-0.8633
-0.88114
-0.65524
0
-0.74851
0
0
0
0
0
0
-0.89508
-0.85676
-0.85676
17.8403
-0.83618
-0.83618
-0.83618
-0.83078
-0.84975
-0.8138
-0.88428
-0.83893
-0.83893
-0.83893
-0.91522
-0.91548
-0.80805
-0.80805
-0.96622
-0.86577
-0.88398
-0.66499
0
0
0
0
0
0
0
0
-0.87328
-0.834
-0.834
-0.83618
16.7266
-0.80715
-0.80715
-0.81154
-0.82886
-0.79168
-0.85943
-0.81578
-0.81578
-0.81578
-0.89031
-0.88944
-0.78601
-0.78601
-0.94525
-0.84102
-0.85797
0
0
0
0
0
0
0
0
0
-0.87328
-0.834
-0.834
-0.83618
-0.80715
16.7266
-0.80715
-0.81154
-0.82886
-0.79168
-0.85943
-0.81578
-0.81578
-0.81578
-0.89031
-0.88944
-0.78601
-0.78601
-0.94525
-0.84102
-0.85797
0
0
0
0
0
0
0
0
0
-0.87328
-0.834
-0.834
-0.83618
-0.80715
-0.80715
16.7266
-0.81154
-0.82886
-0.79168
-0.85943
-0.81578
-0.81578
-0.81578
-0.89031
-0.88944
-0.78601
-0.78601
-0.94525
-0.84102
-0.85797
0
0
0
0
0
0
0
0
0
-0.86212
-0.82897
-0.82897
-0.83078
-0.81154
-0.81154
-0.81154
24.2401
-0.80587
-0.78041
-0.84725
-0.80442
-0.80442
-0.80442
-0.86835
-0.87668
-0.77519
-0.77519
0
-0.83231
0
0
0
0
-9.4801
0
0
0
0
0
-0.88219
-0.84851
-0.84851
-0.84975
-0.82886
-0.82886
-0.82886
-0.80587
23.512
-0.80173
-0.87181
-0.82732
-0.82732
-0.82732
-0.89289
-0.90241
-0.797
-0.797
0
0
0
0
0
0
0
-9.2458
0
0
0
0
-0.85031
-0.81136
-0.81136
-0.8138
-0.79168
-0.79168
-0.79168
-0.78041
-0.80173
13.6542
-0.82731
-0.7858
-0.7858
-0.7858
-0.85479
-0.8558
-0.75745
-0.75745
0
0
0
0
0
0
0
0
0
0
0
0
-0.92586
-0.88183
-0.88183
-0.88428
-0.85943
-0.85943
-0.85943
-0.84725
-0.87181
-0.82731
12.3156
-0.88371
-0.88371
-0.88371
0
-0.96602
0
0
0
0
0
0
0
0
0
0
0
0
0
0
-0.87762
-0.83665
-0.83665
-0.83893
-0.81578
-0.81578
-0.81578
-0.80442
-0.82732
-0.7858
-0.88371
10.7132
-0.7874
-0.7874
0
0
0
0
0
0
0
0
0
0
0
0
0
0
0
0
-0.87762
-0.83665
-0.83665
-0.83893
-0.81578
-0.81578
-0.81578
-0.80442
-0.82732
-0.7858
-0.88371
-0.7874
10.7132
-0.7874
0
0
0
0
0
0
0
0
0
0
0
0
0
0
0
0
-0.87762
-0.83665
-0.83665
-0.83893
-0.81578
-0.81578
-0.81578
-0.80442
-0.82732
-0.7858
-0.88371
-0.7874
-0.7874
10.7132
0
0
0
0
0
0
0
0
0
0
0
0
0
0
0
0
-0.94585
-0.90705
-0.90705
-0.91522
-0.89031
-0.89031
-0.89031
-0.86835
-0.89289
-0.85479
0
0
0
0
9.4908
0
0
0
0
0
0
0
-0.52866
0
0
0
0
0
0
0
-0.95913
-0.91291
-0.91291
-0.91548
-0.88944
-0.88944
-0.88944
-0.87668
-0.90241
-0.8558
-0.96602
0
0
0
0
9.9697
0
0
0
0
0
0
0
0
0
0
0
0
0
0
-0.84482
-0.80588
-0.80588
-0.80805
-0.78601
-0.78601
-0.78601
-0.77519
-0.797
-0.75745
0
0
0
0
0
0
7.9523
0
0
0
0
0
0
0
0
0
0
0
0
0
-0.84482
-0.80588
-0.80588
-0.80805
-0.78601
-0.78601
-0.78601
-0.77519
-0.797
-0.75745
0
0
0
0
0
0
0
7.9523
0
0
0
0
0
0
0
0
0
0
0
0
-0.98536
-0.96659
-0.96659
-0.96622
-0.94525
-0.94525
-0.94525
0
0
0
0
0
0
0
0
0
0
0
9.5321
0
0
0
0
0
0
0
0
0
-2.8116
0
-0.90746
-0.8633
-0.8633
-0.86577
-0.84102
-0.84102
-0.84102
-0.83231
0
0
0
0
0
0
0
0
0
0
0
6.8552
0
0
0
0
0
0
0
0
0
0
-0.92823
-0.88114
-0.88114
-0.88398
-0.85797
-0.85797
-0.85797
0
0
0
0
0
0
0
0
0
0
0
0
0
6.1484
0
0
0
0
0
0
0
0
0
-0.65382
-0.65524
-0.65524
-0.66499
0
0
0
0
0
0
0
0
0
0
0
0
0
0
0
0
0
3.1048
-0.37101
0
0
0
0
0
0
-0.1045
0
0
0
0
0
0
0
0
0
0
0
0
0
0
-0.52866
0
0
0
0
0
0
-0.37101
1.3266
0
0
0
0
-0.42692
0
0
-0.79462
-0.74851
-0.74851
0
0
0
0
0
0
0
0
0
0
0
0
0
0
0
0
0
0
0
0
2.2916
0
0
0
0
0
0
0
0
0
0
0
0
0
-9.4801
0
0
0
0
0
0
0
0
0
0
0
0
0
0
0
0
9.4801
0
0
0
0
0
0
0
0
0
0
0
0
0
-9.2458
0
0
0
0
0
0
0
0
0
0
0
0
0
0
0
0
9.2458
0
0
0
0
-10.5228
0
0
0
0
0
0
0
0
0
0
0
0
0
0
0
0
0
0
0
0
0
0
0
0
0
10.5228
0
0
0
0
0
0
0
0
0
0
0
0
0
0
0
0
0
0
0
0
0
0
0
0
0
-0.42692
0
0
0
0
0.42692
0
0
0
0
0
0
0
0
0
0
0
0
0
0
0
0
0
0
0
0
-2.8116
0
0
0
0
0
0
0
0
0
2.8116
0
0
0
0
0
0
0
0
0
0
0
0
0
0
0
0
0
0
0
0
0
0
-0.1045
0
0
0
0
0
0
0
0.1045
