27.3071
-0.50119
-0.48921
-0.50604
-0.4866
-0.50478
-0.50478
-0.52818
-0.51688
-0.52039
-0.53501
-0.48091
-0.53276
-0.53276
-0.53276
-0.38854
-0.70584
-0.70584
0
-0.23206
0
0
0
0
0
0
0
0
-9.0513
-9.0513
-0.50119
26.7491
-0.49032
-0.50563
-0.4843
-0.50217
-0.50217
-0.5251
-0.51309
-0.50949
-0.5324
-0.48158
-0.53079
-0.53079
-0.53079
-0.38793
-0.70439
-0.70439
0
0
0
-8.9063
0
-8.9063
0
0
0
0
0
0
-0.48921
-0.49032
24.5679
-0.50365
-0.48034
-0.49056
-0.49056
-0.51291
-0.50002
-0.49403
-0.51912
-0.48286
-0.51661
-0.51661
-0.51661
-0.37881
0
0
-0.2071
0
-8.4893
0
0
0
0
0
0
-8.4893
0
0
-0.50604
-0.50563
-0.50365
15.5392
-0.47552
-0.49321
-0.49321
-0.51557
-0.50354
-0.50291
-0.52186
-0.47603
-0.52024
-0.52024
-0.52024
-0.39645
-0.67909
-0.67909
0
0
0
0
-6.7266
0
0
0
0
0
0
0
-0.4866
-0.4843
-0.48034
-0.47552
8.3969
-0.46933
-0.46933
-0.4899
-0.47847
-0.48037
-0.49489
-0.45588
-0.49338
-0.49338
-0.49338
-0.38976
-0.63104
-0.63104
0
0
0
0
0
0
0
0
0
0
0
0
-0.50478
-0.50217
-0.49056
-0.49321
-0.46933
6.9388
-0.47625
-0.50512
-0.49183
-0.49629
-0.50918
-0.47331
-0.50892
-0.50892
-0.50892
0
0
0
0
0
0
0
0
0
0
0
0
0
0
0
-0.50478
-0.50217
-0.49056
-0.49321
-0.46933
-0.47625
6.9388
-0.50512
-0.49183
-0.49629
-0.50918
-0.47331
-0.50892
-0.50892
-0.50892
0
0
0
0
0
0
0
0
0
0
0
0
0
0
0
-0.52818
-0.5251
-0.51291
-0.51557
-0.4899
-0.50512
-0.50512
5.5936
-0.49281
-0.51202
-0.51445
-0.49245
0
0
0
0
0
0
0
0
0
0
0
0
0
0
0
0
0
0
-0.51688
-0.51309
-0.50002
-0.50354
-0.47847
-0.49183
-0.49183
-0.49281
4.9664
-0.47524
-0.50271
0
0
0
0
0
0
0
0
0
0
0
0
0
0
0
0
0
0
0
-0.52039
-0.50949
-0.49403
-0.50291
-0.48037
-0.49629
-0.49629
-0.51202
-0.47524
4.7489
0
0
0
0
0
0
0
0
0
-0.2619
0
0
0
0
0
0
0
0
0
0
-0.53501
-0.5324
-0.51912
-0.52186
-0.49489
-0.50918
-0.50918
-0.51445
-0.50271
0
4.6388
0
0
0
0
0
0
0
0
0
0
0
0
0
0
0
0
0
0
0
-0.48091
-0.48158
-0.48286
-0.47603
-0.45588
-0.47331
-0.47331
-0.49245
0
0
0
4.0484
0
0
0
0
0
0
-0.23203
0
0
0
0
0
0
0
0
0
0
0
-0.53276
-0.53079
-0.51661
-0.52024
-0.49338
-0.50892
-0.50892
0
0
0
0
0
3.6116
0
0
0
0
0
0
0
0
0
0
0
0
0
0
0
0
0
-0.53276
-0.53079
-0.51661
-0.52024
-0.49338
-0.50892
-0.50892
0
0
0
0
0
0
3.6116
0
0
0
0
0
0
0
0
0
0
0
0
0
0
0
0
-0.53276
-0.53079
-0.51661
-0.52024
-0.49338
-0.50892
-0.50892
0
0
0
0
0
0
0
3.6116
0
0
0
0
0
0
0
0
0
0
0
0
0
0
0
-0.38854
-0.38793
-0.37881
-0.39645
-0.38976
0
0
0
0
0
0
0
0
0
0
2.046
0
0
0
0
0
0
0
0
0
0
-0.1045
0
0
0
-0.70584
-0.70439
0
-0.67909
-0.63104
0
0
0
0
0
0
0
0
0
0
0
2.7204
0
0
0
0
0
0
0
0
0
0
0
0
0
-0.70584
-0.70439
0
-0.67909
-0.63104
0
0
0
0
0
0
0
0
0
0
0
0
2.7204
0
0
0
0
0
0
0
0
0
0
0
0
0
0
-0.2071
0
0
0
0
0
0
0
0
-0.23203
0
0
0
0
0
0
0.5708
0
0
0
0
0
-0.13168
0
0
0
0
0
-0.23206
0
0
0
0
0
0
0
0
-0.2619
0
0
0
0
0
0
0
0
0
0.65565
0
0
0
0
0
-0.1617
0
0
0
0
0
0
-8.4893
0
0
0
0
0
0
0
0
0
0
0
0
0
0
0
0
0
8.4893
0
0
0
0
0
0
0
0
0
0
-8.9063
0
0
0
0
0
0
0
0
0
0
0
0
0
0
0
0
0
0
0
8.9063
0
0
0
0
0
0
0
0
0
0
0
-6.7266
0
0
0
0
0
0
0
0
0
0
0
0
0
0
0
0
0
0
6.7266
0
0
0
0
0
0
0
0
-8.9063
0
0
0
0
0
0
0
0
0
0
0
0
0
0
0
0
0
0
0
0
0
8.9063
0
0
0
0
0
0
0
0
0
0
0
0
0
0
0
0
0
0
0
0
0
0
0
0
-0.13168
0
0
0
0
0
0.13168
0
0
0
0
0
0
0
0
0
0
0
0
0
0
0
0
0
0
0
0
0
0
0
0
-0.1617
0
0
0
0
0
0.1617
0
0
0
0
0
0
0
0
0
0
0
0
0
0
0
0
0
0
0
-0.1045
0
0
0
0
0
0
0
0
0
0
0.1045
0
0
0
0
0
-8.4893
0
0
0
0
0
0
0
0
0
0
0
0
0
0
0
0
0
0
0
0
0
0
0
0
8.4893
0
0
-9.0513
0
0
0
0
0
0
0
0
0
0
0
0
0
0
0
0
0
0
0
0
0
0
0
0
0
0
0
9.0513
0
-9.0513
0
0
0
0
0
0
0
0
0
0
0
0
0
0
0
0
0
0
0
0
0
0
0
0
0
0
0
0
9.0513
