19.1064
-0.93443
-0.93443
-0.857
-0.857
-0.857
-0.857
-0.94037
-0.90956
-0.90956
-0.90956
-0.83955
-0.83955
-0.86149
-0.89625
-0.8898
-0.88525
-0.88525
-0.88869
-0.93292
-0.87932
-0.87932
-0.46312
0
0
0
0
0
0
0
-0.93443
19.1064
-0.93443
-0.857
-0.857
-0.857
-0.857
-0.94037
-0.90956
-0.90956
-0.90956
-0.83955
-0.83955
-0.86149
-0.89625
-0.8898
-0.88525
-0.88525
-0.88869
-0.93292
-0.87932
-0.87932
-0.46312
0
0
0
0
0
0
0
-0.93443
-0.93443
19.1064
-0.857
-0.857
-0.857
-0.857
-0.94037
-0.90956
-0.90956
-0.90956
-0.83955
-0.83955
-0.86149
-0.89625
-0.8898
-0.88525
-0.88525
-0.88869
-0.93292
-0.87932
-0.87932
-0.46312
0
0
0
0
0
0
0
-0.857
-0.857
-0.857
17.1469
-0.78232
-0.78232
-0.78232
-0.85829
-0.83249
-0.83249
-0.83249
-0.77203
-0.77203
-0.7918
-0.8239
-0.81654
-0.81018
-0.81018
-0.81269
-0.85607
-0.80386
-0.80386
0
0
0
0
0
0
0
0
-0.857
-0.857
-0.857
-0.78232
17.1469
-0.78232
-0.78232
-0.85829
-0.83249
-0.83249
-0.83249
-0.77203
-0.77203
-0.7918
-0.8239
-0.81654
-0.81018
-0.81018
-0.81269
-0.85607
-0.80386
-0.80386
0
0
0
0
0
0
0
0
-0.857
-0.857
-0.857
-0.78232
-0.78232
17.1469
-0.78232
-0.85829
-0.83249
-0.83249
-0.83249
-0.77203
-0.77203
-0.7918
-0.8239
-0.81654
-0.81018
-0.81018
-0.81269
-0.85607
-0.80386
-0.80386
0
0
0
0
0
0
0
0
-0.857
-0.857
-0.857
-0.78232
-0.78232
-0.78232
17.1469
-0.85829
-0.83249
-0.83249
-0.83249
-0.77203
-0.77203
-0.7918
-0.8239
-0.81654
-0.81018
-0.81018
-0.81269
-0.85607
-0.80386
-0.80386
0
0
0
0
0
0
0
0
-0.94037
-0.94037
-0.94037
-0.85829
-0.85829
-0.85829
-0.85829
23.6174
-0.91746
-0.91746
-0.91746
-0.84262
-0.84262
-0.86595
-0.89124
-0.89464
-0.89267
-0.89267
-0.89603
0
0
0
0
0
0
0
0
0
0
-7.5923
-0.90956
-0.90956
-0.90956
-0.83249
-0.83249
-0.83249
-0.83249
-0.91746
15.5262
-0.87003
-0.87003
-0.81034
-0.81034
-0.84452
-0.88598
-0.8725
-0.86201
-0.86201
-0.86231
0
0
0
0
0
0
0
0
0
0
0
-0.90956
-0.90956
-0.90956
-0.83249
-0.83249
-0.83249
-0.83249
-0.91746
-0.87003
15.5262
-0.87003
-0.81034
-0.81034
-0.84452
-0.88598
-0.8725
-0.86201
-0.86201
-0.86231
0
0
0
0
0
0
0
0
0
0
0
-0.90956
-0.90956
-0.90956
-0.83249
-0.83249
-0.83249
-0.83249
-0.91746
-0.87003
-0.87003
15.5262
-0.81034
-0.81034
-0.84452
-0.88598
-0.8725
-0.86201
-0.86201
-0.86231
0
0
0
0
0
0
0
0
0
0
0
-0.83955
-0.83955
-0.83955
-0.77203
-0.77203
-0.77203
-0.77203
-0.84262
-0.81034
-0.81034
-0.81034
13.5351
-0.72193
-0.76718
-0.7973
-0.7929
-0.78771
-0.78771
0
0
0
0
0
0
0
0
0
0
0
0
-0.83955
-0.83955
-0.83955
-0.77203
-0.77203
-0.77203
-0.77203
-0.84262
-0.81034
-0.81034
-0.81034
-0.72193
13.5351
-0.76718
-0.7973
-0.7929
-0.78771
-0.78771
0
0
0
0
0
0
0
0
0
0
0
0
-0.86149
-0.86149
-0.86149
-0.7918
-0.7918
-0.7918
-0.7918
-0.86595
-0.84452
-0.84452
-0.84452
-0.76718
-0.76718
19.9006
-0.76881
0
-0.7986
-0.7986
0
0
0
0
0
0
0
-6.8491
0
0
0
0
-0.89625
-0.89625
-0.89625
-0.8239
-0.8239
-0.8239
-0.8239
-0.89124
-0.88598
-0.88598
-0.88598
-0.7973
-0.7973
-0.76881
27.1363
0
0
0
0
0
0
0
0
-7.6197
0
0
0
0
-7.6197
0
-0.8898
-0.8898
-0.8898
-0.81654
-0.81654
-0.81654
-0.81654
-0.89464
-0.8725
-0.8725
-0.8725
-0.7929
-0.7929
0
0
16.6375
0
0
0
0
0
0
0
0
-5.604
0
0
0
0
0
-0.88525
-0.88525
-0.88525
-0.81018
-0.81018
-0.81018
-0.81018
-0.89267
-0.86201
-0.86201
-0.86201
-0.78771
-0.78771
-0.7986
0
0
11.7492
0
0
0
0
0
0
0
0
0
0
0
0
0
-0.88525
-0.88525
-0.88525
-0.81018
-0.81018
-0.81018
-0.81018
-0.89267
-0.86201
-0.86201
-0.86201
-0.78771
-0.78771
-0.7986
0
0
0
11.7492
0
0
0
0
0
0
0
0
0
0
0
0
-0.88869
-0.88869
-0.88869
-0.81269
-0.81269
-0.81269
-0.81269
-0.89603
-0.86231
-0.86231
-0.86231
0
0
0
0
0
0
0
9.3998
0
0
0
0
0
0
0
0
0
0
0
-0.93292
-0.93292
-0.93292
-0.85607
-0.85607
-0.85607
-0.85607
0
0
0
0
0
0
0
0
0
0
0
0
6.9438
0
0
0
0
0
0
-0.72083
0
0
0
-0.87932
-0.87932
-0.87932
-0.80386
-0.80386
-0.80386
-0.80386
0
0
0
0
0
0
0
0
0
0
0
0
0
5.8534
0
0
0
0
0
0
0
0
0
-0.87932
-0.87932
-0.87932
-0.80386
-0.80386
-0.80386
-0.80386
0
0
0
0
0
0
0
0
0
0
0
0
0
0
5.8534
0
0
0
0
0
0
0
0
-0.46312
-0.46312
-0.46312
0
0
0
0
0
0
0
0
0
0
0
0
0
0
0
0
0
0
0
1.4939
0
0
0
0
-0.1045
0
0
0
0
0
0
0
0
0
0
0
0
0
0
0
0
-7.6197
0
0
0
0
0
0
0
0
7.6197
0
0
0
0
0
0
0
0
0
0
0
0
0
0
0
0
0
0
0
0
0
-5.604
0
0
0
0
0
0
0
0
5.604
0
0
0
0
0
0
0
0
0
0
0
0
0
0
0
0
0
0
-6.8491
0
0
0
0
0
0
0
0
0
0
0
6.8491
0
0
0
0
0
0
0
0
0
0
0
0
0
0
0
0
0
0
0
0
0
0
0
-0.72083
0
0
0
0
0
0
0.72083
0
0
0
0
0
0
0
0
0
0
0
0
0
0
0
0
0
0
0
0
0
0
0
0
0
-0.1045
0
0
0
0
0.1045
0
0
0
0
0
0
0
0
0
0
0
0
0
0
0
0
-7.6197
0
0
0
0
0
0
0
0
0
0
0
0
0
7.6197
0
0
0
0
0
0
0
0
-7.5923
0
0
0
0
0
0
0
0
0
0
0
0
0
0
0
0
0
0
0
0
0
7.5923
