30.4215
-0.94654
-0.94654
-0.93325
-0.86307
-0.86307
-0.93163
-0.94752
-0.96221
-0.94103
-0.94103
-0.94103
-0.91711
-0.82158
-0.82158
-0.86288
-0.86288
-0.91252
-0.94583
-0.91512
-1.1249
-0.83298
-0.5972
0
-10.59
0
0
0
0
0
-0.94654
28.9565
-0.91654
-0.90241
-0.82495
-0.82495
-0.89383
-0.9057
-0.91963
-0.8997
-0.8997
-0.8997
-0.88111
-0.78606
-0.78606
-0.82534
-0.82534
-0.8719
-0.90332
-0.8728
-1.0824
-0.79446
0
0
0
0
0
0
0
-10.4941
-0.94654
-0.91654
28.9565
-0.90241
-0.82495
-0.82495
-0.89383
-0.9057
-0.91963
-0.8997
-0.8997
-0.8997
-0.88111
-0.78606
-0.78606
-0.82534
-0.82534
-0.8719
-0.90332
-0.8728
-1.0824
-0.79446
0
0
0
0
0
0
-10.4941
0
-0.93325
-0.90241
-0.90241
18.7095
-0.80772
-0.80772
-0.87185
-0.88482
-0.89832
-0.8789
-0.8789
-0.8789
-0.85923
-0.76822
-0.76822
-0.8065
-0.8065
-0.85205
-0.88276
-0.85373
-1.0964
-0.77768
-0.59297
0
0
0
0
0
0
0
-0.86307
-0.82495
-0.82495
-0.80772
16.7186
-0.74172
-0.80201
-0.8132
-0.82521
-0.80772
-0.80772
-0.80772
-0.7928
-0.70663
-0.70663
-0.74157
-0.74157
-0.7824
-0.81018
-0.78236
-1.0157
-0.7128
0
0
0
0
0
0
0
0
-0.86307
-0.82495
-0.82495
-0.80772
-0.74172
16.7186
-0.80201
-0.8132
-0.82521
-0.80772
-0.80772
-0.80772
-0.7928
-0.70663
-0.70663
-0.74157
-0.74157
-0.7824
-0.81018
-0.78236
-1.0157
-0.7128
0
0
0
0
0
0
0
0
-0.93163
-0.89383
-0.89383
-0.87185
-0.80201
-0.80201
15.8589
-0.90559
-0.90295
-0.88328
-0.88328
-0.88328
-0.87354
-0.77207
-0.77207
-0.81057
-0.81057
-0.85547
-0.88585
0
0
0
0
-0.42519
0
0
0
0
0
0
-0.94752
-0.9057
-0.9057
-0.88482
-0.8132
-0.8132
-0.90559
16.4397
-0.90968
-0.89105
-0.89105
-0.89105
-0.87655
-0.77663
-0.77663
-0.81538
-0.81538
-0.86108
-0.89264
-0.86688
0
0
0
0
0
0
0
0
0
0
-0.96221
-0.91963
-0.91963
-0.89832
-0.82521
-0.82521
-0.90295
-0.90968
15.8281
-0.91182
-0.91182
-0.91182
-0.89773
-0.79095
-0.79095
-0.83051
-0.83051
-0.87786
-0.91132
0
0
0
0
0
0
0
0
0
0
0
-0.94103
-0.8997
-0.8997
-0.8789
-0.80772
-0.80772
-0.88328
-0.89105
-0.91182
14.5826
-0.87364
-0.87364
-0.92446
-0.76422
-0.76422
-0.80228
-0.80228
-0.85697
0
0
0
0
0
0
0
0
0
0
0
0
-0.94103
-0.8997
-0.8997
-0.8789
-0.80772
-0.80772
-0.88328
-0.89105
-0.91182
-0.87364
14.5826
-0.87364
-0.92446
-0.76422
-0.76422
-0.80228
-0.80228
-0.85697
0
0
0
0
0
0
0
0
0
0
0
0
-0.94103
-0.8997
-0.8997
-0.8789
-0.80772
-0.80772
-0.88328
-0.89105
-0.91182
-0.87364
-0.87364
14.5826
-0.92446
-0.76422
-0.76422
-0.80228
-0.80228
-0.85697
0
0
0
0
0
0
0
0
0
0
0
0
-0.91711
-0.88111
-0.88111
-0.85923
-0.7928
-0.7928
-0.87354
-0.87655
-0.89773
-0.92446
-0.92446
-0.92446
13.9678
-0.73182
-0.73182
-0.76811
-0.76811
0
0
0
0
0
0
-0.42254
0
0
0
0
0
0
-0.82158
-0.78606
-0.78606
-0.76822
-0.70663
-0.70663
-0.77207
-0.77663
-0.79095
-0.76422
-0.76422
-0.76422
-0.73182
11.9163
-0.63807
-0.66947
-0.66947
0
0
0
0
0
0
0
0
0
0
0
0
0
-0.82158
-0.78606
-0.78606
-0.76822
-0.70663
-0.70663
-0.77207
-0.77663
-0.79095
-0.76422
-0.76422
-0.76422
-0.73182
-0.63807
11.9163
-0.66947
-0.66947
0
0
0
0
0
0
0
0
0
0
0
0
0
-0.86288
-0.82534
-0.82534
-0.8065
-0.74157
-0.74157
-0.81057
-0.81538
-0.83051
-0.80228
-0.80228
-0.80228
-0.76811
-0.66947
-0.66947
11.7736
0
0
0
0
0
0
0
0
0
0
0
0
0
0
-0.86288
-0.82534
-0.82534
-0.8065
-0.74157
-0.74157
-0.81057
-0.81538
-0.83051
-0.80228
-0.80228
-0.80228
-0.76811
-0.66947
-0.66947
0
11.7736
0
0
0
0
0
0
0
0
0
0
0
0
0
-0.91252
-0.8719
-0.8719
-0.85205
-0.7824
-0.7824
-0.85547
-0.86108
-0.87786
-0.85697
-0.85697
-0.85697
0
0
0
0
0
10.2385
0
0
0
0
0
0
0
0
0
0
0
0
-0.94583
-0.90332
-0.90332
-0.88276
-0.81018
-0.81018
-0.88585
-0.89264
-0.91132
0
0
0
0
0
0
0
0
0
7.9454
0
0
0
0
0
0
0
0
0
0
0
-0.91512
-0.8728
-0.8728
-0.85373
-0.78236
-0.78236
0
-0.86688
0
0
0
0
0
0
0
0
0
0
0
5.9461
0
0
0
0
0
0
0
0
0
0
-1.1249
-1.0824
-1.0824
-1.0964
-1.0157
-1.0157
0
0
0
0
0
0
0
0
0
0
0
0
0
0
9.4928
0
0
0
0
-3.0754
0
0
0
0
-0.83298
-0.79446
-0.79446
-0.77768
-0.7128
-0.7128
0
0
0
0
0
0
0
0
0
0
0
0
0
0
0
4.6252
0
0
0
0
0
0
0
0
-0.5972
0
0
-0.59297
0
0
0
0
0
0
0
0
0
0
0
0
0
0
0
0
0
0
1.6306
0
0
0
-0.44048
0
0
0
0
0
0
0
0
0
-0.42519
0
0
0
0
0
-0.42254
0
0
0
0
0
0
0
0
0
0
1.0858
0
0
0
-0.23811
0
0
-10.59
0
0
0
0
0
0
0
0
0
0
0
0
0
0
0
0
0
0
0
0
0
0
0
10.59
0
0
0
0
0
0
0
0
0
0
0
0
0
0
0
0
0
0
0
0
0
0
0
0
0
-3.0754
0
0
0
0
3.0754
0
0
0
0
0
0
0
0
0
0
0
0
0
0
0
0
0
0
0
0
0
0
0
0
0
0
-0.44048
0
0
0
0.44048
0
0
0
0
0
0
0
0
0
0
0
0
0
0
0
0
0
0
0
0
0
0
0
0
0
0
-0.23811
0
0
0
0.23811
0
0
0
0
-10.4941
0
0
0
0
0
0
0
0
0
0
0
0
0
0
0
0
0
0
0
0
0
0
0
0
0
10.4941
0
0
-10.4941
0
0
0
0
0
0
0
0
0
0
0
0
0
0
0
0
0
0
0
0
0
0
0
0
0
0
0
10.4941
