25.7073
-0.92344
-0.93652
-0.93652
-0.92344
-0.92344
-0.92344
-0.88674
-0.83052
-0.83052
-0.83052
-0.83052
-0.83052
-0.82921
-0.87997
-0.88148
-0.82974
-0.88475
-0.85844
-0.85844
-0.93627
-0.98193
0
0
0
0
0
0
-7.1609
0
-0.92344
16.5812
-0.85354
-0.85354
-0.80103
-0.80103
-0.80103
-0.795
-0.73854
-0.73854
-0.73854
-0.73854
-0.73854
-0.76532
-0.7792
-0.78061
-0.77289
-0.78049
-0.7575
-0.7575
-0.81845
-0.84796
0
0
0
0
0
0
0
0
-0.93652
-0.85354
22.6002
-0.85296
-0.85354
-0.85354
-0.85354
-0.78902
-0.74714
-0.74714
-0.74714
-0.74714
-0.74714
-0.73519
-0.78884
-0.78999
-0.73645
-0.79243
-0.76934
-0.76934
-0.83963
0
0
0
-6.6507
0
0
0
0
0
-0.93652
-0.85354
-0.85296
22.6002
-0.85354
-0.85354
-0.85354
-0.78902
-0.74714
-0.74714
-0.74714
-0.74714
-0.74714
-0.73519
-0.78884
-0.78999
-0.73645
-0.79243
-0.76934
-0.76934
-0.83963
0
0
0
0
-6.6507
0
0
0
0
-0.92344
-0.80103
-0.85354
-0.85354
16.5812
-0.80103
-0.80103
-0.795
-0.73854
-0.73854
-0.73854
-0.73854
-0.73854
-0.76532
-0.7792
-0.78061
-0.77289
-0.78049
-0.7575
-0.7575
-0.81845
-0.84796
0
0
0
0
0
0
0
0
-0.92344
-0.80103
-0.85354
-0.85354
-0.80103
16.5812
-0.80103
-0.795
-0.73854
-0.73854
-0.73854
-0.73854
-0.73854
-0.76532
-0.7792
-0.78061
-0.77289
-0.78049
-0.7575
-0.7575
-0.81845
-0.84796
0
0
0
0
0
0
0
0
-0.92344
-0.80103
-0.85354
-0.85354
-0.80103
-0.80103
16.5812
-0.795
-0.73854
-0.73854
-0.73854
-0.73854
-0.73854
-0.76532
-0.7792
-0.78061
-0.77289
-0.78049
-0.7575
-0.7575
-0.81845
-0.84796
0
0
0
0
0
0
0
0
-0.88674
-0.795
-0.78902
-0.78902
-0.795
-0.795
-0.795
20.393
-0.71152
-0.71152
-0.71152
-0.71152
-0.71152
-0.69329
-0.74782
-0.74871
-0.6944
-0.75082
-0.72918
-0.72918
0
0
-6.0972
0
0
0
0
0
0
0
-0.83052
-0.73854
-0.74714
-0.74714
-0.73854
-0.73854
-0.73854
-0.71152
13.3926
-0.63587
-0.63587
-0.63587
-0.63587
-0.68831
-0.70262
-0.70371
-0.69358
-0.70379
-0.68333
-0.68333
0
0
0
0
0
0
0
0
0
0
-0.83052
-0.73854
-0.74714
-0.74714
-0.73854
-0.73854
-0.73854
-0.71152
-0.63587
13.3926
-0.63587
-0.63587
-0.63587
-0.68831
-0.70262
-0.70371
-0.69358
-0.70379
-0.68333
-0.68333
0
0
0
0
0
0
0
0
0
0
-0.83052
-0.73854
-0.74714
-0.74714
-0.73854
-0.73854
-0.73854
-0.71152
-0.63587
-0.63587
13.3926
-0.63587
-0.63587
-0.68831
-0.70262
-0.70371
-0.69358
-0.70379
-0.68333
-0.68333
0
0
0
0
0
0
0
0
0
0
-0.83052
-0.73854
-0.74714
-0.74714
-0.73854
-0.73854
-0.73854
-0.71152
-0.63587
-0.63587
-0.63587
13.3926
-0.63587
-0.68831
-0.70262
-0.70371
-0.69358
-0.70379
-0.68333
-0.68333
0
0
0
0
0
0
0
0
0
0
-0.83052
-0.73854
-0.74714
-0.74714
-0.73854
-0.73854
-0.73854
-0.71152
-0.63587
-0.63587
-0.63587
-0.63587
13.3926
-0.68831
-0.70262
-0.70371
-0.69358
-0.70379
-0.68333
-0.68333
0
0
0
0
0
0
0
0
0
0
-0.82921
-0.76532
-0.73519
-0.73519
-0.76532
-0.76532
-0.76532
-0.69329
-0.68831
-0.68831
-0.68831
-0.68831
-0.68831
24.841
-0.73617
-0.71718
0
0
0
0
0
0
0
-6.946
0
0
-6.946
0
0
0
-0.87997
-0.7792
-0.78884
-0.78884
-0.7792
-0.7792
-0.7792
-0.74782
-0.70262
-0.70262
-0.70262
-0.70262
-0.70262
-0.73617
12.0157
-0.71425
0
-0.72988
0
0
0
0
0
0
0
0
0
0
0
0
-0.88148
-0.78061
-0.78999
-0.78999
-0.78061
-0.78061
-0.78061
-0.74871
-0.70371
-0.70371
-0.70371
-0.70371
-0.70371
-0.71718
-0.71425
11.2826
0
0
0
0
0
0
0
0
0
0
0
0
0
0
-0.82974
-0.77289
-0.73645
-0.73645
-0.77289
-0.77289
-0.77289
-0.6944
-0.69358
-0.69358
-0.69358
-0.69358
-0.69358
0
0
0
21.1884
0
0
0
0
0
0
0
0
0
0
-5.816
0
-5.816
-0.88475
-0.78049
-0.79243
-0.79243
-0.78049
-0.78049
-0.78049
-0.75082
-0.70379
-0.70379
-0.70379
-0.70379
-0.70379
0
-0.72988
0
0
10.5912
0
0
0
0
0
0
0
0
0
0
0
0
-0.85844
-0.7575
-0.76934
-0.76934
-0.7575
-0.7575
-0.7575
-0.72918
-0.68333
-0.68333
-0.68333
-0.68333
-0.68333
0
0
0
0
0
9.5729
0
0
0
0
0
0
0
0
0
0
0
-0.85844
-0.7575
-0.76934
-0.76934
-0.7575
-0.7575
-0.7575
-0.72918
-0.68333
-0.68333
-0.68333
-0.68333
-0.68333
0
0
0
0
0
0
9.5729
0
0
0
0
0
0
0
0
0
0
-0.93627
-0.81845
-0.83963
-0.83963
-0.81845
-0.81845
-0.81845
0
0
0
0
0
0
0
0
0
0
0
0
0
5.8893
0
0
0
0
0
0
0
0
0
-0.98193
-0.84796
0
0
-0.84796
-0.84796
-0.84796
0
0
0
0
0
0
0
0
0
0
0
0
0
0
4.3738
0
0
0
0
0
0
0
0
0
0
0
0
0
0
0
-6.0972
0
0
0
0
0
0
0
0
0
0
0
0
0
0
6.0972
0
0
0
0
0
0
0
0
0
0
0
0
0
0
0
0
0
0
0
0
-6.946
0
0
0
0
0
0
0
0
0
6.946
0
0
0
0
0
0
0
0
-6.6507
0
0
0
0
0
0
0
0
0
0
0
0
0
0
0
0
0
0
0
0
0
6.6507
0
0
0
0
0
0
0
0
-6.6507
0
0
0
0
0
0
0
0
0
0
0
0
0
0
0
0
0
0
0
0
0
6.6507
0
0
0
0
0
0
0
0
0
0
0
0
0
0
0
0
0
-6.946
0
0
0
0
0
0
0
0
0
0
0
0
6.946
0
0
0
0
0
0
0
0
0
0
0
0
0
0
0
0
0
0
0
-5.816
0
0
0
0
0
0
0
0
0
0
5.816
0
0
-7.1609
0
0
0
0
0
0
0
0
0
0
0
0
0
0
0
0
0
0
0
0
0
0
0
0
0
0
0
7.1609
0
0
0
0
0
0
0
0
0
0
0
0
0
0
0
0
0
-5.816
0
0
0
0
0
0
0
0
0
0
0
0
5.816
