16.6114
-0.10379
-0.50989
-0.52412
-0.52937
-0.53484
-0.61323
-0.54562
-0.10875
-0.10562
-0.54716
-0.54925
-0.54671
-0.55207
-0.551
-0.5524
-0.55207
-0.6148
-0.80194
-0.73486
-1.2016
0
0
0
-2.1304
-3.7019
0
0
0
0
-0.10379
16.6105
-0.52059
-0.5256
-0.52175
-0.54451
-0.61277
-0.52968
-0.10885
-0.10567
-0.54679
-0.54742
-0.54722
-0.54614
-0.54826
-0.54975
-0.5488
-0.61807
-0.81759
-0.73256
-1.2032
0
0
0
-3.7013
-2.1302
0
0
0
0
-0.50989
-0.52059
13.9944
-0.143
-0.47025
-0.13171
-0.83293
-0.46856
-0.72808
-0.77552
-0.33176
-0.36882
-0.33877
-0.50959
-0.70298
-0.69328
-0.7442
-0.63256
-0.81641
-1.3754
-2.9
0
0
0
0
0
0
0
0
0
-0.52412
-0.5256
-0.143
13.9378
-0.25219
-0.73898
-0.53349
-0.24781
-0.7315
-0.78572
-0.67778
-0.64105
-0.67009
-0.53043
-0.38363
-0.37449
-0.36236
-0.5419
-0.96546
-1.4759
-2.8323
0
0
0
0
0
0
0
0
0
-0.52937
-0.52175
-0.47025
-0.25219
14.0175
-0.132
-0.10104
-0.82219
-0.69548
-0.76136
-0.54881
-0.52098
-0.53588
-0.43315
-0.32012
-0.31248
-0.30718
-0.11166
-1.2119
-1.5871
0
0
0
-3.8426
0
0
0
0
0
0
-0.53484
-0.54451
-0.13171
-0.73898
-0.132
13.7881
-0.10108
-0.12636
-0.7191
-0.77024
-0.39885
-0.42179
-0.40482
-0.57809
-0.78033
-0.77854
-0.83754
-0.77036
-1.0153
0
0
0
0
-4.0036
0
0
0
0
0
0
-0.61323
-0.61277
-0.83293
-0.53349
-0.10104
-0.10108
17.6671
-0.28809
-0.7158
-0.76071
-0.97999
-0.97239
-0.97558
-0.9485
-0.91293
-0.91399
-0.90487
-0.10413
-0.94122
0
0
-5.4544
0
0
0
0
0
0
0
0
-0.54562
-0.52968
-0.46856
-0.24781
-0.82219
-0.12636
-0.28809
13.1365
-0.665
-0.76672
-0.53543
-0.54925
-0.53787
-0.63839
-0.67647
-0.67827
-0.76119
-2.5612
-1.7384
0
0
0
0
0
0
0
0
0
0
0
-0.10875
-0.10885
-0.72808
-0.7315
-0.69548
-0.7191
-0.7158
-0.665
18.7682
-1.7444
-0.74271
-0.74122
-0.74072
-0.75034
-0.75879
-0.75833
-0.7688
0
-0.64364
0
0
0
0
0
0
0
0
0
0
-6.6467
-0.10562
-0.10567
-0.77552
-0.78572
-0.76136
-0.77024
-0.76071
-0.76672
-1.7444
18.6481
-0.76336
-0.76323
-0.76303
-0.77414
-0.78667
-0.78239
-0.7968
0
0
0
0
0
0
0
0
0
0
-6.6425
0
0
-0.54716
-0.54679
-0.33176
-0.67778
-0.54881
-0.39885
-0.97999
-0.53543
-0.74271
-0.76336
11.0804
-0.41606
-0.65268
-0.90653
-0.88129
-0.91721
-1.2339
0
0
0
0
0
0
0
0
0
0
0
0
0
-0.54925
-0.54742
-0.36882
-0.64105
-0.52098
-0.42179
-0.97239
-0.54925
-0.74122
-0.76323
-0.41606
10.52
-0.33269
-0.80612
-0.89027
-0.86704
-1.1324
0
0
0
0
0
0
0
0
0
0
0
0
0
-0.54671
-0.54722
-0.33877
-0.67009
-0.53588
-0.40482
-0.97558
-0.53787
-0.74072
-0.76303
-0.65268
-0.33269
10.8505
-0.63367
-1.0026
-1.0223
-1.1459
0
0
0
0
0
0
0
0
0
0
0
0
0
-0.55207
-0.54614
-0.50959
-0.53043
-0.43315
-0.57809
-0.9485
-0.63839
-0.75034
-0.77414
-0.90653
-0.80612
-0.63367
10.8162
-1.1082
-1.1009
0
0
0
0
0
0
0
0
0
0
0
0
0
0
-0.551
-0.54826
-0.70298
-0.38363
-0.32012
-0.78033
-0.91293
-0.67647
-0.75879
-0.78667
-0.88129
-0.89027
-1.0026
-1.1082
10.3035
0
0
0
0
0
0
0
0
0
0
0
0
0
0
0
-0.5524
-0.54975
-0.69328
-0.37449
-0.31248
-0.77854
-0.91399
-0.67827
-0.75833
-0.78239
-0.91721
-0.86704
-1.0223
-1.1009
0
10.3014
0
0
0
0
0
0
0
0
0
0
0
0
0
0
-0.55207
-0.5488
-0.7442
-0.36236
-0.30718
-0.83754
-0.90487
-0.76119
-0.7688
-0.7968
-1.2339
-1.1324
-1.1459
0
0
0
10.096
0
0
0
0
0
0
0
0
0
0
0
0
0
-0.6148
-0.61807
-0.63256
-0.5419
-0.11166
-0.77036
-0.10413
-2.5612
0
0
0
0
0
0
0
0
0
9.3287
0
0
0
0
-3.374
0
0
0
0
0
0
0
-0.80194
-0.81759
-0.81641
-0.96546
-1.2119
-1.0153
-0.94122
-1.7384
-0.64364
0
0
0
0
0
0
0
0
0
8.9519
0
0
0
0
0
0
0
0
0
0
0
-0.73486
-0.73256
-1.3754
-1.4759
-1.5871
0
0
0
0
0
0
0
0
0
0
0
0
0
0
9.4156
0
0
-3.5098
0
0
0
0
0
0
0
-1.2016
-1.2032
-2.9
-2.8323
0
0
0
0
0
0
0
0
0
0
0
0
0
0
0
0
8.1371
0
0
0
0
0
0
0
0
0
0
0
0
0
0
0
-5.4544
0
0
0
0
0
0
0
0
0
0
0
0
0
0
16.0756
0
-3.7706
0
0
0
0
-6.8507
0
0
0
0
0
0
0
0
0
0
0
0
0
0
0
0
0
0
-3.374
0
-3.5098
0
0
12.2034
0
0
0
-5.3196
0
0
0
0
0
0
0
-3.8426
-4.0036
0
0
0
0
0
0
0
0
0
0
0
0
0
0
0
-3.7706
0
11.6168
0
0
0
0
0
0
-2.1304
-3.7013
0
0
0
0
0
0
0
0
0
0
0
0
0
0
0
0
0
0
0
0
0
0
5.8317
0
0
0
0
0
-3.7019
-2.1302
0
0
0
0
0
0
0
0
0
0
0
0
0
0
0
0
0
0
0
0
0
0
0
5.8322
0
0
0
0
0
0
0
0
0
0
0
0
0
0
0
0
0
0
0
0
0
0
0
0
0
0
-5.3196
0
0
0
5.3196
0
0
0
0
0
0
0
0
0
0
0
0
-6.6425
0
0
0
0
0
0
0
0
0
0
0
0
0
0
0
0
0
6.6425
0
0
0
0
0
0
0
0
0
0
0
0
0
0
0
0
0
0
0
0
0
0
0
-6.8507
0
0
0
0
0
0
6.8507
0
0
0
0
0
0
0
0
0
-6.6467
0
0
0
0
0
0
0
0
0
0
0
0
0
0
0
0
0
0
0
0
6.6467
