17.5655
-0.76668
-0.76673
-0.7641
-0.71964
-0.71803
-0.73587
-0.63347
-0.61647
-0.64036
-0.63022
-0.61647
-0.5523
-0.67646
0
0
0
-1.306
0
0
0
-1.8092
0
0
-3.8044
-1.8092
0
0
0
0
-0.76668
13.3003
-0.81578
-0.82607
-0.8449
-0.79771
-0.79334
-0.69218
-0.66943
-0.67915
-0.70316
-0.66943
-0.59821
-0.79402
0
-1.2557
0
0
0
0
-2.3946
0
0
0
0
0
0
0
0
0
-0.76673
-0.81578
13.2846
-0.86877
-0.83511
-0.79376
-0.78081
-0.68848
-0.66664
-0.6744
-0.69806
-0.66664
-0.59564
-0.78709
0
-1.2542
0
0
0
0
0
0
0
0
0
0
-2.3925
0
0
0
-0.7641
-0.82607
-0.86877
13.41
-0.83512
-0.78989
-0.77499
-0.66488
-0.66235
-0.68951
-0.69433
-0.66235
-0.59149
-0.77874
0
0
0
0
0
-1.3566
-2.4508
0
0
0
0
0
0
0
0
0
-0.71964
-0.8449
-0.83511
-0.83512
18.0927
-0.76211
-0.7943
-0.6832
-0.66643
-0.68747
-0.67602
-0.66643
-0.56655
0
0
0
0
0
0
0
0
0
0
-3.8844
0
0
0
0
0
-5.471
-0.71803
-0.79771
-0.79376
-0.78989
-0.76211
10.6275
-0.74983
-0.65587
-0.62743
-0.66495
-0.6334
-0.62743
-0.55829
-0.7375
-1.5113
0
0
0
0
0
0
0
0
0
0
0
0
0
0
0
-0.73587
-0.79334
-0.78081
-0.77499
-0.7943
-0.74983
12.1061
-0.63048
-0.64438
-0.66146
-0.6674
-0.64438
-0.54693
0
0
0
0
0
0
-1.3015
0
0
0
0
0
0
-2.3804
0
0
0
-0.63347
-0.69218
-0.68848
-0.66488
-0.6832
-0.65587
-0.63048
8.2135
-0.52685
-0.50426
-0.51277
-0.52685
-0.43532
0
0
0
0
0
0
-1.0589
0
0
0
0
0
0
0
0
0
0
-0.61647
-0.66943
-0.66664
-0.66235
-0.66643
-0.62743
-0.64438
-0.52685
7.6538
-0.53859
-0.54306
-0.43647
-0.44502
-0.61066
0
0
0
0
0
0
0
0
0
0
0
0
0
0
0
0
-0.64036
-0.67915
-0.6744
-0.68951
-0.68747
-0.66495
-0.66146
-0.50426
-0.53859
8.2568
-0.51599
-0.53859
-0.44023
0
0
-1.0219
0
0
0
0
0
0
0
0
0
0
0
0
0
0
-0.63022
-0.70316
-0.69806
-0.69433
-0.67602
-0.6334
-0.6674
-0.51277
-0.54306
-0.51599
8.5919
-0.54306
-0.44392
0
-1.3305
0
0
0
0
0
0
0
0
0
0
0
0
0
0
0
-0.61647
-0.66943
-0.66664
-0.66235
-0.66643
-0.62743
-0.64438
-0.52685
-0.43647
-0.53859
-0.54306
7.6538
-0.44502
-0.61066
0
0
0
0
0
0
0
0
0
0
0
0
0
0
0
0
-0.5523
-0.59821
-0.59564
-0.59149
-0.56655
-0.55829
-0.54693
-0.43532
-0.44502
-0.44023
-0.44392
-0.44502
6.2189
0
0
0
0
0
0
0
0
0
0
0
0
0
0
0
0
0
-0.67646
-0.79402
-0.78709
-0.77874
0
-0.7375
0
0
-0.61066
0
0
-0.61066
0
8.3501
0
0
0
-1.2612
-2.0937
0
0
0
0
0
0
0
0
0
0
0
0
0
0
0
0
-1.5113
0
0
0
0
-1.3305
0
0
0
9.3864
0
0
-1.743
-2.1707
0
0
0
-2.6309
0
0
0
0
0
0
0
0
-1.2557
-1.2542
0
0
0
0
0
0
-1.0219
0
0
0
0
0
3.9331
-0.40136
0
0
0
0
0
0
0
0
0
0
0
0
0
0
0
0
0
0
0
0
0
0
0
0
0
0
0
0
-0.40136
6.049
0
0
0
0
-1.975
0
0
0
-1.975
0
-1.6977
0
0
-1.306
0
0
0
0
0
0
0
0
0
0
0
0
-1.2612
-1.743
0
0
6.2512
0
0
0
0
0
0
0
0
0
0
-1.941
0
0
0
0
0
0
0
0
0
0
0
0
0
0
-2.0937
-2.1707
0
0
0
7.0922
0
0
0
-2.8277
0
0
0
0
0
0
0
0
0
0
-1.3566
0
0
-1.3015
-1.0589
0
0
0
0
0
0
0
0
0
0
0
3.7171
0
0
0
0
0
0
0
0
0
0
0
-2.3946
0
-2.4508
0
0
0
0
0
0
0
0
0
0
0
0
0
0
0
0
4.8454
0
0
0
0
0
0
0
0
0
-1.8092
0
0
0
0
0
0
0
0
0
0
0
0
0
0
0
-1.975
0
0
0
0
3.7841
0
0
0
0
0
0
0
0
0
0
0
0
0
0
0
0
0
0
0
0
0
0
-2.6309
0
0
0
-2.8277
0
0
0
5.4586
0
0
0
0
0
0
0
0
0
0
0
-3.8844
0
0
0
0
0
0
0
0
0
0
0
0
0
0
0
0
0
0
4.2853
-0.40086
0
0
0
0
0
-3.8044
0
0
0
0
0
0
0
0
0
0
0
0
0
0
0
0
0
0
0
0
0
0
-0.40086
4.2052
0
0
0
0
0
-1.8092
0
0
0
0
0
0
0
0
0
0
0
0
0
0
0
-1.975
0
0
0
0
0
0
0
0
3.7841
0
0
0
0
0
0
-2.3925
0
0
0
-2.3804
0
0
0
0
0
0
0
0
0
0
0
0
0
0
0
0
0
0
0
4.7729
0
0
0
0
0
0
0
0
0
0
0
0
0
0
0
0
0
0
0
-1.6977
0
0
0
0
0
0
0
0
0
0
1.6977
0
0
0
0
0
0
0
0
0
0
0
0
0
0
0
0
0
0
0
-1.941
0
0
0
0
0
0
0
0
0
0
1.941
0
0
0
0
0
-5.471
0
0
0
0
0
0
0
0
0
0
0
0
0
0
0
0
0
0
0
0
0
0
0
0
5.471
