18.6725
-0.93503
-1.0035
-0.85909
-0.88339
-0.88339
-0.88339
-0.85141
-0.85023
-0.85023
-0.85023
-0.85023
-0.77186
-0.81867
-0.78953
-0.7677
-0.85953
-0.819
-0.85826
0
0
-1.8524
-1.4354
0
0
0
0
0
0
0
-0.93503
18.6725
-1.0035
-0.85909
-0.88339
-0.88339
-0.88339
-0.85141
-0.85023
-0.85023
-0.85023
-0.85023
-0.77186
-0.81867
-0.78953
-0.7677
-0.85953
-0.819
-0.85826
0
0
-1.8524
-1.4354
0
0
0
0
0
0
0
-1.0035
-1.0035
24.4267
-0.85946
-0.8747
-0.8747
-0.8747
-0.8642
-0.86278
-0.86278
-0.86278
-0.86278
-0.78302
-0.80675
-0.79454
-0.77866
-0.87456
-0.83345
-0.87497
0
-0.58187
0
0
0
-8.293
0
0
0
0
0
-0.85909
-0.85909
-0.85946
14.1808
-0.77966
-0.77966
-0.77966
-0.75036
-0.74881
-0.74881
-0.74881
-0.74881
-0.67932
-0.70887
-0.69012
-0.67528
-0.75541
-0.72039
-0.75563
0
-0.53361
0
0
0
0
0
0
0
0
0
-0.88339
-0.88339
-0.8747
-0.77966
21.9089
-0.78817
-0.78817
-0.76639
-0.76467
-0.76467
-0.76467
-0.76467
-0.69346
-0.713
-0.70252
-0.68923
-0.77226
-0.73649
-0.77332
0
0
0
0
0
0
-8.0061
0
0
0
0
-0.88339
-0.88339
-0.8747
-0.77966
-0.78817
21.9089
-0.78817
-0.76639
-0.76467
-0.76467
-0.76467
-0.76467
-0.69346
-0.713
-0.70252
-0.68923
-0.77226
-0.73649
-0.77332
0
0
0
0
0
0
0
0
-8.0061
0
0
-0.88339
-0.88339
-0.8747
-0.77966
-0.78817
-0.78817
21.9089
-0.76639
-0.76467
-0.76467
-0.76467
-0.76467
-0.69346
-0.713
-0.70252
-0.68923
-0.77226
-0.73649
-0.77332
0
0
0
0
0
0
0
0
0
0
-8.0061
-0.85141
-0.85141
-0.8642
-0.75036
-0.76639
-0.76639
-0.76639
13.7049
-0.75899
-0.75899
-0.75899
-0.75899
-0.68642
-0.72277
-0.70276
-0.68239
-0.76458
-0.72876
-0.76473
0
0
0
0
0
0
0
0
0
0
0
-0.85023
-0.85023
-0.86278
-0.74881
-0.76467
-0.76467
-0.76467
-0.75899
12.9048
-0.73705
-0.73705
-0.73705
-0.68454
-0.73642
-0.71643
-0.68387
-0.77274
-0.73458
0
0
0
0
0
0
0
0
0
0
0
0
-0.85023
-0.85023
-0.86278
-0.74881
-0.76467
-0.76467
-0.76467
-0.75899
-0.73705
12.9048
-0.73705
-0.73705
-0.68454
-0.73642
-0.71643
-0.68387
-0.77274
-0.73458
0
0
0
0
0
0
0
0
0
0
0
0
-0.85023
-0.85023
-0.86278
-0.74881
-0.76467
-0.76467
-0.76467
-0.75899
-0.73705
-0.73705
12.9048
-0.73705
-0.68454
-0.73642
-0.71643
-0.68387
-0.77274
-0.73458
0
0
0
0
0
0
0
0
0
0
0
0
-0.85023
-0.85023
-0.86278
-0.74881
-0.76467
-0.76467
-0.76467
-0.75899
-0.73705
-0.73705
-0.73705
12.9048
-0.68454
-0.73642
-0.71643
-0.68387
-0.77274
-0.73458
0
0
0
0
0
0
0
0
0
0
0
0
-0.77186
-0.77186
-0.78302
-0.67932
-0.69346
-0.69346
-0.69346
-0.68642
-0.68454
-0.68454
-0.68454
-0.68454
11.0292
-0.63188
-0.61505
-0.59641
-0.67481
0
0
0
0
0
0
0
0
0
0
0
0
0
-0.81867
-0.81867
-0.80675
-0.70887
-0.713
-0.713
-0.713
-0.72277
-0.73642
-0.73642
-0.73642
-0.73642
-0.63188
17.4849
-0.61187
-0.59905
0
0
0
0
0
0
0
-6.6816
0
0
0
0
0
0
-0.78953
-0.78953
-0.79454
-0.69012
-0.70252
-0.70252
-0.70252
-0.70276
-0.71643
-0.71643
-0.71643
-0.71643
-0.61505
-0.61187
10.9186
-0.58309
0
0
0
-0.36883
0
0
0
0
0
0
0
0
0
0
-0.7677
-0.7677
-0.77866
-0.67528
-0.68923
-0.68923
-0.68923
-0.68239
-0.68387
-0.68387
-0.68387
-0.68387
-0.59641
-0.59905
-0.58309
10.2534
0
0
0
0
0
0
0
0
0
0
0
0
0
0
-0.85953
-0.85953
-0.87456
-0.75541
-0.77226
-0.77226
-0.77226
-0.76458
-0.77274
-0.77274
-0.77274
-0.77274
-0.67481
0
0
0
10.1962
0
0
0
0
0
0
0
0
0
0
0
0
0
-0.819
-0.819
-0.83345
-0.72039
-0.73649
-0.73649
-0.73649
-0.72876
-0.73458
-0.73458
-0.73458
-0.73458
0
0
0
0
0
9.0684
0
0
0
0
0
0
0
0
0
0
0
0
-0.85826
-0.85826
-0.87497
-0.75563
-0.77332
-0.77332
-0.77332
-0.76473
0
0
0
0
0
0
0
0
0
0
6.4318
0
0
0
0
0
0
0
0
0
0
0
0
0
0
0
0
0
0
0
0
0
0
0
0
0
-0.36883
0
0
0
0
3.1616
0
-1.268
0
0
0
0
0
0
-1.5248
0
0
0
-0.58187
-0.53361
0
0
0
0
0
0
0
0
0
0
0
0
0
0
0
0
1.6036
0
0
0
0
0
-0.48815
0
0
0
-1.8524
-1.8524
0
0
0
0
0
0
0
0
0
0
0
0
0
0
0
0
0
-1.268
0
4.9727
0
0
0
0
0
0
0
0
-1.4354
-1.4354
0
0
0
0
0
0
0
0
0
0
0
0
0
0
0
0
0
0
0
0
2.8709
0
0
0
0
0
0
0
0
0
0
0
0
0
0
0
0
0
0
0
0
-6.6816
0
0
0
0
0
0
0
0
0
6.6816
0
0
0
0
0
0
0
0
-8.293
0
0
0
0
0
0
0
0
0
0
0
0
0
0
0
0
0
0
0
0
0
8.293
0
0
0
0
0
0
0
0
0
-8.0061
0
0
0
0
0
0
0
0
0
0
0
0
0
0
0
0
0
0
0
0
8.0061
0
0
0
0
0
0
0
0
0
0
0
0
0
0
0
0
0
0
0
0
0
0
0
0
-0.48815
0
0
0
0
0
0.48815
0
0
0
0
0
0
0
0
-8.0061
0
0
0
0
0
0
0
0
0
0
0
0
0
0
0
0
0
0
0
0
0
8.0061
0
0
0
0
0
0
0
0
0
0
0
0
0
0
0
0
0
0
0
0
0
-1.5248
0
0
0
0
0
0
0
0
1.5248
0
0
0
0
0
0
0
-8.0061
0
0
0
0
0
0
0
0
0
0
0
0
0
0
0
0
0
0
0
0
0
0
8.0061
