23.1265
-0.97471
-0.97471
-0.94105
-0.88932
-0.88932
-0.88932
-0.88932
-1.0762
-0.91494
-0.91494
-0.91494
-0.91494
-0.91494
-0.91494
-1.0971
-1.1939
-1.211
-0.83692
-0.83692
-0.83692
-0.83692
-2.1026
0
0
-1.1608
0
0
0
0
-0.97471
24.897
-0.95443
-0.94803
-0.89032
-0.89032
-0.89032
-0.89032
-1.076
-0.9148
-0.9148
-0.9148
-0.9148
-0.9148
-0.9148
-1.0969
-1.2051
-1.2269
-0.8368
-0.8368
-0.8368
-0.8368
-2.1617
0
-2.8559
0
0
0
0
0
-0.97471
-0.95443
24.897
-0.94803
-0.89032
-0.89032
-0.89032
-0.89032
-1.076
-0.9148
-0.9148
-0.9148
-0.9148
-0.9148
-0.9148
-1.0969
-1.2051
-1.2269
-0.8368
-0.8368
-0.8368
-0.8368
-2.1617
0
-2.8559
0
0
0
0
0
-0.94105
-0.94803
-0.94803
20.1773
-0.86837
-0.86837
-0.86837
-0.86837
-1.05
-0.89187
-0.89187
-0.89187
-0.89187
-0.89187
-0.89187
-1.0709
-1.1675
-1.2163
-0.81611
-0.81611
-0.81611
-0.81611
0
-0.7464
0
0
0
0
0
0
-0.88932
-0.89032
-0.89032
-0.86837
18.2403
-0.80693
-0.80693
-0.80693
-0.97974
-0.83294
-0.83294
-0.83294
-0.83294
-0.83294
-0.83294
-1.0003
-1.1166
-1.1356
-0.76281
-0.76281
-0.76281
-0.76281
0
0
0
0
0
0
0
0
-0.88932
-0.89032
-0.89032
-0.86837
-0.80693
18.2403
-0.80693
-0.80693
-0.97974
-0.83294
-0.83294
-0.83294
-0.83294
-0.83294
-0.83294
-1.0003
-1.1166
-1.1356
-0.76281
-0.76281
-0.76281
-0.76281
0
0
0
0
0
0
0
0
-0.88932
-0.89032
-0.89032
-0.86837
-0.80693
-0.80693
18.2403
-0.80693
-0.97974
-0.83294
-0.83294
-0.83294
-0.83294
-0.83294
-0.83294
-1.0003
-1.1166
-1.1356
-0.76281
-0.76281
-0.76281
-0.76281
0
0
0
0
0
0
0
0
-0.88932
-0.89032
-0.89032
-0.86837
-0.80693
-0.80693
-0.80693
18.2403
-0.97974
-0.83294
-0.83294
-0.83294
-0.83294
-0.83294
-0.83294
-1.0003
-1.1166
-1.1356
-0.76281
-0.76281
-0.76281
-0.76281
0
0
0
0
0
0
0
0
-1.0762
-1.076
-1.076
-1.05
-0.97974
-0.97974
-0.97974
-0.97974
15.7959
-1.0592
-1.0592
-1.0592
-1.0592
-1.0592
-1.0592
-1.2436
0
0
0
0
0
0
0
0
0
0
0
0
0
0
-0.91494
-0.9148
-0.9148
-0.89187
-0.83294
-0.83294
-0.83294
-0.83294
-1.0592
12.2401
-0.84255
-0.84255
-0.84255
-0.84255
-0.84255
0
0
0
0
0
0
0
0
0
0
0
0
0
0
0
-0.91494
-0.9148
-0.9148
-0.89187
-0.83294
-0.83294
-0.83294
-0.83294
-1.0592
-0.84255
12.2401
-0.84255
-0.84255
-0.84255
-0.84255
0
0
0
0
0
0
0
0
0
0
0
0
0
0
0
-0.91494
-0.9148
-0.9148
-0.89187
-0.83294
-0.83294
-0.83294
-0.83294
-1.0592
-0.84255
-0.84255
12.2401
-0.84255
-0.84255
-0.84255
0
0
0
0
0
0
0
0
0
0
0
0
0
0
0
-0.91494
-0.9148
-0.9148
-0.89187
-0.83294
-0.83294
-0.83294
-0.83294
-1.0592
-0.84255
-0.84255
-0.84255
12.2401
-0.84255
-0.84255
0
0
0
0
0
0
0
0
0
0
0
0
0
0
0
-0.91494
-0.9148
-0.9148
-0.89187
-0.83294
-0.83294
-0.83294
-0.83294
-1.0592
-0.84255
-0.84255
-0.84255
-0.84255
12.2401
-0.84255
0
0
0
0
0
0
0
0
0
0
0
0
0
0
0
-0.91494
-0.9148
-0.9148
-0.89187
-0.83294
-0.83294
-0.83294
-0.83294
-1.0592
-0.84255
-0.84255
-0.84255
-0.84255
-0.84255
12.2401
0
0
0
0
0
0
0
0
0
0
0
0
0
0
0
-1.0971
-1.0969
-1.0969
-1.0709
-1.0003
-1.0003
-1.0003
-1.0003
-1.2436
0
0
0
0
0
0
9.6067
0
0
0
0
0
0
0
0
0
0
0
0
0
0
-1.1939
-1.2051
-1.2051
-1.1675
-1.1166
-1.1166
-1.1166
-1.1166
0
0
0
0
0
0
0
0
10.7096
0
0
0
0
0
0
0
0
0
-1.4716
0
0
0
-1.211
-1.2269
-1.2269
-1.2163
-1.1356
-1.1356
-1.1356
-1.1356
0
0
0
0
0
0
0
0
0
10.582
0
0
0
0
0
-1.1587
0
0
0
0
0
0
-0.83692
-0.8368
-0.8368
-0.81611
-0.76281
-0.76281
-0.76281
-0.76281
0
0
0
0
0
0
0
0
0
0
6.3779
0
0
0
0
0
0
0
0
0
0
0
-0.83692
-0.8368
-0.8368
-0.81611
-0.76281
-0.76281
-0.76281
-0.76281
0
0
0
0
0
0
0
0
0
0
0
6.3779
0
0
0
0
0
0
0
0
0
0
-0.83692
-0.8368
-0.8368
-0.81611
-0.76281
-0.76281
-0.76281
-0.76281
0
0
0
0
0
0
0
0
0
0
0
0
6.3779
0
0
0
0
0
0
0
0
0
-0.83692
-0.8368
-0.8368
-0.81611
-0.76281
-0.76281
-0.76281
-0.76281
0
0
0
0
0
0
0
0
0
0
0
0
0
6.3779
0
0
0
0
0
0
0
0
-2.1026
-2.1617
-2.1617
0
0
0
0
0
0
0
0
0
0
0
0
0
0
0
0
0
0
0
13.0536
0
0
0
0
0
0
-6.6277
0
0
0
-0.7464
0
0
0
0
0
0
0
0
0
0
0
0
0
-1.1587
0
0
0
0
0
2.6204
0
0
0
0
-0.71534
0
0
-2.8559
-2.8559
0
0
0
0
0
0
0
0
0
0
0
0
0
0
0
0
0
0
0
0
0
5.7119
0
0
0
0
0
-1.1608
0
0
0
0
0
0
0
0
0
0
0
0
0
0
0
0
0
0
0
0
0
0
0
0
2.9469
0
-1.7861
0
0
0
0
0
0
0
0
0
0
0
0
0
0
0
0
0
0
-1.4716
0
0
0
0
0
0
0
0
0
3.1521
-1.6805
0
0
0
0
0
0
0
0
0
0
0
0
0
0
0
0
0
0
0
0
0
0
0
0
0
0
0
-1.7861
-1.6805
3.4666
0
0
0
0
0
0
0
0
0
0
0
0
0
0
0
0
0
0
0
0
0
0
0
0
0
-0.71534
0
0
0
0
0.71534
0
0
0
0
0
0
0
0
0
0
0
0
0
0
0
0
0
0
0
0
0
0
0
-6.6277
0
0
0
0
0
0
6.6277
