25.02
-0.95646
-0.93814
-0.95646
-0.87546
-0.87572
-0.87572
-0.82895
-0.82895
-0.8457
-0.8457
-0.82252
-0.78144
-0.75487
-0.75487
-0.75042
-0.75042
-0.79892
-0.84867
-0.8854
0
0
0
0
0
0
-9.0452
0
0
0
-0.95646
25.02
-0.93814
-0.95646
-0.87546
-0.87572
-0.87572
-0.82895
-0.82895
-0.8457
-0.8457
-0.82252
-0.78144
-0.75487
-0.75487
-0.75042
-0.75042
-0.79892
-0.84867
-0.8854
0
0
0
0
0
-9.0452
0
0
0
0
-0.93814
-0.93814
16.0147
-0.93814
-0.85447
-0.85437
-0.85437
-0.80898
-0.80898
-0.82984
-0.82984
-0.80111
-0.7678
-0.73718
-0.73718
-0.73297
-0.73297
-0.77755
-0.82698
-0.86097
-0.38477
0
0
0
0
0
0
0
0
0
-0.95646
-0.95646
-0.93814
25.02
-0.87546
-0.87572
-0.87572
-0.82895
-0.82895
-0.8457
-0.8457
-0.82252
-0.78144
-0.75487
-0.75487
-0.75042
-0.75042
-0.79892
-0.84867
-0.8854
0
0
-9.0452
0
0
0
0
0
0
0
-0.87546
-0.87546
-0.85447
-0.87546
14.3078
-0.80937
-0.80937
-0.76262
-0.76262
-0.78134
-0.78134
-0.75513
-0.72381
-0.6937
-0.6937
-0.69053
-0.69053
-0.73186
-0.77905
0
-0.36198
0
0
0
0
0
0
0
0
0
-0.87572
-0.87572
-0.85437
-0.87572
-0.80937
14.7929
-0.80505
-0.76444
-0.76444
-0.78725
-0.78725
-0.76184
-0.72899
-0.69601
-0.69601
-0.6923
-0.6923
-0.73948
-0.77832
-0.80833
0
0
0
0
0
0
0
0
0
0
-0.87572
-0.87572
-0.85437
-0.87572
-0.80937
-0.80505
14.7929
-0.76444
-0.76444
-0.78725
-0.78725
-0.76184
-0.72899
-0.69601
-0.69601
-0.6923
-0.6923
-0.73948
-0.77832
-0.80833
0
0
0
0
0
0
0
0
0
0
-0.82895
-0.82895
-0.80898
-0.82895
-0.76262
-0.76444
-0.76444
13.22
-0.69585
-0.74901
-0.74901
-0.72839
-0.6827
-0.65196
-0.65196
-0.64925
-0.64925
-0.69194
-0.73331
0
0
0
0
0
0
0
0
0
0
0
-0.82895
-0.82895
-0.80898
-0.82895
-0.76262
-0.76444
-0.76444
-0.69585
13.22
-0.74901
-0.74901
-0.72839
-0.6827
-0.65196
-0.65196
-0.64925
-0.64925
-0.69194
-0.73331
0
0
0
0
0
0
0
0
0
0
0
-0.8457
-0.8457
-0.82984
-0.8457
-0.78134
-0.78725
-0.78725
-0.74901
-0.74901
20.8767
-0.75504
-0.74068
-0.68136
-0.66142
-0.66142
-0.65802
-0.65802
-0.69638
0
0
0
0
0
0
0
0
0
-8.1436
0
0
-0.8457
-0.8457
-0.82984
-0.8457
-0.78134
-0.78725
-0.78725
-0.74901
-0.74901
-0.75504
20.8767
-0.74068
-0.68136
-0.66142
-0.66142
-0.65802
-0.65802
-0.69638
0
0
0
0
0
-8.1436
0
0
0
0
0
0
-0.82252
-0.82252
-0.80111
-0.82252
-0.75513
-0.76184
-0.76184
-0.72839
-0.72839
-0.74068
-0.74068
12.634
-0.66016
-0.64171
-0.64171
-0.63457
-0.63457
-0.67812
0
0
0
-0.25753
0
0
0
0
0
0
0
0
-0.78144
-0.78144
-0.7678
-0.78144
-0.72381
-0.72899
-0.72899
-0.6827
-0.6827
-0.68136
-0.68136
-0.66016
18.6772
-0.61517
-0.61517
-0.58499
-0.58499
0
0
0
0
0
0
0
0
0
0
0
-7.5947
0
-0.75487
-0.75487
-0.73718
-0.75487
-0.6937
-0.69601
-0.69601
-0.65196
-0.65196
-0.66142
-0.66142
-0.64171
-0.61517
11.3551
-0.58983
-0.5863
-0.5863
-0.62149
0
0
0
0
0
0
0
0
0
0
0
0
-0.75487
-0.75487
-0.73718
-0.75487
-0.6937
-0.69601
-0.69601
-0.65196
-0.65196
-0.66142
-0.66142
-0.64171
-0.61517
-0.58983
11.3551
-0.5863
-0.5863
-0.62149
0
0
0
0
0
0
0
0
0
0
0
0
-0.75042
-0.75042
-0.73297
-0.75042
-0.69053
-0.6923
-0.6923
-0.64925
-0.64925
-0.65802
-0.65802
-0.63457
-0.58499
-0.5863
-0.5863
10.6272
-0.56111
0
0
0
0
0
0
0
0
0
0
0
0
0
-0.75042
-0.75042
-0.73297
-0.75042
-0.69053
-0.6923
-0.6923
-0.64925
-0.64925
-0.65802
-0.65802
-0.63457
-0.58499
-0.5863
-0.5863
-0.56111
10.6272
0
0
0
0
0
0
0
0
0
0
0
0
0
-0.79892
-0.79892
-0.77755
-0.79892
-0.73186
-0.73948
-0.73948
-0.69194
-0.69194
-0.69638
-0.69638
-0.67812
0
-0.62149
-0.62149
0
0
10.3403
0
0
0
-0.2574
0
0
0
0
0
0
0
0
-0.84867
-0.84867
-0.82698
-0.84867
-0.77905
-0.77832
-0.77832
-0.73331
-0.73331
0
0
0
0
0
0
0
0
0
7.1753
0
0
0
0
0
0
0
0
0
0
0
-0.8854
-0.8854
-0.86097
-0.8854
0
-0.80833
-0.80833
0
0
0
0
0
0
0
0
0
0
0
0
5.1338
0
0
0
0
0
0
0
0
0
0
0
0
-0.38477
0
-0.36198
0
0
0
0
0
0
0
0
0
0
0
0
0
0
0
0.9591
0
0
0
0
0
0
0
0
-0.21234
0
0
0
0
0
0
0
0
0
0
0
-0.25753
0
0
0
0
0
-0.2574
0
0
0
0.61943
0
0
-0.1045
0
0
0
0
0
0
0
0
-9.0452
0
0
0
0
0
0
0
0
0
0
0
0
0
0
0
0
0
0
9.0452
0
0
0
0
0
0
0
0
0
0
0
0
0
0
0
0
0
-8.1436
0
0
0
0
0
0
0
0
0
0
0
0
8.1436
0
0
0
0
0
0
0
0
0
0
0
0
0
0
0
0
0
0
0
0
0
0
0
0
0
0
0
-0.1045
0
0
0.1045
0
0
0
0
0
0
-9.0452
0
0
0
0
0
0
0
0
0
0
0
0
0
0
0
0
0
0
0
0
0
0
0
9.0452
0
0
0
0
-9.0452
0
0
0
0
0
0
0
0
0
0
0
0
0
0
0
0
0
0
0
0
0
0
0
0
0
9.0452
0
0
0
0
0
0
0
0
0
0
0
0
-8.1436
0
0
0
0
0
0
0
0
0
0
0
0
0
0
0
0
0
8.1436
0
0
0
0
0
0
0
0
0
0
0
0
0
0
-7.5947
0
0
0
0
0
0
0
0
0
0
0
0
0
0
0
7.5947
0
0
0
0
0
0
0
0
0
0
0
0
0
0
0
0
0
0
0
0
0
-0.21234
0
0
0
0
0
0
0
0
0.21234
