23.5138
-1.2015
-1.2015
-1.2015
-1.2015
-0.97284
-0.97284
-1.0081
-0.97284
-1.0024
-0.97284
-0.97284
-1.015
-1.015
-1.0212
-1.1291
-1.069
-1.069
-1.0649
-1.0011
-1.0394
-1.0635
-1.346
0
0
0
0
0
0
0
-1.2015
23.5138
-1.2015
-1.2015
-1.2015
-0.97284
-0.97284
-1.0081
-0.97284
-1.0024
-0.97284
-0.97284
-1.015
-1.015
-1.0212
-1.1291
-1.069
-1.069
-1.0649
-1.0011
-1.0394
-1.0635
-1.346
0
0
0
0
0
0
0
-1.2015
-1.2015
23.5138
-1.2015
-1.2015
-0.97284
-0.97284
-1.0081
-0.97284
-1.0024
-0.97284
-0.97284
-1.015
-1.015
-1.0212
-1.1291
-1.069
-1.069
-1.0649
-1.0011
-1.0394
-1.0635
-1.346
0
0
0
0
0
0
0
-1.2015
-1.2015
-1.2015
23.5138
-1.2015
-0.97284
-0.97284
-1.0081
-0.97284
-1.0024
-0.97284
-0.97284
-1.015
-1.015
-1.0212
-1.1291
-1.069
-1.069
-1.0649
-1.0011
-1.0394
-1.0635
-1.346
0
0
0
0
0
0
0
-1.2015
-1.2015
-1.2015
-1.2015
23.5138
-0.97284
-0.97284
-1.0081
-0.97284
-1.0024
-0.97284
-0.97284
-1.015
-1.015
-1.0212
-1.1291
-1.069
-1.069
-1.0649
-1.0011
-1.0394
-1.0635
-1.346
0
0
0
0
0
0
0
-0.97284
-0.97284
-0.97284
-0.97284
-0.97284
17.543
-0.74295
-0.79249
-0.74295
-0.78846
-0.74295
-0.74295
-0.78933
-0.78933
-0.78695
-0.87443
-0.82899
-0.82899
-0.82198
-0.77615
-0.80321
-0.82665
0
0
0
0
0
0
0
0
-0.97284
-0.97284
-0.97284
-0.97284
-0.97284
-0.74295
17.543
-0.79249
-0.74295
-0.78846
-0.74295
-0.74295
-0.78933
-0.78933
-0.78695
-0.87443
-0.82899
-0.82899
-0.82198
-0.77615
-0.80321
-0.82665
0
0
0
0
0
0
0
0
-1.0081
-1.0081
-1.0081
-1.0081
-1.0081
-0.79249
-0.79249
19.6817
-0.79249
-0.78788
-0.79249
-0.79249
-0.78741
-0.78741
-0.77487
-0.86228
-0.82372
-0.82372
-0.81073
-0.77061
-0.77692
0
0
-2.673
0
0
0
0
0
0
-0.97284
-0.97284
-0.97284
-0.97284
-0.97284
-0.74295
-0.74295
-0.79249
17.543
-0.78846
-0.74295
-0.74295
-0.78933
-0.78933
-0.78695
-0.87443
-0.82899
-0.82899
-0.82198
-0.77615
-0.80321
-0.82665
0
0
0
0
0
0
0
0
-1.0024
-1.0024
-1.0024
-1.0024
-1.0024
-0.78846
-0.78846
-0.78788
-0.78846
17.653
-0.78846
-0.78846
-0.7825
-0.7825
-0.76921
-0.856
-0.8186
-0.8186
-0.80491
-0.76591
-0.78782
0
0
0
-0.72467
0
0
0
0
0
-0.97284
-0.97284
-0.97284
-0.97284
-0.97284
-0.74295
-0.74295
-0.79249
-0.74295
-0.78846
17.543
-0.74295
-0.78933
-0.78933
-0.78695
-0.87443
-0.82899
-0.82899
-0.82198
-0.77615
-0.80321
-0.82665
0
0
0
0
0
0
0
0
-0.97284
-0.97284
-0.97284
-0.97284
-0.97284
-0.74295
-0.74295
-0.79249
-0.74295
-0.78846
-0.74295
17.543
-0.78933
-0.78933
-0.78695
-0.87443
-0.82899
-0.82899
-0.82198
-0.77615
-0.80321
-0.82665
0
0
0
0
0
0
0
0
-1.015
-1.015
-1.015
-1.015
-1.015
-0.78933
-0.78933
-0.78741
-0.78933
-0.7825
-0.78933
-0.78933
16.5362
-0.8079
-0.82393
-0.91018
-0.86672
-0.86672
-0.85895
-0.81035
0
0
0
0
0
0
0
0
0
0
-1.015
-1.015
-1.015
-1.015
-1.015
-0.78933
-0.78933
-0.78741
-0.78933
-0.7825
-0.78933
-0.78933
-0.8079
16.5362
-0.82393
-0.91018
-0.86672
-0.86672
-0.85895
-0.81035
0
0
0
0
0
0
0
0
0
0
-1.0212
-1.0212
-1.0212
-1.0212
-1.0212
-0.78695
-0.78695
-0.77487
-0.78695
-0.76921
-0.78695
-0.78695
-0.82393
-0.82393
18.5692
-0.86329
-0.86749
-0.86749
0
0
0
0
0
0
0
0
0
0
-3.7381
0
-1.1291
-1.1291
-1.1291
-1.1291
-1.1291
-0.87443
-0.87443
-0.86228
-0.87443
-0.856
-0.87443
-0.87443
-0.91018
-0.91018
-0.86329
17.6918
0
0
0
0
0
0
0
0
0
0
-3.2724
0
0
0
-1.069
-1.069
-1.069
-1.069
-1.069
-0.82899
-0.82899
-0.82372
-0.82899
-0.8186
-0.82899
-0.82899
-0.86672
-0.86672
-0.86749
0
13.733
0
0
0
0
0
0
0
0
0
0
0
0
0
-1.069
-1.069
-1.069
-1.069
-1.069
-0.82899
-0.82899
-0.82372
-0.82899
-0.8186
-0.82899
-0.82899
-0.86672
-0.86672
-0.86749
0
0
13.733
0
0
0
0
0
0
0
0
0
0
0
0
-1.0649
-1.0649
-1.0649
-1.0649
-1.0649
-0.82198
-0.82198
-0.81073
-0.82198
-0.80491
-0.82198
-0.82198
-0.85895
-0.85895
0
0
0
0
15.6101
0
0
0
0
0
0
0
0
-2.8422
0
0
-1.0011
-1.0011
-1.0011
-1.0011
-1.0011
-0.77615
-0.77615
-0.77061
-0.77615
-0.76591
-0.77615
-0.77615
-0.81035
-0.81035
0
0
0
0
0
12.0434
0
0
0
0
0
0
0
0
0
0
-1.0394
-1.0394
-1.0394
-1.0394
-1.0394
-0.80321
-0.80321
-0.77692
-0.80321
-0.78782
-0.80321
-0.80321
0
0
0
0
0
0
0
0
15.617
0
0
0
0
-4.8392
0
0
0
0
-1.0635
-1.0635
-1.0635
-1.0635
-1.0635
-0.82665
-0.82665
0
-0.82665
0
-0.82665
-0.82665
0
0
0
0
0
0
0
0
0
9.4505
0
0
0
0
0
0
0
0
-1.346
-1.346
-1.346
-1.346
-1.346
0
0
0
0
0
0
0
0
0
0
0
0
0
0
0
0
0
6.7299
0
0
0
0
0
0
0
0
0
0
0
0
0
0
-2.673
0
0
0
0
0
0
0
0
0
0
0
0
0
0
0
6.2139
-1.897
-1.6438
0
0
0
0
0
0
0
0
0
0
0
0
0
-0.72467
0
0
0
0
0
0
0
0
0
0
0
0
0
-1.897
4.6016
0
0
0
0
-1.9799
0
0
0
0
0
0
0
0
0
0
0
0
0
0
0
0
0
0
0
0
-4.8392
0
0
-1.6438
0
6.483
0
0
0
0
0
0
0
0
0
0
0
0
0
0
0
0
0
0
0
-3.2724
0
0
0
0
0
0
0
0
0
0
3.2724
0
0
0
0
0
0
0
0
0
0
0
0
0
0
0
0
0
0
0
0
0
-2.8422
0
0
0
0
0
0
0
0
2.8422
0
0
0
0
0
0
0
0
0
0
0
0
0
0
0
0
-3.7381
0
0
0
0
0
0
0
0
0
0
0
0
0
3.7381
0
0
0
0
0
0
0
0
0
0
0
0
0
0
0
0
0
0
0
0
0
0
0
0
0
-1.9799
0
0
0
0
1.9799
