18.4981
-0.71915
-0.71596
-0.72981
-0.7624
-0.73235
-0.73094
-0.75804
-0.75804
-0.70333
-0.70333
-0.78608
-0.77582
-0.73616
-0.97333
-0.73951
-0.862
0
0
0
0
0
0
0
0
0
0
-6.3118
0
0
-0.71915
11.7805
-0.70269
-0.71612
-0.73954
-0.71602
-0.71469
-0.73605
-0.73605
-0.68956
-0.68956
-0.79963
-0.75831
-0.72157
-0.92388
-0.72219
0
0
0
0
0
-0.69552
0
0
0
0
0
0
0
0
-0.71596
-0.70269
11.0112
-0.71071
-0.73784
-0.71385
-0.71262
-0.73243
-0.73243
-0.68566
-0.68566
-0.77134
-0.758
-0.72258
-0.9187
-0.71072
0
0
0
0
0
0
0
0
0
0
0
0
0
0
-0.72981
-0.71612
-0.71071
9.5398
-0.75093
-0.72691
-0.72193
-0.7452
-0.7452
-0.69393
-0.69393
-0.79291
-0.78083
0
0
-0.73143
0
0
0
0
0
0
0
0
0
0
0
0
0
0
-0.7624
-0.73954
-0.73784
-0.75093
13.8805
-0.75623
-0.75236
-0.78477
-0.78477
-0.71618
-0.71618
0
0
0
0
0
0
0
-0.64084
0
0
0
0
0
0
-5.7385
0
0
0
0
-0.73235
-0.71602
-0.71385
-0.72691
-0.75623
8.0887
-0.72477
-0.74654
-0.74654
-0.68794
-0.68794
0
0
0
0
0
-0.84959
0
0
0
0
0
0
0
0
0
0
0
0
0
-0.73094
-0.71469
-0.71262
-0.72193
-0.75236
-0.72477
7.7939
-0.74311
-0.74311
-0.68476
-0.68476
0
0
0
0
0
0
-0.58082
0
0
0
0
0
0
0
0
0
0
0
0
-0.75804
-0.73605
-0.73243
-0.7452
-0.78477
-0.74654
-0.74311
12.8439
-0.76893
-0.70062
-0.70062
0
0
0
0
0
0
0
0
0
0
0
0
-5.4276
0
0
0
0
0
0
-0.75804
-0.73605
-0.73243
-0.7452
-0.78477
-0.74654
-0.74311
-0.76893
12.8439
-0.70062
-0.70062
0
0
0
0
0
0
0
0
0
0
0
0
0
0
0
-5.4276
0
0
0
-0.70333
-0.68956
-0.68566
-0.69393
-0.71618
-0.68794
-0.68476
-0.70062
-0.70062
6.9141
-0.65145
0
0
0
0
0
0
0
0
0
0
0
0
0
0
0
0
0
0
0
-0.70333
-0.68956
-0.68566
-0.69393
-0.71618
-0.68794
-0.68476
-0.70062
-0.70062
-0.65145
6.9141
0
0
0
0
0
0
0
0
0
0
0
0
0
0
0
0
0
0
0
-0.78608
-0.79963
-0.77134
-0.79291
0
0
0
0
0
0
0
3.8827
0
0
0
0
0
0
0
0
-0.73278
0
0
0
0
0
0
0
0
0
-0.77582
-0.75831
-0.758
-0.78083
0
0
0
0
0
0
0
0
3.8435
0
0
0
0
0
-0.77056
0
0
0
0
0
0
0
0
0
0
0
-0.73616
-0.72157
-0.72258
0
0
0
0
0
0
0
0
0
0
3.1185
0
0
0
-0.93819
0
0
0
0
0
0
0
0
0
0
0
0
-0.97333
-0.92388
-0.9187
0
0
0
0
0
0
0
0
0
0
0
5.3206
0
0
0
0
0
0
0
-2.5047
0
0
0
0
0
0
0
-0.73951
-0.72219
-0.71072
-0.73143
0
0
0
0
0
0
0
0
0
0
0
2.9038
0
0
0
0
0
0
0
0
0
0
0
0
0
0
-0.862
0
0
0
0
-0.84959
0
0
0
0
0
0
0
0
0
0
3.0209
0
0
0
0
0
0
0
-1.3094
0
0
0
0
0
0
0
0
0
0
0
-0.58082
0
0
0
0
0
0
-0.93819
0
0
0
2.0713
0
0
0
0
0
0
0
0
0
0
0
-0.55225
0
0
0
0
-0.64084
0
0
0
0
0
0
0
-0.77056
0
0
0
0
0
2.0156
0
0
0
0
0
0
0
0
0
-0.6042
0
0
0
0
0
0
0
0
0
0
0
0
0
0
0
0
0
0
0
0
3.2049
-1.7044
-1.5005
0
0
0
0
0
0
0
0
0
0
0
0
0
0
0
0
0
0
0
-0.73278
0
0
0
0
0
0
0
-1.7044
2.4372
0
0
0
0
0
0
0
0
0
0
-0.69552
0
0
0
0
0
0
0
0
0
0
0
0
0
0
0
0
0
-1.5005
0
2.1961
0
0
0
0
0
0
0
0
0
0
0
0
0
0
0
0
0
0
0
0
0
0
-2.5047
0
0
0
0
0
0
0
2.5047
0
0
0
0
0
0
0
0
0
0
0
0
0
0
-5.4276
0
0
0
0
0
0
0
0
0
0
0
0
0
0
0
5.4276
0
0
0
0
0
0
0
0
0
0
0
0
0
0
0
0
0
0
0
0
0
0
-1.3094
0
0
0
0
0
0
0
1.3094
0
0
0
0
0
0
0
0
0
-5.7385
0
0
0
0
0
0
0
0
0
0
0
0
0
0
0
0
0
0
0
0
5.7385
0
0
0
0
0
0
0
0
0
0
0
0
-5.4276
0
0
0
0
0
0
0
0
0
0
0
0
0
0
0
0
0
5.4276
0
0
0
-6.3118
0
0
0
0
0
0
0
0
0
0
0
0
0
0
0
0
0
0
0
0
0
0
0
0
0
0
6.3118
0
0
0
0
0
0
0
0
0
0
0
0
0
0
0
0
0
0
0
0
-0.6042
0
0
0
0
0
0
0
0
0
0.6042
0
0
0
0
0
0
0
0
0
0
0
0
0
0
0
0
0
0
-0.55225
0
0
0
0
0
0
0
0
0
0
0
0.55225
