8.1238
-0.1
-0.1
-0.10001
-0.10001
-0.10001
-0.10001
-0.18293
-0.48809
-0.50307
-0.68649
-0.30455
-0.44748
-0.35228
-0.76359
-0.76359
-0.47862
-0.48006
-2.073
0
0
0
0
0
0
0
0
0
0
0
-0.1
14.0555
-0.10001
-0.10001
-0.10001
-0.10001
-0.10001
-0.14929
-0.90944
-1.088
-1.1854
-0.56429
-0.63528
-0.59461
-0.86708
-0.86707
0
-2.225
0
0
-4.3701
0
0
0
0
0
0
0
0
0
-0.1
-0.10001
8.1518
-0.10001
-0.10001
-0.10001
-0.10001
-0.32522
-0.64082
-0.68735
-0.87064
-0.25716
-0.38389
-0.29785
-0.67886
-0.67886
-0.64665
0
-2.0844
0
0
0
0
0
0
0
0
0
0
0
-0.10001
-0.10001
-0.10001
9.3395
-0.10001
-0.10001
-0.10001
-0.43009
-1.0512
-0.8787
-1.2064
-0.78407
-0.89149
-0.83836
-1.1267
-1.1267
-0.40562
0
0
0
0
0
0
0
0
0
0
0
0
0
-0.10001
-0.10001
-0.10001
-0.10001
9.9655
-0.10001
-0.10001
-0.65195
-1.1714
-0.95062
-1.3374
-0.54587
-0.78916
-0.68916
-0.97514
-0.97514
-1.2796
0
0
0
0
0
0
0
0
0
0
0
0
0
-0.10001
-0.10001
-0.10001
-0.10001
-0.10001
8.5663
-0.10001
-0.38757
-0.98071
-0.86676
-1.139
-0.73015
-0.8062
-0.77169
-0.9943
-0.9943
-0.29554
0
0
0
0
0
0
0
0
0
0
0
0
0
-0.10001
-0.10001
-0.10001
-0.10001
-0.10001
-0.10001
9.1748
-0.32552
-1.0128
-0.84444
-1.1605
-0.91205
-0.96314
-0.93017
-1.2131
-1.2131
0
0
0
0
0
0
0
0
0
0
0
0
0
0
-0.18293
-0.14929
-0.32522
-0.43009
-0.65195
-0.38757
-0.32552
18.3301
-1.5585
-1.4803
0
-1.042
-1.1775
-1.1026
0
0
0
0
0
0
0
0
0
0
0
0
-4.7583
-4.7583
0
0
-0.48809
-0.90944
-0.64082
-1.0512
-1.1714
-0.98071
-1.0128
-1.5585
16.5126
0
0
0
0
0
0
0
0
0
0
0
0
0
-4.3498
0
0
0
0
0
-4.3498
0
-0.50307
-1.088
-0.68735
-0.8787
-0.95062
-0.86676
-0.84444
-1.4803
0
11.5557
0
0
0
0
0
0
0
0
0
0
0
0
0
0
0
-4.2564
0
0
0
0
-0.68649
-1.1854
-0.87064
-1.2064
-1.3374
-1.139
-1.1605
0
0
0
14.6739
0
0
0
0
0
0
0
0
0
0
0
0
0
-3.5441
0
0
0
0
-3.5441
-0.30455
-0.56429
-0.25716
-0.78407
-0.54587
-0.73015
-0.91205
-1.042
0
0
0
5.1401
0
0
0
0
0
0
0
0
0
0
0
0
0
0
0
0
0
0
-0.44748
-0.63528
-0.38389
-0.89149
-0.78916
-0.8062
-0.96314
-1.1775
0
0
0
0
6.0941
0
0
0
0
0
0
0
0
0
0
0
0
0
0
0
0
0
-0.35228
-0.59461
-0.29785
-0.83836
-0.68916
-0.77169
-0.93017
-1.1026
0
0
0
0
0
5.5768
0
0
0
0
0
0
0
0
0
0
0
0
0
0
0
0
-0.76359
-0.86708
-0.67886
-1.1267
-0.97514
-0.9943
-1.2131
0
0
0
0
0
0
0
6.6188
0
0
0
0
0
0
0
0
0
0
0
0
0
0
0
-0.76359
-0.86707
-0.67886
-1.1267
-0.97514
-0.9943
-1.2131
0
0
0
0
0
0
0
0
6.6188
0
0
0
0
0
0
0
0
0
0
0
0
0
0
-0.47862
0
-0.64665
-0.40562
-1.2796
-0.29554
0
0
0
0
0
0
0
0
0
0
3.8098
0
0
0
0
0
0
-0.70377
0
0
0
0
0
0
-0.48006
-2.225
0
0
0
0
0
0
0
0
0
0
0
0
0
0
0
5.9134
0
-3.2084
0
0
0
0
0
0
0
0
0
0
-2.073
0
-2.0844
0
0
0
0
0
0
0
0
0
0
0
0
0
0
0
8.0465
0
0
-3.8891
0
0
0
0
0
0
0
0
0
0
0
0
0
0
0
0
0
0
0
0
0
0
0
0
0
-3.2084
0
3.2084
0
0
0
0
0
0
0
0
0
0
0
-4.3701
0
0
0
0
0
0
0
0
0
0
0
0
0
0
0
0
0
0
4.3701
0
0
0
0
0
0
0
0
0
0
0
0
0
0
0
0
0
0
0
0
0
0
0
0
0
0
0
-3.8891
0
0
3.8891
0
0
0
0
0
0
0
0
0
0
0
0
0
0
0
0
-4.3498
0
0
0
0
0
0
0
0
0
0
0
0
0
4.3498
0
0
0
0
0
0
0
0
0
0
0
0
0
0
0
0
0
0
0
0
0
0
0
-0.70377
0
0
0
0
0
0
0.70377
0
0
0
0
0
0
0
0
0
0
0
0
0
0
0
0
-3.5441
0
0
0
0
0
0
0
0
0
0
0
0
0
3.5441
0
0
0
0
0
0
0
0
0
0
0
0
0
0
-4.2564
0
0
0
0
0
0
0
0
0
0
0
0
0
0
0
4.2564
0
0
0
0
0
0
0
0
0
0
0
-4.7583
0
0
0
0
0
0
0
0
0
0
0
0
0
0
0
0
0
0
4.7583
0
0
0
0
0
0
0
0
0
0
-4.7583
0
0
0
0
0
0
0
0
0
0
0
0
0
0
0
0
0
0
0
4.7583
0
0
0
0
0
0
0
0
0
0
-4.3498
0
0
0
0
0
0
0
0
0
0
0
0
0
0
0
0
0
0
0
4.3498
0
0
0
0
0
0
0
0
0
0
0
-3.5441
0
0
0
0
0
0
0
0
0
0
0
0
0
0
0
0
0
0
3.5441
