29.5586
-1.1439
-1.1439
-1.1439
-0.87751
-0.87751
-0.87751
-0.87751
-0.87751
-0.87751
-0.87751
-0.87751
-1.0193
-1.0125
-0.90657
-0.90657
-0.90657
-0.90657
-0.96086
-0.96086
-0.96954
-0.96086
0
0
-9.5967
0
0
0
0
0
-1.1439
29.5586
-1.1439
-1.1439
-0.87751
-0.87751
-0.87751
-0.87751
-0.87751
-0.87751
-0.87751
-0.87751
-1.0193
-1.0125
-0.90657
-0.90657
-0.90657
-0.90657
-0.96086
-0.96086
-0.96954
-0.96086
0
0
0
-9.5967
0
0
0
0
-1.1439
-1.1439
29.5586
-1.1439
-0.87751
-0.87751
-0.87751
-0.87751
-0.87751
-0.87751
-0.87751
-0.87751
-1.0193
-1.0125
-0.90657
-0.90657
-0.90657
-0.90657
-0.96086
-0.96086
-0.96954
-0.96086
0
-9.5967
0
0
0
0
0
0
-1.1439
-1.1439
-1.1439
29.5586
-0.87751
-0.87751
-0.87751
-0.87751
-0.87751
-0.87751
-0.87751
-0.87751
-1.0193
-1.0125
-0.90657
-0.90657
-0.90657
-0.90657
-0.96086
-0.96086
-0.96954
-0.96086
0
0
0
0
-9.5967
0
0
0
-0.87751
-0.87751
-0.87751
-0.87751
15.2811
-0.65115
-0.65115
-0.65115
-0.65115
-0.65115
-0.65115
-0.65115
-0.77028
-0.76251
-0.68537
-0.68537
-0.68537
-0.68537
-0.73615
-0.73615
-0.7303
-0.73615
0
0
0
0
0
0
0
0
-0.87751
-0.87751
-0.87751
-0.87751
-0.65115
15.2811
-0.65115
-0.65115
-0.65115
-0.65115
-0.65115
-0.65115
-0.77028
-0.76251
-0.68537
-0.68537
-0.68537
-0.68537
-0.73615
-0.73615
-0.7303
-0.73615
0
0
0
0
0
0
0
0
-0.87751
-0.87751
-0.87751
-0.87751
-0.65115
-0.65115
15.2811
-0.65115
-0.65115
-0.65115
-0.65115
-0.65115
-0.77028
-0.76251
-0.68537
-0.68537
-0.68537
-0.68537
-0.73615
-0.73615
-0.7303
-0.73615
0
0
0
0
0
0
0
0
-0.87751
-0.87751
-0.87751
-0.87751
-0.65115
-0.65115
-0.65115
15.2811
-0.65115
-0.65115
-0.65115
-0.65115
-0.77028
-0.76251
-0.68537
-0.68537
-0.68537
-0.68537
-0.73615
-0.73615
-0.7303
-0.73615
0
0
0
0
0
0
0
0
-0.87751
-0.87751
-0.87751
-0.87751
-0.65115
-0.65115
-0.65115
-0.65115
15.2811
-0.65115
-0.65115
-0.65115
-0.77028
-0.76251
-0.68537
-0.68537
-0.68537
-0.68537
-0.73615
-0.73615
-0.7303
-0.73615
0
0
0
0
0
0
0
0
-0.87751
-0.87751
-0.87751
-0.87751
-0.65115
-0.65115
-0.65115
-0.65115
-0.65115
15.2811
-0.65115
-0.65115
-0.77028
-0.76251
-0.68537
-0.68537
-0.68537
-0.68537
-0.73615
-0.73615
-0.7303
-0.73615
0
0
0
0
0
0
0
0
-0.87751
-0.87751
-0.87751
-0.87751
-0.65115
-0.65115
-0.65115
-0.65115
-0.65115
-0.65115
15.2811
-0.65115
-0.77028
-0.76251
-0.68537
-0.68537
-0.68537
-0.68537
-0.73615
-0.73615
-0.7303
-0.73615
0
0
0
0
0
0
0
0
-0.87751
-0.87751
-0.87751
-0.87751
-0.65115
-0.65115
-0.65115
-0.65115
-0.65115
-0.65115
-0.65115
15.2811
-0.77028
-0.76251
-0.68537
-0.68537
-0.68537
-0.68537
-0.73615
-0.73615
-0.7303
-0.73615
0
0
0
0
0
0
0
0
-1.0193
-1.0193
-1.0193
-1.0193
-0.77028
-0.77028
-0.77028
-0.77028
-0.77028
-0.77028
-0.77028
-0.77028
20.8408
-0.92411
-0.80735
-0.80735
-0.80735
-0.80735
0
0
0
0
0
0
0
0
0
0
0
-6.4478
-1.0125
-1.0125
-1.0125
-1.0125
-0.76251
-0.76251
-0.76251
-0.76251
-0.76251
-0.76251
-0.76251
-0.76251
-0.92411
15.1466
-0.80023
-0.80023
-0.80023
-0.80023
0
0
-0.87148
0
0
0
0
0
0
0
0
0
-0.90657
-0.90657
-0.90657
-0.90657
-0.68537
-0.68537
-0.68537
-0.68537
-0.68537
-0.68537
-0.68537
-0.68537
-0.80735
-0.80023
12.7417
-0.67495
-0.67495
-0.67495
0
0
0
0
0
0
0
0
0
0
0
0
-0.90657
-0.90657
-0.90657
-0.90657
-0.68537
-0.68537
-0.68537
-0.68537
-0.68537
-0.68537
-0.68537
-0.68537
-0.80735
-0.80023
-0.67495
12.7417
-0.67495
-0.67495
0
0
0
0
0
0
0
0
0
0
0
0
-0.90657
-0.90657
-0.90657
-0.90657
-0.68537
-0.68537
-0.68537
-0.68537
-0.68537
-0.68537
-0.68537
-0.68537
-0.80735
-0.80023
-0.67495
-0.67495
12.7417
-0.67495
0
0
0
0
0
0
0
0
0
0
0
0
-0.90657
-0.90657
-0.90657
-0.90657
-0.68537
-0.68537
-0.68537
-0.68537
-0.68537
-0.68537
-0.68537
-0.68537
-0.80735
-0.80023
-0.67495
-0.67495
-0.67495
12.7417
0
0
0
0
0
0
0
0
0
0
0
0
-0.96086
-0.96086
-0.96086
-0.96086
-0.73615
-0.73615
-0.73615
-0.73615
-0.73615
-0.73615
-0.73615
-0.73615
0
0
0
0
0
0
11.0556
0
0
0
-1.323
0
0
0
0
0
0
0
-0.96086
-0.96086
-0.96086
-0.96086
-0.73615
-0.73615
-0.73615
-0.73615
-0.73615
-0.73615
-0.73615
-0.73615
0
0
0
0
0
0
0
11.0556
0
0
0
0
0
0
0
0
-1.323
0
-0.96954
-0.96954
-0.96954
-0.96954
-0.7303
-0.7303
-0.7303
-0.7303
-0.7303
-0.7303
-0.7303
-0.7303
0
-0.87148
0
0
0
0
0
0
10.5921
0
0
0
0
0
0
0
0
0
-0.96086
-0.96086
-0.96086
-0.96086
-0.73615
-0.73615
-0.73615
-0.73615
-0.73615
-0.73615
-0.73615
-0.73615
0
0
0
0
0
0
0
0
0
11.0556
0
0
0
0
0
-1.323
0
0
0
0
0
0
0
0
0
0
0
0
0
0
0
0
0
0
0
0
-1.323
0
0
0
1.323
0
0
0
0
0
0
0
0
0
-9.5967
0
0
0
0
0
0
0
0
0
0
0
0
0
0
0
0
0
0
0
0
9.5967
0
0
0
0
0
0
-9.5967
0
0
0
0
0
0
0
0
0
0
0
0
0
0
0
0
0
0
0
0
0
0
0
9.5967
0
0
0
0
0
0
-9.5967
0
0
0
0
0
0
0
0
0
0
0
0
0
0
0
0
0
0
0
0
0
0
0
9.5967
0
0
0
0
0
0
0
-9.5967
0
0
0
0
0
0
0
0
0
0
0
0
0
0
0
0
0
0
0
0
0
0
9.5967
0
0
0
0
0
0
0
0
0
0
0
0
0
0
0
0
0
0
0
0
0
0
0
0
-1.323
0
0
0
0
0
1.323
0
0
0
0
0
0
0
0
0
0
0
0
0
0
0
0
0
0
0
0
0
-1.323
0
0
0
0
0
0
0
0
1.323
0
0
0
0
0
0
0
0
0
0
0
0
0
-6.4478
0
0
0
0
0
0
0
0
0
0
0
0
0
0
0
0
6.4478
