31.0792
-0.73612
-0.76425
-0.72983
-0.72122
-0.72983
-0.66891
-0.66891
-0.66891
-0.66891
-0.70009
-0.70009
-0.70009
-0.72218
-0.70462
-0.70462
-0.71478
-0.68983
-0.68983
0
0
0
-9.1981
0
0
0
0
-9.1981
0
0
-0.73612
31.0792
-0.76425
-0.72983
-0.72122
-0.72983
-0.66891
-0.66891
-0.66891
-0.66891
-0.70009
-0.70009
-0.70009
-0.72218
-0.70462
-0.70462
-0.71478
-0.68983
-0.68983
0
-9.1981
0
0
0
0
0
-9.1981
0
0
0
-0.76425
-0.76425
20.2082
-0.74488
-0.73499
-0.74488
-0.67618
-0.67618
-0.67618
-0.67618
-0.7071
-0.7071
-0.7071
-0.74056
-0.71096
-0.71096
-0.73847
-0.69571
-0.69571
-0.2316
0
0
0
0
0
0
0
0
0
-7.105
-0.72983
-0.72983
-0.74488
18.9422
-0.70767
-0.72328
-0.65168
-0.65168
-0.65168
-0.65168
-0.68138
-0.68138
-0.68138
-0.71496
-0.68473
-0.68473
-0.71349
-0.67033
-0.67033
0
0
0
0
0
0
0
0
0
-6.5173
0
-0.72122
-0.72122
-0.73499
-0.70767
12.4459
-0.70767
-0.63964
-0.63964
-0.63964
-0.63964
-0.66823
-0.66823
-0.66823
-0.70118
-0.67145
-0.67145
-0.7032
-0.65746
-0.65746
-0.22772
0
0
0
0
0
0
0
0
0
0
-0.72983
-0.72983
-0.74488
-0.72328
-0.70767
18.9422
-0.65168
-0.65168
-0.65168
-0.65168
-0.68138
-0.68138
-0.68138
-0.71496
-0.68473
-0.68473
-0.71349
-0.67033
-0.67033
0
0
0
0
0
0
-6.5173
0
0
0
0
-0.66891
-0.66891
-0.67618
-0.65168
-0.63964
-0.65168
11.3099
-0.5866
-0.5866
-0.5866
-0.61624
-0.61624
-0.61624
-0.64596
-0.61847
-0.61847
-0.64908
-0.60624
-0.60624
0
0
0
0
0
0
0
0
0
0
0
-0.66891
-0.66891
-0.67618
-0.65168
-0.63964
-0.65168
-0.5866
11.3099
-0.5866
-0.5866
-0.61624
-0.61624
-0.61624
-0.64596
-0.61847
-0.61847
-0.64908
-0.60624
-0.60624
0
0
0
0
0
0
0
0
0
0
0
-0.66891
-0.66891
-0.67618
-0.65168
-0.63964
-0.65168
-0.5866
-0.5866
11.3099
-0.5866
-0.61624
-0.61624
-0.61624
-0.64596
-0.61847
-0.61847
-0.64908
-0.60624
-0.60624
0
0
0
0
0
0
0
0
0
0
0
-0.66891
-0.66891
-0.67618
-0.65168
-0.63964
-0.65168
-0.5866
-0.5866
-0.5866
11.3099
-0.61624
-0.61624
-0.61624
-0.64596
-0.61847
-0.61847
-0.64908
-0.60624
-0.60624
0
0
0
0
0
0
0
0
0
0
0
-0.70009
-0.70009
-0.7071
-0.68138
-0.66823
-0.68138
-0.61624
-0.61624
-0.61624
-0.61624
9.8607
-0.62542
-0.62542
-0.69158
-0.65754
-0.65754
0
0
0
0
0
0
0
0
0
0
0
0
0
0
-0.70009
-0.70009
-0.7071
-0.68138
-0.66823
-0.68138
-0.61624
-0.61624
-0.61624
-0.61624
-0.62542
9.8607
-0.62542
-0.69158
-0.65754
-0.65754
0
0
0
0
0
0
0
0
0
0
0
0
0
0
-0.70009
-0.70009
-0.7071
-0.68138
-0.66823
-0.68138
-0.61624
-0.61624
-0.61624
-0.61624
-0.62542
-0.62542
9.8607
-0.69158
-0.65754
-0.65754
0
0
0
0
0
0
0
0
0
0
0
0
0
0
-0.72218
-0.72218
-0.74056
-0.71496
-0.70118
-0.71496
-0.64596
-0.64596
-0.64596
-0.64596
-0.69158
-0.69158
-0.69158
12.0048
0
0
0
0
0
0
0
-3.0302
0
0
0
0
0
0
0
0
-0.70462
-0.70462
-0.71096
-0.68473
-0.67145
-0.68473
-0.61847
-0.61847
-0.61847
-0.61847
-0.65754
-0.65754
-0.65754
0
8.6076
0
0
0
0
0
0
0
0
0
0
0
0
0
0
0
-0.70462
-0.70462
-0.71096
-0.68473
-0.67145
-0.68473
-0.61847
-0.61847
-0.61847
-0.61847
-0.65754
-0.65754
-0.65754
0
0
8.6076
0
0
0
0
0
0
0
0
0
0
0
0
0
0
-0.71478
-0.71478
-0.73847
-0.71349
-0.7032
-0.71349
-0.64908
-0.64908
-0.64908
-0.64908
0
0
0
0
0
0
7.2642
0
0
0
0
0
0
-0.36967
0
0
0
0
0
0
-0.68983
-0.68983
-0.69571
-0.67033
-0.65746
-0.67033
-0.60624
-0.60624
-0.60624
-0.60624
0
0
0
0
0
0
0
6.4985
0
0
0
0
0
0
0
0
0
0
0
0
-0.68983
-0.68983
-0.69571
-0.67033
-0.65746
-0.67033
-0.60624
-0.60624
-0.60624
-0.60624
0
0
0
0
0
0
0
0
6.4985
0
0
0
0
0
0
0
0
0
0
0
0
0
-0.2316
0
-0.22772
0
0
0
0
0
0
0
0
0
0
0
0
0
0
0.56382
0
0
0
0
-0.1045
0
0
0
0
0
0
-9.1981
0
0
0
0
0
0
0
0
0
0
0
0
0
0
0
0
0
0
9.1981
0
0
0
0
0
0
0
0
0
0
0
0
0
0
0
0
0
0
0
0
0
0
-3.0302
0
0
0
0
0
0
0
3.0302
0
0
0
0
0
0
0
0
-9.1981
0
0
0
0
0
0
0
0
0
0
0
0
0
0
0
0
0
0
0
0
0
9.1981
0
0
0
0
0
0
0
0
0
0
0
0
0
0
0
0
0
0
0
0
0
0
0
-0.36967
0
0
0
0
0
0
0.36967
0
0
0
0
0
0
0
0
0
0
0
0
0
0
0
0
0
0
0
0
0
0
0
0
0
-0.1045
0
0
0
0
0.1045
0
0
0
0
0
0
0
0
0
0
-6.5173
0
0
0
0
0
0
0
0
0
0
0
0
0
0
0
0
0
0
0
6.5173
0
0
0
0
0
-9.1981
0
0
0
0
0
0
0
0
0
0
0
0
0
0
0
0
0
0
0
0
0
0
0
0
9.1981
0
0
0
-9.1981
0
0
0
0
0
0
0
0
0
0
0
0
0
0
0
0
0
0
0
0
0
0
0
0
0
0
9.1981
0
0
0
0
0
-6.5173
0
0
0
0
0
0
0
0
0
0
0
0
0
0
0
0
0
0
0
0
0
0
0
0
6.5173
0
0
0
-7.105
0
0
0
0
0
0
0
0
0
0
0
0
0
0
0
0
0
0
0
0
0
0
0
0
0
0
7.105
