44.8794
-0.46765
-0.45466
-0.45466
-0.46967
-0.44861
-0.44861
-0.45048
-0.45282
-0.43506
-0.44007
-0.42375
-0.46072
-0.40426
-0.40318
0
0
0
-6.5642
-2.4073
0
0
-9.8979
0
0
0
-9.8979
0
0
-9.8979
-0.46765
13.1942
-0.53269
-0.53269
-0.52958
-0.50308
-0.50308
-0.50385
-0.49938
-0.50491
-0.49656
-0.46959
-0.51121
-0.47841
-0.47898
0
0
-1.2173
0
0
0
0
0
0
0
-4.9652
0
0
0
0
-0.45466
-0.53269
11.2772
-0.51068
-0.50977
-0.485
-0.485
-0.48704
-0.49011
-0.49197
-0.47943
-0.45355
-0.49391
-0.46231
-0.46194
0
0
0
0
0
0
0
0
0
0
0
0
0
-4.4792
0
-0.45466
-0.53269
-0.51068
11.2772
-0.50977
-0.485
-0.485
-0.48704
-0.49011
-0.49197
-0.47943
-0.45355
-0.49391
-0.46231
-0.46194
0
0
0
0
0
0
0
0
-4.4792
0
0
0
0
0
0
-0.46967
-0.52958
-0.50977
-0.50977
8.8968
-0.48125
-0.48125
-0.48233
-0.48277
-0.48876
-0.47433
-0.44877
-0.4881
-0.46969
-0.46518
0
0
0
0
-2.1156
0
0
0
0
0
0
0
0
0
0
-0.44861
-0.50308
-0.485
-0.485
-0.48125
6.4814
-0.45722
-0.46171
-0.46156
-0.46355
-0.45174
-0.42876
-0.46572
-0.44585
-0.44237
0
0
0
0
0
0
0
0
0
0
0
0
0
0
0
-0.44861
-0.50308
-0.485
-0.485
-0.48125
-0.45722
6.4814
-0.46171
-0.46156
-0.46355
-0.45174
-0.42876
-0.46572
-0.44585
-0.44237
0
0
0
0
0
0
0
0
0
0
0
0
0
0
0
-0.45048
-0.50385
-0.48704
-0.48704
-0.48233
-0.46171
-0.46171
6.0361
-0.45885
-0.4729
-0.44639
-0.42039
-0.46666
0
-0.43679
0
0
0
0
0
0
0
0
0
0
0
0
0
0
0
-0.45282
-0.49938
-0.49011
-0.49011
-0.48277
-0.46156
-0.46156
-0.45885
6.6037
-0.46487
-0.44451
-0.41716
-0.46696
0
0
0
0
-1.013
0
0
0
0
0
0
0
0
0
0
0
0
-0.43506
-0.50491
-0.49197
-0.49197
-0.48876
-0.46355
-0.46355
-0.4729
-0.46487
8.43
-0.43425
-0.42853
0
0
0
0
0
-1.0802
0
0
0
0
0
0
0
0
0
-2.2095
0
0
-0.44007
-0.49656
-0.47943
-0.47943
-0.47433
-0.45174
-0.45174
-0.44639
-0.44451
-0.43425
7.525
-0.40174
0
0
0
0
-2.5248
0
0
0
0
0
0
0
0
0
0
0
0
0
-0.42375
-0.46959
-0.45355
-0.45355
-0.44877
-0.42876
-0.42876
-0.42039
-0.41716
-0.42853
-0.40174
5.2061
-0.43157
0
0
0
0
0
0
0
0
0
0
0
0
0
0
0
0
0
-0.46072
-0.51121
-0.49391
-0.49391
-0.4881
-0.46572
-0.46572
-0.46666
-0.46696
0
0
-0.43157
4.7445
0
0
0
0
0
0
0
0
0
0
0
0
0
0
0
0
0
-0.40426
-0.47841
-0.46231
-0.46231
-0.46969
-0.44585
-0.44585
0
0
0
0
0
0
3.5043
0
-0.23108
0
0
0
0
-0.1045
0
0
0
0
0
0
0
0
0
-0.40318
-0.47898
-0.46194
-0.46194
-0.46518
-0.44237
-0.44237
-0.43679
0
0
0
0
0
0
3.709
0
0
0
0
0
0
-0.11624
0
0
0
0
0
0
0
0
0
0
0
0
0
0
0
0
0
0
0
0
0
-0.23108
0
4.3346
-2.3913
0
0
0
0
0
0
0
-1.7122
0
0
0
0
0
0
0
0
0
0
0
0
0
0
0
-2.5248
0
0
0
0
-2.3913
6.089
0
-1.1729
0
0
0
0
0
0
0
0
0
0
0
0
-1.2173
0
0
0
0
0
0
-1.013
-1.0802
0
0
0
0
0
0
0
3.3105
0
0
0
0
0
0
0
0
0
0
0
0
-6.5642
0
0
0
0
0
0
0
0
0
0
0
0
0
0
0
-1.1729
0
7.7371
0
0
0
0
0
0
0
0
0
0
0
-2.4073
0
0
0
-2.1156
0
0
0
0
0
0
0
0
0
0
0
0
0
0
4.5229
0
0
0
0
0
0
0
0
0
0
0
0
0
0
0
0
0
0
0
0
0
0
0
-0.1045
0
0
0
0
0
0
0.1045
0
0
0
0
0
0
0
0
0
0
0
0
0
0
0
0
0
0
0
0
0
0
0
-0.11624
0
0
0
0
0
0
0.11624
0
0
0
0
0
0
0
0
-9.8979
0
0
0
0
0
0
0
0
0
0
0
0
0
0
0
0
0
0
0
0
0
9.8979
0
0
0
0
0
0
0
0
0
0
-4.4792
0
0
0
0
0
0
0
0
0
0
0
0
0
0
0
0
0
0
0
4.4792
0
0
0
0
0
0
0
0
0
0
0
0
0
0
0
0
0
0
0
0
0
-1.7122
0
0
0
0
0
0
0
0
1.7122
0
0
0
0
0
0
-4.9652
0
0
0
0
0
0
0
0
0
0
0
0
0
0
0
0
0
0
0
0
0
0
0
4.9652
0
0
0
0
-9.8979
0
0
0
0
0
0
0
0
0
0
0
0
0
0
0
0
0
0
0
0
0
0
0
0
0
9.8979
0
0
0
0
0
0
0
0
0
0
0
0
-2.2095
0
0
0
0
0
0
0
0
0
0
0
0
0
0
0
0
0
2.2095
0
0
0
0
-4.4792
0
0
0
0
0
0
0
0
0
0
0
0
0
0
0
0
0
0
0
0
0
0
0
0
0
4.4792
0
-9.8979
0
0
0
0
0
0
0
0
0
0
0
0
0
0
0
0
0
0
0
0
0
0
0
0
0
0
0
0
9.8979
