16.9267
-0.53957
-0.57707
-0.58778
-0.55618
-0.55993
-0.56801
-0.55618
-0.55741
-0.42476
-0.42476
-0.42476
-0.42476
-0.42476
0
-0.80181
0
-0.1045
0
0
0
-0.41047
0
0
0
-8.984
0
0
0
0
-0.53957
16.4372
-0.61451
-0.60718
-0.57412
-0.59225
-0.59116
-0.57412
-0.56499
-0.43747
-0.43747
-0.43747
-0.43747
-0.43747
-0.40225
-0.74354
0
0
0
0
0
0
0
0
0
0
0
-8.4462
0
0
-0.57707
-0.61451
15.9428
-0.6747
-0.62947
-0.65039
-0.64749
-0.62947
-0.61942
-0.47245
-0.47245
-0.47245
-0.47245
-0.47245
-0.45465
0
0
0
0
0
0
0
0
-8.0834
0
0
0
0
0
0
-0.58778
-0.60718
-0.6747
16.5276
-0.61643
-0.64122
-0.65034
-0.61643
-0.61873
-0.47039
-0.47039
-0.47039
-0.47039
-0.47039
0
0
-1.1807
0
0
0
0
0
0
0
0
0
-7.9821
0
0
0
-0.55618
-0.57412
-0.62947
-0.61643
7.8432
-0.59862
-0.60859
-0.53187
-0.58119
-0.42097
-0.42097
-0.42097
-0.42097
-0.42097
0
0
-1.0419
0
0
0
0
0
0
0
0
0
0
0
0
0
-0.55993
-0.59225
-0.65039
-0.64122
-0.59862
11.7093
-0.61551
-0.59862
-0.58804
-0.43266
-0.43266
-0.43266
-0.43266
-0.43266
0
0
0
0
0
-4.7014
0
0
0
0
0
0
0
0
0
0
-0.56801
-0.59116
-0.64749
-0.65034
-0.60859
-0.61551
14.6239
-0.60859
-0.5955
-0.43886
-0.43886
-0.43886
-0.43886
-0.43886
0
0
0
0
0
0
0
0
0
0
0
0
0
0
-7.5444
0
-0.55618
-0.57412
-0.62947
-0.61643
-0.53187
-0.59862
-0.60859
7.8432
-0.58119
-0.42097
-0.42097
-0.42097
-0.42097
-0.42097
0
0
-1.0419
0
0
0
0
0
0
0
0
0
0
0
0
0
-0.55741
-0.56499
-0.61942
-0.61873
-0.58119
-0.58804
-0.5955
-0.58119
7.2341
-0.42115
-0.42115
-0.42115
-0.42115
-0.42115
0
0
0
0
0
0
0
0
-0.42188
0
0
0
0
0
0
0
-0.42476
-0.43747
-0.47245
-0.47039
-0.42097
-0.43266
-0.43886
-0.42097
-0.42115
5.1225
-0.29569
-0.29569
-0.29569
-0.29569
0
0
0
0
0
0
0
0
0
0
0
0
0
0
0
0
-0.42476
-0.43747
-0.47245
-0.47039
-0.42097
-0.43266
-0.43886
-0.42097
-0.42115
-0.29569
5.1225
-0.29569
-0.29569
-0.29569
0
0
0
0
0
0
0
0
0
0
0
0
0
0
0
0
-0.42476
-0.43747
-0.47245
-0.47039
-0.42097
-0.43266
-0.43886
-0.42097
-0.42115
-0.29569
-0.29569
5.1225
-0.29569
-0.29569
0
0
0
0
0
0
0
0
0
0
0
0
0
0
0
0
-0.42476
-0.43747
-0.47245
-0.47039
-0.42097
-0.43266
-0.43886
-0.42097
-0.42115
-0.29569
-0.29569
-0.29569
5.1225
-0.29569
0
0
0
0
0
0
0
0
0
0
0
0
0
0
0
0
-0.42476
-0.43747
-0.47245
-0.47039
-0.42097
-0.43266
-0.43886
-0.42097
-0.42115
-0.29569
-0.29569
-0.29569
-0.29569
5.1225
0
0
0
0
0
0
0
0
0
0
0
0
0
0
0
0
0
-0.40225
-0.45465
0
0
0
0
0
0
0
0
0
0
0
11.588
0
0
0
-6.0716
0
0
0
0
0
0
0
0
0
0
-4.6595
-0.80181
-0.74354
0
0
0
0
0
0
0
0
0
0
0
0
0
1.9928
0
-0.44746
0
0
0
0
0
0
0
0
0
0
0
0
0
0
0
-1.1807
-1.0419
0
0
-1.0419
0
0
0
0
0
0
0
0
3.2644
0
0
0
0
0
0
0
0
0
0
0
0
0
-0.1045
0
0
0
0
0
0
0
0
0
0
0
0
0
0
-0.44746
0
0.8991
0
0
0
0
0
0
-0.34714
0
0
0
0
0
0
0
0
0
0
0
0
0
0
0
0
0
0
0
-6.0716
0
0
0
7.5377
-1.4661
0
0
0
0
0
0
0
0
0
0
0
0
0
0
0
-4.7014
0
0
0
0
0
0
0
0
0
0
0
0
-1.4661
6.1675
0
0
0
0
0
0
0
0
0
0
0
0
0
0
0
0
0
0
0
0
0
0
0
0
0
0
0
0
0
0
4.4857
-2.1969
-2.2888
0
0
0
0
0
0
0
-0.41047
0
0
0
0
0
0
0
0
0
0
0
0
0
0
0
0
0
0
0
-2.1969
2.6074
0
0
0
0
0
0
0
0
0
0
0
0
0
0
0
0
-0.42188
0
0
0
0
0
0
0
0
0
0
0
-2.2888
0
2.7107
0
0
0
0
0
0
0
0
0
-8.0834
0
0
0
0
0
0
0
0
0
0
0
0
0
0
0
0
0
0
0
0
8.0834
0
0
0
0
0
0
0
0
0
0
0
0
0
0
0
0
0
0
0
0
0
0
0
-0.34714
0
0
0
0
0
0
0.34714
0
0
0
0
0
-8.984
0
0
0
0
0
0
0
0
0
0
0
0
0
0
0
0
0
0
0
0
0
0
0
0
8.984
0
0
0
0
0
0
0
-7.9821
0
0
0
0
0
0
0
0
0
0
0
0
0
0
0
0
0
0
0
0
0
0
7.9821
0
0
0
0
-8.4462
0
0
0
0
0
0
0
0
0
0
0
0
0
0
0
0
0
0
0
0
0
0
0
0
0
8.4462
0
0
0
0
0
0
0
0
-7.5444
0
0
0
0
0
0
0
0
0
0
0
0
0
0
0
0
0
0
0
0
0
7.5444
0
0
0
0
0
0
0
0
0
0
0
0
0
0
0
-4.6595
0
0
0
0
0
0
0
0
0
0
0
0
0
0
4.6595
