23.1814
-0.82714
-0.82714
-0.74982
-0.7637
-0.7637
-0.74982
-0.77826
-0.77826
-0.78265
-0.77826
-0.79298
-0.77707
-0.77308
-0.78924
-0.76689
-0.75939
-0.83757
-0.83757
-0.83757
-0.49564
0
0
-7.7156
0
0
0
0
0
0
-0.82714
23.1814
-0.82714
-0.74982
-0.7637
-0.7637
-0.74982
-0.77826
-0.77826
-0.78265
-0.77826
-0.79298
-0.77707
-0.77308
-0.78924
-0.76689
-0.75939
-0.83757
-0.83757
-0.83757
-0.49564
0
-7.7156
0
0
0
0
0
0
0
-0.82714
-0.82714
23.1814
-0.74982
-0.7637
-0.7637
-0.74982
-0.77826
-0.77826
-0.78265
-0.77826
-0.79298
-0.77707
-0.77308
-0.78924
-0.76689
-0.75939
-0.83757
-0.83757
-0.83757
-0.49564
0
0
0
0
-7.7156
0
0
0
0
-0.74982
-0.74982
-0.74982
14.1501
-0.70126
-0.70126
-0.6821
-0.70817
-0.70817
-0.7126
-0.70817
-0.72272
-0.70661
-0.7073
-0.71621
-0.69778
-0.69115
-0.75464
-0.75464
-0.75464
-0.47328
0
0
0
0
0
0
0
0
0
-0.7637
-0.7637
-0.7637
-0.70126
20.9591
-0.71208
-0.70126
-0.7173
-0.7173
-0.72078
-0.7173
-0.73042
-0.71567
-0.71395
-0.72566
-0.70674
-0.7
-0.76611
-0.76611
-0.76611
0
-7.09
0
0
0
0
0
0
0
0
-0.7637
-0.7637
-0.7637
-0.70126
-0.71208
20.9591
-0.70126
-0.7173
-0.7173
-0.72078
-0.7173
-0.73042
-0.71567
-0.71395
-0.72566
-0.70674
-0.7
-0.76611
-0.76611
-0.76611
0
0
0
0
0
0
0
-7.09
0
0
-0.74982
-0.74982
-0.74982
-0.6821
-0.70126
-0.70126
14.1501
-0.70817
-0.70817
-0.7126
-0.70817
-0.72272
-0.70661
-0.7073
-0.71621
-0.69778
-0.69115
-0.75464
-0.75464
-0.75464
-0.47328
0
0
0
0
0
0
0
0
0
-0.77826
-0.77826
-0.77826
-0.70817
-0.7173
-0.7173
-0.70817
11.7892
-0.71589
-0.76843
-0.71589
-0.75248
-0.73172
-0.73678
-0.74239
-0.7221
-0.71779
0
0
0
0
0
0
0
0
0
0
0
0
0
-0.77826
-0.77826
-0.77826
-0.70817
-0.7173
-0.7173
-0.70817
-0.71589
11.7892
-0.76843
-0.71589
-0.75248
-0.73172
-0.73678
-0.74239
-0.7221
-0.71779
0
0
0
0
0
0
0
0
0
0
0
0
0
-0.78265
-0.78265
-0.78265
-0.7126
-0.72078
-0.72078
-0.7126
-0.76843
-0.76843
16.4102
-0.76843
-0.73814
-0.72867
-0.72291
-0.73895
-0.71884
0
0
0
0
0
0
0
0
0
0
0
0
0
-5.2426
-0.77826
-0.77826
-0.77826
-0.70817
-0.7173
-0.7173
-0.70817
-0.71589
-0.71589
-0.76843
11.7892
-0.75248
-0.73172
-0.73678
-0.74239
-0.7221
-0.71779
0
0
0
0
0
0
0
0
0
0
0
0
0
-0.79298
-0.79298
-0.79298
-0.72272
-0.73042
-0.73042
-0.72272
-0.75248
-0.75248
-0.73814
-0.75248
11.9407
-0.74619
0
0
0
0
0
0
0
0
0
0
0
0
0
0
0
-2.9137
0
-0.77707
-0.77707
-0.77707
-0.70661
-0.71567
-0.71567
-0.70661
-0.73172
-0.73172
-0.72867
-0.73172
-0.74619
9.6031
0
-0.75733
0
0
0
0
0
0
0
0
0
0
0
0
0
0
0
-0.77308
-0.77308
-0.77308
-0.7073
-0.71395
-0.71395
-0.7073
-0.73678
-0.73678
-0.72291
-0.73678
0
0
10.0195
0
0
0
0
0
0
0
0
0
0
-1.9245
0
0
0
0
0
-0.78924
-0.78924
-0.78924
-0.71621
-0.72566
-0.72566
-0.71621
-0.74239
-0.74239
-0.73895
-0.74239
0
-0.75733
0
8.9749
0
0
0
0
0
0
0
0
0
0
0
0
0
0
0
-0.76689
-0.76689
-0.76689
-0.69778
-0.70674
-0.70674
-0.69778
-0.7221
-0.7221
-0.71884
-0.7221
0
0
0
0
7.9949
0
0
0
0
0
0
0
0
0
0
0
0
0
0
-0.75939
-0.75939
-0.75939
-0.69115
-0.7
-0.7
-0.69115
-0.71779
-0.71779
0
-0.71779
0
0
0
0
0
7.2138
0
0
0
0
0
0
0
0
0
0
0
0
0
-0.83757
-0.83757
-0.83757
-0.75464
-0.76611
-0.76611
-0.75464
0
0
0
0
0
0
0
0
0
0
5.5542
0
0
0
0
0
0
0
0
0
0
0
0
-0.83757
-0.83757
-0.83757
-0.75464
-0.76611
-0.76611
-0.75464
0
0
0
0
0
0
0
0
0
0
0
5.5542
0
0
0
0
0
0
0
0
0
0
0
-0.83757
-0.83757
-0.83757
-0.75464
-0.76611
-0.76611
-0.75464
0
0
0
0
0
0
0
0
0
0
0
0
5.5542
0
0
0
0
0
0
0
0
0
0
-0.49564
-0.49564
-0.49564
-0.47328
0
0
-0.47328
0
0
0
0
0
0
0
0
0
0
0
0
0
2.538
0
0
0
0
0
-0.1045
0
0
0
0
0
0
0
-7.09
0
0
0
0
0
0
0
0
0
0
0
0
0
0
0
0
7.09
0
0
0
0
0
0
0
0
0
-7.7156
0
0
0
0
0
0
0
0
0
0
0
0
0
0
0
0
0
0
0
0
7.7156
0
0
0
0
0
0
0
-7.7156
0
0
0
0
0
0
0
0
0
0
0
0
0
0
0
0
0
0
0
0
0
0
7.7156
0
0
0
0
0
0
0
0
0
0
0
0
0
0
0
0
0
0
0
-1.9245
0
0
0
0
0
0
0
0
0
0
1.9245
0
0
0
0
0
0
0
-7.7156
0
0
0
0
0
0
0
0
0
0
0
0
0
0
0
0
0
0
0
0
0
0
7.7156
0
0
0
0
0
0
0
0
0
0
0
0
0
0
0
0
0
0
0
0
0
0
0
0
-0.1045
0
0
0
0
0
0.1045
0
0
0
0
0
0
0
0
-7.09
0
0
0
0
0
0
0
0
0
0
0
0
0
0
0
0
0
0
0
0
0
7.09
0
0
0
0
0
0
0
0
0
0
0
0
0
-2.9137
0
0
0
0
0
0
0
0
0
0
0
0
0
0
0
0
2.9137
0
0
0
0
0
0
0
0
0
0
-5.2426
0
0
0
0
0
0
0
0
0
0
0
0
0
0
0
0
0
0
0
5.2426
