26.4534
-0.57349
-0.57238
-0.57349
-0.57349
-0.57344
-0.5722
-0.57242
-0.57242
-0.57009
-0.57224
-0.57243
-0.56744
-0.57795
0
-0.55796
0
0
0
0
0
-6.1506
0
0
0
-6.1506
0
0
0
-6.1506
-0.57349
7.4585
-0.57559
-0.57293
-0.57293
-0.57538
-0.57328
-0.57343
-0.57343
-0.57257
-0.57412
-0.57385
-0.56883
-0.57869
0
0
0
0
0
0
0
0
0
0
0
0
0
0
0
0
-0.57238
-0.57559
15.7442
-0.57559
-0.57559
-0.57507
-0.57342
-0.57361
-0.57361
-0.57181
-0.57391
-0.57401
0
0
0
0
0
0
0
0
0
0
0
-4.7148
0
0
0
-4.7148
0
0
-0.57349
-0.57293
-0.57559
7.4585
-0.57293
-0.57538
-0.57328
-0.57343
-0.57343
-0.57257
-0.57412
-0.57385
-0.56883
-0.57869
0
0
0
0
0
0
0
0
0
0
0
0
0
0
0
0
-0.57349
-0.57293
-0.57559
-0.57293
7.4585
-0.57538
-0.57328
-0.57343
-0.57343
-0.57257
-0.57412
-0.57385
-0.56883
-0.57869
0
0
0
0
0
0
0
0
0
0
0
0
0
0
0
0
-0.57344
-0.57538
-0.57507
-0.57538
-0.57538
7.4273
-0.57268
-0.57321
-0.57321
-0.57128
-0.57363
-0.57281
0
0
-0.55769
0
-0.55818
0
0
0
0
0
0
0
0
0
0
0
0
0
-0.5722
-0.57328
-0.57342
-0.57328
-0.57328
-0.57268
9.1804
-0.57278
-0.57278
-0.57093
-0.57236
-0.57253
0
0
0
0
0
0
0
0
0
0
0
0
0
0
-2.8809
0
0
0
-0.57242
-0.57343
-0.57361
-0.57343
-0.57343
-0.57321
-0.57278
6.3004
-0.57176
-0.57133
-0.57264
-0.57237
0
0
0
0
0
0
0
0
0
0
0
0
0
0
0
0
0
0
-0.57242
-0.57343
-0.57361
-0.57343
-0.57343
-0.57321
-0.57278
-0.57176
6.3004
-0.57133
-0.57264
-0.57237
0
0
0
0
0
0
0
0
0
0
0
0
0
0
0
0
0
0
-0.57009
-0.57257
-0.57181
-0.57257
-0.57257
-0.57128
-0.57093
-0.57133
-0.57133
13.4561
0
0
0
0
0
0
0
0
-4.1558
-4.1558
0
0
0
0
0
0
0
0
0
0
-0.57224
-0.57412
-0.57391
-0.57412
-0.57412
-0.57363
-0.57236
-0.57264
-0.57264
0
8.0698
0
0
0
-0.5581
0
0
0
0
0
0
0
0
0
0
0
0
0
-2.3519
0
-0.57243
-0.57385
-0.57401
-0.57385
-0.57385
-0.57281
-0.57253
-0.57237
-0.57237
0
0
6.8254
0
0
0
0
0
0
0
0
-1.6673
0
0
0
0
0
0
0
0
0
-0.56744
-0.56883
0
-0.56883
-0.56883
0
0
0
0
0
0
0
2.8262
0
0
0
0
0
0
0
0
0
-0.55225
0
0
0
0
0
0
0
-0.57795
-0.57869
0
-0.57869
-0.57869
0
0
0
0
0
0
0
0
2.314
0
0
0
0
0
0
0
0
0
0
0
0
0
0
0
0
0
0
0
0
0
-0.55769
0
0
0
0
-0.5581
0
0
0
1.6692
0
0
0
0
0
0
0
0
0
-0.55344
0
0
0
0
0
-0.55796
0
0
0
0
0
0
0
0
0
0
0
0
0
0
1.4706
0
-0.91263
0
0
0
0
0
0
0
0
0
0
0
0
0
0
0
0
0
-0.55818
0
0
0
0
0
0
0
0
0
0
1.5168
-0.95861
0
0
0
0
0
0
0
0
0
0
0
0
0
0
0
0
0
0
0
0
0
0
0
0
0
0
0
-0.91263
-0.95861
1.8712
0
0
0
0
0
0
0
0
0
0
0
0
0
0
0
0
0
0
0
0
0
-4.1558
0
0
0
0
0
0
0
0
4.1558
0
0
0
0
0
0
0
0
0
0
0
0
0
0
0
0
0
0
0
0
-4.1558
0
0
0
0
0
0
0
0
0
4.1558
0
0
0
0
0
0
0
0
0
0
0
0
0
0
0
0
0
0
0
0
0
-1.6673
0
0
0
0
0
0
0
0
1.6673
0
0
0
0
0
0
0
0
0
-6.1506
0
0
0
0
0
0
0
0
0
0
0
0
0
0
0
0
0
0
0
0
6.1506
0
0
0
0
0
0
0
0
0
0
0
0
0
0
0
0
0
0
0
0
-0.55225
0
0
0
0
0
0
0
0
0
0.55225
0
0
0
0
0
0
0
0
0
-4.7148
0
0
0
0
0
0
0
0
0
0
0
0
0
0
0
0
0
0
0
0
4.7148
0
0
0
0
0
0
0
0
0
0
0
0
0
0
0
0
0
0
0
0
-0.55344
0
0
0
0
0
0
0
0
0
0.55344
0
0
0
0
0
-6.1506
0
0
0
0
0
0
0
0
0
0
0
0
0
0
0
0
0
0
0
0
0
0
0
0
6.1506
0
0
0
0
0
0
0
0
0
0
-2.8809
0
0
0
0
0
0
0
0
0
0
0
0
0
0
0
0
0
0
0
2.8809
0
0
0
0
0
-4.7148
0
0
0
0
0
0
0
0
0
0
0
0
0
0
0
0
0
0
0
0
0
0
0
0
4.7148
0
0
0
0
0
0
0
0
0
0
0
0
-2.3519
0
0
0
0
0
0
0
0
0
0
0
0
0
0
0
0
0
2.3519
0
-6.1506
0
0
0
0
0
0
0
0
0
0
0
0
0
0
0
0
0
0
0
0
0
0
0
0
0
0
0
0
6.1506
