21.2918
-0.10066
-0.10073
-0.10123
-0.1012
-0.72
-0.8154
-0.16086
-0.29224
-0.63284
-0.63873
-0.60216
-0.7764
-0.77704
-0.77924
-0.86249
-0.9192
-1.0082
-1.1792
-1.1798
0
0
-3.1512
0
0
0
0
0
0
-6.393
-0.10066
12.221
-0.10169
-0.10309
-0.10488
-0.70146
-0.10063
-0.10241
-0.76981
-0.60061
-0.46797
-0.79471
-0.65086
-0.64245
-0.53291
-0.2966
-0.45047
-0.78029
-1.6165
-1.616
-1.687
0
0
0
0
0
0
0
0
0
-0.10073
-0.10169
11.7796
-0.10223
-0.10178
-0.7444
-0.10083
-0.10269
-0.76053
-0.30274
-0.24483
-0.74413
-0.90744
-0.90304
-0.80731
-0.18389
-0.2586
-0.66712
-1.6632
-1.6633
-1.3192
0
0
0
0
0
0
0
0
0
-0.10123
-0.10309
-0.10223
12.248
-0.10261
-0.82959
-0.10127
-0.10239
-0.87397
-1.1263
-1.2198
-1.0338
-0.13797
-0.1409
-0.69023
-0.6303
-0.41729
-0.95632
-1.789
-1.7897
0
0
0
0
0
0
0
0
0
0
-0.1012
-0.10488
-0.10178
-0.10261
12.0677
-0.84758
-0.10124
-0.102
-0.88783
-0.2128
-0.29528
-0.80986
-1.1324
-1.1379
-0.83185
-0.52221
-0.34374
-0.93198
-1.7501
-1.7505
0
0
0
0
0
0
0
0
0
0
-0.72
-0.70146
-0.7444
-0.82959
-0.84758
18.4389
-0.10327
-0.23383
-0.70386
-0.75747
-0.75787
-0.50794
-0.93501
-0.93485
-0.3465
-0.85166
-0.95972
-1.1611
0
0
0
0
0
0
0
-6.3428
0
0
0
0
-0.8154
-0.10063
-0.10083
-0.10127
-0.10124
-0.10327
12.9329
-0.12864
-0.38635
-0.7699
-0.78135
-0.40189
-0.73345
-0.73417
-1.0621
-0.98748
-0.44265
-0.92019
0
0
0
0
0
-4.2621
0
0
0
0
0
0
-0.16086
-0.10241
-0.10269
-0.10239
-0.102
-0.23383
-0.12864
10.0665
-0.80509
-0.23304
-0.23376
-0.90289
-0.42402
-0.42554
-1.7793
-1.0379
-2.0517
-1.2404
0
0
0
0
0
0
0
0
0
0
0
0
-0.29224
-0.76981
-0.76053
-0.87397
-0.88783
-0.70386
-0.38635
-0.80509
16.1022
-0.79814
-0.79793
-0.54438
-0.95208
-0.9521
0
-0.94133
0
0
0
0
0
0
0
0
0
0
0
0
-5.6366
0
-0.63284
-0.60061
-0.30274
-1.1263
-0.2128
-0.75747
-0.7699
-0.23304
-0.79814
9.3714
-0.31871
-1.1476
-1.2347
-1.2366
0
0
0
0
0
0
0
0
0
0
0
0
0
0
0
0
-0.63873
-0.46797
-0.24483
-1.2198
-0.29528
-0.75787
-0.78135
-0.23376
-0.79793
-0.31871
9.3818
-1.1482
-1.2381
-1.2392
0
0
0
0
0
0
0
0
0
0
0
0
0
0
0
0
-0.60216
-0.79471
-0.74413
-1.0338
-0.80986
-0.50794
-0.40189
-0.90289
-0.54438
-1.1476
-1.1482
13.6142
0
0
0
0
0
0
0
0
0
0
0
0
0
0
0
-4.9767
0
0
-0.7764
-0.65086
-0.90744
-0.13797
-1.1324
-0.93501
-0.73345
-0.42402
-0.95208
-1.2347
-1.2381
0
9.1225
0
0
0
0
0
0
0
0
0
0
0
0
0
0
0
0
0
-0.77704
-0.64245
-0.90304
-0.1409
-1.1379
-0.93485
-0.73417
-0.42554
-0.9521
-1.2366
-1.2392
0
0
9.1238
0
0
0
0
0
0
0
0
0
0
0
0
0
0
0
0
-0.77924
-0.53291
-0.80731
-0.69023
-0.83185
-0.3465
-1.0621
-1.7793
0
0
0
0
0
0
11.759
0
0
0
0
0
0
0
0
0
0
0
-4.9295
0
0
0
-0.86249
-0.2966
-0.18389
-0.6303
-0.52221
-0.85166
-0.98748
-1.0379
-0.94133
0
0
0
0
0
0
6.3139
0
0
0
0
0
0
0
0
0
0
0
0
0
0
-0.9192
-0.45047
-0.2586
-0.41729
-0.34374
-0.95972
-0.44265
-2.0517
0
0
0
0
0
0
0
0
5.8433
0
0
0
0
0
0
0
0
0
0
0
0
0
-1.0082
-0.78029
-0.66712
-0.95632
-0.93198
-1.1611
-0.92019
-1.2404
0
0
0
0
0
0
0
0
0
7.6657
0
0
0
0
0
0
0
0
0
0
0
0
-1.1792
-1.6165
-1.6632
-1.789
-1.7501
0
0
0
0
0
0
0
0
0
0
0
0
0
7.9979
0
0
0
0
0
0
0
0
0
0
0
-1.1798
-1.616
-1.6633
-1.7897
-1.7505
0
0
0
0
0
0
0
0
0
0
0
0
0
0
7.9993
0
0
0
0
0
0
0
0
0
0
0
-1.687
-1.3192
0
0
0
0
0
0
0
0
0
0
0
0
0
0
0
0
0
6.6439
0
0
0
-3.6377
0
0
0
0
0
0
0
0
0
0
0
0
0
0
0
0
0
0
0
0
0
0
0
0
0
0
7.3425
-4.0289
-3.3136
0
0
0
0
0
0
-3.1512
0
0
0
0
0
0
0
0
0
0
0
0
0
0
0
0
0
0
0
0
-4.0289
7.1801
0
0
0
0
0
0
0
0
0
0
0
0
0
-4.2621
0
0
0
0
0
0
0
0
0
0
0
0
0
0
-3.3136
0
7.5757
0
0
0
0
0
0
0
0
0
0
0
0
0
0
0
0
0
0
0
0
0
0
0
0
0
0
-3.6377
0
0
0
3.6377
0
0
0
0
0
0
0
0
0
0
-6.3428
0
0
0
0
0
0
0
0
0
0
0
0
0
0
0
0
0
0
0
6.3428
0
0
0
0
0
0
0
0
0
0
0
0
0
0
0
0
0
0
-4.9295
0
0
0
0
0
0
0
0
0
0
0
4.9295
0
0
0
0
0
0
0
0
0
0
0
0
0
0
-4.9767
0
0
0
0
0
0
0
0
0
0
0
0
0
0
0
4.9767
0
0
0
0
0
0
0
0
0
0
-5.6366
0
0
0
0
0
0
0
0
0
0
0
0
0
0
0
0
0
0
0
5.6366
0
-6.393
0
0
0
0
0
0
0
0
0
0
0
0
0
0
0
0
0
0
0
0
0
0
0
0
0
0
0
0
6.393
