18.0455
-0.45331
-0.40797
-0.49299
-0.4591
-0.4591
-0.4591
-0.45086
-0.37571
-0.37571
-0.44805
-0.416
-0.42551
-0.40147
-0.40147
-0.35327
-0.11034
-0.73152
-0.73152
-10.0925
0
0
0
0
0
0
0
0
0
0
-0.45331
18.0455
-0.40797
-0.49299
-0.4591
-0.4591
-0.4591
-0.45086
-0.37571
-0.37571
-0.44805
-0.416
-0.42551
-0.40147
-0.40147
-0.35327
-0.11034
-0.73152
-0.73152
0
0
0
0
0
-10.0925
0
0
0
0
0
-0.40797
-0.40797
7.2263
-0.44819
-0.41962
-0.41962
-0.41962
-0.41012
-0.34112
-0.34112
-0.41031
-0.37729
-0.38558
-0.36909
-0.36909
-0.31545
-0.1045
-0.63981
-0.63981
0
0
0
0
0
0
0
0
0
0
0
-0.49299
-0.49299
-0.44819
15.0256
-0.50992
-0.50992
-0.50992
-0.49589
-0.41077
-0.41077
-0.49557
-0.45784
-0.46894
-0.44471
-0.44471
-0.3922
0
0
0
0
0
0
0
0
0
0
0
-8.0403
0
0
-0.4591
-0.4591
-0.41962
-0.50992
13.1377
-0.4826
-0.4826
-0.4728
-0.37478
-0.37478
-0.45027
-0.41988
-0.43
-0.40487
-0.40487
0
0
0
0
0
0
0
0
0
0
0
-6.9926
0
0
0
-0.4591
-0.4591
-0.41962
-0.50992
-0.4826
13.1377
-0.4826
-0.4728
-0.37478
-0.37478
-0.45027
-0.41988
-0.43
-0.40487
-0.40487
0
0
0
0
0
0
0
0
0
0
0
0
0
0
-6.9926
-0.4591
-0.4591
-0.41962
-0.50992
-0.4826
-0.4826
13.1377
-0.4728
-0.37478
-0.37478
-0.45027
-0.41988
-0.43
-0.40487
-0.40487
0
0
0
0
0
0
0
0
0
0
0
0
0
-6.9926
0
-0.45086
-0.45086
-0.41012
-0.49589
-0.4728
-0.4728
-0.4728
6.3755
-0.36522
-0.36522
-0.44477
-0.40771
-0.4169
-0.40171
-0.40171
-0.34616
0
0
0
0
0
0
0
0
0
0
0
0
0
0
-0.37571
-0.37571
-0.34112
-0.41077
-0.37478
-0.37478
-0.37478
-0.36522
4.9778
-0.29339
-0.36066
-0.33526
-0.34199
-0.32684
-0.32684
0
0
0
0
0
0
0
0
0
0
0
0
0
0
0
-0.37571
-0.37571
-0.34112
-0.41077
-0.37478
-0.37478
-0.37478
-0.36522
-0.29339
4.9778
-0.36066
-0.33526
-0.34199
-0.32684
-0.32684
0
0
0
0
0
0
0
0
0
0
0
0
0
0
0
-0.44805
-0.44805
-0.41031
-0.49557
-0.45027
-0.45027
-0.45027
-0.44477
-0.36066
-0.36066
6.7314
-0.40006
0
0
0
0
0
0
0
0
0
0
0
-2.0125
0
0
0
0
0
0
-0.416
-0.416
-0.37729
-0.45784
-0.41988
-0.41988
-0.41988
-0.40771
-0.33526
-0.33526
-0.40006
4.8422
-0.43719
0
0
0
0
0
0
0
0
0
0
0
0
0
0
0
0
0
-0.42551
-0.42551
-0.38558
-0.46894
-0.43
-0.43
-0.43
-0.4169
-0.34199
-0.34199
0
-0.43719
4.5336
0
0
0
0
0
0
0
0
0
0
0
0
0
0
0
0
0
-0.40147
-0.40147
-0.36909
-0.44471
-0.40487
-0.40487
-0.40487
-0.40171
-0.32684
-0.32684
0
0
0
4.2373
0
0
0
0
0
0
-0.35053
0
0
0
0
0
0
0
0
0
-0.40147
-0.40147
-0.36909
-0.44471
-0.40487
-0.40487
-0.40487
-0.40171
-0.32684
-0.32684
0
0
0
0
4.2373
0
0
0
0
0
0
0
0
0
0
-0.35053
0
0
0
0
-0.35327
-0.35327
-0.31545
-0.3922
0
0
0
-0.34616
0
0
0
0
0
0
0
1.7603
0
0
0
0
0
0
0
0
0
0
0
0
0
0
-0.11034
-0.11034
-0.1045
0
0
0
0
0
0
0
0
0
0
0
0
0
23.8868
0
0
0
0
-11.7808
-11.7808
0
0
0
0
0
0
0
-0.73152
-0.73152
-0.63981
0
0
0
0
0
0
0
0
0
0
0
0
0
0
2.1028
0
0
0
0
0
0
0
0
0
0
0
0
-0.73152
-0.73152
-0.63981
0
0
0
0
0
0
0
0
0
0
0
0
0
0
0
2.1028
0
0
0
0
0
0
0
0
0
0
0
-10.0925
0
0
0
0
0
0
0
0
0
0
0
0
0
0
0
0
0
0
10.0925
0
0
0
0
0
0
0
0
0
0
0
0
0
0
0
0
0
0
0
0
0
0
0
-0.35053
0
0
0
0
0
0
0.35053
0
0
0
0
0
0
0
0
0
0
0
0
0
0
0
0
0
0
0
0
0
0
0
0
0
-11.7808
0
0
0
0
11.7808
0
0
0
0
0
0
0
0
0
0
0
0
0
0
0
0
0
0
0
0
0
0
0
0
-11.7808
0
0
0
0
0
11.7808
0
0
0
0
0
0
0
0
0
0
0
0
0
0
0
0
0
-2.0125
0
0
0
0
0
0
0
0
0
0
0
0
2.0125
0
0
0
0
0
0
0
-10.0925
0
0
0
0
0
0
0
0
0
0
0
0
0
0
0
0
0
0
0
0
0
0
10.0925
0
0
0
0
0
0
0
0
0
0
0
0
0
0
0
0
0
0
0
-0.35053
0
0
0
0
0
0
0
0
0
0
0.35053
0
0
0
0
0
0
0
0
-6.9926
0
0
0
0
0
0
0
0
0
0
0
0
0
0
0
0
0
0
0
0
0
6.9926
0
0
0
0
0
0
-8.0403
0
0
0
0
0
0
0
0
0
0
0
0
0
0
0
0
0
0
0
0
0
0
0
8.0403
0
0
0
0
0
0
0
0
-6.9926
0
0
0
0
0
0
0
0
0
0
0
0
0
0
0
0
0
0
0
0
0
6.9926
0
0
0
0
0
0
-6.9926
0
0
0
0
0
0
0
0
0
0
0
0
0
0
0
0
0
0
0
0
0
0
0
6.9926
