24.0385
-0.7755
-0.78409
-0.77143
-0.77394
-0.77944
-0.77383
-0.74524
-0.74524
-0.74524
-0.74524
-0.69886
-0.72952
-0.77281
-0.77281
-0.75865
-0.74719
-0.82901
-0.42829
-0.86504
-1.3606
0
0
-8.4364
0
0
0
0
0
0
-0.7755
23.3301
-0.78078
-0.76327
-0.76954
-0.77455
-0.76886
-0.74074
-0.74074
-0.74074
-0.74074
-0.69427
-0.72914
-0.76718
-0.76718
-0.75319
-0.74577
-0.82226
0
-0.85868
-1.3768
0
0
0
0
0
0
-8.2202
0
0
-0.78409
-0.78078
15.1967
-0.77285
-0.77378
-0.79221
-0.77321
-0.74556
-0.74556
-0.74556
-0.74556
-0.69765
-0.75894
-0.76963
-0.76963
-0.75557
-0.76027
-0.81968
0
-0.8485
-1.3577
0
0
0
0
0
0
0
0
0
-0.77143
-0.76327
-0.77285
13.1783
-0.76302
-0.79396
-0.75466
-0.72941
-0.72941
-0.72941
-0.72941
-0.68224
-0.72997
-0.75236
-0.75236
-0.73882
-0.73432
-0.8043
-0.44713
0
0
0
0
0
0
0
0
0
0
0
-0.77394
-0.76954
-0.77378
-0.76302
13.5986
-0.79503
-0.75643
-0.73104
-0.73104
-0.73104
-0.73104
-0.68349
-0.74031
-0.75314
-0.75314
-0.73958
-0.74198
-0.80316
0
-0.82785
0
0
0
0
0
0
0
0
0
0
-0.77944
-0.77455
-0.79221
-0.79396
-0.79503
19.9816
-0.77153
-0.74328
-0.74328
-0.74328
-0.74328
-0.69455
-0.71863
-0.76891
-0.76891
-0.75487
-0.73722
0
0
0
0
-0.30977
0
0
0
0
0
0
0
-7.5489
-0.77383
-0.76886
-0.77321
-0.75466
-0.75643
-0.77153
12.7762
-0.73506
-0.73506
-0.73506
-0.73506
-0.68521
-0.74425
-0.75702
-0.75702
-0.74334
-0.74438
-0.80624
0
0
0
0
0
0
0
0
0
0
0
0
-0.74524
-0.74074
-0.74556
-0.72941
-0.73104
-0.74328
-0.73506
11.5118
-0.68449
-0.68449
-0.68449
-0.65813
-0.72438
-0.73293
-0.73293
-0.71996
-0.71963
0
0
0
0
0
0
0
0
0
0
0
0
0
-0.74524
-0.74074
-0.74556
-0.72941
-0.73104
-0.74328
-0.73506
-0.68449
11.5118
-0.68449
-0.68449
-0.65813
-0.72438
-0.73293
-0.73293
-0.71996
-0.71963
0
0
0
0
0
0
0
0
0
0
0
0
0
-0.74524
-0.74074
-0.74556
-0.72941
-0.73104
-0.74328
-0.73506
-0.68449
-0.68449
11.5118
-0.68449
-0.65813
-0.72438
-0.73293
-0.73293
-0.71996
-0.71963
0
0
0
0
0
0
0
0
0
0
0
0
0
-0.74524
-0.74074
-0.74556
-0.72941
-0.73104
-0.74328
-0.73506
-0.68449
-0.68449
-0.68449
11.5118
-0.65813
-0.72438
-0.73293
-0.73293
-0.71996
-0.71963
0
0
0
0
0
0
0
0
0
0
0
0
0
-0.69886
-0.69427
-0.69765
-0.68224
-0.68349
-0.69455
-0.68521
-0.65813
-0.65813
-0.65813
-0.65813
10.0994
-0.64353
-0.66604
-0.66604
-0.65496
0
0
0
0
0
0
0
0
0
0
0
0
0
0
-0.72952
-0.72914
-0.75894
-0.72997
-0.74031
-0.71863
-0.74425
-0.72438
-0.72438
-0.72438
-0.72438
-0.64353
23.7236
0
0
0
0
0
0
0
0
0
0
0
-7.5159
-7.5159
0
0
0
0
-0.77281
-0.76718
-0.76963
-0.75236
-0.75314
-0.76891
-0.75702
-0.73293
-0.73293
-0.73293
-0.73293
-0.66604
0
9.7292
-0.79043
0
0
0
0
0
0
0
0
0
0
0
0
0
0
0
-0.77281
-0.76718
-0.76963
-0.75236
-0.75314
-0.76891
-0.75702
-0.73293
-0.73293
-0.73293
-0.73293
-0.66604
0
-0.79043
9.7292
0
0
0
0
0
0
0
0
0
0
0
0
0
0
0
-0.75865
-0.75319
-0.75557
-0.73882
-0.73958
-0.75487
-0.74334
-0.71996
-0.71996
-0.71996
-0.71996
-0.65496
0
0
0
8.7788
0
0
0
0
0
0
0
0
0
0
0
0
0
0
-0.74719
-0.74577
-0.76027
-0.73432
-0.74198
-0.73722
-0.74438
-0.71963
-0.71963
-0.71963
-0.71963
0
0
0
0
0
12.9061
0
0
0
0
0
0
0
0
0
0
0
-4.8165
0
-0.82901
-0.82226
-0.81968
-0.8043
-0.80316
0
-0.80624
0
0
0
0
0
0
0
0
0
0
4.8847
0
0
0
0
0
0
0
0
0
0
0
0
-0.42829
0
0
-0.44713
0
0
0
0
0
0
0
0
0
0
0
0
0
0
1.337
0
0
-0.35712
-0.1045
0
0
0
0
0
0
0
-0.86504
-0.85868
-0.8485
0
-0.82785
0
0
0
0
0
0
0
0
0
0
0
0
0
0
3.4001
0
0
0
0
0
0
0
0
0
0
-1.3606
-1.3768
-1.3577
0
0
0
0
0
0
0
0
0
0
0
0
0
0
0
0
0
4.0951
0
0
0
0
0
0
0
0
0
0
0
0
0
0
-0.30977
0
0
0
0
0
0
0
0
0
0
0
0
-0.35712
0
0
0.83917
0
0
0
0
-0.17228
0
0
0
0
0
0
0
0
0
0
0
0
0
0
0
0
0
0
0
0
0
-0.1045
0
0
0
0.1045
0
0
0
0
0
0
0
-8.4364
0
0
0
0
0
0
0
0
0
0
0
0
0
0
0
0
0
0
0
0
0
0
8.4364
0
0
0
0
0
0
0
0
0
0
0
0
0
0
0
0
0
0
-7.5159
0
0
0
0
0
0
0
0
0
0
0
7.5159
0
0
0
0
0
0
0
0
0
0
0
0
0
0
0
0
0
-7.5159
0
0
0
0
0
0
0
0
0
0
0
0
7.5159
0
0
0
0
0
0
0
0
0
0
0
0
0
0
0
0
0
0
0
0
0
0
0
0
0
-0.17228
0
0
0
0
0.17228
0
0
0
0
-8.2202
0
0
0
0
0
0
0
0
0
0
0
0
0
0
0
0
0
0
0
0
0
0
0
0
0
8.2202
0
0
0
0
0
0
0
0
0
0
0
0
0
0
0
0
0
0
-4.8165
0
0
0
0
0
0
0
0
0
0
0
4.8165
0
0
0
0
0
0
-7.5489
0
0
0
0
0
0
0
0
0
0
0
0
0
0
0
0
0
0
0
0
0
0
0
7.5489
