15.1652
-0.63851
-0.63115
-0.63027
-0.69153
-0.69568
-0.69574
-0.69574
-0.60389
-0.60416
-0.5867
-0.5867
-0.71909
-0.69057
-0.76696
0
-1.9508
-1.1612
-0.50394
0
0
0
-2.3125
0
0
0
0
0
0
0
-0.63851
13.7988
-0.62677
-0.62729
-0.67986
-0.69095
-0.68893
-0.68893
-0.59784
-0.59842
-0.5818
-0.5818
-0.71031
-0.70344
-0.76352
-0.98604
-1.9765
-1.158
-0.49982
0
0
0
0
0
0
0
0
0
0
0
-0.63115
-0.62677
10.6077
-0.62209
-0.66951
-0.67187
-0.67077
-0.67077
-0.58958
-0.58065
-0.56387
-0.56387
-0.68871
-0.72382
-0.73245
0
0
-1.1204
-0.48145
0
0
0
0
0
0
0
0
0
0
0
-0.63027
-0.62729
-0.62209
11.5352
-0.66664
-0.66752
-0.67329
-0.67329
-0.59096
-0.58412
-0.56756
-0.56756
-0.68877
-0.70716
-0.74297
0
0
-1.1231
0
0
-1.4027
0
0
0
0
0
0
0
0
0
-0.69153
-0.67986
-0.66951
-0.66664
10.6556
-0.78202
-0.79628
-0.79628
-0.63094
-0.6237
-0.60703
-0.60703
-0.73624
0
0
0
0
0
0
0
0
0
0
0
-2.3685
0
0
0
0
0
-0.69568
-0.69095
-0.67187
-0.66752
-0.78202
9.8221
-0.79901
-0.79901
-0.63905
-0.62445
-0.60789
-0.60789
-0.73514
0
0
0
0
0
0
0
-1.5016
0
0
0
0
0
0
0
0
0
-0.69574
-0.68893
-0.67077
-0.67329
-0.79628
-0.79901
9.0713
-0.66145
-0.66082
-0.62764
-0.61522
-0.61522
-0.75187
0
-0.81511
0
0
0
0
0
0
0
0
0
0
0
0
0
0
0
-0.69574
-0.68893
-0.67077
-0.67329
-0.79628
-0.79901
-0.66145
9.0713
-0.66082
-0.62764
-0.61522
-0.61522
-0.75187
0
-0.81511
0
0
0
0
0
0
0
0
0
0
0
0
0
0
0
-0.60389
-0.59784
-0.58958
-0.59096
-0.63094
-0.63905
-0.66082
-0.66082
7.4492
-0.55034
-0.50899
-0.50899
0
0
0
-0.90698
0
0
0
0
0
0
0
0
0
0
0
0
0
0
-0.60416
-0.59842
-0.58065
-0.58412
-0.6237
-0.62445
-0.62764
-0.62764
-0.55034
7.081
-0.51729
-0.51729
-0.62531
0
0
0
0
0
0
0
0
0
0
0
0
0
0
0
0
0
-0.5867
-0.5818
-0.56387
-0.56756
-0.60703
-0.60789
-0.61522
-0.61522
-0.50899
-0.51729
6.2384
-0.46686
0
0
0
0
0
0
0
0
0
0
0
0
0
0
0
0
0
0
-0.5867
-0.5818
-0.56387
-0.56756
-0.60703
-0.60789
-0.61522
-0.61522
-0.50899
-0.51729
-0.46686
6.2384
0
0
0
0
0
0
0
0
0
0
0
0
0
0
0
0
0
0
-0.71909
-0.71031
-0.68871
-0.68877
-0.73624
-0.73514
-0.75187
-0.75187
0
-0.62531
0
0
15.6039
0
0
0
0
0
0
0
0
0
0
0
0
0
0
-9.1966
0
0
-0.69057
-0.70344
-0.72382
-0.70716
0
0
0
0
0
0
0
0
0
5.4666
0
-0.77521
0
0
0
-0.3847
0
0
0
-1.4817
0
0
0
0
0
0
-0.76696
-0.76352
-0.73245
-0.74297
0
0
-0.81511
-0.81511
0
0
0
0
0
0
4.6361
0
0
0
0
0
0
0
0
0
0
0
0
0
0
0
0
-0.98604
0
0
0
0
0
0
-0.90698
0
0
0
0
-0.77521
0
15.1613
0
0
0
0
0
0
0
0
0
-6.2465
0
0
0
-6.2465
-1.9508
-1.9765
0
0
0
0
0
0
0
0
0
0
0
0
0
0
10.4579
0
0
0
0
0
0
-1.8829
0
0
-4.6477
0
0
0
-1.1612
-1.158
-1.1204
-1.1231
0
0
0
0
0
0
0
0
0
0
0
0
0
4.5627
0
0
0
0
0
0
0
0
0
0
0
0
-0.50394
-0.49982
-0.48145
0
0
0
0
0
0
0
0
0
0
0
0
0
0
0
1.4852
0
0
0
0
0
0
0
0
0
0
0
0
0
0
0
0
0
0
0
0
0
0
0
0
-0.3847
0
0
0
0
0
2.3949
-0.61405
0
0
0
0
0
0
0
-1.3962
0
0
0
0
-1.4027
0
-1.5016
0
0
0
0
0
0
0
0
0
0
0
0
0
-0.61405
3.5183
0
0
0
0
0
0
0
0
0
0
0
0
0
0
0
0
0
0
0
0
0
0
0
0
0
0
0
0
0
0
4.0998
-2.0151
0
-2.0847
0
0
0
0
0
-2.3125
0
0
0
0
0
0
0
0
0
0
0
0
0
0
0
0
0
0
0
0
-2.0151
4.3276
0
0
0
0
0
0
0
0
0
0
0
0
0
0
0
0
0
0
0
0
-1.4817
0
0
-1.8829
0
0
0
0
0
0
3.3646
0
0
0
0
0
0
0
0
0
0
-2.3685
0
0
0
0
0
0
0
0
0
0
0
0
0
0
0
0
-2.0847
0
0
4.4532
0
0
0
0
0
0
0
0
0
0
0
0
0
0
0
0
0
0
0
0
-6.2465
0
0
0
0
0
0
0
0
0
6.2465
0
0
0
0
0
0
0
0
0
0
0
0
0
0
0
0
0
0
0
0
-4.6477
0
0
0
0
0
0
0
0
0
4.6477
0
0
0
0
0
0
0
0
0
0
0
0
0
0
0
-9.1966
0
0
0
0
0
0
0
0
0
0
0
0
0
0
9.1966
0
0
0
0
0
0
0
0
0
0
0
0
0
0
0
0
0
0
0
0
0
-1.3962
0
0
0
0
0
0
0
0
1.3962
0
0
0
0
0
0
0
0
0
0
0
0
0
0
0
0
-6.2465
0
0
0
0
0
0
0
0
0
0
0
0
0
6.2465
