18.5673
-0.77652
-0.8121
-0.83073
-0.8121
-0.76709
-0.76709
-0.79535
-0.79535
-0.74463
-0.77552
-0.77119
-0.76605
-0.76605
-0.78702
-0.79064
-0.79064
-0.96687
-0.75971
-1.0639
-1.3317
0
-0.22051
-1.6766
0
0
0
0
0
0
-0.77652
17.1026
-0.79118
-0.80713
-0.79118
-0.74263
-0.74263
-0.77219
-0.77219
-0.72061
-0.75409
-0.7466
-0.74164
-0.74164
-0.76187
-0.76491
-0.76491
-0.94126
-0.73328
0
-1.3683
0
-0.22447
-1.6434
0
0
0
0
0
0
-0.8121
-0.79118
16.2066
-0.86379
-0.84458
-0.78841
-0.78841
-0.81901
-0.81901
-0.76693
-0.80127
-0.79502
-0.7897
-0.7897
-0.8114
-0.81514
-0.81514
-0.99141
-0.78408
0
0
-1.5203
0
0
0
0
0
0
0
0
-0.83073
-0.80713
-0.86379
14.9265
-0.86379
-0.78286
-0.78286
-0.81788
-0.81788
-0.76088
-0.80201
-0.78884
-0.78357
-0.78357
-0.80507
-0.80781
-0.80781
-0.99663
-0.77418
0
0
0
-0.24924
0
0
0
0
0
0
0
-0.8121
-0.79118
-0.84458
-0.86379
16.2066
-0.78841
-0.78841
-0.81901
-0.81901
-0.76693
-0.80127
-0.79502
-0.7897
-0.7897
-0.8114
-0.81514
-0.81514
-0.99141
-0.78408
0
0
-1.5203
0
0
0
0
0
0
0
0
-0.76709
-0.74263
-0.78841
-0.78286
-0.78841
13.562
-0.71985
-0.75012
-0.75012
-0.70202
-0.74101
-0.72785
-0.72302
-0.72302
-0.74271
-0.7446
-0.7446
-0.90968
-0.714
0
0
0
0
0
0
0
0
0
0
0
-0.76709
-0.74263
-0.78841
-0.78286
-0.78841
-0.71985
13.562
-0.75012
-0.75012
-0.70202
-0.74101
-0.72785
-0.72302
-0.72302
-0.74271
-0.7446
-0.7446
-0.90968
-0.714
0
0
0
0
0
0
0
0
0
0
0
-0.79535
-0.77219
-0.81901
-0.81788
-0.81901
-0.75012
-0.75012
23.3315
-0.77937
-0.72057
-0.75481
-0.74777
-0.7428
-0.7428
-0.76307
-0.76517
-0.76517
0
0
0
0
0
0
0
0
-11.0263
0
0
0
0
-0.79535
-0.77219
-0.81901
-0.81788
-0.81901
-0.75012
-0.75012
-0.77937
23.3315
-0.72057
-0.75481
-0.74777
-0.7428
-0.7428
-0.76307
-0.76517
-0.76517
0
0
0
0
0
0
0
0
0
-11.0263
0
0
0
-0.74463
-0.72061
-0.76693
-0.76088
-0.76693
-0.70202
-0.70202
-0.72057
-0.72057
11.5555
-0.70674
-0.70141
-0.69677
-0.69677
-0.71569
-0.71649
-0.71649
0
0
0
0
0
0
0
0
0
0
0
0
0
-0.77552
-0.75409
-0.80127
-0.80201
-0.80127
-0.74101
-0.74101
-0.75481
-0.75481
-0.70674
11.7598
-0.74993
-0.74494
-0.74494
-0.76528
0
0
0
0
-1.1222
0
0
0
0
0
0
0
0
0
0
-0.77119
-0.7466
-0.79502
-0.78884
-0.79502
-0.72785
-0.72785
-0.74777
-0.74777
-0.70141
-0.74993
10.4724
-0.71788
-0.71788
-0.73742
0
0
0
0
0
0
0
0
0
0
0
0
0
0
0
-0.76605
-0.74164
-0.7897
-0.78357
-0.7897
-0.72302
-0.72302
-0.7428
-0.7428
-0.69677
-0.74494
-0.71788
9.6515
-0.68967
0
0
0
0
0
0
0
0
0
0
0
0
0
0
0
0
-0.76605
-0.74164
-0.7897
-0.78357
-0.7897
-0.72302
-0.72302
-0.7428
-0.7428
-0.69677
-0.74494
-0.71788
-0.68967
9.6515
0
0
0
0
0
0
0
0
0
0
0
0
0
0
0
0
-0.78702
-0.76187
-0.8114
-0.80507
-0.8114
-0.74271
-0.74271
-0.76307
-0.76307
-0.71569
-0.76528
-0.73742
0
0
9.2067
0
0
0
0
0
0
0
0
0
0
0
0
0
0
0
-0.79064
-0.76491
-0.81514
-0.80781
-0.81514
-0.7446
-0.7446
-0.76517
-0.76517
-0.71649
0
0
0
0
0
7.7297
0
0
0
0
0
0
0
0
0
0
0
0
0
0
-0.79064
-0.76491
-0.81514
-0.80781
-0.81514
-0.7446
-0.7446
-0.76517
-0.76517
-0.71649
0
0
0
0
0
0
7.7297
0
0
0
0
0
0
0
0
0
0
0
0
0
-0.96687
-0.94126
-0.99141
-0.99663
-0.99141
-0.90968
-0.90968
0
0
0
0
0
0
0
0
0
0
14.4166
0
0
0
0
0
0
0
0
0
-7.7097
0
0
-0.75971
-0.73328
-0.78408
-0.77418
-0.78408
-0.714
-0.714
0
0
0
0
0
0
0
0
0
0
0
5.2633
0
0
0
0
0
0
0
0
0
0
0
-1.0639
0
0
0
0
0
0
0
0
0
-1.1222
0
0
0
0
0
0
0
0
3.8249
0
0
0
0
-1.6389
0
0
0
0
0
-1.3317
-1.3683
0
0
0
0
0
0
0
0
0
0
0
0
0
0
0
0
0
0
4.9387
0
0
0
0
0
0
0
0
-2.2387
0
0
-1.5203
0
-1.5203
0
0
0
0
0
0
0
0
0
0
0
0
0
0
0
0
5.1948
0
0
0
0
0
0
-2.1541
0
-0.22051
-0.22447
0
-0.24924
0
0
0
0
0
0
0
0
0
0
0
0
0
0
0
0
0
0
0.69423
0
0
0
0
0
0
0
-1.6766
-1.6434
0
0
0
0
0
0
0
0
0
0
0
0
0
0
0
0
0
0
0
0
0
3.32
0
0
0
0
0
0
0
0
0
0
0
0
0
0
0
0
0
0
0
0
0
0
0
0
0
-1.6389
0
0
0
0
1.6389
0
0
0
0
0
0
0
0
0
0
0
0
-11.0263
0
0
0
0
0
0
0
0
0
0
0
0
0
0
0
0
0
11.0263
0
0
0
0
0
0
0
0
0
0
0
0
-11.0263
0
0
0
0
0
0
0
0
0
0
0
0
0
0
0
0
0
11.0263
0
0
0
0
0
0
0
0
0
0
0
0
0
0
0
0
0
0
0
0
-7.7097
0
0
0
0
0
0
0
0
0
7.7097
0
0
0
0
0
0
0
0
0
0
0
0
0
0
0
0
0
0
0
0
0
0
0
-2.1541
0
0
0
0
0
0
2.1541
0
0
0
0
0
0
0
0
0
0
0
0
0
0
0
0
0
0
0
0
0
-2.2387
0
0
0
0
0
0
0
0
2.2387
