22.201
-1.1833
-1.1836
-1.1856
-1.1836
-1.0418
-1.0334
-1.0232
-1.0105
-1.0045
-1.012
-1.0076
-0.99826
-0.99382
-0.94256
-0.94256
-0.94256
-0.94256
-1.0264
-1.0821
0
-1.3458
0
-1.1154
0
0
0
0
0
0
-1.1833
22.0457
-1.1501
-1.1891
-1.1501
-1.0446
-1.0361
-1.0411
-1.0123
-1.0075
-1.005
-1.0184
-0.98985
-0.9961
-0.94459
-0.94459
-0.94459
-0.94459
-1.0301
-1.0846
-0.93606
0
0
0
0
0
-1.393
0
0
0
-1.1836
-1.1501
22.0582
-1.1506
-1.1105
-1.0252
-1.0389
-1.0403
-1.0128
-1.0057
-1.0061
-1.0249
-0.9992
-0.99529
-0.94424
-0.94424
-0.94424
-0.94424
-1.0298
-1.0832
-0.96089
0
-1.464
0
0
0
0
0
0
0
-1.1856
-1.1891
-1.1506
24.1929
-1.1506
-1.0311
-1.0577
-1.046
-1.02
-1.0134
-1.022
-1.0303
-1.0067
-1.0027
-0.95128
-0.95128
-0.95128
-0.95128
-1.037
-1.0938
0
0
-1.465
0
0
0
0
0
0
-2.8862
-1.1836
-1.1501
-1.1105
-1.1506
22.0582
-1.0252
-1.0389
-1.0403
-1.0128
-1.0057
-1.0061
-1.0249
-0.9992
-0.99529
-0.94424
-0.94424
-0.94424
-0.94424
-1.0298
-1.0832
-0.96089
0
-1.464
0
0
0
0
0
0
0
-1.0418
-1.0446
-1.0252
-1.0311
-1.0252
19.1524
-0.94173
-0.93371
-0.91315
-0.90791
-0.91236
-0.9189
-0.89852
-0.89695
-0.85206
-0.85206
-0.85206
-0.85206
-0.9269
-0.97983
0
0
-1.3462
0
0
0
0
0
0
0
-1.0334
-1.0361
-1.0389
-1.0577
-1.0389
-0.94173
18.6905
-0.93269
-0.91039
-0.90993
-0.90668
-0.91456
-0.89346
-0.89376
-0.84911
-0.84911
-0.84911
-0.84911
-0.9236
0
-0.86259
0
0
-0.99974
0
0
0
0
0
0
-1.0232
-1.0411
-1.0403
-1.046
-1.0403
-0.93371
-0.93269
18.7961
-0.91314
-0.90645
-0.91063
-0.91777
-0.89679
-0.89534
-0.85055
-0.85055
-0.85055
-0.85055
-0.92504
-0.97678
0
0
0
-0.99467
0
0
0
0
0
0
-1.0105
-1.0123
-1.0128
-1.02
-1.0128
-0.91315
-0.91039
-0.91314
17.9776
-0.88519
-0.88251
-0.90118
-0.86212
-0.86732
-0.82702
-0.82702
-0.82702
-0.82702
-0.90194
0
0
0
0
0
0
-1.564
0
0
0
0
-1.0045
-1.0075
-1.0057
-1.0134
-1.0057
-0.90791
-0.90993
-0.90645
-0.88519
17.3233
-0.88404
-0.90466
-0.86539
-0.86739
-0.82636
-0.82636
-0.82636
-0.82636
-0.89981
-0.95032
0
0
0
0
0
0
0
0
0
0
-1.012
-1.005
-1.0061
-1.022
-1.0061
-0.91236
-0.90668
-0.91063
-0.88251
-0.88404
17.2169
-0.90486
-0.86202
-0.86579
-0.82526
-0.82526
-0.82526
-0.82526
-0.89908
0
-0.83658
0
0
0
0
0
0
0
0
0
-1.0076
-1.0184
-1.0249
-1.0303
-1.0249
-0.9189
-0.91456
-0.91777
-0.90118
-0.90466
-0.90486
18.4409
-0.85113
-0.86943
-0.8259
-0.8259
-0.8259
-0.8259
0
0
0
-1.187
0
0
0
0
0
-1.6617
0
0
-0.99826
-0.98985
-0.9992
-1.0067
-0.9992
-0.89852
-0.89346
-0.89679
-0.86212
-0.86539
-0.86202
-0.85113
16.5478
-0.86375
-0.82678
-0.82678
-0.82678
-0.82678
0
0
0
0
0
0
0
0
-1.2544
0
0
0
-0.99382
-0.9961
-0.99529
-1.0027
-0.99529
-0.89695
-0.89376
-0.89534
-0.86732
-0.86739
-0.86579
-0.86943
-0.86375
16.1901
-0.82363
-0.82363
-0.82363
-0.82363
-0.89264
0
0
0
0
0
0
0
0
0
0
0
-0.94256
-0.94459
-0.94424
-0.95128
-0.94424
-0.85206
-0.84911
-0.85055
-0.82702
-0.82636
-0.82526
-0.8259
-0.82678
-0.82363
14.4758
-0.74739
-0.74739
-0.74739
0
0
0
0
0
0
0
0
0
0
0
0
-0.94256
-0.94459
-0.94424
-0.95128
-0.94424
-0.85206
-0.84911
-0.85055
-0.82702
-0.82636
-0.82526
-0.8259
-0.82678
-0.82363
-0.74739
14.4758
-0.74739
-0.74739
0
0
0
0
0
0
0
0
0
0
0
0
-0.94256
-0.94459
-0.94424
-0.95128
-0.94424
-0.85206
-0.84911
-0.85055
-0.82702
-0.82636
-0.82526
-0.8259
-0.82678
-0.82363
-0.74739
-0.74739
14.4758
-0.74739
0
0
0
0
0
0
0
0
0
0
0
0
-0.94256
-0.94459
-0.94424
-0.95128
-0.94424
-0.85206
-0.84911
-0.85055
-0.82702
-0.82636
-0.82526
-0.8259
-0.82678
-0.82363
-0.74739
-0.74739
-0.74739
14.4758
0
0
0
0
0
0
0
0
0
0
0
0
-1.0264
-1.0301
-1.0298
-1.037
-1.0298
-0.9269
-0.9236
-0.92504
-0.90194
-0.89981
-0.89908
0
0
-0.89264
0
0
0
0
11.5222
0
0
0
0
0
0
0
0
0
0
0
-1.0821
-1.0846
-1.0832
-1.0938
-1.0832
-0.97983
0
-0.97678
0
-0.95032
0
0
0
0
0
0
0
0
0
8.3339
0
0
0
0
0
0
0
0
0
0
0
-0.93606
-0.96089
0
-0.96089
0
-0.86259
0
0
0
-0.83658
0
0
0
0
0
0
0
0
0
5.8674
0
0
0
0
0
0
-1.3104
0
0
-1.3458
0
0
0
0
0
0
0
0
0
0
-1.187
0
0
0
0
0
0
0
0
0
7.5136
-1.6402
-1.4221
-1.9185
0
0
0
0
0
0
0
-1.464
-1.465
-1.464
-1.3462
0
0
0
0
0
0
0
0
0
0
0
0
0
0
0
-1.6402
7.3795
0
0
0
0
0
0
0
-1.1154
0
0
0
0
0
-0.99974
-0.99467
0
0
0
0
0
0
0
0
0
0
0
0
0
-1.4221
0
4.5318
0
0
0
0
0
0
0
0
0
0
0
0
0
0
0
0
0
0
0
0
0
0
0
0
0
0
0
-1.9185
0
0
5.7063
-1.758
0
0
-2.0297
0
0
0
0
0
0
0
0
0
-1.564
0
0
0
0
0
0
0
0
0
0
0
0
0
0
0
-1.758
4.5686
-1.2466
0
0
0
0
-1.393
0
0
0
0
0
0
0
0
0
0
-1.2544
0
0
0
0
0
0
0
0
0
0
0
0
-1.2466
3.8939
0
0
0
0
0
0
0
0
0
0
0
0
0
0
-1.6617
0
0
0
0
0
0
0
0
-1.3104
0
0
0
0
0
0
2.9721
0
0
0
0
0
0
0
0
0
0
0
0
0
0
0
0
0
0
0
0
0
0
0
0
0
0
-2.0297
0
0
0
2.0297
0
0
0
0
-2.8862
0
0
0
0
0
0
0
0
0
0
0
0
0
0
0
0
0
0
0
0
0
0
0
0
0
2.8862
