14.8588
-0.71091
-0.71091
-0.71091
-0.71091
-0.7394
-0.74584
-0.7394
-0.69332
-0.7213
-0.71111
-0.67268
-0.67268
-0.77155
-0.88363
-0.72206
-0.74632
-0.86911
0
0
0
0
-2.3268
0
0
0
0
0
0
0
-0.71091
11.0255
-0.59362
-0.59362
-0.59362
-0.65347
-0.66613
-0.65347
-0.6114
-0.63532
-0.63015
-0.59239
-0.59239
-0.67849
-0.76985
-0.6397
-0.65097
-0.76002
0
0
0
0
0
0
0
0
0
0
0
0
-0.71091
-0.59362
11.0255
-0.59362
-0.59362
-0.65347
-0.66613
-0.65347
-0.6114
-0.63532
-0.63015
-0.59239
-0.59239
-0.67849
-0.76985
-0.6397
-0.65097
-0.76002
0
0
0
0
0
0
0
0
0
0
0
0
-0.71091
-0.59362
-0.59362
11.0255
-0.59362
-0.65347
-0.66613
-0.65347
-0.6114
-0.63532
-0.63015
-0.59239
-0.59239
-0.67849
-0.76985
-0.6397
-0.65097
-0.76002
0
0
0
0
0
0
0
0
0
0
0
0
-0.71091
-0.59362
-0.59362
-0.59362
11.0255
-0.65347
-0.66613
-0.65347
-0.6114
-0.63532
-0.63015
-0.59239
-0.59239
-0.67849
-0.76985
-0.6397
-0.65097
-0.76002
0
0
0
0
0
0
0
0
0
0
0
0
-0.7394
-0.65347
-0.65347
-0.65347
-0.65347
9.8877
-0.73654
-0.64578
-0.62479
-0.64939
-0.64017
-0.60381
-0.60381
-0.69224
0
-0.6634
-0.67448
0
0
0
0
0
0
0
0
0
0
0
0
0
-0.74584
-0.66613
-0.66613
-0.66613
-0.66613
-0.73654
21.3979
-0.73654
-0.61974
-0.66472
-0.63695
-0.6162
-0.6162
-0.70852
0
0
0
0
0
0
0
0
-2.2682
0
0
-10.3838
0
0
0
0
-0.7394
-0.65347
-0.65347
-0.65347
-0.65347
-0.64578
-0.73654
9.8877
-0.62479
-0.64939
-0.64017
-0.60381
-0.60381
-0.69224
0
-0.6634
-0.67448
0
0
0
0
0
0
0
0
0
0
0
0
0
-0.69332
-0.6114
-0.6114
-0.6114
-0.6114
-0.62479
-0.61974
-0.62479
8.5248
-0.61801
-0.60065
-0.56934
-0.56934
-0.65436
0
0
0
0
-0.50486
0
0
0
0
0
0
0
0
0
0
0
-0.7213
-0.63532
-0.63532
-0.63532
-0.63532
-0.64939
-0.66472
-0.64939
-0.61801
8.3663
-0.65649
-0.58946
-0.58946
-0.68683
0
0
0
0
0
0
0
0
0
0
0
0
0
0
0
0
-0.71111
-0.63015
-0.63015
-0.63015
-0.63015
-0.64017
-0.63695
-0.64017
-0.60065
-0.65649
9.0825
-0.56942
-0.56942
0
0
0
0
0
0
0
-1.5375
0
0
0
0
0
0
0
0
0
-0.67268
-0.59239
-0.59239
-0.59239
-0.59239
-0.60381
-0.6162
-0.60381
-0.56934
-0.58946
-0.56942
7.088
-0.49375
0
0
0
0
0
0
0
0
0
0
0
0
0
0
0
0
0
-0.67268
-0.59239
-0.59239
-0.59239
-0.59239
-0.60381
-0.6162
-0.60381
-0.56934
-0.58946
-0.56942
-0.49375
7.088
0
0
0
0
0
0
0
0
0
0
0
0
0
0
0
0
0
-0.77155
-0.67849
-0.67849
-0.67849
-0.67849
-0.69224
-0.70852
-0.69224
-0.65436
-0.68683
0
0
0
6.9197
0
0
0
0
0
0
0
0
0
0
0
0
0
0
0
0
-0.88363
-0.76985
-0.76985
-0.76985
-0.76985
0
0
0
0
0
0
0
0
0
29.4969
0
0
0
0
0
0
-1.7635
0
0
-7.9235
0
0
-7.9235
0
-7.9235
-0.72206
-0.6397
-0.6397
-0.6397
-0.6397
-0.6634
0
-0.6634
0
0
0
0
0
0
0
4.8104
0
0
0
-0.20271
0
0
0
0
0
0
0
0
0
0
-0.74632
-0.65097
-0.65097
-0.65097
-0.65097
-0.67448
0
-0.67448
0
0
0
0
0
0
0
0
9.8275
0
0
0
0
0
0
0
0
0
-5.1284
0
0
0
-0.86911
-0.76002
-0.76002
-0.76002
-0.76002
0
0
0
0
0
0
0
0
0
0
0
0
3.9092
0
0
0
0
0
0
0
0
0
0
0
0
0
0
0
0
0
0
0
0
-0.50486
0
0
0
0
0
0
0
0
0
5.2686
0
-1.513
-1.9626
0
0
0
0
0
0
-1.2881
0
0
0
0
0
0
0
0
0
0
0
0
0
0
0
0
-0.20271
0
0
0
1.8721
-0.60105
0
0
-1.0683
0
0
0
0
0
0
0
0
0
0
0
0
0
0
0
0
-1.5375
0
0
0
0
0
0
0
-1.513
-0.60105
3.6516
0
0
0
0
0
0
0
0
0
0
0
0
0
0
0
0
0
0
0
0
0
0
0
-1.7635
0
0
0
-1.9626
0
0
3.7262
0
0
0
0
0
0
0
0
-2.3268
0
0
0
0
0
-2.2682
0
0
0
0
0
0
0
0
0
0
0
0
0
0
0
4.595
0
0
0
0
0
0
0
0
0
0
0
0
0
0
0
0
0
0
0
0
0
0
0
0
0
0
-1.0683
0
0
0
1.0683
0
0
0
0
0
0
0
0
0
0
0
0
0
0
0
0
0
0
0
0
-7.9235
0
0
0
0
0
0
0
0
0
7.9235
0
0
0
0
0
0
0
0
0
0
0
-10.3838
0
0
0
0
0
0
0
0
0
0
0
0
0
0
0
0
0
0
10.3838
0
0
0
0
0
0
0
0
0
0
0
0
0
0
0
0
0
0
0
0
-5.1284
0
0
0
0
0
0
0
0
0
5.1284
0
0
0
0
0
0
0
0
0
0
0
0
0
0
0
0
0
-7.9235
0
0
0
0
0
0
0
0
0
0
0
0
7.9235
0
0
0
0
0
0
0
0
0
0
0
0
0
0
0
0
0
0
0
0
-1.2881
0
0
0
0
0
0
0
0
0
1.2881
0
0
0
0
0
0
0
0
0
0
0
0
0
0
0
-7.9235
0
0
0
0
0
0
0
0
0
0
0
0
0
0
7.9235
