17.1833
-0.88358
-0.89008
-0.90895
-0.89158
-0.74123
-0.7552
-0.84517
-0.93441
-0.8598
-0.9161
-0.88354
-0.82139
-0.86409
-0.86805
-0.8399
-1.1904
0
-1.0282
0
0
0
0
-2.0617
0
0
0
0
0
0
-0.88358
14.1633
-0.80742
-0.86519
-0.81187
-0.67257
-0.69588
-0.77819
-0.84422
-0.79047
-0.8556
-0.80574
-0.75871
-0.78903
-0.78623
-0.77291
0
-1.3502
-0.89559
0
0
0
0
0
0
0
0
0
0
0
-0.89008
-0.80742
15.2003
-0.86298
-0.86043
-0.68907
-0.67048
-0.77539
-0.84579
-0.78688
-0.84475
-0.80014
-0.75497
-0.78574
-0.78153
-0.76798
0
-1.4076
0
0
0
0
0
0
0
-1.8691
0
0
0
0
-0.90895
-0.86519
-0.86298
17.0624
-0.86782
-0.69894
-0.69927
-0.78465
-0.85018
-0.79651
-0.85539
-0.80819
-0.75924
-0.79142
-0.77521
-0.77759
0
0
0
-1.7791
0
0
0
0
0
0
0
0
-3.1818
0
-0.89158
-0.81187
-0.86043
-0.86782
14.6144
-0.67291
-0.69449
-0.77577
-0.85361
-0.78649
-0.83713
-0.80204
-0.76064
-0.7882
-0.7937
-0.7661
0
0
-0.94589
0
0
-1.7058
0
0
0
0
0
0
0
0
-0.74123
-0.67257
-0.68907
-0.69894
-0.67291
10.8654
-0.57901
-0.65642
-0.71085
-0.66312
-0.70844
-0.67303
-0.63693
-0.66057
-0.66911
-0.64324
0
0
-0.79002
0
0
0
0
0
0
0
0
0
0
0
-0.7552
-0.69588
-0.67048
-0.69927
-0.69449
-0.57901
11.8165
-0.65912
-0.71876
-0.66534
-0.70531
-0.67392
-0.63939
-0.66337
-0.67061
-0.64421
0
0
0
0
0
0
0
0
0
-1.6821
0
0
0
0
-0.84517
-0.77819
-0.77539
-0.78465
-0.77577
-0.65642
-0.65912
9.9505
-0.82673
-0.76073
-0.81717
-0.7727
-0.73996
-0.75853
0
0
0
0
0
0
0
0
0
0
0
0
0
0
0
0
-0.93441
-0.84422
-0.84579
-0.85018
-0.85361
-0.71085
-0.71876
-0.82673
11.726
-0.84847
0
0
0
0
0
0
0
-1.3574
0
0
0
0
0
0
-2.9356
0
0
0
0
0
-0.8598
-0.79047
-0.78688
-0.79651
-0.78649
-0.66312
-0.66534
-0.76073
-0.84847
8.616
-0.83473
-0.82349
0
0
0
0
0
0
0
0
0
0
0
0
0
0
0
0
0
0
-0.9161
-0.8556
-0.84475
-0.85539
-0.83713
-0.70844
-0.70531
-0.81717
0
-0.83473
10.9727
0
0
0
0
0
0
0
0
0
0
-1.6801
0
-1.918
0
0
0
0
0
0
-0.88354
-0.80574
-0.80014
-0.80819
-0.80204
-0.67303
-0.67392
-0.7727
0
-0.82349
0
7.8231
0
0
0
0
0
0
0
0
0
0
-0.78027
0
0
0
0
0
0
0
-0.82139
-0.75871
-0.75497
-0.75924
-0.76064
-0.63693
-0.63939
-0.73996
0
0
0
0
8.557
0
0
0
-0.9152
0
0
0
-1.7706
0
0
0
0
0
0
0
0
0
-0.86409
-0.78903
-0.78574
-0.79142
-0.7882
-0.66057
-0.66337
-0.75853
0
0
0
0
0
7.9144
0
0
0
0
0
0
-1.8135
0
0
0
0
0
0
0
0
0
-0.86805
-0.78623
-0.78153
-0.77521
-0.7937
-0.66911
-0.67061
0
0
0
0
0
0
0
6.815
0
0
0
0
-1.4705
0
0
0
0
0
0
0
0
0
0
-0.8399
-0.77291
-0.76798
-0.77759
-0.7661
-0.64324
-0.64421
0
0
0
0
0
0
0
0
5.2119
0
0
0
0
0
0
0
0
0
0
0
0
0
0
-1.1904
0
0
0
0
0
0
0
0
0
0
0
-0.9152
0
0
0
5.8498
0
0
0
0
0
-1.641
0
0
0
0
-2.1033
0
0
0
-1.3502
-1.4076
0
0
0
0
0
-1.3574
0
0
0
0
0
0
0
0
6.6015
0
0
0
0
0
0
0
0
-2.4864
0
0
0
-1.0282
-0.89559
0
0
-0.94589
-0.79002
0
0
0
0
0
0
0
0
0
0
0
0
3.6597
0
0
0
0
0
0
0
0
0
0
0
0
0
0
-1.7791
0
0
0
0
0
0
0
0
0
0
-1.4705
0
0
0
0
8.48
0
-2.0609
0
0
0
0
-3.1696
0
0
0
0
0
0
0
0
0
0
0
0
0
0
0
-1.7706
-1.8135
0
0
0
0
0
0
5.7817
0
0
0
-2.1977
0
0
0
0
0
0
0
0
0
-1.7058
0
0
0
0
0
-1.6801
0
0
0
0
0
0
0
0
-2.0609
0
5.4468
0
0
0
0
0
0
0
0
0
0
0
0
0
0
0
0
0
0
0
-0.78027
0
0
0
0
-1.641
0
0
0
0
0
4.252
0
0
0
0
0
0
-1.8307
-2.0617
0
0
0
0
0
0
0
0
0
-1.918
0
0
0
0
0
0
0
0
0
0
0
0
3.9797
0
0
0
0
0
0
0
0
0
0
0
0
0
0
-2.9356
0
0
0
0
0
0
0
0
0
0
0
-2.1977
0
0
0
5.1333
0
0
0
0
0
0
0
-1.8691
0
0
0
-1.6821
0
0
0
0
0
0
0
0
0
0
0
0
0
0
0
0
0
0
3.5512
0
0
0
0
0
0
0
0
0
0
0
0
0
0
0
0
0
0
0
0
0
-2.4864
0
-3.1696
0
0
0
0
0
0
5.656
0
0
0
0
0
0
0
0
0
0
0
0
0
0
0
0
0
0
0
-2.1033
0
0
0
0
0
0
0
0
0
0
2.1033
0
0
0
0
0
-3.1818
0
0
0
0
0
0
0
0
0
0
0
0
0
0
0
0
0
0
0
0
0
0
0
0
3.1818
0
0
0
0
0
0
0
0
0
0
0
0
0
0
0
0
0
0
0
0
0
0
0
-1.8307
0
0
0
0
0
0
1.8307
