17.1479
-0.77746
-0.77746
-0.76051
-0.80604
-0.83094
-0.8306
-0.80547
-0.73784
-0.73859
-0.7076
-0.75218
-0.78022
-0.75169
-0.75169
-0.8997
-0.92042
-1.0344
-1.4948
0
0
0
-1.6658
-0.32444
0
0
0
0
0
0
-0.77746
14.8303
-0.73481
-0.72435
-0.76968
-0.79946
-0.79836
-0.76974
-0.70583
-0.71258
-0.67472
-0.71931
-0.74388
-0.71662
-0.71662
-0.87417
-0.86904
-0.97302
-1.4298
0
0
0
0
-0.32084
0
0
0
0
0
0
-0.77746
-0.73481
14.8303
-0.72435
-0.76968
-0.79946
-0.79836
-0.76974
-0.70583
-0.71258
-0.67472
-0.71931
-0.74388
-0.71662
-0.71662
-0.87417
-0.86904
-0.97302
-1.4298
0
0
0
0
-0.32084
0
0
0
0
0
0
-0.76051
-0.72435
-0.72435
14.2295
-0.7574
-0.7801
-0.77526
-0.75618
-0.69008
-0.69913
-0.66009
-0.70287
-0.72778
-0.70133
-0.70133
-0.85737
-0.84988
-0.95094
-1.4105
0
0
0
0
0
0
0
0
0
0
0
-0.80604
-0.76968
-0.76968
-0.7574
13.5306
-0.83095
-0.82446
-0.80032
-0.73301
-0.73989
-0.69574
-0.74511
-0.76783
-0.73986
-0.73986
-0.9084
-0.89843
-1.0039
0
0
0
0
0
0
0
0
0
0
0
0
-0.83094
-0.79946
-0.79946
-0.7801
-0.83095
22.8888
-0.86057
-0.85402
-0.74433
-0.74352
-0.70696
-0.75336
-0.78119
-0.75359
-0.75359
0
0
0
0
0
0
-0.93373
0
0
0
-10.9631
0
0
0
0
-0.8306
-0.79836
-0.79836
-0.77526
-0.82446
-0.86057
22.3517
-0.84513
-0.75172
-0.74165
-0.70375
-0.76233
-0.7779
-0.74927
-0.74927
0
0
0
0
-0.34436
0
0
0
0
0
0
0
-11.0387
0
0
-0.80547
-0.76974
-0.76974
-0.75618
-0.80032
-0.85402
-0.84513
12.4886
-0.72358
-0.72987
-0.68626
-0.73408
-0.75787
-0.7304
-0.7304
-0.90122
-0.89432
0
0
0
0
0
0
0
0
0
0
0
0
0
-0.73784
-0.70583
-0.70583
-0.69008
-0.73301
-0.74433
-0.75172
-0.72358
10.517
-0.67689
-0.62134
-0.65859
-0.68563
-0.65981
-0.65981
0
0
0
0
0
-0.7627
0
0
0
0
0
0
0
0
0
-0.73859
-0.71258
-0.71258
-0.69913
-0.73989
-0.74352
-0.74165
-0.72987
-0.67689
11.356
-0.62638
-0.66647
-0.69303
-0.66854
-0.66854
0
0
0
0
0
0
0
-1.5384
0
0
0
0
0
0
0
-0.7076
-0.67472
-0.67472
-0.66009
-0.69574
-0.70696
-0.70375
-0.68626
-0.62134
-0.62638
9.2948
-0.62459
-0.65411
-0.62928
-0.62928
0
0
0
0
0
0
0
0
0
0
0
0
0
0
0
-0.75218
-0.71931
-0.71931
-0.70287
-0.74511
-0.75336
-0.76233
-0.73408
-0.65859
-0.66647
-0.62459
9.2986
-0.68484
0
0
0
0
0
0
0
-0.77551
0
0
0
0
0
0
0
0
0
-0.78022
-0.74388
-0.74388
-0.72778
-0.76783
-0.78119
-0.7779
-0.75787
-0.68563
-0.69303
-0.65411
-0.68484
8.7982
0
0
0
0
0
0
0
0
0
0
0
0
0
0
0
0
0
-0.75169
-0.71662
-0.71662
-0.70133
-0.73986
-0.75359
-0.74927
-0.7304
-0.65981
-0.66854
-0.62928
0
0
7.817
0
0
0
0
0
0
0
0
0
0
0
0
0
0
0
0
-0.75169
-0.71662
-0.71662
-0.70133
-0.73986
-0.75359
-0.74927
-0.7304
-0.65981
-0.66854
-0.62928
0
0
0
7.817
0
0
0
0
0
0
0
0
0
0
0
0
0
0
0
-0.8997
-0.87417
-0.87417
-0.85737
-0.9084
0
0
-0.90122
0
0
0
0
0
0
0
13.3073
0
0
0
0
0
-1.0349
0
0
0
0
0
0
-6.9573
0
-0.92042
-0.86904
-0.86904
-0.84988
-0.89843
0
0
-0.89432
0
0
0
0
0
0
0
0
5.3011
0
0
0
0
0
0
0
0
0
0
0
0
0
-1.0344
-0.97302
-0.97302
-0.95094
-1.0039
0
0
0
0
0
0
0
0
0
0
0
0
4.9353
0
0
0
0
0
0
0
0
0
0
0
0
-1.4948
-1.4298
-1.4298
-1.4105
0
0
0
0
0
0
0
0
0
0
0
0
0
0
5.765
0
0
0
0
0
0
0
0
0
0
0
0
0
0
0
0
0
-0.34436
0
0
0
0
0
0
0
0
0
0
0
0
2.4632
-1.578
0
0
0
0
0
0
0
0
-0.54075
0
0
0
0
0
0
0
0
-0.7627
0
0
-0.77551
0
0
0
0
0
0
0
-1.578
3.1162
0
0
0
0
0
0
0
0
0
0
0
0
0
0
-0.93373
0
0
0
0
0
0
0
0
0
-1.0349
0
0
0
0
0
3.239
0
0
0
0
-1.2703
0
0
0
-1.6658
0
0
0
0
0
0
0
0
-1.5384
0
0
0
0
0
0
0
0
0
0
0
0
6.0723
0
-2.8681
0
0
0
0
0
-0.32444
-0.32084
-0.32084
0
0
0
0
0
0
0
0
0
0
0
0
0
0
0
0
0
0
0
0
0.96612
0
0
0
0
0
0
0
0
0
0
0
0
0
0
0
0
0
0
0
0
0
0
0
0
0
0
0
0
-2.8681
0
2.8681
0
0
0
0
0
0
0
0
0
0
-10.9631
0
0
0
0
0
0
0
0
0
0
0
0
0
0
0
0
0
0
0
10.9631
0
0
0
0
0
0
0
0
0
0
0
0
0
0
0
0
0
0
0
0
0
0
0
0
0
-1.2703
0
0
0
0
1.2703
0
0
0
0
0
0
0
0
0
-11.0387
0
0
0
0
0
0
0
0
0
0
0
0
0
0
0
0
0
0
0
0
11.0387
0
0
0
0
0
0
0
0
0
0
0
0
0
0
0
0
0
-6.9573
0
0
0
0
0
0
0
0
0
0
0
0
6.9573
0
0
0
0
0
0
0
0
0
0
0
0
0
0
0
0
0
0
0
0
-0.54075
0
0
0
0
0
0
0
0
0
0.54075
