10.3748
-0.10001
-0.10001
-0.50323
-0.56522
-0.10089
-0.45265
-0.43335
-0.47255
-0.47938
-0.59182
-0.59182
-0.57775
-0.84653
0
-0.85813
0
0
-1.1023
0
0
0
0
0
-2.5992
0
0
0
0
0
-0.10001
11.0254
-0.10001
-0.38919
-0.40449
-0.29483
-0.10002
-0.45559
-0.47322
-0.47645
-0.53707
-0.53707
-0.56422
-0.91939
0
-0.88091
0
0
-1.283
0
0
0
0
0
0
-3.5099
0
0
0
0
-0.10001
-0.10001
8.8247
-0.41093
-0.42141
-0.21471
-0.27903
-0.44409
-0.46187
-0.45904
-0.50133
-0.50133
-0.57373
-1.0534
-0.1
-1.1196
0
0
-2.0842
0
0
0
0
0
0
0
0
0
0
0
-0.50323
-0.38919
-0.41093
7.2928
-0.10209
-0.49914
-0.41114
-0.3451
-0.42558
-0.27393
-0.57171
-0.57171
-1.015
0
-0.10007
0
0
-1.674
0
0
0
0
0
0
0
0
0
0
0
0
-0.56522
-0.40449
-0.42141
-0.10209
7.2212
-0.5001
-0.39994
-0.25162
-0.21932
-0.4358
-0.60974
-0.60974
-1.0081
0
0
0
0
-1.6935
0
0
0
0
0
0
0
0
0
0
0
0
-0.10089
-0.29483
-0.21471
-0.49914
-0.5001
7.6919
-0.52496
-0.54651
-0.52888
-0.53216
-0.57898
-0.57898
-0.7548
0
0
-2.037
0
0
0
0
0
0
0
0
0
0
0
0
0
0
-0.45265
-0.10002
-0.27903
-0.41114
-0.39994
-0.52496
9.9301
-0.56803
-0.50554
-0.48644
0
0
0
0
0
0
-2.3395
0
0
-0.65188
0
0
-3.2109
0
0
0
0
0
0
0
-0.43335
-0.45559
-0.44409
-0.3451
-0.25162
-0.54651
-0.56803
7.0603
-0.82062
-0.72297
-0.661
-0.661
-1.1504
0
0
0
0
0
0
0
0
0
0
0
0
0
0
0
0
0
-0.47255
-0.47322
-0.46187
-0.42558
-0.21932
-0.52888
-0.50554
-0.82062
6.6005
-0.55325
-1.0698
-1.0698
0
0
0
0
0
0
0
0
0
0
0
0
0
0
0
0
0
0
-0.47938
-0.47645
-0.45904
-0.27393
-0.4358
-0.53216
-0.48644
-0.72297
-0.55325
6.6555
-1.1181
-1.1181
0
0
0
0
0
0
0
0
0
0
0
0
0
0
0
0
0
0
-0.59182
-0.53707
-0.50133
-0.57171
-0.60974
-0.57898
0
-0.661
-1.0698
-1.1181
6.2395
0
0
0
0
0
0
0
0
0
0
0
0
0
0
0
0
0
0
0
-0.59182
-0.53707
-0.50133
-0.57171
-0.60974
-0.57898
0
-0.661
-1.0698
-1.1181
0
6.2395
0
0
0
0
0
0
0
0
0
0
0
0
0
0
0
0
0
0
-0.57775
-0.56422
-0.57373
-1.015
-1.0081
-0.7548
0
-1.1504
0
0
0
0
5.6441
0
0
0
0
0
0
0
0
0
0
0
0
0
0
0
0
0
-0.84653
-0.91939
-1.0534
0
0
0
0
0
0
0
0
0
0
12.484
0
0
0
0
0
0
0
-2.8701
0
-2.9279
0
0
0
0
0
-3.8668
0
0
-0.1
-0.10007
0
0
0
0
0
0
0
0
0
0
8.5652
0
0
0
0
-3.2189
-2.99
0
0
0
-2.1563
0
0
0
0
0
-0.85813
-0.88091
-1.1196
0
0
-2.037
0
0
0
0
0
0
0
0
0
4.8957
0
0
0
0
0
0
0
0
0
0
0
0
0
0
0
0
0
0
0
0
-2.3395
0
0
0
0
0
0
0
0
0
10.7164
-1.5244
0
0
0
-2.9247
0
0
0
0
0
-3.9277
0
0
0
0
0
-1.674
-1.6935
0
0
0
0
0
0
0
0
0
0
0
-1.5244
6.6537
0
0
-1.7617
0
0
0
0
0
0
0
0
0
-1.1023
-1.283
-2.0842
0
0
0
0
0
0
0
0
0
0
0
0
0
0
0
4.4695
0
0
0
0
0
0
0
0
0
0
0
0
0
0
0
0
0
-0.65188
0
0
0
0
0
0
0
-3.2189
0
0
0
0
7.5543
0
0
0
0
0
0
-3.6836
0
0
0
0
0
0
0
0
0
0
0
0
0
0
0
0
0
-2.99
0
0
-1.7617
0
0
8.3613
0
0
0
0
0
0
0
-3.6096
0
0
0
0
0
0
0
0
0
0
0
0
0
0
-2.8701
0
0
-2.9247
0
0
0
0
5.7948
0
0
0
0
0
0
0
0
0
0
0
0
0
0
-3.2109
0
0
0
0
0
0
0
0
0
0
0
0
0
0
0
5.3174
-2.1065
0
0
0
0
0
0
0
0
0
0
0
0
0
0
0
0
0
0
0
-2.9279
0
0
0
0
0
0
0
0
-2.1065
5.0343
0
0
0
0
0
0
-2.5992
0
0
0
0
0
0
0
0
0
0
0
0
0
-2.1563
0
0
0
0
0
0
0
0
0
4.7555
0
0
0
0
0
0
-3.5099
0
0
0
0
0
0
0
0
0
0
0
0
0
0
0
0
0
0
0
0
0
0
0
3.5099
0
0
0
0
0
0
0
0
0
0
0
0
0
0
0
0
0
0
0
0
0
0
0
-3.6836
0
0
0
0
0
0
3.6836
0
0
0
0
0
0
0
0
0
0
0
0
0
0
0
0
0
0
0
-3.9277
0
0
0
0
0
0
0
0
0
0
3.9277
0
0
0
0
0
0
0
0
0
0
0
0
0
0
0
0
0
0
0
0
0
0
-3.6096
0
0
0
0
0
0
0
3.6096
0
0
0
0
0
0
0
0
0
0
0
0
0
0
-3.8668
0
0
0
0
0
0
0
0
0
0
0
0
0
0
0
3.8668
