14.3428
-0.42834
-0.41583
-0.40749
-0.40749
-0.39554
-0.40807
-0.42368
-0.42247
-0.40435
-0.40435
-0.39834
-0.45301
-0.37295
-0.22933
0
-0.47683
0
0
-8.2947
0
0
0
0
0
0
0
0
0
0
-0.42834
13.5279
-0.4115
-0.40357
-0.40357
-0.39021
-0.40654
-0.42098
-0.42252
-0.4019
-0.4019
-0.38916
-0.44413
-0.3735
0
0
-0.47177
0
0
0
0
0
0
0
-7.7583
0
0
0
0
0
-0.41583
-0.4115
5.8126
-0.39123
-0.39123
-0.38071
-0.39199
-0.4066
-0.40652
-0.38892
-0.38892
-0.38878
-0.42642
-0.36385
0
-0.20766
-0.45245
0
0
0
0
0
0
0
0
0
0
0
0
0
-0.40749
-0.40357
-0.39123
5.4976
-0.37865
-0.37227
-0.38528
-0.39996
-0.40079
-0.381
-0.381
-0.37492
-0.41853
-0.36121
0
0
-0.44172
0
0
0
0
0
0
0
0
0
0
0
0
0
-0.40749
-0.40357
-0.39123
-0.37865
5.4976
-0.37227
-0.38528
-0.39996
-0.40079
-0.381
-0.381
-0.37492
-0.41853
-0.36121
0
0
-0.44172
0
0
0
0
0
0
0
0
0
0
0
0
0
-0.39554
-0.39021
-0.38071
-0.37227
-0.37227
4.7791
-0.36736
-0.37925
-0.38163
-0.36649
-0.36649
-0.36536
-0.40112
0
0
0
0
-0.2404
0
0
0
0
0
0
0
0
0
0
0
0
-0.40807
-0.40654
-0.39199
-0.38528
-0.38528
-0.36736
11.1018
-0.39448
-0.39834
-0.38026
-0.38026
-0.3677
-0.41918
0
0
0
0
0
0
0
-6.4171
0
0
0
0
0
0
0
0
0
-0.42368
-0.42098
-0.4066
-0.39996
-0.39996
-0.37925
-0.39448
11.1853
-0.40864
-0.39196
-0.39196
0
0
0
0
0
0
0
-1.7018
0
0
0
0
0
0
0
-5.4661
0
0
0
-0.42247
-0.42252
-0.40652
-0.40079
-0.40079
-0.38163
-0.39834
-0.40864
9.1847
-0.39585
-0.39585
0
0
0
0
0
0
0
0
0
0
0
0
0
0
0
0
0
-5.1513
0
-0.40435
-0.4019
-0.38892
-0.381
-0.381
-0.36649
-0.38026
-0.39196
-0.39585
3.8463
-0.35457
0
0
0
0
0
0
0
0
0
0
0
0
0
0
0
0
0
0
0
-0.40435
-0.4019
-0.38892
-0.381
-0.381
-0.36649
-0.38026
-0.39196
-0.39585
-0.35457
3.8463
0
0
0
0
0
0
0
0
0
0
0
0
0
0
0
0
0
0
0
-0.39834
-0.38916
-0.38878
-0.37492
-0.37492
-0.36536
-0.3677
0
0
0
0
3.1341
0
0
0
-0.21986
0
-0.25506
0
0
0
0
0
0
0
0
0
0
0
0
-0.45301
-0.44413
-0.42642
-0.41853
-0.41853
-0.40112
-0.41918
0
0
0
0
0
2.9809
0
0
0
0
0
0
0
0
0
0
0
0
0
0
0
0
0
-0.37295
-0.3735
-0.36385
-0.36121
-0.36121
0
0
0
0
0
0
0
0
2.032
0
0
0
0
0
0
0
-0.19932
0
0
0
0
0
0
0
0
-0.22933
0
0
0
0
0
0
0
0
0
0
0
0
0
17.4173
-0.19595
0
-0.21579
-1.7851
0
0
0
-7.4956
-7.4956
0
0
0
0
0
0
0
0
-0.20766
0
0
0
0
0
0
0
0
-0.21986
0
0
-0.19595
14.7339
0
0
0
0
0
0
0
0
0
-7.0552
0
-7.0552
0
0
-0.47683
-0.47177
-0.45245
-0.44172
-0.44172
0
0
0
0
0
0
0
0
0
0
0
2.2845
0
0
0
0
0
0
0
0
0
0
0
0
0
0
0
0
0
0
-0.2404
0
0
0
0
0
-0.25506
0
0
-0.21579
0
0
0.81575
0
0
0
0
0
0
0
0
0
0
0
-0.1045
0
0
0
0
0
0
0
-1.7018
0
0
0
0
0
0
-1.7851
0
0
0
3.4869
0
0
0
0
0
0
0
0
0
0
0
-8.2947
0
0
0
0
0
0
0
0
0
0
0
0
0
0
0
0
0
0
8.2947
0
0
0
0
0
0
0
0
0
0
0
0
0
0
0
0
-6.4171
0
0
0
0
0
0
0
0
0
0
0
0
0
6.4171
0
0
0
0
0
0
0
0
0
0
0
0
0
0
0
0
0
0
0
0
0
0
-0.19932
0
0
0
0
0
0
0
0.19932
0
0
0
0
0
0
0
0
0
0
0
0
0
0
0
0
0
0
0
0
0
0
-7.4956
0
0
0
0
0
0
0
7.4956
0
0
0
0
0
0
0
0
0
0
0
0
0
0
0
0
0
0
0
0
0
-7.4956
0
0
0
0
0
0
0
0
7.4956
0
0
0
0
0
0
0
-7.7583
0
0
0
0
0
0
0
0
0
0
0
0
0
0
0
0
0
0
0
0
0
0
7.7583
0
0
0
0
0
0
0
0
0
0
0
0
0
0
0
0
0
0
0
0
-7.0552
0
0
0
0
0
0
0
0
0
7.0552
0
0
0
0
0
0
0
0
0
0
0
-5.4661
0
0
0
0
0
0
0
0
0
0
0
0
0
0
0
0
0
0
5.4661
0
0
0
0
0
0
0
0
0
0
0
0
0
0
0
0
0
0
-7.0552
0
0
0
0
0
0
0
0
0
0
0
7.0552
0
0
0
0
0
0
0
0
0
0
-5.1513
0
0
0
0
0
0
0
0
0
0
0
0
0
0
0
0
0
0
0
5.1513
0
0
0
0
0
0
0
0
0
0
0
0
0
0
0
0
0
0
-0.1045
0
0
0
0
0
0
0
0
0
0
0
0.1045
