17.2493
-0.83759
-0.83759
-0.83759
-0.83759
-0.75988
-0.94849
-0.90497
-0.86851
-0.87594
-0.81171
-0.7999
-0.78304
-0.78304
-0.82663
-0.87349
-1.0676
-0.96812
-0.9757
0
-0.65531
-0.99663
0
0
0
0
0
0
0
0
-0.83759
14.8278
-0.74567
-0.74567
-0.74567
-0.69006
-0.86451
-0.82548
-0.7903
-0.7971
-0.73882
-0.73215
-0.71298
-0.71298
-0.75683
-0.79783
-0.97573
-0.88608
-0.88037
0
-0.59198
0
0
0
0
0
0
0
0
0
-0.83759
-0.74567
14.8278
-0.74567
-0.74567
-0.69006
-0.86451
-0.82548
-0.7903
-0.7971
-0.73882
-0.73215
-0.71298
-0.71298
-0.75683
-0.79783
-0.97573
-0.88608
-0.88037
0
-0.59198
0
0
0
0
0
0
0
0
0
-0.83759
-0.74567
-0.74567
14.8278
-0.74567
-0.69006
-0.86451
-0.82548
-0.7903
-0.7971
-0.73882
-0.73215
-0.71298
-0.71298
-0.75683
-0.79783
-0.97573
-0.88608
-0.88037
0
-0.59198
0
0
0
0
0
0
0
0
0
-0.83759
-0.74567
-0.74567
-0.74567
14.8278
-0.69006
-0.86451
-0.82548
-0.7903
-0.7971
-0.73882
-0.73215
-0.71298
-0.71298
-0.75683
-0.79783
-0.97573
-0.88608
-0.88037
0
-0.59198
0
0
0
0
0
0
0
0
0
-0.75988
-0.69006
-0.69006
-0.69006
-0.69006
12.9062
-0.76985
-0.73627
-0.70592
-0.71782
-0.6644
-0.65511
-0.64104
-0.64104
-0.67737
-0.71785
-0.8781
-0.79014
-0.79118
0
0
0
0
0
0
0
0
0
0
0
-0.94849
-0.86451
-0.86451
-0.86451
-0.86451
-0.76985
24.2547
-0.93791
-0.90484
-0.90461
-0.83485
-0.8304
-0.80724
-0.80724
-0.85597
-0.90567
0
0
0
0
0
0
0
0
0
-11.2896
0
0
0
0
-0.90497
-0.82548
-0.82548
-0.82548
-0.82548
-0.73627
-0.93791
22.5025
-0.87272
-0.87942
-0.77971
-0.7687
-0.75235
-0.75235
-0.79405
0
0
0
0
0
0
0
0
0
0
0
0
0
0
-11.0221
-0.86851
-0.7903
-0.7903
-0.7903
-0.7903
-0.70592
-0.90484
-0.87272
13.2597
-0.84263
-0.7482
-0.74567
-0.72197
-0.72197
-0.76568
0
0
0
0
0
0
0
0
-2.2003
0
0
0
0
0
0
-0.87594
-0.7971
-0.7971
-0.7971
-0.7971
-0.71782
-0.90461
-0.87942
-0.84263
12.0091
-0.75962
-0.75863
-0.73391
-0.73391
-0.78073
-0.83343
0
0
0
0
0
0
0
0
0
0
0
0
0
0
-0.81171
-0.73882
-0.73882
-0.73882
-0.73882
-0.6644
-0.83485
-0.77971
-0.7482
-0.75962
10.3047
-0.69651
-0.67071
-0.67071
-0.713
0
0
0
0
0
0
0
0
0
0
0
0
0
0
0
-0.7999
-0.73215
-0.73215
-0.73215
-0.73215
-0.65511
-0.8304
-0.7687
-0.74567
-0.75863
-0.69651
9.6096
-0.64987
-0.64987
0
0
0
0
0
0
0
0
-0.12631
0
0
0
0
0
0
0
-0.78304
-0.71298
-0.71298
-0.71298
-0.71298
-0.64104
-0.80724
-0.75235
-0.72197
-0.73391
-0.67071
-0.64987
9.2217
-0.60964
0
0
0
0
0
0
0
0
0
0
0
0
0
0
0
0
-0.78304
-0.71298
-0.71298
-0.71298
-0.71298
-0.64104
-0.80724
-0.75235
-0.72197
-0.73391
-0.67071
-0.64987
-0.60964
9.2217
0
0
0
0
0
0
0
0
0
0
0
0
0
0
0
0
-0.82663
-0.75683
-0.75683
-0.75683
-0.75683
-0.67737
-0.85597
-0.79405
-0.76568
-0.78073
-0.713
0
0
0
9.3017
0
0
0
0
0
0
-0.8609
0
0
0
0
0
0
0
0
-0.87349
-0.79783
-0.79783
-0.79783
-0.79783
-0.71785
-0.90567
0
0
-0.83343
0
0
0
0
0
7.3167
0
0
0
-0.79495
0
0
0
0
0
0
0
0
0
0
-1.0676
-0.97573
-0.97573
-0.97573
-0.97573
-0.8781
0
0
0
0
0
0
0
0
0
0
6.9576
0
0
-1.109
0
0
0
0
0
0
0
0
0
0
-0.96812
-0.88608
-0.88608
-0.88608
-0.88608
-0.79014
0
0
0
0
0
0
0
0
0
0
0
12.147
0
0
0
0
0
0
0
0
0
-6.8445
0
0
-0.9757
-0.88037
-0.88037
-0.88037
-0.88037
-0.79118
0
0
0
0
0
0
0
0
0
0
0
0
5.2884
0
0
0
0
0
0
0
0
0
0
0
0
0
0
0
0
0
0
0
0
0
0
0
0
0
0
-0.79495
-1.109
0
0
7.7644
0
0
-0.88856
-1.9757
0
0
0
0
-2.9962
0
-0.65531
-0.59198
-0.59198
-0.59198
-0.59198
0
0
0
0
0
0
0
0
0
0
0
0
0
0
0
3.0232
0
0
0
0
0
0
0
0
0
-0.99663
0
0
0
0
0
0
0
0
0
0
0
0
0
-0.8609
0
0
0
0
0
0
3.3281
0
0
0
0
-1.4706
0
0
0
0
0
0
0
0
0
0
0
0
0
0
-0.12631
0
0
0
0
0
0
0
-0.88856
0
0
1.1194
0
-0.1045
0
0
0
0
0
0
0
0
0
0
0
0
0
-2.2003
0
0
0
0
0
0
0
0
0
0
-1.9757
0
0
0
4.176
0
0
0
0
0
0
0
0
0
0
0
0
0
0
0
0
0
0
0
0
0
0
0
0
0
0
0
0
-0.1045
0
0.1045
0
0
0
0
0
0
0
0
0
0
0
-11.2896
0
0
0
0
0
0
0
0
0
0
0
0
0
0
0
0
0
0
11.2896
0
0
0
0
0
0
0
0
0
0
0
0
0
0
0
0
0
0
0
0
0
0
0
0
0
-1.4706
0
0
0
0
1.4706
0
0
0
0
0
0
0
0
0
0
0
0
0
0
0
0
0
0
0
0
-6.8445
0
0
0
0
0
0
0
0
0
6.8445
0
0
0
0
0
0
0
0
0
0
0
0
0
0
0
0
0
0
0
0
0
-2.9962
0
0
0
0
0
0
0
0
2.9962
0
0
0
0
0
0
0
0
-11.0221
0
0
0
0
0
0
0
0
0
0
0
0
0
0
0
0
0
0
0
0
0
11.0221
