27.2065
-0.6353
-0.68548
-0.69674
-0.67423
-0.67387
-0.67387
-0.67387
-0.66836
-0.59515
-0.6296
-0.59515
-0.59515
-0.62052
-0.69404
-0.6397
0
0
-2.7538
0
-2.3803
-2.3803
0
0
-9.941
0
0
0
0
0
-0.6353
16.6673
-0.66706
-0.6731
-0.66265
-0.64829
-0.64829
-0.64829
-0.65357
-0.57184
-0.60795
-0.57184
-0.57184
-0.59577
-0.66732
-0.60927
0
0
-2.7143
0
-2.2603
-2.2603
0
0
0
0
0
0
0
0
-0.68548
-0.66706
19.0751
-0.67505
-0.64474
-0.65814
-0.65814
-0.65814
-0.6435
-0.57811
-0.61426
-0.57811
-0.57811
-0.60204
-0.67784
-0.62254
0
-0.4533
0
0
0
0
0
0
0
0
0
-9.0805
0
0
-0.69674
-0.6731
-0.67505
10.2884
-0.68965
-0.68279
-0.68279
-0.68279
-0.67517
-0.59804
-0.6374
-0.59804
-0.59804
-0.62287
-0.68352
-0.6411
0
0
0
-0.45134
0
0
0
0
0
0
0
0
0
0
-0.67423
-0.66265
-0.64474
-0.68965
16.8299
-0.71288
-0.71288
-0.71288
-0.59841
-0.56125
-0.57924
-0.56125
-0.56125
-0.57945
0
0
0
0
0
0
0
0
0
-0.39193
0
0
0
0
-8.1873
0
-0.67387
-0.64829
-0.65814
-0.68279
-0.71288
9.3616
-0.61367
-0.61367
-0.63333
-0.56083
-0.60235
-0.56083
-0.56083
-0.58211
-0.65606
-0.60193
0
0
0
0
0
0
0
0
0
0
0
0
0
0
-0.67387
-0.64829
-0.65814
-0.68279
-0.71288
-0.61367
9.3616
-0.61367
-0.63333
-0.56083
-0.60235
-0.56083
-0.56083
-0.58211
-0.65606
-0.60193
0
0
0
0
0
0
0
0
0
0
0
0
0
0
-0.67387
-0.64829
-0.65814
-0.68279
-0.71288
-0.61367
-0.61367
9.3616
-0.63333
-0.56083
-0.60235
-0.56083
-0.56083
-0.58211
-0.65606
-0.60193
0
0
0
0
0
0
0
0
0
0
0
0
0
0
-0.66836
-0.65357
-0.6435
-0.67517
-0.59841
-0.63333
-0.63333
-0.63333
16.2354
-0.569
-0.6079
-0.569
-0.569
-0.58913
0
0
0
0
0
0
0
0
0
0
0
0
0
0
0
-8.1924
-0.59515
-0.57184
-0.57811
-0.59804
-0.56125
-0.56083
-0.56083
-0.56083
-0.569
7.122
-0.54422
-0.4521
-0.4521
-0.51769
0
0
0
0
0
0
0
0
0
0
0
0
0
0
0
0
-0.6296
-0.60795
-0.61426
-0.6374
-0.57924
-0.60235
-0.60235
-0.60235
-0.6079
-0.54422
7.7855
-0.54422
-0.54422
0
0
0
-0.66948
0
0
0
0
0
0
0
0
0
0
0
0
0
-0.59515
-0.57184
-0.57811
-0.59804
-0.56125
-0.56083
-0.56083
-0.56083
-0.569
-0.4521
-0.54422
7.122
-0.4521
-0.51769
0
0
0
0
0
0
0
0
0
0
0
0
0
0
0
0
-0.59515
-0.57184
-0.57811
-0.59804
-0.56125
-0.56083
-0.56083
-0.56083
-0.569
-0.4521
-0.54422
-0.4521
7.122
-0.51769
0
0
0
0
0
0
0
0
0
0
0
0
0
0
0
0
-0.62052
-0.59577
-0.60204
-0.62287
-0.57945
-0.58211
-0.58211
-0.58211
-0.58913
-0.51769
0
-0.51769
-0.51769
6.9092
0
0
0
0
0
0
0
0
0
0
0
0
0
0
0
0
-0.69404
-0.66732
-0.67784
-0.68352
0
-0.65606
-0.65606
-0.65606
0
0
0
0
0
0
5.214
0
0
-0.52306
0
0
0
0
0
0
0
0
0
0
0
0
-0.6397
-0.60927
-0.62254
-0.6411
0
-0.60193
-0.60193
-0.60193
0
0
0
0
0
0
0
4.3184
0
0
0
0
0
0
0
0
0
0
0
0
0
0
0
0
0
0
0
0
0
0
0
0
-0.66948
0
0
0
0
0
5.6593
0
-1.7257
0
0
0
0
0
0
-3.2641
0
0
0
0
0
0
-0.4533
0
0
0
0
0
0
0
0
0
0
0
-0.52306
0
0
1.5921
0
0
0
0
0
0
0
0
-0.61572
0
0
0
-2.7538
-2.7143
0
0
0
0
0
0
0
0
0
0
0
0
0
0
-1.7257
0
7.1937
0
0
0
0
0
0
0
0
0
0
0
0
0
0
-0.45134
0
0
0
0
0
0
0
0
0
0
0
0
0
0
0
1.4691
0
0
-1.0178
0
0
0
0
0
0
0
-2.3803
-2.2603
0
0
0
0
0
0
0
0
0
0
0
0
0
0
0
0
0
0
4.6406
0
0
0
0
0
0
0
0
0
-2.3803
-2.2603
0
0
0
0
0
0
0
0
0
0
0
0
0
0
0
0
0
0
0
4.6406
0
0
0
0
0
0
0
0
0
0
0
0
0
0
0
0
0
0
0
0
0
0
0
0
0
0
0
-1.0178
0
0
2.0845
-1.0667
0
0
0
0
0
0
0
0
0
0
-0.39193
0
0
0
0
0
0
0
0
0
0
0
0
0
0
0
0
0
-1.0667
1.4586
0
0
0
0
0
0
-9.941
0
0
0
0
0
0
0
0
0
0
0
0
0
0
0
0
0
0
0
0
0
0
0
9.941
0
0
0
0
0
0
0
0
0
0
0
0
0
0
0
0
0
0
0
0
0
-3.2641
0
0
0
0
0
0
0
0
3.2641
0
0
0
0
0
0
0
0
0
0
0
0
0
0
0
0
0
0
0
0
0
-0.61572
0
0
0
0
0
0
0
0
0.61572
0
0
0
0
0
-9.0805
0
0
0
0
0
0
0
0
0
0
0
0
0
0
0
0
0
0
0
0
0
0
0
0
9.0805
0
0
0
0
0
0
-8.1873
0
0
0
0
0
0
0
0
0
0
0
0
0
0
0
0
0
0
0
0
0
0
0
8.1873
0
0
0
0
0
0
0
0
0
-8.1924
0
0
0
0
0
0
0
0
0
0
0
0
0
0
0
0
0
0
0
0
8.1924
