37.1462
-0.9392
-0.8437
-0.8437
-0.8437
-0.8437
-0.8975
-0.8975
-0.88709
-0.81207
-0.81105
-0.87813
-0.8478
-0.8478
-0.88014
-0.86588
-0.87044
-0.80727
-0.75585
-0.75585
0
0
0
-10.509
0
0
-10.509
0
0
0
-0.9392
17.6891
-0.80315
-0.80315
-0.80315
-0.80315
-0.86866
-0.86866
-0.861
-0.78485
-0.80541
-0.8768
-0.81909
-0.81909
-0.85703
-0.83369
-0.83513
-0.82519
-0.72048
-0.72048
-1.2099
-0.83185
0
0
0
0
0
0
0
0
-0.8437
-0.80315
15.1238
-0.70888
-0.70888
-0.70888
-0.77413
-0.77413
-0.76593
-0.70006
-0.72013
-0.78211
-0.72949
-0.72949
-0.76636
-0.74157
-0.74226
-0.73892
-0.64088
-0.64088
-1.104
0
0
0
0
0
0
0
0
0
-0.8437
-0.80315
-0.70888
15.1238
-0.70888
-0.70888
-0.77413
-0.77413
-0.76593
-0.70006
-0.72013
-0.78211
-0.72949
-0.72949
-0.76636
-0.74157
-0.74226
-0.73892
-0.64088
-0.64088
-1.104
0
0
0
0
0
0
0
0
0
-0.8437
-0.80315
-0.70888
-0.70888
15.1238
-0.70888
-0.77413
-0.77413
-0.76593
-0.70006
-0.72013
-0.78211
-0.72949
-0.72949
-0.76636
-0.74157
-0.74226
-0.73892
-0.64088
-0.64088
-1.104
0
0
0
0
0
0
0
0
0
-0.8437
-0.80315
-0.70888
-0.70888
-0.70888
15.1238
-0.77413
-0.77413
-0.76593
-0.70006
-0.72013
-0.78211
-0.72949
-0.72949
-0.76636
-0.74157
-0.74226
-0.73892
-0.64088
-0.64088
-1.104
0
0
0
0
0
0
0
0
0
-0.8975
-0.86866
-0.77413
-0.77413
-0.77413
-0.77413
13.7171
-0.81395
-0.85475
-0.75058
-0.78335
-0.84517
-0.78821
-0.78821
-0.82384
-0.80161
-0.80359
-0.80117
0
0
0
0
0
0
0
0
0
0
0
0
-0.8975
-0.86866
-0.77413
-0.77413
-0.77413
-0.77413
-0.81395
13.7171
-0.85475
-0.75058
-0.78335
-0.84517
-0.78821
-0.78821
-0.82384
-0.80161
-0.80359
-0.80117
0
0
0
0
0
0
0
0
0
0
0
0
-0.88709
-0.861
-0.76593
-0.76593
-0.76593
-0.76593
-0.85475
-0.85475
13.6274
-0.74321
-0.77138
-0.83188
-0.78068
-0.78068
-0.80791
-0.794
-0.79641
0
0
0
0
-0.79996
0
0
0
0
0
0
0
0
-0.81207
-0.78485
-0.70006
-0.70006
-0.70006
-0.70006
-0.75058
-0.75058
-0.74321
11.6365
-0.70154
-0.74277
-0.70063
-0.70063
-0.72578
-0.71054
-0.7131
0
0
0
0
0
0
0
0
0
0
0
0
0
-0.81105
-0.80541
-0.72013
-0.72013
-0.72013
-0.72013
-0.78335
-0.78335
-0.77138
-0.70154
19.0244
-0.73668
-0.71307
-0.71307
-0.73074
-0.72367
0
0
0
0
0
0
0
0
0
-7.8706
0
0
0
0
-0.87813
-0.8768
-0.78211
-0.78211
-0.78211
-0.78211
-0.84517
-0.84517
-0.83188
-0.74277
-0.73668
17.6513
-0.81362
-0.81362
0
0
0
0
0
0
0
0
0
0
0
0
0
0
0
-7.139
-0.8478
-0.81909
-0.72949
-0.72949
-0.72949
-0.72949
-0.78821
-0.78821
-0.78068
-0.70063
-0.71307
-0.81362
9.8674
-0.69813
0
0
0
0
0
0
0
0
0
0
0
0
0
0
0
0
-0.8478
-0.81909
-0.72949
-0.72949
-0.72949
-0.72949
-0.78821
-0.78821
-0.78068
-0.70063
-0.71307
-0.81362
-0.69813
9.8674
0
0
0
0
0
0
0
0
0
0
0
0
0
0
0
0
-0.88014
-0.85703
-0.76636
-0.76636
-0.76636
-0.76636
-0.82384
-0.82384
-0.80791
-0.72578
-0.73074
0
0
0
8.9632
0
0
0
0
0
0
0
-0.24853
0
0
0
0
0
0
0
-0.86588
-0.83369
-0.74157
-0.74157
-0.74157
-0.74157
-0.80161
-0.80161
-0.794
-0.71054
-0.72367
0
0
0
0
8.4973
0
0
0
0
0
0
0
0
0
0
0
0
0
0
-0.87044
-0.83513
-0.74226
-0.74226
-0.74226
-0.74226
-0.80359
-0.80359
-0.79641
-0.7131
0
0
0
0
0
0
7.7913
0
0
0
0
0
0
0
0
0
0
0
0
0
-0.80727
-0.82519
-0.73892
-0.73892
-0.73892
-0.73892
-0.80117
-0.80117
0
0
0
0
0
0
0
0
0
9.5133
0
0
0
0
0
0
0
0
0
0
-3.3228
0
-0.75585
-0.72048
-0.64088
-0.64088
-0.64088
-0.64088
0
0
0
0
0
0
0
0
0
0
0
0
4.0398
0
0
0
0
0
0
0
0
0
0
0
-0.75585
-0.72048
-0.64088
-0.64088
-0.64088
-0.64088
0
0
0
0
0
0
0
0
0
0
0
0
0
4.0398
0
0
0
0
0
0
0
0
0
0
0
-1.2099
-1.104
-1.104
-1.104
-1.104
0
0
0
0
0
0
0
0
0
0
0
0
0
0
6.3261
0
-0.7003
0
0
0
0
0
0
0
0
-0.83185
0
0
0
0
0
0
-0.79996
0
0
0
0
0
0
0
0
0
0
0
0
2.7567
0
0
0
0
0
-1.1249
0
0
0
0
0
0
0
0
0
0
0
0
0
0
0
0
-0.24853
0
0
0
0
0
-0.7003
0
1.0533
0
-0.1045
0
0
0
0
0
-10.509
0
0
0
0
0
0
0
0
0
0
0
0
0
0
0
0
0
0
0
0
0
0
10.509
0
0
0
0
0
0
0
0
0
0
0
0
0
0
0
0
0
0
0
0
0
0
0
0
0
0
0
0
-0.1045
0
0.1045
0
0
0
0
0
0
0
0
0
0
0
0
0
0
0
-7.8706
0
0
0
0
0
0
0
0
0
0
0
0
0
0
7.8706
0
0
0
0
-10.509
0
0
0
0
0
0
0
0
0
0
0
0
0
0
0
0
0
0
0
0
0
0
0
0
0
10.509
0
0
0
0
0
0
0
0
0
0
0
0
0
0
0
0
0
0
0
0
0
0
0
0
-1.1249
0
0
0
0
0
1.1249
0
0
0
0
0
0
0
0
0
0
0
0
0
0
0
0
0
0
0
-3.3228
0
0
0
0
0
0
0
0
0
0
3.3228
0
0
0
0
0
0
0
0
0
0
0
0
-7.139
0
0
0
0
0
0
0
0
0
0
0
0
0
0
0
0
0
7.139
