18.8389
-1.0036
-1.0256
-0.88298
-0.88298
-0.88298
-0.90108
-0.94389
-0.89369
-0.909
-0.909
-0.89024
-0.89024
-0.89024
-0.89024
-0.95045
-0.88167
-0.91755
-1.1863
-0.92231
0
0
-1.1848
0
0
0
0
0
0
0
-1.0036
19.1473
-1.0461
-0.88463
-0.88463
-0.88463
-0.90379
-0.95491
-0.89413
-0.91227
-0.91227
-0.89487
-0.89487
-0.89487
-0.89487
-0.95545
-0.88622
-0.91939
-1.1665
-0.91074
-1.4486
0
0
0
0
0
0
0
0
0
-1.0256
-1.0461
21.4069
-0.90924
-0.90924
-0.90924
-0.91595
-0.94572
-0.91529
-0.92566
-0.92566
-0.90648
-0.90648
-0.90648
-0.90648
-0.96801
-0.89708
-0.93496
-1.1315
0
0
-2.8585
0
0
0
-1.5632
0
0
0
0
-0.88298
-0.88463
-0.90924
15.7641
-0.77899
-0.77899
-0.79672
-0.84289
-0.79612
-0.80895
-0.80895
-0.79205
-0.79205
-0.79205
-0.79205
-0.84459
-0.78405
-0.81244
-1.0518
-0.81461
0
0
0
0
0
0
0
0
0
0
-0.88298
-0.88463
-0.90924
-0.77899
15.7641
-0.77899
-0.79672
-0.84289
-0.79612
-0.80895
-0.80895
-0.79205
-0.79205
-0.79205
-0.79205
-0.84459
-0.78405
-0.81244
-1.0518
-0.81461
0
0
0
0
0
0
0
0
0
0
-0.88298
-0.88463
-0.90924
-0.77899
-0.77899
15.7641
-0.79672
-0.84289
-0.79612
-0.80895
-0.80895
-0.79205
-0.79205
-0.79205
-0.79205
-0.84459
-0.78405
-0.81244
-1.0518
-0.81461
0
0
0
0
0
0
0
0
0
0
-0.90108
-0.90379
-0.91595
-0.79672
-0.79672
-0.79672
20.0853
-0.84166
-0.79929
-0.81316
-0.81316
-0.7946
-0.7946
-0.7946
-0.7946
-0.84734
-0.78633
-0.81819
0
0
0
0
0
0
0
0
0
0
-6.0769
0
-0.94389
-0.95491
-0.94572
-0.84289
-0.84289
-0.84289
-0.84166
16.9292
-0.87308
-0.88068
-0.88068
-0.85735
-0.85735
-0.85735
-0.85735
-0.91493
-0.85015
0
0
0
0
-2.8854
0
0
0
0
0
0
0
0
-0.89369
-0.89413
-0.91529
-0.79612
-0.79612
-0.79612
-0.79929
-0.87308
13.779
-0.86673
-0.86673
-0.77901
-0.77901
-0.77901
-0.77901
-0.83058
0
0
0
0
-1.3351
0
0
0
0
0
0
0
0
0
-0.909
-0.91227
-0.92566
-0.80895
-0.80895
-0.80895
-0.81316
-0.88068
-0.86673
13.4139
-0.81775
-0.80147
-0.80147
-0.80147
-0.80147
-0.85472
-0.80122
0
0
0
0
0
0
0
0
0
0
0
0
0
-0.909
-0.91227
-0.92566
-0.80895
-0.80895
-0.80895
-0.81316
-0.88068
-0.86673
-0.81775
13.4139
-0.80147
-0.80147
-0.80147
-0.80147
-0.85472
-0.80122
0
0
0
0
0
0
0
0
0
0
0
0
0
-0.89024
-0.89487
-0.90648
-0.79205
-0.79205
-0.79205
-0.7946
-0.85735
-0.77901
-0.80147
-0.80147
11.4758
-0.7914
-0.7914
-0.7914
0
0
0
0
0
0
0
0
0
0
0
0
0
0
0
-0.89024
-0.89487
-0.90648
-0.79205
-0.79205
-0.79205
-0.7946
-0.85735
-0.77901
-0.80147
-0.80147
-0.7914
11.4758
-0.7914
-0.7914
0
0
0
0
0
0
0
0
0
0
0
0
0
0
0
-0.89024
-0.89487
-0.90648
-0.79205
-0.79205
-0.79205
-0.7946
-0.85735
-0.77901
-0.80147
-0.80147
-0.7914
-0.7914
11.4758
-0.7914
0
0
0
0
0
0
0
0
0
0
0
0
0
0
0
-0.89024
-0.89487
-0.90648
-0.79205
-0.79205
-0.79205
-0.7946
-0.85735
-0.77901
-0.80147
-0.80147
-0.7914
-0.7914
-0.7914
11.4758
0
0
0
0
0
0
0
0
0
0
0
0
0
0
0
-0.95045
-0.95545
-0.96801
-0.84459
-0.84459
-0.84459
-0.84734
-0.91493
-0.83058
-0.85472
-0.85472
0
0
0
0
9.71
0
0
0
0
0
0
0
0
0
0
0
0
0
0
-0.88167
-0.88622
-0.89708
-0.78405
-0.78405
-0.78405
-0.78633
-0.85015
0
-0.80122
-0.80122
0
0
0
0
0
8.256
0
0
0
0
0
0
0
0
0
0
0
0
0
-0.91755
-0.91939
-0.93496
-0.81244
-0.81244
-0.81244
-0.81819
0
0
0
0
0
0
0
0
0
0
6.0274
0
0
0
0
0
0
0
0
0
0
0
0
-1.1863
-1.1665
-1.1315
-1.0518
-1.0518
-1.0518
0
0
0
0
0
0
0
0
0
0
0
0
8.1914
0
0
0
-1.5519
0
0
0
0
0
0
0
-0.92231
-0.91074
0
-0.81461
-0.81461
-0.81461
0
0
0
0
0
0
0
0
0
0
0
0
0
6.4544
0
0
0
0
0
0
-2.1775
0
0
0
0
-1.4486
0
0
0
0
0
0
-1.3351
0
0
0
0
0
0
0
0
0
0
0
6.3775
0
0
0
-1.5
0
-2.0939
0
0
0
0
0
-2.8585
0
0
0
0
-2.8854
0
0
0
0
0
0
0
0
0
0
0
0
0
10.8347
0
0
0
0
0
0
0
-5.0908
-1.1848
0
0
0
0
0
0
0
0
0
0
0
0
0
0
0
0
0
-1.5519
0
0
0
4.0147
0
0
0
0
-1.278
0
0
0
0
0
0
0
0
0
0
0
0
0
0
0
0
0
0
0
0
0
0
0
0
0
4.0718
-2.4232
-1.6486
0
0
0
0
0
0
0
0
0
0
0
0
0
0
0
0
0
0
0
0
0
0
0
0
-1.5
0
0
-2.4232
3.9231
0
0
0
0
0
0
0
-1.5632
0
0
0
0
0
0
0
0
0
0
0
0
0
0
0
0
0
0
0
0
-1.6486
0
3.2118
0
0
0
0
0
0
0
0
0
0
0
0
0
0
0
0
0
0
0
0
0
0
0
-2.1775
-2.0939
0
0
0
0
0
4.2714
0
0
0
0
0
0
0
0
0
0
0
0
0
0
0
0
0
0
0
0
0
0
0
0
0
-1.278
0
0
0
0
1.278
0
0
0
0
0
0
0
0
-6.0769
0
0
0
0
0
0
0
0
0
0
0
0
0
0
0
0
0
0
0
0
0
6.0769
0
0
0
0
0
0
0
0
0
0
0
0
0
0
0
0
0
0
0
0
0
0
-5.0908
0
0
0
0
0
0
0
5.0908
