19.5859
-0.82874
-0.87702
-0.88261
-0.88261
-0.79853
-0.77255
-0.80707
-0.77255
-0.80752
-0.81173
-0.90987
-0.84157
-0.84157
-0.83409
-0.83625
-0.78134
-0.81582
-0.81836
-0.77536
-0.82127
-1.9074
0
-1.1621
0
0
0
0
0
0
-0.82874
19.5859
-0.87702
-0.88261
-0.88261
-0.79853
-0.77255
-0.80707
-0.77255
-0.80752
-0.81173
-0.90987
-0.84157
-0.84157
-0.83409
-0.83625
-0.78134
-0.81582
-0.81836
-0.77536
-0.82127
-1.9074
0
-1.1621
0
0
0
0
0
0
-0.87702
-0.87702
17.1422
-0.93728
-0.93728
-0.83668
-0.81026
-0.84909
-0.81026
-0.84644
-0.85193
-0.93764
-0.88496
-0.88496
-0.87703
-0.86092
-0.82123
-0.85803
-0.86533
-0.82275
0
0
-0.69607
0
0
0
0
0
0
0
-0.88261
-0.88261
-0.93728
17.3221
-0.91912
-0.84288
-0.81045
-0.85945
-0.81045
-0.8474
-0.85234
-0.94877
-0.88462
-0.88462
-0.87669
-0.87152
-0.82085
-0.85744
-0.86286
-0.81883
-0.85132
0
0
0
0
0
0
0
0
0
-0.88261
-0.88261
-0.93728
-0.91912
17.3221
-0.84288
-0.81045
-0.85945
-0.81045
-0.8474
-0.85234
-0.94877
-0.88462
-0.88462
-0.87669
-0.87152
-0.82085
-0.85744
-0.86286
-0.81883
-0.85132
0
0
0
0
0
0
0
0
0
-0.79853
-0.79853
-0.83668
-0.84288
-0.84288
21.2302
-0.73181
-0.74102
-0.73181
-0.74096
-0.74605
-0.79273
-0.77584
-0.77584
-0.76901
-0.72717
-0.72093
-0.75334
-0.76708
0
0
0
0
0
0
0
0
-7.3371
0
0
-0.77255
-0.77255
-0.81026
-0.81045
-0.81045
-0.73181
14.3616
-0.75915
-0.69178
-0.73093
-0.73453
-0.81059
-0.76173
-0.76173
-0.75504
-0.74636
-0.70771
-0.7389
-0.74586
-0.70916
0
0
0
0
0
0
0
0
0
0
-0.80707
-0.80707
-0.84909
-0.85945
-0.85945
-0.74102
-0.75915
29.5411
-0.75915
-0.73589
-0.74248
-0.75399
-0.77457
-0.77457
-0.76775
-0.68944
-0.71995
-0.753
0
0
0
0
0
0
-8.194
0
0
0
0
-8.194
-0.77255
-0.77255
-0.81026
-0.81045
-0.81045
-0.73181
-0.69178
-0.75915
14.3616
-0.73093
-0.73453
-0.81059
-0.76173
-0.76173
-0.75504
-0.74636
-0.70771
-0.7389
-0.74586
-0.70916
0
0
0
0
0
0
0
0
0
0
-0.80752
-0.80752
-0.84644
-0.8474
-0.8474
-0.74096
-0.73093
-0.73589
-0.73093
12.7299
-0.78371
-0.86267
-0.81458
-0.81458
-0.80737
-0.7964
-0.75564
0
0
0
0
0
0
0
0
0
0
0
0
0
-0.81173
-0.81173
-0.85193
-0.85234
-0.85234
-0.74605
-0.73453
-0.74248
-0.73453
-0.78371
11.2608
-0.86311
-0.8279
-0.8279
-0.82055
0
0
0
0
0
0
0
0
0
0
0
0
0
0
0
-0.90987
-0.90987
-0.93764
-0.94877
-0.94877
-0.79273
-0.81059
-0.75399
-0.81059
-0.86267
-0.86311
12.9973
0
0
0
0
0
0
0
0
0
0
0
0
0
0
0
0
-3.4487
0
-0.84157
-0.84157
-0.88496
-0.88462
-0.88462
-0.77584
-0.76173
-0.77457
-0.76173
-0.81458
-0.8279
0
9.9306
-0.8769
0
0
0
0
0
0
0
0
0
0
0
0
0
0
0
0
-0.84157
-0.84157
-0.88496
-0.88462
-0.88462
-0.77584
-0.76173
-0.77457
-0.76173
-0.81458
-0.8279
0
-0.8769
9.9306
0
0
0
0
0
0
0
0
0
0
0
0
0
0
0
0
-0.83409
-0.83409
-0.87703
-0.87669
-0.87669
-0.76901
-0.75504
-0.76775
-0.75504
-0.80737
-0.82055
0
0
0
8.9734
0
0
0
0
0
0
0
0
0
0
0
0
0
0
0
-0.83625
-0.83625
-0.86092
-0.87152
-0.87152
-0.72717
-0.74636
-0.68944
-0.74636
-0.7964
0
0
0
0
0
10.3652
0
0
0
0
0
0
0
0
0
-2.383
0
0
0
0
-0.78134
-0.78134
-0.82123
-0.82085
-0.82085
-0.72093
-0.70771
-0.71995
-0.70771
-0.75564
0
0
0
0
0
0
7.6376
0
0
0
0
0
0
0
0
0
0
0
0
0
-0.81582
-0.81582
-0.85803
-0.85744
-0.85744
-0.75334
-0.7389
-0.753
-0.7389
0
0
0
0
0
0
0
0
7.1887
0
0
0
0
0
0
0
0
0
0
0
0
-0.81836
-0.81836
-0.86533
-0.86286
-0.86286
-0.76708
-0.74586
0
-0.74586
0
0
0
0
0
0
0
0
0
6.4865
0
0
0
0
0
0
0
0
0
0
0
-0.77536
-0.77536
-0.82275
-0.81883
-0.81883
0
-0.70916
0
-0.70916
0
0
0
0
0
0
0
0
0
0
5.4294
0
0
0
0
0
0
0
0
0
0
-0.82127
-0.82127
0
-0.85132
-0.85132
0
0
0
0
0
0
0
0
0
0
0
0
0
0
0
3.3452
0
0
0
0
0
0
0
0
0
-1.9074
-1.9074
0
0
0
0
0
0
0
0
0
0
0
0
0
0
0
0
0
0
0
5.2987
-1.484
0
0
0
0
0
0
0
0
0
-0.69607
0
0
0
0
0
0
0
0
0
0
0
0
0
0
0
0
0
0
-1.484
4.1363
0
0
0
-1.9562
0
0
0
-1.1621
-1.1621
0
0
0
0
0
0
0
0
0
0
0
0
0
0
0
0
0
0
0
0
0
2.3242
0
0
0
0
0
0
0
0
0
0
0
0
0
-8.194
0
0
0
0
0
0
0
0
0
0
0
0
0
0
0
0
8.194
0
0
0
0
0
0
0
0
0
0
0
0
0
0
0
0
0
0
0
0
-2.383
0
0
0
0
0
0
0
0
0
2.383
0
0
0
0
0
0
0
0
0
0
0
0
0
0
0
0
0
0
0
0
0
0
0
0
0
0
-1.9562
0
0
0
1.9562
0
0
0
0
0
0
0
0
-7.3371
0
0
0
0
0
0
0
0
0
0
0
0
0
0
0
0
0
0
0
0
0
7.3371
0
0
0
0
0
0
0
0
0
0
0
0
0
-3.4487
0
0
0
0
0
0
0
0
0
0
0
0
0
0
0
0
3.4487
0
0
0
0
0
0
0
0
-8.194
0
0
0
0
0
0
0
0
0
0
0
0
0
0
0
0
0
0
0
0
0
8.194
