17.6229
-0.76936
-1.2788
-0.15439
-0.15734
-0.16133
-0.86953
-1.173
-0.10005
-0.28195
-0.46077
-0.46095
-0.55268
-0.54531
-0.7203
-0.66839
-0.66779
0
-2.8065
0
0
0
0
-5.7944
0
0
0
0
0
0
-0.76936
19.4178
-0.10007
-0.3383
-0.32884
-0.32166
-0.54412
-0.40419
-0.10001
-0.58901
-0.74876
-0.74922
-0.16637
-0.89977
-0.10001
-1.2127
-1.2152
0
0
-5.4151
0
0
0
0
0
0
0
-5.4151
0
0
-1.2788
-0.10007
14.6028
-0.37512
-0.37575
-0.37695
-0.60621
-0.91773
-0.16413
-0.49648
-0.6235
-0.62365
-0.40897
-0.71686
-0.71502
-0.89508
-0.8957
0
0
0
0
0
0
0
0
0
-5.0328
0
0
0
-0.15439
-0.3383
-0.37512
7.4803
-0.1001
-0.10006
-0.65403
-0.75551
-0.48181
-0.3608
-0.19403
-0.20234
-0.49222
-0.55211
-0.80589
-1.4745
-0.43901
0
0
0
0
0
0
0
0
0
0
0
0
0
-0.15734
-0.32884
-0.37575
-0.1001
7.1519
-0.10004
-0.63915
-0.73229
-0.45095
-0.10042
-0.49204
-0.10017
-0.45972
-0.53891
-0.87242
-0.51785
-1.1859
0
0
0
0
0
0
0
0
0
0
0
0
0
-0.16133
-0.32166
-0.37695
-0.10006
-0.10004
6.9617
-0.62266
-0.71238
-0.43518
-0.10017
-0.10013
-0.47854
-0.42956
-0.50636
-0.93479
-0.64264
-0.93931
0
0
0
0
0
0
0
0
0
0
0
0
0
-0.86953
-0.54412
-0.60621
-0.65403
-0.63915
-0.62266
11.6157
-0.64336
-0.12122
-0.52831
-0.59959
-0.59834
-0.3988
-0.70958
0
0
0
0
0
0
0
0
0
0
0
0
0
0
0
-4.0808
-1.173
-0.40419
-0.91773
-0.75551
-0.73229
-0.71238
-0.64336
13.0511
-0.23169
-0.51397
-0.60341
-0.60234
-0.46243
-0.71859
0
0
0
0
0
0
0
-4.5802
0
0
0
0
0
0
0
0
-0.10005
-0.10001
-0.16413
-0.48181
-0.45095
-0.43518
-0.12122
-0.23169
14.9026
-0.32536
-0.37008
-0.36994
0
0
0
0
0
-3.3271
-3.2377
0
-5.1873
0
0
0
0
0
0
0
0
0
-0.28195
-0.58901
-0.49648
-0.3608
-0.10042
-0.10017
-0.52831
-0.51397
-0.32536
7.8407
-1.2143
-1.2288
-0.95669
-1.1444
0
0
0
0
0
0
0
0
0
0
0
0
0
0
0
0
-0.46077
-0.74876
-0.6235
-0.19403
-0.49204
-0.10013
-0.59959
-0.60341
-0.37008
-1.2143
6.9809
-1.5743
0
0
0
0
0
0
0
0
0
0
0
0
0
0
0
0
0
0
-0.46095
-0.74922
-0.62365
-0.20234
-0.10017
-0.47854
-0.59834
-0.60234
-0.36994
-1.2288
-1.5743
6.9886
0
0
0
0
0
0
0
0
0
0
0
0
0
0
0
0
0
0
-0.55268
-0.16637
-0.40897
-0.49222
-0.45972
-0.42956
-0.3988
-0.46243
0
-0.95669
0
0
6.8166
0
0
0
0
-1.7647
0
0
0
0
0
0
0
-0.72447
0
0
0
0
-0.54531
-0.89977
-0.71686
-0.55211
-0.53891
-0.50636
-0.70958
-0.71859
0
-1.1444
0
0
0
6.3319
0
0
0
0
0
0
0
0
0
0
0
0
0
0
0
0
-0.7203
-0.10001
-0.71502
-0.80589
-0.87242
-0.93479
0
0
0
0
0
0
0
0
7.3654
0
0
0
0
0
0
0
0
0
0
0
0
0
-3.2169
0
-0.66839
-1.2127
-0.89508
-1.4745
-0.51785
-0.64264
0
0
0
0
0
0
0
0
0
5.4112
0
0
0
0
0
0
0
0
0
0
0
0
0
0
-0.66779
-1.2152
-0.8957
-0.43901
-1.1859
-0.93931
0
0
0
0
0
0
0
0
0
0
5.3429
0
0
0
0
0
0
0
0
0
0
0
0
0
0
0
0
0
0
0
0
0
-3.3271
0
0
0
-1.7647
0
0
0
0
9.3203
0
0
0
0
0
0
-4.2285
0
0
0
0
0
-2.8065
0
0
0
0
0
0
0
-3.2377
0
0
0
0
0
0
0
0
0
10.5816
0
0
0
-4.5374
0
0
0
0
0
0
0
0
-5.4151
0
0
0
0
0
0
0
0
0
0
0
0
0
0
0
0
0
5.4151
0
0
0
0
0
0
0
0
0
0
0
0
0
0
0
0
0
0
-5.1873
0
0
0
0
0
0
0
0
0
0
0
5.1873
0
0
0
0
0
0
0
0
0
0
0
0
0
0
0
0
-4.5802
0
0
0
0
0
0
0
0
0
0
0
0
0
4.5802
0
0
0
0
0
0
0
0
0
0
0
0
0
0
0
0
0
0
0
0
0
0
0
0
0
0
-4.5374
0
0
0
4.5374
0
0
0
0
0
0
0
-5.7944
0
0
0
0
0
0
0
0
0
0
0
0
0
0
0
0
0
0
0
0
0
0
5.7944
0
0
0
0
0
0
0
0
0
0
0
0
0
0
0
0
0
0
0
0
0
0
0
-4.2285
0
0
0
0
0
0
4.2285
0
0
0
0
0
0
0
0
0
0
0
0
0
0
0
0
0
-0.72447
0
0
0
0
0
0
0
0
0
0
0
0
0.72447
0
0
0
0
0
0
-5.0328
0
0
0
0
0
0
0
0
0
0
0
0
0
0
0
0
0
0
0
0
0
0
0
5.0328
0
0
0
0
-5.4151
0
0
0
0
0
0
0
0
0
0
0
0
0
0
0
0
0
0
0
0
0
0
0
0
0
5.4151
0
0
0
0
0
0
0
0
0
0
0
0
0
0
0
0
-3.2169
0
0
0
0
0
0
0
0
0
0
0
0
0
3.2169
0
0
0
0
0
0
0
-4.0808
0
0
0
0
0
0
0
0
0
0
0
0
0
0
0
0
0
0
0
0
0
0
4.0808
