23.3363
-0.72589
-0.64864
-0.64864
-0.58415
-0.58485
-0.58485
-0.69195
-0.62691
-0.66603
-0.62662
-0.65371
-0.66547
-0.76926
-0.63801
-0.63801
-0.59983
0
0
0
-0.50873
0
0
0
0
0
0
0
0
-12.4747
-0.72589
23.7672
-0.65637
-0.65637
-0.58923
-0.58834
-0.58834
-0.68667
-0.63215
-0.66531
-0.6313
-0.65677
-0.68325
-0.7652
-0.64115
-0.64115
-0.60193
-0.76508
0
0
0
0
0
-12.5927
0
0
0
0
0
0
-0.64864
-0.65637
10.0214
-0.58987
-0.53916
-0.53439
-0.53439
-0.64326
-0.5789
-0.6174
-0.57887
-0.59961
-0.61466
-0.72188
-0.58201
-0.58201
-0.54497
0
0
0
-0.455
0
0
0
0
0
0
0
0
0
-0.64864
-0.65637
-0.58987
10.0214
-0.53916
-0.53439
-0.53439
-0.64326
-0.5789
-0.6174
-0.57887
-0.59961
-0.61466
-0.72188
-0.58201
-0.58201
-0.54497
0
0
0
-0.455
0
0
0
0
0
0
0
0
0
-0.58415
-0.58923
-0.53916
-0.53916
8.7869
-0.48422
-0.48422
-0.55463
-0.51323
-0.54179
-0.51335
-0.53697
-0.5403
-0.63061
-0.52693
-0.52693
0
0
0
0
0
-0.68201
0
0
0
0
0
0
0
0
-0.58485
-0.58834
-0.53439
-0.53439
-0.48422
8.6167
-0.45371
-0.57278
-0.52441
-0.55228
-0.52529
-0.53961
-0.55013
-0.64149
-0.52228
-0.52228
-0.48622
0
0
0
0
0
0
0
0
0
0
0
0
0
-0.58485
-0.58834
-0.53439
-0.53439
-0.48422
-0.45371
8.6167
-0.57278
-0.52441
-0.55228
-0.52529
-0.53961
-0.55013
-0.64149
-0.52228
-0.52228
-0.48622
0
0
0
0
0
0
0
0
0
0
0
0
0
-0.69195
-0.68667
-0.64326
-0.64326
-0.55463
-0.57278
-0.57278
18.8855
-0.60699
-0.6301
-0.59222
-0.62717
0
0
0
0
0
-0.66219
0
0
0
-0.70705
0
0
0
0
0
-10.6944
0
0
-0.62691
-0.63215
-0.5789
-0.5789
-0.51323
-0.52441
-0.52441
-0.60699
7.3893
-0.58037
-0.54865
-0.56672
-0.57656
0
0
0
0
0
-0.53105
0
0
0
0
0
0
0
0
0
0
0
-0.66603
-0.66531
-0.6174
-0.6174
-0.54179
-0.55228
-0.55228
-0.6301
-0.58037
16.0787
-0.55014
-0.57871
0
0
0
0
0
0
0
0
0
0
0
0
-9.5269
0
0
0
0
0
-0.62662
-0.6313
-0.57887
-0.57887
-0.51335
-0.52529
-0.52529
-0.59222
-0.54865
-0.55014
6.2044
0
0
0
0
0
0
0
-0.53383
0
0
0
0
0
0
0
0
0
0
0
-0.65371
-0.65677
-0.59961
-0.59961
-0.53697
-0.53961
-0.53961
-0.62717
-0.56672
-0.57871
0
5.8985
0
0
0
0
0
0
0
0
0
0
0
0
0
0
0
0
0
0
-0.66547
-0.68325
-0.61466
-0.61466
-0.5403
-0.55013
-0.55013
0
-0.57656
0
0
0
4.9144
0
0
0
0
0
0
-0.11923
0
0
0
0
0
0
0
0
0
0
-0.76926
-0.7652
-0.72188
-0.72188
-0.63061
-0.64149
-0.64149
0
0
0
0
0
0
10.4786
0
0
0
0
0
0
0
0
-5.5868
0
0
0
0
0
0
0
-0.63801
-0.64115
-0.58201
-0.58201
-0.52693
-0.52228
-0.52228
0
0
0
0
0
0
0
4.0147
0
0
0
0
0
0
0
0
0
0
0
0
0
0
0
-0.63801
-0.64115
-0.58201
-0.58201
-0.52693
-0.52228
-0.52228
0
0
0
0
0
0
0
0
4.0147
0
0
0
0
0
0
0
0
0
0
0
0
0
0
-0.59983
-0.60193
-0.54497
-0.54497
0
-0.48622
-0.48622
0
0
0
0
0
0
0
0
0
3.2641
0
0
0
0
0
0
0
0
0
0
0
0
0
0
-0.76508
0
0
0
0
0
-0.66219
0
0
0
0
0
0
0
0
0
2.9302
0
-1.503
0
0
0
0
0
0
0
0
0
0
0
0
0
0
0
0
0
0
-0.53105
0
-0.53383
0
0
0
0
0
0
0
1.7763
0
0
0
0
0
0
-0.71143
0
0
0
0
0
0
0
0
0
0
0
0
0
0
0
0
-0.11923
0
0
0
0
-1.503
0
1.938
0
0
0
0
0
0
-0.31578
0
0
0
-0.50873
0
-0.455
-0.455
0
0
0
0
0
0
0
0
0
0
0
0
0
0
0
0
1.4187
0
0
0
0
0
0
0
0
0
0
0
0
0
-0.68201
0
0
-0.70705
0
0
0
0
0
0
0
0
0
0
0
0
0
2.5569
0
0
0
0
0
0
-1.1678
0
0
0
0
0
0
0
0
0
0
0
0
0
0
-5.5868
0
0
0
0
0
0
0
0
5.5868
0
0
0
0
0
0
0
0
-12.5927
0
0
0
0
0
0
0
0
0
0
0
0
0
0
0
0
0
0
0
0
0
12.5927
0
0
0
0
0
0
0
0
0
0
0
0
0
0
0
-9.5269
0
0
0
0
0
0
0
0
0
0
0
0
0
0
9.5269
0
0
0
0
0
0
0
0
0
0
0
0
0
0
0
0
0
0
0
0
0
0
0
-0.71143
0
0
0
0
0
0
0.71143
0
0
0
0
0
0
0
0
0
0
0
0
0
0
0
0
0
0
0
0
0
0
0
-0.31578
0
0
0
0
0
0
0.31578
0
0
0
0
0
0
0
0
0
0
-10.6944
0
0
0
0
0
0
0
0
0
0
0
0
0
0
0
0
0
0
0
10.6944
0
0
0
0
0
0
0
0
0
0
0
0
0
0
0
0
0
0
0
0
0
0
0
-1.1678
0
0
0
0
0
0
1.1678
0
-12.4747
0
0
0
0
0
0
0
0
0
0
0
0
0
0
0
0
0
0
0
0
0
0
0
0
0
0
0
0
12.4747
