17.0216
-0.47049
-0.45944
-0.45944
-0.4556
-0.4804
-0.4562
-0.48482
-0.47571
-0.35576
-0.52859
-0.45322
-0.45322
-0.45322
-0.47245
-0.43488
-0.54448
0
-0.63242
-0.45763
0
-8.4936
0
0
0
0
0
0
0
0
-0.47049
15.3095
-0.46191
-0.46191
-0.4535
-0.47473
-0.45332
-0.47809
-0.46463
-0.35062
-0.5254
-0.45169
-0.45169
-0.45169
-0.47147
-0.42985
-0.54813
0
0
0
0
0
0
0
0
-7.9104
0
0
0
0
-0.45944
-0.46191
7.8454
-0.43711
-0.44347
-0.46741
-0.44153
-0.47551
-0.46652
-0.366
-0.50965
-0.43752
-0.43752
-0.43752
-0.45357
-0.43835
-0.52185
0
-0.59054
0
0
0
0
0
0
0
0
0
0
0
-0.45944
-0.46191
-0.43711
7.8454
-0.44347
-0.46741
-0.44153
-0.47551
-0.46652
-0.366
-0.50965
-0.43752
-0.43752
-0.43752
-0.45357
-0.43835
-0.52185
0
-0.59054
0
0
0
0
0
0
0
0
0
0
0
-0.4556
-0.4535
-0.44347
-0.44347
6.6782
-0.45981
-0.43505
-0.46815
-0.46395
-0.36196
-0.50063
-0.4313
-0.4313
-0.4313
-0.45132
0
0
0
0
-0.44742
0
0
0
0
0
0
0
0
0
0
-0.4804
-0.47473
-0.46741
-0.46741
-0.45981
11.4989
-0.4595
-0.49213
-0.4788
0
-0.53618
-0.46095
-0.46095
-0.46095
0
0
0
0
0
0
0
0
0
0
-5.7996
0
0
0
0
0
-0.4562
-0.45332
-0.44153
-0.44153
-0.43505
-0.4595
5.3865
-0.4659
-0.45734
0
-0.49486
-0.42707
-0.42707
-0.42707
0
0
0
0
0
0
0
0
0
0
0
0
0
0
0
0
-0.48482
-0.47809
-0.47551
-0.47551
-0.46815
-0.49213
-0.4659
7.8348
-0.45829
0
-0.50337
0
0
0
0
0
0
0
0
0
0
0
0
0
0
0
0
0
-3.533
0
-0.47571
-0.46463
-0.46652
-0.46652
-0.46395
-0.4788
-0.45734
-0.45829
7.3092
0
0
0
0
0
0
0
0
-0.17119
0
0
0
0
-3.4063
0
0
0
0
0
0
0
-0.35576
-0.35062
-0.366
-0.366
-0.36196
0
0
0
0
31.106
0
0
0
0
0
0
0
0
0
0
-9.7685
0
0
-9.7685
0
0
0
0
0
-9.7685
-0.52859
-0.5254
-0.50965
-0.50965
-0.50063
-0.53618
-0.49486
-0.50337
0
0
4.1083
0
0
0
0
0
0
0
0
0
0
0
0
0
0
0
0
0
0
0
-0.45322
-0.45169
-0.43752
-0.43752
-0.4313
-0.46095
-0.42707
0
0
0
0
3.0993
0
0
0
0
0
0
0
0
0
0
0
0
0
0
0
0
0
0
-0.45322
-0.45169
-0.43752
-0.43752
-0.4313
-0.46095
-0.42707
0
0
0
0
0
3.0993
0
0
0
0
0
0
0
0
0
0
0
0
0
0
0
0
0
-0.45322
-0.45169
-0.43752
-0.43752
-0.4313
-0.46095
-0.42707
0
0
0
0
0
0
3.0993
0
0
0
0
0
0
0
0
0
0
0
0
0
0
0
0
-0.47245
-0.47147
-0.45357
-0.45357
-0.45132
0
0
0
0
0
0
0
0
0
2.3024
0
0
0
0
0
0
0
0
0
0
0
0
0
0
0
-0.43488
-0.42985
-0.43835
-0.43835
0
0
0
0
0
0
0
0
0
0
0
1.8459
0
0
0
0
0
0
0
0
0
0
-0.1045
0
0
0
-0.54448
-0.54813
-0.52185
-0.52185
0
0
0
0
0
0
0
0
0
0
0
0
2.1363
0
0
0
0
0
0
0
0
0
0
0
0
0
0
0
0
0
0
0
0
0
-0.17119
0
0
0
0
0
0
0
0
0.68676
0
-0.31889
0
0
0
0
0
0
0
-0.19668
0
0
-0.63242
0
-0.59054
-0.59054
0
0
0
0
0
0
0
0
0
0
0
0
0
0
1.8135
0
0
0
0
0
0
0
0
0
0
0
-0.45763
0
0
0
-0.44742
0
0
0
0
0
0
0
0
0
0
0
0
-0.31889
0
1.2239
0
0
0
0
0
0
0
0
0
0
0
0
0
0
0
0
0
0
0
-9.7685
0
0
0
0
0
0
0
0
0
0
9.7685
0
0
0
0
0
0
0
0
0
-8.4936
0
0
0
0
0
0
0
0
0
0
0
0
0
0
0
0
0
0
0
0
8.4936
0
0
0
0
0
0
0
0
0
0
0
0
0
0
0
0
-3.4063
0
0
0
0
0
0
0
0
0
0
0
0
0
3.4063
0
0
0
0
0
0
0
0
0
0
0
0
0
0
0
0
-9.7685
0
0
0
0
0
0
0
0
0
0
0
0
0
9.7685
0
0
0
0
0
0
0
0
0
0
0
-5.7996
0
0
0
0
0
0
0
0
0
0
0
0
0
0
0
0
0
0
5.7996
0
0
0
0
0
0
-7.9104
0
0
0
0
0
0
0
0
0
0
0
0
0
0
0
0
0
0
0
0
0
0
0
7.9104
0
0
0
0
0
0
0
0
0
0
0
0
0
0
0
0
0
0
0
-0.1045
0
0
0
0
0
0
0
0
0
0
0.1045
0
0
0
0
0
0
0
0
0
0
0
0
0
0
0
0
0
0
0
0
-0.19668
0
0
0
0
0
0
0
0
0
0.19668
0
0
0
0
0
0
0
0
0
-3.533
0
0
0
0
0
0
0
0
0
0
0
0
0
0
0
0
0
0
0
0
3.533
0
0
0
0
0
0
0
0
0
0
-9.7685
0
0
0
0
0
0
0
0
0
0
0
0
0
0
0
0
0
0
0
9.7685
