34.1513
-0.88239
-0.81847
-0.81847
-0.81847
-0.81847
-0.81847
-0.81847
-0.81847
-0.73197
-0.73867
-0.73178
-0.74504
-0.74545
-0.73959
-0.72754
-0.72754
-0.76773
-0.64481
-0.76638
0
0
0
-9.7366
-9.7366
0
0
0
0
0
-0.88239
23.4881
-0.8858
-0.8858
-0.8858
-0.8858
-0.8858
-0.8858
-0.8858
-0.7846
-0.8077
-0.79169
-0.80015
-0.81488
-0.79936
-0.78025
-0.78025
-0.84369
-0.7292
-0.82064
0
-7.6527
0
0
0
0
0
0
0
0
-0.81847
-0.8858
14.3992
-0.77779
-0.77779
-0.77779
-0.77779
-0.77779
-0.77779
-0.71071
-0.7424
-0.72856
-0.72752
-0.74716
-0.73346
-0.71089
-0.71089
-0.77359
-0.69703
-0.74594
0
0
0
0
0
0
0
0
0
0
-0.81847
-0.8858
-0.77779
14.3992
-0.77779
-0.77779
-0.77779
-0.77779
-0.77779
-0.71071
-0.7424
-0.72856
-0.72752
-0.74716
-0.73346
-0.71089
-0.71089
-0.77359
-0.69703
-0.74594
0
0
0
0
0
0
0
0
0
0
-0.81847
-0.8858
-0.77779
-0.77779
14.3992
-0.77779
-0.77779
-0.77779
-0.77779
-0.71071
-0.7424
-0.72856
-0.72752
-0.74716
-0.73346
-0.71089
-0.71089
-0.77359
-0.69703
-0.74594
0
0
0
0
0
0
0
0
0
0
-0.81847
-0.8858
-0.77779
-0.77779
-0.77779
14.3992
-0.77779
-0.77779
-0.77779
-0.71071
-0.7424
-0.72856
-0.72752
-0.74716
-0.73346
-0.71089
-0.71089
-0.77359
-0.69703
-0.74594
0
0
0
0
0
0
0
0
0
0
-0.81847
-0.8858
-0.77779
-0.77779
-0.77779
-0.77779
14.3992
-0.77779
-0.77779
-0.71071
-0.7424
-0.72856
-0.72752
-0.74716
-0.73346
-0.71089
-0.71089
-0.77359
-0.69703
-0.74594
0
0
0
0
0
0
0
0
0
0
-0.81847
-0.8858
-0.77779
-0.77779
-0.77779
-0.77779
-0.77779
14.3992
-0.77779
-0.71071
-0.7424
-0.72856
-0.72752
-0.74716
-0.73346
-0.71089
-0.71089
-0.77359
-0.69703
-0.74594
0
0
0
0
0
0
0
0
0
0
-0.81847
-0.8858
-0.77779
-0.77779
-0.77779
-0.77779
-0.77779
-0.77779
14.3992
-0.71071
-0.7424
-0.72856
-0.72752
-0.74716
-0.73346
-0.71089
-0.71089
-0.77359
-0.69703
-0.74594
0
0
0
0
0
0
0
0
0
0
-0.73197
-0.7846
-0.71071
-0.71071
-0.71071
-0.71071
-0.71071
-0.71071
-0.71071
12.2647
-0.64479
-0.63141
-0.6415
-0.64869
-0.63519
-0.62404
-0.62404
-0.67295
0
-0.65058
0
0
0
0
0
0
0
0
0
0
-0.73867
-0.8077
-0.7424
-0.7424
-0.7424
-0.7424
-0.7424
-0.7424
-0.7424
-0.64479
18.4013
-0.63622
-0.65383
-0.65337
-0.63994
-0.63459
-0.63459
-0.67644
0
0
0
0
0
0
0
-6.4844
0
0
0
0
-0.73178
-0.79169
-0.72856
-0.72856
-0.72856
-0.72856
-0.72856
-0.72856
-0.72856
-0.63141
-0.63622
11.9271
-0.63928
-0.6382
-0.63383
-0.62086
-0.62086
-0.66199
0
0
-0.22104
0
0
0
0
0
0
0
0
0
-0.74504
-0.80015
-0.72752
-0.72752
-0.72752
-0.72752
-0.72752
-0.72752
-0.72752
-0.6415
-0.65383
-0.63928
11.834
-0.6627
-0.64935
-0.6326
-0.6326
-0.68438
0
0
0
0
0
0
0
0
0
0
0
0
-0.74545
-0.81488
-0.74716
-0.74716
-0.74716
-0.74716
-0.74716
-0.74716
-0.74716
-0.64869
-0.65337
-0.6382
-0.6627
17.1808
-0.655
-0.63588
-0.63588
0
0
0
0
0
0
0
0
0
0
0
0
-5.8607
-0.73959
-0.79936
-0.73346
-0.73346
-0.73346
-0.73346
-0.73346
-0.73346
-0.73346
-0.63519
-0.63994
-0.63383
-0.64935
-0.655
11.3573
-0.62272
-0.62272
0
0
0
-0.22542
0
0
0
0
0
0
0
0
0
-0.72754
-0.78025
-0.71089
-0.71089
-0.71089
-0.71089
-0.71089
-0.71089
-0.71089
-0.62404
-0.63459
-0.62086
-0.6326
-0.63588
-0.62272
10.8521
-0.5974
0
0
0
0
0
0
0
0
0
0
0
0
0
-0.72754
-0.78025
-0.71089
-0.71089
-0.71089
-0.71089
-0.71089
-0.71089
-0.71089
-0.62404
-0.63459
-0.62086
-0.6326
-0.63588
-0.62272
-0.5974
10.8521
0
0
0
0
0
0
0
0
0
0
0
0
0
-0.76773
-0.84369
-0.77359
-0.77359
-0.77359
-0.77359
-0.77359
-0.77359
-0.77359
-0.67295
-0.67644
-0.66199
-0.68438
0
0
0
0
13.8832
0
0
0
0
0
0
0
0
0
0
-4.1609
0
-0.64481
-0.7292
-0.69703
-0.69703
-0.69703
-0.69703
-0.69703
-0.69703
-0.69703
0
0
0
0
0
0
0
0
0
17.7602
0
0
0
-5.7535
0
0
0
0
-5.7535
0
0
-0.76638
-0.82064
-0.74594
-0.74594
-0.74594
-0.74594
-0.74594
-0.74594
-0.74594
-0.65058
0
0
0
0
0
0
0
0
0
7.4591
0
0
0
0
0
0
0
0
0
0
0
0
0
0
0
0
0
0
0
0
0
-0.22104
0
0
-0.22542
0
0
0
0
0
0.55096
0
0
0
0
0
-0.1045
0
0
0
0
-7.6527
0
0
0
0
0
0
0
0
0
0
0
0
0
0
0
0
0
0
0
7.6527
0
0
0
0
0
0
0
0
0
0
0
0
0
0
0
0
0
0
0
0
0
0
0
0
0
0
-5.7535
0
0
0
5.7535
0
0
0
0
0
0
0
-9.7366
0
0
0
0
0
0
0
0
0
0
0
0
0
0
0
0
0
0
0
0
0
0
9.7366
0
0
0
0
0
0
-9.7366
0
0
0
0
0
0
0
0
0
0
0
0
0
0
0
0
0
0
0
0
0
0
0
9.7366
0
0
0
0
0
0
0
0
0
0
0
0
0
0
0
-6.4844
0
0
0
0
0
0
0
0
0
0
0
0
0
0
6.4844
0
0
0
0
0
0
0
0
0
0
0
0
0
0
0
0
0
0
0
0
0
0
0
0
-0.1045
0
0
0
0
0
0.1045
0
0
0
0
0
0
0
0
0
0
0
0
0
0
0
0
0
0
0
0
0
-5.7535
0
0
0
0
0
0
0
0
5.7535
0
0
0
0
0
0
0
0
0
0
0
0
0
0
0
0
0
0
0
-4.1609
0
0
0
0
0
0
0
0
0
0
4.1609
0
0
0
0
0
0
0
0
0
0
0
0
0
0
-5.8607
0
0
0
0
0
0
0
0
0
0
0
0
0
0
0
5.8607
