42.0441
-0.60627
-0.60627
-0.60627
-0.60627
-0.55792
-0.56176
-0.55792
-0.56176
-0.56176
-0.56176
-0.53254
-0.53254
-0.5346
-0.53454
-0.53454
-0.56746
-0.51353
-10.8355
0
-10.8355
0
0
0
0
0
0
0
0
-10.8355
-0.60627
16.4106
-0.73178
-0.73178
-0.73178
-0.65943
-0.64426
-0.65943
-0.64426
-0.64426
-0.64426
-0.62494
-0.62494
-0.60756
-0.60819
-0.60819
-0.64875
-0.60542
0
-5.3852
0
0
0
0
0
0
0
0
0
0
-0.60627
-0.73178
16.4106
-0.73178
-0.73178
-0.65943
-0.64426
-0.65943
-0.64426
-0.64426
-0.64426
-0.62494
-0.62494
-0.60756
-0.60819
-0.60819
-0.64875
-0.60542
0
0
0
0
-5.3852
0
0
0
0
0
0
0
-0.60627
-0.73178
-0.73178
16.4106
-0.73178
-0.65943
-0.64426
-0.65943
-0.64426
-0.64426
-0.64426
-0.62494
-0.62494
-0.60756
-0.60819
-0.60819
-0.64875
-0.60542
0
0
0
0
0
0
0
0
-5.3852
0
0
0
-0.60627
-0.73178
-0.73178
-0.73178
16.4106
-0.65943
-0.64426
-0.65943
-0.64426
-0.64426
-0.64426
-0.62494
-0.62494
-0.60756
-0.60819
-0.60819
-0.64875
-0.60542
0
0
0
0
0
0
0
0
0
-5.3852
0
0
-0.55792
-0.65943
-0.65943
-0.65943
-0.65943
13.7882
-0.59366
-0.59869
-0.59366
-0.59366
-0.59366
-0.55562
-0.55562
-0.54631
-0.54653
-0.54653
-0.57772
0
0
0
0
0
0
0
-4.2909
0
0
0
0
0
-0.56176
-0.64426
-0.64426
-0.64426
-0.64426
-0.59366
9.9057
-0.59366
-0.56595
-0.56595
-0.56595
-0.5588
-0.5588
-0.54544
-0.54631
-0.54631
-0.57887
-0.5472
0
0
0
0
0
0
0
0
0
0
0
0
-0.55792
-0.65943
-0.65943
-0.65943
-0.65943
-0.59869
-0.59366
13.7882
-0.59366
-0.59366
-0.59366
-0.55562
-0.55562
-0.54631
-0.54653
-0.54653
-0.57772
0
0
0
0
0
0
-4.2909
0
0
0
0
0
0
-0.56176
-0.64426
-0.64426
-0.64426
-0.64426
-0.59366
-0.56595
-0.59366
9.9057
-0.56595
-0.56595
-0.5588
-0.5588
-0.54544
-0.54631
-0.54631
-0.57887
-0.5472
0
0
0
0
0
0
0
0
0
0
0
0
-0.56176
-0.64426
-0.64426
-0.64426
-0.64426
-0.59366
-0.56595
-0.59366
-0.56595
9.9057
-0.56595
-0.5588
-0.5588
-0.54544
-0.54631
-0.54631
-0.57887
-0.5472
0
0
0
0
0
0
0
0
0
0
0
0
-0.56176
-0.64426
-0.64426
-0.64426
-0.64426
-0.59366
-0.56595
-0.59366
-0.56595
-0.56595
9.9057
-0.5588
-0.5588
-0.54544
-0.54631
-0.54631
-0.57887
-0.5472
0
0
0
0
0
0
0
0
0
0
0
0
-0.53254
-0.62494
-0.62494
-0.62494
-0.62494
-0.55562
-0.5588
-0.55562
-0.5588
-0.5588
-0.5588
11.8597
-0.52501
-0.52276
-0.51973
-0.51973
0
0
0
0
0
-3.3937
0
0
0
0
0
0
0
0
-0.53254
-0.62494
-0.62494
-0.62494
-0.62494
-0.55562
-0.5588
-0.55562
-0.5588
-0.5588
-0.5588
-0.52501
11.8597
-0.52276
-0.51973
-0.51973
0
0
0
0
0
0
0
0
0
0
0
0
-3.3937
0
-0.5346
-0.60756
-0.60756
-0.60756
-0.60756
-0.54631
-0.54544
-0.54631
-0.54544
-0.54544
-0.54544
-0.52276
-0.52276
8.8582
-0.51529
-0.51529
-0.54292
0
0
0
0
0
0
0
0
0
0
0
0
0
-0.53454
-0.60819
-0.60819
-0.60819
-0.60819
-0.54653
-0.54631
-0.54653
-0.54631
-0.54631
-0.54631
-0.51973
-0.51973
-0.51529
8.3055
-0.50514
0
0
0
0
0
0
0
0
0
0
0
0
0
0
-0.53454
-0.60819
-0.60819
-0.60819
-0.60819
-0.54653
-0.54631
-0.54653
-0.54631
-0.54631
-0.54631
-0.51973
-0.51973
-0.51529
-0.50514
8.3055
0
0
0
0
0
0
0
0
0
0
0
0
0
0
-0.56746
-0.64875
-0.64875
-0.64875
-0.64875
-0.57772
-0.57887
-0.57772
-0.57887
-0.57887
-0.57887
0
0
-0.54292
0
0
7.1763
0
0
0
0
0
0
0
0
0
0
0
0
0
-0.51353
-0.60542
-0.60542
-0.60542
-0.60542
0
-0.5472
0
-0.5472
-0.5472
-0.5472
0
0
0
0
0
0
5.2285
0
0
0
0
0
0
0
-0.1045
0
0
0
0
-10.8355
0
0
0
0
0
0
0
0
0
0
0
0
0
0
0
0
0
10.8355
0
0
0
0
0
0
0
0
0
0
0
0
-5.3852
0
0
0
0
0
0
0
0
0
0
0
0
0
0
0
0
0
5.3852
0
0
0
0
0
0
0
0
0
0
-10.8355
0
0
0
0
0
0
0
0
0
0
0
0
0
0
0
0
0
0
0
10.8355
0
0
0
0
0
0
0
0
0
0
0
0
0
0
0
0
0
0
0
0
-3.3937
0
0
0
0
0
0
0
0
0
3.3937
0
0
0
0
0
0
0
0
0
0
-5.3852
0
0
0
0
0
0
0
0
0
0
0
0
0
0
0
0
0
0
0
5.3852
0
0
0
0
0
0
0
0
0
0
0
0
0
0
-4.2909
0
0
0
0
0
0
0
0
0
0
0
0
0
0
0
4.2909
0
0
0
0
0
0
0
0
0
0
0
-4.2909
0
0
0
0
0
0
0
0
0
0
0
0
0
0
0
0
0
0
4.2909
0
0
0
0
0
0
0
0
0
0
0
0
0
0
0
0
0
0
0
0
0
0
-0.1045
0
0
0
0
0
0
0
0.1045
0
0
0
0
0
0
0
-5.3852
0
0
0
0
0
0
0
0
0
0
0
0
0
0
0
0
0
0
0
0
0
0
5.3852
0
0
0
0
0
0
0
-5.3852
0
0
0
0
0
0
0
0
0
0
0
0
0
0
0
0
0
0
0
0
0
0
5.3852
0
0
0
0
0
0
0
0
0
0
0
0
0
0
-3.3937
0
0
0
0
0
0
0
0
0
0
0
0
0
0
0
3.3937
0
-10.8355
0
0
0
0
0
0
0
0
0
0
0
0
0
0
0
0
0
0
0
0
0
0
0
0
0
0
0
0
10.8355
