22.0042
-0.7436
-0.79324
-0.80082
-0.769
-0.769
-0.77055
-0.769
-0.769
-0.77055
-0.59671
-0.59671
-0.59671
-0.59671
-0.59671
-0.59671
-0.59671
-0.63258
-0.21642
-0.25052
0
0
0
0
0
0
0
0
0
-9.773
-0.7436
21.8176
-0.80132
-0.82587
-0.79118
-0.79118
-0.79635
-0.79118
-0.79118
-0.79635
-0.61222
-0.61222
-0.61222
-0.61222
-0.61222
-0.61222
-0.61222
-0.64499
0
-0.26822
0
0
0
0
-9.4906
0
0
0
0
0
-0.79324
-0.80132
13.018
-0.88247
-0.83774
-0.83774
-0.84792
-0.83774
-0.83774
-0.84792
-0.64229
-0.64229
-0.64229
-0.64229
-0.64229
-0.64229
-0.64229
-0.72617
-0.27193
0
0
0
0
0
0
0
0
0
0
0
-0.80082
-0.82587
-0.88247
22.2519
-0.86672
-0.86672
-0.88012
-0.86672
-0.86672
-0.88012
-0.66525
-0.66525
-0.66525
-0.66525
-0.66525
-0.66525
-0.66525
-0.71095
0
0
0
0
0
-9.1479
0
0
0
0
0
0
-0.769
-0.79118
-0.83774
-0.86672
12.3722
-0.78706
-0.85642
-0.78706
-0.78706
-0.85642
-0.6186
-0.6186
-0.6186
-0.6186
-0.6186
-0.6186
-0.6186
-0.70332
0
0
0
0
0
0
0
0
0
0
0
0
-0.769
-0.79118
-0.83774
-0.86672
-0.78706
12.3722
-0.85642
-0.78706
-0.78706
-0.85642
-0.6186
-0.6186
-0.6186
-0.6186
-0.6186
-0.6186
-0.6186
-0.70332
0
0
0
0
0
0
0
0
0
0
0
0
-0.77055
-0.79635
-0.84792
-0.88012
-0.85642
-0.85642
20.4006
-0.85642
-0.85642
-0.87367
-0.62359
-0.62359
-0.62359
-0.62359
-0.62359
-0.62359
-0.62359
0
0
0
0
0
0
0
0
0
0
-8.4411
0
0
-0.769
-0.79118
-0.83774
-0.86672
-0.78706
-0.78706
-0.85642
12.3722
-0.78706
-0.85642
-0.6186
-0.6186
-0.6186
-0.6186
-0.6186
-0.6186
-0.6186
-0.70332
0
0
0
0
0
0
0
0
0
0
0
0
-0.769
-0.79118
-0.83774
-0.86672
-0.78706
-0.78706
-0.85642
-0.78706
12.3722
-0.85642
-0.6186
-0.6186
-0.6186
-0.6186
-0.6186
-0.6186
-0.6186
-0.70332
0
0
0
0
0
0
0
0
0
0
0
0
-0.77055
-0.79635
-0.84792
-0.88012
-0.85642
-0.85642
-0.87367
-0.85642
-0.85642
20.4006
-0.62359
-0.62359
-0.62359
-0.62359
-0.62359
-0.62359
-0.62359
0
0
0
0
0
0
0
0
0
-8.4411
0
0
0
-0.59671
-0.61222
-0.64229
-0.66525
-0.6186
-0.6186
-0.62359
-0.6186
-0.6186
-0.62359
8.9681
-0.455
-0.455
-0.455
-0.455
-0.455
-0.455
0
0
0
0
0
0
0
0
0
0
0
0
0
-0.59671
-0.61222
-0.64229
-0.66525
-0.6186
-0.6186
-0.62359
-0.6186
-0.6186
-0.62359
-0.455
8.9681
-0.455
-0.455
-0.455
-0.455
-0.455
0
0
0
0
0
0
0
0
0
0
0
0
0
-0.59671
-0.61222
-0.64229
-0.66525
-0.6186
-0.6186
-0.62359
-0.6186
-0.6186
-0.62359
-0.455
-0.455
8.9681
-0.455
-0.455
-0.455
-0.455
0
0
0
0
0
0
0
0
0
0
0
0
0
-0.59671
-0.61222
-0.64229
-0.66525
-0.6186
-0.6186
-0.62359
-0.6186
-0.6186
-0.62359
-0.455
-0.455
-0.455
8.9681
-0.455
-0.455
-0.455
0
0
0
0
0
0
0
0
0
0
0
0
0
-0.59671
-0.61222
-0.64229
-0.66525
-0.6186
-0.6186
-0.62359
-0.6186
-0.6186
-0.62359
-0.455
-0.455
-0.455
-0.455
8.9681
-0.455
-0.455
0
0
0
0
0
0
0
0
0
0
0
0
0
-0.59671
-0.61222
-0.64229
-0.66525
-0.6186
-0.6186
-0.62359
-0.6186
-0.6186
-0.62359
-0.455
-0.455
-0.455
-0.455
-0.455
8.9681
-0.455
0
0
0
0
0
0
0
0
0
0
0
0
0
-0.59671
-0.61222
-0.64229
-0.66525
-0.6186
-0.6186
-0.62359
-0.6186
-0.6186
-0.62359
-0.455
-0.455
-0.455
-0.455
-0.455
-0.455
8.9681
0
0
0
0
0
0
0
0
0
0
0
0
0
-0.63258
-0.64499
-0.72617
-0.71095
-0.70332
-0.70332
0
-0.70332
-0.70332
0
0
0
0
0
0
0
0
13.5767
0
0
-4.4163
0
0
0
0
0
0
0
-3.6324
0
-0.21642
0
-0.27193
0
0
0
0
0
0
0
0
0
0
0
0
0
0
0
8.5615
0
0
-5.1687
-2.9044
0
0
0
0
0
0
0
-0.25052
-0.26822
0
0
0
0
0
0
0
0
0
0
0
0
0
0
0
0
0
0.62323
0
0
0
0
0
-0.1045
0
0
0
0
0
0
0
0
0
0
0
0
0
0
0
0
0
0
0
0
0
-4.4163
0
0
5.1964
-0.78004
0
0
0
0
0
0
0
0
0
0
0
0
0
0
0
0
0
0
0
0
0
0
0
0
0
0
-5.1687
0
-0.78004
5.9488
0
0
0
0
0
0
0
0
0
0
0
0
0
0
0
0
0
0
0
0
0
0
0
0
0
0
-2.9044
0
0
0
2.9044
0
0
0
0
0
0
0
0
0
0
-9.1479
0
0
0
0
0
0
0
0
0
0
0
0
0
0
0
0
0
0
0
9.1479
0
0
0
0
0
0
0
-9.4906
0
0
0
0
0
0
0
0
0
0
0
0
0
0
0
0
0
0
0
0
0
0
9.4906
0
0
0
0
0
0
0
0
0
0
0
0
0
0
0
0
0
0
0
0
0
0
0
0
-0.1045
0
0
0
0
0
0.1045
0
0
0
0
0
0
0
0
0
0
0
0
0
-8.4411
0
0
0
0
0
0
0
0
0
0
0
0
0
0
0
0
8.4411
0
0
0
0
0
0
0
0
0
-8.4411
0
0
0
0
0
0
0
0
0
0
0
0
0
0
0
0
0
0
0
0
8.4411
0
0
0
0
0
0
0
0
0
0
0
0
0
0
0
0
0
0
0
-3.6324
0
0
0
0
0
0
0
0
0
0
3.6324
0
-9.773
0
0
0
0
0
0
0
0
0
0
0
0
0
0
0
0
0
0
0
0
0
0
0
0
0
0
0
0
9.773
