14.8921
-0.77194
-0.71083
-0.68118
-0.68118
-0.68505
-0.69539
-0.7629
-0.76425
-0.83226
-0.76425
-0.79937
-0.81788
-0.66893
-0.74847
-0.66893
-0.72197
0
-0.72057
-1.0284
0
-1.3684
0
0
0
0
0
0
0
0
-0.77194
25.2372
-0.73024
-0.69958
-0.69958
-0.70964
-0.71616
-0.78496
-0.78709
-0.85082
-0.78709
-0.82749
-0.84209
-0.68822
-0.77452
-0.68822
-0.74176
0
-0.73848
-1.0508
0
0
0
0
0
-11.3485
0
0
0
0
-0.71083
-0.73024
22.8753
-0.64904
-0.64904
-0.64072
-0.65451
-0.71145
-0.71478
-0.76661
-0.71478
-0.74813
-0.76135
-0.62743
-0.702
-0.62743
-0.67365
0
-0.6741
0
0
0
0
0
-11.1193
0
0
0
0
0
-0.68118
-0.69958
-0.64904
12.3153
-0.60905
-0.62837
-0.63511
-0.69223
-0.69171
-0.76229
-0.69171
-0.73018
-0.74133
-0.60759
-0.68521
-0.60759
-0.65097
0
-0.64825
-0.90388
0
0
0
0
0
0
0
0
0
0
-0.68118
-0.69958
-0.64904
-0.60905
12.3153
-0.62837
-0.63511
-0.69223
-0.69171
-0.76229
-0.69171
-0.73018
-0.74133
-0.60759
-0.68521
-0.60759
-0.65097
0
-0.64825
-0.90388
0
0
0
0
0
0
0
0
0
0
-0.68505
-0.70964
-0.64072
-0.62837
-0.62837
11.3349
-0.66635
-0.69056
-0.6906
-0.74971
-0.6906
-0.7056
-0.74319
-0.61532
0
-0.61532
0
-0.70549
0
0
0
-1.17
0
0
0
0
0
0
0
0
-0.69539
-0.71616
-0.65451
-0.63511
-0.63511
-0.66635
10.9357
-0.70308
-0.7004
-0.76382
-0.7004
-0.73559
-0.75524
-0.61319
-0.69344
-0.61319
-0.65473
0
0
0
0
0
0
0
0
0
0
0
0
0
-0.7629
-0.78496
-0.71145
-0.69223
-0.69223
-0.69056
-0.70308
7.4139
-0.77179
0
-0.77179
0
0
0
0
0
0
-0.83294
0
0
0
0
0
0
0
0
0
0
0
0
-0.76425
-0.78709
-0.71478
-0.69171
-0.69171
-0.6906
-0.7004
-0.77179
6.5396
0
-0.72729
0
0
0
0
0
0
0
0
0
0
0
0
0
0
0
0
0
0
0
-0.83226
-0.85082
-0.76661
-0.76229
-0.76229
-0.74971
-0.76382
0
0
14.2193
0
0
0
0
0
0
0
0
0
0
-0.23761
0
0
-8.4939
0
0
0
0
0
0
-0.76425
-0.78709
-0.71478
-0.69171
-0.69171
-0.6906
-0.7004
-0.77179
-0.72729
0
6.5396
0
0
0
0
0
0
0
0
0
0
0
0
0
0
0
0
0
0
0
-0.79937
-0.82749
-0.74813
-0.73018
-0.73018
-0.7056
-0.73559
0
0
0
0
5.8144
0
0
0
0
0
0
0
0
0
0
-0.5379
0
0
0
0
0
0
0
-0.81788
-0.84209
-0.76135
-0.74133
-0.74133
-0.74319
-0.75524
0
0
0
0
0
6.3323
0
0
0
0
-0.92985
0
0
0
0
0
0
0
0
0
0
0
0
-0.66893
-0.68822
-0.62743
-0.60759
-0.60759
-0.61532
-0.61319
0
0
0
0
0
0
4.4283
0
0
0
0
0
0
0
0
0
0
0
0
0
0
0
0
-0.74847
-0.77452
-0.702
-0.68521
-0.68521
0
-0.69344
0
0
0
0
0
0
0
4.8147
0
0
0
0
0
0
0
-0.52581
0
0
0
0
0
0
0
-0.66893
-0.68822
-0.62743
-0.60759
-0.60759
-0.61532
-0.61319
0
0
0
0
0
0
0
0
4.4283
0
0
0
0
0
0
0
0
0
0
0
0
0
0
-0.72197
-0.74176
-0.67365
-0.65097
-0.65097
0
-0.65473
0
0
0
0
0
0
0
0
0
4.0941
0
0
0
0
0
0
0
0
0
0
0
0
0
0
0
0
0
0
-0.70549
0
-0.83294
0
0
0
0
-0.92985
0
0
0
0
6.997
0
0
-0.65802
0
0
0
0
0
0
-3.8707
0
0
-0.72057
-0.73848
-0.6741
-0.64825
-0.64825
0
0
0
0
0
0
0
0
0
0
0
0
0
3.4296
0
0
0
0
0
0
0
0
0
0
0
-1.0284
-1.0508
0
-0.90388
-0.90388
0
0
0
0
0
0
0
0
0
0
0
0
0
0
3.887
0
0
0
0
0
0
0
0
0
0
0
0
0
0
0
0
0
0
0
-0.23761
0
0
0
0
0
0
0
-0.65802
0
0
1.0001
0
0
0
0
0
0
0
0
-0.1045
-1.3684
0
0
0
0
-1.17
0
0
0
0
0
0
0
0
0
0
0
0
0
0
0
4.928
0
0
0
0
-2.3897
0
0
0
0
0
0
0
0
0
0
0
0
0
0
-0.5379
0
0
-0.52581
0
0
0
0
0
0
0
1.4827
0
0
0
0
0
-0.41903
0
0
0
0
0
0
0
0
0
0
-8.4939
0
0
0
0
0
0
0
0
0
0
0
0
0
8.4939
0
0
0
0
0
0
0
0
-11.1193
0
0
0
0
0
0
0
0
0
0
0
0
0
0
0
0
0
0
0
0
0
11.1193
0
0
0
0
0
0
-11.3485
0
0
0
0
0
0
0
0
0
0
0
0
0
0
0
0
0
0
0
0
0
0
0
11.3485
0
0
0
0
0
0
0
0
0
0
0
0
0
0
0
0
0
0
0
0
0
0
0
0
0
-2.3897
0
0
0
0
2.3897
0
0
0
0
0
0
0
0
0
0
0
0
0
0
0
0
0
0
0
0
-3.8707
0
0
0
0
0
0
0
0
0
3.8707
0
0
0
0
0
0
0
0
0
0
0
0
0
0
0
0
0
0
0
0
0
0
0
0
-0.41903
0
0
0
0
0
0.41903
0
0
0
0
0
0
0
0
0
0
0
0
0
0
0
0
0
0
0
0
0
-0.1045
0
0
0
0
0
0
0
0
0.1045
