24.6381
-1.017
-1.0312
-1.017
-0.89338
-0.89338
-0.89338
-0.89338
-0.89338
-0.81199
-0.81199
-0.81199
-0.81965
-0.87531
-0.86309
-0.87205
-0.88234
-0.85738
-0.88819
-0.88819
-0.90977
0
0
0
0
-6.8142
0
0
0
0
-1.017
24.6381
-1.0312
-1.017
-0.89338
-0.89338
-0.89338
-0.89338
-0.89338
-0.81199
-0.81199
-0.81199
-0.81965
-0.87531
-0.86309
-0.87205
-0.88234
-0.85738
-0.88819
-0.88819
-0.90977
0
0
0
-6.8142
0
0
0
0
0
-1.0312
-1.0312
24.0395
-1.0312
-0.90499
-0.90499
-0.90499
-0.90499
-0.90499
-0.81092
-0.81092
-0.81092
-0.81557
-0.87371
-0.8617
-0.87459
-0.87909
-0.84939
-0.88645
-0.88645
0
-0.28494
0
-6.7764
0
0
0
0
0
0
-1.017
-1.017
-1.0312
24.6381
-0.89338
-0.89338
-0.89338
-0.89338
-0.89338
-0.81199
-0.81199
-0.81199
-0.81965
-0.87531
-0.86309
-0.87205
-0.88234
-0.85738
-0.88819
-0.88819
-0.90977
0
0
0
0
0
0
0
0
-6.8142
-0.89338
-0.89338
-0.90499
-0.89338
15.7977
-0.77891
-0.77891
-0.77891
-0.77891
-0.71689
-0.71689
-0.71689
-0.74748
-0.77197
-0.76071
-0.77033
-0.77649
-0.76595
-0.77977
-0.77977
-0.79379
0
0
0
0
0
0
0
0
0
-0.89338
-0.89338
-0.90499
-0.89338
-0.77891
15.7977
-0.77891
-0.77891
-0.77891
-0.71689
-0.71689
-0.71689
-0.74748
-0.77197
-0.76071
-0.77033
-0.77649
-0.76595
-0.77977
-0.77977
-0.79379
0
0
0
0
0
0
0
0
0
-0.89338
-0.89338
-0.90499
-0.89338
-0.77891
-0.77891
15.7977
-0.77891
-0.77891
-0.71689
-0.71689
-0.71689
-0.74748
-0.77197
-0.76071
-0.77033
-0.77649
-0.76595
-0.77977
-0.77977
-0.79379
0
0
0
0
0
0
0
0
0
-0.89338
-0.89338
-0.90499
-0.89338
-0.77891
-0.77891
-0.77891
15.7977
-0.77891
-0.71689
-0.71689
-0.71689
-0.74748
-0.77197
-0.76071
-0.77033
-0.77649
-0.76595
-0.77977
-0.77977
-0.79379
0
0
0
0
0
0
0
0
0
-0.89338
-0.89338
-0.90499
-0.89338
-0.77891
-0.77891
-0.77891
-0.77891
15.7977
-0.71689
-0.71689
-0.71689
-0.74748
-0.77197
-0.76071
-0.77033
-0.77649
-0.76595
-0.77977
-0.77977
-0.79379
0
0
0
0
0
0
0
0
0
-0.81199
-0.81199
-0.81092
-0.81199
-0.71689
-0.71689
-0.71689
-0.71689
-0.71689
13.6441
-0.64458
-0.64458
-0.6731
-0.69569
-0.68391
-0.68784
-0.69667
-0.68486
-0.70075
-0.70075
0
0
0
0
0
0
0
0
0
0
-0.81199
-0.81199
-0.81092
-0.81199
-0.71689
-0.71689
-0.71689
-0.71689
-0.71689
-0.64458
13.6441
-0.64458
-0.6731
-0.69569
-0.68391
-0.68784
-0.69667
-0.68486
-0.70075
-0.70075
0
0
0
0
0
0
0
0
0
0
-0.81199
-0.81199
-0.81092
-0.81199
-0.71689
-0.71689
-0.71689
-0.71689
-0.71689
-0.64458
-0.64458
13.6441
-0.6731
-0.69569
-0.68391
-0.68784
-0.69667
-0.68486
-0.70075
-0.70075
0
0
0
0
0
0
0
0
0
0
-0.81965
-0.81965
-0.81557
-0.81965
-0.74748
-0.74748
-0.74748
-0.74748
-0.74748
-0.6731
-0.6731
-0.6731
27.8122
-0.68828
-0.67402
-0.66518
-0.68517
-0.64193
0
0
0
0
-7.7132
0
0
0
-7.7132
0
0
0
-0.87531
-0.87531
-0.87371
-0.87531
-0.77197
-0.77197
-0.77197
-0.77197
-0.77197
-0.69569
-0.69569
-0.69569
-0.68828
13.1516
-0.74245
-0.75817
-0.76195
-0.75416
0
0
0
0
0
0
0
0
0
0
0
0
-0.86309
-0.86309
-0.8617
-0.86309
-0.76071
-0.76071
-0.76071
-0.76071
-0.76071
-0.68391
-0.68391
-0.68391
-0.67402
-0.74245
12.2168
-0.73207
-0.76201
0
0
0
0
0
0
0
0
0
0
0
0
0
-0.87205
-0.87205
-0.87459
-0.87205
-0.77033
-0.77033
-0.77033
-0.77033
-0.77033
-0.68784
-0.68784
-0.68784
-0.66518
-0.75817
-0.73207
11.8303
0
0
0
0
0
-0.26894
0
0
0
0
0
0
0
0
-0.88234
-0.88234
-0.87909
-0.88234
-0.77649
-0.77649
-0.77649
-0.77649
-0.77649
-0.69667
-0.69667
-0.69667
-0.68517
-0.76195
-0.76201
0
11.7077
0
0
0
0
0
0
0
0
0
0
0
0
0
-0.85738
-0.85738
-0.84939
-0.85738
-0.76595
-0.76595
-0.76595
-0.76595
-0.76595
-0.68486
-0.68486
-0.68486
-0.64193
-0.75416
0
0
0
14.4491
0
0
0
0
0
0
0
0
0
-3.7471
0
0
-0.88819
-0.88819
-0.88645
-0.88819
-0.77977
-0.77977
-0.77977
-0.77977
-0.77977
-0.70075
-0.70075
-0.70075
0
0
0
0
0
0
9.5521
0
0
0
0
0
0
0
0
0
0
0
-0.88819
-0.88819
-0.88645
-0.88819
-0.77977
-0.77977
-0.77977
-0.77977
-0.77977
-0.70075
-0.70075
-0.70075
0
0
0
0
0
0
0
9.5521
0
0
0
0
0
0
0
0
0
0
-0.90977
-0.90977
0
-0.90977
-0.79379
-0.79379
-0.79379
-0.79379
-0.79379
0
0
0
0
0
0
0
0
0
0
0
6.6983
0
0
0
0
0
0
0
0
0
0
0
-0.28494
0
0
0
0
0
0
0
0
0
0
0
0
-0.26894
0
0
0
0
0
0.65838
0
0
0
0
0
0
-0.1045
0
0
0
0
0
0
0
0
0
0
0
0
0
-7.7132
0
0
0
0
0
0
0
0
0
7.7132
0
0
0
0
0
0
0
0
0
-6.7764
0
0
0
0
0
0
0
0
0
0
0
0
0
0
0
0
0
0
0
0
6.7764
0
0
0
0
0
0
0
-6.8142
0
0
0
0
0
0
0
0
0
0
0
0
0
0
0
0
0
0
0
0
0
0
6.8142
0
0
0
0
0
-6.8142
0
0
0
0
0
0
0
0
0
0
0
0
0
0
0
0
0
0
0
0
0
0
0
0
6.8142
0
0
0
0
0
0
0
0
0
0
0
0
0
0
0
0
-7.7132
0
0
0
0
0
0
0
0
0
0
0
0
0
7.7132
0
0
0
0
0
0
0
0
0
0
0
0
0
0
0
0
0
0
0
0
-3.7471
0
0
0
0
0
0
0
0
0
3.7471
0
0
0
0
0
0
0
0
0
0
0
0
0
0
0
0
0
0
0
0
0
0
0
-0.1045
0
0
0
0
0
0
0.1045
0
0
0
0
-6.8142
0
0
0
0
0
0
0
0
0
0
0
0
0
0
0
0
0
0
0
0
0
0
0
0
0
6.8142
