14.1809
-0.7423
-0.75624
-0.75894
-0.7423
-0.7359
-0.75685
-0.75685
-0.74292
-0.74292
-0.75485
-0.74244
-0.89315
-0.69961
-0.79664
-1.2088
-1.0835
0
-0.6333
0
-0.6333
0
0
0
0
0
0
0
0
0
-0.7423
11.8724
-0.78225
-0.76053
-0.72748
-0.73332
-0.75418
-0.75418
-0.73904
-0.73904
-0.76356
-0.74681
-0.89024
-0.69364
-0.80486
-1.241
0
0
0
0
0
0
0
0
0
0
0
0
0
0
-0.75624
-0.78225
17.1865
-0.80027
-0.78225
-0.7409
-0.75934
-0.75934
-0.74474
-0.74474
-0.76879
-0.75624
-0.90634
-0.70066
0
0
0
-0.84473
0
0
0
0
0
0
0
0
-6.3396
0
0
0
-0.75894
-0.76053
-0.80027
17.1542
-0.76053
-0.74331
-0.76491
-0.76491
-0.7484
-0.7484
-0.77695
-0.75785
-0.91386
-0.70019
-0.82543
0
0
0
0
0
0
0
0
0
-6.3298
0
0
0
0
0
-0.7423
-0.72748
-0.78225
-0.76053
11.8724
-0.73332
-0.75418
-0.75418
-0.73904
-0.73904
-0.76356
-0.74681
-0.89024
-0.69364
-0.80486
-1.241
0
0
0
0
0
0
0
0
0
0
0
0
0
0
-0.7359
-0.73332
-0.7409
-0.74331
-0.73332
9.6752
-0.74373
-0.74373
-0.72836
-0.72836
-0.75354
-0.73661
-0.86801
-0.68614
0
0
0
0
0
0
0
0
0
0
0
0
0
0
0
0
-0.75685
-0.75418
-0.75934
-0.76491
-0.75418
-0.74373
7.5156
-0.79726
-0.75286
-0.75286
0
0
0
0
0
0
0
0
0
0
-0.67944
0
0
0
0
0
0
0
0
0
-0.75685
-0.75418
-0.75934
-0.76491
-0.75418
-0.74373
-0.79726
7.5156
-0.75286
-0.75286
0
0
0
0
0
0
0
0
-0.67944
0
0
0
0
0
0
0
0
0
0
0
-0.74292
-0.73904
-0.74474
-0.7484
-0.73904
-0.72836
-0.75286
-0.75286
6.6685
-0.72031
0
0
0
0
0
0
0
0
0
0
0
0
0
0
0
0
0
0
0
0
-0.74292
-0.73904
-0.74474
-0.7484
-0.73904
-0.72836
-0.75286
-0.75286
-0.72031
6.6685
0
0
0
0
0
0
0
0
0
0
0
0
0
0
0
0
0
0
0
0
-0.75485
-0.76356
-0.76879
-0.77695
-0.76356
-0.75354
0
0
0
0
6.3745
-0.71105
0
0
0
0
-1.0822
0
0
0
0
0
0
0
0
0
0
0
0
0
-0.74244
-0.74681
-0.75624
-0.75785
-0.74681
-0.73661
0
0
0
0
-0.71105
5.75
0
0
0
0
0
0
0
-0.55225
0
0
0
0
0
0
0
0
0
0
-0.89315
-0.89024
-0.90634
-0.91386
-0.89024
-0.86801
0
0
0
0
0
0
10.7128
0
0
0
0
0
0
0
0
0
0
0
0
-5.351
0
0
0
0
-0.69961
-0.69364
-0.70066
-0.70019
-0.69364
-0.68614
0
0
0
0
0
0
0
4.1739
0
0
0
0
0
0
0
0
0
0
0
0
0
0
0
0
-0.79664
-0.80486
0
-0.82543
-0.80486
0
0
0
0
0
0
0
0
0
5.4892
0
0
-0.81403
0
0
0
-1.4434
0
0
0
0
0
0
0
0
-1.2088
-1.241
0
0
-1.241
0
0
0
0
0
0
0
0
0
0
7.0418
0
0
0
0
0
0
0
-3.3509
0
0
0
0
0
0
-1.0835
0
0
0
0
0
0
0
0
0
-1.0822
0
0
0
0
0
6.7049
0
0
0
0
-2.0243
0
0
0
0
0
0
0
-2.5149
0
0
-0.84473
0
0
0
0
0
0
0
0
0
0
0
-0.81403
0
0
2.3985
0
-0.73977
0
0
0
0
0
0
0
0
0
0
-0.6333
0
0
0
0
0
0
-0.67944
0
0
0
0
0
0
0
0
0
0
1.9419
0
0
0
0
0
0
0
0
-0.62919
0
0
0
0
0
0
0
0
0
0
0
0
0
-0.55225
0
0
0
0
0
-0.73977
0
1.9201
0
0
-0.62805
0
0
0
0
0
0
0
-0.6333
0
0
0
0
0
-0.67944
0
0
0
0
0
0
0
0
0
0
0
0
0
1.9419
0
0
0
0
0
0
0
-0.62919
0
0
0
0
0
0
0
0
0
0
0
0
0
0
0
-1.4434
0
-2.0243
0
0
0
0
3.4677
0
0
0
0
0
0
0
0
0
0
0
0
0
0
0
0
0
0
0
0
0
0
0
0
0
0
0
-0.62805
0
0
0.62805
0
0
0
0
0
0
0
0
0
0
0
0
0
0
0
0
0
0
0
0
0
0
-3.3509
0
0
0
0
0
0
0
3.3509
0
0
0
0
0
0
0
0
0
-6.3298
0
0
0
0
0
0
0
0
0
0
0
0
0
0
0
0
0
0
0
0
6.3298
0
0
0
0
0
0
0
0
0
0
0
0
0
0
0
0
0
-5.351
0
0
0
0
0
0
0
0
0
0
0
0
5.351
0
0
0
0
0
0
-6.3396
0
0
0
0
0
0
0
0
0
0
0
0
0
0
0
0
0
0
0
0
0
0
0
6.3396
0
0
0
0
0
0
0
0
0
0
0
0
0
0
0
0
0
0
0
0
0
-0.62919
0
0
0
0
0
0
0
0
0.62919
0
0
0
0
0
0
0
0
0
0
0
0
0
0
0
0
0
0
0
0
0
0
-0.62919
0
0
0
0
0
0
0
0.62919
0
0
0
0
0
0
0
0
0
0
0
0
0
0
0
0
0
-2.5149
0
0
0
0
0
0
0
0
0
0
0
0
2.5149
