23.2991
-1.1579
-0.22936
-0.21823
-0.16543
-0.29357
-0.23114
-0.33489
-1.0463
-0.65307
-0.65653
-0.67713
-0.7787
-0.7783
-0.80187
-0.80411
-0.8034
-1.5046
-0.10917
-0.98539
-0.99003
-1.001
-1.2301
-7.8488
0
0
0
0
0
0
-1.1579
20.3221
-0.59955
-0.60924
-0.51248
-0.45093
-0.3707
-0.40424
-0.3435
-0.67101
-0.65556
-0.65693
-0.58999
-0.74779
-0.77458
-0.76315
-0.76944
-0.35574
-0.10666
-0.93065
-0.917
-0.98055
0
0
0
0
0
-6.9545
0
0
-0.22936
-0.59955
13.6558
-0.19948
-0.18559
-0.22446
-0.18079
-0.17032
-0.80622
-0.54835
-0.39132
-0.88395
-0.93457
-0.33811
-0.41407
-0.2925
-0.73556
-1.3149
-0.18197
-0.89013
-0.84715
-1.0116
-2.2758
0
0
0
0
0
0
0
-0.21823
-0.60924
-0.19948
15.5115
-1.1153
-0.45988
-0.22426
-0.57269
-0.78779
-0.69193
-0.61325
-0.35811
-0.92465
-0.49152
-0.48058
-0.48729
-0.5538
-1.2329
-0.27074
-0.78326
-0.72297
-1.1527
-2.5608
0
0
0
0
0
0
0
-0.16543
-0.51248
-0.18559
-1.1153
16.7667
-0.89431
-1.0455
-0.42895
-0.70596
-0.24649
-0.27908
-0.18476
-0.71941
-0.73582
-0.67118
-0.80561
-0.50933
-0.98632
-1.629
-0.63993
-0.58093
-0.88722
-2.838
0
0
0
0
0
0
0
-0.29357
-0.45093
-0.22446
-0.45988
-0.89431
14.3135
-0.1557
-0.14069
-0.77614
-0.46327
-0.55744
-0.82123
-0.93179
-0.3205
-0.39987
-0.36197
-0.79091
-1.383
-0.15507
-1.4398
-1.5259
-1.7671
0
0
0
0
0
0
0
0
-0.23114
-0.3707
-0.18079
-0.22426
-1.0455
-0.1557
14.2753
-0.14022
-0.66396
-0.27162
-0.22068
-0.14318
-0.67781
-0.8418
-0.71398
-0.90273
-0.37063
-1.2034
-1.5576
-1.3721
-1.4253
-1.5622
0
0
0
0
0
0
0
0
-0.33489
-0.40424
-0.17032
-0.57269
-0.42895
-0.14069
-0.14022
12.7186
-0.69637
-0.34268
-0.40117
-0.48144
-0.91038
-0.58472
-0.57111
-0.57393
-0.71003
-1.5156
-0.19177
-1.757
-1.7905
0
0
0
0
0
0
0
0
0
-1.0463
-0.3435
-0.80622
-0.78779
-0.70596
-0.77614
-0.66396
-0.69637
18.2687
-0.7947
-0.76476
-0.77434
-0.28941
-0.84899
-0.86372
-0.85565
-0.8714
0
0
0
0
0
0
0
-6.3795
0
0
0
0
0
-0.65307
-0.67101
-0.54835
-0.69193
-0.24649
-0.46327
-0.27162
-0.34268
-0.7947
14.4826
-0.15622
-0.91522
-0.85179
-1.586
-1.5755
-2.1243
-2.5906
0
0
0
0
0
0
0
0
0
0
0
0
0
-0.65653
-0.65556
-0.39132
-0.61325
-0.27908
-0.55744
-0.22068
-0.40117
-0.76476
-0.15622
11.9326
-0.60644
-0.88329
-1.2516
-1.212
-1.5876
-1.6957
0
0
0
0
0
0
0
0
0
0
0
0
0
-0.67713
-0.65693
-0.88395
-0.35811
-0.18476
-0.82123
-0.14318
-0.48144
-0.77434
-0.91522
-0.60644
10.0836
-0.87145
-0.80018
-1.049
-0.86026
0
0
0
0
0
0
0
0
0
0
0
0
0
0
-0.7787
-0.58999
-0.93457
-0.92465
-0.71941
-0.93179
-0.67781
-0.91038
-0.28941
-0.85179
-0.88329
-0.87145
21.1547
0
0
0
0
0
0
0
0
0
0
0
0
0
-5.8957
0
-5.8957
0
-0.7783
-0.74779
-0.33811
-0.49152
-0.73582
-0.3205
-0.8418
-0.58472
-0.84899
-1.586
-1.2516
-0.80018
0
10.6455
-1.3202
0
0
0
0
0
0
0
0
0
0
0
0
0
0
0
-0.80187
-0.77458
-0.41407
-0.48058
-0.67118
-0.39987
-0.71398
-0.57111
-0.86372
-1.5755
-1.212
-1.049
0
-1.3202
10.8476
0
0
0
0
0
0
0
0
0
0
0
0
0
0
0
-0.80411
-0.76315
-0.2925
-0.48729
-0.80561
-0.36197
-0.90273
-0.57393
-0.85565
-2.1243
-1.5876
-0.86026
0
0
0
10.4191
0
0
0
0
0
0
0
0
0
0
0
0
0
0
-0.8034
-0.76944
-0.73556
-0.5538
-0.50933
-0.79091
-0.37063
-0.71003
-0.8714
-2.5906
-1.6957
0
0
0
0
0
10.4007
0
0
0
0
0
0
0
0
0
0
0
0
0
-1.5046
-0.35574
-1.3149
-1.2329
-0.98632
-1.383
-1.2034
-1.5156
0
0
0
0
0
0
0
0
0
15.5135
0
0
0
0
0
0
0
0
0
0
0
-6.017
-0.10917
-0.10666
-0.18197
-0.27074
-1.629
-0.15507
-1.5576
-0.19177
0
0
0
0
0
0
0
0
0
0
8.8673
0
0
0
0
0
0
-4.6653
0
0
0
0
-0.98539
-0.93065
-0.89013
-0.78326
-0.63993
-1.4398
-1.3721
-1.757
0
0
0
0
0
0
0
0
0
0
0
8.7983
0
0
0
0
0
0
0
0
0
0
-0.99003
-0.917
-0.84715
-0.72297
-0.58093
-1.5259
-1.4253
-1.7905
0
0
0
0
0
0
0
0
0
0
0
0
8.7998
0
0
0
0
0
0
0
0
0
-1.001
-0.98055
-1.0116
-1.1527
-0.88722
-1.7671
-1.5622
0
0
0
0
0
0
0
0
0
0
0
0
0
0
8.3624
0
0
0
0
0
0
0
0
-1.2301
0
-2.2758
-2.5608
-2.838
0
0
0
0
0
0
0
0
0
0
0
0
0
0
0
0
0
8.9047
0
0
0
0
0
0
0
-7.8488
0
0
0
0
0
0
0
0
0
0
0
0
0
0
0
0
0
0
0
0
0
0
7.8488
0
0
0
0
0
0
0
0
0
0
0
0
0
0
-6.3795
0
0
0
0
0
0
0
0
0
0
0
0
0
0
0
6.3795
0
0
0
0
0
0
0
0
0
0
0
0
0
0
0
0
0
0
0
0
0
0
0
-4.6653
0
0
0
0
0
0
4.6653
0
0
0
0
0
0
0
0
0
0
0
0
0
0
0
0
-5.8957
0
0
0
0
0
0
0
0
0
0
0
0
0
5.8957
0
0
0
0
-6.9545
0
0
0
0
0
0
0
0
0
0
0
0
0
0
0
0
0
0
0
0
0
0
0
0
0
6.9545
0
0
0
0
0
0
0
0
0
0
0
0
0
0
-5.8957
0
0
0
0
0
0
0
0
0
0
0
0
0
0
0
5.8957
0
0
0
0
0
0
0
0
0
0
0
0
0
0
0
0
0
0
-6.017
0
0
0
0
0
0
0
0
0
0
0
6.017
