29.4456
-0.7464
-0.79436
-0.77075
-0.77075
-0.79686
-0.77075
-0.77075
-0.65314
-0.65314
-0.67257
-0.73169
-0.68219
-0.68219
-0.68219
-0.68219
-0.72811
-0.74102
-0.75059
-0.34222
0
-2.824
0
-6.5998
0
0
0
0
0
-6.5998
-0.7464
21.3707
-0.85843
-0.81493
-0.81493
-0.84369
-0.81493
-0.81493
-0.71063
-0.71063
-0.70978
-0.77477
-0.72058
-0.72058
-0.72058
-0.72058
-0.76915
-0.7778
-0.78577
0
0
-2.7894
0
0
-4.7522
0
0
0
0
0
-0.79436
-0.85843
19.0341
-0.87435
-0.87435
-0.90681
-0.87435
-0.87435
-0.76424
-0.76424
-0.75934
-0.83018
-0.77187
-0.77187
-0.77187
-0.77187
-0.82471
-0.83535
-0.84472
0
0
0
0
0
0
0
0
-4.2669
0
0
-0.77075
-0.81493
-0.87435
13.7563
-0.78787
-0.86012
-0.78787
-0.78787
-0.72355
-0.72355
-0.69967
-0.7635
-0.7134
-0.7134
-0.7134
-0.7134
-0.76181
-0.76854
-0.77831
0
0
0
0
0
0
0
0
0
0
0
-0.77075
-0.81493
-0.87435
-0.78787
13.7563
-0.86012
-0.78787
-0.78787
-0.72355
-0.72355
-0.69967
-0.7635
-0.7134
-0.7134
-0.7134
-0.7134
-0.76181
-0.76854
-0.77831
0
0
0
0
0
0
0
0
0
0
0
-0.79686
-0.84369
-0.90681
-0.86012
-0.86012
21.0079
-0.86012
-0.86012
-0.73384
-0.73384
-0.71143
-0.74518
-0.72459
-0.72459
-0.72459
-0.72459
-0.7759
-0.78146
0
0
0
0
-7.64
0
0
0
0
0
0
0
-0.77075
-0.81493
-0.87435
-0.78787
-0.78787
-0.86012
13.7563
-0.78787
-0.72355
-0.72355
-0.69967
-0.7635
-0.7134
-0.7134
-0.7134
-0.7134
-0.76181
-0.76854
-0.77831
0
0
0
0
0
0
0
0
0
0
0
-0.77075
-0.81493
-0.87435
-0.78787
-0.78787
-0.86012
-0.78787
13.7563
-0.72355
-0.72355
-0.69967
-0.7635
-0.7134
-0.7134
-0.7134
-0.7134
-0.76181
-0.76854
-0.77831
0
0
0
0
0
0
0
0
0
0
0
-0.65314
-0.71063
-0.76424
-0.72355
-0.72355
-0.73384
-0.72355
-0.72355
13.78
-0.60451
-0.61624
-0.63217
-0.61291
-0.61291
-0.61291
-0.61291
-0.65058
0
0
0
0
0
0
0
0
-3.0688
0
0
0
0
-0.65314
-0.71063
-0.76424
-0.72355
-0.72355
-0.73384
-0.72355
-0.72355
-0.60451
13.78
-0.61624
-0.63217
-0.61291
-0.61291
-0.61291
-0.61291
-0.65058
0
0
0
0
0
0
0
0
0
0
0
-3.0688
0
-0.67257
-0.70978
-0.75934
-0.69967
-0.69967
-0.71143
-0.69967
-0.69967
-0.61624
-0.61624
11.2696
-0.63694
-0.61079
-0.61079
-0.61079
-0.61079
-0.64968
-0.65554
0
0
0
0
0
0
0
0
0
0
0
0
-0.73169
-0.77477
-0.83018
-0.7635
-0.7635
-0.74518
-0.7635
-0.7635
-0.63217
-0.63217
-0.63694
14.3746
-0.6887
-0.6887
-0.6887
-0.6887
0
0
0
0
-3.5827
0
0
0
0
0
0
0
0
0
-0.68219
-0.72058
-0.77187
-0.7134
-0.7134
-0.72459
-0.7134
-0.7134
-0.61291
-0.61291
-0.61079
-0.6887
10.0962
-0.60602
-0.60602
-0.60602
0
0
0
0
0
0
0
0
0
0
0
0
0
0
-0.68219
-0.72058
-0.77187
-0.7134
-0.7134
-0.72459
-0.7134
-0.7134
-0.61291
-0.61291
-0.61079
-0.6887
-0.60602
10.0962
-0.60602
-0.60602
0
0
0
0
0
0
0
0
0
0
0
0
0
0
-0.68219
-0.72058
-0.77187
-0.7134
-0.7134
-0.72459
-0.7134
-0.7134
-0.61291
-0.61291
-0.61079
-0.6887
-0.60602
-0.60602
10.0962
-0.60602
0
0
0
0
0
0
0
0
0
0
0
0
0
0
-0.68219
-0.72058
-0.77187
-0.7134
-0.7134
-0.72459
-0.7134
-0.7134
-0.61291
-0.61291
-0.61079
-0.6887
-0.60602
-0.60602
-0.60602
10.0962
0
0
0
0
0
0
0
0
0
0
0
0
0
0
-0.72811
-0.76915
-0.82471
-0.76181
-0.76181
-0.7759
-0.76181
-0.76181
-0.65058
-0.65058
-0.64968
0
0
0
0
0
8.096
0
0
0
0
0
0
0
0
0
0
0
0
0
-0.74102
-0.7778
-0.83535
-0.76854
-0.76854
-0.78146
-0.76854
-0.76854
0
0
-0.65554
0
0
0
0
0
0
6.8653
0
0
0
0
0
0
0
0
0
0
0
0
-0.75059
-0.78577
-0.84472
-0.77831
-0.77831
0
-0.77831
-0.77831
0
0
0
0
0
0
0
0
0
0
5.4943
0
0
0
0
0
0
0
0
0
0
0
-0.34222
0
0
0
0
0
0
0
0
0
0
0
0
0
0
0
0
0
0
6.1933
-3.0253
0
0
0
0
0
-2.8258
0
0
0
0
0
0
0
0
0
0
0
0
0
0
-3.5827
0
0
0
0
0
0
0
-3.0253
9.0256
0
-2.4176
0
0
0
0
0
0
0
-2.824
-2.7894
0
0
0
0
0
0
0
0
0
0
0
0
0
0
0
0
0
0
0
5.6135
0
0
0
0
0
0
0
0
0
0
0
0
0
-7.64
0
0
0
0
0
0
0
0
0
0
0
0
0
0
-2.4176
0
10.0576
0
0
0
0
0
0
0
-6.5998
0
0
0
0
0
0
0
0
0
0
0
0
0
0
0
0
0
0
0
0
0
0
6.5998
0
0
0
0
0
0
0
-4.7522
0
0
0
0
0
0
0
0
0
0
0
0
0
0
0
0
0
0
0
0
0
0
4.7522
0
0
0
0
0
0
0
0
0
0
0
0
0
-3.0688
0
0
0
0
0
0
0
0
0
0
0
0
0
0
0
0
3.0688
0
0
0
0
0
0
0
0
0
0
0
0
0
0
0
0
0
0
0
0
0
0
0
-2.8258
0
0
0
0
0
0
2.8258
0
0
0
0
0
-4.2669
0
0
0
0
0
0
0
0
0
0
0
0
0
0
0
0
0
0
0
0
0
0
0
0
4.2669
0
0
0
0
0
0
0
0
0
0
0
-3.0688
0
0
0
0
0
0
0
0
0
0
0
0
0
0
0
0
0
0
3.0688
0
-6.5998
0
0
0
0
0
0
0
0
0
0
0
0
0
0
0
0
0
0
0
0
0
0
0
0
0
0
0
0
6.5998
