11.8568
-0.65285
-0.61886
-0.60753
-0.5697
-0.57278
-0.60675
-0.6212
-0.51285
-0.51318
0
-0.43634
-0.52197
0
0
0
0
0
0
0
0
-0.6978
0
0
-2.0414
0
0
-2.8836
0
0
-0.65285
10.3664
-0.61465
-0.61718
-0.59274
-0.59166
-0.60453
-0.64906
-0.54544
-0.50866
-0.57344
0
0
0
-1.2024
0
-0.90079
0
-0.30774
0
0
0
0
0
0
-2.0053
0
0
0
0
-0.61886
-0.61465
8.8928
-0.59882
-0.5518
-0.57045
-0.57065
-0.56271
-0.4917
-0.50149
-0.60667
-0.42641
0
0
0
0
-0.806
0
0
-1.9726
0
0
0
0
0
0
0
0
0
0
-0.60753
-0.61718
-0.59882
8.6128
-0.53888
-0.57329
-0.57503
-0.56948
-0.48407
-0.5042
-0.58264
-0.44745
0
-0.91547
0
-1.5988
0
0
0
0
0
0
0
0
0
0
0
0
0
0
-0.5697
-0.59274
-0.5518
-0.53888
6.5443
-0.54254
-0.56222
-0.5683
-0.48273
-0.47863
-0.5523
0
-0.42186
0
0
0
0
0
0
0
0
-0.68263
0
0
0
0
0
0
0
0
-0.57278
-0.59166
-0.57045
-0.57329
-0.54254
10.7282
-0.5878
-0.62937
-0.45872
-0.4662
0
0
0
0
0
0
0
0
0
0
0
0
-2.8697
0
0
0
0
-2.8657
0
0
-0.60675
-0.60453
-0.57065
-0.57503
-0.56222
-0.5878
5.9824
-0.61721
-0.47806
-0.48261
0
-0.43539
-0.46216
0
0
0
0
0
0
0
0
0
0
0
0
0
0
0
0
0
-0.6212
-0.64906
-0.56271
-0.56948
-0.5683
-0.62937
-0.61721
7.8721
-0.48656
-0.5107
0
0
0
-0.89136
0
0
0
0
0
-1.7661
0
0
0
0
0
0
0
0
0
0
-0.51285
-0.54544
-0.4917
-0.48407
-0.48273
-0.45872
-0.47806
-0.48656
4.7569
-0.36808
0
0
0
0
0
0
0
0
0
0
-0.44869
0
0
0
0
0
0
0
0
0
-0.51318
-0.50866
-0.50149
-0.5042
-0.47863
-0.4662
-0.48261
-0.5107
-0.36808
6.0496
0
0
0
0
0
0
0
0
0
0
0
0
0
0
0
-1.7159
0
0
0
0
0
-0.57344
-0.60667
-0.58264
-0.5523
0
0
0
0
0
9.5435
0
0
0
0
-1.714
-0.7312
0
0
0
0
0
-3.0401
0
0
0
-1.7432
0
0
0
-0.43634
0
-0.42641
-0.44745
0
0
-0.43539
0
0
0
0
5.0854
0
0
0
0
0
0
0
0
0
0
0
-1.5929
0
0
-1.747
0
0
0
-0.52197
0
0
0
-0.42186
0
-0.46216
0
0
0
0
0
6.7922
0
-0.78336
0
0
0
0
0
0
0
0
-1.999
-2.6038
0
0
0
0
0
0
0
0
-0.91547
0
0
0
-0.89136
0
0
0
0
0
7.737
-1.4105
-1.3508
0
-1.2873
0
-1.8815
0
0
0
0
0
0
0
0
0
0
0
-1.2024
0
0
0
0
0
0
0
0
0
0
-0.78336
-1.4105
6.6921
0
0
0
0
0
0
0
0
0
0
0
0
0
0
-3.2957
0
0
0
-1.5988
0
0
0
0
0
0
-1.714
0
0
-1.3508
0
6.492
0
-1.8284
0
0
0
0
0
0
0
0
0
0
0
0
0
-0.90079
-0.806
0
0
0
0
0
0
0
-0.7312
0
0
0
0
0
3.8428
0
0
0
-1.4048
0
0
0
0
0
0
0
0
0
0
0
0
0
0
0
0
0
0
0
0
0
0
-1.2873
0
-1.8284
0
7.1013
0
0
0
0
0
0
0
0
0
0
-3.9855
0
0
-0.30774
0
0
0
0
0
0
0
0
0
0
0
0
0
0
0
0
4.0581
0
-2.4567
-1.2937
0
0
0
0
0
0
0
0
0
0
-1.9726
0
0
0
0
-1.7661
0
0
0
0
0
-1.8815
0
0
0
0
0
5.6203
0
0
0
0
0
0
0
0
0
0
0
0
0
0
0
0
0
0
-0.44869
0
0
0
0
0
0
0
-1.4048
0
-2.4567
0
4.3102
0
0
0
0
0
0
0
0
0
-0.6978
0
0
0
-0.68263
0
0
0
0
0
0
0
0
0
0
0
0
0
-1.2937
0
0
2.6741
0
0
0
0
0
0
0
0
0
0
0
0
0
-2.8697
0
0
0
0
-3.0401
0
0
0
0
0
0
0
0
0
0
0
5.9098
0
0
0
0
0
0
0
0
0
0
0
0
0
0
0
0
0
0
-1.5929
-1.999
0
0
0
0
0
0
0
0
0
0
3.5919
0
0
0
0
0
0
-2.0414
0
0
0
0
0
0
0
0
0
0
0
-2.6038
0
0
0
0
0
0
0
0
0
0
0
4.6452
0
0
0
0
0
0
-2.0053
0
0
0
0
0
0
0
-1.7159
0
0
0
0
0
0
0
0
0
0
0
0
0
0
0
3.7212
0
0
0
0
0
0
0
0
0
0
0
0
0
0
-1.7432
-1.747
0
0
0
0
0
0
0
0
0
0
0
0
0
0
3.4902
0
0
0
-2.8836
0
0
0
0
-2.8657
0
0
0
0
0
0
0
0
0
0
0
0
0
0
0
0
0
0
0
0
0
5.7492
0
0
0
0
0
0
0
0
0
0
0
0
0
0
0
0
0
0
0
-3.9855
0
0
0
0
0
0
0
0
0
0
3.9855
0
0
0
0
0
0
0
0
0
0
0
0
0
0
0
-3.2957
0
0
0
0
0
0
0
0
0
0
0
0
0
0
3.2957
