44.3735
-0.64552
-0.65293
-0.65293
-0.63418
-0.63418
-0.63418
-0.56494
-0.62012
-0.62012
-0.60659
-0.61731
-0.59694
-0.59694
-0.59694
-0.61461
-0.62099
-0.53757
-0.85388
-0.20913
0
-10.9545
0
-10.9545
0
-10.9545
0
0
0
0
-0.64552
19.0768
-0.69446
-0.69446
-0.67494
-0.67494
-0.67494
-0.63847
-0.65659
-0.65659
-0.66307
-0.65261
-0.63076
-0.63076
-0.63076
-0.66653
-0.64994
-0.59988
-0.87789
0
0
0
-7.0637
0
0
0
0
0
0
0
-0.65293
-0.69446
11.8854
-0.68199
-0.66603
-0.66603
-0.66603
-0.64183
-0.64759
-0.64759
-0.65528
-0.64345
-0.62231
-0.62231
-0.62231
-0.66522
-0.63994
-0.59997
-0.85017
0
0
0
0
0
0
0
0
0
0
0
-0.65293
-0.69446
-0.68199
11.8854
-0.66603
-0.66603
-0.66603
-0.64183
-0.64759
-0.64759
-0.65528
-0.64345
-0.62231
-0.62231
-0.62231
-0.66522
-0.63994
-0.59997
-0.85017
0
0
0
0
0
0
0
0
0
0
0
-0.63418
-0.67494
-0.66603
-0.66603
10.7161
-0.63744
-0.63744
-0.62421
-0.62774
-0.62774
-0.63495
-0.62415
-0.60432
-0.60432
-0.60432
-0.6444
-0.62152
-0.58243
0
0
0
0
0
0
0
0
0
0
0
0
-0.63418
-0.67494
-0.66603
-0.66603
-0.63744
10.7161
-0.63744
-0.62421
-0.62774
-0.62774
-0.63495
-0.62415
-0.60432
-0.60432
-0.60432
-0.6444
-0.62152
-0.58243
0
0
0
0
0
0
0
0
0
0
0
0
-0.63418
-0.67494
-0.66603
-0.66603
-0.63744
-0.63744
10.7161
-0.62421
-0.62774
-0.62774
-0.63495
-0.62415
-0.60432
-0.60432
-0.60432
-0.6444
-0.62152
-0.58243
0
0
0
0
0
0
0
0
0
0
0
0
-0.56494
-0.63847
-0.64183
-0.64183
-0.62421
-0.62421
-0.62421
24.2693
-0.61184
-0.61184
-0.5896
-0.5946
-0.57664
-0.57664
-0.57664
0
0
0
0
0
0
0
0
0
-7.8859
0
0
0
-7.8859
0
-0.62012
-0.65659
-0.64759
-0.64759
-0.62774
-0.62774
-0.62774
-0.61184
9.8707
-0.60496
-0.61318
-0.60339
-0.58557
-0.58557
-0.58557
-0.62397
-0.60158
0
0
0
0
0
0
0
0
0
0
0
0
0
-0.62012
-0.65659
-0.64759
-0.64759
-0.62774
-0.62774
-0.62774
-0.61184
-0.60496
9.8707
-0.61318
-0.60339
-0.58557
-0.58557
-0.58557
-0.62397
-0.60158
0
0
0
0
0
0
0
0
0
0
0
0
0
-0.60659
-0.66307
-0.65528
-0.65528
-0.63495
-0.63495
-0.63495
-0.5896
-0.61318
-0.61318
13.3481
-0.61156
-0.59076
-0.59076
-0.59076
0
0
0
0
0
-4.6633
0
0
0
0
0
0
0
0
0
-0.61731
-0.65261
-0.64345
-0.64345
-0.62415
-0.62415
-0.62415
-0.5946
-0.60339
-0.60339
-0.61156
9.1805
-0.58092
-0.58092
-0.58092
0
-0.59552
0
0
0
0
0
0
0
0
0
0
0
0
0
-0.59694
-0.63076
-0.62231
-0.62231
-0.60432
-0.60432
-0.60432
-0.57664
-0.58557
-0.58557
-0.59076
-0.58092
8.2957
-0.54549
-0.54549
0
0
0
0
0
0
0
0
0
0
0
0
0
0
0
-0.59694
-0.63076
-0.62231
-0.62231
-0.60432
-0.60432
-0.60432
-0.57664
-0.58557
-0.58557
-0.59076
-0.58092
-0.54549
8.2957
-0.54549
0
0
0
0
0
0
0
0
0
0
0
0
0
0
0
-0.59694
-0.63076
-0.62231
-0.62231
-0.60432
-0.60432
-0.60432
-0.57664
-0.58557
-0.58557
-0.59076
-0.58092
-0.54549
-0.54549
8.2957
0
0
0
0
0
0
0
0
0
0
0
0
0
0
0
-0.61461
-0.66653
-0.66522
-0.66522
-0.6444
-0.6444
-0.6444
0
-0.62397
-0.62397
0
0
0
0
0
7.1272
0
0
0
-0.24305
0
0
0
0
0
0
0
0
0
-1.0914
-0.62099
-0.64994
-0.63994
-0.63994
-0.62152
-0.62152
-0.62152
0
-0.60158
-0.60158
0
-0.59552
0
0
0
0
6.214
0
0
0
0
0
0
0
0
0
0
0
0
0
-0.53757
-0.59988
-0.59997
-0.59997
-0.58243
-0.58243
-0.58243
0
0
0
0
0
0
0
0
0
0
4.1892
0
0
0
0
0
0
0
0
0
-0.1045
0
0
-0.85388
-0.87789
-0.85017
-0.85017
0
0
0
0
0
0
0
0
0
0
0
0
0
0
3.4321
0
0
0
0
0
0
0
0
0
0
0
-0.20913
0
0
0
0
0
0
0
0
0
0
0
0
0
0
-0.24305
0
0
0
0.56781
0
0
0
0
0
0
-0.11563
0
0
0
0
0
0
0
0
0
0
0
0
0
-4.6633
0
0
0
0
0
0
0
0
0
4.6633
0
0
0
0
0
0
0
0
0
-10.9545
0
0
0
0
0
0
0
0
0
0
0
0
0
0
0
0
0
0
0
0
10.9545
0
0
0
0
0
0
0
0
0
-7.0637
0
0
0
0
0
0
0
0
0
0
0
0
0
0
0
0
0
0
0
0
7.0637
0
0
0
0
0
0
0
-10.9545
0
0
0
0
0
0
0
0
0
0
0
0
0
0
0
0
0
0
0
0
0
0
10.9545
0
0
0
0
0
0
0
0
0
0
0
0
0
-7.8859
0
0
0
0
0
0
0
0
0
0
0
0
0
0
0
0
7.8859
0
0
0
0
0
-10.9545
0
0
0
0
0
0
0
0
0
0
0
0
0
0
0
0
0
0
0
0
0
0
0
0
10.9545
0
0
0
0
0
0
0
0
0
0
0
0
0
0
0
0
0
0
0
0
0
0
0
-0.11563
0
0
0
0
0
0
0.11563
0
0
0
0
0
0
0
0
0
0
0
0
0
0
0
0
0
0
0
0
-0.1045
0
0
0
0
0
0
0
0
0
0.1045
0
0
0
0
0
0
0
0
0
-7.8859
0
0
0
0
0
0
0
0
0
0
0
0
0
0
0
0
0
0
0
0
7.8859
0
0
0
0
0
0
0
0
0
0
0
0
0
0
0
0
-1.0914
0
0
0
0
0
0
0
0
0
0
0
0
0
1.0914
