12.4628
-0.13736
-0.10001
-0.10001
-0.84408
-0.22883
-0.22883
-0.59717
-0.90671
-0.2824
-1.1969
-0.10001
-0.88025
-0.87279
-0.63851
-1.2305
0
0
0
0
0
-4.1185
0
0
0
0
0
0
0
0
-0.13736
6.734
-0.32742
-0.33098
-0.14539
-0.10007
-0.10007
-0.3744
-0.56145
-0.4771
-0.45034
-0.10001
-0.53888
-0.49388
-1.3443
0
-1.2523
0
0
0
0
0
0
0
0
0
0
0
0
0
-0.10001
-0.32742
8.1357
-0.10006
-0.30297
-0.39949
-0.39949
-0.42801
-0.73733
-0.43442
-0.57625
-0.10001
-0.7088
-0.79731
-0.71025
-2.0139
0
0
0
0
0
0
0
0
0
0
0
0
0
0
-0.10001
-0.33098
-0.10006
8.1357
-0.30294
-0.39728
-0.39727
-0.42795
-0.73726
-0.43564
-0.5762
-0.10001
-0.70872
-0.79727
-0.7102
-2.0139
0
0
0
0
0
0
0
0
0
0
0
0
0
0
-0.84408
-0.14539
-0.30297
-0.30294
13.8006
-0.22003
-0.22002
-0.70962
-1.3233
-0.30704
-1.1078
-0.10001
-1.5861
-1.2016
-0.71977
0
0
0
0
0
0
0
0
0
0
0
-4.7099
0
0
0
-0.22883
-0.10007
-0.39949
-0.39728
-0.22003
6.5131
-0.11448
-0.48115
-0.70157
-0.47711
-0.5443
-0.10002
-0.68752
-0.74256
-1.3187
0
0
0
0
0
0
0
0
0
0
0
0
0
0
0
-0.22883
-0.10007
-0.39949
-0.39727
-0.22002
-0.11448
6.5131
-0.48115
-0.70157
-0.47712
-0.5443
-0.10002
-0.68752
-0.74257
-1.3187
0
0
0
0
0
0
0
0
0
0
0
0
0
0
0
-0.59717
-0.3744
-0.42801
-0.42795
-0.70962
-0.48115
-0.48115
9.8383
-0.32639
-0.58381
-0.86348
-0.62249
-0.44436
0
0
0
0
0
0
0
0
0
0
0
0
-3.4983
0
0
0
0
-0.90671
-0.56145
-0.73733
-0.73726
-1.3233
-0.70157
-0.70157
-0.32639
14.9561
-0.54317
-0.51728
0
0
0
0
0
0
-3.95
0
0
0
0
0
0
0
0
0
-3.95
0
0
-0.2824
-0.4771
-0.43442
-0.43564
-0.30704
-0.47711
-0.47712
-0.58381
-0.54317
5.8324
-0.52967
-0.74708
-0.53783
0
0
0
0
0
0
0
0
0
0
0
0
0
0
0
0
0
-1.1969
-0.45034
-0.57625
-0.5762
-1.1078
-0.5443
-0.5443
-0.86348
-0.51728
-0.52967
11.1835
-0.30855
0
0
0
0
0
0
0
0
0
0
0
0
-3.9685
0
0
0
0
0
-0.10001
-0.10001
-0.10001
-0.10001
-0.10001
-0.10002
-0.10002
-0.62249
0
-0.74708
-0.30855
5.1476
0
0
0
0
-0.1
0
0
-2.6694
0
0
0
0
0
0
0
0
0
0
-0.88025
-0.53888
-0.7088
-0.70872
-1.5861
-0.68752
-0.68752
-0.44436
0
-0.53783
0
0
13.9392
0
0
0
0
0
0
0
0
0
-3.5796
0
0
0
0
0
0
-3.5796
-0.87279
-0.49388
-0.79731
-0.79727
-1.2016
-0.74256
-0.74257
0
0
0
0
0
0
20.379
0
0
0
0
-5.098
0
-4.5351
0
0
0
0
0
0
0
-5.098
0
-0.63851
-1.3443
-0.71025
-0.7102
-0.71977
-1.3187
-1.3187
0
0
0
0
0
0
0
6.7604
0
0
0
0
0
0
0
0
0
0
0
0
0
0
0
-1.2305
0
-2.0139
-2.0139
0
0
0
0
0
0
0
0
0
0
0
5.2583
0
0
0
0
0
0
0
0
0
0
0
0
0
0
0
-1.2523
0
0
0
0
0
0
0
0
0
-0.1
0
0
0
0
4.504
0
0
0
0
0
0
-3.1516
0
0
0
0
0
0
0
0
0
0
0
0
0
0
-3.95
0
0
0
0
0
0
0
0
3.95
0
0
0
0
0
0
0
0
0
0
0
0
0
0
0
0
0
0
0
0
0
0
0
0
0
-5.098
0
0
0
0
5.098
0
0
0
0
0
0
0
0
0
0
0
0
0
0
0
0
0
0
0
0
0
0
-2.6694
0
0
0
0
0
0
0
2.6694
0
0
0
0
0
0
0
0
0
0
0
0
0
0
0
0
0
0
0
0
0
0
0
-4.5351
0
0
0
0
0
0
4.5351
0
0
0
0
0
0
0
0
0
-4.1185
0
0
0
0
0
0
0
0
0
0
0
0
0
0
0
0
0
0
0
0
4.1185
0
0
0
0
0
0
0
0
0
0
0
0
0
0
0
0
0
0
0
0
-3.5796
0
0
0
0
0
0
0
0
0
3.5796
0
0
0
0
0
0
0
0
0
0
0
0
0
0
0
0
0
0
0
0
0
0
0
-3.1516
0
0
0
0
0
0
3.1516
0
0
0
0
0
0
0
0
0
0
0
0
0
0
0
0
-3.9685
0
0
0
0
0
0
0
0
0
0
0
0
0
3.9685
0
0
0
0
0
0
0
0
0
0
0
0
-3.4983
0
0
0
0
0
0
0
0
0
0
0
0
0
0
0
0
0
3.4983
0
0
0
0
0
0
0
0
-4.7099
0
0
0
0
0
0
0
0
0
0
0
0
0
0
0
0
0
0
0
0
0
4.7099
0
0
0
0
0
0
0
0
0
0
0
-3.95
0
0
0
0
0
0
0
0
0
0
0
0
0
0
0
0
0
0
3.95
0
0
0
0
0
0
0
0
0
0
0
0
0
0
0
-5.098
0
0
0
0
0
0
0
0
0
0
0
0
0
0
5.098
0
0
0
0
0
0
0
0
0
0
0
0
0
-3.5796
0
0
0
0
0
0
0
0
0
0
0
0
0
0
0
0
3.5796
