20.5398
-0.92868
-0.92881
-0.95964
-0.92868
-0.92868
-0.95964
-0.84606
-0.83426
-0.82394
-0.82394
-0.79211
-0.82394
-0.82394
-0.82394
-0.83969
-0.94208
0
0
0
0
-2.6486
-3.8831
0
0
0
0
0
0
0
-0.92868
14.0184
-0.81517
-0.8338
-0.73059
-0.73059
-0.8338
-0.71422
-0.74037
-0.71228
-0.71228
-0.69386
-0.71228
-0.71228
-0.71228
-0.72889
-0.81407
0
0
0
-1.893
0
0
0
0
0
0
0
0
0
-0.92881
-0.81517
12.9914
-0.83246
-0.81517
-0.81517
-0.83246
-0.70974
-0.71186
-0.71208
-0.71208
-0.67131
-0.71208
-0.71208
-0.71208
-0.71807
-0.80797
-0.77284
0
0
0
0
0
0
0
0
0
0
0
0
-0.95964
-0.8338
-0.83246
21.6358
-0.8338
-0.8338
-0.84763
-0.72391
-0.73733
-0.73569
-0.73569
-0.70173
-0.73569
-0.73569
-0.73569
-0.74859
-0.84199
0
0
0
0
0
0
0
0
0
0
0
-9.0627
0
-0.92868
-0.73059
-0.81517
-0.8338
14.0184
-0.73059
-0.8338
-0.71422
-0.74037
-0.71228
-0.71228
-0.69386
-0.71228
-0.71228
-0.71228
-0.72889
-0.81407
0
0
0
-1.893
0
0
0
0
0
0
0
0
0
-0.92868
-0.73059
-0.81517
-0.8338
-0.73059
14.0184
-0.8338
-0.71422
-0.74037
-0.71228
-0.71228
-0.69386
-0.71228
-0.71228
-0.71228
-0.72889
-0.81407
0
0
0
-1.893
0
0
0
0
0
0
0
0
0
-0.95964
-0.8338
-0.83246
-0.84763
-0.8338
-0.8338
21.6358
-0.72391
-0.73733
-0.73569
-0.73569
-0.70173
-0.73569
-0.73569
-0.73569
-0.74859
-0.84199
0
0
0
0
0
0
0
0
-9.0627
0
0
0
0
-0.84606
-0.71422
-0.70974
-0.72391
-0.71422
-0.71422
-0.72391
10.9451
-0.60312
-0.66312
-0.66312
-0.56521
-0.66312
-0.66312
-0.66312
-0.62741
0
0
0
0
0
0
0
-0.68754
0
0
0
0
0
0
-0.83426
-0.74037
-0.71186
-0.73733
-0.74037
-0.74037
-0.73733
-0.60312
18.4257
-0.63375
-0.63375
0
-0.63375
-0.63375
-0.63375
0
0
0
0
-0.78407
0
0
0
0
0
0
0
-8.6279
0
0
-0.82394
-0.71228
-0.71208
-0.73569
-0.71228
-0.71228
-0.73569
-0.66312
-0.63375
10.1293
-0.61271
-0.60208
-0.61271
-0.61271
-0.61271
-0.63529
0
0
0
0
0
0
0
0
0
0
0
0
0
0
-0.82394
-0.71228
-0.71208
-0.73569
-0.71228
-0.71228
-0.73569
-0.66312
-0.63375
-0.61271
10.1293
-0.60208
-0.61271
-0.61271
-0.61271
-0.63529
0
0
0
0
0
0
0
0
0
0
0
0
0
0
-0.79211
-0.69386
-0.67131
-0.70173
-0.69386
-0.69386
-0.70173
-0.56521
0
-0.60208
-0.60208
9.5615
-0.60208
-0.60208
-0.60208
0
0
-0.65784
-0.37961
0
0
0
0
0
0
0
0
0
0
0
-0.82394
-0.71228
-0.71208
-0.73569
-0.71228
-0.71228
-0.73569
-0.66312
-0.63375
-0.61271
-0.61271
-0.60208
10.1293
-0.61271
-0.61271
-0.63529
0
0
0
0
0
0
0
0
0
0
0
0
0
0
-0.82394
-0.71228
-0.71208
-0.73569
-0.71228
-0.71228
-0.73569
-0.66312
-0.63375
-0.61271
-0.61271
-0.60208
-0.61271
10.1293
-0.61271
-0.63529
0
0
0
0
0
0
0
0
0
0
0
0
0
0
-0.82394
-0.71228
-0.71208
-0.73569
-0.71228
-0.71228
-0.73569
-0.66312
-0.63375
-0.61271
-0.61271
-0.60208
-0.61271
-0.61271
10.1293
-0.63529
0
0
0
0
0
0
0
0
0
0
0
0
0
0
-0.83969
-0.72889
-0.71807
-0.74859
-0.72889
-0.72889
-0.74859
-0.62741
0
-0.63529
-0.63529
0
-0.63529
-0.63529
-0.63529
9.0455
0
0
0
0
0
0
0
0
0
0
0
0
0
0
-0.94208
-0.81407
-0.80797
-0.84199
-0.81407
-0.81407
-0.84199
0
0
0
0
0
0
0
0
0
5.8762
0
0
0
0
0
0
0
0
0
0
0
0
0
0
0
-0.77284
0
0
0
0
0
0
0
0
-0.65784
0
0
0
0
0
7.0939
-0.69321
0
0
0
-2.9706
0
0
0
0
0
0
-1.9993
0
0
0
0
0
0
0
0
0
0
0
-0.37961
0
0
0
0
0
-0.69321
2.0777
0
0
0
0
0
0
0
-1.0049
0
0
0
0
0
0
0
0
0
0
0
-0.78407
0
0
0
0
0
0
0
0
0
0
4.9366
0
-1.4722
0
0
-2.6803
0
0
0
0
0
0
-1.893
0
0
-1.893
-1.893
0
0
0
0
0
0
0
0
0
0
0
0
0
0
5.6789
0
0
0
0
0
0
0
0
0
-2.6486
0
0
0
0
0
0
0
0
0
0
0
0
0
0
0
0
0
0
-1.4722
0
4.1208
0
0
0
0
0
0
0
0
-3.8831
0
0
0
0
0
0
0
0
0
0
0
0
0
0
0
0
-2.9706
0
0
0
0
6.8538
0
0
0
0
0
0
0
0
0
0
0
0
0
0
-0.68754
0
0
0
0
0
0
0
0
0
0
0
0
0
0
0
1.0646
-0.3771
0
0
0
0
0
0
0
0
0
0
0
0
0
0
0
0
0
0
0
0
0
0
0
0
-2.6803
0
0
0
-0.3771
3.0574
0
0
0
0
0
0
0
0
0
0
0
-9.0627
0
0
0
0
0
0
0
0
0
0
0
0
0
0
0
0
0
0
9.0627
0
0
0
0
0
0
0
0
0
0
0
0
0
0
0
0
0
0
0
0
0
0
-1.0049
0
0
0
0
0
0
0
1.0049
0
0
0
0
0
0
0
0
0
0
0
-8.6279
0
0
0
0
0
0
0
0
0
0
0
0
0
0
0
0
0
0
8.6279
0
0
0
0
0
-9.0627
0
0
0
0
0
0
0
0
0
0
0
0
0
0
0
0
0
0
0
0
0
0
0
0
9.0627
0
0
0
0
0
0
0
0
0
0
0
0
0
0
0
0
0
0
-1.9993
0
0
0
0
0
0
0
0
0
0
0
1.9993
