8.6819
-0.394
-0.51249
-0.47464
-0.46198
-0.41379
-0.46198
-0.43024
-0.35683
-0.35316
-0.44821
-0.3992
-0.40128
-0.44369
-0.52616
0
-0.49398
0
-2.1103
0
0
0
0
0
0
0
0
0
0
0
-0.394
8.6819
-0.51249
-0.47464
-0.46198
-0.41379
-0.46198
-0.43024
-0.35683
-0.35316
-0.44821
-0.3992
-0.40128
-0.44369
-0.52616
0
-0.49398
0
-2.1103
0
0
0
0
0
0
0
0
0
0
0
-0.51249
-0.51249
18.7559
-0.61021
-0.56584
-0.50686
-0.56584
-0.51014
-0.43501
-0.44732
-0.54659
-0.49322
-0.47567
0
0
-0.94667
0
0
0
0
0
0
0
0
0
0
0
0
0
-11.6276
-0.47464
-0.47464
-0.61021
7.3882
-0.52952
-0.4869
-0.52952
-0.48394
-0.40672
-0.40035
-0.51236
-0.46065
-0.45225
0
-0.65942
0
0
-0.90705
0
0
0
0
0
0
0
0
0
0
0
0
-0.46198
-0.46198
-0.56584
-0.52952
16.2321
-0.44781
-0.48729
-0.44064
-0.35783
-0.36764
-0.45254
-0.4055
-0.39431
0
0
0
0
0
0
0
0
0
0
0
-10.8592
0
0
0
0
0
-0.41379
-0.41379
-0.50686
-0.4869
-0.44781
5.761
-0.44781
-0.41208
-0.33502
-0.34401
-0.41641
-0.38146
-0.373
0
0
-0.78207
0
0
0
0
0
0
0
0
0
0
0
0
0
0
-0.46198
-0.46198
-0.56584
-0.52952
-0.48729
-0.44781
16.2321
-0.44064
-0.35783
-0.36764
-0.45254
-0.4055
-0.39431
0
0
0
0
0
0
0
0
0
0
0
0
0
0
0
-10.8592
0
-0.43024
-0.43024
-0.51014
-0.48394
-0.44064
-0.41208
-0.44064
5.1238
-0.32918
-0.33594
-0.40826
-0.37426
-0.37448
0
0
0
0
0
0
-0.15378
0
0
0
0
0
0
0
0
0
0
-0.35683
-0.35683
-0.43501
-0.40672
-0.35783
-0.33502
-0.35783
-0.32918
4.1767
-0.28629
-0.33815
-0.30832
-0.3087
0
0
0
0
0
0
0
0
0
0
0
0
0
0
0
0
0
-0.35316
-0.35316
-0.44732
-0.40035
-0.36764
-0.34401
-0.36764
-0.33594
-0.28629
4.5269
-0.30017
-0.30937
0
0
0
0
0
-0.66186
0
0
0
0
0
0
0
0
0
0
0
0
-0.44821
-0.44821
-0.54659
-0.51236
-0.45254
-0.41641
-0.45254
-0.40826
-0.33815
-0.30017
13.83
0
0
0
0
0
0
0
0
0
0
0
0
0
0
0
0
-9.5066
0
0
-0.3992
-0.3992
-0.49322
-0.46065
-0.4055
-0.38146
-0.4055
-0.37426
-0.30832
-0.30937
0
3.9367
0
0
0
0
0
0
0
0
0
0
0
0
0
0
0
0
0
0
-0.40128
-0.40128
-0.47567
-0.45225
-0.39431
-0.373
-0.39431
-0.37448
-0.3087
0
0
0
5.7421
0
0
0
0
0
0
0
-2.1668
0
0
0
0
0
0
0
0
0
-0.44369
-0.44369
0
0
0
0
0
0
0
0
0
0
0
3.6904
0
0
-0.59297
0
0
0
0
0
-0.17357
-2.0365
0
0
0
0
0
0
-0.52616
-0.52616
0
-0.65942
0
0
0
0
0
0
0
0
0
0
1.7117
0
0
0
0
0
0
0
0
0
0
0
0
0
0
0
0
0
-0.94667
0
0
-0.78207
0
0
0
0
0
0
0
0
0
3.1697
0
0
0
0
0
0
0
0
0
0
-1.4409
0
0
0
-0.49398
-0.49398
0
0
0
0
0
0
0
0
0
0
0
-0.59297
0
0
1.5809
0
0
0
0
0
0
0
0
0
0
0
0
0
0
0
0
-0.90705
0
0
0
0
0
-0.66186
0
0
0
0
0
0
0
3.3073
0
0
0
0
0
0
0
-1.7384
0
0
0
0
-2.1103
-2.1103
0
0
0
0
0
0
0
0
0
0
0
0
0
0
0
0
4.2206
0
0
0
0
0
0
0
0
0
0
0
0
0
0
0
0
0
0
-0.15378
0
0
0
0
0
0
0
0
0
0
0
3.4336
0
-3.2798
0
0
0
0
0
0
0
0
0
0
0
0
0
0
0
0
0
0
0
0
-2.1668
0
0
0
0
0
0
0
2.4509
0
0
-0.2841
0
0
0
0
0
0
0
0
0
0
0
0
0
0
0
0
0
0
0
0
0
0
0
0
0
-3.2798
0
7.0597
-3.7799
0
0
0
0
0
0
0
0
0
0
0
0
0
0
0
0
0
0
0
0
-0.17357
0
0
0
0
0
0
0
-3.7799
3.9535
0
0
0
0
0
0
0
0
0
0
0
0
0
0
0
0
0
0
0
0
-2.0365
0
0
0
0
0
0
-0.2841
0
0
2.3206
0
0
0
0
0
0
0
0
0
0
-10.8592
0
0
0
0
0
0
0
0
0
0
0
0
0
0
0
0
0
0
0
10.8592
0
0
0
0
0
0
0
0
0
0
0
0
0
0
0
0
0
0
0
0
0
0
-1.7384
0
0
0
0
0
0
0
1.7384
0
0
0
0
0
0
0
0
0
0
0
0
0
0
0
0
0
0
0
-1.4409
0
0
0
0
0
0
0
0
0
0
1.4409
0
0
0
0
0
0
0
0
0
0
0
0
0
-9.5066
0
0
0
0
0
0
0
0
0
0
0
0
0
0
0
0
9.5066
0
0
0
0
0
0
0
0
-10.8592
0
0
0
0
0
0
0
0
0
0
0
0
0
0
0
0
0
0
0
0
0
10.8592
0
0
0
-11.6276
0
0
0
0
0
0
0
0
0
0
0
0
0
0
0
0
0
0
0
0
0
0
0
0
0
0
11.6276
