21.8232
-0.63517
-0.63517
-0.68886
-0.60097
-0.60097
-0.60097
-0.60097
-0.60097
-0.54823
-0.61269
-0.58729
-0.59899
-0.63362
-0.68707
-0.57428
-0.57708
-0.30137
0
-0.41237
0
0
0
0
0
0
-11.3261
0
0
0
-0.63517
9.9246
-0.58957
-0.65142
-0.56469
-0.56469
-0.56469
-0.56469
-0.56469
-0.52016
-0.58491
-0.55261
-0.55983
-0.59575
-0.65733
-0.53959
-0.53582
-0.3075
0
-0.37153
0
0
0
0
0
0
0
0
0
0
-0.63517
-0.58957
9.9246
-0.65142
-0.56469
-0.56469
-0.56469
-0.56469
-0.56469
-0.52016
-0.58491
-0.55261
-0.55983
-0.59575
-0.65733
-0.53959
-0.53582
-0.3075
0
-0.37153
0
0
0
0
0
0
0
0
0
0
-0.68886
-0.65142
-0.65142
20.8334
-0.62997
-0.62997
-0.62997
-0.62997
-0.62997
-0.5693
-0.64516
-0.61768
-0.62166
-0.66736
-0.7115
-0.60566
-0.59676
0
0
0
0
0
0
0
0
0
0
0
0
-10.6567
-0.60097
-0.56469
-0.56469
-0.62997
8.775
-0.50116
-0.50116
-0.50116
-0.50116
-0.49938
-0.57806
-0.5396
-0.5363
-0.58298
-0.63371
-0.5282
-0.51179
0
0
0
0
0
0
0
0
0
0
0
0
0
-0.60097
-0.56469
-0.56469
-0.62997
-0.50116
8.775
-0.50116
-0.50116
-0.50116
-0.49938
-0.57806
-0.5396
-0.5363
-0.58298
-0.63371
-0.5282
-0.51179
0
0
0
0
0
0
0
0
0
0
0
0
0
-0.60097
-0.56469
-0.56469
-0.62997
-0.50116
-0.50116
8.775
-0.50116
-0.50116
-0.49938
-0.57806
-0.5396
-0.5363
-0.58298
-0.63371
-0.5282
-0.51179
0
0
0
0
0
0
0
0
0
0
0
0
0
-0.60097
-0.56469
-0.56469
-0.62997
-0.50116
-0.50116
-0.50116
8.775
-0.50116
-0.49938
-0.57806
-0.5396
-0.5363
-0.58298
-0.63371
-0.5282
-0.51179
0
0
0
0
0
0
0
0
0
0
0
0
0
-0.60097
-0.56469
-0.56469
-0.62997
-0.50116
-0.50116
-0.50116
-0.50116
8.775
-0.49938
-0.57806
-0.5396
-0.5363
-0.58298
-0.63371
-0.5282
-0.51179
0
0
0
0
0
0
0
0
0
0
0
0
0
-0.54823
-0.52016
-0.52016
-0.5693
-0.49938
-0.49938
-0.49938
-0.49938
-0.49938
16.5396
-0.45567
-0.46177
-0.47524
-0.49559
-0.52623
0
0
0
0
0
0
-9.4703
0
0
0
0
0
0
0
0
-0.61269
-0.58491
-0.58491
-0.64516
-0.57806
-0.57806
-0.57806
-0.57806
-0.57806
-0.45567
15.8672
-0.53601
-0.54698
0
0
0
0
0
0
0
-0.37715
0
0
0
0
0
0
-8.6334
0
0
-0.58729
-0.55261
-0.55261
-0.61768
-0.5396
-0.5396
-0.5396
-0.5396
-0.5396
-0.46177
-0.53601
6.9218
-0.51271
0
0
0
0
0
-0.40308
0
0
0
0
0
0
0
0
0
0
0
-0.59899
-0.55983
-0.55983
-0.62166
-0.5363
-0.5363
-0.5363
-0.5363
-0.5363
-0.47524
-0.54698
-0.51271
6.5567
0
0
0
0
0
0
0
0
0
0
0
0
0
0
0
0
0
-0.63362
-0.59575
-0.59575
-0.66736
-0.58298
-0.58298
-0.58298
-0.58298
-0.58298
-0.49559
0
0
0
6.3584
0
0
0
0
-0.45536
0
0
0
0
0
0
0
0
0
0
0
-0.68707
-0.65733
-0.65733
-0.7115
-0.63371
-0.63371
-0.63371
-0.63371
-0.63371
-0.52623
0
0
0
0
13.0346
0
0
0
0
0
0
0
-6.6266
0
0
0
0
0
0
0
-0.57428
-0.53959
-0.53959
-0.60566
-0.5282
-0.5282
-0.5282
-0.5282
-0.5282
0
0
0
0
0
0
5.2906
0
0
0
0
-0.39053
0
0
0
0
0
0
0
0
0
-0.57708
-0.53582
-0.53582
-0.59676
-0.51179
-0.51179
-0.51179
-0.51179
-0.51179
0
0
0
0
0
0
0
4.8045
0
0
0
0
0
0
0
0
0
0
0
0
0
-0.30137
-0.3075
-0.3075
0
0
0
0
0
0
0
0
0
0
0
0
0
0
18.8341
0
0
0
0
0
-8.9589
0
0
0
0
-8.9589
0
0
0
0
0
0
0
0
0
0
0
0
-0.40308
0
-0.45536
0
0
0
0
1.4102
0
0
0
0
0
0
-0.55176
0
0
0
0
-0.41237
-0.37153
-0.37153
0
0
0
0
0
0
0
0
0
0
0
0
0
0
0
0
1.1554
0
0
0
0
0
0
0
0
0
0
0
0
0
0
0
0
0
0
0
0
-0.37715
0
0
0
0
-0.39053
0
0
0
0
1.2157
0
0
0
-0.44804
0
0
0
0
0
0
0
0
0
0
0
0
0
0
-9.4703
0
0
0
0
0
0
0
0
0
0
0
9.4703
0
0
0
0
0
0
0
0
0
0
0
0
0
0
0
0
0
0
0
0
0
0
-6.6266
0
0
0
0
0
0
0
6.6266
0
0
0
0
0
0
0
0
0
0
0
0
0
0
0
0
0
0
0
0
0
0
0
0
-8.9589
0
0
0
0
0
8.9589
0
0
0
0
0
0
0
0
0
0
0
0
0
0
0
0
0
0
0
0
0
0
0
0
0
0
-0.44804
0
0
0
0.44804
0
0
0
0
0
0
0
0
0
0
0
0
0
0
0
0
0
0
0
0
0
0
0
-0.55176
0
0
0
0
0
0
0.55176
0
0
0
0
-11.3261
0
0
0
0
0
0
0
0
0
0
0
0
0
0
0
0
0
0
0
0
0
0
0
0
0
11.3261
0
0
0
0
0
0
0
0
0
0
0
0
0
-8.6334
0
0
0
0
0
0
0
0
0
0
0
0
0
0
0
0
8.6334
0
0
0
0
0
0
0
0
0
0
0
0
0
0
0
0
0
0
0
-8.9589
0
0
0
0
0
0
0
0
0
0
8.9589
0
0
0
0
-10.6567
0
0
0
0
0
0
0
0
0
0
0
0
0
0
0
0
0
0
0
0
0
0
0
0
0
10.6567
