26.8923
-0.77999
-0.74404
-0.74404
-0.80255
-0.78828
-0.81032
-0.76723
-0.76723
-0.72053
-0.72053
-0.75769
-0.77128
-0.777
-0.777
-0.75907
-0.72863
-1.1978
-0.64191
-0.62328
-0.62328
-0.77505
0
0
-10.8156
0
0
0
0
0
-0.77999
26.132
-0.73719
-0.73719
-0.79432
-0.77425
-0.79944
-0.7526
-0.7526
-0.70626
-0.70626
-0.74114
-0.75966
-0.75999
-0.75999
-0.75128
-0.71992
-1.2177
0
-0.64846
-0.64846
-0.77456
0
0
0
0
0
0
0
-10.8108
-0.74404
-0.73719
14.4176
-0.68352
-0.73891
-0.72398
-0.75849
-0.70049
-0.70049
-0.65706
-0.65706
-0.6883
-0.71251
-0.70569
-0.70569
-0.70373
-0.67549
-1.2174
0
-0.59851
-0.59851
-0.71061
0
0
0
0
0
0
0
0
-0.74404
-0.73719
-0.68352
14.4176
-0.73891
-0.72398
-0.75849
-0.70049
-0.70049
-0.65706
-0.65706
-0.6883
-0.71251
-0.70569
-0.70569
-0.70373
-0.67549
-1.2174
0
-0.59851
-0.59851
-0.71061
0
0
0
0
0
0
0
0
-0.80255
-0.79432
-0.73891
-0.73891
13.3863
-0.78224
-0.81974
-0.75024
-0.75024
-0.70345
-0.70345
-0.73686
-0.7714
-0.75559
-0.75559
-0.75872
-0.72762
0
0
-0.64825
-0.64825
0
0
0
0
0
0
0
0
0
-0.78828
-0.77425
-0.72398
-0.72398
-0.78224
12.8239
-0.82216
-0.74792
-0.74792
-0.70233
-0.70233
-0.73616
-0.77833
-0.75487
-0.75487
-0.74732
-0.71838
0
-0.81857
0
0
0
0
0
0
0
0
0
0
0
-0.81032
-0.79944
-0.75849
-0.75849
-0.81974
-0.82216
22.1071
-0.77152
-0.77152
-0.72399
-0.72399
-0.75873
-0.80266
-0.77808
-0.77808
-0.77591
-0.74136
0
0
0
0
0
0
0
0
0
0
0
-9.7127
0
-0.76723
-0.7526
-0.70049
-0.70049
-0.75024
-0.74792
-0.77152
11.4637
-0.69737
-0.66098
-0.66098
-0.69193
-0.74299
-0.70942
-0.70942
-0.71561
-0.68449
0
0
0
0
0
0
0
0
0
0
0
0
0
-0.76723
-0.7526
-0.70049
-0.70049
-0.75024
-0.74792
-0.77152
-0.69737
11.4637
-0.66098
-0.66098
-0.69193
-0.74299
-0.70942
-0.70942
-0.71561
-0.68449
0
0
0
0
0
0
0
0
0
0
0
0
0
-0.72053
-0.70626
-0.65706
-0.65706
-0.70345
-0.70233
-0.72399
-0.66098
-0.66098
10.0785
-0.59372
-0.63803
-0.68492
-0.65409
-0.65409
-0.66102
0
0
0
0
0
0
0
0
0
0
0
0
0
0
-0.72053
-0.70626
-0.65706
-0.65706
-0.70345
-0.70233
-0.72399
-0.66098
-0.66098
-0.59372
10.0785
-0.63803
-0.68492
-0.65409
-0.65409
-0.66102
0
0
0
0
0
0
0
0
0
0
0
0
0
0
-0.75769
-0.74114
-0.6883
-0.6883
-0.73686
-0.73616
-0.75873
-0.69193
-0.69193
-0.63803
-0.63803
9.2339
0
-0.73342
-0.73342
0
0
0
0
0
0
0
0
0
0
0
0
0
0
0
-0.77128
-0.75966
-0.71251
-0.71251
-0.7714
-0.77833
-0.80266
-0.74299
-0.74299
-0.68492
-0.68492
0
8.9398
0
0
0
0
0
-0.77563
0
0
0
0
0
0
0
0
0
0
0
-0.777
-0.75999
-0.70569
-0.70569
-0.75559
-0.75487
-0.77808
-0.70942
-0.70942
-0.65409
-0.65409
-0.73342
0
8.6973
0
0
0
0
0
0
0
0
0
0
0
0
0
0
0
0
-0.777
-0.75999
-0.70569
-0.70569
-0.75559
-0.75487
-0.77808
-0.70942
-0.70942
-0.65409
-0.65409
-0.73342
0
0
8.6973
0
0
0
0
0
0
0
0
0
0
0
0
0
0
0
-0.75907
-0.75128
-0.70373
-0.70373
-0.75872
-0.74732
-0.77591
-0.71561
-0.71561
-0.66102
-0.66102
0
0
0
0
8.2211
0
0
0
0
0
0
-0.26811
0
0
0
0
0
0
0
-0.72863
-0.71992
-0.67549
-0.67549
-0.72762
-0.71838
-0.74136
-0.68449
-0.68449
0
0
0
0
0
0
0
6.6222
0
0
0
0
0
-0.26636
0
0
0
0
0
0
0
-1.1978
-1.2177
-1.2174
-1.2174
0
0
0
0
0
0
0
0
0
0
0
0
0
6.4239
0
0
0
0
0
0
0
0
-1.5737
0
0
0
-0.64191
0
0
0
0
-0.81857
0
0
0
0
0
0
-0.77563
0
0
0
0
0
15.639
0
0
0
0
0
0
-6.7014
0
-6.7014
0
0
-0.62328
-0.64846
-0.59851
-0.59851
-0.64825
0
0
0
0
0
0
0
0
0
0
0
0
0
0
3.117
0
0
0
0
0
0
0
0
0
0
-0.62328
-0.64846
-0.59851
-0.59851
-0.64825
0
0
0
0
0
0
0
0
0
0
0
0
0
0
0
3.117
0
0
0
0
0
0
0
0
0
-0.77505
-0.77456
-0.71061
-0.71061
0
0
0
0
0
0
0
0
0
0
0
0
0
0
0
0
0
2.9708
0
0
0
0
0
0
0
0
0
0
0
0
0
0
0
0
0
0
0
0
0
0
0
-0.26811
-0.26636
0
0
0
0
0
0.63897
-0.1045
0
0
0
0
0
0
0
0
0
0
0
0
0
0
0
0
0
0
0
0
0
0
0
0
0
0
0
0
-0.1045
0.1045
0
0
0
0
0
0
-10.8156
0
0
0
0
0
0
0
0
0
0
0
0
0
0
0
0
0
0
0
0
0
0
0
10.8156
0
0
0
0
0
0
0
0
0
0
0
0
0
0
0
0
0
0
0
0
0
0
0
-6.7014
0
0
0
0
0
0
6.7014
0
0
0
0
0
0
0
0
0
0
0
0
0
0
0
0
0
0
0
0
0
-1.5737
0
0
0
0
0
0
0
0
1.5737
0
0
0
0
0
0
0
0
0
0
0
0
0
0
0
0
0
0
0
0
0
-6.7014
0
0
0
0
0
0
0
0
6.7014
0
0
0
0
0
0
0
0
-9.7127
0
0
0
0
0
0
0
0
0
0
0
0
0
0
0
0
0
0
0
0
0
9.7127
0
0
-10.8108
0
0
0
0
0
0
0
0
0
0
0
0
0
0
0
0
0
0
0
0
0
0
0
0
0
0
0
10.8108
