22.7746
-0.77662
-0.77662
-0.77662
-0.71494
-0.74143
-0.75398
-0.77517
-0.71693
-0.71693
-0.71693
-0.7273
-0.7273
-0.7273
-0.7273
-0.75469
-0.75469
-0.73212
-0.65715
-0.72021
0
0
0
0
0
0
0
0
-8.7804
0
-0.77662
22.7746
-0.77662
-0.77662
-0.71494
-0.74143
-0.75398
-0.77517
-0.71693
-0.71693
-0.71693
-0.7273
-0.7273
-0.7273
-0.7273
-0.75469
-0.75469
-0.73212
-0.65715
-0.72021
0
0
0
0
-8.7804
0
0
0
0
0
-0.77662
-0.77662
22.7746
-0.77662
-0.71494
-0.74143
-0.75398
-0.77517
-0.71693
-0.71693
-0.71693
-0.7273
-0.7273
-0.7273
-0.7273
-0.75469
-0.75469
-0.73212
-0.65715
-0.72021
0
0
0
0
0
-8.7804
0
0
0
0
-0.77662
-0.77662
-0.77662
22.7746
-0.71494
-0.74143
-0.75398
-0.77517
-0.71693
-0.71693
-0.71693
-0.7273
-0.7273
-0.7273
-0.7273
-0.75469
-0.75469
-0.73212
-0.65715
-0.72021
0
0
0
0
0
0
0
0
0
-8.7804
-0.71494
-0.71494
-0.71494
-0.71494
13.0764
-0.68956
-0.70174
-0.71964
-0.66899
-0.66899
-0.66899
-0.67745
-0.67745
-0.67745
-0.67745
-0.70526
-0.70526
-0.68028
-0.62921
-0.66888
0
0
0
0
0
0
0
0
0
0
-0.74143
-0.74143
-0.74143
-0.74143
-0.68956
12.544
-0.74048
-0.74998
-0.69527
-0.69527
-0.69527
-0.70485
-0.70485
-0.70485
-0.70485
-0.73499
-0.73499
-0.71199
0
0
-0.31104
0
0
0
0
0
0
0
0
0
-0.75398
-0.75398
-0.75398
-0.75398
-0.70174
-0.74048
12.0413
-0.77298
-0.70703
-0.70703
-0.70703
-0.71851
-0.71851
-0.71851
-0.71851
-0.74986
-0.74986
0
0
0
-0.3154
0
0
0
0
0
0
0
0
0
-0.77517
-0.77517
-0.77517
-0.77517
-0.71964
-0.74998
-0.77298
19.4425
-0.72537
-0.72537
-0.72537
-0.73762
-0.73762
-0.73762
-0.73762
-0.76983
-0.76983
0
0
0
0
0
-7.433
0
0
0
0
0
0
0
-0.71693
-0.71693
-0.71693
-0.71693
-0.66899
-0.69527
-0.70703
-0.72537
11.0949
-0.65743
-0.65743
-0.67572
-0.67572
-0.67572
-0.67572
-0.70638
-0.70638
0
0
0
0
0
0
0
0
0
0
0
0
0
-0.71693
-0.71693
-0.71693
-0.71693
-0.66899
-0.69527
-0.70703
-0.72537
-0.65743
11.0949
-0.65743
-0.67572
-0.67572
-0.67572
-0.67572
-0.70638
-0.70638
0
0
0
0
0
0
0
0
0
0
0
0
0
-0.71693
-0.71693
-0.71693
-0.71693
-0.66899
-0.69527
-0.70703
-0.72537
-0.65743
-0.65743
11.0949
-0.67572
-0.67572
-0.67572
-0.67572
-0.70638
-0.70638
0
0
0
0
0
0
0
0
0
0
0
0
0
-0.7273
-0.7273
-0.7273
-0.7273
-0.67745
-0.70485
-0.71851
-0.73762
-0.67572
-0.67572
-0.67572
9.8393
-0.68818
-0.68818
-0.68818
0
0
0
0
0
0
0
0
0
0
0
0
0
0
0
-0.7273
-0.7273
-0.7273
-0.7273
-0.67745
-0.70485
-0.71851
-0.73762
-0.67572
-0.67572
-0.67572
-0.68818
9.8393
-0.68818
-0.68818
0
0
0
0
0
0
0
0
0
0
0
0
0
0
0
-0.7273
-0.7273
-0.7273
-0.7273
-0.67745
-0.70485
-0.71851
-0.73762
-0.67572
-0.67572
-0.67572
-0.68818
-0.68818
9.8393
-0.68818
0
0
0
0
0
0
0
0
0
0
0
0
0
0
0
-0.7273
-0.7273
-0.7273
-0.7273
-0.67745
-0.70485
-0.71851
-0.73762
-0.67572
-0.67572
-0.67572
-0.68818
-0.68818
-0.68818
9.8393
0
0
0
0
0
0
0
0
0
0
0
0
0
0
0
-0.75469
-0.75469
-0.75469
-0.75469
-0.70526
-0.73499
-0.74986
-0.76983
-0.70638
-0.70638
-0.70638
0
0
0
0
12.1064
0
0
0
0
0
0
0
0
0
0
-4.0086
0
0
0
-0.75469
-0.75469
-0.75469
-0.75469
-0.70526
-0.73499
-0.74986
-0.76983
-0.70638
-0.70638
-0.70638
0
0
0
0
0
12.1064
0
0
0
0
-4.0086
0
0
0
0
0
0
0
0
-0.73212
-0.73212
-0.73212
-0.73212
-0.68028
-0.71199
0
0
0
0
0
0
0
0
0
0
0
4.3208
0
0
0
0
0
0
0
0
0
0
0
0
-0.65715
-0.65715
-0.65715
-0.65715
-0.62921
0
0
0
0
0
0
0
0
0
0
0
0
0
3.3623
0
0
0
0
0
0
0
0
-0.1045
0
0
-0.72021
-0.72021
-0.72021
-0.72021
-0.66888
0
0
0
0
0
0
0
0
0
0
0
0
0
0
3.5497
0
0
0
0
0
0
0
0
0
0
0
0
0
0
0
-0.31104
-0.3154
0
0
0
0
0
0
0
0
0
0
0
0
0
0.83016
0
0
-0.20372
0
0
0
0
0
0
0
0
0
0
0
0
0
0
0
0
0
0
0
0
0
0
-4.0086
0
0
0
0
4.0086
0
0
0
0
0
0
0
0
0
0
0
0
0
0
0
-7.433
0
0
0
0
0
0
0
0
0
0
0
0
0
0
7.433
0
0
0
0
0
0
0
0
0
0
0
0
0
0
0
0
0
0
0
0
0
0
0
0
0
0
0
-0.20372
0
0
0.20372
0
0
0
0
0
0
0
-8.7804
0
0
0
0
0
0
0
0
0
0
0
0
0
0
0
0
0
0
0
0
0
0
8.7804
0
0
0
0
0
0
0
-8.7804
0
0
0
0
0
0
0
0
0
0
0
0
0
0
0
0
0
0
0
0
0
0
8.7804
0
0
0
0
0
0
0
0
0
0
0
0
0
0
0
0
0
0
0
-4.0086
0
0
0
0
0
0
0
0
0
0
4.0086
0
0
0
0
0
0
0
0
0
0
0
0
0
0
0
0
0
0
0
0
0
-0.1045
0
0
0
0
0
0
0
0
0.1045
0
0
-8.7804
0
0
0
0
0
0
0
0
0
0
0
0
0
0
0
0
0
0
0
0
0
0
0
0
0
0
0
8.7804
0
0
0
0
-8.7804
0
0
0
0
0
0
0
0
0
0
0
0
0
0
0
0
0
0
0
0
0
0
0
0
0
8.7804
