29.5814
-0.98817
-0.92968
-0.92968
-0.92968
-0.9137
-0.98342
-0.98342
-0.98342
-0.98769
-0.98342
-0.883
-0.883
-0.883
-0.89105
-0.90672
-0.93772
-0.93772
-0.92353
-0.91197
-0.94546
-0.9147
-0.81769
-0.80091
0
0
0
0
0
-8.3327
-0.98817
29.5814
-0.92968
-0.92968
-0.92968
-0.9137
-0.98342
-0.98342
-0.98342
-0.98769
-0.98342
-0.883
-0.883
-0.883
-0.89105
-0.90672
-0.93772
-0.93772
-0.92353
-0.91197
-0.94546
-0.9147
-0.81769
-0.80091
0
-8.3327
0
0
0
0
-0.92968
-0.92968
20.0321
-0.87185
-0.87185
-0.85765
-0.91879
-0.91879
-0.91879
-0.92642
-0.91879
-0.82914
-0.82914
-0.82914
-0.83592
-0.84993
-0.87758
-0.87758
-0.86493
-0.8623
-0.8836
-0.88231
-0.76859
-0.77966
0
0
0
0
0
0
-0.92968
-0.92968
-0.87185
20.0321
-0.87185
-0.85765
-0.91879
-0.91879
-0.91879
-0.92642
-0.91879
-0.82914
-0.82914
-0.82914
-0.83592
-0.84993
-0.87758
-0.87758
-0.86493
-0.8623
-0.8836
-0.88231
-0.76859
-0.77966
0
0
0
0
0
0
-0.92968
-0.92968
-0.87185
-0.87185
20.0321
-0.85765
-0.91879
-0.91879
-0.91879
-0.92642
-0.91879
-0.82914
-0.82914
-0.82914
-0.83592
-0.84993
-0.87758
-0.87758
-0.86493
-0.8623
-0.8836
-0.88231
-0.76859
-0.77966
0
0
0
0
0
0
-0.9137
-0.9137
-0.85765
-0.85765
-0.85765
18.8966
-0.89967
-0.89967
-0.89967
-0.90651
-0.89967
-0.81255
-0.81255
-0.81255
-0.81896
-0.83248
-0.85913
-0.85913
-0.84694
-0.8472
-0.86448
-0.87056
-0.75451
0
0
0
0
0
0
0
-0.98342
-0.98342
-0.91879
-0.91879
-0.91879
-0.89967
18.5626
-0.96774
-0.96774
-1.019
-0.96774
-0.87251
-0.87251
-0.87251
-0.88156
-0.89693
-0.92734
-0.92734
-0.91343
-0.91785
-0.9355
0
0
0
0
0
0
0
0
0
-0.98342
-0.98342
-0.91879
-0.91879
-0.91879
-0.89967
-0.96774
18.5626
-0.96774
-1.019
-0.96774
-0.87251
-0.87251
-0.87251
-0.88156
-0.89693
-0.92734
-0.92734
-0.91343
-0.91785
-0.9355
0
0
0
0
0
0
0
0
0
-0.98342
-0.98342
-0.91879
-0.91879
-0.91879
-0.89967
-0.96774
-0.96774
18.5626
-1.019
-0.96774
-0.87251
-0.87251
-0.87251
-0.88156
-0.89693
-0.92734
-0.92734
-0.91343
-0.91785
-0.9355
0
0
0
0
0
0
0
0
0
-0.98769
-0.98769
-0.92642
-0.92642
-0.92642
-0.90651
-1.019
-1.019
-1.019
25.2503
-1.019
-0.8772
-0.8772
-0.8772
-0.8864
-0.90192
-0.93263
-0.93263
-0.91858
-0.91135
0
0
0
0
0
0
0
0
-7.398
0
-0.98342
-0.98342
-0.91879
-0.91879
-0.91879
-0.89967
-0.96774
-0.96774
-0.96774
-1.019
18.5626
-0.87251
-0.87251
-0.87251
-0.88156
-0.89693
-0.92734
-0.92734
-0.91343
-0.91785
-0.9355
0
0
0
0
0
0
0
0
0
-0.883
-0.883
-0.82914
-0.82914
-0.82914
-0.81255
-0.87251
-0.87251
-0.87251
-0.8772
-0.87251
15.8328
-0.77594
-0.77594
-0.78463
-0.79718
-0.82189
-0.82189
-0.8106
-0.81155
0
0
0
0
0
0
0
0
0
0
-0.883
-0.883
-0.82914
-0.82914
-0.82914
-0.81255
-0.87251
-0.87251
-0.87251
-0.8772
-0.87251
-0.77594
15.8328
-0.77594
-0.78463
-0.79718
-0.82189
-0.82189
-0.8106
-0.81155
0
0
0
0
0
0
0
0
0
0
-0.883
-0.883
-0.82914
-0.82914
-0.82914
-0.81255
-0.87251
-0.87251
-0.87251
-0.8772
-0.87251
-0.77594
-0.77594
15.8328
-0.78463
-0.79718
-0.82189
-0.82189
-0.8106
-0.81155
0
0
0
0
0
0
0
0
0
0
-0.89105
-0.89105
-0.83592
-0.83592
-0.83592
-0.81896
-0.88156
-0.88156
-0.88156
-0.8864
-0.88156
-0.78463
-0.78463
-0.78463
15.1446
-0.80145
-0.82639
-0.82639
-0.81499
0
0
0
0
0
0
0
0
0
0
0
-0.90672
-0.90672
-0.84993
-0.84993
-0.84993
-0.83248
-0.89693
-0.89693
-0.89693
-0.90192
-0.89693
-0.79718
-0.79718
-0.79718
-0.80145
14.5676
-0.8446
-0.8446
0
0
0
0
0
0
0
0
0
0
0
0
-0.93772
-0.93772
-0.87758
-0.87758
-0.87758
-0.85913
-0.92734
-0.92734
-0.92734
-0.93263
-0.92734
-0.82189
-0.82189
-0.82189
-0.82639
-0.8446
14.146
0
0
0
0
0
0
0
0
0
0
0
0
0
-0.93772
-0.93772
-0.87758
-0.87758
-0.87758
-0.85913
-0.92734
-0.92734
-0.92734
-0.93263
-0.92734
-0.82189
-0.82189
-0.82189
-0.82639
-0.8446
0
14.146
0
0
0
0
0
0
0
0
0
0
0
0
-0.92353
-0.92353
-0.86493
-0.86493
-0.86493
-0.84694
-0.91343
-0.91343
-0.91343
-0.91858
-0.91343
-0.8106
-0.8106
-0.8106
-0.81499
0
0
0
13.1079
0
0
0
0
0
0
0
0
0
0
0
-0.91197
-0.91197
-0.8623
-0.8623
-0.8623
-0.8472
-0.91785
-0.91785
-0.91785
-0.91135
-0.91785
-0.81155
-0.81155
-0.81155
0
0
0
0
0
18.0845
0
0
0
0
0
0
0
-5.8091
0
0
-0.94546
-0.94546
-0.8836
-0.8836
-0.8836
-0.86448
-0.9355
-0.9355
-0.9355
0
-0.9355
0
0
0
0
0
0
0
0
0
9.1482
0
0
0
0
0
0
0
0
0
-0.9147
-0.9147
-0.88231
-0.88231
-0.88231
-0.87056
0
0
0
0
0
0
0
0
0
0
0
0
0
0
0
5.5646
0
0
-0.21775
0
0
0
0
0
-0.81769
-0.81769
-0.76859
-0.76859
-0.76859
-0.75451
0
0
0
0
0
0
0
0
0
0
0
0
0
0
0
0
4.6956
0
0
0
0
0
0
0
-0.80091
-0.80091
-0.77966
-0.77966
-0.77966
0
0
0
0
0
0
0
0
0
0
0
0
0
0
0
0
0
0
4.0453
0
0
-0.1045
0
0
0
0
0
0
0
0
0
0
0
0
0
0
0
0
0
0
0
0
0
0
0
0
-0.21775
0
0
0.21775
0
0
0
0
0
0
-8.3327
0
0
0
0
0
0
0
0
0
0
0
0
0
0
0
0
0
0
0
0
0
0
0
8.3327
0
0
0
0
0
0
0
0
0
0
0
0
0
0
0
0
0
0
0
0
0
0
0
0
0
0
0
-0.1045
0
0
0.1045
0
0
0
0
0
0
0
0
0
0
0
0
0
0
0
0
0
0
0
0
0
0
-5.8091
0
0
0
0
0
0
0
5.8091
0
0
0
0
0
0
0
0
0
0
0
-7.398
0
0
0
0
0
0
0
0
0
0
0
0
0
0
0
0
0
0
7.398
0
-8.3327
0
0
0
0
0
0
0
0
0
0
0
0
0
0
0
0
0
0
0
0
0
0
0
0
0
0
0
0
8.3327
