9.5112
-0.63528
-0.63339
-0.63081
-0.63006
-0.6399
-0.63671
-0.64407
-0.691
-0.691
-0.63898
-0.62912
-0.61982
-0.58917
-0.63058
0
-0.57136
0
0
0
0
0
0
0
0
0
0
0
0
0
-0.63528
9.6007
-0.63256
-0.63085
-0.63091
-0.63972
-0.6366
-0.64405
-0.69061
-0.69061
-0.64084
-0.62903
-0.61971
-0.59325
-0.63056
-0.65609
0
0
0
0
0
0
0
0
0
0
0
0
0
0
-0.63339
-0.63256
8.8902
-0.6283
-0.62734
-0.6376
-0.63579
-0.64131
-0.68699
-0.68699
-0.63589
-0.62748
-0.61719
0
-0.62746
0
-0.57195
0
0
0
0
0
0
0
0
0
0
0
0
0
-0.63081
-0.63085
-0.6283
8.2918
-0.62616
-0.63533
-0.63441
-0.63888
-0.68332
-0.68332
-0.63474
-0.62597
-0.61492
0
-0.62484
0
0
0
0
0
0
0
0
0
0
0
0
0
0
0
-0.63006
-0.63091
-0.62734
-0.62616
8.1955
-0.63349
-0.63183
-0.63753
-0.67883
-0.67883
0
-0.62319
-0.61592
0
-0.62463
0
0
-0.55681
0
0
0
0
0
0
0
0
0
0
0
0
-0.6399
-0.63972
-0.6376
-0.63533
-0.63349
11.6655
-0.64772
-0.64945
-0.70464
-0.70464
0
0
-0.62714
0
0
0
0
0
0
0
0
0
0
0
0
0
0
-5.1459
0
0
-0.63671
-0.6366
-0.63579
-0.63441
-0.63183
-0.64772
14.788
-0.64431
0
0
0
0
0
0
0
0
0
0
0
0
0
0
0
0
0
-5.1603
0
0
-5.1603
0
-0.64407
-0.64405
-0.64131
-0.63888
-0.63753
-0.64945
-0.64431
4.4996
0
0
0
0
0
0
0
0
0
0
0
0
0
0
0
0
0
0
0
0
0
0
-0.691
-0.69061
-0.68699
-0.68332
-0.67883
-0.70464
0
0
7.3387
0
0
0
0
0
0
0
0
0
0
0
-3.2033
0
0
0
0
0
0
0
0
0
-0.691
-0.69061
-0.68699
-0.68332
-0.67883
-0.70464
0
0
0
7.3387
0
0
0
0
0
0
0
0
0
-3.2033
0
0
0
0
0
0
0
0
0
0
-0.63898
-0.64084
-0.63589
-0.63474
0
0
0
0
0
0
4.8582
0
0
0
0
0
0
0
-0.91596
0
0
0
0
0
0
0
0
0
0
-1.3918
-0.62912
-0.62903
-0.62748
-0.62597
-0.62319
0
0
0
0
0
0
4.8953
0
0
0
0
0
0
0
0
0
0
-1.7605
0
0
0
0
0
0
0
-0.61982
-0.61971
-0.61719
-0.61492
-0.61592
-0.62714
0
0
0
0
0
0
3.7147
0
0
0
0
0
0
0
0
0
0
0
0
0
0
0
0
0
-0.58917
-0.59325
0
0
0
0
0
0
0
0
0
0
0
12.3307
0
-0.66159
0
0
-1.2967
0
0
-4.595
0
0
0
0
-4.595
0
0
0
-0.63058
-0.63056
-0.62746
-0.62484
-0.62463
0
0
0
0
0
0
0
0
0
3.1381
0
0
0
0
0
0
0
0
0
0
0
0
0
0
0
0
-0.65609
0
0
0
0
0
0
0
0
0
0
0
-0.66159
0
1.9356
0
-0.61792
0
0
0
0
0
0
0
0
0
0
0
0
-0.57136
0
-0.57195
0
0
0
0
0
0
0
0
0
0
0
0
0
1.6956
0
0
0
0
0
0
0
-0.55225
0
0
0
0
0
0
0
0
0
-0.55681
0
0
0
0
0
0
0
0
0
0
-0.61792
0
1.7532
0
0
0
0
0
-0.57844
0
0
0
0
0
0
0
0
0
0
0
0
0
0
0
0
-0.91596
0
0
-1.2967
0
0
0
0
2.2127
0
0
0
0
0
0
0
0
0
0
0
0
0
0
0
0
0
0
0
0
-3.2033
0
0
0
0
0
0
0
0
0
3.2033
0
0
0
0
0
0
0
0
0
0
0
0
0
0
0
0
0
0
-3.2033
0
0
0
0
0
0
0
0
0
0
0
3.2033
0
0
0
0
0
0
0
0
0
0
0
0
0
0
0
0
0
0
0
0
0
0
-4.595
0
0
0
0
0
0
0
4.595
0
0
0
0
0
0
0
0
0
0
0
0
0
0
0
0
0
0
0
-1.7605
0
0
0
0
0
0
0
0
0
0
1.7605
0
0
0
0
0
0
0
0
0
0
0
0
0
0
0
0
0
0
0
0
0
0
0
0
-0.57844
0
0
0
0
0
0.57844
0
0
0
0
0
0
0
0
0
0
0
0
0
0
0
0
0
0
0
0
0
0
-0.55225
0
0
0
0
0
0
0
0.55225
0
0
0
0
0
0
0
0
0
0
0
-5.1603
0
0
0
0
0
0
0
0
0
0
0
0
0
0
0
0
0
0
5.1603
0
0
0
0
0
0
0
0
0
0
0
0
0
0
0
0
0
-4.595
0
0
0
0
0
0
0
0
0
0
0
0
4.595
0
0
0
0
0
0
0
0
-5.1459
0
0
0
0
0
0
0
0
0
0
0
0
0
0
0
0
0
0
0
0
0
5.1459
0
0
0
0
0
0
0
0
-5.1603
0
0
0
0
0
0
0
0
0
0
0
0
0
0
0
0
0
0
0
0
0
5.1603
0
0
0
0
0
0
0
0
0
0
0
-1.3918
0
0
0
0
0
0
0
0
0
0
0
0
0
0
0
0
0
0
1.3918
