19.1573
-0.57026
-0.5384
-0.56183
-0.56096
-0.58363
-0.53815
-0.53815
-0.53815
-0.53815
-0.50397
-0.5229
-0.5229
-0.54394
-0.5229
-0.32896
-0.55663
-0.4328
0
0
0
-10.2546
0
0
0
0
0
0
0
0
-0.57026
19.1573
-0.5384
-0.56183
-0.56096
-0.58363
-0.53815
-0.53815
-0.53815
-0.53815
-0.50397
-0.5229
-0.5229
-0.54394
-0.5229
-0.32896
-0.55663
-0.4328
0
0
0
0
0
0
0
0
0
0
-10.2546
0
-0.5384
-0.5384
8.4497
-0.52994
-0.52849
-0.54765
-0.50505
-0.50505
-0.50505
-0.50505
-0.47352
-0.491
-0.491
-0.51038
-0.49099
-0.32829
-0.54933
-0.41209
0
0
0
0
0
0
0
0
0
0
0
0
-0.56183
-0.56183
-0.52994
17.1659
-0.56646
-0.57358
-0.53274
-0.53274
-0.53274
-0.53274
-0.499
-0.51769
-0.51769
-0.53845
-0.51768
0
0
0
0
-0.28088
0
0
0
0
0
0
0
-9.3699
0
0
-0.56096
-0.56096
-0.52849
-0.56646
17.0858
-0.57135
-0.52982
-0.52982
-0.52982
-0.52982
-0.49632
-0.51488
-0.51488
-0.53549
-0.51488
0
0
0
-0.15041
0
0
0
0
0
0
-9.4515
0
0
0
0
-0.58363
-0.58363
-0.54765
-0.57358
-0.57135
16.8131
-0.55733
-0.55733
-0.55733
-0.55733
-0.52157
-0.54137
-0.54137
-0.56339
-0.54136
0
0
0
0
0
0
0
0
0
-9.0149
0
0
0
0
0
-0.53815
-0.53815
-0.50505
-0.53274
-0.52982
-0.55733
7.1175
-0.49793
-0.49793
-0.49793
-0.46695
-0.48412
-0.48412
-0.50316
-0.48412
0
0
0
0
0
0
0
0
0
0
0
0
0
0
0
-0.53815
-0.53815
-0.50505
-0.53274
-0.52982
-0.55733
-0.49793
7.1175
-0.49793
-0.49793
-0.46695
-0.48412
-0.48412
-0.50316
-0.48412
0
0
0
0
0
0
0
0
0
0
0
0
0
0
0
-0.53815
-0.53815
-0.50505
-0.53274
-0.52982
-0.55733
-0.49793
-0.49793
7.1175
-0.49793
-0.46695
-0.48412
-0.48412
-0.50316
-0.48412
0
0
0
0
0
0
0
0
0
0
0
0
0
0
0
-0.53815
-0.53815
-0.50505
-0.53274
-0.52982
-0.55733
-0.49793
-0.49793
-0.49793
7.1175
-0.46695
-0.48412
-0.48412
-0.50316
-0.48412
0
0
0
0
0
0
0
0
0
0
0
0
0
0
0
-0.50397
-0.50397
-0.47352
-0.499
-0.49632
-0.52157
-0.46695
-0.46695
-0.46695
-0.46695
6.1955
-0.43752
-0.43752
-0.45429
0
0
0
0
0
0
0
0
0
0
0
0
0
0
0
0
-0.5229
-0.5229
-0.491
-0.51769
-0.51488
-0.54137
-0.48412
-0.48412
-0.48412
-0.48412
-0.43752
5.9372
-0.45243
0
0
0
0
0
0
0
0
0
0
0
0
0
0
0
0
0
-0.5229
-0.5229
-0.491
-0.51769
-0.51488
-0.54137
-0.48412
-0.48412
-0.48412
-0.48412
-0.43752
-0.45243
5.9372
0
0
0
0
0
0
0
0
0
0
0
0
0
0
0
0
0
-0.54394
-0.54394
-0.51038
-0.53845
-0.53549
-0.56339
-0.50316
-0.50316
-0.50316
-0.50316
-0.45429
0
0
5.7025
0
0
0
0
0
0
0
0
0
0
0
0
0
0
0
0
-0.5229
-0.5229
-0.49099
-0.51768
-0.51488
-0.54136
-0.48412
-0.48412
-0.48412
-0.48412
0
0
0
0
5.0472
0
0
0
0
0
0
0
0
0
0
0
0
0
0
0
-0.32896
-0.32896
-0.32829
0
0
0
0
0
0
0
0
0
0
0
0
17.558
0
0
0
0
-8.2859
0
0
0
0
0
-8.2859
0
0
0
-0.55663
-0.55663
-0.54933
0
0
0
0
0
0
0
0
0
0
0
0
0
2.482
0
0
-0.4846
0
0
0
0
0
0
0
0
0
-0.33485
-0.4328
-0.4328
-0.41209
0
0
0
0
0
0
0
0
0
0
0
0
0
0
1.5203
-0.24263
0
0
0
0
0
0
0
0
0
0
0
0
0
0
0
-0.15041
0
0
0
0
0
0
0
0
0
0
0
0
-0.24263
0.49754
0
0
0
-0.1045
0
0
0
0
0
0
0
0
0
0
-0.28088
0
0
0
0
0
0
0
0
0
0
0
0
-0.4846
0
0
1.1162
0
0
0
-0.35072
0
0
0
0
0
0
0
0
0
0
0
0
0
0
0
0
0
0
0
0
0
-8.2859
0
0
0
0
8.2859
0
0
0
0
0
0
0
0
0
-10.2546
0
0
0
0
0
0
0
0
0
0
0
0
0
0
0
0
0
0
0
0
10.2546
0
0
0
0
0
0
0
0
0
0
0
0
0
0
0
0
0
0
0
0
0
0
0
0
0
0
-0.1045
0
0
0
0.1045
0
0
0
0
0
0
0
0
0
0
0
0
0
0
0
0
0
0
0
0
0
0
0
0
0
0
-0.35072
0
0
0
0.35072
0
0
0
0
0
0
0
0
0
0
0
-9.0149
0
0
0
0
0
0
0
0
0
0
0
0
0
0
0
0
0
0
9.0149
0
0
0
0
0
0
0
0
0
-9.4515
0
0
0
0
0
0
0
0
0
0
0
0
0
0
0
0
0
0
0
0
9.4515
0
0
0
0
0
0
0
0
0
0
0
0
0
0
0
0
0
0
0
-8.2859
0
0
0
0
0
0
0
0
0
0
8.2859
0
0
0
0
0
0
-9.3699
0
0
0
0
0
0
0
0
0
0
0
0
0
0
0
0
0
0
0
0
0
0
0
9.3699
0
0
0
-10.2546
0
0
0
0
0
0
0
0
0
0
0
0
0
0
0
0
0
0
0
0
0
0
0
0
0
0
10.2546
0
0
0
0
0
0
0
0
0
0
0
0
0
0
0
0
0
-0.33485
0
0
0
0
0
0
0
0
0
0
0
0
0.33485
