22.1419
-1.0759
-1.0758
-1.0621
-0.87689
-0.90335
-0.87689
-0.87689
-0.87689
-0.8439
-0.93661
-0.93661
-0.93661
-0.93661
-0.86523
-0.86523
-0.9141
-0.96241
-0.94237
-0.85123
0
0
0
0
0
0
0
-4.5263
0
0
-1.0759
20.3735
-1.0793
-1.0759
-0.87368
-0.90892
-0.87368
-0.87368
-0.87368
-0.85279
-0.92955
-0.92955
-0.92955
-0.92955
-0.8588
-0.8588
-0.90724
-0.99161
-0.93526
-0.843
0
-2.773
0
0
0
0
0
0
0
0
-1.0758
-1.0793
20.9645
-1.0758
-0.87487
-0.91339
-0.87487
-0.87487
-0.87487
-0.8547
-0.93192
-0.93192
-0.93192
-0.93192
-0.86095
-0.86095
-0.90954
-1.0105
-0.93764
-0.84512
0
0
-3.3137
0
0
0
0
0
0
0
-1.0621
-1.0759
-1.0758
22.1419
-0.87689
-0.90335
-0.87689
-0.87689
-0.87689
-0.8439
-0.93661
-0.93661
-0.93661
-0.93661
-0.86523
-0.86523
-0.9141
-0.96241
-0.94237
-0.85123
0
0
0
0
0
0
0
0
-4.5263
0
-0.87689
-0.87368
-0.87487
-0.87689
14.5247
-0.75148
-0.70451
-0.70451
-0.70451
-0.69696
-0.75942
-0.75942
-0.75942
-0.75942
-0.70299
-0.70299
-0.74169
-0.82167
-0.76395
-0.68944
0
0
0
0
0
0
0
0
0
0
-0.90335
-0.90892
-0.91339
-0.90335
-0.75148
17.7322
-0.75148
-0.75148
-0.75148
-0.68093
-0.75148
-0.75148
-0.75148
-0.75148
-0.69568
-0.69568
-0.73395
0
-0.75596
-0.6816
0
0
0
0
0
-3.8475
0
0
0
0
-0.87689
-0.87368
-0.87487
-0.87689
-0.70451
-0.75148
14.5247
-0.70451
-0.70451
-0.69696
-0.75942
-0.75942
-0.75942
-0.75942
-0.70299
-0.70299
-0.74169
-0.82167
-0.76395
-0.68944
0
0
0
0
0
0
0
0
0
0
-0.87689
-0.87368
-0.87487
-0.87689
-0.70451
-0.75148
-0.70451
14.5247
-0.70451
-0.69696
-0.75942
-0.75942
-0.75942
-0.75942
-0.70299
-0.70299
-0.74169
-0.82167
-0.76395
-0.68944
0
0
0
0
0
0
0
0
0
0
-0.87689
-0.87368
-0.87487
-0.87689
-0.70451
-0.75148
-0.70451
-0.70451
14.5247
-0.69696
-0.75942
-0.75942
-0.75942
-0.75942
-0.70299
-0.70299
-0.74169
-0.82167
-0.76395
-0.68944
0
0
0
0
0
0
0
0
0
0
-0.8439
-0.85279
-0.8547
-0.8439
-0.69696
-0.68093
-0.69696
-0.69696
-0.69696
16.3307
-0.72883
-0.72883
-0.72883
-0.72883
-0.67481
-0.67481
-0.71187
0
-0.73316
0
0
0
0
0
0
0
0
0
0
-3.7567
-0.93661
-0.92955
-0.93192
-0.93661
-0.75942
-0.75148
-0.75942
-0.75942
-0.75942
-0.72883
13.0282
-0.81957
-0.81957
-0.81957
-0.75825
-0.75825
-0.80028
0
0
0
0
0
0
0
0
0
0
0
0
0
-0.93661
-0.92955
-0.93192
-0.93661
-0.75942
-0.75148
-0.75942
-0.75942
-0.75942
-0.72883
-0.81957
13.0282
-0.81957
-0.81957
-0.75825
-0.75825
-0.80028
0
0
0
0
0
0
0
0
0
0
0
0
0
-0.93661
-0.92955
-0.93192
-0.93661
-0.75942
-0.75148
-0.75942
-0.75942
-0.75942
-0.72883
-0.81957
-0.81957
13.0282
-0.81957
-0.75825
-0.75825
-0.80028
0
0
0
0
0
0
0
0
0
0
0
0
0
-0.93661
-0.92955
-0.93192
-0.93661
-0.75942
-0.75148
-0.75942
-0.75942
-0.75942
-0.72883
-0.81957
-0.81957
-0.81957
13.0282
-0.75825
-0.75825
-0.80028
0
0
0
0
0
0
0
0
0
0
0
0
0
-0.86523
-0.8588
-0.86095
-0.86523
-0.70299
-0.69568
-0.70299
-0.70299
-0.70299
-0.67481
-0.75825
-0.75825
-0.75825
-0.75825
11.2819
-0.61622
0
0
0
0
0
0
0
0
0
0
0
0
0
0
-0.86523
-0.8588
-0.86095
-0.86523
-0.70299
-0.69568
-0.70299
-0.70299
-0.70299
-0.67481
-0.75825
-0.75825
-0.75825
-0.75825
-0.61622
11.2819
0
0
0
0
0
0
0
0
0
0
0
0
0
0
-0.9141
-0.90724
-0.90954
-0.9141
-0.74169
-0.73395
-0.74169
-0.74169
-0.74169
-0.71187
-0.80028
-0.80028
-0.80028
-0.80028
0
0
11.2587
0
0
0
0
0
0
0
0
0
0
0
0
0
-0.96241
-0.99161
-1.0105
-0.96241
-0.82167
0
-0.82167
-0.82167
-0.82167
0
0
0
0
0
0
0
0
9.966
0
0
0
-2.5979
0
0
0
0
-0.15449
0
0
0
-0.94237
-0.93526
-0.93764
-0.94237
-0.76395
-0.75596
-0.76395
-0.76395
-0.76395
-0.73316
0
0
0
0
0
0
0
0
8.3026
0
0
0
0
0
0
0
0
0
0
0
-0.85123
-0.843
-0.84512
-0.85123
-0.68944
-0.6816
-0.68944
-0.68944
-0.68944
0
0
0
0
0
0
0
0
0
0
6.8299
0
0
0
0
0
0
0
0
0
0
0
0
0
0
0
0
0
0
0
0
0
0
0
0
0
0
0
0
0
0
13.0389
0
-2.4174
-6.1288
-4.4927
0
0
0
0
0
0
-2.773
0
0
0
0
0
0
0
0
0
0
0
0
0
0
0
-2.5979
0
0
0
7.7488
0
0
-2.3779
0
0
0
0
0
0
0
-3.3137
0
0
0
0
0
0
0
0
0
0
0
0
0
0
0
0
0
-2.4174
0
5.7311
0
0
0
0
0
0
0
0
0
0
0
0
0
0
0
0
0
0
0
0
0
0
0
0
0
0
0
-6.1288
0
0
7.5554
0
-1.4265
0
0
0
0
0
0
0
0
0
0
0
0
0
0
0
0
0
0
0
0
0
0
0
0
-4.4927
-2.3779
0
0
6.8706
0
0
0
0
0
0
0
0
0
0
-3.8475
0
0
0
0
0
0
0
0
0
0
0
0
0
0
0
0
0
-1.4265
0
5.274
0
0
0
0
0
0
0
0
0
0
0
0
0
0
0
0
0
0
0
0
0
-0.15449
0
0
0
0
0
0
0
0
0.15449
0
0
0
-4.5263
0
0
0
0
0
0
0
0
0
0
0
0
0
0
0
0
0
0
0
0
0
0
0
0
0
0
4.5263
0
0
0
0
0
-4.5263
0
0
0
0
0
0
0
0
0
0
0
0
0
0
0
0
0
0
0
0
0
0
0
0
4.5263
0
0
0
0
0
0
0
0
0
0
-3.7567
0
0
0
0
0
0
0
0
0
0
0
0
0
0
0
0
0
0
0
3.7567
