18.2509
-0.69554
-0.68077
-0.65602
-0.64951
-0.64951
-0.65602
-0.65602
-0.58438
-0.58835
-0.57171
-0.57078
-0.53779
-0.57281
-0.57281
-0.59357
-0.67953
0
-0.23389
0
0
0
0
0
-8.102
0
0
0
0
0
-0.69554
12.9286
-0.70249
-0.67084
-0.68676
-0.68676
-0.67084
-0.67084
-0.60052
-0.60598
-0.58447
-0.58015
-0.54589
-0.58154
-0.58154
-0.61724
-0.68167
0
0
0
-2.7655
0
0
0
0
0
0
0
0
0
-0.68077
-0.70249
10.1938
-0.66147
-0.66911
-0.66911
-0.66147
-0.66147
-0.58996
-0.59362
-0.57568
-0.57207
-0.53868
-0.57377
-0.57377
-0.60342
-0.67801
-0.18886
0
0
0
0
0
0
0
0
0
0
0
0
-0.65602
-0.67084
-0.66147
9.5389
-0.66274
-0.66274
-0.60414
-0.60414
-0.55555
-0.56407
-0.54698
-0.53648
-0.50913
-0.54194
-0.54194
-0.57919
-0.64159
0
0
0
0
0
0
0
0
0
0
0
0
0
-0.64951
-0.68676
-0.66911
-0.66274
26.9252
-0.63733
-0.66274
-0.66274
-0.55944
-0.55388
-0.54284
-0.55336
-0.51127
-0.54424
-0.54424
0
0
0
0
0
0
0
-9.2425
0
0
-9.2425
0
0
0
0
-0.64951
-0.68676
-0.66911
-0.66274
-0.63733
26.9252
-0.66274
-0.66274
-0.55944
-0.55388
-0.54284
-0.55336
-0.51127
-0.54424
-0.54424
0
0
0
0
0
0
0
0
0
0
0
0
-9.2425
0
-9.2425
-0.65602
-0.67084
-0.66147
-0.60414
-0.66274
-0.66274
9.5389
-0.60414
-0.55555
-0.56407
-0.54698
-0.53648
-0.50913
-0.54194
-0.54194
-0.57919
-0.64159
0
0
0
0
0
0
0
0
0
0
0
0
0
-0.65602
-0.67084
-0.66147
-0.60414
-0.66274
-0.66274
-0.60414
9.5389
-0.55555
-0.56407
-0.54698
-0.53648
-0.50913
-0.54194
-0.54194
-0.57919
-0.64159
0
0
0
0
0
0
0
0
0
0
0
0
0
-0.58438
-0.60052
-0.58996
-0.55555
-0.55944
-0.55944
-0.55555
-0.55555
9.8495
-0.48967
-0.47303
-0.47901
-0.44149
-0.46938
-0.46938
0
0
0
0
-2.4671
0
0
0
0
0
0
0
0
0
0
-0.58835
-0.60598
-0.59362
-0.56407
-0.55388
-0.55388
-0.56407
-0.56407
-0.48967
13.8077
-0.47831
-0.4854
-0.4484
-0.47677
-0.47677
0
0
0
0
0
0
0
0
-6.3644
0
0
0
0
0
0
-0.57171
-0.58447
-0.57568
-0.54698
-0.54284
-0.54284
-0.54698
-0.54698
-0.47303
-0.47831
7.4455
-0.47185
-0.43513
-0.46257
-0.46257
0
0
0
-0.20354
0
0
0
0
0
0
0
0
0
0
0
-0.57078
-0.58015
-0.57207
-0.53648
-0.55336
-0.55336
-0.53648
-0.53648
-0.47901
-0.4854
-0.47185
7.7462
-0.44002
-0.4678
-0.4678
-0.49519
0
0
0
0
0
0
0
0
0
0
0
0
0
0
-0.53779
-0.54589
-0.53868
-0.50913
-0.51127
-0.51127
-0.50913
-0.50913
-0.44149
-0.4484
-0.43513
-0.44002
6.8056
-0.43411
-0.43411
0
0
0
0
0
0
0
0
0
0
0
0
0
0
0
-0.57281
-0.58154
-0.57377
-0.54194
-0.54424
-0.54424
-0.54194
-0.54194
-0.46938
-0.47677
-0.46257
-0.4678
-0.43411
6.7531
0
0
0
0
0
0
0
0
0
0
0
0
0
0
0
0
-0.57281
-0.58154
-0.57377
-0.54194
-0.54424
-0.54424
-0.54194
-0.54194
-0.46938
-0.47677
-0.46257
-0.4678
-0.43411
0
6.7531
0
0
0
0
0
0
0
0
0
0
0
0
0
0
0
-0.59357
-0.61724
-0.60342
-0.57919
0
0
-0.57919
-0.57919
0
0
0
-0.49519
0
0
0
4.3341
0
0
0
0
0
0
0
0
0
0
0
0
-0.28717
0
-0.67953
-0.68167
-0.67801
-0.64159
0
0
-0.64159
-0.64159
0
0
0
0
0
0
0
0
3.964
0
0
0
0
0
0
0
0
0
0
0
0
0
0
0
-0.18886
0
0
0
0
0
0
0
0
0
0
0
0
0
0
8.6434
0
-2.8605
-2.8465
-2.7476
0
0
0
0
0
0
0
0
-0.23389
0
0
0
0
0
0
0
0
0
-0.20354
0
0
0
0
0
0
0
0.54193
0
0
0
0
0
0
0
-0.1045
0
0
0
0
0
0
0
0
0
0
0
-2.4671
0
0
0
0
0
0
0
0
-2.8605
0
5.3276
0
0
0
0
0
0
0
0
0
0
0
-2.7655
0
0
0
0
0
0
0
0
0
0
0
0
0
0
0
-2.8465
0
0
5.612
0
0
0
0
0
0
0
0
0
0
0
0
0
0
0
0
0
0
0
0
0
0
0
0
0
0
-2.7476
0
0
0
2.7476
0
0
0
0
0
0
0
0
0
0
0
0
-9.2425
0
0
0
0
0
0
0
0
0
0
0
0
0
0
0
0
0
9.2425
0
0
0
0
0
0
0
0
0
0
0
0
0
0
0
0
-6.3644
0
0
0
0
0
0
0
0
0
0
0
0
0
6.3644
0
0
0
0
0
0
-8.102
0
0
0
0
0
0
0
0
0
0
0
0
0
0
0
0
0
0
0
0
0
0
0
8.102
0
0
0
0
0
0
0
0
0
-9.2425
0
0
0
0
0
0
0
0
0
0
0
0
0
0
0
0
0
0
0
0
9.2425
0
0
0
0
0
0
0
0
0
0
0
0
0
0
0
0
0
0
0
0
0
0
-0.1045
0
0
0
0
0
0
0
0.1045
0
0
0
0
0
0
0
0
-9.2425
0
0
0
0
0
0
0
0
0
0
0
0
0
0
0
0
0
0
0
0
0
9.2425
0
0
0
0
0
0
0
0
0
0
0
0
0
0
0
0
0
-0.28717
0
0
0
0
0
0
0
0
0
0
0
0
0.28717
0
0
0
0
0
0
-9.2425
0
0
0
0
0
0
0
0
0
0
0
0
0
0
0
0
0
0
0
0
0
0
0
9.2425
