33.1259
-0.50521
-0.47032
-0.45617
-0.45733
-0.46003
-0.45499
-0.44301
-0.51652
-0.50681
-0.47105
-0.44403
-0.51541
-0.44403
0
-0.13774
-1.179
0
0
0
0
0
-12.8322
0
0
0
-12.8322
0
0
0
-0.50521
9.8601
-0.40571
-0.4402
-0.43466
-0.43477
-0.42954
-0.41284
-0.48357
-0.50746
-0.43381
-0.45556
-0.51381
-0.45556
-0.38531
0
-0.99729
0
0
0
-1.2824
-1.2824
0
0
0
0
0
0
0
0
-0.47032
-0.40571
8.9278
-0.41905
-0.41394
-0.41477
-0.40782
-0.39179
-0.45763
-0.48601
-0.41097
-0.44181
-0.48013
-0.44181
0
0
-0.9231
0
0
0
-1.1815
-1.1815
0
0
0
0
0
0
0
0
-0.45617
-0.4402
-0.41905
5.9716
-0.4247
-0.42575
-0.42236
-0.40667
-0.46778
-0.48043
-0.4313
-0.43183
-0.50751
-0.43183
0
0
0
-0.22596
0
0
0
0
0
0
0
0
0
0
0
0
-0.45733
-0.43466
-0.41394
-0.4247
5.6669
-0.41808
-0.41299
-0.39632
-0.45947
-0.47473
-0.41885
-0.43278
-0.49021
-0.43278
0
0
0
0
0
0
0
0
0
0
0
0
0
0
0
0
-0.46003
-0.43477
-0.41477
-0.42575
-0.41808
5.1598
-0.4112
-0.39632
-0.4595
-0.47558
-0.42075
-0.42153
0
-0.42153
0
0
0
0
0
0
0
0
0
0
0
0
0
0
0
0
-0.45499
-0.42954
-0.40782
-0.42236
-0.41299
-0.4112
4.692
-0.40122
-0.46793
-0.47947
-0.43762
0
0
0
-0.3668
0
0
0
0
0
0
0
0
0
0
0
0
0
0
0
-0.44301
-0.41284
-0.39179
-0.40667
-0.39632
-0.39632
-0.40122
4.1584
-0.43748
-0.4561
-0.41667
0
0
0
0
0
0
0
0
0
0
0
0
0
0
0
0
0
0
0
-0.51652
-0.48357
-0.45763
-0.46778
-0.45947
-0.4595
-0.46793
-0.43748
7.4121
0
0
0
0
0
0
0
0
0
-3.6622
0
0
0
0
0
0
0
0
0
0
0
-0.50681
-0.50746
-0.48601
-0.48043
-0.47473
-0.47558
-0.47947
-0.4561
0
10.5505
0
0
0
0
0
0
0
0
0
0
0
0
0
0
0
0
0
-6.6839
0
0
-0.47105
-0.43381
-0.41097
-0.4313
-0.41885
-0.42075
-0.43762
-0.41667
0
0
3.441
0
0
0
0
0
0
0
0
0
0
0
0
0
0
0
0
0
0
0
-0.44403
-0.45556
-0.44181
-0.43183
-0.43278
-0.42153
0
0
0
0
0
6.2847
0
0
0
0
0
0
0
0
0
0
0
-3.6571
0
0
0
0
0
0
-0.51541
-0.51381
-0.48013
-0.50751
-0.49021
0
0
0
0
0
0
0
3.2794
0
-0.4884
0
0
-0.28391
0
0
0
0
0
0
0
0
0
0
0
0
-0.44403
-0.45556
-0.44181
-0.43183
-0.43278
-0.42153
0
0
0
0
0
0
0
6.2847
0
0
0
0
0
0
0
0
0
0
0
0
0
0
0
-3.6571
0
-0.38531
0
0
0
0
-0.3668
0
0
0
0
0
-0.4884
0
1.5363
-0.19126
0
0
0
0
0
0
0
0
0
-0.1045
0
0
0
0
-0.13774
0
0
0
0
0
0
0
0
0
0
0
0
0
-0.19126
8.925
0
0
0
-5.2249
0
0
0
0
-3.371
0
0
0
0
0
-1.179
-0.99729
-0.9231
0
0
0
0
0
0
0
0
0
0
0
0
0
3.0994
0
0
0
0
0
0
0
0
0
0
0
0
0
0
0
0
-0.22596
0
0
0
0
0
0
0
0
-0.28391
0
0
0
0
0.74742
0
0
0
0
0
0
0
0
0
0
-0.23754
0
0
0
0
0
0
0
0
0
-3.6622
0
0
0
0
0
0
0
0
0
4.5055
-0.84326
0
0
0
0
0
0
0
0
0
0
0
0
0
0
0
0
0
0
0
0
0
0
0
0
0
-5.2249
0
0
-0.84326
6.0682
0
0
0
0
0
0
0
0
0
0
0
-1.2824
-1.1815
0
0
0
0
0
0
0
0
0
0
0
0
0
0
0
0
0
2.4639
0
0
0
0
0
0
0
0
0
0
-1.2824
-1.1815
0
0
0
0
0
0
0
0
0
0
0
0
0
0
0
0
0
0
2.4639
0
0
0
0
0
0
0
0
-12.8322
0
0
0
0
0
0
0
0
0
0
0
0
0
0
0
0
0
0
0
0
0
12.8322
0
0
0
0
0
0
0
0
0
0
0
0
0
0
0
0
0
0
-3.6571
0
0
0
0
0
0
0
0
0
0
0
3.6571
0
0
0
0
0
0
0
0
0
0
0
0
0
0
0
0
0
0
0
0
0
-3.371
0
0
0
0
0
0
0
0
3.371
0
0
0
0
0
0
0
0
0
0
0
0
0
0
0
0
0
0
0
-0.1045
0
0
0
0
0
0
0
0
0
0
0.1045
0
0
0
0
-12.8322
0
0
0
0
0
0
0
0
0
0
0
0
0
0
0
0
0
0
0
0
0
0
0
0
0
12.8322
0
0
0
0
0
0
0
0
0
0
0
0
-6.6839
0
0
0
0
0
0
0
0
0
0
0
0
0
0
0
0
0
6.6839
0
0
0
0
0
0
0
0
0
0
0
0
0
0
0
0
0
0
0
-0.23754
0
0
0
0
0
0
0
0
0
0
0.23754
0
0
0
0
0
0
0
0
0
0
0
0
0
0
-3.6571
0
0
0
0
0
0
0
0
0
0
0
0
0
0
0
3.6571
