13.9144
-0.84343
-0.81663
-0.81335
-0.84343
-0.84343
-0.68704
-0.68704
-0.68704
-0.68704
-0.66947
-0.70479
-0.67426
-0.73641
-0.766
-0.7141
-0.77143
-0.72486
0
-0.97195
-0.27272
0
0
0
0
0
0
0
0
0
-0.84343
23.3005
-0.8125
-0.82006
-0.84424
-0.84424
-0.6741
-0.6741
-0.6741
-0.6741
-0.65837
-0.69468
-0.66398
-0.71877
-0.75301
-0.70421
-0.75664
-0.70934
0
0
0
0
0
0
0
0
0
0
0
-10.7807
-0.81663
-0.8125
12.3803
-0.79155
-0.8125
-0.8125
-0.65126
-0.65126
-0.65126
-0.65126
-0.63587
-0.66958
-0.6411
-0.69526
-0.72672
-0.67951
-0.73185
-0.68803
0
0
-0.26164
0
0
0
0
0
0
0
0
0
-0.81335
-0.82006
-0.79155
13.1224
-0.82006
-0.82006
-0.65436
-0.65436
-0.65436
-0.65436
-0.63872
-0.67573
-0.64378
-0.70437
-0.73383
-0.6818
-0.73914
-0.69503
0
-0.92746
0
0
0
0
0
0
0
0
0
0
-0.84343
-0.84424
-0.8125
-0.82006
23.3005
-0.84424
-0.6741
-0.6741
-0.6741
-0.6741
-0.65837
-0.69468
-0.66398
-0.71877
-0.75301
-0.70421
-0.75664
-0.70934
0
0
0
-10.7807
0
0
0
0
0
0
0
0
-0.84343
-0.84424
-0.8125
-0.82006
-0.84424
23.3005
-0.6741
-0.6741
-0.6741
-0.6741
-0.65837
-0.69468
-0.66398
-0.71877
-0.75301
-0.70421
-0.75664
-0.70934
0
0
0
0
0
0
0
-10.7807
0
0
0
0
-0.68704
-0.6741
-0.65126
-0.65436
-0.6741
-0.6741
10.2449
-0.54061
-0.54061
-0.54061
-0.53651
-0.56454
-0.54076
-0.58477
-0.61197
-0.57201
-0.61659
-0.58097
0
0
0
0
0
0
0
0
0
0
0
0
-0.68704
-0.6741
-0.65126
-0.65436
-0.6741
-0.6741
-0.54061
10.2449
-0.54061
-0.54061
-0.53651
-0.56454
-0.54076
-0.58477
-0.61197
-0.57201
-0.61659
-0.58097
0
0
0
0
0
0
0
0
0
0
0
0
-0.68704
-0.6741
-0.65126
-0.65436
-0.6741
-0.6741
-0.54061
-0.54061
10.2449
-0.54061
-0.53651
-0.56454
-0.54076
-0.58477
-0.61197
-0.57201
-0.61659
-0.58097
0
0
0
0
0
0
0
0
0
0
0
0
-0.68704
-0.6741
-0.65126
-0.65436
-0.6741
-0.6741
-0.54061
-0.54061
-0.54061
10.2449
-0.53651
-0.56454
-0.54076
-0.58477
-0.61197
-0.57201
-0.61659
-0.58097
0
0
0
0
0
0
0
0
0
0
0
0
-0.66947
-0.65837
-0.63587
-0.63872
-0.65837
-0.65837
-0.53651
-0.53651
-0.53651
-0.53651
9.398
-0.53966
-0.51873
-0.55639
-0.58285
-0.54756
-0.58762
0
0
0
0
0
0
0
0
0
0
0
0
0
-0.70479
-0.69468
-0.66958
-0.67573
-0.69468
-0.69468
-0.56454
-0.56454
-0.56454
-0.56454
-0.53966
18.1097
-0.5324
-0.56556
-0.59383
-0.56088
0
0
0
0
0
0
0
0
0
0
0
-8.925
0
0
-0.67426
-0.66398
-0.6411
-0.64378
-0.66398
-0.66398
-0.54076
-0.54076
-0.54076
-0.54076
-0.51873
-0.5324
8.8409
-0.55219
-0.57909
-0.54434
0
0
0
0
0
0
0
0
0
0
0
0
0
0
-0.73641
-0.71877
-0.69526
-0.70437
-0.71877
-0.71877
-0.58477
-0.58477
-0.58477
-0.58477
-0.55639
-0.56556
-0.55219
8.4249
0
0
0
0
-0.11932
0
0
0
0
0
0
0
0
0
0
0
-0.766
-0.75301
-0.72672
-0.73383
-0.75301
-0.75301
-0.61197
-0.61197
-0.61197
-0.61197
-0.58285
-0.59383
-0.57909
0
16.2374
0
0
0
0
0
0
0
0
-7.5482
0
0
0
0
0
0
-0.7141
-0.70421
-0.67951
-0.6818
-0.70421
-0.70421
-0.57201
-0.57201
-0.57201
-0.57201
-0.54756
-0.56088
-0.54434
0
0
8.1289
0
0
0
0
0
0
0
0
0
0
0
0
0
0
-0.77143
-0.75664
-0.73185
-0.73914
-0.75664
-0.75664
-0.61659
-0.61659
-0.61659
-0.61659
-0.58762
0
0
0
0
0
12.8953
0
0
0
0
0
0
0
-5.329
0
0
0
0
0
-0.72486
-0.70934
-0.68803
-0.69503
-0.70934
-0.70934
-0.58097
-0.58097
-0.58097
-0.58097
0
0
0
0
0
0
0
10.5364
0
0
0
0
0
0
0
0
-3.9766
0
0
0
0
0
0
0
0
0
0
0
0
0
0
0
0
-0.11932
0
0
0
0
1.2429
-0.77061
0
0
-0.35297
0
0
0
0
0
0
0
-0.97195
0
0
-0.92746
0
0
0
0
0
0
0
0
0
0
0
0
0
0
-0.77061
2.67
0
0
0
0
0
0
0
0
0
0
-0.27272
0
-0.26164
0
0
0
0
0
0
0
0
0
0
0
0
0
0
0
0
0
0.63886
0
0
0
0
0
0
0
-0.1045
0
0
0
0
0
-10.7807
0
0
0
0
0
0
0
0
0
0
0
0
0
0
0
0
10.7807
0
0
0
0
0
0
0
0
0
0
0
0
0
0
0
0
0
0
0
0
0
0
0
0
0
0
-0.35297
0
0
0
0.35297
0
0
0
0
0
0
0
0
0
0
0
0
0
0
0
0
0
0
0
0
0
-7.5482
0
0
0
0
0
0
0
0
7.5482
0
0
0
0
0
0
0
0
0
0
0
0
0
0
0
0
0
0
0
0
0
0
-5.329
0
0
0
0
0
0
0
5.329
0
0
0
0
0
0
0
0
0
0
-10.7807
0
0
0
0
0
0
0
0
0
0
0
0
0
0
0
0
0
0
0
10.7807
0
0
0
0
0
0
0
0
0
0
0
0
0
0
0
0
0
0
0
0
0
-3.9766
0
0
0
0
0
0
0
0
3.9766
0
0
0
0
0
0
0
0
0
0
0
0
0
0
-8.925
0
0
0
0
0
0
0
0
0
0
0
0
0
0
0
8.925
0
0
0
0
0
0
0
0
0
0
0
0
0
0
0
0
0
0
0
0
0
0
-0.1045
0
0
0
0
0
0
0
0.1045
0
0
-10.7807
0
0
0
0
0
0
0
0
0
0
0
0
0
0
0
0
0
0
0
0
0
0
0
0
0
0
0
10.7807
