9.2683
-0.53572
-0.53572
-0.53572
-0.62841
-0.66144
-0.62878
-0.6289
-0.5128
-0.524
-0.57498
-0.55206
-0.75931
-0.64027
-1.0739
0
0
0
-0.47628
0
0
0
0
0
0
0
0
0
0
0
-0.53572
9.2683
-0.53572
-0.53572
-0.62841
-0.66144
-0.62878
-0.6289
-0.5128
-0.524
-0.57498
-0.55206
-0.75931
-0.64027
-1.0739
0
0
0
-0.47628
0
0
0
0
0
0
0
0
0
0
0
-0.53572
-0.53572
9.2683
-0.53572
-0.62841
-0.66144
-0.62878
-0.6289
-0.5128
-0.524
-0.57498
-0.55206
-0.75931
-0.64027
-1.0739
0
0
0
-0.47628
0
0
0
0
0
0
0
0
0
0
0
-0.53572
-0.53572
-0.53572
9.2683
-0.62841
-0.66144
-0.62878
-0.6289
-0.5128
-0.524
-0.57498
-0.55206
-0.75931
-0.64027
-1.0739
0
0
0
-0.47628
0
0
0
0
0
0
0
0
0
0
0
-0.62841
-0.62841
-0.62841
-0.62841
8.2591
-0.73865
-0.64592
-0.71047
-0.51884
-0.53118
-0.57371
-0.56085
-0.79054
-0.67526
0
0
0
0
0
0
0
0
0
0
0
0
0
0
0
0
-0.66144
-0.66144
-0.66144
-0.66144
-0.73865
17.9069
-0.74143
-0.67419
-0.53136
-0.54586
-0.57411
-0.5728
0
0
0
-0.60471
0
0
0
0
0
0
0
0
0
-10.278
0
0
0
0
-0.62878
-0.62878
-0.62878
-0.62878
-0.64592
-0.74143
8.499
-0.71666
-0.51109
-0.52279
-0.55911
-0.5498
0
-0.66566
0
0
0
0
0
0
-1.0714
0
0
0
0
0
0
0
0
0
-0.6289
-0.6289
-0.6289
-0.6289
-0.71047
-0.67419
-0.71666
11.4892
-0.51602
-0.50656
-0.55914
-0.54917
0
0
0
-0.60929
0
0
0
0
0
0
-4.132
0
0
0
0
0
0
0
-0.5128
-0.5128
-0.5128
-0.5128
-0.51884
-0.53136
-0.51109
-0.51602
5.6177
-0.42674
-0.42603
-0.43418
0
0
0
0
-0.20219
0
0
0
0
0
0
0
0
0
0
0
0
0
-0.524
-0.524
-0.524
-0.524
-0.53118
-0.54586
-0.52279
-0.50656
-0.42674
7.274
-0.44502
-0.44199
0
0
0
0
0
-1.7578
0
0
0
0
0
0
0
0
0
0
0
0
-0.57498
-0.57498
-0.57498
-0.57498
-0.57371
-0.57411
-0.55911
-0.55914
-0.42603
-0.44502
14.6229
0
0
0
0
0
0
0
0
0
0
0
0
0
0
0
0
0
0
-9.1859
-0.55206
-0.55206
-0.55206
-0.55206
-0.56085
-0.5728
-0.5498
-0.54917
-0.43418
-0.44199
0
5.317
0
0
0
0
0
0
0
0
0
0
0
0
0
0
0
0
0
0
-0.75931
-0.75931
-0.75931
-0.75931
-0.79054
0
0
0
0
0
0
0
14.0364
0
0
0
0
0
0
0
-0.98563
-2.9891
0
0
0
0
-6.2339
0
0
0
-0.64027
-0.64027
-0.64027
-0.64027
-0.67526
0
-0.66566
0
0
0
0
0
0
3.902
0
0
0
0
0
0
0
0
0
0
0
0
0
0
0
0
-1.0739
-1.0739
-1.0739
-1.0739
0
0
0
0
0
0
0
0
0
0
9.4093
0
0
-2.2673
0
0
0
-2.8465
0
0
0
0
0
0
0
0
0
0
0
0
0
-0.60471
0
-0.60929
0
0
0
0
0
0
0
2.6482
-0.75252
0
0
0
0
0
0
0
0
0
0
0
-0.68163
0
0
0
0
0
0
0
0
0
-0.20219
0
0
0
0
0
0
-0.75252
1.6437
0
0
-0.24209
0
0
0
0
-0.44692
0
0
0
0
0
0
0
0
0
0
0
0
0
0
-1.7578
0
0
0
0
-2.2673
0
0
7.6188
0
0
0
0
-1.9114
-1.6823
0
0
0
0
0
0
-0.47628
-0.47628
-0.47628
-0.47628
0
0
0
0
0
0
0
0
0
0
0
0
0
0
1.9051
0
0
0
0
0
0
0
0
0
0
0
0
0
0
0
0
0
0
0
0
0
0
0
0
0
0
0
-0.24209
0
0
6.2876
-0.53488
0
0
-3.482
0
0
0
-2.0286
0
0
0
0
0
0
0
0
-1.0714
0
0
0
0
0
-0.98563
0
0
0
0
0
0
-0.53488
2.5919
0
0
0
0
0
0
0
0
0
0
0
0
0
0
0
0
0
0
0
0
0
-2.9891
0
-2.8465
0
0
0
0
0
0
5.8356
0
0
0
0
0
0
0
0
0
0
0
0
0
0
0
-4.132
0
0
0
0
0
0
0
0
0
-1.9114
0
0
0
0
6.0435
0
0
0
0
0
0
0
0
0
0
0
0
0
0
0
0
0
0
0
0
0
0
0
0
-1.6823
0
-3.482
0
0
0
5.1643
0
0
0
0
0
0
0
0
0
0
0
0
0
0
0
0
0
0
0
0
0
0
-0.44692
0
0
0
0
0
0
0
0.44692
0
0
0
0
0
0
0
0
0
0
-10.278
0
0
0
0
0
0
0
0
0
0
0
0
0
0
0
0
0
0
0
10.278
0
0
0
0
0
0
0
0
0
0
0
0
0
0
0
0
-6.2339
0
0
0
0
0
0
0
0
0
0
0
0
0
6.2339
0
0
0
0
0
0
0
0
0
0
0
0
0
0
0
0
0
0
0
0
0
0
-2.0286
0
0
0
0
0
0
0
2.0286
0
0
0
0
0
0
0
0
0
0
0
0
0
0
0
0
0
-0.68163
0
0
0
0
0
0
0
0
0
0
0
0
0.68163
0
0
0
0
0
0
0
0
0
0
0
-9.1859
0
0
0
0
0
0
0
0
0
0
0
0
0
0
0
0
0
0
9.1859
