28.2964
-0.50153
-0.6629
-0.61506
-0.61682
-0.53963
-0.53963
-0.53963
-0.53963
-0.53963
-0.46881
-0.46881
-0.49694
-0.49694
-0.5339
-0.5339
-0.5538
0
-0.1045
-2.9847
0
0
0
-8.2798
0
-8.2798
0
0
0
0
-0.50153
27.6403
-0.6433
-0.59821
-0.59529
-0.5253
-0.5253
-0.5253
-0.5253
-0.5253
-0.45569
-0.45569
-0.48384
-0.48384
-0.51941
-0.51941
-0.5383
0
0
-2.9492
0
0
0
0
0
0
0
0
-8.1351
-8.1351
-0.6629
-0.6433
19.2306
-0.77642
-0.7709
-0.63672
-0.63672
-0.63672
-0.63672
-0.63672
-0.55332
-0.55332
-0.63385
-0.63385
-0.62905
-0.62905
-0.64932
0
0
0
-8.9117
0
0
0
0
0
0
0
0
0
-0.61506
-0.59821
-0.77642
14.4536
-0.76393
-0.62438
-0.62438
-0.62438
-0.62438
-0.62438
-0.54245
-0.54245
-0.603
-0.603
-0.61957
-0.61957
-0.63967
0
0
0
0
0
0
0
-4.4083
0
0
0
0
0
-0.61682
-0.59529
-0.7709
-0.76393
18.3512
-0.63945
-0.63945
-0.63945
-0.63945
-0.63945
-0.53904
-0.53904
-0.60298
-0.60298
-0.61983
-0.61983
0
-4.1012
0
0
0
-4.7822
0
0
0
0
0
0
0
0
-0.53963
-0.5253
-0.63672
-0.62438
-0.63945
8.4494
-0.50592
-0.50592
-0.50592
-0.50592
-0.44648
-0.44648
-0.50747
-0.50747
-0.51267
-0.51267
-0.52702
0
0
0
0
0
0
0
0
0
0
0
0
0
-0.53963
-0.5253
-0.63672
-0.62438
-0.63945
-0.50592
8.4494
-0.50592
-0.50592
-0.50592
-0.44648
-0.44648
-0.50747
-0.50747
-0.51267
-0.51267
-0.52702
0
0
0
0
0
0
0
0
0
0
0
0
0
-0.53963
-0.5253
-0.63672
-0.62438
-0.63945
-0.50592
-0.50592
8.4494
-0.50592
-0.50592
-0.44648
-0.44648
-0.50747
-0.50747
-0.51267
-0.51267
-0.52702
0
0
0
0
0
0
0
0
0
0
0
0
0
-0.53963
-0.5253
-0.63672
-0.62438
-0.63945
-0.50592
-0.50592
-0.50592
8.4494
-0.50592
-0.44648
-0.44648
-0.50747
-0.50747
-0.51267
-0.51267
-0.52702
0
0
0
0
0
0
0
0
0
0
0
0
0
-0.53963
-0.5253
-0.63672
-0.62438
-0.63945
-0.50592
-0.50592
-0.50592
-0.50592
8.4494
-0.44648
-0.44648
-0.50747
-0.50747
-0.51267
-0.51267
-0.52702
0
0
0
0
0
0
0
0
0
0
0
0
0
-0.46881
-0.45569
-0.55332
-0.54245
-0.53904
-0.44648
-0.44648
-0.44648
-0.44648
-0.44648
6.8366
-0.37136
-0.41183
-0.41183
-0.42492
-0.42492
0
0
0
0
0
0
0
0
0
0
0
0
0
0
-0.46881
-0.45569
-0.55332
-0.54245
-0.53904
-0.44648
-0.44648
-0.44648
-0.44648
-0.44648
-0.37136
6.8366
-0.41183
-0.41183
-0.42492
-0.42492
0
0
0
0
0
0
0
0
0
0
0
0
0
0
-0.49694
-0.48384
-0.63385
-0.603
-0.60298
-0.50747
-0.50747
-0.50747
-0.50747
-0.50747
-0.41183
-0.41183
8.3572
-0.41244
0
0
0
0
0
0
0
0
0
0
0
0
-1.7632
0
0
0
-0.49694
-0.48384
-0.63385
-0.603
-0.60298
-0.50747
-0.50747
-0.50747
-0.50747
-0.50747
-0.41183
-0.41183
-0.41244
8.3572
0
0
0
0
0
0
0
0
-1.7632
0
0
0
0
0
0
0
-0.5339
-0.51941
-0.62905
-0.61957
-0.61983
-0.51267
-0.51267
-0.51267
-0.51267
-0.51267
-0.42492
-0.42492
0
0
6.3349
0
0
0
0
0
0
0
0
0
0
0
0
0
0
0
-0.5339
-0.51941
-0.62905
-0.61957
-0.61983
-0.51267
-0.51267
-0.51267
-0.51267
-0.51267
-0.42492
-0.42492
0
0
0
6.3349
0
0
0
0
0
0
0
0
0
0
0
0
0
0
-0.5538
-0.5383
-0.64932
-0.63967
0
-0.52702
-0.52702
-0.52702
-0.52702
-0.52702
0
0
0
0
0
0
5.0162
0
0
0
0
0
0
0
0
0
0
0
0
0
0
0
0
0
-4.1012
0
0
0
0
0
0
0
0
0
0
0
0
9.819
-3.2027
0
-2.5151
0
0
0
0
0
0
0
0
0
-0.1045
0
0
0
0
0
0
0
0
0
0
0
0
0
0
0
0
-3.2027
6.144
0
0
0
0
0
0
0
0
-2.8368
0
0
-2.9847
-2.9492
0
0
0
0
0
0
0
0
0
0
0
0
0
0
0
0
0
5.9339
0
0
0
0
0
0
0
0
0
0
0
0
-8.9117
0
0
0
0
0
0
0
0
0
0
0
0
0
0
-2.5151
0
0
11.4269
0
0
0
0
0
0
0
0
0
0
0
0
0
-4.7822
0
0
0
0
0
0
0
0
0
0
0
0
0
0
0
0
4.7822
0
0
0
0
0
0
0
0
0
0
0
0
0
0
0
0
0
0
0
0
0
-1.7632
0
0
0
0
0
0
0
0
1.7632
0
0
0
0
0
0
0
-8.2798
0
0
0
0
0
0
0
0
0
0
0
0
0
0
0
0
0
0
0
0
0
0
8.2798
0
0
0
0
0
0
0
0
0
-4.4083
0
0
0
0
0
0
0
0
0
0
0
0
0
0
0
0
0
0
0
0
4.4083
0
0
0
0
0
-8.2798
0
0
0
0
0
0
0
0
0
0
0
0
0
0
0
0
0
0
0
0
0
0
0
0
8.2798
0
0
0
0
0
0
0
0
0
0
0
0
0
0
0
0
-1.7632
0
0
0
0
0
0
0
0
0
0
0
0
0
1.7632
0
0
0
0
0
0
0
0
0
0
0
0
0
0
0
0
0
0
0
0
0
-2.8368
0
0
0
0
0
0
0
0
2.8368
0
0
0
-8.1351
0
0
0
0
0
0
0
0
0
0
0
0
0
0
0
0
0
0
0
0
0
0
0
0
0
0
8.1351
0
0
-8.1351
0
0
0
0
0
0
0
0
0
0
0
0
0
0
0
0
0
0
0
0
0
0
0
0
0
0
0
8.1351
