23.5723
-0.59663
-0.59663
-0.59324
-0.6005
-0.64675
-0.64675
-0.60603
-0.62582
-0.61994
-0.68462
-0.67946
-0.69552
-0.65364
-0.65364
-0.65364
-1.096
-0.46298
-0.5411
-0.46298
-1.058
0
0
0
0
0
0
0
0
-10.3985
-0.59663
12.4975
-0.56301
-0.56271
-0.56906
-0.61323
-0.61323
-0.59326
-0.60016
-0.58798
-0.65554
-0.6378
-0.65875
-0.61203
-0.61203
-0.61203
-1.0357
-0.43563
-0.53326
-0.43563
-0.96981
0
0
0
0
0
0
0
0
0
-0.59663
-0.56301
12.4975
-0.56271
-0.56906
-0.61323
-0.61323
-0.59326
-0.60016
-0.58798
-0.65554
-0.6378
-0.65875
-0.61203
-0.61203
-0.61203
-1.0357
-0.43563
-0.53326
-0.43563
-0.96981
0
0
0
0
0
0
0
0
0
-0.59324
-0.56271
-0.56271
20.622
-0.55956
-0.60065
-0.60065
-0.5662
-0.58309
-0.5759
-0.63596
-0.62757
-0.65416
-0.60549
-0.60549
-0.60549
-1.0293
-0.43457
0
-0.43457
0
0
0
0
-9.7847
0
0
0
0
0
-0.6005
-0.56906
-0.56906
-0.55956
9.0652
-0.61115
-0.61115
-0.59197
-0.59569
-0.58299
-0.64949
-0.63056
-0.63616
-0.61928
-0.61928
-0.61928
0
0
0
0
0
0
0
0
0
0
0
0
0
0
-0.64675
-0.61323
-0.61323
-0.60065
-0.61115
6.8589
-0.59632
-0.67164
-0.60376
-0.58748
-0.67343
-0.64124
0
0
0
0
0
0
0
0
0
0
0
0
0
0
0
0
0
0
-0.64675
-0.61323
-0.61323
-0.60065
-0.61115
-0.59632
6.8589
-0.67164
-0.60376
-0.58748
-0.67343
-0.64124
0
0
0
0
0
0
0
0
0
0
0
0
0
0
0
0
0
0
-0.60603
-0.59326
-0.59326
-0.5662
-0.59197
-0.67164
-0.67164
21.4349
-0.5318
-0.55997
0
0
0
0
0
0
0
0
0
0
0
0
0
0
0
0
0
-8.0246
-8.0246
0
-0.62582
-0.60016
-0.60016
-0.58309
-0.59569
-0.60376
-0.60376
-0.5318
10.7225
-0.56093
0
0
0
0
0
0
0
0
0
0
0
0
0
0
0
-5.4174
0
0
0
0
-0.61994
-0.58798
-0.58798
-0.5759
-0.58299
-0.58748
-0.58748
-0.55997
-0.56093
5.2507
0
0
0
0
0
0
0
0
0
0
0
0
0
0
0
0
0
0
0
0
-0.68462
-0.65554
-0.65554
-0.63596
-0.64949
-0.67343
-0.67343
0
0
0
7.9358
0
0
0
0
0
0
0
0
0
0
0
0
-3.3077
0
0
0
0
0
0
-0.67946
-0.6378
-0.6378
-0.62757
-0.63056
-0.64124
-0.64124
0
0
0
0
4.4957
0
0
0
0
0
0
0
0
0
0
0
0
0
0
0
0
0
0
-0.69552
-0.65875
-0.65875
-0.65416
-0.63616
0
0
0
0
0
0
0
3.5505
0
0
0
0
0
0
0
0
-0.2472
0
0
0
0
0
0
0
0
-0.65364
-0.61203
-0.61203
-0.60549
-0.61928
0
0
0
0
0
0
0
0
3.1025
0
0
0
0
0
0
0
0
0
0
0
0
0
0
0
0
-0.65364
-0.61203
-0.61203
-0.60549
-0.61928
0
0
0
0
0
0
0
0
0
3.1025
0
0
0
0
0
0
0
0
0
0
0
0
0
0
0
-0.65364
-0.61203
-0.61203
-0.60549
-0.61928
0
0
0
0
0
0
0
0
0
0
3.1025
0
0
0
0
0
0
0
0
0
0
0
0
0
0
-1.096
-1.0357
-1.0357
-1.0293
0
0
0
0
0
0
0
0
0
0
0
0
4.8357
0
0
0
0
-0.63902
0
0
0
0
0
0
0
0
-0.46298
-0.43563
-0.43563
-0.43457
0
0
0
0
0
0
0
0
0
0
0
0
0
1.7688
0
0
0
0
0
0
0
0
0
0
0
0
-0.5411
-0.53326
-0.53326
0
0
0
0
0
0
0
0
0
0
0
0
0
0
0
1.7572
0
0
0
-0.14958
0
0
0
0
0
0
0
-0.46298
-0.43563
-0.43563
-0.43457
0
0
0
0
0
0
0
0
0
0
0
0
0
0
0
1.7688
0
0
0
0
0
0
0
0
0
0
-1.058
-0.96981
-0.96981
0
0
0
0
0
0
0
0
0
0
0
0
0
0
0
0
0
2.9976
0
0
0
0
0
0
0
0
0
0
0
0
0
0
0
0
0
0
0
0
0
-0.2472
0
0
0
-0.63902
0
0
0
0
0.99072
0
0
0
0
-0.1045
0
0
0
0
0
0
0
0
0
0
0
0
0
0
0
0
0
0
0
0
0
-0.14958
0
0
0
0.14958
0
0
0
0
0
0
0
0
0
0
0
0
0
0
0
0
0
-3.3077
0
0
0
0
0
0
0
0
0
0
0
0
3.3077
0
0
0
0
0
0
0
0
0
-9.7847
0
0
0
0
0
0
0
0
0
0
0
0
0
0
0
0
0
0
0
0
9.7847
0
0
0
0
0
0
0
0
0
0
0
0
0
-5.4174
0
0
0
0
0
0
0
0
0
0
0
0
0
0
0
0
5.4174
0
0
0
0
0
0
0
0
0
0
0
0
0
0
0
0
0
0
0
0
0
0
0
0
0
-0.1045
0
0
0
0
0.1045
0
0
0
0
0
0
0
0
0
0
-8.0246
0
0
0
0
0
0
0
0
0
0
0
0
0
0
0
0
0
0
0
8.0246
0
0
0
0
0
0
0
0
0
-8.0246
0
0
0
0
0
0
0
0
0
0
0
0
0
0
0
0
0
0
0
0
8.0246
0
-10.3985
0
0
0
0
0
0
0
0
0
0
0
0
0
0
0
0
0
0
0
0
0
0
0
0
0
0
0
0
10.3985
