19.0083
-0.79503
-0.75973
-0.67934
-0.67934
-0.69918
-0.67934
-0.67934
-0.67934
-0.60302
-0.62753
-0.60302
-0.60302
-0.67908
-0.65075
-0.67733
-0.59742
0
0
0
0
0
0
0
0
0
0
0
0
-8.3165
-0.79503
19.0083
-0.75973
-0.67934
-0.67934
-0.69918
-0.67934
-0.67934
-0.67934
-0.60302
-0.62753
-0.60302
-0.60302
-0.67908
-0.65075
-0.67733
-0.59742
0
0
0
0
0
0
0
0
0
0
-8.3165
0
0
-0.75973
-0.75973
10.6379
-0.65868
-0.65868
-0.67819
-0.65868
-0.65868
-0.65868
-0.58572
-0.6303
-0.58572
-0.58572
-0.65263
-0.6236
-0.64597
-0.58202
0
-0.25518
0
0
0
0
0
0
0
0
0
0
0
-0.67934
-0.67934
-0.65868
9.2566
-0.56723
-0.59982
-0.56723
-0.56723
-0.56723
-0.51691
-0.55529
-0.51691
-0.51691
-0.59405
-0.55976
-0.58237
-0.52832
0
0
0
0
0
0
0
0
0
0
0
0
0
-0.67934
-0.67934
-0.65868
-0.56723
9.2566
-0.59982
-0.56723
-0.56723
-0.56723
-0.51691
-0.55529
-0.51691
-0.51691
-0.59405
-0.55976
-0.58237
-0.52832
0
0
0
0
0
0
0
0
0
0
0
0
0
-0.69918
-0.69918
-0.67819
-0.59982
-0.59982
9.158
-0.59982
-0.59982
-0.59982
-0.51668
-0.5621
-0.51668
-0.51668
-0.59956
-0.56843
-0.58838
0
-0.21387
0
0
0
0
0
0
0
0
0
0
0
0
-0.67934
-0.67934
-0.65868
-0.56723
-0.56723
-0.59982
9.2566
-0.56723
-0.56723
-0.51691
-0.55529
-0.51691
-0.51691
-0.59405
-0.55976
-0.58237
-0.52832
0
0
0
0
0
0
0
0
0
0
0
0
0
-0.67934
-0.67934
-0.65868
-0.56723
-0.56723
-0.59982
-0.56723
9.2566
-0.56723
-0.51691
-0.55529
-0.51691
-0.51691
-0.59405
-0.55976
-0.58237
-0.52832
0
0
0
0
0
0
0
0
0
0
0
0
0
-0.67934
-0.67934
-0.65868
-0.56723
-0.56723
-0.59982
-0.56723
-0.56723
9.2566
-0.51691
-0.55529
-0.51691
-0.51691
-0.59405
-0.55976
-0.58237
-0.52832
0
0
0
0
0
0
0
0
0
0
0
0
0
-0.60302
-0.60302
-0.58572
-0.51691
-0.51691
-0.51668
-0.51691
-0.51691
-0.51691
7.8161
-0.48403
-0.46131
-0.46131
-0.51584
-0.49082
-0.50982
0
0
0
0
0
0
0
0
0
0
0
0
0
0
-0.62753
-0.62753
-0.6303
-0.55529
-0.55529
-0.5621
-0.55529
-0.55529
-0.55529
-0.48403
7.5264
-0.48403
-0.48403
0
-0.43919
0
0
-0.19564
0
-0.21553
0
0
0
0
0
0
0
0
0
0
-0.60302
-0.60302
-0.58572
-0.51691
-0.51691
-0.51668
-0.51691
-0.51691
-0.51691
-0.46131
-0.48403
7.8161
-0.46131
-0.51584
-0.49082
-0.50982
0
0
0
0
0
0
0
0
0
0
0
0
0
0
-0.60302
-0.60302
-0.58572
-0.51691
-0.51691
-0.51668
-0.51691
-0.51691
-0.51691
-0.46131
-0.48403
-0.46131
7.8161
-0.51584
-0.49082
-0.50982
0
0
0
0
0
0
0
0
0
0
0
0
0
0
-0.67908
-0.67908
-0.65263
-0.59405
-0.59405
-0.59956
-0.59405
-0.59405
-0.59405
-0.51584
0
-0.51584
-0.51584
25.6342
0
0
0
0
0
0
0
-9.2531
0
0
0
0
0
0
-9.2531
0
-0.65075
-0.65075
-0.6236
-0.55976
-0.55976
-0.56843
-0.55976
-0.55976
-0.55976
-0.49082
-0.43919
-0.49082
-0.49082
0
13.0202
0
0
0
0
0
0
0
0
-5.8162
0
0
0
0
0
0
-0.67733
-0.67733
-0.64597
-0.58237
-0.58237
-0.58838
-0.58237
-0.58237
-0.58237
-0.50982
0
-0.50982
-0.50982
0
0
12.2572
0
0
0
0
0
0
-5.2268
0
0
0
0
0
0
0
-0.59742
-0.59742
-0.58202
-0.52832
-0.52832
0
-0.52832
-0.52832
-0.52832
0
0
0
0
0
0
0
19.9507
0
0
0
0
0
0
0
-7.7661
0
-7.7661
0
0
0
0
0
0
0
0
-0.21387
0
0
0
0
-0.19564
0
0
0
0
0
0
0.51401
0
0
0
0
0
0
0
-0.1045
0
0
0
0
0
0
-0.25518
0
0
0
0
0
0
0
0
0
0
0
0
0
0
0
2.0585
0
-1.8033
0
0
0
0
0
0
0
0
0
0
0
0
0
0
0
0
0
0
0
-0.21553
0
0
0
0
0
0
0
0
2.0439
-1.8284
0
0
0
0
0
0
0
0
0
0
0
0
0
0
0
0
0
0
0
0
0
0
0
0
0
0
0
-1.8033
-1.8284
3.6317
0
0
0
0
0
0
0
0
0
0
0
0
0
0
0
0
0
0
0
0
0
0
-9.2531
0
0
0
0
0
0
0
9.2531
0
0
0
0
0
0
0
0
0
0
0
0
0
0
0
0
0
0
0
0
0
0
0
-5.2268
0
0
0
0
0
0
5.2268
0
0
0
0
0
0
0
0
0
0
0
0
0
0
0
0
0
0
0
0
0
-5.8162
0
0
0
0
0
0
0
0
5.8162
0
0
0
0
0
0
0
0
0
0
0
0
0
0
0
0
0
0
0
0
0
0
-7.7661
0
0
0
0
0
0
0
7.7661
0
0
0
0
0
0
0
0
0
0
0
0
0
0
0
0
0
0
0
0
0
0
-0.1045
0
0
0
0
0
0
0
0.1045
0
0
0
0
0
0
0
0
0
0
0
0
0
0
0
0
0
0
0
0
-7.7661
0
0
0
0
0
0
0
0
0
7.7661
0
0
0
0
-8.3165
0
0
0
0
0
0
0
0
0
0
0
0
0
0
0
0
0
0
0
0
0
0
0
0
0
8.3165
0
0
0
0
0
0
0
0
0
0
0
0
0
0
0
-9.2531
0
0
0
0
0
0
0
0
0
0
0
0
0
0
9.2531
0
-8.3165
0
0
0
0
0
0
0
0
0
0
0
0
0
0
0
0
0
0
0
0
0
0
0
0
0
0
0
0
8.3165
