31.3922
-0.44216
-0.47154
-0.48536
-0.48206
-0.40953
-0.40953
-0.40953
-0.40953
-0.40953
-0.36334
-0.43533
-0.43533
-0.42987
-0.43266
-0.42893
0
-0.80672
-2.276
0
0
-10.9276
0
0
0
0
0
0
0
-10.9276
-0.44216
27.4218
-0.51168
-0.52178
-0.52858
-0.44153
-0.44153
-0.44153
-0.44153
-0.44153
-0.391
-0.4677
-0.4677
-0.46225
-0.46863
-0.46456
0
0
0
-10.244
0
0
0
0
0
0
0
-10.244
0
0
-0.47154
-0.51168
7.2156
-0.55728
-0.53147
-0.44581
-0.44581
-0.44581
-0.44581
-0.44581
-0.42856
-0.48428
-0.48428
-0.47583
-0.47079
-0.46633
-0.1045
0
0
0
0
0
0
0
0
0
0
0
0
0
-0.48536
-0.52178
-0.55728
14.5374
-0.5681
-0.46777
-0.46777
-0.46777
-0.46777
-0.46777
-0.43379
-0.50064
-0.50064
-0.49457
-0.48785
0
0
-0.94277
0
0
0
0
0
0
-6.7057
0
0
0
0
0
-0.48206
-0.52858
-0.53147
-0.5681
9.384
-0.45183
-0.45183
-0.45183
-0.45183
-0.45183
-0.44249
-0.4977
-0.4977
-0.48898
-0.47449
-0.46919
0
0
-2.1441
0
0
0
0
0
0
0
0
0
0
0
-0.40953
-0.44153
-0.44581
-0.46777
-0.45183
6.0818
-0.36402
-0.36402
-0.36402
-0.36402
-0.37168
-0.41525
-0.41525
-0.40877
-0.40152
-0.39682
0
0
0
0
0
0
0
0
0
0
0
0
0
0
-0.40953
-0.44153
-0.44581
-0.46777
-0.45183
-0.36402
6.0818
-0.36402
-0.36402
-0.36402
-0.37168
-0.41525
-0.41525
-0.40877
-0.40152
-0.39682
0
0
0
0
0
0
0
0
0
0
0
0
0
0
-0.40953
-0.44153
-0.44581
-0.46777
-0.45183
-0.36402
-0.36402
6.0818
-0.36402
-0.36402
-0.37168
-0.41525
-0.41525
-0.40877
-0.40152
-0.39682
0
0
0
0
0
0
0
0
0
0
0
0
0
0
-0.40953
-0.44153
-0.44581
-0.46777
-0.45183
-0.36402
-0.36402
-0.36402
6.0818
-0.36402
-0.37168
-0.41525
-0.41525
-0.40877
-0.40152
-0.39682
0
0
0
0
0
0
0
0
0
0
0
0
0
0
-0.40953
-0.44153
-0.44581
-0.46777
-0.45183
-0.36402
-0.36402
-0.36402
-0.36402
6.0818
-0.37168
-0.41525
-0.41525
-0.40877
-0.40152
-0.39682
0
0
0
0
0
0
0
0
0
0
0
0
0
0
-0.36334
-0.391
-0.42856
-0.43379
-0.44249
-0.37168
-0.37168
-0.37168
-0.37168
-0.37168
21.277
-0.35603
-0.35603
0
0
0
0
0
0
0
0
0
-8.3237
0
0
0
0
0
-8.3237
0
-0.43533
-0.4677
-0.48428
-0.50064
-0.4977
-0.41525
-0.41525
-0.41525
-0.41525
-0.41525
-0.35603
6.8866
0
0
0
0
0
0
0
0
0
0
0
0
0
-2.0686
0
0
0
0
-0.43533
-0.4677
-0.48428
-0.50064
-0.4977
-0.41525
-0.41525
-0.41525
-0.41525
-0.41525
-0.35603
0
6.8866
0
0
0
0
0
0
0
-2.0686
0
0
0
0
0
0
0
0
0
-0.42987
-0.46225
-0.47583
-0.49457
-0.48898
-0.40877
-0.40877
-0.40877
-0.40877
-0.40877
0
0
0
4.8347
0
0
0
0
0
0
0
0
0
0
0
0
-0.43935
0
0
0
-0.43266
-0.46863
-0.47079
-0.48785
-0.47449
-0.40152
-0.40152
-0.40152
-0.40152
-0.40152
0
0
0
0
4.3421
0
0
0
0
0
0
0
0
0
0
0
0
0
0
0
-0.42893
-0.46456
-0.46633
0
-0.46919
-0.39682
-0.39682
-0.39682
-0.39682
-0.39682
0
0
0
0
0
3.8131
0
0
0
0
0
0
0
0
0
0
0
0
0
0
0
0
-0.1045
0
0
0
0
0
0
0
0
0
0
0
0
0
0.63086
-0.30368
0
0
0
0
0
-0.22268
0
0
0
0
0
0
-0.80672
0
0
-0.94277
0
0
0
0
0
0
0
0
0
0
0
0
-0.30368
2.0532
0
0
0
0
0
0
0
0
0
0
0
0
-2.276
0
0
0
-2.1441
0
0
0
0
0
0
0
0
0
0
0
0
0
4.4201
0
0
0
0
0
0
0
0
0
0
0
0
-10.244
0
0
0
0
0
0
0
0
0
0
0
0
0
0
0
0
0
10.244
0
0
0
0
0
0
0
0
0
0
0
0
0
0
0
0
0
0
0
0
0
0
-2.0686
0
0
0
0
0
0
0
2.0686
0
0
0
0
0
0
0
0
0
-10.9276
0
0
0
0
0
0
0
0
0
0
0
0
0
0
0
0
0
0
0
0
10.9276
0
0
0
0
0
0
0
0
0
0
0
0
0
0
0
0
0
0
-8.3237
0
0
0
0
0
0
0
0
0
0
0
8.3237
0
0
0
0
0
0
0
0
0
0
0
0
0
0
0
0
0
0
0
0
0
0
0
-0.22268
0
0
0
0
0
0
0.22268
0
0
0
0
0
0
0
0
0
-6.7057
0
0
0
0
0
0
0
0
0
0
0
0
0
0
0
0
0
0
0
0
6.7057
0
0
0
0
0
0
0
0
0
0
0
0
0
0
0
0
-2.0686
0
0
0
0
0
0
0
0
0
0
0
0
0
2.0686
0
0
0
0
0
0
0
0
0
0
0
0
0
0
0
0
0
-0.43935
0
0
0
0
0
0
0
0
0
0
0
0
0.43935
0
0
0
0
-10.244
0
0
0
0
0
0
0
0
0
0
0
0
0
0
0
0
0
0
0
0
0
0
0
0
0
10.244
0
0
0
0
0
0
0
0
0
0
0
0
-8.3237
0
0
0
0
0
0
0
0
0
0
0
0
0
0
0
0
0
8.3237
0
-10.9276
0
0
0
0
0
0
0
0
0
0
0
0
0
0
0
0
0
0
0
0
0
0
0
0
0
0
0
0
10.9276
