13.9568
-0.63661
-0.58724
-0.58724
-0.58865
-0.57339
-0.57601
-0.62897
-0.56882
-0.62658
-0.5883
-0.56853
-0.61394
-0.62505
-0.57069
-0.63281
-0.45666
-1.3468
0
-1.0044
0
-0.4384
-1.7377
0
0
0
0
0
0
0
-0.63661
21.4154
-0.65596
-0.65596
-0.64118
-0.62535
-0.62194
-0.67173
-0.61608
-0.66483
-0.63579
-0.59659
-0.67439
-0.68116
0
-0.68702
0
-1.5645
0
0
0
-0.50454
0
0
0
0
0
-10.2817
0
0
-0.58724
-0.65596
10.9981
-0.58553
-0.59254
-0.58243
-0.57883
-0.63321
-0.5714
-0.63293
-0.58873
-0.60227
-0.62235
-0.62645
-0.59882
-0.63057
0
0
0
0
0
0
-1.9089
0
0
0
0
0
0
0
-0.58724
-0.65596
-0.58553
10.9981
-0.59254
-0.58243
-0.57883
-0.63321
-0.5714
-0.63293
-0.58873
-0.60227
-0.62235
-0.62645
-0.59882
-0.63057
0
0
0
0
0
0
-1.9089
0
0
0
0
0
0
0
-0.58865
-0.64118
-0.59254
-0.59254
8.8866
-0.56669
-0.5604
-0.61286
-0.55332
-0.61068
-0.56933
-0.58869
-0.60546
-0.60578
-0.59048
-0.60798
0
0
0
0
0
0
0
0
0
0
0
0
0
0
-0.57339
-0.62535
-0.58243
-0.58243
-0.56669
8.2079
-0.53584
-0.59437
-0.537
-0.59436
-0.55314
-0.57612
-0.59127
-0.59099
0
0
0
0
0
0
-0.70449
0
0
0
0
0
0
0
0
0
-0.57601
-0.62194
-0.57883
-0.57883
-0.5604
-0.53584
8.0688
-0.59404
-0.53506
-0.59261
-0.55185
-0.57833
-0.58835
-0.5887
0
-0.58803
0
0
0
0
0
0
0
0
0
0
0
0
0
0
-0.62897
-0.67173
-0.63321
-0.63321
-0.61286
-0.59437
-0.59404
15.4349
-0.58929
-0.62035
-0.61049
0
-0.62405
0
0
0
-0.43289
0
0
0
0
0
0
0
0
0
-8.1894
0
0
0
-0.56882
-0.61608
-0.5714
-0.5714
-0.55332
-0.537
-0.53506
-0.58929
6.7706
-0.57278
-0.54662
0
-0.53863
-0.57015
0
0
0
0
0
0
0
0
0
0
0
0
0
0
0
0
-0.62658
-0.66483
-0.63293
-0.63293
-0.61068
-0.59436
-0.59261
-0.62035
-0.57278
13.1325
-0.62378
0
0
0
0
0
0
0
0
0
0
0
0
0
0
0
0
0
-6.9607
0
-0.5883
-0.63579
-0.58873
-0.58873
-0.56933
-0.55314
-0.55185
-0.61049
-0.54662
-0.62378
5.8568
0
0
0
0
0
0
0
0
0
0
0
0
0
0
0
0
0
0
0
-0.56853
-0.59659
-0.60227
-0.60227
-0.58869
-0.57612
-0.57833
0
0
0
0
21.5827
0
0
0
0
0
0
0
-1.1767
0
0
0
0
-8.1466
-8.1466
0
0
0
0
-0.61394
-0.67439
-0.62235
-0.62235
-0.60546
-0.59127
-0.58835
-0.62405
-0.53863
0
0
0
6.1022
0
-0.62143
0
0
0
0
0
0
0
0
0
0
0
0
0
0
0
-0.62505
-0.68116
-0.62645
-0.62645
-0.60578
-0.59099
-0.5887
0
-0.57015
0
0
0
0
4.9147
0
0
0
0
0
0
0
0
0
0
0
0
0
0
0
0
-0.57069
0
-0.59882
-0.59882
-0.59048
0
0
0
0
0
0
0
-0.62143
0
4.2388
0
0
0
-0.16513
-1.0934
0
0
0
0
0
0
0
0
0
0
-0.63281
-0.68702
-0.63057
-0.63057
-0.60798
0
-0.58803
0
0
0
0
0
0
0
0
3.777
0
0
0
0
0
0
0
0
0
0
0
0
0
0
-0.45666
0
0
0
0
0
0
-0.43289
0
0
0
0
0
0
0
0
2.362
0
0
0
0
-1.3538
0
0
0
0
0
0
0
-0.11865
-1.3468
-1.5645
0
0
0
0
0
0
0
0
0
0
0
0
0
0
0
3.746
0
0
-0.83469
0
0
0
0
0
0
0
0
0
0
0
0
0
0
0
0
0
0
0
0
0
0
0
-0.16513
0
0
0
1.6029
0
-0.54366
0
0
-0.89412
0
0
0
0
0
0
-1.0044
0
0
0
0
0
0
0
0
0
0
-1.1767
0
0
-1.0934
0
0
0
0
3.2745
0
0
0
0
0
0
0
0
0
0
0
0
0
0
0
-0.70449
0
0
0
0
0
0
0
0
0
0
0
-0.83469
-0.54366
0
2.0828
0
0
0
0
0
0
0
0
0
-0.4384
-0.50454
0
0
0
0
0
0
0
0
0
0
0
0
0
0
-1.3538
0
0
0
0
2.2967
0
0
0
0
0
0
0
0
-1.7377
0
-1.9089
-1.9089
0
0
0
0
0
0
0
0
0
0
0
0
0
0
0
0
0
0
5.5554
0
0
0
0
0
0
0
0
0
0
0
0
0
0
0
0
0
0
0
0
0
0
0
0
0
-0.89412
0
0
0
0
0.89412
0
0
0
0
0
0
0
0
0
0
0
0
0
0
0
0
0
-8.1466
0
0
0
0
0
0
0
0
0
0
0
0
8.1466
0
0
0
0
0
0
0
0
0
0
0
0
0
0
0
0
-8.1466
0
0
0
0
0
0
0
0
0
0
0
0
0
8.1466
0
0
0
0
0
0
0
0
0
0
0
-8.1894
0
0
0
0
0
0
0
0
0
0
0
0
0
0
0
0
0
0
8.1894
0
0
0
0
-10.2817
0
0
0
0
0
0
0
0
0
0
0
0
0
0
0
0
0
0
0
0
0
0
0
0
0
10.2817
0
0
0
0
0
0
0
0
0
0
0
-6.9607
0
0
0
0
0
0
0
0
0
0
0
0
0
0
0
0
0
0
6.9607
0
0
0
0
0
0
0
0
0
0
0
0
0
0
0
0
0
-0.11865
0
0
0
0
0
0
0
0
0
0
0
0
0.11865
