36.5069
-0.62909
-0.61422
-0.59745
-0.61422
-0.58627
-0.63559
-0.62322
-0.59309
-0.59309
-0.65331
-0.60016
-0.64959
-0.59464
-0.65211
-0.61548
-1.0977
-1.0977
0
0
0
0
0
-12.53
0
-12.53
0
0
0
0
-0.62909
11.4485
-0.5925
-0.58005
-0.5925
-0.56925
-0.61487
-0.60009
-0.57158
-0.57158
-0.63613
-0.57777
-0.63309
-0.57202
-0.6261
-0.61494
-1.0454
-1.0454
-0.37618
0
0
0
0
0
0
0
0
0
0
0
-0.61422
-0.5925
10.7148
-0.58507
-0.56101
-0.5511
-0.59438
-0.5794
-0.55219
-0.55219
-0.62049
-0.56219
-0.61226
-0.55065
-0.60151
-0.596
-0.99482
-0.99482
0
0
0
0
0
0
0
0
0
0
0
0
-0.59745
-0.58005
-0.58507
9.0038
-0.58507
-0.53026
-0.57394
-0.56636
-0.54013
-0.54013
-0.60774
-0.55973
-0.58653
-0.53767
-0.58583
-0.56729
0
0
0
-0.24032
-0.22019
0
0
0
0
0
0
0
0
0
-0.61422
-0.5925
-0.56101
-0.58507
10.7148
-0.5511
-0.59438
-0.5794
-0.55219
-0.55219
-0.62049
-0.56219
-0.61226
-0.55065
-0.60151
-0.596
-0.99482
-0.99482
0
0
0
0
0
0
0
0
0
0
0
0
-0.58627
-0.56925
-0.5511
-0.53026
-0.5511
8.6002
-0.55545
-0.54763
-0.52174
-0.52174
-0.57557
-0.52868
-0.57149
-0.51996
-0.56749
-0.55668
0
0
-0.34578
0
0
0
0
0
0
0
0
0
0
0
-0.63559
-0.61487
-0.59438
-0.57394
-0.59438
-0.55545
18.1687
-0.59536
-0.56555
-0.56555
-0.63582
-0.57812
-0.62767
-0.56265
-0.61614
0
0
0
0
0
0
0
0
0
0
0
-9.8532
0
0
0
-0.62322
-0.60009
-0.5794
-0.56636
-0.5794
-0.54763
-0.59536
8.156
-0.55066
-0.55066
-0.62794
-0.5702
-0.61484
-0.54966
-0.60063
0
0
0
0
0
0
0
0
0
0
0
0
0
0
0
-0.59309
-0.57158
-0.55219
-0.54013
-0.55219
-0.52174
-0.56555
-0.55066
7.1729
-0.4909
-0.59076
-0.54171
-0.58238
-0.52007
0
0
0
0
0
0
0
0
0
0
0
0
0
0
0
0
-0.59309
-0.57158
-0.55219
-0.54013
-0.55219
-0.52174
-0.56555
-0.55066
-0.4909
7.1729
-0.59076
-0.54171
-0.58238
-0.52007
0
0
0
0
0
0
0
0
0
0
0
0
0
0
0
0
-0.65331
-0.63613
-0.62049
-0.60774
-0.62049
-0.57557
-0.63582
-0.62794
-0.59076
-0.59076
14.7968
0
0
0
0
0
0
0
0
-0.27228
0
0
0
0
-8.3655
0
0
0
0
0
-0.60016
-0.57777
-0.56219
-0.55973
-0.56219
-0.52868
-0.57812
-0.5702
-0.54171
-0.54171
0
5.8647
0
0
0
0
0
0
0
0
-0.24228
0
0
0
0
0
0
0
0
0
-0.64959
-0.63309
-0.61226
-0.58653
-0.61226
-0.57149
-0.62767
-0.61484
-0.58238
-0.58238
0
0
13.6805
0
0
0
0
0
0
0
0
0
0
0
0
0
0
0
0
-7.608
-0.59464
-0.57202
-0.55065
-0.53767
-0.55065
-0.51996
-0.56265
-0.54966
-0.52007
-0.52007
0
0
0
5.4781
0
0
0
0
0
0
0
0
0
0
0
0
0
0
0
0
-0.65211
-0.6261
-0.60151
-0.58583
-0.60151
-0.56749
-0.61614
-0.60063
0
0
0
0
0
0
4.8513
0
0
0
0
0
0
0
0
0
0
0
0
0
0
0
-0.61548
-0.61494
-0.596
-0.56729
-0.596
-0.55668
0
0
0
0
0
0
0
0
0
6.6487
0
0
0
0
0
0
0
0
0
0
0
-3.1023
0
0
-1.0977
-1.0454
-0.99482
0
-0.99482
0
0
0
0
0
0
0
0
0
0
0
4.1327
0
0
0
0
0
0
0
0
0
0
0
0
0
-1.0977
-1.0454
-0.99482
0
-0.99482
0
0
0
0
0
0
0
0
0
0
0
0
4.1327
0
0
0
0
0
0
0
0
0
0
0
0
0
-0.37618
0
0
0
-0.34578
0
0
0
0
0
0
0
0
0
0
0
0
1.0305
0
0
0
-0.30859
0
0
0
0
0
0
0
0
0
0
-0.24032
0
0
0
0
0
0
-0.27228
0
0
0
0
0
0
0
0
0.63404
0
-0.12143
0
0
0
0
0
0
0
0
0
0
0
-0.22019
0
0
0
0
0
0
0
-0.24228
0
0
0
0
0
0
0
0
0.56697
0
0
0
0
0
0
0
-0.1045
0
0
0
0
0
0
0
0
0
0
0
0
0
0
0
0
0
0
0
0
-0.12143
0
0.12143
0
0
0
0
0
0
0
0
0
0
0
0
0
0
0
0
0
0
0
0
0
0
0
0
0
0
-0.30859
0
0
0
0.30859
0
0
0
0
0
0
0
-12.53
0
0
0
0
0
0
0
0
0
0
0
0
0
0
0
0
0
0
0
0
0
0
12.53
0
0
0
0
0
0
0
0
0
0
0
0
0
0
0
0
-8.3655
0
0
0
0
0
0
0
0
0
0
0
0
0
8.3655
0
0
0
0
0
-12.53
0
0
0
0
0
0
0
0
0
0
0
0
0
0
0
0
0
0
0
0
0
0
0
0
12.53
0
0
0
0
0
0
0
0
0
0
-9.8532
0
0
0
0
0
0
0
0
0
0
0
0
0
0
0
0
0
0
0
9.8532
0
0
0
0
0
0
0
0
0
0
0
0
0
0
0
0
0
0
-3.1023
0
0
0
0
0
0
0
0
0
0
0
3.1023
0
0
0
0
0
0
0
0
0
0
0
0
0
0
0
0
0
0
0
0
0
0
-0.1045
0
0
0
0
0
0
0
0.1045
0
0
0
0
0
0
0
0
0
0
0
0
0
-7.608
0
0
0
0
0
0
0
0
0
0
0
0
0
0
0
0
7.608
