15.3222
-0.78769
-0.78769
-0.80191
-0.75117
-0.81782
-0.81782
-0.80276
-0.80891
-0.76643
-0.77868
-0.7997
-0.78848
-0.80425
-0.86369
-0.80425
-0.84229
-0.99995
-0.91329
0
-0.58541
0
0
0
0
0
0
0
0
0
-0.78769
13.6787
-0.73738
-0.76548
-0.71576
-0.78028
-0.78028
-0.76374
-0.77542
-0.73193
-0.74216
-0.76262
-0.75013
-0.76545
-0.8203
-0.76545
-0.79801
0
-0.8804
0
-0.55616
0
0
0
0
0
0
0
0
0
-0.78769
-0.73738
13.6787
-0.76548
-0.71576
-0.78028
-0.78028
-0.76374
-0.77542
-0.73193
-0.74216
-0.76262
-0.75013
-0.76545
-0.8203
-0.76545
-0.79801
0
-0.8804
0
-0.55616
0
0
0
0
0
0
0
0
0
-0.80191
-0.76548
-0.76548
20.0951
-0.7281
-0.79537
-0.79537
-0.76685
-0.7791
-0.74533
-0.75442
-0.77591
-0.75197
-0.78441
-0.83583
-0.78441
-0.81205
0
-0.88805
0
0
0
0
0
0
0
0
0
0
-6.765
-0.75117
-0.71576
-0.71576
-0.7281
12.5305
-0.74743
-0.74743
-0.7303
-0.73581
-0.70055
-0.7073
-0.72794
-0.71754
-0.72995
-0.77273
-0.72995
-0.75537
0
-0.8174
0
0
0
0
0
0
0
0
0
0
0
-0.81782
-0.78028
-0.78028
-0.79537
-0.74743
11.9271
-0.7969
-0.8102
-0.82921
-0.75148
-0.76675
-0.78961
-0.78654
-0.80791
-0.85944
-0.80791
0
0
0
0
0
0
0
0
0
0
0
0
0
0
-0.81782
-0.78028
-0.78028
-0.79537
-0.74743
-0.7969
11.9271
-0.8102
-0.82921
-0.75148
-0.76675
-0.78961
-0.78654
-0.80791
-0.85944
-0.80791
0
0
0
0
0
0
0
0
0
0
0
0
0
0
-0.80276
-0.76374
-0.76374
-0.76685
-0.7303
-0.8102
-0.8102
15.3383
-0.76394
-0.73202
-0.7127
-0.74328
-0.7204
0
0
0
-0.82055
0
0
0
0
0
0
0
0
0
0
-5.3976
0
0
-0.80891
-0.77542
-0.77542
-0.7791
-0.73581
-0.82921
-0.82921
-0.76394
17.6854
-0.7575
-0.72785
-0.76678
0
0
0
0
0
-0.86642
0
0
0
0
-2.841
-5.4288
0
0
0
0
0
0
-0.76643
-0.73193
-0.73193
-0.74533
-0.70055
-0.75148
-0.75148
-0.73202
-0.7575
10.3366
-0.70194
-0.72925
-0.72319
-0.75681
0
-0.75681
0
0
0
0
0
0
0
0
0
0
0
0
0
0
-0.77868
-0.74216
-0.74216
-0.75442
-0.7073
-0.76675
-0.76675
-0.7127
-0.72785
-0.70194
9.8179
-0.73163
-0.70636
0
0
0
0
0
0
0
0
-0.97921
0
0
0
0
0
0
0
0
-0.7997
-0.76262
-0.76262
-0.77591
-0.72794
-0.78961
-0.78961
-0.74328
-0.76678
-0.72925
-0.73163
9.0775
-0.69856
0
0
0
0
0
0
0
0
0
0
0
0
0
0
0
0
0
-0.78848
-0.75013
-0.75013
-0.75197
-0.71754
-0.78654
-0.78654
-0.7204
0
-0.72319
-0.70636
-0.69856
12.3727
0
0
0
0
0
0
0
0
0
0
0
-4.1928
0
0
0
0
0
-0.80425
-0.76545
-0.76545
-0.78441
-0.72995
-0.80791
-0.80791
0
0
-0.75681
0
0
0
6.2222
0
0
0
0
0
0
0
0
0
0
0
0
0
0
0
0
-0.86369
-0.8203
-0.8203
-0.83583
-0.77273
-0.85944
-0.85944
0
0
0
0
0
0
0
6.8813
0
0
-1.0496
0
0
0
0
0
0
0
0
0
0
0
0
-0.80425
-0.76545
-0.76545
-0.78441
-0.72995
-0.80791
-0.80791
0
0
-0.75681
0
0
0
0
0
6.2222
0
0
0
0
0
0
0
0
0
0
0
0
0
0
-0.84229
-0.79801
-0.79801
-0.81205
-0.75537
0
0
-0.82055
0
0
0
0
0
0
0
0
5.8324
0
0
0
0
-1.0061
0
0
0
0
0
0
0
0
-0.99995
0
0
0
0
0
0
0
-0.86642
0
0
0
0
0
-1.0496
0
0
5.3738
0
-0.64161
0
0
-1.8162
0
0
0
0
0
0
0
-0.91329
-0.8804
-0.8804
-0.88805
-0.8174
0
0
0
0
0
0
0
0
0
0
0
0
0
4.3795
0
0
0
0
0
0
0
0
0
0
0
0
0
0
0
0
0
0
0
0
0
0
0
0
0
0
0
0
-0.64161
0
11.8045
-0.39824
-0.71378
0
0
0
-5.0254
-5.0254
0
0
0
-0.58541
-0.55616
-0.55616
0
0
0
0
0
0
0
0
0
0
0
0
0
0
0
0
-0.39824
2.2005
0
0
0
0
0
0
0
-0.1045
0
0
0
0
0
0
0
0
0
0
0
-0.97921
0
0
0
0
0
-1.0061
0
0
-0.71378
0
2.6991
0
0
0
0
0
0
0
0
0
0
0
0
0
0
0
0
-2.841
0
0
0
0
0
0
0
0
-1.8162
0
0
0
0
4.6572
0
0
0
0
0
0
0
0
0
0
0
0
0
0
0
-5.4288
0
0
0
0
0
0
0
0
0
0
0
0
0
0
5.4288
0
0
0
0
0
0
0
0
0
0
0
0
0
0
0
0
0
0
-4.1928
0
0
0
0
0
0
0
0
0
0
0
4.1928
0
0
0
0
0
0
0
0
0
0
0
0
0
0
0
0
0
0
0
0
0
0
0
0
-5.0254
0
0
0
0
0
5.0254
0
0
0
0
0
0
0
0
0
0
0
0
0
0
0
0
0
0
0
0
0
0
0
-5.0254
0
0
0
0
0
0
5.0254
0
0
0
0
0
0
0
0
0
0
-5.3976
0
0
0
0
0
0
0
0
0
0
0
0
0
0
0
0
0
0
0
5.3976
0
0
0
0
0
0
0
0
0
0
0
0
0
0
0
0
0
0
0
0
0
0
-0.1045
0
0
0
0
0
0
0
0.1045
0
0
0
0
-6.765
0
0
0
0
0
0
0
0
0
0
0
0
0
0
0
0
0
0
0
0
0
0
0
0
0
6.765
