26.4882
-0.95888
-0.94844
-0.84927
-0.84927
-0.84927
-1.0096
-0.91634
-0.90738
-0.90738
-0.90738
-0.90738
-0.90738
-0.90549
-0.74927
-0.82798
-0.74927
-0.835
-0.87584
-0.98137
-0.93586
-0.88858
0
0
-7.8216
0
0
0
0
0
-0.95888
25.8351
-0.95888
-0.85878
-0.85878
-0.85878
-1.0091
-0.91097
-0.90636
-0.90636
-0.90636
-0.90636
-0.90636
-0.91031
-0.74954
-0.82429
-0.74954
-0.83539
-0.87041
-0.98159
-0.93645
0
-0.29544
-7.7362
0
0
0
0
0
0
-0.94844
-0.95888
26.4882
-0.84927
-0.84927
-0.84927
-1.0096
-0.91634
-0.90738
-0.90738
-0.90738
-0.90738
-0.90738
-0.90549
-0.74927
-0.82798
-0.74927
-0.835
-0.87584
-0.98137
-0.93586
-0.88858
0
0
0
0
0
0
0
-7.8216
-0.84927
-0.85878
-0.84927
16.786
-0.7582
-0.7582
-0.90011
-0.82471
-0.81219
-0.81219
-0.81219
-0.81219
-0.81219
-0.8088
-0.67266
-0.7493
-0.67266
-0.74666
-0.79509
-0.86833
-0.82876
-0.78427
0
0
0
0
0
0
0
0
-0.84927
-0.85878
-0.84927
-0.7582
16.786
-0.7582
-0.90011
-0.82471
-0.81219
-0.81219
-0.81219
-0.81219
-0.81219
-0.8088
-0.67266
-0.7493
-0.67266
-0.74666
-0.79509
-0.86833
-0.82876
-0.78427
0
0
0
0
0
0
0
0
-0.84927
-0.85878
-0.84927
-0.7582
-0.7582
16.786
-0.90011
-0.82471
-0.81219
-0.81219
-0.81219
-0.81219
-0.81219
-0.8088
-0.67266
-0.7493
-0.67266
-0.74666
-0.79509
-0.86833
-0.82876
-0.78427
0
0
0
0
0
0
0
0
-1.0096
-1.0091
-1.0096
-0.90011
-0.90011
-0.90011
18.0541
-1.0041
-0.98423
-0.98423
-0.98423
-0.98423
-0.98423
-0.98476
-0.79871
-0.90633
-0.79871
-0.89717
-0.96032
-1.0543
0
0
0
0
0
0
0
0
0
0
-0.91634
-0.91097
-0.91634
-0.82471
-0.82471
-0.82471
-1.0041
20.957
-0.9328
-0.9328
-0.9328
-0.9328
-0.9328
-0.90885
-0.69293
-0.76601
-0.69293
-0.78335
0
0
0
0
0
0
0
0
-6.2271
0
0
0
-0.90738
-0.90636
-0.90738
-0.81219
-0.81219
-0.81219
-0.98423
-0.9328
15.2444
-0.83636
-0.83636
-0.83636
-0.83636
-0.91669
-0.71106
-0.81434
-0.71106
-0.80477
-0.86629
0
0
0
0
0
0
0
0
0
0
0
-0.90738
-0.90636
-0.90738
-0.81219
-0.81219
-0.81219
-0.98423
-0.9328
-0.83636
15.2444
-0.83636
-0.83636
-0.83636
-0.91669
-0.71106
-0.81434
-0.71106
-0.80477
-0.86629
0
0
0
0
0
0
0
0
0
0
0
-0.90738
-0.90636
-0.90738
-0.81219
-0.81219
-0.81219
-0.98423
-0.9328
-0.83636
-0.83636
15.2444
-0.83636
-0.83636
-0.91669
-0.71106
-0.81434
-0.71106
-0.80477
-0.86629
0
0
0
0
0
0
0
0
0
0
0
-0.90738
-0.90636
-0.90738
-0.81219
-0.81219
-0.81219
-0.98423
-0.9328
-0.83636
-0.83636
-0.83636
15.2444
-0.83636
-0.91669
-0.71106
-0.81434
-0.71106
-0.80477
-0.86629
0
0
0
0
0
0
0
0
0
0
0
-0.90738
-0.90636
-0.90738
-0.81219
-0.81219
-0.81219
-0.98423
-0.9328
-0.83636
-0.83636
-0.83636
-0.83636
15.2444
-0.91669
-0.71106
-0.81434
-0.71106
-0.80477
-0.86629
0
0
0
0
0
0
0
0
0
0
0
-0.90549
-0.91031
-0.90549
-0.8088
-0.8088
-0.8088
-0.98476
-0.90885
-0.91669
-0.91669
-0.91669
-0.91669
-0.91669
14.8218
-0.68124
-0.7607
-0.68124
-0.76928
0
0
0
0
-0.30461
0
0
0
0
0
0
0
-0.74927
-0.74954
-0.74927
-0.67266
-0.67266
-0.67266
-0.79871
-0.69293
-0.71106
-0.71106
-0.71106
-0.71106
-0.71106
-0.68124
11.8203
-0.61982
-0.57109
-0.63513
0
0
0
0
0
0
0
0
0
0
0
0
-0.82798
-0.82429
-0.82798
-0.7493
-0.7493
-0.7493
-0.90633
-0.76601
-0.81434
-0.81434
-0.81434
-0.81434
-0.81434
-0.7607
-0.61982
18.1251
-0.61982
0
0
0
0
0
0
0
0
0
0
0
-5.6526
0
-0.74927
-0.74954
-0.74927
-0.67266
-0.67266
-0.67266
-0.79871
-0.69293
-0.71106
-0.71106
-0.71106
-0.71106
-0.71106
-0.68124
-0.57109
-0.61982
11.8203
-0.63513
0
0
0
0
0
0
0
0
0
0
0
0
-0.835
-0.83539
-0.835
-0.74666
-0.74666
-0.74666
-0.89717
-0.78335
-0.80477
-0.80477
-0.80477
-0.80477
-0.80477
-0.76928
-0.63513
0
-0.63513
12.4893
0
0
0
0
0
0
0
0
0
0
0
0
-0.87584
-0.87041
-0.87584
-0.79509
-0.79509
-0.79509
-0.96032
0
-0.86629
-0.86629
-0.86629
-0.86629
-0.86629
0
0
0
0
0
13.3619
0
0
0
0
0
0
0
0
-3.0628
0
0
-0.98137
-0.98159
-0.98137
-0.86833
-0.86833
-0.86833
-1.0543
0
0
0
0
0
0
0
0
0
0
0
0
6.6036
0
0
0
0
0
0
0
0
0
0
-0.93586
-0.93645
-0.93586
-0.82876
-0.82876
-0.82876
0
0
0
0
0
0
0
0
0
0
0
0
0
0
5.2945
0
0
0
0
0
0
0
0
0
-0.88858
0
-0.88858
-0.78427
-0.78427
-0.78427
0
0
0
0
0
0
0
0
0
0
0
0
0
0
0
4.13
0
0
0
0
0
0
0
0
0
-0.29544
0
0
0
0
0
0
0
0
0
0
0
-0.30461
0
0
0
0
0
0
0
0
0.70455
0
0
-0.1045
0
0
0
0
0
-7.7362
0
0
0
0
0
0
0
0
0
0
0
0
0
0
0
0
0
0
0
0
0
7.7362
0
0
0
0
0
0
-7.8216
0
0
0
0
0
0
0
0
0
0
0
0
0
0
0
0
0
0
0
0
0
0
0
7.8216
0
0
0
0
0
0
0
0
0
0
0
0
0
0
0
0
0
0
0
0
0
0
0
0
0
0
0
-0.1045
0
0
0.1045
0
0
0
0
0
0
0
0
0
0
0
-6.2271
0
0
0
0
0
0
0
0
0
0
0
0
0
0
0
0
0
0
6.2271
0
0
0
0
0
0
0
0
0
0
0
0
0
0
0
0
0
0
0
0
0
-3.0628
0
0
0
0
0
0
0
0
3.0628
0
0
0
0
0
0
0
0
0
0
0
0
0
0
0
0
0
-5.6526
0
0
0
0
0
0
0
0
0
0
0
0
5.6526
0
0
0
-7.8216
0
0
0
0
0
0
0
0
0
0
0
0
0
0
0
0
0
0
0
0
0
0
0
0
0
0
7.8216
