14.0557
-0.49687
-0.47045
-0.46484
-0.46703
-0.46703
-0.42593
-0.41942
-0.42718
-0.41423
-0.41093
-0.43535
-0.41492
0
-0.31258
-0.25505
0
0
0
0
0
0
0
0
-8.1739
0
0
0
0
0
-0.49687
14.491
-0.45188
-0.45314
-0.47348
-0.47348
-0.41716
-0.41554
-0.43495
-0.41052
-0.4075
-0.42992
-0.41041
0
0
0
-0.40562
-1.0047
0
0
0
0
0
0
0
0
0
0
-7.8058
0
-0.47045
-0.45188
6.499
-0.44074
-0.46656
-0.46656
-0.40819
-0.40765
-0.44315
-0.39995
-0.39698
-0.41757
-0.397
0
0
0
-0.40856
-0.92379
0
0
0
0
0
0
0
0
0
0
0
0
-0.46484
-0.45314
-0.44074
6.0867
-0.4673
-0.4673
-0.40418
-0.40428
-0.44057
-0.39474
-0.39153
-0.41324
-0.39269
0
0
0
0
-0.95213
0
0
0
0
0
0
0
0
0
0
0
0
-0.46703
-0.47348
-0.46656
-0.4673
12.378
-0.47755
-0.41676
-0.41508
-0.43752
-0.40832
-0.40471
-0.42966
-0.41007
0
0
0
0
0
0
0
0
0
0
0
0
-7.1039
0
0
0
0
-0.46703
-0.47348
-0.46656
-0.4673
-0.47755
12.378
-0.41676
-0.41508
-0.43752
-0.40832
-0.40471
-0.42966
-0.41007
0
0
0
0
0
0
0
0
0
0
0
0
0
0
-7.1039
0
0
-0.42593
-0.41716
-0.40819
-0.40418
-0.41676
-0.41676
6.263
-0.34275
-0.38145
-0.35723
-0.35001
-0.36831
0
0
0
0
0
0
0
0
0
-1.9743
0
0
0
0
0
0
0
0
-0.41942
-0.41554
-0.40765
-0.40428
-0.41508
-0.41508
-0.34275
6.3478
-0.38642
-0.35749
-0.35032
-0.36812
0
0
0
0
0
0
0
-2.0657
0
0
0
0
0
0
0
0
0
0
-0.42718
-0.43495
-0.44315
-0.44057
-0.43752
-0.43752
-0.38145
-0.38642
15.3318
-0.38456
-0.36206
0
0
0
0
0
0
0
-4.2981
0
0
0
0
-6.8984
0
0
0
0
0
0
-0.41423
-0.41052
-0.39995
-0.39474
-0.40832
-0.40832
-0.35723
-0.35749
-0.38456
4.2308
-0.33569
-0.35978
0
0
0
0
0
0
0
0
0
0
0
0
0
0
0
0
0
0
-0.41093
-0.4075
-0.39698
-0.39153
-0.40471
-0.40471
-0.35001
-0.35032
-0.36206
-0.33569
3.8144
0
0
0
0
0
0
0
0
0
0
0
0
0
0
0
0
0
0
0
-0.43535
-0.42992
-0.41757
-0.41324
-0.42966
-0.42966
-0.36831
-0.36812
0
-0.35978
0
3.6516
0
0
0
0
0
0
0
0
0
0
0
0
0
0
0
0
0
0
-0.41492
-0.41041
-0.397
-0.39269
-0.41007
-0.41007
0
0
0
0
0
0
2.4352
0
0
0
0
0
0
0
0
0
0
0
0
0
0
0
0
0
0
0
0
0
0
0
0
0
0
0
0
0
0
12.4117
-0.35578
0
-0.49328
0
0
-1.9759
-5.4011
0
0
0
0
0
0
0
0
-4.1856
-0.31258
0
0
0
0
0
0
0
0
0
0
0
0
-0.35578
0.97291
-0.20004
0
0
0
0
0
0
-0.1045
0
0
0
0
0
0
0
-0.25505
0
0
0
0
0
0
0
0
0
0
0
0
0
-0.20004
3.3595
0
0
0
0
0
-2.4522
0
0
0
0
-0.45226
0
0
0
0
-0.40562
-0.40856
0
0
0
0
0
0
0
0
0
0
-0.49328
0
0
1.3075
0
0
0
0
0
0
0
0
0
0
0
0
0
0
-1.0047
-0.92379
-0.95213
0
0
0
0
0
0
0
0
0
0
0
0
0
2.8806
0
0
0
0
0
0
0
0
0
0
0
0
0
0
0
0
0
0
0
0
-4.2981
0
0
0
0
0
0
0
0
0
4.8527
0
-0.55465
0
0
0
0
0
0
0
0
0
0
0
0
0
0
0
0
-2.0657
0
0
0
0
0
-1.9759
0
0
0
0
0
4.0415
0
0
0
0
0
0
0
0
0
0
0
0
0
0
0
0
0
0
0
0
0
0
0
-5.4011
0
0
0
0
-0.55465
0
5.9558
0
0
0
0
0
0
0
0
0
0
0
0
0
0
0
-1.9743
0
0
0
0
0
0
0
0
-2.4522
0
0
0
0
0
4.4265
0
0
0
0
0
0
0
0
0
0
0
0
0
0
0
0
0
0
0
0
0
0
-0.1045
0
0
0
0
0
0
0
0.1045
0
0
0
0
0
0
0
0
0
0
0
0
0
0
0
-6.8984
0
0
0
0
0
0
0
0
0
0
0
0
0
0
6.8984
0
0
0
0
0
0
-8.1739
0
0
0
0
0
0
0
0
0
0
0
0
0
0
0
0
0
0
0
0
0
0
0
8.1739
0
0
0
0
0
0
0
0
0
-7.1039
0
0
0
0
0
0
0
0
0
0
0
0
0
0
0
0
0
0
0
0
7.1039
0
0
0
0
0
0
0
0
0
0
0
0
0
0
0
0
0
0
0
-0.45226
0
0
0
0
0
0
0
0
0
0
0.45226
0
0
0
0
0
0
0
0
-7.1039
0
0
0
0
0
0
0
0
0
0
0
0
0
0
0
0
0
0
0
0
0
7.1039
0
0
0
-7.8058
0
0
0
0
0
0
0
0
0
0
0
0
0
0
0
0
0
0
0
0
0
0
0
0
0
0
7.8058
0
0
0
0
0
0
0
0
0
0
0
0
0
0
-4.1856
0
0
0
0
0
0
0
0
0
0
0
0
0
0
0
4.1856
