19.7666
-0.55834
-0.58557
-0.55834
-0.53539
-0.52544
-0.56585
-0.61312
-0.53228
-0.53228
-0.53228
-0.53228
-0.53228
-0.52017
-0.58363
-0.52017
0
-0.47285
-0.47285
-0.18257
0
0
0
0
-10.4109
0
0
0
0
0
-0.55834
9.1524
-0.59815
-0.54084
-0.53773
-0.5355
-0.57287
-0.61496
-0.52769
-0.52769
-0.52769
-0.52769
-0.52769
-0.51131
-0.60274
-0.51131
0
-0.4651
-0.4651
0
0
0
0
0
0
0
0
0
0
0
-0.58557
-0.59815
18.616
-0.59815
-0.54554
-0.54353
-0.57874
-0.62188
-0.54586
-0.54586
-0.54586
-0.54586
-0.54586
-0.53276
-0.58786
-0.53276
0
0
0
0
0
-0.19256
-9.9691
0
0
0
0
0
0
0
-0.55834
-0.54084
-0.59815
9.1524
-0.53773
-0.5355
-0.57287
-0.61496
-0.52769
-0.52769
-0.52769
-0.52769
-0.52769
-0.51131
-0.60274
-0.51131
0
-0.4651
-0.4651
0
0
0
0
0
0
0
0
0
0
0
-0.53539
-0.53773
-0.54554
-0.53773
17.2239
-0.51338
-0.53555
-0.57573
-0.50345
-0.50345
-0.50345
-0.50345
-0.50345
-0.48776
-0.54652
-0.48776
0
0
0
0
0
0
0
0
0
0
0
0
0
-9.4036
-0.52544
-0.5355
-0.54353
-0.5355
-0.51338
16.722
-0.53308
-0.56555
-0.49676
-0.49676
-0.49676
-0.49676
-0.49676
-0.4922
0
-0.4922
-0.29193
0
0
0
0
0
0
-9.2099
0
0
0
0
0
0
-0.56585
-0.57287
-0.57874
-0.57287
-0.53555
-0.53308
15.2299
-0.62376
-0.54998
-0.54998
-0.54998
-0.54998
-0.54998
0
0
0
-0.3168
0
0
0
0
0
0
0
0
0
0
0
-8.1804
0
-0.61312
-0.61496
-0.62188
-0.61496
-0.57573
-0.56555
-0.62376
14.6933
-0.59228
-0.59228
-0.59228
-0.59228
-0.59228
0
0
0
0
0
0
0
0
0
0
0
0
0
0
-7.5019
0
0
-0.53228
-0.52769
-0.54586
-0.52769
-0.50345
-0.49676
-0.54998
-0.59228
6.1904
-0.47859
-0.47859
-0.47859
-0.47859
0
0
0
0
0
0
0
0
0
0
0
0
0
0
0
0
0
-0.53228
-0.52769
-0.54586
-0.52769
-0.50345
-0.49676
-0.54998
-0.59228
-0.47859
6.1904
-0.47859
-0.47859
-0.47859
0
0
0
0
0
0
0
0
0
0
0
0
0
0
0
0
0
-0.53228
-0.52769
-0.54586
-0.52769
-0.50345
-0.49676
-0.54998
-0.59228
-0.47859
-0.47859
6.1904
-0.47859
-0.47859
0
0
0
0
0
0
0
0
0
0
0
0
0
0
0
0
0
-0.53228
-0.52769
-0.54586
-0.52769
-0.50345
-0.49676
-0.54998
-0.59228
-0.47859
-0.47859
-0.47859
6.1904
-0.47859
0
0
0
0
0
0
0
0
0
0
0
0
0
0
0
0
0
-0.53228
-0.52769
-0.54586
-0.52769
-0.50345
-0.49676
-0.54998
-0.59228
-0.47859
-0.47859
-0.47859
-0.47859
6.1904
0
0
0
0
0
0
0
0
0
0
0
0
0
0
0
0
0
-0.52017
-0.51131
-0.53276
-0.51131
-0.48776
-0.4922
0
0
0
0
0
0
0
3.0555
0
0
0
0
0
0
0
0
0
0
0
0
0
0
0
0
-0.58363
-0.60274
-0.58786
-0.60274
-0.54652
0
0
0
0
0
0
0
0
0
3.028
0
0
0
0
0
0
0
0
0
0
0
-0.1045
0
0
0
-0.52017
-0.51131
-0.53276
-0.51131
-0.48776
-0.4922
0
0
0
0
0
0
0
0
0
3.0555
0
0
0
0
0
0
0
0
0
0
0
0
0
0
0
0
0
0
0
-0.29193
-0.3168
0
0
0
0
0
0
0
0
0
0.78428
0
0
0
0
0
0
0
0
-0.17555
0
0
0
0
-0.47285
-0.4651
0
-0.4651
0
0
0
0
0
0
0
0
0
0
0
0
0
1.403
0
0
0
0
0
0
0
0
0
0
0
0
-0.47285
-0.4651
0
-0.4651
0
0
0
0
0
0
0
0
0
0
0
0
0
0
1.403
0
0
0
0
0
0
0
0
0
0
0
-0.18257
0
0
0
0
0
0
0
0
0
0
0
0
0
0
0
0
0
0
2.7711
-2.5885
0
0
0
0
0
0
0
0
0
0
0
0
0
0
0
0
0
0
0
0
0
0
0
0
0
0
0
0
-2.5885
5.2157
-2.6272
0
0
0
0
0
0
0
0
0
0
-0.19256
0
0
0
0
0
0
0
0
0
0
0
0
0
0
0
0
0
-2.6272
2.8197
0
0
0
0
0
0
0
0
0
0
-9.9691
0
0
0
0
0
0
0
0
0
0
0
0
0
0
0
0
0
0
0
9.9691
0
0
0
0
0
0
0
0
0
0
0
0
-9.2099
0
0
0
0
0
0
0
0
0
0
0
0
0
0
0
0
0
9.2099
0
0
0
0
0
0
-10.4109
0
0
0
0
0
0
0
0
0
0
0
0
0
0
0
0
0
0
0
0
0
0
0
10.4109
0
0
0
0
0
0
0
0
0
0
0
0
0
0
0
0
0
0
0
0
0
-0.17555
0
0
0
0
0
0
0
0
0.17555
0
0
0
0
0
0
0
0
0
0
0
0
0
0
0
0
0
0
-0.1045
0
0
0
0
0
0
0
0
0
0
0
0.1045
0
0
0
0
0
0
0
0
0
0
-7.5019
0
0
0
0
0
0
0
0
0
0
0
0
0
0
0
0
0
0
0
7.5019
0
0
0
0
0
0
0
0
-8.1804
0
0
0
0
0
0
0
0
0
0
0
0
0
0
0
0
0
0
0
0
0
8.1804
0
0
0
0
0
-9.4036
0
0
0
0
0
0
0
0
0
0
0
0
0
0
0
0
0
0
0
0
0
0
0
0
9.4036
