11.8506
-0.4216
-0.37659
-0.37659
-0.37659
-0.37659
-0.39555
-0.37659
-0.35706
-0.31984
-0.40258
-0.3674
-0.3674
-0.35491
0
-0.1045
0
0
-0.19261
0
0
0
0
0
-6.6841
0
0
0
0
0
-0.4216
11.2308
-0.40585
-0.40585
-0.40585
-0.40585
-0.42348
-0.40585
-0.37997
-0.34113
-0.42541
-0.39254
-0.39254
-0.37877
0
0
0
0
0
-0.21255
0
0
0
0
0
0
0
0
0
-5.8336
-0.37659
-0.40585
9.6327
-0.37043
-0.37043
-0.37043
-0.38326
-0.37043
-0.33901
-0.30018
-0.37293
-0.34732
-0.34732
-0.33588
0
0
0
0
0
0
-4.9427
0
0
0
0
0
0
0
0
0
-0.37659
-0.40585
-0.37043
9.6327
-0.37043
-0.37043
-0.38326
-0.37043
-0.33901
-0.30018
-0.37293
-0.34732
-0.34732
-0.33588
0
0
0
0
0
0
0
0
0
0
0
-4.9427
0
0
0
0
-0.37659
-0.40585
-0.37043
-0.37043
9.6327
-0.37043
-0.38326
-0.37043
-0.33901
-0.30018
-0.37293
-0.34732
-0.34732
-0.33588
0
0
0
0
0
0
0
0
0
0
0
0
0
-4.9427
0
0
-0.37659
-0.40585
-0.37043
-0.37043
-0.37043
9.6327
-0.38326
-0.37043
-0.33901
-0.30018
-0.37293
-0.34732
-0.34732
-0.33588
0
0
0
0
0
0
0
-4.9427
0
0
0
0
0
0
0
0
-0.39555
-0.42348
-0.38326
-0.38326
-0.38326
-0.38326
11.7335
-0.38326
-0.34431
-0.32594
-0.35044
-0.3534
-0.3534
-0.34166
0
0
-6.929
0
0
0
0
0
0
0
0
0
0
0
0
0
-0.37659
-0.40585
-0.37043
-0.37043
-0.37043
-0.37043
-0.38326
9.6327
-0.33901
-0.30018
-0.37293
-0.34732
-0.34732
-0.33588
0
0
0
0
0
0
0
0
0
0
0
0
-4.9427
0
0
0
-0.35706
-0.37997
-0.33901
-0.33901
-0.33901
-0.33901
-0.34431
-0.33901
4.1018
-0.30128
-0.35237
-0.33585
-0.33585
0
0
0
0
0
0
0
0
0
0
0
0
0
0
0
0
0
-0.31984
-0.34113
-0.30018
-0.30018
-0.30018
-0.30018
-0.32594
-0.30018
-0.30128
15.8318
0
0
0
0
0
0
0
0
0
0
0
0
-6.5214
-6.5214
0
0
0
0
0
0
-0.40258
-0.42541
-0.37293
-0.37293
-0.37293
-0.37293
-0.35044
-0.37293
-0.35237
0
5.834
0
0
0
-2.4385
0
0
0
0
0
0
0
0
0
0
0
0
0
0
0
-0.3674
-0.39254
-0.34732
-0.34732
-0.34732
-0.34732
-0.3534
-0.34732
-0.33585
0
0
3.1858
0
0
0
0
0
0
0
0
0
0
0
0
0
0
0
0
0
0
-0.3674
-0.39254
-0.34732
-0.34732
-0.34732
-0.34732
-0.3534
-0.34732
-0.33585
0
0
0
3.1858
0
0
0
0
0
0
0
0
0
0
0
0
0
0
0
0
0
-0.35491
-0.37877
-0.33588
-0.33588
-0.33588
-0.33588
-0.34166
-0.33588
0
0
0
0
0
2.7547
0
0
0
0
0
0
0
0
0
0
0
0
0
0
0
0
0
0
0
0
0
0
0
0
0
0
-2.4385
0
0
0
6.9826
-2.9921
-1.552
0
0
0
0
0
0
0
0
0
0
0
0
0
-0.1045
0
0
0
0
0
0
0
0
0
0
0
0
0
-2.9921
5.2733
0
0
0
0
0
0
0
0
0
0
0
0
-2.1767
0
0
0
0
0
0
0
-6.929
0
0
0
0
0
0
0
-1.552
0
8.481
0
0
0
0
0
0
0
0
0
0
0
0
0
0
0
0
0
0
0
0
0
0
0
0
0
0
0
0
0
0
3.2676
-1.6563
-1.6112
0
0
0
0
0
0
0
0
0
0
-0.19261
0
0
0
0
0
0
0
0
0
0
0
0
0
0
0
0
-1.6563
1.849
0
0
0
0
0
0
0
0
0
0
0
0
-0.21255
0
0
0
0
0
0
0
0
0
0
0
0
0
0
0
-1.6112
0
1.8238
0
0
0
0
0
0
0
0
0
0
0
0
-4.9427
0
0
0
0
0
0
0
0
0
0
0
0
0
0
0
0
0
4.9427
0
0
0
0
0
0
0
0
0
0
0
0
0
0
-4.9427
0
0
0
0
0
0
0
0
0
0
0
0
0
0
0
4.9427
0
0
0
0
0
0
0
0
0
0
0
0
0
0
0
0
0
-6.5214
0
0
0
0
0
0
0
0
0
0
0
0
6.5214
0
0
0
0
0
0
0
0
0
0
0
0
0
0
0
0
-6.5214
0
0
0
0
0
0
0
0
0
0
0
0
0
6.5214
0
0
0
0
0
0
-6.6841
0
0
0
0
0
0
0
0
0
0
0
0
0
0
0
0
0
0
0
0
0
0
0
6.6841
0
0
0
0
0
0
0
0
-4.9427
0
0
0
0
0
0
0
0
0
0
0
0
0
0
0
0
0
0
0
0
0
4.9427
0
0
0
0
0
0
0
0
0
0
0
-4.9427
0
0
0
0
0
0
0
0
0
0
0
0
0
0
0
0
0
0
4.9427
0
0
0
0
0
0
0
-4.9427
0
0
0
0
0
0
0
0
0
0
0
0
0
0
0
0
0
0
0
0
0
0
4.9427
0
0
0
0
0
0
0
0
0
0
0
0
0
0
0
0
0
-2.1767
0
0
0
0
0
0
0
0
0
0
0
0
2.1767
0
0
-5.8336
0
0
0
0
0
0
0
0
0
0
0
0
0
0
0
0
0
0
0
0
0
0
0
0
0
0
0
5.8336
