32.7349
-0.77536
-0.76475
-0.7571
-0.75916
-0.75905
-0.75183
-0.74023
-0.77669
-0.77669
-0.75014
-0.7595
-0.7646
-0.7646
-0.7429
-0.78607
-0.78607
-0.61829
-1.0069
0
-1.618
0
0
-8.6385
-8.6385
0
0
0
0
0
-0.77536
22.4179
-0.76061
-0.75734
-0.75617
-0.76528
-0.75078
-0.73593
-0.77249
-0.77249
-0.74553
-0.77181
-0.75844
-0.75844
-0.74647
-0.77881
-0.77881
-0.64032
-0.98869
0
-1.5828
0
0
0
0
0
0
0
0
-7.0213
-0.76475
-0.76061
14.9922
-0.74305
-0.73463
-0.74607
-0.73149
-0.71401
-0.74899
-0.74899
-0.72287
-0.75689
-0.73433
-0.73433
-0.72976
-0.75311
-0.75311
-0.64399
-0.94521
0
-1.526
0
0
0
0
0
0
0
0
0
-0.7571
-0.75734
-0.74305
13.7521
-0.73025
-0.73736
-0.73172
-0.71075
-0.74538
-0.74538
-0.71922
-0.74625
-0.73111
-0.73111
-0.72999
-0.74988
-0.74988
-0.63403
-0.92989
-0.37241
0
0
0
0
0
0
0
0
0
0
-0.75916
-0.75617
-0.73463
-0.73025
13.3287
-0.73721
-0.72361
-0.70638
-0.74094
-0.74094
-0.71514
-0.74728
-0.72651
-0.72651
-0.72163
-0.74505
-0.74505
-0.6378
-0.93445
0
0
0
0
0
0
0
0
0
0
0
-0.75905
-0.76528
-0.74607
-0.73736
-0.73721
17.7511
-0.73975
-0.71415
-0.74996
-0.74996
-0.72347
-0.74966
-0.73562
-0.73562
-0.72504
-0.75515
-0.75515
0
0
0
0
0
0
0
0
0
0
-5.8726
0
0
-0.75183
-0.75078
-0.73149
-0.73172
-0.72361
-0.73975
12.0689
-0.70086
-0.73568
-0.73568
-0.7093
-0.73828
-0.72072
-0.72072
-0.72218
-0.73911
-0.73911
0
0
-0.3781
0
0
0
0
0
0
0
0
0
0
-0.74023
-0.73593
-0.71401
-0.71075
-0.70638
-0.71415
-0.70086
11.3998
-0.71577
-0.71577
-0.68992
-0.72252
-0.70017
-0.70017
-0.69732
-0.7179
-0.7179
0
0
0
0
0
0
0
0
0
0
0
0
0
-0.77669
-0.77249
-0.74899
-0.74538
-0.74094
-0.74996
-0.73568
-0.71577
10.4508
-0.73614
-0.72728
-0.77191
-0.74287
-0.74287
-0.74378
0
0
0
0
0
0
0
0
0
0
0
0
0
0
0
-0.77669
-0.77249
-0.74899
-0.74538
-0.74094
-0.74996
-0.73568
-0.71577
-0.73614
10.4508
-0.72728
-0.77191
-0.74287
-0.74287
-0.74378
0
0
0
0
0
0
0
0
0
0
0
0
0
0
0
-0.75014
-0.74553
-0.72287
-0.71922
-0.71514
-0.72347
-0.7093
-0.68992
-0.72728
-0.72728
9.3643
-0.72026
-0.70694
-0.70694
0
0
0
0
0
0
0
0
0
0
0
0
0
0
0
0
-0.7595
-0.77181
-0.75689
-0.74625
-0.74728
-0.74966
-0.73828
-0.72252
-0.77191
-0.77191
-0.72026
11.5831
0
0
0
0
0
0
0
0
0
0
0
0
0
-3.3268
0
0
0
0
-0.7646
-0.75844
-0.73433
-0.73111
-0.72651
-0.73562
-0.72072
-0.70017
-0.74287
-0.74287
-0.70694
0
8.7806
-0.71644
0
0
0
0
0
0
0
0
0
0
0
0
0
0
0
0
-0.7646
-0.75844
-0.73433
-0.73111
-0.72651
-0.73562
-0.72072
-0.70017
-0.74287
-0.74287
-0.70694
0
-0.71644
8.7806
0
0
0
0
0
0
0
0
0
0
0
0
0
0
0
0
-0.7429
-0.74647
-0.72976
-0.72999
-0.72163
-0.72504
-0.72218
-0.69732
-0.74378
-0.74378
0
0
0
0
9.9071
0
0
0
0
0
0
0
-2.6043
0
0
0
0
0
0
0
-0.78607
-0.77881
-0.75311
-0.74988
-0.74505
-0.75515
-0.73911
-0.7179
0
0
0
0
0
0
0
6.0251
0
0
0
0
0
0
0
0
0
0
0
0
0
0
-0.78607
-0.77881
-0.75311
-0.74988
-0.74505
-0.75515
-0.73911
-0.7179
0
0
0
0
0
0
0
0
6.0251
0
0
0
0
0
0
0
0
0
0
0
0
0
-0.61829
-0.64032
-0.64399
-0.63403
-0.6378
0
0
0
0
0
0
0
0
0
0
0
0
3.2789
0
0
0
0
0
0
0
0
0
0
-0.1045
0
-1.0069
-0.98869
-0.94521
-0.92989
-0.93445
0
0
0
0
0
0
0
0
0
0
0
0
0
4.8052
0
0
0
0
0
0
0
0
0
0
0
0
0
0
-0.37241
0
0
-0.3781
0
0
0
0
0
0
0
0
0
0
0
0
5.49
0
-3.2198
0
0
0
0
-1.5197
0
0
0
-1.618
-1.5828
-1.526
0
0
0
0
0
0
0
0
0
0
0
0
0
0
0
0
0
4.7268
0
0
0
0
0
0
0
0
0
0
0
0
0
0
0
0
0
0
0
0
0
0
0
0
0
0
0
0
-3.2198
0
3.6899
-0.47007
0
0
0
0
0
0
0
0
0
0
0
0
0
0
0
0
0
0
0
0
0
-2.6043
0
0
0
0
0
0
-0.47007
3.0743
0
0
0
0
0
0
0
-8.6385
0
0
0
0
0
0
0
0
0
0
0
0
0
0
0
0
0
0
0
0
0
0
8.6385
0
0
0
0
0
0
-8.6385
0
0
0
0
0
0
0
0
0
0
0
0
0
0
0
0
0
0
0
0
0
0
0
8.6385
0
0
0
0
0
0
0
0
0
0
0
0
0
0
0
0
-3.3268
0
0
0
0
0
0
0
0
0
0
0
0
0
3.3268
0
0
0
0
0
0
0
0
0
0
0
0
0
0
0
0
0
0
0
0
0
0
0
-1.5197
0
0
0
0
0
0
1.5197
0
0
0
0
0
0
0
0
-5.8726
0
0
0
0
0
0
0
0
0
0
0
0
0
0
0
0
0
0
0
0
0
5.8726
0
0
0
0
0
0
0
0
0
0
0
0
0
0
0
0
0
0
0
-0.1045
0
0
0
0
0
0
0
0
0
0
0.1045
0
0
-7.0213
0
0
0
0
0
0
0
0
0
0
0
0
0
0
0
0
0
0
0
0
0
0
0
0
0
0
0
7.0213
