16.4226
-0.62246
-0.60344
-0.60618
-0.60618
-0.57429
-0.57472
-0.57429
-0.57429
-0.57429
-0.50617
-0.55283
-0.50617
-0.50617
-0.54252
-0.55776
-0.20562
0
0
0
0
0
0
0
0
0
0
0
0
-7.7352
-0.62246
16.4132
-0.60205
-0.60648
-0.60648
-0.57618
-0.57432
-0.57618
-0.57618
-0.57618
-0.50709
-0.55258
-0.50709
-0.50709
-0.54343
-0.57014
0
0
-0.24528
0
0
0
-7.664
0
0
0
0
0
0
0
-0.60344
-0.60205
28.9551
-0.58893
-0.58893
-0.56452
-0.55955
-0.56452
-0.56452
-0.56452
-0.49947
-0.53787
-0.49947
-0.49947
-0.53538
-0.52791
0
0
0
0
-10.3273
0
0
-10.3273
0
0
0
0
0
0
-0.60618
-0.60648
-0.58893
15.4263
-0.6072
-0.57578
-0.57568
-0.57578
-0.57578
-0.57578
-0.5055
-0.55516
-0.5055
-0.5055
-0.5421
-0.54831
0
0
0
0
0
0
0
0
0
0
0
0
-6.9767
0
-0.60618
-0.60648
-0.58893
-0.6072
15.4263
-0.57578
-0.57568
-0.57578
-0.57578
-0.57578
-0.5055
-0.55516
-0.5055
-0.5055
-0.5421
-0.54831
0
0
0
0
0
0
0
0
0
0
0
-6.9767
0
0
-0.57429
-0.57618
-0.56452
-0.57578
-0.57578
8.0009
-0.55646
-0.5234
-0.5234
-0.5234
-0.47815
-0.5278
-0.47815
-0.47815
-0.5151
-0.5303
0
0
0
0
0
0
0
0
0
0
0
0
0
0
-0.57472
-0.57432
-0.55955
-0.57568
-0.57568
-0.55646
13.5508
-0.55646
-0.55646
-0.55646
-0.47012
-0.522
-0.47012
-0.47012
-0.50895
0
0
0
0
0
0
0
0
0
-6.0237
0
0
0
0
0
-0.57429
-0.57618
-0.56452
-0.57578
-0.57578
-0.5234
-0.55646
8.0009
-0.5234
-0.5234
-0.47815
-0.5278
-0.47815
-0.47815
-0.5151
-0.5303
0
0
0
0
0
0
0
0
0
0
0
0
0
0
-0.57429
-0.57618
-0.56452
-0.57578
-0.57578
-0.5234
-0.55646
-0.5234
8.0009
-0.5234
-0.47815
-0.5278
-0.47815
-0.47815
-0.5151
-0.5303
0
0
0
0
0
0
0
0
0
0
0
0
0
0
-0.57429
-0.57618
-0.56452
-0.57578
-0.57578
-0.5234
-0.55646
-0.5234
-0.5234
8.0009
-0.47815
-0.5278
-0.47815
-0.47815
-0.5151
-0.5303
0
0
0
0
0
0
0
0
0
0
0
0
0
0
-0.50617
-0.50709
-0.49947
-0.5055
-0.5055
-0.47815
-0.47012
-0.47815
-0.47815
-0.47815
6.6164
-0.44723
-0.40891
-0.40891
-0.44492
0
0
0
0
0
0
0
0
0
0
0
0
0
0
0
-0.55283
-0.55258
-0.53787
-0.55516
-0.55516
-0.5278
-0.522
-0.5278
-0.5278
-0.5278
-0.44723
11.9261
-0.44723
-0.44723
0
0
0
0
0
0
0
-5.1976
0
0
0
0
0
0
0
0
-0.50617
-0.50709
-0.49947
-0.5055
-0.5055
-0.47815
-0.47012
-0.47815
-0.47815
-0.47815
-0.40891
-0.44723
6.6164
-0.40891
-0.44492
0
0
0
0
0
0
0
0
0
0
0
0
0
0
0
-0.50617
-0.50709
-0.49947
-0.5055
-0.5055
-0.47815
-0.47012
-0.47815
-0.47815
-0.47815
-0.40891
-0.44723
-0.40891
6.6164
-0.44492
0
0
0
0
0
0
0
0
0
0
0
0
0
0
0
-0.54252
-0.54343
-0.53538
-0.5421
-0.5421
-0.5151
-0.50895
-0.5151
-0.5151
-0.5151
-0.44492
0
-0.44492
-0.44492
6.6096
0
0
0
0
0
0
0
0
0
0
0
0
0
0
0
-0.55776
-0.57014
-0.52791
-0.54831
-0.54831
-0.5303
0
-0.5303
-0.5303
-0.5303
0
0
0
0
0
8.2634
-0.20502
-0.22955
0
0
0
0
0
0
0
0
-2.9552
0
0
0
-0.20562
0
0
0
0
0
0
0
0
0
0
0
0
0
0
-0.20502
0.51514
0
0
0
0
0
0
0
0
-0.1045
0
0
0
0
0
0
0
0
0
0
0
0
0
0
0
0
0
0
0
-0.22955
0
2.2532
0
-2.0237
0
0
0
0
0
0
0
0
0
0
0
-0.24528
0
0
0
0
0
0
0
0
0
0
0
0
0
0
0
0
2.1595
-1.9142
0
0
0
0
0
0
0
0
0
0
0
0
0
0
0
0
0
0
0
0
0
0
0
0
0
0
0
-2.0237
-1.9142
3.9379
0
0
0
0
0
0
0
0
0
0
0
0
-10.3273
0
0
0
0
0
0
0
0
0
0
0
0
0
0
0
0
0
10.3273
0
0
0
0
0
0
0
0
0
0
0
0
0
0
0
0
0
0
0
0
-5.1976
0
0
0
0
0
0
0
0
0
5.1976
0
0
0
0
0
0
0
0
0
-7.664
0
0
0
0
0
0
0
0
0
0
0
0
0
0
0
0
0
0
0
0
7.664
0
0
0
0
0
0
0
0
0
-10.3273
0
0
0
0
0
0
0
0
0
0
0
0
0
0
0
0
0
0
0
0
10.3273
0
0
0
0
0
0
0
0
0
0
0
0
-6.0237
0
0
0
0
0
0
0
0
0
0
0
0
0
0
0
0
0
6.0237
0
0
0
0
0
0
0
0
0
0
0
0
0
0
0
0
0
0
0
0
0
-0.1045
0
0
0
0
0
0
0
0
0.1045
0
0
0
0
0
0
0
0
0
0
0
0
0
0
0
0
0
0
0
-2.9552
0
0
0
0
0
0
0
0
0
0
2.9552
0
0
0
0
0
0
0
-6.9767
0
0
0
0
0
0
0
0
0
0
0
0
0
0
0
0
0
0
0
0
0
0
6.9767
0
0
0
0
0
-6.9767
0
0
0
0
0
0
0
0
0
0
0
0
0
0
0
0
0
0
0
0
0
0
0
0
6.9767
0
-7.7352
0
0
0
0
0
0
0
0
0
0
0
0
0
0
0
0
0
0
0
0
0
0
0
0
0
0
0
0
7.7352
