26.8673
-0.85719
-0.82719
-0.82719
-0.82719
-0.81662
-0.79819
-0.78232
-0.78232
-0.78232
-0.79693
-0.87191
-0.83047
-0.85578
-0.84489
-0.84489
-0.8139
-0.8139
-0.96789
-0.7152
-0.24974
0
0
0
0
0
-10.9613
0
0
0
-0.85719
16.26
-0.8301
-0.8301
-0.8301
-0.83941
-0.80299
-0.78723
-0.78723
-0.78723
-0.80224
-0.87646
-0.83614
-0.86195
-0.8511
-0.8511
-0.81957
-0.81957
-0.93321
-0.71941
0
-0.53771
0
0
0
0
0
0
0
0
-0.82719
-0.8301
15.0077
-0.77912
-0.77912
-0.80499
-0.76218
-0.74782
-0.74782
-0.74782
-0.76046
-0.83713
-0.79196
-0.81509
-0.81566
-0.81566
-0.77579
-0.77579
-0.91188
-0.68208
0
0
0
0
0
0
0
0
0
0
-0.82719
-0.8301
-0.77912
15.0077
-0.77912
-0.80499
-0.76218
-0.74782
-0.74782
-0.74782
-0.76046
-0.83713
-0.79196
-0.81509
-0.81566
-0.81566
-0.77579
-0.77579
-0.91188
-0.68208
0
0
0
0
0
0
0
0
0
0
-0.82719
-0.8301
-0.77912
-0.77912
15.0077
-0.80499
-0.76218
-0.74782
-0.74782
-0.74782
-0.76046
-0.83713
-0.79196
-0.81509
-0.81566
-0.81566
-0.77579
-0.77579
-0.91188
-0.68208
0
0
0
0
0
0
0
0
0
0
-0.81662
-0.83941
-0.80499
-0.80499
-0.80499
14.5648
-0.75673
-0.74191
-0.74191
-0.74191
-0.7545
-0.82352
-0.78558
-0.80883
-0.80218
-0.80218
-0.76991
-0.76991
0
-0.67975
0
0
-0.51501
0
0
0
0
0
0
0
-0.79819
-0.80299
-0.76218
-0.76218
-0.76218
-0.75673
13.5944
-0.71916
-0.71916
-0.71916
-0.72994
-0.80434
-0.75974
-0.78125
-0.786
-0.786
-0.74398
-0.74398
0
-0.65726
0
0
0
0
0
0
0
0
0
0
-0.78232
-0.78723
-0.74782
-0.74782
-0.74782
-0.74191
-0.71916
12.6859
-0.69284
-0.69284
-0.71727
-0.78876
-0.74646
-0.76765
-0.77202
-0.77202
-0.73095
-0.73095
0
0
0
0
0
0
0
0
0
0
0
0
-0.78232
-0.78723
-0.74782
-0.74782
-0.74782
-0.74191
-0.71916
-0.69284
12.6859
-0.69284
-0.71727
-0.78876
-0.74646
-0.76765
-0.77202
-0.77202
-0.73095
-0.73095
0
0
0
0
0
0
0
0
0
0
0
0
-0.78232
-0.78723
-0.74782
-0.74782
-0.74782
-0.74191
-0.71916
-0.69284
-0.69284
12.6859
-0.71727
-0.78876
-0.74646
-0.76765
-0.77202
-0.77202
-0.73095
-0.73095
0
0
0
0
0
0
0
0
0
0
0
0
-0.79693
-0.80224
-0.76046
-0.76046
-0.76046
-0.7545
-0.72994
-0.71727
-0.71727
-0.71727
11.401
-0.8026
-0.7629
-0.7876
0
0
-0.76554
-0.76554
0
0
0
0
0
0
0
0
0
0
0
0
-0.87191
-0.87646
-0.83713
-0.83713
-0.83713
-0.82352
-0.80434
-0.78876
-0.78876
-0.78876
-0.8026
18.187
-0.81715
0
0
0
0
0
0
0
0
0
0
0
-8.3133
0
0
0
0
0
-0.83047
-0.83614
-0.79196
-0.79196
-0.79196
-0.78558
-0.75974
-0.74646
-0.74646
-0.74646
-0.7629
-0.81715
10.2085
-0.80122
0
0
0
0
0
0
0
0
0
0
0
0
0
0
0
0
-0.85578
-0.86195
-0.81509
-0.81509
-0.81509
-0.80883
-0.78125
-0.76765
-0.76765
-0.76765
-0.7876
0
-0.80122
9.6449
0
0
0
0
0
0
0
0
0
0
0
0
0
0
0
0
-0.84489
-0.8511
-0.81566
-0.81566
-0.81566
-0.80218
-0.786
-0.77202
-0.77202
-0.77202
0
0
0
0
15.2329
0
0
0
0
0
0
0
0
0
0
0
0
0
0
-7.1857
-0.84489
-0.8511
-0.81566
-0.81566
-0.81566
-0.80218
-0.786
-0.77202
-0.77202
-0.77202
0
0
0
0
0
15.2329
0
0
0
0
0
0
0
0
0
-7.1857
0
0
0
0
-0.8139
-0.81957
-0.77579
-0.77579
-0.77579
-0.76991
-0.74398
-0.73095
-0.73095
-0.73095
-0.76554
0
0
0
0
0
8.4331
0
0
0
0
0
0
0
0
0
0
0
0
0
-0.8139
-0.81957
-0.77579
-0.77579
-0.77579
-0.76991
-0.74398
-0.73095
-0.73095
-0.73095
-0.76554
0
0
0
0
0
0
8.4331
0
0
0
0
0
0
0
0
0
0
0
0
-0.96789
-0.93321
-0.91188
-0.91188
-0.91188
0
0
0
0
0
0
0
0
0
0
0
0
0
7.6869
0
-0.42163
0
0
0
0
0
0
-2.6286
0
0
-0.7152
-0.71941
-0.68208
-0.68208
-0.68208
-0.67975
-0.65726
0
0
0
0
0
0
0
0
0
0
0
0
4.8178
0
0
0
0
0
0
0
0
0
0
-0.24974
0
0
0
0
0
0
0
0
0
0
0
0
0
0
0
0
0
-0.42163
0
0.77587
0
0
0
0
0
0
0
-0.1045
0
0
-0.53771
0
0
0
0
0
0
0
0
0
0
0
0
0
0
0
0
0
0
0
3.0643
0
-2.5266
0
0
0
0
0
0
0
0
0
0
0
-0.51501
0
0
0
0
0
0
0
0
0
0
0
0
0
0
0
0
3.062
-2.547
0
0
0
0
0
0
0
0
0
0
0
0
0
0
0
0
0
0
0
0
0
0
0
0
0
0
0
-2.5266
-2.547
5.0736
0
0
0
0
0
0
0
0
0
0
0
0
0
0
0
0
0
-8.3133
0
0
0
0
0
0
0
0
0
0
0
0
8.3133
0
0
0
0
0
0
0
0
0
0
0
0
0
0
0
0
0
0
0
0
-7.1857
0
0
0
0
0
0
0
0
0
7.1857
0
0
0
0
-10.9613
0
0
0
0
0
0
0
0
0
0
0
0
0
0
0
0
0
0
0
0
0
0
0
0
0
10.9613
0
0
0
0
0
0
0
0
0
0
0
0
0
0
0
0
0
0
0
0
0
-2.6286
0
0
0
0
0
0
0
0
2.6286
0
0
0
0
0
0
0
0
0
0
0
0
0
0
0
0
0
0
0
0
0
0
-0.1045
0
0
0
0
0
0
0
0.1045
0
0
0
0
0
0
0
0
0
0
0
0
0
0
0
-7.1857
0
0
0
0
0
0
0
0
0
0
0
0
0
0
7.1857
