17.0567
-0.85847
-0.85847
-0.88755
-0.889
-0.81554
-0.8425
-0.81554
-0.8425
-0.72839
-0.72839
-0.78913
-0.78913
-0.86017
-0.79771
-0.79771
-0.80095
-0.80095
-0.94244
-1.3559
-0.85634
0
0
0
0
0
0
0
0
0
-0.85847
17.0567
-0.85847
-0.88755
-0.889
-0.81554
-0.8425
-0.81554
-0.8425
-0.72839
-0.72839
-0.78913
-0.78913
-0.86017
-0.79771
-0.79771
-0.80095
-0.80095
-0.94244
-1.3559
-0.85634
0
0
0
0
0
0
0
0
0
-0.85847
-0.85847
17.0567
-0.88755
-0.889
-0.81554
-0.8425
-0.81554
-0.8425
-0.72839
-0.72839
-0.78913
-0.78913
-0.86017
-0.79771
-0.79771
-0.80095
-0.80095
-0.94244
-1.3559
-0.85634
0
0
0
0
0
0
0
0
0
-0.88755
-0.88755
-0.88755
29.5812
-0.81284
-0.81366
-0.78588
-0.81366
-0.78588
-0.71472
-0.71472
-0.77429
-0.77429
-0.77866
-0.78714
-0.78714
-0.79117
-0.79117
0
0
0
0
0
-7.9967
0
0
0
0
0
-7.9967
-0.889
-0.889
-0.889
-0.81284
20.3982
-0.81661
-0.80892
-0.81661
-0.80892
-0.71769
-0.71769
-0.77778
-0.77778
-0.80905
-0.78878
-0.78878
-0.79244
-0.79244
0
0
0
-0.38244
0
0
0
-6.3224
0
0
0
0
-0.81554
-0.81554
-0.81554
-0.81366
-0.81661
13.769
-0.79075
-0.74401
-0.79075
-0.66656
-0.66656
-0.72277
-0.72277
-0.77685
-0.73063
-0.73063
-0.73368
-0.73368
-0.88245
0
0
0
0
0
0
0
0
0
0
0
-0.8425
-0.8425
-0.8425
-0.78588
-0.80892
-0.79075
18.9742
-0.79075
-0.78306
-0.6735
-0.6735
-0.73007
-0.73007
-0.75844
-0.73949
-0.73949
-0.74298
-0.74298
0
0
0
0
0
0
0
0
-5.9568
0
0
0
-0.81554
-0.81554
-0.81554
-0.81366
-0.81661
-0.74401
-0.79075
13.769
-0.79075
-0.66656
-0.66656
-0.72277
-0.72277
-0.77685
-0.73063
-0.73063
-0.73368
-0.73368
-0.88245
0
0
0
0
0
0
0
0
0
0
0
-0.8425
-0.8425
-0.8425
-0.78588
-0.80892
-0.79075
-0.78306
-0.79075
18.9742
-0.6735
-0.6735
-0.73007
-0.73007
-0.75844
-0.73949
-0.73949
-0.74298
-0.74298
0
0
0
0
0
0
-5.9568
0
0
0
0
0
-0.72839
-0.72839
-0.72839
-0.71472
-0.71769
-0.66656
-0.6735
-0.66656
-0.6735
11.4281
-0.58684
-0.63914
-0.63914
-0.67993
-0.64482
-0.64482
-0.64786
-0.64786
0
0
0
0
0
0
0
0
0
0
0
0
-0.72839
-0.72839
-0.72839
-0.71472
-0.71769
-0.66656
-0.6735
-0.66656
-0.6735
-0.58684
11.4281
-0.63914
-0.63914
-0.67993
-0.64482
-0.64482
-0.64786
-0.64786
0
0
0
0
0
0
0
0
0
0
0
0
-0.78913
-0.78913
-0.78913
-0.77429
-0.77778
-0.72277
-0.73007
-0.72277
-0.73007
-0.63914
-0.63914
10.9755
-0.67004
-0.76054
-0.72076
-0.72076
0
0
0
0
0
0
0
0
0
0
0
0
0
0
-0.78913
-0.78913
-0.78913
-0.77429
-0.77778
-0.72277
-0.73007
-0.72277
-0.73007
-0.63914
-0.63914
-0.67004
10.9755
-0.76054
-0.72076
-0.72076
0
0
0
0
0
0
0
0
0
0
0
0
0
0
-0.86017
-0.86017
-0.86017
-0.77866
-0.80905
-0.77685
-0.75844
-0.77685
-0.75844
-0.67993
-0.67993
-0.76054
-0.76054
13.5932
0
0
0
0
0
0
0
0
0
0
0
0
0
0
-3.4735
0
-0.79771
-0.79771
-0.79771
-0.78714
-0.78878
-0.73063
-0.73949
-0.73063
-0.73949
-0.64482
-0.64482
-0.72076
-0.72076
0
9.6405
0
0
0
0
0
0
0
0
0
0
0
0
0
0
0
-0.79771
-0.79771
-0.79771
-0.78714
-0.78878
-0.73063
-0.73949
-0.73063
-0.73949
-0.64482
-0.64482
-0.72076
-0.72076
0
0
9.6405
0
0
0
0
0
0
0
0
0
0
0
0
0
0
-0.80095
-0.80095
-0.80095
-0.79117
-0.79244
-0.73368
-0.74298
-0.73368
-0.74298
-0.64786
-0.64786
0
0
0
0
0
8.2355
0
0
0
0
0
0
0
0
0
0
0
0
0
-0.80095
-0.80095
-0.80095
-0.79117
-0.79244
-0.73368
-0.74298
-0.73368
-0.74298
-0.64786
-0.64786
0
0
0
0
0
0
8.2355
0
0
0
0
0
0
0
0
0
0
0
0
-0.94244
-0.94244
-0.94244
0
0
-0.88245
0
-0.88245
0
0
0
0
0
0
0
0
0
0
5.8237
0
0
0
-1.2315
0
0
0
0
0
0
0
-1.3559
-1.3559
-1.3559
0
0
0
0
0
0
0
0
0
0
0
0
0
0
0
0
5.3458
0
0
-1.2782
0
0
0
0
0
0
0
-0.85634
-0.85634
-0.85634
0
0
0
0
0
0
0
0
0
0
0
0
0
0
0
0
0
2.569
0
0
0
0
0
0
0
0
0
0
0
0
0
-0.38244
0
0
0
0
0
0
0
0
0
0
0
0
0
0
0
0
3.8215
-1.7601
0
0
0
0
-1.679
0
0
0
0
0
0
0
0
0
0
0
0
0
0
0
0
0
0
0
0
-1.2315
-1.2782
0
-1.7601
4.2697
0
0
0
0
0
0
0
0
0
0
-7.9967
0
0
0
0
0
0
0
0
0
0
0
0
0
0
0
0
0
0
0
7.9967
0
0
0
0
0
0
0
0
0
0
0
0
0
0
-5.9568
0
0
0
0
0
0
0
0
0
0
0
0
0
0
0
5.9568
0
0
0
0
0
0
0
0
0
-6.3224
0
0
0
0
0
0
0
0
0
0
0
0
0
0
0
0
0
0
0
0
6.3224
0
0
0
0
0
0
0
0
0
0
-5.9568
0
0
0
0
0
0
0
0
0
0
0
0
0
0
0
0
0
0
0
5.9568
0
0
0
0
0
0
0
0
0
0
0
0
0
0
0
0
0
0
0
0
0
0
0
0
-1.679
0
0
0
0
0
1.679
0
0
0
0
0
0
0
0
0
0
0
0
0
0
0
-3.4735
0
0
0
0
0
0
0
0
0
0
0
0
0
0
3.4735
0
0
0
0
-7.9967
0
0
0
0
0
0
0
0
0
0
0
0
0
0
0
0
0
0
0
0
0
0
0
0
0
7.9967
