18.9364
-0.55421
-0.55421
-0.55638
-0.55739
-0.5549
-0.55745
-0.55745
-0.55461
-0.55461
-0.55762
-0.56941
-0.56394
-0.56084
-0.58289
0
0
0
0
-5.5503
0
0
0
0
0
-5.5503
0
0
0
0
-0.55421
18.9364
-0.55421
-0.55638
-0.55739
-0.5549
-0.55745
-0.55745
-0.55461
-0.55461
-0.55762
-0.56941
-0.56394
-0.56084
-0.58289
0
0
-5.5503
0
0
0
0
0
-5.5503
0
0
0
0
0
0
-0.55421
-0.55421
18.9364
-0.55638
-0.55739
-0.5549
-0.55745
-0.55745
-0.55461
-0.55461
-0.55762
-0.56941
-0.56394
-0.56084
-0.58289
0
0
0
0
0
0
0
0
0
-5.5503
0
0
0
0
-5.5503
-0.55638
-0.55638
-0.55638
12.5771
-0.55925
-0.55691
-0.5595
-0.5595
-0.55631
-0.55631
-0.55983
-0.56996
-0.56458
-0.56295
-0.58302
0
0
0
0
0
0
0
0
0
0
0
0
-4.7199
0
0
-0.55739
-0.55739
-0.55739
-0.55925
7.3146
-0.55728
-0.5595
-0.5595
-0.55668
-0.55668
-0.55986
-0.57014
0
-0.56254
0
-0.601
0
0
0
0
0
0
0
0
0
0
0
0
0
0
-0.5549
-0.5549
-0.5549
-0.55691
-0.55728
9.268
-0.55728
-0.55728
-0.55225
-0.55225
-0.55839
0
0
-0.56051
0
0
0
0
0
0
0
-3.1512
0
0
0
0
0
0
0
0
-0.55745
-0.55745
-0.55745
-0.5595
-0.5595
-0.55728
5.582
-0.56323
-0.55518
-0.55518
-0.55978
0
0
0
0
0
0
0
0
0
0
0
0
0
0
0
0
0
0
0
-0.55745
-0.55745
-0.55745
-0.5595
-0.5595
-0.55728
-0.56323
5.582
-0.55518
-0.55518
-0.55978
0
0
0
0
0
0
0
0
0
0
0
0
0
0
0
0
0
0
0
-0.55461
-0.55461
-0.55461
-0.55631
-0.55668
-0.55225
-0.55518
-0.55518
5.651
0
0
0
0
0
0
0
0
0
0
0
0
0
0
0
0
0
-1.2116
0
0
0
-0.55461
-0.55461
-0.55461
-0.55631
-0.55668
-0.55225
-0.55518
-0.55518
0
5.651
0
0
0
0
0
0
-1.2116
0
0
0
0
0
0
0
0
0
0
0
0
0
-0.55762
-0.55762
-0.55762
-0.55983
-0.55986
-0.55839
-0.55978
-0.55978
0
0
4.4705
0
0
0
0
0
0
0
0
0
0
0
0
0
0
0
0
0
0
0
-0.56941
-0.56941
-0.56941
-0.56996
-0.57014
0
0
0
0
0
0
3.4629
0
0
0
0
0
0
0
0
0
0
-0.61461
0
0
0
0
0
0
0
-0.56394
-0.56394
-0.56394
-0.56458
0
0
0
0
0
0
0
0
3.46
0
0
-0.59153
0
0
0
0
-0.61203
0
0
0
0
0
0
0
0
0
-0.56084
-0.56084
-0.56084
-0.56295
-0.56254
-0.56051
0
0
0
0
0
0
0
3.3685
0
0
0
0
0
0
0
0
0
0
0
0
0
0
0
0
-0.58289
-0.58289
-0.58289
-0.58302
0
0
0
0
0
0
0
0
0
0
2.9512
0
0
0
0
0
0
0
0
0
0
0
0
0
-0.61946
0
0
0
0
0
-0.601
0
0
0
0
0
0
0
-0.59153
0
0
1.8013
0
0
-0.60878
0
0
0
0
0
0
0
0
0
0
0
0
0
0
0
0
0
0
0
0
-1.2116
0
0
0
0
0
0
1.2116
0
0
0
0
0
0
0
0
0
0
0
0
0
0
-5.5503
0
0
0
0
0
0
0
0
0
0
0
0
0
0
0
5.5503
0
0
0
0
0
0
0
0
0
0
0
0
0
0
0
0
0
0
0
0
0
0
0
0
0
0
0
-0.60878
0
0
0.60878
0
0
0
0
0
0
0
0
0
0
0
-5.5503
0
0
0
0
0
0
0
0
0
0
0
0
0
0
0
0
0
0
5.5503
0
0
0
0
0
0
0
0
0
0
0
0
0
0
0
0
0
0
0
0
0
0
-0.61203
0
0
0
0
0
0
0
0.61203
0
0
0
0
0
0
0
0
0
0
0
0
0
0
-3.1512
0
0
0
0
0
0
0
0
0
0
0
0
0
0
0
3.1512
0
0
0
0
0
0
0
0
0
0
0
0
0
0
0
0
0
0
0
-0.61461
0
0
0
0
0
0
0
0
0
0
0.61461
0
0
0
0
0
0
0
0
-5.5503
0
0
0
0
0
0
0
0
0
0
0
0
0
0
0
0
0
0
0
0
0
5.5503
0
0
0
0
0
0
0
0
-5.5503
0
0
0
0
0
0
0
0
0
0
0
0
0
0
0
0
0
0
0
0
0
5.5503
0
0
0
0
0
-5.5503
0
0
0
0
0
0
0
0
0
0
0
0
0
0
0
0
0
0
0
0
0
0
0
0
5.5503
0
0
0
0
0
0
0
0
0
0
0
0
-1.2116
0
0
0
0
0
0
0
0
0
0
0
0
0
0
0
0
0
1.2116
0
0
0
0
0
0
-4.7199
0
0
0
0
0
0
0
0
0
0
0
0
0
0
0
0
0
0
0
0
0
0
0
4.7199
0
0
0
0
0
0
0
0
0
0
0
0
0
0
0
0
-0.61946
0
0
0
0
0
0
0
0
0
0
0
0
0
0.61946
0
0
0
-5.5503
0
0
0
0
0
0
0
0
0
0
0
0
0
0
0
0
0
0
0
0
0
0
0
0
0
0
5.5503
