24.7978
-0.65647
-0.65309
-0.66064
-0.65563
-0.66042
-0.66808
-0.66208
-0.65305
-0.66208
-0.64702
-0.6603
-0.66322
-0.84751
-0.58318
-0.58318
-0.58318
0
0
0
0
0
0
0
0
-7.1494
-7.1494
0
0
0
-0.65647
10.392
-0.64807
-0.65413
-0.64913
-0.65362
-0.65926
-0.65406
-0.64658
-0.65406
-0.64084
-0.6536
-0.65656
-0.82011
-0.58184
-0.58184
-0.58184
0
0
0
0
0
0
0
0
0
0
0
0
0
-0.65309
-0.64807
9.355
-0.67866
-0.6551
-0.66054
-0.66629
-0.66096
-0.65281
-0.66096
-0.64651
-0.66035
-0.66366
-0.85
0
0
0
-0.59796
0
0
0
0
0
0
0
0
0
0
0
0
-0.66064
-0.65413
-0.67866
14.3383
-0.66423
-0.66691
-0.67536
-0.6696
-0.6585
-0.6696
-0.65186
-0.66582
-0.67176
0
0
0
0
0
-0.60035
0
0
0
0
0
0
0
0
0
0
-5.7509
-0.65563
-0.64913
-0.6551
-0.66423
8.7174
-0.65826
-0.66414
-0.65938
-0.65012
-0.65938
-0.64385
-0.65719
-0.66235
-0.83866
0
0
0
0
0
0
0
0
0
0
0
0
0
0
0
0
-0.66042
-0.65362
-0.66054
-0.66691
-0.65826
7.9192
-0.67083
-0.66276
-0.65198
-0.66276
-0.64539
-0.65959
-0.66614
0
0
0
0
0
0
0
0
0
0
0
0
0
0
0
0
0
-0.66808
-0.65926
-0.66629
-0.67536
-0.66414
-0.67083
12.1268
-0.67358
-0.65837
-0.67358
-0.65106
-0.66591
0
0
0
0
0
0
0
0
0
0
0
0
0
0
0
0
-4.8003
0
-0.66208
-0.65406
-0.66096
-0.6696
-0.65938
-0.66276
-0.67358
11.0451
-0.65361
-0.66283
-0.63949
0
0
0
0
0
0
0
0
0
0
0
0
0
0
0
0
-4.4467
0
0
-0.65305
-0.64658
-0.65281
-0.6585
-0.65012
-0.65198
-0.65837
-0.65361
7.1646
-0.65361
-0.63562
-0.65034
0
0
0
0
0
0
0
0
0
0
0
0
0
0
0
0
0
0
-0.66208
-0.65406
-0.66096
-0.6696
-0.65938
-0.66276
-0.67358
-0.66283
-0.65361
11.0451
-0.63949
0
0
0
0
0
0
0
0
0
-4.4467
0
0
0
0
0
0
0
0
0
-0.64702
-0.64084
-0.64651
-0.65186
-0.64385
-0.64539
-0.65106
-0.63949
-0.63562
-0.63949
6.4411
0
0
0
0
0
0
0
0
0
0
0
0
0
0
0
0
0
0
0
-0.6603
-0.6536
-0.66035
-0.66582
-0.65719
-0.65959
-0.66591
0
-0.65034
0
0
5.2731
0
0
0
0
0
0
0
0
0
0
0
0
0
0
0
0
0
0
-0.66322
-0.65656
-0.66366
-0.67176
-0.66235
-0.66614
0
0
0
0
0
0
5.9335
0
0
0
0
0
0
0
0
-1.9498
0
0
0
0
0
0
0
0
-0.84751
-0.82011
-0.85
0
-0.83866
0
0
0
0
0
0
0
0
3.3563
0
0
0
0
0
0
0
0
0
0
0
0
0
0
0
0
-0.58318
-0.58184
0
0
0
0
0
0
0
0
0
0
0
0
1.7173
0
0
0
0
0
0
0
-0.55225
0
0
0
0
0
0
0
-0.58318
-0.58184
0
0
0
0
0
0
0
0
0
0
0
0
0
1.7173
0
0
0
0
0
0
0
0
-0.55225
0
0
0
0
0
-0.58318
-0.58184
0
0
0
0
0
0
0
0
0
0
0
0
0
0
1.7173
0
0
0
0
0
0
-0.55225
0
0
0
0
0
0
0
0
-0.59796
0
0
0
0
0
0
0
0
0
0
0
0
0
0
1.6939
0
-1.0959
0
0
0
0
0
0
0
0
0
0
0
0
0
-0.60035
0
0
0
0
0
0
0
0
0
0
0
0
0
0
1.7017
-1.1014
0
0
0
0
0
0
0
0
0
0
0
0
0
0
0
0
0
0
0
0
0
0
0
0
0
0
0
-1.0959
-1.1014
2.1973
0
0
0
0
0
0
0
0
0
0
0
0
0
0
0
0
0
0
0
-4.4467
0
0
0
0
0
0
0
0
0
0
4.4467
0
0
0
0
0
0
0
0
0
0
0
0
0
0
0
0
0
0
0
0
0
-1.9498
0
0
0
0
0
0
0
0
1.9498
0
0
0
0
0
0
0
0
0
0
0
0
0
0
0
0
0
0
0
0
0
0
-0.55225
0
0
0
0
0
0
0
0.55225
0
0
0
0
0
0
0
0
0
0
0
0
0
0
0
0
0
0
0
0
0
0
0
-0.55225
0
0
0
0
0
0
0.55225
0
0
0
0
0
0
0
0
0
0
0
0
0
0
0
0
0
0
0
0
0
-0.55225
0
0
0
0
0
0
0
0
0.55225
0
0
0
0
0
-7.1494
0
0
0
0
0
0
0
0
0
0
0
0
0
0
0
0
0
0
0
0
0
0
0
0
7.1494
0
0
0
0
-7.1494
0
0
0
0
0
0
0
0
0
0
0
0
0
0
0
0
0
0
0
0
0
0
0
0
0
7.1494
0
0
0
0
0
0
0
0
0
0
-4.4467
0
0
0
0
0
0
0
0
0
0
0
0
0
0
0
0
0
0
0
4.4467
0
0
0
0
0
0
0
0
-4.8003
0
0
0
0
0
0
0
0
0
0
0
0
0
0
0
0
0
0
0
0
0
4.8003
0
0
0
0
-5.7509
0
0
0
0
0
0
0
0
0
0
0
0
0
0
0
0
0
0
0
0
0
0
0
0
0
5.7509
