10.7357
-0.60739
-0.58734
-0.60739
-0.58734
-0.57241
-0.56862
-0.58929
-0.5425
-0.66666
-0.66666
-0.66666
-0.66666
-0.53217
-0.53425
-0.52231
-0.43106
-0.73355
0
0
0
-0.65345
0
0
0
0
0
0
0
0
-0.60739
19.9334
-0.60764
-0.61434
-0.60764
-0.5959
-0.59087
-0.60317
-0.55202
-0.69291
-0.69291
-0.69291
-0.69291
-0.54781
-0.55567
-0.49921
-0.4502
-0.77306
0
0
0
0
0
0
0
0
0
0
0
-9.5568
-0.58734
-0.60764
11.2103
-0.60764
-0.54215
-0.57828
-0.575
-0.59809
-0.54848
-0.67283
-0.67283
-0.67283
-0.67283
-0.53167
-0.53991
-0.52868
-0.43545
-0.74361
0
0
-1.095
0
0
0
0
0
0
0
0
0
-0.60739
-0.61434
-0.60764
19.9334
-0.60764
-0.5959
-0.59087
-0.60317
-0.55202
-0.69291
-0.69291
-0.69291
-0.69291
-0.54781
-0.55567
-0.49921
-0.4502
-0.77306
0
0
0
0
0
0
0
-9.5568
0
0
0
0
-0.58734
-0.60764
-0.54215
-0.60764
11.2103
-0.57828
-0.575
-0.59809
-0.54848
-0.67283
-0.67283
-0.67283
-0.67283
-0.53167
-0.53991
-0.52868
-0.43545
-0.74361
0
0
-1.095
0
0
0
0
0
0
0
0
0
-0.57241
-0.5959
-0.57828
-0.5959
-0.57828
8.8797
-0.61951
-0.61171
-0.54572
-0.66756
-0.66756
-0.66756
-0.66756
-0.53664
-0.53777
0
-0.43736
0
0
0
0
0
0
0
0
0
0
0
0
0
-0.56862
-0.59087
-0.575
-0.59087
-0.575
-0.61951
8.8577
-0.67874
-0.55001
-0.66782
-0.66782
-0.66782
-0.66782
-0.53962
0
0
0
0
0
-0.29019
0
-0.60799
0
0
0
0
0
0
0
0
-0.58929
-0.60317
-0.59809
-0.60317
-0.59809
-0.61171
-0.67874
17.0838
-0.54041
-0.68528
-0.68528
-0.68528
-0.68528
0
-0.56784
0
-0.46042
0
0
0
0
0
0
0
0
0
0
-8.4917
0
0
-0.5425
-0.55202
-0.54848
-0.55202
-0.54848
-0.54572
-0.55001
-0.54041
15.3104
-0.63162
-0.63162
-0.63162
-0.63162
0
-0.51763
0
0
0
0
0
0
0
0
0
-7.8867
0
0
0
0
0
-0.66666
-0.69291
-0.67283
-0.69291
-0.67283
-0.66756
-0.66782
-0.68528
-0.63162
6.0504
0
0
0
0
0
0
0
0
0
0
0
0
0
0
0
0
0
0
0
0
-0.66666
-0.69291
-0.67283
-0.69291
-0.67283
-0.66756
-0.66782
-0.68528
-0.63162
0
6.0504
0
0
0
0
0
0
0
0
0
0
0
0
0
0
0
0
0
0
0
-0.66666
-0.69291
-0.67283
-0.69291
-0.67283
-0.66756
-0.66782
-0.68528
-0.63162
0
0
6.0504
0
0
0
0
0
0
0
0
0
0
0
0
0
0
0
0
0
0
-0.66666
-0.69291
-0.67283
-0.69291
-0.67283
-0.66756
-0.66782
-0.68528
-0.63162
0
0
0
6.0504
0
0
0
0
0
0
0
0
0
0
0
0
0
0
0
0
0
-0.53217
-0.54781
-0.53167
-0.54781
-0.53167
-0.53664
-0.53962
0
0
0
0
0
0
3.9083
0
0
0
0
-0.14087
0
0
0
0
0
0
0
0
0
0
0
-0.53425
-0.55567
-0.53991
-0.55567
-0.53991
-0.53777
0
-0.56784
-0.51763
0
0
0
0
0
4.3487
0
0
0
0
0
0
0
0
0
0
0
0
0
0
0
-0.52231
-0.49921
-0.52868
-0.49921
-0.52868
0
0
0
0
0
0
0
0
0
0
17.7054
0
0
0
0
0
0
0
-7.5636
0
0
-7.5636
0
0
0
-0.43106
-0.4502
-0.43545
-0.4502
-0.43545
-0.43736
0
-0.46042
0
0
0
0
0
0
0
0
3.1001
0
0
0
0
0
0
0
0
0
0
0
0
0
-0.73355
-0.77306
-0.74361
-0.77306
-0.74361
0
0
0
0
0
0
0
0
0
0
0
0
3.7669
0
0
0
0
0
0
0
0
0
0
0
0
0
0
0
0
0
0
0
0
0
0
0
0
0
-0.14087
0
0
0
0
0.72432
0
0
-0.26514
0
0
0
0
0
0
-0.31831
0
0
0
0
0
0
0
-0.29019
0
0
0
0
0
0
0
0
0
0
0
0
2.363
-0.95439
0
-1.1184
0
0
0
0
0
0
0
0
0
-1.095
0
-1.095
0
0
0
0
0
0
0
0
0
0
0
0
0
0
-0.95439
3.1444
0
0
0
0
0
0
0
0
0
-0.65345
0
0
0
0
0
-0.60799
0
0
0
0
0
0
0
0
0
0
0
-0.26514
0
0
1.5266
0
0
0
0
0
0
0
0
0
0
0
0
0
0
0
0
0
0
0
0
0
0
0
0
0
0
0
-1.1184
0
0
1.1184
0
0
0
0
0
0
0
0
0
0
0
0
0
0
0
0
0
0
0
0
0
0
-7.5636
0
0
0
0
0
0
0
7.5636
0
0
0
0
0
0
0
0
0
0
0
0
0
0
-7.8867
0
0
0
0
0
0
0
0
0
0
0
0
0
0
0
7.8867
0
0
0
0
0
0
0
0
-9.5568
0
0
0
0
0
0
0
0
0
0
0
0
0
0
0
0
0
0
0
0
0
9.5568
0
0
0
0
0
0
0
0
0
0
0
0
0
0
0
0
0
0
0
-7.5636
0
0
0
0
0
0
0
0
0
0
7.5636
0
0
0
0
0
0
0
0
0
0
-8.4917
0
0
0
0
0
0
0
0
0
0
0
0
0
0
0
0
0
0
0
8.4917
0
0
0
0
0
0
0
0
0
0
0
0
0
0
0
0
0
0
0
0
-0.31831
0
0
0
0
0
0
0
0
0
0.31831
0
0
-9.5568
0
0
0
0
0
0
0
0
0
0
0
0
0
0
0
0
0
0
0
0
0
0
0
0
0
0
0
9.5568
