23.4728
-1.174
-1.174
-1.174
-0.9853
-0.9853
-0.98776
-0.9853
-0.99668
-0.9853
-0.91215
-0.99234
-0.97681
-0.99308
-0.99793
-1.045
-1.045
-1.045
-0.99745
-1.0121
-1.0112
-0.967
-1.0341
0
-0.99579
0
0
0
0
0
-1.174
30.4225
-1.1772
-1.1772
-0.99897
-0.99897
-1.0152
-0.99897
-1.0128
-0.99897
-0.92366
-1.0051
-0.99179
-1.0059
-1.0108
-1.0579
-1.0579
-1.0579
-1.0103
-1.0246
-1.0237
-0.97901
-1.0472
0
0
0
0
0
0
-7.6746
-1.174
-1.1772
30.4225
-1.1772
-0.99897
-0.99897
-1.0152
-0.99897
-1.0128
-0.99897
-0.92366
-1.0051
-0.99179
-1.0059
-1.0108
-1.0579
-1.0579
-1.0579
-1.0103
-1.0246
-1.0237
-0.97901
-1.0472
0
0
0
0
-7.6746
0
0
-1.174
-1.1772
-1.1772
30.4225
-0.99897
-0.99897
-1.0152
-0.99897
-1.0128
-0.99897
-0.92366
-1.0051
-0.99179
-1.0059
-1.0108
-1.0579
-1.0579
-1.0579
-1.0103
-1.0246
-1.0237
-0.97901
-1.0472
0
0
0
0
0
-7.6746
0
-0.9853
-0.99897
-0.99897
-0.99897
19.0427
-0.82054
-0.85373
-0.82054
-0.85266
-0.82054
-0.76452
-0.82998
-0.81743
-0.83054
-0.8342
-0.87308
-0.87308
-0.87308
-0.83381
-0.84489
-0.84424
-0.80842
-0.86516
0
0
0
0
0
0
0
-0.9853
-0.99897
-0.99897
-0.99897
-0.82054
19.0427
-0.85373
-0.82054
-0.85266
-0.82054
-0.76452
-0.82998
-0.81743
-0.83054
-0.8342
-0.87308
-0.87308
-0.87308
-0.83381
-0.84489
-0.84424
-0.80842
-0.86516
0
0
0
0
0
0
0
-0.98776
-1.0152
-1.0152
-1.0152
-0.85373
-0.85373
19.0892
-0.85373
-0.84713
-0.85373
-0.76014
-0.82505
-0.80518
-0.82548
-0.82891
-0.8675
-0.8675
-0.8675
-0.82852
-0.83966
-0.8391
-0.80361
0
0
-0.83573
0
0
0
0
0
-0.9853
-0.99897
-0.99897
-0.99897
-0.82054
-0.82054
-0.85373
19.0427
-0.85266
-0.82054
-0.76452
-0.82998
-0.81743
-0.83054
-0.8342
-0.87308
-0.87308
-0.87308
-0.83381
-0.84489
-0.84424
-0.80842
-0.86516
0
0
0
0
0
0
0
-0.99668
-1.0128
-1.0128
-1.0128
-0.85266
-0.85266
-0.84713
-0.85266
18.9422
-0.85266
-0.75762
-0.82129
-0.80506
-0.82129
-0.8253
-0.8637
-0.8637
-0.8637
-0.82492
-0.8354
-0.83475
-0.7995
0
-0.7331
0
0
0
0
0
0
-0.9853
-0.99897
-0.99897
-0.99897
-0.82054
-0.82054
-0.85373
-0.82054
-0.85266
19.0427
-0.76452
-0.82998
-0.81743
-0.83054
-0.8342
-0.87308
-0.87308
-0.87308
-0.83381
-0.84489
-0.84424
-0.80842
-0.86516
0
0
0
0
0
0
0
-0.91215
-0.92366
-0.92366
-0.92366
-0.76452
-0.76452
-0.76014
-0.76452
-0.75762
-0.76452
16.7999
-0.76673
-0.75066
-0.76684
-0.76951
-0.80498
-0.80498
-0.80498
-0.76915
-0.77887
-0.7784
-0.74578
0
0
0
0
0
0
0
0
-0.99234
-1.0051
-1.0051
-1.0051
-0.82998
-0.82998
-0.82505
-0.82998
-0.82129
-0.82998
-0.76673
17.4896
-0.83381
-0.84534
-0.847
-0.88657
-0.88657
-0.88657
-0.84661
-0.85846
-0.85804
0
0
0
0
0
0
0
0
0
-0.97681
-0.99179
-0.99179
-0.99179
-0.81743
-0.81743
-0.80518
-0.81743
-0.80506
-0.81743
-0.75066
-0.83381
16.251
-0.85652
-0.82715
-0.86564
-0.86564
-0.86564
-0.82676
0
0
0
0
-0.72702
0
0
0
0
0
0
-0.99308
-1.0059
-1.0059
-1.0059
-0.83054
-0.83054
-0.82548
-0.83054
-0.82129
-0.83054
-0.76684
-0.84534
-0.85652
16.6343
-0.84217
-0.88147
-0.88147
-0.88147
-0.84178
-0.85764
0
0
0
0
0
0
0
0
0
0
-0.99793
-1.0108
-1.0108
-1.0108
-0.8342
-0.8342
-0.82891
-0.8342
-0.8253
-0.8342
-0.76951
-0.847
-0.82715
-0.84217
14.9982
-0.89703
-0.89703
-0.89703
0
0
0
0
0
0
0
0
0
0
0
0
-1.045
-1.0579
-1.0579
-1.0579
-0.87308
-0.87308
-0.8675
-0.87308
-0.8637
-0.87308
-0.80498
-0.88657
-0.86564
-0.88147
-0.89703
13.7779
0
0
0
0
0
0
0
0
0
0
0
0
0
0
-1.045
-1.0579
-1.0579
-1.0579
-0.87308
-0.87308
-0.8675
-0.87308
-0.8637
-0.87308
-0.80498
-0.88657
-0.86564
-0.88147
-0.89703
0
13.7779
0
0
0
0
0
0
0
0
0
0
0
0
0
-1.045
-1.0579
-1.0579
-1.0579
-0.87308
-0.87308
-0.8675
-0.87308
-0.8637
-0.87308
-0.80498
-0.88657
-0.86564
-0.88147
-0.89703
0
0
13.7779
0
0
0
0
0
0
0
0
0
0
0
0
-0.99745
-1.0103
-1.0103
-1.0103
-0.83381
-0.83381
-0.82852
-0.83381
-0.82492
-0.83381
-0.76915
-0.84661
-0.82676
-0.84178
0
0
0
0
12.3013
0
0
0
0
0
0
0
0
0
0
0
-1.0121
-1.0246
-1.0246
-1.0246
-0.84489
-0.84489
-0.83966
-0.84489
-0.8354
-0.84489
-0.77887
-0.85846
0
-0.85764
0
0
0
0
0
11.6354
0
0
0
0
0
0
0
0
0
0
-1.0112
-1.0237
-1.0237
-1.0237
-0.84424
-0.84424
-0.8391
-0.84424
-0.83475
-0.84424
-0.7784
-0.85804
0
0
0
0
0
0
0
0
10.7697
0
0
0
0
0
0
0
0
0
-0.967
-0.97901
-0.97901
-0.97901
-0.80842
-0.80842
-0.80361
-0.80842
-0.7995
-0.80842
-0.74578
0
0
0
0
0
0
0
0
0
0
9.4866
0
0
0
0
0
0
0
0
-1.0341
-1.0472
-1.0472
-1.0472
-0.86516
-0.86516
0
-0.86516
0
-0.86516
0
0
0
0
0
0
0
0
0
0
0
0
7.6363
0
0
0
0
0
0
0
0
0
0
0
0
0
0
0
-0.7331
0
0
0
-0.72702
0
0
0
0
0
0
0
0
0
0
2.1978
0
-0.73769
0
0
0
0
-0.99579
0
0
0
0
0
-0.83573
0
0
0
0
0
0
0
0
0
0
0
0
0
0
0
0
0
2.7969
0
-0.96534
0
0
0
0
0
0
0
0
0
0
0
0
0
0
0
0
0
0
0
0
0
0
0
0
0
0
-0.73769
0
0.73769
0
0
0
0
0
0
0
0
0
0
0
0
0
0
0
0
0
0
0
0
0
0
0
0
0
0
0
0
-0.96534
0
0.96534
0
0
0
0
0
-7.6746
0
0
0
0
0
0
0
0
0
0
0
0
0
0
0
0
0
0
0
0
0
0
0
0
7.6746
0
0
0
0
0
-7.6746
0
0
0
0
0
0
0
0
0
0
0
0
0
0
0
0
0
0
0
0
0
0
0
0
7.6746
0
0
-7.6746
0
0
0
0
0
0
0
0
0
0
0
0
0
0
0
0
0
0
0
0
0
0
0
0
0
0
0
7.6746
