24.2783
-0.77187
-0.80557
-0.79284
-0.77187
-0.79411
-0.77187
-0.77187
-0.55085
-0.60606
-0.55085
-0.55085
-0.60759
-0.69442
-0.64356
-0.67324
0
0
0
-6.0785
0
0
0
-7.8424
0
0
0
0
0
0
-0.77187
9.75
-0.65746
-0.66034
-0.57048
-0.65715
-0.57048
-0.57048
-0.44312
-0.51243
-0.44312
-0.44312
-0.56953
-0.60575
-0.53702
-0.57869
-1.159
0
0
0
0
0
0
0
0
0
0
0
0
0
-0.80557
-0.65746
12.8384
-0.66249
-0.65746
-0.66981
-0.65746
-0.65746
-0.45796
-0.52466
-0.45796
-0.45796
-0.5803
-0.62077
-0.55646
-0.593
0
0
0
0
0
-3.8216
0
0
0
0
0
0
0
0
-0.79284
-0.66034
-0.66249
14.6248
-0.66034
-0.66058
-0.66034
-0.66034
-0.45931
-0.52589
-0.45931
-0.45931
-0.56221
-0.61548
-0.55758
-0.59503
0
0
0
0
0
0
0
0
0
0
-5.6334
0
0
0
-0.77187
-0.57048
-0.65746
-0.66034
9.75
-0.65715
-0.57048
-0.57048
-0.44312
-0.51243
-0.44312
-0.44312
-0.56953
-0.60575
-0.53702
-0.57869
-1.159
0
0
0
0
0
0
0
0
0
0
0
0
0
-0.79411
-0.65715
-0.66981
-0.66058
-0.65715
12.4043
-0.65715
-0.65715
-0.45754
-0.52275
-0.45754
-0.45754
-0.56835
-0.61911
-0.55551
-0.59066
0
0
-3.4222
0
0
0
0
0
0
0
0
0
0
0
-0.77187
-0.57048
-0.65746
-0.66034
-0.57048
-0.65715
9.75
-0.57048
-0.44312
-0.51243
-0.44312
-0.44312
-0.56953
-0.60575
-0.53702
-0.57869
-1.159
0
0
0
0
0
0
0
0
0
0
0
0
0
-0.77187
-0.57048
-0.65746
-0.66034
-0.57048
-0.65715
-0.57048
9.75
-0.44312
-0.51243
-0.44312
-0.44312
-0.56953
-0.60575
-0.53702
-0.57869
-1.159
0
0
0
0
0
0
0
0
0
0
0
0
0
-0.55085
-0.44312
-0.45796
-0.45931
-0.44312
-0.45754
-0.44312
-0.44312
6.2377
-0.35302
-0.30482
-0.30482
-0.38281
-0.41162
-0.38102
-0.40147
0
0
0
0
0
0
0
0
0
0
0
0
0
0
-0.60606
-0.51243
-0.52466
-0.52589
-0.51243
-0.52275
-0.51243
-0.51243
-0.35302
10.6841
-0.35302
-0.35302
-0.35562
-0.39225
-0.39528
0
0
0
0
0
0
0
0
0
-4.2528
0
0
0
0
0
-0.55085
-0.44312
-0.45796
-0.45931
-0.44312
-0.45754
-0.44312
-0.44312
-0.30482
-0.35302
6.2377
-0.30482
-0.38281
-0.41162
-0.38102
-0.40147
0
0
0
0
0
0
0
0
0
0
0
0
0
0
-0.55085
-0.44312
-0.45796
-0.45931
-0.44312
-0.45754
-0.44312
-0.44312
-0.30482
-0.35302
-0.30482
6.2377
-0.38281
-0.41162
-0.38102
-0.40147
0
0
0
0
0
0
0
0
0
0
0
0
0
0
-0.60759
-0.56953
-0.5803
-0.56221
-0.56953
-0.56835
-0.56953
-0.56953
-0.38281
-0.35562
-0.38281
-0.38281
23.0057
0
-0.35574
0
0
0
0
0
0
0
-8.2747
0
0
0
0
0
-8.2747
0
-0.69442
-0.60575
-0.62077
-0.61548
-0.60575
-0.61911
-0.60575
-0.60575
-0.41162
-0.39225
-0.41162
-0.41162
0
9.7428
0
0
0
-0.1745
0
0
0
0
0
0
0
-2.9684
0
0
0
0
-0.64356
-0.53702
-0.55646
-0.55758
-0.53702
-0.55551
-0.53702
-0.53702
-0.38102
-0.39528
-0.38102
-0.38102
-0.35574
0
6.3553
0
0
0
0
0
0
0
0
0
0
0
0
0
0
0
-0.67324
-0.57869
-0.593
-0.59503
-0.57869
-0.59066
-0.57869
-0.57869
-0.40147
0
-0.40147
-0.40147
0
0
0
6.5939
0
0
0
0
0
0
0
0
0
0
0
-0.62278
0
0
0
-1.159
0
0
-1.159
0
-1.159
-1.159
0
0
0
0
0
0
0
0
4.6358
0
0
0
0
0
0
0
0
0
0
0
0
0
0
0
0
0
0
0
0
0
0
0
0
0
0
-0.1745
0
0
0
13.6592
0
0
-5.5654
-3.2507
0
0
0
0
0
0
0
-4.6685
0
0
0
0
0
-3.4222
0
0
0
0
0
0
0
0
0
0
0
0
6.8164
-1.5276
-1.8666
0
0
0
0
0
0
0
0
0
-6.0785
0
0
0
0
0
0
0
0
0
0
0
0
0
0
0
0
0
-1.5276
7.6061
0
0
0
0
0
0
0
0
0
0
0
0
0
0
0
0
0
0
0
0
0
0
0
0
0
0
0
-5.5654
-1.8666
0
7.432
0
0
0
0
0
0
0
0
0
0
0
-3.8216
0
0
0
0
0
0
0
0
0
0
0
0
0
0
-3.2507
0
0
0
7.0724
0
0
0
0
0
0
0
0
0
0
0
0
0
0
0
0
0
0
0
0
-8.2747
0
0
0
0
0
0
0
0
0
8.2747
0
0
0
0
0
0
0
-7.8424
0
0
0
0
0
0
0
0
0
0
0
0
0
0
0
0
0
0
0
0
0
0
7.8424
0
0
0
0
0
0
0
0
0
0
0
0
0
0
0
-4.2528
0
0
0
0
0
0
0
0
0
0
0
0
0
0
4.2528
0
0
0
0
0
0
0
0
0
0
0
0
0
0
0
0
0
0
-2.9684
0
0
0
0
0
0
0
0
0
0
0
2.9684
0
0
0
0
0
0
0
-5.6334
0
0
0
0
0
0
0
0
0
0
0
0
0
0
0
0
0
0
0
0
0
0
5.6334
0
0
0
0
0
0
0
0
0
0
0
0
0
0
0
0
0
0
-0.62278
0
0
0
0
0
0
0
0
0
0
0
0.62278
0
0
0
0
0
0
0
0
0
0
0
0
0
0
-8.2747
0
0
0
0
0
0
0
0
0
0
0
0
0
0
0
8.2747
0
0
0
0
0
0
0
0
0
0
0
0
0
0
0
0
0
0
-4.6685
0
0
0
0
0
0
0
0
0
0
0
4.6685
