22.4706
-0.52858
-0.44283
-0.43762
-0.44477
-0.45641
-0.41733
-0.45172
-0.41102
-0.41102
-0.43358
-0.41459
-0.41855
0
-0.78554
-0.15799
-3.0547
0
-3.1444
0
0
0
0
0
0
0
0
0
-10.06
0
-0.52858
10.3721
-0.53833
-0.5364
-0.5298
-0.52849
-0.47402
-0.50264
-0.46925
-0.46925
-0.49226
-0.47646
-0.4976
0
0
0
0
0
0
0
0
0
-2.9041
-1.4249
0
0
0
0
0
0
-0.44283
-0.53833
6.5368
-0.42474
-0.4355
-0.43595
-0.39799
-0.46678
-0.39793
-0.39793
-0.44775
-0.4016
-0.42746
-1.322
0
0
0
0
0
0
0
0
0
0
0
0
0
0
0
0
-0.43762
-0.5364
-0.42474
8.1864
-0.42758
-0.43651
-0.39649
-0.46706
-0.39516
-0.39516
-0.43219
-0.39981
-0.43242
0
0
0
-3.0052
0
0
0
0
0
0
0
0
0
0
0
0
0
-0.44477
-0.5298
-0.4355
-0.42758
6.0074
-0.42733
-0.39348
-0.45776
-0.39268
-0.39268
-0.4272
-0.39729
-0.42175
0
-0.85957
0
0
0
0
0
0
0
0
0
0
0
0
0
0
0
-0.45641
-0.52849
-0.43595
-0.43651
-0.42733
12.01
-0.40287
-0.48392
-0.40118
-0.40118
-0.42537
-0.40677
-0.43875
0
0
0
0
0
0
0
0
0
0
0
0
0
0
-6.7653
0
0
-0.41733
-0.47402
-0.39799
-0.39649
-0.39348
-0.40287
4.7142
-0.40477
-0.35417
-0.35417
-0.37656
-0.35563
-0.38667
0
0
0
0
0
0
0
0
0
0
0
0
0
0
0
0
0
-0.45172
-0.50264
-0.46678
-0.46706
-0.45776
-0.48392
-0.40477
12.5937
-0.39719
-0.39719
0
-0.3551
0
0
0
0
0
0
0
0
0
0
-2.711
0
0
0
0
0
0
-5.4985
-0.41102
-0.46925
-0.39793
-0.39516
-0.39268
-0.40118
-0.35417
-0.39719
4.2477
-0.3498
-0.34945
-0.32985
0
0
0
0
0
0
0
0
0
0
0
0
0
0
0
0
0
0
-0.41102
-0.46925
-0.39793
-0.39516
-0.39268
-0.40118
-0.35417
-0.39719
-0.3498
4.2477
-0.34945
-0.32985
0
0
0
0
0
0
0
0
0
0
0
0
0
0
0
0
0
0
-0.43358
-0.49226
-0.44775
-0.43219
-0.4272
-0.42537
-0.37656
0
-0.34945
-0.34945
4.1496
0
0
0
0
0
0
0
0
-0.41583
0
0
0
0
0
0
0
0
0
0
-0.41459
-0.47646
-0.4016
-0.39981
-0.39729
-0.40677
-0.35563
-0.3551
-0.32985
-0.32985
0
3.867
0
0
0
0
0
0
0
0
0
0
0
0
0
0
0
0
0
0
-0.41855
-0.4976
-0.42746
-0.43242
-0.42175
-0.43875
-0.38667
0
0
0
0
0
6.733
0
0
-0.18594
0
0
0
0
0
0
0
0
0
0
-3.5239
0
0
0
0
0
-1.322
0
0
0
0
0
0
0
0
0
0
9.0673
-1.2677
0
0
-0.83409
-1.7544
0
0
0
0
0
-3.8891
0
0
0
0
0
-0.78554
0
0
0
-0.85957
0
0
0
0
0
0
0
0
-1.2677
4.8928
0
0
0
0
0
-1.98
0
0
0
0
0
0
0
0
0
-0.15799
0
0
0
0
0
0
0
0
0
0
0
-0.18594
0
0
0.44843
0
0
0
0
0
0
0
0
0
-0.1045
0
0
0
0
-3.0547
0
0
-3.0052
0
0
0
0
0
0
0
0
0
0
0
0
9.9624
0
0
0
0
0
0
0
-3.9024
0
0
0
0
0
0
0
0
0
0
0
0
0
0
0
0
0
0
-0.83409
0
0
0
4.0426
0
0
0
-3.2085
0
0
0
0
0
0
0
0
-3.1444
0
0
0
0
0
0
0
0
0
0
0
0
-1.7544
0
0
0
0
4.8988
0
0
0
0
0
0
0
0
0
0
0
0
0
0
0
0
0
0
0
0
0
-0.41583
0
0
0
0
0
0
0
0
1.9692
0
-1.5534
0
0
0
0
0
0
0
0
0
0
0
0
0
0
0
0
0
0
0
0
0
0
-1.98
0
0
0
0
0
4.5085
0
0
-2.5285
0
0
0
0
0
0
0
0
0
0
0
0
0
0
0
0
0
0
0
0
0
0
0
-3.2085
0
-1.5534
0
4.7619
0
0
0
0
0
0
0
0
0
-2.9041
0
0
0
0
0
-2.711
0
0
0
0
0
0
0
0
0
0
0
0
0
0
5.6151
0
0
0
0
0
0
0
0
-1.4249
0
0
0
0
0
0
0
0
0
0
0
0
0
0
0
0
0
0
-2.5285
0
0
3.9534
0
0
0
0
0
0
0
0
0
0
0
0
0
0
0
0
0
0
0
-3.8891
0
0
-3.9024
0
0
0
0
0
0
0
7.7916
0
0
0
0
0
0
0
0
0
0
0
0
0
0
0
0
0
0
0
0
-0.1045
0
0
0
0
0
0
0
0
0
0.1045
0
0
0
0
0
0
0
0
0
0
0
0
0
0
0
0
-3.5239
0
0
0
0
0
0
0
0
0
0
0
0
0
3.5239
0
0
0
0
0
0
0
0
-6.7653
0
0
0
0
0
0
0
0
0
0
0
0
0
0
0
0
0
0
0
0
0
6.7653
0
0
-10.06
0
0
0
0
0
0
0
0
0
0
0
0
0
0
0
0
0
0
0
0
0
0
0
0
0
0
0
10.06
0
0
0
0
0
0
0
0
-5.4985
0
0
0
0
0
0
0
0
0
0
0
0
0
0
0
0
0
0
0
0
0
5.4985
