21.2125
-0.57473
-0.59729
-0.59729
-0.60444
-0.56503
-0.57213
-0.59345
-0.56585
-0.49787
-0.49787
-0.49787
-0.64053
0
-0.86738
0
0
0
0
0
-0.59534
-3.6189
0
0
0
0
0
0
-9.3265
0
-0.57473
8.1054
-0.63194
-0.63194
-0.59095
-0.55096
-0.56573
-0.58359
-0.55434
-0.49125
-0.49125
-0.49125
0
0
0
-0.54729
-0.56202
0
-0.83818
0
0
0
0
0
0
0
0
0
0
0
-0.59729
-0.63194
8.398
-0.56808
-0.60212
-0.57425
-0.56666
-0.59238
-0.56673
-0.49329
-0.49329
-0.49329
-0.69074
0
-0.91557
0
0
0
0
0
-0.61236
0
0
0
0
0
0
0
0
0
-0.59729
-0.63194
-0.56808
8.398
-0.60212
-0.57425
-0.56666
-0.59238
-0.56673
-0.49329
-0.49329
-0.49329
-0.69074
0
-0.91557
0
0
0
0
0
-0.61236
0
0
0
0
0
0
0
0
0
-0.60444
-0.59095
-0.60212
-0.60212
17.438
-0.57985
-0.56566
-0.60676
-0.57668
-0.50108
-0.50108
-0.50108
0
0
0
0
0
-2.8254
0
0
0
0
0
0
0
0
0
-8.3808
0
0
-0.56503
-0.55096
-0.57425
-0.57425
-0.57985
7.3333
-0.55235
-0.56944
-0.54039
-0.47378
-0.47378
-0.47378
0
0
0
-0.54437
0
0
-0.86104
0
0
0
0
0
0
0
0
0
0
0
-0.57213
-0.56573
-0.56666
-0.56666
-0.56566
-0.55235
8.5561
-0.57165
-0.54357
-0.46452
-0.46452
-0.46452
0
0
0
0
0
-2.6581
0
0
0
0
0
0
0
0
0
0
0
0
-0.59345
-0.58359
-0.59238
-0.59238
-0.60676
-0.56944
-0.57165
13.293
-0.55953
-0.47788
-0.47788
-0.47788
0
0
0
0
0
0
0
0
0
0
0
0
0
0
0
0
0
-7.1902
-0.56585
-0.55434
-0.56673
-0.56673
-0.57668
-0.54039
-0.54357
-0.55953
6.3772
-0.45652
-0.45652
-0.45652
0
0
0
-0.53388
0
0
0
0
0
0
0
0
0
0
0
0
0
0
-0.49787
-0.49125
-0.49329
-0.49329
-0.50108
-0.47378
-0.46452
-0.47788
-0.45652
5.0877
-0.36911
-0.36911
0
0
0
0
0
0
0
0
0
0
0
0
0
0
0
0
0
0
-0.49787
-0.49125
-0.49329
-0.49329
-0.50108
-0.47378
-0.46452
-0.47788
-0.45652
-0.36911
5.0877
-0.36911
0
0
0
0
0
0
0
0
0
0
0
0
0
0
0
0
0
0
-0.49787
-0.49125
-0.49329
-0.49329
-0.50108
-0.47378
-0.46452
-0.47788
-0.45652
-0.36911
-0.36911
5.0877
0
0
0
0
0
0
0
0
0
0
0
0
0
0
0
0
0
0
-0.64053
0
-0.69074
-0.69074
0
0
0
0
0
0
0
0
8.5781
-1.146
-0.73485
0
-0.77288
0
0
0
0
0
0
0
0
0
-3.9024
0
0
0
0
0
0
0
0
0
0
0
0
0
0
0
-1.146
8.9935
-1.0067
0
0
0
0
-0.56904
0
-2
-4.2718
0
0
0
0
0
0
0
-0.86738
0
-0.91557
-0.91557
0
0
0
0
0
0
0
0
-0.73485
-1.0067
4.4401
0
0
0
0
0
0
0
0
0
0
0
0
0
0
0
0
-0.54729
0
0
0
-0.54437
0
0
-0.53388
0
0
0
0
0
0
2.1373
0
0
0
-0.51175
0
0
0
0
0
0
0
0
0
0
0
-0.56202
0
0
0
0
0
0
0
0
0
0
-0.77288
0
0
0
2.1877
0
0
0
0
0
0
0
-0.8528
0
0
0
0
0
0
0
0
0
-2.8254
0
-2.6581
0
0
0
0
0
0
0
0
0
0
8.6901
0
0
0
0
-3.2065
0
0
0
0
0
0
0
0
-0.83818
0
0
0
-0.86104
0
0
0
0
0
0
0
0
0
0
0
0
3.219
0
0
0
0
0
0
-1.5197
0
0
0
0
0
0
0
0
0
0
0
0
0
0
0
0
0
-0.56904
0
-0.51175
0
0
0
1.1853
0
0
0
-0.1045
0
0
0
0
0
0
-0.59534
0
-0.61236
-0.61236
0
0
0
0
0
0
0
0
0
0
0
0
0
0
0
0
1.8201
0
0
0
0
0
0
0
0
0
-3.6189
0
0
0
0
0
0
0
0
0
0
0
0
-2
0
0
0
0
0
0
0
5.6189
0
0
0
0
0
0
0
0
0
0
0
0
0
0
0
0
0
0
0
0
0
-4.2718
0
0
0
-3.2065
0
0
0
0
7.4783
0
0
0
0
0
0
0
0
0
0
0
0
0
0
0
0
0
0
0
0
0
0
0
0
0
0
-0.1045
0
0
0
0.1045
0
0
0
0
0
0
0
0
0
0
0
0
0
0
0
0
0
0
0
0
0
0
-0.8528
0
0
0
0
0
0
0
0.8528
0
0
0
0
0
0
0
0
0
0
0
0
0
0
0
0
0
0
0
0
0
0
0
-1.5197
0
0
0
0
0
0
1.5197
0
0
0
0
0
0
0
0
0
0
0
0
0
0
0
0
-3.9024
0
0
0
0
0
0
0
0
0
0
0
0
0
3.9024
0
0
0
0
0
0
0
-8.3808
0
0
0
0
0
0
0
0
0
0
0
0
0
0
0
0
0
0
0
0
0
0
8.3808
0
0
-9.3265
0
0
0
0
0
0
0
0
0
0
0
0
0
0
0
0
0
0
0
0
0
0
0
0
0
0
0
9.3265
0
0
0
0
0
0
0
0
-7.1902
0
0
0
0
0
0
0
0
0
0
0
0
0
0
0
0
0
0
0
0
0
7.1902
