15.4148
-0.52716
-0.56079
-0.5211
-0.44443
-0.44118
-0.49356
-0.44443
-0.42447
-0.39079
-0.39079
-0.44162
-0.43607
0
0
-0.1045
0
0
0
0
0
-1.795
0
0
0
-7.999
0
0
0
0
-0.52716
13.1697
-0.57488
-0.56395
-0.44171
-0.44283
-0.50227
-0.44171
-0.44271
-0.39136
-0.39136
-0.43971
-0.44027
-0.22058
0
0
0
0
0
0
0
0
0
0
0
0
0
0
0
-7.3492
-0.56079
-0.57488
8.4514
-0.55878
-0.46092
-0.40725
-0.47855
-0.46092
-0.43464
-0.38727
-0.38727
-0.47138
-0.44102
0
-1.5795
0
0
-1.2481
0
0
0
0
0
0
0
0
0
0
0
0
-0.5211
-0.56395
-0.55878
10.9568
-0.44222
-0.43504
-0.49401
-0.44222
-0.43532
-0.38921
-0.38921
-0.44275
-0.4386
0
0
0
-0.71054
0
0
0
-4.6938
0
0
0
0
0
0
0
0
0
-0.44443
-0.44171
-0.46092
-0.44222
11.2793
-0.35123
-0.41601
-0.35097
-0.35025
-0.31614
-0.31614
-0.3618
-0.36184
0
0
0
0
0
0
0
0
0
0
0
-6.6656
0
0
0
0
0
-0.44118
-0.44283
-0.40725
-0.43504
-0.35123
5.6192
-0.3851
-0.35123
-0.33419
-0.30449
-0.30449
-0.36554
-0.34855
0
0
0
0
-1.1481
0
0
0
0
0
0
0
0
0
0
0
0
-0.49356
-0.50227
-0.47855
-0.49401
-0.41601
-0.3851
9.6265
-0.41601
-0.40093
-0.35162
-0.35162
0
0
-0.20215
0
0
-0.63092
0
0
-4.5037
0
0
0
0
0
0
0
0
0
0
-0.44443
-0.44171
-0.46092
-0.44222
-0.35097
-0.35123
-0.41601
11.2793
-0.35025
-0.31614
-0.31614
-0.3618
-0.36184
0
0
0
0
0
0
0
0
0
0
0
0
0
0
0
-6.6656
0
-0.42447
-0.44271
-0.43464
-0.43532
-0.35025
-0.33419
-0.40093
-0.35025
5.8771
-0.30442
-0.30442
-0.36389
-0.34683
0
0
0
0
0
0
0
0
-1.3848
0
0
0
0
0
0
0
0
-0.39079
-0.39136
-0.38727
-0.38921
-0.31614
-0.30449
-0.35162
-0.31614
-0.30442
4.0588
-0.26663
-0.32479
-0.31595
0
0
0
0
0
0
0
0
0
0
0
0
0
0
0
0
0
-0.39079
-0.39136
-0.38727
-0.38921
-0.31614
-0.30449
-0.35162
-0.31614
-0.30442
-0.26663
4.0588
-0.32479
-0.31595
0
0
0
0
0
0
0
0
0
0
0
0
0
0
0
0
0
-0.44162
-0.43971
-0.47138
-0.44275
-0.3618
-0.36554
0
-0.3618
-0.36389
-0.32479
-0.32479
8.8321
0
0
0
0
0
0
0
0
0
0
-4.934
0
0
0
0
0
0
0
-0.43607
-0.44027
-0.44102
-0.4386
-0.36184
-0.34855
0
-0.36184
-0.34683
-0.31595
-0.31595
0
3.8069
0
0
0
0
0
0
0
0
0
0
0
0
0
0
0
0
0
0
-0.22058
0
0
0
0
-0.20215
0
0
0
0
0
0
8.9635
0
0
0
0
-4.8209
0
0
0
0
-3.7199
0
0
0
0
0
0
0
0
-1.5795
0
0
0
0
0
0
0
0
0
0
0
6.1163
-1.8594
0
-1.0321
0
-1.6453
0
0
0
0
0
0
0
0
0
0
-0.1045
0
0
0
0
0
0
0
0
0
0
0
0
0
-1.8594
3.1024
0
0
0
0
0
0
0
0
0
0
0
-1.1384
0
0
0
0
0
-0.71054
0
0
-0.63092
0
0
0
0
0
0
0
0
0
2.6633
0
0
0
0
0
0
0
0
0
-1.3218
0
0
0
0
0
-1.2481
0
0
-1.1481
0
0
0
0
0
0
0
0
-1.0321
0
0
3.4283
0
0
0
0
0
0
0
0
0
0
0
0
0
0
0
0
0
0
0
0
0
0
0
0
0
-4.8209
0
0
0
0
7.15
0
-2.3292
0
0
0
0
0
0
0
0
0
0
0
0
0
0
0
-4.5037
0
0
0
0
0
0
0
-1.6453
0
0
0
0
6.149
0
0
0
0
0
0
0
0
0
0
0
0
0
-4.6938
0
0
0
0
0
0
0
0
0
0
0
0
0
0
-2.3292
0
7.023
0
0
0
0
0
0
0
0
0
-1.795
0
0
0
0
0
0
0
-1.3848
0
0
0
0
0
0
0
0
0
0
0
0
3.1798
0
0
0
0
0
0
0
0
0
0
0
0
0
0
0
0
0
0
0
-4.934
0
0
0
0
0
0
0
0
0
0
4.934
0
0
0
0
0
0
0
0
0
0
0
0
0
0
0
0
0
0
0
0
-3.7199
0
0
0
0
0
0
0
0
0
3.7199
0
0
0
0
0
0
0
0
0
0
-6.6656
0
0
0
0
0
0
0
0
0
0
0
0
0
0
0
0
0
0
0
6.6656
0
0
0
0
0
-7.999
0
0
0
0
0
0
0
0
0
0
0
0
0
0
0
0
0
0
0
0
0
0
0
0
7.999
0
0
0
0
0
0
0
0
0
0
0
0
0
0
0
0
0
0
0
0
-1.3218
0
0
0
0
0
0
0
0
0
1.3218
0
0
0
0
0
0
0
0
0
0
0
0
0
0
0
0
0
0
-1.1384
0
0
0
0
0
0
0
0
0
0
0
1.1384
0
0
0
0
0
0
0
0
0
-6.6656
0
0
0
0
0
0
0
0
0
0
0
0
0
0
0
0
0
0
0
0
6.6656
0
0
-7.3492
0
0
0
0
0
0
0
0
0
0
0
0
0
0
0
0
0
0
0
0
0
0
0
0
0
0
0
7.3492
