19.1207
-0.52655
-0.5051
-0.52802
-0.51812
-0.52802
-0.46521
-0.46063
-0.48725
-0.53526
-0.49338
-0.49338
-0.48932
-0.50622
-0.52622
-0.47
-0.41124
0
-0.28647
0
0
0
0
0
0
-10.8903
0
0
0
0
-0.52655
8.0659
-0.50147
-0.52686
-0.52738
-0.52686
-0.46169
-0.45787
-0.48577
-0.53146
-0.48997
-0.48997
-0.48718
-0.51811
-0.52637
-0.46135
0
-0.26691
-0.2801
0
0
0
0
0
0
0
0
0
0
0
-0.5051
-0.50147
7.3848
-0.49219
-0.52027
-0.49219
-0.42885
-0.4332
-0.45364
-0.49724
-0.45665
-0.45665
-0.45223
-0.47883
-0.4948
-0.44167
0
0
-0.27981
0
0
0
0
0
0
0
0
0
0
0
-0.52802
-0.52686
-0.49219
17.4006
-0.53403
-0.51338
-0.44683
-0.45243
-0.47242
-0.51572
-0.47592
-0.47592
-0.47159
-0.49981
-0.5071
-0.46931
0
0
0
0
0
-10.0191
0
0
0
0
0
0
0
0
-0.51812
-0.52738
-0.52027
-0.53403
31.5609
-0.53403
-0.45237
-0.43583
-0.46846
-0.4955
-0.47116
-0.47116
-0.46771
-0.4919
-0.48154
0
0
0
0
0
0
0
0
0
0
0
0
-12.3457
0
-12.3457
-0.52802
-0.52686
-0.49219
-0.51338
-0.53403
17.4006
-0.44683
-0.45243
-0.47242
-0.51572
-0.47592
-0.47592
-0.47159
-0.49981
-0.5071
-0.46931
0
0
0
0
-10.0191
0
0
0
0
0
0
0
0
0
-0.46521
-0.46169
-0.42885
-0.44683
-0.45237
-0.44683
6.5521
-0.40204
-0.42197
-0.4546
-0.42108
-0.42108
-0.41686
-0.44477
-0.45132
-0.41664
0
0
0
0
0
0
0
0
0
0
0
0
0
0
-0.46063
-0.45787
-0.4332
-0.45243
-0.43583
-0.45243
-0.40204
5.8081
-0.43897
-0.44348
-0.42355
-0.42355
-0.43528
0
0
0
-0.37196
0
0
-0.17687
0
0
0
0
0
0
0
0
0
0
-0.48725
-0.48577
-0.45364
-0.47242
-0.46846
-0.47242
-0.42197
-0.43897
6.4203
-0.47001
-0.43773
-0.43773
-0.43195
-0.46832
-0.47364
0
0
0
0
0
0
0
0
0
0
0
0
0
0
0
-0.53526
-0.53146
-0.49724
-0.51572
-0.4955
-0.51572
-0.4546
-0.44348
-0.47001
12.529
-0.49531
-0.49531
0
0
0
0
0
0
0
0
0
0
0
0
-7.0794
0
0
0
0
0
-0.49338
-0.48997
-0.45665
-0.47592
-0.47116
-0.47592
-0.42108
-0.42355
-0.43773
-0.49531
5.0517
-0.41102
0
0
0
0
0
0
0
0
0
0
0
0
0
0
0
0
0
0
-0.49338
-0.48997
-0.45665
-0.47592
-0.47116
-0.47592
-0.42108
-0.42355
-0.43773
-0.49531
-0.41102
5.0517
0
0
0
0
0
0
0
0
0
0
0
0
0
0
0
0
0
0
-0.48932
-0.48718
-0.45223
-0.47159
-0.46771
-0.47159
-0.41686
-0.43528
-0.43195
0
0
0
4.1237
0
0
0
0
0
0
0
0
0
0
0
0
0
0
0
0
0
-0.50622
-0.51811
-0.47883
-0.49981
-0.4919
-0.49981
-0.44477
0
-0.46832
0
0
0
0
4.2125
0
0
0
-0.30477
0
0
0
0
0
0
0
0
0
0
0
0
-0.52622
-0.52637
-0.4948
-0.5071
-0.48154
-0.5071
-0.45132
0
-0.47364
0
0
0
0
0
7.7369
0
0
0
0
0
0
0
0
0
0
0
0
0
-3.7688
0
-0.47
-0.46135
-0.44167
-0.46931
0
-0.46931
-0.41664
0
0
0
0
0
0
0
0
2.9504
0
0
0
-0.22215
0
0
0
0
0
0
0
0
0
0
-0.41124
0
0
0
0
0
0
-0.37196
0
0
0
0
0
0
0
0
1.2482
0
0
0
0
0
0
-0.465
0
0
0
0
0
0
0
-0.26691
0
0
0
0
0
0
0
0
0
0
0
-0.30477
0
0
0
0.78302
0
0
0
0
0
0
0
0
-0.21133
0
0
0
-0.28647
-0.2801
-0.27981
0
0
0
0
0
0
0
0
0
0
0
0
0
0
0
0.84638
0
0
0
0
0
0
0
0
0
0
0
0
0
0
0
0
0
0
-0.17687
0
0
0
0
0
0
0
-0.22215
0
0
0
0.50352
0
0
-0.1045
0
0
0
0
0
0
0
0
0
0
0
0
-10.0191
0
0
0
0
0
0
0
0
0
0
0
0
0
0
10.0191
0
0
0
0
0
0
0
0
0
0
0
0
-10.0191
0
0
0
0
0
0
0
0
0
0
0
0
0
0
0
0
0
10.0191
0
0
0
0
0
0
0
0
0
0
0
0
0
0
0
0
0
0
0
0
0
0
0
0
0
0
0
-0.1045
0
0
0.1045
0
0
0
0
0
0
0
0
0
0
0
0
0
0
0
0
0
0
0
0
0
0
0
-0.465
0
0
0
0
0
0
0.465
0
0
0
0
0
0
0
0
0
0
0
0
0
0
0
-7.0794
0
0
0
0
0
0
0
0
0
0
0
0
0
0
7.0794
0
0
0
0
0
-10.8903
0
0
0
0
0
0
0
0
0
0
0
0
0
0
0
0
0
0
0
0
0
0
0
0
10.8903
0
0
0
0
0
0
0
0
0
0
0
0
0
0
0
0
0
0
0
0
0
-0.21133
0
0
0
0
0
0
0
0
0.21133
0
0
0
0
0
0
0
-12.3457
0
0
0
0
0
0
0
0
0
0
0
0
0
0
0
0
0
0
0
0
0
0
12.3457
0
0
0
0
0
0
0
0
0
0
0
0
0
0
0
0
-3.7688
0
0
0
0
0
0
0
0
0
0
0
0
0
3.7688
0
0
0
0
0
-12.3457
0
0
0
0
0
0
0
0
0
0
0
0
0
0
0
0
0
0
0
0
0
0
0
0
12.3457
