20.8645
-0.33698
-0.35605
-0.34896
-0.3084
-0.33067
-0.34062
-0.31822
-0.35629
-0.35329
-0.37344
-0.36779
-0.74382
0
0
0
0
0
0
0
0
0
-8.165
0
0
0
0
-8.165
0
0
-0.33698
4.4205
-0.31586
-0.28556
-0.26477
-0.31304
-0.29653
-0.28841
-0.30731
-0.3011
-0.34287
-0.3121
-0.58525
0
0
0
-0.47071
0
0
0
0
0
0
0
0
0
0
0
0
0
-0.35605
-0.31586
7.8963
-0.32217
-0.28653
-0.31431
-0.30956
-0.30324
-0.32189
-0.31362
-0.35544
-0.32548
0
0
0
0
0
0
0
0
-1.9495
-2.4226
0
0
0
0
0
0
0
0
-0.34896
-0.28556
-0.32217
10.0484
-0.27433
-0.31632
-0.30724
-0.29449
-0.32088
-0.31479
-0.35337
-0.32707
-0.6265
0
0
0
0
0
0
0
0
0
0
0
0
-5.9567
0
0
0
0
-0.3084
-0.26477
-0.28653
-0.27433
3.6651
-0.2796
-0.27813
-0.26447
-0.28687
-0.27693
-0.31744
-0.28786
-0.53976
0
0
0
0
0
0
0
0
0
0
0
0
0
0
0
0
0
-0.33067
-0.31304
-0.31431
-0.31632
-0.2796
16.6948
-0.32087
0
-0.31933
0
0
0
0
-0.20196
-0.1045
0
0
0
0
0
0
0
0
0
-7.0971
0
0
0
-7.0971
0
-0.34062
-0.29653
-0.30956
-0.30724
-0.27813
-0.32087
3.0163
-0.27846
-0.29999
-0.28573
0
-0.29916
0
0
0
0
0
0
0
0
0
0
0
0
0
0
0
0
0
0
-0.31822
-0.28841
-0.30324
-0.29449
-0.26447
0
-0.27846
3.6589
0
0
0
0
0
0
0
-0.47072
-0.4771
0
-0.96376
0
0
0
0
0
0
0
0
0
0
0
-0.35629
-0.30731
-0.32189
-0.32088
-0.28687
-0.31933
-0.29999
0
2.5037
-0.29113
0
0
0
0
0
0
0
0
0
0
0
0
0
0
0
0
0
0
0
0
-0.35329
-0.3011
-0.31362
-0.31479
-0.27693
0
-0.28573
0
-0.29113
2.1366
0
0
0
0
0
0
0
0
0
0
0
0
0
0
0
0
0
0
0
0
-0.37344
-0.34287
-0.35544
-0.35337
-0.31744
0
0
0
0
0
5.9923
0
0
0
0
0
0
0
0
-2.0649
0
0
0
0
0
0
0
0
0
-2.1848
-0.36779
-0.3121
-0.32548
-0.32707
-0.28786
0
-0.29916
0
0
0
0
1.9195
0
0
0
0
0
0
0
0
0
0
0
0
0
0
0
0
0
0
-0.74382
-0.58525
0
-0.6265
-0.53976
0
0
0
0
0
0
0
2.4953
0
0
0
0
0
0
0
0
0
0
0
0
0
0
0
0
0
0
0
0
0
0
-0.20196
0
0
0
0
0
0
0
8.2809
0
0
0
0
0
-2.8465
0
-2.8614
0
-2.371
0
0
0
0
0
0
0
0
0
0
0
-0.1045
0
0
0
0
0
0
0
0
0.5361
0
-0.21475
0
0
0
0
0
0
0
0
0
-0.21684
0
0
0
0
0
0
0
0
0
0
-0.47072
0
0
0
0
0
0
0
2.2471
0
-0.86146
0
0
-0.91495
0
0
0
0
0
0
0
0
0
0
-0.47071
0
0
0
0
0
-0.4771
0
0
0
0
0
0
-0.21475
0
1.1626
0
0
0
0
0
0
0
0
0
0
0
0
0
0
0
0
0
0
0
0
0
0
0
0
0
0
0
0
-0.86146
0
3.0227
-2.1613
0
0
0
0
0
0
0
0
0
0
0
0
0
0
0
0
0
0
-0.96376
0
0
0
0
0
0
0
0
0
-2.1613
3.125
0
0
0
0
0
0
0
0
0
0
0
0
0
0
0
0
0
0
0
0
0
-2.0649
0
0
-2.8465
0
0
0
0
0
4.9114
0
0
0
0
0
0
0
0
0
0
0
0
-1.9495
0
0
0
0
0
0
0
0
0
0
0
0
-0.91495
0
0
0
0
2.8645
0
0
0
0
0
0
0
0
0
0
0
-2.4226
0
0
0
0
0
0
0
0
0
0
-2.8614
0
0
0
0
0
0
0
5.2841
0
0
0
0
0
0
0
0
-8.165
0
0
0
0
0
0
0
0
0
0
0
0
0
0
0
0
0
0
0
0
0
8.165
0
0
0
0
0
0
0
0
0
0
0
0
0
0
0
0
0
0
0
0
-2.371
0
0
0
0
0
0
0
0
0
2.371
0
0
0
0
0
0
0
0
0
0
0
-7.0971
0
0
0
0
0
0
0
0
0
0
0
0
0
0
0
0
0
0
7.0971
0
0
0
0
0
0
0
0
-5.9567
0
0
0
0
0
0
0
0
0
0
0
0
0
0
0
0
0
0
0
0
0
5.9567
0
0
0
0
0
0
0
0
0
0
0
0
0
0
0
0
0
0
-0.21684
0
0
0
0
0
0
0
0
0
0
0
0.21684
0
0
0
-8.165
0
0
0
0
0
0
0
0
0
0
0
0
0
0
0
0
0
0
0
0
0
0
0
0
0
0
8.165
0
0
0
0
0
0
0
-7.0971
0
0
0
0
0
0
0
0
0
0
0
0
0
0
0
0
0
0
0
0
0
0
7.0971
0
0
0
0
0
0
0
0
0
0
0
-2.1848
0
0
0
0
0
0
0
0
0
0
0
0
0
0
0
0
0
0
2.1848
