16.0613
-0.57509
-0.5451
-0.51883
-0.50061
-0.54482
-0.55819
-0.55271
-0.55271
-0.54852
-0.45395
-0.45395
-0.45395
-0.45395
-0.45395
-0.57085
-0.47778
-1.0621
0
0
0
0
0
0
0
0
0
-6.7842
0
0
-0.57509
16.0613
-0.5451
-0.51883
-0.50061
-0.54482
-0.55819
-0.55271
-0.55271
-0.54852
-0.45395
-0.45395
-0.45395
-0.45395
-0.45395
-0.57085
-0.47778
-1.0621
0
0
0
0
0
-6.7842
0
0
0
0
0
0
-0.5451
-0.5451
8.9182
-0.51186
-0.49171
-0.52011
-0.53337
-0.52855
-0.52855
-0.52794
-0.43318
-0.43318
-0.43318
-0.43318
-0.43318
-0.54012
-0.44348
-1.0365
0
0
0
0
0
0
0
0
0
0
0
0
-0.51883
-0.51883
-0.51186
27.3807
-0.42536
-0.50399
-0.49967
-0.49052
-0.49052
-0.48908
-0.41597
-0.41597
-0.41597
-0.41597
-0.41597
-0.54252
0
0
0
0
0
0
-10.1548
0
0
0
-10.1548
0
0
0
-0.50061
-0.50061
-0.49171
-0.42536
25.4419
-0.50284
-0.49721
-0.46975
-0.46975
-0.46996
-0.40199
-0.40199
-0.40199
-0.40199
-0.40199
0
0
0
0
0
0
0
0
0
0
-9.5521
0
0
0
-9.5521
-0.54482
-0.54482
-0.52011
-0.50399
-0.50284
7.8013
-0.52878
-0.51991
-0.51991
-0.5084
-0.42632
-0.42632
-0.42632
-0.42632
-0.42632
-0.5336
-0.44258
0
0
0
0
0
0
0
0
0
0
0
0
0
-0.55819
-0.55819
-0.53337
-0.49967
-0.49721
-0.52878
12.9318
-0.52861
-0.52861
-0.51383
-0.43642
-0.43642
-0.43642
-0.43642
-0.43642
-0.55376
0
0
0
0
0
0
0
0
-5.4495
0
0
0
0
0
-0.55271
-0.55271
-0.52855
-0.49052
-0.46975
-0.51991
-0.52861
11.3671
-0.53356
-0.51902
-0.43511
-0.43511
-0.43511
-0.43511
-0.43511
0
0
0
0
0
0
0
0
0
0
0
0
0
-4.4961
0
-0.55271
-0.55271
-0.52855
-0.49052
-0.46975
-0.51991
-0.52861
-0.53356
11.3671
-0.51902
-0.43511
-0.43511
-0.43511
-0.43511
-0.43511
0
0
0
0
0
0
-4.4961
0
0
0
0
0
0
0
0
-0.54852
-0.54852
-0.52794
-0.48908
-0.46996
-0.5084
-0.51383
-0.51902
-0.51902
7.261
-0.42609
-0.42609
-0.42609
-0.42609
-0.42609
0
0
0
-0.48625
0
0
0
0
0
0
0
0
0
0
0
-0.45395
-0.45395
-0.43318
-0.41597
-0.40199
-0.42632
-0.43642
-0.43511
-0.43511
-0.42609
5.614
-0.32397
-0.32397
-0.32397
-0.32397
0
0
0
0
0
0
0
0
0
0
0
0
0
0
0
-0.45395
-0.45395
-0.43318
-0.41597
-0.40199
-0.42632
-0.43642
-0.43511
-0.43511
-0.42609
-0.32397
5.614
-0.32397
-0.32397
-0.32397
0
0
0
0
0
0
0
0
0
0
0
0
0
0
0
-0.45395
-0.45395
-0.43318
-0.41597
-0.40199
-0.42632
-0.43642
-0.43511
-0.43511
-0.42609
-0.32397
-0.32397
5.614
-0.32397
-0.32397
0
0
0
0
0
0
0
0
0
0
0
0
0
0
0
-0.45395
-0.45395
-0.43318
-0.41597
-0.40199
-0.42632
-0.43642
-0.43511
-0.43511
-0.42609
-0.32397
-0.32397
-0.32397
5.614
-0.32397
0
0
0
0
0
0
0
0
0
0
0
0
0
0
0
-0.45395
-0.45395
-0.43318
-0.41597
-0.40199
-0.42632
-0.43642
-0.43511
-0.43511
-0.42609
-0.32397
-0.32397
-0.32397
-0.32397
5.614
0
0
0
0
0
0
0
0
0
0
0
0
0
0
0
-0.57085
-0.57085
-0.54012
-0.54252
0
-0.5336
-0.55376
0
0
0
0
0
0
0
0
3.3117
0
0
0
0
0
0
0
0
0
0
0
0
0
0
-0.47778
-0.47778
-0.44348
0
0
-0.44258
0
0
0
0
0
0
0
0
0
0
1.8416
0
0
0
0
0
0
0
0
0
0
0
0
0
-1.0621
-1.0621
-1.0365
0
0
0
0
0
0
0
0
0
0
0
0
0
0
3.6705
0
-0.50984
0
0
0
0
0
0
0
0
0
0
0
0
0
0
0
0
0
0
0
-0.48625
0
0
0
0
0
0
0
0
2.4034
0
-1.9172
0
0
0
0
0
0
0
0
0
0
0
0
0
0
0
0
0
0
0
0
0
0
0
0
0
0
-0.50984
0
4.64
-4.1302
0
0
0
0
0
0
0
0
0
0
0
0
0
0
0
0
0
0
0
0
0
0
0
0
0
0
0
-1.9172
-4.1302
6.0473
0
0
0
0
0
0
0
0
0
0
0
0
0
0
0
0
0
-4.4961
0
0
0
0
0
0
0
0
0
0
0
0
4.4961
0
0
0
0
0
0
0
0
0
0
0
-10.1548
0
0
0
0
0
0
0
0
0
0
0
0
0
0
0
0
0
0
10.1548
0
0
0
0
0
0
0
0
-6.7842
0
0
0
0
0
0
0
0
0
0
0
0
0
0
0
0
0
0
0
0
0
6.7842
0
0
0
0
0
0
0
0
0
0
0
0
-5.4495
0
0
0
0
0
0
0
0
0
0
0
0
0
0
0
0
0
5.4495
0
0
0
0
0
0
0
0
0
-9.5521
0
0
0
0
0
0
0
0
0
0
0
0
0
0
0
0
0
0
0
0
9.5521
0
0
0
0
0
0
0
-10.1548
0
0
0
0
0
0
0
0
0
0
0
0
0
0
0
0
0
0
0
0
0
0
10.1548
0
0
0
-6.7842
0
0
0
0
0
0
0
0
0
0
0
0
0
0
0
0
0
0
0
0
0
0
0
0
0
0
6.7842
0
0
0
0
0
0
0
0
0
-4.4961
0
0
0
0
0
0
0
0
0
0
0
0
0
0
0
0
0
0
0
0
4.4961
0
0
0
0
0
-9.5521
0
0
0
0
0
0
0
0
0
0
0
0
0
0
0
0
0
0
0
0
0
0
0
0
9.5521
