16.1644
-0.40996
-0.43669
-0.45468
-0.45468
-0.45468
-0.45121
-0.37703
-0.37703
-0.37703
-0.37703
-0.41787
-0.40433
-0.41787
0
-0.17432
-1.801
0
0
-1.801
0
0
0
0
0
0
0
-6.9779
0
0
-0.40996
9.1082
-0.43429
-0.44467
-0.44467
-0.44467
-0.44921
-0.37055
-0.37055
-0.37055
-0.37055
-0.40961
-0.40317
-0.40961
-0.1718
-0.17122
-1.7165
0
0
-1.7165
0
0
0
0
0
0
0
0
0
0
-0.43669
-0.43429
24.782
-0.4695
-0.4695
-0.4695
-0.47364
-0.39545
-0.39545
-0.39545
-0.39545
-0.42967
-0.4288
-0.42967
0
0
0
0
0
0
-9.5795
0
0
0
0
0
0
0
-9.5795
0
-0.45468
-0.44467
-0.4695
11.4088
-0.48598
-0.48598
-0.48364
-0.39448
-0.39448
-0.39448
-0.39448
-0.44569
-0.43384
-0.44569
0
0
0
0
0
0
0
0
-5.6812
0
0
0
0
0
0
0
-0.45468
-0.44467
-0.4695
-0.48598
11.4088
-0.48598
-0.48364
-0.39448
-0.39448
-0.39448
-0.39448
-0.44569
-0.43384
-0.44569
0
0
0
0
0
0
0
0
0
-5.6812
0
0
0
0
0
0
-0.45468
-0.44467
-0.4695
-0.48598
-0.48598
11.4088
-0.48364
-0.39448
-0.39448
-0.39448
-0.39448
-0.44569
-0.43384
-0.44569
0
0
0
0
0
0
0
-5.6812
0
0
0
0
0
0
0
0
-0.45121
-0.44921
-0.47364
-0.48364
-0.48364
-0.48364
10.164
-0.39323
-0.39323
-0.39323
-0.39323
-0.44305
-0.44293
-0.44305
0
0
0
-4.437
0
0
0
0
0
0
0
0
0
0
0
0
-0.37703
-0.37055
-0.39545
-0.39448
-0.39448
-0.39448
-0.39323
4.7544
-0.31638
-0.31638
-0.31638
-0.36442
-0.35675
-0.36442
0
0
0
0
0
0
0
0
0
0
0
0
0
0
0
0
-0.37703
-0.37055
-0.39545
-0.39448
-0.39448
-0.39448
-0.39323
-0.31638
4.7544
-0.31638
-0.31638
-0.36442
-0.35675
-0.36442
0
0
0
0
0
0
0
0
0
0
0
0
0
0
0
0
-0.37703
-0.37055
-0.39545
-0.39448
-0.39448
-0.39448
-0.39323
-0.31638
-0.31638
4.7544
-0.31638
-0.36442
-0.35675
-0.36442
0
0
0
0
0
0
0
0
0
0
0
0
0
0
0
0
-0.37703
-0.37055
-0.39545
-0.39448
-0.39448
-0.39448
-0.39323
-0.31638
-0.31638
-0.31638
4.7544
-0.36442
-0.35675
-0.36442
0
0
0
0
0
0
0
0
0
0
0
0
0
0
0
0
-0.41787
-0.40961
-0.42967
-0.44569
-0.44569
-0.44569
-0.44305
-0.36442
-0.36442
-0.36442
-0.36442
7.8134
0
0
0
0
0
0
0
0
0
0
0
0
0
0
-3.3184
0
0
0
-0.40433
-0.40317
-0.4288
-0.43384
-0.43384
-0.43384
-0.44293
-0.35675
-0.35675
-0.35675
-0.35675
0
4.5829
0
-0.17517
0
0
0
0
0
0
0
0
0
0
0
0
0
0
0
-0.41787
-0.40961
-0.42967
-0.44569
-0.44569
-0.44569
-0.44305
-0.36442
-0.36442
-0.36442
-0.36442
0
0
7.8134
0
0
0
0
0
0
0
0
0
0
0
-3.3184
0
0
0
0
0
-0.1718
0
0
0
0
0
0
0
0
0
0
-0.17517
0
9.54
0
0
0
-5.4817
0
0
0
0
0
-3.7113
0
0
0
0
0
-0.17432
-0.17122
0
0
0
0
0
0
0
0
0
0
0
0
0
0.45005
0
0
0
0
0
0
0
0
0
0
0
0
0
-0.1045
-1.801
-1.7165
0
0
0
0
0
0
0
0
0
0
0
0
0
0
3.5176
0
0
0
0
0
0
0
0
0
0
0
0
0
0
0
0
0
0
0
-4.437
0
0
0
0
0
0
0
0
0
0
6.3122
-1.8752
0
0
0
0
0
0
0
0
0
0
0
0
0
0
0
0
0
0
0
0
0
0
0
0
0
-5.4817
0
0
-1.8752
7.3569
0
0
0
0
0
0
0
0
0
0
0
-1.801
-1.7165
0
0
0
0
0
0
0
0
0
0
0
0
0
0
0
0
0
3.5176
0
0
0
0
0
0
0
0
0
0
0
0
-9.5795
0
0
0
0
0
0
0
0
0
0
0
0
0
0
0
0
0
9.5795
0
0
0
0
0
0
0
0
0
0
0
0
0
0
-5.6812
0
0
0
0
0
0
0
0
0
0
0
0
0
0
0
5.6812
0
0
0
0
0
0
0
0
0
0
0
-5.6812
0
0
0
0
0
0
0
0
0
0
0
0
0
0
0
0
0
0
5.6812
0
0
0
0
0
0
0
0
0
0
0
-5.6812
0
0
0
0
0
0
0
0
0
0
0
0
0
0
0
0
0
0
5.6812
0
0
0
0
0
0
0
0
0
0
0
0
0
0
0
0
0
0
0
0
-3.7113
0
0
0
0
0
0
0
0
0
3.7113
0
0
0
0
0
0
0
0
0
0
0
0
0
0
0
0
0
0
-3.3184
0
0
0
0
0
0
0
0
0
0
0
3.3184
0
0
0
0
0
0
0
0
0
0
0
0
0
0
0
-3.3184
0
0
0
0
0
0
0
0
0
0
0
0
0
0
3.3184
0
0
0
-6.9779
0
0
0
0
0
0
0
0
0
0
0
0
0
0
0
0
0
0
0
0
0
0
0
0
0
0
6.9779
0
0
0
0
-9.5795
0
0
0
0
0
0
0
0
0
0
0
0
0
0
0
0
0
0
0
0
0
0
0
0
0
9.5795
0
0
0
0
0
0
0
0
0
0
0
0
0
0
0
0
-0.1045
0
0
0
0
0
0
0
0
0
0
0
0
0
0.1045
