10.8984
-0.66628
-0.61332
-0.66628
-0.54537
-0.55234
-0.54537
-0.52639
-0.62352
-0.6676
-0.6676
-0.61217
-0.69189
-0.58656
-0.58656
-0.58656
-0.58656
-0.4754
0
0
-0.69861
0
0
0
0
0
0
0
0
0
-0.66628
22.4855
-0.66628
-0.69165
-0.56521
-0.57
-0.56521
-0.54564
-0.63769
-0.69059
-0.69059
-0.60854
-0.71604
-0.61157
-0.61157
-0.61157
-0.61157
-0.48528
0
0
0
0
0
0
0
0
0
-11.9402
0
0
-0.61332
-0.66628
10.8984
-0.66628
-0.54537
-0.55234
-0.54537
-0.52639
-0.62352
-0.6676
-0.6676
-0.61217
-0.69189
-0.58656
-0.58656
-0.58656
-0.58656
-0.4754
0
0
-0.69861
0
0
0
0
0
0
0
0
0
-0.66628
-0.69165
-0.66628
22.4855
-0.56521
-0.57
-0.56521
-0.54564
-0.63769
-0.69059
-0.69059
-0.60854
-0.71604
-0.61157
-0.61157
-0.61157
-0.61157
-0.48528
0
0
0
0
0
0
0
0
0
0
-11.9402
0
-0.54537
-0.56521
-0.54537
-0.56521
8.8173
-0.47631
-0.46348
-0.45362
-0.52835
-0.56853
-0.56853
-0.52185
-0.59083
-0.50404
-0.50404
-0.50404
-0.50404
-0.40851
0
0
0
0
0
0
0
0
0
0
0
0
-0.55234
-0.57
-0.55234
-0.57
-0.47631
8.5581
-0.47631
-0.45103
-0.51942
-0.5579
-0.5579
-0.513
-0.5973
-0.50074
-0.50074
-0.50074
-0.50074
0
-0.16122
0
0
0
0
0
0
0
0
0
0
0
-0.54537
-0.56521
-0.54537
-0.56521
-0.46348
-0.47631
8.8173
-0.45362
-0.52835
-0.56853
-0.56853
-0.52185
-0.59083
-0.50404
-0.50404
-0.50404
-0.50404
-0.40851
0
0
0
0
0
0
0
0
0
0
0
0
-0.52639
-0.54564
-0.52639
-0.54564
-0.45362
-0.45103
-0.45362
8.0886
-0.50319
-0.54264
-0.54264
-0.5013
-0.56148
-0.48376
-0.48376
-0.48376
-0.48376
0
0
0
0
0
0
0
0
0
0
0
0
0
-0.62352
-0.63769
-0.62352
-0.63769
-0.52835
-0.51942
-0.52835
-0.50319
5.8861
-0.58957
-0.58957
0
0
0
0
0
0
0
0
-0.10521
0
0
0
0
0
0
0
0
0
0
-0.6676
-0.69059
-0.6676
-0.69059
-0.56853
-0.5579
-0.56853
-0.54264
-0.58957
13.5588
-0.6338
0
0
0
0
0
0
0
0
0
0
0
0
0
0
0
-7.3815
0
0
0
-0.6676
-0.69059
-0.6676
-0.69059
-0.56853
-0.5579
-0.56853
-0.54264
-0.58957
-0.6338
13.5588
0
0
0
0
0
0
0
0
0
0
0
0
0
0
0
0
0
0
-7.3815
-0.61217
-0.60854
-0.61217
-0.60854
-0.52185
-0.513
-0.52185
-0.5013
0
0
0
24.1438
0
0
0
0
0
0
0
0
0
-9.8222
0
0
0
-9.8222
0
0
0
0
-0.69189
-0.71604
-0.69189
-0.71604
-0.59083
-0.5973
-0.59083
-0.56148
0
0
0
0
5.4266
0
0
0
0
0
-0.27031
0
0
0
0
0
0
0
0
0
0
0
-0.58656
-0.61157
-0.58656
-0.61157
-0.50404
-0.50074
-0.50404
-0.48376
0
0
0
0
0
4.3888
0
0
0
0
0
0
0
0
0
0
0
0
0
0
0
0
-0.58656
-0.61157
-0.58656
-0.61157
-0.50404
-0.50074
-0.50404
-0.48376
0
0
0
0
0
0
4.3888
0
0
0
0
0
0
0
0
0
0
0
0
0
0
0
-0.58656
-0.61157
-0.58656
-0.61157
-0.50404
-0.50074
-0.50404
-0.48376
0
0
0
0
0
0
0
4.3888
0
0
0
0
0
0
0
0
0
0
0
0
0
0
-0.58656
-0.61157
-0.58656
-0.61157
-0.50404
-0.50074
-0.50404
-0.48376
0
0
0
0
0
0
0
0
4.3888
0
0
0
0
0
0
0
0
0
0
0
0
0
-0.4754
-0.48528
-0.4754
-0.48528
-0.40851
0
-0.40851
0
0
0
0
0
0
0
0
0
0
3.7217
0
0
0
0
0
0
-0.9833
0
0
0
0
0
0
0
0
0
0
-0.16122
0
0
0
0
0
0
-0.27031
0
0
0
0
0
0.53603
0
0
0
0
-0.1045
0
0
0
0
0
0
0
0
0
0
0
0
0
0
-0.10521
0
0
0
0
0
0
0
0
0
0
0.94817
-0.57183
0
-0.27113
0
0
0
0
0
0
0
-0.69861
0
-0.69861
0
0
0
0
0
0
0
0
0
0
0
0
0
0
0
0
-0.57183
1.969
0
0
0
0
0
0
0
0
0
0
0
0
0
0
0
0
0
0
0
0
-9.8222
0
0
0
0
0
0
0
0
0
9.8222
0
0
0
0
0
0
0
0
0
0
0
0
0
0
0
0
0
0
0
0
0
0
0
0
0
0
0
-0.27113
0
0
0.27113
0
0
0
0
0
0
0
0
0
0
0
0
0
0
0
0
0
0
0
0
0
0
0
0
0
-0.1045
0
0
0
0
0.1045
0
0
0
0
0
0
0
0
0
0
0
0
0
0
0
0
0
0
0
0
0
0
0
-0.9833
0
0
0
0
0
0
0.9833
0
0
0
0
0
0
0
0
0
0
0
0
0
0
0
0
-9.8222
0
0
0
0
0
0
0
0
0
0
0
0
0
9.8222
0
0
0
0
0
0
0
0
0
0
0
0
0
-7.3815
0
0
0
0
0
0
0
0
0
0
0
0
0
0
0
0
7.3815
0
0
0
0
-11.9402
0
0
0
0
0
0
0
0
0
0
0
0
0
0
0
0
0
0
0
0
0
0
0
0
0
11.9402
0
0
0
0
0
-11.9402
0
0
0
0
0
0
0
0
0
0
0
0
0
0
0
0
0
0
0
0
0
0
0
0
11.9402
0
0
0
0
0
0
0
0
0
0
0
-7.3815
0
0
0
0
0
0
0
0
0
0
0
0
0
0
0
0
0
0
7.3815
