23.3785
-0.75448
-0.77484
-0.76877
-0.79496
-0.76877
-0.76877
-0.76877
-0.76877
-0.67903
-0.65088
-0.64755
-0.64755
-0.64755
-0.64755
-0.75601
-0.75625
-0.24261
0
-0.55979
0
0
0
0
0
-10.9756
0
0
0
0
-0.75448
23.5197
-0.77147
-0.76733
-0.79027
-0.76733
-0.76733
-0.76733
-0.76733
-0.67008
-0.64483
-0.64138
-0.64138
-0.64138
-0.64138
-0.75283
-0.74823
0
0
0
-1.1795
0
0
0
0
0
0
-10.8059
0
0
-0.77484
-0.77147
12.3522
-0.8218
-0.83446
-0.8218
-0.8218
-0.8218
-0.8218
-0.66564
-0.63707
-0.63624
-0.63624
-0.63624
-0.63624
-0.74265
0
0
0
0
0
-1.2722
0
0
0
0
0
0
0
0
-0.76877
-0.76733
-0.8218
11.5098
-0.85213
-0.70671
-0.70671
-0.70671
-0.70671
-0.70418
-0.63955
-0.64715
-0.64715
-0.64715
-0.64715
-0.78573
-0.75491
0
0
0
0
0
0
0
0
0
0
0
0
0
-0.79496
-0.79027
-0.83446
-0.85213
21.724
-0.85213
-0.85213
-0.85213
-0.85213
-0.69012
-0.66033
-0.65932
-0.65932
-0.65932
-0.65932
-0.76924
0
0
0
0
0
0
0
0
0
0
0
0
-10.2867
0
-0.76877
-0.76733
-0.8218
-0.70671
-0.85213
11.5098
-0.70671
-0.70671
-0.70671
-0.70418
-0.63955
-0.64715
-0.64715
-0.64715
-0.64715
-0.78573
-0.75491
0
0
0
0
0
0
0
0
0
0
0
0
0
-0.76877
-0.76733
-0.8218
-0.70671
-0.85213
-0.70671
11.5098
-0.70671
-0.70671
-0.70418
-0.63955
-0.64715
-0.64715
-0.64715
-0.64715
-0.78573
-0.75491
0
0
0
0
0
0
0
0
0
0
0
0
0
-0.76877
-0.76733
-0.8218
-0.70671
-0.85213
-0.70671
-0.70671
11.5098
-0.70671
-0.70418
-0.63955
-0.64715
-0.64715
-0.64715
-0.64715
-0.78573
-0.75491
0
0
0
0
0
0
0
0
0
0
0
0
0
-0.76877
-0.76733
-0.8218
-0.70671
-0.85213
-0.70671
-0.70671
-0.70671
11.5098
-0.70418
-0.63955
-0.64715
-0.64715
-0.64715
-0.64715
-0.78573
-0.75491
0
0
0
0
0
0
0
0
0
0
0
0
0
-0.67903
-0.67008
-0.66564
-0.70418
-0.69012
-0.70418
-0.70418
-0.70418
-0.70418
9.2113
-0.54686
-0.544
-0.544
-0.544
-0.544
0
0
-0.26271
0
0
0
0
0
0
0
0
0
0
0
0
-0.65088
-0.64483
-0.63707
-0.63955
-0.66033
-0.63955
-0.63955
-0.63955
-0.63955
-0.54686
9.091
-0.53168
-0.53168
-0.53168
-0.53168
-0.62656
0
0
0
0
0
0
0
0
0
0
0
0
0
0
-0.64755
-0.64138
-0.63624
-0.64715
-0.65932
-0.64715
-0.64715
-0.64715
-0.64715
-0.544
-0.53168
8.4097
-0.50458
-0.50458
-0.50458
0
0
0
0
0
0
0
0
0
0
0
0
0
0
0
-0.64755
-0.64138
-0.63624
-0.64715
-0.65932
-0.64715
-0.64715
-0.64715
-0.64715
-0.544
-0.53168
-0.50458
8.4097
-0.50458
-0.50458
0
0
0
0
0
0
0
0
0
0
0
0
0
0
0
-0.64755
-0.64138
-0.63624
-0.64715
-0.65932
-0.64715
-0.64715
-0.64715
-0.64715
-0.544
-0.53168
-0.50458
-0.50458
8.4097
-0.50458
0
0
0
0
0
0
0
0
0
0
0
0
0
0
0
-0.64755
-0.64138
-0.63624
-0.64715
-0.65932
-0.64715
-0.64715
-0.64715
-0.64715
-0.544
-0.53168
-0.50458
-0.50458
-0.50458
8.4097
0
0
0
0
0
0
0
0
0
0
0
0
0
0
0
-0.75601
-0.75283
-0.74265
-0.78573
-0.76924
-0.78573
-0.78573
-0.78573
-0.78573
0
-0.62656
0
0
0
0
17.1028
0
0
-0.83716
0
0
0
0
0
0
0
0
0
0
-8.6897
-0.75625
-0.74823
0
-0.75491
0
-0.75491
-0.75491
-0.75491
-0.75491
0
0
0
0
0
0
0
6.0932
0
-0.81418
0
0
0
0
0
0
0
0
0
0
0
-0.24261
0
0
0
0
0
0
0
0
-0.26271
0
0
0
0
0
0
0
0.60981
0
0
0
0
0
0
0
0
-0.1045
0
0
0
0
0
0
0
0
0
0
0
0
0
0
0
0
0
0
-0.83716
-0.81418
0
2.9047
0
0
0
-1.2533
0
0
0
0
0
0
0
-0.55979
0
0
0
0
0
0
0
0
0
0
0
0
0
0
0
0
0
0
2.606
-1.5024
0
0
0
-0.54386
0
0
0
0
0
0
-1.1795
0
0
0
0
0
0
0
0
0
0
0
0
0
0
0
0
0
-1.5024
4.5769
0
0
-1.895
0
0
0
0
0
0
0
0
-1.2722
0
0
0
0
0
0
0
0
0
0
0
0
0
0
0
0
0
0
2.5154
0
-1.2432
0
0
0
0
0
0
0
0
0
0
0
0
0
0
0
0
0
0
0
0
0
0
0
0
-1.2533
0
0
0
4.9179
0
-3.6645
0
0
0
0
0
0
0
0
0
0
0
0
0
0
0
0
0
0
0
0
0
0
0
0
0
-1.895
-1.2432
0
3.1382
0
0
0
0
0
0
0
0
0
0
0
0
0
0
0
0
0
0
0
0
0
0
0
0
0
-0.54386
0
0
-3.6645
0
4.2084
0
0
0
0
0
-10.9756
0
0
0
0
0
0
0
0
0
0
0
0
0
0
0
0
0
0
0
0
0
0
0
0
10.9756
0
0
0
0
0
0
0
0
0
0
0
0
0
0
0
0
0
0
0
0
0
-0.1045
0
0
0
0
0
0
0
0
0.1045
0
0
0
0
-10.8059
0
0
0
0
0
0
0
0
0
0
0
0
0
0
0
0
0
0
0
0
0
0
0
0
0
10.8059
0
0
0
0
0
0
-10.2867
0
0
0
0
0
0
0
0
0
0
0
0
0
0
0
0
0
0
0
0
0
0
0
10.2867
0
0
0
0
0
0
0
0
0
0
0
0
0
0
0
0
-8.6897
0
0
0
0
0
0
0
0
0
0
0
0
0
8.6897
