22.6283
-0.49603
-0.49603
-0.47192
-0.49736
-0.47306
-0.52952
-0.41111
-0.42912
-0.41111
-0.42387
-0.41111
-0.38915
-0.42987
0
0
0
0
0
0
-8.3795
0
0
0
-8.3795
0
0
0
0
0
-0.49603
22.6283
-0.49603
-0.47192
-0.49736
-0.47306
-0.52952
-0.41111
-0.42912
-0.41111
-0.42387
-0.41111
-0.38915
-0.42987
0
0
0
0
0
0
0
0
0
-8.3795
0
0
0
0
0
-8.3795
-0.49603
-0.49603
22.6283
-0.47192
-0.49736
-0.47306
-0.52952
-0.41111
-0.42912
-0.41111
-0.42387
-0.41111
-0.38915
-0.42987
0
0
0
0
0
0
0
0
0
0
0
0
0
-8.3795
-8.3795
0
-0.47192
-0.47192
-0.47192
5.6855
-0.44478
-0.43018
-0.47701
-0.37784
-0.40206
-0.37784
-0.38736
-0.37784
-0.35601
-0.4084
0
-0.23047
0
0
0
0
0
0
0
0
0
0
0
0
0
0
-0.49736
-0.49736
-0.49736
-0.44478
9.4454
-0.44658
-0.46161
-0.38682
-0.422
-0.38682
-0.40332
-0.38682
-0.36625
-0.42022
0
0
-3.8281
0
0
0
0
0
0
0
0
0
0
0
0
0
-0.47306
-0.47306
-0.47306
-0.43018
-0.44658
5.739
-0.47881
-0.37822
-0.40699
-0.37822
-0.3894
-0.37822
-0.36095
-0.39615
0
0
0
0
-0.27608
0
0
0
0
0
0
0
0
0
0
0
-0.52952
-0.52952
-0.52952
-0.47701
-0.46161
-0.47881
12.2602
-0.41085
-0.44221
-0.41085
-0.41632
-0.41085
-0.36671
0
0
0
0
-1.1816
0
-5.6149
0
0
0
0
0
0
0
0
0
0
-0.41111
-0.41111
-0.41111
-0.37784
-0.38682
-0.37822
-0.41085
4.7643
-0.35198
-0.30974
-0.34492
-0.30974
-0.30954
-0.3514
0
0
0
0
0
0
0
0
0
0
0
0
0
0
0
0
-0.42912
-0.42912
-0.42912
-0.40206
-0.422
-0.40699
-0.44221
-0.35198
8.86
-0.35198
-0.33787
-0.35198
-0.30439
0
0
0
0
0
0
0
0
0
0
0
0
0
-4.2012
0
0
0
-0.41111
-0.41111
-0.41111
-0.37784
-0.38682
-0.37822
-0.41085
-0.30974
-0.35198
4.7643
-0.34492
-0.30974
-0.30954
-0.3514
0
0
0
0
0
0
0
0
0
0
0
0
0
0
0
0
-0.42387
-0.42387
-0.42387
-0.38736
-0.40332
-0.3894
-0.41632
-0.34492
-0.33787
-0.34492
4.7916
-0.34492
-0.29786
0
0
0
0
0
-0.25313
0
0
0
0
0
0
0
0
0
0
0
-0.41111
-0.41111
-0.41111
-0.37784
-0.38682
-0.37822
-0.41085
-0.30974
-0.35198
-0.30974
-0.34492
4.7643
-0.30954
-0.3514
0
0
0
0
0
0
0
0
0
0
0
0
0
0
0
0
-0.38915
-0.38915
-0.38915
-0.35601
-0.36625
-0.36095
-0.36671
-0.30954
-0.30439
-0.30954
-0.29786
-0.30954
4.1482
0
0
0
0
0
0
0
0
0
0
0
0
0
0
0
0
0
-0.42987
-0.42987
-0.42987
-0.4084
-0.42022
-0.39615
0
-0.3514
0
-0.3514
0
-0.3514
0
3.8957
-0.1045
-0.22262
0
0
0
0
0
0
0
0
0
0
0
0
0
0
0
0
0
0
0
0
0
0
0
0
0
0
0
-0.1045
2.7854
0
0
-1.7725
0
0
0
0
0
0
0
-0.90846
0
0
0
0
0
0
0
-0.23047
0
0
0
0
0
0
0
0
0
-0.22262
0
0.58015
0
0
0
0
0
-0.12706
0
0
0
0
0
0
0
0
0
0
0
0
-3.8281
0
0
0
0
0
0
0
0
0
0
0
7.2275
-1.6811
0
-1.7184
0
0
0
0
0
0
0
0
0
0
0
0
0
0
0
0
-1.1816
0
0
0
0
0
0
0
-1.7725
0
-1.6811
4.6351
0
0
0
0
0
0
0
0
0
0
0
0
0
0
0
0
0
-0.27608
0
0
0
0
-0.25313
0
0
0
0
0
0
0
0.72502
0
0
0
-0.1958
0
0
0
0
0
0
0
0
0
0
0
0
0
-5.6149
0
0
0
0
0
0
0
0
0
-1.7184
0
0
7.3333
0
0
0
0
0
0
0
0
0
0
-8.3795
0
0
0
0
0
0
0
0
0
0
0
0
0
0
0
0
0
0
0
8.3795
0
0
0
0
0
0
0
0
0
0
0
0
0
0
0
0
0
0
0
0
0
0
0
0
-0.12706
0
0
0
0
0
0.12706
0
0
0
0
0
0
0
0
0
0
0
0
0
0
0
0
0
0
0
0
0
0
0
0
0
0
-0.1958
0
0
0
0.1958
0
0
0
0
0
0
0
0
-8.3795
0
0
0
0
0
0
0
0
0
0
0
0
0
0
0
0
0
0
0
0
0
8.3795
0
0
0
0
0
0
-8.3795
0
0
0
0
0
0
0
0
0
0
0
0
0
0
0
0
0
0
0
0
0
0
0
8.3795
0
0
0
0
0
0
0
0
0
0
0
0
0
0
0
0
0
0
0
-0.90846
0
0
0
0
0
0
0
0
0
0
0.90846
0
0
0
0
0
0
0
0
0
0
0
0
-4.2012
0
0
0
0
0
0
0
0
0
0
0
0
0
0
0
0
0
4.2012
0
0
0
0
0
-8.3795
0
0
0
0
0
0
0
0
0
0
0
0
0
0
0
0
0
0
0
0
0
0
0
0
8.3795
0
0
0
0
-8.3795
0
0
0
0
0
0
0
0
0
0
0
0
0
0
0
0
0
0
0
0
0
0
0
0
0
8.3795
0
0
-8.3795
0
0
0
0
0
0
0
0
0
0
0
0
0
0
0
0
0
0
0
0
0
0
0
0
0
0
0
8.3795
