18.5779
-0.59538
-0.57709
-0.57709
-0.52376
-0.55146
-0.55146
-0.58575
-0.55611
-0.55586
-0.55601
-0.58125
-0.57182
-0.42084
-0.51938
-0.562
-0.62918
-0.67535
0
0
0
0
0
0
0
0
-8.9882
0
0
0
-0.59538
30.3544
-0.59807
-0.59807
-0.52977
-0.54828
-0.54828
-0.57258
-0.55541
-0.54411
-0.55246
-0.56476
-0.57278
-0.39834
-0.50257
-0.56763
-0.64245
0
0
0
0
0
-10.7317
-10.7317
0
0
0
0
0
0
-0.57709
-0.59807
11.6442
-0.54087
-0.51437
-0.54305
-0.54305
-0.58009
-0.54511
-0.55036
-0.54851
-0.57841
-0.55911
-0.43367
-0.52229
-0.547
-0.60677
-0.63971
0
-2.2167
0
0
0
0
0
0
0
0
0
0
-0.57709
-0.59807
-0.54087
11.6442
-0.51437
-0.54305
-0.54305
-0.58009
-0.54511
-0.55036
-0.54851
-0.57841
-0.55911
-0.43367
-0.52229
-0.547
-0.60677
-0.63971
0
-2.2167
0
0
0
0
0
0
0
0
0
0
-0.52376
-0.52977
-0.51437
-0.51437
8.7109
-0.50266
-0.50266
-0.52893
-0.50349
-0.50337
-0.50523
-0.52701
-0.51607
-0.39961
-0.47802
-0.50684
-0.5615
-0.59323
0
0
0
0
0
0
0
0
0
0
0
0
-0.55146
-0.54828
-0.54305
-0.54305
-0.50266
7.8927
-0.50953
-0.55528
-0.52884
-0.5277
-0.53206
-0.55303
-0.54319
-0.41797
-0.50271
-0.53387
0
0
0
0
0
0
0
0
0
0
0
0
0
0
-0.55146
-0.54828
-0.54305
-0.54305
-0.50266
-0.50953
7.8927
-0.55528
-0.52884
-0.5277
-0.53206
-0.55303
-0.54319
-0.41797
-0.50271
-0.53387
0
0
0
0
0
0
0
0
0
0
0
0
0
0
-0.58575
-0.57258
-0.58009
-0.58009
-0.52893
-0.55528
-0.55528
12.6955
-0.57081
-0.57903
-0.57058
-0.60263
-0.59424
0
0
0
0
0
0
0
0
0
0
0
0
0
0
-5.8202
0
0
-0.55611
-0.55541
-0.54511
-0.54511
-0.50349
-0.52884
-0.52884
-0.57081
6.5341
-0.55281
-0.53011
-0.56485
-0.55265
0
0
0
0
0
0
0
0
0
0
0
0
0
0
0
0
0
-0.55586
-0.54411
-0.55036
-0.55036
-0.50337
-0.5277
-0.5277
-0.57903
-0.55281
10.5303
-0.50521
0
-0.54429
0
0
0
0
0
0
0
0
-4.5895
0
0
0
0
0
0
0
0
-0.55601
-0.55246
-0.54851
-0.54851
-0.50523
-0.53206
-0.53206
-0.57058
-0.53011
-0.50521
5.5753
0
0
0
0
0
0
0
-0.1945
0
0
0
0
0
0
0
0
0
0
0
-0.58125
-0.56476
-0.57841
-0.57841
-0.52701
-0.55303
-0.55303
-0.60263
-0.56485
0
0
7.6124
0
0
0
0
0
0
0
0
-2.509
0
0
0
0
0
0
0
0
0
-0.57182
-0.57278
-0.55911
-0.55911
-0.51607
-0.54319
-0.54319
-0.59424
-0.55265
-0.54429
0
0
5.5564
0
0
0
0
0
0
0
0
0
0
0
0
0
0
0
0
0
-0.42084
-0.39834
-0.43367
-0.43367
-0.39961
-0.41797
-0.41797
0
0
0
0
0
0
15.4059
0
0
0
0
0
0
0
0
0
0
-6.2419
-6.2419
0
0
0
0
-0.51938
-0.50257
-0.52229
-0.52229
-0.47802
-0.50271
-0.50271
0
0
0
0
0
0
0
4.4196
0
0
0
-0.19586
0
0
0
0
0
0
0
0
0
0
-0.67383
-0.562
-0.56763
-0.547
-0.547
-0.50684
-0.53387
-0.53387
0
0
0
0
0
0
0
0
3.7982
0
0
0
0
0
0
0
0
0
0
0
0
0
0
-0.62918
-0.64245
-0.60677
-0.60677
-0.5615
0
0
0
0
0
0
0
0
0
0
0
3.0467
0
0
0
0
0
0
0
0
0
0
0
0
0
-0.67535
0
-0.63971
-0.63971
-0.59323
0
0
0
0
0
0
0
0
0
0
0
0
2.548
0
0
0
0
0
0
0
0
0
0
0
0
0
0
0
0
0
0
0
0
0
0
-0.1945
0
0
0
-0.19586
0
0
0
0.49486
0
0
0
0
0
0
0
0
0
-0.1045
0
0
0
-2.2167
-2.2167
0
0
0
0
0
0
0
0
0
0
0
0
0
0
0
4.4334
0
0
0
0
0
0
0
0
0
0
0
0
0
0
0
0
0
0
0
0
0
-2.509
0
0
0
0
0
0
0
0
2.509
0
0
0
0
0
0
0
0
0
0
0
0
0
0
0
0
0
0
-4.5895
0
0
0
0
0
0
0
0
0
0
0
4.5895
0
0
0
0
0
0
0
0
0
-10.7317
0
0
0
0
0
0
0
0
0
0
0
0
0
0
0
0
0
0
0
0
10.7317
0
0
0
0
0
0
0
0
-10.7317
0
0
0
0
0
0
0
0
0
0
0
0
0
0
0
0
0
0
0
0
0
10.7317
0
0
0
0
0
0
0
0
0
0
0
0
0
0
0
0
0
0
0
-6.2419
0
0
0
0
0
0
0
0
0
0
6.2419
0
0
0
0
0
0
0
0
0
0
0
0
0
0
0
0
0
0
-6.2419
0
0
0
0
0
0
0
0
0
0
0
6.2419
0
0
0
0
-8.9882
0
0
0
0
0
0
0
0
0
0
0
0
0
0
0
0
0
0
0
0
0
0
0
0
0
8.9882
0
0
0
0
0
0
0
0
0
0
-5.8202
0
0
0
0
0
0
0
0
0
0
0
0
0
0
0
0
0
0
0
5.8202
0
0
0
0
0
0
0
0
0
0
0
0
0
0
0
0
0
0
0
0
-0.1045
0
0
0
0
0
0
0
0
0
0.1045
0
0
0
0
0
0
0
0
0
0
0
0
0
0
0
-0.67383
0
0
0
0
0
0
0
0
0
0
0
0
0
0
0.67383
