33.4287
-0.79602
-0.79544
-0.79503
-0.8411
-0.79727
-0.79727
-0.7454
-0.79727
-0.79727
-0.79727
-0.73398
-0.72588
-0.72012
-0.72012
-0.72012
-0.77232
-0.75357
-1.065
-0.56319
0
0
0
0
0
-9.3476
0
0
-9.3476
0
-0.79602
15.2273
-0.77774
-0.78988
-0.81715
-0.77667
-0.77667
-0.77163
-0.77667
-0.77667
-0.77667
-0.71068
-0.70535
-0.69985
-0.69985
-0.69985
-0.79056
-0.72724
-1.0107
-0.6069
-0.74062
0
0
0
0
0
0
0
0
0
-0.79544
-0.77774
14.4842
-0.79174
-0.8185
-0.77804
-0.77804
-0.76706
-0.77804
-0.77804
-0.77804
-0.7119
-0.70419
-0.6988
-0.6988
-0.6988
-0.78629
-0.72611
-1.0121
-0.60647
0
0
0
0
0
0
0
0
0
0
-0.79503
-0.78988
-0.79174
21.663
-0.8352
-0.79327
-0.79327
-0.76709
-0.79327
-0.79327
-0.79327
-0.726
-0.71775
-0.71211
-0.71211
-0.71211
-0.78946
-0.74154
-1.0403
0
0
0
0
0
-7.5664
0
0
0
0
0
-0.8411
-0.81715
-0.8185
-0.8352
14.6239
-0.82558
-0.82558
-0.82052
-0.82558
-0.82558
-0.82558
-0.75084
-0.7401
-0.73454
-0.73454
-0.73454
-0.8376
-0.76382
-1.0675
0
0
0
0
0
0
0
0
0
0
0
-0.79727
-0.77667
-0.77804
-0.79327
-0.82558
12.813
-0.75427
-0.82398
-0.75427
-0.75427
-0.75427
-0.70902
-0.69224
-0.69319
-0.69319
-0.69319
-0.79367
-0.72662
0
0
0
0
0
0
0
0
0
0
0
0
-0.79727
-0.77667
-0.77804
-0.79327
-0.82558
-0.75427
12.813
-0.82398
-0.75427
-0.75427
-0.75427
-0.70902
-0.69224
-0.69319
-0.69319
-0.69319
-0.79367
-0.72662
0
0
0
0
0
0
0
0
0
0
0
0
-0.7454
-0.77163
-0.76706
-0.76709
-0.82052
-0.82398
-0.82398
28.307
-0.82398
-0.82398
-0.82398
-0.66517
-0.68182
-0.67167
-0.67167
-0.67167
0
0
0
0
0
0
0
-8.4767
0
0
-8.4767
0
0
0
-0.79727
-0.77667
-0.77804
-0.79327
-0.82558
-0.75427
-0.75427
-0.82398
12.813
-0.75427
-0.75427
-0.70902
-0.69224
-0.69319
-0.69319
-0.69319
-0.79367
-0.72662
0
0
0
0
0
0
0
0
0
0
0
0
-0.79727
-0.77667
-0.77804
-0.79327
-0.82558
-0.75427
-0.75427
-0.82398
-0.75427
12.813
-0.75427
-0.70902
-0.69224
-0.69319
-0.69319
-0.69319
-0.79367
-0.72662
0
0
0
0
0
0
0
0
0
0
0
0
-0.79727
-0.77667
-0.77804
-0.79327
-0.82558
-0.75427
-0.75427
-0.82398
-0.75427
-0.75427
12.813
-0.70902
-0.69224
-0.69319
-0.69319
-0.69319
-0.79367
-0.72662
0
0
0
0
0
0
0
0
0
0
0
0
-0.73398
-0.71068
-0.7119
-0.726
-0.75084
-0.70902
-0.70902
-0.66517
-0.70902
-0.70902
-0.70902
11.038
-0.62739
-0.63212
-0.63212
-0.63212
0
0
0
0
-0.67058
0
0
0
0
0
0
0
0
0
-0.72588
-0.70535
-0.70419
-0.71775
-0.7401
-0.69224
-0.69224
-0.68182
-0.69224
-0.69224
-0.69224
-0.62739
10.8921
-0.62694
-0.62694
-0.62694
0
-0.64765
0
0
0
0
0
0
0
0
0
0
0
0
-0.72012
-0.69985
-0.6988
-0.71211
-0.73454
-0.69319
-0.69319
-0.67167
-0.69319
-0.69319
-0.69319
-0.63212
-0.62694
10.1706
-0.60427
-0.60427
0
0
0
0
0
0
0
0
0
0
0
0
0
0
-0.72012
-0.69985
-0.6988
-0.71211
-0.73454
-0.69319
-0.69319
-0.67167
-0.69319
-0.69319
-0.69319
-0.63212
-0.62694
-0.60427
10.1706
-0.60427
0
0
0
0
0
0
0
0
0
0
0
0
0
0
-0.72012
-0.69985
-0.6988
-0.71211
-0.73454
-0.69319
-0.69319
-0.67167
-0.69319
-0.69319
-0.69319
-0.63212
-0.62694
-0.60427
-0.60427
10.1706
0
0
0
0
0
0
0
0
0
0
0
0
0
0
-0.77232
-0.79056
-0.78629
-0.78946
-0.8376
-0.79367
-0.79367
0
-0.79367
-0.79367
-0.79367
0
0
0
0
0
12.3835
0
0
0
0
-0.23221
0
0
0
0
0
-4.2067
0
0
-0.75357
-0.72724
-0.72611
-0.74154
-0.76382
-0.72662
-0.72662
0
-0.72662
-0.72662
-0.72662
0
-0.64765
0
0
0
0
7.993
0
0
0
0
0
0
0
0
0
0
0
0
-1.065
-1.0107
-1.0121
-1.0403
-1.0675
0
0
0
0
0
0
0
0
0
0
0
0
0
5.1956
0
0
0
0
0
0
0
0
0
0
0
-0.56319
-0.6069
-0.60647
0
0
0
0
0
0
0
0
0
0
0
0
0
0
0
0
1.8811
0
0
-0.1045
0
0
0
0
0
0
0
0
-0.74062
0
0
0
0
0
0
0
0
0
-0.67058
0
0
0
0
0
0
0
0
1.7043
-0.29312
0
0
0
0
0
0
0
0
0
0
0
0
0
0
0
0
0
0
0
0
0
0
0
0
-0.23221
0
0
0
-0.29312
0.80029
0
0
0
0
0
0
0
-0.27495
0
0
0
0
0
0
0
0
0
0
0
0
0
0
0
0
0
0
0
-0.1045
0
0
0.1045
0
0
0
0
0
0
0
0
0
0
0
0
0
0
-8.4767
0
0
0
0
0
0
0
0
0
0
0
0
0
0
0
8.4767
0
0
0
0
0
0
0
0
0
-7.5664
0
0
0
0
0
0
0
0
0
0
0
0
0
0
0
0
0
0
0
0
7.5664
0
0
0
0
0
-9.3476
0
0
0
0
0
0
0
0
0
0
0
0
0
0
0
0
0
0
0
0
0
0
0
0
9.3476
0
0
0
0
0
0
0
0
0
0
0
-8.4767
0
0
0
0
0
0
0
0
0
0
0
0
0
0
0
0
0
0
8.4767
0
0
0
0
0
0
0
0
0
0
0
0
0
0
0
0
0
0
0
-4.2067
0
0
0
0
0
0
0
0
0
0
4.2067
0
0
-9.3476
0
0
0
0
0
0
0
0
0
0
0
0
0
0
0
0
0
0
0
0
0
0
0
0
0
0
0
9.3476
0
0
0
0
0
0
0
0
0
0
0
0
0
0
0
0
0
0
0
0
0
0
-0.27495
0
0
0
0
0
0
0
0.27495
