20.4314
-1.0133
-1.0133
-1.0133
-1.0133
-0.86686
-0.86686
-0.86686
-0.86686
-0.93982
-0.9646
-0.94192
-0.98052
-0.95026
-0.95026
-0.97443
-0.97443
-1.0207
-0.92458
-1.0207
-0.92458
-0.95273
-0.39144
0
0
0
0
0
0
0
-1.0133
19.3885
-0.96947
-0.96947
-0.96947
-0.83567
-0.83567
-0.83567
-0.83567
-0.90781
-0.9303
-0.91008
-0.94933
-0.91807
-0.91807
-0.94122
-0.94122
-0.99532
-0.89328
-0.99532
-0.89328
-0.93087
0
0
0
0
0
0
0
0
-1.0133
-0.96947
19.3885
-0.96947
-0.96947
-0.83567
-0.83567
-0.83567
-0.83567
-0.90781
-0.9303
-0.91008
-0.94933
-0.91807
-0.91807
-0.94122
-0.94122
-0.99532
-0.89328
-0.99532
-0.89328
-0.93087
0
0
0
0
0
0
0
0
-1.0133
-0.96947
-0.96947
19.3885
-0.96947
-0.83567
-0.83567
-0.83567
-0.83567
-0.90781
-0.9303
-0.91008
-0.94933
-0.91807
-0.91807
-0.94122
-0.94122
-0.99532
-0.89328
-0.99532
-0.89328
-0.93087
0
0
0
0
0
0
0
0
-1.0133
-0.96947
-0.96947
-0.96947
19.3885
-0.83567
-0.83567
-0.83567
-0.83567
-0.90781
-0.9303
-0.91008
-0.94933
-0.91807
-0.91807
-0.94122
-0.94122
-0.99532
-0.89328
-0.99532
-0.89328
-0.93087
0
0
0
0
0
0
0
0
-0.86686
-0.83567
-0.83567
-0.83567
-0.83567
15.7511
-0.6995
-0.6995
-0.6995
-0.76764
-0.78191
-0.7688
-0.79777
-0.77495
-0.77495
-0.79328
-0.79328
-0.84186
-0.75337
-0.84186
-0.75337
0
0
0
0
0
0
0
0
0
-0.86686
-0.83567
-0.83567
-0.83567
-0.83567
-0.6995
15.7511
-0.6995
-0.6995
-0.76764
-0.78191
-0.7688
-0.79777
-0.77495
-0.77495
-0.79328
-0.79328
-0.84186
-0.75337
-0.84186
-0.75337
0
0
0
0
0
0
0
0
0
-0.86686
-0.83567
-0.83567
-0.83567
-0.83567
-0.6995
-0.6995
15.7511
-0.6995
-0.76764
-0.78191
-0.7688
-0.79777
-0.77495
-0.77495
-0.79328
-0.79328
-0.84186
-0.75337
-0.84186
-0.75337
0
0
0
0
0
0
0
0
0
-0.86686
-0.83567
-0.83567
-0.83567
-0.83567
-0.6995
-0.6995
-0.6995
15.7511
-0.76764
-0.78191
-0.7688
-0.79777
-0.77495
-0.77495
-0.79328
-0.79328
-0.84186
-0.75337
-0.84186
-0.75337
0
0
0
0
0
0
0
0
0
-0.93982
-0.90781
-0.90781
-0.90781
-0.90781
-0.76764
-0.76764
-0.76764
-0.76764
15.2641
-0.84858
-0.83222
-0.87142
-0.83758
-0.83758
-0.85921
-0.85921
0
-0.83833
0
-0.83833
0
0
0
0
0
0
0
0
0
-0.9646
-0.9303
-0.9303
-0.9303
-0.9303
-0.78191
-0.78191
-0.78191
-0.78191
-0.84858
16.225
-0.84151
-0.89895
-0.84596
-0.84596
-0.86924
-0.86924
0
0
0
0
0
0
-2.3921
0
0
0
0
0
0
-0.94192
-0.91008
-0.91008
-0.91008
-0.91008
-0.7688
-0.7688
-0.7688
-0.7688
-0.83222
-0.84151
13.5377
-0.87039
-0.82143
-0.82143
-0.84662
-0.84662
0
0
0
0
0
0
0
0
0
0
0
0
0
-0.98052
-0.94933
-0.94933
-0.94933
-0.94933
-0.79777
-0.79777
-0.79777
-0.79777
-0.87142
-0.89895
-0.87039
23.5479
-0.83614
-0.83614
0
0
0
0
0
0
0
0
0
-2.3303
0
0
0
0
-8.9356
-0.95026
-0.91807
-0.91807
-0.91807
-0.91807
-0.77495
-0.77495
-0.77495
-0.77495
-0.83758
-0.84596
-0.82143
-0.83614
11.8612
-0.79774
0
0
0
0
0
0
0
0
0
0
0
0
0
0
0
-0.95026
-0.91807
-0.91807
-0.91807
-0.91807
-0.77495
-0.77495
-0.77495
-0.77495
-0.83758
-0.84596
-0.82143
-0.83614
-0.79774
11.8612
0
0
0
0
0
0
0
0
0
0
0
0
0
0
0
-0.97443
-0.94122
-0.94122
-0.94122
-0.94122
-0.79328
-0.79328
-0.79328
-0.79328
-0.85921
-0.86924
-0.84662
0
0
0
10.4875
0
0
0
0
0
0
0
0
0
0
0
0
0
0
-0.97443
-0.94122
-0.94122
-0.94122
-0.94122
-0.79328
-0.79328
-0.79328
-0.79328
-0.85921
-0.86924
-0.84662
0
0
0
0
10.4875
0
0
0
0
0
0
0
0
0
0
0
0
0
-1.0207
-0.99532
-0.99532
-0.99532
-0.99532
-0.84186
-0.84186
-0.84186
-0.84186
0
0
0
0
0
0
0
0
14.4008
0
0
0
0
0
0
0
0
0
0
-6.0314
0
-0.92458
-0.89328
-0.89328
-0.89328
-0.89328
-0.75337
-0.75337
-0.75337
-0.75337
-0.83833
0
0
0
0
0
0
0
0
8.3495
0
0
0
0
0
0
0
0
0
0
0
-1.0207
-0.99532
-0.99532
-0.99532
-0.99532
-0.84186
-0.84186
-0.84186
-0.84186
0
0
0
0
0
0
0
0
0
0
14.4008
0
0
0
0
0
0
-6.0314
0
0
0
-0.92458
-0.89328
-0.89328
-0.89328
-0.89328
-0.75337
-0.75337
-0.75337
-0.75337
-0.83833
0
0
0
0
0
0
0
0
0
0
8.3495
0
0
0
0
0
0
0
0
0
-0.95273
-0.93087
-0.93087
-0.93087
-0.93087
0
0
0
0
0
0
0
0
0
0
0
0
0
0
0
0
5.2739
0
0
0
-0.59767
0
0
0
0
-0.39144
0
0
0
0
0
0
0
0
0
0
0
0
0
0
0
0
0
0
0
0
0
6.5184
-2.4947
-2.4168
0
0
-1.2154
0
0
0
0
0
0
0
0
0
0
0
0
-2.3921
0
0
0
0
0
0
0
0
0
0
0
-2.4947
4.8868
0
0
0
0
0
0
0
0
0
0
0
0
0
0
0
0
0
0
-2.3303
0
0
0
0
0
0
0
0
0
-2.4168
0
4.7471
0
0
0
0
0
0
0
0
0
0
0
0
0
0
0
0
0
0
0
0
0
0
0
0
0
0
-0.59767
0
0
0
0.59767
0
0
0
0
0
0
0
0
0
0
0
0
0
0
0
0
0
0
0
0
0
0
0
-6.0314
0
0
0
0
0
0
6.0314
0
0
0
0
0
0
0
0
0
0
0
0
0
0
0
0
0
0
0
0
0
0
0
0
0
-1.2154
0
0
0
0
1.2154
0
0
0
0
0
0
0
0
0
0
0
0
0
0
0
0
0
0
0
-6.0314
0
0
0
0
0
0
0
0
0
0
6.0314
0
0
0
0
0
0
0
0
0
0
0
0
0
-8.9356
0
0
0
0
0
0
0
0
0
0
0
0
0
0
0
0
8.9356
