36.6451
-0.82078
-0.79183
-0.77342
-0.79183
-0.77599
-0.63965
-0.63965
-0.63965
-0.63965
-0.63965
-0.76927
-0.79519
-0.8158
-0.67757
-0.67757
-0.67757
-0.67757
0
0
0
0
-12.2012
0
0
0
0
0
0
-12.2012
-0.82078
22.8981
-0.79264
-0.76056
-0.79264
-0.76925
-0.63364
-0.63364
-0.63364
-0.63364
-0.63364
-0.74761
-0.77923
-0.82772
-0.67134
-0.67134
-0.67134
-0.67134
0
0
-0.53008
0
0
-10.224
0
0
0
0
0
0
-0.79183
-0.79264
21.5354
-0.74582
-0.77046
-0.74608
-0.60533
-0.60533
-0.60533
-0.60533
-0.60533
-0.73473
-0.75594
-0.79433
-0.64191
-0.64191
-0.64191
-0.64191
0
0
0
0
0
0
0
-9.8093
0
0
0
0
-0.77342
-0.76056
-0.74582
11.7078
-0.74582
-0.71858
-0.58614
-0.58614
-0.58614
-0.58614
-0.58614
-0.71779
-0.72981
-0.76832
-0.61826
-0.61826
-0.61826
-0.61826
0
-0.34389
0
0
0
0
0
0
0
0
0
0
-0.79183
-0.79264
-0.77046
-0.74582
21.5354
-0.74608
-0.60533
-0.60533
-0.60533
-0.60533
-0.60533
-0.73473
-0.75594
-0.79433
-0.64191
-0.64191
-0.64191
-0.64191
0
0
0
0
0
0
-9.8093
0
0
0
0
0
-0.77599
-0.76925
-0.74608
-0.71858
-0.74608
11.9147
-0.58811
-0.58811
-0.58811
-0.58811
-0.58811
-0.69999
-0.72646
-0.77577
-0.62445
-0.62445
-0.62445
-0.62445
0
0
-0.51819
0
0
0
0
0
0
0
0
0
-0.63965
-0.63364
-0.60533
-0.58614
-0.60533
-0.58811
9.3747
-0.46592
-0.46592
-0.46592
-0.46592
-0.58356
-0.59892
-0.63214
-0.50955
-0.50955
-0.50955
-0.50955
0
0
0
0
0
0
0
0
0
0
0
0
-0.63965
-0.63364
-0.60533
-0.58614
-0.60533
-0.58811
-0.46592
9.3747
-0.46592
-0.46592
-0.46592
-0.58356
-0.59892
-0.63214
-0.50955
-0.50955
-0.50955
-0.50955
0
0
0
0
0
0
0
0
0
0
0
0
-0.63965
-0.63364
-0.60533
-0.58614
-0.60533
-0.58811
-0.46592
-0.46592
9.3747
-0.46592
-0.46592
-0.58356
-0.59892
-0.63214
-0.50955
-0.50955
-0.50955
-0.50955
0
0
0
0
0
0
0
0
0
0
0
0
-0.63965
-0.63364
-0.60533
-0.58614
-0.60533
-0.58811
-0.46592
-0.46592
-0.46592
9.3747
-0.46592
-0.58356
-0.59892
-0.63214
-0.50955
-0.50955
-0.50955
-0.50955
0
0
0
0
0
0
0
0
0
0
0
0
-0.63965
-0.63364
-0.60533
-0.58614
-0.60533
-0.58811
-0.46592
-0.46592
-0.46592
-0.46592
9.3747
-0.58356
-0.59892
-0.63214
-0.50955
-0.50955
-0.50955
-0.50955
0
0
0
0
0
0
0
0
0
0
0
0
-0.76927
-0.74761
-0.73473
-0.71779
-0.73473
-0.69999
-0.58356
-0.58356
-0.58356
-0.58356
-0.58356
7.9213
0
0
0
0
0
0
-0.25189
-0.34754
0
0
0
0
0
0
0
0
0
0
-0.79519
-0.77923
-0.75594
-0.72981
-0.75594
-0.72646
-0.59892
-0.59892
-0.59892
-0.59892
-0.59892
0
7.8114
0
0
0
0
0
-0.27423
0
0
0
0
0
0
0
0
0
0
0
-0.8158
-0.82772
-0.79433
-0.76832
-0.79433
-0.77577
-0.63214
-0.63214
-0.63214
-0.63214
-0.63214
0
0
14.6652
0
0
0
0
0
0
0
-6.7282
0
0
0
0
0
0
0
0
-0.67757
-0.67134
-0.64191
-0.61826
-0.64191
-0.62445
-0.50955
-0.50955
-0.50955
-0.50955
-0.50955
0
0
0
6.4232
0
0
0
0
0
0
0
0
0
0
0
0
0
0
0
-0.67757
-0.67134
-0.64191
-0.61826
-0.64191
-0.62445
-0.50955
-0.50955
-0.50955
-0.50955
-0.50955
0
0
0
0
6.4232
0
0
0
0
0
0
0
0
0
0
0
0
0
0
-0.67757
-0.67134
-0.64191
-0.61826
-0.64191
-0.62445
-0.50955
-0.50955
-0.50955
-0.50955
-0.50955
0
0
0
0
0
6.4232
0
0
0
0
0
0
0
0
0
0
0
0
0
-0.67757
-0.67134
-0.64191
-0.61826
-0.64191
-0.62445
-0.50955
-0.50955
-0.50955
-0.50955
-0.50955
0
0
0
0
0
0
6.4232
0
0
0
0
0
0
0
0
0
0
0
0
0
0
0
0
0
0
0
0
0
0
0
-0.25189
-0.27423
0
0
0
0
0
0.63063
0
0
0
0
0
0
0
0
-0.1045
0
0
0
0
0
-0.34389
0
0
0
0
0
0
0
-0.34754
0
0
0
0
0
0
0
0.92364
0
0
0
0
0
0
-0.23221
0
0
0
0
-0.53008
0
0
0
-0.51819
0
0
0
0
0
0
0
0
0
0
0
0
0
0
1.4917
0
0
0
0
0
0
0
-0.44345
0
0
0
0
0
0
0
0
0
0
0
0
0
0
-6.7282
0
0
0
0
0
0
0
6.7282
0
0
0
0
0
0
0
0
-12.2012
0
0
0
0
0
0
0
0
0
0
0
0
0
0
0
0
0
0
0
0
0
12.2012
0
0
0
0
0
0
0
0
-10.224
0
0
0
0
0
0
0
0
0
0
0
0
0
0
0
0
0
0
0
0
0
10.224
0
0
0
0
0
0
0
0
0
0
-9.8093
0
0
0
0
0
0
0
0
0
0
0
0
0
0
0
0
0
0
0
9.8093
0
0
0
0
0
0
0
-9.8093
0
0
0
0
0
0
0
0
0
0
0
0
0
0
0
0
0
0
0
0
0
0
9.8093
0
0
0
0
0
0
0
0
0
0
0
0
0
0
0
0
0
0
0
0
0
0
0
-0.23221
0
0
0
0
0
0
0.23221
0
0
0
0
0
0
0
0
0
0
0
0
0
0
0
0
0
0
0
0
0
-0.1045
0
0
0
0
0
0
0
0
0.1045
0
0
0
0
0
0
0
0
0
0
0
0
0
0
0
0
0
0
0
0
0
0
-0.44345
0
0
0
0
0
0
0
0.44345
0
-12.2012
0
0
0
0
0
0
0
0
0
0
0
0
0
0
0
0
0
0
0
0
0
0
0
0
0
0
0
0
12.2012
