12.0707
-0.74853
-0.7484
-0.72837
-0.72752
-0.74424
-0.74133
-0.75089
-0.77479
-0.74222
-0.7554
-0.73018
-0.78052
-0.69666
-0.77628
-0.76155
0
0
-0.8638
0
0
0
0
0
0
0
0
0
0
0
-0.74853
16.2517
-0.75596
-0.7291
-0.72872
-0.74255
-0.7412
-0.7407
-0.77469
-0.74286
-0.75624
-0.72625
-0.77635
-0.70249
-0.78095
0
0
0
0
0
0
0
0
0
0
0
-5.8051
0
0
0
-0.7484
-0.75596
16.2021
-0.72547
-0.72885
-0.74556
-0.74172
-0.74397
0
-0.74662
-0.75177
-0.72713
-0.77493
-0.69055
-0.77503
-0.75598
0
0
0
0
0
0
0
-5.7902
0
0
0
0
0
0
-0.72837
-0.7291
-0.72547
10.1554
-0.70949
-0.72551
-0.71887
-0.73324
0
-0.72224
-0.72767
-0.70818
-0.75453
-0.67522
-0.75048
-0.74705
0
0
0
0
0
0
0
0
0
0
0
0
0
0
-0.72752
-0.72872
-0.72885
-0.70949
9.5632
-0.72215
-0.715
-0.73211
0
-0.7167
-0.72598
-0.70265
-0.75223
0
-0.77504
0
0
0
-0.82682
0
0
0
0
0
0
0
0
0
0
0
-0.74424
-0.74255
-0.74556
-0.72551
-0.72215
8.0951
-0.71899
-0.75551
-0.76108
-0.72507
-0.74492
-0.70954
0
0
0
0
0
0
0
0
0
0
0
0
0
0
0
0
0
0
-0.74133
-0.7412
-0.74172
-0.71887
-0.715
-0.71899
8.8815
-0.74775
0
-0.71305
0
-0.71079
0
0
0
0
-0.82176
0
0
0
-1.511
0
0
0
0
0
0
0
0
0
-0.75089
-0.7407
-0.74397
-0.73324
-0.73211
-0.75551
-0.74775
17.3601
0
0
0
-0.73803
0
0
0
-0.75253
0
0
0
0
0
0
-5.3327
0
0
0
0
0
0
-5.3327
-0.77479
-0.77469
0
0
0
-0.76108
0
0
9.0441
0
0
0
0
-0.78609
0
0
-0.99262
0
0
-0.59684
0
-1.4864
0
0
0
-2.8716
0
0
0
0
-0.74222
-0.74286
-0.74662
-0.72224
-0.7167
-0.72507
-0.71305
0
0
6.315
0
0
0
0
0
0
0
0
0
0
0
-1.2063
0
0
0
0
0
0
0
0
-0.7554
-0.75624
-0.75177
-0.72767
-0.72598
-0.74492
0
0
0
0
6.5956
0
0
0
0
0
0
-0.65789
0
0
-1.4757
0
0
0
0
0
0
0
0
0
-0.73018
-0.72625
-0.72713
-0.70818
-0.70265
-0.70954
-0.71079
-0.73803
0
0
0
5.7528
0
0
0
0
0
0
0
0
0
0
0
0
0
0
0
0
0
0
-0.78052
-0.77635
-0.77493
-0.75453
-0.75223
0
0
0
0
0
0
0
4.5471
0
0
0
0
-0.70852
0
0
0
0
0
0
0
0
0
0
0
0
-0.69666
-0.70249
-0.69055
-0.67522
0
0
0
0
-0.78609
0
0
0
0
3.551
0
0
0
0
0
0
0
0
0
0
0
0
0
0
0
0
-0.77628
-0.78095
-0.77503
-0.75048
-0.77504
0
0
0
0
0
0
0
0
0
3.8578
0
0
0
0
0
0
0
0
0
0
0
0
0
0
0
-0.76155
0
-0.75598
-0.74705
0
0
0
-0.75253
0
0
0
0
0
0
0
3.6981
0
0
0
0
0
0
0
0
0
0
0
-0.68099
0
0
0
0
0
0
0
0
-0.82176
0
-0.99262
0
0
0
0
0
0
0
3.4351
0
-0.99598
-0.62476
0
0
0
0
0
0
0
0
0
0
0
0
0
0
0
0
0
0
0
0
-0.65789
0
-0.70852
0
0
0
0
2.6391
-0.72044
0
0
0
0
0
0
0
0
0
-0.55225
0
-0.8638
0
0
0
-0.82682
0
0
0
0
0
0
0
0
0
0
0
-0.99598
-0.72044
3.407
0
0
0
0
0
0
0
0
0
0
0
0
0
0
0
0
0
0
0
-0.59684
0
0
0
0
0
0
0
-0.62476
0
0
1.8771
0
0
0
0
-0.65548
0
0
0
0
0
0
0
0
0
0
0
-1.511
0
0
0
-1.4757
0
0
0
0
0
0
0
0
0
2.9868
0
0
0
0
0
0
0
0
0
0
0
0
0
0
0
0
0
-1.4864
-1.2063
0
0
0
0
0
0
0
0
0
0
0
2.6927
0
0
0
0
0
0
0
0
0
0
0
0
0
0
0
-5.3327
0
0
0
0
0
0
0
0
0
0
0
0
0
0
5.3327
0
0
0
0
0
0
0
0
0
-5.7902
0
0
0
0
0
0
0
0
0
0
0
0
0
0
0
0
0
0
0
0
5.7902
0
0
0
0
0
0
0
0
0
0
0
0
0
0
0
0
0
0
0
0
0
0
0
0
0
-0.65548
0
0
0
0
0.65548
0
0
0
0
0
0
0
0
0
0
0
0
0
-2.8716
0
0
0
0
0
0
0
0
0
0
0
0
0
0
0
0
2.8716
0
0
0
0
0
-5.8051
0
0
0
0
0
0
0
0
0
0
0
0
0
0
0
0
0
0
0
0
0
0
0
0
5.8051
0
0
0
0
0
0
0
0
0
0
0
0
0
0
0
0
0
0
-0.68099
0
0
0
0
0
0
0
0
0
0
0
0.68099
0
0
0
0
0
0
0
0
0
0
0
0
0
0
0
0
0
0
0
-0.55225
0
0
0
0
0
0
0
0
0
0
0.55225
0
0
0
0
0
0
0
0
-5.3327
0
0
0
0
0
0
0
0
0
0
0
0
0
0
0
0
0
0
0
0
0
5.3327
