25.2927
-0.76193
-0.75708
-0.75708
-0.75179
-0.72803
-0.80984
-0.82273
-0.83642
-0.81651
-0.65794
-0.65794
-0.65794
-0.65794
-0.89466
-0.94881
-0.86033
-1.0055
0
0
-1.1169
0
0
0
0
0
0
0
-10.7933
0
-0.76193
13.395
-0.73296
-0.73296
-0.73097
-0.70025
-0.78423
-0.79661
-0.8054
-0.78482
-0.63283
-0.63283
-0.63283
-0.63283
-0.85765
-0.92334
-0.82447
-1.0582
0
-0.36989
0
0
0
0
0
0
0
0
0
0
-0.75708
-0.73296
12.8482
-0.71132
-0.73327
-0.69298
-0.78092
-0.79365
-0.7983
-0.78109
-0.6265
-0.6265
-0.6265
-0.6265
-0.84668
-0.92727
-0.80858
-0.97813
0
0
0
0
0
0
0
0
0
0
0
0
-0.75708
-0.73296
-0.71132
12.8482
-0.73327
-0.69298
-0.78092
-0.79365
-0.7983
-0.78109
-0.6265
-0.6265
-0.6265
-0.6265
-0.84668
-0.92727
-0.80858
-0.97813
0
0
0
0
0
0
0
0
0
0
0
0
-0.75179
-0.73097
-0.73327
-0.73327
21.0132
-0.71277
-0.76403
-0.77123
-0.78384
-0.75075
-0.61312
-0.61312
-0.61312
-0.61312
-0.82602
0
0
0
-0.60014
0
0
0
0
0
0
0
-10.4027
0
0
0
-0.72803
-0.70025
-0.69298
-0.69298
-0.71277
11.3286
-0.73756
-0.74815
-0.75822
-0.73656
-0.59286
-0.59286
-0.59286
-0.59286
-0.79765
-0.88075
-0.77125
0
0
0
0
0
0
0
0
0
0
0
0
0
-0.80984
-0.78423
-0.78092
-0.78092
-0.76403
-0.73756
10.7661
-0.91884
-0.9087
-0.89125
-0.66528
-0.66528
-0.66528
-0.66528
0
0
0
0
-0.72867
0
0
0
0
0
0
0
0
0
0
0
-0.82273
-0.79661
-0.79365
-0.79365
-0.77123
-0.74815
-0.91884
13.8417
-0.91807
-0.90355
-0.6732
-0.6732
-0.6732
-0.6732
0
0
0
0
0
0
0
0
0
-3.6824
0
0
0
0
0
0
-0.83642
-0.8054
-0.7983
-0.7983
-0.78384
-0.75822
-0.9087
-0.91807
11.164
-0.90724
-0.67739
-0.67739
-0.67739
-0.67739
-0.93991
0
0
0
0
0
0
0
0
0
0
0
0
0
0
0
-0.81651
-0.78482
-0.78109
-0.78109
-0.75075
-0.73656
-0.89125
-0.90355
-0.90724
11.1994
-0.66512
-0.66512
-0.66512
-0.66512
0
0
0
0
0
0
-1.1861
0
0
0
0
0
0
0
0
0
-0.65794
-0.63283
-0.6265
-0.6265
-0.61312
-0.59286
-0.66528
-0.6732
-0.67739
-0.66512
7.8958
-0.48834
-0.48834
-0.48834
0
0
0
0
0
0
0
0
0
0
0
0
0
0
0
0
-0.65794
-0.63283
-0.6265
-0.6265
-0.61312
-0.59286
-0.66528
-0.6732
-0.67739
-0.66512
-0.48834
7.8958
-0.48834
-0.48834
0
0
0
0
0
0
0
0
0
0
0
0
0
0
0
0
-0.65794
-0.63283
-0.6265
-0.6265
-0.61312
-0.59286
-0.66528
-0.6732
-0.67739
-0.66512
-0.48834
-0.48834
7.8958
-0.48834
0
0
0
0
0
0
0
0
0
0
0
0
0
0
0
0
-0.65794
-0.63283
-0.6265
-0.6265
-0.61312
-0.59286
-0.66528
-0.6732
-0.67739
-0.66512
-0.48834
-0.48834
-0.48834
7.8958
0
0
0
0
0
0
0
0
0
0
0
0
0
0
0
0
-0.89466
-0.85765
-0.84668
-0.84668
-0.82602
-0.79765
0
0
-0.93991
0
0
0
0
0
6.0092
0
0
0
0
0
0
0
0
0
0
0
0
0
0
0
-0.94881
-0.92334
-0.92727
-0.92727
0
-0.88075
0
0
0
0
0
0
0
0
0
6.9892
0
0
0
0
0
0
-2.3817
0
0
0
0
0
0
0
-0.86033
-0.82447
-0.80858
-0.80858
0
-0.77125
0
0
0
0
0
0
0
0
0
0
4.0732
0
0
0
0
0
0
0
0
0
0
0
0
0
-1.0055
-1.0582
-0.97813
-0.97813
0
0
0
0
0
0
0
0
0
0
0
0
0
5.2456
0
-1.2256
0
0
0
0
0
0
0
0
0
0
0
0
0
0
-0.60014
0
-0.72867
0
0
0
0
0
0
0
0
0
0
0
6.6769
0
0
0
0
0
-2.3579
0
0
0
0
-2.9901
0
-0.36989
0
0
0
0
0
0
0
0
0
0
0
0
0
0
0
-1.2256
0
1.9184
0
0
0
0
0
-0.32291
0
0
0
0
-1.1169
0
0
0
0
0
0
0
0
-1.1861
0
0
0
0
0
0
0
0
0
0
4.2451
0
0
0
0
0
0
-1.9421
0
0
0
0
0
0
0
0
0
0
0
0
0
0
0
0
0
0
0
0
0
0
0
6.3445
-1.8021
-2.7548
-1.7875
0
0
0
0
0
0
0
0
0
0
0
0
0
0
0
0
0
0
0
0
-2.3817
0
0
0
0
0
-1.8021
4.1838
0
0
0
0
0
0
0
0
0
0
0
0
0
0
-3.6824
0
0
0
0
0
0
0
0
0
0
0
0
0
-2.7548
0
6.4373
0
0
0
0
0
0
0
0
0
0
0
0
0
0
0
0
0
0
0
0
0
0
0
0
-2.3579
0
0
-1.7875
0
0
4.1455
0
0
0
0
0
0
0
0
0
0
0
0
0
0
0
0
0
0
0
0
0
0
0
0
-0.32291
0
0
0
0
0
0.32291
0
0
0
0
0
0
0
0
-10.4027
0
0
0
0
0
0
0
0
0
0
0
0
0
0
0
0
0
0
0
0
0
10.4027
0
0
0
0
0
0
0
0
0
0
0
0
0
0
0
0
0
0
0
0
0
0
0
-1.9421
0
0
0
0
0
0
1.9421
0
0
-10.7933
0
0
0
0
0
0
0
0
0
0
0
0
0
0
0
0
0
0
0
0
0
0
0
0
0
0
0
10.7933
0
0
0
0
0
0
0
0
0
0
0
0
0
0
0
0
0
0
0
-2.9901
0
0
0
0
0
0
0
0
0
0
2.9901
