33.3701
-0.84132
-0.84132
-0.84999
-0.84132
-0.84999
-0.84999
-0.84132
-0.724
-0.724
-0.724
-0.74043
-0.76146
-0.78801
-0.81777
-0.81777
-0.8124
-0.76605
-0.72529
-0.77826
-1.147
-0.25043
0
0
-8.439
0
-8.439
0
0
0
-0.84132
22.3573
-0.93666
-0.93541
-0.93666
-0.93541
-0.93541
-0.93666
-0.76039
-0.76039
-0.76039
-0.7792
-0.80107
-0.83057
-0.86279
-0.86279
-0.84876
-0.80684
-0.78275
-0.81967
0
0
0
0
0
-6.2241
0
0
0
0
-0.84132
-0.93666
22.3573
-0.93541
-0.93666
-0.93541
-0.93541
-0.93666
-0.76039
-0.76039
-0.76039
-0.7792
-0.80107
-0.83057
-0.86279
-0.86279
-0.84876
-0.80684
-0.78275
-0.81967
0
0
0
0
0
0
0
-6.2241
0
0
-0.84999
-0.93541
-0.93541
17.0908
-0.93541
-0.87532
-0.87532
-0.93541
-0.75248
-0.75248
-0.75248
-0.77126
-0.79219
-0.82116
-0.85283
-0.85283
-0.84411
-0.79783
-0.79021
-0.81024
-1.1585
0
0
0
0
0
0
0
0
0
-0.84132
-0.93666
-0.93666
-0.93541
22.3573
-0.93541
-0.93541
-0.93666
-0.76039
-0.76039
-0.76039
-0.7792
-0.80107
-0.83057
-0.86279
-0.86279
-0.84876
-0.80684
-0.78275
-0.81967
0
0
0
0
0
0
0
0
-6.2241
0
-0.84999
-0.93541
-0.93541
-0.87532
-0.93541
17.0908
-0.87532
-0.93541
-0.75248
-0.75248
-0.75248
-0.77126
-0.79219
-0.82116
-0.85283
-0.85283
-0.84411
-0.79783
-0.79021
-0.81024
-1.1585
0
0
0
0
0
0
0
0
0
-0.84999
-0.93541
-0.93541
-0.87532
-0.93541
-0.87532
17.0908
-0.93541
-0.75248
-0.75248
-0.75248
-0.77126
-0.79219
-0.82116
-0.85283
-0.85283
-0.84411
-0.79783
-0.79021
-0.81024
-1.1585
0
0
0
0
0
0
0
0
0
-0.84132
-0.93666
-0.93666
-0.93541
-0.93666
-0.93541
-0.93541
22.3573
-0.76039
-0.76039
-0.76039
-0.7792
-0.80107
-0.83057
-0.86279
-0.86279
-0.84876
-0.80684
-0.78275
-0.81967
0
0
0
-6.2241
0
0
0
0
0
0
-0.724
-0.76039
-0.76039
-0.75248
-0.76039
-0.75248
-0.75248
-0.76039
13.4919
-0.6391
-0.6391
-0.6554
-0.671
-0.69309
-0.71772
-0.71772
-0.70931
-0.67483
-0.66687
-0.68477
0
0
0
0
0
0
0
0
0
0
-0.724
-0.76039
-0.76039
-0.75248
-0.76039
-0.75248
-0.75248
-0.76039
-0.6391
13.4919
-0.6391
-0.6554
-0.671
-0.69309
-0.71772
-0.71772
-0.70931
-0.67483
-0.66687
-0.68477
0
0
0
0
0
0
0
0
0
0
-0.724
-0.76039
-0.76039
-0.75248
-0.76039
-0.75248
-0.75248
-0.76039
-0.6391
-0.6391
13.4919
-0.6554
-0.671
-0.69309
-0.71772
-0.71772
-0.70931
-0.67483
-0.66687
-0.68477
0
0
0
0
0
0
0
0
0
0
-0.74043
-0.7792
-0.7792
-0.77126
-0.7792
-0.77126
-0.77126
-0.7792
-0.6554
-0.6554
-0.6554
13.1034
-0.68694
-0.70962
-0.73511
-0.73511
-0.72554
-0.69074
-0.68317
0
0
0
0
0
0
0
0
0
0
0
-0.76146
-0.80107
-0.80107
-0.79219
-0.80107
-0.79219
-0.79219
-0.80107
-0.671
-0.671
-0.671
-0.68694
12.7616
-0.73481
-0.76164
-0.76164
-0.74635
-0.71496
0
0
0
0
0
0
0
0
0
0
0
0
-0.78801
-0.83057
-0.83057
-0.82116
-0.83057
-0.82116
-0.82116
-0.83057
-0.69309
-0.69309
-0.69309
-0.70962
-0.73481
11.7085
-0.80553
-0.80553
0
0
0
0
0
0
0
0
0
0
0
0
0
0
-0.81777
-0.86279
-0.86279
-0.85283
-0.86279
-0.85283
-0.85283
-0.86279
-0.71772
-0.71772
-0.71772
-0.73511
-0.76164
-0.80553
11.2829
0
0
0
0
0
0
0
0
0
0
0
0
0
0
0
-0.81777
-0.86279
-0.86279
-0.85283
-0.86279
-0.85283
-0.85283
-0.86279
-0.71772
-0.71772
-0.71772
-0.73511
-0.76164
-0.80553
0
11.2829
0
0
0
0
0
0
0
0
0
0
0
0
0
0
-0.8124
-0.84876
-0.84876
-0.84411
-0.84876
-0.84411
-0.84411
-0.84876
-0.70931
-0.70931
-0.70931
-0.72554
-0.74635
0
0
0
10.6243
0
0
0
0
-0.28472
0
0
0
0
0
0
0
0
-0.76605
-0.80684
-0.80684
-0.79783
-0.80684
-0.79783
-0.79783
-0.80684
-0.67483
-0.67483
-0.67483
-0.69074
-0.71496
0
0
0
0
9.8171
0
0
0
0
0
0
0
0
0
0
0
0
-0.72529
-0.78275
-0.78275
-0.79021
-0.78275
-0.79021
-0.79021
-0.78275
-0.66687
-0.66687
-0.66687
-0.68317
0
0
0
0
0
0
11.0497
0
0
0
-2.139
0
0
0
0
0
0
0
-0.77826
-0.81967
-0.81967
-0.81024
-0.81967
-0.81024
-0.81024
-0.81967
-0.68477
-0.68477
-0.68477
0
0
0
0
0
0
0
0
8.542
0
0
0
0
0
0
0
0
0
0
-1.147
0
0
-1.1585
0
-1.1585
-1.1585
0
0
0
0
0
0
0
0
0
0
0
0
0
4.6223
0
0
0
0
0
0
0
0
0
-0.25043
0
0
0
0
0
0
0
0
0
0
0
0
0
0
0
-0.28472
0
0
0
0
0.63965
0
0
0
0
0
0
0
-0.1045
0
0
0
0
0
0
0
0
0
0
0
0
0
0
0
0
0
0
-2.139
0
0
0
2.139
0
0
0
0
0
0
0
0
0
0
0
0
0
0
-6.2241
0
0
0
0
0
0
0
0
0
0
0
0
0
0
0
6.2241
0
0
0
0
0
0
-8.439
0
0
0
0
0
0
0
0
0
0
0
0
0
0
0
0
0
0
0
0
0
0
0
8.439
0
0
0
0
0
0
-6.2241
0
0
0
0
0
0
0
0
0
0
0
0
0
0
0
0
0
0
0
0
0
0
0
6.2241
0
0
0
0
-8.439
0
0
0
0
0
0
0
0
0
0
0
0
0
0
0
0
0
0
0
0
0
0
0
0
0
8.439
0
0
0
0
0
-6.2241
0
0
0
0
0
0
0
0
0
0
0
0
0
0
0
0
0
0
0
0
0
0
0
0
6.2241
0
0
0
0
0
0
-6.2241
0
0
0
0
0
0
0
0
0
0
0
0
0
0
0
0
0
0
0
0
0
0
0
6.2241
0
0
0
0
0
0
0
0
0
0
0
0
0
0
0
0
0
0
0
0
0
0
-0.1045
0
0
0
0
0
0
0
0.1045
