19.1866
-0.71286
-0.70836
-0.72534
-0.72565
-0.73821
-0.73821
-0.71573
-0.70032
-0.70032
-0.68995
-0.68995
-0.68422
-0.82056
-1.1845
0
-0.5543
-0.7665
0
0
0
0
0
0
0
0
-7.3316
0
0
0
-0.71286
11.5263
-0.69543
-0.70794
-0.71158
-0.72243
-0.72243
-0.70772
-0.68803
-0.68803
-0.67665
-0.67665
-0.68336
-0.79121
-1.1457
0
-0.55225
0
-0.64399
0
0
0
0
0
0
0
0
0
0
0
-0.70836
-0.69543
10.7652
-0.70819
-0.70336
-0.71498
-0.71498
-0.69833
-0.67937
-0.67937
-0.66808
-0.66808
-0.67241
-0.77298
-1.1253
0
-0.556
0
0
0
0
0
0
0
0
0
0
0
0
0
-0.72534
-0.70794
-0.70819
17.0706
-0.72004
-0.72619
-0.72619
-0.71198
-0.69351
-0.69351
-0.68191
-0.68191
-0.6799
-0.80304
0
0
0
-0.78001
0
0
0
0
0
0
0
0
0
0
-7.031
0
-0.72565
-0.71158
-0.70336
-0.72004
9.295
-0.75266
-0.75266
-0.70539
-0.68753
-0.68753
-0.67979
-0.67979
-0.70168
-0.78739
0
0
0
0
0
0
0
0
0
0
0
0
0
0
0
0
-0.73821
-0.72243
-0.71498
-0.72619
-0.75266
15.481
-0.77698
-0.74279
-0.71441
-0.71441
-0.68867
-0.68867
0
0
0
0
0
0
0
0
-0.73937
0
-6.7612
0
0
0
0
0
0
0
-0.73821
-0.72243
-0.71498
-0.72619
-0.75266
-0.77698
15.481
-0.74279
-0.71441
-0.71441
-0.68867
-0.68867
0
0
0
0
0
0
0
-0.73937
0
0
0
0
0
-6.7612
0
0
0
0
-0.71573
-0.70772
-0.69833
-0.71198
-0.70539
-0.74279
-0.74279
9.0736
-0.68599
-0.68599
-0.67714
-0.67714
-0.70064
0
0
-0.622
0
0
0
0
0
0
0
0
0
0
0
0
0
0
-0.70032
-0.68803
-0.67937
-0.69351
-0.68753
-0.71441
-0.71441
-0.68599
8.2044
-0.66513
-0.6532
-0.6532
-0.66927
0
0
0
0
0
0
0
0
0
0
0
0
0
0
0
0
0
-0.70032
-0.68803
-0.67937
-0.69351
-0.68753
-0.71441
-0.71441
-0.68599
-0.66513
8.2044
-0.6532
-0.6532
-0.66927
0
0
0
0
0
0
0
0
0
0
0
0
0
0
0
0
0
-0.68995
-0.67665
-0.66808
-0.68191
-0.67979
-0.68867
-0.68867
-0.67714
-0.6532
-0.6532
7.3956
-0.6384
0
0
0
0
0
0
0
0
0
0
0
0
0
0
0
0
0
0
-0.68995
-0.67665
-0.66808
-0.68191
-0.67979
-0.68867
-0.68867
-0.67714
-0.6532
-0.6532
-0.6384
7.3956
0
0
0
0
0
0
0
0
0
0
0
0
0
0
0
0
0
0
-0.68422
-0.68336
-0.67241
-0.6799
-0.70168
0
0
-0.70064
-0.66927
-0.66927
0
0
6.7399
0
0
-0.62264
0
0
-0.65655
0
0
0
0
0
0
0
0
0
0
0
-0.82056
-0.79121
-0.77298
-0.80304
-0.78739
0
0
0
0
0
0
0
0
3.9752
0
0
0
0
0
0
0
0
0
0
0
0
0
0
0
0
-1.1845
-1.1457
-1.1253
0
0
0
0
0
0
0
0
0
0
0
6.4668
0
0
0
0
0
0
0
0
0
0
0
0
0
0
-3.0112
0
0
0
0
0
0
0
-0.622
0
0
0
0
-0.62264
0
0
1.8246
0
0
0
0
0
0
0
0
0
0
0
-0.57993
0
0
-0.5543
-0.55225
-0.556
0
0
0
0
0
0
0
0
0
0
0
0
0
1.6626
0
0
0
0
0
0
0
0
0
0
0
0
0
-0.7665
0
0
-0.78001
0
0
0
0
0
0
0
0
0
0
0
0
0
2.4615
0
0
0
0
0
-0.91502
0
0
0
0
0
0
0
-0.64399
0
0
0
0
0
0
0
0
0
0
-0.65655
0
0
0
0
0
1.9823
0
0
0
0
0
-0.6818
0
0
0
0
0
0
0
0
0
0
0
-0.73937
0
0
0
0
0
0
0
0
0
0
0
0
2.5534
0
-1.814
0
0
0
0
0
0
0
0
0
0
0
0
0
-0.73937
0
0
0
0
0
0
0
0
0
0
0
0
0
0
2.5534
-1.814
0
0
0
0
0
0
0
0
0
0
0
0
0
0
0
0
0
0
0
0
0
0
0
0
0
0
0
-1.814
-1.814
3.628
0
0
0
0
0
0
0
0
0
0
0
0
0
-6.7612
0
0
0
0
0
0
0
0
0
0
0
0
0
0
0
0
6.7612
0
0
0
0
0
0
0
0
0
0
0
0
0
0
0
0
0
0
0
0
0
0
0
0
-0.91502
0
0
0
0
0
0.91502
0
0
0
0
0
0
0
0
0
0
0
0
0
0
0
0
0
0
0
0
0
0
0
0
-0.6818
0
0
0
0
0
0.6818
0
0
0
0
0
0
0
0
0
0
0
-6.7612
0
0
0
0
0
0
0
0
0
0
0
0
0
0
0
0
0
0
6.7612
0
0
0
0
-7.3316
0
0
0
0
0
0
0
0
0
0
0
0
0
0
0
0
0
0
0
0
0
0
0
0
0
7.3316
0
0
0
0
0
0
0
0
0
0
0
0
0
0
0
0
0
0
-0.57993
0
0
0
0
0
0
0
0
0
0
0
0.57993
0
0
0
0
0
-7.031
0
0
0
0
0
0
0
0
0
0
0
0
0
0
0
0
0
0
0
0
0
0
0
0
7.031
0
0
0
0
0
0
0
0
0
0
0
0
0
0
0
-3.0112
0
0
0
0
0
0
0
0
0
0
0
0
0
0
3.0112
