20.5447
-0.6471
-0.6156
-0.61172
-0.61172
-0.60786
-0.60786
-0.66212
-0.64532
-0.62038
-0.66565
-0.67276
-0.60853
-0.60853
-0.67388
-0.40546
-0.6757
0
0
0
0
-1.6062
0
0
0
-8.9982
0
0
0
0
-0.6471
19.677
-0.62461
-0.61128
-0.61128
-0.61491
-0.61491
-0.68276
-0.64217
-0.61833
-0.6774
-0.683
-0.61758
-0.61758
-0.67947
0
-0.67099
0
-1.406
0
0
0
-8.6576
0
0
0
0
0
0
0
-0.6156
-0.62461
26.9778
-0.61608
-0.61608
-0.58794
-0.58794
-0.65367
-0.59712
-0.56226
-0.64614
-0.65059
-0.59051
-0.59051
0
0
0
-0.78644
0
0
0
0
0
0
0
0
-9.1261
0
0
-9.1261
-0.61172
-0.61128
-0.61608
10.3328
-0.56086
-0.57428
-0.57428
-0.62397
-0.60268
-0.58958
-0.62138
-0.62646
-0.5748
-0.5748
-0.6523
0
-0.6173
0
-1.301
0
0
0
0
0
0
0
0
0
0
0
-0.61172
-0.61128
-0.61608
-0.56086
10.3328
-0.57428
-0.57428
-0.62397
-0.60268
-0.58958
-0.62138
-0.62646
-0.5748
-0.5748
-0.6523
0
-0.6173
0
-1.301
0
0
0
0
0
0
0
0
0
0
0
-0.60786
-0.61491
-0.58794
-0.57428
-0.57428
7.7642
-0.54412
-0.63345
-0.60737
-0.59422
-0.6311
-0.63581
-0.57945
-0.57945
0
0
0
0
0
0
0
0
0
0
0
0
0
0
0
0
-0.60786
-0.61491
-0.58794
-0.57428
-0.57428
-0.54412
7.7642
-0.63345
-0.60737
-0.59422
-0.6311
-0.63581
-0.57945
-0.57945
0
0
0
0
0
0
0
0
0
0
0
0
0
0
0
0
-0.66212
-0.68276
-0.65367
-0.62397
-0.62397
-0.63345
-0.63345
6.6527
0
0
-0.71701
0
0
0
0
0
0
0
0
0
0
-1.4223
0
0
0
0
0
0
0
0
-0.64532
-0.64217
-0.59712
-0.60268
-0.60268
-0.60737
-0.60737
0
5.4099
0
0
0
0
0
-0.65625
-0.449
0
0
0
0
0
0
0
0
0
0
0
0
0
0
-0.62038
-0.61833
-0.56226
-0.58958
-0.58958
-0.59422
-0.59422
0
0
8.2132
0
0
0
0
0
-0.41135
0
0
0
0
0
0
0
0
-3.6332
0
0
0
0
0
-0.66565
-0.6774
-0.64614
-0.62138
-0.62138
-0.6311
-0.6311
-0.71701
0
0
6.2653
0
0
0
0
0
0
0
0
-1.0542
0
0
0
0
0
0
0
0
0
0
-0.67276
-0.683
-0.65059
-0.62646
-0.62646
-0.63581
-0.63581
0
0
0
0
5.5888
0
0
0
0
0
0
0
-1.0579
0
0
0
0
0
0
0
0
0
0
-0.60853
-0.61758
-0.59051
-0.5748
-0.5748
-0.57945
-0.57945
0
0
0
0
0
4.1251
0
0
0
0
0
0
0
0
0
0
0
0
0
0
0
0
0
-0.60853
-0.61758
-0.59051
-0.5748
-0.5748
-0.57945
-0.57945
0
0
0
0
0
0
4.1251
0
0
0
0
0
0
0
0
0
0
0
0
0
0
0
0
-0.67388
-0.67947
0
-0.6523
-0.6523
0
0
0
-0.65625
0
0
0
0
0
3.6179
0
0
0
0
0
0
0
0
0
0
0
0
-0.30375
0
0
-0.40546
0
0
0
0
0
0
0
-0.449
-0.41135
0
0
0
0
0
1.6244
0
0
0
0
-0.25411
0
0
-0.1045
0
0
0
0
0
0
-0.6757
-0.67099
0
-0.6173
-0.6173
0
0
0
0
0
0
0
0
0
0
0
3.2533
-0.67196
0
0
0
0
0
0
0
0
0
0
0
0
0
0
-0.78644
0
0
0
0
0
0
0
0
0
0
0
0
0
-0.67196
2.6183
0
-0.69951
-0.46038
0
0
0
0
0
0
0
0
0
0
-1.406
0
-1.301
-1.301
0
0
0
0
0
0
0
0
0
0
0
0
0
4.0081
0
0
0
0
0
0
0
0
0
0
0
0
0
0
0
0
0
0
0
0
0
-1.0542
-1.0579
0
0
0
0
0
-0.69951
0
2.8116
0
0
0
0
0
0
0
0
0
0
0
0
0
0
0
0
0
0
0
0
0
0
0
0
0
-0.25411
0
-0.46038
0
0
1.0145
0
0
0
0
0
0
0
-0.30006
0
-1.6062
0
0
0
0
0
0
-1.4223
0
0
0
0
0
0
0
0
0
0
0
0
0
3.0285
0
0
0
0
0
0
0
0
0
-8.6576
0
0
0
0
0
0
0
0
0
0
0
0
0
0
0
0
0
0
0
0
8.6576
0
0
0
0
0
0
0
0
0
0
0
0
0
0
0
0
0
0
0
0
0
0
-0.1045
0
0
0
0
0
0
0
0.1045
0
0
0
0
0
0
0
0
0
0
0
0
0
0
0
-3.6332
0
0
0
0
0
0
0
0
0
0
0
0
0
0
3.6332
0
0
0
0
0
-8.9982
0
0
0
0
0
0
0
0
0
0
0
0
0
0
0
0
0
0
0
0
0
0
0
0
8.9982
0
0
0
0
0
0
-9.1261
0
0
0
0
0
0
0
0
0
0
0
0
0
0
0
0
0
0
0
0
0
0
0
9.1261
0
0
0
0
0
0
0
0
0
0
0
0
0
0
0
0
0
-0.30375
0
0
0
0
0
0
0
0
0
0
0
0
0.30375
0
0
0
0
0
0
0
0
0
0
0
0
0
0
0
0
0
0
0
0
0
0
-0.30006
0
0
0
0
0
0
0
0.30006
0
0
0
-9.1261
0
0
0
0
0
0
0
0
0
0
0
0
0
0
0
0
0
0
0
0
0
0
0
0
0
0
9.1261
