14.5769
-0.57058
-0.56815
-0.48057
-0.48057
-0.48057
-0.51939
-0.4998
-0.53397
-0.60326
-0.56682
-0.62215
-0.62215
-0.62215
-0.41954
-0.49596
-0.39135
0
0
0
0
0
0
0
0
0
0
-6.1
0
0
-0.57058
24.6988
-0.57058
-0.48818
-0.48818
-0.48818
-0.5152
-0.49494
-0.49653
-0.59386
-0.53026
-0.62298
-0.62298
-0.62298
-0.41965
0
-0.39246
0
0
0
0
-8.3906
0
0
0
0
0
0
0
-8.3906
-0.56815
-0.57058
14.5769
-0.48057
-0.48057
-0.48057
-0.51939
-0.4998
-0.53397
-0.60326
-0.56682
-0.62215
-0.62215
-0.62215
-0.41954
-0.49596
-0.39135
0
0
0
0
0
0
-6.1
0
0
0
0
0
0
-0.48057
-0.48818
-0.48057
7.2204
-0.39635
-0.39635
-0.43891
-0.42213
-0.46016
-0.50358
-0.49141
-0.51869
-0.51869
-0.51869
-0.3553
-0.42336
-0.3275
0
0
0
0
0
0
0
0
0
0
0
0
0
-0.48057
-0.48818
-0.48057
-0.39635
7.2204
-0.39635
-0.43891
-0.42213
-0.46016
-0.50358
-0.49141
-0.51869
-0.51869
-0.51869
-0.3553
-0.42336
-0.3275
0
0
0
0
0
0
0
0
0
0
0
0
0
-0.48057
-0.48818
-0.48057
-0.39635
-0.39635
7.2204
-0.43891
-0.42213
-0.46016
-0.50358
-0.49141
-0.51869
-0.51869
-0.51869
-0.3553
-0.42336
-0.3275
0
0
0
0
0
0
0
0
0
0
0
0
0
-0.51939
-0.5152
-0.51939
-0.43891
-0.43891
-0.43891
6.9113
-0.44794
-0.49351
-0.5357
-0.52769
-0.56016
-0.56016
-0.56016
0
0
-0.35529
0
0
0
0
0
0
0
0
0
0
0
0
0
-0.4998
-0.49494
-0.4998
-0.42213
-0.42213
-0.42213
-0.44794
6.3271
-0.46491
-0.51031
-0.50486
-0.54606
-0.54606
-0.54606
0
0
0
0
0
0
0
0
0
0
0
0
0
0
0
0
-0.53397
-0.49653
-0.53397
-0.46016
-0.46016
-0.46016
-0.49351
-0.46491
15.3646
-0.48917
0
0
0
0
0
0
0
-0.21933
0
0
-7.5378
0
-3.2149
0
0
0
0
0
0
0
-0.60326
-0.59386
-0.60326
-0.50358
-0.50358
-0.50358
-0.5357
-0.51031
-0.48917
8.1409
0
0
0
0
0
0
0
0
-3.2947
0
0
0
0
0
0
0
0
0
0
0
-0.56682
-0.53026
-0.56682
-0.49141
-0.49141
-0.49141
-0.52769
-0.50486
0
0
4.443
0
0
0
0
0
0
0
0
0
0
0
0
0
0
-0.27229
0
0
0
0
-0.62215
-0.62298
-0.62215
-0.51869
-0.51869
-0.51869
-0.56016
-0.54606
0
0
0
4.5296
0
0
0
0
0
0
0
0
0
0
0
0
0
0
0
0
0
0
-0.62215
-0.62298
-0.62215
-0.51869
-0.51869
-0.51869
-0.56016
-0.54606
0
0
0
0
4.5296
0
0
0
0
0
0
0
0
0
0
0
0
0
0
0
0
0
-0.62215
-0.62298
-0.62215
-0.51869
-0.51869
-0.51869
-0.56016
-0.54606
0
0
0
0
0
4.5296
0
0
0
0
0
0
0
0
0
0
0
0
0
0
0
0
-0.41954
-0.41965
-0.41954
-0.3553
-0.3553
-0.3553
0
0
0
0
0
0
0
0
2.4733
0
0
0
0
-0.14862
0
0
0
0
0
0
0
0
0
0
-0.49596
0
-0.49596
-0.42336
-0.42336
-0.42336
0
0
0
0
0
0
0
0
0
2.7088
0
-0.24634
0
-0.20043
0
0
0
0
0
0
0
0
0
0
-0.39135
-0.39246
-0.39135
-0.3275
-0.3275
-0.3275
-0.35529
0
0
0
0
0
0
0
0
0
2.5129
0
0
0
0
0
0
0
0
0
0
0
0
0
0
0
0
0
0
0
0
0
-0.21933
0
0
0
0
0
0
-0.24634
0
18.3545
-3.1338
0
0
0
0
0
-7.3775
0
-7.3775
0
0
0
0
0
0
0
0
0
0
0
0
-3.2947
0
0
0
0
0
0
0
-3.1338
9.3851
0
-2.9566
0
0
0
0
0
0
0
0
0
0
0
0
0
0
0
0
0
0
0
0
0
0
0
-0.14862
-0.20043
0
0
0
0.45355
0
0
0
0
0
0
0
0
-0.1045
0
0
0
0
0
0
0
0
0
-7.5378
0
0
0
0
0
0
0
0
0
-2.9566
0
10.4944
0
0
0
0
0
0
0
0
0
0
-8.3906
0
0
0
0
0
0
0
0
0
0
0
0
0
0
0
0
0
0
0
8.3906
0
0
0
0
0
0
0
0
0
0
0
0
0
0
0
0
-3.2149
0
0
0
0
0
0
0
0
0
0
0
0
0
3.2149
0
0
0
0
0
0
0
0
0
-6.1
0
0
0
0
0
0
0
0
0
0
0
0
0
0
0
0
0
0
0
0
6.1
0
0
0
0
0
0
0
0
0
0
0
0
0
0
0
0
0
0
0
0
0
0
0
-7.3775
0
0
0
0
0
0
7.3775
0
0
0
0
0
0
0
0
0
0
0
0
0
0
0
-0.27229
0
0
0
0
0
0
0
0
0
0
0
0
0
0
0.27229
0
0
0
0
0
0
0
0
0
0
0
0
0
0
0
0
0
0
0
0
0
-7.3775
0
0
0
0
0
0
0
0
7.3775
0
0
0
-6.1
0
0
0
0
0
0
0
0
0
0
0
0
0
0
0
0
0
0
0
0
0
0
0
0
0
0
6.1
0
0
0
0
0
0
0
0
0
0
0
0
0
0
0
0
0
0
0
0
0
-0.1045
0
0
0
0
0
0
0
0
0.1045
0
0
-8.3906
0
0
0
0
0
0
0
0
0
0
0
0
0
0
0
0
0
0
0
0
0
0
0
0
0
0
0
8.3906
