36.5673
-0.7722
-0.70138
-0.70138
-0.70138
-0.70138
-0.70138
-0.73732
-0.73732
-0.67597
-0.69502
-0.69502
-0.64923
-0.71755
-0.71755
-0.71086
-0.70181
-0.48595
-0.76003
-0.76003
-0.76003
0
0
0
0
-11.2422
-11.2422
0
0
0
-0.7722
23.1999
-0.74358
-0.74358
-0.74358
-0.74358
-0.74358
-0.80482
-0.80482
-0.73541
-0.74076
-0.74076
-0.68887
-0.76028
-0.76028
-0.77885
-0.74352
-0.55774
-0.79262
-0.79262
-0.79262
0
0
0
-8.2158
0
0
0
0
0
-0.70138
-0.74358
13.2821
-0.64099
-0.64099
-0.64099
-0.64099
-0.71534
-0.71534
-0.65227
-0.65433
-0.65433
-0.60618
-0.66813
-0.66813
-0.69433
-0.65351
-0.51946
-0.69063
-0.69063
-0.69063
0
0
0
0
0
0
0
0
0
-0.70138
-0.74358
-0.64099
13.2821
-0.64099
-0.64099
-0.64099
-0.71534
-0.71534
-0.65227
-0.65433
-0.65433
-0.60618
-0.66813
-0.66813
-0.69433
-0.65351
-0.51946
-0.69063
-0.69063
-0.69063
0
0
0
0
0
0
0
0
0
-0.70138
-0.74358
-0.64099
-0.64099
13.2821
-0.64099
-0.64099
-0.71534
-0.71534
-0.65227
-0.65433
-0.65433
-0.60618
-0.66813
-0.66813
-0.69433
-0.65351
-0.51946
-0.69063
-0.69063
-0.69063
0
0
0
0
0
0
0
0
0
-0.70138
-0.74358
-0.64099
-0.64099
-0.64099
13.2821
-0.64099
-0.71534
-0.71534
-0.65227
-0.65433
-0.65433
-0.60618
-0.66813
-0.66813
-0.69433
-0.65351
-0.51946
-0.69063
-0.69063
-0.69063
0
0
0
0
0
0
0
0
0
-0.70138
-0.74358
-0.64099
-0.64099
-0.64099
-0.64099
13.2821
-0.71534
-0.71534
-0.65227
-0.65433
-0.65433
-0.60618
-0.66813
-0.66813
-0.69433
-0.65351
-0.51946
-0.69063
-0.69063
-0.69063
0
0
0
0
0
0
0
0
0
-0.73732
-0.80482
-0.71534
-0.71534
-0.71534
-0.71534
-0.71534
18.4307
-0.76471
-0.69816
-0.69981
-0.69981
-0.65061
-0.72
-0.72
-0.73375
-0.70419
-0.52649
0
0
0
0
0
0
0
0
0
0
0
-6.3943
-0.73732
-0.80482
-0.71534
-0.71534
-0.71534
-0.71534
-0.71534
-0.76471
18.4307
-0.69816
-0.69981
-0.69981
-0.65061
-0.72
-0.72
-0.73375
-0.70419
-0.52649
0
0
0
-6.3943
0
0
0
0
0
0
0
0
-0.67597
-0.73541
-0.65227
-0.65227
-0.65227
-0.65227
-0.65227
-0.69816
-0.69816
15.7288
-0.65236
-0.65236
-0.57558
-0.63892
-0.63892
-0.6422
-0.62495
0
0
0
0
0
0
0
0
0
0
-5.2344
0
0
-0.69502
-0.74076
-0.65433
-0.65433
-0.65433
-0.65433
-0.65433
-0.69981
-0.69981
-0.65236
11.0667
-0.61629
-0.58541
-0.64738
-0.64738
-0.66968
-0.63322
-0.50789
0
0
0
0
0
0
0
0
0
0
0
0
-0.69502
-0.74076
-0.65433
-0.65433
-0.65433
-0.65433
-0.65433
-0.69981
-0.69981
-0.65236
-0.61629
11.0667
-0.58541
-0.64738
-0.64738
-0.66968
-0.63322
-0.50789
0
0
0
0
0
0
0
0
0
0
0
0
-0.64923
-0.68887
-0.60618
-0.60618
-0.60618
-0.60618
-0.60618
-0.65061
-0.65061
-0.57558
-0.58541
-0.58541
9.7789
-0.59141
-0.59141
-0.60097
-0.57846
0
0
0
0
0
0
0
0
0
0
0
0
0
-0.71755
-0.76028
-0.66813
-0.66813
-0.66813
-0.66813
-0.66813
-0.72
-0.72
-0.63892
-0.64738
-0.64738
-0.59141
9.4775
-0.69396
0
0
0
0
0
0
0
0
0
0
0
0
0
0
0
-0.71755
-0.76028
-0.66813
-0.66813
-0.66813
-0.66813
-0.66813
-0.72
-0.72
-0.63892
-0.64738
-0.64738
-0.59141
-0.69396
9.4775
0
0
0
0
0
0
0
0
0
0
0
0
0
0
0
-0.71086
-0.77885
-0.69433
-0.69433
-0.69433
-0.69433
-0.69433
-0.73375
-0.73375
-0.6422
-0.66968
-0.66968
-0.60097
0
0
11.3396
0
0
0
0
0
0
0
0
0
0
0
0
-2.3282
0
-0.70181
-0.74352
-0.65351
-0.65351
-0.65351
-0.65351
-0.65351
-0.70419
-0.70419
-0.62495
-0.63322
-0.63322
-0.57846
0
0
0
8.5911
0
0
0
0
0
0
0
0
0
0
0
0
0
-0.48595
-0.55774
-0.51946
-0.51946
-0.51946
-0.51946
-0.51946
-0.52649
-0.52649
0
-0.50789
-0.50789
0
0
0
0
0
17.0374
0
0
0
0
-5.6638
-5.6638
0
0
0
0
0
0
-0.76003
-0.79262
-0.69063
-0.69063
-0.69063
-0.69063
-0.69063
0
0
0
0
0
0
0
0
0
0
0
5.0058
0
0
0
0
0
0
0
0
0
0
0
-0.76003
-0.79262
-0.69063
-0.69063
-0.69063
-0.69063
-0.69063
0
0
0
0
0
0
0
0
0
0
0
0
5.0058
0
0
0
0
0
0
0
0
0
0
-0.76003
-0.79262
-0.69063
-0.69063
-0.69063
-0.69063
-0.69063
0
0
0
0
0
0
0
0
0
0
0
0
0
5.0058
0
0
0
0
0
0
0
0
0
0
0
0
0
0
0
0
0
-6.3943
0
0
0
0
0
0
0
0
0
0
0
0
6.3943
0
0
0
0
0
0
0
0
0
0
0
0
0
0
0
0
0
0
0
0
0
0
0
0
0
-5.6638
0
0
0
0
5.6638
0
0
0
0
0
0
0
0
0
0
0
0
0
0
0
0
0
0
0
0
0
0
0
0
-5.6638
0
0
0
0
0
5.6638
0
0
0
0
0
0
0
-8.2158
0
0
0
0
0
0
0
0
0
0
0
0
0
0
0
0
0
0
0
0
0
0
8.2158
0
0
0
0
0
-11.2422
0
0
0
0
0
0
0
0
0
0
0
0
0
0
0
0
0
0
0
0
0
0
0
0
11.2422
0
0
0
0
-11.2422
0
0
0
0
0
0
0
0
0
0
0
0
0
0
0
0
0
0
0
0
0
0
0
0
0
11.2422
0
0
0
0
0
0
0
0
0
0
0
0
-5.2344
0
0
0
0
0
0
0
0
0
0
0
0
0
0
0
0
0
5.2344
0
0
0
0
0
0
0
0
0
0
0
0
0
0
0
0
0
-2.3282
0
0
0
0
0
0
0
0
0
0
0
0
2.3282
0
0
0
0
0
0
0
0
-6.3943
0
0
0
0
0
0
0
0
0
0
0
0
0
0
0
0
0
0
0
0
0
6.3943
