34.294
-0.56445
-0.5571
-0.55583
-0.54492
-0.54492
-0.51943
-0.56265
-0.55706
-0.54954
-0.52157
-0.53582
-0.53582
-0.54857
-0.61851
-0.48394
-0.51535
-0.41898
0
-0.25986
-12.4498
0
-12.4498
0
0
0
0
0
0
0
-0.56445
19.8846
-0.56603
-0.5633
-0.55243
-0.55243
-0.52805
-0.57477
-0.56999
-0.55462
-0.52615
-0.54062
-0.54062
-0.55266
-0.6219
-0.50399
-0.52857
-0.43975
0
0
0
0
0
0
0
0
0
0
-10.6043
0
-0.5571
-0.56603
9.1366
-0.55402
-0.54287
-0.54287
-0.52004
-0.56107
-0.55682
-0.54372
-0.51605
-0.53005
-0.53005
-0.5419
-0.60923
-0.50015
-0.52315
-0.44153
0
0
0
0
0
0
0
0
0
0
0
0
-0.55583
-0.5633
-0.55402
17.5521
-0.55797
-0.55797
-0.5102
-0.55777
-0.55436
-0.54115
-0.51326
-0.52714
-0.52714
-0.53858
-0.60589
0
0
0
0
-0.27381
0
0
0
0
-9.6138
0
0
0
0
0
-0.54492
-0.55243
-0.54287
-0.55797
8.4838
-0.51893
-0.50526
-0.54479
-0.54146
-0.52785
-0.50129
-0.51462
-0.51462
-0.52557
-0.5889
-0.49136
-0.511
0
0
0
0
0
0
0
0
0
0
0
0
0
-0.54492
-0.55243
-0.54287
-0.55797
-0.51893
8.4838
-0.50526
-0.54479
-0.54146
-0.52785
-0.50129
-0.51462
-0.51462
-0.52557
-0.5889
-0.49136
-0.511
0
0
0
0
0
0
0
0
0
0
0
0
0
-0.51943
-0.52805
-0.52004
-0.5102
-0.50526
-0.50526
7.3358
-0.51801
-0.51667
-0.5071
-0.48155
-0.49401
-0.49401
-0.50441
-0.5649
0
0
0
-0.16689
0
0
0
0
0
0
0
0
0
0
0
-0.56265
-0.57477
-0.56107
-0.55777
-0.54479
-0.54479
-0.51801
15.7258
-0.57422
-0.55417
-0.52315
-0.53748
-0.53748
-0.54942
0
0
0
0
0
0
0
-8.5861
0
0
0
0
0
0
0
0
-0.55706
-0.56999
-0.55682
-0.55436
-0.54146
-0.54146
-0.51667
-0.57422
14.5822
-0.56307
-0.51158
-0.52537
-0.52537
0
0
0
0
0
0
0
0
0
0
0
0
0
-8.0447
0
0
0
-0.54954
-0.55462
-0.54372
-0.54115
-0.52785
-0.52785
-0.5071
-0.55417
-0.56307
6.9285
-0.50119
-0.51452
-0.51452
-0.52922
0
0
0
0
0
0
0
0
0
0
0
0
0
0
0
0
-0.52157
-0.52615
-0.51605
-0.51326
-0.50129
-0.50129
-0.48155
-0.52315
-0.51158
-0.50119
6.0519
-0.4774
-0.4774
0
0
0
0
0
0
0
0
0
0
0
0
0
0
0
0
0
-0.53582
-0.54062
-0.53005
-0.52714
-0.51462
-0.51462
-0.49401
-0.53748
-0.52537
-0.51452
-0.4774
5.7117
0
0
0
0
0
0
0
0
0
0
0
0
0
0
0
0
0
0
-0.53582
-0.54062
-0.53005
-0.52714
-0.51462
-0.51462
-0.49401
-0.53748
-0.52537
-0.51452
-0.4774
0
5.7117
0
0
0
0
0
0
0
0
0
0
0
0
0
0
0
0
0
-0.54857
-0.55266
-0.5419
-0.53858
-0.52557
-0.52557
-0.50441
-0.54942
0
-0.52922
0
0
0
4.8159
0
0
0
0
0
0
0
0
0
0
0
0
0
0
0
0
-0.61851
-0.6219
-0.60923
-0.60589
-0.5889
-0.5889
-0.5649
0
0
0
0
0
0
0
4.1982
0
0
0
0
0
0
0
0
0
0
0
0
0
0
0
-0.48394
-0.50399
-0.50015
0
-0.49136
-0.49136
0
0
0
0
0
0
0
0
0
2.939
0
0
0
0
0
0
0
0
0
0
0
-0.46819
0
0
-0.51535
-0.52857
-0.52315
0
-0.511
-0.511
0
0
0
0
0
0
0
0
0
0
2.8151
0
-0.22606
0
0
0
0
0
0
0
0
0
0
0
-0.41898
-0.43975
-0.44153
0
0
0
0
0
0
0
0
0
0
0
0
0
0
1.4766
0
0
0
0
0
0
0
-0.17632
0
0
0
0
0
0
0
0
0
0
-0.16689
0
0
0
0
0
0
0
0
0
-0.22606
0
0.49745
0
0
0
0
0
0
0
0
0
0
-0.1045
-0.25986
0
0
-0.27381
0
0
0
0
0
0
0
0
0
0
0
0
0
0
0
0.70563
0
0
0
-0.17196
0
0
0
0
0
0
-12.4498
0
0
0
0
0
0
0
0
0
0
0
0
0
0
0
0
0
0
0
12.4498
0
0
0
0
0
0
0
0
0
0
0
0
0
0
0
0
-8.5861
0
0
0
0
0
0
0
0
0
0
0
0
0
8.5861
0
0
0
0
0
0
0
0
-12.4498
0
0
0
0
0
0
0
0
0
0
0
0
0
0
0
0
0
0
0
0
0
12.4498
0
0
0
0
0
0
0
0
0
0
0
0
0
0
0
0
0
0
0
0
0
0
0
0
0
0
-0.17196
0
0
0
0.17196
0
0
0
0
0
0
0
0
0
-9.6138
0
0
0
0
0
0
0
0
0
0
0
0
0
0
0
0
0
0
0
0
9.6138
0
0
0
0
0
0
0
0
0
0
0
0
0
0
0
0
0
0
0
0
0
0
-0.17632
0
0
0
0
0
0
0
0.17632
0
0
0
0
0
0
0
0
0
0
0
0
-8.0447
0
0
0
0
0
0
0
0
0
0
0
0
0
0
0
0
0
8.0447
0
0
0
0
0
0
0
0
0
0
0
0
0
0
0
0
0
0
-0.46819
0
0
0
0
0
0
0
0
0
0
0
0.46819
0
0
0
-10.6043
0
0
0
0
0
0
0
0
0
0
0
0
0
0
0
0
0
0
0
0
0
0
0
0
0
0
10.6043
0
0
0
0
0
0
0
0
0
0
0
0
0
0
0
0
0
0
0
-0.1045
0
0
0
0
0
0
0
0
0
0
0.1045
