30.3882
-1.1117
-1.1117
-1.1117
-1.1724
-1.1724
-1.022
-1.022
-1.022
-1.0366
-1.022
-1.022
-1.022
-1.022
-1.022
-1.022
-1.022
-0.8733
-0.93194
-0.93194
-0.93194
-0.93194
-1.0027
-1.014
-1.2042
-1.2042
0
0
0
-4.4257
-1.1117
25.9415
-1.1078
-1.1078
-1.1824
-1.1824
-1.0214
-1.0214
-1.0214
-1.0513
-1.0214
-1.0214
-1.0214
-1.0214
-1.0214
-1.0214
-1.0214
-0.87191
-0.93044
-0.93044
-0.93044
-0.93044
-1.0011
-1.0116
-1.1889
-1.1889
0
0
0
0
-1.1117
-1.1078
25.9415
-1.1078
-1.1824
-1.1824
-1.0214
-1.0214
-1.0214
-1.0513
-1.0214
-1.0214
-1.0214
-1.0214
-1.0214
-1.0214
-1.0214
-0.87191
-0.93044
-0.93044
-0.93044
-0.93044
-1.0011
-1.0116
-1.1889
-1.1889
0
0
0
0
-1.1117
-1.1078
-1.1078
25.9415
-1.1824
-1.1824
-1.0214
-1.0214
-1.0214
-1.0513
-1.0214
-1.0214
-1.0214
-1.0214
-1.0214
-1.0214
-1.0214
-0.87191
-0.93044
-0.93044
-0.93044
-0.93044
-1.0011
-1.0116
-1.1889
-1.1889
0
0
0
0
-1.1724
-1.1824
-1.1824
-1.1824
29.3321
-1.2461
-1.1076
-1.1076
-1.1076
-1.1317
-1.1076
-1.1076
-1.1076
-1.1076
-1.1076
-1.1076
-1.1076
-0.94561
-1.0102
-1.0102
-1.0102
-1.0102
-1.0843
-1.0975
0
0
-3.9907
0
0
0
-1.1724
-1.1824
-1.1824
-1.1824
-1.2461
29.3321
-1.1076
-1.1076
-1.1076
-1.1317
-1.1076
-1.1076
-1.1076
-1.1076
-1.1076
-1.1076
-1.1076
-0.94561
-1.0102
-1.0102
-1.0102
-1.0102
-1.0843
-1.0975
0
0
0
0
-3.9907
0
-1.022
-1.0214
-1.0214
-1.0214
-1.1076
-1.1076
21.5224
-0.91678
-0.91678
-1.0072
-0.91678
-0.91678
-0.91678
-0.91678
-0.91678
-0.91678
-0.91678
-0.78707
-0.83906
-0.83906
-0.83906
-0.83906
-0.90148
-0.91803
0
0
0
0
0
0
-1.022
-1.0214
-1.0214
-1.0214
-1.1076
-1.1076
-0.91678
21.5224
-0.91678
-1.0072
-0.91678
-0.91678
-0.91678
-0.91678
-0.91678
-0.91678
-0.91678
-0.78707
-0.83906
-0.83906
-0.83906
-0.83906
-0.90148
-0.91803
0
0
0
0
0
0
-1.022
-1.0214
-1.0214
-1.0214
-1.1076
-1.1076
-0.91678
-0.91678
21.5224
-1.0072
-0.91678
-0.91678
-0.91678
-0.91678
-0.91678
-0.91678
-0.91678
-0.78707
-0.83906
-0.83906
-0.83906
-0.83906
-0.90148
-0.91803
0
0
0
0
0
0
-1.0366
-1.0513
-1.0513
-1.0513
-1.1317
-1.1317
-1.0072
-1.0072
-1.0072
24.8952
-1.0072
-1.0072
-1.0072
-1.0072
-1.0072
-1.0072
-1.0072
-0.7441
-0.79292
-0.79292
-0.79292
-0.79292
-0.8514
0
0
0
0
-3.6025
0
0
-1.022
-1.0214
-1.0214
-1.0214
-1.1076
-1.1076
-0.91678
-0.91678
-0.91678
-1.0072
21.5224
-0.91678
-0.91678
-0.91678
-0.91678
-0.91678
-0.91678
-0.78707
-0.83906
-0.83906
-0.83906
-0.83906
-0.90148
-0.91803
0
0
0
0
0
0
-1.022
-1.0214
-1.0214
-1.0214
-1.1076
-1.1076
-0.91678
-0.91678
-0.91678
-1.0072
-0.91678
21.5224
-0.91678
-0.91678
-0.91678
-0.91678
-0.91678
-0.78707
-0.83906
-0.83906
-0.83906
-0.83906
-0.90148
-0.91803
0
0
0
0
0
0
-1.022
-1.0214
-1.0214
-1.0214
-1.1076
-1.1076
-0.91678
-0.91678
-0.91678
-1.0072
-0.91678
-0.91678
21.5224
-0.91678
-0.91678
-0.91678
-0.91678
-0.78707
-0.83906
-0.83906
-0.83906
-0.83906
-0.90148
-0.91803
0
0
0
0
0
0
-1.022
-1.0214
-1.0214
-1.0214
-1.1076
-1.1076
-0.91678
-0.91678
-0.91678
-1.0072
-0.91678
-0.91678
-0.91678
21.5224
-0.91678
-0.91678
-0.91678
-0.78707
-0.83906
-0.83906
-0.83906
-0.83906
-0.90148
-0.91803
0
0
0
0
0
0
-1.022
-1.0214
-1.0214
-1.0214
-1.1076
-1.1076
-0.91678
-0.91678
-0.91678
-1.0072
-0.91678
-0.91678
-0.91678
-0.91678
21.5224
-0.91678
-0.91678
-0.78707
-0.83906
-0.83906
-0.83906
-0.83906
-0.90148
-0.91803
0
0
0
0
0
0
-1.022
-1.0214
-1.0214
-1.0214
-1.1076
-1.1076
-0.91678
-0.91678
-0.91678
-1.0072
-0.91678
-0.91678
-0.91678
-0.91678
-0.91678
21.5224
-0.91678
-0.78707
-0.83906
-0.83906
-0.83906
-0.83906
-0.90148
-0.91803
0
0
0
0
0
0
-1.022
-1.0214
-1.0214
-1.0214
-1.1076
-1.1076
-0.91678
-0.91678
-0.91678
-1.0072
-0.91678
-0.91678
-0.91678
-0.91678
-0.91678
-0.91678
21.5224
-0.78707
-0.83906
-0.83906
-0.83906
-0.83906
-0.90148
-0.91803
0
0
0
0
0
0
-0.8733
-0.87191
-0.87191
-0.87191
-0.94561
-0.94561
-0.78707
-0.78707
-0.78707
-0.7441
-0.78707
-0.78707
-0.78707
-0.78707
-0.78707
-0.78707
-0.78707
17.5578
-0.70232
-0.70232
-0.70232
-0.70232
-0.75345
0
0
0
0
0
0
0
-0.93194
-0.93044
-0.93044
-0.93044
-1.0102
-1.0102
-0.83906
-0.83906
-0.83906
-0.79292
-0.83906
-0.83906
-0.83906
-0.83906
-0.83906
-0.83906
-0.83906
-0.70232
17.9192
-0.76326
-0.76326
-0.76326
0
0
0
0
0
0
0
0
-0.93194
-0.93044
-0.93044
-0.93044
-1.0102
-1.0102
-0.83906
-0.83906
-0.83906
-0.79292
-0.83906
-0.83906
-0.83906
-0.83906
-0.83906
-0.83906
-0.83906
-0.70232
-0.76326
17.9192
-0.76326
-0.76326
0
0
0
0
0
0
0
0
-0.93194
-0.93044
-0.93044
-0.93044
-1.0102
-1.0102
-0.83906
-0.83906
-0.83906
-0.79292
-0.83906
-0.83906
-0.83906
-0.83906
-0.83906
-0.83906
-0.83906
-0.70232
-0.76326
-0.76326
17.9192
-0.76326
0
0
0
0
0
0
0
0
-0.93194
-0.93044
-0.93044
-0.93044
-1.0102
-1.0102
-0.83906
-0.83906
-0.83906
-0.79292
-0.83906
-0.83906
-0.83906
-0.83906
-0.83906
-0.83906
-0.83906
-0.70232
-0.76326
-0.76326
-0.76326
17.9192
0
0
0
0
0
0
0
0
-1.0027
-1.0011
-1.0011
-1.0011
-1.0843
-1.0843
-0.90148
-0.90148
-0.90148
-0.8514
-0.90148
-0.90148
-0.90148
-0.90148
-0.90148
-0.90148
-0.90148
-0.75345
0
0
0
0
16.7942
0
0
0
0
0
0
0
-1.014
-1.0116
-1.0116
-1.0116
-1.0975
-1.0975
-0.91803
-0.91803
-0.91803
0
-0.91803
-0.91803
-0.91803
-0.91803
-0.91803
-0.91803
-0.91803
0
0
0
0
0
0
15.4239
0
0
0
0
0
0
-1.2042
-1.1889
-1.1889
-1.1889
0
0
0
0
0
0
0
0
0
0
0
0
0
0
0
0
0
0
0
0
4.7709
0
0
0
0
0
-1.2042
-1.1889
-1.1889
-1.1889
0
0
0
0
0
0
0
0
0
0
0
0
0
0
0
0
0
0
0
0
0
4.7709
0
0
0
0
0
0
0
0
-3.9907
0
0
0
0
0
0
0
0
0
0
0
0
0
0
0
0
0
0
0
0
0
3.9907
0
0
0
0
0
0
0
0
0
0
0
0
-3.6025
0
0
0
0
0
0
0
0
0
0
0
0
0
0
0
0
0
3.6025
0
0
0
0
0
0
0
-3.9907
0
0
0
0
0
0
0
0
0
0
0
0
0
0
0
0
0
0
0
0
0
0
3.9907
0
-4.4257
0
0
0
0
0
0
0
0
0
0
0
0
0
0
0
0
0
0
0
0
0
0
0
0
0
0
0
0
4.4257
