7.5013
-0.4432
-0.36818
-0.36818
-0.46123
-0.43966
-0.44727
-0.45267
-0.41334
-0.53625
-0.53559
0
-1.2703
0
0
-0.88271
0
-0.88271
0
0
0
0
0
0
0
0
0
0
0
0
-0.4432
7.704
-0.37103
-0.37103
-0.46884
-0.43895
-0.45219
-0.45933
-0.42688
-0.52979
-0.5238
0
0
0
0
-0.92981
-1.3594
-0.92981
0
0
0
0
0
0
0
0
0
0
0
0
-0.36818
-0.37103
5.3264
-0.28277
-0.39351
-0.36879
-0.37569
-0.38027
-0.35215
-0.44616
-0.44866
0
0
0
0
-0.76962
0
-0.76962
0
0
0
0
0
0
0
0
0
0
0
0
-0.36818
-0.37103
-0.28277
5.3264
-0.39351
-0.36879
-0.37569
-0.38027
-0.35215
-0.44616
-0.44866
0
0
0
0
-0.76962
0
-0.76962
0
0
0
0
0
0
0
0
0
0
0
0
-0.46123
-0.46884
-0.39351
-0.39351
12.8098
-0.4709
-0.37864
-0.42648
-0.36696
0
0
0
0
0
0
0
0
0
0
0
-0.34807
0
0
0
0
0
0
0
-9.1017
0
-0.43966
-0.43895
-0.36879
-0.36879
-0.4709
4.2791
-0.40725
-0.40674
-0.37725
-0.48659
-0.51422
0
0
0
0
0
0
0
0
0
0
0
0
0
0
0
0
0
0
0
-0.44727
-0.45219
-0.37569
-0.37569
-0.37864
-0.40725
7.3252
-0.44299
0
0
0
-1.197
0
0
0
0
0
0
0
0
0
0
0
-3.2485
0
0
0
0
0
0
-0.45267
-0.45933
-0.38027
-0.38027
-0.42648
-0.40674
-0.44299
3.3054
-0.3567
0
0
0
0
0
0
0
0
0
0
0
0
0
0
0
0
0
0
0
0
0
-0.41334
-0.42688
-0.35215
-0.35215
-0.36696
-0.37725
0
-0.3567
3.2271
0
0
0
0
0
0
0
0
0
-0.58169
0
0
0
0
0
0
0
0
0
0
0
-0.53625
-0.52979
-0.44616
-0.44616
0
-0.48659
0
0
0
3.3099
0
0
0
-0.86496
0
0
0
0
0
0
0
0
0
0
0
0
0
0
0
0
-0.53559
-0.5238
-0.44866
-0.44866
0
-0.51422
0
0
0
0
4.0509
0
-1.58
0
0
0
0
0
0
0
0
0
0
0
0
0
0
0
0
0
0
0
0
0
0
0
-1.197
0
0
0
0
12.6623
-2.0518
0
0
0
0
0
0
0
0
-1.7646
-1.6503
0
0
0
0
-5.9986
0
0
-1.2703
0
0
0
0
0
0
0
0
0
-1.58
-2.0518
10.3846
0
0
0
0
0
0
0
0
0
0
0
0
0
-5.4825
0
0
0
0
0
0
0
0
0
0
0
0
-0.86496
0
0
0
2.4963
-0.17277
0
-1.0508
0
0
0
-0.40778
0
0
0
0
0
0
0
0
0
0
0
0
0
0
0
0
0
0
0
0
0
0
-0.17277
6.3029
0
0
0
-0.74435
-2.4234
0
0
0
0
-2.9624
0
0
0
0
0
-0.88271
-0.92981
-0.76962
-0.76962
0
0
0
0
0
0
0
0
0
0
0
3.3518
0
0
0
0
0
0
0
0
0
0
0
0
0
0
0
-1.3594
0
0
0
0
0
0
0
0
0
0
0
-1.0508
0
0
8.004
0
0
0
0
0
-2.3236
0
0
0
0
0
0
-3.2702
-0.88271
-0.92981
-0.76962
-0.76962
0
0
0
0
0
0
0
0
0
0
0
0
0
3.3518
0
0
0
0
0
0
0
0
0
0
0
0
0
0
0
0
0
0
0
0
-0.58169
0
0
0
0
0
-0.74435
0
0
0
1.6106
0
0
-0.28458
0
0
0
0
0
0
0
0
0
0
0
0
0
0
0
0
0
0
0
0
0
0
-2.4234
0
0
0
0
5.1546
0
-1.6565
0
-1.0748
0
0
0
0
0
0
0
0
0
0
-0.34807
0
0
0
0
0
0
0
0
-0.40778
0
0
0
0
0
0
1.2264
0
0
0
0
-0.47053
0
0
0
0
0
0
0
0
0
0
0
0
0
0
0
-1.7646
0
0
0
0
0
0
-0.28458
-1.6565
0
3.7057
0
0
0
0
0
0
0
0
0
0
0
0
0
0
0
0
0
0
0
-1.6503
0
0
0
0
-2.3236
0
0
0
0
0
3.9739
0
0
0
0
0
0
0
0
0
0
0
0
0
-3.2485
0
0
0
0
0
0
0
0
0
0
0
0
-1.0748
0
0
0
4.3232
0
0
0
0
0
0
0
0
0
0
0
0
0
0
0
0
0
0
0
0
-2.9624
0
0
0
0
0
0
0
0
0
2.9624
0
0
0
0
0
0
0
0
0
0
0
0
0
0
0
0
0
0
0
0
0
0
0
0
0
-0.47053
0
0
0
0
0.47053
0
0
0
0
0
0
0
0
0
0
0
0
0
0
0
0
-5.4825
0
0
0
0
0
0
0
0
0
0
0
0
0
5.4825
0
0
0
0
0
0
0
0
0
0
0
0
0
0
-5.9986
0
0
0
0
0
0
0
0
0
0
0
0
0
0
0
5.9986
0
0
0
0
0
0
-9.1017
0
0
0
0
0
0
0
0
0
0
0
0
0
0
0
0
0
0
0
0
0
0
0
9.1017
0
0
0
0
0
0
0
0
0
0
0
0
0
0
0
0
0
-3.2702
0
0
0
0
0
0
0
0
0
0
0
0
3.2702
