19.0317
-0.38864
-0.40126
-0.37545
-0.3482
-0.3482
-0.3482
-0.33935
-0.32928
-0.36132
-0.39389
-0.3664
-0.3664
-0.1045
0
0
0
0
0
0
0
0
0
0
-7.2803
0
0
0
-7.2803
0
-0.38864
14.6719
-0.39185
-0.39552
-0.35005
-0.35005
-0.35005
-0.36556
-0.33344
-0.36736
-0.39177
-0.36362
-0.36362
0
0
0
0
0
0
-1.7792
0
-3.3836
0
0
0
0
0
0
0
-5.0976
-0.40126
-0.39185
6.3059
-0.42604
-0.36358
-0.36358
-0.36358
-0.4125
-0.34875
-0.39107
-0.40982
-0.37984
-0.37984
0
0
0
0
0
0
-1.6742
0
0
0
0
0
0
0
0
0
0
-0.37545
-0.39552
-0.42604
9.2451
-0.37032
-0.37032
-0.37032
-0.38928
-0.35013
-0.39031
-0.4214
-0.39223
-0.39223
0
0
0
0
0
0
0
0
0
0
0
0
0
0
-4.6015
0
0
-0.3482
-0.35005
-0.36358
-0.37032
4.0436
-0.29764
-0.29764
-0.3573
-0.2941
-0.33981
-0.35935
-0.33282
-0.33282
0
0
0
0
0
0
0
0
0
0
0
0
0
0
0
0
0
-0.3482
-0.35005
-0.36358
-0.37032
-0.29764
4.0436
-0.29764
-0.3573
-0.2941
-0.33981
-0.35935
-0.33282
-0.33282
0
0
0
0
0
0
0
0
0
0
0
0
0
0
0
0
0
-0.3482
-0.35005
-0.36358
-0.37032
-0.29764
-0.29764
4.0436
-0.3573
-0.2941
-0.33981
-0.35935
-0.33282
-0.33282
0
0
0
0
0
0
0
0
0
0
0
0
0
0
0
0
0
-0.33935
-0.36556
-0.4125
-0.38928
-0.3573
-0.3573
-0.3573
7.526
-0.28351
0
0
0
0
-0.13416
0
0
0
-2.0812
0
0
0
0
0
0
0
0
-2.4485
0
0
0
-0.32928
-0.33344
-0.34875
-0.35013
-0.2941
-0.2941
-0.2941
-0.28351
5.9613
-0.29275
-0.31173
0
0
0
0
0
0
0
-2.8295
0
0
0
0
0
0
0
0
0
0
0
-0.36132
-0.36736
-0.39107
-0.39031
-0.33981
-0.33981
-0.33981
0
-0.29275
3.0759
0
0
0
0
-0.25364
0
0
0
0
0
0
0
0
0
0
0
0
0
0
0
-0.39389
-0.39177
-0.40982
-0.4214
-0.35935
-0.35935
-0.35935
0
-0.31173
0
3.0067
0
0
0
0
0
0
0
0
0
0
0
0
0
0
0
0
0
0
0
-0.3664
-0.36362
-0.37984
-0.39223
-0.33282
-0.33282
-0.33282
0
0
0
0
2.5005
0
0
0
0
0
0
0
0
0
0
0
0
0
0
0
0
0
0
-0.3664
-0.36362
-0.37984
-0.39223
-0.33282
-0.33282
-0.33282
0
0
0
0
0
2.5005
0
0
0
0
0
0
0
0
0
0
0
0
0
0
0
0
0
-0.1045
0
0
0
0
0
0
-0.13416
0
0
0
0
0
11.7
0
-0.78335
0
0
0
0
0
0
-5.339
-5.339
0
0
0
0
0
0
0
0
0
0
0
0
0
0
0
-0.25364
0
0
0
0
6.3012
-0.99288
0
0
-2.6118
0
0
0
0
0
0
-2.4429
0
0
0
0
0
0
0
0
0
0
0
0
0
0
0
0
0
-0.78335
-0.99288
2.7012
-0.92496
0
0
0
0
0
0
0
0
0
0
0
0
0
0
0
0
0
0
0
0
0
0
0
0
0
0
0
0
-0.92496
6.5533
0
0
0
-3.7946
-1.8338
0
0
0
0
0
0
0
0
0
0
0
0
0
0
0
-2.0812
0
0
0
0
0
0
0
0
0
4.5666
0
0
-2.4855
0
0
0
0
0
0
0
0
0
0
0
0
0
0
0
0
0
-2.8295
0
0
0
0
0
-2.6118
0
0
0
5.4413
0
0
0
0
0
0
0
0
0
0
0
0
-1.7792
-1.6742
0
0
0
0
0
0
0
0
0
0
0
0
0
0
0
0
3.4534
0
0
0
0
0
0
0
0
0
0
0
0
0
0
0
0
0
0
0
0
0
0
0
0
0
0
-3.7946
-2.4855
0
0
6.28
0
0
0
0
0
0
0
0
0
0
-3.3836
0
0
0
0
0
0
0
0
0
0
0
0
0
0
-1.8338
0
0
0
0
5.2174
0
0
0
0
0
0
0
0
0
0
0
0
0
0
0
0
0
0
0
0
0
-5.339
0
0
0
0
0
0
0
0
5.339
0
0
0
0
0
0
0
0
0
0
0
0
0
0
0
0
0
0
0
0
-5.339
0
0
0
0
0
0
0
0
0
5.339
0
0
0
0
0
0
-7.2803
0
0
0
0
0
0
0
0
0
0
0
0
0
0
0
0
0
0
0
0
0
0
0
7.2803
0
0
0
0
0
0
0
0
0
0
0
0
0
0
0
0
0
0
0
-2.4429
0
0
0
0
0
0
0
0
0
0
2.4429
0
0
0
0
0
0
0
0
0
0
0
-2.4485
0
0
0
0
0
0
0
0
0
0
0
0
0
0
0
0
0
0
2.4485
0
0
0
0
0
0
-4.6015
0
0
0
0
0
0
0
0
0
0
0
0
0
0
0
0
0
0
0
0
0
0
0
4.6015
0
0
-7.2803
0
0
0
0
0
0
0
0
0
0
0
0
0
0
0
0
0
0
0
0
0
0
0
0
0
0
0
7.2803
0
0
-5.0976
0
0
0
0
0
0
0
0
0
0
0
0
0
0
0
0
0
0
0
0
0
0
0
0
0
0
0
5.0976
