22.8138
-0.72365
-0.72365
-0.64886
-0.64886
-0.66252
-0.66649
-0.66649
-0.66928
-0.6773
-0.65898
-0.66991
-0.70699
-0.6559
-0.65312
-0.6749
-0.6749
-0.60043
-0.70085
0
0
0
0
0
0
0
-10.7308
0
0
0
-0.72365
22.8138
-0.72365
-0.64886
-0.64886
-0.66252
-0.66649
-0.66649
-0.66928
-0.6773
-0.65898
-0.66991
-0.70699
-0.6559
-0.65312
-0.6749
-0.6749
-0.60043
-0.70085
0
0
0
0
0
0
0
0
0
-10.7308
0
-0.72365
-0.72365
22.8138
-0.64886
-0.64886
-0.66252
-0.66649
-0.66649
-0.66928
-0.6773
-0.65898
-0.66991
-0.70699
-0.6559
-0.65312
-0.6749
-0.6749
-0.60043
-0.70085
0
0
0
0
0
0
-10.7308
0
0
0
0
-0.64886
-0.64886
-0.64886
10.9962
-0.58665
-0.60013
-0.60388
-0.60388
-0.60734
-0.61278
-0.59643
-0.60786
-0.64026
-0.593
-0.59358
-0.60844
-0.60844
-0.55839
-0.62851
0
0
0
0
0
0
0
0
0
0
0
-0.64886
-0.64886
-0.64886
-0.58665
10.9962
-0.60013
-0.60388
-0.60388
-0.60734
-0.61278
-0.59643
-0.60786
-0.64026
-0.593
-0.59358
-0.60844
-0.60844
-0.55839
-0.62851
0
0
0
0
0
0
0
0
0
0
0
-0.66252
-0.66252
-0.66252
-0.60013
-0.60013
10.2365
-0.61542
-0.61542
-0.61555
-0.62299
-0.60705
-0.62499
-0.64868
-0.60325
-0.59872
-0.62111
-0.62111
0
0
0
-0.25435
0
0
0
0
0
0
0
0
0
-0.66649
-0.66649
-0.66649
-0.60388
-0.60388
-0.61542
10.0363
-0.6062
-0.62871
-0.62978
-0.60945
-0.62166
-0.6572
-0.60568
-0.60793
-0.62353
-0.62353
0
0
0
0
0
0
0
0
0
0
0
0
0
-0.66649
-0.66649
-0.66649
-0.60388
-0.60388
-0.61542
-0.6062
10.0363
-0.62871
-0.62978
-0.60945
-0.62166
-0.6572
-0.60568
-0.60793
-0.62353
-0.62353
0
0
0
0
0
0
0
0
0
0
0
0
0
-0.66928
-0.66928
-0.66928
-0.60734
-0.60734
-0.61555
-0.62871
-0.62871
17.1793
-0.63324
-0.5994
-0.59832
-0.63137
-0.59305
0
0
0
0
0
-0.21602
0
0
0
0
-8.8124
0
0
0
0
0
-0.6773
-0.6773
-0.6773
-0.61278
-0.61278
-0.62299
-0.62978
-0.62978
-0.63324
17.5877
-0.60779
-0.61311
-0.64697
-0.60187
-0.60364
0
0
0
0
0
0
0
0
0
0
0
0
0
0
-8.7411
-0.65898
-0.65898
-0.65898
-0.59643
-0.59643
-0.60705
-0.60945
-0.60945
-0.5994
-0.60779
8.0488
-0.61099
-0.64421
-0.59067
0
0
0
0
0
0
0
0
0
0
0
0
0
0
0
0
-0.66991
-0.66991
-0.66991
-0.60786
-0.60786
-0.62499
-0.62166
-0.62166
-0.59832
-0.61311
-0.61099
7.1873
0
0
0
0
0
0
0
0
-0.27109
0
0
0
0
0
0
0
0
0
-0.70699
-0.70699
-0.70699
-0.64026
-0.64026
-0.64868
-0.6572
-0.6572
-0.63137
-0.64697
-0.64421
0
14.014
0
0
0
0
0
0
0
0
0
0
0
0
0
0
-6.7268
0
0
-0.6559
-0.6559
-0.6559
-0.593
-0.593
-0.60325
-0.60568
-0.60568
-0.59305
-0.60187
-0.59067
0
0
6.7539
0
0
0
0
0
0
0
0
0
0
0
0
0
0
0
0
-0.65312
-0.65312
-0.65312
-0.59358
-0.59358
-0.59872
-0.60793
-0.60793
0
-0.60364
0
0
0
0
5.8055
0
0
0
0
-0.24073
0
0
0
0
0
0
0
0
0
0
-0.6749
-0.6749
-0.6749
-0.60844
-0.60844
-0.62111
-0.62353
-0.62353
0
0
0
0
0
0
0
5.1098
0
0
0
0
0
0
0
0
0
0
0
0
0
0
-0.6749
-0.6749
-0.6749
-0.60844
-0.60844
-0.62111
-0.62353
-0.62353
0
0
0
0
0
0
0
0
5.1098
0
0
0
0
0
0
0
0
0
0
0
0
0
-0.60043
-0.60043
-0.60043
-0.55839
-0.55839
0
0
0
0
0
0
0
0
0
0
0
0
3.0255
0
0
0
-0.10746
0
0
0
0
0
0
0
0
-0.70085
-0.70085
-0.70085
-0.62851
-0.62851
0
0
0
0
0
0
0
0
0
0
0
0
0
3.3596
0
0
0
0
0
0
0
0
0
0
0
0
0
0
0
0
0
0
0
-0.21602
0
0
0
0
0
-0.24073
0
0
0
0
0.56124
0
0
0
-0.1045
0
0
0
0
0
0
0
0
0
0
0
-0.25435
0
0
0
0
0
-0.27109
0
0
0
0
0
0
0
0
0.6778
0
-0.15236
0
0
0
0
0
0
0
0
0
0
0
0
0
0
0
0
0
0
0
0
0
0
0
0
-0.10746
0
0
0
0.10746
0
0
0
0
0
0
0
0
0
0
0
0
0
0
0
0
0
0
0
0
0
0
0
0
0
0
0
0
-0.15236
0
0.15236
0
0
0
0
0
0
0
0
0
0
0
0
0
0
0
0
0
0
0
0
0
0
0
0
0
0
-0.1045
0
0
0
0.1045
0
0
0
0
0
0
0
0
0
0
0
0
0
0
-8.8124
0
0
0
0
0
0
0
0
0
0
0
0
0
0
0
8.8124
0
0
0
0
0
0
0
-10.7308
0
0
0
0
0
0
0
0
0
0
0
0
0
0
0
0
0
0
0
0
0
0
10.7308
0
0
0
0
-10.7308
0
0
0
0
0
0
0
0
0
0
0
0
0
0
0
0
0
0
0
0
0
0
0
0
0
10.7308
0
0
0
0
0
0
0
0
0
0
0
0
0
0
0
-6.7268
0
0
0
0
0
0
0
0
0
0
0
0
0
0
6.7268
0
0
0
-10.7308
0
0
0
0
0
0
0
0
0
0
0
0
0
0
0
0
0
0
0
0
0
0
0
0
0
0
10.7308
0
0
0
0
0
0
0
0
0
0
-8.7411
0
0
0
0
0
0
0
0
0
0
0
0
0
0
0
0
0
0
0
8.7411
