15.8545
-1.0435
-1.0452
-1.048
-1.0468
-1.0442
-1.0479
-0.72776
-0.72776
-0.72776
-0.74922
-0.72776
-0.66692
-0.66692
-0.66692
-0.80247
0
0
0
0
0
0
0
0
0
-3.1155
0
0
0
0
-1.0435
18.2896
-1.0449
-1.0493
-1.0463
-1.0505
-1.0435
-0.73232
-0.73232
-0.73232
-0.75487
-0.73232
-0.67114
-0.67114
-0.67114
-0.80416
0
0
0
0
0
0
0
0
0
0
0
-5.5099
0
0
-1.0452
-1.0449
14.4379
-1.0459
-1.042
-1.0542
-1.0452
-0.72576
-0.72576
-0.72576
-0.75076
-0.72576
-0.66527
-0.66527
-0.66527
-0.79948
0
0
-1.7114
0
0
0
0
0
0
0
0
0
0
0
-1.048
-1.0493
-1.0459
14.9173
-1.0532
-1.0556
-1.048
-0.72776
-0.72776
-0.72776
-0.75383
-0.72776
-0.66698
-0.66698
-0.66698
-0.80292
0
0
0
-2.1486
0
0
0
0
0
0
0
0
0
0
-1.0468
-1.0463
-1.042
-1.0532
14.5697
-1.0505
-1.0468
-0.72682
-0.72682
-0.72682
-0.75136
-0.72682
-0.66601
-0.66601
-0.66601
-0.80379
0
0
0
0
-1.8237
0
0
0
0
0
0
0
0
0
-1.0442
-1.0505
-1.0542
-1.0556
-1.0505
15.7764
-1.0442
-0.7274
-0.7274
-0.7274
-0.75521
-0.7274
-0.66691
-0.66691
-0.66691
-0.79672
0
0
0
0
0
-3.0149
0
0
0
0
0
0
0
0
-1.0479
-1.0435
-1.0452
-1.048
-1.0468
-1.0442
15.8545
-0.72776
-0.72776
-0.72776
-0.74922
-0.72776
-0.66692
-0.66692
-0.66692
-0.80247
0
0
0
0
0
0
0
-3.1155
0
0
0
0
0
0
-0.72776
-0.73232
-0.72576
-0.72776
-0.72682
-0.7274
-0.72776
9.2565
-0.52125
-0.52125
-0.56627
-0.52125
-0.48337
-0.48337
-0.48337
-0.58078
0
0
0
0
0
0
0
0
0
0
0
0
0
0
-0.72776
-0.73232
-0.72576
-0.72776
-0.72682
-0.7274
-0.72776
-0.52125
9.2565
-0.52125
-0.56627
-0.52125
-0.48337
-0.48337
-0.48337
-0.58078
0
0
0
0
0
0
0
0
0
0
0
0
0
0
-0.72776
-0.73232
-0.72576
-0.72776
-0.72682
-0.7274
-0.72776
-0.52125
-0.52125
9.2565
-0.56627
-0.52125
-0.48337
-0.48337
-0.48337
-0.58078
0
0
0
0
0
0
0
0
0
0
0
0
0
0
-0.74922
-0.75487
-0.75076
-0.75383
-0.75136
-0.75521
-0.74922
-0.56627
-0.56627
-0.56627
13.9206
-0.56627
-0.45384
-0.45384
-0.45384
0
0
0
0
0
0
0
0
0
0
0
0
0
-5.0295
0
-0.72776
-0.73232
-0.72576
-0.72776
-0.72682
-0.7274
-0.72776
-0.52125
-0.52125
-0.52125
-0.56627
9.2565
-0.48337
-0.48337
-0.48337
-0.58078
0
0
0
0
0
0
0
0
0
0
0
0
0
0
-0.66692
-0.67114
-0.66527
-0.66698
-0.66601
-0.66691
-0.66692
-0.48337
-0.48337
-0.48337
-0.45384
-0.48337
7.8914
-0.41695
-0.41695
0
0
0
0
0
0
0
0
0
0
0
0
0
0
0
-0.66692
-0.67114
-0.66527
-0.66698
-0.66601
-0.66691
-0.66692
-0.48337
-0.48337
-0.48337
-0.45384
-0.48337
-0.41695
7.8914
-0.41695
0
0
0
0
0
0
0
0
0
0
0
0
0
0
0
-0.66692
-0.67114
-0.66527
-0.66698
-0.66601
-0.66691
-0.66692
-0.48337
-0.48337
-0.48337
-0.45384
-0.48337
-0.41695
-0.41695
7.8914
0
0
0
0
0
0
0
0
0
0
0
0
0
0
0
-0.80247
-0.80416
-0.79948
-0.80292
-0.80379
-0.79672
-0.80247
-0.58078
-0.58078
-0.58078
0
-0.58078
0
0
0
9.2545
0
0
0
0
0
0
0
0
0
0
-1.3194
0
0
0
0
0
0
0
0
0
0
0
0
0
0
0
0
0
0
0
6.6718
0
0
-1.9466
-1.3288
0
0
0
0
0
-1.8939
0
0
-1.5025
0
0
0
0
0
0
0
0
0
0
0
0
0
0
0
0
0
8.2322
0
0
-2.4009
0
0
-2.9156
0
-2.9156
0
0
0
0
0
0
-1.7114
0
0
0
0
0
0
0
0
0
0
0
0
0
0
0
7.249
0
0
0
-2.8941
0
-2.6435
0
0
0
0
0
0
0
0
-2.1486
0
0
0
0
0
0
0
0
0
0
0
0
-1.9466
0
0
6.4455
0
0
-2.3502
0
0
0
0
0
0
0
0
0
0
0
-1.8237
0
0
0
0
0
0
0
0
0
0
0
-1.3288
-2.4009
0
0
5.5535
0
0
0
0
0
0
0
0
0
0
0
0
0
0
-3.0149
0
0
0
0
0
0
0
0
0
0
0
0
0
0
0
6.0413
0
0
-3.0263
0
0
0
0
0
0
0
0
0
0
0
0
0
0
0
0
0
0
0
0
0
0
0
-2.8941
-2.3502
0
0
5.2443
0
0
0
0
0
0
0
0
0
0
0
0
0
-3.1155
0
0
0
0
0
0
0
0
0
0
-2.9156
0
0
0
0
0
6.0311
0
0
0
0
0
0
0
0
0
0
0
0
0
0
0
0
0
0
0
0
0
0
0
0
-2.6435
0
0
-3.0263
0
0
5.6698
0
0
0
0
0
-3.1155
0
0
0
0
0
0
0
0
0
0
0
0
0
0
0
0
-2.9156
0
0
0
0
0
0
0
6.0311
0
0
0
0
0
0
0
0
0
0
0
0
0
0
0
0
0
0
0
-1.3194
-1.8939
0
0
0
0
0
0
0
0
0
3.2132
0
0
0
0
-5.5099
0
0
0
0
0
0
0
0
0
0
0
0
0
0
0
0
0
0
0
0
0
0
0
0
0
5.5099
0
0
0
0
0
0
0
0
0
0
0
0
-5.0295
0
0
0
0
0
0
0
0
0
0
0
0
0
0
0
0
0
5.0295
0
0
0
0
0
0
0
0
0
0
0
0
0
0
0
0
0
-1.5025
0
0
0
0
0
0
0
0
0
0
0
0
1.5025
