23.644
-0.84994
-0.84994
-0.79329
-0.79329
-0.82878
-0.82403
-0.80659
-0.81096
-0.82729
-0.82729
-0.78598
-0.78598
-0.8297
-0.80501
-0.80501
-0.83055
-0.83988
-0.83988
-0.66078
-0.79296
-0.78351
0
0
0
0
0
-6.6734
0
0
-0.84994
23.644
-0.84994
-0.79329
-0.79329
-0.82878
-0.82403
-0.80659
-0.81096
-0.82729
-0.82729
-0.78598
-0.78598
-0.8297
-0.80501
-0.80501
-0.83055
-0.83988
-0.83988
-0.66078
-0.79296
-0.78351
0
0
0
0
0
0
0
-6.6734
-0.84994
-0.84994
23.644
-0.79329
-0.79329
-0.82878
-0.82403
-0.80659
-0.81096
-0.82729
-0.82729
-0.78598
-0.78598
-0.8297
-0.80501
-0.80501
-0.83055
-0.83988
-0.83988
-0.66078
-0.79296
-0.78351
-6.6734
0
0
0
0
0
0
0
-0.79329
-0.79329
-0.79329
15.9575
-0.74345
-0.77667
-0.7707
-0.75532
-0.77226
-0.77383
-0.77383
-0.73751
-0.73751
-0.78193
-0.75384
-0.75384
-0.77425
-0.78178
-0.78178
-0.64022
-0.73907
-0.72987
0
0
0
0
0
0
0
0
-0.79329
-0.79329
-0.79329
-0.74345
15.9575
-0.77667
-0.7707
-0.75532
-0.77226
-0.77383
-0.77383
-0.73751
-0.73751
-0.78193
-0.75384
-0.75384
-0.77425
-0.78178
-0.78178
-0.64022
-0.73907
-0.72987
0
0
0
0
0
0
0
0
-0.82878
-0.82878
-0.82878
-0.77667
-0.77667
20.117
-0.81624
-0.7922
-0.79825
-0.8137
-0.8137
-0.77328
-0.77328
-0.81701
-0.79205
-0.79205
-0.81611
-0.82526
-0.82526
0
0
0
0
-5.6289
0
0
0
0
0
0
-0.82403
-0.82403
-0.82403
-0.7707
-0.7707
-0.81624
15.1407
-0.78329
-0.80819
-0.80459
-0.80459
-0.76525
-0.76525
-0.81631
-0.78302
-0.78302
-0.80423
-0.81221
-0.81221
0
-0.7688
0
0
0
0
0
0
0
0
0
-0.80659
-0.80659
-0.80659
-0.75532
-0.75532
-0.7922
-0.78329
14.0698
-0.78437
-0.78775
-0.78775
-0.74931
-0.74931
-0.79753
-0.7666
-0.7666
-0.78624
-0.79424
-0.79424
0
0
0
0
0
0
0
0
0
0
0
-0.81096
-0.81096
-0.81096
-0.77226
-0.77226
-0.79825
-0.80819
-0.78437
24.7672
-0.81746
-0.81746
-0.77335
-0.77335
-0.8008
-0.79637
-0.79637
0
0
0
0
0
0
0
0
0
-6.4119
-6.4119
0
0
0
-0.82729
-0.82729
-0.82729
-0.77383
-0.77383
-0.8137
-0.80459
-0.78775
-0.81746
12.7923
-0.80622
-0.76543
-0.76543
-0.81997
-0.78724
-0.78724
-0.80773
0
0
0
0
0
0
0
0
0
0
0
0
0
-0.82729
-0.82729
-0.82729
-0.77383
-0.77383
-0.8137
-0.80459
-0.78775
-0.81746
-0.80622
12.7923
-0.76543
-0.76543
-0.81997
-0.78724
-0.78724
-0.80773
0
0
0
0
0
0
0
0
0
0
0
0
0
-0.78598
-0.78598
-0.78598
-0.73751
-0.73751
-0.77328
-0.76525
-0.74931
-0.77335
-0.76543
-0.76543
11.3707
-0.707
-0.76069
-0.73901
-0.73901
0
0
0
0
0
0
0
0
0
0
0
0
0
0
-0.78598
-0.78598
-0.78598
-0.73751
-0.73751
-0.77328
-0.76525
-0.74931
-0.77335
-0.76543
-0.76543
-0.707
11.3707
-0.76069
-0.73901
-0.73901
0
0
0
0
0
0
0
0
0
0
0
0
0
0
-0.8297
-0.8297
-0.8297
-0.78193
-0.78193
-0.81701
-0.81631
-0.79753
-0.8008
-0.81997
-0.81997
-0.76069
-0.76069
13.7394
0
0
0
0
0
0
0
0
0
0
-3.2935
0
0
0
0
0
-0.80501
-0.80501
-0.80501
-0.75384
-0.75384
-0.79205
-0.78302
-0.7666
-0.79637
-0.78724
-0.78724
-0.73901
-0.73901
0
10.1132
0
0
0
0
0
0
0
0
0
0
0
0
0
0
0
-0.80501
-0.80501
-0.80501
-0.75384
-0.75384
-0.79205
-0.78302
-0.7666
-0.79637
-0.78724
-0.78724
-0.73901
-0.73901
0
0
10.1132
0
0
0
0
0
0
0
0
0
0
0
0
0
0
-0.83055
-0.83055
-0.83055
-0.77425
-0.77425
-0.81611
-0.80423
-0.78624
0
-0.80773
-0.80773
0
0
0
0
0
8.0622
0
0
0
0
0
0
0
0
0
0
0
0
0
-0.83988
-0.83988
-0.83988
-0.78178
-0.78178
-0.82526
-0.81221
-0.79424
0
0
0
0
0
0
0
0
0
6.5149
0
0
0
0
0
0
0
0
0
0
0
0
-0.83988
-0.83988
-0.83988
-0.78178
-0.78178
-0.82526
-0.81221
-0.79424
0
0
0
0
0
0
0
0
0
0
6.5149
0
0
0
0
0
0
0
0
0
0
0
-0.66078
-0.66078
-0.66078
-0.64022
-0.64022
0
0
0
0
0
0
0
0
0
0
0
0
0
0
3.3673
0
0
0
0
0
0
0
0
-0.1045
0
-0.79296
-0.79296
-0.79296
-0.73907
-0.73907
0
-0.7688
0
0
0
0
0
0
0
0
0
0
0
0
0
4.6258
0
0
0
0
0
0
0
0
0
-0.78351
-0.78351
-0.78351
-0.72987
-0.72987
0
0
0
0
0
0
0
0
0
0
0
0
0
0
0
0
3.8103
0
0
0
0
0
0
0
0
0
0
-6.6734
0
0
0
0
0
0
0
0
0
0
0
0
0
0
0
0
0
0
0
6.6734
0
0
0
0
0
0
0
0
0
0
0
0
-5.6289
0
0
0
0
0
0
0
0
0
0
0
0
0
0
0
0
0
5.6289
0
0
0
0
0
0
0
0
0
0
0
0
0
0
0
0
0
0
0
-3.2935
0
0
0
0
0
0
0
0
0
0
3.2935
0
0
0
0
0
0
0
0
0
0
0
0
0
-6.4119
0
0
0
0
0
0
0
0
0
0
0
0
0
0
0
0
6.4119
0
0
0
0
0
0
0
0
0
0
0
0
-6.4119
0
0
0
0
0
0
0
0
0
0
0
0
0
0
0
0
0
6.4119
0
0
0
-6.6734
0
0
0
0
0
0
0
0
0
0
0
0
0
0
0
0
0
0
0
0
0
0
0
0
0
0
6.6734
0
0
0
0
0
0
0
0
0
0
0
0
0
0
0
0
0
0
0
0
0
-0.1045
0
0
0
0
0
0
0
0
0.1045
0
0
-6.6734
0
0
0
0
0
0
0
0
0
0
0
0
0
0
0
0
0
0
0
0
0
0
0
0
0
0
0
6.6734
