11.2988
-0.41483
-0.44234
-0.44234
-0.49558
-0.49927
-0.37453
-0.37453
-0.43096
-0.37453
-0.41936
-0.39779
-1.0009
0
-0.78532
-0.58751
0
0
0
-2.9153
0
0
-1.3437
0
0
0
0
0
0
0
-0.41483
8.2922
-0.4687
-0.4687
-0.51191
-0.50133
-0.37907
-0.37907
-0.43911
-0.37907
-0.42329
0
-1.1841
0
-0.81326
-0.64169
0
0
0
0
0
0
-1.2881
0
0
0
0
0
0
0
-0.44234
-0.4687
12.5223
-0.45101
-0.47834
-0.48067
-0.36979
-0.36979
-0.42257
-0.36979
-0.41348
0
0
0
0
0
-1.1456
-1.0299
0
0
0
0
0
0
0
0
0
-6.0802
0
0
-0.44234
-0.4687
-0.45101
12.5223
-0.47834
-0.48067
-0.36979
-0.36979
-0.42257
-0.36979
-0.41348
0
0
0
0
0
-1.1456
-1.0299
0
0
0
0
0
0
-6.0802
0
0
0
0
0
-0.49558
-0.51191
-0.47834
-0.47834
9.6017
-0.62938
-0.4329
-0.4329
-0.51811
-0.4329
-0.48937
0
0
0
0
0
0
0
0
0
0
0
0
0
0
0
-4.702
0
0
0
-0.49927
-0.50133
-0.48067
-0.48067
-0.62938
5.8204
-0.4194
-0.4194
-0.51336
-0.4194
-0.47402
0
0
0
0
0
0
0
0
0
-0.98352
0
0
0
0
0
0
0
0
0
-0.37453
-0.37907
-0.36979
-0.36979
-0.4329
-0.4194
3.5652
-0.2546
-0.36845
-0.2546
-0.34209
0
0
0
0
0
0
0
0
0
0
0
0
0
0
0
0
0
0
0
-0.37453
-0.37907
-0.36979
-0.36979
-0.4329
-0.4194
-0.2546
3.5652
-0.36845
-0.2546
-0.34209
0
0
0
0
0
0
0
0
0
0
0
0
0
0
0
0
0
0
0
-0.43096
-0.43911
-0.42257
-0.42257
-0.51811
-0.51336
-0.36845
-0.36845
4.1531
-0.36845
0
0
0
-0.3011
0
0
0
0
0
0
0
0
0
0
0
0
0
0
0
0
-0.37453
-0.37907
-0.36979
-0.36979
-0.4329
-0.4194
-0.2546
-0.2546
-0.36845
3.5652
-0.34209
0
0
0
0
0
0
0
0
0
0
0
0
0
0
0
0
0
0
0
-0.41936
-0.42329
-0.41348
-0.41348
-0.48937
-0.47402
-0.34209
-0.34209
0
-0.34209
3.6593
0
0
0
0
0
0
0
0
0
0
0
0
0
0
0
0
0
0
0
-0.39779
0
0
0
0
0
0
0
0
0
0
6.8681
0
0
-0.59175
0
-0.70928
0
-0.17044
-3.09
-1.0816
0
0
-0.82724
0
0
0
0
0
0
-1.0009
-1.1841
0
0
0
0
0
0
0
0
0
0
8.6163
-0.71943
0
-0.72028
0
0
0
0
0
-4.9916
0
0
0
0
0
0
0
0
0
0
0
0
0
0
0
0
-0.3011
0
0
0
-0.71943
14.9778
-0.45233
0
0
0
0
0
0
0
0
0
0
-6.7525
0
0
0
-6.7525
-0.78532
-0.81326
0
0
0
0
0
0
0
0
0
-0.59175
0
-0.45233
2.6427
0
0
0
0
0
0
0
0
0
0
0
0
0
0
0
-0.58751
-0.64169
0
0
0
0
0
0
0
0
0
0
-0.72028
0
0
2.9683
0
0
-1.0188
0
0
0
0
0
0
0
0
0
0
0
0
0
-1.1456
-1.1456
0
0
0
0
0
0
0
-0.70928
0
0
0
0
3.0005
0
0
0
0
0
0
0
0
0
0
0
0
0
0
0
-1.0299
-1.0299
0
0
0
0
0
0
0
0
0
0
0
0
0
3.6561
0
0
-1.5962
0
0
0
0
0
0
0
0
0
0
0
0
0
0
0
0
0
0
0
0
-0.17044
0
0
0
-1.0188
0
0
1.4471
0
0
0
0
0
0
0
0
0
-0.25784
0
-2.9153
0
0
0
0
0
0
0
0
0
0
-3.09
0
0
0
0
0
0
0
9.2628
0
-3.2575
0
0
0
0
0
0
0
0
0
0
0
0
0
-0.98352
0
0
0
0
0
-1.0816
0
0
0
0
0
-1.5962
0
0
3.6613
0
0
0
0
0
0
0
0
0
0
0
0
0
0
0
0
0
0
0
0
0
-4.9916
0
0
0
0
0
0
-3.2575
0
8.2491
0
0
0
0
0
0
0
0
-1.3437
-1.2881
0
0
0
0
0
0
0
0
0
0
0
0
0
0
0
0
0
0
0
0
2.6318
0
0
0
0
0
0
0
0
0
0
0
0
0
0
0
0
0
0
-0.82724
0
0
0
0
0
0
0
0
0
0
0
0.82724
0
0
0
0
0
0
0
0
0
-6.0802
0
0
0
0
0
0
0
0
0
0
0
0
0
0
0
0
0
0
0
0
6.0802
0
0
0
0
0
0
0
0
0
0
0
0
0
0
0
0
0
0
-6.7525
0
0
0
0
0
0
0
0
0
0
0
6.7525
0
0
0
0
0
0
0
0
-4.702
0
0
0
0
0
0
0
0
0
0
0
0
0
0
0
0
0
0
0
0
0
4.702
0
0
0
0
0
-6.0802
0
0
0
0
0
0
0
0
0
0
0
0
0
0
0
0
0
0
0
0
0
0
0
0
6.0802
0
0
0
0
0
0
0
0
0
0
0
0
0
0
0
0
0
0
0
0
-0.25784
0
0
0
0
0
0
0
0
0
0.25784
0
0
0
0
0
0
0
0
0
0
0
0
0
0
-6.7525
0
0
0
0
0
0
0
0
0
0
0
0
0
0
0
6.7525
