47.2423
-0.59694
-0.62636
-0.5869
-0.576
-0.56379
-0.56609
-0.5541
-0.55073
-0.55229
-0.53947
-0.60308
-0.59073
-0.59073
-0.54418
-0.59705
0
0
-1.2316
-1.1297
-1.1297
-1.0586
0
0
-11.3514
-11.3514
0
-11.3514
0
0
-0.59694
12.7513
-0.61655
-0.63454
-0.58364
-0.60835
-0.56504
-0.5629
-0.55017
-0.55221
-0.60244
-0.60406
-0.58481
-0.58481
-0.53785
-0.58642
0
0
-1.2121
-0.99156
-0.99156
-0.78536
0
0
0
0
0
0
0
0
-0.62636
-0.61655
11.361
-0.69657
-0.62123
-0.64136
-0.59567
-0.59334
-0.57975
-0.58194
-0.63243
-0.63643
-0.61693
-0.61693
-0.56733
-0.61927
0
0
0
-1.0594
-1.0594
0
0
0
0
0
0
0
0
0
-0.5869
-0.63454
-0.69657
16.4497
-0.62686
-0.63401
-0.60897
-0.59839
-0.59237
-0.59439
-0.61592
-0.64948
-0.63304
-0.63304
-0.58249
-0.6383
0
-0.64795
0
0
0
0
0
0
0
0
-6.4765
0
0
0
-0.576
-0.58364
-0.62123
-0.62686
9.3148
-0.60126
-0.55925
-0.55303
-0.54348
-0.5455
-0.58168
-0.59644
-0.57952
-0.57952
-0.53277
-0.58257
0
-0.6521
0
0
0
0
0
0
0
0
0
0
0
0
-0.56379
-0.60835
-0.64136
-0.63401
-0.60126
14.9046
-0.57143
-0.56295
-0.55514
-0.55711
-0.58084
-0.60885
-0.59308
-0.59308
-0.54542
-0.59707
0
0
0
0
0
0
0
-6.0908
0
0
0
0
0
0
-0.56609
-0.56504
-0.59567
-0.60897
-0.55925
-0.57143
8.3393
-0.54443
-0.51764
-0.51954
-0.55893
-0.56815
-0.55135
-0.55135
-0.50649
-0.55498
0
0
0
0
0
0
0
0
0
0
0
0
0
0
-0.5541
-0.5629
-0.59334
-0.59839
-0.55303
-0.56295
-0.54443
7.8807
-0.51072
-0.51252
-0.54399
-0.56021
-0.54473
-0.54473
-0.50019
0
-0.19445
0
0
0
0
0
0
0
0
0
0
0
0
0
-0.55073
-0.55017
-0.57975
-0.59237
-0.54348
-0.55514
-0.51764
-0.51072
7.5604
-0.5044
-0.54131
-0.5514
-0.53583
-0.53583
-0.49161
0
0
0
0
0
0
0
0
0
0
0
0
0
0
0
-0.55229
-0.55221
-0.58194
-0.59439
-0.5455
-0.55711
-0.51954
-0.51252
-0.5044
7.1002
-0.54171
-0.55399
-0.5423
-0.5423
0
0
0
0
0
0
0
0
0
0
0
0
0
0
0
0
-0.53947
-0.60244
-0.63243
-0.61592
-0.58168
-0.58084
-0.55893
-0.54399
-0.54131
-0.54171
9.7675
-0.55969
0
0
0
0
0
0
0
0
0
0
-3.469
0
0
0
0
0
0
0
-0.60308
-0.60406
-0.63643
-0.64948
-0.59644
-0.60885
-0.56815
-0.56021
-0.5514
-0.55399
-0.55969
6.4918
0
0
0
0
0
0
0
0
0
0
0
0
0
0
0
0
0
0
-0.59073
-0.58481
-0.61693
-0.63304
-0.57952
-0.59308
-0.55135
-0.54473
-0.53583
-0.5423
0
0
5.7723
0
0
0
0
0
0
0
0
0
0
0
0
0
0
0
0
0
-0.59073
-0.58481
-0.61693
-0.63304
-0.57952
-0.59308
-0.55135
-0.54473
-0.53583
-0.5423
0
0
0
5.7723
0
0
0
0
0
0
0
0
0
0
0
0
0
0
0
0
-0.54418
-0.53785
-0.56733
-0.58249
-0.53277
-0.54542
-0.50649
-0.50019
-0.49161
0
0
0
0
0
4.8083
0
0
0
0
0
0
0
0
0
0
0
0
0
0
0
-0.59705
-0.58642
-0.61927
-0.6383
-0.58257
-0.59707
-0.55498
0
0
0
0
0
0
0
0
4.1757
0
0
0
0
0
0
0
0
0
0
0
0
0
0
0
0
0
0
0
0
0
-0.19445
0
0
0
0
0
0
0
0
2.3442
0
-1.3437
0
0
0
0
0
0
0
0
0
0
-0.806
0
0
0
-0.64795
-0.6521
0
0
0
0
0
0
0
0
0
0
0
0
2.1871
0
0
0
0
0
0
0
0
0
0
-0.88704
0
-1.2316
-1.2121
0
0
0
0
0
0
0
0
0
0
0
0
0
0
-1.3437
0
3.7875
0
0
0
0
0
0
0
0
0
0
0
-1.1297
-0.99156
-1.0594
0
0
0
0
0
0
0
0
0
0
0
0
0
0
0
0
3.1807
0
0
0
0
0
0
0
0
0
0
-1.1297
-0.99156
-1.0594
0
0
0
0
0
0
0
0
0
0
0
0
0
0
0
0
0
3.1807
0
0
0
0
0
0
0
0
0
-1.0586
-0.78536
0
0
0
0
0
0
0
0
0
0
0
0
0
0
0
0
0
0
0
1.844
0
0
0
0
0
0
0
0
0
0
0
0
0
0
0
0
0
0
-3.469
0
0
0
0
0
0
0
0
0
0
0
3.469
0
0
0
0
0
0
0
0
0
0
0
0
-6.0908
0
0
0
0
0
0
0
0
0
0
0
0
0
0
0
0
0
6.0908
0
0
0
0
0
0
-11.3514
0
0
0
0
0
0
0
0
0
0
0
0
0
0
0
0
0
0
0
0
0
0
0
11.3514
0
0
0
0
0
-11.3514
0
0
0
0
0
0
0
0
0
0
0
0
0
0
0
0
0
0
0
0
0
0
0
0
11.3514
0
0
0
0
0
0
0
-6.4765
0
0
0
0
0
0
0
0
0
0
0
0
0
0
0
0
0
0
0
0
0
0
6.4765
0
0
0
-11.3514
0
0
0
0
0
0
0
0
0
0
0
0
0
0
0
0
0
0
0
0
0
0
0
0
0
0
11.3514
0
0
0
0
0
0
0
0
0
0
0
0
0
0
0
0
0
0
0
-0.88704
0
0
0
0
0
0
0
0
0
0
0.88704
0
0
0
0
0
0
0
0
0
0
0
0
0
0
0
0
0
-0.806
0
0
0
0
0
0
0
0
0
0
0
0
0.806
