34.2263
-0.83615
-0.83224
-0.83615
-0.83615
-0.82995
-0.83615
-0.8494
-0.6934
-0.71629
-0.71629
-0.79382
-0.79659
-0.79382
-0.76649
-0.71363
-0.76197
0
0
0
0
0
0
0
0
-10.8089
0
0
0
-10.8089
-0.83615
11.6887
-0.7181
-0.62671
-0.62671
-0.6953
-0.62671
-0.79156
-0.56875
-0.57945
-0.57945
-0.63572
-0.65404
-0.63572
-0.67025
-0.57196
-0.64071
-1.2315
0
0
0
0
0
0
0
0
0
0
0
0
-0.83224
-0.7181
18.5717
-0.7181
-0.7181
-0.70801
-0.7181
-0.79983
-0.57348
-0.59846
-0.59846
-0.65697
-0.66422
-0.65697
-0.66578
-0.59111
-0.64752
0
0
0
0
0
0
0
0
0
0
0
-7.7063
0
-0.83615
-0.62671
-0.7181
11.6887
-0.62671
-0.6953
-0.62671
-0.79156
-0.56875
-0.57945
-0.57945
-0.63572
-0.65404
-0.63572
-0.67025
-0.57196
-0.64071
-1.2315
0
0
0
0
0
0
0
0
0
0
0
0
-0.83615
-0.62671
-0.7181
-0.62671
11.6887
-0.6953
-0.62671
-0.79156
-0.56875
-0.57945
-0.57945
-0.63572
-0.65404
-0.63572
-0.67025
-0.57196
-0.64071
-1.2315
0
0
0
0
0
0
0
0
0
0
0
0
-0.82995
-0.6953
-0.70801
-0.6953
-0.6953
11.0019
-0.6953
-0.72431
-0.56516
-0.58147
-0.58147
-0.63792
-0.65159
-0.63792
-0.66149
-0.57395
-0.63493
0
0
-0.43253
0
0
0
0
0
0
0
0
0
0
-0.83615
-0.62671
-0.7181
-0.62671
-0.62671
-0.6953
11.6887
-0.79156
-0.56875
-0.57945
-0.57945
-0.63572
-0.65404
-0.63572
-0.67025
-0.57196
-0.64071
-1.2315
0
0
0
0
0
0
0
0
0
0
0
0
-0.8494
-0.79156
-0.79983
-0.79156
-0.79156
-0.72431
-0.79156
18.4801
-0.54112
-0.58478
-0.58478
-0.63892
-0.63573
-0.63892
-0.63853
-0.57485
0
0
0
-0.41915
0
0
0
0
0
0
-7.6836
0
0
0
-0.6934
-0.56875
-0.57348
-0.56875
-0.56875
-0.56516
-0.56875
-0.54112
10.3091
-0.49668
-0.49668
-0.54272
-0.57656
-0.54272
-0.5614
-0.48779
0
0
0
0
0
-1.9564
0
0
0
0
0
0
0
0
-0.71629
-0.57945
-0.59846
-0.57945
-0.57945
-0.58147
-0.57945
-0.58478
-0.49668
8.5804
-0.49294
-0.56053
-0.57684
-0.56053
-0.59015
-0.50396
0
0
0
0
0
0
0
0
0
0
0
0
0
0
-0.71629
-0.57945
-0.59846
-0.57945
-0.57945
-0.58147
-0.57945
-0.58478
-0.49668
-0.49294
8.5804
-0.56053
-0.57684
-0.56053
-0.59015
-0.50396
0
0
0
0
0
0
0
0
0
0
0
0
0
0
-0.79382
-0.63572
-0.65697
-0.63572
-0.63572
-0.63792
-0.63572
-0.63892
-0.54272
-0.56053
-0.56053
7.656
0
-0.72174
0
0
0
0
0
0
0
0
0
0
0
0
0
0
0
0
-0.79659
-0.65404
-0.66422
-0.65404
-0.65404
-0.65159
-0.65404
-0.63573
-0.57656
-0.57684
-0.57684
0
9.0607
0
0
0
0
0
0
0
-1.9662
0
0
0
0
0
0
0
0
0
-0.79382
-0.63572
-0.65697
-0.63572
-0.63572
-0.63792
-0.63572
-0.63892
-0.54272
-0.56053
-0.56053
-0.72174
0
7.656
0
0
0
0
0
0
0
0
0
0
0
0
0
0
0
0
-0.76649
-0.67025
-0.66578
-0.67025
-0.67025
-0.66149
-0.67025
-0.63853
-0.5614
-0.59015
-0.59015
0
0
0
11.905
0
0
0
0
0
0
0
0
0
0
0
0
-4.75
0
0
-0.71363
-0.57196
-0.59111
-0.57196
-0.57196
-0.57395
-0.57196
-0.57485
-0.48779
-0.50396
-0.50396
0
0
0
0
6.2371
0
0
0
0
0
0
0
0
0
0
0
0
0
0
-0.76197
-0.64071
-0.64752
-0.64071
-0.64071
-0.63493
-0.64071
0
0
0
0
0
0
0
0
0
4.9411
0
-0.33381
0
0
0
0
0
0
0
0
0
0
0
0
-1.2315
0
-1.2315
-1.2315
0
-1.2315
0
0
0
0
0
0
0
0
0
0
4.9259
0
0
0
0
0
0
0
0
0
0
0
0
0
0
0
0
0
0
0
0
0
0
0
0
0
0
0
0
-0.33381
0
7.3189
0
0
0
-3.5076
-3.4775
0
0
0
0
0
0
0
0
0
0
0
-0.43253
0
-0.41915
0
0
0
0
0
0
0
0
0
0
0
1.2782
0
0
0
0
-0.42654
0
0
0
0
0
0
0
0
0
0
0
0
0
0
0
0
0
-1.9662
0
0
0
0
0
0
0
2.8384
0
0
-0.87222
0
0
0
0
0
0
0
0
0
0
0
0
0
0
-1.9564
0
0
0
0
0
0
0
0
0
0
0
0
2.7962
-0.83986
0
0
0
0
0
0
0
0
0
0
0
0
0
0
0
0
0
0
0
0
0
0
0
0
0
-3.5076
0
0
-0.83986
4.3475
0
0
0
0
0
0
0
0
0
0
0
0
0
0
0
0
0
0
0
0
0
0
0
0
0
-3.4775
0
-0.87222
0
0
4.3497
0
0
0
0
0
0
0
0
0
0
0
0
0
0
0
0
0
0
0
0
0
0
0
0
0
-0.42654
0
0
0
0
0.42654
0
0
0
0
0
-10.8089
0
0
0
0
0
0
0
0
0
0
0
0
0
0
0
0
0
0
0
0
0
0
0
0
10.8089
0
0
0
0
0
0
0
0
0
0
0
-7.6836
0
0
0
0
0
0
0
0
0
0
0
0
0
0
0
0
0
0
7.6836
0
0
0
0
0
0
0
0
0
0
0
0
0
0
0
0
0
-4.75
0
0
0
0
0
0
0
0
0
0
0
0
4.75
0
0
0
0
-7.7063
0
0
0
0
0
0
0
0
0
0
0
0
0
0
0
0
0
0
0
0
0
0
0
0
0
7.7063
0
-10.8089
0
0
0
0
0
0
0
0
0
0
0
0
0
0
0
0
0
0
0
0
0
0
0
0
0
0
0
0
10.8089
