27.2665
-1.0217
-1.0217
-1.0217
-0.85422
-0.85422
-0.85422
-0.85422
-0.85422
-0.79826
-0.91901
-0.90673
-0.90673
-0.92736
-0.92736
-0.92736
-1.0202
-1.0303
-0.87547
-0.87547
-0.87547
-0.77718
0
0
0
0
0
-8.1633
0
0
-1.0217
27.2665
-1.0217
-1.0217
-0.85422
-0.85422
-0.85422
-0.85422
-0.85422
-0.79826
-0.91901
-0.90673
-0.90673
-0.92736
-0.92736
-0.92736
-1.0202
-1.0303
-0.87547
-0.87547
-0.87547
-0.77718
0
0
0
-8.1633
0
0
0
0
-1.0217
-1.0217
27.2665
-1.0217
-0.85422
-0.85422
-0.85422
-0.85422
-0.85422
-0.79826
-0.91901
-0.90673
-0.90673
-0.92736
-0.92736
-0.92736
-1.0202
-1.0303
-0.87547
-0.87547
-0.87547
-0.77718
0
0
0
0
0
0
-8.1633
0
-1.0217
-1.0217
-1.0217
27.2665
-0.85422
-0.85422
-0.85422
-0.85422
-0.85422
-0.79826
-0.91901
-0.90673
-0.90673
-0.92736
-0.92736
-0.92736
-1.0202
-1.0303
-0.87547
-0.87547
-0.87547
-0.77718
0
-8.1633
0
0
0
0
0
0
-0.85422
-0.85422
-0.85422
-0.85422
16.1094
-0.70969
-0.70969
-0.70969
-0.70969
-0.67076
-0.77588
-0.75736
-0.75736
-0.77376
-0.77376
-0.77376
-0.86881
-0.85894
-0.73069
-0.73069
-0.73069
-0.65128
0
0
0
0
0
0
0
0
-0.85422
-0.85422
-0.85422
-0.85422
-0.70969
16.1094
-0.70969
-0.70969
-0.70969
-0.67076
-0.77588
-0.75736
-0.75736
-0.77376
-0.77376
-0.77376
-0.86881
-0.85894
-0.73069
-0.73069
-0.73069
-0.65128
0
0
0
0
0
0
0
0
-0.85422
-0.85422
-0.85422
-0.85422
-0.70969
-0.70969
16.1094
-0.70969
-0.70969
-0.67076
-0.77588
-0.75736
-0.75736
-0.77376
-0.77376
-0.77376
-0.86881
-0.85894
-0.73069
-0.73069
-0.73069
-0.65128
0
0
0
0
0
0
0
0
-0.85422
-0.85422
-0.85422
-0.85422
-0.70969
-0.70969
-0.70969
16.1094
-0.70969
-0.67076
-0.77588
-0.75736
-0.75736
-0.77376
-0.77376
-0.77376
-0.86881
-0.85894
-0.73069
-0.73069
-0.73069
-0.65128
0
0
0
0
0
0
0
0
-0.85422
-0.85422
-0.85422
-0.85422
-0.70969
-0.70969
-0.70969
-0.70969
16.1094
-0.67076
-0.77588
-0.75736
-0.75736
-0.77376
-0.77376
-0.77376
-0.86881
-0.85894
-0.73069
-0.73069
-0.73069
-0.65128
0
0
0
0
0
0
0
0
-0.79826
-0.79826
-0.79826
-0.79826
-0.67076
-0.67076
-0.67076
-0.67076
-0.67076
14.4217
-0.7091
-0.70087
-0.70087
-0.71581
-0.71581
-0.71581
-0.79819
-0.7892
-0.6764
-0.6764
-0.6764
0
0
0
0
0
0
0
0
0
-0.91901
-0.91901
-0.91901
-0.91901
-0.77588
-0.77588
-0.77588
-0.77588
-0.77588
-0.7091
18.4747
-0.81993
-0.81993
-0.83804
-0.83804
-0.83804
0
0
0
0
0
0
-0.26749
0
0
0
0
0
0
-5.7887
-0.90673
-0.90673
-0.90673
-0.90673
-0.75736
-0.75736
-0.75736
-0.75736
-0.75736
-0.70087
-0.81993
12.1508
-0.7911
-0.80841
-0.80841
-0.80841
0
0
0
0
0
0
0
0
0
0
0
0
0
0
-0.90673
-0.90673
-0.90673
-0.90673
-0.75736
-0.75736
-0.75736
-0.75736
-0.75736
-0.70087
-0.81993
-0.7911
12.1508
-0.80841
-0.80841
-0.80841
0
0
0
0
0
0
0
0
0
0
0
0
0
0
-0.92736
-0.92736
-0.92736
-0.92736
-0.77376
-0.77376
-0.77376
-0.77376
-0.77376
-0.71581
-0.83804
-0.80841
-0.80841
10.7489
0
0
0
0
0
0
0
0
0
0
0
0
0
0
0
0
-0.92736
-0.92736
-0.92736
-0.92736
-0.77376
-0.77376
-0.77376
-0.77376
-0.77376
-0.71581
-0.83804
-0.80841
-0.80841
0
10.7489
0
0
0
0
0
0
0
0
0
0
0
0
0
0
0
-0.92736
-0.92736
-0.92736
-0.92736
-0.77376
-0.77376
-0.77376
-0.77376
-0.77376
-0.71581
-0.83804
-0.80841
-0.80841
0
0
10.7489
0
0
0
0
0
0
0
0
0
0
0
0
0
0
-1.0202
-1.0202
-1.0202
-1.0202
-0.86881
-0.86881
-0.86881
-0.86881
-0.86881
-0.79819
0
0
0
0
0
0
10.7396
0
0
0
0
0
0
0
-1.5167
0
0
0
0
0
-1.0303
-1.0303
-1.0303
-1.0303
-0.85894
-0.85894
-0.85894
-0.85894
-0.85894
-0.7892
0
0
0
0
0
0
0
9.5561
0
0
0
0
-0.351
0
0
0
0
0
0
0
-0.87547
-0.87547
-0.87547
-0.87547
-0.73069
-0.73069
-0.73069
-0.73069
-0.73069
-0.6764
0
0
0
0
0
0
0
0
7.8318
0
0
0
0
0
0
0
0
0
0
0
-0.87547
-0.87547
-0.87547
-0.87547
-0.73069
-0.73069
-0.73069
-0.73069
-0.73069
-0.6764
0
0
0
0
0
0
0
0
0
7.8318
0
0
0
0
0
0
0
0
0
0
-0.87547
-0.87547
-0.87547
-0.87547
-0.73069
-0.73069
-0.73069
-0.73069
-0.73069
-0.6764
0
0
0
0
0
0
0
0
0
0
7.8318
0
0
0
0
0
0
0
0
0
-0.77718
-0.77718
-0.77718
-0.77718
-0.65128
-0.65128
-0.65128
-0.65128
-0.65128
0
0
0
0
0
0
0
0
0
0
0
0
6.3651
0
0
0
0
0
0
0
0
0
0
0
0
0
0
0
0
0
0
-0.26749
0
0
0
0
0
0
-0.351
0
0
0
0
0.72299
0
0
0
-0.1045
0
0
0
0
0
0
-8.1633
0
0
0
0
0
0
0
0
0
0
0
0
0
0
0
0
0
0
0
8.1633
0
0
0
0
0
0
0
0
0
0
0
0
0
0
0
0
0
0
0
0
0
0
-1.5167
0
0
0
0
0
0
0
1.5167
0
0
0
0
0
0
-8.1633
0
0
0
0
0
0
0
0
0
0
0
0
0
0
0
0
0
0
0
0
0
0
0
8.1633
0
0
0
0
0
0
0
0
0
0
0
0
0
0
0
0
0
0
0
0
0
0
0
0
0
0
-0.1045
0
0
0
0.1045
0
0
0
-8.1633
0
0
0
0
0
0
0
0
0
0
0
0
0
0
0
0
0
0
0
0
0
0
0
0
0
0
8.1633
0
0
0
0
-8.1633
0
0
0
0
0
0
0
0
0
0
0
0
0
0
0
0
0
0
0
0
0
0
0
0
0
8.1633
0
0
0
0
0
0
0
0
0
0
0
-5.7887
0
0
0
0
0
0
0
0
0
0
0
0
0
0
0
0
0
0
5.7887
