31.2158
-1.0656
-1.0656
-1.0656
-0.93405
-0.93405
-0.93405
-0.93405
-0.93405
-1.0533
-1.0045
-0.99599
-1.0045
-0.93592
-0.94852
-0.94656
-0.96087
-0.99755
-0.97529
-1.0109
-1.0897
-1.0352
-0.909
-0.909
-1.124
0
0
-7.4479
0
0
-1.0656
23.5178
-1.05
-1.05
-0.92104
-0.92104
-0.92104
-0.92104
-0.92104
-1.0398
-0.99143
-1.0015
-0.99143
-0.96474
-0.93644
-0.9347
-0.94892
-0.98221
-0.96013
-0.99294
-1.0706
-1.0582
-0.89156
-0.89156
-1.0909
0
0
0
0
0
-1.0656
-1.05
23.5178
-1.05
-0.92104
-0.92104
-0.92104
-0.92104
-0.92104
-1.0398
-0.99143
-1.0015
-0.99143
-0.96474
-0.93644
-0.9347
-0.94892
-0.98221
-0.96013
-0.99294
-1.0706
-1.0582
-0.89156
-0.89156
-1.0909
0
0
0
0
0
-1.0656
-1.05
-1.05
23.5178
-0.92104
-0.92104
-0.92104
-0.92104
-0.92104
-1.0398
-0.99143
-1.0015
-0.99143
-0.96474
-0.93644
-0.9347
-0.94892
-0.98221
-0.96013
-0.99294
-1.0706
-1.0582
-0.89156
-0.89156
-1.0909
0
0
0
0
0
-0.93405
-0.92104
-0.92104
-0.92104
19.5958
-0.79496
-0.79496
-0.79496
-0.79496
-0.90277
-0.86091
-0.86598
-0.86091
-0.83346
-0.81392
-0.81239
-0.82433
-0.85237
-0.83371
-0.86148
-0.92945
-0.91584
-0.77564
-0.77564
0
0
0
0
0
0
-0.93405
-0.92104
-0.92104
-0.92104
-0.79496
19.5958
-0.79496
-0.79496
-0.79496
-0.90277
-0.86091
-0.86598
-0.86091
-0.83346
-0.81392
-0.81239
-0.82433
-0.85237
-0.83371
-0.86148
-0.92945
-0.91584
-0.77564
-0.77564
0
0
0
0
0
0
-0.93405
-0.92104
-0.92104
-0.92104
-0.79496
-0.79496
19.5958
-0.79496
-0.79496
-0.90277
-0.86091
-0.86598
-0.86091
-0.83346
-0.81392
-0.81239
-0.82433
-0.85237
-0.83371
-0.86148
-0.92945
-0.91584
-0.77564
-0.77564
0
0
0
0
0
0
-0.93405
-0.92104
-0.92104
-0.92104
-0.79496
-0.79496
-0.79496
19.5958
-0.79496
-0.90277
-0.86091
-0.86598
-0.86091
-0.83346
-0.81392
-0.81239
-0.82433
-0.85237
-0.83371
-0.86148
-0.92945
-0.91584
-0.77564
-0.77564
0
0
0
0
0
0
-0.93405
-0.92104
-0.92104
-0.92104
-0.79496
-0.79496
-0.79496
-0.79496
19.5958
-0.90277
-0.86091
-0.86598
-0.86091
-0.83346
-0.81392
-0.81239
-0.82433
-0.85237
-0.83371
-0.86148
-0.92945
-0.91584
-0.77564
-0.77564
0
0
0
0
0
0
-1.0533
-1.0398
-1.0398
-1.0398
-0.90277
-0.90277
-0.90277
-0.90277
-0.90277
19.3677
-0.9809
-0.99652
-0.9809
-0.96837
-0.92358
-0.92339
-0.93704
-0.97283
-0.95033
-0.98289
-1.0643
0
0
0
0
0
0
0
0
0
-1.0045
-0.99143
-0.99143
-0.99143
-0.86091
-0.86091
-0.86091
-0.86091
-0.86091
-0.9809
17.4048
-0.94996
-0.89944
-0.91838
-0.8688
-0.87182
-0.88467
-0.91994
-0.89835
-0.92917
0
0
0
0
0
0
0
0
0
0
-0.99599
-1.0015
-1.0015
-1.0015
-0.86598
-0.86598
-0.86598
-0.86598
-0.86598
-0.99652
-0.94996
22.0408
-0.94996
-0.86611
-0.87073
-0.87363
-0.88531
-0.92382
-0.90236
0
0
0
0
0
0
-5.492
0
0
0
0
-1.0045
-0.99143
-0.99143
-0.99143
-0.86091
-0.86091
-0.86091
-0.86091
-0.86091
-0.9809
-0.89944
-0.94996
17.4048
-0.91838
-0.8688
-0.87182
-0.88467
-0.91994
-0.89835
-0.92917
0
0
0
0
0
0
0
0
0
0
-0.93592
-0.96474
-0.96474
-0.96474
-0.83346
-0.83346
-0.83346
-0.83346
-0.83346
-0.96837
-0.91838
-0.86611
-0.91838
25.7017
-0.83774
-0.83825
-0.82148
0
0
0
0
0
0
0
0
0
-5.7678
0
0
-5.7678
-0.94852
-0.93644
-0.93644
-0.93644
-0.81392
-0.81392
-0.81392
-0.81392
-0.81392
-0.92358
-0.8688
-0.87073
-0.8688
-0.83774
15.5311
-0.81768
-0.82501
-0.85517
-0.83619
0
0
0
0
0
0
0
0
0
0
0
-0.94656
-0.9347
-0.9347
-0.9347
-0.81239
-0.81239
-0.81239
-0.81239
-0.81239
-0.92339
-0.87182
-0.87363
-0.87182
-0.83825
-0.81768
14.6626
-0.80601
-0.84738
0
0
0
0
0
0
0
0
0
0
0
0
-0.96087
-0.94892
-0.94892
-0.94892
-0.82433
-0.82433
-0.82433
-0.82433
-0.82433
-0.93704
-0.88467
-0.88531
-0.88467
-0.82148
-0.82501
-0.80601
13.9735
0
0
0
0
0
0
0
0
0
0
0
0
0
-0.99755
-0.98221
-0.98221
-0.98221
-0.85237
-0.85237
-0.85237
-0.85237
-0.85237
-0.97283
-0.91994
-0.92382
-0.91994
0
-0.85517
-0.84738
0
13.6451
0
0
0
0
0
0
0
0
0
0
0
0
-0.97529
-0.96013
-0.96013
-0.96013
-0.83371
-0.83371
-0.83371
-0.83371
-0.83371
-0.95033
-0.89835
-0.90236
-0.89835
0
-0.83619
0
0
0
12.5098
0
0
0
0
0
0
0
0
0
0
0
-1.0109
-0.99294
-0.99294
-0.99294
-0.86148
-0.86148
-0.86148
-0.86148
-0.86148
-0.98289
-0.92917
0
-0.92917
0
0
0
0
0
0
11.1383
0
0
0
0
0
0
0
0
0
0
-1.0897
-1.0706
-1.0706
-1.0706
-0.92945
-0.92945
-0.92945
-0.92945
-0.92945
-1.0643
0
0
0
0
0
0
0
0
0
0
10.0129
0
0
0
0
0
0
0
0
0
-1.0352
-1.0582
-1.0582
-1.0582
-0.91584
-0.91584
-0.91584
-0.91584
-0.91584
0
0
0
0
0
0
0
0
0
0
0
0
8.9258
0
0
0
0
0
0
-0.13688
0
-0.909
-0.89156
-0.89156
-0.89156
-0.77564
-0.77564
-0.77564
-0.77564
-0.77564
0
0
0
0
0
0
0
0
0
0
0
0
0
7.4619
0
0
0
0
0
0
0
-0.909
-0.89156
-0.89156
-0.89156
-0.77564
-0.77564
-0.77564
-0.77564
-0.77564
0
0
0
0
0
0
0
0
0
0
0
0
0
0
7.4619
0
0
0
0
0
0
-1.124
-1.0909
-1.0909
-1.0909
0
0
0
0
0
0
0
0
0
0
0
0
0
0
0
0
0
0
0
0
4.3967
0
0
0
0
0
0
0
0
0
0
0
0
0
0
0
0
-5.492
0
0
0
0
0
0
0
0
0
0
0
0
0
5.492
0
0
0
0
0
0
0
0
0
0
0
0
0
0
0
0
0
-5.7678
0
0
0
0
0
0
0
0
0
0
0
0
5.7678
0
0
0
-7.4479
0
0
0
0
0
0
0
0
0
0
0
0
0
0
0
0
0
0
0
0
0
0
0
0
0
0
7.4479
0
0
0
0
0
0
0
0
0
0
0
0
0
0
0
0
0
0
0
0
0
0
0
-0.13688
0
0
0
0
0
0
0.13688
0
0
0
0
0
0
0
0
0
0
0
0
0
0
-5.7678
0
0
0
0
0
0
0
0
0
0
0
0
0
0
0
5.7678
