22.6145
-1.0803
-1.0742
-1.0804
-1.0742
-0.94127
-0.95664
-0.94127
-0.94127
-0.96691
-0.95219
-0.9286
-0.9286
-0.9286
-0.9286
-0.87654
-0.92187
-1.0434
-0.94453
0
0
0
-2.2281
0
0
0
-2.8769
0
0
0
-1.0803
18.4787
-1.0629
-1.0602
-1.0629
-0.90618
-0.92524
-0.90618
-0.90618
-0.92767
-0.90796
-0.89685
-0.89685
-0.89685
-0.89685
-0.84695
-0.88683
-1.0114
-0.91566
0
0
0
0
0
0
0
0
0
-1.4847
0
-1.0742
-1.0629
19.227
-1.0645
-1.0256
-0.90985
-0.93051
-0.90985
-0.90985
-0.93696
-0.92475
-0.90078
-0.90078
-0.90078
-0.90078
-0.85055
-0.89532
-1.0134
-0.91716
0
0
0
-2.1985
0
0
0
0
0
0
0
-1.0804
-1.0602
-1.0645
18.5855
-1.0645
-0.90691
-0.90784
-0.90691
-0.90691
-0.93037
-0.91989
-0.89746
-0.89746
-0.89746
-0.89746
-0.8477
-0.88874
-1.0107
-0.91419
0
0
-1.5859
0
0
0
0
0
0
0
0
-1.0742
-1.0629
-1.0256
-1.0645
19.227
-0.90985
-0.93051
-0.90985
-0.90985
-0.93696
-0.92475
-0.90078
-0.90078
-0.90078
-0.90078
-0.85055
-0.89532
-1.0134
-0.91716
0
0
0
-2.1985
0
0
0
0
0
0
0
-0.94127
-0.90618
-0.90985
-0.90691
-0.90985
14.7818
-0.80197
-0.76785
-0.76785
-0.80048
-0.78952
-0.77901
-0.77901
-0.77901
-0.77901
-0.73434
-0.76863
-0.87113
-0.79
0
0
0
0
0
0
0
0
0
0
0
-0.95664
-0.92524
-0.93051
-0.90784
-0.93051
-0.80197
15.5763
-0.80197
-0.80197
-0.79517
-0.77958
-0.78308
-0.78308
-0.78308
-0.78308
-0.73603
-0.76399
-0.87453
0
0
0
-1.438
0
0
0
0
0
0
0
0
-0.94127
-0.90618
-0.90985
-0.90691
-0.90985
-0.76785
-0.80197
14.7818
-0.76785
-0.80048
-0.78952
-0.77901
-0.77901
-0.77901
-0.77901
-0.73434
-0.76863
-0.87113
-0.79
0
0
0
0
0
0
0
0
0
0
0
-0.94127
-0.90618
-0.90985
-0.90691
-0.90985
-0.76785
-0.80197
-0.76785
14.7818
-0.80048
-0.78952
-0.77901
-0.77901
-0.77901
-0.77901
-0.73434
-0.76863
-0.87113
-0.79
0
0
0
0
0
0
0
0
0
0
0
-0.96691
-0.92767
-0.93696
-0.93037
-0.93696
-0.80048
-0.79517
-0.80048
-0.80048
16.5311
-0.7521
-0.81096
-0.81096
-0.81096
-0.81096
-0.74425
-0.76371
0
0
0
0
0
0
0
0
-3.1317
0
0
0
0
-0.95219
-0.90796
-0.92475
-0.91989
-0.92475
-0.78952
-0.77958
-0.78952
-0.78952
-0.7521
15.7414
-0.79136
-0.79136
-0.79136
-0.79136
-0.67807
0
0
0
0
0
0
0
0
-2.623
0
0
0
0
-0.74505
-0.9286
-0.89685
-0.90078
-0.89746
-0.90078
-0.77901
-0.78308
-0.77901
-0.77901
-0.81096
-0.79136
12.9112
-0.74751
-0.74751
-0.74751
-0.6901
-0.7317
0
0
0
0
0
0
0
0
0
0
0
0
0
-0.9286
-0.89685
-0.90078
-0.89746
-0.90078
-0.77901
-0.78308
-0.77901
-0.77901
-0.81096
-0.79136
-0.74751
12.9112
-0.74751
-0.74751
-0.6901
-0.7317
0
0
0
0
0
0
0
0
0
0
0
0
0
-0.9286
-0.89685
-0.90078
-0.89746
-0.90078
-0.77901
-0.78308
-0.77901
-0.77901
-0.81096
-0.79136
-0.74751
-0.74751
12.9112
-0.74751
-0.6901
-0.7317
0
0
0
0
0
0
0
0
0
0
0
0
0
-0.9286
-0.89685
-0.90078
-0.89746
-0.90078
-0.77901
-0.78308
-0.77901
-0.77901
-0.81096
-0.79136
-0.74751
-0.74751
-0.74751
12.9112
-0.6901
-0.7317
0
0
0
0
0
0
0
0
0
0
0
0
0
-0.87654
-0.84695
-0.85055
-0.8477
-0.85055
-0.73434
-0.73603
-0.73434
-0.73434
-0.74425
-0.67807
-0.6901
-0.6901
-0.6901
-0.6901
11.3941
0
0
0
0
0
0
0
0
0
0
0
0
0
0
-0.92187
-0.88683
-0.89532
-0.88874
-0.89532
-0.76863
-0.76399
-0.76863
-0.76863
-0.76371
0
-0.7317
-0.7317
-0.7317
-0.7317
0
14.2845
0
0
0
0
0
0
-3.036
0
0
0
0
0
0
-1.0434
-1.0114
-1.0134
-1.0107
-1.0134
-0.87113
-0.87453
-0.87113
-0.87113
0
0
0
0
0
0
0
0
8.5802
0
0
0
0
0
0
0
0
0
0
0
0
-0.94453
-0.91566
-0.91716
-0.91419
-0.91716
-0.79
0
-0.79
-0.79
0
0
0
0
0
0
0
0
0
6.9787
0
0
0
0
0
0
0
0
0
0
0
0
0
0
0
0
0
0
0
0
0
0
0
0
0
0
0
0
0
0
9.3069
-1.72
0
0
0
-2.5728
0
-2.5934
-2.4207
0
0
0
0
0
0
0
0
0
0
0
0
0
0
0
0
0
0
0
0
0
-1.72
8.0351
-1.5208
0
-2.4019
0
-2.3924
0
0
0
0
0
0
0
-1.5859
0
0
-1.438
0
0
0
0
0
0
0
0
0
0
0
0
0
-1.5208
4.5448
0
0
0
0
0
0
0
0
-2.2281
0
-2.1985
0
-2.1985
0
0
0
0
0
0
0
0
0
0
0
0
0
0
0
0
0
6.6251
0
0
0
0
0
0
0
0
0
0
0
0
0
0
0
0
0
0
0
0
0
0
0
-3.036
0
0
0
-2.4019
0
0
5.4379
0
0
0
0
0
0
0
0
0
0
0
0
0
0
0
0
-2.623
0
0
0
0
0
0
0
0
-2.5728
0
0
0
0
5.1958
0
0
0
0
0
0
0
0
0
0
0
0
0
0
-3.1317
0
0
0
0
0
0
0
0
0
0
-2.3924
0
0
0
0
5.5241
0
0
0
0
-2.8769
0
0
0
0
0
0
0
0
0
0
0
0
0
0
0
0
0
0
-2.5934
0
0
0
0
0
0
5.4703
0
0
0
0
0
0
0
0
0
0
0
0
0
0
0
0
0
0
0
0
0
0
-2.4207
0
0
0
0
0
0
0
2.4207
0
0
0
-1.4847
0
0
0
0
0
0
0
0
0
0
0
0
0
0
0
0
0
0
0
0
0
0
0
0
0
0
1.4847
0
0
0
0
0
0
0
0
0
0
0
-0.74505
0
0
0
0
0
0
0
0
0
0
0
0
0
0
0
0
0
0
0.74505
