13.8579
-0.11542
-0.11249
-0.11085
-0.11039
-0.10249
-0.11727
-0.1272
-0.17724
-0.16683
-0.46425
-0.46358
-0.46282
-0.46379
-0.46246
0
0
-1.4671
-1.7726
0
0
0
0
-2.903
0
0
0
0
0
-4.2581
-0.11542
12.9728
-0.10262
-0.10527
-0.21459
-0.1078
-0.14291
-0.58918
-0.27284
-0.17224
-0.72397
-0.7239
-0.72267
-0.7249
-0.72206
-0.65738
0
0
0
-1.4863
0
-2.4069
0
0
-2.982
0
0
0
0
0
-0.11249
-0.10262
11.0722
-0.10697
-0.11033
-0.12931
-0.17323
-0.27592
-0.20407
-0.39381
-0.69691
-0.71214
-0.72409
-0.71176
-0.72562
-0.80776
0
-1.2946
0
-1.8591
0
-1.9315
0
0
0
0
0
0
0
0
-0.11085
-0.10527
-0.10697
10.6358
-0.69519
-0.29308
-0.24723
-0.15832
-0.40341
-0.53635
-0.67303
-0.66138
-0.6562
-0.6629
-0.65619
-0.94427
0
0
-1.9066
0
0
-1.8185
0
0
0
0
0
0
0
0
-0.11039
-0.21459
-0.11033
-0.69519
13.2208
-0.33935
-0.10144
-0.93246
-0.55528
-0.61227
-0.69771
-0.69207
-0.69161
-0.69268
-0.69024
0
0
-2.3298
0
0
0
0
0
0
0
0
0
-3.7554
0
0
-0.10249
-0.1078
-0.12931
-0.29308
-0.33935
12.4098
-0.11801
-0.73868
-0.70326
-0.10243
-0.79191
-0.79186
-0.79399
-0.79192
-0.79491
0
0
0
0
0
0
0
0
-2.6277
0
0
-3.1831
0
0
0
-0.11727
-0.14291
-0.17323
-0.24723
-0.10144
-0.11801
11.7226
-0.67809
-0.85721
-0.57684
-0.77326
-0.77789
-0.77963
-0.77779
-0.78007
-1.5477
0
0
0
0
0
0
0
0
0
0
0
-3.274
0
0
-0.1272
-0.58918
-0.27592
-0.15832
-0.93246
-0.73868
-0.67809
10.1703
-0.33764
-0.69361
-0.68006
-0.70399
-0.7217
-0.70284
-0.72373
0
0
0
-2.1068
0
0
0
0
0
0
0
0
0
0
0
-0.17724
-0.27284
-0.20407
-0.40341
-0.55528
-0.70326
-0.85721
-0.33764
11.7504
-0.82217
-0.75517
-0.76163
-0.7663
-0.76123
-0.767
0
0
0
0
0
0
0
0
0
0
-3.606
0
0
0
0
-0.16683
-0.17224
-0.39381
-0.53635
-0.61227
-0.10243
-0.57684
-0.69361
-0.82217
10.4505
-0.65412
-0.65692
-0.65805
-0.65753
-0.65811
0
0
0
0
0
0
0
0
0
0
0
-3.0892
0
0
0
-0.46425
-0.72397
-0.69691
-0.67303
-0.69771
-0.79191
-0.77326
-0.68006
-0.75517
-0.65412
7.6861
-0.1716
-0.21555
-0.18379
-0.20475
0
0
0
0
0
0
0
0
0
0
0
0
0
0
0
-0.46358
-0.7239
-0.71214
-0.66138
-0.69207
-0.79186
-0.77789
-0.70399
-0.76163
-0.65692
-0.1716
8.1235
-0.32652
-0.21952
-0.46052
0
0
0
0
0
0
0
0
0
0
0
0
0
0
0
-0.46282
-0.72267
-0.72409
-0.6562
-0.69161
-0.79399
-0.77963
-0.7217
-0.7663
-0.65805
-0.21555
-0.32652
8.6412
-0.4643
-0.65778
0
0
0
0
0
0
0
0
0
0
0
0
0
0
0
-0.46379
-0.7249
-0.71176
-0.6629
-0.69268
-0.79192
-0.77779
-0.70284
-0.76123
-0.65753
-0.18379
-0.21952
-0.4643
8.2848
-0.4698
0
0
0
0
0
0
0
0
0
0
0
0
0
0
0
-0.46246
-0.72206
-0.72562
-0.65619
-0.69024
-0.79491
-0.78007
-0.72373
-0.767
-0.65811
-0.20475
-0.46052
-0.65778
-0.4698
8.7732
0
0
0
0
0
0
0
0
0
0
0
0
0
0
0
0
-0.65738
-0.80776
-0.94427
0
0
-1.5477
0
0
0
0
0
0
0
0
10.9593
-2.4812
0
0
0
0
-1.972
0
-2.549
0
0
0
0
0
0
0
0
0
0
0
0
0
0
0
0
0
0
0
0
0
-2.4812
12.1932
0
-1.0409
-1.5446
0
0
-3.2967
0
-2.0236
-1.8061
0
0
0
0
-1.4671
0
-1.2946
0
-2.3298
0
0
0
0
0
0
0
0
0
0
0
0
9.7223
0
-1.9274
-2.7035
0
0
0
0
0
0
0
0
0
-1.7726
0
0
-1.9066
0
0
0
-2.1068
0
0
0
0
0
0
0
0
-1.0409
0
9.4268
0
-2.5998
0
0
0
0
0
0
0
0
0
0
-1.4863
-1.8591
0
0
0
0
0
0
0
0
0
0
0
0
0
-1.5446
-1.9274
0
9.2688
0
0
0
0
-2.4515
0
0
0
0
0
0
0
0
0
0
0
0
0
0
0
0
0
0
0
0
0
0
-2.7035
-2.5998
0
10.9464
0
-3.3238
0
0
-2.3193
0
0
0
0
0
-2.4069
-1.9315
-1.8185
0
0
0
0
0
0
0
0
0
0
0
-1.972
0
0
0
0
0
8.1289
0
0
0
0
0
0
0
0
0
0
0
0
0
0
0
0
0
0
0
0
0
0
0
0
-3.2967
0
0
0
-3.3238
0
11.6873
0
0
0
0
0
-5.0668
0
-2.903
0
0
0
0
-2.6277
0
0
0
0
0
0
0
0
0
-2.549
0
0
0
0
0
0
0
8.0798
0
0
0
0
0
0
0
-2.982
0
0
0
0
0
0
0
0
0
0
0
0
0
0
-2.0236
0
0
-2.4515
0
0
0
0
7.457
0
0
0
0
0
0
0
0
0
0
0
0
0
-3.606
0
0
0
0
0
0
0
-1.8061
0
0
0
-2.3193
0
0
0
0
7.7314
0
0
0
0
0
0
0
0
0
-3.1831
0
0
0
-3.0892
0
0
0
0
0
0
0
0
0
0
0
0
0
0
0
0
6.2724
0
0
0
0
0
0
0
-3.7554
0
-3.274
0
0
0
0
0
0
0
0
0
0
0
0
0
0
0
0
0
0
0
0
7.0294
0
0
0
0
0
0
0
0
0
0
0
0
0
0
0
0
0
0
0
0
0
0
0
0
-5.0668
0
0
0
0
0
5.0668
0
-4.2581
0
0
0
0
0
0
0
0
0
0
0
0
0
0
0
0
0
0
0
0
0
0
0
0
0
0
0
0
4.2581
