27.8645
-0.58623
-0.54583
-0.55988
-0.57164
-0.55988
-0.57229
-0.57164
-0.50148
-0.49243
-0.50386
-0.49243
-0.49243
-0.46373
-0.46373
-0.50772
-0.21604
0
0
0
0
0
-9.8816
-9.8816
0
0
0
0
0
0
-0.58623
15.4835
-0.61679
-0.59691
-0.60306
-0.59691
-0.61567
-0.60306
-0.52803
-0.51758
-0.54505
-0.51758
-0.51758
-0.48399
-0.48399
-0.55549
0
0
-0.67816
0
0
0
0
0
0
0
0
0
0
-6.4374
-0.54583
-0.61679
27.7122
-0.5854
-0.59733
-0.5854
-0.5906
-0.59733
-0.51785
-0.50837
-0.52261
-0.50837
-0.50837
-0.47697
-0.47697
-0.52684
0
0
0
0
0
-9.7736
0
0
0
0
-9.7736
0
0
0
-0.55988
-0.59691
-0.5854
8.0954
-0.56398
-0.54882
-0.59532
-0.56398
-0.49837
-0.48081
-0.50728
-0.48081
-0.48081
-0.45227
-0.45227
-0.52052
0
-0.20798
0
0
0
0
0
0
0
0
0
0
0
0
-0.57164
-0.60306
-0.59733
-0.56398
8.5518
-0.56398
-0.60265
-0.54882
-0.50073
-0.48274
-0.51367
-0.48274
-0.48274
-0.45354
-0.45354
-0.52836
0
0
-0.60231
0
0
0
0
0
0
0
0
0
0
0
-0.55988
-0.59691
-0.5854
-0.54882
-0.56398
8.0954
-0.59532
-0.56398
-0.49837
-0.48081
-0.50728
-0.48081
-0.48081
-0.45227
-0.45227
-0.52052
0
-0.20798
0
0
0
0
0
0
0
0
0
0
0
0
-0.57229
-0.61567
-0.5906
-0.59532
-0.60265
-0.59532
13.6181
-0.60265
-0.49461
-0.50468
-0.51237
-0.50468
-0.50468
-0.45354
-0.45354
0
-0.23449
0
0
-5.781
0
0
0
0
0
0
0
0
0
0
-0.57164
-0.60306
-0.59733
-0.56398
-0.54882
-0.56398
-0.60265
8.5518
-0.50073
-0.48274
-0.51367
-0.48274
-0.48274
-0.45354
-0.45354
-0.52836
0
0
-0.60231
0
0
0
0
0
0
0
0
0
0
0
-0.50148
-0.52803
-0.51785
-0.49837
-0.50073
-0.49837
-0.49461
-0.50073
6.7517
-0.4329
-0.43041
-0.4329
-0.4329
-0.38433
-0.38433
0
-0.21378
0
0
0
0
0
0
0
0
0
0
0
0
0
-0.49243
-0.51758
-0.50837
-0.48081
-0.48274
-0.48081
-0.50468
-0.48274
-0.4329
6.8691
-0.4416
-0.40661
-0.40661
-0.39062
-0.39062
-0.44995
0
0
0
0
0
0
0
0
0
0
0
0
0
0
-0.50386
-0.54505
-0.52261
-0.50728
-0.51367
-0.50728
-0.51237
-0.51367
-0.43041
-0.4416
11.5511
-0.4416
-0.4416
-0.39188
-0.39188
0
0
0
0
0
-4.8864
0
0
0
0
0
0
0
0
0
-0.49243
-0.51758
-0.50837
-0.48081
-0.48274
-0.48081
-0.50468
-0.48274
-0.4329
-0.40661
-0.4416
6.8691
-0.40661
-0.39062
-0.39062
-0.44995
0
0
0
0
0
0
0
0
0
0
0
0
0
0
-0.49243
-0.51758
-0.50837
-0.48081
-0.48274
-0.48081
-0.50468
-0.48274
-0.4329
-0.40661
-0.4416
-0.40661
6.8691
-0.39062
-0.39062
-0.44995
0
0
0
0
0
0
0
0
0
0
0
0
0
0
-0.46373
-0.48399
-0.47697
-0.45227
-0.45354
-0.45227
-0.45354
-0.45354
-0.38433
-0.39062
-0.39188
-0.39062
-0.39062
5.9947
-0.35677
0
0
0
0
0
0
0
0
0
0
0
0
0
0
0
-0.46373
-0.48399
-0.47697
-0.45227
-0.45354
-0.45227
-0.45354
-0.45354
-0.38433
-0.39062
-0.39188
-0.39062
-0.39062
-0.35677
5.9947
0
0
0
0
0
0
0
0
0
0
0
0
0
0
0
-0.50772
-0.55549
-0.52684
-0.52052
-0.52836
-0.52052
0
-0.52836
0
-0.44995
0
-0.44995
-0.44995
0
0
5.9827
0
0
0
0
0
0
0
0
0
0
0
-0.94506
0
0
-0.21604
0
0
0
0
0
-0.23449
0
-0.21378
0
0
0
0
0
0
0
16.9707
0
0
0
0
0
0
0
-8.1532
-8.1532
0
0
0
0
0
0
0
-0.20798
0
-0.20798
0
0
0
0
0
0
0
0
0
0
0
0.52045
0
0
0
0
0
0
0
0
0
0
-0.1045
0
0
-0.67816
0
0
-0.60231
0
0
-0.60231
0
0
0
0
0
0
0
0
0
0
1.8828
0
0
0
0
0
0
0
0
0
0
0
0
0
0
0
0
0
-5.781
0
0
0
0
0
0
0
0
0
0
0
0
5.781
0
0
0
0
0
0
0
0
0
0
0
0
0
0
0
0
0
0
0
0
-4.8864
0
0
0
0
0
0
0
0
0
4.8864
0
0
0
0
0
0
0
0
0
0
0
-9.7736
0
0
0
0
0
0
0
0
0
0
0
0
0
0
0
0
0
0
9.7736
0
0
0
0
0
0
0
0
-9.8816
0
0
0
0
0
0
0
0
0
0
0
0
0
0
0
0
0
0
0
0
0
9.8816
0
0
0
0
0
0
0
-9.8816
0
0
0
0
0
0
0
0
0
0
0
0
0
0
0
0
0
0
0
0
0
0
9.8816
0
0
0
0
0
0
0
0
0
0
0
0
0
0
0
0
0
0
0
0
0
0
-8.1532
0
0
0
0
0
0
0
8.1532
0
0
0
0
0
0
0
0
0
0
0
0
0
0
0
0
0
0
0
0
0
-8.1532
0
0
0
0
0
0
0
0
8.1532
0
0
0
0
0
0
-9.7736
0
0
0
0
0
0
0
0
0
0
0
0
0
0
0
0
0
0
0
0
0
0
0
9.7736
0
0
0
0
0
0
0
0
0
0
0
0
0
0
0
0
0
0
-0.94506
0
0
0
0
0
0
0
0
0
0
0
0.94506
0
0
0
0
0
0
0
0
0
0
0
0
0
0
0
0
0
0
0
-0.1045
0
0
0
0
0
0
0
0
0
0
0.1045
0
0
-6.4374
0
0
0
0
0
0
0
0
0
0
0
0
0
0
0
0
0
0
0
0
0
0
0
0
0
0
0
6.4374
