25.8409
-0.99953
-0.99953
-0.99953
-0.99953
-0.99953
-0.90979
-0.92057
-0.92057
-0.92057
-0.92057
-0.92057
-0.83815
-0.83815
-0.83815
-0.85453
-0.90842
-0.90842
-0.87947
-0.90842
-0.78567
-0.94809
0
0
0
0
0
-6.6231
0
0
-0.99953
18.8109
-0.96683
-0.96683
-0.96683
-0.96683
-0.8879
-0.90708
-0.90708
-0.90708
-0.90708
-0.90708
-0.81924
-0.81924
-0.81924
-0.83507
-0.88658
-0.88658
-0.86575
-0.88658
-0.78281
-0.91972
0
0
0
0
0
0
0
0
-0.99953
-0.96683
18.8109
-0.96683
-0.96683
-0.96683
-0.8879
-0.90708
-0.90708
-0.90708
-0.90708
-0.90708
-0.81924
-0.81924
-0.81924
-0.83507
-0.88658
-0.88658
-0.86575
-0.88658
-0.78281
-0.91972
0
0
0
0
0
0
0
0
-0.99953
-0.96683
-0.96683
18.8109
-0.96683
-0.96683
-0.8879
-0.90708
-0.90708
-0.90708
-0.90708
-0.90708
-0.81924
-0.81924
-0.81924
-0.83507
-0.88658
-0.88658
-0.86575
-0.88658
-0.78281
-0.91972
0
0
0
0
0
0
0
0
-0.99953
-0.96683
-0.96683
-0.96683
18.8109
-0.96683
-0.8879
-0.90708
-0.90708
-0.90708
-0.90708
-0.90708
-0.81924
-0.81924
-0.81924
-0.83507
-0.88658
-0.88658
-0.86575
-0.88658
-0.78281
-0.91972
0
0
0
0
0
0
0
0
-0.99953
-0.96683
-0.96683
-0.96683
-0.96683
18.8109
-0.8879
-0.90708
-0.90708
-0.90708
-0.90708
-0.90708
-0.81924
-0.81924
-0.81924
-0.83507
-0.88658
-0.88658
-0.86575
-0.88658
-0.78281
-0.91972
0
0
0
0
0
0
0
0
-0.90979
-0.8879
-0.8879
-0.8879
-0.8879
-0.8879
16.4171
-0.82709
-0.82709
-0.82709
-0.82709
-0.82709
-0.74942
-0.74942
-0.74942
-0.7625
-0.80564
-0.80564
-0.78591
-0.80564
-0.7188
0
0
0
0
0
0
0
0
0
-0.92057
-0.90708
-0.90708
-0.90708
-0.90708
-0.90708
-0.82709
21.6232
-0.83249
-0.83249
-0.83249
-0.83249
-0.75464
-0.75464
-0.75464
-0.76804
-0.81179
-0.81179
-0.78693
-0.81179
0
0
-5.756
0
0
0
0
0
0
0
-0.92057
-0.90708
-0.90708
-0.90708
-0.90708
-0.90708
-0.82709
-0.83249
21.6232
-0.83249
-0.83249
-0.83249
-0.75464
-0.75464
-0.75464
-0.76804
-0.81179
-0.81179
-0.78693
-0.81179
0
0
0
-5.756
0
0
0
0
0
0
-0.92057
-0.90708
-0.90708
-0.90708
-0.90708
-0.90708
-0.82709
-0.83249
-0.83249
21.6232
-0.83249
-0.83249
-0.75464
-0.75464
-0.75464
-0.76804
-0.81179
-0.81179
-0.78693
-0.81179
0
0
0
0
0
0
0
0
-5.756
0
-0.92057
-0.90708
-0.90708
-0.90708
-0.90708
-0.90708
-0.82709
-0.83249
-0.83249
-0.83249
21.6232
-0.83249
-0.75464
-0.75464
-0.75464
-0.76804
-0.81179
-0.81179
-0.78693
-0.81179
0
0
0
0
0
0
0
0
0
-5.756
-0.92057
-0.90708
-0.90708
-0.90708
-0.90708
-0.90708
-0.82709
-0.83249
-0.83249
-0.83249
-0.83249
21.6232
-0.75464
-0.75464
-0.75464
-0.76804
-0.81179
-0.81179
-0.78693
-0.81179
0
0
0
0
0
0
-5.756
0
0
0
-0.83815
-0.81924
-0.81924
-0.81924
-0.81924
-0.81924
-0.74942
-0.75464
-0.75464
-0.75464
-0.75464
-0.75464
14.5127
-0.69413
-0.69413
-0.70704
-0.74429
-0.74429
-0.72762
-0.74429
0
0
0
0
0
0
0
0
0
0
-0.83815
-0.81924
-0.81924
-0.81924
-0.81924
-0.81924
-0.74942
-0.75464
-0.75464
-0.75464
-0.75464
-0.75464
-0.69413
14.5127
-0.69413
-0.70704
-0.74429
-0.74429
-0.72762
-0.74429
0
0
0
0
0
0
0
0
0
0
-0.83815
-0.81924
-0.81924
-0.81924
-0.81924
-0.81924
-0.74942
-0.75464
-0.75464
-0.75464
-0.75464
-0.75464
-0.69413
-0.69413
14.5127
-0.70704
-0.74429
-0.74429
-0.72762
-0.74429
0
0
0
0
0
0
0
0
0
0
-0.85453
-0.83507
-0.83507
-0.83507
-0.83507
-0.83507
-0.7625
-0.76804
-0.76804
-0.76804
-0.76804
-0.76804
-0.70704
-0.70704
-0.70704
14.0208
-0.75572
-0.75572
0
-0.75572
0
0
0
0
0
0
0
0
0
0
-0.90842
-0.88658
-0.88658
-0.88658
-0.88658
-0.88658
-0.80564
-0.81179
-0.81179
-0.81179
-0.81179
-0.81179
-0.74429
-0.74429
-0.74429
-0.75572
13.1945
0
0
0
0
0
0
0
0
0
0
0
0
0
-0.90842
-0.88658
-0.88658
-0.88658
-0.88658
-0.88658
-0.80564
-0.81179
-0.81179
-0.81179
-0.81179
-0.81179
-0.74429
-0.74429
-0.74429
-0.75572
0
13.1945
0
0
0
0
0
0
0
0
0
0
0
0
-0.87947
-0.86575
-0.86575
-0.86575
-0.86575
-0.86575
-0.78591
-0.78693
-0.78693
-0.78693
-0.78693
-0.78693
-0.72762
-0.72762
-0.72762
0
0
0
15.9815
0
0
0
0
0
-3.8698
0
0
0
0
0
-0.90842
-0.88658
-0.88658
-0.88658
-0.88658
-0.88658
-0.80564
-0.81179
-0.81179
-0.81179
-0.81179
-0.81179
-0.74429
-0.74429
-0.74429
-0.75572
0
0
0
13.1945
0
0
0
0
0
0
0
0
0
0
-0.78567
-0.78281
-0.78281
-0.78281
-0.78281
-0.78281
-0.7188
0
0
0
0
0
0
0
0
0
0
0
0
0
5.523
0
0
0
0
-0.1045
0
0
0
0
-0.94809
-0.91972
-0.91972
-0.91972
-0.91972
-0.91972
0
0
0
0
0
0
0
0
0
0
0
0
0
0
0
5.5467
0
0
0
0
0
0
0
0
0
0
0
0
0
0
0
-5.756
0
0
0
0
0
0
0
0
0
0
0
0
0
0
5.756
0
0
0
0
0
0
0
0
0
0
0
0
0
0
0
-5.756
0
0
0
0
0
0
0
0
0
0
0
0
0
0
5.756
0
0
0
0
0
0
0
0
0
0
0
0
0
0
0
0
0
0
0
0
0
0
0
0
-3.8698
0
0
0
0
0
3.8698
0
0
0
0
0
0
0
0
0
0
0
0
0
0
0
0
0
0
0
0
0
0
0
0
0
-0.1045
0
0
0
0
0.1045
0
0
0
0
0
0
0
0
0
0
0
0
0
0
0
-5.756
0
0
0
0
0
0
0
0
0
0
0
0
0
0
5.756
0
0
0
-6.6231
0
0
0
0
0
0
0
0
0
0
0
0
0
0
0
0
0
0
0
0
0
0
0
0
0
0
6.6231
0
0
0
0
0
0
0
0
0
0
0
-5.756
0
0
0
0
0
0
0
0
0
0
0
0
0
0
0
0
0
0
5.756
0
0
0
0
0
0
0
0
0
0
0
-5.756
0
0
0
0
0
0
0
0
0
0
0
0
0
0
0
0
0
0
5.756
