12.9343
-0.47403
-0.50482
-0.45914
-0.45914
-0.42209
-0.42289
-0.44577
-0.47109
-0.46934
-0.50228
-0.53035
-0.44285
-0.44285
-0.44285
-0.40636
0
0
-4.0345
0
-2.004
0
0
0
0
0
0
0
0
0
-0.47403
8.9316
-0.49961
-0.45182
-0.45182
-0.4157
-0.41701
-0.43726
-0.46323
-0.45452
-0.49766
-0.52232
-0.43655
-0.43655
-0.43655
-0.40029
0
-0.17976
0
0
-1.957
0
0
0
0
0
0
0
0
0
-0.50482
-0.49961
27.1511
-0.44937
-0.44937
-0.42463
-0.42105
-0.39394
-0.47261
-0.45118
-0.47055
-0.54418
-0.45556
-0.45556
-0.45556
-0.42045
0
0
0
0
0
-10.1413
0
0
0
0
0
-10.1413
0
0
-0.45914
-0.45182
-0.44937
13.4892
-0.42814
-0.39615
-0.3951
-0.39215
-0.44092
-0.42609
-0.45966
-0.50095
-0.42046
-0.42046
-0.42046
-0.38689
0
0
0
0
0
0
0
0
-7.0414
0
0
0
0
0
-0.45914
-0.45182
-0.44937
-0.42814
13.4892
-0.39615
-0.3951
-0.39215
-0.44092
-0.42609
-0.45966
-0.50095
-0.42046
-0.42046
-0.42046
-0.38689
0
0
0
0
0
0
0
0
0
0
0
0
0
-7.0414
-0.42209
-0.4157
-0.42463
-0.39615
-0.39615
6.021
-0.3692
-0.37996
-0.40905
-0.40032
-0.43391
-0.45934
-0.38654
-0.38654
-0.38654
-0.35482
0
0
0
0
0
0
0
0
0
0
0
0
0
0
-0.42289
-0.41701
-0.42105
-0.3951
-0.3951
-0.3692
5.7971
-0.37044
-0.40707
-0.39592
-0.42613
-0.45879
-0.38766
-0.38766
-0.38766
0
0
-0.15545
0
0
0
0
0
0
0
0
0
0
0
0
-0.44577
-0.43726
-0.39394
-0.39215
-0.39215
-0.37996
-0.37044
18.8521
-0.42464
-0.41425
0
0
0
0
0
0
-0.1458
0
0
0
0
0
0
-7.5278
0
-7.5278
0
0
0
0
-0.47109
-0.46323
-0.47261
-0.44092
-0.44092
-0.40905
-0.40707
-0.42464
4.4178
-0.4159
0
-0.47236
0
0
0
0
0
0
0
0
0
0
0
0
0
0
0
0
0
0
-0.46934
-0.45452
-0.45118
-0.42609
-0.42609
-0.40032
-0.39592
-0.41425
-0.4159
4.0424
0
0
0
0
0
0
-0.18876
0
0
0
0
0
0
0
0
0
0
0
0
0
-0.50228
-0.49766
-0.47055
-0.45966
-0.45966
-0.43391
-0.42613
0
0
0
3.596
0
0
0
0
0
0
0
0
0
0
0
-0.34618
0
0
0
0
0
0
0
-0.53035
-0.52232
-0.54418
-0.50095
-0.50095
-0.45934
-0.45879
0
-0.47236
0
0
3.9893
0
0
0
0
0
0
0
0
0
0
0
0
0
0
0
0
0
0
-0.44285
-0.43655
-0.45556
-0.42046
-0.42046
-0.38654
-0.38766
0
0
0
0
0
2.9501
0
0
0
0
0
0
0
0
0
0
0
0
0
0
0
0
0
-0.44285
-0.43655
-0.45556
-0.42046
-0.42046
-0.38654
-0.38766
0
0
0
0
0
0
2.9501
0
0
0
0
0
0
0
0
0
0
0
0
0
0
0
0
-0.44285
-0.43655
-0.45556
-0.42046
-0.42046
-0.38654
-0.38766
0
0
0
0
0
0
0
2.9501
0
0
0
0
0
0
0
0
0
0
0
0
0
0
0
-0.40636
-0.40029
-0.42045
-0.38689
-0.38689
-0.35482
0
0
0
0
0
0
0
0
0
2.3557
0
0
0
0
0
0
0
0
0
0
0
0
0
0
0
0
0
0
0
0
0
-0.1458
0
-0.18876
0
0
0
0
0
0
8.0301
0
0
-4.9266
0
0
0
0
0
0
-2.7689
0
0
0
0
-0.17976
0
0
0
0
-0.15545
0
0
0
0
0
0
0
0
0
0
0.43972
0
0
0
0
0
0
0
0
0
0
-0.1045
0
-4.0345
0
0
0
0
0
0
0
0
0
0
0
0
0
0
0
0
0
5.0596
-1.0251
0
0
0
0
0
0
0
0
0
0
0
0
0
0
0
0
0
0
0
0
0
0
0
0
0
0
-4.9266
0
-1.0251
5.9518
0
0
0
0
0
0
0
0
0
0
-2.004
-1.957
0
0
0
0
0
0
0
0
0
0
0
0
0
0
0
0
0
0
3.961
0
0
0
0
0
0
0
0
0
0
0
-10.1413
0
0
0
0
0
0
0
0
0
0
0
0
0
0
0
0
0
0
10.1413
0
0
0
0
0
0
0
0
0
0
0
0
0
0
0
0
0
0
-0.34618
0
0
0
0
0
0
0
0
0
0
0
0.34618
0
0
0
0
0
0
0
0
0
0
0
0
0
0
-7.5278
0
0
0
0
0
0
0
0
0
0
0
0
0
0
0
7.5278
0
0
0
0
0
0
0
0
0
-7.0414
0
0
0
0
0
0
0
0
0
0
0
0
0
0
0
0
0
0
0
0
7.0414
0
0
0
0
0
0
0
0
0
0
0
0
-7.5278
0
0
0
0
0
0
0
0
0
0
0
0
0
0
0
0
0
7.5278
0
0
0
0
0
0
0
0
0
0
0
0
0
0
0
0
0
0
0
0
-2.7689
0
0
0
0
0
0
0
0
0
2.7689
0
0
0
0
0
-10.1413
0
0
0
0
0
0
0
0
0
0
0
0
0
0
0
0
0
0
0
0
0
0
0
0
10.1413
0
0
0
0
0
0
0
0
0
0
0
0
0
0
0
0
0
0
0
-0.1045
0
0
0
0
0
0
0
0
0
0
0.1045
0
0
0
0
0
-7.0414
0
0
0
0
0
0
0
0
0
0
0
0
0
0
0
0
0
0
0
0
0
0
0
0
7.0414
