13.3451
-0.76418
-0.77565
-0.74369
-0.72002
-0.74511
-0.73123
-0.73098
-0.6939
-0.70649
-0.71802
-0.69439
-0.99234
-0.98794
0
0
0
0
0
0
0
0
0
0
0
-1.7915
-1.5497
0
0
0
-0.76418
11.1887
-0.70182
-0.68742
-0.67134
-0.72911
-0.6765
-0.69188
-0.63952
-0.66111
-0.67945
-0.65163
-0.89268
0
0
0
0
0
-1.4872
0
-1.2548
0
0
0
0
0
0
0
0
0
-0.77565
-0.70182
12.2997
-0.6828
-0.67904
-0.71769
-0.709
-0.69665
-0.63289
-0.66754
-0.68421
-0.65739
-0.90213
0
0
0
0
0
0
-1.4549
0
0
0
0
0
0
0
0
-2.338
0
-0.74369
-0.68742
-0.6828
10.1234
-0.63145
-0.6743
-0.66319
-0.67157
-0.60041
-0.63798
-0.63329
-0.61926
0
0
0
-1.4237
0
0
0
-1.4544
0
0
0
0
0
0
0
0
0
0
-0.72002
-0.67134
-0.67904
-0.63145
9.1153
-0.68639
-0.6696
-0.65983
-0.6038
-0.63411
-0.6185
-0.59759
-0.87443
0
-1.0692
0
0
0
0
0
0
0
0
0
0
0
0
0
0
0
-0.74511
-0.72911
-0.71769
-0.6743
-0.68639
13.9699
0
-0.69758
0
-0.70218
0
0
0
0
0
-1.3666
0
-0.7023
0
0
0
0
-1.2783
-2.2862
0
-1.7116
0
0
0
-1.6725
-0.73123
-0.6765
-0.709
-0.66319
-0.6696
0
9.9904
-0.66848
-0.62217
-0.64168
0
-0.6103
0
0
0
0
0
0
-1.412
0
-1.1644
0
0
0
0
0
-1.4218
0
0
0
-0.73098
-0.69188
-0.69665
-0.67157
-0.65983
-0.69758
-0.66848
8.2311
-0.60748
-0.64337
-0.63279
-0.60905
0
-0.92148
0
0
0
0
0
0
0
0
0
0
0
0
0
0
0
0
-0.6939
-0.63952
-0.63289
-0.60041
-0.6038
0
-0.62217
-0.60748
7.425
-0.53808
-0.6144
-0.58677
0
0
0
0
0
0
0
-1.2855
0
0
0
0
0
0
0
0
0
0
-0.70649
-0.66111
-0.66754
-0.63798
-0.63411
-0.70218
-0.64168
-0.64337
-0.53808
6.9558
-0.57368
-0.54958
0
0
0
0
0
0
0
0
0
0
0
0
0
0
0
0
0
0
-0.71802
-0.67945
-0.68421
-0.63329
-0.6185
0
0
-0.63279
-0.6144
-0.57368
7.507
0
0
0
-0.88556
0
0
0
0
0
0
-1.4671
0
0
0
0
0
0
0
0
-0.69439
-0.65163
-0.65739
-0.61926
-0.59759
0
-0.6103
-0.60905
-0.58677
-0.54958
0
6.5313
0
0
-0.95534
0
0
0
0
0
0
0
0
0
0
0
0
0
0
0
-0.99234
-0.89268
-0.90213
0
-0.87443
0
0
0
0
0
0
0
7.125
0
0
0
-1.4164
0
0
0
0
0
0
-2.047
0
0
0
0
0
0
-0.98794
0
0
0
0
0
0
-0.92148
0
0
0
0
0
7.2788
0
0
0
0
0
0
0
-2.1046
0
-2.0092
-1.2556
0
0
0
0
0
0
0
0
0
-1.0692
0
0
0
0
0
-0.88556
-0.95534
0
0
4.4589
0
0
0
0
0
0
-1.5488
0
0
0
0
0
0
0
0
0
0
0
-1.4237
0
-1.3666
0
0
0
0
0
0
0
0
0
7.7412
0
0
0
0
0
0
0
0
-2.3483
-2.6026
0
0
0
0
0
0
0
0
0
0
0
0
0
0
0
0
-1.4164
0
0
0
4.6089
0
0
0
0
0
-0.93334
0
0
0
0
-2.2591
0
0
0
0
0
0
0
-0.7023
0
0
0
0
0
0
0
0
0
0
0
4.493
-1.4634
0
0
0
-2.3273
0
0
0
0
0
0
0
0
-1.4872
0
0
0
0
-1.412
0
0
0
0
0
0
0
0
0
0
-1.4634
4.3626
0
0
0
0
0
0
0
0
0
0
0
0
0
-1.4549
-1.4544
0
0
0
0
-1.2855
0
0
0
0
0
0
0
0
0
0
4.1949
0
0
0
0
0
0
0
0
0
0
0
-1.2548
0
0
0
0
-1.1644
0
0
0
0
0
0
0
0
0
0
0
0
0
4.2604
0
0
0
-1.8411
0
0
0
0
0
0
0
0
0
0
0
0
0
0
0
-1.4671
0
0
-2.1046
-1.5488
0
0
0
0
0
0
5.1205
0
0
0
0
0
0
0
0
0
0
0
0
0
-1.2783
0
0
0
0
0
0
0
0
0
0
-0.93334
-2.3273
0
0
0
0
4.539
0
0
0
0
0
0
0
0
0
0
0
0
-2.2862
0
0
0
0
0
0
-2.047
-2.0092
0
0
0
0
0
0
0
0
0
6.3424
0
0
0
0
0
0
0
0
0
0
0
0
0
0
0
0
0
0
0
-1.2556
0
-2.3483
0
0
0
0
-1.8411
0
0
0
5.445
0
0
0
0
0
-1.7915
0
0
0
0
-1.7116
0
0
0
0
0
0
0
0
0
-2.6026
0
0
0
0
0
0
0
0
0
6.1057
0
0
0
0
-1.5497
0
0
0
0
0
-1.4218
0
0
0
0
0
0
0
0
0
0
0
0
0
0
0
0
0
0
0
2.9715
0
0
0
0
0
0
0
0
0
0
0
0
0
0
0
0
0
0
0
-2.2591
0
0
0
0
0
0
0
0
0
0
2.2591
0
0
0
0
-2.338
0
0
0
0
0
0
0
0
0
0
0
0
0
0
0
0
0
0
0
0
0
0
0
0
0
2.338
0
0
0
0
0
0
-1.6725
0
0
0
0
0
0
0
0
0
0
0
0
0
0
0
0
0
0
0
0
0
0
0
1.6725
