23.5874
-0.89033
-0.84105
-0.8528
-0.84105
-0.84105
-0.84105
-0.81449
-0.81062
-0.80891
-0.78404
-0.78404
-0.78404
-0.74164
-0.74164
-0.78103
-0.81076
-0.82452
-0.80887
-0.60104
0
0
0
-8.3844
0
0
0
0
0
0
-0.89033
15.6882
-0.86594
-0.88465
-0.86594
-0.86594
-0.86594
-0.84672
-0.84019
-0.84137
-0.8051
-0.8051
-0.8051
-0.76104
-0.76104
-0.80172
-0.83251
-0.87642
-0.82866
-0.64456
0
0
0
0
0
0
0
0
0
0
-0.84105
-0.86594
14.2059
-0.84459
-0.78844
-0.78844
-0.78844
-0.80713
-0.79637
-0.80307
-0.76044
-0.76044
-0.76044
-0.719
-0.719
-0.75827
-0.78677
-0.83654
-0.78152
0
0
0
0
0
0
0
0
0
0
0
-0.8528
-0.88465
-0.84459
21.3896
-0.84459
-0.84459
-0.84459
-0.80857
-0.80365
-0.80311
-0.77438
-0.77438
-0.77438
-0.73048
-0.73048
-0.77001
-0.79904
0
-0.79612
0
0
0
0
0
0
0
0
0
-7.7092
0
-0.84105
-0.86594
-0.78844
-0.84459
14.2059
-0.78844
-0.78844
-0.80713
-0.79637
-0.80307
-0.76044
-0.76044
-0.76044
-0.719
-0.719
-0.75827
-0.78677
-0.83654
-0.78152
0
0
0
0
0
0
0
0
0
0
0
-0.84105
-0.86594
-0.78844
-0.84459
-0.78844
14.2059
-0.78844
-0.80713
-0.79637
-0.80307
-0.76044
-0.76044
-0.76044
-0.719
-0.719
-0.75827
-0.78677
-0.83654
-0.78152
0
0
0
0
0
0
0
0
0
0
0
-0.84105
-0.86594
-0.78844
-0.84459
-0.78844
-0.78844
14.2059
-0.80713
-0.79637
-0.80307
-0.76044
-0.76044
-0.76044
-0.719
-0.719
-0.75827
-0.78677
-0.83654
-0.78152
0
0
0
0
0
0
0
0
0
0
0
-0.81449
-0.84672
-0.80713
-0.80857
-0.80713
-0.80713
-0.80713
17.3758
-0.74931
-0.75931
-0.73671
-0.73671
-0.73671
-0.68378
-0.68378
-0.72575
0
0
0
0
0
-0.30292
-5.5626
0
0
0
0
0
0
0
-0.81062
-0.84019
-0.79637
-0.80365
-0.79637
-0.79637
-0.79637
-0.74931
19.6117
-0.75584
-0.73855
-0.73855
-0.73855
-0.69187
-0.69187
-0.72878
-0.75382
0
0
0
0
0
0
0
0
0
0
0
0
-7.3846
-0.80891
-0.84137
-0.80307
-0.80311
-0.80307
-0.80307
-0.80307
-0.75931
-0.75584
18.4793
-0.74776
-0.74776
-0.74776
-0.67771
-0.67771
0
0
0
0
-0.56803
0
0
0
0
-7.1318
0
0
0
0
0
-0.78404
-0.8051
-0.76044
-0.77438
-0.76044
-0.76044
-0.76044
-0.73671
-0.73855
-0.74776
11.7472
-0.69238
-0.69238
-0.65585
-0.65585
-0.70105
-0.72147
0
0
0
0
0
0
0
0
0
0
0
0
0
-0.78404
-0.8051
-0.76044
-0.77438
-0.76044
-0.76044
-0.76044
-0.73671
-0.73855
-0.74776
-0.69238
11.7472
-0.69238
-0.65585
-0.65585
-0.70105
-0.72147
0
0
0
0
0
0
0
0
0
0
0
0
0
-0.78404
-0.8051
-0.76044
-0.77438
-0.76044
-0.76044
-0.76044
-0.73671
-0.73855
-0.74776
-0.69238
-0.69238
11.7472
-0.65585
-0.65585
-0.70105
-0.72147
0
0
0
0
0
0
0
0
0
0
0
0
0
-0.74164
-0.76104
-0.719
-0.73048
-0.719
-0.719
-0.719
-0.68378
-0.69187
-0.67771
-0.65585
-0.65585
-0.65585
10.3969
-0.61048
-0.65633
0
0
0
0
0
0
0
0
0
0
0
0
0
0
-0.74164
-0.76104
-0.719
-0.73048
-0.719
-0.719
-0.719
-0.68378
-0.69187
-0.67771
-0.65585
-0.65585
-0.65585
-0.61048
10.3969
-0.65633
0
0
0
0
0
0
0
0
0
0
0
0
0
0
-0.78103
-0.80172
-0.75827
-0.77001
-0.75827
-0.75827
-0.75827
-0.72575
-0.72878
0
-0.70105
-0.70105
-0.70105
-0.65633
-0.65633
10.2562
0
0
0
0
0
0
0
0
0
0
0
0
0
0
-0.81076
-0.83251
-0.78677
-0.79904
-0.78677
-0.78677
-0.78677
0
-0.75382
0
-0.72147
-0.72147
-0.72147
0
0
0
8.5076
0
0
0
0
0
0
0
0
0
0
0
0
0
-0.82452
-0.87642
-0.83654
0
-0.83654
-0.83654
-0.83654
0
0
0
0
0
0
0
0
0
0
9.3527
0
0
-2.6357
0
0
0
0
-1.6699
0
0
0
0
-0.80887
-0.82866
-0.78152
-0.79612
-0.78152
-0.78152
-0.78152
0
0
0
0
0
0
0
0
0
0
0
5.5597
0
0
0
0
0
0
0
0
0
0
0
-0.60104
-0.64456
0
0
0
0
0
0
0
-0.56803
0
0
0
0
0
0
0
0
0
1.9181
0
0
0
0
0
0
-0.1045
0
0
0
0
0
0
0
0
0
0
0
0
0
0
0
0
0
0
0
0
-2.6357
0
0
6.1348
-1.9563
-1.5428
0
0
0
0
0
0
0
0
0
0
0
0
0
0
-0.30292
0
0
0
0
0
0
0
0
0
0
0
0
-1.9563
4.0247
0
0
0
0
0
-1.7654
0
0
0
0
0
0
0
0
0
-5.5626
0
0
0
0
0
0
0
0
0
0
0
0
-1.5428
0
7.1053
0
0
0
0
0
0
0
-8.3844
0
0
0
0
0
0
0
0
0
0
0
0
0
0
0
0
0
0
0
0
0
0
8.3844
0
0
0
0
0
0
0
0
0
0
0
0
0
0
0
-7.1318
0
0
0
0
0
0
0
0
0
0
0
0
0
0
7.1318
0
0
0
0
0
0
0
0
0
0
0
0
0
0
0
0
0
0
0
0
0
0
-1.6699
0
0
0
0
0
0
0
1.6699
0
0
0
0
0
0
0
0
0
0
0
0
0
0
0
0
0
0
0
0
0
0
0
-0.1045
0
0
0
0
0
0
0.1045
0
0
0
0
0
0
0
0
0
0
0
0
0
0
0
0
0
0
0
0
0
0
0
0
-1.7654
0
0
0
0
0
1.7654
0
0
0
0
0
-7.7092
0
0
0
0
0
0
0
0
0
0
0
0
0
0
0
0
0
0
0
0
0
0
0
0
7.7092
0
0
0
0
0
0
0
0
0
-7.3846
0
0
0
0
0
0
0
0
0
0
0
0
0
0
0
0
0
0
0
0
7.3846
