23.2869
-0.80531
-0.80531
-0.80531
-0.80531
-0.72653
-0.71394
-0.71394
-0.71394
-0.71394
-0.6663
-0.6862
-0.64719
-0.77023
-0.79038
-0.72731
-0.72731
-0.72731
-0.69054
-0.68722
-0.76701
-8.5964
0
0
0
0
0
0
0
0
-0.80531
23.2869
-0.80531
-0.80531
-0.80531
-0.72653
-0.71394
-0.71394
-0.71394
-0.71394
-0.6663
-0.6862
-0.64719
-0.77023
-0.79038
-0.72731
-0.72731
-0.72731
-0.69054
-0.68722
-0.76701
0
0
-8.5964
0
0
0
0
0
0
-0.80531
-0.80531
23.2869
-0.80531
-0.80531
-0.72653
-0.71394
-0.71394
-0.71394
-0.71394
-0.6663
-0.6862
-0.64719
-0.77023
-0.79038
-0.72731
-0.72731
-0.72731
-0.69054
-0.68722
-0.76701
0
0
0
-8.5964
0
0
0
0
0
-0.80531
-0.80531
-0.80531
23.2869
-0.80531
-0.72653
-0.71394
-0.71394
-0.71394
-0.71394
-0.6663
-0.6862
-0.64719
-0.77023
-0.79038
-0.72731
-0.72731
-0.72731
-0.69054
-0.68722
-0.76701
0
-8.5964
0
0
0
0
0
0
0
-0.80531
-0.80531
-0.80531
-0.80531
23.2869
-0.72653
-0.71394
-0.71394
-0.71394
-0.71394
-0.6663
-0.6862
-0.64719
-0.77023
-0.79038
-0.72731
-0.72731
-0.72731
-0.69054
-0.68722
-0.76701
0
0
0
0
-8.5964
0
0
0
0
-0.72653
-0.72653
-0.72653
-0.72653
-0.72653
13.5487
-0.65799
-0.65799
-0.65799
-0.65799
-0.61324
-0.63201
-0.62344
-0.7193
-0.73588
-0.66664
-0.66664
-0.66664
-0.63258
-0.62908
-0.69864
0
0
0
0
0
0
0
0
0
-0.71394
-0.71394
-0.71394
-0.71394
-0.71394
-0.65799
12.6084
-0.63132
-0.63132
-0.63132
-0.60071
-0.62139
-0.61544
-0.7084
-0.72509
-0.65754
-0.65754
-0.65754
-0.62353
-0.61964
0
0
0
0
0
0
0
0
0
0
-0.71394
-0.71394
-0.71394
-0.71394
-0.71394
-0.65799
-0.63132
12.6084
-0.63132
-0.63132
-0.60071
-0.62139
-0.61544
-0.7084
-0.72509
-0.65754
-0.65754
-0.65754
-0.62353
-0.61964
0
0
0
0
0
0
0
0
0
0
-0.71394
-0.71394
-0.71394
-0.71394
-0.71394
-0.65799
-0.63132
-0.63132
12.6084
-0.63132
-0.60071
-0.62139
-0.61544
-0.7084
-0.72509
-0.65754
-0.65754
-0.65754
-0.62353
-0.61964
0
0
0
0
0
0
0
0
0
0
-0.71394
-0.71394
-0.71394
-0.71394
-0.71394
-0.65799
-0.63132
-0.63132
-0.63132
12.6084
-0.60071
-0.62139
-0.61544
-0.7084
-0.72509
-0.65754
-0.65754
-0.65754
-0.62353
-0.61964
0
0
0
0
0
0
0
0
0
0
-0.6663
-0.6663
-0.6663
-0.6663
-0.6663
-0.61324
-0.60071
-0.60071
-0.60071
-0.60071
11.177
-0.57494
-0.55822
-0.64698
-0.66225
-0.60462
-0.60462
-0.60462
-0.57318
0
0
0
0
0
0
0
0
0
0
0
-0.6862
-0.6862
-0.6862
-0.6862
-0.6862
-0.63201
-0.62139
-0.62139
-0.62139
-0.62139
-0.57494
10.934
-0.57525
-0.66664
-0.68399
-0.6282
-0.6282
-0.6282
0
0
0
0
0
0
0
0
0
0
0
0
-0.64719
-0.64719
-0.64719
-0.64719
-0.64719
-0.62344
-0.61544
-0.61544
-0.61544
-0.61544
-0.55822
-0.57525
22.8183
-0.58908
0
0
0
0
0
0
0
0
0
0
0
0
0
-7.3873
0
-7.3873
-0.77023
-0.77023
-0.77023
-0.77023
-0.77023
-0.7193
-0.7084
-0.7084
-0.7084
-0.7084
-0.64698
-0.66664
-0.58908
11.5673
0
0
0
0
0
0
0
0
0
0
0
0
-2.2606
0
0
0
-0.79038
-0.79038
-0.79038
-0.79038
-0.79038
-0.73588
-0.72509
-0.72509
-0.72509
-0.72509
-0.66225
-0.68399
0
0
9.6378
0
0
0
0
0
0
0
0
0
0
0
0
0
-0.70334
0
-0.72731
-0.72731
-0.72731
-0.72731
-0.72731
-0.66664
-0.65754
-0.65754
-0.65754
-0.65754
-0.60462
-0.6282
0
0
0
8.1662
0
0
0
0
0
0
0
0
0
0
0
0
0
0
-0.72731
-0.72731
-0.72731
-0.72731
-0.72731
-0.66664
-0.65754
-0.65754
-0.65754
-0.65754
-0.60462
-0.6282
0
0
0
0
8.1662
0
0
0
0
0
0
0
0
0
0
0
0
0
-0.72731
-0.72731
-0.72731
-0.72731
-0.72731
-0.66664
-0.65754
-0.65754
-0.65754
-0.65754
-0.60462
-0.6282
0
0
0
0
0
8.1662
0
0
0
0
0
0
0
0
0
0
0
0
-0.69054
-0.69054
-0.69054
-0.69054
-0.69054
-0.63258
-0.62353
-0.62353
-0.62353
-0.62353
-0.57318
0
0
0
0
0
0
0
7.1526
0
0
0
0
0
0
0
0
0
0
0
-0.68722
-0.68722
-0.68722
-0.68722
-0.68722
-0.62908
-0.61964
-0.61964
-0.61964
-0.61964
0
0
0
0
0
0
0
0
0
6.5437
0
0
0
0
0
0
0
0
0
0
-0.76701
-0.76701
-0.76701
-0.76701
-0.76701
-0.69864
0
0
0
0
0
0
0
0
0
0
0
0
0
0
4.5337
0
0
0
0
0
0
0
0
0
-8.5964
0
0
0
0
0
0
0
0
0
0
0
0
0
0
0
0
0
0
0
0
8.5964
0
0
0
0
0
0
0
0
0
0
0
-8.5964
0
0
0
0
0
0
0
0
0
0
0
0
0
0
0
0
0
0
8.5964
0
0
0
0
0
0
0
0
-8.5964
0
0
0
0
0
0
0
0
0
0
0
0
0
0
0
0
0
0
0
0
0
8.5964
0
0
0
0
0
0
0
0
-8.5964
0
0
0
0
0
0
0
0
0
0
0
0
0
0
0
0
0
0
0
0
0
8.5964
0
0
0
0
0
0
0
0
0
-8.5964
0
0
0
0
0
0
0
0
0
0
0
0
0
0
0
0
0
0
0
0
8.5964
0
0
0
0
0
0
0
0
0
0
0
0
0
0
0
0
0
-2.2606
0
0
0
0
0
0
0
0
0
0
0
0
2.2606
0
0
0
0
0
0
0
0
0
0
0
0
0
0
0
-7.3873
0
0
0
0
0
0
0
0
0
0
0
0
0
0
7.3873
0
0
0
0
0
0
0
0
0
0
0
0
0
0
0
0
-0.70334
0
0
0
0
0
0
0
0
0
0
0
0
0
0.70334
0
0
0
0
0
0
0
0
0
0
0
0
0
-7.3873
0
0
0
0
0
0
0
0
0
0
0
0
0
0
0
0
7.3873
