20.1647
-0.62544
-0.62544
-0.62269
-0.6219
-0.62477
-0.61853
-0.62477
-0.60611
-0.62164
-0.62443
-0.6237
-0.62448
-0.60697
-0.60697
-0.64504
0
-0.63394
-5.104
0
0
0
0
0
0
-5.104
0
0
0
0
-0.62544
9.9441
-0.62271
-0.62162
-0.62329
-0.6242
-0.621
-0.6242
-0.61033
-0.62111
-0.62323
-0.62346
-0.62248
-0.60757
-0.60757
-0.63907
0
-0.62678
0
0
0
0
0
0
0
0
0
0
0
0
-0.62544
-0.62271
9.9441
-0.62162
-0.62329
-0.6242
-0.621
-0.6242
-0.61033
-0.62111
-0.62323
-0.62346
-0.62248
-0.60757
-0.60757
-0.63907
0
-0.62678
0
0
0
0
0
0
0
0
0
0
0
0
-0.62269
-0.62162
-0.62162
9.2836
-0.62014
-0.62202
-0.61805
-0.62202
-0.60775
-0.61878
-0.62085
-0.62161
-0.6201
-0.60521
-0.60521
-0.63592
0
0
0
0
0
0
0
0
0
0
0
0
0
0
-0.6219
-0.62329
-0.62329
-0.62014
16.4455
-0.62415
-0.61657
-0.62415
-0.60505
-0.62017
-0.62292
-0.62234
-0.62267
0
0
0
0
0
0
0
0
0
0
-4.4994
0
0
0
0
-4.4994
0
-0.62477
-0.6242
-0.6242
-0.62202
-0.62415
7.4681
-0.62334
-0.62272
-0.61285
-0.62027
-0.62321
-0.62428
-0.62207
0
0
0
0
0
0
0
0
0
0
0
0
0
0
0
0
0
-0.61853
-0.621
-0.621
-0.61805
-0.61657
-0.62334
14.4745
-0.62334
0
-0.61897
-0.62139
0
0
0
0
0
-0.56625
0
0
0
0
-4.163
0
0
0
0
-4.163
0
0
0
-0.62477
-0.6242
-0.6242
-0.62202
-0.62415
-0.62272
-0.62334
7.4681
-0.61285
-0.62027
-0.62321
-0.62428
-0.62207
0
0
0
0
0
0
0
0
0
0
0
0
0
0
0
0
0
-0.60611
-0.61033
-0.61033
-0.60775
-0.60505
-0.61285
0
-0.61285
19.657
-0.6073
0
0
0
0
0
0
0
0
0
0
0
0
-4.9282
0
0
0
0
-4.9282
0
-4.9282
-0.62164
-0.62111
-0.62111
-0.61878
-0.62017
-0.62027
-0.61897
-0.62027
-0.6073
6.1887
-0.61909
0
0
0
0
0
0
0
0
0
0
0
0
0
0
0
0
0
0
0
-0.62443
-0.62323
-0.62323
-0.62085
-0.62292
-0.62321
-0.62139
-0.62321
0
-0.61909
5.6016
0
0
0
0
0
0
0
0
0
0
0
0
0
0
0
0
0
0
0
-0.6237
-0.62346
-0.62346
-0.62161
-0.62234
-0.62428
0
-0.62428
0
0
0
4.9332
0
0
0
0
-0.57009
0
0
0
0
0
0
0
0
0
0
0
0
0
-0.62448
-0.62248
-0.62248
-0.6201
-0.62267
-0.62207
0
-0.62207
0
0
0
0
4.3564
0
0
0
0
0
0
0
0
0
0
0
0
0
0
0
0
0
-0.60697
-0.60757
-0.60757
-0.60521
0
0
0
0
0
0
0
0
0
2.9796
0
0
0
0
0
0
-0.55225
0
0
0
0
0
0
0
0
0
-0.60697
-0.60757
-0.60757
-0.60521
0
0
0
0
0
0
0
0
0
0
2.9796
0
0
0
0
0
0
0
0
0
-0.55225
0
0
0
0
0
-0.64504
-0.63907
-0.63907
-0.63592
0
0
0
0
0
0
0
0
0
0
0
2.5591
0
0
0
0
0
0
0
0
0
0
0
0
0
0
0
0
0
0
0
0
-0.56625
0
0
0
0
-0.57009
0
0
0
0
1.6896
0
0
-0.5533
0
0
0
0
0
0
0
0
0
0
-0.63394
-0.62678
-0.62678
0
0
0
0
0
0
0
0
0
0
0
0
0
0
1.8875
0
0
0
0
0
0
0
0
0
0
0
0
-5.104
0
0
0
0
0
0
0
0
0
0
0
0
0
0
0
0
0
5.104
0
0
0
0
0
0
0
0
0
0
0
0
0
0
0
0
0
0
0
0
0
0
0
0
0
0
0
-0.5533
0
0
0.5533
0
0
0
0
0
0
0
0
0
0
0
0
0
0
0
0
0
0
0
0
0
0
0
-0.55225
0
0
0
0
0
0
0.55225
0
0
0
0
0
0
0
0
0
0
0
0
0
0
0
-4.163
0
0
0
0
0
0
0
0
0
0
0
0
0
0
4.163
0
0
0
0
0
0
0
0
0
0
0
0
0
0
0
0
-4.9282
0
0
0
0
0
0
0
0
0
0
0
0
0
4.9282
0
0
0
0
0
0
0
0
0
0
0
-4.4994
0
0
0
0
0
0
0
0
0
0
0
0
0
0
0
0
0
0
4.4994
0
0
0
0
0
0
0
0
0
0
0
0
0
0
0
0
0
0
0
0
-0.55225
0
0
0
0
0
0
0
0
0
0.55225
0
0
0
0
0
-5.104
0
0
0
0
0
0
0
0
0
0
0
0
0
0
0
0
0
0
0
0
0
0
0
0
5.104
0
0
0
0
0
0
0
0
0
0
-4.163
0
0
0
0
0
0
0
0
0
0
0
0
0
0
0
0
0
0
0
4.163
0
0
0
0
0
0
0
0
0
0
0
-4.9282
0
0
0
0
0
0
0
0
0
0
0
0
0
0
0
0
0
0
4.9282
0
0
0
0
0
0
-4.4994
0
0
0
0
0
0
0
0
0
0
0
0
0
0
0
0
0
0
0
0
0
0
0
4.4994
0
0
0
0
0
0
0
0
0
-4.9282
0
0
0
0
0
0
0
0
0
0
0
0
0
0
0
0
0
0
0
0
4.9282
