23.9912
-1.191
-1.0723
-1.0723
-1.0723
-1.0723
-1.0723
-1.0723
-0.97367
-0.99286
-0.97876
-0.97815
-0.97655
-1.0443
-1.0443
-1.0443
-1.1193
-1.1193
-0.97381
-1.0492
-1.1109
-1.0059
0
-1.9553
0
0
0
0
0
0
-1.191
23.9912
-1.0723
-1.0723
-1.0723
-1.0723
-1.0723
-1.0723
-0.97367
-0.99286
-0.97876
-0.97815
-0.97655
-1.0443
-1.0443
-1.0443
-1.1193
-1.1193
-0.97381
-1.0492
-1.1109
-1.0059
0
-1.9553
0
0
0
0
0
0
-1.0723
-1.0723
19.4767
-0.9287
-0.9287
-0.9287
-0.9287
-0.9287
-0.85514
-0.8762
-0.86174
-0.86215
-0.85927
-0.91815
-0.91815
-0.91815
-0.98829
-0.98829
-0.85693
-0.92239
-0.97991
-0.88387
0
0
0
0
0
0
0
0
-1.0723
-1.0723
-0.9287
19.4767
-0.9287
-0.9287
-0.9287
-0.9287
-0.85514
-0.8762
-0.86174
-0.86215
-0.85927
-0.91815
-0.91815
-0.91815
-0.98829
-0.98829
-0.85693
-0.92239
-0.97991
-0.88387
0
0
0
0
0
0
0
0
-1.0723
-1.0723
-0.9287
-0.9287
19.4767
-0.9287
-0.9287
-0.9287
-0.85514
-0.8762
-0.86174
-0.86215
-0.85927
-0.91815
-0.91815
-0.91815
-0.98829
-0.98829
-0.85693
-0.92239
-0.97991
-0.88387
0
0
0
0
0
0
0
0
-1.0723
-1.0723
-0.9287
-0.9287
-0.9287
19.4767
-0.9287
-0.9287
-0.85514
-0.8762
-0.86174
-0.86215
-0.85927
-0.91815
-0.91815
-0.91815
-0.98829
-0.98829
-0.85693
-0.92239
-0.97991
-0.88387
0
0
0
0
0
0
0
0
-1.0723
-1.0723
-0.9287
-0.9287
-0.9287
-0.9287
19.4767
-0.9287
-0.85514
-0.8762
-0.86174
-0.86215
-0.85927
-0.91815
-0.91815
-0.91815
-0.98829
-0.98829
-0.85693
-0.92239
-0.97991
-0.88387
0
0
0
0
0
0
0
0
-1.0723
-1.0723
-0.9287
-0.9287
-0.9287
-0.9287
-0.9287
19.4767
-0.85514
-0.8762
-0.86174
-0.86215
-0.85927
-0.91815
-0.91815
-0.91815
-0.98829
-0.98829
-0.85693
-0.92239
-0.97991
-0.88387
0
0
0
0
0
0
0
0
-0.97367
-0.97367
-0.85514
-0.85514
-0.85514
-0.85514
-0.85514
-0.85514
16.8499
-0.77424
-0.7675
-0.7679
-0.77212
-0.82123
-0.82123
-0.82123
-0.87994
-0.87994
-0.76731
-0.82435
-0.87473
0
0
0
0
0
0
0
0
0
-0.99286
-0.99286
-0.8762
-0.8762
-0.8762
-0.8762
-0.8762
-0.8762
-0.77424
17.5744
-0.7645
-0.76539
-0.77508
-0.82361
-0.82361
-0.82361
-0.87764
-0.87764
-0.76952
-0.82723
0
0
0
0
0
-1.4293
0
0
0
0
-0.97876
-0.97876
-0.86174
-0.86174
-0.86174
-0.86174
-0.86174
-0.86174
-0.7675
-0.7645
15.9562
-0.77213
-0.77836
-0.8047
-0.8047
-0.8047
-0.8558
-0.8558
-0.75198
0
0
0
-0.86804
0
0
0
0
0
0
0
-0.97815
-0.97815
-0.86215
-0.86215
-0.86215
-0.86215
-0.86215
-0.86215
-0.7679
-0.76539
-0.77213
16.5043
-0.77866
-0.80503
-0.80503
-0.80503
-0.85527
-0.85527
-0.75228
0
0
0
0
0
-1.4131
0
0
0
0
0
-0.97655
-0.97655
-0.85927
-0.85927
-0.85927
-0.85927
-0.85927
-0.85927
-0.77212
-0.77508
-0.77836
-0.77866
15.9816
-0.81458
-0.81458
-0.81458
-0.87105
-0.87105
-0.76114
-0.82173
0
0
0
0
0
0
0
0
0
0
-1.0443
-1.0443
-0.91815
-0.91815
-0.91815
-0.91815
-0.91815
-0.91815
-0.82123
-0.82361
-0.8047
-0.80503
-0.81458
13.507
-0.92019
-0.92019
0
0
0
0
0
0
0
0
0
0
0
0
0
0
-1.0443
-1.0443
-0.91815
-0.91815
-0.91815
-0.91815
-0.91815
-0.91815
-0.82123
-0.82361
-0.8047
-0.80503
-0.81458
-0.92019
13.507
-0.92019
0
0
0
0
0
0
0
0
0
0
0
0
0
0
-1.0443
-1.0443
-0.91815
-0.91815
-0.91815
-0.91815
-0.91815
-0.91815
-0.82123
-0.82361
-0.8047
-0.80503
-0.81458
-0.92019
-0.92019
13.507
0
0
0
0
0
0
0
0
0
0
0
0
0
0
-1.1193
-1.1193
-0.98829
-0.98829
-0.98829
-0.98829
-0.98829
-0.98829
-0.87994
-0.87764
-0.8558
-0.85527
-0.87105
0
0
0
19.0603
0
0
0
0
0
0
0
0
0
0
0
0
-6.5522
-1.1193
-1.1193
-0.98829
-0.98829
-0.98829
-0.98829
-0.98829
-0.98829
-0.87994
-0.87764
-0.8558
-0.85527
-0.87105
0
0
0
0
19.0603
0
0
0
0
0
0
0
0
0
-6.5522
0
0
-0.97381
-0.97381
-0.85693
-0.85693
-0.85693
-0.85693
-0.85693
-0.85693
-0.76731
-0.76952
-0.75198
-0.75228
-0.76114
0
0
0
0
0
10.8914
0
0
0
0
0
0
0
0
0
0
0
-1.0492
-1.0492
-0.92239
-0.92239
-0.92239
-0.92239
-0.92239
-0.92239
-0.82435
-0.82723
0
0
-0.82173
0
0
0
0
0
0
10.1062
0
0
0
0
0
0
0
0
0
0
-1.1109
-1.1109
-0.97991
-0.97991
-0.97991
-0.97991
-0.97991
-0.97991
-0.87473
0
0
0
0
0
0
0
0
0
0
0
8.9759
0
0
0
0
0
0
0
0
0
-1.0059
-1.0059
-0.88387
-0.88387
-0.88387
-0.88387
-0.88387
-0.88387
0
0
0
0
0
0
0
0
0
0
0
0
0
7.3149
0
0
0
0
0
0
0
0
0
0
0
0
0
0
0
0
0
0
-0.86804
0
0
0
0
0
0
0
0
0
0
0
4.485
-1.5993
0
0
0
0
-2.0176
0
-1.9553
-1.9553
0
0
0
0
0
0
0
0
0
0
0
0
0
0
0
0
0
0
0
0
-1.5993
5.5098
0
0
0
0
0
0
0
0
0
0
0
0
0
0
0
0
0
-1.4131
0
0
0
0
0
0
0
0
0
0
0
0
2.5122
0
-1.0991
0
0
0
0
0
0
0
0
0
0
0
0
-1.4293
0
0
0
0
0
0
0
0
0
0
0
0
0
0
0
2.5311
-1.1017
0
0
0
0
0
0
0
0
0
0
0
0
0
0
0
0
0
0
0
0
0
0
0
0
0
0
0
-1.0991
-1.1017
2.2009
0
0
0
0
0
0
0
0
0
0
0
0
0
0
0
0
0
0
0
0
-6.5522
0
0
0
0
0
0
0
0
0
6.5522
0
0
0
0
0
0
0
0
0
0
0
0
0
0
0
0
0
0
0
0
0
0
0
0
-2.0176
0
0
0
0
0
2.0176
0
0
0
0
0
0
0
0
0
0
0
0
0
0
0
0
0
-6.5522
0
0
0
0
0
0
0
0
0
0
0
0
6.5522
