17.1292
-0.81186
-0.7805
-0.74886
-0.73009
-0.7244
-0.74155
-0.74947
-0.72099
-0.7154
-0.76982
-0.75465
-0.78674
-0.6645
-0.91723
-1.3319
0
-1.2268
0
0
0
0
0
0
-3.9545
0
0
0
0
0
-0.81186
15.1767
-0.81297
-0.73185
-0.72249
-0.7124
-0.72737
-0.74089
-0.71252
-0.71108
-0.75956
-0.74647
-0.77722
-0.65693
-0.90613
-1.2985
0
0
0
-2.1273
0
0
-1.2212
0
0
0
0
0
0
0
-0.7805
-0.81297
15.049
-0.74288
-0.7248
-0.73137
-0.73091
-0.74556
-0.71761
-0.70715
-0.76423
-0.7508
-0.78301
-0.66163
-0.91522
-1.2998
0
-1.1744
0
0
0
0
0
0
0
0
0
0
-2.0062
0
-0.74886
-0.73185
-0.74288
11.9523
-0.69202
-0.69454
-0.70176
-0.70766
-0.6783
-0.68754
-0.72918
-0.71284
-0.74153
-0.62387
-0.85911
0
0
0
0
0
-0.76224
0
-1.1381
0
0
0
0
0
0
0
-0.73009
-0.72249
-0.7248
-0.69202
11.745
-0.67653
-0.72158
-0.68381
-0.6505
-0.67292
-0.69749
-0.68586
-0.71175
-0.59758
-0.83007
0
0
0
-1.9475
0
0
0
0
0
0
0
0
0
0
0
-0.7244
-0.7124
-0.73137
-0.69454
-0.67653
11.7537
-0.72489
-0.68231
-0.65095
-0.65423
-0.69902
-0.68397
-0.71226
-0.59828
-0.83055
0
0
0
0
-1.978
0
0
0
0
0
0
0
0
0
0
-0.74155
-0.72737
-0.73091
-0.70176
-0.72158
-0.72489
15.2244
-0.677
-0.64212
-0.65794
-0.68154
-0.67715
-0.70321
-0.5899
0
0
0
0
0
0
0
0
0
-3.0931
0
0
0
-3.1543
0
0
-0.74947
-0.74089
-0.74556
-0.70766
-0.68381
-0.68231
-0.677
9.2073
-0.68148
-0.70743
-0.73824
-0.71562
-0.75073
-0.62714
0
0
0
0
0
0
0
0
0
0
0
0
0
0
0
0
-0.72099
-0.71252
-0.71761
-0.6783
-0.6505
-0.65095
-0.64212
-0.68148
8.1569
0
-0.68823
-0.7084
-0.70308
-0.6027
0
0
0
0
0
0
0
0
0
0
0
0
0
0
0
0
-0.7154
-0.71108
-0.70715
-0.68754
-0.67292
-0.65423
-0.65794
-0.70743
0
8.0444
0
-0.63627
0
0
0
0
-0.80634
0
0
0
0
-1.0881
0
0
0
0
0
0
0
0
-0.76982
-0.75956
-0.76423
-0.72918
-0.69749
-0.69902
-0.68154
-0.73824
-0.68823
0
8.4898
0
-0.77789
0
0
-1.1846
0
0
0
0
0
0
0
0
0
0
0
0
0
0
-0.75465
-0.74647
-0.7508
-0.71284
-0.68586
-0.68397
-0.67715
-0.71562
-0.7084
-0.63627
0
7.072
0
0
0
0
0
0
0
0
0
0
0
0
0
0
0
0
0
0
-0.78674
-0.77722
-0.78301
-0.74153
-0.71175
-0.71226
-0.70321
-0.75073
-0.70308
0
-0.77789
0
7.4474
0
0
0
0
0
0
0
0
0
0
0
0
0
0
0
0
0
-0.6645
-0.65693
-0.66163
-0.62387
-0.59758
-0.59828
-0.5899
-0.62714
-0.6027
0
0
0
0
5.6225
0
0
0
0
0
0
0
0
0
0
0
0
0
0
0
0
-0.91723
-0.90613
-0.91522
-0.85911
-0.83007
-0.83055
0
0
0
0
0
0
0
0
5.2583
0
0
0
0
0
0
0
0
0
0
0
0
0
0
0
-1.3319
-1.2985
-1.2998
0
0
0
0
0
0
0
-1.1846
0
0
0
0
7.7376
0
0
0
0
0
0
0
-2.6229
0
0
0
0
0
0
0
0
0
0
0
0
0
0
0
-0.80634
0
0
0
0
0
0
7.3376
0
-3.2051
0
0
0
0
0
0
-3.3262
0
0
0
0
-1.2268
0
-1.1744
0
0
0
0
0
0
0
0
0
0
0
0
0
0
3.5878
0
0
0
0
0
0
0
0
-1.1866
0
0
0
0
0
0
0
-1.9475
0
0
0
0
0
0
0
0
0
0
0
-3.2051
0
7.8049
0
0
0
0
0
0
0
0
-2.6523
0
0
0
-2.1273
0
0
0
-1.978
0
0
0
0
0
0
0
0
0
0
0
0
0
5.9197
0
0
0
0
-1.8145
0
0
0
0
0
0
0
0
-0.76224
0
0
0
0
0
0
0
0
0
0
0
0
0
0
0
0
4.3897
-2.0197
0
0
0
0
0
0
0
-1.6077
0
0
0
0
0
0
0
0
0
-1.0881
0
0
0
0
0
0
0
0
0
0
-2.0197
5.3533
0
0
0
-2.2455
0
0
0
0
0
-1.2212
0
-1.1381
0
0
0
0
0
0
0
0
0
0
0
0
0
0
0
0
0
0
3.6179
0
0
0
-1.2585
0
0
0
0
0
0
0
0
0
-3.0931
0
0
0
0
0
0
0
0
-2.6229
0
0
0
0
0
0
0
5.716
0
0
0
0
0
0
-3.9545
0
0
0
0
0
0
0
0
0
0
0
0
0
0
0
0
0
0
-1.8145
0
0
0
0
5.769
0
0
0
0
0
0
0
0
0
0
0
0
0
0
0
0
0
0
0
0
0
-3.3262
0
0
0
0
-2.2455
0
0
0
5.5717
0
0
0
0
0
0
0
0
0
0
0
0
0
0
0
0
0
0
0
0
0
-1.1866
0
0
0
0
-1.2585
0
0
0
2.4451
0
0
0
0
0
0
0
0
0
-3.1543
0
0
0
0
0
0
0
0
0
0
0
-2.6523
0
0
0
0
0
0
0
0
5.8067
0
0
0
0
-2.0062
0
0
0
0
0
0
0
0
0
0
0
0
0
0
0
0
0
0
0
0
0
0
0
0
0
2.0062
0
0
0
0
0
0
0
0
0
0
0
0
0
0
0
0
0
0
0
0
0
-1.6077
0
0
0
0
0
0
0
0
1.6077
