13.8318
-0.71867
-0.71867
-0.71867
-0.68055
-0.80798
-0.80798
-0.80798
-0.68324
-0.68324
-0.7142
-0.68324
-0.7142
-0.66707
-0.68809
-0.71293
-0.62199
-0.83117
-0.62199
-0.95004
0
0
0
0
0
0
0
0
0
0
-0.71867
13.8318
-0.71867
-0.71867
-0.68055
-0.80798
-0.80798
-0.80798
-0.68324
-0.68324
-0.7142
-0.68324
-0.7142
-0.66707
-0.68809
-0.71293
-0.62199
-0.83117
-0.62199
-0.95004
0
0
0
0
0
0
0
0
0
0
-0.71867
-0.71867
13.8318
-0.71867
-0.68055
-0.80798
-0.80798
-0.80798
-0.68324
-0.68324
-0.7142
-0.68324
-0.7142
-0.66707
-0.68809
-0.71293
-0.62199
-0.83117
-0.62199
-0.95004
0
0
0
0
0
0
0
0
0
0
-0.71867
-0.71867
-0.71867
13.8318
-0.68055
-0.80798
-0.80798
-0.80798
-0.68324
-0.68324
-0.7142
-0.68324
-0.7142
-0.66707
-0.68809
-0.71293
-0.62199
-0.83117
-0.62199
-0.95004
0
0
0
0
0
0
0
0
0
0
-0.68055
-0.68055
-0.68055
-0.68055
11.9906
-0.7392
-0.7392
-0.7392
-0.63391
-0.63391
-0.65837
-0.63391
-0.65837
-0.61761
-0.6375
-0.65942
-0.57706
-0.76365
-0.57706
0
0
0
0
0
0
0
0
0
0
0
-0.80798
-0.80798
-0.80798
-0.80798
-0.7392
21.2353
-0.94199
-0.94199
-0.76033
-0.76033
-0.81369
-0.76033
-0.81369
-0.73578
-0.76902
-0.8015
0
0
0
0
0
0
0
0
0
0
0
0
0
-9.1656
-0.80798
-0.80798
-0.80798
-0.80798
-0.7392
-0.94199
21.2353
-0.94199
-0.76033
-0.76033
-0.81369
-0.76033
-0.81369
-0.73578
-0.76902
-0.8015
0
0
0
0
0
0
0
0
0
0
0
-9.1656
0
0
-0.80798
-0.80798
-0.80798
-0.80798
-0.7392
-0.94199
-0.94199
21.2353
-0.76033
-0.76033
-0.81369
-0.76033
-0.81369
-0.73578
-0.76902
-0.8015
0
0
0
0
0
0
0
0
-9.1656
0
0
0
0
0
-0.68324
-0.68324
-0.68324
-0.68324
-0.63391
-0.76033
-0.76033
-0.76033
10.1334
-0.60512
-0.68093
-0.60512
-0.68093
-0.61075
-0.63639
-0.66633
0
0
0
0
0
0
0
0
0
0
0
0
0
0
-0.68324
-0.68324
-0.68324
-0.68324
-0.63391
-0.76033
-0.76033
-0.76033
-0.60512
10.1334
-0.68093
-0.60512
-0.68093
-0.61075
-0.63639
-0.66633
0
0
0
0
0
0
0
0
0
0
0
0
0
0
-0.7142
-0.7142
-0.7142
-0.7142
-0.65837
-0.81369
-0.81369
-0.81369
-0.68093
-0.68093
18.507
-0.68093
-0.69165
-0.58968
-0.63497
0
0
0
0
0
0
0
0
0
0
0
0
0
-8.5916
0
-0.68324
-0.68324
-0.68324
-0.68324
-0.63391
-0.76033
-0.76033
-0.76033
-0.60512
-0.60512
-0.68093
10.1334
-0.68093
-0.61075
-0.63639
-0.66633
0
0
0
0
0
0
0
0
0
0
0
0
0
0
-0.7142
-0.7142
-0.7142
-0.7142
-0.65837
-0.81369
-0.81369
-0.81369
-0.68093
-0.68093
-0.69165
-0.68093
18.507
-0.58968
-0.63497
0
0
0
0
0
0
0
0
-8.5916
0
0
0
0
0
0
-0.66707
-0.66707
-0.66707
-0.66707
-0.61761
-0.73578
-0.73578
-0.73578
-0.61075
-0.61075
-0.58968
-0.61075
-0.58968
8.794
0
0
0
0
0
0
0
0
-0.28913
0
0
0
0
0
0
0
-0.68809
-0.68809
-0.68809
-0.68809
-0.6375
-0.76902
-0.76902
-0.76902
-0.63639
-0.63639
-0.63497
-0.63639
-0.63497
0
8.876
0
0
0
0
0
0
0
0
0
0
0
0
0
0
0
-0.71293
-0.71293
-0.71293
-0.71293
-0.65942
-0.8015
-0.8015
-0.8015
-0.66633
-0.66633
0
-0.66633
0
0
0
7.9146
0
0
0
0
0
0
0
0
0
0
0
0
0
0
-0.62199
-0.62199
-0.62199
-0.62199
-0.57706
0
0
0
0
0
0
0
0
0
0
0
3.1695
0
0
0
0
0
0
0
0
0
-0.1045
0
0
0
-0.83117
-0.83117
-0.83117
-0.83117
-0.76365
0
0
0
0
0
0
0
0
0
0
0
0
4.4349
0
0
-0.34659
0
0
0
0
0
0
0
0
0
-0.62199
-0.62199
-0.62199
-0.62199
-0.57706
0
0
0
0
0
0
0
0
0
0
0
0
0
3.1695
0
0
0
0
0
0
-0.1045
0
0
0
0
-0.95004
-0.95004
-0.95004
-0.95004
0
0
0
0
0
0
0
0
0
0
0
0
0
0
0
3.8002
0
0
0
0
0
0
0
0
0
0
0
0
0
0
0
0
0
0
0
0
0
0
0
0
0
0
0
-0.34659
0
0
2.0684
-1.7218
0
0
0
0
0
0
0
0
0
0
0
0
0
0
0
0
0
0
0
0
0
0
0
0
0
0
0
0
-1.7218
2.9392
-1.2174
0
0
0
0
0
0
0
0
0
0
0
0
0
0
0
0
0
0
0
0
-0.28913
0
0
0
0
0
0
0
-1.2174
1.5065
0
0
0
0
0
0
0
0
0
0
0
0
0
0
0
0
0
0
0
-8.5916
0
0
0
0
0
0
0
0
0
0
8.5916
0
0
0
0
0
0
0
0
0
0
0
0
0
-9.1656
0
0
0
0
0
0
0
0
0
0
0
0
0
0
0
0
9.1656
0
0
0
0
0
0
0
0
0
0
0
0
0
0
0
0
0
0
0
0
0
0
0
-0.1045
0
0
0
0
0
0
0.1045
0
0
0
0
0
0
0
0
0
0
0
0
0
0
0
0
0
0
0
0
-0.1045
0
0
0
0
0
0
0
0
0
0.1045
0
0
0
0
0
0
0
0
0
-9.1656
0
0
0
0
0
0
0
0
0
0
0
0
0
0
0
0
0
0
0
0
9.1656
0
0
0
0
0
0
0
0
0
0
0
0
-8.5916
0
0
0
0
0
0
0
0
0
0
0
0
0
0
0
0
0
8.5916
0
0
0
0
0
0
-9.1656
0
0
0
0
0
0
0
0
0
0
0
0
0
0
0
0
0
0
0
0
0
0
0
9.1656
