17.6314
-0.61972
-0.60565
-0.60265
-0.60565
-0.60565
-0.54902
-0.57286
-0.60386
-0.57965
-0.57965
-0.576
-0.576
-0.6004
-0.54152
-0.58846
0
0
-2.9512
0
0
0
0
-5.8734
0
0
0
0
0
0
-0.61972
25.0238
-0.57847
-0.57888
-0.57847
-0.57847
-0.53123
-0.53681
-0.58365
-0.5606
-0.5606
-0.54922
-0.54922
-0.58239
-0.51231
-0.57486
0
0
0
0
0
0
0
0
-8.2745
0
0
0
0
-8.2745
-0.60565
-0.57847
13.6952
-0.56347
-0.56946
-0.56946
-0.51012
-0.51643
-0.55857
-0.53709
-0.53709
-0.53459
-0.53459
-0.55423
-0.50512
-0.54599
0
0
0
0
0
0
0
0
0
0
0
0
-5.4749
0
-0.60265
-0.57888
-0.56347
11.0423
-0.56347
-0.56347
-0.50679
-0.53093
-0.55475
-0.5335
-0.5335
-0.5298
-0.5298
-0.55072
-0.50403
-0.53945
0
0
0
-2.8571
0
0
0
0
0
0
0
0
0
0
-0.60565
-0.57847
-0.56946
-0.56347
13.6952
-0.56946
-0.51012
-0.51643
-0.55857
-0.53709
-0.53709
-0.53459
-0.53459
-0.55423
-0.50512
-0.54599
0
0
0
0
0
0
0
0
0
0
0
-5.4749
0
0
-0.60565
-0.57847
-0.56946
-0.56347
-0.56946
13.6952
-0.51012
-0.51643
-0.55857
-0.53709
-0.53709
-0.53459
-0.53459
-0.55423
-0.50512
-0.54599
0
0
0
0
0
-5.4749
0
0
0
0
0
0
0
0
-0.54902
-0.53123
-0.51012
-0.50679
-0.51012
-0.51012
7.5281
-0.47706
-0.5098
-0.49074
-0.49074
-0.48716
-0.48716
-0.50454
-0.46627
-0.49726
0
0
0
0
0
0
0
0
0
0
0
0
0
0
-0.57286
-0.53681
-0.51643
-0.53093
-0.51643
-0.51643
-0.47706
9.8857
-0.51446
-0.49468
-0.49468
-0.4861
-0.4861
-0.50908
-0.46558
0
0
-2.7681
0
0
0
0
0
0
0
0
0
0
0
0
-0.60386
-0.58365
-0.55857
-0.55475
-0.55857
-0.55857
-0.5098
-0.51446
7.1957
-0.54082
-0.54082
-0.55003
-0.55003
-0.57183
0
0
0
0
0
0
0
0
0
0
0
0
0
0
0
0
-0.57965
-0.5606
-0.53709
-0.5335
-0.53709
-0.53709
-0.49074
-0.49468
-0.54082
6.3443
-0.49413
-0.51948
-0.51948
0
0
0
0
0
0
0
0
0
0
0
0
0
0
0
0
0
-0.57965
-0.5606
-0.53709
-0.5335
-0.53709
-0.53709
-0.49074
-0.49468
-0.54082
-0.49413
6.3443
-0.51948
-0.51948
0
0
0
0
0
0
0
0
0
0
0
0
0
0
0
0
0
-0.576
-0.54922
-0.53459
-0.5298
-0.53459
-0.53459
-0.48716
-0.4861
-0.55003
-0.51948
-0.51948
7.3167
0
0
0
0
0
0
0
0
0
0
-1.4957
0
0
0
0
0
0
0
-0.576
-0.54922
-0.53459
-0.5298
-0.53459
-0.53459
-0.48716
-0.4861
-0.55003
-0.51948
-0.51948
0
7.3167
0
0
0
0
0
0
0
0
0
0
0
0
0
-1.4957
0
0
0
-0.6004
-0.58239
-0.55423
-0.55072
-0.55423
-0.55423
-0.50454
-0.50908
-0.57183
0
0
0
0
4.9816
0
0
0
0
0
0
0
0
0
0
0
0
0
0
0
0
-0.54152
-0.51231
-0.50512
-0.50403
-0.50512
-0.50512
-0.46627
-0.46558
0
0
0
0
0
0
4.1096
0
0
0
0
0
0
0
0
0
0
-0.1045
0
0
0
0
-0.58846
-0.57486
-0.54599
-0.53945
-0.54599
-0.54599
-0.49726
0
0
0
0
0
0
0
0
3.838
0
0
0
0
0
0
0
0
0
0
0
0
0
0
0
0
0
0
0
0
0
0
0
0
0
0
0
0
0
0
10.3909
0
-2.0087
-2.0819
-6.3002
0
0
0
0
0
0
0
0
0
0
0
0
0
0
0
0
-2.7681
0
0
0
0
0
0
0
0
0
4.2954
0
0
-1.5273
0
0
0
0
0
0
0
0
0
-2.9512
0
0
0
0
0
0
0
0
0
0
0
0
0
0
0
-2.0087
0
4.96
0
0
0
0
0
0
0
0
0
0
0
0
0
0
-2.8571
0
0
0
0
0
0
0
0
0
0
0
0
-2.0819
0
0
4.939
0
0
0
0
0
0
0
0
0
0
0
0
0
0
0
0
0
0
0
0
0
0
0
0
0
0
-6.3002
-1.5273
0
0
7.8276
0
0
0
0
0
0
0
0
0
0
0
0
0
0
-5.4749
0
0
0
0
0
0
0
0
0
0
0
0
0
0
0
5.4749
0
0
0
0
0
0
0
0
0
0
0
0
0
0
0
0
0
0
0
-1.4957
0
0
0
0
0
0
0
0
0
0
1.4957
0
0
0
0
0
0
0
-5.8734
0
0
0
0
0
0
0
0
0
0
0
0
0
0
0
0
0
0
0
0
0
0
5.8734
0
0
0
0
0
0
0
-8.2745
0
0
0
0
0
0
0
0
0
0
0
0
0
0
0
0
0
0
0
0
0
0
8.2745
0
0
0
0
0
0
0
0
0
0
0
0
0
0
0
0
0
0
0
-0.1045
0
0
0
0
0
0
0
0
0
0
0.1045
0
0
0
0
0
0
0
0
0
0
0
0
0
0
0
0
-1.4957
0
0
0
0
0
0
0
0
0
0
0
0
0
1.4957
0
0
0
0
0
0
0
-5.4749
0
0
0
0
0
0
0
0
0
0
0
0
0
0
0
0
0
0
0
0
0
0
5.4749
0
0
0
0
-5.4749
0
0
0
0
0
0
0
0
0
0
0
0
0
0
0
0
0
0
0
0
0
0
0
0
0
5.4749
0
0
-8.2745
0
0
0
0
0
0
0
0
0
0
0
0
0
0
0
0
0
0
0
0
0
0
0
0
0
0
0
8.2745
