26.208
-0.85997
-0.82969
-0.70775
-0.70775
-0.72256
-0.73959
-0.61297
-0.61297
-0.61297
-0.59491
-0.69936
-0.7272
-0.66159
-0.66159
-0.64068
0
0
0
0
0
0
0
-7.9082
0
0
0
0
-7.9082
0
-0.85997
20.1296
-0.88869
-0.77956
-0.77956
-0.76085
-0.78356
-0.64862
-0.64862
-0.64862
-0.62974
-0.78091
-0.77461
-0.69699
-0.69699
-0.67458
-3.6645
0
0
0
0
-5.4132
0
0
0
0
0
0
0
0
-0.82969
-0.88869
14.2495
-0.7354
-0.7354
-0.73103
-0.70581
-0.61396
-0.61396
-0.61396
-0.59615
-0.74289
-0.7373
-0.65908
-0.65908
-0.63787
0
0
0
-0.41453
0
0
-3.3347
0
0
0
0
0
0
0
-0.70775
-0.77956
-0.7354
14.4857
-0.66678
-0.66727
-0.67514
-0.54797
-0.54797
-0.54797
-0.53158
-0.64718
-0.6495
-0.58956
-0.58956
-0.57046
0
0
0
0
0
0
0
0
0
0
0
-5.032
0
0
-0.70775
-0.77956
-0.7354
-0.66678
14.4857
-0.66727
-0.67514
-0.54797
-0.54797
-0.54797
-0.53158
-0.64718
-0.6495
-0.58956
-0.58956
-0.57046
0
0
0
0
0
0
0
0
0
-5.032
0
0
0
0
-0.72256
-0.76085
-0.73103
-0.66727
-0.66727
11.4043
-0.66632
-0.54308
-0.54308
-0.54308
-0.52697
-0.65309
-0.64809
-0.58362
-0.58362
-0.56448
0
0
-1.9998
0
0
0
0
0
0
0
0
0
0
0
-0.73959
-0.78356
-0.70581
-0.67514
-0.67514
-0.66632
12.6474
-0.54527
-0.54527
-0.54527
-0.5291
-0.664
-0.65147
-0.58494
-0.58494
-0.56581
0
0
0
0
0
0
-3.1857
0
0
0
0
0
0
0
-0.61297
-0.64862
-0.61396
-0.54797
-0.54797
-0.54308
-0.54527
7.9635
-0.44777
-0.44777
-0.44409
-0.55398
-0.54731
-0.49317
-0.49317
-0.47642
0
0
0
0
0
0
0
0
0
0
0
0
0
0
-0.61297
-0.64862
-0.61396
-0.54797
-0.54797
-0.54308
-0.54527
-0.44777
7.9635
-0.44777
-0.44409
-0.55398
-0.54731
-0.49317
-0.49317
-0.47642
0
0
0
0
0
0
0
0
0
0
0
0
0
0
-0.61297
-0.64862
-0.61396
-0.54797
-0.54797
-0.54308
-0.54527
-0.44777
-0.44777
7.9635
-0.44409
-0.55398
-0.54731
-0.49317
-0.49317
-0.47642
0
0
0
0
0
0
0
0
0
0
0
0
0
0
-0.59491
-0.62974
-0.59615
-0.53158
-0.53158
-0.52697
-0.5291
-0.44409
-0.44409
-0.44409
7.2441
-0.51883
-0.51227
-0.47034
-0.47034
0
0
0
0
0
0
0
0
0
0
0
0
0
0
0
-0.69936
-0.78091
-0.74289
-0.64718
-0.64718
-0.65309
-0.664
-0.55398
-0.55398
-0.55398
-0.51883
9.4417
0
0
0
0
0
0
0
0
0
0
0
0
-2.4263
0
0
0
0
0
-0.7272
-0.77461
-0.7373
-0.6495
-0.6495
-0.64809
-0.65147
-0.54731
-0.54731
-0.54731
-0.51227
0
7.6348
0
0
0
0
0
0
0
-0.64289
0
0
0
0
0
0
0
0
0
-0.66159
-0.69699
-0.65908
-0.58956
-0.58956
-0.58362
-0.58494
-0.49317
-0.49317
-0.49317
-0.47034
0
0
6.3152
0
0
0
0
0
0
0
0
0
0
0
0
0
0
0
0
-0.66159
-0.69699
-0.65908
-0.58956
-0.58956
-0.58362
-0.58494
-0.49317
-0.49317
-0.49317
-0.47034
0
0
0
6.3152
0
0
0
0
0
0
0
0
0
0
0
0
0
0
0
-0.64068
-0.67458
-0.63787
-0.57046
-0.57046
-0.56448
-0.56581
-0.47642
-0.47642
-0.47642
0
0
0
0
0
5.6536
0
0
0
0
0
0
0
0
0
0
0
0
0
0
0
-3.6645
0
0
0
0
0
0
0
0
0
0
0
0
0
0
7.5453
-2.1848
0
0
0
-1.696
0
0
0
0
0
0
0
0
0
0
0
0
0
0
0
0
0
0
0
0
0
0
0
0
-2.1848
6.6093
-1.9538
-2.4708
0
0
0
0
0
0
0
0
0
0
0
0
0
0
0
-1.9998
0
0
0
0
0
0
0
0
0
0
0
-1.9538
5.9606
0
-2.007
0
0
0
0
0
0
0
0
0
0
0
-0.41453
0
0
0
0
0
0
0
0
0
0
0
0
0
0
-2.4708
0
4.8685
0
0
0
0
0
0
-1.9832
0
0
0
0
0
0
0
0
0
0
0
0
0
0
0
-0.64289
0
0
0
0
0
-2.007
0
4.8206
0
0
0
0
0
0
0
0
-2.1708
0
-5.4132
0
0
0
0
0
0
0
0
0
0
0
0
0
0
-1.696
0
0
0
0
7.1092
0
0
0
0
0
0
0
0
0
0
-3.3347
0
0
0
-3.1857
0
0
0
0
0
0
0
0
0
0
0
0
0
0
0
6.5204
0
0
0
0
0
0
0
-7.9082
0
0
0
0
0
0
0
0
0
0
0
0
0
0
0
0
0
0
0
0
0
0
7.9082
0
0
0
0
0
0
0
0
0
0
0
0
0
0
0
0
0
-2.4263
0
0
0
0
0
0
0
0
0
0
0
0
2.4263
0
0
0
0
0
0
0
0
0
-5.032
0
0
0
0
0
0
0
0
0
0
0
0
0
0
0
0
0
0
0
0
5.032
0
0
0
0
0
0
0
0
0
0
0
0
0
0
0
0
0
0
0
0
0
0
0
-1.9832
0
0
0
0
0
0
1.9832
0
0
0
0
0
0
-5.032
0
0
0
0
0
0
0
0
0
0
0
0
0
0
0
0
0
0
0
0
0
0
0
5.032
0
0
-7.9082
0
0
0
0
0
0
0
0
0
0
0
0
0
0
0
0
0
0
0
0
0
0
0
0
0
0
0
7.9082
0
0
0
0
0
0
0
0
0
0
0
0
0
0
0
0
0
0
0
0
0
-2.1708
0
0
0
0
0
0
0
0
2.1708
