26.5692
-0.95693
-0.97124
-0.82411
-0.82411
-0.82411
-0.84083
-0.82384
-0.82411
-0.80436
-0.82772
-0.81657
-0.8247
-0.81657
-0.77206
-0.82214
-0.88933
-0.79315
-0.86563
0
0
0
-1.2644
0
0
0
0
0
-10.1833
0
-0.95693
16.5478
-1.0106
-0.84049
-0.84049
-0.84049
-0.84941
-0.86646
-0.84049
-0.84778
-0.84175
-0.83119
-0.8583
-0.83119
-0.78553
-0.83544
-0.90131
-0.82053
-0.87225
0
0
-1.0772
0
0
0
0
0
0
0
0
-0.97124
-1.0106
25.9979
-0.86358
-0.86358
-0.86358
-0.88958
-0.88197
-0.86358
-0.8541
-0.86401
-0.85285
-0.86415
-0.85285
-0.8057
-0.8584
-0.92857
-0.84354
-0.90259
0
0
0
0
0
0
-10.1634
0
0
0
0
-0.82411
-0.84049
-0.86358
13.2286
-0.68089
-0.68089
-0.73795
-0.77657
-0.68089
-0.71036
-0.71459
-0.70567
-0.72441
-0.70567
-0.66671
-0.70835
-0.76248
-0.70141
-0.74363
0
0
0
0
0
0
0
0
0
0
0
-0.82411
-0.84049
-0.86358
-0.68089
13.2286
-0.68089
-0.73795
-0.77657
-0.68089
-0.71036
-0.71459
-0.70567
-0.72441
-0.70567
-0.66671
-0.70835
-0.76248
-0.70141
-0.74363
0
0
0
0
0
0
0
0
0
0
0
-0.82411
-0.84049
-0.86358
-0.68089
-0.68089
13.2286
-0.73795
-0.77657
-0.68089
-0.71036
-0.71459
-0.70567
-0.72441
-0.70567
-0.66671
-0.70835
-0.76248
-0.70141
-0.74363
0
0
0
0
0
0
0
0
0
0
0
-0.84083
-0.84941
-0.88958
-0.73795
-0.73795
-0.73795
13.6726
-0.79477
-0.73795
-0.69731
-0.72099
-0.71107
-0.7269
-0.71107
-0.67127
-0.71284
-0.76595
-0.70183
0
0
0
-0.92701
0
0
0
0
0
0
0
0
-0.82384
-0.86646
-0.88197
-0.77657
-0.77657
-0.77657
-0.79477
13.4071
-0.77657
-0.6429
-0.70742
-0.69617
-0.69946
-0.69617
-0.65634
-0.69707
-0.74908
0
0
-0.27306
0
0
-1.1161
0
0
0
0
0
0
0
-0.82411
-0.84049
-0.86358
-0.68089
-0.68089
-0.68089
-0.73795
-0.77657
13.2286
-0.71036
-0.71459
-0.70567
-0.72441
-0.70567
-0.66671
-0.70835
-0.76248
-0.70141
-0.74363
0
0
0
0
0
0
0
0
0
0
0
-0.80436
-0.84778
-0.8541
-0.71036
-0.71036
-0.71036
-0.69731
-0.6429
-0.71036
20.6743
-0.69966
-0.69872
-0.69773
-0.69872
-0.65549
-0.69904
0
0
0
0
-0.56804
0
0
0
0
0
0
0
0
-9.269
-0.82772
-0.84175
-0.86401
-0.71459
-0.71459
-0.71459
-0.72099
-0.70742
-0.71459
-0.69966
11.8606
-0.71804
-0.74072
-0.71804
-0.67278
-0.71834
-0.77272
0
0
0
0
0
0
0
0
0
0
0
0
0
-0.81657
-0.83119
-0.85285
-0.70567
-0.70567
-0.70567
-0.71107
-0.69617
-0.70567
-0.69872
-0.71804
10.9146
-0.74511
-0.67642
-0.64445
-0.7013
0
0
0
0
0
0
0
0
0
0
0
0
0
0
-0.8247
-0.8583
-0.86415
-0.72441
-0.72441
-0.72441
-0.7269
-0.69946
-0.72441
-0.69773
-0.74072
-0.74511
19.2787
-0.74511
-0.62234
0
0
0
0
0
0
0
0
0
0
0
-8.8565
0
0
0
-0.81657
-0.83119
-0.85285
-0.70567
-0.70567
-0.70567
-0.71107
-0.69617
-0.70567
-0.69872
-0.71804
-0.67642
-0.74511
10.9146
-0.64445
-0.7013
0
0
0
0
0
0
0
0
0
0
0
0
0
0
-0.77206
-0.78553
-0.8057
-0.66671
-0.66671
-0.66671
-0.67127
-0.65634
-0.66671
-0.65549
-0.67278
-0.64445
-0.62234
-0.64445
9.5973
0
0
0
0
0
0
0
0
0
0
0
0
0
0
0
-0.82214
-0.83544
-0.8584
-0.70835
-0.70835
-0.70835
-0.71284
-0.69707
-0.70835
-0.69904
-0.71834
-0.7013
0
-0.7013
0
9.5793
0
0
0
0
0
0
0
0
0
0
0
0
0
0
-0.88933
-0.90131
-0.92857
-0.76248
-0.76248
-0.76248
-0.76595
-0.74908
-0.76248
0
-0.77272
0
0
0
0
0
8.0569
0
0
0
0
0
0
0
0
0
0
0
0
0
-0.79315
-0.82053
-0.84354
-0.70141
-0.70141
-0.70141
-0.70183
0
-0.70141
0
0
0
0
0
0
0
0
6.5907
0
0
-0.62604
0
0
0
0
0
0
0
0
0
-0.86563
-0.87225
-0.90259
-0.74363
-0.74363
-0.74363
0
0
-0.74363
0
0
0
0
0
0
0
0
0
5.615
0
0
0
0
0
0
0
0
0
0
0
0
0
0
0
0
0
0
-0.27306
0
0
0
0
0
0
0
0
0
0
0
2.4815
0
-1.5414
0
-0.667
0
0
0
0
0
0
0
0
0
0
0
0
0
0
0
-0.56804
0
0
0
0
0
0
0
-0.62604
0
0
1.8689
0
0
0
0
0
0
-0.67486
0
0
0
-1.0772
0
0
0
0
-0.92701
0
0
0
0
0
0
0
0
0
0
0
0
-1.5414
0
3.5456
0
0
0
0
0
0
0
0
-1.2644
0
0
0
0
0
0
-1.1161
0
0
0
0
0
0
0
0
0
0
0
0
0
0
4.2396
0
-1.8591
0
0
0
0
0
0
0
0
0
0
0
0
0
0
0
0
0
0
0
0
0
0
0
0
-0.667
0
0
0
0.667
0
0
0
0
0
0
0
0
0
0
0
0
0
0
0
0
0
0
0
0
0
0
0
0
0
0
0
0
-1.8591
0
1.8591
0
0
0
0
0
0
0
-10.1634
0
0
0
0
0
0
0
0
0
0
0
0
0
0
0
0
0
0
0
0
0
0
10.1634
0
0
0
0
0
0
0
0
0
0
0
0
0
0
0
0
-8.8565
0
0
0
0
0
0
0
0
0
0
0
0
0
8.8565
0
0
0
0
0
0
0
0
0
0
0
0
0
0
0
0
0
0
0
0
0
0
0
-0.67486
0
0
0
0
0
0
0.67486
0
0
-10.1833
0
0
0
0
0
0
0
0
0
0
0
0
0
0
0
0
0
0
0
0
0
0
0
0
0
0
0
10.1833
0
0
0
0
0
0
0
0
0
0
-9.269
0
0
0
0
0
0
0
0
0
0
0
0
0
0
0
0
0
0
0
9.269
