31.9891
-0.59397
-0.67111
-0.65023
-0.65023
-0.65023
-0.53225
-0.53225
-0.58878
-0.60262
-0.60262
-0.60262
-0.62365
-0.62365
-0.61886
-0.61886
-0.61886
-0.76635
-0.64023
-0.64023
-3.3553
0
0
0
0
0
-8.4031
0
0
-8.4031
-0.59397
27.4096
-0.67266
-0.64859
-0.64859
-0.64859
-0.52627
-0.52627
-0.58336
-0.60001
-0.60001
-0.60001
-0.62096
-0.62096
-0.61618
-0.61618
-0.61618
-0.76546
-0.64061
-0.64061
0
0
-7.8121
0
0
0
0
0
-7.8121
0
-0.67111
-0.67266
15.6483
-0.68481
-0.68481
-0.68481
-0.62715
-0.62715
-0.64833
-0.63779
-0.63779
-0.63779
-0.66005
-0.66005
-0.65498
-0.65498
-0.65498
-0.78537
-0.64653
-0.64653
-3.0707
0
0
0
0
0
0
0
0
0
-0.65023
-0.64859
-0.68481
12.1785
-0.65322
-0.65322
-0.60644
-0.60644
-0.62513
-0.61682
-0.61682
-0.61682
-0.63835
-0.63835
-0.63345
-0.63345
-0.63345
-0.76321
-0.62985
-0.62985
0
0
0
0
0
0
0
0
0
0
-0.65023
-0.64859
-0.68481
-0.65322
12.1785
-0.65322
-0.60644
-0.60644
-0.62513
-0.61682
-0.61682
-0.61682
-0.63835
-0.63835
-0.63345
-0.63345
-0.63345
-0.76321
-0.62985
-0.62985
0
0
0
0
0
0
0
0
0
0
-0.65023
-0.64859
-0.68481
-0.65322
-0.65322
12.1785
-0.60644
-0.60644
-0.62513
-0.61682
-0.61682
-0.61682
-0.63835
-0.63835
-0.63345
-0.63345
-0.63345
-0.76321
-0.62985
-0.62985
0
0
0
0
0
0
0
0
0
0
-0.53225
-0.52627
-0.62715
-0.60644
-0.60644
-0.60644
21.5287
-0.47252
-0.53079
-0.53887
-0.53887
-0.53887
-0.55777
-0.55777
-0.55347
-0.55347
-0.55347
0
0
0
0
0
0
-6.3139
-6.3139
0
0
0
0
0
-0.53225
-0.52627
-0.62715
-0.60644
-0.60644
-0.60644
-0.47252
21.5287
-0.53079
-0.53887
-0.53887
-0.53887
-0.55777
-0.55777
-0.55347
-0.55347
-0.55347
0
0
0
0
-6.3139
0
0
0
0
0
-6.3139
0
0
-0.58878
-0.58336
-0.64833
-0.62513
-0.62513
-0.62513
-0.53079
-0.53079
13.2916
-0.56531
-0.56531
-0.56531
-0.58509
-0.58509
-0.58058
-0.58058
-0.58058
-0.7119
0
0
0
0
0
0
0
-3.2144
0
0
0
0
-0.60262
-0.60001
-0.63779
-0.61682
-0.61682
-0.61682
-0.53887
-0.53887
-0.56531
9.4138
-0.57053
-0.57053
-0.59048
-0.59048
-0.58594
-0.58594
-0.58594
0
0
0
0
0
0
0
0
0
0
0
0
0
-0.60262
-0.60001
-0.63779
-0.61682
-0.61682
-0.61682
-0.53887
-0.53887
-0.56531
-0.57053
9.4138
-0.57053
-0.59048
-0.59048
-0.58594
-0.58594
-0.58594
0
0
0
0
0
0
0
0
0
0
0
0
0
-0.60262
-0.60001
-0.63779
-0.61682
-0.61682
-0.61682
-0.53887
-0.53887
-0.56531
-0.57053
-0.57053
9.4138
-0.59048
-0.59048
-0.58594
-0.58594
-0.58594
0
0
0
0
0
0
0
0
0
0
0
0
0
-0.62365
-0.62096
-0.66005
-0.63835
-0.63835
-0.63835
-0.55777
-0.55777
-0.58509
-0.59048
-0.59048
-0.59048
7.9207
-0.62891
0
0
0
0
0
0
0
0
0
0
0
0
0
0
0
0
-0.62365
-0.62096
-0.66005
-0.63835
-0.63835
-0.63835
-0.55777
-0.55777
-0.58509
-0.59048
-0.59048
-0.59048
-0.62891
7.9207
0
0
0
0
0
0
0
0
0
0
0
0
0
0
0
0
-0.61886
-0.61618
-0.65498
-0.63345
-0.63345
-0.63345
-0.55347
-0.55347
-0.58058
-0.58594
-0.58594
-0.58594
0
0
7.2357
0
0
0
0
0
0
0
0
0
0
0
0
0
0
0
-0.61886
-0.61618
-0.65498
-0.63345
-0.63345
-0.63345
-0.55347
-0.55347
-0.58058
-0.58594
-0.58594
-0.58594
0
0
0
7.2357
0
0
0
0
0
0
0
0
0
0
0
0
0
0
-0.61886
-0.61618
-0.65498
-0.63345
-0.63345
-0.63345
-0.55347
-0.55347
-0.58058
-0.58594
-0.58594
-0.58594
0
0
0
0
7.2357
0
0
0
0
0
0
0
0
0
0
0
0
0
-0.76635
-0.76546
-0.78537
-0.76321
-0.76321
-0.76321
0
0
-0.7119
0
0
0
0
0
0
0
0
5.3187
0
0
0
0
0
0
0
0
0
0
0
0
-0.64023
-0.64061
-0.64653
-0.62985
-0.62985
-0.62985
0
0
0
0
0
0
0
0
0
0
0
0
3.8169
0
0
0
0
0
0
0
0
0
0
0
-0.64023
-0.64061
-0.64653
-0.62985
-0.62985
-0.62985
0
0
0
0
0
0
0
0
0
0
0
0
0
3.8169
0
0
0
0
0
0
0
0
0
0
-3.3553
0
-3.0707
0
0
0
0
0
0
0
0
0
0
0
0
0
0
0
0
0
6.4259
0
0
0
0
0
0
0
0
0
0
0
0
0
0
0
0
-6.3139
0
0
0
0
0
0
0
0
0
0
0
0
0
6.3139
0
0
0
0
0
0
0
0
0
-7.8121
0
0
0
0
0
0
0
0
0
0
0
0
0
0
0
0
0
0
0
0
7.8121
0
0
0
0
0
0
0
0
0
0
0
0
0
-6.3139
0
0
0
0
0
0
0
0
0
0
0
0
0
0
0
0
6.3139
0
0
0
0
0
0
0
0
0
0
0
0
-6.3139
0
0
0
0
0
0
0
0
0
0
0
0
0
0
0
0
0
6.3139
0
0
0
0
0
0
0
0
0
0
0
0
0
-3.2144
0
0
0
0
0
0
0
0
0
0
0
0
0
0
0
0
3.2144
0
0
0
0
-8.4031
0
0
0
0
0
0
0
0
0
0
0
0
0
0
0
0
0
0
0
0
0
0
0
0
0
8.4031
0
0
0
0
0
0
0
0
0
0
-6.3139
0
0
0
0
0
0
0
0
0
0
0
0
0
0
0
0
0
0
0
6.3139
0
0
0
-7.8121
0
0
0
0
0
0
0
0
0
0
0
0
0
0
0
0
0
0
0
0
0
0
0
0
0
0
7.8121
0
-8.4031
0
0
0
0
0
0
0
0
0
0
0
0
0
0
0
0
0
0
0
0
0
0
0
0
0
0
0
0
8.4031
