20.6912
-0.63501
-0.61927
-0.56616
-0.57176
-0.59279
-0.57176
-0.56354
-0.53226
-0.57155
-0.57155
-0.57755
-0.52039
-0.52039
-0.63559
-0.64467
-0.59583
0
0
0
0
0
-11.4011
0
0
0
0
0
0
0
-0.63501
9.1765
-0.63501
-0.55921
-0.55666
-0.57872
-0.55666
-0.53372
-0.51151
-0.54892
-0.54892
-0.55639
-0.49953
-0.49953
0
-0.64407
0
0
-0.2957
-0.26058
-0.75632
0
0
0
0
0
0
0
0
0
-0.61927
-0.63501
20.6912
-0.56616
-0.57176
-0.59279
-0.57176
-0.56354
-0.53226
-0.57155
-0.57155
-0.57755
-0.52039
-0.52039
-0.63559
-0.64467
-0.59583
0
0
0
0
0
0
-11.4011
0
0
0
0
0
0
-0.56616
-0.55921
-0.56616
8.6678
-0.53687
-0.56104
-0.53687
-0.52234
-0.49623
-0.53181
-0.53181
-0.54184
-0.48319
-0.48319
-0.59841
-0.60741
-0.54525
0
0
0
0
0
0
0
0
0
0
0
0
0
-0.57176
-0.55666
-0.57176
-0.53687
8.0738
-0.59506
-0.5167
-0.51623
-0.49261
-0.52996
-0.52996
-0.53885
-0.47935
-0.47935
-0.60963
0
-0.54906
0
0
0
0
0
0
0
0
0
0
0
0
0
-0.59279
-0.57872
-0.59279
-0.56104
-0.59506
32.19
-0.59506
-0.53886
-0.50912
-0.55765
-0.55765
-0.53662
-0.50313
-0.50313
0
0
0
0
0
0
0
-12.4842
0
0
-12.4842
0
0
0
0
0
-0.57176
-0.55666
-0.57176
-0.53687
-0.5167
-0.59506
8.0738
-0.51623
-0.49261
-0.52996
-0.52996
-0.53885
-0.47935
-0.47935
-0.60963
0
-0.54906
0
0
0
0
0
0
0
0
0
0
0
0
0
-0.56354
-0.53372
-0.56354
-0.52234
-0.51623
-0.53886
-0.51623
7.384
-0.47463
-0.52083
-0.52083
-0.52211
-0.46276
-0.46276
0
0
0
0
0
0
-0.66563
0
0
0
0
0
0
0
0
0
-0.53226
-0.51151
-0.53226
-0.49623
-0.49261
-0.50912
-0.49261
-0.47463
6.203
-0.51093
-0.51093
0
-0.42602
-0.42602
0
0
0
0
-0.28784
0
0
0
0
0
0
0
0
0
0
0
-0.57155
-0.54892
-0.57155
-0.53181
-0.52996
-0.55765
-0.52996
-0.52083
-0.51093
6.8578
-0.49683
-0.54623
-0.4708
-0.4708
0
0
0
0
0
0
0
0
0
0
0
0
0
0
0
0
-0.57155
-0.54892
-0.57155
-0.53181
-0.52996
-0.55765
-0.52996
-0.52083
-0.51093
-0.49683
6.8578
-0.54623
-0.4708
-0.4708
0
0
0
0
0
0
0
0
0
0
0
0
0
0
0
0
-0.57755
-0.55639
-0.57755
-0.54184
-0.53885
-0.53662
-0.53885
-0.52211
0
-0.54623
-0.54623
14.4043
0
0
0
0
0
0
0
-0.26705
0
0
0
0
0
0
0
-8.6551
0
0
-0.52039
-0.49953
-0.52039
-0.48319
-0.47935
-0.50313
-0.47935
-0.46276
-0.42602
-0.4708
-0.4708
0
5.7199
-0.40422
0
0
0
0
0
0
0
0
0
0
0
0
0
0
0
0
-0.52039
-0.49953
-0.52039
-0.48319
-0.47935
-0.50313
-0.47935
-0.46276
-0.42602
-0.4708
-0.4708
0
-0.40422
5.7199
0
0
0
0
0
0
0
0
0
0
0
0
0
0
0
0
-0.63559
0
-0.63559
-0.59841
-0.60963
0
-0.60963
0
0
0
0
0
0
0
6.7483
-0.58913
0
0
0
0
0
0
0
0
0
0
-3.0704
0
0
0
-0.64467
-0.64407
-0.64467
-0.60741
0
0
0
0
0
0
0
0
0
0
-0.58913
3.2344
0
-0.1045
0
0
0
0
0
0
0
0
0
0
0
0
-0.59583
0
-0.59583
-0.54525
-0.54906
0
-0.54906
0
0
0
0
0
0
0
0
0
2.835
0
0
0
0
0
0
0
0
0
0
0
0
0
0
0
0
0
0
0
0
0
0
0
0
0
0
0
0
-0.1045
0
1.8246
0
0
-1.3137
0
0
0
0
0
0
0
0
-0.40637
0
-0.2957
0
0
0
0
0
0
-0.28784
0
0
0
0
0
0
0
0
0
0.85699
0
0
0
0
0
0
-0.27345
0
0
0
0
0
-0.26058
0
0
0
0
0
0
0
0
0
-0.26705
0
0
0
0
0
0
0
0.70287
0
0
0
0
0
0
0
0
-0.17523
0
0
-0.75632
0
0
0
0
0
-0.66563
0
0
0
0
0
0
0
0
0
-1.3137
0
0
2.7357
0
0
0
0
0
0
0
0
0
0
0
0
0
0
-12.4842
0
0
0
0
0
0
0
0
0
0
0
0
0
0
0
12.4842
0
0
0
0
0
0
0
0
-11.4011
0
0
0
0
0
0
0
0
0
0
0
0
0
0
0
0
0
0
0
0
0
11.4011
0
0
0
0
0
0
0
0
0
-11.4011
0
0
0
0
0
0
0
0
0
0
0
0
0
0
0
0
0
0
0
0
11.4011
0
0
0
0
0
0
0
0
0
0
0
-12.4842
0
0
0
0
0
0
0
0
0
0
0
0
0
0
0
0
0
0
12.4842
0
0
0
0
0
0
0
0
0
0
0
0
0
0
0
0
0
0
0
0
0
0
0
-0.27345
0
0
0
0
0
0
0.27345
0
0
0
0
0
0
0
0
0
0
0
0
0
0
0
0
0
0
-3.0704
0
0
0
0
0
0
0
0
0
0
0
3.0704
0
0
0
0
0
0
0
0
0
0
0
0
0
0
-8.6551
0
0
0
0
0
0
0
0
0
0
0
0
0
0
0
8.6551
0
0
0
0
0
0
0
0
0
0
0
0
0
0
0
0
0
0
0
0
0
-0.17523
0
0
0
0
0
0
0
0
0.17523
0
0
0
0
0
0
0
0
0
0
0
0
0
0
0
0
0
0
-0.40637
0
0
0
0
0
0
0
0
0
0
0
0.40637
