25.4314
-1.0009
-0.96833
-0.95544
-0.93992
-0.93992
-0.93338
-0.81043
-0.78615
-0.78615
-0.78615
-0.78615
-0.73052
-0.75882
-0.77481
-0.80954
-0.83669
-0.81182
-0.85498
0
-0.4965
0
0
0
0
0
0
0
0
-9.6647
-1.0009
25.4603
-0.96202
-0.95771
-0.93683
-0.93683
-0.93
-0.81124
-0.78149
-0.78149
-0.78149
-0.78149
-0.72553
-0.75984
-0.77137
-0.80395
-0.83067
-0.80535
-0.84671
0
0
-0.5439
-9.7114
0
0
0
0
0
0
0
-0.96833
-0.96202
23.5475
-0.94239
-0.92934
-0.92934
-0.92322
-0.76307
-0.75901
-0.75901
-0.75901
-0.75901
-0.68233
-0.7067
-0.72072
-0.75755
-0.78261
-0.75933
0
0
-0.47252
0
0
0
0
0
-9.2121
0
0
0
-0.95544
-0.95771
-0.94239
23.7744
-0.89434
-0.89434
-0.88871
-0.76518
-0.73553
-0.73553
-0.73553
-0.73553
-0.68475
-0.71558
-0.73122
-0.75956
-0.78446
-0.76105
-0.80322
0
0
0
0
0
0
-9.2943
0
0
0
0
-0.93992
-0.93683
-0.92934
-0.89434
14.6107
-0.84285
-0.86508
-0.75597
-0.71508
-0.71508
-0.71508
-0.71508
-0.666
-0.70807
-0.71229
-0.7386
-0.76275
-0.73899
-0.77651
0
0
-0.48281
0
0
0
0
0
0
0
0
-0.93992
-0.93683
-0.92934
-0.89434
-0.84285
14.6107
-0.86508
-0.75597
-0.71508
-0.71508
-0.71508
-0.71508
-0.666
-0.70807
-0.71229
-0.7386
-0.76275
-0.73899
-0.77651
0
0
-0.48281
0
0
0
0
0
0
0
0
-0.93338
-0.93
-0.92322
-0.88871
-0.86508
-0.86508
14.5634
-0.75168
-0.71672
-0.71672
-0.71672
-0.71672
-0.66726
-0.7027
-0.70963
-0.73816
-0.76012
-0.73795
-0.77855
-0.44505
0
0
0
0
0
0
0
0
0
0
-0.81043
-0.81124
-0.76307
-0.76518
-0.75597
-0.75597
-0.75168
20.2502
-0.63866
-0.63866
-0.63866
-0.63866
-0.5613
-0.57218
-0.5871
-0.62149
-0.63981
-0.61912
0
0
0
0
0
0
0
0
0
-8.681
0
0
-0.78615
-0.78149
-0.75901
-0.73553
-0.71508
-0.71508
-0.71672
-0.63866
11.849
-0.58688
-0.58688
-0.58688
-0.55424
-0.58402
-0.59194
-0.61533
-0.63436
-0.61446
-0.64628
0
0
0
0
0
0
0
0
0
0
0
-0.78615
-0.78149
-0.75901
-0.73553
-0.71508
-0.71508
-0.71672
-0.63866
-0.58688
11.849
-0.58688
-0.58688
-0.55424
-0.58402
-0.59194
-0.61533
-0.63436
-0.61446
-0.64628
0
0
0
0
0
0
0
0
0
0
0
-0.78615
-0.78149
-0.75901
-0.73553
-0.71508
-0.71508
-0.71672
-0.63866
-0.58688
-0.58688
11.849
-0.58688
-0.55424
-0.58402
-0.59194
-0.61533
-0.63436
-0.61446
-0.64628
0
0
0
0
0
0
0
0
0
0
0
-0.78615
-0.78149
-0.75901
-0.73553
-0.71508
-0.71508
-0.71672
-0.63866
-0.58688
-0.58688
-0.58688
11.849
-0.55424
-0.58402
-0.59194
-0.61533
-0.63436
-0.61446
-0.64628
0
0
0
0
0
0
0
0
0
0
0
-0.73052
-0.72553
-0.68233
-0.68475
-0.666
-0.666
-0.66726
-0.5613
-0.55424
-0.55424
-0.55424
-0.55424
10.3719
-0.52997
-0.53428
-0.56503
-0.58055
-0.56145
0
0
0
0
0
0
0
0
0
0
0
0
-0.75882
-0.75984
-0.7067
-0.71558
-0.70807
-0.70807
-0.7027
-0.57218
-0.58402
-0.58402
-0.58402
-0.58402
-0.52997
18.3187
-0.53568
-0.58082
-0.59612
0
0
0
0
0
0
0
-8.1081
0
0
0
0
0
-0.77481
-0.77137
-0.72072
-0.73122
-0.71229
-0.71229
-0.70963
-0.5871
-0.59194
-0.59194
-0.59194
-0.59194
-0.53428
-0.53568
10.1307
-0.61144
0
0
0
-0.36211
0
0
0
0
0
0
0
0
0
0
-0.80954
-0.80395
-0.75755
-0.75956
-0.7386
-0.7386
-0.73816
-0.62149
-0.61533
-0.61533
-0.61533
-0.61533
-0.56503
-0.58082
-0.61144
10.1861
0
0
0
0
0
0
0
0
0
0
0
0
0
0
-0.83669
-0.83067
-0.78261
-0.78446
-0.76275
-0.76275
-0.76012
-0.63981
-0.63436
-0.63436
-0.63436
-0.63436
-0.58055
-0.59612
0
0
9.874
0
0
0
0
0
0
0
0
0
0
0
0
0
-0.81182
-0.80535
-0.75933
-0.76105
-0.73899
-0.73899
-0.73795
-0.61912
-0.61446
-0.61446
-0.61446
-0.61446
-0.56145
0
0
0
0
8.9919
0
0
0
0
0
0
0
0
0
0
0
0
-0.85498
-0.84671
0
-0.80322
-0.77651
-0.77651
-0.77855
0
-0.64628
-0.64628
-0.64628
-0.64628
0
0
0
0
0
0
7.4216
0
0
0
0
0
0
0
0
0
0
0
0
0
0
0
0
0
-0.44505
0
0
0
0
0
0
0
-0.36211
0
0
0
0
1.0941
0
0
0
-0.28699
0
0
0
0
0
0
-0.4965
0
-0.47252
0
0
0
0
0
0
0
0
0
0
0
0
0
0
0
0
0
1.2337
0
0
0
0
0
0
0
-0.26465
0
0
-0.5439
0
0
-0.48281
-0.48281
0
0
0
0
0
0
0
0
0
0
0
0
0
0
0
1.5095
0
0
0
0
0
0
0
0
0
-9.7114
0
0
0
0
0
0
0
0
0
0
0
0
0
0
0
0
0
0
0
0
9.7114
0
0
0
0
0
0
0
0
0
0
0
0
0
0
0
0
0
0
0
0
0
0
0
0
0
0
-0.28699
0
0
0
0.28699
0
0
0
0
0
0
0
0
0
0
0
0
0
0
0
0
0
0
0
-8.1081
0
0
0
0
0
0
0
0
0
0
8.1081
0
0
0
0
0
0
0
0
-9.2943
0
0
0
0
0
0
0
0
0
0
0
0
0
0
0
0
0
0
0
0
0
9.2943
0
0
0
0
0
0
-9.2121
0
0
0
0
0
0
0
0
0
0
0
0
0
0
0
0
0
0
0
0
0
0
0
9.2121
0
0
0
0
0
0
0
0
0
0
-8.681
0
0
0
0
0
0
0
0
0
0
0
0
0
0
0
0
0
0
0
8.681
0
0
0
0
0
0
0
0
0
0
0
0
0
0
0
0
0
0
0
0
0
0
-0.26465
0
0
0
0
0
0
0
0.26465
0
-9.6647
0
0
0
0
0
0
0
0
0
0
0
0
0
0
0
0
0
0
0
0
0
0
0
0
0
0
0
0
9.6647
