29.8487
-0.79798
-0.7601
-0.7601
-0.7601
-0.7198
-0.72344
-0.77016
-0.77016
-0.77016
-0.74602
-0.59456
-0.79738
-0.79738
-0.79738
-0.72787
-0.79401
-0.79401
-0.773
-0.773
-0.74124
-0.74243
-2.5849
0
0
0
0
0
-11.3536
0
-0.79798
18.3759
-0.75594
-0.75594
-0.75594
-0.71681
-0.72152
-0.76619
-0.76619
-0.76619
-0.75494
-0.65135
-0.78776
-0.78776
-0.78776
-0.7172
-0.82648
-0.82648
-0.758
-0.758
-0.72419
-0.7215
-2.4717
0
0
0
0
0
0
0
-0.7601
-0.75594
15.0739
-0.70953
-0.70953
-0.67791
-0.6828
-0.72597
-0.72597
-0.72597
-0.70893
-0.61198
-0.74621
-0.74621
-0.74621
-0.68021
-0.77412
-0.77412
-0.7194
-0.7194
-0.68774
-0.68565
0
0
0
0
0
0
0
0
-0.7601
-0.75594
-0.70953
15.0739
-0.70953
-0.67791
-0.6828
-0.72597
-0.72597
-0.72597
-0.70893
-0.61198
-0.74621
-0.74621
-0.74621
-0.68021
-0.77412
-0.77412
-0.7194
-0.7194
-0.68774
-0.68565
0
0
0
0
0
0
0
0
-0.7601
-0.75594
-0.70953
-0.70953
15.0739
-0.67791
-0.6828
-0.72597
-0.72597
-0.72597
-0.70893
-0.61198
-0.74621
-0.74621
-0.74621
-0.68021
-0.77412
-0.77412
-0.7194
-0.7194
-0.68774
-0.68565
0
0
0
0
0
0
0
0
-0.7198
-0.71681
-0.67791
-0.67791
-0.67791
13.6152
-0.64448
-0.68479
-0.68479
-0.68479
-0.66536
-0.57295
-0.70296
-0.70296
-0.70296
-0.64103
-0.72615
-0.72615
-0.67842
-0.67842
-0.64871
0
0
0
0
0
0
0
0
0
-0.72344
-0.72152
-0.6828
-0.6828
-0.6828
-0.64448
13.04
-0.68993
-0.68993
-0.68993
-0.66771
-0.57433
-0.70728
-0.70728
-0.70728
-0.64504
-0.72829
-0.72829
-0.68343
-0.68343
0
0
0
0
0
0
0
0
0
0
-0.77016
-0.76619
-0.72597
-0.72597
-0.72597
-0.68479
-0.68993
10.86
-0.68535
-0.68535
-0.74389
-0.66441
-0.76461
-0.76461
-0.76461
-0.69816
0
0
0
0
0
0
0
0
0
0
0
0
0
0
-0.77016
-0.76619
-0.72597
-0.72597
-0.72597
-0.68479
-0.68993
-0.68535
10.86
-0.68535
-0.74389
-0.66441
-0.76461
-0.76461
-0.76461
-0.69816
0
0
0
0
0
0
0
0
0
0
0
0
0
0
-0.77016
-0.76619
-0.72597
-0.72597
-0.72597
-0.68479
-0.68993
-0.68535
-0.68535
10.86
-0.74389
-0.66441
-0.76461
-0.76461
-0.76461
-0.69816
0
0
0
0
0
0
0
0
0
0
0
0
0
0
-0.74602
-0.75494
-0.70893
-0.70893
-0.70893
-0.66536
-0.66771
-0.74389
-0.74389
-0.74389
15.8919
0
-0.71841
-0.71841
-0.71841
0
0
0
0
0
0
0
0
0
0
0
-6.5441
0
0
0
-0.59456
-0.65135
-0.61198
-0.61198
-0.61198
-0.57295
-0.57433
-0.66441
-0.66441
-0.66441
0
32.9737
0
0
0
0
0
0
0
0
0
0
0
-8.9171
-8.9171
0
0
0
0
-8.9171
-0.79738
-0.78776
-0.74621
-0.74621
-0.74621
-0.70296
-0.70728
-0.76461
-0.76461
-0.76461
-0.71841
0
8.2462
0
0
0
0
0
0
0
0
0
0
0
0
0
0
0
0
0
-0.79738
-0.78776
-0.74621
-0.74621
-0.74621
-0.70296
-0.70728
-0.76461
-0.76461
-0.76461
-0.71841
0
0
8.2462
0
0
0
0
0
0
0
0
0
0
0
0
0
0
0
0
-0.79738
-0.78776
-0.74621
-0.74621
-0.74621
-0.70296
-0.70728
-0.76461
-0.76461
-0.76461
-0.71841
0
0
0
8.2462
0
0
0
0
0
0
0
0
0
0
0
0
0
0
0
-0.72787
-0.7172
-0.68021
-0.68021
-0.68021
-0.64103
-0.64504
-0.69816
-0.69816
-0.69816
0
0
0
0
0
6.8662
0
0
0
0
0
0
0
0
0
0
0
0
0
0
-0.79401
-0.82648
-0.77412
-0.77412
-0.77412
-0.72615
-0.72829
0
0
0
0
0
0
0
0
0
5.5342
0
0
0
0
0
0
0
0
-0.13691
0
0
0
0
-0.79401
-0.82648
-0.77412
-0.77412
-0.77412
-0.72615
-0.72829
0
0
0
0
0
0
0
0
0
0
5.5342
0
0
0
0
0
0
0
0
0
-0.13691
0
0
-0.773
-0.758
-0.7194
-0.7194
-0.7194
-0.67842
-0.68343
0
0
0
0
0
0
0
0
0
0
0
5.051
0
0
0
0
0
0
0
0
0
0
0
-0.773
-0.758
-0.7194
-0.7194
-0.7194
-0.67842
-0.68343
0
0
0
0
0
0
0
0
0
0
0
0
5.051
0
0
0
0
0
0
0
0
0
0
-0.74124
-0.72419
-0.68774
-0.68774
-0.68774
-0.64871
0
0
0
0
0
0
0
0
0
0
0
0
0
0
4.1774
0
0
0
0
0
0
0
0
0
-0.74243
-0.7215
-0.68565
-0.68565
-0.68565
0
0
0
0
0
0
0
0
0
0
0
0
0
0
0
0
3.5209
0
0
0
0
0
0
0
0
-2.5849
-2.4717
0
0
0
0
0
0
0
0
0
0
0
0
0
0
0
0
0
0
0
0
5.0566
0
0
0
0
0
0
0
0
0
0
0
0
0
0
0
0
0
0
-8.9171
0
0
0
0
0
0
0
0
0
0
0
8.9171
0
0
0
0
0
0
0
0
0
0
0
0
0
0
0
0
0
-8.9171
0
0
0
0
0
0
0
0
0
0
0
0
8.9171
0
0
0
0
0
0
0
0
0
0
0
0
0
0
0
0
0
0
0
0
0
-0.13691
0
0
0
0
0
0
0
0
0.13691
0
0
0
0
0
0
0
0
0
0
0
0
0
0
-6.5441
0
0
0
0
0
0
0
0
0
0
0
0
0
0
0
6.5441
0
0
0
0
0
0
0
0
0
0
0
0
0
0
0
0
0
0
0
0
-0.13691
0
0
0
0
0
0
0
0
0
0.13691
0
0
-11.3536
0
0
0
0
0
0
0
0
0
0
0
0
0
0
0
0
0
0
0
0
0
0
0
0
0
0
0
11.3536
0
0
0
0
0
0
0
0
0
0
0
0
-8.9171
0
0
0
0
0
0
0
0
0
0
0
0
0
0
0
0
0
8.9171
