50.1303
-0.66939
-0.61886
-0.56965
-0.61886
-0.61886
-0.61886
-0.56973
-0.61143
-0.60659
-0.60659
-0.58338
-0.61758
-0.61758
-0.61528
-0.5737
-0.54796
-0.49563
-0.75478
0
0
0
0
0
0
-13.0718
0
0
-13.0718
-13.0718
-0.66939
11.3006
-0.67173
-0.6786
-0.67173
-0.67173
-0.67173
-0.61057
-0.64765
-0.64209
-0.64209
-0.61739
-0.65379
-0.65379
-0.65134
-0.61627
-0.68745
-0.60294
0
0
-0.24032
0
0
0
0
0
0
0
0
0
-0.61886
-0.67173
9.9891
-0.66184
-0.5815
-0.5815
-0.5815
-0.5461
-0.5795
-0.57404
-0.57404
-0.55215
-0.58439
-0.58439
-0.58222
-0.55365
-0.61097
-0.55073
0
0
0
0
0
0
0
0
0
0
0
0
-0.56965
-0.6786
-0.66184
30.8287
-0.66184
-0.66184
-0.66184
-0.53581
-0.58223
-0.57641
-0.57641
-0.55443
-0.5868
-0.5868
-0.58463
-0.54185
0
0
0
0
0
0
-10.9039
0
-10.9039
0
0
0
0
0
-0.61886
-0.67173
-0.5815
-0.66184
9.9891
-0.5815
-0.5815
-0.5461
-0.5795
-0.57404
-0.57404
-0.55215
-0.58439
-0.58439
-0.58222
-0.55365
-0.61097
-0.55073
0
0
0
0
0
0
0
0
0
0
0
0
-0.61886
-0.67173
-0.5815
-0.66184
-0.5815
9.9891
-0.5815
-0.5461
-0.5795
-0.57404
-0.57404
-0.55215
-0.58439
-0.58439
-0.58222
-0.55365
-0.61097
-0.55073
0
0
0
0
0
0
0
0
0
0
0
0
-0.61886
-0.67173
-0.5815
-0.66184
-0.5815
-0.5815
9.9891
-0.5461
-0.5795
-0.57404
-0.57404
-0.55215
-0.58439
-0.58439
-0.58222
-0.55365
-0.61097
-0.55073
0
0
0
0
0
0
0
0
0
0
0
0
-0.56973
-0.61057
-0.5461
-0.53581
-0.5461
-0.5461
-0.5461
8.6641
-0.52134
-0.51441
-0.51441
-0.49486
-0.52364
-0.52364
-0.52171
-0.50323
0
0
-0.64633
0
0
0
0
0
0
0
0
0
0
0
-0.61143
-0.64765
-0.5795
-0.58223
-0.5795
-0.5795
-0.5795
-0.52134
8.5958
-0.56062
-0.56062
-0.53927
-0.57072
-0.57072
-0.5686
-0.54461
0
0
0
0
0
0
0
0
0
0
0
0
0
0
-0.60659
-0.64209
-0.57404
-0.57641
-0.57404
-0.57404
-0.57404
-0.51441
-0.56062
7.9778
-0.55496
-0.53383
-0.56494
-0.56494
-0.56285
0
0
0
0
0
0
0
0
0
0
0
0
0
0
0
-0.60659
-0.64209
-0.57404
-0.57641
-0.57404
-0.57404
-0.57404
-0.51441
-0.56062
-0.55496
7.9778
-0.53383
-0.56494
-0.56494
-0.56285
0
0
0
0
0
0
0
0
0
0
0
0
0
0
0
-0.58338
-0.61739
-0.55215
-0.55443
-0.55215
-0.55215
-0.55215
-0.49486
-0.53927
-0.53383
-0.53383
7.1062
-0.5203
-0.5203
0
0
0
0
0
0
0
0
0
0
0
0
0
0
0
0
-0.61758
-0.65379
-0.58439
-0.5868
-0.58439
-0.58439
-0.58439
-0.52364
-0.57072
-0.56494
-0.56494
-0.5203
6.9403
0
0
0
0
0
0
0
0
0
0
0
0
0
0
0
0
0
-0.61758
-0.65379
-0.58439
-0.5868
-0.58439
-0.58439
-0.58439
-0.52364
-0.57072
-0.56494
-0.56494
-0.5203
0
6.9403
0
0
0
0
0
0
0
0
0
0
0
0
0
0
0
0
-0.61528
-0.65134
-0.58222
-0.58463
-0.58222
-0.58222
-0.58222
-0.52171
-0.5686
-0.56285
-0.56285
0
0
0
6.3961
0
0
0
0
0
0
0
0
0
0
0
0
0
0
0
-0.5737
-0.61627
-0.55365
-0.54185
-0.55365
-0.55365
-0.55365
-0.50323
-0.54461
0
0
0
0
0
0
5.0987
0
0
0
-0.1045
0
0
0
0
0
0
0
0
0
0
-0.54796
-0.68745
-0.61097
0
-0.61097
-0.61097
-0.61097
0
0
0
0
0
0
0
0
0
5.3584
0
0
0
-0.24749
0
0
0
0
0
0
-1.4316
0
0
-0.49563
-0.60294
-0.55073
0
-0.55073
-0.55073
-0.55073
0
0
0
0
0
0
0
0
0
0
3.7004
0
0
0
0
0
0
0
0
-0.39896
0
0
0
-0.75478
0
0
0
0
0
0
-0.64633
0
0
0
0
0
0
0
0
0
0
2.0125
-0.61135
0
0
0
0
0
0
0
0
0
0
0
0
0
0
0
0
0
0
0
0
0
0
0
0
0
-0.1045
0
0
-0.61135
1.0797
0
-0.36383
0
0
0
0
0
0
0
0
0
-0.24032
0
0
0
0
0
0
0
0
0
0
0
0
0
0
-0.24749
0
0
0
0.60302
0
0
-0.1152
0
0
0
0
0
0
0
0
0
0
0
0
0
0
0
0
0
0
0
0
0
0
0
0
0
-0.36383
0
0.36383
0
0
0
0
0
0
0
0
0
0
0
-10.9039
0
0
0
0
0
0
0
0
0
0
0
0
0
0
0
0
0
0
10.9039
0
0
0
0
0
0
0
0
0
0
0
0
0
0
0
0
0
0
0
0
0
0
0
0
0
0
0
-0.1152
0
0
0.1152
0
0
0
0
0
0
0
0
0
-10.9039
0
0
0
0
0
0
0
0
0
0
0
0
0
0
0
0
0
0
0
0
10.9039
0
0
0
0
0
-13.0718
0
0
0
0
0
0
0
0
0
0
0
0
0
0
0
0
0
0
0
0
0
0
0
0
13.0718
0
0
0
0
0
0
0
0
0
0
0
0
0
0
0
0
0
0
0
0
0
-0.39896
0
0
0
0
0
0
0
0
0.39896
0
0
0
0
0
0
0
0
0
0
0
0
0
0
0
0
0
0
0
-1.4316
0
0
0
0
0
0
0
0
0
0
1.4316
0
0
-13.0718
0
0
0
0
0
0
0
0
0
0
0
0
0
0
0
0
0
0
0
0
0
0
0
0
0
0
0
13.0718
0
-13.0718
0
0
0
0
0
0
0
0
0
0
0
0
0
0
0
0
0
0
0
0
0
0
0
0
0
0
0
0
13.0718
