34.4313
-0.90213
-0.90213
-0.92556
-0.90079
-0.83283
-0.83283
-0.83283
-0.83283
-0.83283
-0.81823
-0.73253
-0.77377
-0.78878
-0.76901
-0.78878
-0.75289
-0.75289
-0.83417
-0.83721
-0.8382
-1.151
-1.1593
-7.8199
0
0
0
-7.8199
0
0
-0.90213
19.9162
-0.95156
-0.98443
-0.99641
-0.88704
-0.88704
-0.88704
-0.88704
-0.88704
-0.90742
-0.86048
-0.82307
-0.84026
-0.85742
-0.84026
-0.80214
-0.80214
-0.88103
-0.88249
-0.8775
-1.1486
-1.1236
0
0
0
0
0
0
0
-0.90213
-0.95156
19.9162
-0.98443
-0.99641
-0.88704
-0.88704
-0.88704
-0.88704
-0.88704
-0.90742
-0.86048
-0.82307
-0.84026
-0.85742
-0.84026
-0.80214
-0.80214
-0.88103
-0.88249
-0.8775
-1.1486
-1.1236
0
0
0
0
0
0
0
-0.92556
-0.98443
-0.98443
19.3526
-1.0271
-0.91476
-0.91476
-0.91476
-0.91476
-0.91476
-0.9376
-0.89149
-0.84714
-0.86613
-0.88414
-0.86613
-0.82682
-0.82682
-0.91032
-0.91156
-0.90669
-1.1824
0
0
0
0
0
0
0
0
-0.90079
-0.99641
-0.99641
-1.0271
23.3223
-0.92379
-0.92379
-0.92379
-0.92379
-0.92379
-0.92952
-0.85835
-0.8548
-0.87389
-0.87346
-0.87389
-0.83394
-0.83394
-0.92346
-0.92555
-0.92374
0
0
0
0
0
0
0
0
-5.0781
-0.83283
-0.88704
-0.88704
-0.91476
-0.92379
16.3118
-0.79606
-0.79606
-0.79606
-0.79606
-0.85076
-0.80116
-0.75613
-0.77608
-0.7912
-0.77608
-0.74149
-0.74149
-0.81653
-0.81731
-0.81383
0
0
0
0
0
0
0
0
0
-0.83283
-0.88704
-0.88704
-0.91476
-0.92379
-0.79606
16.3118
-0.79606
-0.79606
-0.79606
-0.85076
-0.80116
-0.75613
-0.77608
-0.7912
-0.77608
-0.74149
-0.74149
-0.81653
-0.81731
-0.81383
0
0
0
0
0
0
0
0
0
-0.83283
-0.88704
-0.88704
-0.91476
-0.92379
-0.79606
-0.79606
16.3118
-0.79606
-0.79606
-0.85076
-0.80116
-0.75613
-0.77608
-0.7912
-0.77608
-0.74149
-0.74149
-0.81653
-0.81731
-0.81383
0
0
0
0
0
0
0
0
0
-0.83283
-0.88704
-0.88704
-0.91476
-0.92379
-0.79606
-0.79606
-0.79606
16.3118
-0.79606
-0.85076
-0.80116
-0.75613
-0.77608
-0.7912
-0.77608
-0.74149
-0.74149
-0.81653
-0.81731
-0.81383
0
0
0
0
0
0
0
0
0
-0.83283
-0.88704
-0.88704
-0.91476
-0.92379
-0.79606
-0.79606
-0.79606
-0.79606
16.3118
-0.85076
-0.80116
-0.75613
-0.77608
-0.7912
-0.77608
-0.74149
-0.74149
-0.81653
-0.81731
-0.81383
0
0
0
0
0
0
0
0
0
-0.81823
-0.90742
-0.90742
-0.9376
-0.92952
-0.85076
-0.85076
-0.85076
-0.85076
-0.85076
20.2414
-0.74928
-0.75961
-0.7791
-0.77175
-0.7791
-0.74263
-0.74263
-0.81952
-0.82201
0
0
0
0
0
-4.5217
0
0
0
0
-0.73253
-0.86048
-0.86048
-0.89149
-0.85835
-0.80116
-0.80116
-0.80116
-0.80116
-0.80116
-0.74928
24.8538
-0.70366
-0.73045
-0.69817
-0.73045
-0.68673
-0.68673
0
0
0
0
0
0
-5.8296
0
-5.8296
0
0
0
-0.77377
-0.82307
-0.82307
-0.84714
-0.8548
-0.75613
-0.75613
-0.75613
-0.75613
-0.75613
-0.75961
-0.70366
14.3848
-0.71882
-0.7244
-0.71882
-0.68162
-0.68162
-0.74522
-0.7485
0
0
0
0
0
0
0
0
0
0
-0.78878
-0.84026
-0.84026
-0.86613
-0.87389
-0.77608
-0.77608
-0.77608
-0.77608
-0.77608
-0.7791
-0.73045
-0.71882
13.9146
-0.7445
-0.72143
-0.68607
-0.68607
-0.75847
0
0
0
0
0
0
0
0
0
0
0
-0.76901
-0.85742
-0.85742
-0.88414
-0.87346
-0.7912
-0.7912
-0.7912
-0.7912
-0.7912
-0.77175
-0.69817
-0.7244
-0.7445
16.6426
-0.7445
-0.67935
-0.67935
0
0
0
0
0
0
0
0
0
0
-3.4031
0
-0.78878
-0.84026
-0.84026
-0.86613
-0.87389
-0.77608
-0.77608
-0.77608
-0.77608
-0.77608
-0.7791
-0.73045
-0.71882
-0.72143
-0.7445
13.9146
-0.68607
-0.68607
-0.75847
0
0
0
0
0
0
0
0
0
0
0
-0.75289
-0.80214
-0.80214
-0.82682
-0.83394
-0.74149
-0.74149
-0.74149
-0.74149
-0.74149
-0.74263
-0.68673
-0.68162
-0.68607
-0.67935
-0.68607
12.5142
-0.62636
0
0
0
0
0
0
0
0
0
0
0
0
-0.75289
-0.80214
-0.80214
-0.82682
-0.83394
-0.74149
-0.74149
-0.74149
-0.74149
-0.74149
-0.74263
-0.68673
-0.68162
-0.68607
-0.67935
-0.68607
-0.62636
12.5142
0
0
0
0
0
0
0
0
0
0
0
0
-0.83417
-0.88103
-0.88103
-0.91032
-0.92346
-0.81653
-0.81653
-0.81653
-0.81653
-0.81653
-0.81952
0
-0.74522
-0.75847
0
-0.75847
0
0
11.5943
0
0
0
0
0
0
0
0
0
0
0
-0.83721
-0.88249
-0.88249
-0.91156
-0.92555
-0.81731
-0.81731
-0.81731
-0.81731
-0.81731
-0.82201
0
-0.7485
0
0
0
0
0
0
10.0964
0
0
0
0
0
0
0
0
0
0
-0.8382
-0.8775
-0.8775
-0.90669
-0.92374
-0.81383
-0.81383
-0.81383
-0.81383
-0.81383
0
0
0
0
0
0
0
0
0
0
8.4928
0
0
0
0
0
0
0
0
0
-1.151
-1.1486
-1.1486
-1.1824
0
0
0
0
0
0
0
0
0
0
0
0
0
0
0
0
0
4.6305
0
0
0
0
0
0
0
0
-1.1593
-1.1236
-1.1236
0
0
0
0
0
0
0
0
0
0
0
0
0
0
0
0
0
0
0
3.4066
0
0
0
0
0
0
0
-7.8199
0
0
0
0
0
0
0
0
0
0
0
0
0
0
0
0
0
0
0
0
0
0
7.8199
0
0
0
0
0
0
0
0
0
0
0
0
0
0
0
0
0
-5.8296
0
0
0
0
0
0
0
0
0
0
0
0
5.8296
0
0
0
0
0
0
0
0
0
0
0
0
0
0
0
-4.5217
0
0
0
0
0
0
0
0
0
0
0
0
0
0
4.5217
0
0
0
0
0
0
0
0
0
0
0
0
0
0
0
-5.8296
0
0
0
0
0
0
0
0
0
0
0
0
0
0
5.8296
0
0
0
-7.8199
0
0
0
0
0
0
0
0
0
0
0
0
0
0
0
0
0
0
0
0
0
0
0
0
0
0
7.8199
0
0
0
0
0
0
0
0
0
0
0
0
0
0
0
0
-3.4031
0
0
0
0
0
0
0
0
0
0
0
0
0
3.4031
0
0
0
0
0
-5.0781
0
0
0
0
0
0
0
0
0
0
0
0
0
0
0
0
0
0
0
0
0
0
0
0
5.0781
