10.5595
-0.48868
-0.436
-0.47541
-0.48351
-0.46792
-0.48847
-0.48847
-0.55281
-0.49511
-0.70475
-0.47552
0
-0.9017
-1.4729
-1.4054
0
-0.21285
-0.50498
-0.50498
0
0
0
0
0
0
0
0
0
0
-0.48868
10.0554
-0.43456
-0.47253
-0.47662
-0.46983
-0.48563
-0.48563
-0.54837
-0.50569
-0.69291
-0.46406
0
-0.86028
0
-1.4263
-1.0107
-0.23098
-0.5013
-0.5013
0
0
0
0
0
0
0
0
0
0
-0.436
-0.43456
8.2613
-0.4241
-0.42228
-0.41949
-0.43255
-0.43255
-0.48172
-0.45287
-0.62265
-0.43501
0
-0.76378
0
-1.3862
0
-0.20503
-0.45623
-0.45623
0
0
0
0
0
0
0
0
0
0
-0.47541
-0.47253
-0.4241
6.3515
-0.4595
-0.46179
-0.45956
-0.45956
-0.50917
-0.48844
-0.6278
-0.50888
0
-0.7832
0
0
0
-0.22158
0
0
0
0
0
0
0
0
0
0
0
0
-0.48351
-0.47662
-0.42228
-0.4595
6.5492
-0.45848
-0.47163
-0.47163
-0.52083
-0.52045
-0.62615
-0.50006
-0.33485
-0.80326
0
0
0
0
0
0
0
0
0
0
0
0
0
0
0
0
-0.46792
-0.46983
-0.41949
-0.46179
-0.45848
4.6265
-0.4966
-0.4966
-0.47855
-0.464
0
0
0
0
0
0
0
0
0
0
-0.41328
0
0
0
0
0
0
0
0
0
-0.48847
-0.48563
-0.43255
-0.45956
-0.47163
-0.4966
4.9239
-0.33173
-0.54868
-0.54398
-0.66505
0
0
0
0
0
0
0
0
0
0
0
0
0
0
0
0
0
0
0
-0.48847
-0.48563
-0.43255
-0.45956
-0.47163
-0.4966
-0.33173
4.9239
-0.54868
-0.54398
-0.66505
0
0
0
0
0
0
0
0
0
0
0
0
0
0
0
0
0
0
0
-0.55281
-0.54837
-0.48172
-0.50917
-0.52083
-0.47855
-0.54868
-0.54868
7.0833
0
0
0
0
0
0
0
0
0
0
0
0
0
-2.8945
0
0
0
0
0
0
0
-0.49511
-0.50569
-0.45287
-0.48844
-0.52045
-0.464
-0.54398
-0.54398
0
5.4696
0
0
0
0
-1.4551
0
0
0
0
0
0
0
0
0
0
0
0
0
0
0
-0.70475
-0.69291
-0.62265
-0.6278
-0.62615
0
-0.66505
-0.66505
0
0
15.4915
0
0
0
0
0
0
0
0
0
0
0
0
0
0
0
0
0
-10.8872
0
-0.47552
-0.46406
-0.43501
-0.50888
-0.50006
0
0
0
0
0
0
3.3608
0
0
0
0
-0.63457
0
0
0
-0.34265
0
0
0
0
0
0
0
0
0
0
0
0
0
-0.33485
0
0
0
0
0
0
0
12.6304
0
0
0
0
0
0
0
0
-2.6815
-3.7988
-2.6909
0
0
0
0
0
-3.1244
-0.9017
-0.86028
-0.76378
-0.7832
-0.80326
0
0
0
0
0
0
0
0
4.1122
0
0
0
0
0
0
0
0
0
0
0
0
0
0
0
0
-1.4729
0
0
0
0
0
0
0
0
-1.4551
0
0
0
0
10.8139
0
0
0
0
0
0
0
0
-2.9273
0
-4.9586
0
0
0
0
-1.4054
-1.4263
-1.3862
0
0
0
0
0
0
0
0
0
0
0
0
10.902
0
0
0
0
0
0
0
0
0
0
-6.6841
0
0
0
0
-1.0107
0
0
0
0
0
0
0
0
0
-0.63457
0
0
0
0
7.7357
0
0
0
0
-2.1941
0
0
-3.8963
0
0
0
0
0
-0.21285
-0.23098
-0.20503
-0.22158
0
0
0
0
0
0
0
0
0
0
0
0
0
0.87044
0
0
0
0
0
0
0
0
0
0
0
0
-0.50498
-0.5013
-0.45623
0
0
0
0
0
0
0
0
0
0
0
0
0
0
0
1.4625
0
0
0
0
0
0
0
0
0
0
0
-0.50498
-0.5013
-0.45623
0
0
0
0
0
0
0
0
0
0
0
0
0
0
0
0
1.4625
0
0
0
0
0
0
0
0
0
0
0
0
0
0
0
-0.41328
0
0
0
0
0
-0.34265
0
0
0
0
0
0
0
0
1.1861
0
0
0
0
0
0
-0.4302
0
0
0
0
0
0
0
0
0
0
0
0
0
0
-2.6815
0
0
0
-2.1941
0
0
0
0
4.8756
0
0
0
0
0
0
0
0
0
0
0
0
0
0
0
0
-2.8945
0
0
0
-3.7988
0
0
0
0
0
0
0
0
0
6.6933
0
0
0
0
0
0
0
0
0
0
0
0
0
0
0
0
0
0
0
-2.6909
0
-2.9273
0
0
0
0
0
0
0
0
5.6181
0
0
0
0
0
0
0
0
0
0
0
0
0
0
0
0
0
0
0
0
0
0
-3.8963
0
0
0
0
0
0
0
3.8963
0
0
0
0
0
0
0
0
0
0
0
0
0
0
0
0
0
0
0
-4.9586
0
0
0
0
0
0
0
0
0
0
4.9586
0
0
0
0
0
0
0
0
0
0
0
0
0
0
0
0
0
0
0
-6.6841
0
0
0
0
0
0
0
0
0
0
6.6841
0
0
0
0
0
0
0
0
0
0
0
0
0
0
0
0
0
0
0
0
0
0
0
-0.4302
0
0
0
0
0
0
0.4302
0
0
0
0
0
0
0
0
0
0
0
0
-10.8872
0
0
0
0
0
0
0
0
0
0
0
0
0
0
0
0
0
10.8872
0
0
0
0
0
0
0
0
0
0
0
0
0
-3.1244
0
0
0
0
0
0
0
0
0
0
0
0
0
0
0
0
3.1244
