18.9423
-0.86008
-0.82556
-0.88338
-0.81245
-0.81245
-0.81245
-0.81245
-0.76464
-0.83565
-1.0429
-1.0429
-1.1862
-1.0429
-0.83715
-0.83715
-0.83715
-0.83715
-0.83715
-0.6087
-0.6087
-0.94956
-0.61355
-0.24189
0
0
0
0
0
0
-0.86008
18.9423
-0.82556
-0.88338
-0.81245
-0.81245
-0.81245
-0.81245
-0.76464
-0.83565
-1.0429
-1.0429
-1.1862
-1.0429
-0.83715
-0.83715
-0.83715
-0.83715
-0.83715
-0.6087
-0.6087
-0.94956
-0.61355
0
-0.24189
0
0
0
0
0
-0.82556
-0.82556
18.2594
-0.86248
-0.7911
-0.7911
-0.7911
-0.7911
-0.75026
-0.81303
-1.0148
-1.0148
-1.1722
-1.0148
-0.81449
-0.81449
-0.81449
-0.81449
-0.81449
-0.59182
-0.59182
-0.95312
-0.59232
0
0
0
0
0
0
0
-0.88338
-0.88338
-0.86248
27.6242
-0.85749
-0.85749
-0.85749
-0.85749
-0.80963
-0.88313
-1.0992
-1.0992
-1.2326
-1.0992
-0.88474
-0.88474
-0.88474
-0.88474
-0.88474
-0.64284
-0.64284
0
0
0
0
0
0
0
0
-9.6327
-0.81245
-0.81245
-0.7911
-0.85749
16.43
-0.77044
-0.77044
-0.77044
-0.74262
-0.79833
-0.99605
-0.99605
-1.1546
-0.99605
-0.79976
-0.79976
-0.79976
-0.79976
-0.79976
-0.58133
-0.58133
0
0
0
0
0
0
0
0
0
-0.81245
-0.81245
-0.7911
-0.85749
-0.77044
16.43
-0.77044
-0.77044
-0.74262
-0.79833
-0.99605
-0.99605
-1.1546
-0.99605
-0.79976
-0.79976
-0.79976
-0.79976
-0.79976
-0.58133
-0.58133
0
0
0
0
0
0
0
0
0
-0.81245
-0.81245
-0.7911
-0.85749
-0.77044
-0.77044
16.43
-0.77044
-0.74262
-0.79833
-0.99605
-0.99605
-1.1546
-0.99605
-0.79976
-0.79976
-0.79976
-0.79976
-0.79976
-0.58133
-0.58133
0
0
0
0
0
0
0
0
0
-0.81245
-0.81245
-0.7911
-0.85749
-0.77044
-0.77044
-0.77044
16.43
-0.74262
-0.79833
-0.99605
-0.99605
-1.1546
-0.99605
-0.79976
-0.79976
-0.79976
-0.79976
-0.79976
-0.58133
-0.58133
0
0
0
0
0
0
0
0
0
-0.76464
-0.76464
-0.75026
-0.80963
-0.74262
-0.74262
-0.74262
-0.74262
23.5185
-0.7475
-0.93045
-0.93045
-1.0451
-0.93045
-0.74883
-0.74883
-0.74883
-0.74883
-0.74883
0
0
0
0
0
0
0
0
0
-9.1307
0
-0.83565
-0.83565
-0.81303
-0.88313
-0.79833
-0.79833
-0.79833
-0.79833
-0.7475
10.408
-1.0332
-1.0332
0
-1.0332
0
0
0
0
0
0
0
0
0
0
0
0
0
0
0
0
-1.0429
-1.0429
-1.0148
-1.0992
-0.99605
-0.99605
-0.99605
-0.99605
-0.93045
-1.0332
10.1478
0
0
0
0
0
0
0
0
0
0
0
0
0
0
0
0
0
0
0
-1.0429
-1.0429
-1.0148
-1.0992
-0.99605
-0.99605
-0.99605
-0.99605
-0.93045
-1.0332
0
10.1478
0
0
0
0
0
0
0
0
0
0
0
0
0
0
0
0
0
0
-1.1862
-1.1862
-1.1722
-1.2326
-1.1546
-1.1546
-1.1546
-1.1546
-1.0451
0
0
0
16.9997
0
0
0
0
0
0
0
0
0
0
0
0
0
0
-6.5589
0
0
-1.0429
-1.0429
-1.0148
-1.0992
-0.99605
-0.99605
-0.99605
-0.99605
-0.93045
-1.0332
0
0
0
10.1478
0
0
0
0
0
0
0
0
0
0
0
0
0
0
0
0
-0.83715
-0.83715
-0.81449
-0.88474
-0.79976
-0.79976
-0.79976
-0.79976
-0.74883
0
0
0
0
0
7.3214
0
0
0
0
0
0
0
0
0
0
0
0
0
0
0
-0.83715
-0.83715
-0.81449
-0.88474
-0.79976
-0.79976
-0.79976
-0.79976
-0.74883
0
0
0
0
0
0
7.3214
0
0
0
0
0
0
0
0
0
0
0
0
0
0
-0.83715
-0.83715
-0.81449
-0.88474
-0.79976
-0.79976
-0.79976
-0.79976
-0.74883
0
0
0
0
0
0
0
7.3214
0
0
0
0
0
0
0
0
0
0
0
0
0
-0.83715
-0.83715
-0.81449
-0.88474
-0.79976
-0.79976
-0.79976
-0.79976
-0.74883
0
0
0
0
0
0
0
0
7.3214
0
0
0
0
0
0
0
0
0
0
0
0
-0.83715
-0.83715
-0.81449
-0.88474
-0.79976
-0.79976
-0.79976
-0.79976
-0.74883
0
0
0
0
0
0
0
0
0
7.3214
0
0
0
0
0
0
0
0
0
0
0
-0.6087
-0.6087
-0.59182
-0.64284
-0.58133
-0.58133
-0.58133
-0.58133
0
0
0
0
0
0
0
0
0
0
0
4.7774
0
0
0
0
0
0
0
0
0
0
-0.6087
-0.6087
-0.59182
-0.64284
-0.58133
-0.58133
-0.58133
-0.58133
0
0
0
0
0
0
0
0
0
0
0
0
4.7774
0
0
0
0
0
0
0
0
0
-0.94956
-0.94956
-0.95312
0
0
0
0
0
0
0
0
0
0
0
0
0
0
0
0
0
0
3.6709
0
0
0
0
-0.81861
0
0
0
-0.61355
-0.61355
-0.59232
0
0
0
0
0
0
0
0
0
0
0
0
0
0
0
0
0
0
0
1.8194
0
0
0
0
0
0
0
-0.24189
0
0
0
0
0
0
0
0
0
0
0
0
0
0
0
0
0
0
0
0
0
0
2.4583
0
-2.2164
0
0
0
0
0
-0.24189
0
0
0
0
0
0
0
0
0
0
0
0
0
0
0
0
0
0
0
0
0
0
2.4583
-2.2164
0
0
0
0
0
0
0
0
0
0
0
0
0
0
0
0
0
0
0
0
0
0
0
0
0
0
0
-2.2164
-2.2164
4.4327
0
0
0
0
0
0
0
0
0
0
0
0
0
0
0
0
0
0
0
0
0
0
0
0
0
-0.81861
0
0
0
0
0.81861
0
0
0
0
0
0
0
0
0
0
0
0
0
0
0
-6.5589
0
0
0
0
0
0
0
0
0
0
0
0
0
0
6.5589
0
0
0
0
0
0
0
0
0
0
-9.1307
0
0
0
0
0
0
0
0
0
0
0
0
0
0
0
0
0
0
0
9.1307
0
0
0
0
-9.6327
0
0
0
0
0
0
0
0
0
0
0
0
0
0
0
0
0
0
0
0
0
0
0
0
0
9.6327
