18.2666
-0.5022
-0.50185
-0.49924
-0.46927
-0.46848
-0.46927
-0.47148
-0.4682
-0.47148
-0.48472
-0.49317
-0.44495
-0.58666
-0.28431
0
0
-4.3863
0
0
0
-2.6794
0
0
0
0
0
0
0
-4.5856
-0.5022
15.6169
-0.51952
-0.52776
-0.48863
-0.4938
-0.48863
-0.49104
-0.49347
-0.49104
-0.49859
-0.51389
-0.46636
-0.61953
0
0
-4.6902
0
0
0
0
0
0
0
0
0
0
-4.3321
0
0
-0.50185
-0.51952
6.7457
-0.51752
-0.47374
-0.48274
-0.47374
-0.47694
-0.48196
-0.47694
-0.48936
-0.4979
-0.46399
-0.58681
-0.30267
0
0
0
0
0
0
0
0
0
0
0
0
0
0
0
-0.49924
-0.52776
-0.51752
9.9842
-0.481
-0.48826
-0.481
-0.48445
-0.48728
-0.48445
-0.49968
-0.50555
-0.46216
-0.60435
0
0
0
0
0
0
0
0
0
0
0
0
0
0
-3.4615
0
-0.46927
-0.48863
-0.47374
-0.481
6.0347
-0.46033
-0.42777
-0.44464
-0.44879
-0.44464
-0.45444
-0.46068
-0.4338
-0.5469
0
0
0
0
0
0
0
0
0
0
0
0
0
0
0
0
-0.46848
-0.4938
-0.48274
-0.48826
-0.46033
8.3335
-0.46033
-0.4461
-0.44207
-0.4461
-0.45469
-0.46007
-0.4221
0
0
0
0
0
0
0
0
0
0
-2.8084
0
0
0
0
0
0
-0.46927
-0.48863
-0.47374
-0.481
-0.42777
-0.46033
6.0347
-0.44464
-0.44879
-0.44464
-0.45444
-0.46068
-0.4338
-0.5469
0
0
0
0
0
0
0
0
0
0
0
0
0
0
0
0
-0.47148
-0.49104
-0.47694
-0.48445
-0.44464
-0.4461
-0.44464
5.0564
-0.46195
-0.39386
-0.47317
-0.46811
0
0
0
0
0
0
0
0
0
0
0
0
0
0
0
0
0
0
-0.4682
-0.49347
-0.48196
-0.48728
-0.44879
-0.44207
-0.44879
-0.46195
5.7158
-0.46195
-0.44788
0
0
0
0
0
0
0
0
0
0
0
0
0
-1.0734
0
0
0
0
0
-0.47148
-0.49104
-0.47694
-0.48445
-0.44464
-0.4461
-0.44464
-0.39386
-0.46195
5.0564
-0.47317
-0.46811
0
0
0
0
0
0
0
0
0
0
0
0
0
0
0
0
0
0
-0.48472
-0.49859
-0.48936
-0.49968
-0.45444
-0.45469
-0.45444
-0.47317
-0.44788
-0.47317
6.4368
0
0
0
0
-1.7066
0
0
0
0
0
0
0
0
0
0
0
0
0
0
-0.49317
-0.51389
-0.4979
-0.50555
-0.46068
-0.46007
-0.46068
-0.46811
0
-0.46811
0
4.3281
0
0
0
0
0
0
0
0
0
0
0
0
0
0
0
0
0
0
-0.44495
-0.46636
-0.46399
-0.46216
-0.4338
-0.4221
-0.4338
0
0
0
0
0
3.2317
0
0
0
0
0
0
0
0
0
0
0
0
-0.1045
0
0
0
0
-0.58666
-0.61953
-0.58681
-0.60435
-0.5469
0
-0.5469
0
0
0
0
0
0
3.4912
0
0
0
0
0
0
0
0
0
0
0
0
0
0
0
0
-0.28431
0
-0.30267
0
0
0
0
0
0
0
0
0
0
0
17.136
0
0
0
0
0
-3.1565
0
-6.6963
0
0
0
-6.6963
0
0
0
0
0
0
0
0
0
0
0
0
0
-1.7066
0
0
0
0
9.48
-2.2238
-2.0515
-2.4815
0
-1.0166
0
0
0
0
0
0
0
0
0
0
-4.6902
0
0
0
0
0
0
0
0
0
0
0
0
0
-2.2238
6.914
0
0
0
0
0
0
0
0
0
0
0
0
0
-4.3863
0
0
0
0
0
0
0
0
0
0
0
0
0
0
-2.0515
0
6.4378
0
0
0
0
0
0
0
0
0
0
0
0
0
0
0
0
0
0
0
0
0
0
0
0
0
0
0
-2.4815
0
0
6.7019
-4.2204
0
0
0
0
0
0
0
0
0
0
0
0
0
0
0
0
0
0
0
0
0
0
0
0
0
0
0
0
-4.2204
6.3039
0
-2.0835
0
0
0
0
0
0
0
0
0
0
0
0
0
0
0
0
0
0
0
0
0
0
-3.1565
-1.0166
0
0
0
0
4.1731
0
0
0
0
0
0
0
0
0
-2.6794
0
0
0
0
0
0
0
0
0
0
0
0
0
0
0
0
0
0
-2.0835
0
4.7629
0
0
0
0
0
0
0
0
0
0
0
0
0
0
0
0
0
0
0
0
0
0
-6.6963
0
0
0
0
0
0
0
6.6963
0
0
0
0
0
0
0
0
0
0
0
0
-2.8084
0
0
0
0
0
0
0
0
0
0
0
0
0
0
0
0
0
2.8084
0
0
0
0
0
0
0
0
0
0
0
0
0
0
-1.0734
0
0
0
0
0
0
0
0
0
0
0
0
0
0
0
1.0734
0
0
0
0
0
0
0
0
0
0
0
0
0
0
0
0
0
-0.1045
0
0
0
0
0
0
0
0
0
0
0
0
0.1045
0
0
0
0
0
0
0
0
0
0
0
0
0
0
0
0
0
0
-6.6963
0
0
0
0
0
0
0
0
0
0
0
6.6963
0
0
0
0
-4.3321
0
0
0
0
0
0
0
0
0
0
0
0
0
0
0
0
0
0
0
0
0
0
0
0
0
4.3321
0
0
0
0
0
-3.4615
0
0
0
0
0
0
0
0
0
0
0
0
0
0
0
0
0
0
0
0
0
0
0
0
3.4615
0
-4.5856
0
0
0
0
0
0
0
0
0
0
0
0
0
0
0
0
0
0
0
0
0
0
0
0
0
0
0
0
4.5856
