27.2075
-0.69597
-0.69016
-0.64784
-0.63889
-0.65955
-0.63889
-0.59674
-0.57769
-0.57445
-0.57445
-0.59727
-0.56287
-0.65377
-0.58337
0
-1.1454
0
0
0
0
0
0
-8.6851
0
0
-8.6851
0
0
0
-0.69597
13.5976
-0.6551
-0.63405
-0.63132
-0.64665
-0.63132
-0.58846
-0.56785
-0.59514
-0.59514
-0.58346
-0.55049
-0.6165
-0.61973
0
-1.0766
-1.1017
0
0
0
0
-2.8081
0
0
0
0
0
0
0
-0.69016
-0.6551
12.722
-0.6481
-0.65164
-0.66538
-0.65164
-0.60443
-0.57971
-0.6124
-0.6124
-0.59732
-0.56471
-0.64415
-0.63756
0
-1.0961
0
0
0
0
0
-2.8111
0
0
0
0
0
0
0
-0.64784
-0.63405
-0.6481
9.3885
-0.61714
-0.62428
-0.61714
-0.56756
-0.5418
-0.57322
-0.57322
-0.56226
-0.53185
-0.60754
-0.59546
0
-1.0471
0
0
0
0
0
0
0
0
0
0
0
0
0
-0.63889
-0.63132
-0.65164
-0.61714
8.7713
-0.62327
-0.56299
-0.56428
-0.53635
-0.56891
-0.56891
-0.55894
-0.5302
-0.60457
-0.5897
0
0
0
-0.52418
0
0
0
0
0
0
0
0
0
0
0
-0.65955
-0.64665
-0.66538
-0.62428
-0.62327
10.676
-0.62327
-0.57438
-0.54564
-0.58194
-0.58194
-0.56698
-0.5383
-0.59198
-0.60329
0
0
0
0
-2.2492
0
0
0
0
0
0
0
0
0
0
-0.63889
-0.63132
-0.65164
-0.61714
-0.56299
-0.62327
8.7713
-0.56428
-0.53635
-0.56891
-0.56891
-0.55894
-0.5302
-0.60457
-0.5897
0
0
0
-0.52418
0
0
0
0
0
0
0
0
0
0
0
-0.59674
-0.58846
-0.60443
-0.56756
-0.56428
-0.57438
-0.56428
9.8555
-0.49306
-0.50265
-0.50265
-0.50782
-0.4707
-0.53182
0
0
0
0
0
0
0
-2.7866
0
0
0
0
0
0
0
0
-0.57769
-0.56785
-0.57971
-0.5418
-0.53635
-0.54564
-0.53635
-0.49306
7.3843
-0.49858
-0.49858
-0.49735
-0.46547
-0.5264
-0.51952
0
0
0
0
0
0
0
0
0
0
0
0
0
0
0
-0.57445
-0.59514
-0.6124
-0.57322
-0.56891
-0.58194
-0.56891
-0.50265
-0.49858
11.4935
-0.50008
-0.51464
-0.44712
0
0
0
0
0
0
0
0
0
0
0
0
-4.9555
0
0
0
0
-0.57445
-0.59514
-0.6124
-0.57322
-0.56891
-0.58194
-0.56891
-0.50265
-0.49858
-0.50008
11.4935
-0.51464
-0.44712
0
0
0
0
0
0
0
0
0
0
0
0
0
0
0
-4.9555
0
-0.59727
-0.58346
-0.59732
-0.56226
-0.55894
-0.56698
-0.55894
-0.50782
-0.49735
-0.51464
-0.51464
7.0627
-0.46878
-0.5343
0
0
0
0
0
0
0
0
0
0
0
0
0
0
0
0
-0.56287
-0.55049
-0.56471
-0.53185
-0.5302
-0.5383
-0.5302
-0.4707
-0.46547
-0.44712
-0.44712
-0.46878
6.1078
0
0
0
0
0
0
0
0
0
0
0
0
0
0
0
0
0
-0.65377
-0.6165
-0.64415
-0.60754
-0.60457
-0.59198
-0.60457
-0.53182
-0.5264
0
0
-0.5343
0
11.8857
0
0
0
-0.97929
0
0
-4.9908
0
0
0
0
0
0
0
0
0
-0.58337
-0.61973
-0.63756
-0.59546
-0.5897
-0.60329
-0.5897
0
-0.51952
0
0
0
0
0
6.212
0
0
0
0
0
0
0
0
0
0
0
0
0
0
-1.4736
0
0
0
0
0
0
0
0
0
0
0
0
0
0
0
10.0441
0
-0.73782
0
-2.4823
0
-2.6192
0
0
-4.2049
0
0
0
0
0
-1.1454
-1.0766
-1.0961
-1.0471
0
0
0
0
0
0
0
0
0
0
0
0
4.3652
0
0
0
0
0
0
0
0
0
0
0
0
0
0
-1.1017
0
0
0
0
0
0
0
0
0
0
0
-0.97929
0
-0.73782
0
2.8188
0
0
0
0
0
0
0
0
0
0
0
0
0
0
0
0
-0.52418
0
-0.52418
0
0
0
0
0
0
0
0
0
0
0
1.7293
0
0
0
0
0
0
0
0
-0.68089
0
0
0
0
0
0
0
-2.2492
0
0
0
0
0
0
0
0
0
-2.4823
0
0
0
6.7442
-2.0127
0
0
0
0
0
0
0
0
0
0
0
0
0
0
0
0
0
0
0
0
0
0
-4.9908
0
0
0
0
0
-2.0127
7.0036
0
0
0
0
0
0
0
0
0
0
0
0
0
0
0
0
-2.7866
0
0
0
0
0
0
0
-2.6192
0
0
0
0
0
5.4058
0
0
0
0
0
0
0
0
0
-2.8081
-2.8111
0
0
0
0
0
0
0
0
0
0
0
0
0
0
0
0
0
0
0
5.6192
0
0
0
0
0
0
0
-8.6851
0
0
0
0
0
0
0
0
0
0
0
0
0
0
0
0
0
0
0
0
0
0
8.6851
0
0
0
0
0
0
0
0
0
0
0
0
0
0
0
0
0
0
0
0
0
-4.2049
0
0
0
0
0
0
0
0
4.2049
0
0
0
0
0
0
0
0
0
0
0
0
0
0
-4.9555
0
0
0
0
0
0
0
0
0
0
0
0
0
0
0
4.9555
0
0
0
0
-8.6851
0
0
0
0
0
0
0
0
0
0
0
0
0
0
0
0
0
0
0
0
0
0
0
0
0
8.6851
0
0
0
0
0
0
0
0
0
0
0
0
0
0
0
0
0
0
0
0
0
-0.68089
0
0
0
0
0
0
0
0
0.68089
0
0
0
0
0
0
0
0
0
0
0
0
-4.9555
0
0
0
0
0
0
0
0
0
0
0
0
0
0
0
0
0
4.9555
0
0
0
0
0
0
0
0
0
0
0
0
0
0
0
-1.4736
0
0
0
0
0
0
0
0
0
0
0
0
0
0
1.4736
