12.8084
-0.53781
-0.43272
-0.3729
-0.4922
-0.10008
-0.62931
-0.63185
-0.45791
-0.62086
-0.62525
-0.63253
-0.33921
-0.66578
-0.69184
0
0
0
-2.3738
0
0
-3.2044
0
0
0
0
0
0
0
0
-0.53781
16.4345
-0.10449
-0.63195
-0.10401
-0.99672
-0.73314
-0.73252
-0.92018
-0.74249
-0.73709
-0.73373
-0.81762
-0.90831
-0.7163
-1.4282
0
0
0
0
0
0
0
0
0
0
0
0
0
-5.5899
-0.43272
-0.10449
12.2899
-0.60957
-0.10024
-0.67788
-0.62478
-0.62306
-0.59873
-0.63269
-0.62937
-0.62507
-0.2774
-0.73446
0
-1.4202
0
0
0
0
0
0
0
0
0
0
0
0
-4.1993
0
-0.3729
-0.63195
-0.60957
8.4581
-0.50779
-0.62849
-0.42628
-0.44161
-0.68194
-0.39252
-0.40182
-0.4338
-0.39568
-0.46907
-0.60868
0
0
-1.456
0
0
0
0
0
0
0
0
0
0
0
0
-0.4922
-0.10401
-0.10024
-0.50779
11.0301
-0.21043
-0.55121
-0.55453
-0.24505
-0.54744
-0.54896
-0.5511
-1.1551
-0.62687
-0.87276
0
0
0
0
0
0
0
0
-3.9624
0
0
0
0
0
0
-0.10008
-0.99672
-0.67788
-0.62849
-0.21043
10.5526
-0.4518
-0.45052
-0.62132
-0.4595
-0.4547
-0.44994
-1.0032
-0.54397
-0.40547
0
0
0
0
0
0
-3.0986
0
0
0
0
0
0
0
0
-0.62931
-0.73314
-0.62478
-0.42628
-0.55121
-0.4518
7.2092
-0.42971
-0.70676
-0.11568
-0.11789
-0.14738
-0.53819
-1.0576
-0.67947
0
0
0
0
0
0
0
0
0
0
0
0
0
0
0
-0.63185
-0.73252
-0.62306
-0.44161
-0.55453
-0.45052
-0.42971
7.4072
-0.70959
-0.12329
-0.1304
-0.25182
-0.53668
-1.1095
-0.68209
0
0
0
0
0
0
0
0
0
0
0
0
0
0
0
-0.45791
-0.92018
-0.59873
-0.68194
-0.24505
-0.62132
-0.70676
-0.70959
15.0725
-0.65594
-0.68252
-0.70439
0
0
0
0
0
0
0
-2.8151
-0.42841
0
0
0
0
0
-4.8447
0
0
0
-0.62086
-0.74249
-0.63269
-0.39252
-0.54744
-0.4595
-0.11568
-0.12329
-0.65594
6.0608
-0.11228
-0.11753
-0.55078
-0.32141
-0.66841
0
0
0
0
0
0
0
0
0
0
0
0
0
0
0
-0.62525
-0.73709
-0.62937
-0.40182
-0.54896
-0.4547
-0.11789
-0.1304
-0.68252
-0.11228
6.5226
-0.19698
-0.54623
-0.66216
-0.67699
0
0
0
0
0
0
0
0
0
0
0
0
0
0
0
-0.63253
-0.73373
-0.62507
-0.4338
-0.5511
-0.44994
-0.14738
-0.25182
-0.70439
-0.11753
-0.19698
7.0583
-0.5402
-0.9924
-0.68147
0
0
0
0
0
0
0
0
0
0
0
0
0
0
0
-0.33921
-0.81762
-0.2774
-0.39568
-1.1551
-1.0032
-0.53819
-0.53668
0
-0.55078
-0.54623
-0.5402
10.4101
-0.55455
0
0
0
0
0
0
0
0
-3.1552
0
0
0
0
0
0
0
-0.66578
-0.90831
-0.73446
-0.46907
-0.62687
-0.54397
-1.0576
-1.1095
0
-0.32141
-0.66216
-0.9924
-0.55455
8.6461
0
0
0
0
0
0
0
0
0
0
0
0
0
0
0
0
-0.69184
-0.7163
0
-0.60868
-0.87276
-0.40547
-0.67947
-0.68209
0
-0.66841
-0.67699
-0.68147
0
0
9.4363
0
0
0
0
-2.7528
0
0
0
0
0
0
0
0
0
0
0
-1.4282
-1.4202
0
0
0
0
0
0
0
0
0
0
0
0
8.8832
-1.8818
-2.0023
-2.1508
0
0
0
0
0
0
0
0
0
0
0
0
0
0
0
0
0
0
0
0
0
0
0
0
0
0
-1.8818
12.4125
0
-2.3555
0
0
0
-3.616
0
-4.5591
0
0
0
0
0
0
0
0
-1.456
0
0
0
0
0
0
0
0
0
0
0
-2.0023
0
5.83
0
0
-2.3717
0
0
0
0
0
0
0
0
0
-2.3738
0
0
0
0
0
0
0
0
0
0
0
0
0
0
-2.1508
-2.3555
0
6.8801
0
0
0
0
0
0
0
0
0
0
0
0
0
0
0
0
0
0
0
-2.8151
0
0
0
0
0
-2.7528
0
0
0
0
9.9268
0
0
0
0
0
0
0
-4.3589
0
0
0
0
0
0
0
0
0
0
-0.42841
0
0
0
0
0
0
0
0
-2.3717
0
0
6.4411
0
0
0
0
-3.641
0
0
0
0
-3.2044
0
0
0
0
-3.0986
0
0
0
0
0
0
0
0
0
0
0
0
0
0
0
6.303
0
0
0
0
0
0
0
0
0
0
0
0
0
0
0
0
0
0
0
0
-3.1552
0
0
0
-3.616
0
0
0
0
0
6.7712
0
0
0
0
0
0
0
0
0
0
0
-3.9624
0
0
0
0
0
0
0
0
0
0
0
0
0
0
0
0
0
0
3.9624
0
0
0
0
0
0
0
0
0
0
0
0
0
0
0
0
0
0
0
0
0
0
-4.5591
0
0
0
0
0
0
0
4.5591
0
0
0
0
0
0
0
0
0
0
0
0
0
0
0
0
0
0
0
0
0
0
0
0
0
-3.641
0
0
0
0
3.641
0
0
0
0
0
0
0
0
0
0
0
0
-4.8447
0
0
0
0
0
0
0
0
0
0
0
0
0
0
0
0
0
4.8447
0
0
0
0
0
0
0
0
0
0
0
0
0
0
0
0
0
0
0
0
0
0
-4.3589
0
0
0
0
0
0
0
4.3589
0
0
0
0
-4.1993
0
0
0
0
0
0
0
0
0
0
0
0
0
0
0
0
0
0
0
0
0
0
0
0
0
4.1993
0
0
-5.5899
0
0
0
0
0
0
0
0
0
0
0
0
0
0
0
0
0
0
0
0
0
0
0
0
0
0
0
5.5899
