24.9054
-0.90273
-0.91384
-0.88238
-0.90674
-0.91536
-0.92647
-0.90806
-0.84427
-0.84727
-0.84727
-0.84555
-0.73125
-0.73125
-0.73125
-0.73125
-0.73125
-0.83784
-1.0259
-0.26815
0
0
0
0
0
0
0
-9.3773
0
0
-0.90273
16.5584
-0.90273
-0.86107
-0.88643
-0.89799
-0.91632
-0.89048
-0.82297
-0.83166
-0.83166
-0.82723
-0.71798
-0.71798
-0.71798
-0.71798
-0.71798
-0.82347
-1.0131
-0.24456
-1.3162
0
0
0
0
0
0
0
0
0
-0.91384
-0.90273
24.9054
-0.88238
-0.90674
-0.91536
-0.92647
-0.90806
-0.84427
-0.84727
-0.84727
-0.84555
-0.73125
-0.73125
-0.73125
-0.73125
-0.73125
-0.83784
-1.0259
-0.26815
0
0
0
0
0
-9.3773
0
0
0
0
-0.88238
-0.86107
-0.88238
16.4502
-0.89433
-0.90662
-0.92202
-0.89384
-0.83537
-0.83718
-0.83718
-0.83469
-0.72286
-0.72286
-0.72286
-0.72286
-0.72286
-0.82835
-1.0162
0
0
-1.4043
0
0
0
0
0
0
0
0
-0.90674
-0.88643
-0.90674
-0.89433
16.0942
-0.94741
-0.96728
-0.94047
-0.85468
-0.85661
-0.85661
-0.864
-0.73784
-0.73784
-0.73784
-0.73784
-0.73784
-0.84616
0
0
0
0
0
0
-1.6776
0
0
0
0
0
-0.91536
-0.89799
-0.91536
-0.90662
-0.94741
15.5224
-0.97106
-0.9485
-0.86567
-0.8581
-0.8581
-0.86505
-0.73938
-0.73938
-0.73938
-0.73938
-0.73938
-0.84667
-1.0297
0
0
0
0
0
0
0
0
0
0
0
-0.92647
-0.91632
-0.92647
-0.92202
-0.96728
-0.97106
23.7659
-0.9695
-0.88094
-0.87731
-0.87731
-0.87892
-0.75532
-0.75532
-0.75532
-0.75532
-0.75532
-0.86647
0
0
0
0
0
0
0
0
0
0
-9.0092
0
-0.90806
-0.89048
-0.90806
-0.89384
-0.94047
-0.9485
-0.9695
15.7901
-0.85391
-0.85698
-0.85698
-0.85527
-0.73812
-0.73812
-0.73812
-0.73812
-0.73812
-0.8477
0
0
-1.3697
0
0
0
0
0
0
0
0
0
-0.84427
-0.82297
-0.84427
-0.83537
-0.85468
-0.86567
-0.88094
-0.85391
13.9143
-0.80486
-0.80486
-0.79721
-0.67665
-0.67665
-0.67665
-0.67665
-0.67665
0
0
0
0
-1.322
0
0
0
0
0
0
0
0
-0.84727
-0.83166
-0.84727
-0.83718
-0.85661
-0.8581
-0.87731
-0.85698
-0.80486
13.3856
-0.78205
-0.80452
-0.68019
-0.68019
-0.68019
-0.68019
-0.68019
-0.7809
0
0
0
0
0
0
0
0
0
0
0
0
-0.84727
-0.83166
-0.84727
-0.83718
-0.85661
-0.8581
-0.87731
-0.85698
-0.80486
-0.78205
13.3856
-0.80452
-0.68019
-0.68019
-0.68019
-0.68019
-0.68019
-0.7809
0
0
0
0
0
0
0
0
0
0
0
0
-0.84555
-0.82723
-0.84555
-0.83469
-0.864
-0.86505
-0.87892
-0.85527
-0.79721
-0.80452
-0.80452
14.1913
-0.67647
-0.67647
-0.67647
-0.67647
-0.67647
0
0
0
0
0
-1.5864
0
0
0
0
0
0
0
-0.73125
-0.71798
-0.73125
-0.72286
-0.73784
-0.73938
-0.75532
-0.73812
-0.67665
-0.68019
-0.68019
-0.67647
10.8145
-0.55674
-0.55674
-0.55674
-0.55674
0
0
0
0
0
0
0
0
0
0
0
0
0
-0.73125
-0.71798
-0.73125
-0.72286
-0.73784
-0.73938
-0.75532
-0.73812
-0.67665
-0.68019
-0.68019
-0.67647
-0.55674
10.8145
-0.55674
-0.55674
-0.55674
0
0
0
0
0
0
0
0
0
0
0
0
0
-0.73125
-0.71798
-0.73125
-0.72286
-0.73784
-0.73938
-0.75532
-0.73812
-0.67665
-0.68019
-0.68019
-0.67647
-0.55674
-0.55674
10.8145
-0.55674
-0.55674
0
0
0
0
0
0
0
0
0
0
0
0
0
-0.73125
-0.71798
-0.73125
-0.72286
-0.73784
-0.73938
-0.75532
-0.73812
-0.67665
-0.68019
-0.68019
-0.67647
-0.55674
-0.55674
-0.55674
10.8145
-0.55674
0
0
0
0
0
0
0
0
0
0
0
0
0
-0.73125
-0.71798
-0.73125
-0.72286
-0.73784
-0.73938
-0.75532
-0.73812
-0.67665
-0.68019
-0.68019
-0.67647
-0.55674
-0.55674
-0.55674
-0.55674
10.8145
0
0
0
0
0
0
0
0
0
0
0
0
0
-0.83784
-0.82347
-0.83784
-0.82835
-0.84616
-0.84667
-0.86647
-0.8477
0
-0.7809
-0.7809
0
0
0
0
0
0
8.2963
0
0
0
0
0
0
0
0
0
0
0
0
-1.0259
-1.0131
-1.0259
-1.0162
0
-1.0297
0
0
0
0
0
0
0
0
0
0
0
0
5.1106
0
0
0
0
0
0
0
0
0
0
0
-0.26815
-0.24456
-0.26815
0
0
0
0
0
0
0
0
0
0
0
0
0
0
0
0
0.78087
0
0
0
0
0
0
0
0
0
0
0
-1.3162
0
0
0
0
0
-1.3697
0
0
0
0
0
0
0
0
0
0
0
0
4.7163
0
0
0
0
0
-2.0304
0
0
0
0
0
0
-1.4043
0
0
0
0
-1.322
0
0
0
0
0
0
0
0
0
0
0
0
4.7476
0
0
0
0
0
0
0
-2.0212
0
0
0
0
0
0
0
0
0
0
0
-1.5864
0
0
0
0
0
0
0
0
0
0
4.6672
-3.0807
0
0
0
0
0
0
0
0
0
0
0
0
0
0
0
0
0
0
0
0
0
0
0
0
0
0
0
0
-3.0807
6.164
-3.0832
0
0
0
0
0
0
0
0
0
-1.6776
0
0
0
0
0
0
0
0
0
0
0
0
0
0
0
0
0
0
-3.0832
4.7608
0
0
0
0
0
0
0
-9.3773
0
0
0
0
0
0
0
0
0
0
0
0
0
0
0
0
0
0
0
0
0
0
9.3773
0
0
0
0
0
0
0
0
0
0
0
0
0
0
0
0
0
0
0
0
0
0
0
0
-2.0304
0
0
0
0
0
2.0304
0
0
0
-9.3773
0
0
0
0
0
0
0
0
0
0
0
0
0
0
0
0
0
0
0
0
0
0
0
0
0
0
9.3773
0
0
0
0
0
0
0
0
-9.0092
0
0
0
0
0
0
0
0
0
0
0
0
0
0
0
0
0
0
0
0
0
9.0092
0
0
0
0
0
0
0
0
0
0
0
0
0
0
0
0
0
0
0
0
0
0
-2.0212
0
0
0
0
0
0
0
2.0212
