16.619
-0.786
-0.82
-0.7835
-0.81551
-0.82809
-0.72377
-0.72377
-0.72377
-0.72377
-0.64655
-0.63026
-0.63026
-0.68823
-0.73508
-0.72224
-0.70872
-0.92465
-0.30674
0
0
0
0
-3.6981
0
0
0
0
0
0
-0.786
15.8241
-0.83395
-0.79708
-0.83263
-0.83857
-0.72762
-0.72762
-0.72762
-0.72762
-0.65551
-0.63162
-0.63162
-0.69829
-0.7437
-0.72431
-0.72184
0
-0.33077
0
0
0
0
-3.6878
0
0
0
0
0
0
-0.82
-0.83395
22.3012
-0.80831
-0.83147
-0.84028
-0.74072
-0.74072
-0.74072
-0.74072
-0.66156
-0.64327
-0.64327
-0.70905
-0.74183
-0.73989
-0.72818
0
-0.35396
0
0
0
0
0
0
0
-9.9833
0
0
0
-0.7835
-0.79708
-0.80831
12.8931
-0.82974
-0.82452
-0.72105
-0.72105
-0.72105
-0.72105
-0.64592
-0.62658
-0.62658
-0.69058
-0.72909
-0.72317
-0.70987
0
0
-1.214
0
0
0
0
0
0
0
0
0
0
-0.81551
-0.83263
-0.83147
-0.82974
22.1319
-0.86344
-0.75372
-0.75372
-0.75372
-0.75372
-0.66174
-0.64338
-0.64338
-0.71255
-0.74438
-0.75098
0
0
0
-1.2045
0
0
0
0
0
-9.5833
0
0
0
0
-0.82809
-0.83857
-0.84028
-0.82452
-0.86344
21.7731
-0.74357
-0.74357
-0.74357
-0.74357
-0.66809
-0.64577
-0.64577
-0.71896
-0.74438
-0.74545
-0.73707
0
0
0
0
0
0
0
0
0
0
0
-9.6984
0
-0.72377
-0.72762
-0.74072
-0.72105
-0.75372
-0.74357
10.621
-0.63202
-0.63202
-0.63202
-0.59243
-0.5606
-0.5606
-0.63453
-0.66377
-0.65251
-0.65008
0
0
0
0
0
0
0
0
0
0
0
0
0
-0.72377
-0.72762
-0.74072
-0.72105
-0.75372
-0.74357
-0.63202
10.621
-0.63202
-0.63202
-0.59243
-0.5606
-0.5606
-0.63453
-0.66377
-0.65251
-0.65008
0
0
0
0
0
0
0
0
0
0
0
0
0
-0.72377
-0.72762
-0.74072
-0.72105
-0.75372
-0.74357
-0.63202
-0.63202
10.621
-0.63202
-0.59243
-0.5606
-0.5606
-0.63453
-0.66377
-0.65251
-0.65008
0
0
0
0
0
0
0
0
0
0
0
0
0
-0.72377
-0.72762
-0.74072
-0.72105
-0.75372
-0.74357
-0.63202
-0.63202
-0.63202
10.621
-0.59243
-0.5606
-0.5606
-0.63453
-0.66377
-0.65251
-0.65008
0
0
0
0
0
0
0
0
0
0
0
0
0
-0.64655
-0.65551
-0.66156
-0.64592
-0.66174
-0.66809
-0.59243
-0.59243
-0.59243
-0.59243
8.7234
-0.48901
-0.48901
-0.49617
-0.52027
0
0
0
0
0
-0.41986
0
0
0
0
0
0
0
0
0
-0.63026
-0.63162
-0.64327
-0.62658
-0.64338
-0.64577
-0.5606
-0.5606
-0.5606
-0.5606
-0.48901
8.6175
-0.44509
-0.525
-0.54899
-0.5461
0
0
0
0
0
0
0
0
0
0
0
0
0
0
-0.63026
-0.63162
-0.64327
-0.62658
-0.64338
-0.64577
-0.5606
-0.5606
-0.5606
-0.5606
-0.48901
-0.44509
8.6175
-0.525
-0.54899
-0.5461
0
0
0
0
0
0
0
0
0
0
0
0
0
0
-0.68823
-0.69829
-0.70905
-0.69058
-0.71255
-0.71896
-0.63453
-0.63453
-0.63453
-0.63453
-0.49617
-0.525
-0.525
9.1361
0
0
0
-0.83417
0
0
0
0
0
0
0
0
0
0
0
0
-0.73508
-0.7437
-0.74183
-0.72909
-0.74438
-0.74438
-0.66377
-0.66377
-0.66377
-0.66377
-0.52027
-0.54899
-0.54899
0
17.3613
0
0
0
0
0
0
0
0
0
-8.6496
0
0
0
0
0
-0.72224
-0.72431
-0.73989
-0.72317
-0.75098
-0.74545
-0.65251
-0.65251
-0.65251
-0.65251
0
-0.5461
-0.5461
0
0
8.1083
0
0
0
0
0
0
0
0
0
0
0
0
0
0
-0.70872
-0.72184
-0.72818
-0.70987
0
-0.73707
-0.65008
-0.65008
-0.65008
-0.65008
0
0
0
0
0
0
6.672
0
0
0
0
-0.46604
0
0
0
0
0
0
0
0
-0.92465
0
0
0
0
0
0
0
0
0
0
0
0
-0.83417
0
0
0
3.1818
0
0
0
0
0
0
0
0
0
0
0
-1.423
-0.30674
-0.33077
-0.35396
0
0
0
0
0
0
0
0
0
0
0
0
0
0
0
0.99147
0
0
0
0
0
0
0
0
0
0
0
0
0
0
-1.214
-1.2045
0
0
0
0
0
0
0
0
0
0
0
0
0
0
4.071
0
0
0
0
0
0
0
-1.6525
0
0
0
0
0
0
0
0
0
0
0
0
-0.41986
0
0
0
0
0
0
0
0
0
2.729
0
-2.3091
0
0
0
0
0
0
0
0
0
0
0
0
0
0
0
0
0
0
0
0
0
0
0
-0.46604
0
0
0
0
2.7725
-2.3065
0
0
0
0
0
0
0
0
0
0
0
0
0
0
0
0
0
0
0
0
0
0
0
0
0
0
0
-2.3091
-2.3065
4.6156
0
0
0
0
0
0
0
-3.6981
-3.6878
0
0
0
0
0
0
0
0
0
0
0
0
0
0
0
0
0
0
0
0
0
7.3858
0
0
0
0
0
0
0
0
0
0
0
0
0
0
0
0
0
0
0
0
-8.6496
0
0
0
0
0
0
0
0
0
8.6496
0
0
0
0
0
0
0
0
0
-9.5833
0
0
0
0
0
0
0
0
0
0
0
0
0
0
0
0
0
0
0
0
9.5833
0
0
0
0
0
0
-9.9833
0
0
0
0
0
0
0
0
0
0
0
0
0
0
0
0
0
0
0
0
0
0
0
9.9833
0
0
0
0
0
0
0
0
0
0
0
0
0
0
0
0
0
0
0
0
0
0
-1.6525
0
0
0
0
0
0
0
1.6525
0
0
0
0
0
0
0
-9.6984
0
0
0
0
0
0
0
0
0
0
0
0
0
0
0
0
0
0
0
0
0
0
9.6984
0
0
0
0
0
0
0
0
0
0
0
0
0
0
0
0
0
0
-1.423
0
0
0
0
0
0
0
0
0
0
0
1.423
