17.549
-0.50319
-0.54757
-0.52982
-0.48359
-0.56045
-0.51272
-0.49583
-0.58554
-0.58067
-0.53223
-0.78552
-0.59925
-0.87643
-0.70938
0
0
0
-0.76117
-0.73589
0
0
0
0
0
0
-7.7497
0
0
0
-0.50319
9.3213
-0.50319
-0.49157
-0.44876
-0.52299
-0.47735
-0.46011
-0.54945
-0.54606
-0.48685
-0.70153
-0.55557
-0.82576
0
0
0
0
-0.68097
-0.67599
0
0
-0.89193
0
0
0
0
0
0
0
-0.54757
-0.50319
11.5756
-0.53059
-0.47186
-0.56342
-0.51997
-0.48933
-0.61137
-0.5748
-0.52163
-0.73793
-0.60761
-0.87098
0
0
0
0
0
0
0
0
0
0
0
-4.0254
0
0
0
0
-0.52982
-0.49157
-0.53059
8.138
-0.46235
-0.55507
-0.50486
-0.47878
-0.58665
-0.56866
-0.51724
-0.75606
-0.5798
-0.84998
0
0
0
0
-0.72656
0
0
0
0
0
0
0
0
0
0
0
-0.48359
-0.44876
-0.47186
-0.46235
6.6942
-0.49956
-0.45182
-0.4291
-0.51973
-0.50482
-0.46029
-0.67823
-0.52005
-0.76405
0
0
0
0
0
0
0
0
0
0
0
0
0
0
0
0
-0.56045
-0.52299
-0.56342
-0.55507
-0.49956
6.5583
-0.54289
-0.47999
-0.61453
-0.60107
-0.55066
0
0
0
0
0
0
0
0
0
0
-1.0677
0
0
0
0
0
0
0
0
-0.51272
-0.47735
-0.51997
-0.50486
-0.45182
-0.54289
5.1094
-0.39536
-0.52876
-0.52634
0
0
0
0
-0.6493
0
0
0
0
0
0
0
0
0
0
0
0
0
0
0
-0.49583
-0.46011
-0.48933
-0.47878
-0.4291
-0.47999
-0.39536
4.718
-0.5331
-0.50808
-0.44827
0
0
0
0
0
0
0
0
0
0
0
0
0
0
0
0
0
0
0
-0.58554
-0.54945
-0.61137
-0.58665
-0.51973
-0.61453
-0.52876
-0.5331
12.3638
0
0
0
0
0
0
-1.8332
0
0
0
0
0
0
0
0
0
0
0
-6.0015
0
0
-0.58067
-0.54606
-0.5748
-0.56866
-0.50482
-0.60107
-0.52634
-0.50808
0
10.2832
0
0
0
0
0
0
0
0
0
0
0
0
0
0
0
0
0
0
0
-5.8727
-0.53223
-0.48685
-0.52163
-0.51724
-0.46029
-0.55066
0
-0.44827
0
0
3.9042
0
0
0
0
0
-0.38707
0
0
0
0
0
0
0
0
0
0
0
0
0
-0.78552
-0.70153
-0.73793
-0.75606
-0.67823
0
0
0
0
0
0
5.5473
0
0
0
0
0
-1.888
0
0
0
0
0
0
0
0
0
0
0
0
-0.59925
-0.55557
-0.60761
-0.5798
-0.52005
0
0
0
0
0
0
0
3.604
0
0
0
0
0
0
-0.7417
0
0
0
0
0
0
0
0
0
0
-0.87643
-0.82576
-0.87098
-0.84998
-0.76405
0
0
0
0
0
0
0
0
4.1872
0
0
0
0
0
0
0
0
0
0
0
0
0
0
0
0
-0.70938
0
0
0
0
0
-0.6493
0
0
0
0
0
0
0
2.6396
-0.5753
-0.70563
0
0
0
0
0
0
0
0
0
0
0
0
0
0
0
0
0
0
0
0
0
-1.8332
0
0
0
0
0
-0.5753
4.3015
0
0
0
0
-1.8931
0
0
0
0
0
0
0
0
0
0
0
0
0
0
0
0
0
0
0
-0.38707
0
0
0
-0.70563
0
1.8028
0
0
0
0
0
0
0
0
0
0
0
-0.7101
0
0
0
0
0
0
0
0
0
0
0
0
-1.888
0
0
0
0
0
8.9391
0
0
0
0
0
0
-4.1124
-2.9387
0
0
0
0
-0.76117
-0.68097
0
-0.72656
0
0
0
0
0
0
0
0
0
0
0
0
0
0
2.1687
0
0
0
0
0
0
0
0
0
0
0
-0.73589
-0.67599
0
0
0
0
0
0
0
0
0
0
-0.7417
0
0
0
0
0
0
2.1536
0
0
0
0
0
0
0
0
0
0
0
0
0
0
0
0
0
0
0
0
0
0
0
0
0
-1.8931
0
0
0
0
5.8747
0
0
0
-3.9816
0
0
0
0
0
0
0
0
0
0
-1.0677
0
0
0
0
0
0
0
0
0
0
0
0
0
0
0
3.388
0
-2.3203
0
0
0
0
0
0
0
-0.89193
0
0
0
0
0
0
0
0
0
0
0
0
0
0
0
0
0
0
0
0
3.179
-2.2871
0
0
0
0
0
0
0
0
0
0
0
0
0
0
0
0
0
0
0
0
0
0
0
0
0
0
0
-2.3203
-2.2871
4.6074
0
0
0
0
0
0
0
0
0
0
0
0
0
0
0
0
0
0
0
0
0
0
0
-4.1124
0
0
-3.9816
0
0
0
8.094
0
0
0
0
0
0
0
-4.0254
0
0
0
0
0
0
0
0
0
0
0
0
0
0
-2.9387
0
0
0
0
0
0
0
6.9641
0
0
0
0
-7.7497
0
0
0
0
0
0
0
0
0
0
0
0
0
0
0
0
0
0
0
0
0
0
0
0
0
7.7497
0
0
0
0
0
0
0
0
0
0
0
-6.0015
0
0
0
0
0
0
0
0
0
0
0
0
0
0
0
0
0
0
6.0015
0
0
0
0
0
0
0
0
0
0
0
0
0
0
0
0
0
0
-0.7101
0
0
0
0
0
0
0
0
0
0
0
0.7101
0
0
0
0
0
0
0
0
0
0
-5.8727
0
0
0
0
0
0
0
0
0
0
0
0
0
0
0
0
0
0
0
5.8727
