13.2169
-0.74786
-0.76066
-0.76456
-0.67514
-0.67514
-0.68175
-0.67514
-0.67514
-0.71016
-0.70506
-0.67683
-0.69348
-0.67614
-0.69348
-0.69729
-0.73009
-0.6835
-0.72971
-0.32071
-0.24508
0
0
0
0
0
0
0
0
0
-0.74786
13.2169
-0.76066
-0.76456
-0.67514
-0.67514
-0.68175
-0.67514
-0.67514
-0.71016
-0.70506
-0.67683
-0.69348
-0.67614
-0.69348
-0.69729
-0.73009
-0.6835
-0.72971
-0.32071
-0.24508
0
0
0
0
0
0
0
0
0
-0.76066
-0.76066
33.044
-0.77345
-0.70668
-0.70668
-0.70788
-0.70668
-0.70668
-0.70693
-0.72687
-0.69658
-0.68785
-0.69548
-0.68785
-0.72242
-0.76078
-0.7127
0
0
0
0
0
-10.4086
-10.4086
0
0
0
0
0
-0.76456
-0.76456
-0.77345
21.0124
-0.69733
-0.69733
-0.70475
-0.69733
-0.69733
-0.73072
-0.72729
-0.69775
-0.71261
-0.69699
-0.71261
-0.71976
-0.75435
-0.70597
-0.7585
0
0
0
0
0
0
-7.9992
0
0
0
0
-0.67514
-0.67514
-0.70668
-0.69733
11.422
-0.59313
-0.6334
-0.59313
-0.59313
-0.6382
-0.63058
-0.60498
-0.6249
-0.60427
-0.6249
-0.62123
-0.64868
-0.60782
-0.64941
0
0
0
0
0
0
0
0
0
0
0
-0.67514
-0.67514
-0.70668
-0.69733
-0.59313
11.422
-0.6334
-0.59313
-0.59313
-0.6382
-0.63058
-0.60498
-0.6249
-0.60427
-0.6249
-0.62123
-0.64868
-0.60782
-0.64941
0
0
0
0
0
0
0
0
0
0
0
-0.68175
-0.68175
-0.70788
-0.70475
-0.6334
-0.6334
11.1527
-0.6334
-0.6334
-0.62481
-0.62765
-0.6012
-0.61272
-0.60014
-0.61272
-0.61704
-0.64481
-0.60454
0
-0.29735
0
0
0
0
0
0
0
0
0
0
-0.67514
-0.67514
-0.70668
-0.69733
-0.59313
-0.59313
-0.6334
11.422
-0.59313
-0.6382
-0.63058
-0.60498
-0.6249
-0.60427
-0.6249
-0.62123
-0.64868
-0.60782
-0.64941
0
0
0
0
0
0
0
0
0
0
0
-0.67514
-0.67514
-0.70668
-0.69733
-0.59313
-0.59313
-0.6334
-0.59313
11.422
-0.6382
-0.63058
-0.60498
-0.6249
-0.60427
-0.6249
-0.62123
-0.64868
-0.60782
-0.64941
0
0
0
0
0
0
0
0
0
0
0
-0.71016
-0.71016
-0.70693
-0.73072
-0.6382
-0.6382
-0.62481
-0.6382
-0.6382
16.5158
-0.68526
-0.63893
-0.65216
-0.63903
-0.65216
-0.66231
0
0
0
0
0
0
0
0
0
0
0
0
-6.5504
0
-0.70506
-0.70506
-0.72687
-0.72729
-0.63058
-0.63058
-0.62765
-0.63058
-0.63058
-0.68526
10.6197
-0.63261
-0.65811
-0.63288
-0.65811
-0.65325
-0.68515
0
0
0
0
0
0
0
0
0
0
0
0
0
-0.67683
-0.67683
-0.69658
-0.69775
-0.60498
-0.60498
-0.6012
-0.60498
-0.60498
-0.63893
-0.63261
9.507
-0.62255
-0.60129
-0.62255
-0.61997
0
0
0
0
0
0
0
0
0
0
0
0
0
0
-0.69348
-0.69348
-0.68785
-0.71261
-0.6249
-0.6249
-0.61272
-0.6249
-0.6249
-0.65216
-0.65811
-0.62255
13.51
-0.61485
0
0
0
0
0
0
0
0
0
0
0
0
0
0
0
-5.0626
-0.67614
-0.67614
-0.69548
-0.69699
-0.60427
-0.60427
-0.60014
-0.60427
-0.60427
-0.63903
-0.63288
-0.60129
-0.61485
8.8649
-0.61485
0
0
0
0
0
0
0
0
0
0
0
0
0
0
0
-0.69348
-0.69348
-0.68785
-0.71261
-0.6249
-0.6249
-0.61272
-0.6249
-0.6249
-0.65216
-0.65811
-0.62255
0
-0.61485
13.51
0
0
0
0
0
0
0
0
0
0
0
-5.0626
0
0
0
-0.69729
-0.69729
-0.72242
-0.71976
-0.62123
-0.62123
-0.61704
-0.62123
-0.62123
-0.66231
-0.65325
-0.61997
0
0
0
7.8743
0
0
0
0
0
0
0
0
0
0
0
0
0
0
-0.73009
-0.73009
-0.76078
-0.75435
-0.64868
-0.64868
-0.64481
-0.64868
-0.64868
0
-0.68515
0
0
0
0
0
6.9
0
0
0
0
0
0
0
0
0
0
0
0
0
-0.6835
-0.6835
-0.7127
-0.70597
-0.60782
-0.60782
-0.60454
-0.60782
-0.60782
0
0
0
0
0
0
0
0
5.8215
0
0
0
0
0
0
0
0
0
0
0
0
-0.72971
-0.72971
0
-0.7585
-0.64941
-0.64941
0
-0.64941
-0.64941
0
0
0
0
0
0
0
0
0
4.8156
0
0
0
0
0
0
0
0
0
0
0
-0.32071
-0.32071
0
0
0
0
-0.29735
0
0
0
0
0
0
0
0
0
0
0
0
15.739
0
-7.4001
-7.4001
0
0
0
0
0
0
0
-0.24508
-0.24508
0
0
0
0
0
0
0
0
0
0
0
0
0
0
0
0
0
0
0.59467
0
0
0
0
0
0
-0.1045
0
0
0
0
0
0
0
0
0
0
0
0
0
0
0
0
0
0
0
0
0
-7.4001
0
7.4001
0
0
0
0
0
0
0
0
0
0
0
0
0
0
0
0
0
0
0
0
0
0
0
0
0
0
0
-7.4001
0
0
7.4001
0
0
0
0
0
0
0
0
0
-10.4086
0
0
0
0
0
0
0
0
0
0
0
0
0
0
0
0
0
0
0
0
10.4086
0
0
0
0
0
0
0
0
-10.4086
0
0
0
0
0
0
0
0
0
0
0
0
0
0
0
0
0
0
0
0
0
10.4086
0
0
0
0
0
0
0
0
-7.9992
0
0
0
0
0
0
0
0
0
0
0
0
0
0
0
0
0
0
0
0
0
7.9992
0
0
0
0
0
0
0
0
0
0
0
0
0
0
0
0
0
0
-5.0626
0
0
0
0
0
0
0
0
0
0
0
5.0626
0
0
0
0
0
0
0
0
0
0
0
0
0
0
0
0
0
0
0
0
0
0
0
-0.1045
0
0
0
0
0
0
0.1045
0
0
0
0
0
0
0
0
0
0
0
-6.5504
0
0
0
0
0
0
0
0
0
0
0
0
0
0
0
0
0
0
6.5504
0
0
0
0
0
0
0
0
0
0
0
0
0
-5.0626
0
0
0
0
0
0
0
0
0
0
0
0
0
0
0
0
5.0626
