26.003
-0.56492
-0.5654
-0.5654
-0.56592
-0.5655
-0.56555
-0.56532
-0.56501
-0.56519
-0.56516
-0.56257
-0.56251
0
-0.56756
-0.55616
0
0
-6.0336
0
0
0
0
0
0
-6.0336
-6.0336
0
0
0
-0.56492
16.3153
-0.56614
-0.56614
-0.56664
-0.56676
-0.56625
-0.56608
-0.56627
-0.56588
-0.56591
-0.56359
0
0
-0.56835
0
0
0
0
-4.7612
0
0
0
-4.7612
0
0
0
0
0
0
-0.5654
-0.56614
7.3515
-0.56532
-0.56618
-0.56608
-0.56588
-0.56558
-0.56565
-0.56566
-0.56538
-0.56351
-0.56323
0
-0.56753
0
0
0
0
0
0
0
0
0
0
0
0
0
0
0
-0.5654
-0.56614
-0.56532
7.3515
-0.56618
-0.56608
-0.56588
-0.56558
-0.56565
-0.56566
-0.56538
-0.56351
-0.56323
0
-0.56753
0
0
0
0
0
0
0
0
0
0
0
0
0
0
0
-0.56592
-0.56664
-0.56618
-0.56618
8.8478
-0.56688
-0.56634
-0.56602
-0.56645
-0.56589
-0.56584
0
0
0
0
0
-0.55635
0
0
0
0
0
0
0
0
0
0
-2.6291
0
0
-0.5655
-0.56676
-0.56608
-0.56608
-0.56688
7.7211
-0.56631
-0.56577
-0.56635
-0.56553
-0.56555
0
0
0
0
0
0
0
0
0
-2.0603
0
0
0
0
0
0
0
0
0
-0.56555
-0.56625
-0.56588
-0.56588
-0.56634
-0.56631
6.2219
-0.56553
-0.56573
-0.56561
-0.56533
0
-0.56352
0
0
0
0
0
0
0
0
0
0
0
0
0
0
0
0
0
-0.56532
-0.56608
-0.56558
-0.56558
-0.56602
-0.56577
-0.56553
5.6554
-0.56552
-0.56509
-0.56488
0
0
0
0
0
0
0
0
0
0
0
0
0
0
0
0
0
0
0
-0.56501
-0.56627
-0.56565
-0.56565
-0.56645
-0.56635
-0.56573
-0.56552
6.6467
0
-0.56469
0
0
0
0
0
0
0
0
0
0
0
0
0
0
0
0
0
-1.5554
0
-0.56519
-0.56588
-0.56566
-0.56566
-0.56589
-0.56553
-0.56561
-0.56509
0
5.083
0
0
0
-0.55852
0
0
0
0
0
0
0
0
0
0
0
0
0
0
0
0
-0.56516
-0.56591
-0.56538
-0.56538
-0.56584
-0.56555
-0.56533
-0.56488
-0.56469
0
5.0881
0
0
0
0
0
0
0
0
0
0
0
0
0
0
0
0
0
0
0
-0.56257
-0.56359
-0.56351
-0.56351
0
0
0
0
0
0
0
3.3642
0
-0.55859
0
0
0
0
0
0
0
0
-0.55249
0
0
0
0
0
0
0
-0.56251
0
-0.56323
-0.56323
0
0
-0.56352
0
0
0
0
0
3.3633
-0.55857
0
0
0
0
0
0
0
-0.55225
0
0
0
0
0
0
0
0
0
0
0
0
0
0
0
0
0
-0.55852
0
-0.55859
-0.55857
9.9469
0
0
0
0
0
0
0
0
0
0
-4.1356
0
0
0
0
-4.1356
-0.56756
-0.56835
-0.56753
-0.56753
0
0
0
0
0
0
0
0
0
0
2.271
0
0
0
0
0
0
0
0
0
0
0
0
0
0
0
-0.55616
0
0
0
0
0
0
0
0
0
0
0
0
0
0
1.1347
0
-0.57855
0
0
0
0
0
0
0
0
0
0
0
0
0
0
0
0
-0.55635
0
0
0
0
0
0
0
0
0
0
0
1.1842
-0.62783
0
0
0
0
0
0
0
0
0
0
0
0
0
0
0
0
0
0
0
0
0
0
0
0
0
0
0
-0.57855
-0.62783
1.2064
0
0
0
0
0
0
0
0
0
0
0
0
-6.0336
0
0
0
0
0
0
0
0
0
0
0
0
0
0
0
0
0
6.0336
0
0
0
0
0
0
0
0
0
0
0
0
-4.7612
0
0
0
0
0
0
0
0
0
0
0
0
0
0
0
0
0
4.7612
0
0
0
0
0
0
0
0
0
0
0
0
0
0
0
-2.0603
0
0
0
0
0
0
0
0
0
0
0
0
0
0
2.0603
0
0
0
0
0
0
0
0
0
0
0
0
0
0
0
0
0
0
0
0
0
-0.55225
0
0
0
0
0
0
0
0
0.55225
0
0
0
0
0
0
0
0
0
0
0
0
0
0
0
0
0
0
0
-0.55249
0
0
0
0
0
0
0
0
0
0
0.55249
0
0
0
0
0
0
0
0
-4.7612
0
0
0
0
0
0
0
0
0
0
0
0
0
0
0
0
0
0
0
0
0
4.7612
0
0
0
0
0
0
0
0
0
0
0
0
0
0
0
0
0
0
0
-4.1356
0
0
0
0
0
0
0
0
0
0
4.1356
0
0
0
0
0
-6.0336
0
0
0
0
0
0
0
0
0
0
0
0
0
0
0
0
0
0
0
0
0
0
0
0
6.0336
0
0
0
0
-6.0336
0
0
0
0
0
0
0
0
0
0
0
0
0
0
0
0
0
0
0
0
0
0
0
0
0
6.0336
0
0
0
0
0
0
0
-2.6291
0
0
0
0
0
0
0
0
0
0
0
0
0
0
0
0
0
0
0
0
0
0
2.6291
0
0
0
0
0
0
0
0
0
0
-1.5554
0
0
0
0
0
0
0
0
0
0
0
0
0
0
0
0
0
0
0
1.5554
0
0
0
0
0
0
0
0
0
0
0
0
0
0
-4.1356
0
0
0
0
0
0
0
0
0
0
0
0
0
0
0
4.1356
