22.9552
-0.96732
-1.0082
-1.0096
-0.91846
-0.91846
-0.91846
-0.91846
-0.92494
-0.82036
-0.82036
-0.87135
-0.86189
-0.89296
-0.89296
-0.89544
-0.94624
-0.86772
-0.92438
0
0
0
-3.2888
-3.2888
0
0
0
0
0
0
-0.96732
22.9552
-1.0082
-1.0096
-0.91846
-0.91846
-0.91846
-0.91846
-0.92494
-0.82036
-0.82036
-0.87135
-0.86189
-0.89296
-0.89296
-0.89544
-0.94624
-0.86772
-0.92438
0
0
0
-3.2888
-3.2888
0
0
0
0
0
0
-1.0082
-1.0082
18.0803
-1.0064
-0.91702
-0.91702
-0.91702
-0.91702
-0.92531
-0.81834
-0.81834
-0.8725
-0.86012
-0.89203
-0.89203
-0.89583
-0.93486
-0.86768
-0.92502
0
-1.6874
0
0
0
0
0
0
0
0
0
-1.0096
-1.0096
-1.0064
19.0764
-0.91904
-0.91904
-0.91904
-0.91904
-0.94055
-0.8197
-0.8197
-0.87402
-0.87779
-0.89521
-0.89521
-0.89731
-0.94147
-0.86915
-0.92343
0
0
-2.6211
0
0
0
0
0
0
0
0
-0.91846
-0.91846
-0.91702
-0.91904
14.9071
-0.80599
-0.80599
-0.80599
-0.85864
-0.73818
-0.73818
-0.79149
-0.7832
-0.80828
-0.80828
-0.81151
-0.85588
-0.78595
-0.83663
0
0
0
0
0
0
0
0
0
0
0
-0.91846
-0.91846
-0.91702
-0.91904
-0.80599
14.9071
-0.80599
-0.80599
-0.85864
-0.73818
-0.73818
-0.79149
-0.7832
-0.80828
-0.80828
-0.81151
-0.85588
-0.78595
-0.83663
0
0
0
0
0
0
0
0
0
0
0
-0.91846
-0.91846
-0.91702
-0.91904
-0.80599
-0.80599
14.9071
-0.80599
-0.85864
-0.73818
-0.73818
-0.79149
-0.7832
-0.80828
-0.80828
-0.81151
-0.85588
-0.78595
-0.83663
0
0
0
0
0
0
0
0
0
0
0
-0.91846
-0.91846
-0.91702
-0.91904
-0.80599
-0.80599
-0.80599
14.9071
-0.85864
-0.73818
-0.73818
-0.79149
-0.7832
-0.80828
-0.80828
-0.81151
-0.85588
-0.78595
-0.83663
0
0
0
0
0
0
0
0
0
0
0
-0.92494
-0.92494
-0.92531
-0.94055
-0.85864
-0.85864
-0.85864
-0.85864
15.7547
-0.73391
-0.73391
-0.7781
-0.76435
-0.80128
-0.80128
-0.79885
-0.84069
-0.77933
0
0
0
0
0
0
0
0
-1.5728
0
0
0
-0.82036
-0.82036
-0.81834
-0.8197
-0.73818
-0.73818
-0.73818
-0.73818
-0.73391
12.5457
-0.65229
-0.68798
-0.68087
-0.7092
-0.7092
-0.70769
-0.7451
-0.68805
0
0
0
0
0
0
0
0
0
0
0
0
-0.82036
-0.82036
-0.81834
-0.8197
-0.73818
-0.73818
-0.73818
-0.73818
-0.73391
-0.65229
12.5457
-0.68798
-0.68087
-0.7092
-0.7092
-0.70769
-0.7451
-0.68805
0
0
0
0
0
0
0
0
0
0
0
0
-0.87135
-0.87135
-0.8725
-0.87402
-0.79149
-0.79149
-0.79149
-0.79149
-0.7781
-0.68798
-0.68798
15.6396
-0.73269
-0.73626
-0.73626
-0.71577
0
0
0
0
0
0
0
0
0
0
0
-3.9094
0
0
-0.86189
-0.86189
-0.86012
-0.87779
-0.7832
-0.7832
-0.7832
-0.7832
-0.76435
-0.68087
-0.68087
-0.73269
13.1288
-0.72864
-0.72864
-0.71941
0
0
0
0
0
0
0
0
-1.4988
0
0
0
0
0
-0.89296
-0.89296
-0.89203
-0.89521
-0.80828
-0.80828
-0.80828
-0.80828
-0.80128
-0.7092
-0.7092
-0.73626
-0.72864
11.2925
-0.80162
0
0
0
0
0
0
0
0
0
0
0
0
0
0
0
-0.89296
-0.89296
-0.89203
-0.89521
-0.80828
-0.80828
-0.80828
-0.80828
-0.80128
-0.7092
-0.7092
-0.73626
-0.72864
-0.80162
11.2925
0
0
0
0
0
0
0
0
0
0
0
0
0
0
0
-0.89544
-0.89544
-0.89583
-0.89731
-0.81151
-0.81151
-0.81151
-0.81151
-0.79885
-0.70769
-0.70769
-0.71577
-0.71941
0
0
14.0546
0
0
0
0
0
0
0
0
0
0
0
0
0
-3.5752
-0.94624
-0.94624
-0.93486
-0.94147
-0.85588
-0.85588
-0.85588
-0.85588
-0.84069
-0.7451
-0.7451
0
0
0
0
0
11.0652
0
0
0
-1.542
0
0
0
0
0
0
0
0
0
-0.86772
-0.86772
-0.86768
-0.86915
-0.78595
-0.78595
-0.78595
-0.78595
-0.77933
-0.68805
-0.68805
0
0
0
0
0
0
8.7715
0
0
0
0
0
0
0
0
0
0
0
0
-0.92438
-0.92438
-0.92502
-0.92343
-0.83663
-0.83663
-0.83663
-0.83663
0
0
0
0
0
0
0
0
0
0
7.0437
0
0
0
0
0
0
0
0
0
0
0
0
0
0
0
0
0
0
0
0
0
0
0
0
0
0
0
0
0
0
6.5235
0
0
0
0
-1.1475
-4.2426
-1.1335
0
0
0
0
0
-1.6874
0
0
0
0
0
0
0
0
0
0
0
0
0
-1.542
0
0
0
5.8982
0
0
0
0
0
0
0
-2.6688
0
0
0
0
-2.6211
0
0
0
0
0
0
0
0
0
0
0
0
0
0
0
0
0
4.7326
0
0
0
-2.1116
0
0
0
0
-3.2888
-3.2888
0
0
0
0
0
0
0
0
0
0
0
0
0
0
0
0
0
0
0
0
6.5776
0
0
0
0
0
0
0
-3.2888
-3.2888
0
0
0
0
0
0
0
0
0
0
0
0
0
0
0
0
0
0
0
0
0
6.5776
0
0
0
0
0
0
0
0
0
0
0
0
0
0
0
0
0
0
-1.4988
0
0
0
0
0
0
-1.1475
0
0
0
0
2.6463
0
0
0
0
0
0
0
0
0
0
0
0
0
0
0
0
0
0
0
0
0
0
0
0
-4.2426
0
-2.1116
0
0
0
6.3542
0
0
0
0
0
0
0
0
0
0
0
0
-1.5728
0
0
0
0
0
0
0
0
0
0
-1.1335
0
0
0
0
0
0
2.7062
0
0
0
0
0
0
0
0
0
0
0
0
0
0
-3.9094
0
0
0
0
0
0
0
0
0
0
0
0
0
0
0
3.9094
0
0
0
0
0
0
0
0
0
0
0
0
0
0
0
0
0
0
0
0
0
0
-2.6688
0
0
0
0
0
0
0
2.6688
0
0
0
0
0
0
0
0
0
0
0
0
0
0
0
0
-3.5752
0
0
0
0
0
0
0
0
0
0
0
0
0
3.5752
