15.8486
-0.78986
-0.81915
-0.84017
-0.81915
-0.81915
-0.65692
-0.65692
-0.65692
-0.65692
-0.75545
-0.89022
-0.88889
-0.86195
-0.72411
-0.62628
-0.62628
-0.80603
-0.71755
0
0
0
0
0
-2.2367
0
0
0
0
0
-0.78986
21.7842
-0.83295
-0.84503
-0.83295
-0.83295
-0.6672
-0.6672
-0.6672
-0.6672
-0.73694
-0.88964
-0.90207
-0.86881
-0.73642
-0.63984
-0.63984
-0.83063
-0.72759
0
0
0
0
0
0
-8.0099
0
0
0
0
-0.81915
-0.83295
13.6625
-0.90395
-0.83269
-0.83269
-0.68878
-0.68878
-0.68878
-0.68878
-0.83604
-0.9669
-0.95492
-0.93809
-0.77928
-0.67486
-0.67486
-0.86102
0
0
0
0
0
0
0
0
0
0
0
0
-0.84017
-0.84503
-0.90395
20.6652
-0.90395
-0.90395
-0.70541
-0.70541
-0.70541
-0.70541
-0.81278
-0.96834
-0.9841
-0.95029
-0.79862
-0.69444
-0.69444
0
0
0
0
0
0
0
0
0
0
0
-7.5435
0
-0.81915
-0.83295
-0.83269
-0.90395
13.6625
-0.83269
-0.68878
-0.68878
-0.68878
-0.68878
-0.83604
-0.9669
-0.95492
-0.93809
-0.77928
-0.67486
-0.67486
-0.86102
0
0
0
0
0
0
0
0
0
0
0
0
-0.81915
-0.83295
-0.83269
-0.90395
-0.83269
13.6625
-0.68878
-0.68878
-0.68878
-0.68878
-0.83604
-0.9669
-0.95492
-0.93809
-0.77928
-0.67486
-0.67486
-0.86102
0
0
0
0
0
0
0
0
0
0
0
0
-0.65692
-0.6672
-0.68878
-0.70541
-0.68878
-0.68878
10.2107
-0.52337
-0.52337
-0.52337
-0.64088
-0.75199
-0.74413
-0.73152
-0.61509
-0.53055
-0.53055
0
0
0
0
0
0
0
0
0
0
0
0
0
-0.65692
-0.6672
-0.68878
-0.70541
-0.68878
-0.68878
-0.52337
10.2107
-0.52337
-0.52337
-0.64088
-0.75199
-0.74413
-0.73152
-0.61509
-0.53055
-0.53055
0
0
0
0
0
0
0
0
0
0
0
0
0
-0.65692
-0.6672
-0.68878
-0.70541
-0.68878
-0.68878
-0.52337
-0.52337
10.2107
-0.52337
-0.64088
-0.75199
-0.74413
-0.73152
-0.61509
-0.53055
-0.53055
0
0
0
0
0
0
0
0
0
0
0
0
0
-0.65692
-0.6672
-0.68878
-0.70541
-0.68878
-0.68878
-0.52337
-0.52337
-0.52337
10.2107
-0.64088
-0.75199
-0.74413
-0.73152
-0.61509
-0.53055
-0.53055
0
0
0
0
0
0
0
0
0
0
0
0
0
-0.75545
-0.73694
-0.83604
-0.81278
-0.83604
-0.83604
-0.64088
-0.64088
-0.64088
-0.64088
16.6602
0
0
0
-0.70637
0
0
0
0
0
-1.2362
0
-0.48438
0
0
0
0
-6.8565
0
0
-0.89022
-0.88964
-0.9669
-0.96834
-0.9669
-0.9669
-0.75199
-0.75199
-0.75199
-0.75199
0
13.6662
0
0
0
0
0
0
0
0
0
0
0
0
0
0
0
0
0
-5.0094
-0.88889
-0.90207
-0.95492
-0.9841
-0.95492
-0.95492
-0.74413
-0.74413
-0.74413
-0.74413
0
0
10.8703
0
0
0
0
0
0
0
0
0
0
-2.254
0
0
0
0
0
0
-0.86195
-0.86881
-0.93809
-0.95029
-0.93809
-0.93809
-0.73152
-0.73152
-0.73152
-0.73152
0
0
0
9.5425
0
0
0
0
0
0
-1.121
0
0
0
0
0
0
0
0
0
-0.72411
-0.73642
-0.77928
-0.79862
-0.77928
-0.77928
-0.61509
-0.61509
-0.61509
-0.61509
-0.70637
0
0
0
7.7637
0
0
0
0
0
0
0
0
0
0
0
0
0
0
0
-0.62628
-0.63984
-0.67486
-0.69444
-0.67486
-0.67486
-0.53055
-0.53055
-0.53055
-0.53055
0
0
0
0
0
6.1073
0
0
0
0
0
0
0
0
0
0
0
0
0
0
-0.62628
-0.63984
-0.67486
-0.69444
-0.67486
-0.67486
-0.53055
-0.53055
-0.53055
-0.53055
0
0
0
0
0
0
6.1073
0
0
0
0
0
0
0
0
0
0
0
0
0
-0.80603
-0.83063
-0.86102
0
-0.86102
-0.86102
0
0
0
0
0
0
0
0
0
0
0
5.0254
-0.80565
0
0
0
0
0
0
0
0
0
0
0
-0.71755
-0.72759
0
0
0
0
0
0
0
0
0
0
0
0
0
0
0
-0.80565
2.7566
-0.50585
0
0
0
0
0
0
0
0
0
0
0
0
0
0
0
0
0
0
0
0
0
0
0
0
0
0
0
0
-0.50585
7.9532
0
0
0
-2.3547
-2.2056
0
-2.887
0
0
0
0
0
0
0
0
0
0
0
0
0
-1.2362
0
0
-1.121
0
0
0
0
0
0
4.0158
-1.6585
0
0
0
0
0
0
0
0
0
0
0
0
0
0
0
0
0
0
0
0
0
0
0
0
0
0
0
0
-1.6585
4.6099
-2.9514
0
0
0
0
0
0
0
0
0
0
0
0
0
0
0
0
0
-0.48438
0
0
0
0
0
0
0
0
0
0
-2.9514
3.4357
0
0
0
0
0
0
0
0
0
0
0
0
0
0
0
0
0
0
0
-2.254
0
0
0
0
0
0
-2.3547
0
0
0
4.6088
0
0
0
0
0
0
-2.2367
0
0
0
0
0
0
0
0
0
0
0
0
0
0
0
0
0
0
-2.2056
0
0
0
0
4.4423
0
0
0
0
0
0
-8.0099
0
0
0
0
0
0
0
0
0
0
0
0
0
0
0
0
0
0
0
0
0
0
0
8.0099
0
0
0
0
0
0
0
0
0
0
0
0
0
0
0
0
0
0
0
0
0
0
0
-2.887
0
0
0
0
0
0
2.887
0
0
0
0
0
0
0
0
0
0
0
0
0
-6.8565
0
0
0
0
0
0
0
0
0
0
0
0
0
0
0
0
6.8565
0
0
0
0
0
-7.5435
0
0
0
0
0
0
0
0
0
0
0
0
0
0
0
0
0
0
0
0
0
0
0
0
7.5435
0
0
0
0
0
0
0
0
0
0
0
0
-5.0094
0
0
0
0
0
0
0
0
0
0
0
0
0
0
0
0
0
5.0094
