12.5683
-0.21701
-0.10001
-0.10001
-0.2731
-0.5623
-0.10001
-0.10093
-0.28179
-0.62882
-0.58203
-0.66776
-0.16565
0
0
0
0
0
0
0
0
0
-2.8356
0
0
-2.2022
0
0
-3.751
0
-0.21701
9.1392
-0.49475
-0.33971
-0.56494
-0.18239
-0.10001
-0.43018
-0.16536
-0.62689
-0.50623
-0.50772
0
-0.79058
0
0
0
0
0
-1.904
0
0
0
0
0
0
-2.3094
0
0
0
-0.10001
-0.49475
7.8226
-0.1179
-0.4801
-0.15279
-0.10002
-0.55734
-0.61896
-0.43313
-0.47272
-0.56479
-0.17133
0
0
0
0
0
-1.8544
0
0
-1.7044
0
0
0
0
0
0
0
0
-0.10001
-0.33971
-0.1179
8.2536
-0.36538
-0.49341
-0.57152
-0.4053
-0.72366
-0.67061
-0.62635
-0.73114
-0.83442
0
0
0
0
0
0
0
0
0
-2.2742
0
0
0
0
0
0
0
-0.2731
-0.56494
-0.4801
-0.36538
8.4085
-0.50463
-0.56642
-0.35599
-0.70249
-0.59944
-0.66966
-0.70016
-0.10001
0
0
0
0
0
0
0
0
0
0
-2.5262
0
0
0
0
0
0
-0.5623
-0.18239
-0.15279
-0.49341
-0.50463
7.0585
-0.10001
-0.34358
-0.56213
-0.59539
-0.60338
-0.52392
-0.82285
0
0
0
0
0
0
0
-1.6117
0
0
0
0
0
0
0
0
0
-0.10001
-0.10001
-0.10002
-0.57152
-0.56642
-0.10001
11.1275
-0.10712
-0.11737
-0.81983
0
0
0
-1.2451
0
0
0
0
0
0
-2.6908
0
0
0
0
-2.9389
0
-1.6704
0
0
-0.10093
-0.43018
-0.55734
-0.4053
-0.35599
-0.34358
-0.10712
7.1827
-0.53436
-0.63026
-0.52864
-0.68351
-0.77518
0
0
0
-1.7303
0
0
0
0
0
0
0
0
0
0
0
0
0
-0.28179
-0.16536
-0.61896
-0.72366
-0.70249
-0.56213
-0.11737
-0.53436
7.8041
-0.53384
-0.82996
-0.4428
0
0
0
0
0
-2.2914
0
0
0
0
0
0
0
0
0
0
0
0
-0.62882
-0.62689
-0.43313
-0.67061
-0.59944
-0.59539
-0.81983
-0.63026
-0.53384
6.6952
-0.59862
-0.55836
0
0
0
0
0
0
0
0
0
0
0
0
0
0
0
0
0
0
-0.58203
-0.50623
-0.47272
-0.62635
-0.66966
-0.60338
0
-0.52864
-0.82996
-0.59862
6.8676
0
0
0
-1.4501
0
0
0
0
0
0
0
0
0
0
0
0
0
0
0
-0.66776
-0.50772
-0.56479
-0.73114
-0.70016
-0.52392
0
-0.68351
-0.4428
-0.55836
0
6.7326
0
-1.3524
0
0
0
0
0
0
0
0
0
0
0
0
0
0
0
0
-0.16565
0
-0.17133
-0.83442
-0.10001
-0.82285
0
-0.77518
0
0
0
0
9.06
0
0
0
0
0
-1.713
-1.9506
0
0
0
-2.527
0
0
0
0
0
0
0
-0.79058
0
0
0
0
-1.2451
0
0
0
0
-1.3524
0
7.2362
-1.6975
0
0
-2.1507
0
0
0
0
0
0
0
0
0
0
0
0
0
0
0
0
0
0
0
0
0
0
-1.4501
0
0
-1.6975
7.9575
0
0
0
0
0
0
-2.114
0
0
0
0
-2.696
0
0
0
0
0
0
0
0
0
0
0
0
0
0
0
0
0
0
9.7716
-1.554
0
0
0
0
-2.0558
0
0
-2.8581
0
0
0
0
-3.3036
0
0
0
0
0
0
0
-1.7303
0
0
0
0
0
0
0
-1.554
5.6638
-2.3794
0
0
0
0
0
0
0
0
0
0
0
0
0
0
0
0
0
0
0
0
-2.2914
0
0
0
0
-2.1507
0
0
-2.3794
6.8216
0
0
0
0
0
0
0
0
0
0
0
0
0
0
-1.8544
0
0
0
0
0
0
0
0
0
-1.713
0
0
0
0
0
5.68
0
0
0
0
0
-2.1126
0
0
0
0
0
0
-1.904
0
0
0
0
0
0
0
0
0
0
-1.9506
0
0
0
0
0
0
5.9108
-2.0562
0
0
0
0
0
0
0
0
0
0
0
0
0
0
-1.6117
-2.6908
0
0
0
0
0
0
0
0
0
0
0
0
-2.0562
6.3587
0
0
0
0
0
0
0
0
0
0
0
-1.7044
0
0
0
0
0
0
0
0
0
0
0
-2.114
-2.0558
0
0
0
0
0
5.8742
0
0
0
0
0
0
0
0
-2.8356
0
0
-2.2742
0
0
0
0
0
0
0
0
0
0
0
0
0
0
0
0
0
0
5.1097
0
0
0
0
0
0
0
0
0
0
0
-2.5262
0
0
0
0
0
0
0
-2.527
0
0
0
0
0
0
0
0
0
0
5.0532
0
0
0
0
0
0
0
0
0
0
0
0
0
0
0
0
0
0
0
0
0
-2.8581
0
0
-2.1126
0
0
0
0
0
4.9707
0
0
0
0
0
-2.2022
0
0
0
0
0
-2.9389
0
0
0
0
0
0
0
0
0
0
0
0
0
0
0
0
0
0
5.1411
0
0
0
0
0
-2.3094
0
0
0
0
0
0
0
0
0
0
0
0
-2.696
0
0
0
0
0
0
0
0
0
0
0
5.0054
0
0
0
0
0
0
0
0
0
-1.6704
0
0
0
0
0
0
0
0
0
0
0
0
0
0
0
0
0
0
0
0
1.6704
0
0
-3.751
0
0
0
0
0
0
0
0
0
0
0
0
0
0
0
0
0
0
0
0
0
0
0
0
0
0
0
3.751
0
0
0
0
0
0
0
0
0
0
0
0
0
0
0
0
-3.3036
0
0
0
0
0
0
0
0
0
0
0
0
0
3.3036
