22.6263
-1.2235
-1.2408
-1.2408
-1.2408
-0.92444
-0.92444
-0.92444
-0.92444
-0.99467
-0.92444
-0.92444
-0.92444
-0.92444
-0.92444
-0.81336
-0.81336
-0.85704
-0.97331
-0.97331
0
-3.9355
0
0
0
0
0
0
0
0
-1.2235
26.7962
-1.2542
-1.2542
-1.2542
-0.93427
-0.93427
-0.93427
-0.93427
-1.0044
-0.93427
-0.93427
-0.93427
-0.93427
-0.93427
-0.82485
-0.82485
-0.86636
-0.98343
-0.98343
0
0
-7.9143
0
0
0
0
0
0
0
-1.2408
-1.2542
24.2209
-1.2269
-1.2269
-0.92686
-0.92686
-0.92686
-0.92686
-0.97279
-0.92686
-0.92686
-0.92686
-0.92686
-0.92686
-0.8003
-0.8003
-0.85909
-0.98017
-0.98017
0
0
0
0
-5.5375
0
0
0
0
0
-1.2408
-1.2542
-1.2269
24.2209
-1.2269
-0.92686
-0.92686
-0.92686
-0.92686
-0.97279
-0.92686
-0.92686
-0.92686
-0.92686
-0.92686
-0.8003
-0.8003
-0.85909
-0.98017
-0.98017
0
0
0
0
0
0
-5.5375
0
0
0
-1.2408
-1.2542
-1.2269
-1.2269
24.2209
-0.92686
-0.92686
-0.92686
-0.92686
-0.97279
-0.92686
-0.92686
-0.92686
-0.92686
-0.92686
-0.8003
-0.8003
-0.85909
-0.98017
-0.98017
0
0
0
0
0
0
0
0
-5.5375
0
-0.92444
-0.93427
-0.92686
-0.92686
-0.92686
13.835
-0.65445
-0.65445
-0.65445
-0.74425
-0.65445
-0.65445
-0.65445
-0.65445
-0.65445
-0.58633
-0.58633
-0.62436
-0.70939
-0.70939
0
0
0
0
0
0
0
0
0
0
-0.92444
-0.93427
-0.92686
-0.92686
-0.92686
-0.65445
13.835
-0.65445
-0.65445
-0.74425
-0.65445
-0.65445
-0.65445
-0.65445
-0.65445
-0.58633
-0.58633
-0.62436
-0.70939
-0.70939
0
0
0
0
0
0
0
0
0
0
-0.92444
-0.93427
-0.92686
-0.92686
-0.92686
-0.65445
-0.65445
13.835
-0.65445
-0.74425
-0.65445
-0.65445
-0.65445
-0.65445
-0.65445
-0.58633
-0.58633
-0.62436
-0.70939
-0.70939
0
0
0
0
0
0
0
0
0
0
-0.92444
-0.93427
-0.92686
-0.92686
-0.92686
-0.65445
-0.65445
-0.65445
13.835
-0.74425
-0.65445
-0.65445
-0.65445
-0.65445
-0.65445
-0.58633
-0.58633
-0.62436
-0.70939
-0.70939
0
0
0
0
0
0
0
0
0
0
-0.99467
-1.0044
-0.97279
-0.97279
-0.97279
-0.74425
-0.74425
-0.74425
-0.74425
18.0769
-0.74425
-0.74425
-0.74425
-0.74425
-0.74425
-0.46469
-0.46469
-0.55885
0
0
-0.33102
0
0
0
0
0
0
-4.642
0
0
-0.92444
-0.93427
-0.92686
-0.92686
-0.92686
-0.65445
-0.65445
-0.65445
-0.65445
-0.74425
13.835
-0.65445
-0.65445
-0.65445
-0.65445
-0.58633
-0.58633
-0.62436
-0.70939
-0.70939
0
0
0
0
0
0
0
0
0
0
-0.92444
-0.93427
-0.92686
-0.92686
-0.92686
-0.65445
-0.65445
-0.65445
-0.65445
-0.74425
-0.65445
13.835
-0.65445
-0.65445
-0.65445
-0.58633
-0.58633
-0.62436
-0.70939
-0.70939
0
0
0
0
0
0
0
0
0
0
-0.92444
-0.93427
-0.92686
-0.92686
-0.92686
-0.65445
-0.65445
-0.65445
-0.65445
-0.74425
-0.65445
-0.65445
13.835
-0.65445
-0.65445
-0.58633
-0.58633
-0.62436
-0.70939
-0.70939
0
0
0
0
0
0
0
0
0
0
-0.92444
-0.93427
-0.92686
-0.92686
-0.92686
-0.65445
-0.65445
-0.65445
-0.65445
-0.74425
-0.65445
-0.65445
-0.65445
13.835
-0.65445
-0.58633
-0.58633
-0.62436
-0.70939
-0.70939
0
0
0
0
0
0
0
0
0
0
-0.92444
-0.93427
-0.92686
-0.92686
-0.92686
-0.65445
-0.65445
-0.65445
-0.65445
-0.74425
-0.65445
-0.65445
-0.65445
-0.65445
13.835
-0.58633
-0.58633
-0.62436
-0.70939
-0.70939
0
0
0
0
0
0
0
0
0
0
-0.81336
-0.82485
-0.8003
-0.8003
-0.8003
-0.58633
-0.58633
-0.58633
-0.58633
-0.46469
-0.58633
-0.58633
-0.58633
-0.58633
-0.58633
14.8903
-0.43815
-0.52057
0
0
0
0
0
-4.1508
0
0
0
0
0
0
-0.81336
-0.82485
-0.8003
-0.8003
-0.8003
-0.58633
-0.58633
-0.58633
-0.58633
-0.46469
-0.58633
-0.58633
-0.58633
-0.58633
-0.58633
-0.43815
14.8903
-0.52057
0
0
0
0
0
0
0
-4.1508
0
0
0
0
-0.85704
-0.86636
-0.85909
-0.85909
-0.85909
-0.62436
-0.62436
-0.62436
-0.62436
-0.55885
-0.62436
-0.62436
-0.62436
-0.62436
-0.62436
-0.52057
-0.52057
11.5199
0
0
0
0
0
0
0
0
0
0
0
0
-0.97331
-0.98343
-0.98017
-0.98017
-0.98017
-0.70939
-0.70939
-0.70939
-0.70939
0
-0.70939
-0.70939
-0.70939
-0.70939
-0.70939
0
0
0
11.2818
0
0
0
0
0
0
0
0
0
0
0
-0.97331
-0.98343
-0.98017
-0.98017
-0.98017
-0.70939
-0.70939
-0.70939
-0.70939
0
-0.70939
-0.70939
-0.70939
-0.70939
-0.70939
0
0
0
0
11.2818
0
0
0
0
0
0
0
0
0
0
0
0
0
0
0
0
0
0
0
-0.33102
0
0
0
0
0
0
0
0
0
0
6.0651
-3.0346
0
0
0
0
0
0
0
-2.6994
-3.9355
0
0
0
0
0
0
0
0
0
0
0
0
0
0
0
0
0
0
0
-3.0346
9.0971
-2.127
0
0
0
0
0
0
0
0
-7.9143
0
0
0
0
0
0
0
0
0
0
0
0
0
0
0
0
0
0
0
-2.127
10.0413
0
0
0
0
0
0
0
0
0
0
0
0
0
0
0
0
0
0
0
0
0
0
-4.1508
0
0
0
0
0
0
0
4.1508
0
0
0
0
0
0
0
0
-5.5375
0
0
0
0
0
0
0
0
0
0
0
0
0
0
0
0
0
0
0
0
0
5.5375
0
0
0
0
0
0
0
0
0
0
0
0
0
0
0
0
0
0
0
0
0
-4.1508
0
0
0
0
0
0
0
0
4.1508
0
0
0
0
0
0
0
-5.5375
0
0
0
0
0
0
0
0
0
0
0
0
0
0
0
0
0
0
0
0
0
0
5.5375
0
0
0
0
0
0
0
0
0
0
0
0
-4.642
0
0
0
0
0
0
0
0
0
0
0
0
0
0
0
0
0
4.642
0
0
0
0
0
0
-5.5375
0
0
0
0
0
0
0
0
0
0
0
0
0
0
0
0
0
0
0
0
0
0
0
5.5375
0
0
0
0
0
0
0
0
0
0
0
0
0
0
0
0
0
0
0
0
0
-2.6994
0
0
0
0
0
0
0
0
2.6994
