12.14
-0.11945
-0.96768
-0.10669
-0.1042
-0.10225
-0.10139
-0.15625
-1.0091
-0.11426
-0.53392
-0.32072
-0.11751
-0.48587
-0.55779
-0.48438
-0.44181
-0.76878
-1.9784
-1.9464
-1.7231
0
0
0
0
0
0
0
0
0
-0.11945
11.2887
-0.111
-0.10704
-0.10288
-0.10231
-0.10141
-0.10804
-0.18811
-1.1009
-0.5645
-0.25071
-0.11766
-0.22335
-0.27745
-0.22248
-0.88567
-1.1105
-1.9755
-1.9389
-1.6809
0
0
0
0
0
0
0
0
0
-0.96768
-0.111
12.0856
-0.10647
-0.10576
-0.10222
-0.10137
-0.71192
-0.11724
-0.11013
-0.46543
-0.42449
-0.11183
-0.66116
-0.68994
-0.66212
-0.51174
-0.37782
-1.9608
-1.9356
-1.8509
0
0
0
0
0
0
0
0
0
-0.10669
-0.10704
-0.10647
11.6716
-0.10794
-0.25138
-0.17121
-0.12113
-0.1836
-0.12955
-0.76118
-0.10934
-1.0265
-1.0944
-0.95351
-1.0976
-0.74377
-0.446
-1.9896
-2.1648
0
0
0
0
0
0
0
0
0
0
-0.1042
-0.10288
-0.10576
-0.10794
11.3927
-0.57552
-0.53604
-0.79294
-0.11092
-0.24713
-0.97834
-0.40939
-0.97343
-1.1014
-0.90195
-1.0997
-0.84977
-0.61652
-1.7789
0
0
0
0
0
0
0
0
0
0
0
-0.10225
-0.10231
-0.10222
-0.25138
-0.57552
19.5399
-1.9513
-0.88275
-0.64853
-0.67391
-1.5218
-0.49858
-0.7974
-0.9625
-0.93438
-0.96244
-0.93424
-0.90104
0
0
0
0
0
0
0
0
0
0
0
-6.7373
-0.10139
-0.10141
-0.10137
-0.17121
-0.53604
-1.9513
18.7583
-0.81756
-0.65472
-0.68253
-1.2725
-0.46226
-0.79701
-0.94899
-0.92233
-0.94876
-0.92134
-0.88667
0
0
0
0
0
0
0
-6.481
0
0
0
0
-0.15625
-0.10804
-0.71192
-0.12113
-0.79294
-0.88275
-0.81756
11.2596
-0.11011
-0.24737
-0.74926
-0.10188
-0.11864
-0.64628
-0.55437
-0.64515
-1.0316
-0.93393
0
0
0
-2.5305
0
0
0
0
0
0
0
0
-1.0091
-0.18811
-0.11724
-0.1836
-0.11092
-0.64853
-0.65472
-0.11011
10.1344
-0.1554
-1.0016
-0.73806
-0.25141
-1.1895
-0.93603
-1.1858
-1.1194
-0.53478
0
0
0
0
0
0
0
0
0
0
0
0
-0.11426
-1.1009
-0.11013
-0.12955
-0.24713
-0.67391
-0.68253
-0.24737
-0.1554
10.588
-0.9287
-0.6105
-0.76204
-1.6811
-1.4598
-1.6847
0
0
0
0
0
0
0
0
0
0
0
0
0
0
-0.53392
-0.5645
-0.46543
-0.76118
-0.97834
-1.5218
-1.2725
-0.74926
-1.0016
-0.9287
16.7972
-0.53539
-0.74932
0
0
0
0
0
0
0
0
-0.89028
0
0
0
0
0
-5.8451
0
0
-0.32072
-0.25071
-0.42449
-0.10934
-0.40939
-0.49858
-0.46226
-0.10188
-0.73806
-0.6105
-0.53539
7.7537
-0.99351
0
0
0
0
0
0
0
0
0
-2.2988
0
0
0
0
0
0
0
-0.11751
-0.11766
-0.11183
-1.0265
-0.97343
-0.7974
-0.79701
-0.11864
-0.25141
-0.76204
-0.74932
-0.99351
6.8162
0
0
0
0
0
0
0
0
0
0
0
0
0
0
0
0
0
-0.48587
-0.22335
-0.66116
-1.0944
-1.1014
-0.9625
-0.94899
-0.64628
-1.1895
-1.6811
0
0
0
8.9945
0
0
0
0
0
0
0
0
0
0
0
0
0
0
0
0
-0.55779
-0.27745
-0.68994
-0.95351
-0.90195
-0.93438
-0.92233
-0.55437
-0.93603
-1.4598
0
0
0
0
8.1875
0
0
0
0
0
0
0
0
0
0
0
0
0
0
0
-0.48438
-0.22248
-0.66212
-1.0976
-1.0997
-0.96244
-0.94876
-0.64515
-1.1858
-1.6847
0
0
0
0
0
8.9931
0
0
0
0
0
0
0
0
0
0
0
0
0
0
-0.44181
-0.88567
-0.51174
-0.74377
-0.84977
-0.93424
-0.92134
-1.0316
-1.1194
0
0
0
0
0
0
0
7.4393
0
0
0
0
0
0
0
0
0
0
0
0
0
-0.76878
-1.1105
-0.37782
-0.446
-0.61652
-0.90104
-0.88667
-0.93393
-0.53478
0
0
0
0
0
0
0
0
6.576
0
0
0
0
0
0
0
0
0
0
0
0
-1.9784
-1.9755
-1.9608
-1.9896
-1.7789
0
0
0
0
0
0
0
0
0
0
0
0
0
15.4932
0
0
0
0
0
-5.81
0
0
0
0
0
-1.9464
-1.9389
-1.9356
-2.1648
0
0
0
0
0
0
0
0
0
0
0
0
0
0
0
13.3329
0
0
0
-5.3473
0
0
0
0
0
0
-1.7231
-1.6809
-1.8509
0
0
0
0
0
0
0
0
0
0
0
0
0
0
0
0
0
11.2147
0
0
0
0
0
-5.9598
0
0
0
0
0
0
0
0
0
0
-2.5305
0
0
-0.89028
0
0
0
0
0
0
0
0
0
0
6.6444
-3.2236
0
0
0
0
0
0
0
0
0
0
0
0
0
0
0
0
0
0
-2.2988
0
0
0
0
0
0
0
0
0
-3.2236
10.1201
0
0
0
0
0
-4.5977
0
0
0
0
0
0
0
0
0
0
0
0
0
0
0
0
0
0
0
0
-5.3473
0
0
0
5.3473
0
0
0
0
0
0
0
0
0
0
0
0
0
0
0
0
0
0
0
0
0
0
0
0
-5.81
0
0
0
0
0
5.81
0
0
0
0
0
0
0
0
0
0
0
-6.481
0
0
0
0
0
0
0
0
0
0
0
0
0
0
0
0
0
0
6.481
0
0
0
0
0
0
0
0
0
0
0
0
0
0
0
0
0
0
0
0
0
0
0
0
-5.9598
0
0
0
0
0
5.9598
0
0
0
0
0
0
0
0
0
0
0
0
0
-5.8451
0
0
0
0
0
0
0
0
0
0
0
0
0
0
0
0
5.8451
0
0
0
0
0
0
0
0
0
0
0
0
0
0
0
0
0
0
0
0
0
0
0
0
-4.5977
0
0
0
0
0
4.5977
0
0
0
0
0
0
-6.7373
0
0
0
0
0
0
0
0
0
0
0
0
0
0
0
0
0
0
0
0
0
0
0
6.7373
