28.8887
-0.48125
-0.51059
-0.49412
-0.50931
-0.48364
-0.47994
-0.47994
-0.47101
-0.43101
-0.47873
-0.47873
-0.47451
-0.45803
-0.48449
-0.57137
-0.27836
-0.11509
0
0
0
0
0
0
0
-10.6043
0
-10.6043
0
0
-0.48125
28.6464
-0.50923
-0.51118
-0.49031
-0.48228
-0.47887
-0.47887
-0.47044
-0.43005
-0.47761
-0.47761
-0.4742
-0.45696
-0.48326
-0.56505
-0.27815
0
-0.1045
0
0
0
0
-10.4983
-10.4983
0
0
0
0
0
-0.51059
-0.50923
7.8341
-0.57455
-0.52994
-0.49156
-0.49223
-0.49223
-0.50038
-0.44115
-0.48829
-0.48829
-0.51444
-0.46718
-0.49066
-0.56942
-0.27397
0
0
0
0
0
0
0
0
0
0
0
0
0
-0.49412
-0.51118
-0.57455
13.9572
-0.56298
-0.51264
-0.50591
-0.50591
-0.50339
-0.45266
-0.50244
-0.50244
-0.51222
-0.48071
-0.50661
0
0
0
0
-0.1106
0
0
0
0
0
0
0
0
0
-6.7188
-0.50931
-0.49031
-0.52994
-0.56298
7.6202
-0.49049
-0.49083
-0.49083
-0.49056
-0.43967
-0.48755
-0.48755
-0.50226
-0.46647
-0.49139
-0.57613
0
0
0
0
0
0
-0.11389
0
0
0
0
0
0
0
-0.48364
-0.48228
-0.49156
-0.51264
-0.49049
7.2132
-0.47461
-0.47461
-0.4799
-0.42345
-0.46967
-0.46967
-0.49237
-0.44937
-0.47227
-0.54662
0
0
0
0
0
0
0
0
0
0
0
0
0
0
-0.47994
-0.47887
-0.49223
-0.50591
-0.49083
-0.47461
6.611
-0.4546
-0.50356
-0.41493
-0.46166
-0.46166
-0.48212
-0.4417
-0.4684
0
0
0
0
0
0
0
0
0
0
0
0
0
0
0
-0.47994
-0.47887
-0.49223
-0.50591
-0.49083
-0.47461
-0.4546
6.611
-0.50356
-0.41493
-0.46166
-0.46166
-0.48212
-0.4417
-0.4684
0
0
0
0
0
0
0
0
0
0
0
0
0
0
0
-0.47101
-0.47044
-0.50038
-0.50339
-0.49056
-0.4799
-0.50356
-0.50356
11.7051
-0.41309
-0.45973
-0.45973
-0.47136
-0.43985
0
0
0
0
0
0
0
0
0
0
0
0
0
0
-5.5385
0
-0.43101
-0.43005
-0.44115
-0.45266
-0.43967
-0.42345
-0.41493
-0.41493
-0.41309
5.4742
-0.40468
-0.40468
-0.41686
-0.38706
0
0
0
0
0
0
0
0
0
0
0
0
0
0
0
0
-0.47873
-0.47761
-0.48829
-0.50244
-0.48755
-0.46967
-0.46166
-0.46166
-0.45973
-0.40468
5.1799
-0.48788
0
0
0
0
0
0
0
0
0
0
0
0
0
0
0
0
0
0
-0.47873
-0.47761
-0.48829
-0.50244
-0.48755
-0.46967
-0.46166
-0.46166
-0.45973
-0.40468
-0.48788
5.1799
0
0
0
0
0
0
0
0
0
0
0
0
0
0
0
0
0
0
-0.47451
-0.4742
-0.51444
-0.51222
-0.50226
-0.49237
-0.48212
-0.48212
-0.47136
-0.41686
0
0
7.9529
0
0
0
0
0
0
0
0
0
0
0
0
0
-3.1305
0
0
0
-0.45803
-0.45696
-0.46718
-0.48071
-0.46647
-0.44937
-0.4417
-0.4417
-0.43985
-0.38706
0
0
0
4.489
0
0
0
0
0
0
0
0
0
0
0
0
0
0
0
0
-0.48449
-0.48326
-0.49066
-0.50661
-0.49139
-0.47227
-0.4684
-0.4684
0
0
0
0
0
0
3.8655
0
0
0
0
0
0
0
0
0
0
0
0
0
0
0
-0.57137
-0.56505
-0.56942
0
-0.57613
-0.54662
0
0
0
0
0
0
0
0
0
2.8286
0
0
0
0
0
0
0
0
0
0
0
0
0
0
-0.27836
-0.27815
-0.27397
0
0
0
0
0
0
0
0
0
0
0
0
0
0.83049
0
0
0
0
0
0
0
0
0
0
0
0
0
-0.11509
0
0
0
0
0
0
0
0
0
0
0
0
0
0
0
0
2.6794
0
0
0
-2.5643
0
0
0
0
0
0
0
0
0
-0.1045
0
0
0
0
0
0
0
0
0
0
0
0
0
0
0
0
2.6534
0
-2.5489
0
0
0
0
0
0
0
0
0
0
0
0
-0.1106
0
0
0
0
0
0
0
0
0
0
0
0
0
0
0
2.7817
-2.6711
0
0
0
0
0
0
0
0
0
0
0
0
0
0
0
0
0
0
0
0
0
0
0
0
0
0
0
-2.5489
-2.6711
5.2201
0
0
0
0
0
0
0
0
0
0
0
0
0
0
0
0
0
0
0
0
0
0
0
0
0
0
-2.5643
0
0
0
5.3177
-2.7534
0
0
0
0
0
0
0
0
0
0
0
-0.11389
0
0
0
0
0
0
0
0
0
0
0
0
0
0
0
0
-2.7534
2.8673
0
0
0
0
0
0
0
0
-10.4983
0
0
0
0
0
0
0
0
0
0
0
0
0
0
0
0
0
0
0
0
0
10.4983
0
0
0
0
0
0
0
-10.4983
0
0
0
0
0
0
0
0
0
0
0
0
0
0
0
0
0
0
0
0
0
0
10.4983
0
0
0
0
0
-10.6043
0
0
0
0
0
0
0
0
0
0
0
0
0
0
0
0
0
0
0
0
0
0
0
0
10.6043
0
0
0
0
0
0
0
0
0
0
0
0
0
0
0
0
-3.1305
0
0
0
0
0
0
0
0
0
0
0
0
0
3.1305
0
0
0
-10.6043
0
0
0
0
0
0
0
0
0
0
0
0
0
0
0
0
0
0
0
0
0
0
0
0
0
0
10.6043
0
0
0
0
0
0
0
0
0
0
-5.5385
0
0
0
0
0
0
0
0
0
0
0
0
0
0
0
0
0
0
0
5.5385
0
0
0
0
-6.7188
0
0
0
0
0
0
0
0
0
0
0
0
0
0
0
0
0
0
0
0
0
0
0
0
0
6.7188
