23.8375
-0.80357
-0.96327
-0.81495
-0.81495
-0.81495
-0.81495
-0.81495
-0.81495
-0.70049
-0.83459
-0.78525
-0.84029
-0.76281
-0.81013
-0.80999
-0.86467
-0.79067
-0.77216
0
0
-1.418
-1.948
-1.948
-1.948
-1.948
0
0
0
0
-0.80357
23.8375
-0.96327
-0.81495
-0.81495
-0.81495
-0.81495
-0.81495
-0.81495
-0.70049
-0.83459
-0.78525
-0.84029
-0.76281
-0.81013
-0.80999
-0.86467
-0.79067
-0.77216
0
0
-1.418
-1.948
-1.948
-1.948
-1.948
0
0
0
0
-0.96327
-0.96327
23.9531
-0.98589
-0.98589
-0.98589
-0.98589
-0.98589
-0.98589
-0.84078
-1.0117
-0.98502
-1.0027
-0.9572
-0.97893
-1.0136
-1.0452
-0.95303
-0.92831
0
0
0
0
0
0
0
0
0
0
-6.3947
-0.81495
-0.81495
-0.98589
14.8138
-0.79913
-0.79913
-0.79913
-0.79913
-0.79913
-0.70555
-0.85202
-0.83393
-0.85656
-0.81107
-0.8247
-0.85816
-0.87819
-0.80172
-0.78043
0
0
0
0
0
0
0
0
0
0
0
-0.81495
-0.81495
-0.98589
-0.79913
14.8138
-0.79913
-0.79913
-0.79913
-0.79913
-0.70555
-0.85202
-0.83393
-0.85656
-0.81107
-0.8247
-0.85816
-0.87819
-0.80172
-0.78043
0
0
0
0
0
0
0
0
0
0
0
-0.81495
-0.81495
-0.98589
-0.79913
-0.79913
14.8138
-0.79913
-0.79913
-0.79913
-0.70555
-0.85202
-0.83393
-0.85656
-0.81107
-0.8247
-0.85816
-0.87819
-0.80172
-0.78043
0
0
0
0
0
0
0
0
0
0
0
-0.81495
-0.81495
-0.98589
-0.79913
-0.79913
-0.79913
14.8138
-0.79913
-0.79913
-0.70555
-0.85202
-0.83393
-0.85656
-0.81107
-0.8247
-0.85816
-0.87819
-0.80172
-0.78043
0
0
0
0
0
0
0
0
0
0
0
-0.81495
-0.81495
-0.98589
-0.79913
-0.79913
-0.79913
-0.79913
14.8138
-0.79913
-0.70555
-0.85202
-0.83393
-0.85656
-0.81107
-0.8247
-0.85816
-0.87819
-0.80172
-0.78043
0
0
0
0
0
0
0
0
0
0
0
-0.81495
-0.81495
-0.98589
-0.79913
-0.79913
-0.79913
-0.79913
-0.79913
14.8138
-0.70555
-0.85202
-0.83393
-0.85656
-0.81107
-0.8247
-0.85816
-0.87819
-0.80172
-0.78043
0
0
0
0
0
0
0
0
0
0
0
-0.70049
-0.70049
-0.84078
-0.70555
-0.70555
-0.70555
-0.70555
-0.70555
-0.70555
11.9866
-0.70955
-0.6773
-0.69654
-0.6617
-0.68107
-0.70181
-0.72233
-0.66122
0
0
0
0
0
0
0
0
0
0
0
0
-0.83459
-0.83459
-1.0117
-0.85202
-0.85202
-0.85202
-0.85202
-0.85202
-0.85202
-0.70955
12.7617
-0.86867
-0.87889
-0.79024
-0.80939
0
-0.91187
0
0
0
0
0
0
0
0
0
0
0
0
0
-0.78525
-0.78525
-0.98502
-0.83393
-0.83393
-0.83393
-0.83393
-0.83393
-0.83393
-0.6773
-0.86867
13.9143
-0.85091
-0.70615
-0.75345
0
0
0
0
0
-2.4987
0
0
0
0
0
0
0
0
0
-0.84029
-0.84029
-1.0027
-0.85656
-0.85656
-0.85656
-0.85656
-0.85656
-0.85656
-0.69654
-0.87889
-0.85091
17.1766
-0.75721
-0.78431
0
0
0
0
0
0
0
0
0
0
0
-5.386
0
0
0
-0.76281
-0.76281
-0.9572
-0.81107
-0.81107
-0.81107
-0.81107
-0.81107
-0.81107
-0.6617
-0.79024
-0.70615
-0.75721
12.7046
0
0
0
0
0
0
-2.44
0
0
0
0
0
0
0
0
0
-0.81013
-0.81013
-0.97893
-0.8247
-0.8247
-0.8247
-0.8247
-0.8247
-0.8247
-0.68107
-0.80939
-0.75345
-0.78431
0
10.5756
0
0
0
0
0
0
0
0
0
0
0
0
0
0
0
-0.80999
-0.80999
-1.0136
-0.85816
-0.85816
-0.85816
-0.85816
-0.85816
-0.85816
-0.70181
0
0
0
0
0
9.8932
0
0
0
-1.4089
0
0
0
0
0
0
0
0
0
0
-0.86467
-0.86467
-1.0452
-0.87819
-0.87819
-0.87819
-0.87819
-0.87819
-0.87819
-0.72233
-0.91187
0
0
0
0
0
9.6779
0
0
0
0
0
0
0
0
0
0
0
0
0
-0.79067
-0.79067
-0.95303
-0.80172
-0.80172
-0.80172
-0.80172
-0.80172
-0.80172
-0.66122
0
0
0
0
0
0
0
8.0059
0
0
0
0
0
0
0
0
0
0
0
0
-0.77216
-0.77216
-0.92831
-0.78043
-0.78043
-0.78043
-0.78043
-0.78043
-0.78043
0
0
0
0
0
0
0
0
0
7.1552
0
0
0
0
0
0
0
0
0
0
0
0
0
0
0
0
0
0
0
0
0
0
0
0
0
0
-1.4089
0
0
0
5.7055
-1.6995
0
0
0
0
0
0
0
-2.5971
0
0
0
0
0
0
0
0
0
0
0
0
-2.4987
0
-2.44
0
0
0
0
0
-1.6995
6.6382
0
0
0
0
0
0
0
0
0
-1.418
-1.418
0
0
0
0
0
0
0
0
0
0
0
0
0
0
0
0
0
0
0
5.0843
0
0
0
0
0
-2.2483
0
0
-1.948
-1.948
0
0
0
0
0
0
0
0
0
0
0
0
0
0
0
0
0
0
0
0
3.8959
0
0
0
0
0
0
0
-1.948
-1.948
0
0
0
0
0
0
0
0
0
0
0
0
0
0
0
0
0
0
0
0
0
3.8959
0
0
0
0
0
0
-1.948
-1.948
0
0
0
0
0
0
0
0
0
0
0
0
0
0
0
0
0
0
0
0
0
0
3.8959
0
0
0
0
0
-1.948
-1.948
0
0
0
0
0
0
0
0
0
0
0
0
0
0
0
0
0
0
0
0
0
0
0
3.8959
0
0
0
0
0
0
0
0
0
0
0
0
0
0
0
0
-5.386
0
0
0
0
0
0
0
0
0
0
0
0
0
5.386
0
0
0
0
0
0
0
0
0
0
0
0
0
0
0
0
0
0
0
0
0
0
0
0
-2.2483
0
0
0
0
0
2.2483
0
0
0
0
0
0
0
0
0
0
0
0
0
0
0
0
0
0
0
0
0
-2.5971
0
0
0
0
0
0
0
0
2.5971
0
0
0
-6.3947
0
0
0
0
0
0
0
0
0
0
0
0
0
0
0
0
0
0
0
0
0
0
0
0
0
0
6.3947
