20.4189
-0.69818
-0.66616
-0.66821
-0.68481
-0.61249
-0.61741
-0.63323
-0.61046
-0.80856
-0.80856
-0.80856
-0.80856
-0.46884
-0.5594
-0.63747
-0.38531
0
-1.6682
0
0
0
0
0
0
-8.2744
0
0
0
0
-0.69818
14.6956
-0.6759
-0.67079
-0.69832
-0.61209
-0.6227
-0.64684
-0.61256
-0.81353
-0.81353
-0.81353
-0.81353
-0.46382
-0.56714
-0.6599
0
0
-1.6544
0
0
0
0
0
-2.8589
0
0
0
0
0
-0.66616
-0.6759
10.4366
-0.65638
-0.66986
-0.58234
-0.59169
-0.60616
-0.58052
-0.77032
-0.77032
-0.77032
-0.77032
-0.43899
-0.52513
-0.61395
0
-0.74829
0
0
0
0
0
0
0
0
0
0
0
0
-0.66821
-0.67079
-0.65638
11.3313
-0.67475
-0.58699
-0.59599
-0.6149
-0.58114
-0.77157
-0.77157
-0.77157
-0.77157
-0.4381
-0.54238
-0.62801
0
0
-1.5874
0
0
0
0
0
0
0
0
0
0
0
-0.68481
-0.69832
-0.66986
-0.67475
17.9269
-0.59814
-0.60857
-0.62332
-0.59727
-0.79315
-0.79315
-0.79315
-0.79315
-0.45124
-0.55039
-0.62517
0
0
0
0
0
0
0
0
0
0
0
0
0
-7.9725
-0.61249
-0.61209
-0.58234
-0.58699
-0.59814
8.7768
-0.52363
-0.53054
-0.51708
-0.67946
-0.67946
-0.67946
-0.67946
-0.40377
-0.47993
0
0
0
0
-0.61196
0
0
0
0
0
0
0
0
0
0
-0.61741
-0.6227
-0.59169
-0.59599
-0.60857
-0.52363
11.881
-0.53927
-0.5257
-0.6907
-0.6907
-0.6907
-0.6907
-0.41069
-0.49063
0
0
0
0
0
0
-3.5919
0
0
0
0
0
0
0
0
-0.63323
-0.64684
-0.60616
-0.6149
-0.62332
-0.53054
-0.53927
15.7552
-0.55396
-0.73771
-0.73771
-0.73771
-0.73771
0
0
-0.60416
0
0
0
0
0
0
0
0
0
0
0
0
-7.452
0
-0.61046
-0.61256
-0.58052
-0.58114
-0.59727
-0.51708
-0.5257
-0.55396
7.6993
-0.67674
-0.67674
-0.67674
-0.67674
-0.41369
0
0
0
0
0
0
0
0
0
0
0
0
0
0
0
0
-0.80856
-0.81353
-0.77032
-0.77157
-0.79315
-0.67946
-0.6907
-0.73771
-0.67674
6.7417
0
0
0
0
0
0
0
0
0
0
0
0
0
0
0
0
0
0
0
0
-0.80856
-0.81353
-0.77032
-0.77157
-0.79315
-0.67946
-0.6907
-0.73771
-0.67674
0
6.7417
0
0
0
0
0
0
0
0
0
0
0
0
0
0
0
0
0
0
0
-0.80856
-0.81353
-0.77032
-0.77157
-0.79315
-0.67946
-0.6907
-0.73771
-0.67674
0
0
6.7417
0
0
0
0
0
0
0
0
0
0
0
0
0
0
0
0
0
0
-0.80856
-0.81353
-0.77032
-0.77157
-0.79315
-0.67946
-0.6907
-0.73771
-0.67674
0
0
0
6.7417
0
0
0
0
0
0
0
0
0
0
0
0
0
0
0
0
0
-0.46884
-0.46382
-0.43899
-0.4381
-0.45124
-0.40377
-0.41069
0
-0.41369
0
0
0
0
3.4891
0
0
0
0
0
0
0
0
0
0
0
0
0
0
0
0
-0.5594
-0.56714
-0.52513
-0.54238
-0.55039
-0.47993
-0.49063
0
0
0
0
0
0
0
4.2184
0
0
-0.50343
0
0
0
0
0
0
0
0
0
0
0
0
-0.63747
-0.6599
-0.61395
-0.62801
-0.62517
0
0
-0.60416
0
0
0
0
0
0
0
6.7309
-0.33378
0
0
0
-2.6285
0
0
0
0
0
0
0
0
0
-0.38531
0
0
0
0
0
0
0
0
0
0
0
0
0
0
-0.33378
6.5981
0
0
0
-2.812
0
0
-1.3788
0
0
0
-1.6881
0
0
0
0
-0.74829
0
0
0
0
0
0
0
0
0
0
0
-0.50343
0
0
6.4531
0
0
0
-3.433
0
0
0
0
-1.7684
0
0
0
-1.6682
-1.6544
0
-1.5874
0
0
0
0
0
0
0
0
0
0
0
0
0
0
4.91
0
0
0
0
0
0
0
0
0
0
0
0
0
0
0
0
-0.61196
0
0
0
0
0
0
0
0
0
0
0
0
0
2.9745
0
0
-1.2692
0
-1.0934
0
0
0
0
0
0
0
0
0
0
0
0
0
0
0
0
0
0
0
0
-2.6285
-2.812
0
0
0
5.4405
0
0
0
0
0
0
0
0
0
0
0
0
0
0
0
-3.5919
0
0
0
0
0
0
0
0
0
0
-3.433
0
0
0
7.0249
0
0
0
0
0
0
0
0
0
0
0
0
0
0
0
0
0
0
0
0
0
0
0
0
0
0
0
-1.2692
0
0
2.5272
-1.258
0
0
0
0
0
0
0
0
0
0
0
0
0
0
0
0
0
0
0
0
0
0
-1.3788
0
0
0
0
0
-1.258
2.6369
0
0
0
0
0
0
0
-2.8589
0
0
0
0
0
0
0
0
0
0
0
0
0
0
0
0
0
-1.0934
0
0
0
0
3.9522
0
0
0
0
0
-8.2744
0
0
0
0
0
0
0
0
0
0
0
0
0
0
0
0
0
0
0
0
0
0
0
0
8.2744
0
0
0
0
0
0
0
0
0
0
0
0
0
0
0
0
0
0
0
0
0
-1.7684
0
0
0
0
0
0
0
0
1.7684
0
0
0
0
0
0
0
0
0
0
0
0
0
0
0
0
0
0
0
-1.6881
0
0
0
0
0
0
0
0
0
0
1.6881
0
0
0
0
0
0
0
0
0
-7.452
0
0
0
0
0
0
0
0
0
0
0
0
0
0
0
0
0
0
0
0
7.452
0
0
0
0
0
-7.9725
0
0
0
0
0
0
0
0
0
0
0
0
0
0
0
0
0
0
0
0
0
0
0
0
7.9725
