11.421
-0.6283
-0.62128
-0.62491
-0.62491
-0.62749
0
-0.61467
-0.66901
0
0
-0.68796
0
0
0
0
0
0
0
-1.6747
-0.6993
0
0
0
0
0
-3.9485
0
0
0
-0.6283
8.804
-0.6165
-0.61571
-0.61571
-0.62083
0
-0.60545
0
0
-0.57705
0
0
0
0
0
-0.64809
0
0
0
0
-1.2385
0
0
0
0
0
-2.6379
0
0
-0.62128
-0.6165
9.937
-0.61807
-0.61807
-0.62136
0
-0.60575
-0.66724
0
0
0
0
-0.64172
0
0
0
0
-1.6463
0
0
0
0
0
-3.2807
0
0
0
0
0
-0.62491
-0.61571
-0.61807
4.3703
-0.61507
-0.63622
0
-0.60377
0
0
0
0
0
0
-0.65655
0
0
0
0
0
0
0
0
0
0
0
0
0
0
0
-0.62491
-0.61571
-0.61807
-0.61507
4.3703
-0.63622
0
-0.60377
0
0
0
0
0
0
-0.65655
0
0
0
0
0
0
0
0
0
0
0
0
0
0
0
-0.62749
-0.62083
-0.62136
-0.63622
-0.63622
4.4129
0
-0.60292
0
-0.66783
0
0
0
0
0
0
0
0
0
0
0
0
0
0
0
0
0
0
0
0
0
0
0
0
0
0
9.6355
0
0
-0.56194
0
0
0
-0.60824
0
0
-0.60727
0
0
0
0
0
-0.7168
0
0
0
0
0
-3.5706
-3.5706
-0.61467
-0.60545
-0.60575
-0.60377
-0.60377
-0.60292
0
3.6363
0
0
0
0
0
0
0
0
0
0
0
0
0
0
0
0
0
0
0
0
0
0
-0.66901
0
-0.66724
0
0
0
0
0
3.7239
0
0
0
0
0
0
0
0
-1.0641
0
0
0
-1.3236
0
0
0
0
0
0
0
0
0
0
0
0
0
-0.66783
-0.56194
0
0
2.7395
-0.65318
0
-0.85651
0
0
0
0
0
0
0
0
0
0
0
0
0
0
0
0
0
0
-0.57705
0
0
0
0
0
0
0
-0.65318
2.4853
-0.70286
0
0
0
0
0
0
0
0
0
0
0
0
0
-0.55225
0
0
0
0
-0.68796
0
0
0
0
0
0
0
0
0
-0.70286
2.0444
0
-0.65356
0
0
0
0
0
0
0
0
0
0
0
0
0
0
0
0
0
0
0
0
0
0
0
0
0
-0.85651
0
0
3.1402
0
0
0
0
0
-1.1686
-1.1151
0
0
0
0
0
0
0
0
0
0
0
0
-0.64172
0
0
0
-0.60824
0
0
0
0
-0.65356
0
1.9035
0
0
0
0
0
0
0
0
0
0
0
0
0
0
0
0
0
0
0
-0.65655
-0.65655
0
0
0
0
0
0
0
0
0
1.9732
-0.66011
0
0
0
0
0
0
0
0
0
0
0
0
0
0
0
0
0
0
0
0
0
0
0
0
0
0
0
0
-0.66011
2.9649
0
-1.3874
0
0
0
0
-0.91734
0
0
0
0
0
0
0
0
-0.64809
0
0
0
0
-0.60727
0
0
0
0
0
0
0
0
0
2.0377
0
0
0
0
0
0
-0.78237
0
0
0
0
0
0
0
0
0
0
0
0
0
0
-1.0641
0
0
0
0
0
0
-1.3874
0
2.4515
0
0
0
0
0
0
0
0
0
0
0
0
0
0
-1.6463
0
0
0
0
0
0
0
0
0
-1.1686
0
0
0
0
0
2.8149
0
0
0
0
0
0
0
0
0
0
0
-1.6747
0
0
0
0
0
0
0
0
0
0
0
-1.1151
0
0
0
0
0
0
2.7897
0
0
0
0
0
0
0
0
0
0
-0.6993
0
0
0
0
0
0
0
0
0
0
0
0
0
0
0
0
0
0
0
2.2522
0
0
-1.5529
0
0
0
0
0
0
0
-1.2385
0
0
0
0
0
0
-1.3236
0
0
0
0
0
0
0
0
0
0
0
0
2.562
0
0
0
0
0
0
0
0
0
0
0
0
0
0
-0.7168
0
0
0
0
0
0
0
0
-0.91734
0
0
0
0
0
0
1.6341
0
0
0
0
0
0
0
0
0
0
0
0
0
0
0
0
0
0
0
0
0
0
0
-0.78237
0
0
0
-1.5529
0
0
2.3352
0
0
0
0
0
0
0
0
-3.2807
0
0
0
0
0
0
0
0
0
0
0
0
0
0
0
0
0
0
0
0
0
3.2807
0
0
0
0
0
0
0
0
0
0
0
0
0
0
0
-0.55225
0
0
0
0
0
0
0
0
0
0
0
0
0
0
0.55225
0
0
0
0
-3.9485
0
0
0
0
0
0
0
0
0
0
0
0
0
0
0
0
0
0
0
0
0
0
0
0
0
3.9485
0
0
0
0
-2.6379
0
0
0
0
0
0
0
0
0
0
0
0
0
0
0
0
0
0
0
0
0
0
0
0
0
2.6379
0
0
0
0
0
0
0
0
-3.5706
0
0
0
0
0
0
0
0
0
0
0
0
0
0
0
0
0
0
0
0
0
3.5706
0
0
0
0
0
0
0
-3.5706
0
0
0
0
0
0
0
0
0
0
0
0
0
0
0
0
0
0
0
0
0
0
3.5706
