26.5487
-0.5526
-0.5526
-0.55279
-0.5526
-0.5527
-0.55268
-0.55268
-0.55269
-0.55276
-0.55306
-0.55272
-0.55272
-0.55256
0
-6.4545
0
-6.4545
0
0
0
0
0
0
0
0
-6.4545
0
0
0
-0.5526
11.2607
-0.55225
-0.55239
-0.55225
-0.55243
-0.5524
-0.5524
-0.55247
-0.55254
-0.55277
-0.55245
-0.55245
-0.55239
-0.55374
0
0
0
0
0
0
0
0
0
0
0
0
0
0
-3.5252
-0.5526
-0.55225
11.2607
-0.55239
-0.55225
-0.55243
-0.5524
-0.5524
-0.55247
-0.55254
-0.55277
-0.55245
-0.55245
-0.55239
-0.55374
0
0
0
0
0
0
0
0
0
0
0
0
-3.5252
0
0
-0.55279
-0.55239
-0.55239
16.8461
-0.55239
-0.5526
-0.55257
-0.55257
-0.55261
-0.55268
-0.55295
-0.55262
-0.55262
-0.55252
0
0
0
0
0
0
0
0
-4.8312
-4.8312
0
0
0
0
0
0
-0.5526
-0.55225
-0.55225
-0.55239
11.2607
-0.55243
-0.5524
-0.5524
-0.55247
-0.55254
-0.55277
-0.55245
-0.55245
-0.55239
-0.55374
0
0
0
0
0
0
0
0
0
-3.5252
0
0
0
0
0
-0.5527
-0.55243
-0.55243
-0.5526
-0.55243
7.7373
-0.55253
-0.55253
-0.55259
-0.55266
-0.55286
-0.55259
-0.55259
-0.55251
-0.5538
0
0
0
0
0
0
0
0
0
0
0
0
0
0
0
-0.55268
-0.5524
-0.5524
-0.55257
-0.5524
-0.55253
8.9487
-0.55253
-0.55259
-0.55265
-0.55279
-0.5525
-0.5525
0
0
0
-2.3181
0
0
0
0
0
0
0
0
0
0
0
0
0
-0.55268
-0.5524
-0.5524
-0.55257
-0.5524
-0.55253
-0.55253
8.9487
-0.55259
-0.55265
-0.55279
-0.5525
-0.5525
0
0
0
0
0
0
0
-2.3181
0
0
0
0
0
0
0
0
0
-0.55269
-0.55247
-0.55247
-0.55261
-0.55247
-0.55259
-0.55259
-0.55259
7.1837
-0.55269
-0.55283
-0.55258
-0.55258
-0.55254
0
0
0
0
0
0
0
0
0
0
0
0
0
0
0
0
-0.55276
-0.55254
-0.55254
-0.55268
-0.55254
-0.55266
-0.55265
-0.55265
-0.55269
6.632
-0.55292
-0.55267
-0.55267
0
0
0
0
0
0
0
0
0
0
0
0
0
0
0
0
0
-0.55306
-0.55277
-0.55277
-0.55295
-0.55277
-0.55286
-0.55279
-0.55279
-0.55283
-0.55292
13.0395
0
0
0
0
0
0
0
-3.7555
0
0
0
0
0
0
-3.7555
0
0
0
0
-0.55272
-0.55245
-0.55245
-0.55262
-0.55245
-0.55259
-0.5525
-0.5525
-0.55258
-0.55267
0
6.1107
0
0
0
0
0
0
0
0
0
0
0
0
0
0
0
0
-0.5852
0
-0.55272
-0.55245
-0.55245
-0.55262
-0.55245
-0.55259
-0.5525
-0.5525
-0.55258
-0.55267
0
0
6.1107
0
0
0
0
0
0
-0.5852
0
0
0
0
0
0
0
0
0
0
-0.55256
-0.55239
-0.55239
-0.55252
-0.55239
-0.55251
0
0
-0.55254
0
0
0
0
3.8673
0
0
0
0
0
0
0
0
0
0
0
0
0
0
0
0
0
-0.55374
-0.55374
0
-0.55374
-0.5538
0
0
0
0
0
0
0
0
2.7703
0
0
0
0
0
0
-0.55525
0
0
0
0
0
0
0
0
-6.4545
0
0
0
0
0
0
0
0
0
0
0
0
0
0
6.4545
0
0
0
0
0
0
0
0
0
0
0
0
0
0
0
0
0
0
0
0
-2.3181
0
0
0
0
0
0
0
0
0
2.3181
0
0
0
0
0
0
0
0
0
0
0
0
0
-6.4545
0
0
0
0
0
0
0
0
0
0
0
0
0
0
0
0
6.4545
0
0
0
0
0
0
0
0
0
0
0
0
0
0
0
0
0
0
0
0
0
0
-3.7555
0
0
0
0
0
0
0
3.7555
0
0
0
0
0
0
0
0
0
0
0
0
0
0
0
0
0
0
0
0
0
0
0
-0.5852
0
0
0
0
0
0
0.5852
0
0
0
0
0
0
0
0
0
0
0
0
0
0
0
0
0
-2.3181
0
0
0
0
0
0
0
0
0
0
0
0
2.3181
0
0
0
0
0
0
0
0
0
0
0
0
0
0
0
0
0
0
0
0
0
0
0
-0.55525
0
0
0
0
0
0
0.55525
0
0
0
0
0
0
0
0
0
0
0
-4.8312
0
0
0
0
0
0
0
0
0
0
0
0
0
0
0
0
0
0
4.8312
0
0
0
0
0
0
0
0
0
0
-4.8312
0
0
0
0
0
0
0
0
0
0
0
0
0
0
0
0
0
0
0
4.8312
0
0
0
0
0
0
0
0
0
0
-3.5252
0
0
0
0
0
0
0
0
0
0
0
0
0
0
0
0
0
0
0
3.5252
0
0
0
0
0
0
0
0
0
0
0
0
0
0
0
-3.7555
0
0
0
0
0
0
0
0
0
0
0
0
0
0
3.7555
0
0
0
0
-6.4545
0
0
0
0
0
0
0
0
0
0
0
0
0
0
0
0
0
0
0
0
0
0
0
0
0
6.4545
0
0
0
0
0
-3.5252
0
0
0
0
0
0
0
0
0
0
0
0
0
0
0
0
0
0
0
0
0
0
0
0
3.5252
0
0
0
0
0
0
0
0
0
0
0
0
0
-0.5852
0
0
0
0
0
0
0
0
0
0
0
0
0
0
0
0
0.5852
0
0
-3.5252
0
0
0
0
0
0
0
0
0
0
0
0
0
0
0
0
0
0
0
0
0
0
0
0
0
0
0
3.5252
