25.5852
-0.73327
-0.73562
-0.74406
-0.74406
-0.74048
-0.74977
-0.74977
-0.737
-0.737
-0.73992
-0.77027
-0.75864
-0.71128
-0.72461
-0.7508
0
0
0
0
-1.9548
0
0
0
-6.2519
0
0
-6.2519
0
0
-0.73327
11.5481
-0.72515
-0.7297
-0.7297
-0.72221
-0.72999
-0.72999
-0.71851
-0.71851
-0.72114
-0.75569
-0.73629
-0.71902
-0.70561
-0.73092
0
0
0
-0.64241
0
0
0
0
0
0
0
0
0
0
-0.73562
-0.72515
12.8061
-0.73474
-0.73474
-0.72482
-0.73106
-0.73106
-0.71951
-0.71951
-0.72215
-0.76855
-0.74738
-0.71696
-0.71237
-0.73146
0
0
0
0
-1.851
0
0
0
0
0
0
0
0
0
-0.74406
-0.7297
-0.73474
16.1994
-0.74013
-0.73088
-0.73849
-0.73849
-0.72646
-0.72646
-0.72921
-0.76821
-0.74933
-0.71265
-0.71565
-0.73923
0
0
0
0
0
0
0
0
0
-5.1757
0
0
0
0
-0.74406
-0.7297
-0.73474
-0.74013
16.1994
-0.73088
-0.73849
-0.73849
-0.72646
-0.72646
-0.72921
-0.76821
-0.74933
-0.71265
-0.71565
-0.73923
0
0
0
0
0
0
0
0
0
0
-5.1757
0
0
0
-0.74048
-0.72221
-0.72482
-0.73088
-0.73088
8.8002
-0.73295
-0.73295
-0.72128
-0.72128
-0.72395
-0.77143
-0.74709
0
0
0
0
0
0
0
0
0
0
0
0
0
0
0
0
0
-0.74977
-0.72999
-0.73106
-0.73849
-0.73849
-0.73295
7.3595
-0.74325
-0.73091
-0.73091
-0.73373
0
0
0
0
0
0
0
0
0
0
0
0
0
0
0
0
0
0
0
-0.74977
-0.72999
-0.73106
-0.73849
-0.73849
-0.73295
-0.74325
7.3595
-0.73091
-0.73091
-0.73373
0
0
0
0
0
0
0
0
0
0
0
0
0
0
0
0
0
0
0
-0.737
-0.71851
-0.71951
-0.72646
-0.72646
-0.72128
-0.73091
-0.73091
6.5172
-0.70612
0
0
0
0
0
0
0
0
0
0
0
0
0
0
0
0
0
0
0
0
-0.737
-0.71851
-0.71951
-0.72646
-0.72646
-0.72128
-0.73091
-0.73091
-0.70612
6.5172
0
0
0
0
0
0
0
0
0
0
0
0
0
0
0
0
0
0
0
0
-0.73992
-0.72114
-0.72215
-0.72921
-0.72921
-0.72395
-0.73373
-0.73373
0
0
5.833
0
0
0
0
0
0
0
0
0
0
0
0
0
0
0
0
0
0
0
-0.77027
-0.75569
-0.76855
-0.76821
-0.76821
-0.77143
0
0
0
0
0
7.825
0
0
0
0
-0.65132
0
0
0
0
0
0
0
0
0
0
0
-2.5713
0
-0.75864
-0.73629
-0.74738
-0.74933
-0.74933
-0.74709
0
0
0
0
0
0
5.7651
0
0
0
-0.65722
-0.61977
0
0
0
0
0
0
0
0
0
0
0
0
-0.71128
-0.71902
-0.71696
-0.71265
-0.71265
0
0
0
0
0
0
0
0
5.7351
0
0
0
0
-0.62456
0
0
0
-1.538
0
0
0
0
0
0
0
-0.72461
-0.70561
-0.71237
-0.71565
-0.71565
0
0
0
0
0
0
0
0
0
4.1766
0
0
-0.60267
0
0
0
0
0
0
0
0
0
0
0
0
-0.7508
-0.73092
-0.73146
-0.73923
-0.73923
0
0
0
0
0
0
0
0
0
0
3.6916
0
0
0
0
0
0
0
0
0
0
0
0
0
0
0
0
0
0
0
0
0
0
0
0
0
-0.65132
-0.65722
0
0
0
1.9262
0
0
0
0
0
0
0
0
0
0
0
0
-0.61769
0
0
0
0
0
0
0
0
0
0
0
0
-0.61977
0
-0.60267
0
0
1.7747
0
0
0
0
0
-0.55225
0
0
0
0
0
0
0
0
0
0
0
0
0
0
0
0
0
0
0
-0.62456
0
0
0
0
2.4055
0
0
-1.7809
0
0
0
0
0
0
0
0
0
-0.64241
0
0
0
0
0
0
0
0
0
0
0
0
0
0
0
0
0
2.4483
0
-1.8059
0
0
0
0
0
0
0
0
-1.9548
0
-1.851
0
0
0
0
0
0
0
0
0
0
0
0
0
0
0
0
0
3.8058
0
0
0
0
0
0
0
0
0
0
0
0
0
0
0
0
0
0
0
0
0
0
0
0
0
0
0
-1.7809
-1.8059
0
3.5868
0
0
0
0
0
0
0
0
0
0
0
0
0
0
0
0
0
0
0
0
0
-1.538
0
0
0
0
0
0
0
0
1.538
0
0
0
0
0
0
0
0
0
0
0
0
0
0
0
0
0
0
0
0
0
0
0
0
-0.55225
0
0
0
0
0
0.55225
0
0
0
0
0
0
-6.2519
0
0
0
0
0
0
0
0
0
0
0
0
0
0
0
0
0
0
0
0
0
0
0
6.2519
0
0
0
0
0
0
0
0
-5.1757
0
0
0
0
0
0
0
0
0
0
0
0
0
0
0
0
0
0
0
0
0
5.1757
0
0
0
0
0
0
0
0
-5.1757
0
0
0
0
0
0
0
0
0
0
0
0
0
0
0
0
0
0
0
0
0
5.1757
0
0
0
-6.2519
0
0
0
0
0
0
0
0
0
0
0
0
0
0
0
0
0
0
0
0
0
0
0
0
0
0
6.2519
0
0
0
0
0
0
0
0
0
0
0
0
0
-2.5713
0
0
0
0
0
0
0
0
0
0
0
0
0
0
0
0
2.5713
0
0
0
0
0
0
0
0
0
0
0
0
0
0
0
0
0
-0.61769
0
0
0
0
0
0
0
0
0
0
0
0
0.61769
