15.2596
-0.46443
-0.38258
-0.43497
-0.41726
-0.43477
-0.42205
-0.42205
-0.41214
-0.42051
-0.54763
-0.82648
-0.46926
0
0
0
-0.1045
0
0
0
0
-1.3429
0
-8.1581
0
0
0
0
0
0
-0.46443
16.2399
-0.40023
-0.44151
-0.42618
-0.42183
-0.42672
-0.42672
-0.41631
-0.42738
-0.56427
-0.82895
-0.47464
0
0
-1.9468
0
0
-0.27404
0
0
0
0
0
0
0
-8.2999
0
0
0
-0.38258
-0.40023
6.7482
-0.38914
-0.37651
-0.3885
-0.37975
-0.37975
-0.37775
-0.37432
-0.48594
-0.7347
-0.41595
-0.48917
0
0
0
0
0
0
0
-1.1739
0
0
0
0
0
0
0
0
-0.43497
-0.44151
-0.38914
6.8643
-0.42309
-0.45431
-0.4308
-0.4308
-0.4328
-0.43244
0
0
-0.46841
0
0
0
0
-2.526
0
0
0
0
0
0
0
0
0
0
0
0
-0.41726
-0.42618
-0.37651
-0.42309
3.9873
-0.41042
-0.42178
-0.42178
-0.39986
-0.40792
0
0
0
0
0
0
0
0
-0.28248
0
0
0
0
0
0
0
0
0
0
0
-0.43477
-0.42183
-0.3885
-0.45431
-0.41042
7.9877
-0.43169
-0.43169
0
0
0
0
0
0
-0.50963
0
0
0
0
-0.54699
0
0
-3.9578
0
0
0
0
0
0
0
-0.42205
-0.42672
-0.37975
-0.4308
-0.42178
-0.43169
3.7119
-0.40091
-0.39391
-0.40432
0
0
0
0
0
0
0
0
0
0
0
0
0
0
0
0
0
0
0
0
-0.42205
-0.42672
-0.37975
-0.4308
-0.42178
-0.43169
-0.40091
3.7119
-0.39391
-0.40432
0
0
0
0
0
0
0
0
0
0
0
0
0
0
0
0
0
0
0
0
-0.41214
-0.41631
-0.37775
-0.4328
-0.39986
0
-0.39391
-0.39391
8.8151
0
0
0
0
0
-0.49656
0
0
0
0
0
0
0
0
0
-5.4919
0
0
0
0
0
-0.42051
-0.42738
-0.37432
-0.43244
-0.40792
0
-0.40432
-0.40432
0
2.8712
0
0
0
0
0
0
0
0
0
0
0
0
0
0
0
0
0
0
0
0
-0.54763
-0.56427
-0.48594
0
0
0
0
0
0
0
3.9845
0
0
0
-0.65729
0
0
-1.7294
0
0
0
0
0
0
0
0
0
0
0
0
-0.82648
-0.82895
-0.7347
0
0
0
0
0
0
0
0
7.8308
0
-1.2165
0
0
0
0
0
0
-4.2242
0
0
0
0
0
0
0
0
0
-0.46926
-0.47464
-0.41595
-0.46841
0
0
0
0
0
0
0
0
2.3493
0
0
0
0
0
0
-0.52099
0
0
0
0
0
0
0
0
0
0
0
0
-0.48917
0
0
0
0
0
0
0
0
-1.2165
0
4.5172
0
0
0
0
0
-1.1528
0
0
0
0
0
0
0
0
-1.6588
0
0
0
0
0
0
-0.50963
0
0
-0.49656
0
-0.65729
0
0
0
3.1323
0
0
0
0
0
0
0
0
0
0
-1.4689
0
0
0
0
0
-1.9468
0
0
0
0
0
0
0
0
0
0
0
0
0
7.2736
-3.1424
0
0
0
0
0
-2.1844
0
0
0
0
0
0
0
-0.1045
0
0
0
0
0
0
0
0
0
0
0
0
0
0
-3.1424
4.1831
0
0
0
0
0
0
0
0
0
0
-0.9362
0
0
0
0
0
-2.526
0
0
0
0
0
0
-1.7294
0
0
0
0
0
0
6.2845
0
0
-2.029
0
0
0
0
0
0
0
0
0
0
-0.27404
0
0
-0.28248
0
0
0
0
0
0
0
0
0
0
0
0
0
0.82861
0
0
0
0
0
0
0
0
0
0
-0.27208
0
0
0
0
0
-0.54699
0
0
0
0
0
0
-0.52099
-1.1528
0
0
0
0
0
2.2207
0
0
0
0
0
0
0
0
0
0
0
0
0
0
0
0
0
0
0
0
0
-4.2242
0
0
0
0
0
-2.029
0
0
6.2532
0
0
0
0
0
0
0
0
0
-1.3429
0
-1.1739
0
0
0
0
0
0
0
0
0
0
0
0
0
0
0
0
0
0
2.5169
0
0
0
0
0
0
0
0
0
0
0
0
0
-3.9578
0
0
0
0
0
0
0
0
0
-2.1844
0
0
0
0
0
0
6.1423
0
0
0
0
0
0
0
-8.1581
0
0
0
0
0
0
0
0
0
0
0
0
0
0
0
0
0
0
0
0
0
0
8.1581
0
0
0
0
0
0
0
0
0
0
0
0
0
0
-5.4919
0
0
0
0
0
0
0
0
0
0
0
0
0
0
0
5.4919
0
0
0
0
0
0
0
0
0
0
0
0
0
0
0
0
0
0
0
-1.4689
0
0
0
0
0
0
0
0
0
0
1.4689
0
0
0
0
0
-8.2999
0
0
0
0
0
0
0
0
0
0
0
0
0
0
0
0
0
0
0
0
0
0
0
0
8.2999
0
0
0
0
0
0
0
0
0
0
0
0
0
0
0
0
0
0
0
-0.9362
0
0
0
0
0
0
0
0
0
0
0.9362
0
0
0
0
0
0
0
0
0
0
0
0
0
0
0
-1.6588
0
0
0
0
0
0
0
0
0
0
0
0
0
0
1.6588
0
0
0
0
0
0
0
0
0
0
0
0
0
0
0
0
0
0
0
-0.27208
0
0
0
0
0
0
0
0
0
0
0.27208
