6.9184
-0.3891
-0.38987
-0.35558
-0.40491
-0.4309
-0.49379
-0.50034
-0.45223
-0.48462
-0.42298
-0.53979
-0.60528
0
0
-0.3308
0
0
0
0
-0.1045
-1.0137
0
0
0
0
0
0
0
0
-0.3891
15.5957
-0.38773
-0.349
-0.39297
-0.44734
-0.43577
-0.47058
-0.44365
-0.47658
-0.40999
-0.53618
-0.61715
0
0
0
0
0
0
0
0
0
0
0
0
0
0
-5.1198
-5.1198
0
-0.38987
-0.38773
6.6077
-0.34157
-0.38854
-0.41338
-0.45447
-0.47991
-0.4352
-0.47427
-0.40564
-0.5369
-0.58624
-0.38473
0
0
0
0
0
0
0
0
0
-0.92923
0
0
0
0
0
0
-0.35558
-0.349
-0.34157
6.0448
-0.36036
-0.37366
-0.40743
-0.43845
-0.40384
-0.42546
-0.37597
-0.47155
-0.55511
0
-1.1868
0
0
0
0
0
0
0
0
0
0
0
0
0
0
0
-0.40491
-0.39297
-0.38854
-0.36036
4.219
-0.45296
-0.45421
-0.50084
-0.42175
-0.45325
-0.38925
0
0
0
0
0
0
0
0
0
0
0
0
0
0
0
0
0
0
0
-0.4309
-0.44734
-0.41338
-0.37366
-0.45296
6.2913
0
0
-0.45265
0
0
0
0
0
-0.86834
0
-1.3907
0
0
0
0
-0.72247
0
-0.73883
0
0
0
0
0
0
-0.49379
-0.43577
-0.45447
-0.40743
-0.45421
0
6.7863
0
0
0
0
0
0
0
0
-0.38155
0
-2.1105
0
-2.0486
0
0
0
0
0
0
0
0
0
0
-0.50034
-0.47058
-0.47991
-0.43845
-0.50084
0
0
6.8231
0
0
0
0
0
0
0
0
0
0
0
0
0
0
0
0
-1.8391
0
-2.5939
0
0
0
-0.45223
-0.44365
-0.4352
-0.40384
-0.42175
-0.45265
0
0
3.1472
0
-0.53792
0
0
0
0
0
0
0
0
0
0
0
0
0
0
0
0
0
0
0
-0.48462
-0.47658
-0.47427
-0.42546
-0.45325
0
0
0
0
5.3542
0
0
0
0
0
0
0
0
0
0
0
0
-3.04
0
0
0
0
0
0
0
-0.42298
-0.40999
-0.40564
-0.37597
-0.38925
0
0
0
-0.53792
0
2.5417
0
0
0
0
0
0
0
0
0
0
0
0
0
0
0
0
0
0
0
-0.53979
-0.53618
-0.5369
-0.47155
0
0
0
0
0
0
0
6.2078
0
0
0
0
0
0
0
0
0
0
0
0
0
-1.7879
-2.3355
0
0
0
-0.60528
-0.61715
-0.58624
-0.55511
0
0
0
0
0
0
0
0
2.3638
0
0
0
0
0
0
0
0
0
0
0
0
0
0
0
0
0
0
0
-0.38473
0
0
0
0
0
0
0
0
0
0
6.9472
0
0
0
-2.8547
0
0
0
0
0
0
0
0
0
0
0
-3.7078
0
0
0
-1.1868
0
-0.86834
0
0
0
0
0
0
0
0
3.5126
0
-1.4575
0
0
0
0
0
0
0
0
0
0
0
0
0
-0.3308
0
0
0
0
0
-0.38155
0
0
0
0
0
0
0
0
0.83907
0
0
-0.12672
0
0
0
0
0
0
0
0
0
0
0
0
0
0
0
0
-1.3907
0
0
0
0
0
0
0
0
-1.4575
0
4.6425
0
0
0
0
0
0
0
0
-1.7943
0
0
0
0
0
0
0
0
0
0
-2.1105
0
0
0
0
0
0
-2.8547
0
0
0
9.2319
0
0
0
0
-4.2668
0
0
0
0
0
0
0
0
0
0
0
0
0
0
0
0
0
0
0
0
0
0
-0.12672
0
0
1.1837
0
-1.0569
0
0
0
0
0
0
0
0
0
0
0
0
0
0
0
-2.0486
0
0
0
0
0
0
0
0
0
0
0
0
8.3099
0
0
0
0
-6.2613
0
0
0
0
0
-0.1045
0
0
0
0
0
0
0
0
0
0
0
0
0
0
0
0
0
-1.0569
0
1.1614
0
0
0
0
0
0
0
0
0
-1.0137
0
0
0
0
-0.72247
0
0
0
0
0
0
0
0
0
0
0
0
0
0
0
1.7362
0
0
0
0
0
0
0
0
0
0
0
0
0
0
0
0
0
-3.04
0
0
0
0
0
0
0
-4.2668
0
0
0
0
7.3068
0
0
0
0
0
0
0
0
0
-0.92923
0
0
-0.73883
0
0
0
0
0
0
0
0
0
0
0
0
0
0
0
0
0
1.6681
0
0
0
0
0
0
0
0
0
0
0
0
0
-1.8391
0
0
0
0
0
0
0
0
0
0
0
-6.2613
0
0
0
0
8.1004
0
0
0
0
0
0
0
0
0
0
0
0
0
0
0
0
-1.7879
0
0
0
0
-1.7943
0
0
0
0
0
0
0
0
3.5822
0
0
0
0
0
0
0
0
0
0
0
-2.5939
0
0
0
-2.3355
0
0
0
0
0
0
0
0
0
0
0
0
0
0
4.9294
0
0
0
0
-5.1198
0
0
0
0
0
0
0
0
0
0
0
0
0
0
0
0
0
0
0
0
0
0
0
0
0
5.1198
0
0
0
-5.1198
0
0
0
0
0
0
0
0
0
0
0
0
0
0
0
0
0
0
0
0
0
0
0
0
0
0
5.1198
0
0
0
0
0
0
0
0
0
0
0
0
0
0
-3.7078
0
0
0
0
0
0
0
0
0
0
0
0
0
0
0
3.7078
