24.2411
-0.62599
-0.62599
-0.56583
-0.56958
-0.56958
-0.56651
-0.54972
-0.54972
-0.6026
-0.55082
-0.62586
-0.62586
-0.59057
-0.37526
-0.52447
-0.52447
-0.6308
-0.57132
-0.67589
0
0
0
-13.3203
0
0
0
0
0
0
-0.62599
24.2411
-0.62599
-0.56583
-0.56958
-0.56958
-0.56651
-0.54972
-0.54972
-0.6026
-0.55082
-0.62586
-0.62586
-0.59057
-0.37526
-0.52447
-0.52447
-0.6308
-0.57132
-0.67589
0
-13.3203
0
0
0
0
0
0
0
0
-0.62599
-0.62599
24.2411
-0.56583
-0.56958
-0.56958
-0.56651
-0.54972
-0.54972
-0.6026
-0.55082
-0.62586
-0.62586
-0.59057
-0.37526
-0.52447
-0.52447
-0.6308
-0.57132
-0.67589
-13.3203
0
0
0
0
0
0
0
0
0
-0.56583
-0.56583
-0.56583
10.0418
-0.52311
-0.52311
-0.52008
-0.50472
-0.50472
-0.55082
-0.50334
-0.57317
-0.57317
-0.53923
-0.35978
-0.48242
-0.48242
-0.57448
-0.51962
-0.61014
0
0
0
0
0
0
0
0
0
0
-0.56958
-0.56958
-0.56958
-0.52311
9.4747
-0.51905
-0.52264
-0.50728
-0.50728
-0.55296
-0.50642
-0.57534
-0.57534
-0.54301
-0.36185
-0.48436
-0.48436
-0.57918
-0.52382
0
0
0
0
0
0
0
0
0
0
0
-0.56958
-0.56958
-0.56958
-0.52311
-0.51905
9.4747
-0.52264
-0.50728
-0.50728
-0.55296
-0.50642
-0.57534
-0.57534
-0.54301
-0.36185
-0.48436
-0.48436
-0.57918
-0.52382
0
0
0
0
0
0
0
0
0
0
0
-0.56651
-0.56651
-0.56651
-0.52008
-0.52264
-0.52264
8.9004
-0.50368
-0.50368
-0.54809
-0.503
-0.57035
-0.57035
-0.53974
-0.35897
-0.48041
-0.48041
-0.57676
0
0
0
0
0
0
0
0
0
0
0
0
-0.54972
-0.54972
-0.54972
-0.50472
-0.50728
-0.50728
-0.50368
8.0505
-0.46739
-0.52843
-0.48592
-0.55024
-0.55024
-0.52183
-0.34643
-0.46393
-0.46393
0
0
0
0
0
0
0
0
0
0
0
0
0
-0.54972
-0.54972
-0.54972
-0.50472
-0.50728
-0.50728
-0.50368
-0.46739
8.0505
-0.52843
-0.48592
-0.55024
-0.55024
-0.52183
-0.34643
-0.46393
-0.46393
0
0
0
0
0
0
0
0
0
0
0
0
0
-0.6026
-0.6026
-0.6026
-0.55082
-0.55296
-0.55296
-0.54809
-0.52843
-0.52843
14.5209
-0.54125
-0.63171
-0.63171
-0.60541
0
0
0
0
0
0
0
0
0
0
0
-7.0413
0
0
0
0
-0.55082
-0.55082
-0.55082
-0.50334
-0.50642
-0.50642
-0.503
-0.48592
-0.48592
-0.54125
6.8295
-0.55154
-0.55154
-0.54174
0
0
0
0
0
0
0
0
0
0
0
0
0
0
0
0
-0.62586
-0.62586
-0.62586
-0.57317
-0.57534
-0.57534
-0.57035
-0.55024
-0.55024
-0.63171
-0.55154
10.2153
0
0
0
0
0
0
0
0
0
0
0
0
0
0
-3.7598
0
0
0
-0.62586
-0.62586
-0.62586
-0.57317
-0.57534
-0.57534
-0.57035
-0.55024
-0.55024
-0.63171
-0.55154
0
10.2153
0
0
0
0
0
0
0
0
0
0
0
0
0
0
-3.7598
0
0
-0.59057
-0.59057
-0.59057
-0.53923
-0.54301
-0.54301
-0.53974
-0.52183
-0.52183
-0.60541
-0.54174
0
0
6.1275
0
0
0
0
0
0
0
0
0
0
0
0
0
0
0
0
-0.37526
-0.37526
-0.37526
-0.35978
-0.36185
-0.36185
-0.35897
-0.34643
-0.34643
0
0
0
0
0
19.3551
0
0
0
0
0
0
0
0
0
0
0
0
0
-8.047
-8.047
-0.52447
-0.52447
-0.52447
-0.48242
-0.48436
-0.48436
-0.48041
-0.46393
-0.46393
0
0
0
0
0
0
4.5373
0
0
0
0
0
0
-0.1045
0
0
0
0
0
0
0
-0.52447
-0.52447
-0.52447
-0.48242
-0.48436
-0.48436
-0.48041
-0.46393
-0.46393
0
0
0
0
0
0
0
4.5373
0
0
0
0
0
0
0
-0.1045
0
0
0
0
0
-0.6308
-0.6308
-0.6308
-0.57448
-0.57918
-0.57918
-0.57676
0
0
0
0
0
0
0
0
0
0
4.202
0
0
0
0
0
0
0
0
0
0
0
0
-0.57132
-0.57132
-0.57132
-0.51962
-0.52382
-0.52382
0
0
0
0
0
0
0
0
0
0
0
0
3.2812
0
0
0
0
0
0
0
0
0
0
0
-0.67589
-0.67589
-0.67589
-0.61014
0
0
0
0
0
0
0
0
0
0
0
0
0
0
0
2.6378
0
0
0
0
0
0
0
0
0
0
0
0
-13.3203
0
0
0
0
0
0
0
0
0
0
0
0
0
0
0
0
0
13.3203
0
0
0
0
0
0
0
0
0
0
-13.3203
0
0
0
0
0
0
0
0
0
0
0
0
0
0
0
0
0
0
0
13.3203
0
0
0
0
0
0
0
0
0
0
0
0
0
0
0
0
0
0
0
0
0
0
0
-0.1045
0
0
0
0
0
0
0.1045
0
0
0
0
0
0
0
-13.3203
0
0
0
0
0
0
0
0
0
0
0
0
0
0
0
0
0
0
0
0
0
0
13.3203
0
0
0
0
0
0
0
0
0
0
0
0
0
0
0
0
0
0
0
0
0
0
-0.1045
0
0
0
0
0
0
0
0.1045
0
0
0
0
0
0
0
0
0
0
0
0
0
0
-7.0413
0
0
0
0
0
0
0
0
0
0
0
0
0
0
0
7.0413
0
0
0
0
0
0
0
0
0
0
0
0
0
0
0
-3.7598
0
0
0
0
0
0
0
0
0
0
0
0
0
0
3.7598
0
0
0
0
0
0
0
0
0
0
0
0
0
0
0
-3.7598
0
0
0
0
0
0
0
0
0
0
0
0
0
0
3.7598
0
0
0
0
0
0
0
0
0
0
0
0
0
0
0
0
-8.047
0
0
0
0
0
0
0
0
0
0
0
0
0
8.047
0
0
0
0
0
0
0
0
0
0
0
0
0
0
0
-8.047
0
0
0
0
0
0
0
0
0
0
0
0
0
0
8.047
