26.266
-0.82229
-0.82229
-0.79006
-0.77072
-0.77072
-0.70377
-0.70377
-0.70377
-0.70377
-0.75874
-0.73673
-0.73673
-0.73673
-0.73673
-0.78004
-0.74454
-0.74454
0
-0.99692
-0.12117
0
0
0
0
0
0
0
-12.3819
0
-0.82229
25.4551
-0.82157
-0.79123
-0.759
-0.759
-0.69411
-0.69411
-0.69411
-0.69411
-0.74824
-0.72577
-0.72577
-0.72577
-0.72577
-0.77472
-0.73393
-0.73393
-0.65759
0
0
0
0
0
0
-12.1741
0
0
0
0
-0.82229
-0.82157
25.4551
-0.79123
-0.759
-0.759
-0.69411
-0.69411
-0.69411
-0.69411
-0.74824
-0.72577
-0.72577
-0.72577
-0.72577
-0.77472
-0.73393
-0.73393
-0.65759
0
0
0
0
0
-12.1741
0
0
0
0
0
-0.79006
-0.79123
-0.79123
13.1008
-0.73016
-0.73016
-0.66648
-0.66648
-0.66648
-0.66648
-0.7165
-0.69536
-0.69536
-0.69536
-0.69536
-0.76073
-0.70314
-0.70314
-0.65463
0
0
-0.28246
0
0
0
0
0
0
0
0
-0.77072
-0.759
-0.759
-0.73016
12.4701
-0.70954
-0.64737
-0.64737
-0.64737
-0.64737
-0.70258
-0.67598
-0.67598
-0.67598
-0.67598
-0.73651
-0.68324
-0.68324
-0.64273
0
0
0
0
0
0
0
0
0
0
0
-0.77072
-0.759
-0.759
-0.73016
-0.70954
12.4701
-0.64737
-0.64737
-0.64737
-0.64737
-0.70258
-0.67598
-0.67598
-0.67598
-0.67598
-0.73651
-0.68324
-0.68324
-0.64273
0
0
0
0
0
0
0
0
0
0
0
-0.70377
-0.69411
-0.69411
-0.66648
-0.64737
-0.64737
10.7562
-0.56201
-0.56201
-0.56201
-0.64385
-0.61435
-0.61435
-0.61435
-0.61435
-0.67361
-0.62106
-0.62106
0
0
0
0
0
0
0
0
0
0
0
0
-0.70377
-0.69411
-0.69411
-0.66648
-0.64737
-0.64737
-0.56201
10.7562
-0.56201
-0.56201
-0.64385
-0.61435
-0.61435
-0.61435
-0.61435
-0.67361
-0.62106
-0.62106
0
0
0
0
0
0
0
0
0
0
0
0
-0.70377
-0.69411
-0.69411
-0.66648
-0.64737
-0.64737
-0.56201
-0.56201
10.7562
-0.56201
-0.64385
-0.61435
-0.61435
-0.61435
-0.61435
-0.67361
-0.62106
-0.62106
0
0
0
0
0
0
0
0
0
0
0
0
-0.70377
-0.69411
-0.69411
-0.66648
-0.64737
-0.64737
-0.56201
-0.56201
-0.56201
10.7562
-0.64385
-0.61435
-0.61435
-0.61435
-0.61435
-0.67361
-0.62106
-0.62106
0
0
0
0
0
0
0
0
0
0
0
0
-0.75874
-0.74824
-0.74824
-0.7165
-0.70258
-0.70258
-0.64385
-0.64385
-0.64385
-0.64385
20.7728
-0.64586
-0.64586
-0.64586
-0.64586
0
0
0
0
-0.80208
0
0
0
0
0
0
-10.435
0
0
0
-0.73673
-0.72577
-0.72577
-0.69536
-0.67598
-0.67598
-0.61435
-0.61435
-0.61435
-0.61435
-0.64586
9.2371
-0.63275
-0.63275
-0.63275
0
0
0
0
0
0
0
0
0
0
0
0
0
0
0
-0.73673
-0.72577
-0.72577
-0.69536
-0.67598
-0.67598
-0.61435
-0.61435
-0.61435
-0.61435
-0.64586
-0.63275
9.2371
-0.63275
-0.63275
0
0
0
0
0
0
0
0
0
0
0
0
0
0
0
-0.73673
-0.72577
-0.72577
-0.69536
-0.67598
-0.67598
-0.61435
-0.61435
-0.61435
-0.61435
-0.64586
-0.63275
-0.63275
9.2371
-0.63275
0
0
0
0
0
0
0
0
0
0
0
0
0
0
0
-0.73673
-0.72577
-0.72577
-0.69536
-0.67598
-0.67598
-0.61435
-0.61435
-0.61435
-0.61435
-0.64586
-0.63275
-0.63275
-0.63275
9.2371
0
0
0
0
0
0
0
0
0
0
0
0
0
0
0
-0.78004
-0.77472
-0.77472
-0.76073
-0.73651
-0.73651
-0.67361
-0.67361
-0.67361
-0.67361
0
0
0
0
0
15.343
0
0
0
0
0
-0.28603
0
0
0
0
0
-7.7993
0
0
-0.74454
-0.73393
-0.73393
-0.70314
-0.68324
-0.68324
-0.62106
-0.62106
-0.62106
-0.62106
0
0
0
0
0
0
6.7663
0
0
0
0
0
0
0
0
0
0
0
0
0
-0.74454
-0.73393
-0.73393
-0.70314
-0.68324
-0.68324
-0.62106
-0.62106
-0.62106
-0.62106
0
0
0
0
0
0
0
6.7663
0
0
0
0
0
0
0
0
0
0
0
0
0
-0.65759
-0.65759
-0.65463
-0.64273
-0.64273
0
0
0
0
0
0
0
0
0
0
0
0
3.3598
0
0
0
-0.1045
0
0
0
0
0
0
0
-0.99692
0
0
0
0
0
0
0
0
0
-0.80208
0
0
0
0
0
0
0
0
2.5055
-0.70646
0
0
0
0
0
0
0
0
0
-0.12117
0
0
0
0
0
0
0
0
0
0
0
0
0
0
0
0
0
0
-0.70646
1.1142
0
0
-0.28658
0
0
0
0
0
0
0
0
0
-0.28246
0
0
0
0
0
0
0
0
0
0
0
-0.28603
0
0
0
0
0
0.69732
0
0
0
0
0
0
0
-0.12883
0
0
0
0
0
0
0
0
0
0
0
0
0
0
0
0
0
0
-0.1045
0
0
0
0.1045
0
0
0
0
0
0
0
0
0
0
0
0
0
0
0
0
0
0
0
0
0
0
0
0
0
0
0
-0.28658
0
0
0.28658
0
0
0
0
0
0
0
0
-12.1741
0
0
0
0
0
0
0
0
0
0
0
0
0
0
0
0
0
0
0
0
0
12.1741
0
0
0
0
0
0
-12.1741
0
0
0
0
0
0
0
0
0
0
0
0
0
0
0
0
0
0
0
0
0
0
0
12.1741
0
0
0
0
0
0
0
0
0
0
0
0
0
0
-10.435
0
0
0
0
0
0
0
0
0
0
0
0
0
0
0
10.435
0
0
0
0
0
0
0
0
0
0
0
0
0
0
0
0
0
0
-7.7993
0
0
0
0
0
0
0
0
0
0
0
7.7993
0
0
-12.3819
0
0
0
0
0
0
0
0
0
0
0
0
0
0
0
0
0
0
0
0
0
0
0
0
0
0
0
12.3819
0
0
0
0
0
0
0
0
0
0
0
0
0
0
0
0
0
0
0
0
0
0
-0.12883
0
0
0
0
0
0
0
0.12883
