23.5968
-0.1
-0.1
-1.208
-0.21385
-0.1412
-0.29109
-0.46266
-0.56322
-0.56322
-0.1
-1.0494
-0.83276
0
0
0
0
-1.3553
-1.3553
0
0
0
-3.6439
-4.0752
0
0
-4.0752
0
-3.4663
0
-0.1
7.2719
-0.10001
-0.52549
-0.22076
-0.30879
-0.47286
-0.31927
-0.34166
-0.34166
-0.10002
0
-0.61701
-0.90765
0
0
0
-1.4584
-1.4584
0
0
0
0
0
0
0
0
0
0
0
-0.1
-0.10001
5.5617
-0.19426
-0.24819
-0.28564
-0.51131
-0.32825
-0.46492
-0.46492
-0.69116
0
-1.0135
0
0
0
-1.1596
0
0
0
0
0
0
0
0
0
0
0
0
0
-1.208
-0.52549
-0.19426
10.0443
-0.51657
-0.4722
-0.55854
-0.44867
-0.53726
-0.53726
0
0
0
0
0
0
0
0
0
0
-2.523
0
0
0
-2.523
0
0
0
0
0
-0.21385
-0.22076
-0.24819
-0.51657
5.6949
-0.59436
-0.68867
-0.56665
-0.61143
-0.61143
0
0
-1.423
0
0
0
0
0
0
0
0
0
0
0
0
0
0
0
0
0
-0.1412
-0.30879
-0.28564
-0.4722
-0.59436
6.1622
-0.53917
-0.45543
-0.76137
-0.76137
0
0
0
0
0
-1.8427
0
0
0
0
0
0
0
0
0
0
0
0
0
0
-0.29109
-0.47286
-0.51131
-0.55854
-0.68867
-0.53917
7.6849
-0.71429
0
0
0
-1.14
0
0
-0.1
0
0
0
0
0
0
0
0
0
0
0
0
0
0
-2.669
-0.46266
-0.31927
-0.32825
-0.44867
-0.56665
-0.45543
-0.71429
4.3698
-0.53729
-0.53729
0
0
0
0
0
0
0
0
0
0
0
0
0
0
0
0
0
0
0
0
-0.56322
-0.34166
-0.46492
-0.53726
-0.61143
-0.76137
0
-0.53729
4.8193
-1.0021
0
0
0
0
0
0
0
0
0
0
0
0
0
0
0
0
0
0
0
0
-0.56322
-0.34166
-0.46492
-0.53726
-0.61143
-0.76137
0
-0.53729
-1.0021
4.8193
0
0
0
0
0
0
0
0
0
0
0
0
0
0
0
0
0
0
0
0
-0.1
-0.10002
-0.69116
0
0
0
0
0
0
0
5.3834
0
0
-1.444
0
0
-1.1785
0
0
-1.8697
0
0
0
0
0
0
0
0
0
0
-1.0494
0
0
0
0
0
-1.14
0
0
0
0
5.5509
0
0
0
-1.7703
0
0
0
-1.5911
0
0
0
0
0
0
0
0
0
0
-0.83276
-0.61701
-1.0135
0
-1.423
0
0
0
0
0
0
0
3.8863
0
0
0
0
0
0
0
0
0
0
0
0
0
0
0
0
0
0
-0.90765
0
0
0
0
0
0
0
0
-1.444
0
0
3.6584
-1.3067
0
0
0
0
0
0
0
0
0
0
0
0
0
0
0
0
0
0
0
0
0
-0.1
0
0
0
0
0
0
-1.3067
3.5437
0
0
0
0
0
0
0
0
0
0
0
0
-2.137
0
0
0
0
0
0
0
-1.8427
0
0
0
0
0
-1.7703
0
0
0
6.1896
0
0
0
0
0
0
0
0
0
-2.5766
0
0
0
0
0
0
-1.1596
0
0
0
0
0
0
0
-1.1785
0
0
0
0
0
4.6617
0
0
0
0
-2.3236
0
0
0
0
0
0
0
0
-1.3553
-1.4584
0
0
0
0
0
0
0
0
0
0
0
0
0
0
0
2.8136
0
0
0
0
0
0
0
0
0
0
0
0
-1.3553
-1.4584
0
0
0
0
0
0
0
0
0
0
0
0
0
0
0
0
2.8136
0
0
0
0
0
0
0
0
0
0
0
0
0
0
0
0
0
0
0
0
0
-1.8697
-1.5911
0
0
0
0
0
0
0
3.4609
0
0
0
0
0
0
0
0
0
0
0
0
0
-2.523
0
0
0
0
0
0
0
0
0
0
0
0
0
0
0
0
2.523
0
0
0
0
0
0
0
0
0
0
0
0
0
0
0
0
0
0
0
0
0
0
0
0
0
-2.3236
0
0
0
0
2.3236
0
0
0
0
0
0
0
0
-3.6439
0
0
0
0
0
0
0
0
0
0
0
0
0
0
0
0
0
0
0
0
0
3.6439
0
0
0
0
0
0
0
-4.0752
0
0
0
0
0
0
0
0
0
0
0
0
0
0
0
0
0
0
0
0
0
0
4.0752
0
0
0
0
0
0
0
0
0
-2.523
0
0
0
0
0
0
0
0
0
0
0
0
0
0
0
0
0
0
0
0
2.523
0
0
0
0
0
0
0
0
0
0
0
0
0
0
0
0
0
0
0
0
-2.5766
0
0
0
0
0
0
0
0
0
2.5766
0
0
0
0
-4.0752
0
0
0
0
0
0
0
0
0
0
0
0
0
0
0
0
0
0
0
0
0
0
0
0
0
4.0752
0
0
0
0
0
0
0
0
0
0
0
0
0
0
0
0
0
-2.137
0
0
0
0
0
0
0
0
0
0
0
0
2.137
0
0
-3.4663
0
0
0
0
0
0
0
0
0
0
0
0
0
0
0
0
0
0
0
0
0
0
0
0
0
0
0
3.4663
0
0
0
0
0
0
0
-2.669
0
0
0
0
0
0
0
0
0
0
0
0
0
0
0
0
0
0
0
0
0
0
2.669
