14.3383
-0.69314
-0.69314
-0.69314
-0.66102
-0.71132
-0.71354
-0.78767
-0.77836
-0.75654
-0.68699
-0.68699
-0.68699
-0.68074
-0.68074
-0.79917
-0.68074
-0.66341
-1.0894
0
-0.59761
-0.59761
0
0
0
0
0
0
0
0
-0.69314
14.3383
-0.69314
-0.69314
-0.66102
-0.71132
-0.71354
-0.78767
-0.77836
-0.75654
-0.68699
-0.68699
-0.68699
-0.68074
-0.68074
-0.79917
-0.68074
-0.66341
-1.0894
0
-0.59761
-0.59761
0
0
0
0
0
0
0
0
-0.69314
-0.69314
14.3383
-0.69314
-0.66102
-0.71132
-0.71354
-0.78767
-0.77836
-0.75654
-0.68699
-0.68699
-0.68699
-0.68074
-0.68074
-0.79917
-0.68074
-0.66341
-1.0894
0
-0.59761
-0.59761
0
0
0
0
0
0
0
0
-0.69314
-0.69314
-0.69314
14.3383
-0.66102
-0.71132
-0.71354
-0.78767
-0.77836
-0.75654
-0.68699
-0.68699
-0.68699
-0.68074
-0.68074
-0.79917
-0.68074
-0.66341
-1.0894
0
-0.59761
-0.59761
0
0
0
0
0
0
0
0
-0.66102
-0.66102
-0.66102
-0.66102
20.9644
-0.62117
-0.65141
-0.67119
-0.68642
-0.67665
-0.62457
-0.62457
-0.62457
-0.62889
-0.62889
-0.63285
-0.62889
-0.61328
-1.0251
0
0
0
0
0
0
-8.9818
0
0
0
0
-0.71132
-0.71132
-0.71132
-0.71132
-0.62117
19.6376
-0.70618
-0.72829
-0.74234
-0.73162
-0.67167
-0.67167
-0.67167
-0.69214
-0.69214
0
-0.69214
-0.66629
0
0
0
0
0
0
0
0
0
0
-8.5049
0
-0.71354
-0.71354
-0.71354
-0.71354
-0.65141
-0.70618
10.6519
-0.77803
-0.7731
-0.75385
-0.67906
-0.67906
-0.67906
-0.69932
-0.69932
0
-0.69932
0
0
0
0
0
0
0
0
0
0
0
0
0
-0.78767
-0.78767
-0.78767
-0.78767
-0.67119
-0.72829
-0.77803
15.5081
-0.80623
-0.80203
-0.71309
-0.71309
-0.71309
0
0
0
0
0
0
-0.32097
0
0
0
0
-6.1114
0
0
0
0
0
-0.77836
-0.77836
-0.77836
-0.77836
-0.68642
-0.74234
-0.7731
-0.80623
12.498
-0.81325
-0.6833
-0.6833
-0.6833
0
0
0
0
0
0
0
0
0
0
-3.5133
0
0
0
0
0
0
-0.75654
-0.75654
-0.75654
-0.75654
-0.67665
-0.73162
-0.75385
-0.80203
-0.81325
9.2003
-0.67186
-0.67186
-0.67186
0
0
0
0
0
0
-0.38118
0
0
0
0
0
0
0
0
0
0
-0.68699
-0.68699
-0.68699
-0.68699
-0.62457
-0.67167
-0.67906
-0.71309
-0.6833
-0.67186
7.8693
-0.5389
-0.5389
0
0
0
0
0
0
0
0
0
0
0
0
0
0
0
0
0
-0.68699
-0.68699
-0.68699
-0.68699
-0.62457
-0.67167
-0.67906
-0.71309
-0.6833
-0.67186
-0.5389
7.8693
-0.5389
0
0
0
0
0
0
0
0
0
0
0
0
0
0
0
0
0
-0.68699
-0.68699
-0.68699
-0.68699
-0.62457
-0.67167
-0.67906
-0.71309
-0.6833
-0.67186
-0.5389
-0.5389
7.8693
0
0
0
0
0
0
0
0
0
0
0
0
0
0
0
0
0
-0.68074
-0.68074
-0.68074
-0.68074
-0.62889
-0.69214
-0.69932
0
0
0
0
0
0
4.7433
0
0
0
0
0
0
0
0
0
0
0
0
0
0
0
0
-0.68074
-0.68074
-0.68074
-0.68074
-0.62889
-0.69214
-0.69932
0
0
0
0
0
0
0
4.7433
0
0
0
0
0
0
0
0
0
0
0
0
0
0
0
-0.79917
-0.79917
-0.79917
-0.79917
-0.63285
0
0
0
0
0
0
0
0
0
0
15.6917
0
0
0
0
0
0
0
0
0
0
-5.9311
0
0
-5.9311
-0.68074
-0.68074
-0.68074
-0.68074
-0.62889
-0.69214
-0.69932
0
0
0
0
0
0
0
0
0
4.7433
0
0
0
0
0
0
0
0
0
0
0
0
0
-0.66341
-0.66341
-0.66341
-0.66341
-0.61328
-0.66629
0
0
0
0
0
0
0
0
0
0
0
3.9332
0
0
0
0
0
0
0
0
0
0
0
0
-1.0894
-1.0894
-1.0894
-1.0894
-1.0251
0
0
0
0
0
0
0
0
0
0
0
0
0
5.3829
0
0
0
0
0
0
0
0
0
0
0
0
0
0
0
0
0
0
-0.32097
0
-0.38118
0
0
0
0
0
0
0
0
0
7.07
0
0
-4.5949
0
0
0
0
-1.7729
0
0
-0.59761
-0.59761
-0.59761
-0.59761
0
0
0
0
0
0
0
0
0
0
0
0
0
0
0
0
2.3905
0
0
0
0
0
0
0
0
0
-0.59761
-0.59761
-0.59761
-0.59761
0
0
0
0
0
0
0
0
0
0
0
0
0
0
0
0
0
2.3905
0
0
0
0
0
0
0
0
0
0
0
0
0
0
0
0
0
0
0
0
0
0
0
0
0
0
0
-4.5949
0
0
5.6691
-1.0742
0
0
0
0
0
0
0
0
0
0
0
0
0
0
-3.5133
0
0
0
0
0
0
0
0
0
0
0
0
0
-1.0742
4.5875
0
0
0
0
0
0
0
0
0
0
0
0
0
-6.1114
0
0
0
0
0
0
0
0
0
0
0
0
0
0
0
0
6.1114
0
0
0
0
0
0
0
0
0
-8.9818
0
0
0
0
0
0
0
0
0
0
0
0
0
0
0
0
0
0
0
0
8.9818
0
0
0
0
0
0
0
0
0
0
0
0
0
0
0
0
0
0
0
-5.9311
0
0
0
0
0
0
0
0
0
0
5.9311
0
0
0
0
0
0
0
0
0
0
0
0
0
0
0
0
0
0
0
0
0
0
-1.7729
0
0
0
0
0
0
0
1.7729
0
0
0
0
0
0
0
-8.5049
0
0
0
0
0
0
0
0
0
0
0
0
0
0
0
0
0
0
0
0
0
0
8.5049
0
0
0
0
0
0
0
0
0
0
0
0
0
0
0
0
-5.9311
0
0
0
0
0
0
0
0
0
0
0
0
0
5.9311
