11.6007
-0.67822
-0.68033
-0.69808
-0.65088
-0.66786
-0.63265
-0.64588
-0.57104
-0.57104
-0.64322
-0.64683
-0.60801
-0.65448
-0.84724
-0.5897
0
-0.35196
-1.4632
0
0
0
0
0
0
0
0
0
0
0
-0.67822
12.6782
-0.66903
-0.70896
-0.63713
-0.67693
-0.61728
-0.64419
-0.57174
-0.57174
-0.65908
-0.62748
-0.60959
-0.62119
-0.88842
-0.61521
0
0
0
0
-2.6229
-0.25916
0
0
0
0
0
0
0
0
-0.68033
-0.66903
12.6763
-0.76869
-0.68145
-0.72952
-0.68914
-0.69409
-0.61469
-0.61469
-0.7057
-0.70532
-0.65442
-0.68964
-0.91585
0
0
0
0
0
0
0
0
-2.8637
0
0
0
0
0
0
-0.69808
-0.70896
-0.76869
18.9293
-0.73057
-0.73956
-0.712
-0.71623
-0.63376
-0.63376
-0.72301
-0.72958
-0.67502
-0.71336
-0.92284
0
0
0
0
0
0
0
0
0
0
0
0
-8.8239
0
0
-0.65088
-0.63713
-0.68145
-0.73057
11.2164
-0.68978
-0.64712
-0.65769
-0.57889
-0.57889
-0.6652
-0.66357
-0.61667
-0.64814
0
0
0
0
0
0
0
0
0
-2.7705
0
0
0
0
0
0
-0.66786
-0.67693
-0.72952
-0.73956
-0.68978
17.2228
-0.66859
-0.67862
-0.59686
-0.59686
-0.68099
-0.68642
-0.63606
-0.67056
0
0
0
0
0
0
0
0
0
0
0
0
-8.5042
0
0
0
-0.63265
-0.61728
-0.68914
-0.712
-0.64712
-0.66859
9.627
-0.65199
-0.55742
-0.55742
-0.64285
-0.62739
-0.59953
0
0
0
0
0
0
0
0
0
-2.0236
0
0
0
0
0
0
0
-0.64588
-0.64419
-0.69409
-0.71623
-0.65769
-0.67862
-0.65199
8.3889
-0.5662
-0.5662
-0.65463
-0.65614
-0.60783
-0.64927
0
0
0
0
0
0
0
0
0
0
0
0
0
0
0
0
-0.57104
-0.57174
-0.61469
-0.63376
-0.57889
-0.59686
-0.55742
-0.5662
6.8003
-0.45327
-0.56347
-0.56652
-0.5265
0
0
0
0
0
0
0
0
0
0
0
0
0
0
0
0
0
-0.57104
-0.57174
-0.61469
-0.63376
-0.57889
-0.59686
-0.55742
-0.5662
-0.45327
6.8003
-0.56347
-0.56652
-0.5265
0
0
0
0
0
0
0
0
0
0
0
0
0
0
0
0
0
-0.64322
-0.65908
-0.7057
-0.72301
-0.6652
-0.68099
-0.64285
-0.65463
-0.56347
-0.56347
7.8377
0
0
0
0
0
0
0
-1.3361
0
0
0
0
0
0
0
0
0
0
0
-0.64683
-0.62748
-0.70532
-0.72958
-0.66357
-0.68642
-0.62739
-0.65614
-0.56652
-0.56652
0
8.458
0
0
0
0
0
0
0
0
0
0
-1.9823
0
0
0
0
0
0
0
-0.60801
-0.60959
-0.65442
-0.67502
-0.61667
-0.63606
-0.59953
-0.60783
-0.5265
-0.5265
0
0
6.0601
0
0
0
0
0
0
0
0
0
0
0
0
0
0
0
0
0
-0.65448
-0.62119
-0.68964
-0.71336
-0.64814
-0.67056
0
-0.64927
0
0
0
0
0
9.0805
0
0
0
0
0
-1.925
-2.5088
0
0
0
0
0
0
0
0
0
-0.84724
-0.88842
-0.91585
-0.92284
0
0
0
0
0
0
0
0
0
0
4.5087
0
-0.93433
0
0
0
0
0
0
0
0
0
0
0
0
0
-0.5897
-0.61521
0
0
0
0
0
0
0
0
0
0
0
0
0
3.4636
-0.86327
-0.54334
0
0
0
-0.85204
0
0
0
0
0
0
0
0
0
0
0
0
0
0
0
0
0
0
0
0
0
0
-0.93433
-0.86327
4.5382
0
-1.2273
0
0
0
0
0
0
0
0
0
-1.5133
0
-0.35196
0
0
0
0
0
0
0
0
0
0
0
0
0
0
-0.54334
0
4.7301
0
0
0
0
0
0
0
-2.088
0
0
0
-1.7468
-1.4632
0
0
0
0
0
0
0
0
0
-1.3361
0
0
0
0
0
-1.2273
0
5.5954
-1.5688
0
0
0
0
0
0
0
0
0
0
0
0
0
0
0
0
0
0
0
0
0
0
0
-1.925
0
0
0
0
-1.5688
5.1283
0
0
0
0
-1.6344
0
0
0
0
0
0
-2.6229
0
0
0
0
0
0
0
0
0
0
0
-2.5088
0
0
0
0
0
0
5.1317
0
0
0
0
0
0
0
0
0
0
-0.25916
0
0
0
0
0
0
0
0
0
0
0
0
0
-0.85204
0
0
0
0
0
1.1112
0
0
0
0
0
0
0
0
0
0
0
0
0
0
-2.0236
0
0
0
0
-1.9823
0
0
0
0
0
0
0
0
0
0
4.0059
0
0
0
0
0
0
0
0
0
-2.8637
0
-2.7705
0
0
0
0
0
0
0
0
0
0
0
0
0
0
0
0
0
0
5.6342
0
0
0
0
0
0
0
0
0
0
0
0
0
0
0
0
0
0
0
0
0
0
0
0
0
-1.6344
0
0
0
0
5.8672
-4.2327
0
0
0
0
0
0
0
0
0
0
0
0
0
0
0
0
0
0
0
0
0
-2.088
0
0
0
0
0
0
-4.2327
6.3207
0
0
0
0
0
0
0
0
0
-8.5042
0
0
0
0
0
0
0
0
0
0
0
0
0
0
0
0
0
0
0
0
8.5042
0
0
0
0
0
0
-8.8239
0
0
0
0
0
0
0
0
0
0
0
0
0
0
0
0
0
0
0
0
0
0
0
8.8239
0
0
0
0
0
0
0
0
0
0
0
0
0
0
0
0
0
0
-1.5133
0
0
0
0
0
0
0
0
0
0
0
1.5133
0
0
0
0
0
0
0
0
0
0
0
0
0
0
0
0
0
0
-1.7468
0
0
0
0
0
0
0
0
0
0
0
1.7468
