15.9682
-0.88652
-0.88652
-0.90396
-0.86407
-0.88644
-0.76201
-0.76201
-0.76201
-0.76201
-0.76201
-0.83187
-0.86153
-0.83115
-0.83187
-0.78433
-0.78433
0
-1.5362
-0.54082
-0.72854
0
0
0
0
0
0
0
0
0
-0.88652
15.5361
-0.88317
-0.91367
-0.87577
-0.88864
-0.76782
-0.76782
-0.76782
-0.76782
-0.76782
-0.83531
-0.87088
-0.84092
-0.83531
-0.78826
-0.78826
0
-1.56
0
-0.73023
0
0
0
0
0
0
0
0
0
-0.88652
-0.88317
15.5361
-0.91367
-0.87577
-0.88864
-0.76782
-0.76782
-0.76782
-0.76782
-0.76782
-0.83531
-0.87088
-0.84092
-0.83531
-0.78826
-0.78826
0
-1.56
0
-0.73023
0
0
0
0
0
0
0
0
0
-0.90396
-0.91367
-0.91367
21.7401
-0.88041
-0.89518
-0.77958
-0.77958
-0.77958
-0.77958
-0.77958
-0.84583
-0.87436
-0.84284
-0.84583
-0.79851
-0.79851
0
0
0
0
0
0
0
0
0
0
-8.3294
0
0
-0.86407
-0.87577
-0.87577
-0.88041
14.7648
-0.87542
-0.78078
-0.78078
-0.78078
-0.78078
-0.78078
-0.77923
-0.79287
-0.76983
-0.77923
0
0
-0.4222
0
-0.51218
0
-2.4339
0
0
0
0
0
0
0
0
-0.88644
-0.88864
-0.88864
-0.89518
-0.87542
14.7956
-0.76055
-0.76055
-0.76055
-0.76055
-0.76055
-0.82436
-0.85586
-0.82663
-0.82436
-0.77659
-0.77659
0
0
0
0
0
0
0
-1.6742
0
0
0
0
0
-0.76201
-0.76782
-0.76782
-0.77958
-0.78078
-0.76055
11.2558
-0.63664
-0.63664
-0.63664
-0.63664
-0.68862
-0.71143
-0.68882
-0.68862
-0.65662
-0.65662
0
0
0
0
0
0
0
0
0
0
0
0
0
-0.76201
-0.76782
-0.76782
-0.77958
-0.78078
-0.76055
-0.63664
11.2558
-0.63664
-0.63664
-0.63664
-0.68862
-0.71143
-0.68882
-0.68862
-0.65662
-0.65662
0
0
0
0
0
0
0
0
0
0
0
0
0
-0.76201
-0.76782
-0.76782
-0.77958
-0.78078
-0.76055
-0.63664
-0.63664
11.2558
-0.63664
-0.63664
-0.68862
-0.71143
-0.68882
-0.68862
-0.65662
-0.65662
0
0
0
0
0
0
0
0
0
0
0
0
0
-0.76201
-0.76782
-0.76782
-0.77958
-0.78078
-0.76055
-0.63664
-0.63664
-0.63664
11.2558
-0.63664
-0.68862
-0.71143
-0.68882
-0.68862
-0.65662
-0.65662
0
0
0
0
0
0
0
0
0
0
0
0
0
-0.76201
-0.76782
-0.76782
-0.77958
-0.78078
-0.76055
-0.63664
-0.63664
-0.63664
-0.63664
11.2558
-0.68862
-0.71143
-0.68882
-0.68862
-0.65662
-0.65662
0
0
0
0
0
0
0
0
0
0
0
0
0
-0.83187
-0.83531
-0.83531
-0.84583
-0.77923
-0.82436
-0.68862
-0.68862
-0.68862
-0.68862
-0.68862
9.2556
0
0
-0.86059
0
0
0
0
0
0
0
0
0
0
0
0
0
0
0
-0.86153
-0.87088
-0.87088
-0.87436
-0.79287
-0.85586
-0.71143
-0.71143
-0.71143
-0.71143
-0.71143
0
16.2534
0
0
0
0
0
0
0
0
0
0
0
0
0
0
0
0
-7.5698
-0.83115
-0.84092
-0.84092
-0.84284
-0.76983
-0.82663
-0.68882
-0.68882
-0.68882
-0.68882
-0.68882
0
0
11.71
0
0
0
0
0
0
0
0
0
-3.3136
0
0
0
0
0
0
-0.83187
-0.83531
-0.83531
-0.84583
-0.77923
-0.82436
-0.68862
-0.68862
-0.68862
-0.68862
-0.68862
-0.86059
0
0
9.2556
0
0
0
0
0
0
0
0
0
0
0
0
0
0
0
-0.78433
-0.78826
-0.78826
-0.79851
0
-0.77659
-0.65662
-0.65662
-0.65662
-0.65662
-0.65662
0
0
0
0
7.219
0
0
0
0
0
0
0
0
0
0
0
0
0
0
-0.78433
-0.78826
-0.78826
-0.79851
0
-0.77659
-0.65662
-0.65662
-0.65662
-0.65662
-0.65662
0
0
0
0
0
7.219
0
0
0
0
0
0
0
0
0
0
0
0
0
0
0
0
0
-0.4222
0
0
0
0
0
0
0
0
0
0
0
0
7.4477
0
0
0
0
0
0
-2.1779
-2.8446
-2.0031
0
0
0
-1.5362
-1.56
-1.56
0
0
0
0
0
0
0
0
0
0
0
0
0
0
0
6.6252
0
0
-1.9689
0
0
0
0
0
0
0
0
-0.54082
0
0
0
-0.51218
0
0
0
0
0
0
0
0
0
0
0
0
0
0
3.5533
0
0
0
0
0
-1.5432
0
0
-0.95714
0
-0.72854
-0.73023
-0.73023
0
0
0
0
0
0
0
0
0
0
0
0
0
0
0
0
0
2.189
0
0
0
0
0
0
0
0
0
0
0
0
0
-2.4339
0
0
0
0
0
0
0
0
0
0
0
0
0
-1.9689
0
0
7.5448
-3.142
0
0
0
0
0
0
0
0
0
0
0
0
0
0
0
0
0
0
0
0
0
0
0
0
0
0
0
0
-3.142
6.9182
-3.7762
0
0
0
0
0
0
0
0
0
0
0
0
0
0
0
0
0
0
0
-3.3136
0
0
0
0
0
0
0
0
-3.7762
7.0898
0
0
0
0
0
0
0
0
0
0
0
-1.6742
0
0
0
0
0
0
0
0
0
0
0
-2.1779
0
0
0
0
0
0
3.852
0
0
0
0
0
0
0
0
0
0
0
0
0
0
0
0
0
0
0
0
0
0
-2.8446
0
-1.5432
0
0
0
0
0
4.3878
0
0
0
0
0
0
0
0
0
0
0
0
0
0
0
0
0
0
0
0
0
-2.0031
0
0
0
0
0
0
0
0
2.0031
0
0
0
0
0
0
-8.3294
0
0
0
0
0
0
0
0
0
0
0
0
0
0
0
0
0
0
0
0
0
0
0
8.3294
0
0
0
0
0
0
0
0
0
0
0
0
0
0
0
0
0
0
0
0
0
-0.95714
0
0
0
0
0
0
0
0
0.95714
0
0
0
0
0
0
0
0
0
0
0
0
0
-7.5698
0
0
0
0
0
0
0
0
0
0
0
0
0
0
0
0
7.5698
