23.2693
-0.69981
-0.68909
-0.68331
-0.66934
-0.63235
-0.63235
-0.68497
-0.66652
-0.68817
-0.6608
-0.65494
-0.67866
-0.6813
-0.73162
-0.78722
-0.62429
-0.62429
0
-2.1411
0
0
-2.3629
0
0
0
0
0
0
-7.2764
-0.69981
15.5143
-0.71361
-0.67665
-0.64804
-0.61495
-0.61495
-0.68346
-0.66429
-0.67071
-0.66639
-0.63842
-0.65949
-0.66179
-0.7076
-0.77366
-0.60063
-0.60063
0
-2.0436
0
0
-2.1756
0
0
0
0
0
0
0
-0.68909
-0.71361
29.1048
-0.63726
-0.66241
-0.61331
-0.61331
-0.63157
-0.62681
-0.66588
-0.60038
-0.63332
-0.66004
-0.66299
-0.71605
-0.76196
-0.61721
-0.61721
0
0
0
0
0
0
-8.9912
0
-8.9912
0
0
0
-0.68331
-0.67665
-0.63726
16.9458
-0.64127
-0.59095
-0.59095
-0.63339
-0.61808
-0.64417
-0.60905
-0.61278
-0.63586
-0.63837
-0.68643
-0.73529
-0.58725
-0.58725
0
0
0
0
0
0
0
0
0
-6.1375
0
0
-0.66934
-0.64804
-0.66241
-0.64127
12.7574
-0.58379
-0.58379
-0.64342
-0.62653
-0.63727
-0.62601
-0.60642
-0.62707
-0.6293
-0.67358
-0.73441
-0.57287
-0.57287
0
-2.019
0
0
0
0
0
0
0
0
0
0
-0.63235
-0.61495
-0.61331
-0.59095
-0.58379
10.0184
-0.53452
-0.59548
-0.57801
-0.59251
-0.57872
-0.56354
-0.58294
-0.58501
-0.62613
-0.68089
-0.53264
-0.53264
0
0
0
0
0
0
0
0
0
0
0
0
-0.63235
-0.61495
-0.61331
-0.59095
-0.58379
-0.53452
10.0184
-0.59548
-0.57801
-0.59251
-0.57872
-0.56354
-0.58294
-0.58501
-0.62613
-0.68089
-0.53264
-0.53264
0
0
0
0
0
0
0
0
0
0
0
0
-0.68497
-0.68346
-0.63157
-0.63339
-0.64342
-0.59548
-0.59548
13.0661
-0.66018
-0.63946
-0.59715
-0.60612
-0.62968
-0.63184
-0.692
0
0
0
0
0
0
0
0
0
0
0
0
0
-4.1419
0
-0.66652
-0.66429
-0.62681
-0.61808
-0.62653
-0.57801
-0.57801
-0.66018
11.7721
-0.61926
-0.58202
-0.58652
-0.60892
-0.61081
0
0
0
0
-0.25634
0
-3.4898
0
0
0
0
0
0
0
0
0
-0.68817
-0.67071
-0.66588
-0.64417
-0.63727
-0.59251
-0.59251
-0.63946
-0.61926
8.287
-0.64499
-0.60971
-0.64182
-0.64052
0
0
0
0
0
0
0
0
0
0
0
0
0
0
0
0
-0.6608
-0.66639
-0.60038
-0.60905
-0.62601
-0.57872
-0.57872
-0.59715
-0.58202
-0.64499
7.8901
-0.57828
0
0
0
0
0
0
0
0
0
0
0
0
0
-1.1675
0
0
0
0
-0.65494
-0.63842
-0.63332
-0.61278
-0.60642
-0.56354
-0.56354
-0.60612
-0.58652
-0.60971
-0.57828
7.2455
-0.5919
0
0
0
0
0
0
0
0
0
0
0
0
0
0
0
0
0
-0.67866
-0.65949
-0.66004
-0.63586
-0.62707
-0.58294
-0.58294
-0.62968
-0.60892
-0.64182
0
-0.5919
6.8993
0
0
0
0
0
0
0
0
0
0
0
0
0
0
0
0
0
-0.6813
-0.66179
-0.66299
-0.63837
-0.6293
-0.58501
-0.58501
-0.63184
-0.61081
-0.64052
0
0
0
6.3269
0
0
0
0
0
0
0
0
0
0
0
0
0
0
0
0
-0.73162
-0.7076
-0.71605
-0.68643
-0.67358
-0.62613
-0.62613
-0.692
0
0
0
0
0
0
5.4595
0
0
0
0
0
0
0
0
0
0
0
0
0
0
0
-0.78722
-0.77366
-0.76196
-0.73529
-0.73441
-0.68089
-0.68089
0
0
0
0
0
0
0
0
5.5117
0
0
-0.35741
0
0
0
0
0
0
0
0
0
0
0
-0.62429
-0.60063
-0.61721
-0.58725
-0.57287
-0.53264
-0.53264
0
0
0
0
0
0
0
0
0
4.0675
0
0
0
0
0
0
0
0
0
0
0
0
0
-0.62429
-0.60063
-0.61721
-0.58725
-0.57287
-0.53264
-0.53264
0
0
0
0
0
0
0
0
0
0
4.0675
0
0
0
0
0
0
0
0
0
0
0
0
0
0
0
0
0
0
0
0
-0.25634
0
0
0
0
0
0
-0.35741
0
0
8.1653
0
0
-4.551
0
-3.0005
0
0
0
0
0
0
-2.1411
-2.0436
0
0
-2.019
0
0
0
0
0
0
0
0
0
0
0
0
0
0
6.2036
0
0
0
0
0
0
0
0
0
0
0
0
0
0
0
0
0
0
-3.4898
0
0
0
0
0
0
0
0
0
0
0
4.0517
-0.56197
0
0
0
0
0
0
0
0
0
0
0
0
0
0
0
0
0
0
0
0
0
0
0
0
0
0
-4.551
0
-0.56197
5.113
0
0
0
0
0
0
0
0
-2.3629
-2.1756
0
0
0
0
0
0
0
0
0
0
0
0
0
0
0
0
0
0
0
0
4.5385
0
0
0
0
0
0
0
0
0
0
0
0
0
0
0
0
0
0
0
0
0
0
0
0
0
-3.0005
0
0
0
0
3.0005
0
0
0
0
0
0
0
0
-8.9912
0
0
0
0
0
0
0
0
0
0
0
0
0
0
0
0
0
0
0
0
0
8.9912
0
0
0
0
0
0
0
0
0
0
0
0
0
0
0
-1.1675
0
0
0
0
0
0
0
0
0
0
0
0
0
0
1.1675
0
0
0
0
0
0
-8.9912
0
0
0
0
0
0
0
0
0
0
0
0
0
0
0
0
0
0
0
0
0
0
0
8.9912
0
0
0
0
0
0
-6.1375
0
0
0
0
0
0
0
0
0
0
0
0
0
0
0
0
0
0
0
0
0
0
0
6.1375
0
0
0
0
0
0
0
0
0
-4.1419
0
0
0
0
0
0
0
0
0
0
0
0
0
0
0
0
0
0
0
0
4.1419
0
-7.2764
0
0
0
0
0
0
0
0
0
0
0
0
0
0
0
0
0
0
0
0
0
0
0
0
0
0
0
0
7.2764
