19.6841
-0.71382
-0.7121
-0.72118
-0.71784
-0.73291
-0.71394
-0.73128
-0.70645
-0.72642
-0.72642
-0.76175
-0.7162
-0.70802
-1.1032
-1.1032
0
-0.629
0
0
0
0
0
0
0
-7.4603
0
0
0
0
-0.71382
11.8759
-0.69679
-0.70415
-0.70118
-0.7114
-0.69786
-0.70994
-0.6916
-0.70881
-0.70881
-0.73703
-0.69981
-0.69295
-1.0414
-1.0414
0
0
-0.61899
0
0
0
0
0
0
0
0
0
0
0
-0.7121
-0.69679
11.9184
-0.70725
-0.70161
-0.71139
-0.69812
-0.70979
-0.68475
-0.70976
-0.70976
-0.73882
-0.70071
-0.69398
-1.0456
-1.0456
-0.65241
0
0
0
0
0
0
0
0
0
0
0
0
0
-0.72118
-0.70415
-0.70725
9.9257
-0.71133
-0.71864
-0.70331
-0.71667
-0.6915
-0.71662
-0.71662
-0.75101
-0.7071
-0.70004
0
0
-0.66028
0
0
0
0
0
0
0
0
0
0
0
0
0
-0.71784
-0.70118
-0.70161
-0.71133
9.8281
-0.71503
-0.70163
-0.71308
-0.68874
-0.713
-0.713
-0.76809
-0.70372
-0.69691
0
0
0
0
0
-0.58292
0
0
0
0
0
0
0
0
0
0
-0.73291
-0.7114
-0.71139
-0.71864
-0.71503
15.1396
-0.7086
-0.71963
-0.69782
-0.7133
-0.7133
0
-0.704
-0.6965
0
0
0
0
0
0
0
0
0
-6.5971
0
0
0
0
0
0
-0.71394
-0.69786
-0.69812
-0.70331
-0.70163
-0.7086
9.1501
-0.7048
-0.68752
-0.70396
-0.70396
-0.74268
-0.69529
-0.68845
0
0
0
0
0
0
0
0
0
0
0
0
0
0
0
0
-0.73128
-0.70994
-0.70979
-0.71667
-0.71308
-0.71963
-0.7048
14.2895
-0.69431
-0.71061
-0.71061
0
-0.7015
0
0
0
0
0
0
0
0
0
-6.4673
0
0
0
0
0
0
0
-0.70645
-0.6916
-0.68475
-0.6915
-0.68874
-0.69782
-0.68752
-0.69431
6.797
0
0
0
0
0
0
0
0
-0.62826
-0.62609
0
0
0
0
0
0
0
0
0
0
0
-0.72642
-0.70881
-0.70976
-0.71662
-0.713
-0.7133
-0.70396
-0.71061
0
6.4389
-0.73638
0
0
0
0
0
0
0
0
0
0
0
0
0
0
0
0
0
0
0
-0.72642
-0.70881
-0.70976
-0.71662
-0.713
-0.7133
-0.70396
-0.71061
0
-0.73638
6.4389
0
0
0
0
0
0
0
0
0
0
0
0
0
0
0
0
0
0
0
-0.76175
-0.73703
-0.73882
-0.75101
-0.76809
0
-0.74268
0
0
0
0
10.7334
0
0
0
0
0
0
0
-0.6244
0
0
0
0
0
0
0
0
0
-5.6096
-0.7162
-0.69981
-0.70071
-0.7071
-0.70372
-0.704
-0.69529
-0.7015
0
0
0
0
5.6283
0
0
0
0
0
0
0
0
0
0
0
0
0
0
0
0
0
-0.70802
-0.69295
-0.69398
-0.70004
-0.69691
-0.6965
-0.68845
0
0
0
0
0
0
4.8768
0
0
0
0
0
0
0
0
0
0
0
0
0
0
0
0
-1.1032
-1.0414
-1.0456
0
0
0
0
0
0
0
0
0
0
0
5.9334
0
0
0
0
0
0
0
0
0
0
0
-2.7433
0
0
0
-1.1032
-1.0414
-1.0456
0
0
0
0
0
0
0
0
0
0
0
0
5.9334
0
0
0
0
0
0
0
0
0
0
0
0
-2.7433
0
0
0
-0.65241
-0.66028
0
0
0
0
0
0
0
0
0
0
0
0
1.9505
0
0
0
0
0
0
0
-0.63783
0
0
0
0
0
-0.629
0
0
0
0
0
0
0
-0.62826
0
0
0
0
0
0
0
0
1.856
0
0
-0.59869
0
0
0
0
0
0
0
0
0
0
-0.61899
0
0
0
0
0
0
-0.62609
0
0
0
0
0
0
0
0
0
1.8389
0
0
-0.59381
0
0
0
0
0
0
0
0
0
0
0
0
-0.58292
0
0
0
0
0
0
-0.6244
0
0
0
0
0
0
0
1.7596
0
0
0
0
0
0
0
-0.55225
0
0
0
0
0
0
0
0
0
0
0
0
0
0
0
0
0
0
0
-0.59869
0
0
0.59869
0
0
0
0
0
0
0
0
0
0
0
0
0
0
0
0
0
0
0
0
0
0
0
0
0
0
0
-0.59381
0
0
0.59381
0
0
0
0
0
0
0
0
0
0
0
0
0
0
0
-6.4673
0
0
0
0
0
0
0
0
0
0
0
0
0
0
6.4673
0
0
0
0
0
0
0
0
0
0
0
0
-6.5971
0
0
0
0
0
0
0
0
0
0
0
0
0
0
0
0
0
6.5971
0
0
0
0
0
0
0
0
0
0
0
0
0
0
0
0
0
0
0
0
0
0
-0.63783
0
0
0
0
0
0
0
0.63783
0
0
0
0
0
-7.4603
0
0
0
0
0
0
0
0
0
0
0
0
0
0
0
0
0
0
0
0
0
0
0
0
7.4603
0
0
0
0
0
0
0
0
0
0
0
0
0
0
0
0
0
0
-2.7433
0
0
0
0
0
0
0
0
0
0
0
2.7433
0
0
0
0
0
0
0
0
0
0
0
0
0
0
0
0
0
0
0
0
0
0
-0.55225
0
0
0
0
0
0
0
0.55225
0
0
0
0
0
0
0
0
0
0
0
0
0
0
0
0
0
-2.7433
0
0
0
0
0
0
0
0
0
0
0
0
2.7433
0
0
0
0
0
0
0
0
0
0
0
0
-5.6096
0
0
0
0
0
0
0
0
0
0
0
0
0
0
0
0
0
5.6096
