34.5943
-0.85334
-0.85803
-0.84499
-0.93228
-0.85702
-0.85643
-0.86069
-0.86069
-0.86069
-0.74619
-0.78458
-0.86172
-0.83435
-0.83435
-0.80327
-0.87292
-0.96898
-1.1387
0
0
0
0
0
0
-9.4826
0
-9.4826
0
0
-0.85334
15.3184
-0.78718
-0.77198
-0.85223
-0.77656
-0.77434
-0.78564
-0.78564
-0.78564
-0.67838
-0.71308
-0.77869
-0.75823
-0.75823
-0.73021
-0.84346
-0.91496
-1.0258
0
0
0
0
-0.94484
0
0
0
0
0
0
-0.85803
-0.78718
15.5399
-0.77211
-0.85148
-0.78019
-0.77861
-0.7858
-0.7858
-0.7858
-0.67991
-0.71469
-0.78215
-0.75986
-0.75986
-0.73177
-0.84968
-0.88696
-1.029
0
0
-1.161
0
0
0
0
0
0
0
0
-0.84499
-0.77198
-0.77211
14.1866
-0.84178
-0.76999
-0.7669
-0.77509
-0.77509
-0.77509
-0.66722
-0.70147
-0.76855
-0.74591
-0.74591
-0.71822
-0.83555
-0.895
-1.0157
0
0
0
0
0
0
0
0
0
0
0
-0.93228
-0.85223
-0.85148
-0.84178
14.5469
-0.86209
-0.86121
-0.86228
-0.86228
-0.86228
-0.73832
-0.77719
-0.86172
-0.82749
-0.82749
-0.79617
-0.93077
-0.99988
0
0
0
0
0
0
0
0
0
0
0
0
-0.85702
-0.77656
-0.78019
-0.76999
-0.86209
12.5065
-0.81938
-0.83163
-0.83163
-0.83163
-0.65006
-0.68417
-0.74753
-0.72641
-0.72641
-0.69876
0
0
0
0
-0.91307
0
0
0
0
0
0
0
0
0
-0.85643
-0.77434
-0.77861
-0.7669
-0.86121
-0.81938
12.7549
-0.83172
-0.83172
-0.83172
-0.64932
-0.68311
-0.74295
-0.7251
-0.7251
-0.6977
0
0
0
0
0
-1.1795
0
0
0
0
0
0
0
0
-0.86069
-0.78564
-0.7858
-0.77509
-0.86228
-0.83163
-0.83172
12.4395
-0.74827
-0.74827
-0.66681
-0.70245
-0.77494
-0.74726
-0.74726
-0.719
-0.85238
0
0
0
0
0
0
0
0
0
0
0
0
0
-0.86069
-0.78564
-0.7858
-0.77509
-0.86228
-0.83163
-0.83172
-0.74827
12.4395
-0.74827
-0.66681
-0.70245
-0.77494
-0.74726
-0.74726
-0.719
-0.85238
0
0
0
0
0
0
0
0
0
0
0
0
0
-0.86069
-0.78564
-0.7858
-0.77509
-0.86228
-0.83163
-0.83172
-0.74827
-0.74827
12.4395
-0.66681
-0.70245
-0.77494
-0.74726
-0.74726
-0.719
-0.85238
0
0
0
0
0
0
0
0
0
0
0
0
0
-0.74619
-0.67838
-0.67991
-0.66722
-0.73832
-0.65006
-0.64932
-0.66681
-0.66681
-0.66681
9.9372
-0.59848
-0.65001
-0.63431
-0.63431
-0.6103
0
0
0
0
0
0
0
0
0
0
0
0
0
0
-0.78458
-0.71308
-0.71469
-0.70147
-0.77719
-0.68417
-0.68311
-0.70245
-0.70245
-0.70245
-0.59848
9.8183
-0.68836
-0.6829
-0.6829
0
0
0
0
0
0
0
0
0
0
0
0
0
0
0
-0.86172
-0.77869
-0.78215
-0.76855
-0.86172
-0.74753
-0.74295
-0.77494
-0.77494
-0.77494
-0.65001
-0.68836
11.1561
0
0
0
0
0
0
-1.9496
0
0
0
0
0
0
0
0
0
0
-0.83435
-0.75823
-0.75986
-0.74591
-0.82749
-0.72641
-0.7251
-0.74726
-0.74726
-0.74726
-0.63431
-0.6829
0
8.9363
0
0
0
0
0
0
0
0
0
0
0
0
0
0
0
0
-0.83435
-0.75823
-0.75986
-0.74591
-0.82749
-0.72641
-0.7251
-0.74726
-0.74726
-0.74726
-0.63431
-0.6829
0
0
8.9363
0
0
0
0
0
0
0
0
0
0
0
0
0
0
0
-0.80327
-0.73021
-0.73177
-0.71822
-0.79617
-0.69876
-0.6977
-0.719
-0.719
-0.719
-0.6103
0
0
0
0
7.9434
0
0
0
0
0
0
0
0
0
0
0
0
0
0
-0.87292
-0.84346
-0.84968
-0.83555
-0.93077
0
0
-0.85238
-0.85238
-0.85238
0
0
0
0
0
0
13.3364
0
0
0
0
0
0
0
0
0
0
0
-6.4469
0
-0.96898
-0.91496
-0.88696
-0.895
-0.99988
0
0
0
0
0
0
0
0
0
0
0
0
5.9321
0
0
0
0
-1.2663
0
0
0
0
0
0
0
-1.1387
-1.0258
-1.029
-1.0157
0
0
0
0
0
0
0
0
0
0
0
0
0
0
5.4316
-1.2224
0
0
0
0
0
0
0
0
0
0
0
0
0
0
0
0
0
0
0
0
0
0
-1.9496
0
0
0
0
0
-1.2224
5.7827
-2.6107
0
0
0
0
0
0
0
0
0
0
0
0
0
0
-0.91307
0
0
0
0
0
0
0
0
0
0
0
0
0
-2.6107
6.5083
0
0
0
0
0
0
0
0
-2.9845
0
0
-1.161
0
0
0
-1.1795
0
0
0
0
0
0
0
0
0
0
0
0
0
0
4.3244
0
0
0
0
-1.9839
0
0
0
0
0
0
0
0
0
0
0
0
0
0
0
0
0
0
0
0
-1.2663
0
0
0
0
1.9422
0
-0.67595
0
0
0
0
0
0
-0.94484
0
0
0
0
0
0
0
0
0
0
0
0
0
0
0
0
0
0
0
0
0
1.5686
-0.62374
0
0
0
0
0
0
0
0
0
0
0
0
0
0
0
0
0
0
0
0
0
0
0
0
0
0
0
-0.67595
-0.62374
1.2997
0
0
0
0
0
-9.4826
0
0
0
0
0
0
0
0
0
0
0
0
0
0
0
0
0
0
0
0
0
0
0
0
9.4826
0
0
0
0
0
0
0
0
0
0
0
0
0
0
0
0
0
0
0
0
0
0
0
0
0
-1.9839
0
0
0
0
1.9839
0
0
0
-9.4826
0
0
0
0
0
0
0
0
0
0
0
0
0
0
0
0
0
0
0
0
0
0
0
0
0
0
9.4826
0
0
0
0
0
0
0
0
0
0
0
0
0
0
0
0
0
0
-6.4469
0
0
0
0
0
0
0
0
0
0
0
6.4469
0
0
0
0
0
0
0
0
0
0
0
0
0
0
0
0
0
0
0
0
0
-2.9845
0
0
0
0
0
0
0
0
2.9845
