34.4241
-0.57759
-0.57759
-0.57759
-0.50019
-0.50797
-0.50797
-0.4751
-0.47023
-0.47955
-0.49059
-0.48613
-0.49059
-0.51739
-0.51731
-0.69015
0
-0.51723
0
0
0
-2.6452
-11.6978
0
0
0
-11.6978
0
0
0
-0.57759
9.0954
-0.60234
-0.60234
-0.55716
-0.54508
-0.54508
-0.54821
-0.52472
-0.52089
-0.57189
-0.57234
-0.57189
-0.55537
-0.56585
-0.71737
0
-0.51724
0
0
0
0
0
0
0
0
0
0
0
0
-0.57759
-0.60234
9.0954
-0.60234
-0.55716
-0.54508
-0.54508
-0.54821
-0.52472
-0.52089
-0.57189
-0.57234
-0.57189
-0.55537
-0.56585
-0.71737
0
-0.51724
0
0
0
0
0
0
0
0
0
0
0
0
-0.57759
-0.60234
-0.60234
9.0954
-0.55716
-0.54508
-0.54508
-0.54821
-0.52472
-0.52089
-0.57189
-0.57234
-0.57189
-0.55537
-0.56585
-0.71737
0
-0.51724
0
0
0
0
0
0
0
0
0
0
0
0
-0.50019
-0.55716
-0.55716
-0.55716
7.1234
-0.4859
-0.4859
-0.46307
-0.45218
-0.45029
-0.47982
-0.48542
-0.47982
-0.4794
-0.49298
0
-0.19696
0
0
0
0
0
0
0
0
0
0
0
0
0
-0.50797
-0.54508
-0.54508
-0.54508
-0.4859
7.5643
-0.45968
-0.47422
-0.45621
-0.45421
-0.49501
-0.49352
-0.49501
-0.48455
-0.49501
-0.62779
0
0
0
0
0
0
0
0
0
0
0
0
0
0
-0.50797
-0.54508
-0.54508
-0.54508
-0.4859
-0.45968
7.5643
-0.47422
-0.45621
-0.45421
-0.49501
-0.49352
-0.49501
-0.48455
-0.49501
-0.62779
0
0
0
0
0
0
0
0
0
0
0
0
0
0
-0.4751
-0.54821
-0.54821
-0.54821
-0.46307
-0.47422
-0.47422
12.7515
-0.42131
-0.43503
-0.45708
-0.44828
-0.45708
-0.46425
0
0
0
0
0
0
0
0
0
0
0
-6.5372
0
0
0
0
-0.47023
-0.52472
-0.52472
-0.52472
-0.45218
-0.45621
-0.45621
-0.42131
6.1251
-0.41765
-0.44338
-0.44154
-0.44338
-0.44439
0
0
0
0
-0.1045
0
0
0
0
0
0
0
0
0
0
0
-0.47955
-0.52089
-0.52089
-0.52089
-0.45029
-0.45421
-0.45421
-0.43503
-0.41765
6.057
-0.45369
-0.44944
-0.45369
-0.44655
0
0
0
0
0
0
0
0
0
0
0
0
0
0
0
0
-0.49059
-0.57189
-0.57189
-0.57189
-0.47982
-0.49501
-0.49501
-0.45708
-0.44338
-0.45369
10.2433
0
-0.48314
0
0
0
0
0
0
0
0
0
0
0
0
0
0
0
-4.7299
0
-0.48613
-0.57234
-0.57234
-0.57234
-0.48542
-0.49352
-0.49352
-0.44828
-0.44154
-0.44944
0
9.4038
0
0
0
0
-0.18017
0
0
0
0
0
0
-4.2088
0
0
0
0
0
0
-0.49059
-0.57189
-0.57189
-0.57189
-0.47982
-0.49501
-0.49501
-0.45708
-0.44338
-0.45369
-0.48314
0
10.2433
0
0
0
0
0
0
0
0
0
0
0
-4.7299
0
0
0
0
0
-0.51739
-0.55537
-0.55537
-0.55537
-0.4794
-0.48455
-0.48455
-0.46425
-0.44439
-0.44655
0
0
0
4.9872
0
0
0
0
0
0
0
0
0
0
0
0
0
0
0
0
-0.51731
-0.56585
-0.56585
-0.56585
-0.49298
-0.49501
-0.49501
0
0
0
0
0
0
0
3.861
0
0
0
-0.16314
0
0
0
0
0
0
0
0
0
0
0
-0.69015
-0.71737
-0.71737
-0.71737
0
-0.62779
-0.62779
0
0
0
0
0
0
0
0
4.0979
0
0
0
0
0
0
0
0
0
0
0
0
0
0
0
0
0
0
-0.19696
0
0
0
0
0
0
-0.18017
0
0
0
0
10.5365
0
0
-4.5296
0
-2.2382
0
0
0
0
0
0
0
-3.3917
-0.51723
-0.51724
-0.51724
-0.51724
0
0
0
0
0
0
0
0
0
0
0
0
0
2.0689
0
0
0
0
0
0
0
0
0
0
0
0
0
0
0
0
0
0
0
0
-0.1045
0
0
0
0
0
-0.16314
0
0
0
8.3744
0
-4.9496
0
0
0
0
0
0
-3.1572
0
0
0
0
0
0
0
0
0
0
0
0
0
0
0
0
0
0
-4.5296
0
0
5.917
-1.3874
0
0
0
0
0
0
0
0
0
0
0
0
0
0
0
0
0
0
0
0
0
0
0
0
0
0
0
-4.9496
-1.3874
6.337
0
0
0
0
0
0
0
0
0
-2.6452
0
0
0
0
0
0
0
0
0
0
0
0
0
0
0
-2.2382
0
0
0
0
4.8834
0
0
0
0
0
0
0
0
-11.6978
0
0
0
0
0
0
0
0
0
0
0
0
0
0
0
0
0
0
0
0
0
11.6978
0
0
0
0
0
0
0
0
0
0
0
0
0
0
0
0
0
0
-4.2088
0
0
0
0
0
0
0
0
0
0
0
4.2088
0
0
0
0
0
0
0
0
0
0
0
0
0
0
0
0
0
0
-4.7299
0
0
0
0
0
0
0
0
0
0
0
4.7299
0
0
0
0
0
0
0
0
0
0
0
0
-6.5372
0
0
0
0
0
0
0
0
0
0
0
0
0
0
0
0
0
6.5372
0
0
0
0
-11.6978
0
0
0
0
0
0
0
0
0
0
0
0
0
0
0
0
0
0
0
0
0
0
0
0
0
11.6978
0
0
0
0
0
0
0
0
0
0
0
0
0
0
0
0
0
0
0
0
0
-3.1572
0
0
0
0
0
0
0
0
3.1572
0
0
0
0
0
0
0
0
0
0
0
0
-4.7299
0
0
0
0
0
0
0
0
0
0
0
0
0
0
0
0
0
4.7299
0
0
0
0
0
0
0
0
0
0
0
0
0
0
0
0
0
-3.3917
0
0
0
0
0
0
0
0
0
0
0
0
3.3917
