24.1314
-0.76956
-0.79338
-0.76956
-0.79338
-0.63941
-0.61511
-0.63941
-0.61511
-0.61511
-0.61511
-0.64207
-0.66588
-0.71294
-0.71294
-0.71875
-0.65235
-0.62204
-0.37239
-1.1933
-10.9736
0
0
0
0
0
0
0
0
0
-0.76956
12.7645
-0.77886
-0.73011
-0.77886
-0.62368
-0.59298
-0.62368
-0.59298
-0.59298
-0.59298
-0.61966
-0.64638
-0.68806
-0.68806
-0.70022
-0.62941
-0.60791
-0.38405
-1.1241
0
0
0
0
0
0
0
0
0
0
-0.79338
-0.77886
22.4606
-0.77886
-0.79643
-0.6396
-0.61008
-0.6396
-0.61008
-0.61008
-0.61008
-0.64056
-0.66239
-0.71194
-0.71194
-0.71403
-0.65177
-0.61787
-0.36976
0
0
0
0
0
-10.5133
0
0
0
0
0
-0.76956
-0.73011
-0.77886
12.7645
-0.77886
-0.62368
-0.59298
-0.62368
-0.59298
-0.59298
-0.59298
-0.61966
-0.64638
-0.68806
-0.68806
-0.70022
-0.62941
-0.60791
-0.38405
-1.1241
0
0
0
0
0
0
0
0
0
0
-0.79338
-0.77886
-0.79643
-0.77886
22.4606
-0.6396
-0.61008
-0.6396
-0.61008
-0.61008
-0.61008
-0.64056
-0.66239
-0.71194
-0.71194
-0.71403
-0.65177
-0.61787
-0.36976
0
0
0
0
0
0
-10.5133
0
0
0
0
-0.63941
-0.62368
-0.6396
-0.62368
-0.6396
18.3883
-0.4987
-0.50992
-0.4987
-0.4987
-0.4987
-0.48952
-0.49675
-0.54117
-0.54117
-0.53841
-0.4934
-0.46766
0
0
0
0
0
0
0
0
0
0
-9.1496
0
-0.61511
-0.59298
-0.61008
-0.59298
-0.61008
-0.4987
9.2274
-0.4987
-0.44591
-0.44591
-0.44591
-0.4867
-0.50154
-0.54019
-0.54019
-0.54422
-0.49347
-0.47223
-0.29248
0
0
0
0
0
0
0
0
0
0
0
-0.63941
-0.62368
-0.6396
-0.62368
-0.6396
-0.50992
-0.4987
18.3883
-0.4987
-0.4987
-0.4987
-0.48952
-0.49675
-0.54117
-0.54117
-0.53841
-0.4934
-0.46766
0
0
0
0
0
0
0
0
0
0
0
-9.1496
-0.61511
-0.59298
-0.61008
-0.59298
-0.61008
-0.4987
-0.44591
-0.4987
9.2274
-0.44591
-0.44591
-0.4867
-0.50154
-0.54019
-0.54019
-0.54422
-0.49347
-0.47223
-0.29248
0
0
0
0
0
0
0
0
0
0
0
-0.61511
-0.59298
-0.61008
-0.59298
-0.61008
-0.4987
-0.44591
-0.4987
-0.44591
9.2274
-0.44591
-0.4867
-0.50154
-0.54019
-0.54019
-0.54422
-0.49347
-0.47223
-0.29248
0
0
0
0
0
0
0
0
0
0
0
-0.61511
-0.59298
-0.61008
-0.59298
-0.61008
-0.4987
-0.44591
-0.4987
-0.44591
-0.44591
9.2274
-0.4867
-0.50154
-0.54019
-0.54019
-0.54422
-0.49347
-0.47223
-0.29248
0
0
0
0
0
0
0
0
0
0
0
-0.64207
-0.61966
-0.64056
-0.61966
-0.64056
-0.48952
-0.4867
-0.48952
-0.4867
-0.4867
-0.4867
8.8586
-0.53296
-0.56978
-0.56978
-0.57297
-0.52475
0
0
0
0
0
0
0
0
0
0
0
0
0
-0.66588
-0.64638
-0.66239
-0.64638
-0.66239
-0.49675
-0.50154
-0.49675
-0.50154
-0.50154
-0.50154
-0.53296
13.4935
-0.5886
-0.5886
0
0
0
0
0
0
0
0
0
0
0
0
-5.5002
0
0
-0.71294
-0.68806
-0.71194
-0.68806
-0.71194
-0.54117
-0.54019
-0.54117
-0.54019
-0.54019
-0.54019
-0.56978
-0.5886
7.9144
0
0
0
0
0
0
0
0
0
0
0
0
0
0
0
0
-0.71294
-0.68806
-0.71194
-0.68806
-0.71194
-0.54117
-0.54019
-0.54117
-0.54019
-0.54019
-0.54019
-0.56978
-0.5886
0
7.9144
0
0
0
0
0
0
0
0
0
0
0
0
0
0
0
-0.71875
-0.70022
-0.71403
-0.70022
-0.71403
-0.53841
-0.54422
-0.53841
-0.54422
-0.54422
-0.54422
-0.57297
0
0
0
10.1842
0
0
0
0
0
0
0
0
0
0
-2.8103
0
0
0
-0.65235
-0.62941
-0.65177
-0.62941
-0.65177
-0.4934
-0.49347
-0.4934
-0.49347
-0.49347
-0.49347
-0.52475
0
0
0
0
6.7001
0
0
0
0
0
0
0
0
0
0
0
0
0
-0.62204
-0.60791
-0.61787
-0.60791
-0.61787
-0.46766
-0.47223
-0.46766
-0.47223
-0.47223
-0.47223
0
0
0
0
0
0
6.7789
0
0
0
0
0
-0.88104
0
0
0
0
0
0
-0.37239
-0.38405
-0.36976
-0.38405
-0.36976
0
-0.29248
0
-0.29248
-0.29248
-0.29248
0
0
0
0
0
0
0
16.0027
0
0
-6.4764
-6.4764
0
0
0
0
0
0
0
-1.1933
-1.1241
0
-1.1241
0
0
0
0
0
0
0
0
0
0
0
0
0
0
0
3.4415
0
0
0
0
0
0
0
0
0
0
-10.9736
0
0
0
0
0
0
0
0
0
0
0
0
0
0
0
0
0
0
0
10.9736
0
0
0
0
0
0
0
0
0
0
0
0
0
0
0
0
0
0
0
0
0
0
0
0
0
0
0
-6.4764
0
0
6.4764
0
0
0
0
0
0
0
0
0
0
0
0
0
0
0
0
0
0
0
0
0
0
0
0
0
0
-6.4764
0
0
0
6.4764
0
0
0
0
0
0
0
0
0
0
0
0
0
0
0
0
0
0
0
0
0
0
0
0
-0.88104
0
0
0
0
0
0.88104
0
0
0
0
0
0
0
0
-10.5133
0
0
0
0
0
0
0
0
0
0
0
0
0
0
0
0
0
0
0
0
0
10.5133
0
0
0
0
0
0
0
0
0
-10.5133
0
0
0
0
0
0
0
0
0
0
0
0
0
0
0
0
0
0
0
0
10.5133
0
0
0
0
0
0
0
0
0
0
0
0
0
0
0
0
0
0
0
-2.8103
0
0
0
0
0
0
0
0
0
0
2.8103
0
0
0
0
0
0
0
0
0
0
0
0
0
0
0
-5.5002
0
0
0
0
0
0
0
0
0
0
0
0
0
0
5.5002
0
0
0
0
0
0
0
-9.1496
0
0
0
0
0
0
0
0
0
0
0
0
0
0
0
0
0
0
0
0
0
0
9.1496
0
0
0
0
0
0
0
0
-9.1496
0
0
0
0
0
0
0
0
0
0
0
0
0
0
0
0
0
0
0
0
0
9.1496
