24.9004
-0.80588
-0.7664
-0.77237
-0.79291
-0.7797
-0.75735
-0.7141
-0.74838
-0.73664
-0.75779
-0.83027
-0.83027
-0.83027
-0.74716
-0.74716
-0.6939
-0.78636
-0.61992
-0.61992
0
0
0
0
-5.2818
0
0
0
-5.2818
0
-0.80588
21.3733
-0.75386
-0.77718
-0.79951
-0.78547
-0.78011
-0.7367
-0.75132
-0.73954
-0.76078
-0.83358
-0.83358
-0.83358
-0.7501
-0.7501
-0.69662
-0.78587
-0.60987
-0.60987
0
0
-2.5491
0
0
0
-4.4306
0
0
0
-0.7664
-0.75386
15.7672
-0.71914
-0.73717
-0.72788
-0.73398
-0.69504
-0.69494
-0.6841
-0.70364
-0.77043
-0.77043
-0.77043
-0.69381
-0.69381
-0.64453
-0.72398
-0.55491
-0.55491
0
0
-2.3738
0
0
0
0
0
0
0
-0.77237
-0.77718
-0.71914
20.2194
-0.72773
-0.73183
-0.74097
-0.70148
-0.70247
-0.69151
-0.71127
-0.77885
-0.77885
-0.77885
-0.70133
-0.70133
-0.6515
-0.73208
-0.56743
-0.56743
0
0
0
-6.6858
0
0
0
0
0
0
-0.79291
-0.79951
-0.73717
-0.72773
16.6661
-0.79605
-0.7957
-0.7265
-0.72816
-0.71677
-0.73731
-0.8076
-0.8076
-0.8076
-0.72698
-0.72698
-0.67524
-0.75962
0
0
-3.7966
0
0
0
0
0
0
0
0
0
-0.7797
-0.78547
-0.72788
-0.73183
-0.79605
13.5236
-0.78311
-0.71501
-0.72056
-0.7093
-0.7296
-0.79909
-0.79909
-0.79909
-0.71939
-0.71939
-0.66822
-0.75233
0
0
0
-0.78852
0
0
0
0
0
0
0
0
-0.75735
-0.78011
-0.73398
-0.74097
-0.7957
-0.78311
15.7854
-0.70589
-0.72364
-0.71233
-0.73272
-0.80254
-0.80254
-0.80254
-0.72247
-0.72247
-0.67107
-0.75776
0
0
0
0
0
0
0
0
0
-3.0382
0
0
-0.7141
-0.7367
-0.69504
-0.70148
-0.7265
-0.71501
-0.70589
13.8083
-0.68107
-0.67045
-0.68959
-0.75494
-0.75494
-0.75494
-0.67997
-0.67997
-0.63169
0
0
0
0
0
0
0
0
-2.516
0
0
0
0
-0.74838
-0.75132
-0.69494
-0.70247
-0.72816
-0.72056
-0.72364
-0.68107
11.4277
-0.67767
-0.69702
-0.76314
-0.76314
-0.76314
-0.6873
-0.6873
-0.63849
0
0
0
0
0
0
0
0
0
0
0
0
0
-0.73664
-0.73954
-0.6841
-0.69151
-0.71677
-0.7093
-0.71233
-0.67045
-0.67767
10.624
-0.68502
-0.74991
-0.74991
-0.74991
-0.67546
-0.67546
0
0
0
0
0
0
0
0
0
0
0
0
0
0
-0.75779
-0.76078
-0.70364
-0.71127
-0.73731
-0.7296
-0.73272
-0.68959
-0.69702
-0.68502
9.5545
-0.78325
-0.78325
-0.78325
0
0
0
0
0
0
0
0
0
0
0
0
0
0
0
0
-0.83027
-0.83358
-0.77043
-0.77885
-0.8076
-0.79909
-0.80254
-0.75494
-0.76314
-0.74991
-0.78325
8.6736
0
0
0
0
0
0
0
0
0
0
0
0
0
0
0
0
0
0
-0.83027
-0.83358
-0.77043
-0.77885
-0.8076
-0.79909
-0.80254
-0.75494
-0.76314
-0.74991
-0.78325
0
8.6736
0
0
0
0
0
0
0
0
0
0
0
0
0
0
0
0
0
-0.83027
-0.83358
-0.77043
-0.77885
-0.8076
-0.79909
-0.80254
-0.75494
-0.76314
-0.74991
-0.78325
0
0
8.6736
0
0
0
0
0
0
0
0
0
0
0
0
0
0
0
0
-0.74716
-0.7501
-0.69381
-0.70133
-0.72698
-0.71939
-0.72247
-0.67997
-0.6873
-0.67546
0
0
0
0
7.104
0
0
0
0
0
0
0
0
0
0
0
0
0
0
0
-0.74716
-0.7501
-0.69381
-0.70133
-0.72698
-0.71939
-0.72247
-0.67997
-0.6873
-0.67546
0
0
0
0
0
7.104
0
0
0
0
0
0
0
0
0
0
0
0
0
0
-0.6939
-0.69662
-0.64453
-0.6515
-0.67524
-0.66822
-0.67107
-0.63169
-0.63849
0
0
0
0
0
0
0
5.9712
0
0
0
0
0
0
0
0
0
0
0
0
0
-0.78636
-0.78587
-0.72398
-0.73208
-0.75962
-0.75233
-0.75776
0
0
0
0
0
0
0
0
0
0
5.298
0
0
0
0
0
0
0
0
0
0
0
0
-0.61992
-0.60987
-0.55491
-0.56743
0
0
0
0
0
0
0
0
0
0
0
0
0
0
2.3521
0
0
0
0
0
0
0
0
0
0
0
-0.61992
-0.60987
-0.55491
-0.56743
0
0
0
0
0
0
0
0
0
0
0
0
0
0
0
2.3521
0
0
0
0
0
0
0
0
0
0
0
0
0
0
-3.7966
0
0
0
0
0
0
0
0
0
0
0
0
0
0
0
11.9448
-4.849
0
-3.2992
0
0
0
0
0
0
0
0
0
0
0
-0.78852
0
0
0
0
0
0
0
0
0
0
0
0
0
0
-4.849
9.1921
0
0
0
0
0
0
0
-3.5546
0
-2.5491
-2.3738
0
0
0
0
0
0
0
0
0
0
0
0
0
0
0
0
0
0
0
4.923
0
0
0
0
0
0
0
0
0
0
-6.6858
0
0
0
0
0
0
0
0
0
0
0
0
0
0
0
0
-3.2992
0
0
9.985
0
0
0
0
0
0
-5.2818
0
0
0
0
0
0
0
0
0
0
0
0
0
0
0
0
0
0
0
0
0
0
0
5.2818
0
0
0
0
0
0
0
0
0
0
0
0
-2.516
0
0
0
0
0
0
0
0
0
0
0
0
0
0
0
0
0
2.516
0
0
0
0
0
-4.4306
0
0
0
0
0
0
0
0
0
0
0
0
0
0
0
0
0
0
0
0
0
0
0
0
4.4306
0
0
0
0
0
0
0
0
0
-3.0382
0
0
0
0
0
0
0
0
0
0
0
0
0
0
0
0
0
0
0
0
3.0382
0
0
-5.2818
0
0
0
0
0
0
0
0
0
0
0
0
0
0
0
0
0
0
0
0
0
0
0
0
0
0
0
5.2818
0
0
0
0
0
0
0
0
0
0
0
0
0
0
0
0
0
0
0
0
0
0
-3.5546
0
0
0
0
0
0
0
3.5546
