16.876
-0.89207
-0.89207
-0.78609
-0.78609
-0.78609
-0.81714
-0.81714
-0.78278
-0.82371
-0.82888
-0.82888
-0.83506
-0.83506
-0.88573
-0.86125
-0.84598
-0.84598
-0.85809
-0.68382
-0.81926
0
-0.36485
0
0
0
0
0
0
0
-0.89207
26.8099
-0.9172
-0.80433
-0.80433
-0.80433
-0.83983
-0.83983
-0.80417
-0.84674
-0.85211
-0.85211
-0.86127
-0.86127
-0.91203
-0.88526
-0.86934
-0.86934
-0.88188
-0.69226
-0.78776
0
0
0
0
0
0
0
0
-9.9325
-0.89207
-0.9172
26.8099
-0.80433
-0.80433
-0.80433
-0.83983
-0.83983
-0.80417
-0.84674
-0.85211
-0.85211
-0.86127
-0.86127
-0.91203
-0.88526
-0.86934
-0.86934
-0.88188
-0.69226
-0.78776
0
0
0
0
-9.9325
0
0
0
0
-0.78609
-0.80433
-0.80433
14.9914
-0.70874
-0.70874
-0.74045
-0.74045
-0.71016
-0.74612
-0.7501
-0.7501
-0.76072
-0.76072
-0.80662
-0.77656
-0.76312
-0.76312
-0.77335
-0.63015
-0.70741
0
0
0
0
0
0
0
0
0
-0.78609
-0.80433
-0.80433
-0.70874
14.9914
-0.70874
-0.74045
-0.74045
-0.71016
-0.74612
-0.7501
-0.7501
-0.76072
-0.76072
-0.80662
-0.77656
-0.76312
-0.76312
-0.77335
-0.63015
-0.70741
0
0
0
0
0
0
0
0
0
-0.78609
-0.80433
-0.80433
-0.70874
-0.70874
14.9914
-0.74045
-0.74045
-0.71016
-0.74612
-0.7501
-0.7501
-0.76072
-0.76072
-0.80662
-0.77656
-0.76312
-0.76312
-0.77335
-0.63015
-0.70741
0
0
0
0
0
0
0
0
0
-0.81714
-0.83983
-0.83983
-0.74045
-0.74045
-0.74045
14.2491
-0.76834
-0.74082
-0.78081
-0.7854
-0.7854
-0.79981
-0.79981
-0.84989
-0.81308
-0.79889
-0.79889
-0.80977
0
0
0
0
0
0
0
0
0
0
0
-0.81714
-0.83983
-0.83983
-0.74045
-0.74045
-0.74045
-0.76834
14.2491
-0.74082
-0.78081
-0.7854
-0.7854
-0.79981
-0.79981
-0.84989
-0.81308
-0.79889
-0.79889
-0.80977
0
0
0
0
0
0
0
0
0
0
0
-0.78278
-0.80417
-0.80417
-0.71016
-0.71016
-0.71016
-0.74082
-0.74082
12.8435
-0.74274
-0.74638
-0.74638
-0.75633
-0.75633
-0.80351
-0.77144
-0.75859
-0.75859
0
0
0
0
0
0
0
0
0
0
0
0
-0.82371
-0.84674
-0.84674
-0.74612
-0.74612
-0.74612
-0.78081
-0.78081
-0.74274
11.9062
-0.79094
-0.79094
-0.79857
-0.79857
-0.85091
-0.81635
0
0
0
0
0
0
0
0
0
0
0
0
0
0
-0.82888
-0.85211
-0.85211
-0.7501
-0.7501
-0.7501
-0.7854
-0.7854
-0.74638
-0.79094
10.2762
-0.74603
-0.81932
-0.81932
0
0
0
0
0
0
0
0
0
0
0
0
0
0
0
0
-0.82888
-0.85211
-0.85211
-0.7501
-0.7501
-0.7501
-0.7854
-0.7854
-0.74638
-0.79094
-0.74603
10.2762
-0.81932
-0.81932
0
0
0
0
0
0
0
0
0
0
0
0
0
0
0
0
-0.83506
-0.86127
-0.86127
-0.76072
-0.76072
-0.76072
-0.79981
-0.79981
-0.75633
-0.79857
-0.81932
-0.81932
15.7024
0
0
0
0
0
0
0
0
0
0
0
0
0
0
0
-6.0695
0
-0.83506
-0.86127
-0.86127
-0.76072
-0.76072
-0.76072
-0.79981
-0.79981
-0.75633
-0.79857
-0.81932
-0.81932
0
15.7024
0
0
0
0
0
0
0
0
0
0
-6.0695
0
0
0
0
0
-0.88573
-0.91203
-0.91203
-0.80662
-0.80662
-0.80662
-0.84989
-0.84989
-0.80351
-0.85091
0
0
0
0
12.9878
0
0
0
0
0
0
0
0
0
0
0
0
-4.504
0
0
-0.86125
-0.88526
-0.88526
-0.77656
-0.77656
-0.77656
-0.81308
-0.81308
-0.77144
-0.81635
0
0
0
0
0
8.1754
0
0
0
0
0
0
0
0
0
0
0
0
0
0
-0.84598
-0.86934
-0.86934
-0.76312
-0.76312
-0.76312
-0.79889
-0.79889
-0.75859
0
0
0
0
0
0
0
7.2304
0
0
0
0
0
0
0
0
0
0
0
0
0
-0.84598
-0.86934
-0.86934
-0.76312
-0.76312
-0.76312
-0.79889
-0.79889
-0.75859
0
0
0
0
0
0
0
0
7.2304
0
0
0
0
0
0
0
0
0
0
0
0
-0.85809
-0.88188
-0.88188
-0.77335
-0.77335
-0.77335
-0.80977
-0.80977
0
0
0
0
0
0
0
0
0
0
6.5614
0
0
0
0
0
0
0
0
0
0
0
-0.68382
-0.69226
-0.69226
-0.63015
-0.63015
-0.63015
0
0
0
0
0
0
0
0
0
0
0
0
0
4.0633
0
0
0
0
0
0
-0.1045
0
0
0
-0.81926
-0.78776
-0.78776
-0.70741
-0.70741
-0.70741
0
0
0
0
0
0
0
0
0
0
0
0
0
0
4.8243
0
0
-0.30726
0
0
0
0
0
0
0
0
0
0
0
0
0
0
0
0
0
0
0
0
0
0
0
0
0
0
0
3.4836
-1.5694
-1.9142
0
0
0
0
0
0
-0.36485
0
0
0
0
0
0
0
0
0
0
0
0
0
0
0
0
0
0
0
0
-1.5694
1.9343
0
0
0
0
0
0
0
0
0
0
0
0
0
0
0
0
0
0
0
0
0
0
0
0
0
0
0
-0.30726
-1.9142
0
2.2214
0
0
0
0
0
0
0
0
0
0
0
0
0
0
0
0
0
0
0
-6.0695
0
0
0
0
0
0
0
0
0
0
6.0695
0
0
0
0
0
0
0
-9.9325
0
0
0
0
0
0
0
0
0
0
0
0
0
0
0
0
0
0
0
0
0
0
9.9325
0
0
0
0
0
0
0
0
0
0
0
0
0
0
0
0
0
0
0
0
0
0
0
-0.1045
0
0
0
0
0
0
0.1045
0
0
0
0
0
0
0
0
0
0
0
0
0
0
0
0
0
-4.504
0
0
0
0
0
0
0
0
0
0
0
0
4.504
0
0
0
0
0
0
0
0
0
0
0
0
0
0
-6.0695
0
0
0
0
0
0
0
0
0
0
0
0
0
0
0
6.0695
0
0
-9.9325
0
0
0
0
0
0
0
0
0
0
0
0
0
0
0
0
0
0
0
0
0
0
0
0
0
0
0
9.9325
