17.2214
-0.54004
-0.53057
-0.53378
-0.49648
-0.52795
-0.52497
-0.53345
-0.49523
-0.49507
-0.49726
-0.45111
-0.45111
-0.45111
-0.48019
-0.54325
0
-0.50658
0
0
0
0
0
-9.1633
0
0
0
0
0
0
-0.54004
17.2214
-0.53057
-0.53378
-0.49648
-0.52795
-0.52497
-0.53345
-0.49523
-0.49507
-0.49726
-0.45111
-0.45111
-0.45111
-0.48019
-0.54325
0
-0.50658
0
0
0
-9.1633
0
0
0
0
0
0
0
0
-0.53057
-0.53057
8.0836
-0.51913
-0.47832
-0.51505
-0.5049
-0.51397
-0.4737
-0.47647
-0.48059
-0.43159
-0.43159
-0.43159
-0.51212
-0.51646
0
-0.47949
0
-0.2575
0
0
0
0
0
0
0
0
0
0
-0.53378
-0.53378
-0.51913
8.0966
-0.4788
-0.51666
-0.51006
-0.51551
-0.4776
-0.47989
-0.4796
-0.43343
-0.43343
-0.43343
-0.50642
-0.51836
-0.26761
-0.45906
0
0
0
0
0
0
0
0
0
0
0
0
-0.49648
-0.49648
-0.47832
-0.4788
7.3543
-0.48498
-0.47274
-0.48625
-0.44642
-0.44651
-0.44816
-0.40277
-0.40277
-0.40277
-0.48987
-0.47848
0
-0.4425
0
0
0
0
0
0
0
0
0
0
0
0
-0.52795
-0.52795
-0.51505
-0.51666
-0.48498
14.8812
-0.54262
-0.54109
-0.48684
-0.48505
-0.48025
-0.4395
-0.4395
-0.4395
0
0
0
0
-0.1736
0
-8.2807
0
0
0
0
0
0
0
0
0
-0.52497
-0.52497
-0.5049
-0.51006
-0.47274
-0.54262
7.087
-0.51264
-0.47342
-0.47334
-0.47286
-0.425
-0.425
-0.425
0
-0.5109
-0.28859
0
0
0
0
0
0
0
0
0
0
0
0
0
-0.53345
-0.53345
-0.51397
-0.51551
-0.48625
-0.54109
-0.51264
7.4014
-0.47913
-0.48092
-0.47955
-0.4293
-0.4293
-0.4293
-0.52433
-0.51316
0
0
0
0
0
0
0
0
0
0
0
0
0
0
-0.49523
-0.49523
-0.4737
-0.4776
-0.44642
-0.48684
-0.47342
-0.47913
6.0767
-0.44546
-0.4413
-0.39404
-0.39404
-0.39404
0
0
0
0
-0.18027
0
0
0
0
0
0
0
0
0
0
0
-0.49507
-0.49507
-0.47647
-0.47989
-0.44651
-0.48505
-0.47334
-0.48092
-0.44546
6.1789
-0.44656
-0.39601
-0.39601
-0.39601
0
0
-0.26653
0
0
0
0
0
0
0
0
0
0
0
0
0
-0.49726
-0.49726
-0.48059
-0.4796
-0.44816
-0.48025
-0.47286
-0.47955
-0.4413
-0.44656
6.1486
-0.39453
-0.39453
-0.39453
0
0
0
0
0
-0.24159
0
0
0
0
0
0
0
0
0
0
-0.45111
-0.45111
-0.43159
-0.43343
-0.40277
-0.4395
-0.425
-0.4293
-0.39404
-0.39601
-0.39453
5.3067
-0.32914
-0.32914
0
0
0
0
0
0
0
0
0
0
0
0
0
0
0
0
-0.45111
-0.45111
-0.43159
-0.43343
-0.40277
-0.4395
-0.425
-0.4293
-0.39404
-0.39601
-0.39453
-0.32914
5.3067
-0.32914
0
0
0
0
0
0
0
0
0
0
0
0
0
0
0
0
-0.45111
-0.45111
-0.43159
-0.43343
-0.40277
-0.4395
-0.425
-0.4293
-0.39404
-0.39601
-0.39453
-0.32914
-0.32914
5.3067
0
0
0
0
0
0
0
0
0
0
0
0
0
0
0
0
-0.48019
-0.48019
-0.51212
-0.50642
-0.48987
0
0
-0.52433
0
0
0
0
0
0
34.6263
0
0
0
0
0
0
0
0
0
0
0
0
-10.5444
-10.5444
-10.5444
-0.54325
-0.54325
-0.51646
-0.51836
-0.47848
0
-0.5109
-0.51316
0
0
0
0
0
0
0
3.6239
0
0
0
0
0
0
0
0
0
0
0
0
0
0
0
0
0
-0.26761
0
0
-0.28859
0
0
-0.26653
0
0
0
0
0
0
15.3177
0
0
0
0
0
0
0
0
-7.2475
-7.2475
0
0
0
-0.50658
-0.50658
-0.47949
-0.45906
-0.4425
0
0
0
0
0
0
0
0
0
0
0
0
2.3942
0
0
0
0
0
0
0
0
0
0
0
0
0
0
0
0
0
-0.1736
0
0
-0.18027
0
0
0
0
0
0
0
0
0
0.45836
0
0
0
-0.1045
0
0
0
0
0
0
0
0
0
-0.2575
0
0
0
0
0
0
0
-0.24159
0
0
0
0
0
0
0
0
0.78386
0
0
0
0
-0.28477
0
0
0
0
0
0
0
0
0
0
-8.2807
0
0
0
0
0
0
0
0
0
0
0
0
0
0
8.2807
0
0
0
0
0
0
0
0
0
0
-9.1633
0
0
0
0
0
0
0
0
0
0
0
0
0
0
0
0
0
0
0
9.1633
0
0
0
0
0
0
0
0
0
0
0
0
0
0
0
0
0
0
0
0
0
0
0
0
0
0
-0.1045
0
0
0
0.1045
0
0
0
0
0
0
0
-9.1633
0
0
0
0
0
0
0
0
0
0
0
0
0
0
0
0
0
0
0
0
0
0
9.1633
0
0
0
0
0
0
0
0
0
0
0
0
0
0
0
0
0
0
0
0
0
0
0
0
0
-0.28477
0
0
0
0
0.28477
0
0
0
0
0
0
0
0
0
0
0
0
0
0
0
0
0
0
0
0
0
-7.2475
0
0
0
0
0
0
0
0
7.2475
0
0
0
0
0
0
0
0
0
0
0
0
0
0
0
0
0
0
0
0
-7.2475
0
0
0
0
0
0
0
0
0
7.2475
0
0
0
0
0
0
0
0
0
0
0
0
0
0
0
0
0
-10.5444
0
0
0
0
0
0
0
0
0
0
0
0
10.5444
0
0
0
0
0
0
0
0
0
0
0
0
0
0
0
0
-10.5444
0
0
0
0
0
0
0
0
0
0
0
0
0
10.5444
0
0
0
0
0
0
0
0
0
0
0
0
0
0
0
-10.5444
0
0
0
0
0
0
0
0
0
0
0
0
0
0
10.5444
