18.4931
-0.48492
-0.48584
-0.48584
-0.42984
-0.42984
-0.42984
-0.42148
-0.42109
-0.39414
-0.39414
-0.53644
-0.48424
0
-0.46308
-0.88056
0
-0.99752
0
0
0
0
0
0
0
-10.7543
0
0
0
0
-0.48492
6.4081
-0.50901
-0.50901
-0.44731
-0.44731
-0.44731
-0.44393
-0.43288
-0.4082
-0.4082
-0.56079
-0.50742
0
-0.5137
0
-0.28809
0
0
0
0
0
0
0
0
0
0
0
0
0
-0.48584
-0.50901
6.2313
-0.49764
-0.45348
-0.45348
-0.45348
-0.4597
-0.45061
-0.41333
-0.41333
-0.56291
-0.53433
0
-0.54417
0
0
0
0
0
0
0
0
0
0
0
0
0
0
0
-0.48584
-0.50901
-0.49764
6.2313
-0.45348
-0.45348
-0.45348
-0.4597
-0.45061
-0.41333
-0.41333
-0.56291
-0.53433
0
-0.54417
0
0
0
0
0
0
0
0
0
0
0
0
0
0
0
-0.42984
-0.44731
-0.45348
-0.45348
4.9516
-0.36312
-0.36312
-0.42639
-0.37353
-0.34736
-0.34736
-0.48176
-0.46485
0
0
0
0
0
0
0
0
0
0
0
0
0
0
0
0
0
-0.42984
-0.44731
-0.45348
-0.45348
-0.36312
4.9516
-0.36312
-0.42639
-0.37353
-0.34736
-0.34736
-0.48176
-0.46485
0
0
0
0
0
0
0
0
0
0
0
0
0
0
0
0
0
-0.42984
-0.44731
-0.45348
-0.45348
-0.36312
-0.36312
4.9516
-0.42639
-0.37353
-0.34736
-0.34736
-0.48176
-0.46485
0
0
0
0
0
0
0
0
0
0
0
0
0
0
0
0
0
-0.42148
-0.44393
-0.4597
-0.4597
-0.42639
-0.42639
-0.42639
6.9632
-0.306
-0.32397
-0.32397
0
0
-0.24092
0
0
0
0
0
0
0
0
0
-2.7043
0
0
0
0
0
0
-0.42109
-0.43288
-0.45061
-0.45061
-0.37353
-0.37353
-0.37353
-0.306
11.0503
-0.36746
-0.36746
0
0
0
0
0
0
0
0
0
0
0
0
0
0
0
0
-7.1336
0
0
-0.39414
-0.4082
-0.41333
-0.41333
-0.34736
-0.34736
-0.34736
-0.32397
-0.36746
3.6555
-0.29297
0
0
0
0
0
0
0
0
0
0
0
0
0
0
0
0
0
0
0
-0.39414
-0.4082
-0.41333
-0.41333
-0.34736
-0.34736
-0.34736
-0.32397
-0.36746
-0.29297
3.6555
0
0
0
0
0
0
0
0
0
0
0
0
0
0
0
0
0
0
0
-0.53644
-0.56079
-0.56291
-0.56291
-0.48176
-0.48176
-0.48176
0
0
0
0
7.9483
0
0
0
0
0
0
0
0
0
0
-4.28
0
0
0
0
0
0
0
-0.48424
-0.50742
-0.53433
-0.53433
-0.46485
-0.46485
-0.46485
0
0
0
0
0
8.5254
0
0
0
0
0
0
0
0
0
0
0
0
0
0
0
-5.0705
0
0
0
0
0
0
0
0
-0.24092
0
0
0
0
0
13.7145
0
0
0
0
-2.6677
-3.1422
0
0
0
-2.6897
0
0
-4.974
0
0
0
-0.46308
-0.5137
-0.54417
-0.54417
0
0
0
0
0
0
0
0
0
0
2.4596
0
0
0
0
0
0
0
0
0
0
0
0
0
0
-0.39452
-0.88056
0
0
0
0
0
0
0
0
0
0
0
0
0
0
4.1501
0
0
-2.0536
0
0
-1.2159
0
0
0
0
0
0
0
0
0
-0.28809
0
0
0
0
0
0
0
0
0
0
0
0
0
0
4.3287
0
0
0
-2.6175
0
0
0
-1.4231
0
0
0
0
0
-0.99752
0
0
0
0
0
0
0
0
0
0
0
0
0
0
0
0
5.0921
0
-1.7917
-2.3029
0
0
0
0
0
0
0
0
0
0
0
0
0
0
0
0
0
0
0
0
0
0
-2.6677
0
-2.0536
0
0
6.8635
0
0
0
-2.1422
0
0
0
0
0
0
0
0
0
0
0
0
0
0
0
0
0
0
0
0
-3.1422
0
0
0
-1.7917
0
4.9338
0
0
0
0
0
0
0
0
0
0
0
0
0
0
0
0
0
0
0
0
0
0
0
0
0
0
-2.6175
-2.3029
0
0
4.9204
0
0
0
0
0
0
0
0
0
0
0
0
0
0
0
0
0
0
0
0
0
0
0
0
-1.2159
0
0
0
0
0
4.5851
0
0
-3.3692
0
0
0
0
0
0
0
0
0
0
0
0
0
0
0
0
-4.28
0
0
0
0
0
0
-2.1422
0
0
0
6.4222
0
0
0
0
0
0
0
0
0
0
0
0
0
0
-2.7043
0
0
0
0
0
-2.6897
0
0
0
0
0
0
0
0
0
5.394
0
0
0
0
0
0
0
0
0
0
0
0
0
0
0
0
0
0
0
0
0
0
-1.4231
0
0
0
0
-3.3692
0
0
4.7923
0
0
0
0
0
-10.7543
0
0
0
0
0
0
0
0
0
0
0
0
0
0
0
0
0
0
0
0
0
0
0
0
10.7543
0
0
0
0
0
0
0
0
0
0
0
0
0
0
0
0
0
-4.974
0
0
0
0
0
0
0
0
0
0
0
0
4.974
0
0
0
0
0
0
0
0
0
0
0
-7.1336
0
0
0
0
0
0
0
0
0
0
0
0
0
0
0
0
0
0
7.1336
0
0
0
0
0
0
0
0
0
0
0
0
0
0
-5.0705
0
0
0
0
0
0
0
0
0
0
0
0
0
0
0
5.0705
0
0
0
0
0
0
0
0
0
0
0
0
0
0
0
-0.39452
0
0
0
0
0
0
0
0
0
0
0
0
0
0
0.39452
