13.8551
-0.55175
-0.54039
-0.57206
-0.47735
-0.47735
-0.47735
-0.48369
-0.54022
-0.60715
-0.54403
-0.50473
-0.46239
-0.46226
-0.48505
-1.9266
0
0
-4.7428
0
0
0
0
0
0
0
0
0
0
0
-0.55175
10.0292
-0.49478
-0.50997
-0.44033
-0.44033
-0.44033
-0.43678
-0.48706
-0.54596
-0.54268
-0.46759
-0.42537
-0.43071
-0.45417
0
0
0
0
-3.3614
0
0
0
0
0
0
0
0
0
0
-0.54039
-0.49478
6.6564
-0.49754
-0.43136
-0.43136
-0.43136
-0.42575
-0.46888
-0.53146
-0.53279
-0.45835
-0.41595
-0.42366
-0.44743
0
-0.12535
0
0
0
0
0
0
0
0
0
0
0
0
0
-0.57206
-0.50997
-0.49754
13.446
-0.4461
-0.4461
-0.4461
-0.43999
-0.47718
-0.54411
-0.56918
-0.4748
-0.40734
-0.4398
-0.4649
0
0
0
0
0
0
0
0
0
0
0
-6.7108
0
0
0
-0.47735
-0.44033
-0.43136
-0.4461
5.7912
-0.36609
-0.36609
-0.3745
-0.41202
-0.47066
-0.46913
-0.40446
-0.36676
-0.37299
-0.39333
0
0
0
0
0
0
0
0
0
0
0
0
0
0
0
-0.47735
-0.44033
-0.43136
-0.4461
-0.36609
5.7912
-0.36609
-0.3745
-0.41202
-0.47066
-0.46913
-0.40446
-0.36676
-0.37299
-0.39333
0
0
0
0
0
0
0
0
0
0
0
0
0
0
0
-0.47735
-0.44033
-0.43136
-0.4461
-0.36609
-0.36609
5.7912
-0.3745
-0.41202
-0.47066
-0.46913
-0.40446
-0.36676
-0.37299
-0.39333
0
0
0
0
0
0
0
0
0
0
0
0
0
0
0
-0.48369
-0.43678
-0.42575
-0.43999
-0.3745
-0.3745
-0.3745
10.2475
-0.36062
-0.43628
-0.45402
-0.39779
0
-0.35897
0
0
0
0
0
0
0
0
0
0
0
0
0
0
0
-5.3301
-0.54022
-0.48706
-0.46888
-0.47718
-0.41202
-0.41202
-0.41202
-0.36062
11.5563
-0.4359
0
-0.4255
0
0
0
0
0
-0.1045
0
0
0
-1.9887
0
-5.0317
0
0
0
0
0
0
-0.60715
-0.54596
-0.53146
-0.54411
-0.47066
-0.47066
-0.47066
-0.43628
-0.4359
7.5489
0
0
0
0
0
0
0
0
0
0
0
0
-3.0361
0
0
0
0
0
0
0
-0.54403
-0.54268
-0.53279
-0.56918
-0.46913
-0.46913
-0.46913
-0.45402
0
0
8.7589
0
0
0
0
0
0
0
0
0
-4.7089
0
0
0
0
0
0
0
0
0
-0.50473
-0.46759
-0.45835
-0.4748
-0.40446
-0.40446
-0.40446
-0.39779
-0.4255
0
0
3.9421
0
0
0
0
0
0
0
0
0
0
0
0
0
0
0
0
0
0
-0.46239
-0.42537
-0.41595
-0.40734
-0.36676
-0.36676
-0.36676
0
0
0
0
0
15.7424
0
0
0
0
0
0
0
0
0
0
0
-6.4655
-6.4655
0
0
0
0
-0.46226
-0.43071
-0.42366
-0.4398
-0.37299
-0.37299
-0.37299
-0.35897
0
0
0
0
0
3.2344
0
0
0
0
0
0
0
0
0
0
0
0
0
0
0
0
-0.48505
-0.45417
-0.44743
-0.4649
-0.39333
-0.39333
-0.39333
0
0
0
0
0
0
0
3.0315
0
0
0
0
0
0
0
0
0
0
0
0
0
0
0
-1.9266
0
0
0
0
0
0
0
0
0
0
0
0
0
0
10.4835
0
-2.5238
-2.8543
0
-3.1789
0
0
0
0
0
0
0
0
0
0
0
-0.12535
0
0
0
0
0
0
0
0
0
0
0
0
0
6.6231
0
0
-2.7199
0
-2.1232
0
0
0
0
0
0
-1.6546
0
0
0
0
0
0
0
0
0
-0.1045
0
0
0
0
0
0
-2.5238
0
3.8635
0
0
0
0
0
0
0
0
0
-1.2352
0
0
-4.7428
0
0
0
0
0
0
0
0
0
0
0
0
0
0
-2.8543
0
0
7.5971
0
0
0
0
0
0
0
0
0
0
0
0
-3.3614
0
0
0
0
0
0
0
0
0
0
0
0
0
0
-2.7199
0
0
6.0813
0
0
0
0
0
0
0
0
0
0
0
0
0
0
0
0
0
0
0
0
-4.7089
0
0
0
0
-3.1789
0
0
0
0
7.8878
0
0
0
0
0
0
0
0
0
0
0
0
0
0
0
0
0
-1.9887
0
0
0
0
0
0
0
-2.1232
0
0
0
0
4.1119
0
0
0
0
0
0
0
0
0
0
0
0
0
0
0
0
0
-3.0361
0
0
0
0
0
0
0
0
0
0
0
0
3.0361
0
0
0
0
0
0
0
0
0
0
0
0
0
0
0
-5.0317
0
0
0
0
0
0
0
0
0
0
0
0
0
0
5.0317
0
0
0
0
0
0
0
0
0
0
0
0
0
0
0
0
0
0
-6.4655
0
0
0
0
0
0
0
0
0
0
0
6.4655
0
0
0
0
0
0
0
0
0
0
0
0
0
0
0
0
0
-6.4655
0
0
0
0
0
0
0
0
0
0
0
0
6.4655
0
0
0
0
0
0
0
-6.7108
0
0
0
0
0
0
0
0
0
0
0
0
0
0
0
0
0
0
0
0
0
0
6.7108
0
0
0
0
0
0
0
0
0
0
0
0
0
0
0
0
0
0
0
0
-1.2352
0
0
0
0
0
0
0
0
0
1.2352
0
0
0
0
0
0
0
0
0
0
0
0
0
0
0
0
0
0
-1.6546
0
0
0
0
0
0
0
0
0
0
0
1.6546
0
0
0
0
0
0
0
0
-5.3301
0
0
0
0
0
0
0
0
0
0
0
0
0
0
0
0
0
0
0
0
0
5.3301
