27.7048
-0.82377
-0.7986
-0.80498
-0.80498
-0.7986
-0.71602
-0.71548
-0.71602
-0.6867
-0.68351
-0.72956
-0.74024
-0.79726
-0.79726
-0.79726
-0.69246
-0.70887
-0.76075
-0.76382
0
0
-4.9348
0
0
0
0
-8.4338
0
0
-0.82377
22.4031
-0.84536
-0.83874
-0.83874
-0.84536
-0.74534
-0.75758
-0.74534
-0.71509
-0.71002
-0.75548
-0.78803
-0.83019
-0.83019
-0.83019
-0.72114
-0.7388
-0.7916
-0.78777
0
0
0
-7.4644
0
0
0
0
0
0
-0.7986
-0.84536
20.6816
-0.82747
-0.82747
-0.83011
-0.71802
-0.72991
-0.71802
-0.68935
-0.68532
-0.72819
-0.75659
-0.8007
-0.8007
-0.8007
-0.69569
-0.71272
-0.76386
0
0
0
0
0
0
0
-6.9528
0
0
0
-0.80498
-0.83874
-0.82747
14.2898
-0.7827
-0.82747
-0.70607
-0.73083
-0.70607
-0.67832
-0.67973
-0.72149
-0.76945
-0.78625
-0.78625
-0.78625
-0.68279
-0.69876
-0.74614
-0.73001
0
0
0
0
0
0
0
0
0
0
-0.80498
-0.83874
-0.82747
-0.7827
14.2898
-0.82747
-0.70607
-0.73083
-0.70607
-0.67832
-0.67973
-0.72149
-0.76945
-0.78625
-0.78625
-0.78625
-0.68279
-0.69876
-0.74614
-0.73001
0
0
0
0
0
0
0
0
0
0
-0.7986
-0.84536
-0.83011
-0.82747
-0.82747
20.6816
-0.71802
-0.72991
-0.71802
-0.68935
-0.68532
-0.72819
-0.75659
-0.8007
-0.8007
-0.8007
-0.69569
-0.71272
-0.76386
0
0
0
0
0
0
-6.9528
0
0
0
0
-0.71602
-0.74534
-0.71802
-0.70607
-0.70607
-0.71802
12.0439
-0.64753
-0.61881
-0.5994
-0.59827
-0.63481
-0.6757
-0.69395
-0.69395
-0.69395
-0.60269
-0.61651
-0.65879
0
0
0
0
0
0
0
0
0
0
0
-0.71548
-0.75758
-0.72991
-0.73083
-0.73083
-0.72991
-0.64753
17.8239
-0.64753
-0.60787
-0.59976
-0.63705
-0.66204
-0.70465
-0.70465
-0.70465
-0.61223
-0.62687
0
0
0
0
0
0
0
0
0
0
0
-6.2745
-0.71602
-0.74534
-0.71802
-0.70607
-0.70607
-0.71802
-0.61881
-0.64753
12.0439
-0.5994
-0.59827
-0.63481
-0.6757
-0.69395
-0.69395
-0.69395
-0.60269
-0.61651
-0.65879
0
0
0
0
0
0
0
0
0
0
0
-0.6867
-0.71509
-0.68935
-0.67832
-0.67832
-0.68935
-0.5994
-0.60787
-0.5994
10.8937
-0.57516
-0.5992
-0.63933
-0.65939
-0.65939
-0.65939
-0.57194
-0.58602
0
0
0
0
0
0
0
0
0
0
0
0
-0.68351
-0.71002
-0.68532
-0.67973
-0.67973
-0.68532
-0.59827
-0.59976
-0.59827
-0.57516
10.478
-0.593
-0.61985
-0.65019
-0.65019
-0.65019
-0.56391
0
0
0
-0.25555
0
0
0
0
0
0
0
0
0
-0.72956
-0.75548
-0.72819
-0.72149
-0.72149
-0.72819
-0.63481
-0.63705
-0.63481
-0.5992
-0.593
9.9258
0
-0.71878
-0.71878
-0.71878
0
0
0
0
-0.28621
0
0
0
0
0
0
0
0
0
-0.74024
-0.78803
-0.75659
-0.76945
-0.76945
-0.75659
-0.6757
-0.66204
-0.6757
-0.63933
-0.61985
0
9.1793
0
0
0
0
0
0
0
0
0
0
0
-1.3264
0
0
0
0
0
-0.79726
-0.83019
-0.8007
-0.78625
-0.78625
-0.8007
-0.69395
-0.70465
-0.69395
-0.65939
-0.65019
-0.71878
0
8.9223
0
0
0
0
0
0
0
0
0
0
0
0
0
0
0
0
-0.79726
-0.83019
-0.8007
-0.78625
-0.78625
-0.8007
-0.69395
-0.70465
-0.69395
-0.65939
-0.65019
-0.71878
0
0
8.9223
0
0
0
0
0
0
0
0
0
0
0
0
0
0
0
-0.79726
-0.83019
-0.8007
-0.78625
-0.78625
-0.8007
-0.69395
-0.70465
-0.69395
-0.65939
-0.65019
-0.71878
0
0
0
8.9223
0
0
0
0
0
0
0
0
0
0
0
0
0
0
-0.69246
-0.72114
-0.69569
-0.68279
-0.68279
-0.69569
-0.60269
-0.61223
-0.60269
-0.57194
-0.56391
0
0
0
0
0
7.124
0
0
0
0
0
0
0
0
0
0
0
0
0
-0.70887
-0.7388
-0.71272
-0.69876
-0.69876
-0.71272
-0.61651
-0.62687
-0.61651
-0.58602
0
0
0
0
0
0
0
6.7165
0
0
0
0
0
0
0
0
0
0
0
0
-0.76075
-0.7916
-0.76386
-0.74614
-0.74614
-0.76386
-0.65879
0
-0.65879
0
0
0
0
0
0
0
0
0
5.8899
0
0
0
0
0
0
0
0
0
0
0
-0.76382
-0.78777
0
-0.73001
-0.73001
0
0
0
0
0
0
0
0
0
0
0
0
0
0
3.0116
0
0
0
0
0
0
0
0
0
0
0
0
0
0
0
0
0
0
0
0
-0.25555
-0.28621
0
0
0
0
0
0
0
0
9.8393
-5.9689
0
0
0
0
0
0
-3.3286
0
0
0
0
0
0
0
0
0
0
0
0
0
0
0
0
0
0
0
0
0
-5.9689
7.2566
-1.2877
0
0
0
0
0
0
0
-4.9348
0
0
0
0
0
0
0
0
0
0
0
0
0
0
0
0
0
0
0
0
-1.2877
6.2225
0
0
0
0
0
0
0
0
-7.4644
0
0
0
0
0
0
0
0
0
0
0
0
0
0
0
0
0
0
0
0
0
7.4644
0
0
0
0
0
0
0
0
0
0
0
0
0
0
0
0
0
0
-1.3264
0
0
0
0
0
0
0
0
0
0
0
1.3264
0
0
0
0
0
0
0
0
0
0
-6.9528
0
0
0
0
0
0
0
0
0
0
0
0
0
0
0
0
0
0
0
6.9528
0
0
0
0
0
0
-6.9528
0
0
0
0
0
0
0
0
0
0
0
0
0
0
0
0
0
0
0
0
0
0
0
6.9528
0
0
0
-8.4338
0
0
0
0
0
0
0
0
0
0
0
0
0
0
0
0
0
0
0
0
0
0
0
0
0
0
8.4338
0
0
0
0
0
0
0
0
0
0
0
0
0
0
0
0
0
0
0
0
0
0
-3.3286
0
0
0
0
0
0
0
3.3286
0
0
0
0
0
0
0
0
-6.2745
0
0
0
0
0
0
0
0
0
0
0
0
0
0
0
0
0
0
0
0
0
6.2745
