23.815
-0.68647
-0.66968
-0.70086
-0.70086
-0.66948
-0.68212
-0.6695
-0.71939
-0.68553
-0.68553
-0.68553
-0.65625
-0.85247
-0.85247
-0.85699
-0.57086
-0.73984
-0.54162
0
-1.2116
0
-0.54162
0
0
0
-9.4364
0
0
0
-0.68647
22.2077
-0.6505
-0.67916
-0.67916
-0.64967
-0.6639
-0.6552
-0.70046
-0.66483
-0.66483
-0.66483
-0.63485
-0.82437
-0.82437
-0.83317
-0.54987
-0.71056
-0.53879
0
0
0
-0.53879
-9.3939
0
0
0
0
0
0
-0.66968
-0.6505
12.3245
-0.65184
-0.65184
-0.62295
-0.65453
-0.67272
-0.67926
-0.64077
-0.64077
-0.64077
-0.60782
-0.78513
-0.78513
-0.78322
-0.51968
-0.66939
-0.49923
0
0
0
-0.49923
0
0
0
0
0
0
0
-0.70086
-0.67916
-0.65184
11.8282
-0.66592
-0.65558
-0.68316
-0.70885
-0.71194
-0.67166
-0.67166
-0.67166
-0.6365
-0.82438
-0.82438
-0.82511
-0.54428
-0.70129
0
0
0
0
0
0
0
0
0
0
0
0
-0.70086
-0.67916
-0.65184
-0.66592
11.8282
-0.65558
-0.68316
-0.70885
-0.71194
-0.67166
-0.67166
-0.67166
-0.6365
-0.82438
-0.82438
-0.82511
-0.54428
-0.70129
0
0
0
0
0
0
0
0
0
0
0
0
-0.66948
-0.64967
-0.62295
-0.65558
-0.65558
10.6143
-0.64336
-0.65956
-0.676
-0.63626
-0.63626
-0.63626
-0.60029
-0.7814
-0.7814
0
-0.52305
0
0
-0.78715
0
0
0
0
0
0
0
0
0
0
-0.68212
-0.6639
-0.65453
-0.68316
-0.68316
-0.64336
16.7364
-0.63021
-0.68757
-0.66269
-0.66269
-0.66269
-0.62682
-0.83077
-0.83077
0
0
0
0
0
0
0
0
0
0
0
0
0
0
-7.1319
-0.6695
-0.6552
-0.67272
-0.70885
-0.70885
-0.65956
-0.63021
23.5282
-0.68611
-0.68271
-0.68271
-0.68271
0
0
0
0
0
0
0
0
-1.1129
0
0
0
-7.4881
0
0
0
-7.4881
0
-0.71939
-0.70046
-0.67926
-0.71194
-0.71194
-0.676
-0.68757
-0.68611
8.5623
-0.69915
-0.69915
-0.69915
-0.63201
0
0
0
0
0
0
0
0
-0.26015
0
0
0
0
0
0
0
0
-0.68553
-0.66483
-0.64077
-0.67166
-0.67166
-0.63626
-0.66269
-0.68271
-0.69915
7.8056
-0.60646
-0.60646
-0.57739
0
0
0
0
0
0
0
0
0
0
0
0
0
0
0
0
0
-0.68553
-0.66483
-0.64077
-0.67166
-0.67166
-0.63626
-0.66269
-0.68271
-0.69915
-0.60646
7.8056
-0.60646
-0.57739
0
0
0
0
0
0
0
0
0
0
0
0
0
0
0
0
0
-0.68553
-0.66483
-0.64077
-0.67166
-0.67166
-0.63626
-0.66269
-0.68271
-0.69915
-0.60646
-0.60646
7.8056
-0.57739
0
0
0
0
0
0
0
0
0
0
0
0
0
0
0
0
0
-0.65625
-0.63485
-0.60782
-0.6365
-0.6365
-0.60029
-0.62682
0
-0.63201
-0.57739
-0.57739
-0.57739
6.7632
0
0
0
0
0
0
0
0
0
0
0
0
0
0
0
0
0
-0.85247
-0.82437
-0.78513
-0.82438
-0.82438
-0.7814
-0.83077
0
0
0
0
0
0
5.7229
0
0
0
0
0
0
0
0
0
0
0
0
0
0
0
0
-0.85247
-0.82437
-0.78513
-0.82438
-0.82438
-0.7814
-0.83077
0
0
0
0
0
0
0
5.7229
0
0
0
0
0
0
0
0
0
0
0
0
0
0
0
-0.85699
-0.83317
-0.78322
-0.82511
-0.82511
0
0
0
0
0
0
0
0
0
0
4.9801
0
0
0
-0.8565
0
0
0
0
0
0
0
0
0
0
-0.57086
-0.54987
-0.51968
-0.54428
-0.54428
-0.52305
0
0
0
0
0
0
0
0
0
0
3.252
0
0
0
0
0
0
0
0
0
0
0
0
0
-0.73984
-0.71056
-0.66939
-0.70129
-0.70129
0
0
0
0
0
0
0
0
0
0
0
0
3.5224
0
0
0
0
0
0
0
0
0
0
0
0
-0.54162
-0.53879
-0.49923
0
0
0
0
0
0
0
0
0
0
0
0
0
0
0
1.5796
0
0
0
0
0
0
0
0
0
0
0
0
0
0
0
0
-0.78715
0
0
0
0
0
0
0
0
0
-0.8565
0
0
0
3.3454
0
-1.7017
0
0
0
0
0
0
0
0
-1.2116
0
0
0
0
0
0
-1.1129
0
0
0
0
0
0
0
0
0
0
0
0
4.3354
0
0
0
0
-2.0109
0
0
0
0
0
0
0
0
0
0
0
0
-0.26015
0
0
0
0
0
0
0
0
0
0
-1.7017
0
2.6738
0
0
0
0
0
-0.71192
0
0
-0.54162
-0.53879
-0.49923
0
0
0
0
0
0
0
0
0
0
0
0
0
0
0
0
0
0
0
1.5796
0
0
0
0
0
0
0
0
-9.3939
0
0
0
0
0
0
0
0
0
0
0
0
0
0
0
0
0
0
0
0
0
9.3939
0
0
0
0
0
0
0
0
0
0
0
0
0
-7.4881
0
0
0
0
0
0
0
0
0
0
0
0
0
0
0
0
7.4881
0
0
0
0
0
0
0
0
0
0
0
0
0
0
0
0
0
0
0
0
0
0
0
0
0
-2.0109
0
0
0
0
2.0109
0
0
0
0
-9.4364
0
0
0
0
0
0
0
0
0
0
0
0
0
0
0
0
0
0
0
0
0
0
0
0
0
9.4364
0
0
0
0
0
0
0
0
0
0
0
0
0
0
0
0
0
0
0
0
0
0
0
0
-0.71192
0
0
0
0
0
0.71192
0
0
0
0
0
0
0
0
0
-7.4881
0
0
0
0
0
0
0
0
0
0
0
0
0
0
0
0
0
0
0
0
7.4881
0
0
0
0
0
0
0
-7.1319
0
0
0
0
0
0
0
0
0
0
0
0
0
0
0
0
0
0
0
0
0
0
7.1319
