20.0711
-0.67048
-0.66014
-0.68703
-0.67959
-0.62356
-0.62356
-0.65981
-0.63902
-0.66324
-0.64893
-0.69993
-0.69941
-0.61651
-0.66142
-0.66142
-0.54685
-0.42863
0
-1.4845
0
0
0
0
0
-7.7171
0
0
0
0
-0.67048
20.0711
-0.66014
-0.68703
-0.67959
-0.62356
-0.62356
-0.65981
-0.63902
-0.66324
-0.64893
-0.69993
-0.69941
-0.61651
-0.66142
-0.66142
-0.54685
-0.42863
0
-1.4845
0
0
0
0
0
0
-7.7171
0
0
0
-0.66014
-0.66014
14.7148
-0.67754
-0.67065
-0.61624
-0.61624
-0.65248
-0.63198
-0.65547
-0.63888
-0.69059
-0.7248
-0.60985
-0.64978
-0.64978
-0.55352
-0.41825
0
-1.4415
-2.497
0
0
0
0
0
0
0
0
0
-0.68703
-0.68703
-0.67754
17.1845
-0.71981
-0.65004
-0.65004
-0.69175
-0.66927
-0.69708
-0.6802
-0.73711
-0.73687
-0.64789
-0.6942
-0.6942
0
0
0
0
0
0
0
0
0
0
0
0
-6.8644
0
-0.67959
-0.67959
-0.67065
-0.71981
10.5631
-0.6337
-0.6337
-0.6746
-0.65181
-0.68542
-0.66041
-0.72946
-0.72477
-0.64434
-0.67105
-0.67105
0
-0.43313
0
0
0
0
0
0
0
0
0
0
0
0
-0.62356
-0.62356
-0.61624
-0.65004
-0.6337
9.3041
-0.57302
-0.61888
-0.59752
-0.62437
-0.60485
-0.6617
-0.65873
-0.58725
-0.61535
-0.61535
0
0
0
0
0
0
0
0
0
0
0
0
0
0
-0.62356
-0.62356
-0.61624
-0.65004
-0.6337
-0.57302
9.3041
-0.61888
-0.59752
-0.62437
-0.60485
-0.6617
-0.65873
-0.58725
-0.61535
-0.61535
0
0
0
0
0
0
0
0
0
0
0
0
0
0
-0.65981
-0.65981
-0.65248
-0.69175
-0.6746
-0.61888
-0.61888
8.5333
-0.62648
-0.66349
-0.63838
-0.70338
-0.70208
-0.62324
0
0
0
0
0
0
0
0
0
0
0
0
0
0
0
0
-0.63902
-0.63902
-0.63198
-0.66927
-0.65181
-0.59752
-0.59752
-0.62648
7.6522
-0.63458
-0.61735
-0.6755
-0.67211
0
0
0
0
0
0
0
0
0
0
0
0
0
0
0
0
0
-0.66324
-0.66324
-0.65547
-0.69708
-0.68542
-0.62437
-0.62437
-0.66349
-0.63458
9.0572
-0.6601
0
0
0
0
0
0
0
0
0
0
0
0
-2.4859
0
0
0
0
0
0
-0.64893
-0.64893
-0.63888
-0.6802
-0.66041
-0.60485
-0.60485
-0.63838
-0.61735
-0.6601
6.4029
0
0
0
0
0
0
0
0
0
0
0
0
0
0
0
0
0
0
0
-0.69993
-0.69993
-0.69059
-0.73711
-0.72946
-0.6617
-0.6617
-0.70338
-0.6755
0
0
9.9664
0
0
0
0
0
0
0
0
0
0
0
0
0
0
0
-3.7071
0
0
-0.69941
-0.69941
-0.7248
-0.73687
-0.72477
-0.65873
-0.65873
-0.70208
-0.67211
0
0
0
8.3175
0
0
0
0
0
0
0
0
0
-2.0406
0
0
0
0
0
0
0
-0.61651
-0.61651
-0.60985
-0.64789
-0.64434
-0.58725
-0.58725
-0.62324
0
0
0
0
0
7.579
0
0
0
0
0
0
0
0
0
0
0
0
0
0
0
-2.6462
-0.66142
-0.66142
-0.64978
-0.6942
-0.67105
-0.61535
-0.61535
0
0
0
0
0
0
0
4.5686
0
0
0
0
0
0
0
0
0
0
0
0
0
0
0
-0.66142
-0.66142
-0.64978
-0.6942
-0.67105
-0.61535
-0.61535
0
0
0
0
0
0
0
0
4.5686
0
0
0
0
0
0
0
0
0
0
0
0
0
0
-0.54685
-0.54685
-0.55352
0
0
0
0
0
0
0
0
0
0
0
0
0
1.7517
0
0
0
0
0
0
0
-0.1045
0
0
0
0
0
-0.42863
-0.42863
-0.41825
0
-0.43313
0
0
0
0
0
0
0
0
0
0
0
0
1.7086
0
0
0
0
0
0
0
0
0
0
0
0
0
0
0
0
0
0
0
0
0
0
0
0
0
0
0
0
0
0
11.3543
0
-2.4535
-6.2731
0
-2.6277
0
0
0
0
0
0
-1.4845
-1.4845
-1.4415
0
0
0
0
0
0
0
0
0
0
0
0
0
0
0
0
4.4104
0
0
0
0
0
0
0
0
0
0
0
0
-2.497
0
0
0
0
0
0
0
0
0
0
0
0
0
0
0
-2.4535
0
4.9505
0
0
0
0
0
0
0
0
0
0
0
0
0
0
0
0
0
0
0
0
0
0
0
0
0
0
0
-6.2731
0
0
7.1643
-0.89122
0
0
0
0
0
0
0
0
0
0
0
0
0
0
0
0
0
0
0
-2.0406
0
0
0
0
0
0
0
0
-0.89122
2.9318
0
0
0
0
0
0
0
0
0
0
0
0
0
0
0
0
-2.4859
0
0
0
0
0
0
0
0
-2.6277
0
0
0
0
5.1136
0
0
0
0
0
0
0
0
0
0
0
0
0
0
0
0
0
0
0
0
0
0
-0.1045
0
0
0
0
0
0
0
0.1045
0
0
0
0
0
-7.7171
0
0
0
0
0
0
0
0
0
0
0
0
0
0
0
0
0
0
0
0
0
0
0
0
7.7171
0
0
0
0
0
-7.7171
0
0
0
0
0
0
0
0
0
0
0
0
0
0
0
0
0
0
0
0
0
0
0
0
7.7171
0
0
0
0
0
0
0
0
0
0
0
0
0
0
-3.7071
0
0
0
0
0
0
0
0
0
0
0
0
0
0
0
3.7071
0
0
0
0
0
-6.8644
0
0
0
0
0
0
0
0
0
0
0
0
0
0
0
0
0
0
0
0
0
0
0
0
6.8644
0
0
0
0
0
0
0
0
0
0
0
0
0
0
-2.6462
0
0
0
0
0
0
0
0
0
0
0
0
0
0
0
2.6462
