42.6924
-0.70681
-0.73975
-0.76328
-0.7376
-0.7376
-0.7376
-0.7376
-0.7376
-0.68914
-0.73914
-0.73914
-0.73914
-0.72762
-0.74565
-0.7403
-0.7403
-0.74714
-0.74714
-0.66651
0
-9.5911
0
-9.5911
0
0
0
0
0
-9.5911
-0.70681
29.9156
-0.75213
-0.76734
-0.73142
-0.73142
-0.73142
-0.73142
-0.73142
-0.68213
-0.73154
-0.73154
-0.73154
-0.72208
-0.73788
-0.7325
-0.7325
-0.73918
-0.73918
-0.68409
0
0
-8.034
0
-8.034
0
0
0
0
0
-0.73975
-0.75213
20.145
-0.77827
-0.7337
-0.7337
-0.7337
-0.7337
-0.7337
-0.68342
-0.73255
-0.73255
-0.73255
-0.73349
-0.73966
-0.73287
-0.73287
-0.73924
-0.73924
-0.70642
-0.23267
0
0
0
0
0
0
-5.9689
0
0
-0.76328
-0.76734
-0.77827
20.0006
-0.75841
-0.75841
-0.75841
-0.75841
-0.75841
-0.70539
-0.7577
-0.7577
-0.7577
-0.75205
-0.76433
-0.75855
-0.75855
-0.76545
-0.76545
-0.73575
0
0
0
0
0
-5.621
0
0
0
0
-0.7376
-0.73142
-0.7337
-0.75841
13.4262
-0.69642
-0.69642
-0.69642
-0.69642
-0.65378
-0.70121
-0.70121
-0.70121
-0.69889
-0.70694
-0.70151
-0.70151
-0.70762
-0.70762
-0.69784
0
0
0
0
0
0
0
0
0
0
-0.7376
-0.73142
-0.7337
-0.75841
-0.69642
13.4262
-0.69642
-0.69642
-0.69642
-0.65378
-0.70121
-0.70121
-0.70121
-0.69889
-0.70694
-0.70151
-0.70151
-0.70762
-0.70762
-0.69784
0
0
0
0
0
0
0
0
0
0
-0.7376
-0.73142
-0.7337
-0.75841
-0.69642
-0.69642
13.4262
-0.69642
-0.69642
-0.65378
-0.70121
-0.70121
-0.70121
-0.69889
-0.70694
-0.70151
-0.70151
-0.70762
-0.70762
-0.69784
0
0
0
0
0
0
0
0
0
0
-0.7376
-0.73142
-0.7337
-0.75841
-0.69642
-0.69642
-0.69642
13.4262
-0.69642
-0.65378
-0.70121
-0.70121
-0.70121
-0.69889
-0.70694
-0.70151
-0.70151
-0.70762
-0.70762
-0.69784
0
0
0
0
0
0
0
0
0
0
-0.7376
-0.73142
-0.7337
-0.75841
-0.69642
-0.69642
-0.69642
-0.69642
13.4262
-0.65378
-0.70121
-0.70121
-0.70121
-0.69889
-0.70694
-0.70151
-0.70151
-0.70762
-0.70762
-0.69784
0
0
0
0
0
0
0
0
0
0
-0.68914
-0.68213
-0.68342
-0.70539
-0.65378
-0.65378
-0.65378
-0.65378
-0.65378
11.81
-0.64148
-0.64148
-0.64148
-0.6351
-0.64527
-0.64008
-0.64008
-0.64804
-0.64804
0
0
0
0
0
0
0
0
0
0
0
-0.73914
-0.73154
-0.73255
-0.7577
-0.70121
-0.70121
-0.70121
-0.70121
-0.70121
-0.64148
11.2742
-0.67821
-0.67821
-0.70434
-0.70304
-0.70096
-0.70096
0
0
0
0
0
0
0
0
0
0
0
0
0
-0.73914
-0.73154
-0.73255
-0.7577
-0.70121
-0.70121
-0.70121
-0.70121
-0.70121
-0.64148
-0.67821
11.2742
-0.67821
-0.70434
-0.70304
-0.70096
-0.70096
0
0
0
0
0
0
0
0
0
0
0
0
0
-0.73914
-0.73154
-0.73255
-0.7577
-0.70121
-0.70121
-0.70121
-0.70121
-0.70121
-0.64148
-0.67821
-0.67821
11.2742
-0.70434
-0.70304
-0.70096
-0.70096
0
0
0
0
0
0
0
0
0
0
0
0
0
-0.72762
-0.72208
-0.73349
-0.75205
-0.69889
-0.69889
-0.69889
-0.69889
-0.69889
-0.6351
-0.70434
-0.70434
-0.70434
10.0839
-0.66274
0
0
0
0
0
-0.24337
0
0
0
0
0
0
0
0
0
-0.74565
-0.73788
-0.73966
-0.76433
-0.70694
-0.70694
-0.70694
-0.70694
-0.70694
-0.64527
-0.70304
-0.70304
-0.70304
-0.66274
9.9394
0
0
0
0
0
0
0
0
0
0
0
0
0
0
0
-0.7403
-0.7325
-0.73287
-0.75855
-0.70151
-0.70151
-0.70151
-0.70151
-0.70151
-0.64008
-0.70096
-0.70096
-0.70096
0
0
9.2147
0
0
0
0
0
0
0
0
0
0
0
0
0
0
-0.7403
-0.7325
-0.73287
-0.75855
-0.70151
-0.70151
-0.70151
-0.70151
-0.70151
-0.64008
-0.70096
-0.70096
-0.70096
0
0
0
9.2147
0
0
0
0
0
0
0
0
0
0
0
0
0
-0.74714
-0.73918
-0.73924
-0.76545
-0.70762
-0.70762
-0.70762
-0.70762
-0.70762
-0.64804
0
0
0
0
0
0
0
7.1771
0
0
0
0
0
0
0
0
0
0
0
0
-0.74714
-0.73918
-0.73924
-0.76545
-0.70762
-0.70762
-0.70762
-0.70762
-0.70762
-0.64804
0
0
0
0
0
0
0
0
7.1771
0
0
0
0
0
0
0
0
0
0
0
-0.66651
-0.68409
-0.70642
-0.73575
-0.69784
-0.69784
-0.69784
-0.69784
-0.69784
0
0
0
0
0
0
0
0
0
0
6.4208
0
0
0
0
0
0
-0.13881
0
0
0
0
0
-0.23267
0
0
0
0
0
0
0
0
0
0
-0.24337
0
0
0
0
0
0
0.58054
0
0
0
0
0
0
0
-0.1045
0
-9.5911
0
0
0
0
0
0
0
0
0
0
0
0
0
0
0
0
0
0
0
0
9.5911
0
0
0
0
0
0
0
0
0
-8.034
0
0
0
0
0
0
0
0
0
0
0
0
0
0
0
0
0
0
0
0
8.034
0
0
0
0
0
0
0
-9.5911
0
0
0
0
0
0
0
0
0
0
0
0
0
0
0
0
0
0
0
0
0
0
9.5911
0
0
0
0
0
0
0
-8.034
0
0
0
0
0
0
0
0
0
0
0
0
0
0
0
0
0
0
0
0
0
0
8.034
0
0
0
0
0
0
0
0
-5.621
0
0
0
0
0
0
0
0
0
0
0
0
0
0
0
0
0
0
0
0
0
5.621
0
0
0
0
0
0
0
0
0
0
0
0
0
0
0
0
0
0
0
0
0
0
0
-0.13881
0
0
0
0
0
0
0.13881
0
0
0
0
0
-5.9689
0
0
0
0
0
0
0
0
0
0
0
0
0
0
0
0
0
0
0
0
0
0
0
0
5.9689
0
0
0
0
0
0
0
0
0
0
0
0
0
0
0
0
0
0
0
0
0
0
-0.1045
0
0
0
0
0
0
0
0.1045
0
-9.5911
0
0
0
0
0
0
0
0
0
0
0
0
0
0
0
0
0
0
0
0
0
0
0
0
0
0
0
0
9.5911
