18.0949
-1.0851
-0.98608
-0.95227
-0.98608
-0.95227
-0.98608
-0.95227
-0.9617
-0.75485
-0.75485
-0.75485
-0.86917
-0.95386
-0.95386
-0.91804
-0.91804
-0.87882
-0.83879
-1.067
0
0
0
-0.57095
0
0
0
0
0
0
-1.0851
17.9136
-0.98895
-0.95038
-0.98895
-0.95038
-0.98895
-0.95038
-0.95655
-0.75521
-0.75521
-0.75521
-0.87099
-0.96135
-0.96135
-0.91938
-0.91938
-0.8557
-0.83993
-1.063
-0.39726
0
0
0
0
0
0
0
0
0
-0.98608
-0.98895
23.8771
-0.87399
-0.885
-0.87399
-0.885
-0.87399
-0.86613
-0.66004
-0.66004
-0.66004
-0.76115
-0.82371
-0.82371
-0.80196
-0.80196
-0.7406
-0.73407
0
0
0
0
0
0
0
0
0
0
-9.1766
-0.95227
-0.95038
-0.87399
15.2335
-0.87399
-0.79159
-0.87399
-0.79159
-0.8532
-0.64708
-0.64708
-0.64708
-0.7466
-0.82269
-0.82269
-0.78569
-0.78569
-0.73663
-0.71907
-0.9122
0
0
0
0
0
0
0
0
0
0
-0.98608
-0.98895
-0.885
-0.87399
23.8771
-0.87399
-0.885
-0.87399
-0.86613
-0.66004
-0.66004
-0.66004
-0.76115
-0.82371
-0.82371
-0.80196
-0.80196
-0.7406
-0.73407
0
0
0
0
0
0
-9.1766
0
0
0
0
-0.95227
-0.95038
-0.87399
-0.79159
-0.87399
15.2335
-0.87399
-0.79159
-0.8532
-0.64708
-0.64708
-0.64708
-0.7466
-0.82269
-0.82269
-0.78569
-0.78569
-0.73663
-0.71907
-0.9122
0
0
0
0
0
0
0
0
0
0
-0.98608
-0.98895
-0.885
-0.87399
-0.885
-0.87399
23.8771
-0.87399
-0.86613
-0.66004
-0.66004
-0.66004
-0.76115
-0.82371
-0.82371
-0.80196
-0.80196
-0.7406
-0.73407
0
0
0
0
0
0
0
0
-9.1766
0
0
-0.95227
-0.95038
-0.87399
-0.79159
-0.87399
-0.79159
-0.87399
15.2335
-0.8532
-0.64708
-0.64708
-0.64708
-0.7466
-0.82269
-0.82269
-0.78569
-0.78569
-0.73663
-0.71907
-0.9122
0
0
0
0
0
0
0
0
0
0
-0.9617
-0.95655
-0.86613
-0.8532
-0.86613
-0.8532
-0.86613
-0.8532
14.7208
-0.64462
-0.64462
-0.64462
-0.74304
-0.81112
-0.81112
-0.78183
-0.78183
-0.72524
-0.7157
0
-0.3408
0
0
0
0
0
0
0
0
0
-0.75485
-0.75521
-0.66004
-0.64708
-0.66004
-0.64708
-0.66004
-0.64708
-0.64462
11.3192
-0.50563
-0.50563
-0.58704
-0.63883
-0.63883
-0.61481
-0.61481
-0.57428
-0.56332
0
0
0
0
0
0
0
0
0
0
0
-0.75485
-0.75521
-0.66004
-0.64708
-0.66004
-0.64708
-0.66004
-0.64708
-0.64462
-0.50563
11.3192
-0.50563
-0.58704
-0.63883
-0.63883
-0.61481
-0.61481
-0.57428
-0.56332
0
0
0
0
0
0
0
0
0
0
0
-0.75485
-0.75521
-0.66004
-0.64708
-0.66004
-0.64708
-0.66004
-0.64708
-0.64462
-0.50563
-0.50563
11.3192
-0.58704
-0.63883
-0.63883
-0.61481
-0.61481
-0.57428
-0.56332
0
0
0
0
0
0
0
0
0
0
0
-0.86917
-0.87099
-0.76115
-0.7466
-0.76115
-0.7466
-0.76115
-0.7466
-0.74304
-0.58704
-0.58704
-0.58704
11.7313
-0.75363
-0.75363
-0.72822
-0.72822
0
0
0
0
0
0
0
0
0
0
0
0
0
-0.95386
-0.96135
-0.82371
-0.82269
-0.82371
-0.82269
-0.82371
-0.82269
-0.81112
-0.63883
-0.63883
-0.63883
-0.75363
17.2776
0
0
0
0
0
0
0
0
0
0
-6.942
0
0
0
0
0
-0.95386
-0.96135
-0.82371
-0.82269
-0.82371
-0.82269
-0.82371
-0.82269
-0.81112
-0.63883
-0.63883
-0.63883
-0.75363
0
17.2776
0
0
0
0
0
0
0
0
0
0
0
0
0
-6.942
0
-0.91804
-0.91938
-0.80196
-0.78569
-0.80196
-0.78569
-0.80196
-0.78569
-0.78183
-0.61481
-0.61481
-0.61481
-0.72822
0
0
10.7882
-0.83333
0
0
0
0
0
0
0
0
0
0
0
0
0
-0.91804
-0.91938
-0.80196
-0.78569
-0.80196
-0.78569
-0.80196
-0.78569
-0.78183
-0.61481
-0.61481
-0.61481
-0.72822
0
0
-0.83333
10.7882
0
0
0
0
0
0
0
0
0
0
0
0
0
-0.87882
-0.8557
-0.7406
-0.73663
-0.7406
-0.73663
-0.7406
-0.73663
-0.72524
-0.57428
-0.57428
-0.57428
0
0
0
0
0
9.0333
0
0
0
0
-0.41904
0
0
0
0
0
0
0
-0.83879
-0.83993
-0.73407
-0.71907
-0.73407
-0.71907
-0.73407
-0.71907
-0.7157
-0.56332
-0.56332
-0.56332
0
0
0
0
0
0
8.4438
0
0
0
0
0
0
0
0
0
0
0
-1.067
-1.063
0
-0.9122
0
-0.9122
0
-0.9122
0
0
0
0
0
0
0
0
0
0
0
4.8665
0
0
0
0
0
0
0
0
0
0
0
-0.39726
0
0
0
0
0
0
-0.3408
0
0
0
0
0
0
0
0
0
0
0
0.91784
0
0
0
0
0
-0.17979
0
0
0
0
0
0
0
0
0
0
0
0
0
0
0
0
0
0
0
0
0
0
0
0
4.1366
-2.1032
-2.0334
0
0
0
0
0
0
0
0
0
0
0
0
0
0
0
0
0
0
0
0
0
0
0
-0.41904
0
0
0
-2.1032
2.5222
0
0
0
0
0
0
0
-0.57095
0
0
0
0
0
0
0
0
0
0
0
0
0
0
0
0
0
0
0
0
-2.0334
0
2.6044
0
0
0
0
0
0
0
0
0
0
0
0
0
0
0
0
0
0
0
-6.942
0
0
0
0
0
0
0
0
0
0
6.942
0
0
0
0
0
0
0
0
0
-9.1766
0
0
0
0
0
0
0
0
0
0
0
0
0
0
0
0
0
0
0
0
9.1766
0
0
0
0
0
0
0
0
0
0
0
0
0
0
0
0
0
0
0
0
0
0
0
0
-0.17979
0
0
0
0
0
0.17979
0
0
0
0
0
0
0
0
0
-9.1766
0
0
0
0
0
0
0
0
0
0
0
0
0
0
0
0
0
0
0
0
9.1766
0
0
0
0
0
0
0
0
0
0
0
0
0
0
0
0
-6.942
0
0
0
0
0
0
0
0
0
0
0
0
0
6.942
0
0
0
-9.1766
0
0
0
0
0
0
0
0
0
0
0
0
0
0
0
0
0
0
0
0
0
0
0
0
0
0
9.1766
