15.9358
-0.78584
-0.77836
-0.77836
-0.74956
-0.75238
-0.75058
-0.71006
-0.71006
-0.72416
-0.71976
-0.68383
-0.777
-0.76461
-0.74285
-0.79746
0
-0.66697
-1.5198
-2.5241
0
0
0
0
0
0
0
0
0
0
-0.78584
15.9358
-0.77836
-0.77836
-0.74956
-0.75238
-0.75058
-0.71006
-0.71006
-0.72416
-0.71976
-0.68383
-0.777
-0.76461
-0.74285
-0.79746
0
-0.66697
-1.5198
-2.5241
0
0
0
0
0
0
0
0
0
0
-0.77836
-0.77836
12.992
-0.74662
-0.72409
-0.725
-0.7245
-0.68385
-0.68385
-0.69808
-0.69427
-0.65927
-0.74766
-0.73572
-0.71646
-0.76781
0
-0.64642
-1.4816
0
0
0
0
0
0
0
0
0
0
0
-0.77836
-0.77836
-0.74662
12.992
-0.72409
-0.725
-0.7245
-0.68385
-0.68385
-0.69808
-0.69427
-0.65927
-0.74766
-0.73572
-0.71646
-0.76781
0
-0.64642
-1.4816
0
0
0
0
0
0
0
0
0
0
0
-0.74956
-0.74956
-0.72409
-0.72409
10.6976
-0.69292
-0.70153
-0.64712
-0.64712
-0.66221
-0.65376
-0.62428
-0.70173
-0.69817
-0.67926
-0.72056
0
0
0
0
0
0
-0.3216
0
0
0
0
0
0
0
-0.75238
-0.75238
-0.725
-0.725
-0.69292
11.0328
-0.69768
-0.65018
-0.65018
-0.66482
-0.66025
-0.62724
-0.70964
-0.69877
-0.68198
-0.72847
0
-0.61595
0
0
0
0
0
0
0
0
0
0
0
0
-0.75058
-0.75058
-0.7245
-0.7245
-0.70153
-0.69768
10.9327
-0.6495
-0.6495
-0.66389
-0.65928
-0.62573
-0.70205
-0.69204
-0.6825
-0.71963
-0.53924
0
0
0
0
0
0
0
0
0
0
0
0
0
-0.71006
-0.71006
-0.68385
-0.68385
-0.64712
-0.65018
-0.6495
9.8244
-0.6032
-0.62701
-0.61805
-0.58812
-0.66705
-0.65997
-0.63982
-0.68658
0
0
0
0
0
0
0
0
0
0
0
0
0
0
-0.71006
-0.71006
-0.68385
-0.68385
-0.64712
-0.65018
-0.6495
-0.6032
9.8244
-0.62701
-0.61805
-0.58812
-0.66705
-0.65997
-0.63982
-0.68658
0
0
0
0
0
0
0
0
0
0
0
0
0
0
-0.72416
-0.72416
-0.69808
-0.69808
-0.66221
-0.66482
-0.66389
-0.62701
-0.62701
9.3171
-0.63975
-0.5905
-0.67462
-0.67571
-0.64715
0
0
0
0
0
0
0
0
0
0
0
0
0
0
0
-0.71976
-0.71976
-0.69427
-0.69427
-0.65376
-0.66025
-0.65928
-0.61805
-0.61805
-0.63975
11.2232
-0.57352
-0.64763
0
-0.64487
0
0
0
0
0
0
-2.68
0
0
0
0
0
0
0
0
-0.68383
-0.68383
-0.65927
-0.65927
-0.62428
-0.62724
-0.62573
-0.58812
-0.58812
-0.5905
-0.57352
8.1171
-0.59722
0
-0.61623
0
0
0
0
0
0
0
0
0
0
0
0
0
0
0
-0.777
-0.777
-0.74766
-0.74766
-0.70173
-0.70964
-0.70205
-0.66705
-0.66705
-0.67462
-0.64763
-0.59722
17.4364
0
0
0
0
0
0
0
0
0
0
0
0
0
0
-9.0201
0
0
-0.76461
-0.76461
-0.73572
-0.73572
-0.69817
-0.69877
-0.69204
-0.65997
-0.65997
-0.67571
0
0
0
16.3418
0
0
-0.48413
0
0
0
0
0
0
0
0
0
-8.7724
0
0
0
-0.74285
-0.74285
-0.71646
-0.71646
-0.67926
-0.68198
-0.6825
-0.63982
-0.63982
-0.64715
-0.64487
-0.61623
0
0
8.1502
0
0
0
0
0
0
0
0
0
0
0
0
0
0
0
-0.79746
-0.79746
-0.76781
-0.76781
-0.72056
-0.72847
-0.71963
-0.68658
-0.68658
0
0
0
0
0
0
14.0409
0
0
0
0
0
0
0
0
0
0
0
0
0
-7.3686
0
0
0
0
0
0
-0.53924
0
0
0
0
0
0
-0.48413
0
0
10.6042
0
0
0
0
-2.9615
0
-0.53349
-4.7735
-1.3124
0
0
0
0
-0.66697
-0.66697
-0.64642
-0.64642
0
-0.61595
0
0
0
0
0
0
0
0
0
0
0
4.8583
0
0
0
0
0
0
0
0
0
0
-1.6155
0
-1.5198
-1.5198
-1.4816
-1.4816
0
0
0
0
0
0
0
0
0
0
0
0
0
0
6.0028
0
0
0
0
0
0
0
0
0
0
0
-2.5241
-2.5241
0
0
0
0
0
0
0
0
0
0
0
0
0
0
0
0
0
7.248
0
0
0
0
-2.1997
0
0
0
0
0
0
0
0
0
0
0
0
0
0
0
0
0
0
0
0
0
0
0
0
0
2.4668
0
-1.0544
-1.4124
0
0
0
0
0
0
0
0
0
0
0
0
0
0
0
0
-2.68
0
0
0
0
0
-2.9615
0
0
0
0
5.6414
0
0
0
0
0
0
0
0
0
0
0
0
-0.3216
0
0
0
0
0
0
0
0
0
0
0
0
0
0
0
-1.0544
0
1.376
0
0
0
0
0
0
0
0
0
0
0
0
0
0
0
0
0
0
0
0
0
0
0
-0.53349
0
0
0
-1.4124
0
0
1.9459
0
0
0
0
0
0
0
0
0
0
0
0
0
0
0
0
0
0
0
0
0
0
-4.7735
0
0
-2.1997
0
0
0
0
6.9732
0
0
0
0
0
0
0
0
0
0
0
0
0
0
0
0
0
0
0
0
0
-1.3124
0
0
0
0
0
0
0
0
1.3124
0
0
0
0
0
0
0
0
0
0
0
0
0
0
0
0
0
-8.7724
0
0
0
0
0
0
0
0
0
0
0
0
8.7724
0
0
0
0
0
0
0
0
0
0
0
0
0
0
0
-9.0201
0
0
0
0
0
0
0
0
0
0
0
0
0
0
9.0201
0
0
0
0
0
0
0
0
0
0
0
0
0
0
0
0
0
0
0
-1.6155
0
0
0
0
0
0
0
0
0
0
1.6155
0
0
0
0
0
0
0
0
0
0
0
0
0
0
0
0
-7.3686
0
0
0
0
0
0
0
0
0
0
0
0
0
7.3686
