22.2337
-0.95895
-0.91486
-0.76397
-0.81149
-0.81149
-0.76397
-0.76397
-0.68847
-0.66965
-0.71428
-0.76161
-0.77788
-0.78011
-0.72901
-0.77473
-0.82189
0
0
0
0
0
0
0
0
0
0
0
0
-9.7274
-0.95895
22.2337
-0.91486
-0.76397
-0.81149
-0.81149
-0.76397
-0.76397
-0.68847
-0.66965
-0.71428
-0.76161
-0.77788
-0.78011
-0.72901
-0.77473
-0.82189
0
0
0
0
0
0
0
0
0
-9.7274
0
0
0
-0.91486
-0.91486
12.6764
-0.73791
-0.77552
-0.77552
-0.73791
-0.73791
-0.66707
-0.64704
-0.68762
-0.73014
-0.74872
-0.75118
-0.73929
-0.74546
-0.79302
0
0
0
0
0
0
0
-0.57234
0
0
0
0
0
-0.76397
-0.76397
-0.73791
10.1684
-0.66397
-0.66397
-0.58543
-0.58543
-0.55766
-0.53581
-0.57389
-0.60667
-0.62358
-0.62516
-0.59096
-0.61922
-0.67078
0
0
0
0
0
0
0
0
0
0
0
0
0
-0.81149
-0.81149
-0.77552
-0.66397
19.147
-0.68605
-0.66397
-0.66397
-0.55743
-0.55061
-0.57974
-0.61845
-0.63909
-0.6401
-0.59499
-0.63501
0
0
0
0
0
0
0
0
0
0
0
0
-9.2551
0
-0.81149
-0.81149
-0.77552
-0.66397
-0.68605
19.147
-0.66397
-0.66397
-0.55743
-0.55061
-0.57974
-0.61845
-0.63909
-0.6401
-0.59499
-0.63501
0
0
0
0
0
0
0
0
0
-9.2551
0
0
0
0
-0.76397
-0.76397
-0.73791
-0.58543
-0.66397
-0.66397
10.1684
-0.58543
-0.55766
-0.53581
-0.57389
-0.60667
-0.62358
-0.62516
-0.59096
-0.61922
-0.67078
0
0
0
0
0
0
0
0
0
0
0
0
0
-0.76397
-0.76397
-0.73791
-0.58543
-0.66397
-0.66397
-0.58543
10.1684
-0.55766
-0.53581
-0.57389
-0.60667
-0.62358
-0.62516
-0.59096
-0.61922
-0.67078
0
0
0
0
0
0
0
0
0
0
0
0
0
-0.68847
-0.68847
-0.66707
-0.55766
-0.55743
-0.55743
-0.55766
-0.55766
9.2813
-0.47189
-0.48358
-0.51274
-0.53738
-0.53689
-0.49485
0
0
0
0
0
0
0
0
-1.4121
0
0
0
0
0
0
-0.66965
-0.66965
-0.64704
-0.53581
-0.55061
-0.55061
-0.53581
-0.53581
-0.47189
8.268
-0.48393
-0.51367
-0.53524
-0.53558
-0.50335
-0.52931
0
0
0
0
0
0
0
0
0
0
0
0
0
0
-0.71428
-0.71428
-0.68762
-0.57389
-0.57974
-0.57974
-0.57389
-0.57389
-0.48358
-0.48393
7.8548
-0.54487
-0.56272
-0.58139
0
0
0
-0.20096
0
0
0
0
0
0
0
0
0
0
0
0
-0.76161
-0.76161
-0.73014
-0.60667
-0.61845
-0.61845
-0.60667
-0.60667
-0.51274
-0.51367
-0.54487
8.6004
-0.58652
0
0
0
0
0
0
0
0
-1.1324
0
0
0
0
0
0
0
0
-0.77788
-0.77788
-0.74872
-0.62358
-0.63909
-0.63909
-0.62358
-0.62358
-0.53738
-0.53524
-0.56272
-0.58652
7.6753
0
0
0
0
0
0
0
0
0
0
0
0
0
0
0
0
0
-0.78011
-0.78011
-0.75118
-0.62516
-0.6401
-0.6401
-0.62516
-0.62516
-0.53689
-0.53558
-0.58139
0
0
7.121
0
0
0
0
0
0
0
0
0
0
0
0
0
0
0
0
-0.72901
-0.72901
-0.73929
-0.59096
-0.59499
-0.59499
-0.59096
-0.59096
-0.49485
-0.50335
0
0
0
0
6.5819
0
0
0
0
0
0
0
-0.42353
0
0
0
0
0
0
0
-0.77473
-0.77473
-0.74546
-0.61922
-0.63501
-0.63501
-0.61922
-0.61922
0
-0.52931
0
0
0
0
0
5.9519
0
0
0
0
0
0
0
0
0
0
0
0
0
0
-0.82189
-0.82189
-0.79302
-0.67078
0
0
-0.67078
-0.67078
0
0
0
0
0
0
0
0
5.3275
0
-0.87842
0
0
0
0
0
0
0
0
0
0
0
0
0
0
0
0
0
0
0
0
0
-0.20096
0
0
0
0
0
0
4.0778
-1.2861
0
0
-2.1162
0
0
0
0
0
-0.47458
0
0
0
0
0
0
0
0
0
0
0
0
0
0
0
0
0
0
-0.87842
-1.2861
4.3096
0
-2.1451
0
0
0
0
0
0
0
0
0
0
0
0
0
0
0
0
0
0
0
0
0
0
0
0
0
0
0
0
3.7604
0
0
-1.9463
0
-1.8141
0
0
0
0
0
0
0
0
0
0
0
0
0
0
0
0
0
0
0
0
0
0
0
-2.1451
0
5.7678
0
0
-3.6227
0
0
0
0
0
0
0
0
0
0
0
0
0
0
0
0
0
-1.1324
0
0
0
0
0
-2.1162
0
0
0
3.2485
0
0
0
0
0
0
0
0
0
0
0
0
0
0
0
0
0
0
0
0
0
0
-0.42353
0
0
0
0
-1.9463
0
0
2.3699
0
0
0
0
0
0
0
0
0
0
0
0
0
0
0
-1.4121
0
0
0
0
0
0
0
0
0
0
0
-3.6227
0
0
5.0348
0
0
0
0
0
0
0
0
-0.57234
0
0
0
0
0
0
0
0
0
0
0
0
0
0
0
0
-1.8141
0
0
0
0
2.3864
0
0
0
0
0
0
0
0
0
0
-9.2551
0
0
0
0
0
0
0
0
0
0
0
0
0
0
0
0
0
0
0
9.2551
0
0
0
0
0
-9.7274
0
0
0
0
0
0
0
0
0
0
0
0
0
0
0
0
0
0
0
0
0
0
0
0
9.7274
0
0
0
0
0
0
0
0
0
0
0
0
0
0
0
0
0
0
0
0
-0.47458
0
0
0
0
0
0
0
0
0
0.47458
0
0
0
0
0
0
-9.2551
0
0
0
0
0
0
0
0
0
0
0
0
0
0
0
0
0
0
0
0
0
0
0
9.2551
0
-9.7274
0
0
0
0
0
0
0
0
0
0
0
0
0
0
0
0
0
0
0
0
0
0
0
0
0
0
0
0
9.7274
