23.177
-0.74697
-0.753
-0.753
-0.753
-0.76534
-0.75127
-0.75499
-0.78892
-0.73784
-0.73159
-0.73784
-0.74098
-0.74098
-0.78479
-0.78448
-0.81973
-0.70027
-0.87845
-1.1601
-0.23225
0
0
0
0
0
-8.0613
0
0
0
-0.74697
14.0684
-0.74708
-0.74708
-0.74708
-0.74322
-0.72813
-0.73203
-0.76711
-0.71374
-0.72787
-0.71374
-0.7144
-0.7144
-0.79102
-0.75441
-0.78689
-0.65066
-0.83775
0
0
-0.70484
0
0
0
0
0
0
0
0
-0.753
-0.74708
14.4647
-0.71489
-0.71489
-0.75473
-0.73017
-0.73432
-0.78175
-0.71739
-0.74758
-0.71739
-0.71711
-0.71711
-0.77717
-0.75538
-0.78755
-0.65872
-0.83524
-1.1032
0
0
0
0
0
0
0
0
0
0
-0.753
-0.74708
-0.71489
14.4647
-0.71489
-0.75473
-0.73017
-0.73432
-0.78175
-0.71739
-0.74758
-0.71739
-0.71711
-0.71711
-0.77717
-0.75538
-0.78755
-0.65872
-0.83524
-1.1032
0
0
0
0
0
0
0
0
0
0
-0.753
-0.74708
-0.71489
-0.71489
14.4647
-0.75473
-0.73017
-0.73432
-0.78175
-0.71739
-0.74758
-0.71739
-0.71711
-0.71711
-0.77717
-0.75538
-0.78755
-0.65872
-0.83524
-1.1032
0
0
0
0
0
0
0
0
0
0
-0.76534
-0.74322
-0.75473
-0.75473
-0.75473
19.2823
-0.75017
-0.75415
-0.78555
-0.73712
-0.72579
-0.73712
-0.73942
-0.73942
-0.78803
-0.78429
-0.82002
0
0
0
0
0
0
0
0
-7.1485
0
0
0
0
-0.75127
-0.72813
-0.73017
-0.73017
-0.73017
-0.75017
11.8446
-0.73239
-0.77598
-0.71571
-0.74216
-0.71571
-0.71404
-0.71404
-0.77432
-0.75372
-0.78644
0
0
0
0
0
0
0
0
0
0
0
0
0
-0.75499
-0.73203
-0.73432
-0.73432
-0.73432
-0.75415
-0.73239
11.1083
-0.77914
-0.71953
-0.74624
-0.71953
-0.71635
-0.71635
-0.77746
-0.75716
0
0
0
0
0
0
0
0
0
0
0
0
0
0
-0.78892
-0.76711
-0.78175
-0.78175
-0.78175
-0.78555
-0.77598
-0.77914
16.1955
-0.76151
-0.76101
-0.76151
-0.76442
-0.76442
0
0
0
0
0
0
0
0
0
0
-6.1406
0
0
0
0
0
-0.73784
-0.71374
-0.71739
-0.71739
-0.71739
-0.73712
-0.71571
-0.71953
-0.76151
9.3202
-0.7405
-0.65927
-0.69142
-0.69142
0
0
0
0
0
0
0
0
0
0
0
0
0
0
0
0
-0.73159
-0.72787
-0.74758
-0.74758
-0.74758
-0.72579
-0.74216
-0.74624
-0.76101
-0.7405
22.451
-0.7405
0
0
0
0
0
0
0
0
0
0
0
0
0
0
0
-7.1463
0
-7.1463
-0.73784
-0.71374
-0.71739
-0.71739
-0.71739
-0.73712
-0.71571
-0.71953
-0.76151
-0.65927
-0.7405
9.3202
-0.69142
-0.69142
0
0
0
0
0
0
0
0
0
0
0
0
0
0
0
0
-0.74098
-0.7144
-0.71711
-0.71711
-0.71711
-0.73942
-0.71404
-0.71635
-0.76442
-0.69142
0
-0.69142
8.6362
-0.71242
0
0
0
0
0
0
0
0
0
0
0
0
0
0
0
0
-0.74098
-0.7144
-0.71711
-0.71711
-0.71711
-0.73942
-0.71404
-0.71635
-0.76442
-0.69142
0
-0.69142
-0.71242
8.6362
0
0
0
0
0
0
0
0
0
0
0
0
0
0
0
0
-0.78479
-0.79102
-0.77717
-0.77717
-0.77717
-0.78803
-0.77432
-0.77746
0
0
0
0
0
0
6.9336
0
0
0
0
0
0
0
-0.6864
0
0
0
0
0
0
0
-0.78448
-0.75441
-0.75538
-0.75538
-0.75538
-0.78429
-0.75372
-0.75716
0
0
0
0
0
0
0
6.1002
0
0
0
0
0
0
0
0
0
0
0
0
0
0
-0.81973
-0.78689
-0.78755
-0.78755
-0.78755
-0.82002
-0.78644
0
0
0
0
0
0
0
0
0
5.5757
0
0
0
0
0
0
0
0
0
0
0
0
0
-0.70027
-0.65066
-0.65872
-0.65872
-0.65872
0
0
0
0
0
0
0
0
0
0
0
0
3.671
0
0
-0.34384
0
0
0
0
0
0
0
0
0
-0.87845
-0.83775
-0.83524
-0.83524
-0.83524
0
0
0
0
0
0
0
0
0
0
0
0
0
4.2219
0
0
0
0
0
0
0
0
0
0
0
-1.1601
0
-1.1032
-1.1032
-1.1032
0
0
0
0
0
0
0
0
0
0
0
0
0
0
4.4697
0
0
0
0
0
0
0
0
0
0
-0.23225
0
0
0
0
0
0
0
0
0
0
0
0
0
0
0
0
-0.34384
0
0
0.68059
0
0
0
0
0
0
0
-0.1045
0
0
-0.70484
0
0
0
0
0
0
0
0
0
0
0
0
0
0
0
0
0
0
0
3.094
0
-2.3891
0
0
0
0
0
0
0
0
0
0
0
0
0
0
0
0
0
0
0
0
-0.6864
0
0
0
0
0
0
0
3.1846
-2.4982
0
0
0
0
0
0
0
0
0
0
0
0
0
0
0
0
0
0
0
0
0
0
0
0
0
0
0
-2.3891
-2.4982
4.8873
0
0
0
0
0
0
0
0
0
0
0
0
0
0
-6.1406
0
0
0
0
0
0
0
0
0
0
0
0
0
0
0
6.1406
0
0
0
0
0
0
0
0
0
0
-7.1485
0
0
0
0
0
0
0
0
0
0
0
0
0
0
0
0
0
0
0
7.1485
0
0
0
0
-8.0613
0
0
0
0
0
0
0
0
0
0
0
0
0
0
0
0
0
0
0
0
0
0
0
0
0
8.0613
0
0
0
0
0
0
0
0
0
0
0
0
0
-7.1463
0
0
0
0
0
0
0
0
0
0
0
0
0
0
0
0
7.1463
0
0
0
0
0
0
0
0
0
0
0
0
0
0
0
0
0
0
0
0
0
0
-0.1045
0
0
0
0
0
0
0
0.1045
0
0
0
0
0
0
0
0
0
0
0
-7.1463
0
0
0
0
0
0
0
0
0
0
0
0
0
0
0
0
0
0
7.1463
