25.0412
-0.70476
-0.6927
-0.67504
-0.68917
-0.64328
-0.64328
-0.63725
-0.64328
-0.65579
-0.65579
-0.63645
-0.67611
-0.65579
-0.72286
-0.72286
-0.6266
-0.73003
0
0
-2.2041
0
0
0
0
0
0
0
0
-11.426
-0.70476
25.0412
-0.6927
-0.67504
-0.68917
-0.64328
-0.64328
-0.63725
-0.64328
-0.65579
-0.65579
-0.63645
-0.67611
-0.65579
-0.72286
-0.72286
-0.6266
-0.73003
0
0
-2.2041
0
-11.426
0
0
0
0
0
0
0
-0.6927
-0.6927
11.4678
-0.64256
-0.66304
-0.61917
-0.61917
-0.61681
-0.61917
-0.63245
-0.63245
-0.62028
-0.64308
-0.63245
-0.68663
-0.68663
-0.59751
-0.70526
-0.24721
-0.21849
0
0
0
0
0
0
0
0
0
0
-0.67504
-0.67504
-0.64256
22.0191
-0.66104
-0.61635
-0.61635
-0.60885
-0.61635
-0.62807
-0.62807
-0.60905
-0.64283
-0.62807
-0.68627
-0.68627
-0.59655
-0.69925
0
0
0
0
0
-11.1031
0
0
0
0
0
0
-0.68917
-0.68917
-0.66304
-0.66104
11.2612
-0.63549
-0.63549
-0.63381
-0.63549
-0.64907
-0.64907
-0.63313
-0.66516
-0.64907
-0.71512
-0.71512
-0.62205
-0.72079
0
0
0
0
0
0
0
0
0
0
0
0
-0.64328
-0.64328
-0.61917
-0.61635
-0.63549
9.813
-0.56653
-0.60234
-0.56653
-0.60438
-0.60438
-0.5879
-0.61578
-0.60438
-0.66172
-0.66172
-0.5798
0
0
0
0
0
0
0
0
0
0
0
0
0
-0.64328
-0.64328
-0.61917
-0.61635
-0.63549
-0.56653
9.813
-0.60234
-0.56653
-0.60438
-0.60438
-0.5879
-0.61578
-0.60438
-0.66172
-0.66172
-0.5798
0
0
0
0
0
0
0
0
0
0
0
0
0
-0.63725
-0.63725
-0.61681
-0.60885
-0.63381
-0.60234
-0.60234
9.4382
-0.60234
-0.59586
-0.59586
-0.57229
-0.59921
-0.59586
-0.64501
-0.64501
0
0
-0.24808
0
0
0
0
0
0
0
0
0
0
0
-0.64328
-0.64328
-0.61917
-0.61635
-0.63549
-0.56653
-0.56653
-0.60234
9.813
-0.60438
-0.60438
-0.5879
-0.61578
-0.60438
-0.66172
-0.66172
-0.5798
0
0
0
0
0
0
0
0
0
0
0
0
0
-0.65579
-0.65579
-0.63245
-0.62807
-0.64907
-0.60438
-0.60438
-0.59586
-0.60438
8.1009
-0.59758
-0.62228
-0.6533
-0.59758
0
0
0
0
0
0
0
0
0
0
0
0
0
0
0
0
-0.65579
-0.65579
-0.63245
-0.62807
-0.64907
-0.60438
-0.60438
-0.59586
-0.60438
-0.59758
8.1009
-0.62228
-0.6533
-0.59758
0
0
0
0
0
0
0
0
0
0
0
0
0
0
0
0
-0.63645
-0.63645
-0.62028
-0.60905
-0.63313
-0.5879
-0.5879
-0.57229
-0.5879
-0.62228
-0.62228
7.569
0
-0.62228
0
0
0
0
0
-0.23084
0
0
0
0
0
0
0
0
0
0
-0.67611
-0.67611
-0.64308
-0.64283
-0.66516
-0.61578
-0.61578
-0.59921
-0.61578
-0.6533
-0.6533
0
15.1593
-0.6533
0
0
0
0
0
0
0
-7.4496
0
0
0
0
0
0
0
0
-0.65579
-0.65579
-0.63245
-0.62807
-0.64907
-0.60438
-0.60438
-0.59586
-0.60438
-0.59758
-0.59758
-0.62228
-0.6533
8.1009
0
0
0
0
0
0
0
0
0
0
0
0
0
0
0
0
-0.72286
-0.72286
-0.68663
-0.68627
-0.71512
-0.66172
-0.66172
-0.64501
-0.66172
0
0
0
0
0
10.6065
0
0
0
0
0
0
0
0
0
0
-4.4426
0
0
0
0
-0.72286
-0.72286
-0.68663
-0.68627
-0.71512
-0.66172
-0.66172
-0.64501
-0.66172
0
0
0
0
0
0
10.6065
0
0
0
0
0
0
0
0
0
0
0
-4.4426
0
0
-0.6266
-0.6266
-0.59751
-0.59655
-0.62205
-0.5798
-0.5798
0
-0.5798
0
0
0
0
0
0
0
7.5813
0
0
0
0
0
0
0
0
0
0
0
-2.7726
0
-0.73003
-0.73003
-0.70526
-0.69925
-0.72079
0
0
0
0
0
0
0
0
0
0
0
0
3.5853
0
0
0
0
0
0
0
0
0
0
0
0
0
0
-0.24721
0
0
0
0
-0.24808
0
0
0
0
0
0
0
0
0
0
0.6239
0
0
0
0
0
-0.12861
0
0
0
0
0
0
0
-0.21849
0
0
0
0
0
0
0
0
-0.23084
0
0
0
0
0
0
0
0.55383
0
0
0
0
0
0
-0.1045
0
0
0
-2.2041
-2.2041
0
0
0
0
0
0
0
0
0
0
0
0
0
0
0
0
0
0
4.4081
0
0
0
0
0
0
0
0
0
0
0
0
0
0
0
0
0
0
0
0
0
-7.4496
0
0
0
0
0
0
0
0
7.4496
0
0
0
0
0
0
0
0
0
-11.426
0
0
0
0
0
0
0
0
0
0
0
0
0
0
0
0
0
0
0
0
11.426
0
0
0
0
0
0
0
0
0
0
-11.1031
0
0
0
0
0
0
0
0
0
0
0
0
0
0
0
0
0
0
0
11.1031
0
0
0
0
0
0
0
0
0
0
0
0
0
0
0
0
0
0
0
0
0
0
0
0
-0.12861
0
0
0
0
0
0.12861
0
0
0
0
0
0
0
0
0
0
0
0
0
0
0
0
0
0
0
-4.4426
0
0
0
0
0
0
0
0
0
0
4.4426
0
0
0
0
0
0
0
0
0
0
0
0
0
0
0
0
0
0
0
0
0
0
0
-0.1045
0
0
0
0
0
0
0.1045
0
0
0
0
0
0
0
0
0
0
0
0
0
0
0
0
0
0
-4.4426
0
0
0
0
0
0
0
0
0
0
0
4.4426
0
0
0
0
0
0
0
0
0
0
0
0
0
0
0
0
0
0
-2.7726
0
0
0
0
0
0
0
0
0
0
0
2.7726
0
-11.426
0
0
0
0
0
0
0
0
0
0
0
0
0
0
0
0
0
0
0
0
0
0
0
0
0
0
0
0
11.426
