11.2803
-0.57931
-0.57931
-0.56501
-0.57102
-0.57102
-0.58275
-0.58275
-0.65179
-0.56485
-0.56485
-0.56485
-0.68762
-0.68762
-0.52888
-0.49675
-0.59235
-0.59235
-0.6586
0
-0.6586
0
0
0
0
0
0
0
0
0
-0.57931
11.2803
-0.57931
-0.56501
-0.57102
-0.57102
-0.58275
-0.58275
-0.65179
-0.56485
-0.56485
-0.56485
-0.68762
-0.68762
-0.52888
-0.49675
-0.59235
-0.59235
-0.6586
0
-0.6586
0
0
0
0
0
0
0
0
0
-0.57931
-0.57931
11.2803
-0.56501
-0.57102
-0.57102
-0.58275
-0.58275
-0.65179
-0.56485
-0.56485
-0.56485
-0.68762
-0.68762
-0.52888
-0.49675
-0.59235
-0.59235
-0.6586
0
-0.6586
0
0
0
0
0
0
0
0
0
-0.56501
-0.56501
-0.56501
9.6416
-0.54334
-0.54334
-0.53244
-0.53244
-0.60175
-0.53523
-0.53523
-0.53523
-0.62996
-0.62996
-0.50988
-0.47273
-0.57181
-0.57181
0
-0.20146
0
0
0
0
0
0
0
0
0
0
-0.57102
-0.57102
-0.57102
-0.54334
9.5385
-0.53731
-0.54982
-0.54982
-0.61244
-0.53892
-0.53892
-0.53892
-0.64434
-0.64434
-0.51148
-0.47447
-0.57068
-0.57068
0
0
0
0
0
0
0
0
0
0
0
0
-0.57102
-0.57102
-0.57102
-0.54334
-0.53731
9.5385
-0.54982
-0.54982
-0.61244
-0.53892
-0.53892
-0.53892
-0.64434
-0.64434
-0.51148
-0.47447
-0.57068
-0.57068
0
0
0
0
0
0
0
0
0
0
0
0
-0.58275
-0.58275
-0.58275
-0.53244
-0.54982
-0.54982
31.5519
-0.50737
-0.57595
-0.53206
-0.53206
-0.53206
-0.58742
-0.58742
0
-0.47216
0
0
0
0
0
0
0
0
-11.9225
0
-11.9225
0
0
0
-0.58275
-0.58275
-0.58275
-0.53244
-0.54982
-0.54982
-0.50737
31.5519
-0.57595
-0.53206
-0.53206
-0.53206
-0.58742
-0.58742
0
-0.47216
0
0
0
0
0
0
0
-11.9225
0
0
0
-11.9225
0
0
-0.65179
-0.65179
-0.65179
-0.60175
-0.61244
-0.61244
-0.57595
-0.57595
13.379
-0.64093
-0.64093
-0.64093
0
0
0
0
0
0
0
0
0
0
0
0
0
0
0
0
0
-6.5223
-0.56485
-0.56485
-0.56485
-0.53523
-0.53892
-0.53892
-0.53206
-0.53206
-0.64093
6.0395
-0.51342
-0.51342
0
0
0
0
0
0
0
0
0
0
0
0
0
0
0
0
0
0
-0.56485
-0.56485
-0.56485
-0.53523
-0.53892
-0.53892
-0.53206
-0.53206
-0.64093
-0.51342
6.0395
-0.51342
0
0
0
0
0
0
0
0
0
0
0
0
0
0
0
0
0
0
-0.56485
-0.56485
-0.56485
-0.53523
-0.53892
-0.53892
-0.53206
-0.53206
-0.64093
-0.51342
-0.51342
6.0395
0
0
0
0
0
0
0
0
0
0
0
0
0
0
0
0
0
0
-0.68762
-0.68762
-0.68762
-0.62996
-0.64434
-0.64434
-0.58742
-0.58742
0
0
0
0
7.4574
0
0
0
0
0
0
0
0
0
0
0
0
0
0
0
-2.301
0
-0.68762
-0.68762
-0.68762
-0.62996
-0.64434
-0.64434
-0.58742
-0.58742
0
0
0
0
0
7.4574
0
0
0
0
0
0
0
0
0
0
0
-2.301
0
0
0
0
-0.52888
-0.52888
-0.52888
-0.50988
-0.51148
-0.51148
0
0
0
0
0
0
0
0
3.5153
0
0
0
0
-0.20951
0
-0.18633
0
0
0
0
0
0
0
0
-0.49675
-0.49675
-0.49675
-0.47273
-0.47447
-0.47447
-0.47216
-0.47216
0
0
0
0
0
0
0
3.8562
0
0
0
0
0
0
0
0
0
0
0
0
0
0
-0.59235
-0.59235
-0.59235
-0.57181
-0.57068
-0.57068
0
0
0
0
0
0
0
0
0
0
3.4902
0
0
0
0
0
0
0
0
0
0
0
0
0
-0.59235
-0.59235
-0.59235
-0.57181
-0.57068
-0.57068
0
0
0
0
0
0
0
0
0
0
0
3.4902
0
0
0
0
0
0
0
0
0
0
0
0
-0.6586
-0.6586
-0.6586
0
0
0
0
0
0
0
0
0
0
0
0
0
0
0
1.9758
0
0
0
0
0
0
0
0
0
0
0
0
0
0
-0.20146
0
0
0
0
0
0
0
0
0
0
-0.20951
0
0
0
0
0.51547
0
0
-0.1045
0
0
0
0
0
0
0
-0.6586
-0.6586
-0.6586
0
0
0
0
0
0
0
0
0
0
0
0
0
0
0
0
0
1.9758
0
0
0
0
0
0
0
0
0
0
0
0
0
0
0
0
0
0
0
0
0
0
0
-0.18633
0
0
0
0
0
0
0.18633
0
0
0
0
0
0
0
0
0
0
0
0
0
0
0
0
0
0
0
0
0
0
0
0
0
0
0
-0.1045
0
0
0.1045
0
0
0
0
0
0
0
0
0
0
0
0
0
0
-11.9225
0
0
0
0
0
0
0
0
0
0
0
0
0
0
0
11.9225
0
0
0
0
0
0
0
0
0
0
0
0
-11.9225
0
0
0
0
0
0
0
0
0
0
0
0
0
0
0
0
0
11.9225
0
0
0
0
0
0
0
0
0
0
0
0
0
0
0
0
0
0
-2.301
0
0
0
0
0
0
0
0
0
0
0
2.301
0
0
0
0
0
0
0
0
0
0
-11.9225
0
0
0
0
0
0
0
0
0
0
0
0
0
0
0
0
0
0
0
11.9225
0
0
0
0
0
0
0
0
0
0
-11.9225
0
0
0
0
0
0
0
0
0
0
0
0
0
0
0
0
0
0
0
11.9225
0
0
0
0
0
0
0
0
0
0
0
0
0
0
-2.301
0
0
0
0
0
0
0
0
0
0
0
0
0
0
0
2.301
0
0
0
0
0
0
0
0
0
-6.5223
0
0
0
0
0
0
0
0
0
0
0
0
0
0
0
0
0
0
0
0
6.5223
