14.1349
-0.60168
-0.66484
-0.61128
-0.6425
-0.61128
-0.59138
-0.66055
-0.6316
-0.61215
-0.55974
-0.61215
-0.55974
-0.59635
-0.61031
-0.60764
-1.01
0
-0.24812
0
-1.8518
-1.8518
0
0
0
0
0
0
0
0
-0.60168
13.7616
-0.653
-0.60914
-0.64156
-0.60914
-0.58864
-0.65993
-0.62755
-0.61207
-0.55611
-0.61207
-0.55611
-0.59177
-0.60476
-0.61041
-1.0025
0
0
0
-1.8126
-1.8126
0
0
0
0
0
0
0
0
-0.66484
-0.653
20.9728
-0.65254
-0.67214
-0.65254
-0.62412
-0.6804
-0.66833
-0.62876
-0.59024
-0.62876
-0.59024
-0.63278
-0.65163
0
0
0
-0.24422
-1.3104
0
0
0
0
0
-10.4278
0
0
0
0
-0.61128
-0.60914
-0.65254
10.0075
-0.66096
-0.58967
-0.57955
-0.6363
-0.61794
-0.5907
-0.54634
-0.5907
-0.54634
-0.58285
-0.59758
-0.58753
-1.008
0
0
0
0
0
0
0
0
0
0
0
0
0
-0.6425
-0.64156
-0.67214
-0.66096
20.0076
-0.66096
-0.59707
-0.6538
-0.64409
-0.60602
-0.56818
-0.60602
-0.56818
-0.60741
-0.62452
0
0
0
0
-1.2858
0
0
0
0
0
0
0
0
-9.9684
0
-0.61128
-0.60914
-0.65254
-0.58967
-0.66096
10.0075
-0.57955
-0.6363
-0.61794
-0.5907
-0.54634
-0.5907
-0.54634
-0.58285
-0.59758
-0.58753
-1.008
0
0
0
0
0
0
0
0
0
0
0
0
0
-0.59138
-0.58864
-0.62412
-0.57955
-0.59707
-0.57955
8.2831
-0.61009
-0.60094
-0.56813
-0.52877
-0.56813
-0.52877
-0.56487
-0.57954
0
0
-0.17356
0
0
0
0
0
0
0
0
0
0
0
0
-0.66055
-0.65993
-0.6804
-0.6363
-0.6538
-0.6363
-0.61009
17.448
-0.67591
-0.63619
-0.58204
-0.63619
-0.58204
-0.63174
0
0
0
0
0
0
0
0
-9.1666
0
0
0
0
0
0
0
-0.6316
-0.62755
-0.66833
-0.61794
-0.64409
-0.61794
-0.60094
-0.67591
8.6721
-0.61898
-0.56195
-0.61898
-0.56195
-0.60561
-0.6203
0
0
0
0
0
0
0
0
0
0
0
0
0
0
0
-0.61215
-0.61207
-0.62876
-0.5907
-0.60602
-0.5907
-0.56813
-0.63619
-0.61898
15.5684
-0.53611
-0.52181
-0.53611
0
0
0
0
0
0
0
0
0
0
0
0
0
-8.5107
0
0
0
-0.55974
-0.55611
-0.59024
-0.54634
-0.56818
-0.54634
-0.52877
-0.58204
-0.56195
-0.53611
7.0834
-0.53611
-0.443
-0.52848
0
0
0
0
0
0
0
0
0
0
0
0
0
0
0
0
-0.61215
-0.61207
-0.62876
-0.5907
-0.60602
-0.5907
-0.56813
-0.63619
-0.61898
-0.52181
-0.53611
15.5684
-0.53611
0
0
0
0
0
0
0
0
0
0
0
0
0
0
0
0
-8.5107
-0.55974
-0.55611
-0.59024
-0.54634
-0.56818
-0.54634
-0.52877
-0.58204
-0.56195
-0.53611
-0.443
-0.53611
7.0834
-0.52848
0
0
0
0
0
0
0
0
0
0
0
0
0
0
0
0
-0.59635
-0.59177
-0.63278
-0.58285
-0.60741
-0.58285
-0.56487
-0.63174
-0.60561
0
-0.52848
0
-0.52848
6.4532
0
0
0
0
0
0
0
0
0
0
0
0
0
0
0
0
-0.61031
-0.60476
-0.65163
-0.59758
-0.62452
-0.59758
-0.57954
0
-0.6203
0
0
0
0
0
4.8862
0
0
0
0
0
0
0
0
0
0
0
0
0
0
0
-0.60764
-0.61041
0
-0.58753
0
-0.58753
0
0
0
0
0
0
0
0
0
2.6448
0
0
0
0
0
0
0
-0.25172
0
0
0
0
0
0
-1.01
-1.0025
0
-1.008
0
-1.008
0
0
0
0
0
0
0
0
0
0
4.0285
0
0
0
0
0
0
0
0
0
0
0
0
0
0
0
0
0
0
0
-0.17356
0
0
0
0
0
0
0
0
0
0
1.05
0
-0.50519
0
0
0
0
0
0
0
-0.37127
0
0
-0.24812
0
-0.24422
0
0
0
0
0
0
0
0
0
0
0
0
0
0
0
0.59684
0
0
0
0
0
-0.1045
0
0
0
0
0
0
0
-1.3104
0
-1.2858
0
0
0
0
0
0
0
0
0
0
0
0
-0.50519
0
3.1014
0
0
0
0
0
0
0
0
0
0
-1.8518
-1.8126
0
0
0
0
0
0
0
0
0
0
0
0
0
0
0
0
0
0
3.6644
0
0
0
0
0
0
0
0
0
-1.8518
-1.8126
0
0
0
0
0
0
0
0
0
0
0
0
0
0
0
0
0
0
0
3.6644
0
0
0
0
0
0
0
0
0
0
0
0
0
0
0
-9.1666
0
0
0
0
0
0
0
0
0
0
0
0
0
0
9.1666
0
0
0
0
0
0
0
0
0
0
0
0
0
0
0
0
0
0
0
0
0
0
-0.25172
0
0
0
0
0
0
0
0.25172
0
0
0
0
0
0
0
0
0
0
0
0
0
0
0
0
0
0
0
0
0
0
0
0
-0.1045
0
0
0
0
0
0.1045
0
0
0
0
0
0
0
-10.4278
0
0
0
0
0
0
0
0
0
0
0
0
0
0
0
0
0
0
0
0
0
0
10.4278
0
0
0
0
0
0
0
0
0
0
0
0
0
-8.5107
0
0
0
0
0
0
0
0
0
0
0
0
0
0
0
0
8.5107
0
0
0
0
0
0
0
0
0
0
0
0
0
0
0
0
0
0
0
0
-0.37127
0
0
0
0
0
0
0
0
0
0.37127
0
0
0
0
0
0
-9.9684
0
0
0
0
0
0
0
0
0
0
0
0
0
0
0
0
0
0
0
0
0
0
0
9.9684
0
0
0
0
0
0
0
0
0
0
0
0
-8.5107
0
0
0
0
0
0
0
0
0
0
0
0
0
0
0
0
0
8.5107
