17.8162
-0.62819
-0.62453
-0.62089
-0.62496
-0.61924
-0.62863
-0.63384
-0.61428
-0.63307
-0.63014
-0.62564
-0.62564
-0.62096
-0.61779
-0.6038
-0.56684
-0.56583
0
0
0
0
-7.3319
0
0
0
0
0
0
0
-0.62819
16.1662
-0.627
-0.62362
-0.62898
-0.6211
-0.63277
-0.63875
-0.61841
-0.63631
-0.63507
-0.62827
-0.62827
-0.6257
-0.61977
-0.60711
0
0
0
0
0
0
0
0
0
0
-6.7669
0
0
0
-0.62453
-0.627
9.9029
-0.61969
-0.62351
-0.61752
-0.6266
-0.63178
-0.61475
-0.63161
-0.62864
-0.62447
-0.62447
-0.6204
-0.61687
-0.60367
-0.56745
0
0
0
0
0
0
0
0
0
0
0
0
0
-0.62089
-0.62362
-0.61969
9.2924
-0.62067
-0.61473
-0.62324
-0.62828
-0.61275
-0.62767
-0.62553
-0.62094
-0.62094
-0.61782
-0.61372
-0.60194
0
0
0
0
0
0
0
0
0
0
0
0
0
0
-0.62496
-0.62898
-0.62351
-0.62067
15.1191
-0.61783
-0.62888
-0.6346
-0.61589
-0.63196
-0.63135
-0.62446
-0.62446
-0.62266
-0.61639
0
0
0
0
0
0
0
0
0
0
-6.3725
0
0
0
0
-0.61924
-0.6211
-0.61752
-0.61473
-0.61783
8.6071
-0.61998
-0.62473
-0.61044
-0.62451
-0.6224
-0.61827
-0.61827
0
-0.61204
0
0
-0.56609
0
0
0
0
0
0
0
0
0
0
0
0
-0.62863
-0.63277
-0.6266
-0.62324
-0.62888
-0.61998
10.8365
-0.63928
0
-0.63352
0
-0.62852
-0.62852
0
0
0
0
0
0
0
0
-4.5466
0
0
0
0
0
0
0
0
-0.63384
-0.63875
-0.63178
-0.62828
-0.6346
-0.62473
-0.63928
8.5985
0
-0.63091
0
0
0
0
0
0
0
0
0
0
0
0
0
-3.5363
0
0
0
0
0
0
-0.61428
-0.61841
-0.61475
-0.61275
-0.61589
-0.61044
0
0
13.8199
0
0
0
0
0
0
0
0
0
0
0
0
0
0
0
0
0
0
-5.0667
-5.0667
0
-0.63307
-0.63631
-0.63161
-0.62767
-0.63196
-0.62451
-0.63352
-0.63091
0
5.0496
0
0
0
0
0
0
0
0
0
0
0
0
0
0
0
0
0
0
0
0
-0.63014
-0.63507
-0.62864
-0.62553
-0.63135
-0.6224
0
0
0
0
5.5021
0
0
0
0
0
0
0
0
-1.729
0
0
0
0
0
0
0
0
0
0
-0.62564
-0.62827
-0.62447
-0.62094
-0.62446
-0.61827
-0.62852
0
0
0
0
4.3706
0
0
0
0
0
0
0
0
0
0
0
0
0
0
0
0
0
0
-0.62564
-0.62827
-0.62447
-0.62094
-0.62446
-0.61827
-0.62852
0
0
0
0
0
4.3706
0
0
0
0
0
0
0
0
0
0
0
0
0
0
0
0
0
-0.62096
-0.6257
-0.6204
-0.61782
-0.62266
0
0
0
0
0
0
0
0
3.7623
0
0
0
0
0
0
0
0
0
0
0
0
0
0
0
-0.6548
-0.61779
-0.61977
-0.61687
-0.61372
-0.61639
-0.61204
0
0
0
0
0
0
0
0
3.6966
0
0
0
0
0
0
0
0
0
0
0
0
0
0
0
-0.6038
-0.60711
-0.60367
-0.60194
0
0
0
0
0
0
0
0
0
0
0
2.9794
0
0
0
0
0
0
0
0
-0.56283
0
0
0
0
0
-0.56684
0
-0.56745
0
0
0
0
0
0
0
0
0
0
0
0
0
1.6869
0
-0.55265
0
0
0
0
0
0
0
0
0
0
0
-0.56583
0
0
0
0
-0.56609
0
0
0
0
0
0
0
0
0
0
0
1.6842
0
0
-0.55225
0
0
0
0
0
0
0
0
0
0
0
0
0
0
0
0
0
0
0
0
0
0
0
0
0
-0.55265
0
0.55265
0
0
0
0
0
0
0
0
0
0
0
0
0
0
0
0
0
0
0
0
0
-1.729
0
0
0
0
0
0
0
0
1.729
0
0
0
0
0
0
0
0
0
0
0
0
0
0
0
0
0
0
0
0
0
0
0
0
0
0
0
-0.55225
0
0
0.55225
0
0
0
0
0
0
0
0
0
0
0
0
0
0
0
-4.5466
0
0
0
0
0
0
0
0
0
0
0
0
0
0
4.5466
0
0
0
0
0
0
0
0
-7.3319
0
0
0
0
0
0
0
0
0
0
0
0
0
0
0
0
0
0
0
0
0
7.3319
0
0
0
0
0
0
0
0
0
0
0
0
0
0
-3.5363
0
0
0
0
0
0
0
0
0
0
0
0
0
0
0
3.5363
0
0
0
0
0
0
0
0
0
0
0
0
0
0
0
0
0
0
0
0
0
-0.56283
0
0
0
0
0
0
0
0
0.56283
0
0
0
0
0
0
0
0
0
-6.3725
0
0
0
0
0
0
0
0
0
0
0
0
0
0
0
0
0
0
0
0
6.3725
0
0
0
0
0
-6.7669
0
0
0
0
0
0
0
0
0
0
0
0
0
0
0
0
0
0
0
0
0
0
0
0
6.7669
0
0
0
0
0
0
0
0
0
0
0
-5.0667
0
0
0
0
0
0
0
0
0
0
0
0
0
0
0
0
0
0
5.0667
0
0
0
0
0
0
0
0
0
0
-5.0667
0
0
0
0
0
0
0
0
0
0
0
0
0
0
0
0
0
0
0
5.0667
0
0
0
0
0
0
0
0
0
0
0
0
0
0
-0.6548
0
0
0
0
0
0
0
0
0
0
0
0
0
0
0
0.6548
