25.753
-0.81216
-0.81216
-0.78404
-0.78875
-0.78105
-0.77677
-0.76332
-0.7565
-0.78136
-0.78136
-0.68934
-0.68934
-0.68934
-0.68934
-0.77034
-0.94938
0
-1.2063
0
0
-1.5716
0
0
0
-10.6605
0
0
0
0
-0.81216
14.7363
-0.77972
-0.75893
-0.76388
-0.76401
-0.77165
-0.73788
-0.73544
-0.75592
-0.75592
-0.66468
-0.66468
-0.66468
-0.66468
-0.77988
-0.90155
0
-1.2531
0
0
-1.5075
0
0
0
0
0
0
0
0
-0.81216
-0.77972
14.7363
-0.75893
-0.76388
-0.76401
-0.77165
-0.73788
-0.73544
-0.75592
-0.75592
-0.66468
-0.66468
-0.66468
-0.66468
-0.77988
-0.90155
0
-1.2531
0
0
-1.5075
0
0
0
0
0
0
0
0
-0.78404
-0.75893
-0.75893
11.8436
-0.72774
-0.75268
-0.72905
-0.69757
-0.69125
-0.71518
-0.71518
-0.62713
-0.62713
-0.62713
-0.62713
-0.73836
-0.84347
0
0
0
-0.42268
0
0
0
0
0
0
0
0
0
-0.78875
-0.76388
-0.76388
-0.72774
12.8252
-0.72502
-0.73472
-0.70192
-0.69974
-0.72039
-0.72039
-0.63167
-0.63167
-0.63167
-0.63167
-0.7476
-0.85667
0
0
-1.3478
0
0
0
0
0
0
0
0
0
0
-0.78105
-0.76401
-0.76401
-0.75268
-0.72502
12
-0.72113
-0.69939
-0.68998
-0.71538
-0.71538
-0.6272
-0.6272
-0.6272
-0.6272
-0.72807
0
0
0
-1.2944
0
0
-0.14065
0
0
0
0
0
0
0
-0.77677
-0.77165
-0.77165
-0.72905
-0.73472
-0.72113
20.4126
-0.71286
-0.70062
-0.73216
-0.73216
-0.64063
-0.64063
-0.64063
-0.64063
-0.71361
0
0
0
0
0
0
0
-9.7537
0
0
0
0
0
0
-0.76332
-0.73788
-0.73788
-0.69757
-0.70192
-0.69939
-0.71286
10.7081
-0.67377
-0.7013
-0.7013
-0.61171
-0.61171
-0.61171
-0.61171
-0.7198
0
0
0
0
-0.41429
0
0
0
0
0
0
0
0
0
-0.7565
-0.73544
-0.73544
-0.69125
-0.69974
-0.68998
-0.70062
-0.67377
10.0934
-0.71596
-0.71596
-0.60466
-0.60466
-0.60466
-0.60466
0
0
-0.56011
0
0
0
0
0
0
0
0
0
0
0
0
-0.78136
-0.75592
-0.75592
-0.71518
-0.72039
-0.71538
-0.73216
-0.7013
-0.71596
10.5341
-0.69933
-0.62425
-0.62425
-0.62425
-0.62425
-0.74421
0
0
0
0
0
0
0
0
0
0
0
0
0
0
-0.78136
-0.75592
-0.75592
-0.71518
-0.72039
-0.71538
-0.73216
-0.7013
-0.71596
-0.69933
10.5341
-0.62425
-0.62425
-0.62425
-0.62425
-0.74421
0
0
0
0
0
0
0
0
0
0
0
0
0
0
-0.68934
-0.66468
-0.66468
-0.62713
-0.63167
-0.6272
-0.64063
-0.61171
-0.60466
-0.62425
-0.62425
8.5596
-0.51647
-0.51647
-0.51647
0
0
0
0
0
0
0
0
0
0
0
0
0
0
0
-0.68934
-0.66468
-0.66468
-0.62713
-0.63167
-0.6272
-0.64063
-0.61171
-0.60466
-0.62425
-0.62425
-0.51647
8.5596
-0.51647
-0.51647
0
0
0
0
0
0
0
0
0
0
0
0
0
0
0
-0.68934
-0.66468
-0.66468
-0.62713
-0.63167
-0.6272
-0.64063
-0.61171
-0.60466
-0.62425
-0.62425
-0.51647
-0.51647
8.5596
-0.51647
0
0
0
0
0
0
0
0
0
0
0
0
0
0
0
-0.68934
-0.66468
-0.66468
-0.62713
-0.63167
-0.6272
-0.64063
-0.61171
-0.60466
-0.62425
-0.62425
-0.51647
-0.51647
-0.51647
8.5596
0
0
0
0
0
0
0
0
0
0
0
0
0
0
0
-0.77034
-0.77988
-0.77988
-0.73836
-0.7476
-0.72807
-0.71361
-0.7198
0
-0.74421
-0.74421
0
0
0
0
15.3914
0
-0.50544
0
0
0
0
0
0
0
0
-7.42
0
0
0
-0.94938
-0.90155
-0.90155
-0.84347
-0.85667
0
0
0
0
0
0
0
0
0
0
0
4.4526
0
0
0
0
0
0
0
0
0
0
0
0
0
0
0
0
0
0
0
0
0
-0.56011
0
0
0
0
0
0
-0.50544
0
16.0201
0
-1.4939
0
0
0
0
-6.7304
0
0
0
0
-6.7304
-1.2063
-1.2531
-1.2531
0
0
0
0
0
0
0
0
0
0
0
0
0
0
0
5.8195
0
0
0
0
0
0
0
0
0
-2.1071
0
0
0
0
0
-1.3478
-1.2944
0
0
0
0
0
0
0
0
0
0
0
-1.4939
0
4.1361
0
0
0
0
0
0
0
0
0
0
0
0
0
-0.42268
0
0
0
-0.41429
0
0
0
0
0
0
0
0
0
0
0
0
1.1135
0
-0.27649
0
0
0
0
0
0
0
-1.5716
-1.5075
-1.5075
0
0
0
0
0
0
0
0
0
0
0
0
0
0
0
0
0
0
4.5866
0
0
0
0
0
0
0
0
0
0
0
0
0
-0.14065
0
0
0
0
0
0
0
0
0
0
0
0
0
0
-0.27649
0
0.54011
0
0
0
0
-0.12297
0
0
0
0
0
0
0
0
-9.7537
0
0
0
0
0
0
0
0
0
0
0
0
0
0
0
0
9.7537
0
0
0
0
0
0
0
0
0
0
0
0
0
0
0
0
0
0
0
0
0
0
0
-6.7304
0
0
0
0
0
0
6.7304
0
0
0
0
0
-10.6605
0
0
0
0
0
0
0
0
0
0
0
0
0
0
0
0
0
0
0
0
0
0
0
0
10.6605
0
0
0
0
0
0
0
0
0
0
0
0
0
0
0
0
0
0
0
-7.42
0
0
0
0
0
0
0
0
0
0
7.42
0
0
0
0
0
0
0
0
0
0
0
0
0
0
0
0
0
0
0
0
0
0
0
0
0
-0.12297
0
0
0
0
0.12297
0
0
0
0
0
0
0
0
0
0
0
0
0
0
0
0
0
0
0
0
-2.1071
0
0
0
0
0
0
0
0
0
2.1071
0
0
0
0
0
0
0
0
0
0
0
0
0
0
0
0
0
0
-6.7304
0
0
0
0
0
0
0
0
0
0
0
6.7304
