28.5766
-0.7117
-0.73203
-0.71737
-0.68503
-0.68503
-0.72453
-0.66141
-0.66141
-0.87414
-0.73763
-0.76276
-0.83943
-0.79484
-0.62714
-0.62714
-0.62714
-0.71685
-0.81221
0
-0.39401
0
-1.9888
0
0
0
-13.1961
0
0
0
-0.7117
15.5516
-0.71039
-0.70373
-0.66745
-0.66745
-0.70549
-0.64387
-0.64387
-0.8548
-0.71756
-0.74421
-0.82311
-0.77256
-0.60974
-0.60974
-0.60974
-0.71157
-0.7893
-0.58194
-0.36093
0
-1.9124
0
0
0
0
0
0
0
-0.73203
-0.71039
13.444
-0.74556
-0.68357
-0.68357
-0.72598
-0.66121
-0.66121
-0.87931
-0.73717
-0.76988
-0.84736
-0.79414
-0.62634
-0.62634
-0.62634
-0.73382
-0.80774
0
-0.39209
0
0
0
0
0
0
0
0
0
-0.71737
-0.70373
-0.74556
13.1029
-0.69358
-0.69358
-0.7175
-0.66458
-0.66458
-0.85997
-0.74092
-0.78138
-0.82615
-0.80114
-0.63166
-0.63166
-0.63166
-0.71186
0
-0.57778
0
-0.3082
0
0
0
0
0
0
0
0
-0.68503
-0.66745
-0.68357
-0.69358
12.2458
-0.63715
-0.67586
-0.61983
-0.61983
-0.81708
-0.69037
-0.72711
-0.78775
-0.74401
-0.58707
-0.58707
-0.58707
-0.6822
-0.75373
0
0
0
0
0
0
0
0
0
0
0
-0.68503
-0.66745
-0.68357
-0.69358
-0.63715
12.2458
-0.67586
-0.61983
-0.61983
-0.81708
-0.69037
-0.72711
-0.78775
-0.74401
-0.58707
-0.58707
-0.58707
-0.6822
-0.75373
0
0
0
0
0
0
0
0
0
0
0
-0.72453
-0.70549
-0.72598
-0.7175
-0.67586
-0.67586
23.2222
-0.6511
-0.6511
-0.85034
-0.72769
-0.7585
-0.81763
-0.78643
-0.61986
-0.61986
-0.61986
0
0
0
0
0
0
0
0
0
0
-11.8946
0
0
-0.66141
-0.64387
-0.66121
-0.66458
-0.61983
-0.61983
-0.6511
10.4003
-0.5807
-0.78211
-0.66172
-0.69596
-0.75594
-0.71389
-0.56271
-0.56271
-0.56271
0
0
0
0
0
0
0
0
0
0
0
0
0
-0.66141
-0.64387
-0.66121
-0.66458
-0.61983
-0.61983
-0.6511
-0.5807
10.4003
-0.78211
-0.66172
-0.69596
-0.75594
-0.71389
-0.56271
-0.56271
-0.56271
0
0
0
0
0
0
0
0
0
0
0
0
0
-0.87414
-0.8548
-0.87931
-0.85997
-0.81708
-0.81708
-0.85034
-0.78211
-0.78211
16.9628
-0.80927
0
0
0
0
0
0
0
0
0
0
0
0
0
0
0
0
0
0
-8.6366
-0.73763
-0.71756
-0.73717
-0.74092
-0.69037
-0.69037
-0.72769
-0.66172
-0.66172
-0.80927
8.0619
0
0
-0.88747
0
0
0
0
0
0
0
0
0
0
0
0
0
0
0
0
-0.76276
-0.74421
-0.76988
-0.78138
-0.72711
-0.72711
-0.7585
-0.69596
-0.69596
0
0
7.0521
0
0
0
0
0
0
0
0
0
-0.38921
0
0
0
0
0
0
0
0
-0.83943
-0.82311
-0.84736
-0.82615
-0.78775
-0.78775
-0.81763
-0.75594
-0.75594
0
0
0
14.8583
0
0
0
0
0
0
0
0
0
0
0
0
-7.6172
0
0
0
0
-0.79484
-0.77256
-0.79414
-0.80114
-0.74401
-0.74401
-0.78643
-0.71389
-0.71389
0
-0.88747
0
0
7.7524
0
0
0
0
0
0
0
0
0
0
0
0
0
0
0
0
-0.62714
-0.60974
-0.62634
-0.63166
-0.58707
-0.58707
-0.61986
-0.56271
-0.56271
0
0
0
0
0
5.4143
0
0
0
0
0
0
0
0
0
0
0
0
0
0
0
-0.62714
-0.60974
-0.62634
-0.63166
-0.58707
-0.58707
-0.61986
-0.56271
-0.56271
0
0
0
0
0
0
5.4143
0
0
0
0
0
0
0
0
0
0
0
0
0
0
-0.62714
-0.60974
-0.62634
-0.63166
-0.58707
-0.58707
-0.61986
-0.56271
-0.56271
0
0
0
0
0
0
0
5.4143
0
0
0
0
0
0
0
0
0
0
0
0
0
-0.71685
-0.71157
-0.73382
-0.71186
-0.6822
-0.6822
0
0
0
0
0
0
0
0
0
0
0
7.1118
0
0
0
0
0
0
-2.8733
0
0
0
0
0
-0.81221
-0.7893
-0.80774
0
-0.75373
-0.75373
0
0
0
0
0
0
0
0
0
0
0
0
3.9167
0
0
0
0
0
0
0
0
0
0
0
0
-0.58194
0
-0.57778
0
0
0
0
0
0
0
0
0
0
0
0
0
0
0
1.8293
0
0
0
-0.66962
0
0
0
0
0
0
-0.39401
-0.36093
-0.39209
0
0
0
0
0
0
0
0
0
0
0
0
0
0
0
0
0
1.147
0
0
0
0
0
0
0
0
0
0
0
0
-0.3082
0
0
0
0
0
0
0
-0.38921
0
0
0
0
0
0
0
0
0
0.89212
0
0
0
0
0
0
-0.19471
0
-1.9888
-1.9124
0
0
0
0
0
0
0
0
0
0
0
0
0
0
0
0
0
0
0
0
3.9012
0
0
0
0
0
0
0
0
0
0
0
0
0
0
0
0
0
0
0
0
0
0
0
0
0
0
-0.66962
0
0
0
0.66962
0
0
0
0
0
0
0
0
0
0
0
0
0
0
0
0
0
0
0
0
0
0
0
-2.8733
0
0
0
0
0
0
2.8733
0
0
0
0
0
0
0
0
0
0
0
0
0
0
0
0
0
-7.6172
0
0
0
0
0
0
0
0
0
0
0
0
7.6172
0
0
0
0
-13.1961
0
0
0
0
0
0
0
0
0
0
0
0
0
0
0
0
0
0
0
0
0
0
0
0
0
13.1961
0
0
0
0
0
0
0
0
0
-11.8946
0
0
0
0
0
0
0
0
0
0
0
0
0
0
0
0
0
0
0
0
11.8946
0
0
0
0
0
0
0
0
0
0
0
0
0
0
0
0
0
0
0
0
0
0
0
-0.19471
0
0
0
0
0
0
0.19471
0
0
0
0
0
0
0
0
0
0
-8.6366
0
0
0
0
0
0
0
0
0
0
0
0
0
0
0
0
0
0
0
8.6366
