22.3497
-0.68909
-0.67574
-0.61485
-0.59678
-0.59678
-0.59678
-0.68168
-0.89438
-0.80902
-0.80902
-0.80902
-0.80902
-0.80902
-0.80902
-0.80902
-0.80902
-1.2504
-0.37085
0
0
0
0
0
0
0
0
0
-8.9102
0
-0.68909
18.8002
-0.67512
-0.61595
-0.59134
-0.59134
-0.59134
-0.69474
-0.90438
-0.79716
-0.79716
-0.79716
-0.79716
-0.79716
-0.79716
-0.79716
-0.79716
-1.2634
-0.36531
0
0
0
-5.4409
0
0
0
0
0
0
0
-0.67574
-0.67512
13.2224
-0.60196
-0.57822
-0.57822
-0.57822
-0.6781
-0.89666
-0.7812
-0.7812
-0.7812
-0.7812
-0.7812
-0.7812
-0.7812
-0.7812
-1.2176
-0.36191
-0.13112
0
0
0
0
0
0
0
0
0
0
-0.61485
-0.61595
-0.60196
18.4412
-0.54821
-0.54821
-0.54821
-0.57125
-0.74688
-0.68645
-0.68645
-0.68645
-0.68645
-0.68645
-0.68645
-0.68645
-0.68645
0
0
-0.1045
0
0
0
-8.0496
0
0
0
0
0
0
-0.59678
-0.59134
-0.57822
-0.54821
11.5533
-0.50531
-0.50531
-0.60219
-0.77928
-0.67583
-0.67583
-0.67583
-0.67583
-0.67583
-0.67583
-0.67583
-0.67583
-1.1244
-0.31564
0
0
0
0
0
0
0
0
0
0
0
-0.59678
-0.59134
-0.57822
-0.54821
-0.50531
11.5533
-0.50531
-0.60219
-0.77928
-0.67583
-0.67583
-0.67583
-0.67583
-0.67583
-0.67583
-0.67583
-0.67583
-1.1244
-0.31564
0
0
0
0
0
0
0
0
0
0
0
-0.59678
-0.59134
-0.57822
-0.54821
-0.50531
-0.50531
11.5533
-0.60219
-0.77928
-0.67583
-0.67583
-0.67583
-0.67583
-0.67583
-0.67583
-0.67583
-0.67583
-1.1244
-0.31564
0
0
0
0
0
0
0
0
0
0
0
-0.68168
-0.69474
-0.6781
-0.57125
-0.60219
-0.60219
-0.60219
7.2265
0
0
0
0
0
0
0
0
0
0
0
0
-2.2723
0
0
0
0
-0.52185
0
0
0
0
-0.89438
-0.90438
-0.89666
-0.74688
-0.77928
-0.77928
-0.77928
0
6.3847
0
0
0
0
0
0
0
0
0
0
0
0
0
0
0
-0.60454
0
0
0
0
0
-0.80902
-0.79716
-0.7812
-0.68645
-0.67583
-0.67583
-0.67583
0
0
5.1013
0
0
0
0
0
0
0
0
0
0
0
0
0
0
0
0
0
0
0
0
-0.80902
-0.79716
-0.7812
-0.68645
-0.67583
-0.67583
-0.67583
0
0
0
5.1013
0
0
0
0
0
0
0
0
0
0
0
0
0
0
0
0
0
0
0
-0.80902
-0.79716
-0.7812
-0.68645
-0.67583
-0.67583
-0.67583
0
0
0
0
5.1013
0
0
0
0
0
0
0
0
0
0
0
0
0
0
0
0
0
0
-0.80902
-0.79716
-0.7812
-0.68645
-0.67583
-0.67583
-0.67583
0
0
0
0
0
5.1013
0
0
0
0
0
0
0
0
0
0
0
0
0
0
0
0
0
-0.80902
-0.79716
-0.7812
-0.68645
-0.67583
-0.67583
-0.67583
0
0
0
0
0
0
5.1013
0
0
0
0
0
0
0
0
0
0
0
0
0
0
0
0
-0.80902
-0.79716
-0.7812
-0.68645
-0.67583
-0.67583
-0.67583
0
0
0
0
0
0
0
5.1013
0
0
0
0
0
0
0
0
0
0
0
0
0
0
0
-0.80902
-0.79716
-0.7812
-0.68645
-0.67583
-0.67583
-0.67583
0
0
0
0
0
0
0
0
5.1013
0
0
0
0
0
0
0
0
0
0
0
0
0
0
-0.80902
-0.79716
-0.7812
-0.68645
-0.67583
-0.67583
-0.67583
0
0
0
0
0
0
0
0
0
5.1013
0
0
0
0
0
0
0
0
0
0
0
0
0
-1.2504
-1.2634
-1.2176
0
-1.1244
-1.1244
-1.1244
0
0
0
0
0
0
0
0
0
0
7.309
0
0
0
0
0
0
0
0
0
-0.20437
0
0
-0.37085
-0.36531
-0.36191
0
-0.31564
-0.31564
-0.31564
0
0
0
0
0
0
0
0
0
0
0
2.045
0
0
0
0
0
0
0
0
0
0
0
0
0
-0.13112
-0.1045
0
0
0
0
0
0
0
0
0
0
0
0
0
0
0
17.374
-0.56192
-3.7381
0
0
0
0
-6.4192
0
0
-6.4192
0
0
0
0
0
0
0
-2.2723
0
0
0
0
0
0
0
0
0
0
0
-0.56192
2.8343
0
0
0
0
0
0
0
0
0
0
0
0
0
0
0
0
0
0
0
0
0
0
0
0
0
0
0
0
-3.7381
0
4.8554
-1.1173
0
0
0
0
0
0
0
0
-5.4409
0
0
0
0
0
0
0
0
0
0
0
0
0
0
0
0
0
0
0
-1.1173
6.5582
0
0
0
0
0
0
0
0
0
0
-8.0496
0
0
0
0
0
0
0
0
0
0
0
0
0
0
0
0
0
0
0
8.0496
0
0
0
0
0
0
0
0
0
0
0
0
0
0
-0.60454
0
0
0
0
0
0
0
0
0
0
0
0
0
0
0
0.60454
0
0
0
0
0
0
0
0
0
0
0
0
-0.52185
0
0
0
0
0
0
0
0
0
0
0
0
0
0
0
0
0
0.52185
0
0
0
0
0
0
0
0
0
0
0
0
0
0
0
0
0
0
0
0
0
0
0
-6.4192
0
0
0
0
0
0
6.4192
0
0
0
0
0
0
0
0
0
0
0
0
0
0
0
0
0
0
0
0
-0.20437
0
0
0
0
0
0
0
0
0
0.20437
0
0
-8.9102
0
0
0
0
0
0
0
0
0
0
0
0
0
0
0
0
0
0
0
0
0
0
0
0
0
0
0
8.9102
0
0
0
0
0
0
0
0
0
0
0
0
0
0
0
0
0
0
0
0
-6.4192
0
0
0
0
0
0
0
0
0
6.4192
