23.7305
-0.84439
-0.7946
-0.79898
-0.82904
-0.67907
-0.68818
-0.67907
-0.67907
-0.67907
-0.72567
-0.73634
-0.73815
-0.77139
-0.75015
-0.77139
-0.71874
-1.1177
0
0
0
0
0
0
0
0
0
-10.7295
0
0
-0.84439
22.8276
-0.78666
-0.78289
-0.82211
-0.67386
-0.67713
-0.67386
-0.67386
-0.67386
-0.72809
-0.72923
-0.73279
-0.76398
-0.74159
-0.76398
-0.71218
0
-0.2617
0
0
0
0
0
0
-10.7855
0
0
0
0
-0.7946
-0.78666
12.424
-0.76795
-0.78627
-0.64227
-0.65411
-0.64227
-0.64227
-0.64227
-0.6897
-0.69776
-0.69926
-0.72728
-0.71029
-0.72728
-0.68124
0
0
-1.1325
0
0
0
0
0
0
0
0
0
0
-0.79898
-0.78289
-0.76795
12.1953
-0.78235
-0.64125
-0.65358
-0.64125
-0.64125
-0.64125
-0.68866
-0.69709
-0.69858
-0.72258
-0.70962
-0.72258
-0.68056
0
0
0
0
-0.92485
0
0
0
0
0
0
0
0
-0.82904
-0.82211
-0.78627
-0.78235
21.9667
-0.66318
-0.67031
-0.66318
-0.66318
-0.66318
-0.7113
-0.7198
-0.72136
-0.75974
-0.73283
-0.75974
-0.7032
0
0
0
0
0
0
-10.3159
0
0
0
0
0
0
-0.67907
-0.67386
-0.64227
-0.64125
-0.66318
9.5946
-0.56638
-0.52349
-0.52349
-0.52349
-0.57982
-0.58709
-0.58787
-0.61619
-0.59608
-0.61619
-0.57491
0
0
0
0
0
0
0
0
0
0
0
0
0
-0.68818
-0.67713
-0.65411
-0.65358
-0.67031
-0.56638
9.2194
-0.56638
-0.56638
-0.56638
-0.5558
-0.57185
-0.57184
-0.59048
-0.57842
-0.59048
0
0
0
0
-0.15175
0
0
0
0
0
0
0
0
0
-0.67907
-0.67386
-0.64227
-0.64125
-0.66318
-0.52349
-0.56638
9.5946
-0.52349
-0.52349
-0.57982
-0.58709
-0.58787
-0.61619
-0.59608
-0.61619
-0.57491
0
0
0
0
0
0
0
0
0
0
0
0
0
-0.67907
-0.67386
-0.64227
-0.64125
-0.66318
-0.52349
-0.56638
-0.52349
9.5946
-0.52349
-0.57982
-0.58709
-0.58787
-0.61619
-0.59608
-0.61619
-0.57491
0
0
0
0
0
0
0
0
0
0
0
0
0
-0.67907
-0.67386
-0.64227
-0.64125
-0.66318
-0.52349
-0.56638
-0.52349
-0.52349
9.5946
-0.57982
-0.58709
-0.58787
-0.61619
-0.59608
-0.61619
-0.57491
0
0
0
0
0
0
0
0
0
0
0
0
0
-0.72567
-0.72809
-0.6897
-0.68866
-0.7113
-0.57982
-0.5558
-0.57982
-0.57982
-0.57982
7.9301
-0.67341
-0.58966
0
0
0
0
0
-0.24856
0
0
0
0
0
0
0
0
0
0
0
-0.73634
-0.72923
-0.69776
-0.69709
-0.7198
-0.58709
-0.57185
-0.58709
-0.58709
-0.58709
-0.67341
8.5093
-0.63264
0
-0.70278
0
0
0
0
0
0
0
0
0
0
0
0
0
0
0
-0.73815
-0.73279
-0.69926
-0.69858
-0.72136
-0.58787
-0.57184
-0.58787
-0.58787
-0.58787
-0.58966
-0.63264
7.7358
0
0
0
0
0
0
0
0
0
0
0
0
0
0
0
0
0
-0.77139
-0.76398
-0.72728
-0.72258
-0.75974
-0.61619
-0.59048
-0.61619
-0.61619
-0.61619
0
0
0
14.0185
0
0
0
0
0
0
0
0
0
0
0
0
-7.2183
0
0
0
-0.75015
-0.74159
-0.71029
-0.70962
-0.73283
-0.59608
-0.57842
-0.59608
-0.59608
-0.59608
0
-0.70278
0
0
7.31
0
0
0
0
0
0
0
0
0
0
0
0
0
0
0
-0.77139
-0.76398
-0.72728
-0.72258
-0.75974
-0.61619
-0.59048
-0.61619
-0.61619
-0.61619
0
0
0
0
0
14.0185
0
0
0
0
0
0
0
0
0
0
0
0
0
-7.2183
-0.71874
-0.71218
-0.68124
-0.68056
-0.7032
-0.57491
0
-0.57491
-0.57491
-0.57491
0
0
0
0
0
0
5.7956
0
0
0
0
0
0
0
0
0
0
0
0
0
-1.1177
0
0
0
0
0
0
0
0
0
0
0
0
0
0
0
0
3.2703
0
-0.97448
-1.1781
0
0
0
0
0
0
0
0
0
0
-0.2617
0
0
0
0
0
0
0
0
-0.24856
0
0
0
0
0
0
0
0.61476
0
0
0
0
0
-0.1045
0
0
0
0
0
0
0
-1.1325
0
0
0
0
0
0
0
0
0
0
0
0
0
0
-0.97448
0
4.4441
0
0
-2.3371
0
0
0
0
0
0
0
0
0
0
0
0
0
-0.15175
0
0
0
0
0
0
0
0
0
0
-1.1781
0
0
1.7749
0
0
0
0
0
0
0
-0.44505
0
0
0
0
-0.92485
0
0
0
0
0
0
0
0
0
0
0
0
0
0
0
0
0
2.8035
-1.8786
0
0
0
0
0
0
0
0
0
0
0
0
0
0
0
0
0
0
0
0
0
0
0
0
0
0
-2.3371
0
-1.8786
4.2157
0
0
0
0
0
0
0
0
0
0
0
-10.3159
0
0
0
0
0
0
0
0
0
0
0
0
0
0
0
0
0
0
10.3159
0
0
0
0
0
0
0
0
0
0
0
0
0
0
0
0
0
0
0
0
0
0
0
0
-0.1045
0
0
0
0
0
0.1045
0
0
0
0
0
0
-10.7855
0
0
0
0
0
0
0
0
0
0
0
0
0
0
0
0
0
0
0
0
0
0
0
10.7855
0
0
0
0
0
0
0
0
0
0
0
0
0
0
0
0
0
-7.2183
0
0
0
0
0
0
0
0
0
0
0
0
7.2183
0
0
0
-10.7295
0
0
0
0
0
0
0
0
0
0
0
0
0
0
0
0
0
0
0
0
0
0
0
0
0
0
10.7295
0
0
0
0
0
0
0
0
0
0
0
0
0
0
0
0
0
0
0
0
0
0
-0.44505
0
0
0
0
0
0
0
0.44505
0
0
0
0
0
0
0
0
0
0
0
0
0
0
0
0
-7.2183
0
0
0
0
0
0
0
0
0
0
0
0
0
7.2183
