23.7901
-0.67627
-0.67627
-0.67617
-0.67617
-0.64201
-0.71488
-0.70219
-0.71111
-0.63124
-0.63124
-0.63124
-0.64279
-0.64279
-0.84729
-0.74799
-0.56914
0
0
-0.13424
-0.79844
0
0
0
-12.0386
0
0
0
0
0
-0.67627
11.4624
-0.63732
-0.64213
-0.64213
-0.60764
-0.67873
-0.66287
-0.66971
-0.5969
-0.5969
-0.5969
-0.60766
-0.60766
-0.82183
-0.70436
-0.53938
0
-0.42404
0
-0.74993
0
0
0
0
0
0
0
0
0
-0.67627
-0.63732
11.4624
-0.64213
-0.64213
-0.60764
-0.67873
-0.66287
-0.66971
-0.5969
-0.5969
-0.5969
-0.60766
-0.60766
-0.82183
-0.70436
-0.53938
0
-0.42404
0
-0.74993
0
0
0
0
0
0
0
0
0
-0.67617
-0.64213
-0.64213
21.6986
-0.64191
-0.6039
-0.66329
-0.66048
-0.66276
-0.59445
-0.59445
-0.59445
-0.60515
-0.60515
-0.79844
-0.70213
-0.53462
0
0
0
0
0
-11.477
0
0
0
0
0
0
0
-0.67617
-0.64213
-0.64213
-0.64191
21.6986
-0.6039
-0.66329
-0.66048
-0.66276
-0.59445
-0.59445
-0.59445
-0.60515
-0.60515
-0.79844
-0.70213
-0.53462
0
0
0
0
0
0
0
0
0
0
0
0
-11.477
-0.64201
-0.60764
-0.60764
-0.6039
-0.6039
9.7354
-0.62963
-0.62661
-0.62692
-0.56426
-0.56426
-0.56426
-0.57428
-0.57428
-0.77694
-0.66267
-0.5062
0
0
0
0
0
0
0
0
0
0
0
0
0
-0.71488
-0.67873
-0.67873
-0.66329
-0.66329
-0.62963
19.7201
-0.7063
-0.7117
-0.63295
-0.63295
-0.63295
-0.64453
-0.64453
0
0
0
-0.36828
0
0
0
0
0
0
0
0
0
0
-10.7174
0
-0.70219
-0.66287
-0.66287
-0.66048
-0.66048
-0.62661
-0.7063
9.2508
-0.71078
-0.61801
-0.61801
-0.61801
-0.62925
-0.62925
0
-0.74566
0
0
0
0
0
0
0
0
0
0
0
0
0
0
-0.71111
-0.66971
-0.66971
-0.66276
-0.66276
-0.62692
-0.7117
-0.71078
10.7849
-0.61938
-0.61938
-0.61938
-0.63065
-0.63065
0
0
0
0
0
0
0
-2.24
0
0
0
0
0
0
0
0
-0.63124
-0.5969
-0.5969
-0.59445
-0.59445
-0.56426
-0.63295
-0.61801
-0.61938
7.5878
-0.53017
-0.53017
-0.53947
-0.53947
0
0
0
0
0
0
0
0
0
0
0
0
0
0
0
0
-0.63124
-0.5969
-0.5969
-0.59445
-0.59445
-0.56426
-0.63295
-0.61801
-0.61938
-0.53017
7.5878
-0.53017
-0.53947
-0.53947
0
0
0
0
0
0
0
0
0
0
0
0
0
0
0
0
-0.63124
-0.5969
-0.5969
-0.59445
-0.59445
-0.56426
-0.63295
-0.61801
-0.61938
-0.53017
-0.53017
7.5878
-0.53947
-0.53947
0
0
0
0
0
0
0
0
0
0
0
0
0
0
0
0
-0.64279
-0.60766
-0.60766
-0.60515
-0.60515
-0.57428
-0.64453
-0.62925
-0.63065
-0.53947
-0.53947
-0.53947
7.1655
0
0
0
0
0
0
0
0
0
0
0
0
0
0
0
0
0
-0.64279
-0.60766
-0.60766
-0.60515
-0.60515
-0.57428
-0.64453
-0.62925
-0.63065
-0.53947
-0.53947
-0.53947
0
7.1655
0
0
0
0
0
0
0
0
0
0
0
0
0
0
0
0
-0.84729
-0.82183
-0.82183
-0.79844
-0.79844
-0.77694
0
0
0
0
0
0
0
0
8.8042
0
0
0
0
0
0
0
0
-3.9395
0
0
0
0
0
0
-0.74799
-0.70436
-0.70436
-0.70213
-0.70213
-0.66267
0
-0.74566
0
0
0
0
0
0
0
4.9693
0
0
0
0
0
0
0
0
0
0
0
0
0
0
-0.56914
-0.53938
-0.53938
-0.53462
-0.53462
-0.5062
0
0
0
0
0
0
0
0
0
0
3.2233
0
0
0
0
0
0
0
0
0
0
0
0
0
0
0
0
0
0
0
-0.36828
0
0
0
0
0
0
0
0
0
0
3.5372
-0.42102
-0.29443
0
-2.1475
0
0
0
0
0
-0.30602
0
0
0
-0.42404
-0.42404
0
0
0
0
0
0
0
0
0
0
0
0
0
0
-0.42102
1.3791
0
0
0
0
0
0
-0.11006
0
0
0
0
-0.13424
0
0
0
0
0
0
0
0
0
0
0
0
0
0
0
0
-0.29443
0
0.53317
0
0
0
0
0
0
-0.1045
0
0
0
-0.79844
-0.74993
-0.74993
0
0
0
0
0
0
0
0
0
0
0
0
0
0
0
0
0
2.2983
0
0
0
0
0
0
0
0
0
0
0
0
0
0
0
0
0
-2.24
0
0
0
0
0
0
0
0
-2.1475
0
0
0
4.3875
0
0
0
0
0
0
0
0
0
0
0
-11.477
0
0
0
0
0
0
0
0
0
0
0
0
0
0
0
0
0
0
11.477
0
0
0
0
0
0
0
0
0
0
0
0
0
0
0
0
0
0
0
0
0
-3.9395
0
0
0
0
0
0
0
0
3.9395
0
0
0
0
0
0
-12.0386
0
0
0
0
0
0
0
0
0
0
0
0
0
0
0
0
0
0
0
0
0
0
0
12.0386
0
0
0
0
0
0
0
0
0
0
0
0
0
0
0
0
0
0
0
0
0
0
0
-0.11006
0
0
0
0
0
0
0.11006
0
0
0
0
0
0
0
0
0
0
0
0
0
0
0
0
0
0
0
0
0
0
0
-0.1045
0
0
0
0
0
0
0.1045
0
0
0
0
0
0
0
0
0
0
0
0
0
0
0
0
0
0
0
0
-0.30602
0
0
0
0
0
0
0
0
0
0.30602
0
0
0
0
0
0
0
0
-10.7174
0
0
0
0
0
0
0
0
0
0
0
0
0
0
0
0
0
0
0
0
0
10.7174
0
0
0
0
0
-11.477
0
0
0
0
0
0
0
0
0
0
0
0
0
0
0
0
0
0
0
0
0
0
0
0
11.477
