17.5672
-0.48988
-0.49888
-0.46702
-0.46702
-0.46702
-0.46702
-0.44191
-0.44168
-0.43811
-0.42949
-0.45286
-0.45845
-0.46565
-0.46653
-0.43919
0
0
-2.075
0
0
0
0
0
0
0
0
0
0
-8.6014
-0.48988
17.5672
-0.49888
-0.46702
-0.46702
-0.46702
-0.46702
-0.44191
-0.44168
-0.43811
-0.42949
-0.45286
-0.45845
-0.46565
-0.46653
-0.43919
0
0
-2.075
-8.6014
0
0
0
0
0
0
0
0
0
0
-0.49888
-0.49888
15.2868
-0.47335
-0.47335
-0.47335
-0.47335
-0.44611
-0.44309
-0.44174
-0.43075
-0.45657
-0.46
-0.46676
-0.47175
-0.44384
0
0
0
0
0
0
0
0
0
0
-8.335
0
0
0
-0.46702
-0.46702
-0.47335
6.5608
-0.42926
-0.42926
-0.42926
-0.42917
-0.4276
-0.42025
-0.41524
-0.43158
-0.43386
-0.44111
-0.44805
-0.41878
0
0
0
0
0
0
0
0
0
0
0
0
0
0
-0.46702
-0.46702
-0.47335
-0.42926
6.5608
-0.42926
-0.42926
-0.42917
-0.4276
-0.42025
-0.41524
-0.43158
-0.43386
-0.44111
-0.44805
-0.41878
0
0
0
0
0
0
0
0
0
0
0
0
0
0
-0.46702
-0.46702
-0.47335
-0.42926
-0.42926
6.5608
-0.42926
-0.42917
-0.4276
-0.42025
-0.41524
-0.43158
-0.43386
-0.44111
-0.44805
-0.41878
0
0
0
0
0
0
0
0
0
0
0
0
0
0
-0.46702
-0.46702
-0.47335
-0.42926
-0.42926
-0.42926
6.5608
-0.42917
-0.4276
-0.42025
-0.41524
-0.43158
-0.43386
-0.44111
-0.44805
-0.41878
0
0
0
0
0
0
0
0
0
0
0
0
0
0
-0.44191
-0.44191
-0.44611
-0.42917
-0.42917
-0.42917
-0.42917
5.3556
-0.39134
-0.39177
-0.3778
-0.40522
-0.39836
0
0
0
-0.18764
-0.15682
0
0
0
0
0
0
0
0
0
0
0
0
-0.44168
-0.44168
-0.44309
-0.4276
-0.4276
-0.4276
-0.4276
-0.39134
23.7966
-0.38875
-0.36501
-0.40697
-0.39932
0
0
0
0
0
0
0
0
0
0
0
0
0
0
-9.4042
-9.4042
0
-0.43811
-0.43811
-0.44174
-0.42025
-0.42025
-0.42025
-0.42025
-0.39177
-0.38875
5.159
-0.37932
-0.40723
-0.39853
0
0
0
-0.19439
0
0
0
0
0
0
0
0
0
0
0
0
0
-0.42949
-0.42949
-0.43075
-0.41524
-0.41524
-0.41524
-0.41524
-0.3778
-0.36501
-0.37932
22.1478
-0.40085
0
0
0
0
0
0
0
0
0
-8.8371
0
0
-8.8371
0
0
0
0
0
-0.45286
-0.45286
-0.45657
-0.43158
-0.43158
-0.43158
-0.43158
-0.40522
-0.40697
-0.40723
-0.40085
5.1203
-0.41136
0
0
0
0
0
0
0
0
0
0
0
0
0
0
0
0
0
-0.45845
-0.45845
-0.46
-0.43386
-0.43386
-0.43386
-0.43386
-0.39836
-0.39932
-0.39853
0
-0.41136
9.521
0
0
0
0
0
0
0
0
0
0
-4.8011
0
0
0
0
0
0
-0.46565
-0.46565
-0.46676
-0.44111
-0.44111
-0.44111
-0.44111
0
0
0
0
0
0
3.4207
0
0
0
0
0
0
0
0
0
0
0
-0.25823
0
0
0
0
-0.46653
-0.46653
-0.47175
-0.44805
-0.44805
-0.44805
-0.44805
0
0
0
0
0
0
0
3.3919
0
0
-0.1949
0
0
0
0
0
0
0
0
0
0
0
0
-0.43919
-0.43919
-0.44384
-0.41878
-0.41878
-0.41878
-0.41878
0
0
0
0
0
0
0
0
2.9973
0
0
0
0
0
0
0
0
0
0
0
0
0
0
0
0
0
0
0
0
0
-0.18764
0
-0.19439
0
0
0
0
0
0
0.50861
0
0
0
0
0
-0.12659
0
0
0
0
0
0
0
0
0
0
0
0
0
0
-0.15682
0
0
0
0
0
0
-0.1949
0
0
0.45623
0
0
-0.1045
0
0
0
0
0
0
0
0
0
-2.075
-2.075
0
0
0
0
0
0
0
0
0
0
0
0
0
0
0
0
4.15
0
0
0
0
0
0
0
0
0
0
0
0
-8.6014
0
0
0
0
0
0
0
0
0
0
0
0
0
0
0
0
0
8.6014
0
0
0
0
0
0
0
0
0
0
0
0
0
0
0
0
0
0
0
0
0
0
0
0
0
0
0
-0.1045
0
0
0.1045
0
0
0
0
0
0
0
0
0
0
0
0
0
0
0
0
0
0
0
-8.8371
0
0
0
0
0
0
0
0
0
0
8.8371
0
0
0
0
0
0
0
0
0
0
0
0
0
0
0
0
0
0
0
0
0
0
0
0
-0.12659
0
0
0
0
0
0.12659
0
0
0
0
0
0
0
0
0
0
0
0
0
0
0
0
0
0
0
-4.8011
0
0
0
0
0
0
0
0
0
0
4.8011
0
0
0
0
0
0
0
0
0
0
0
0
0
0
0
0
-8.8371
0
0
0
0
0
0
0
0
0
0
0
0
0
8.8371
0
0
0
0
0
0
0
0
0
0
0
0
0
0
0
0
0
0
-0.25823
0
0
0
0
0
0
0
0
0
0
0
0.25823
0
0
0
0
0
0
-8.335
0
0
0
0
0
0
0
0
0
0
0
0
0
0
0
0
0
0
0
0
0
0
0
8.335
0
0
0
0
0
0
0
0
0
0
0
-9.4042
0
0
0
0
0
0
0
0
0
0
0
0
0
0
0
0
0
0
9.4042
0
0
0
0
0
0
0
0
0
0
-9.4042
0
0
0
0
0
0
0
0
0
0
0
0
0
0
0
0
0
0
0
9.4042
0
-8.6014
0
0
0
0
0
0
0
0
0
0
0
0
0
0
0
0
0
0
0
0
0
0
0
0
0
0
0
0
8.6014
