38.2525
-0.88107
-0.88107
-0.88093
-0.88093
-0.88093
-0.84301
-0.84301
-0.84301
-0.84301
-0.84301
-0.92491
-0.8997
-0.91437
-0.91437
-0.90175
-0.90175
-0.77067
-0.77067
-0.93408
-0.88099
-0.81866
0
0
0
0
-10.0003
0
-10.0003
0
-0.88107
19.2408
-0.80475
-0.82332
-0.82332
-0.82332
-0.78891
-0.78891
-0.78891
-0.78891
-0.78891
-0.92357
-0.83012
-0.84349
-0.84349
-0.89841
-0.89841
-0.71212
-0.71212
-0.87639
-0.80252
-0.71818
0
-2.0817
0
0
0
0
0
0
-0.88107
-0.80475
19.2408
-0.82332
-0.82332
-0.82332
-0.78891
-0.78891
-0.78891
-0.78891
-0.78891
-0.92357
-0.83012
-0.84349
-0.84349
-0.89841
-0.89841
-0.71212
-0.71212
-0.87639
-0.80252
-0.71818
0
-2.0817
0
0
0
0
0
0
-0.88093
-0.82332
-0.82332
16.655
-0.82601
-0.82601
-0.80111
-0.80111
-0.80111
-0.80111
-0.80111
-0.93505
-0.84354
-0.85715
-0.85715
-0.90388
-0.90388
-0.72345
-0.72345
-0.90581
-0.81646
0
0
0
0
0
0
0
0
0
-0.88093
-0.82332
-0.82332
-0.82601
16.655
-0.82601
-0.80111
-0.80111
-0.80111
-0.80111
-0.80111
-0.93505
-0.84354
-0.85715
-0.85715
-0.90388
-0.90388
-0.72345
-0.72345
-0.90581
-0.81646
0
0
0
0
0
0
0
0
0
-0.88093
-0.82332
-0.82332
-0.82601
-0.82601
16.655
-0.80111
-0.80111
-0.80111
-0.80111
-0.80111
-0.93505
-0.84354
-0.85715
-0.85715
-0.90388
-0.90388
-0.72345
-0.72345
-0.90581
-0.81646
0
0
0
0
0
0
0
0
0
-0.84301
-0.78891
-0.78891
-0.80111
-0.80111
-0.80111
14.2636
-0.73344
-0.73344
-0.73344
-0.73344
-0.90146
-0.8129
-0.82595
-0.82595
-0.87215
-0.87215
-0.69756
-0.69756
0
0
0
0
0
0
0
0
0
0
0
-0.84301
-0.78891
-0.78891
-0.80111
-0.80111
-0.80111
-0.73344
14.2636
-0.73344
-0.73344
-0.73344
-0.90146
-0.8129
-0.82595
-0.82595
-0.87215
-0.87215
-0.69756
-0.69756
0
0
0
0
0
0
0
0
0
0
0
-0.84301
-0.78891
-0.78891
-0.80111
-0.80111
-0.80111
-0.73344
-0.73344
14.2636
-0.73344
-0.73344
-0.90146
-0.8129
-0.82595
-0.82595
-0.87215
-0.87215
-0.69756
-0.69756
0
0
0
0
0
0
0
0
0
0
0
-0.84301
-0.78891
-0.78891
-0.80111
-0.80111
-0.80111
-0.73344
-0.73344
-0.73344
14.2636
-0.73344
-0.90146
-0.8129
-0.82595
-0.82595
-0.87215
-0.87215
-0.69756
-0.69756
0
0
0
0
0
0
0
0
0
0
0
-0.84301
-0.78891
-0.78891
-0.80111
-0.80111
-0.80111
-0.73344
-0.73344
-0.73344
-0.73344
14.2636
-0.90146
-0.8129
-0.82595
-0.82595
-0.87215
-0.87215
-0.69756
-0.69756
0
0
0
0
0
0
0
0
0
0
0
-0.92491
-0.92357
-0.92357
-0.93505
-0.93505
-0.93505
-0.90146
-0.90146
-0.90146
-0.90146
-0.90146
15.06
0
0
0
0
0
0
0
0
0
0
-0.61539
0
0
0
0
-4.3601
0
0
-0.8997
-0.83012
-0.83012
-0.84354
-0.84354
-0.84354
-0.8129
-0.8129
-0.8129
-0.8129
-0.8129
0
11.0337
-0.93932
-0.93932
0
0
0
0
0
0
0
0
0
0
0
0
0
0
0
-0.91437
-0.84349
-0.84349
-0.85715
-0.85715
-0.85715
-0.82595
-0.82595
-0.82595
-0.82595
-0.82595
0
-0.93932
10.2419
0
0
0
0
0
0
0
0
0
0
0
0
0
0
0
0
-0.91437
-0.84349
-0.84349
-0.85715
-0.85715
-0.85715
-0.82595
-0.82595
-0.82595
-0.82595
-0.82595
0
-0.93932
0
10.2419
0
0
0
0
0
0
0
0
0
0
0
0
0
0
0
-0.90175
-0.89841
-0.89841
-0.90388
-0.90388
-0.90388
-0.87215
-0.87215
-0.87215
-0.87215
-0.87215
0
0
0
0
13.7373
0
0
0
0
0
0
0
0
-3.9663
0
0
0
0
0
-0.90175
-0.89841
-0.89841
-0.90388
-0.90388
-0.90388
-0.87215
-0.87215
-0.87215
-0.87215
-0.87215
0
0
0
0
0
13.7373
0
0
0
0
0
0
0
0
0
0
0
0
-3.9663
-0.77067
-0.71212
-0.71212
-0.72345
-0.72345
-0.72345
-0.69756
-0.69756
-0.69756
-0.69756
-0.69756
0
0
0
0
0
0
7.853
0
0
0
0
0
0
0
0
0
0
0
0
-0.77067
-0.71212
-0.71212
-0.72345
-0.72345
-0.72345
-0.69756
-0.69756
-0.69756
-0.69756
-0.69756
0
0
0
0
0
0
0
7.853
0
0
0
0
0
0
0
0
0
0
0
-0.93408
-0.87639
-0.87639
-0.90581
-0.90581
-0.90581
0
0
0
0
0
0
0
0
0
0
0
0
0
6.0201
0
0
-0.61579
0
0
0
0
0
0
0
-0.88099
-0.80252
-0.80252
-0.81646
-0.81646
-0.81646
0
0
0
0
0
0
0
0
0
0
0
0
0
0
4.9354
0
0
0
0
0
0
0
0
0
-0.81866
-0.71818
-0.71818
0
0
0
0
0
0
0
0
0
0
0
0
0
0
0
0
0
0
2.255
0
0
0
0
0
0
0
0
0
0
0
0
0
0
0
0
0
0
0
-0.61539
0
0
0
0
0
0
0
-0.61579
0
0
1.8943
0
0
-0.66314
0
0
0
0
0
-2.0817
-2.0817
0
0
0
0
0
0
0
0
0
0
0
0
0
0
0
0
0
0
0
0
4.1633
0
0
0
0
0
0
0
0
0
0
0
0
0
0
0
0
0
0
0
0
0
-3.9663
0
0
0
0
0
0
0
0
3.9663
0
0
0
0
0
0
0
0
0
0
0
0
0
0
0
0
0
0
0
0
0
0
0
0
0
0
0
-0.66314
0
0
0.66314
0
0
0
0
-10.0003
0
0
0
0
0
0
0
0
0
0
0
0
0
0
0
0
0
0
0
0
0
0
0
0
0
10.0003
0
0
0
0
0
0
0
0
0
0
0
0
0
0
-4.3601
0
0
0
0
0
0
0
0
0
0
0
0
0
0
0
4.3601
0
0
-10.0003
0
0
0
0
0
0
0
0
0
0
0
0
0
0
0
0
0
0
0
0
0
0
0
0
0
0
0
10.0003
0
0
0
0
0
0
0
0
0
0
0
0
0
0
0
0
0
-3.9663
0
0
0
0
0
0
0
0
0
0
0
0
3.9663
