17.3483
-0.93442
-0.91706
-0.94162
-0.76385
-0.76385
-0.76385
-0.86543
-0.86279
-0.80571
-0.80571
-0.91197
-0.8385
-0.8385
-0.8385
-1.0456
-0.78279
-0.84241
-0.90856
-0.85176
-1.0654
0
0
0
0
0
0
0
0
0
-0.93442
26.0539
-0.93759
-0.97833
-0.77885
-0.77885
-0.77885
-0.88389
-0.88362
-0.82495
-0.82495
-0.93298
-0.8587
-0.8587
-0.8587
-1.0441
-0.80143
-0.82493
-0.93125
-0.87739
0
0
0
0
0
0
0
-9.4615
0
0
-0.91706
-0.93759
16.9501
-0.97793
-0.76094
-0.76094
-0.76094
-0.86107
-0.85826
-0.80146
-0.80146
-0.91539
-0.83357
-0.83357
-0.83357
-1.0463
-0.77844
-0.84249
-0.90252
-0.84578
0
0
-0.6808
0
0
0
0
0
0
0
-0.94162
-0.97833
-0.97793
25.9587
-0.80301
-0.80301
-0.80301
-0.88989
-0.88978
-0.83059
-0.83059
-0.93253
-0.865
-0.865
-0.865
-1.0493
-0.80717
-0.82482
-0.93872
0
-0.99606
0
0
0
0
0
0
0
0
-9.0673
-0.76385
-0.77885
-0.76094
-0.80301
13.7979
-0.64074
-0.64074
-0.72811
-0.72496
-0.67772
-0.67772
-0.76799
-0.70437
-0.70437
-0.70437
-0.87286
-0.65796
-0.71415
-0.76174
-0.71345
0
0
0
0
0
0
0
0
0
0
-0.76385
-0.77885
-0.76094
-0.80301
-0.64074
13.7979
-0.64074
-0.72811
-0.72496
-0.67772
-0.67772
-0.76799
-0.70437
-0.70437
-0.70437
-0.87286
-0.65796
-0.71415
-0.76174
-0.71345
0
0
0
0
0
0
0
0
0
0
-0.76385
-0.77885
-0.76094
-0.80301
-0.64074
-0.64074
13.7979
-0.72811
-0.72496
-0.67772
-0.67772
-0.76799
-0.70437
-0.70437
-0.70437
-0.87286
-0.65796
-0.71415
-0.76174
-0.71345
0
0
0
0
0
0
0
0
0
0
-0.86543
-0.88389
-0.86107
-0.88989
-0.72811
-0.72811
-0.72811
12.913
-0.82889
-0.77306
-0.77306
-0.87995
-0.80606
-0.80606
-0.80606
0
-0.75424
-0.80104
0
0
0
0
0
0
0
0
0
0
0
0
-0.86279
-0.88362
-0.85826
-0.88978
-0.72496
-0.72496
-0.72496
-0.82889
12.1095
-0.77237
-0.77237
-0.87953
-0.80879
-0.80879
-0.80879
0
-0.76066
0
0
0
0
0
0
0
0
0
0
0
0
0
-0.80571
-0.82495
-0.80146
-0.83059
-0.67772
-0.67772
-0.67772
-0.77306
-0.77237
10.5659
-0.68472
-0.80002
-0.74661
-0.74661
-0.74661
0
0
0
0
0
0
0
0
0
0
0
0
0
0
0
-0.80571
-0.82495
-0.80146
-0.83059
-0.67772
-0.67772
-0.67772
-0.77306
-0.77237
-0.68472
10.5659
-0.80002
-0.74661
-0.74661
-0.74661
0
0
0
0
0
0
0
0
0
0
0
0
0
0
0
-0.91197
-0.93298
-0.91539
-0.93253
-0.76799
-0.76799
-0.76799
-0.87995
-0.87953
-0.80002
-0.80002
9.7194
0
0
0
0
0
0
0
0
0
-0.36302
0
0
0
0
0
0
0
0
-0.8385
-0.8587
-0.83357
-0.865
-0.70437
-0.70437
-0.70437
-0.80606
-0.80879
-0.74661
-0.74661
0
8.617
0
0
0
0
0
0
0
0
0
0
0
0
0
0
0
0
0
-0.8385
-0.8587
-0.83357
-0.865
-0.70437
-0.70437
-0.70437
-0.80606
-0.80879
-0.74661
-0.74661
0
0
8.617
0
0
0
0
0
0
0
0
0
0
0
0
0
0
0
0
-0.8385
-0.8587
-0.83357
-0.865
-0.70437
-0.70437
-0.70437
-0.80606
-0.80879
-0.74661
-0.74661
0
0
0
8.617
0
0
0
0
0
0
0
0
0
0
0
0
0
0
0
-1.0456
-1.0441
-1.0463
-1.0493
-0.87286
-0.87286
-0.87286
0
0
0
0
0
0
0
0
11.436
0
0
0
0
0
0
-0.82625
0
-3.8059
0
0
0
0
0
-0.78279
-0.80143
-0.77844
-0.80717
-0.65796
-0.65796
-0.65796
-0.75424
-0.76066
0
0
0
0
0
0
0
6.6586
0
0
0
0
0
0
0
0
0
0
0
0
0
-0.84241
-0.82493
-0.84249
-0.82482
-0.71415
-0.71415
-0.71415
-0.80104
0
0
0
0
0
0
0
0
0
9.9974
0
0
0
0
0
0
0
-3.7193
0
0
0
0
-0.90856
-0.93125
-0.90252
-0.93872
-0.76174
-0.76174
-0.76174
0
0
0
0
0
0
0
0
0
0
0
5.9663
0
0
0
0
0
0
0
0
0
0
0
-0.85176
-0.87739
-0.84578
0
-0.71345
-0.71345
-0.71345
0
0
0
0
0
0
0
0
0
0
0
0
4.7153
0
0
0
0
0
0
0
0
0
0
-1.0654
0
0
-0.99606
0
0
0
0
0
0
0
0
0
0
0
0
0
0
0
0
9.2023
0
0
-4.0252
0
0
0
0
-3.1156
0
0
0
0
0
0
0
0
0
0
0
0
-0.36302
0
0
0
0
0
0
0
0
0
1.2299
-0.50738
0
0
0
-0.35948
0
0
0
0
0
-0.6808
0
0
0
0
0
0
0
0
0
0
0
0
-0.82625
0
0
0
0
0
-0.50738
2.0144
0
0
0
0
0
0
0
0
0
0
0
0
0
0
0
0
0
0
0
0
0
0
0
0
0
0
0
-4.0252
0
0
6.9234
-2.8982
0
0
0
0
0
0
0
0
0
0
0
0
0
0
0
0
0
0
0
0
-3.8059
0
0
0
0
0
0
0
-2.8982
6.7041
0
0
0
0
0
0
0
0
0
0
0
0
0
0
0
0
0
0
0
0
0
0
-3.7193
0
0
0
0
0
0
0
3.7193
0
0
0
0
0
0
0
0
0
0
0
0
0
0
0
0
0
0
0
0
0
0
0
0
0
-0.35948
0
0
0
0
0.35948
0
0
0
0
-9.4615
0
0
0
0
0
0
0
0
0
0
0
0
0
0
0
0
0
0
0
0
0
0
0
0
0
9.4615
0
0
0
0
0
0
0
0
0
0
0
0
0
0
0
0
0
0
0
0
0
0
-3.1156
0
0
0
0
0
0
0
3.1156
0
0
0
0
-9.0673
0
0
0
0
0
0
0
0
0
0
0
0
0
0
0
0
0
0
0
0
0
0
0
0
0
9.0673
