24.436
-0.82382
-0.82407
-0.77441
-0.77441
-0.77441
-0.77441
-0.78321
-0.80569
-0.80948
-0.80948
-0.74203
-0.83957
-0.78092
-0.78092
-0.78092
-0.80845
-0.73252
-0.95706
-0.75736
-0.73252
-0.2922
0
0
0
0
0
0
-8.2781
0
-0.82382
35.1512
-0.82049
-0.77765
-0.77765
-0.77765
-0.77765
-0.78887
-0.80092
-0.81524
-0.81524
-0.74694
-0.83027
-0.78722
-0.78722
-0.78722
-0.81655
-0.73939
-0.93591
-0.7405
-0.73939
0
-9.6327
0
0
0
0
-9.6327
0
0
-0.82407
-0.82049
23.9236
-0.77801
-0.77801
-0.77801
-0.77801
-0.78812
-0.81426
-0.81505
-0.81505
-0.7468
-0.84911
-0.78598
-0.78598
-0.78598
-0.8134
-0.73588
-0.93945
-0.76878
-0.73588
0
0
0
0
0
-7.9873
0
0
0
-0.77441
-0.77765
-0.77801
14.8962
-0.71841
-0.71841
-0.71841
-0.732
-0.76034
-0.75633
-0.75633
-0.69512
-0.79529
-0.72967
-0.72967
-0.72967
-0.75322
-0.68361
-0.87201
-0.73398
-0.68361
0
0
0
0
0
0
0
0
0
-0.77441
-0.77765
-0.77801
-0.71841
14.8962
-0.71841
-0.71841
-0.732
-0.76034
-0.75633
-0.75633
-0.69512
-0.79529
-0.72967
-0.72967
-0.72967
-0.75322
-0.68361
-0.87201
-0.73398
-0.68361
0
0
0
0
0
0
0
0
0
-0.77441
-0.77765
-0.77801
-0.71841
-0.71841
14.8962
-0.71841
-0.732
-0.76034
-0.75633
-0.75633
-0.69512
-0.79529
-0.72967
-0.72967
-0.72967
-0.75322
-0.68361
-0.87201
-0.73398
-0.68361
0
0
0
0
0
0
0
0
0
-0.77441
-0.77765
-0.77801
-0.71841
-0.71841
-0.71841
14.8962
-0.732
-0.76034
-0.75633
-0.75633
-0.69512
-0.79529
-0.72967
-0.72967
-0.72967
-0.75322
-0.68361
-0.87201
-0.73398
-0.68361
0
0
0
0
0
0
0
0
0
-0.78321
-0.78887
-0.78812
-0.732
-0.732
-0.732
-0.732
13.4451
-0.76767
-0.76356
-0.76356
-0.6999
-0.80445
-0.73539
-0.73539
-0.73539
-0.7584
-0.69661
0
0
-0.69661
0
0
0
0
0
0
0
0
0
-0.80569
-0.80092
-0.81426
-0.76034
-0.76034
-0.76034
-0.76034
-0.76767
17.5443
-0.83473
-0.83473
-0.71749
-0.81089
-0.75955
-0.75955
-0.75955
0
0
0
0
0
0
0
0
0
-5.838
0
0
0
0
-0.80948
-0.81524
-0.81505
-0.75633
-0.75633
-0.75633
-0.75633
-0.76356
-0.83473
12.4648
-0.77738
-0.71972
-0.83131
-0.76107
-0.76107
-0.76107
-0.7898
0
0
0
0
0
0
0
0
0
0
0
0
0
-0.80948
-0.81524
-0.81505
-0.75633
-0.75633
-0.75633
-0.75633
-0.76356
-0.83473
-0.77738
12.4648
-0.71972
-0.83131
-0.76107
-0.76107
-0.76107
-0.7898
0
0
0
0
0
0
0
0
0
0
0
0
0
-0.74203
-0.74694
-0.7468
-0.69512
-0.69512
-0.69512
-0.69512
-0.6999
-0.71749
-0.71972
-0.71972
10.6585
-0.73332
-0.68404
-0.68404
-0.68404
0
0
0
0
0
0
0
0
0
0
0
0
0
0
-0.83957
-0.83027
-0.84911
-0.79529
-0.79529
-0.79529
-0.79529
-0.80445
-0.81089
-0.83131
-0.83131
-0.73332
13.7372
0
0
0
0
0
0
0
0
0
0
-4.0259
0
0
0
0
0
0
-0.78092
-0.78722
-0.78598
-0.72967
-0.72967
-0.72967
-0.72967
-0.73539
-0.75955
-0.76107
-0.76107
-0.68404
0
8.9739
0
0
0
0
0
0
0
0
0
0
0
0
0
0
0
0
-0.78092
-0.78722
-0.78598
-0.72967
-0.72967
-0.72967
-0.72967
-0.73539
-0.75955
-0.76107
-0.76107
-0.68404
0
0
8.9739
0
0
0
0
0
0
0
0
0
0
0
0
0
0
0
-0.78092
-0.78722
-0.78598
-0.72967
-0.72967
-0.72967
-0.72967
-0.73539
-0.75955
-0.76107
-0.76107
-0.68404
0
0
0
8.9739
0
0
0
0
0
0
0
0
0
0
0
0
0
0
-0.80845
-0.81655
-0.8134
-0.75322
-0.75322
-0.75322
-0.75322
-0.7584
0
-0.7898
-0.7898
0
0
0
0
0
7.7893
0
0
0
0
0
0
0
0
0
0
0
0
0
-0.73252
-0.73939
-0.73588
-0.68361
-0.68361
-0.68361
-0.68361
-0.69661
0
0
0
0
0
0
0
0
0
5.6389
0
0
0
0
0
0
0
0
0
0
0
0
-0.95706
-0.93591
-0.93945
-0.87201
-0.87201
-0.87201
-0.87201
0
0
0
0
0
0
0
0
0
0
0
6.7291
0
0
-0.40867
0
0
0
0
0
0
0
0
-0.75736
-0.7405
-0.76878
-0.73398
-0.73398
-0.73398
-0.73398
0
0
0
0
0
0
0
0
0
0
0
0
5.3071
0
0
0
0
-0.1045
0
0
0
0
0
-0.73252
-0.73939
-0.73588
-0.68361
-0.68361
-0.68361
-0.68361
-0.69661
0
0
0
0
0
0
0
0
0
0
0
0
5.6389
0
0
0
0
0
0
0
0
0
-0.2922
0
0
0
0
0
0
0
0
0
0
0
0
0
0
0
0
0
-0.40867
0
0
0.88325
0
0
0
0
0
0
0
-0.18238
0
-9.6327
0
0
0
0
0
0
0
0
0
0
0
0
0
0
0
0
0
0
0
0
9.6327
0
0
0
0
0
0
0
0
0
0
0
0
0
0
0
0
0
0
0
-4.0259
0
0
0
0
0
0
0
0
0
0
4.0259
0
0
0
0
0
0
0
0
0
0
0
0
0
0
0
0
0
0
0
0
0
0
0
0
0
-0.1045
0
0
0
0
0.1045
0
0
0
0
0
0
0
0
0
0
0
0
0
-5.838
0
0
0
0
0
0
0
0
0
0
0
0
0
0
0
0
5.838
0
0
0
0
0
0
-7.9873
0
0
0
0
0
0
0
0
0
0
0
0
0
0
0
0
0
0
0
0
0
0
0
7.9873
0
0
0
0
-9.6327
0
0
0
0
0
0
0
0
0
0
0
0
0
0
0
0
0
0
0
0
0
0
0
0
0
9.6327
0
0
-8.2781
0
0
0
0
0
0
0
0
0
0
0
0
0
0
0
0
0
0
0
0
0
0
0
0
0
0
0
8.2781
0
0
0
0
0
0
0
0
0
0
0
0
0
0
0
0
0
0
0
0
0
0
-0.18238
0
0
0
0
0
0
0
0.18238
