13.6932
-0.32183
-0.3178
-0.31053
-0.44279
-0.44135
-0.58082
-0.65394
-0.42006
-0.47405
-0.58082
-0.3887
0
-0.33546
-0.22411
-0.32283
0
-0.298
0
-3.7007
0
0
-3.8794
0
0
0
0
0
0
0
-0.32183
6.2829
-0.29697
-0.28709
-0.40653
-0.41412
-0.53002
-0.59246
-0.45076
-0.46321
-0.53002
-0.36892
-0.5296
-0.33773
-0.19969
-0.29726
0
-0.25667
0
0
0
0
0
0
0
0
0
0
0
0
-0.3178
-0.29697
5.6361
-0.27951
-0.39675
-0.40273
-0.51801
-0.59191
-0.44159
-0.43712
-0.51801
-0.36326
0
-0.31857
-0.19555
-0.30016
0
-0.25818
0
0
0
0
0
0
0
0
0
0
0
0
-0.31053
-0.28709
-0.27951
4.9806
-0.37697
-0.38317
-0.49609
-0.56537
0
-0.41655
-0.49609
-0.34392
0
-0.30478
-0.18873
-0.28996
0
-0.24179
0
0
0
0
0
0
0
0
0
0
0
0
-0.44279
-0.40653
-0.39675
-0.37697
12.8416
0
-0.79383
0
0
0
-0.79383
-0.49881
0
0
0
0
0
0
0
0
0
0
0
0
0
0
0
-9.132
0
0
-0.44135
-0.41412
-0.40273
-0.38317
0
8.9103
0
0
0
-0.59771
0
0
-0.84244
0
0
0
0
0
0
0
0
0
0
0
0
0
0
0
-5.8287
0
-0.58082
-0.53002
-0.51801
-0.49609
-0.79383
0
7.3758
0
0
0
0
0
0
0
0
0
0
0
0
0
0
0
0
-4.457
0
0
0
0
0
0
-0.65394
-0.59246
-0.59191
-0.56537
0
0
0
7.7979
0
0
0
0
0
0
0
0
0
0
0
0
0
-3.5652
0
0
0
0
0
0
0
-1.829
-0.42006
-0.45076
-0.44159
0
0
0
0
0
4.6753
0
0
-0.58769
0
0
0
0
-0.12205
0
0
0
0
0
-2.6531
0
0
0
0
0
0
0
-0.47405
-0.46321
-0.43712
-0.41655
0
-0.59771
0
0
0
3.8125
0
0
0
0
0
0
0
0
0
0
-1.4239
0
0
0
0
0
0
0
0
0
-0.58082
-0.53002
-0.51801
-0.49609
-0.79383
0
0
0
0
0
7.3758
0
0
0
0
0
0
0
0
0
0
0
0
0
0
0
-4.457
0
0
0
-0.3887
-0.36892
-0.36326
-0.34392
-0.49881
0
0
0
-0.58769
0
0
2.5513
0
0
0
0
0
0
0
0
0
0
0
0
0
0
0
0
0
0
0
-0.5296
0
0
0
-0.84244
0
0
0
0
0
0
6.2504
-0.88569
0
0
0
0
-1.4884
-2.5043
0
0
0
0
0
0
0
0
0
0
-0.33546
-0.33773
-0.31857
-0.30478
0
0
0
0
0
0
0
0
-0.88569
2.1822
0
0
0
0
0
0
0
0
0
0
0
0
0
0
0
0
-0.22411
-0.19969
-0.19555
-0.18873
0
0
0
0
0
0
0
0
0
0
0.91256
0
0
0
0
0
0
0
0
0
-0.1045
0
0
0
0
0
-0.32283
-0.29726
-0.30016
-0.28996
0
0
0
0
0
0
0
0
0
0
0
2.7581
0
0
0
0
0
-1.5479
0
0
0
0
0
0
0
0
0
0
0
0
0
0
0
0
-0.12205
0
0
0
0
0
0
0
6.2299
0
-2.3337
0
-2.1164
0
0
0
0
-1.6578
0
0
0
0
-0.298
-0.25667
-0.25818
-0.24179
0
0
0
0
0
0
0
0
0
0
0
0
0
1.0546
0
0
0
0
0
0
0
0
0
0
0
0
0
0
0
0
0
0
0
0
0
0
0
0
-1.4884
0
0
0
-2.3337
0
3.8221
0
0
0
0
0
0
0
0
0
0
0
-3.7007
0
0
0
0
0
0
0
0
0
0
0
-2.5043
0
0
0
0
0
0
6.205
0
0
0
0
0
0
0
0
0
0
0
0
0
0
0
0
0
0
0
-1.4239
0
0
0
0
0
0
-2.1164
0
0
0
3.5402
0
0
0
0
0
0
0
0
0
0
0
0
0
0
0
0
-3.5652
0
0
0
0
0
0
0
-1.5479
0
0
0
0
0
5.1131
0
0
0
0
0
0
0
0
-3.8794
0
0
0
0
0
0
0
-2.6531
0
0
0
0
0
0
0
0
0
0
0
0
0
6.5325
0
0
0
0
0
0
0
0
0
0
0
0
0
-4.457
0
0
0
0
0
0
0
0
0
0
0
0
0
0
0
0
4.457
0
0
0
0
0
0
0
0
0
0
0
0
0
0
0
0
0
0
0
0
-0.1045
0
0
0
0
0
0
0
0
0
0.1045
0
0
0
0
0
0
0
0
0
0
0
0
0
0
0
0
0
0
0
0
0
-1.6578
0
0
0
0
0
0
0
0
1.6578
0
0
0
0
0
0
0
0
0
0
0
0
0
0
-4.457
0
0
0
0
0
0
0
0
0
0
0
0
0
0
0
4.457
0
0
0
0
0
0
0
-9.132
0
0
0
0
0
0
0
0
0
0
0
0
0
0
0
0
0
0
0
0
0
0
9.132
0
0
0
0
0
0
0
-5.8287
0
0
0
0
0
0
0
0
0
0
0
0
0
0
0
0
0
0
0
0
0
0
5.8287
0
0
0
0
0
0
0
0
-1.829
0
0
0
0
0
0
0
0
0
0
0
0
0
0
0
0
0
0
0
0
0
1.829
