26.6607
-0.82408
-0.82408
-0.79259
-0.79488
-0.69895
-0.69895
-0.69895
-0.69895
-0.80234
-0.80234
-0.73916
-0.71838
-0.7495
-0.83301
-0.83301
-0.83301
-0.67822
-0.67822
0
-2.4883
0
0
0
0
0
0
0
-10.4738
0
-0.82408
23.6162
-0.80434
-0.7782
-0.79047
-0.67837
-0.67837
-0.67837
-0.67837
-0.77582
-0.77582
-0.71927
-0.69968
-0.72972
-0.80413
-0.80413
-0.80413
-0.66196
-0.66196
0
0
0
0
-10.2689
0
0
0
0
0
0
-0.82408
-0.80434
23.6162
-0.7782
-0.79047
-0.67837
-0.67837
-0.67837
-0.67837
-0.77582
-0.77582
-0.71927
-0.69968
-0.72972
-0.80413
-0.80413
-0.80413
-0.66196
-0.66196
0
0
0
0
0
0
0
0
-10.2689
0
0
-0.79259
-0.7782
-0.7782
13.1879
-0.7635
-0.65903
-0.65903
-0.65903
-0.65903
-0.74933
-0.74933
-0.70678
-0.67876
-0.70598
-0.77887
-0.77887
-0.77887
-0.64162
-0.64162
-0.22923
0
0
0
0
0
0
0
0
0
0
-0.79488
-0.79047
-0.79047
-0.7635
15.4919
-0.66496
-0.66496
-0.66496
-0.66496
-0.76372
-0.76372
-0.70622
-0.684
-0.7127
-0.7972
-0.7972
-0.7972
-0.64588
-0.64588
0
-2.379
0
0
0
0
0
0
0
0
0
-0.69895
-0.67837
-0.67837
-0.65903
-0.66496
11.4582
-0.57588
-0.57588
-0.57588
-0.65925
-0.65925
-0.61624
-0.5995
-0.62296
-0.68551
-0.68551
-0.68551
-0.56856
-0.56856
0
0
0
0
0
0
0
0
0
0
0
-0.69895
-0.67837
-0.67837
-0.65903
-0.66496
-0.57588
11.4582
-0.57588
-0.57588
-0.65925
-0.65925
-0.61624
-0.5995
-0.62296
-0.68551
-0.68551
-0.68551
-0.56856
-0.56856
0
0
0
0
0
0
0
0
0
0
0
-0.69895
-0.67837
-0.67837
-0.65903
-0.66496
-0.57588
-0.57588
11.4582
-0.57588
-0.65925
-0.65925
-0.61624
-0.5995
-0.62296
-0.68551
-0.68551
-0.68551
-0.56856
-0.56856
0
0
0
0
0
0
0
0
0
0
0
-0.69895
-0.67837
-0.67837
-0.65903
-0.66496
-0.57588
-0.57588
-0.57588
11.4582
-0.65925
-0.65925
-0.61624
-0.5995
-0.62296
-0.68551
-0.68551
-0.68551
-0.56856
-0.56856
0
0
0
0
0
0
0
0
0
0
0
-0.80234
-0.77582
-0.77582
-0.74933
-0.76372
-0.65925
-0.65925
-0.65925
-0.65925
15.8921
-0.80207
-0.711
-0.67379
-0.7186
0
0
0
0
0
0
0
0
-6.4826
0
0
0
0
0
0
0
-0.80234
-0.77582
-0.77582
-0.74933
-0.76372
-0.65925
-0.65925
-0.65925
-0.65925
-0.80207
15.8921
-0.711
-0.67379
-0.7186
0
0
0
0
0
0
0
0
0
0
0
-6.4826
0
0
0
0
-0.73916
-0.71927
-0.71927
-0.70678
-0.70622
-0.61624
-0.61624
-0.61624
-0.61624
-0.711
-0.711
8.3235
-0.6142
0
0
0
0
0
0
-0.23158
0
0
0
0
0
0
0
0
0
0
-0.71838
-0.69968
-0.69968
-0.67876
-0.684
-0.5995
-0.5995
-0.5995
-0.5995
-0.67379
-0.67379
-0.6142
8.4724
-0.63202
0
0
0
0
0
0
0
0
0
0
0
0
0
0
0
0
-0.7495
-0.72972
-0.72972
-0.70598
-0.7127
-0.62296
-0.62296
-0.62296
-0.62296
-0.7186
-0.7186
0
-0.63202
8.1887
0
0
0
0
0
0
0
0
0
0
0
0
0
0
0
0
-0.83301
-0.80413
-0.80413
-0.77887
-0.7972
-0.68551
-0.68551
-0.68551
-0.68551
0
0
0
0
0
8.4104
0
0
0
0
0
0
0
0
0
0
0
0
0
0
-1.651
-0.83301
-0.80413
-0.80413
-0.77887
-0.7972
-0.68551
-0.68551
-0.68551
-0.68551
0
0
0
0
0
0
8.4104
0
0
0
0
0
-1.651
0
0
0
0
0
0
0
0
-0.83301
-0.80413
-0.80413
-0.77887
-0.7972
-0.68551
-0.68551
-0.68551
-0.68551
0
0
0
0
0
0
0
8.4104
0
0
0
0
0
0
0
0
0
-1.651
0
0
0
-0.67822
-0.66196
-0.66196
-0.64162
-0.64588
-0.56856
-0.56856
-0.56856
-0.56856
0
0
0
0
0
0
0
0
5.5639
0
0
0
0
0
0
0
0
0
0
0
0
-0.67822
-0.66196
-0.66196
-0.64162
-0.64588
-0.56856
-0.56856
-0.56856
-0.56856
0
0
0
0
0
0
0
0
0
5.5639
0
0
0
0
0
0
0
0
0
0
0
0
0
0
-0.22923
0
0
0
0
0
0
0
-0.23158
0
0
0
0
0
0
0
0.56531
0
0
0
0
-0.1045
0
0
0
0
0
-2.4883
0
0
0
-2.379
0
0
0
0
0
0
0
0
0
0
0
0
0
0
0
4.8673
0
0
0
0
0
0
0
0
0
0
0
0
0
0
0
0
0
0
0
0
0
0
0
0
-1.651
0
0
0
0
0
1.651
0
0
0
0
0
0
0
0
0
0
0
0
0
0
0
0
0
-6.4826
0
0
0
0
0
0
0
0
0
0
0
0
6.4826
0
0
0
0
0
0
0
0
-10.2689
0
0
0
0
0
0
0
0
0
0
0
0
0
0
0
0
0
0
0
0
0
10.2689
0
0
0
0
0
0
0
0
0
0
0
0
0
0
0
0
0
0
0
0
0
0
0
0
0
-0.1045
0
0
0
0
0.1045
0
0
0
0
0
0
0
0
0
0
0
0
0
0
0
-6.4826
0
0
0
0
0
0
0
0
0
0
0
0
0
0
6.4826
0
0
0
0
0
0
0
0
0
0
0
0
0
0
0
0
0
0
0
0
-1.651
0
0
0
0
0
0
0
0
0
1.651
0
0
0
0
0
-10.2689
0
0
0
0
0
0
0
0
0
0
0
0
0
0
0
0
0
0
0
0
0
0
0
0
10.2689
0
0
-10.4738
0
0
0
0
0
0
0
0
0
0
0
0
0
0
0
0
0
0
0
0
0
0
0
0
0
0
0
10.4738
0
0
0
0
0
0
0
0
0
0
0
0
0
0
0
-1.651
0
0
0
0
0
0
0
0
0
0
0
0
0
0
1.651
