11.6532
-0.93426
-0.1
-0.1
-0.10004
-0.10002
-0.1
-0.44007
-0.81219
-0.95192
-0.31394
-0.61723
-0.97846
-0.9911
0
0
0
0
-1.3149
0
0
0
-3.799
0
0
0
0
0
0
0
-0.93426
12.8412
-0.26997
-0.26997
-0.10001
-0.56288
-0.32805
-0.99773
-1.3084
-0.69876
-0.79889
-0.80034
-0.72224
-0.79267
0
0
0
0
0
0
0
0
0
0
0
0
0
0
-4.2571
0
-0.1
-0.26997
6.814
-0.23475
-0.1
-0.3383
-0.24705
-0.59264
-0.76671
-0.48393
-0.64076
-0.6522
-0.51275
-0.61092
0
0
0
0
-1.264
0
0
0
0
0
0
0
0
0
0
0
-0.1
-0.26997
-0.23475
6.814
-0.1
-0.3383
-0.24705
-0.59264
-0.76671
-0.48393
-0.64076
-0.6522
-0.51275
-0.61092
0
0
0
0
-1.264
0
0
0
0
0
0
0
0
0
0
0
-0.10004
-0.10001
-0.1
-0.1
5.3644
-0.39827
-0.31157
-0.58825
-0.75266
-0.68425
-0.71199
0
-0.71277
-0.80459
0
0
0
0
0
0
0
0
0
0
0
0
0
0
0
0
-0.10002
-0.56288
-0.3383
-0.3383
-0.39827
9.3467
-1.3699
-0.65807
-1.1479
0
0
0
0
0
0
-1.1565
0
0
0
0
0
0
0
0
0
0
0
0
0
-3.2765
-0.1
-0.32805
-0.24705
-0.24705
-0.31157
-1.3699
9.1392
-1.0365
0
0
0
0
0
0
0
0
0
0
0
0
-2.3201
0
0
0
-3.179
0
0
0
0
0
-0.44007
-0.99773
-0.59264
-0.59264
-0.58825
-0.65807
-1.0365
7.1087
0
0
0
0
0
0
0
0
0
0
0
-2.2028
0
0
0
0
0
0
0
0
0
0
-0.81219
-1.3084
-0.76671
-0.76671
-0.75266
-1.1479
0
0
8.7843
0
0
0
0
0
0
0
0
0
0
0
0
0
0
0
0
0
-3.2297
0
0
0
-0.95192
-0.69876
-0.48393
-0.48393
-0.68425
0
0
0
0
4.3243
0
0
-0.92149
0
0
0
0
-0.1
0
0
0
0
0
0
0
0
0
0
0
0
-0.31394
-0.79889
-0.64076
-0.64076
-0.71199
0
0
0
0
0
6.5652
-0.91517
0
0
0
0
0
0
0
0
0
-2.5437
0
0
0
0
0
0
0
0
-0.61723
-0.80034
-0.6522
-0.6522
0
0
0
0
0
0
-0.91517
5.0694
0
0
0
-0.82882
-0.60343
0
0
0
0
0
0
0
0
0
0
0
0
0
-0.97846
-0.72224
-0.51275
-0.51275
-0.71277
0
0
0
0
-0.92149
0
0
4.3604
0
0
0
0
0
0
0
0
0
0
0
0
0
0
0
0
0
-0.9911
-0.79267
-0.61092
-0.61092
-0.80459
0
0
0
0
0
0
0
0
3.8102
0
0
0
0
0
0
0
0
0
0
0
0
0
0
0
0
0
0
0
0
0
0
0
0
0
0
0
0
0
0
8.2082
-0.81135
-1.9959
0
0
0
-2.3202
0
0
-3.0807
0
0
0
0
0
0
0
0
0
0
0
-1.1565
0
0
0
0
0
-0.82882
0
0
-0.81135
4.9689
0
0
0
0
0
0
0
0
0
0
0
-2.1722
0
0
0
0
0
0
0
0
0
0
0
0
0
-0.60343
0
0
-1.9959
0
6.3114
-1.6022
0
-2.1099
0
0
0
0
0
0
0
0
0
0
0
0
0
0
0
0
0
0
0
-0.1
0
0
0
0
0
0
-1.6022
3.9423
0
0
0
0
0
0
0
-2.2402
0
0
0
0
-1.3149
0
-1.264
-1.264
0
0
0
0
0
0
0
0
0
0
0
0
0
0
3.8429
0
0
0
0
0
0
0
0
0
0
0
0
0
0
0
0
0
0
-2.2028
0
0
0
0
0
0
0
0
-2.1099
0
0
4.3127
0
0
0
0
0
0
0
0
0
0
0
0
0
0
0
0
-2.3201
0
0
0
0
0
0
0
-2.3202
0
0
0
0
0
4.6403
0
0
0
0
0
0
0
0
0
0
0
0
0
0
0
0
0
0
0
-2.5437
0
0
0
0
0
0
0
0
0
0
2.5437
0
0
0
0
0
0
0
0
-3.799
0
0
0
0
0
0
0
0
0
0
0
0
0
0
0
0
0
0
0
0
0
3.799
0
0
0
0
0
0
0
0
0
0
0
0
0
0
0
0
0
0
0
0
0
-3.0807
0
0
0
0
0
0
0
0
3.0807
0
0
0
0
0
0
0
0
0
0
0
0
-3.179
0
0
0
0
0
0
0
0
0
0
0
0
0
0
0
0
0
3.179
0
0
0
0
0
0
0
0
0
0
0
0
0
0
0
0
0
0
0
0
0
0
-2.2402
0
0
0
0
0
0
0
2.2402
0
0
0
0
0
0
0
0
0
0
0
0
-3.2297
0
0
0
0
0
0
0
0
0
0
0
0
0
0
0
0
0
3.2297
0
0
0
0
0
0
0
0
0
0
0
0
0
0
0
0
0
0
-2.1722
0
0
0
0
0
0
0
0
0
0
0
2.1722
0
0
0
-4.2571
0
0
0
0
0
0
0
0
0
0
0
0
0
0
0
0
0
0
0
0
0
0
0
0
0
0
4.2571
0
0
0
0
0
0
-3.2765
0
0
0
0
0
0
0
0
0
0
0
0
0
0
0
0
0
0
0
0
0
0
0
3.2765
