60.8189
-0.36249
-0.37886
-0.36249
-0.36228
-0.36228
-0.35709
-0.32942
-0.35709
-0.31991
-0.31991
-0.34402
-0.37061
-0.37061
-0.38802
-0.1636
-2.7139
0
-7.0525
-11.476
0
0
-11.476
0
0
-11.476
0
-11.476
0
0
-0.36249
9.2405
-0.42504
-0.43388
-0.39832
-0.39832
-0.39458
-0.39292
-0.39458
-0.38312
-0.38312
-0.38023
-0.39913
-0.39913
-0.413
0
0
0
0
0
0
0
0
0
0
0
0
0
-3.6826
0
-0.37886
-0.42504
5.7006
-0.42504
-0.39206
-0.39206
-0.38847
-0.38941
-0.38847
-0.3778
-0.3778
-0.37461
-0.39243
-0.39243
-0.40567
-0.20042
0
0
0
0
0
0
0
0
0
0
0
0
0
0
-0.36249
-0.43388
-0.42504
9.2405
-0.39832
-0.39832
-0.39458
-0.39292
-0.39458
-0.38312
-0.38312
-0.38023
-0.39913
-0.39913
-0.413
0
0
0
0
0
0
-3.6826
0
0
0
0
0
0
0
0
-0.36228
-0.39832
-0.39206
-0.39832
5.228
-0.36881
-0.36929
-0.37083
-0.36929
-0.36016
-0.36016
-0.35483
-0.37057
-0.37057
-0.38253
0
0
0
0
0
0
0
0
0
0
0
0
0
0
0
-0.36228
-0.39832
-0.39206
-0.39832
-0.36881
5.228
-0.36929
-0.37083
-0.36929
-0.36016
-0.36016
-0.35483
-0.37057
-0.37057
-0.38253
0
0
0
0
0
0
0
0
0
0
0
0
0
0
0
-0.35709
-0.39458
-0.38847
-0.39458
-0.36929
-0.36929
4.7843
-0.37556
-0.35462
-0.35141
-0.35141
-0.34672
-0.36563
-0.36563
0
0
0
0
0
0
0
0
0
0
0
0
0
0
0
0
-0.32942
-0.39292
-0.38941
-0.39292
-0.37083
-0.37083
-0.37556
6.431
-0.37556
-0.33347
-0.33347
-0.33555
0
0
0
0
0
-0.1045
0
0
0
0
0
0
-2.3265
0
0
0
0
0
-0.35709
-0.39458
-0.38847
-0.39458
-0.36929
-0.36929
-0.35462
-0.37556
4.7843
-0.35141
-0.35141
-0.34672
-0.36563
-0.36563
0
0
0
0
0
0
0
0
0
0
0
0
0
0
0
0
-0.31991
-0.38312
-0.3778
-0.38312
-0.36016
-0.36016
-0.35141
-0.33347
-0.35141
5.3725
-0.32836
-0.32571
0
0
0
0
0
0
0
0
0
0
0
0
0
0
-1.4979
0
0
0
-0.31991
-0.38312
-0.3778
-0.38312
-0.36016
-0.36016
-0.35141
-0.33347
-0.35141
-0.32836
5.3725
-0.32571
0
0
0
0
0
0
0
0
0
0
0
-1.4979
0
0
0
0
0
0
-0.34402
-0.38023
-0.37461
-0.38023
-0.35483
-0.35483
-0.34672
-0.33555
-0.34672
-0.32571
-0.32571
3.8692
0
0
0
0
0
0
0
0
0
0
0
0
0
0
0
0
0
0
-0.37061
-0.39913
-0.39243
-0.39913
-0.37057
-0.37057
-0.36563
0
-0.36563
0
0
0
3.0337
0
0
0
0
0
0
0
0
0
0
0
0
0
0
0
0
0
-0.37061
-0.39913
-0.39243
-0.39913
-0.37057
-0.37057
-0.36563
0
-0.36563
0
0
0
0
3.0337
0
0
0
0
0
0
0
0
0
0
0
0
0
0
0
0
-0.38802
-0.413
-0.40567
-0.413
-0.38253
-0.38253
0
0
0
0
0
0
0
0
2.3847
0
0
0
0
0
0
0
0
0
0
0
0
0
0
0
-0.1636
0
-0.20042
0
0
0
0
0
0
0
0
0
0
0
0
0.47488
0
0
0
0
-0.11086
0
0
0
0
0
0
0
0
0
-2.7139
0
0
0
0
0
0
0
0
0
0
0
0
0
0
0
5.9445
-2.153
-1.0776
0
0
0
0
0
0
0
0
0
0
0
0
0
0
0
0
0
0
-0.1045
0
0
0
0
0
0
0
0
-2.153
3.2417
0
0
0
0
0
0
0
0
0
0
0
-0.98414
-7.0525
0
0
0
0
0
0
0
0
0
0
0
0
0
0
0
-1.0776
0
8.1301
0
0
0
0
0
0
0
0
0
0
0
-11.476
0
0
0
0
0
0
0
0
0
0
0
0
0
0
0
0
0
0
11.476
0
0
0
0
0
0
0
0
0
0
0
0
0
0
0
0
0
0
0
0
0
0
0
0
0
-0.11086
0
0
0
0
0.11086
0
0
0
0
0
0
0
0
0
0
0
0
-3.6826
0
0
0
0
0
0
0
0
0
0
0
0
0
0
0
0
0
3.6826
0
0
0
0
0
0
0
0
-11.476
0
0
0
0
0
0
0
0
0
0
0
0
0
0
0
0
0
0
0
0
0
11.476
0
0
0
0
0
0
0
0
0
0
0
0
0
0
0
0
0
-1.4979
0
0
0
0
0
0
0
0
0
0
0
0
1.4979
0
0
0
0
0
0
0
0
0
0
0
0
0
-2.3265
0
0
0
0
0
0
0
0
0
0
0
0
0
0
0
0
2.3265
0
0
0
0
0
-11.476
0
0
0
0
0
0
0
0
0
0
0
0
0
0
0
0
0
0
0
0
0
0
0
0
11.476
0
0
0
0
0
0
0
0
0
0
0
0
0
-1.4979
0
0
0
0
0
0
0
0
0
0
0
0
0
0
0
0
1.4979
0
0
0
-11.476
0
0
0
0
0
0
0
0
0
0
0
0
0
0
0
0
0
0
0
0
0
0
0
0
0
0
11.476
0
0
0
-3.6826
0
0
0
0
0
0
0
0
0
0
0
0
0
0
0
0
0
0
0
0
0
0
0
0
0
0
3.6826
0
0
0
0
0
0
0
0
0
0
0
0
0
0
0
0
0
0
-0.98414
0
0
0
0
0
0
0
0
0
0
0
0.98414
