26.0557
-0.27646
-0.27512
-0.28252
-0.26884
-0.26884
-0.26884
-0.29061
-0.22051
-0.29061
-0.28717
-0.24221
-0.27352
-0.27352
-0.27352
-0.18674
-0.18674
-1.7141
0
0
0
0
0
0
-10.0879
0
0
0
0
-10.0879
-0.27646
5.7101
-0.27475
-0.28165
-0.26776
-0.26776
-0.26776
-0.2893
-0.2282
-0.2893
-0.2839
-0.24768
-0.27013
-0.27013
-0.27013
-0.18894
-0.18894
-1.5473
0
0
0
0
0
0
0
0
0
0
0
0
-0.27512
-0.27475
4.1325
-0.27858
-0.26604
-0.26604
-0.26604
-0.28557
-0.22607
-0.28557
-0.28184
-0.24483
-0.26892
-0.26892
-0.26892
-0.18763
-0.18763
0
0
0
0
0
0
0
0
0
0
0
0
0
-0.28252
-0.28165
-0.27858
10.4411
-0.27548
-0.27548
-0.27548
-0.30079
-0.23333
-0.30079
-0.29298
-0.25438
-0.27836
-0.27836
-0.27836
0
0
0
0
0
0
0
0
0
0
0
0
-6.5546
0
0
-0.26884
-0.26776
-0.26604
-0.27548
3.6955
-0.25556
-0.25556
-0.28209
-0.22824
-0.28209
-0.27632
-0.24533
-0.26405
-0.26405
-0.26405
0
0
0
0
0
0
0
0
0
0
0
0
0
0
0
-0.26884
-0.26776
-0.26604
-0.27548
-0.25556
3.6955
-0.25556
-0.28209
-0.22824
-0.28209
-0.27632
-0.24533
-0.26405
-0.26405
-0.26405
0
0
0
0
0
0
0
0
0
0
0
0
0
0
0
-0.26884
-0.26776
-0.26604
-0.27548
-0.25556
-0.25556
3.6955
-0.28209
-0.22824
-0.28209
-0.27632
-0.24533
-0.26405
-0.26405
-0.26405
0
0
0
0
0
0
0
0
0
0
0
0
0
0
0
-0.29061
-0.2893
-0.28557
-0.30079
-0.28209
-0.28209
-0.28209
5.7778
0
-0.31425
-0.29108
0
0
0
0
0
0
0
0
0
0
0
0
0
0
-3.1599
0
0
0
0
-0.22051
-0.2282
-0.22607
-0.23333
-0.22824
-0.22824
-0.22824
0
29.3575
0
0
0
0
0
0
0
0
0
0
0
-9.2549
0
-9.2549
0
0
0
0
0
-9.2549
0
-0.29061
-0.2893
-0.28557
-0.30079
-0.28209
-0.28209
-0.28209
-0.31425
0
5.7778
-0.29108
0
0
0
0
0
0
0
0
-3.1599
0
0
0
0
0
0
0
0
0
0
-0.28717
-0.2839
-0.28184
-0.29298
-0.27632
-0.27632
-0.27632
-0.29108
0
-0.29108
2.557
0
0
0
0
0
0
0
0
0
0
0
0
0
0
0
0
0
0
0
-0.24221
-0.24768
-0.24483
-0.25438
-0.24533
-0.24533
-0.24533
0
0
0
0
14.7797
0
0
0
0
0
0
0
0
0
0
0
-6.5273
0
0
-6.5273
0
0
0
-0.27352
-0.27013
-0.26892
-0.27836
-0.26405
-0.26405
-0.26405
0
0
0
0
0
1.8831
0
0
0
0
0
0
0
0
0
0
0
0
0
0
0
0
0
-0.27352
-0.27013
-0.26892
-0.27836
-0.26405
-0.26405
-0.26405
0
0
0
0
0
0
1.8831
0
0
0
0
0
0
0
0
0
0
0
0
0
0
0
0
-0.27352
-0.27013
-0.26892
-0.27836
-0.26405
-0.26405
-0.26405
0
0
0
0
0
0
0
1.8831
0
0
0
0
0
0
0
0
0
0
0
0
0
0
0
-0.18674
-0.18894
-0.18763
0
0
0
0
0
0
0
0
0
0
0
0
0.66782
0
0
0
0
0
-0.1045
0
0
0
0
0
0
0
0
-0.18674
-0.18894
-0.18763
0
0
0
0
0
0
0
0
0
0
0
0
0
0.66782
0
-0.1045
0
0
0
0
0
0
0
0
0
0
0
-1.7141
-1.5473
0
0
0
0
0
0
0
0
0
0
0
0
0
0
0
3.2614
0
0
0
0
0
0
0
0
0
0
0
0
0
0
0
0
0
0
0
0
0
0
0
0
0
0
0
0
-0.1045
0
0.1045
0
0
0
0
0
0
0
0
0
0
0
0
0
0
0
0
0
0
0
0
-3.1599
0
0
0
0
0
0
0
0
0
3.1599
0
0
0
0
0
0
0
0
0
0
0
0
0
0
0
0
0
0
-9.2549
0
0
0
0
0
0
0
0
0
0
0
9.2549
0
0
0
0
0
0
0
0
0
0
0
0
0
0
0
0
0
0
0
0
0
0
0
0
-0.1045
0
0
0
0
0
0.1045
0
0
0
0
0
0
0
0
0
0
0
0
0
0
0
0
-9.2549
0
0
0
0
0
0
0
0
0
0
0
0
0
9.2549
0
0
0
0
0
0
0
0
0
0
0
0
0
0
0
0
0
0
-6.5273
0
0
0
0
0
0
0
0
0
0
0
6.5273
0
0
0
0
0
0
-10.0879
0
0
0
0
0
0
0
0
0
0
0
0
0
0
0
0
0
0
0
0
0
0
0
10.0879
0
0
0
0
0
0
0
0
0
0
0
0
-3.1599
0
0
0
0
0
0
0
0
0
0
0
0
0
0
0
0
0
3.1599
0
0
0
0
0
0
0
0
0
0
0
0
0
0
0
-6.5273
0
0
0
0
0
0
0
0
0
0
0
0
0
0
6.5273
0
0
0
0
0
0
-6.5546
0
0
0
0
0
0
0
0
0
0
0
0
0
0
0
0
0
0
0
0
0
0
0
6.5546
0
0
0
0
0
0
0
0
0
0
-9.2549
0
0
0
0
0
0
0
0
0
0
0
0
0
0
0
0
0
0
0
9.2549
0
-10.0879
0
0
0
0
0
0
0
0
0
0
0
0
0
0
0
0
0
0
0
0
0
0
0
0
0
0
0
0
10.0879
