17.2401
-0.83211
-0.83211
-0.83211
-0.76803
-0.77411
-0.91318
-0.87923
-0.81198
-0.81198
-0.81198
-0.81106
-0.72655
-0.72655
-0.80238
-0.85734
-0.89658
-1.1975
-0.65116
0
0
-2.3041
0
0
0
0
0
0
0
0
-0.83211
14.2641
-0.77846
-0.77846
-0.72644
-0.73916
-0.87545
-0.8427
-0.76987
-0.76987
-0.76987
-0.77537
-0.68966
-0.68966
-0.76345
-0.82269
-0.86246
-1.1393
0
-0.63917
0
0
0
0
0
0
0
0
0
0
-0.83211
-0.77846
14.2641
-0.77846
-0.72644
-0.73916
-0.87545
-0.8427
-0.76987
-0.76987
-0.76987
-0.77537
-0.68966
-0.68966
-0.76345
-0.82269
-0.86246
-1.1393
0
-0.63917
0
0
0
0
0
0
0
0
0
0
-0.83211
-0.77846
-0.77846
14.2641
-0.72644
-0.73916
-0.87545
-0.8427
-0.76987
-0.76987
-0.76987
-0.77537
-0.68966
-0.68966
-0.76345
-0.82269
-0.86246
-1.1393
0
-0.63917
0
0
0
0
0
0
0
0
0
0
-0.76803
-0.72644
-0.72644
-0.72644
12.5759
-0.68118
-0.79083
-0.7725
-0.70836
-0.70836
-0.70836
-0.71266
-0.63448
-0.63448
-0.69634
-0.7609
-0.78319
-1.0369
0
0
0
0
0
0
0
0
0
0
0
0
-0.77411
-0.73916
-0.73916
-0.73916
-0.68118
13.5822
-0.78155
-0.76623
-0.70925
-0.70925
-0.70925
-0.70658
-0.63578
-0.63578
-0.69562
-0.75143
-0.77646
0
0
0
0
0
-2.0322
0
0
0
0
0
0
0
-0.91318
-0.87545
-0.87545
-0.87545
-0.79083
-0.78155
23.5411
-0.96239
-0.87943
-0.87943
-0.87943
-0.90173
-0.75015
-0.75015
0
0
0
0
0
0
0
0
-2.2061
0
0
0
0
0
0
-10.2203
-0.87923
-0.8427
-0.8427
-0.8427
-0.7725
-0.76623
-0.96239
13.8962
-0.83307
-0.83307
-0.83307
-0.85073
-0.73863
-0.73863
-0.8262
0
0
0
0
0
0
-2.3343
0
0
0
0
0
0
0
0
-0.81198
-0.76987
-0.76987
-0.76987
-0.70836
-0.70925
-0.87943
-0.83307
10.5153
-0.71851
-0.71851
-0.78364
-0.65189
-0.65189
-0.73916
0
0
0
0
0
0
0
0
0
0
0
0
0
0
0
-0.81198
-0.76987
-0.76987
-0.76987
-0.70836
-0.70925
-0.87943
-0.83307
-0.71851
10.5153
-0.71851
-0.78364
-0.65189
-0.65189
-0.73916
0
0
0
0
0
0
0
0
0
0
0
0
0
0
0
-0.81198
-0.76987
-0.76987
-0.76987
-0.70836
-0.70925
-0.87943
-0.83307
-0.71851
-0.71851
10.5153
-0.78364
-0.65189
-0.65189
-0.73916
0
0
0
0
0
0
0
0
0
0
0
0
0
0
0
-0.81106
-0.77537
-0.77537
-0.77537
-0.71266
-0.70658
-0.90173
-0.85073
-0.78364
-0.78364
-0.78364
11.2005
-0.6259
-0.6259
0
0
0
0
0
0
-1.2889
0
0
0
0
0
0
0
0
0
-0.72655
-0.68966
-0.68966
-0.68966
-0.63448
-0.63578
-0.75015
-0.73863
-0.65189
-0.65189
-0.65189
-0.6259
8.6929
-0.55676
0
0
0
0
0
0
0
0
0
0
0
0
0
0
0
0
-0.72655
-0.68966
-0.68966
-0.68966
-0.63448
-0.63578
-0.75015
-0.73863
-0.65189
-0.65189
-0.65189
-0.6259
-0.55676
8.6929
0
0
0
0
0
0
0
0
0
0
0
0
0
0
0
0
-0.80238
-0.76345
-0.76345
-0.76345
-0.69634
-0.69562
0
-0.8262
-0.73916
-0.73916
-0.73916
0
0
0
8.1929
0
0
0
-0.66455
0
0
0
0
0
0
0
0
0
0
0
-0.85734
-0.82269
-0.82269
-0.82269
-0.7609
-0.75143
0
0
0
0
0
0
0
0
0
6.0892
0
0
0
0
-1.2514
0
0
0
0
0
0
0
0
0
-0.89658
-0.86246
-0.86246
-0.86246
-0.78319
-0.77646
0
0
0
0
0
0
0
0
0
0
7.9735
0
0
0
0
0
0
-2.9299
0
0
0
0
0
0
-1.1975
-1.1393
-1.1393
-1.1393
-1.0369
0
0
0
0
0
0
0
0
0
0
0
0
5.6523
0
0
0
0
0
0
0
0
0
0
0
0
-0.65116
0
0
0
0
0
0
0
0
0
0
0
0
0
-0.66455
0
0
0
8.5328
0
0
0
0
0
-3.8581
0
0
-3.359
0
0
0
-0.63917
-0.63917
-0.63917
0
0
0
0
0
0
0
0
0
0
0
0
0
0
0
1.9175
0
0
0
0
0
0
0
0
0
0
0
0
0
0
0
0
0
0
0
0
0
-1.2889
0
0
0
-1.2514
0
0
0
0
4.6518
0
0
0
0
0
-2.1114
0
0
0
-2.3041
0
0
0
0
0
0
-2.3343
0
0
0
0
0
0
0
0
0
0
0
0
0
8.6501
0
0
0
0
0
0
-4.0116
0
0
0
0
0
0
-2.0322
-2.2061
0
0
0
0
0
0
0
0
0
0
0
0
0
0
0
8.0595
0
0
-3.8211
0
0
0
0
0
0
0
0
0
0
0
0
0
0
0
0
0
0
0
0
-2.9299
0
0
0
0
0
0
3.0344
-0.1045
0
0
0
0
0
0
0
0
0
0
0
0
0
0
0
0
0
0
0
0
0
0
0
-3.8581
0
0
0
0
-0.1045
3.9626
0
0
0
0
0
0
0
0
0
0
0
0
0
0
0
0
0
0
0
0
0
0
0
0
0
0
0
-3.8211
0
0
3.8211
0
0
0
0
0
0
0
0
0
0
0
0
0
0
0
0
0
0
0
0
0
0
0
0
-2.1114
0
0
0
0
0
2.1114
0
0
0
0
0
0
0
0
0
0
0
0
0
0
0
0
0
0
0
0
0
-3.359
0
0
0
0
0
0
0
0
3.359
0
0
0
0
0
0
0
0
0
0
0
0
0
0
0
0
0
0
0
0
0
0
0
-4.0116
0
0
0
0
0
0
4.0116
0
0
0
0
0
0
0
-10.2203
0
0
0
0
0
0
0
0
0
0
0
0
0
0
0
0
0
0
0
0
0
0
10.2203
