23.8215
-1.0257
-1.0333
-1.0444
-1.0444
-1.0333
-1.0444
-0.73063
-0.73063
-0.73063
-0.73063
-0.73063
-0.82365
-0.73063
-0.92744
-0.65604
-0.81899
-0.84425
0
0
0
-0.38409
0
0
0
-8.7578
0
0
0
0
-1.0257
14.3028
-0.99939
-1.0096
-1.0096
-0.99939
-1.0096
-0.6842
-0.6842
-0.6842
-0.6842
-0.6842
-0.7912
-0.6842
-0.88771
-0.61492
-0.77657
-0.79798
0
-0.27584
0
0
0
0
0
0
0
0
0
0
-1.0333
-0.99939
15.7086
-1.0209
-1.0209
-0.92816
-1.0209
-0.68647
-0.68647
-0.68647
-0.68647
-0.68647
-0.79985
-0.68647
-0.90282
-0.61768
-0.78012
-0.80116
-1.6645
0
0
0
0
0
0
0
0
0
0
0
-1.0444
-1.0096
-1.0209
22.8814
-1.0315
-1.0209
-1.0315
-0.70219
-0.70219
-0.70219
-0.70219
-0.70219
-0.80782
-0.70219
-0.90253
-0.631
-0.79767
-0.82023
0
0
0
0
0
0
0
0
0
0
0
-8.5502
-1.0444
-1.0096
-1.0209
-1.0315
22.8814
-1.0209
-1.0315
-0.70219
-0.70219
-0.70219
-0.70219
-0.70219
-0.80782
-0.70219
-0.90253
-0.631
-0.79767
-0.82023
0
0
0
0
0
-8.5502
0
0
0
0
0
0
-1.0333
-0.99939
-0.92816
-1.0209
-1.0209
15.7086
-1.0209
-0.68647
-0.68647
-0.68647
-0.68647
-0.68647
-0.79985
-0.68647
-0.90282
-0.61768
-0.78012
-0.80116
-1.6645
0
0
0
0
0
0
0
0
0
0
0
-1.0444
-1.0096
-1.0209
-1.0315
-1.0315
-1.0209
22.8814
-0.70219
-0.70219
-0.70219
-0.70219
-0.70219
-0.80782
-0.70219
-0.90253
-0.631
-0.79767
-0.82023
0
0
0
0
0
0
0
0
-8.5502
0
0
0
-0.73063
-0.6842
-0.68647
-0.70219
-0.70219
-0.68647
-0.70219
9.9111
-0.462
-0.462
-0.462
-0.462
-0.55091
-0.462
-0.62454
-0.42531
-0.54767
-0.5583
0
0
0
0
0
0
0
0
0
0
0
0
-0.73063
-0.6842
-0.68647
-0.70219
-0.70219
-0.68647
-0.70219
-0.462
9.9111
-0.462
-0.462
-0.462
-0.55091
-0.462
-0.62454
-0.42531
-0.54767
-0.5583
0
0
0
0
0
0
0
0
0
0
0
0
-0.73063
-0.6842
-0.68647
-0.70219
-0.70219
-0.68647
-0.70219
-0.462
-0.462
9.9111
-0.462
-0.462
-0.55091
-0.462
-0.62454
-0.42531
-0.54767
-0.5583
0
0
0
0
0
0
0
0
0
0
0
0
-0.73063
-0.6842
-0.68647
-0.70219
-0.70219
-0.68647
-0.70219
-0.462
-0.462
-0.462
9.9111
-0.462
-0.55091
-0.462
-0.62454
-0.42531
-0.54767
-0.5583
0
0
0
0
0
0
0
0
0
0
0
0
-0.73063
-0.6842
-0.68647
-0.70219
-0.70219
-0.68647
-0.70219
-0.462
-0.462
-0.462
-0.462
9.9111
-0.55091
-0.462
-0.62454
-0.42531
-0.54767
-0.5583
0
0
0
0
0
0
0
0
0
0
0
0
-0.82365
-0.7912
-0.79985
-0.80782
-0.80782
-0.79985
-0.80782
-0.55091
-0.55091
-0.55091
-0.55091
-0.55091
18.4306
-0.55091
-0.63636
-0.43721
-0.58938
0
0
0
0
0
0
0
0
0
0
-7.8242
0
0
-0.73063
-0.6842
-0.68647
-0.70219
-0.70219
-0.68647
-0.70219
-0.462
-0.462
-0.462
-0.462
-0.462
-0.55091
9.9111
-0.62454
-0.42531
-0.54767
-0.5583
0
0
0
0
0
0
0
0
0
0
0
0
-0.92744
-0.88771
-0.90282
-0.90253
-0.90253
-0.90282
-0.90253
-0.62454
-0.62454
-0.62454
-0.62454
-0.62454
-0.63636
-0.62454
19.1123
-0.48041
0
0
0
0
0
0
-0.31407
0
0
0
0
0
-7.6059
0
-0.65604
-0.61492
-0.61768
-0.631
-0.631
-0.61768
-0.631
-0.42531
-0.42531
-0.42531
-0.42531
-0.42531
-0.43721
-0.42531
-0.48041
8.3457
-0.47697
0
0
0
0
0
0
0
0
0
0
0
0
0
-0.81899
-0.77657
-0.78012
-0.79767
-0.79767
-0.78012
-0.79767
-0.54767
-0.54767
-0.54767
-0.54767
-0.54767
-0.58938
-0.54767
0
-0.47697
9.9012
0
0
0
0
0
0
0
0
0
0
0
0
0
-0.84425
-0.79798
-0.80116
-0.82023
-0.82023
-0.80116
-0.82023
-0.5583
-0.5583
-0.5583
-0.5583
-0.5583
0
-0.5583
0
0
0
9.055
0
0
0
0
0
0
0
0
0
0
0
0
0
0
-1.6645
0
0
-1.6645
0
0
0
0
0
0
0
0
0
0
0
0
4.3951
-1.0661
0
0
0
0
0
0
0
0
0
0
0
-0.27584
0
0
0
0
0
0
0
0
0
0
0
0
0
0
0
0
-1.0661
2.3795
0
0
0
0
-1.0376
0
0
0
0
0
0
0
0
0
0
0
0
0
0
0
0
0
0
0
0
0
0
0
0
0
2.5772
-1.2853
-1.2919
0
0
0
0
0
0
0
-0.38409
0
0
0
0
0
0
0
0
0
0
0
0
0
0
0
0
0
0
0
-1.2853
1.6694
0
0
0
0
0
0
0
0
0
0
0
0
0
0
0
0
0
0
0
0
0
0
-0.31407
0
0
0
0
0
-1.2919
0
1.6059
0
0
0
0
0
0
0
0
0
0
0
-8.5502
0
0
0
0
0
0
0
0
0
0
0
0
0
0
0
0
0
0
8.5502
0
0
0
0
0
0
0
0
0
0
0
0
0
0
0
0
0
0
0
0
0
0
0
0
0
-1.0376
0
0
0
0
1.0376
0
0
0
0
0
-8.7578
0
0
0
0
0
0
0
0
0
0
0
0
0
0
0
0
0
0
0
0
0
0
0
0
8.7578
0
0
0
0
0
0
0
0
0
0
-8.5502
0
0
0
0
0
0
0
0
0
0
0
0
0
0
0
0
0
0
0
8.5502
0
0
0
0
0
0
0
0
0
0
0
0
0
0
0
-7.8242
0
0
0
0
0
0
0
0
0
0
0
0
0
0
7.8242
0
0
0
0
0
0
0
0
0
0
0
0
0
0
0
0
-7.6059
0
0
0
0
0
0
0
0
0
0
0
0
0
7.6059
0
0
0
0
-8.5502
0
0
0
0
0
0
0
0
0
0
0
0
0
0
0
0
0
0
0
0
0
0
0
0
0
8.5502
