36.9161
-0.70911
-0.6728
-0.6728
-0.6728
-0.65394
-0.70141
-0.67313
-0.67313
-0.65769
-0.63612
-0.65536
-0.63336
-0.66098
-0.68096
-0.71257
-0.7179
-0.70247
-0.74222
0
-0.76932
0
-11.959
0
0
0
-11.959
0
0
0
-0.70911
12.8339
-0.68521
-0.68521
-0.68521
-0.72132
-0.71166
-0.68435
-0.68435
-0.68224
-0.65281
-0.69243
-0.64546
-0.67196
-0.69149
-0.71432
-0.80714
-0.69853
-0.73369
-0.27741
0
0
0
0
0
0
0
0
0
0
-0.6728
-0.68521
11.7472
-0.62147
-0.62147
-0.68094
-0.66333
-0.63889
-0.63889
-0.63331
-0.61048
-0.64968
-0.60184
-0.62622
-0.64396
-0.6647
-0.76252
-0.64975
-0.68178
0
0
0
0
0
0
0
0
0
0
0
-0.6728
-0.68521
-0.62147
11.7472
-0.62147
-0.68094
-0.66333
-0.63889
-0.63889
-0.63331
-0.61048
-0.64968
-0.60184
-0.62622
-0.64396
-0.6647
-0.76252
-0.64975
-0.68178
0
0
0
0
0
0
0
0
0
0
0
-0.6728
-0.68521
-0.62147
-0.62147
11.7472
-0.68094
-0.66333
-0.63889
-0.63889
-0.63331
-0.61048
-0.64968
-0.60184
-0.62622
-0.64396
-0.6647
-0.76252
-0.64975
-0.68178
0
0
0
0
0
0
0
0
0
0
0
-0.65394
-0.72132
-0.68094
-0.68094
-0.68094
31.8795
-0.68357
-0.665
-0.665
-0.65055
-0.6284
-0.64017
-0.62352
-0.6525
-0.6722
0
0
0
0
0
-0.76063
0
0
0
-10.91
0
0
0
-10.91
0
-0.70141
-0.71166
-0.66333
-0.66333
-0.66333
-0.68357
10.7085
-0.66522
-0.66522
-0.66188
-0.63788
-0.67925
-0.62353
-0.64998
-0.66842
-0.68559
0
-0.68483
0
0
0
0
0
0
0
0
0
0
0
0
-0.67313
-0.68435
-0.63889
-0.63889
-0.63889
-0.665
-0.66522
9.6023
-0.60905
-0.65363
-0.60214
-0.64025
-0.59002
-0.6156
-0.63263
-0.65462
0
0
0
0
0
0
0
0
0
0
0
0
0
0
-0.67313
-0.68435
-0.63889
-0.63889
-0.63889
-0.665
-0.66522
-0.60905
9.6023
-0.65363
-0.60214
-0.64025
-0.59002
-0.6156
-0.63263
-0.65462
0
0
0
0
0
0
0
0
0
0
0
0
0
0
-0.65769
-0.68224
-0.63331
-0.63331
-0.63331
-0.65055
-0.66188
-0.65363
-0.65363
9.1184
-0.58169
-0.61716
-0.57759
-0.60257
-0.61895
0
0
0
0
-0.26092
0
0
0
0
0
0
0
0
0
0
-0.63612
-0.65281
-0.61048
-0.61048
-0.61048
-0.6284
-0.63788
-0.60214
-0.60214
-0.58169
8.0041
-0.5938
-0.55198
-0.5812
0
0
0
0
0
0
0
-0.1045
0
0
0
0
0
0
0
0
-0.65536
-0.69243
-0.64968
-0.64968
-0.64968
-0.64017
-0.67925
-0.64025
-0.64025
-0.61716
-0.5938
15.1941
-0.57926
0
0
0
0
0
0
0
0
0
0
-7.5071
0
0
0
0
0
0
-0.63336
-0.64546
-0.60184
-0.60184
-0.60184
-0.62352
-0.62353
-0.59002
-0.59002
-0.57759
-0.55198
-0.57926
7.788
-0.56768
0
0
0
0
0
0
0
0
0
0
0
0
0
0
0
0
-0.66098
-0.67196
-0.62622
-0.62622
-0.62622
-0.6525
-0.64998
-0.6156
-0.6156
-0.60257
-0.5812
0
-0.56768
7.4967
0
0
0
0
0
0
0
0
0
0
0
0
0
0
0
0
-0.68096
-0.69149
-0.64396
-0.64396
-0.64396
-0.6722
-0.66842
-0.63263
-0.63263
-0.61895
0
0
0
0
6.5292
0
0
0
0
0
0
0
0
0
0
0
0
0
0
0
-0.71257
-0.71432
-0.6647
-0.6647
-0.6647
0
-0.68559
-0.65462
-0.65462
0
0
0
0
0
0
5.4158
0
0
0
0
0
0
0
0
0
0
0
0
0
0
-0.7179
-0.80714
-0.76252
-0.76252
-0.76252
0
0
0
0
0
0
0
0
0
0
0
4.3238
0
0
0
0
0
0
0
0
0
0
0
0
-0.51122
-0.70247
-0.69853
-0.64975
-0.64975
-0.64975
0
-0.68483
0
0
0
0
0
0
0
0
0
0
4.0351
0
0
0
0
0
0
0
0
0
0
0
0
-0.74222
-0.73369
-0.68178
-0.68178
-0.68178
0
0
0
0
0
0
0
0
0
0
0
0
0
3.5213
0
0
0
0
0
0
0
0
0
0
0
0
-0.27741
0
0
0
0
0
0
0
-0.26092
0
0
0
0
0
0
0
0
0
0.69979
0
0
0
0
0
0
0
-0.16146
0
0
-0.76932
0
0
0
0
-0.76063
0
0
0
0
0
0
0
0
0
0
0
0
0
0
2.066
-0.53609
0
0
0
0
0
0
0
0
0
0
0
0
0
0
0
0
0
0
-0.1045
0
0
0
0
0
0
0
0
0
-0.53609
0.87315
0
0
0
-0.23256
0
0
0
0
-11.959
0
0
0
0
0
0
0
0
0
0
0
0
0
0
0
0
0
0
0
0
0
11.959
0
0
0
0
0
0
0
0
0
0
0
0
0
0
0
0
0
0
-7.5071
0
0
0
0
0
0
0
0
0
0
0
7.5071
0
0
0
0
0
0
0
0
0
0
0
-10.91
0
0
0
0
0
0
0
0
0
0
0
0
0
0
0
0
0
0
10.91
0
0
0
0
0
0
0
0
0
0
0
0
0
0
0
0
0
0
0
0
0
0
0
0
0
0
-0.23256
0
0
0
0.23256
0
0
0
0
-11.959
0
0
0
0
0
0
0
0
0
0
0
0
0
0
0
0
0
0
0
0
0
0
0
0
0
11.959
0
0
0
0
0
0
0
0
0
0
0
0
0
0
0
0
0
0
0
0
0
0
-0.16146
0
0
0
0
0
0
0
0.16146
0
0
0
0
0
0
0
-10.91
0
0
0
0
0
0
0
0
0
0
0
0
0
0
0
0
0
0
0
0
0
0
10.91
0
0
0
0
0
0
0
0
0
0
0
0
0
0
0
0
0
-0.51122
0
0
0
0
0
0
0
0
0
0
0
0
0.51122
