27.4913
-0.51483
-0.4918
-0.46317
-0.46317
-0.46317
-0.41049
-0.41049
-0.41049
-0.42
-0.41049
-0.41518
-0.41518
-0.34168
-0.43245
0
0
0
0
0
0
0
-10.7143
0
0
0
0
-10.7143
0
0
-0.51483
15.2411
-0.52285
-0.49551
-0.49551
-0.49551
-0.42874
-0.42874
-0.42874
-0.44694
-0.42874
-0.43116
-0.43116
-0.38382
-0.44811
0
0
-1.4827
0
0
-7.3781
0
0
0
0
0
0
0
0
0
-0.4918
-0.52285
6.3087
-0.4666
-0.4666
-0.4666
-0.40909
-0.40909
-0.40909
-0.42524
-0.40909
-0.41076
-0.41076
-0.3741
-0.42692
-0.1045
-0.10559
0
0
0
0
0
0
0
0
0
0
0
0
0
-0.46317
-0.49551
-0.4666
12.5378
-0.45333
-0.45333
-0.39617
-0.39617
-0.39617
-0.41785
-0.39617
-0.39781
-0.39781
-0.35466
-0.41387
0
0
0
0
0
0
-6.6392
0
0
0
0
0
0
0
0
-0.46317
-0.49551
-0.4666
-0.45333
12.5378
-0.45333
-0.39617
-0.39617
-0.39617
-0.41785
-0.39617
-0.39781
-0.39781
-0.35466
-0.41387
0
0
0
0
0
0
0
0
0
0
0
-6.6392
0
0
0
-0.46317
-0.49551
-0.4666
-0.45333
-0.45333
12.5378
-0.39617
-0.39617
-0.39617
-0.41785
-0.39617
-0.39781
-0.39781
-0.35466
-0.41387
0
0
0
0
0
0
0
0
0
-6.6392
0
0
0
0
0
-0.41049
-0.42874
-0.40909
-0.39617
-0.39617
-0.39617
5.1461
-0.32925
-0.32925
-0.36672
-0.32925
-0.34047
-0.34047
-0.31724
-0.35662
0
0
0
0
0
0
0
0
0
0
0
0
0
0
0
-0.41049
-0.42874
-0.40909
-0.39617
-0.39617
-0.39617
-0.32925
5.1461
-0.32925
-0.36672
-0.32925
-0.34047
-0.34047
-0.31724
-0.35662
0
0
0
0
0
0
0
0
0
0
0
0
0
0
0
-0.41049
-0.42874
-0.40909
-0.39617
-0.39617
-0.39617
-0.32925
-0.32925
5.1461
-0.36672
-0.32925
-0.34047
-0.34047
-0.31724
-0.35662
0
0
0
0
0
0
0
0
0
0
0
0
0
0
0
-0.42
-0.44694
-0.42524
-0.41785
-0.41785
-0.41785
-0.36672
-0.36672
-0.36672
11.0118
-0.36672
-0.31849
-0.31849
0
0
0
0
0
-1.2545
0
0
0
0
0
0
-5.1077
0
0
0
0
-0.41049
-0.42874
-0.40909
-0.39617
-0.39617
-0.39617
-0.32925
-0.32925
-0.32925
-0.36672
5.1461
-0.34047
-0.34047
-0.31724
-0.35662
0
0
0
0
0
0
0
0
0
0
0
0
0
0
0
-0.41518
-0.43116
-0.41076
-0.39781
-0.39781
-0.39781
-0.34047
-0.34047
-0.34047
-0.31849
-0.34047
4.4935
-0.36256
0
0
0
0
0
0
0
0
0
0
0
0
0
0
0
0
0
-0.41518
-0.43116
-0.41076
-0.39781
-0.39781
-0.39781
-0.34047
-0.34047
-0.34047
-0.31849
-0.34047
-0.36256
4.4935
0
0
0
0
0
0
0
0
0
0
0
0
0
0
0
0
0
-0.34168
-0.38382
-0.3741
-0.35466
-0.35466
-0.35466
-0.31724
-0.31724
-0.31724
0
-0.31724
0
0
20.0669
0
0
0
0
0
0
0
0
0
0
0
0
0
0
-8.3172
-8.3172
-0.43245
-0.44811
-0.42692
-0.41387
-0.41387
-0.41387
-0.35662
-0.35662
-0.35662
0
-0.35662
0
0
0
3.9756
0
0
0
0
0
0
0
0
0
0
0
0
0
0
0
0
0
-0.1045
0
0
0
0
0
0
0
0
0
0
0
0
1.615
0
0
-0.82732
0
0
0
0
-0.68318
0
0
0
0
0
0
0
0
-0.10559
0
0
0
0
0
0
0
0
0
0
0
0
0
1.6137
-0.82558
0
-0.68254
0
0
0
0
0
0
0
0
0
0
0
-1.4827
0
0
0
0
0
0
0
0
0
0
0
0
0
0
-0.82558
2.9427
-0.63447
0
0
0
0
0
0
0
0
0
0
0
0
0
0
0
0
0
0
0
0
-1.2545
0
0
0
0
0
-0.82732
0
-0.63447
2.7163
0
0
0
0
0
0
0
0
0
0
0
0
0
0
0
0
0
0
0
0
0
0
0
0
0
0
0
-0.68254
0
0
0.68254
0
0
0
0
0
0
0
0
0
0
0
-7.3781
0
0
0
0
0
0
0
0
0
0
0
0
0
0
0
0
0
0
7.3781
0
0
0
0
0
0
0
0
0
0
0
0
-6.6392
0
0
0
0
0
0
0
0
0
0
0
0
0
0
0
0
0
6.6392
0
0
0
0
0
0
0
0
-10.7143
0
0
0
0
0
0
0
0
0
0
0
0
0
0
0
0
0
0
0
0
0
10.7143
0
0
0
0
0
0
0
0
0
0
0
0
0
0
0
0
0
0
0
0
0
0
-0.68318
0
0
0
0
0
0
0
0.68318
0
0
0
0
0
0
0
0
0
0
0
-6.6392
0
0
0
0
0
0
0
0
0
0
0
0
0
0
0
0
0
0
6.6392
0
0
0
0
0
0
0
0
0
0
0
0
0
0
-5.1077
0
0
0
0
0
0
0
0
0
0
0
0
0
0
0
5.1077
0
0
0
0
0
0
0
0
-6.6392
0
0
0
0
0
0
0
0
0
0
0
0
0
0
0
0
0
0
0
0
0
6.6392
0
0
0
-10.7143
0
0
0
0
0
0
0
0
0
0
0
0
0
0
0
0
0
0
0
0
0
0
0
0
0
0
10.7143
0
0
0
0
0
0
0
0
0
0
0
0
0
0
0
-8.3172
0
0
0
0
0
0
0
0
0
0
0
0
0
0
8.3172
0
0
0
0
0
0
0
0
0
0
0
0
0
0
-8.3172
0
0
0
0
0
0
0
0
0
0
0
0
0
0
0
8.3172
