11.6596
-0.79735
-0.75901
-0.70368
-0.70368
-0.70368
-0.70368
-0.76109
-0.68558
-0.65704
-0.68558
-0.67137
-0.61433
-0.61433
-0.68335
-0.72263
-0.68122
-0.51199
0
0
0
0
0
0
0
0
0
0
0
0
-0.79735
20.7281
-0.79735
-0.72746
-0.72746
-0.72746
-0.72746
-0.7702
-0.71078
-0.67848
-0.71078
-0.69511
-0.63423
-0.63423
-0.70731
-0.73726
-0.69347
0
0
0
0
0
0
0
0
0
0
-9.2517
0
0
-0.75901
-0.79735
11.6596
-0.70368
-0.70368
-0.70368
-0.70368
-0.76109
-0.68558
-0.65704
-0.68558
-0.67137
-0.61433
-0.61433
-0.68335
-0.72263
-0.68122
-0.51199
0
0
0
0
0
0
0
0
0
0
0
0
-0.70368
-0.72746
-0.70368
10.1643
-0.62955
-0.62955
-0.62955
-0.70761
-0.61907
-0.59222
-0.61907
-0.61031
-0.55674
-0.55674
-0.62175
-0.64691
-0.61045
0
0
0
0
0
0
0
0
0
0
0
0
0
-0.70368
-0.72746
-0.70368
-0.62955
10.1643
-0.62955
-0.62955
-0.70761
-0.61907
-0.59222
-0.61907
-0.61031
-0.55674
-0.55674
-0.62175
-0.64691
-0.61045
0
0
0
0
0
0
0
0
0
0
0
0
0
-0.70368
-0.72746
-0.70368
-0.62955
-0.62955
10.1643
-0.62955
-0.70761
-0.61907
-0.59222
-0.61907
-0.61031
-0.55674
-0.55674
-0.62175
-0.64691
-0.61045
0
0
0
0
0
0
0
0
0
0
0
0
0
-0.70368
-0.72746
-0.70368
-0.62955
-0.62955
-0.62955
10.1643
-0.70761
-0.61907
-0.59222
-0.61907
-0.61031
-0.55674
-0.55674
-0.62175
-0.64691
-0.61045
0
0
0
0
0
0
0
0
0
0
0
0
0
-0.76109
-0.7702
-0.76109
-0.70761
-0.70761
-0.70761
-0.70761
30.2081
-0.62281
-0.63121
-0.62281
-0.59067
-0.57884
-0.57884
0
0
0
0
0
0
-0.1045
0
0
0
0
0
-10.6778
0
-10.6778
0
-0.68558
-0.71078
-0.68558
-0.61907
-0.61907
-0.61907
-0.61907
-0.62281
16.9783
-0.58178
-0.59811
-0.5784
-0.53156
-0.53156
-0.59211
0
0
0
0
0
0
0
0
0
-8.3838
0
0
0
0
0
-0.65704
-0.67848
-0.65704
-0.59222
-0.59222
-0.59222
-0.59222
-0.63121
-0.58178
8.9377
-0.58178
-0.56663
-0.51901
-0.51901
-0.57571
-0.60114
0
0
0
0
0
0
0
0
0
0
0
0
0
0
-0.68558
-0.71078
-0.68558
-0.61907
-0.61907
-0.61907
-0.61907
-0.62281
-0.59811
-0.58178
16.9783
-0.5784
-0.53156
-0.53156
-0.59211
0
0
0
0
0
0
0
0
0
0
-8.3838
0
0
0
0
-0.67137
-0.69511
-0.67137
-0.61031
-0.61031
-0.61031
-0.61031
-0.59067
-0.5784
-0.56663
-0.5784
15.7467
-0.51458
-0.51458
0
0
0
0
0
0
0
0
-7.9244
0
0
0
0
0
0
0
-0.61433
-0.63423
-0.61433
-0.55674
-0.55674
-0.55674
-0.55674
-0.57884
-0.53156
-0.51901
-0.53156
-0.51458
7.7629
-0.46588
-0.53164
0
0
0
0
0
0
0
0
0
0
0
0
0
0
0
-0.61433
-0.63423
-0.61433
-0.55674
-0.55674
-0.55674
-0.55674
-0.57884
-0.53156
-0.51901
-0.53156
-0.51458
-0.46588
7.7629
-0.53164
0
0
0
0
0
0
0
0
0
0
0
0
0
0
0
-0.68335
-0.70731
-0.68335
-0.62175
-0.62175
-0.62175
-0.62175
0
-0.59211
-0.57571
-0.59211
0
-0.53164
-0.53164
7.3842
0
0
0
0
0
0
0
0
0
0
0
0
0
0
0
-0.72263
-0.73726
-0.72263
-0.64691
-0.64691
-0.64691
-0.64691
0
0
-0.60114
0
0
0
0
0
5.8199
0
0
-0.4486
0
0
0
0
0
0
0
0
0
0
0
-0.68122
-0.69347
-0.68122
-0.61045
-0.61045
-0.61045
-0.61045
0
0
0
0
0
0
0
0
0
4.9165
0
-0.41877
0
0
0
0
0
0
0
0
0
0
0
-0.51199
0
-0.51199
0
0
0
0
0
0
0
0
0
0
0
0
0
0
2.1286
0
-0.76573
0
0
0
0
0
0
0
0
0
-0.33887
0
0
0
0
0
0
0
0
0
0
0
0
0
0
0
-0.4486
-0.41877
0
1.958
-0.76492
0
0
0
-0.32572
0
0
0
0
0
0
0
0
0
0
0
0
0
0
0
0
0
0
0
0
0
0
0
-0.76573
-0.76492
1.9199
-0.38922
0
0
0
0
0
0
0
0
0
0
0
0
0
0
0
0
-0.1045
0
0
0
0
0
0
0
0
0
0
0
-0.38922
0.66161
-0.16789
0
0
0
0
0
0
0
0
0
0
0
0
0
0
0
0
0
0
0
0
0
0
0
0
0
0
0
0
-0.16789
0.16789
0
0
0
0
0
0
0
0
0
0
0
0
0
0
0
0
0
0
0
-7.9244
0
0
0
0
0
0
0
0
0
0
7.9244
0
0
0
0
0
0
0
0
0
0
0
0
0
0
0
0
0
0
0
0
0
0
0
0
0
-0.32572
0
0
0
0
0.32572
0
0
0
0
0
0
0
0
0
0
0
0
0
0
-8.3838
0
0
0
0
0
0
0
0
0
0
0
0
0
0
0
8.3838
0
0
0
0
0
0
0
0
0
0
0
0
0
0
0
-8.3838
0
0
0
0
0
0
0
0
0
0
0
0
0
0
8.3838
0
0
0
0
0
0
0
0
0
0
0
-10.6778
0
0
0
0
0
0
0
0
0
0
0
0
0
0
0
0
0
0
10.6778
0
0
0
0
-9.2517
0
0
0
0
0
0
0
0
0
0
0
0
0
0
0
0
0
0
0
0
0
0
0
0
0
9.2517
0
0
0
0
0
0
0
0
0
-10.6778
0
0
0
0
0
0
0
0
0
0
0
0
0
0
0
0
0
0
0
0
10.6778
0
0
0
0
0
0
0
0
0
0
0
0
0
0
0
0
0
0
-0.33887
0
0
0
0
0
0
0
0
0
0
0
0.33887
