11.1193
-0.58981
-0.62098
-0.60707
-0.72824
-0.662
-0.6669
-0.63594
-0.99192
-0.73311
-0.67056
0
-0.67056
0
0
0
-0.93631
0
-1.3029
0
0
0
0
0
0
-1.3029
0
0
0
0
-0.58981
10.1465
-0.60834
-0.59625
-0.72322
-0.64596
-0.65538
-0.625
-0.96126
0
-0.6576
0
-0.6576
0
0
0
-0.9055
0
-1.2603
0
0
0
0
0
0
-1.2603
0
0
0
0
-0.62098
-0.60834
11.1054
-0.61886
-0.74826
-0.64372
-0.66362
-0.63231
0
0
-0.6557
0
-0.6557
0
0
0
0
-0.81124
0
0
0
0
0
0
0
0
0
0
-4.4467
0
-0.60707
-0.59625
-0.61886
7.3265
-0.73232
-0.65125
-0.65695
-0.62528
-0.88247
0
-0.65528
0
-0.65528
0
-0.64546
0
0
0
0
0
0
0
0
0
0
0
0
0
0
0
-0.72824
-0.72322
-0.74826
-0.73232
9.0564
0
0
0
0
0
0
0
0
0
0
-0.66409
0
0
0
0
0
-1.4812
0
0
0
0
0
0
0
-3.9791
-0.662
-0.64596
-0.64372
-0.65125
0
4.2494
0
0
0
0
0
0
0
0
0
0
0
-0.78532
0
0
0
0
0
0
-0.86111
0
0
0
0
0
-0.6669
-0.65538
-0.66362
-0.65695
0
0
4.1581
0
0
0
0
-0.59442
0
0
0
0
-0.92078
0
0
0
0
0
0
0
0
0
0
0
0
0
-0.63594
-0.625
-0.63231
-0.62528
0
0
0
3.315
0
-0.79643
0
0
0
0
0
0
0
0
0
0
0
0
0
0
0
0
0
0
0
0
-0.99192
-0.96126
0
-0.88247
0
0
0
0
5.5769
0
0
0
0
0
0
0
0
0
0
0
0
0
0
0
0
0
-2.7413
0
0
0
-0.73311
0
0
0
0
0
0
-0.79643
0
3.5056
0
0
0
0
0
0
0
0
0
0
-0.74483
-1.2312
0
0
0
0
0
0
0
0
-0.67056
-0.6576
-0.6557
-0.65528
0
0
0
0
0
0
2.6391
0
0
0
0
0
0
0
0
0
0
0
0
0
0
0
0
0
0
0
0
0
0
0
0
0
-0.59442
0
0
0
0
5.0138
0
0
0
-1.5495
0
0
0
0
0
0
0
0
-1.5375
0
0
-1.3324
0
0
-0.67056
-0.6576
-0.6557
-0.65528
0
0
0
0
0
0
0
0
2.6391
0
0
0
0
0
0
0
0
0
0
0
0
0
0
0
0
0
0
0
0
0
0
0
0
0
0
0
0
0
0
3.9595
-1.5163
0
0
-0.85305
0
0
0
0
0
-1.5902
0
0
0
0
0
0
0
0
0
-0.64546
0
0
0
0
0
0
0
0
0
-1.5163
3.0112
0
0
0
0
0
0
0
-0.84948
0
0
0
0
0
0
0
0
0
0
0
-0.66409
0
0
0
0
0
0
-1.5495
0
0
0
3.1072
0
0
0
-0.89357
0
0
0
0
0
0
0
0
0
0
-0.93631
-0.9055
0
0
0
0
-0.92078
0
0
0
0
0
0
0
0
0
2.7626
0
0
0
0
0
0
0
0
0
0
0
0
0
0
0
-0.81124
0
0
-0.78532
0
0
0
0
0
0
0
-0.85305
0
0
0
2.4496
0
0
0
0
0
0
0
0
0
0
0
0
-1.3029
-1.2603
0
0
0
0
0
0
0
0
0
0
0
0
0
0
0
0
2.5633
0
0
0
0
0
0
0
0
0
0
0
0
0
0
0
0
0
0
0
0
0
0
0
0
0
0
-0.89357
0
0
0
2.115
0
0
-1.2215
0
0
0
0
0
0
0
0
0
0
0
0
0
0
0
0
-0.74483
0
0
0
0
0
0
0
0
0
0
2.5452
0
0
-1.8003
0
0
0
0
0
0
0
0
0
0
-1.4812
0
0
0
0
-1.2312
0
0
0
0
0
0
0
0
0
0
0
2.7125
0
0
0
0
0
0
0
0
0
0
0
0
0
0
0
0
0
0
0
0
0
0
-0.84948
0
0
0
0
-1.2215
0
0
2.0709
0
0
0
0
0
0
0
0
0
0
0
0
0
0
0
0
0
0
0
0
-1.5902
0
0
0
0
0
0
-1.8003
0
0
3.3905
0
0
0
0
0
0
0
0
0
0
0
-0.86111
0
0
0
0
0
-1.5375
0
0
0
0
0
0
0
0
0
0
0
0
2.3986
0
0
0
0
0
-1.3029
-1.2603
0
0
0
0
0
0
0
0
0
0
0
0
0
0
0
0
0
0
0
0
0
0
0
2.5633
0
0
0
0
0
0
0
0
0
0
0
0
-2.7413
0
0
0
0
0
0
0
0
0
0
0
0
0
0
0
0
0
2.7413
0
0
0
0
0
0
0
0
0
0
0
0
0
0
-1.3324
0
0
0
0
0
0
0
0
0
0
0
0
0
0
0
1.3324
0
0
0
0
-4.4467
0
0
0
0
0
0
0
0
0
0
0
0
0
0
0
0
0
0
0
0
0
0
0
0
0
4.4467
0
0
0
0
0
-3.9791
0
0
0
0
0
0
0
0
0
0
0
0
0
0
0
0
0
0
0
0
0
0
0
0
3.9791
