19.8622
-0.91594
-0.91594
-0.91594
-0.91594
-0.91594
-0.93655
-0.91594
-1.0232
-0.98885
-0.97825
-0.94376
-0.94376
-0.94376
-0.99731
-0.99731
-0.98108
-0.95211
-0.95211
-0.84332
-1.8852
0
0
0
0
0
0
0
0
0
-0.91594
14.8428
-0.72186
-0.72186
-0.72186
-0.72186
-0.78853
-0.72186
-0.84255
-0.81616
-0.81535
-0.77895
-0.77895
-0.77895
-0.82168
-0.82168
-0.80756
-0.78494
-0.78494
-0.69726
0
0
0
0
0
0
0
0
0
0
-0.91594
-0.72186
14.8428
-0.72186
-0.72186
-0.72186
-0.78853
-0.72186
-0.84255
-0.81616
-0.81535
-0.77895
-0.77895
-0.77895
-0.82168
-0.82168
-0.80756
-0.78494
-0.78494
-0.69726
0
0
0
0
0
0
0
0
0
0
-0.91594
-0.72186
-0.72186
14.8428
-0.72186
-0.72186
-0.78853
-0.72186
-0.84255
-0.81616
-0.81535
-0.77895
-0.77895
-0.77895
-0.82168
-0.82168
-0.80756
-0.78494
-0.78494
-0.69726
0
0
0
0
0
0
0
0
0
0
-0.91594
-0.72186
-0.72186
-0.72186
14.8428
-0.72186
-0.78853
-0.72186
-0.84255
-0.81616
-0.81535
-0.77895
-0.77895
-0.77895
-0.82168
-0.82168
-0.80756
-0.78494
-0.78494
-0.69726
0
0
0
0
0
0
0
0
0
0
-0.91594
-0.72186
-0.72186
-0.72186
-0.72186
14.8428
-0.78853
-0.72186
-0.84255
-0.81616
-0.81535
-0.77895
-0.77895
-0.77895
-0.82168
-0.82168
-0.80756
-0.78494
-0.78494
-0.69726
0
0
0
0
0
0
0
0
0
0
-0.93655
-0.78853
-0.78853
-0.78853
-0.78853
-0.78853
15.2601
-0.78853
-0.82351
-0.81196
-0.7982
-0.76129
-0.76129
-0.76129
-0.81716
-0.81716
-0.79227
-0.78345
-0.78345
0
0
0
0
0
-0.88131
0
0
0
0
0
-0.91594
-0.72186
-0.72186
-0.72186
-0.72186
-0.72186
-0.78853
14.8428
-0.84255
-0.81616
-0.81535
-0.77895
-0.77895
-0.77895
-0.82168
-0.82168
-0.80756
-0.78494
-0.78494
-0.69726
0
0
0
0
0
0
0
0
0
0
-1.0232
-0.84255
-0.84255
-0.84255
-0.84255
-0.84255
-0.82351
-0.84255
20.8165
-0.90151
-0.88184
-0.82773
-0.82773
-0.82773
-0.91672
-0.91672
0
0
0
0
0
0
0
0
0
0
0
-7.8145
0
0
-0.98885
-0.81616
-0.81616
-0.81616
-0.81616
-0.81616
-0.81196
-0.81616
-0.90151
12.7185
-0.89197
-0.81892
-0.81892
-0.81892
-0.88526
-0.88526
0
0
0
0
0
0
0
0
0
0
0
0
0
0
-0.97825
-0.81535
-0.81535
-0.81535
-0.81535
-0.81535
-0.7982
-0.81535
-0.88184
-0.89197
13.3998
-0.78611
-0.78611
-0.78611
0
0
0
0
0
0
-1.6834
0
0
-0.9157
0
0
0
0
0
0
-0.94376
-0.77895
-0.77895
-0.77895
-0.77895
-0.77895
-0.76129
-0.77895
-0.82773
-0.81892
-0.78611
17.1392
-0.68666
-0.68666
0
0
0
0
0
0
0
0
0
0
0
0
0
0
0
-6.9544
-0.94376
-0.77895
-0.77895
-0.77895
-0.77895
-0.77895
-0.76129
-0.77895
-0.82773
-0.81892
-0.78611
-0.68666
17.1392
-0.68666
0
0
0
0
0
0
0
0
0
0
0
-6.9544
0
0
0
0
-0.94376
-0.77895
-0.77895
-0.77895
-0.77895
-0.77895
-0.76129
-0.77895
-0.82773
-0.81892
-0.78611
-0.68666
-0.68666
17.1392
0
0
0
0
0
0
0
0
0
0
0
0
-6.9544
0
0
0
-0.99731
-0.82168
-0.82168
-0.82168
-0.82168
-0.82168
-0.81716
-0.82168
-0.91672
-0.88526
0
0
0
0
8.5465
0
0
0
0
0
0
0
0
0
0
0
0
0
0
0
-0.99731
-0.82168
-0.82168
-0.82168
-0.82168
-0.82168
-0.81716
-0.82168
-0.91672
-0.88526
0
0
0
0
0
8.5465
0
0
0
0
0
0
0
0
0
0
0
0
0
0
-0.98108
-0.80756
-0.80756
-0.80756
-0.80756
-0.80756
-0.79227
-0.80756
0
0
0
0
0
0
0
0
7.157
0
0
0
0
-0.53829
0
0
0
0
0
0
0
0
-0.95211
-0.78494
-0.78494
-0.78494
-0.78494
-0.78494
-0.78345
-0.78494
0
0
0
0
0
0
0
0
0
6.4452
0
0
0
0
0
0
0
0
0
0
0
0
-0.95211
-0.78494
-0.78494
-0.78494
-0.78494
-0.78494
-0.78345
-0.78494
0
0
0
0
0
0
0
0
0
0
6.4452
0
0
0
0
0
0
0
0
0
0
0
-0.84332
-0.69726
-0.69726
-0.69726
-0.69726
-0.69726
0
-0.69726
0
0
0
0
0
0
0
0
0
0
0
5.0269
0
0
0
0
0
0
0
0
0
0
-1.8852
0
0
0
0
0
0
0
0
0
-1.6834
0
0
0
0
0
0
0
0
0
4.967
-1.3984
0
0
0
0
0
0
0
0
0
0
0
0
0
0
0
0
0
0
0
0
0
0
0
0
-0.53829
0
0
0
-1.3984
3.7403
0
0
0
0
0
0
-1.8036
0
0
0
0
0
0
0
0
0
0
0
0
0
0
0
0
0
0
0
0
0
0
0
2.1579
-1.0819
-1.076
0
0
0
0
0
0
0
0
0
0
0
0
0
0
0
-0.9157
0
0
0
0
0
0
0
0
0
0
0
-1.0819
1.9976
0
0
0
0
0
0
0
0
0
0
0
0
-0.88131
0
0
0
0
0
0
0
0
0
0
0
0
0
0
0
-1.076
0
1.9573
0
0
0
0
0
0
0
0
0
0
0
0
0
0
0
0
0
-6.9544
0
0
0
0
0
0
0
0
0
0
0
0
6.9544
0
0
0
0
0
0
0
0
0
0
0
0
0
0
0
0
0
-6.9544
0
0
0
0
0
0
0
0
0
0
0
0
6.9544
0
0
0
0
0
0
0
0
0
0
0
-7.8145
0
0
0
0
0
0
0
0
0
0
0
0
0
0
0
0
0
0
7.8145
0
0
0
0
0
0
0
0
0
0
0
0
0
0
0
0
0
0
0
0
0
0
0
-1.8036
0
0
0
0
0
0
1.8036
0
0
0
0
0
0
0
0
0
0
0
0
-6.9544
0
0
0
0
0
0
0
0
0
0
0
0
0
0
0
0
0
6.9544
